0 0 0
0 1 0
0 2 0
0 3 0
0 4 0
0 5 0
0 6 0
0 7 0
0 8 0
0 9 0
0 10 0
0 11 0
0 12 0
0 13 0
0 14 0
0 15 0
0 16 0
0 17 0
0 18 0
0 19 0
0 20 0
0 21 0
0 22 0
0 23 0
0 24 0
0 25 0
0 26 0
0 27 0
0 28 0
0 29 0
0 30 0
0 31 0
0 32 0
0 33 0
0 34 0
0 35 0
0 36 0
0 37 0
0 38 0
0 39 0
0 40 0
0 41 0
0 42 0
0 43 0
0 44 0
0 45 0
0 46 0
0 47 0
0 48 0
0 49 0
0 50 0
0 51 0
0 52 0
0 53 0
0 54 0
0 55 0
0 56 0
0 57 0
0 58 0
0 59 0
0 60 0
0 61 0
0 62 0
0 63 0
0 64 0
0 65 0
0 66 0
0 67 0
0 68 0
0 69 0
0 70 0
0 71 0
0 72 0
0 73 0
0 74 0
0 75 0
0 76 0
0 77 0
0 78 0
0 79 0
0 80 0
0 81 0
0 82 0
0 83 0
0 84 0
0 85 0
0 86 0
0 87 0
0 88 0
0 89 0
0 90 0
0 91 0
0 92 0
0 93 0
0 94 0
0 95 0
0 96 0
0 97 0
0 98 0
0 99 0
0 100 0

1 0 0
1 1 -0.91739
1 2 -1.95455
1 3 -3.19602
1 4 -4.75187
1 5 -6.73788
1 6 -9.29424
1 7 -12.5917
1 8 -16.8031
1 9 -22.0308
1 10 -28.5545
1 11 -36.5239
1 12 -46.089
1 13 -57.449
1 14 -70.7199
1 15 -86.0398
1 16 -103.448
1 17 -122.954
1 18 -144.521
1 19 -168.002
1 20 -193.243
1 21 -219.98
1 22 -247.911
1 23 -276.699
1 24 -305.926
1 25 -335.21
1 26 -364.099
1 27 -392.199
1 28 -419.11
1 29 -444.471
1 30 -467.994
1 31 -489.404
1 32 -508.55
1 33 -525.288
1 34 -539.602
1 35 -551.495
1 36 -561.062
1 37 -568.44
1 38 -573.812
1 39 -577.411
1 40 -579.469
1 41 -580.277
1 42 -580.073
1 43 -579.166
1 44 -577.773
1 45 -576.172
1 46 -574.535
1 47 -573.083
1 48 -571.924
1 49 -571.2
1 50 -570.938
1 51 -571.2
1 52 -571.924
1 53 -573.083
1 54 -574.535
1 55 -576.172
1 56 -577.773
1 57 -579.166
1 58 -580.073
1 59 -580.277
1 60 -579.469
1 61 -577.411
1 62 -573.812
1 63 -568.44
1 64 -561.062
1 65 -551.495
1 66 -539.602
1 67 -525.288
1 68 -508.55
1 69 -489.404
1 70 -467.994
1 71 -444.471
1 72 -419.11
1 73 -392.199
1 74 -364.099
1 75 -335.21
1 76 -305.926
1 77 -276.699
1 78 -247.911
1 79 -219.98
1 80 -193.243
1 81 -168.002
1 82 -144.521
1 83 -122.954
1 84 -103.448
1 85 -86.0398
1 86 -70.7199
1 87 -57.449
1 88 -46.089
1 89 -36.5239
1 90 -28.5545
1 91 -22.0308
1 92 -16.8031
1 93 -12.5917
1 94 -9.29424
1 95 -6.73788
1 96 -4.75187
1 97 -3.19602
1 98 -1.95455
1 99 -0.91739
1 100 0

2 0 0
2 1 -1.95455
2 2 -4.13235
2 3 -6.71555
2 4 -9.94306
2 5 -14.0955
2 6 -19.4454
2 7 -26.3056
2 8 -34.8919
2 9 -45.7182
2 10 -59.1021
2 11 -75.3681
2 12 -94.9118
2 13 -118.021
2 14 -144.951
2 15 -175.92
2 16 -211.009
2 17 -250.205
2 18 -293.398
2 19 -340.298
2 20 -390.544
2 21 -443.603
2 22 -498.854
2 23 -555.589
2 24 -613.002
2 25 -670.291
2 26 -726.599
2 27 -781.129
2 28 -833.115
2 29 -881.871
2 30 -926.832
2 31 -967.515
2 32 -1003.62
2 33 -1034.93
2 34 -1061.42
2 35 -1083.12
2 36 -1100.28
2 37 -1113.16
2 38 -1122.17
2 39 -1127.76
2 40 -1130.44
2 41 -1130.74
2 42 -1129.21
2 43 -1126.39
2 44 -1122.78
2 45 -1118.87
2 46 -1115.05
2 47 -1111.71
2 48 -1109.1
2 49 -1107.46
2 50 -1106.89
2 51 -1107.46
2 52 -1109.1
2 53 -1111.71
2 54 -1115.05
2 55 -1118.87
2 56 -1122.78
2 57 -1126.39
2 58 -1129.21
2 59 -1130.74
2 60 -1130.44
2 61 -1127.76
2 62 -1122.17
2 63 -1113.16
2 64 -1100.28
2 65 -1083.12
2 66 -1061.42
2 67 -1034.93
2 68 -1003.62
2 69 -967.515
2 70 -926.832
2 71 -881.871
2 72 -833.115
2 73 -781.129
2 74 -726.599
2 75 -670.291
2 76 -613.002
2 77 -555.589
2 78 -498.854
2 79 -443.603
2 80 -390.544
2 81 -340.298
2 82 -293.398
2 83 -250.205
2 84 -211.009
2 85 -175.92
2 86 -144.951
2 87 -118.021
2 88 -94.9118
2 89 -75.3681
2 90 -59.1021
2 91 -45.7182
2 92 -34.8919
2 93 -26.3056
2 94 -19.4454
2 95 -14.0955
2 96 -9.94306
2 97 -6.71555
2 98 -4.13235
2 99 -1.95455
2 100 0

3 0 0
3 1 -3.19602
3 2 -6.71555
3 3 -10.8988
3 4 -16.1154
3 5 -22.7633
3 6 -31.2865
3 7 -42.0665
3 8 -55.7367
3 9 -72.7054
3 10 -93.5945
3 11 -118.918
3 12 -149.142
3 13 -184.738
3 14 -226.035
3 15 -273.271
3 16 -326.54
3 17 -385.758
3 18 -450.658
3 19 -520.793
3 20 -595.507
3 21 -673.99
3 22 -755.258
3 23 -838.214
3 24 -921.674
3 25 -1004.41
3 26 -1085.2
3 27 -1162.86
3 28 -1236.32
3 29 -1304.63
3 30 -1366.99
3 31 -1422.81
3 32 -1471.67
3 33 -1513.38
3 34 -1547.92
3 35 -1575.5
3 36 -1596.45
3 37 -1611.3
3 38 -1620.64
3 39 -1625.22
3 40 -1625.79
3 41 -1623.17
3 42 -1618.19
3 43 -1611.63
3 44 -1604.24
3 45 -1596.74
3 46 -1589.71
3 47 -1583.69
3 48 -1579.08
3 49 -1576.19
3 50 -1575.21
3 51 -1576.19
3 52 -1579.08
3 53 -1583.69
3 54 -1589.71
3 55 -1596.74
3 56 -1604.24
3 57 -1611.63
3 58 -1618.19
3 59 -1623.17
3 60 -1625.79
3 61 -1625.22
3 62 -1620.64
3 63 -1611.3
3 64 -1596.45
3 65 -1575.5
3 66 -1547.92
3 67 -1513.38
3 68 -1471.67
3 69 -1422.81
3 70 -1366.99
3 71 -1304.63
3 72 -1236.32
3 73 -1162.86
3 74 -1085.2
3 75 -1004.41
3 76 -921.674
3 77 -838.214
3 78 -755.258
3 79 -673.99
3 80 -595.507
3 81 -520.793
3 82 -450.658
3 83 -385.758
3 84 -326.54
3 85 -273.271
3 86 -226.035
3 87 -184.738
3 88 -149.142
3 89 -118.918
3 90 -93.5945
3 91 -72.7054
3 92 -55.7367
3 93 -42.0665
3 94 -31.2865
3 95 -22.7633
3 96 -16.1154
3 97 -10.8988
3 98 -6.71555
3 99 -3.19602
3 100 0

4 0 0
4 1 -4.75187
4 2 -9.94306
4 3 -16.1154
4 4 -23.7665
4 5 -33.4283
4 6 -45.6321
4 7 -61.1528
4 8 -80.5794
4 9 -104.668
4 10 -134.005
4 11 -169.375
4 12 -211.368
4 13 -260.453
4 14 -317.078
4 15 -381.404
4 16 -453.462
4 17 -533.03
4 18 -619.614
4 19 -712.521
4 20 -810.764
4 21 -913.173
4 22 -1018.39
4 23 -1124.9
4 24 -1231.15
4 25 -1335.49
4 26 -1436.39
4 27 -1532.34
4 28 -1622.03
4 29 -1704.32
4 30 -1778.31
4 31 -1843.34
4 32 -1899.04
4 33 -1945.27
4 34 -1982.17
4 35 -2010.12
4 36 -2029.7
4 37 -2041.64
4 38 -2046.88
4 39 -2046.36
4 40 -2041.2
4 41 -2032.43
4 42 -2021.19
4 43 -2008.46
4 44 -1995.29
4 45 -1982.5
4 46 -1970.94
4 47 -1961.22
4 48 -1953.92
4 49 -1949.36
4 50 -1947.83
4 51 -1949.36
4 52 -1953.92
4 53 -1961.22
4 54 -1970.94
4 55 -1982.5
4 56 -1995.29
4 57 -2008.46
4 58 -2021.19
4 59 -2032.43
4 60 -2041.2
4 61 -2046.36
4 62 -2046.88
4 63 -2041.64
4 64 -2029.7
4 65 -2010.12
4 66 -1982.17
4 67 -1945.27
4 68 -1899.04
4 69 -1843.34
4 70 -1778.31
4 71 -1704.32
4 72 -1622.03
4 73 -1532.34
4 74 -1436.39
4 75 -1335.49
4 76 -1231.15
4 77 -1124.9
4 78 -1018.39
4 79 -913.173
4 80 -810.764
4 81 -712.521
4 82 -619.614
4 83 -533.03
4 84 -453.462
4 85 -381.404
4 86 -317.078
4 87 -260.453
4 88 -211.368
4 89 -169.375
4 90 -134.005
4 91 -104.668
4 92 -80.5794
4 93 -61.1528
4 94 -45.6321
4 95 -33.4283
4 96 -23.7665
4 97 -16.1154
4 98 -9.94306
4 99 -4.75187
4 100 0

5 0 0
5 1 -6.73788
5 2 -14.0955
5 3 -22.7633
5 4 -33.4283
5 5 -46.7153
5 6 -63.557
5 7 -84.6449
5 8 -110.9
5 9 -143.133
5 10 -182.23
5 11 -228.911
5 12 -283.922
5 13 -347.775
5 14 -420.794
5 15 -503.1
5 16 -594.514
5 17 -694.597
5 18 -802.555
5 19 -917.344
5 20 -1037.59
5 21 -1161.72
5 22 -1287.94
5 23 -1414.32
5 24 -1538.93
5 25 -1659.79
5 26 -1775.06
5 27 -1883.05
5 28 -1982.27
5 29 -2071.54
5 30 -2149.93
5 31 -2216.91
5 32 -2272.18
5 33 -2315.87
5 34 -2348.29
5 35 -2370.13
5 36 -2382.23
5 37 -2385.68
5 38 -2381.65
5 39 -2371.45
5 40 -2356.43
5 41 -2337.94
5 42 -2317.32
5 43 -2295.83
5 44 -2274.64
5 45 -2254.82
5 46 -2237.29
5 47 -2222.83
5 48 -2212.06
5 49 -2205.41
5 50 -2203.17
5 51 -2205.41
5 52 -2212.06
5 53 -2222.83
5 54 -2237.29
5 55 -2254.82
5 56 -2274.64
5 57 -2295.83
5 58 -2317.32
5 59 -2337.94
5 60 -2356.43
5 61 -2371.45
5 62 -2381.65
5 63 -2385.68
5 64 -2382.23
5 65 -2370.13
5 66 -2348.29
5 67 -2315.87
5 68 -2272.18
5 69 -2216.91
5 70 -2149.93
5 71 -2071.54
5 72 -1982.27
5 73 -1883.05
5 74 -1775.06
5 75 -1659.79
5 76 -1538.93
5 77 -1414.32
5 78 -1287.94
5 79 -1161.72
5 80 -1037.59
5 81 -917.344
5 82 -802.555
5 83 -694.597
5 84 -594.514
5 85 -503.1
5 86 -420.794
5 87 -347.775
5 88 -283.922
5 89 -228.911
5 90 -182.23
5 91 -143.133
5 92 -110.9
5 93 -84.6449
5 94 -63.557
5 95 -46.7153
5 96 -33.4283
5 97 -22.7633
5 98 -14.0955
5 99 -6.73788
5 100 0

6 0 0
6 1 -9.29424
6 2 -19.4454
6 3 -31.2865
6 4 -45.6321
6 5 -63.557
6 6 -85.8924
6 7 -113.732
6 8 -148.026
6 9 -189.823
6 10 -240.017
6 11 -299.52
6 12 -368.948
6 13 -448.826
6 14 -539.349
6 15 -640.396
6 16 -751.542
6 17 -871.971
6 18 -1000.53
6 19 -1135.7
6 20 -1275.68
6 21 -1418.42
6 22 -1561.69
6 23 -1703.17
6 24 -1840.57
6 25 -1971.65
6 26 -2094.37
6 27 -2206.93
6 28 -2307.86
6 29 -2396
6 30 -2470.63
6 31 -2531.35
6 32 -2578.22
6 33 -2611.6
6 34 -2632.21
6 35 -2641.04
6 36 -2639.33
6 37 -2628.46
6 38 -2609.98
6 39 -2585.48
6 40 -2556.59
6 41 -2524.91
6 42 -2491.99
6 43 -2459.26
6 44 -2428.06
6 45 -2399.58
6 46 -2374.85
6 47 -2354.71
6 48 -2339.84
6 49 -2330.72
6 50 -2327.65
6 51 -2330.72
6 52 -2339.84
6 53 -2354.71
6 54 -2374.85
6 55 -2399.58
6 56 -2428.06
6 57 -2459.26
6 58 -2491.99
6 59 -2524.91
6 60 -2556.59
6 61 -2585.48
6 62 -2609.98
6 63 -2628.46
6 64 -2639.33
6 65 -2641.04
6 66 -2632.21
6 67 -2611.6
6 68 -2578.22
6 69 -2531.35
6 70 -2470.63
6 71 -2396
6 72 -2307.86
6 73 -2206.93
6 74 -2094.37
6 75 -1971.65
6 76 -1840.57
6 77 -1703.17
6 78 -1561.69
6 79 -1418.42
6 80 -1275.68
6 81 -1135.7
6 82 -1000.53
6 83 -871.971
6 84 -751.542
6 85 -640.396
6 86 -539.349
6 87 -448.826
6 88 -368.948
6 89 -299.52
6 90 -240.017
6 91 -189.823
6 92 -148.026
6 93 -113.732
6 94 -85.8924
6 95 -63.557
6 96 -45.6321
6 97 -31.2865
6 98 -19.4454
6 99 -9.29424
6 100 0

7 0 0
7 1 -12.5917
7 2 -26.3056
7 3 -42.0665
7 4 -61.1528
7 5 -84.6449
7 6 -113.732
7 7 -149.55
7 8 -193.363
7 9 -246.185
7 10 -309.109
7 11 -382.874
7 12 -468.175
7 13 -565.305
7 14 -674.213
7 15 -794.508
7 16 -925.326
7 17 -1065.4
7 18 -1213.09
7 19 -1366.36
7 20 -1522.89
7 21 -1680.15
7 22 -1835.46
7 23 -1986.18
7 24 -2129.7
7 25 -2263.66
7 26 -2385.91
7 27 -2494.72
7 28 -2588.73
7 29 -2667.04
7 30 -2729.2
7 31 -2775.2
7 32 -2805.49
7 33 -2820.85
7 34 -2822.44
7 35 -2811.67
7 36 -2790.14
7 37 -2759.67
7 38 -2722.07
7 39 -2679.26
7 40 -2633.08
7 41 -2585.37
7 42 -2537.79
7 43 -2491.96
7 44 -2449.26
7 45 -2410.99
7 46 -2378.17
7 47 -2351.75
7 48 -2332.35
7 49 -2320.54
7 50 -2316.55
7 51 -2320.54
7 52 -2332.35
7 53 -2351.75
7 54 -2378.17
7 55 -2410.99
7 56 -2449.26
7 57 -2491.96
7 58 -2537.79
7 59 -2585.37
7 60 -2633.08
7 61 -2679.26
7 62 -2722.07
7 63 -2759.67
7 64 -2790.14
7 65 -2811.67
7 66 -2822.44
7 67 -2820.85
7 68 -2805.49
7 69 -2775.2
7 70 -2729.2
7 71 -2667.04
7 72 -2588.73
7 73 -2494.72
7 74 -2385.91
7 75 -2263.66
7 76 -2129.7
7 77 -1986.18
7 78 -1835.46
7 79 -1680.15
7 80 -1522.89
7 81 -1366.36
7 82 -1213.09
7 83 -1065.4
7 84 -925.326
7 85 -794.508
7 86 -674.213
7 87 -565.305
7 88 -468.175
7 89 -382.874
7 90 -309.109
7 91 -246.185
7 92 -193.363
7 93 -149.55
7 94 -113.732
7 95 -84.6449
7 96 -61.1528
7 97 -42.0665
7 98 -26.3056
7 99 -12.5917
7 100 0

8 0 0
8 1 -16.803
8 2 -34.8919
8 3 -55.7367
8 4 -80.5794
8 5 -110.9
8 6 -148.026
8 7 -193.363
8 8 -248.151
8 9 -313.655
8 10 -390.814
8 11 -480.44
8 12 -582.864
8 13 -698.241
8 14 -826.12
8 15 -965.631
8 16 -1115.45
8 17 -1273.72
8 18 -1438.22
8 19 -1606.35
8 20 -1775.23
8 21 -1941.87
8 22 -2103.2
8 23 -2256.27
8 24 -2398.35
8 25 -2526.99
8 26 -2640.21
8 27 -2736.4
8 28 -2814.59
8 29 -2874.23
8 30 -2915.36
8 31 -2938.46
8 32 -2944.5
8 33 -2934.79
8 34 -2910.97
8 35 -2874.91
8 36 -2828.65
8 37 -2774.32
8 38 -2714.08
8 39 -2650.05
8 40 -2584.29
8 41 -2518.73
8 42 -2455.16
8 43 -2395.22
8 44 -2340.36
8 45 -2291.81
8 46 -2250.66
8 47 -2217.76
8 48 -2193.78
8 49 -2179.21
8 50 -2174.31
8 51 -2179.21
8 52 -2193.78
8 53 -2217.76
8 54 -2250.66
8 55 -2291.81
8 56 -2340.36
8 57 -2395.22
8 58 -2455.16
8 59 -2518.73
8 60 -2584.29
8 61 -2650.05
8 62 -2714.08
8 63 -2774.32
8 64 -2828.65
8 65 -2874.91
8 66 -2910.97
8 67 -2934.79
8 68 -2944.5
8 69 -2938.46
8 70 -2915.36
8 71 -2874.23
8 72 -2814.59
8 73 -2736.4
8 74 -2640.21
8 75 -2526.99
8 76 -2398.35
8 77 -2256.27
8 78 -2103.2
8 79 -1941.87
8 80 -1775.23
8 81 -1606.35
8 82 -1438.22
8 83 -1273.72
8 84 -1115.45
8 85 -965.631
8 86 -826.12
8 87 -698.241
8 88 -582.864
8 89 -480.44
8 90 -390.814
8 91 -313.655
8 92 -248.151
8 93 -193.363
8 94 -148.026
8 95 -110.9
8 96 -80.5794
8 97 -55.7367
8 98 -34.8919
8 99 -16.803
8 100 0

9 0 0
9 1 -22.0308
9 2 -45.7182
9 3 -72.7054
9 4 -104.668
9 5 -143.133
9 6 -189.823
9 7 -246.185
9 8 -313.655
9 9 -393.391
9 10 -486.366
9 11 -593.076
9 12 -713.75
9 13 -847.908
9 14 -994.781
9 15 -1152.88
9 16 -1320.22
9 17 -1494.36
9 18 -1672.37
9 19 -1851.07
9 20 -2027.06
9 21 -2196.9
9 22 -2357.23
9 23 -2504.95
9 24 -2637.29
9 25 -2751.99
9 26 -2847.28
9 27 -2922.04
9 28 -2975.71
9 29 -3008.36
9 30 -3020.6
9 31 -3013.59
9 32 -2988.84
9 33 -2948.31
9 34 -2894.12
9 35 -2828.63
9 36 -2754.24
9 37 -2673.43
9 38 -2588.56
9 39 -2501.94
9 40 -2415.71
9 41 -2331.87
9 42 -2252.19
9 43 -2178.29
9 44 -2111.54
9 45 -2053.12
9 46 -2004.02
9 47 -1965.03
9 48 -1936.76
9 49 -1919.63
9 50 -1913.89
9 51 -1919.63
9 52 -1936.76
9 53 -1965.03
9 54 -2004.02
9 55 -2053.12
9 56 -2111.54
9 57 -2178.29
9 58 -2252.19
9 59 -2331.87
9 60 -2415.71
9 61 -2501.94
9 62 -2588.56
9 63 -2673.43
9 64 -2754.24
9 65 -2828.63
9 66 -2894.12
9 67 -2948.31
9 68 -2988.84
9 69 -3013.59
9 70 -3020.6
9 71 -3008.36
9 72 -2975.71
9 73 -2922.04
9 74 -2847.28
9 75 -2751.99
9 76 -2637.29
9 77 -2504.95
9 78 -2357.23
9 79 -2196.9
9 80 -2027.06
9 81 -1851.07
9 82 -1672.37
9 83 -1494.36
9 84 -1320.22
9 85 -1152.88
9 86 -994.781
9 87 -847.908
9 88 -713.75
9 89 -593.076
9 90 -486.366
9 91 -393.391
9 92 -313.655
9 93 -246.185
9 94 -189.823
9 95 -143.133
9 96 -104.668
9 97 -72.7054
9 98 -45.7182
9 99 -22.0308
9 100 0

10 0 0
10 1 -28.5545
10 2 -59.1021
10 3 -93.5945
10 4 -134.005
10 5 -182.23
10 6 -240.017
10 7 -309.109
10 8 -390.814
10 9 -486.366
10 10 -596.439
10 11 -721.335
10 12 -860.731
10 13 -1013.81
10 14 -1178.97
10 15 -1354.18
10 16 -1536.69
10 17 -1723.32
10 18 -1910.5
10 19 -2094.42
10 20 -2271.27
10 21 -2437.2
10 22 -2588.78
10 23 -2722.85
10 24 -2836.87
10 25 -2928.9
10 26 -2997.66
10 27 -3042.62
10 28 -3063.89
10 29 -3062.28
10 30 -3039.13
10 31 -2996.28
10 32 -2935.96
10 33 -2860.66
10 34 -2773.09
10 35 -2675.96
10 36 -2572.06
10 37 -2464.03
10 38 -2354.44
10 39 -2245.6
10 40 -2139.71
10 41 -2038.63
10 42 -1944.11
10 43 -1857.56
10 44 -1780.27
10 45 -1713.23
10 46 -1657.32
10 47 -1613.17
10 48 -1581.29
10 49 -1562.03
10 50 -1555.59
10 51 -1562.03
10 52 -1581.29
10 53 -1613.17
10 54 -1657.32
10 55 -1713.23
10 56 -1780.27
10 57 -1857.56
10 58 -1944.11
10 59 -2038.63
10 60 -2139.71
10 61 -2245.6
10 62 -2354.44
10 63 -2464.03
10 64 -2572.06
10 65 -2675.96
10 66 -2773.09
10 67 -2860.66
10 68 -2935.96
10 69 -2996.28
10 70 -3039.13
10 71 -3062.28
10 72 -3063.89
10 73 -3042.62
10 74 -2997.66
10 75 -2928.9
10 76 -2836.87
10 77 -2722.85
10 78 -2588.78
10 79 -2437.2
10 80 -2271.27
10 81 -2094.42
10 82 -1910.5
10 83 -1723.32
10 84 -1536.69
10 85 -1354.18
10 86 -1178.97
10 87 -1013.81
10 88 -860.731
10 89 -721.335
10 90 -596.439
10 91 -486.366
10 92 -390.814
10 93 -309.109
10 94 -240.017
10 95 -182.23
10 96 -134.005
10 97 -93.5945
10 98 -59.1021
10 99 -28.5545
10 100 0

11 0 0
11 1 -36.5239
11 2 -75.3682
11 3 -118.918
11 4 -169.375
11 5 -228.911
11 6 -299.52
11 7 -382.874
11 8 -480.44
11 9 -593.076
11 10 -721.335
11 11 -864.979
11 12 -1023.22
11 13 -1194.43
11 14 -1376.47
11 15 -1566.34
11 16 -1760.61
11 17 -1955.34
11 18 -2146.29
11 19 -2329.16
11 20 -2499.71
11 21 -2654.03
11 22 -2788.6
11 23 -2900.56
11 24 -2987.75
11 25 -3048.8
11 26 -3083.12
11 27 -3090.99
11 28 -3073.33
11 29 -3031.81
11 30 -2968.57
11 31 -2886.22
11 32 -2787.65
11 33 -2675.92
11 34 -2554.17
11 35 -2425.48
11 36 -2292.82
11 37 -2158.98
11 38 -2026.5
11 39 -1897.67
11 40 -1774.52
11 41 -1658.78
11 42 -1551.95
11 43 -1455.27
11 44 -1369.72
11 45 -1296.15
11 46 -1235.18
11 47 -1187.3
11 48 -1152.86
11 49 -1132.11
11 50 -1125.17
11 51 -1132.11
11 52 -1152.86
11 53 -1187.3
11 54 -1235.18
11 55 -1296.15
11 56 -1369.72
11 57 -1455.27
11 58 -1551.95
11 59 -1658.78
11 60 -1774.52
11 61 -1897.67
11 62 -2026.5
11 63 -2158.98
11 64 -2292.82
11 65 -2425.48
11 66 -2554.17
11 67 -2675.92
11 68 -2787.65
11 69 -2886.22
11 70 -2968.57
11 71 -3031.81
11 72 -3073.33
11 73 -3090.99
11 74 -3083.12
11 75 -3048.8
11 76 -2987.75
11 77 -2900.56
11 78 -2788.6
11 79 -2654.03
11 80 -2499.71
11 81 -2329.16
11 82 -2146.29
11 83 -1955.34
11 84 -1760.61
11 85 -1566.34
11 86 -1376.47
11 87 -1194.43
11 88 -1023.22
11 89 -864.979
11 90 -721.335
11 91 -593.076
11 92 -480.44
11 93 -382.874
11 94 -299.52
11 95 -228.911
11 96 -169.375
11 97 -118.918
11 98 -75.3682
11 99 -36.5239
11 100 0

12 0 0
12 1 -46.089
12 2 -94.9118
12 3 -149.142
12 4 -211.368
12 5 -283.922
12 6 -368.948
12 7 -468.175
12 8 -582.864
12 9 -713.749
12 10 -860.731
12 11 -1023.22
12 12 -1199.57
12 13 -1387.54
12 14 -1583.95
12 15 -1785.12
12 16 -1986.74
12 17 -2184.14
12 18 -2372.55
12 19 -2547.25
12 20 -2703.81
12 21 -2838.35
12 22 -2947.62
12 23 -3029.24
12 24 -3081.68
12 25 -3104.36
12 26 -3097.65
12 27 -3062.69
12 28 -3001.43
12 29 -2916.41
12 30 -2810.65
12 31 -2687.48
12 32 -2550.41
12 33 -2402.98
12 34 -2248.66
12 35 -2090.74
12 36 -1932.27
12 37 -1775.99
12 38 -1624.32
12 39 -1479.37
12 40 -1342.88
12 41 -1216.33
12 42 -1100.88
12 43 -997.456
12 44 -906.776
12 45 -829.366
12 46 -765.618
12 47 -715.805
12 48 -680.112
12 49 -658.651
12 50 -651.495
12 51 -658.651
12 52 -680.112
12 53 -715.805
12 54 -765.618
12 55 -829.366
12 56 -906.776
12 57 -997.456
12 58 -1100.88
12 59 -1216.33
12 60 -1342.88
12 61 -1479.37
12 62 -1624.32
12 63 -1775.99
12 64 -1932.27
12 65 -2090.74
12 66 -2248.66
12 67 -2402.98
12 68 -2550.41
12 69 -2687.48
12 70 -2810.65
12 71 -2916.41
12 72 -3001.43
12 73 -3062.69
12 74 -3097.65
12 75 -3104.36
12 76 -3081.68
12 77 -3029.24
12 78 -2947.62
12 79 -2838.35
12 80 -2703.81
12 81 -2547.25
12 82 -2372.55
12 83 -2184.14
12 84 -1986.74
12 85 -1785.12
12 86 -1583.95
12 87 -1387.54
12 88 -1199.57
12 89 -1023.22
12 90 -860.731
12 91 -713.749
12 92 -582.864
12 93 -468.175
12 94 -368.948
12 95 -283.922
12 96 -211.368
12 97 -149.142
12 98 -94.9118
12 99 -46.089
12 100 0

13 0 0
13 1 -57.449
13 2 -118.021
13 3 -184.738
13 4 -260.453
13 5 -347.775
13 6 -448.826
13 7 -565.305
13 8 -698.241
13 9 -847.908
13 10 -1013.81
13 11 -1194.43
13 12 -1387.54
13 13 -1589.79
13 14 -1797.32
13 15 -2005.36
13 16 -2208.94
13 17 -2402.75
13 18 -2581.54
13 19 -2740.43
13 20 -2875.01
13 21 -2981.67
13 22 -3057.72
13 23 -3101.48
13 24 -3112.35
13 25 -3090.73
13 26 -3038.06
13 27 -2956.56
13 28 -2849.23
13 29 -2719.51
13 30 -2571.25
13 31 -2408.45
13 32 -2235.1
13 33 -2055.12
13 34 -1872.1
13 35 -1689.43
13 36 -1510.02
13 37 -1336.45
13 38 -1170.85
13 39 -1014.98
13 40 -870.227
13 41 -737.658
13 42 -618.057
13 43 -511.964
13 44 -419.742
13 45 -341.594
13 46 -277.645
13 47 -227.912
13 48 -192.419
13 49 -171.126
13 50 -164.037
13 51 -171.126
13 52 -192.419
13 53 -227.912
13 54 -277.645
13 55 -341.594
13 56 -419.742
13 57 -511.964
13 58 -618.057
13 59 -737.658
13 60 -870.227
13 61 -1014.98
13 62 -1170.85
13 63 -1336.45
13 64 -1510.02
13 65 -1689.43
13 66 -1872.1
13 67 -2055.12
13 68 -2235.1
13 69 -2408.45
13 70 -2571.25
13 71 -2719.51
13 72 -2849.23
13 73 -2956.56
13 74 -3038.06
13 75 -3090.73
13 76 -3112.35
13 77 -3101.48
13 78 -3057.72
13 79 -2981.67
13 80 -2875.01
13 81 -2740.43
13 82 -2581.54
13 83 -2402.75
13 84 -2208.94
13 85 -2005.36
13 86 -1797.32
13 87 -1589.79
13 88 -1387.54
13 89 -1194.43
13 90 -1013.81
13 91 -847.908
13 92 -698.241
13 93 -565.305
13 94 -448.826
13 95 -347.775
13 96 -260.453
13 97 -184.738
13 98 -118.021
13 99 -57.449
13 100 0

14 0 0
14 1 -70.7199
14 2 -144.951
14 3 -226.035
14 4 -317.078
14 5 -420.794
14 6 -539.349
14 7 -674.213
14 8 -826.12
14 9 -994.78
14 10 -1178.97
14 11 -1376.47
14 12 -1583.95
14 13 -1797.32
14 14 -2011.53
14 15 -2221.24
14 16 -2420.56
14 17 -2603.82
14 18 -2765.52
14 19 -2900.75
14 20 -3005.48
14 21 -3076.64
14 22 -3112.36
14 23 -3111.95
14 24 -3075.92
14 25 -3005.9
14 26 -2904.46
14 27 -2775.03
14 28 -2621.58
14 29 -2448.48
14 30 -2260.26
14 31 -2061.46
14 32 -1856.41
14 33 -1649.16
14 34 -1443.35
14 35 -1242.15
14 36 -1048.24
14 37 -863.817
14 38 -690.618
14 39 -529.92
14 40 -382.66
14 41 -249.405
14 42 -130.512
14 43 -26.0737
14 44 63.9062
14 45 139.585
14 46 201.11
14 47 248.716
14 48 282.553
14 49 302.804
14 50 309.533
14 51 302.804
14 52 282.553
14 53 248.716
14 54 201.11
14 55 139.585
14 56 63.9062
14 57 -26.0737
14 58 -130.512
14 59 -249.405
14 60 -382.66
14 61 -529.92
14 62 -690.618
14 63 -863.817
14 64 -1048.24
14 65 -1242.15
14 66 -1443.35
14 67 -1649.16
14 68 -1856.41
14 69 -2061.46
14 70 -2260.26
14 71 -2448.48
14 72 -2621.58
14 73 -2775.03
14 74 -2904.46
14 75 -3005.9
14 76 -3075.92
14 77 -3111.95
14 78 -3112.36
14 79 -3076.64
14 80 -3005.48
14 81 -2900.75
14 82 -2765.52
14 83 -2603.82
14 84 -2420.56
14 85 -2221.24
14 86 -2011.53
14 87 -1797.32
14 88 -1583.95
14 89 -1376.47
14 90 -1178.97
14 91 -994.78
14 92 -826.12
14 93 -674.213
14 94 -539.349
14 95 -420.794
14 96 -317.078
14 97 -226.035
14 98 -144.951
14 99 -70.7199
14 100 0

15 0 0
15 1 -86.0398
15 2 -175.92
15 3 -273.271
15 4 -381.404
15 5 -503.1
15 6 -640.396
15 7 -794.508
15 8 -965.631
15 9 -1152.88
15 10 -1354.19
15 11 -1566.34
15 12 -1785.12
15 13 -2005.36
15 14 -2221.24
15 15 -2426.45
15 16 -2614.81
15 17 -2780.15
15 18 -2917.12
15 19 -3021.09
15 20 -3088.64
15 21 -3117.59
15 22 -3107.14
15 23 -3057.85
15 24 -2971.54
15 25 -2851.14
15 26 -2700.5
15 27 -2524.15
15 28 -2327.04
15 29 -2114.28
15 30 -1891
15 31 -1662
15 32 -1431.8
15 33 -1204.35
15 34 -983.102
15 35 -770.851
15 36 -569.857
15 37 -381.807
15 38 -207.869
15 39 -48.8063
15 40 95.0411
15 41 223.57
15 42 336.97
15 43 435.514
15 44 519.661
15 45 589.815
15 46 646.493
15 47 690.058
15 48 720.929
15 49 739.313
15 50 745.443
15 51 739.313
15 52 720.929
15 53 690.058
15 54 646.493
15 55 589.815
15 56 519.661
15 57 435.514
15 58 336.97
15 59 223.57
15 60 95.0411
15 61 -48.8063
15 62 -207.869
15 63 -381.807
15 64 -569.857
15 65 -770.851
15 66 -983.102
15 67 -1204.35
15 68 -1431.8
15 69 -1662
15 70 -1891
15 71 -2114.28
15 72 -2327.04
15 73 -2524.15
15 74 -2700.5
15 75 -2851.14
15 76 -2971.54
15 77 -3057.85
15 78 -3107.14
15 79 -3117.59
15 80 -3088.64
15 81 -3021.09
15 82 -2917.12
15 83 -2780.15
15 84 -2614.81
15 85 -2426.45
15 86 -2221.24
15 87 -2005.36
15 88 -1785.12
15 89 -1566.34
15 90 -1354.19
15 91 -1152.88
15 92 -965.631
15 93 -794.508
15 94 -640.396
15 95 -503.1
15 96 -381.404
15 97 -273.271
15 98 -175.92
15 99 -86.0398
15 100 0

16 0 0
16 1 -103.448
16 2 -211.009
16 3 -326.54
16 4 -453.462
16 5 -594.514
16 6 -751.542
16 7 -925.326
16 8 -1115.45
16 9 -1320.22
16 10 -1536.69
16 11 -1760.61
16 12 -1986.74
16 13 -2208.94
16 14 -2420.56
16 15 -2614.81
16 16 -2784.95
16 17 -2925.05
16 18 -3029.89
16 19 -3095.6
16 20 -3119.61
16 21 -3100.97
16 22 -3040.18
16 23 -2939.25
16 24 -2801.42
16 25 -2631.02
16 26 -2433.11
16 27 -2213.26
16 28 -1977.25
16 29 -1730.76
16 30 -1479.24
16 31 -1227.62
16 32 -980.283
16 33 -740.905
16 34 -512.478
16 35 -297.309
16 36 -97.0288
16 37 87.2882
16 38 255.115
16 39 406.311
16 40 541.105
16 41 659.946
16 42 763.469
16 43 852.414
16 44 927.538
16 45 989.617
16 46 1039.34
16 47 1077.33
16 48 1104.09
16 49 1120
16 50 1125.27
16 51 1120
16 52 1104.09
16 53 1077.33
16 54 1039.34
16 55 989.617
16 56 927.538
16 57 852.414
16 58 763.469
16 59 659.946
16 60 541.105
16 61 406.311
16 62 255.115
16 63 87.2882
16 64 -97.0288
16 65 -297.309
16 66 -512.478
16 67 -740.905
16 68 -980.283
16 69 -1227.62
16 70 -1479.24
16 71 -1730.76
16 72 -1977.25
16 73 -2213.26
16 74 -2433.11
16 75 -2631.02
16 76 -2801.42
16 77 -2939.25
16 78 -3040.18
16 79 -3100.97
16 80 -3119.61
16 81 -3095.6
16 82 -3029.89
16 83 -2925.05
16 84 -2784.95
16 85 -2614.81
16 86 -2420.56
16 87 -2208.94
16 88 -1986.74
16 89 -1760.61
16 90 -1536.69
16 91 -1320.22
16 92 -1115.45
16 93 -925.326
16 94 -751.542
16 95 -594.514
16 96 -453.462
16 97 -326.54
16 98 -211.009
16 99 -103.448
16 100 0

17 0 0
17 1 -122.954
17 2 -250.205
17 3 -385.758
17 4 -533.03
17 5 -694.597
17 6 -871.971
17 7 -1065.4
17 8 -1273.72
17 9 -1494.36
17 10 -1723.32
17 11 -1955.34
17 12 -2184.14
17 13 -2402.75
17 14 -2603.82
17 15 -2780.15
17 16 -2925.05
17 17 -3032.72
17 18 -3098.76
17 19 -3120.13
17 20 -3095.63
17 21 -3025.63
17 22 -2912.28
17 23 -2759.07
17 24 -2570.79
17 25 -2353.04
17 26 -2112.09
17 27 -1854.34
17 28 -1586.18
17 29 -1313.65
17 30 -1042.24
17 31 -776.732
17 32 -521.133
17 33 -278.62
17 34 -51.567
17 35 158.423
17 36 350.419
17 37 524.075
17 38 679.542
17 39 817.31
17 40 938.2
17 41 1043.14
17 42 1133.25
17 43 1209.59
17 44 1273.28
17 45 1325.28
17 46 1366.55
17 47 1397.79
17 48 1419.68
17 49 1432.62
17 50 1436.91
17 51 1432.62
17 52 1419.68
17 53 1397.79
17 54 1366.55
17 55 1325.28
17 56 1273.28
17 57 1209.59
17 58 1133.25
17 59 1043.14
17 60 938.2
17 61 817.31
17 62 679.542
17 63 524.075
17 64 350.419
17 65 158.423
17 66 -51.567
17 67 -278.62
17 68 -521.133
17 69 -776.732
17 70 -1042.24
17 71 -1313.65
17 72 -1586.18
17 73 -1854.34
17 74 -2112.09
17 75 -2353.04
17 76 -2570.79
17 77 -2759.07
17 78 -2912.28
17 79 -3025.63
17 80 -3095.63
17 81 -3120.13
17 82 -3098.76
17 83 -3032.72
17 84 -2925.05
17 85 -2780.15
17 86 -2603.82
17 87 -2402.75
17 88 -2184.14
17 89 -1955.34
17 90 -1723.32
17 91 -1494.36
17 92 -1273.72
17 93 -1065.4
17 94 -871.971
17 95 -694.597
17 96 -533.03
17 97 -385.758
17 98 -250.205
17 99 -122.954
17 100 0

18 0 0
18 1 -144.52
18 2 -293.398
18 3 -450.658
18 4 -619.614
18 5 -802.555
18 6 -1000.53
18 7 -1213.09
18 8 -1438.22
18 9 -1672.37
18 10 -1910.5
18 11 -2146.29
18 12 -2372.55
18 13 -2581.54
18 14 -2765.52
18 15 -2917.12
18 16 -3029.89
18 17 -3098.76
18 18 -3120.19
18 19 -3092.58
18 20 -3016.15
18 21 -2893
18 22 -2726.88
18 23 -2522.99
18 24 -2287.46
18 25 -2027.25
18 26 -1749.44
18 27 -1461.2
18 28 -1169.17
18 29 -879.489
18 30 -597.39
18 31 -327.261
18 32 -72.4961
18 33 164.449
18 34 381.959
18 35 579.275
18 36 756.199
18 37 913.214
18 38 1051.06
18 39 1170.95
18 40 1274.13
18 41 1362.09
18 42 1436.2
18 43 1497.93
18 44 1548.55
18 45 1589.3
18 46 1621.15
18 47 1645.03
18 48 1661.58
18 49 1671.32
18 50 1674.53
18 51 1671.32
18 52 1661.58
18 53 1645.03
18 54 1621.15
18 55 1589.3
18 56 1548.55
18 57 1497.93
18 58 1436.2
18 59 1362.09
18 60 1274.13
18 61 1170.95
18 62 1051.06
18 63 913.214
18 64 756.199
18 65 579.275
18 66 381.959
18 67 164.449
18 68 -72.4961
18 69 -327.261
18 70 -597.39
18 71 -879.489
18 72 -1169.17
18 73 -1461.2
18 74 -1749.44
18 75 -2027.25
18 76 -2287.46
18 77 -2522.99
18 78 -2726.88
18 79 -2893
18 80 -3016.15
18 81 -3092.58
18 82 -3120.19
18 83 -3098.76
18 84 -3029.89
18 85 -2917.12
18 86 -2765.52
18 87 -2581.54
18 88 -2372.55
18 89 -2146.29
18 90 -1910.5
18 91 -1672.37
18 92 -1438.22
18 93 -1213.09
18 94 -1000.53
18 95 -802.555
18 96 -619.614
18 97 -450.658
18 98 -293.398
18 99 -144.52
18 100 0

19 0 0
19 1 -168.002
19 2 -340.298
19 3 -520.793
19 4 -712.521
19 5 -917.344
19 6 -1135.7
19 7 -1366.36
19 8 -1606.35
19 9 -1851.07
19 10 -2094.43
19 11 -2329.16
19 12 -2547.25
19 13 -2740.43
19 14 -2900.75
19 15 -3021.09
19 16 -3095.6
19 17 -3120.13
19 18 -3092.58
19 19 -3012.86
19 20 -2882.98
19 21 -2706.82
19 22 -2489.89
19 23 -2238.91
19 24 -1961.45
19 25 -1665.37
19 26 -1358.58
19 27 -1048.47
19 28 -741.842
19 29 -444.457
19 30 -161.153
19 31 104.446
19 32 349.703
19 33 573.054
19 34 773.799
19 35 951.995
19 36 1108.35
19 37 1243.96
19 38 1360.36
19 39 1459.16
19 40 1542.2
19 41 1611.21
19 42 1667.96
19 43 1714.03
19 44 1750.93
19 45 1779.91
19 46 1802.11
19 47 1818.43
19 48 1829.59
19 49 1836.07
19 50 1838.21
19 51 1836.07
19 52 1829.59
19 53 1818.43
19 54 1802.11
19 55 1779.91
19 56 1750.93
19 57 1714.03
19 58 1667.96
19 59 1611.21
19 60 1542.2
19 61 1459.16
19 62 1360.36
19 63 1243.96
19 64 1108.35
19 65 951.995
19 66 773.799
19 67 573.054
19 68 349.703
19 69 104.446
19 70 -161.153
19 71 -444.457
19 72 -741.842
19 73 -1048.47
19 74 -1358.58
19 75 -1665.37
19 76 -1961.45
19 77 -2238.91
19 78 -2489.89
19 79 -2706.82
19 80 -2882.98
19 81 -3012.86
19 82 -3092.58
19 83 -3120.13
19 84 -3095.6
19 85 -3021.09
19 86 -2900.75
19 87 -2740.43
19 88 -2547.25
19 89 -2329.16
19 90 -2094.43
19 91 -1851.07
19 92 -1606.35
19 93 -1366.36
19 94 -1135.7
19 95 -917.344
19 96 -712.521
19 97 -520.793
19 98 -340.298
19 99 -168.002
19 100 0

20 0 0
20 1 -193.243
20 2 -390.544
20 3 -595.507
20 4 -810.764
20 5 -1037.59
20 6 -1275.68
20 7 -1522.89
20 8 -1775.23
20 9 -2027.06
20 10 -2271.27
20 11 -2499.71
20 12 -2703.81
20 13 -2875.01
20 14 -3005.48
20 15 -3088.64
20 16 -3119.6
20 17 -3095.63
20 18 -3016.15
20 19 -2882.98
20 20 -2700.01
20 21 -2472.97
20 22 -2209.13
20 23 -1916.6
20 24 -1604.09
20 25 -1280.25
20 26 -953.312
20 27 -630.799
20 28 -319.088
20 29 -23.5229
20 30 251.966
20 31 504.526
20 32 732.593
20 33 935.522
20 34 1113.59
20 35 1267.75
20 36 1399.46
20 37 1510.55
20 38 1603.04
20 39 1679.09
20 40 1740.8
20 41 1790.24
20 42 1829.28
20 43 1859.69
20 44 1882.98
20 45 1900.48
20 46 1913.31
20 47 1922.37
20 48 1928.35
20 49 1931.75
20 50 1932.85
20 51 1931.75
20 52 1928.35
20 53 1922.37
20 54 1913.31
20 55 1900.48
20 56 1882.98
20 57 1859.69
20 58 1829.28
20 59 1790.24
20 60 1740.8
20 61 1679.09
20 62 1603.04
20 63 1510.55
20 64 1399.46
20 65 1267.75
20 66 1113.59
20 67 935.522
20 68 732.593
20 69 504.526
20 70 251.966
20 71 -23.5229
20 72 -319.088
20 73 -630.799
20 74 -953.312
20 75 -1280.25
20 76 -1604.09
20 77 -1916.6
20 78 -2209.13
20 79 -2472.97
20 80 -2700.01
20 81 -2882.98
20 82 -3016.15
20 83 -3095.63
20 84 -3119.6
20 85 -3088.64
20 86 -3005.48
20 87 -2875.01
20 88 -2703.81
20 89 -2499.71
20 90 -2271.27
20 91 -2027.06
20 92 -1775.23
20 93 -1522.89
20 94 -1275.68
20 95 -1037.59
20 96 -810.764
20 97 -595.507
20 98 -390.544
20 99 -193.243
20 100 0

21 0 0
21 1 -219.98
21 2 -443.603
21 3 -673.99
21 4 -913.173
21 5 -1161.72
21 6 -1418.42
21 7 -1680.15
21 8 -1941.87
21 9 -2196.9
21 10 -2437.2
21 11 -2654.03
21 12 -2838.35
21 13 -2981.67
21 14 -3076.65
21 15 -3117.59
21 16 -3100.97
21 17 -3025.63
21 18 -2893
21 19 -2706.82
21 20 -2472.97
21 21 -2199.1
21 22 -1893.91
21 23 -1566.86
21 24 -1227.45
21 25 -884.781
21 26 -547.156
21 27 -221.718
21 28 85.6738
21 29 370.62
21 30 630.079
21 31 862.344
21 32 1066.88
21 33 1244.09
21 34 1395.21
21 35 1522.02
21 36 1626.68
21 37 1711.65
21 38 1779.34
21 39 1832.31
21 40 1872.82
21 41 1903.13
21 42 1925.16
21 43 1940.74
21 44 1951.29
21 45 1958.18
21 46 1962.41
21 47 1964.88
21 48 1966.16
21 49 1966.78
21 50 1966.94
21 51 1966.78
21 52 1966.16
21 53 1964.88
21 54 1962.41
21 55 1958.18
21 56 1951.29
21 57 1940.74
21 58 1925.16
21 59 1903.13
21 60 1872.82
21 61 1832.31
21 62 1779.34
21 63 1711.65
21 64 1626.68
21 65 1522.02
21 66 1395.21
21 67 1244.09
21 68 1066.88
21 69 862.344
21 70 630.079
21 71 370.62
21 72 85.6738
21 73 -221.718
21 74 -547.156
21 75 -884.781
21 76 -1227.45
21 77 -1566.86
21 78 -1893.91
21 79 -2199.1
21 80 -2472.97
21 81 -2706.82
21 82 -2893
21 83 -3025.63
21 84 -3100.97
21 85 -3117.59
21 86 -3076.65
21 87 -2981.67
21 88 -2838.35
21 89 -2654.03
21 90 -2437.2
21 91 -2196.9
21 92 -1941.87
21 93 -1680.15
21 94 -1418.42
21 95 -1161.72
21 96 -913.173
21 97 -673.99
21 98 -443.603
21 99 -219.98
21 100 0

22 0 0
22 1 -247.911
22 2 -498.855
22 3 -755.258
22 4 -1018.39
22 5 -1287.94
22 6 -1561.69
22 7 -1835.46
22 8 -2103.2
22 9 -2357.23
22 10 -2588.78
22 11 -2788.6
22 12 -2947.63
22 13 -3057.72
22 14 -3112.36
22 15 -3107.14
22 16 -3040.18
22 17 -2912.28
22 18 -2726.88
22 19 -2489.89
22 20 -2209.13
22 21 -1893.91
22 22 -1554.38
22 23 -1200.88
22 24 -843.467
22 25 -491.293
22 26 -152.356
22 27 166.846
22 28 461.369
22 29 727.878
22 30 964.474
22 31 1170.66
22 32 1346.96
22 33 1494.86
22 34 1616.46
22 35 1714.28
22 36 1791.15
22 37 1849.85
22 38 1893.27
22 39 1924
22 40 1944.57
22 41 1957.14
22 42 1963.7
22 43 1965.9
22 44 1965.2
22 45 1962.75
22 46 1959.54
22 47 1956.29
22 48 1953.6
22 49 1951.82
22 50 1951.2
22 51 1951.82
22 52 1953.6
22 53 1956.29
22 54 1959.54
22 55 1962.75
22 56 1965.2
22 57 1965.9
22 58 1963.7
22 59 1957.14
22 60 1944.57
22 61 1924
22 62 1893.27
22 63 1849.85
22 64 1791.15
22 65 1714.28
22 66 1616.46
22 67 1494.86
22 68 1346.96
22 69 1170.66
22 70 964.474
22 71 727.878
22 72 461.369
22 73 166.846
22 74 -152.356
22 75 -491.293
22 76 -843.467
22 77 -1200.88
22 78 -1554.38
22 79 -1893.91
22 80 -2209.13
22 81 -2489.89
22 82 -2726.88
22 83 -2912.28
22 84 -3040.18
22 85 -3107.14
22 86 -3112.36
22 87 -3057.72
22 88 -2947.63
22 89 -2788.6
22 90 -2588.78
22 91 -2357.23
22 92 -2103.2
22 93 -1835.46
22 94 -1561.69
22 95 -1287.94
22 96 -1018.39
22 97 -755.258
22 98 -498.855
22 99 -247.911
22 100 0

23 0 0
23 1 -276.699
23 2 -555.59
23 3 -838.214
23 4 -1124.9
23 5 -1414.32
23 6 -1703.17
23 7 -1986.19
23 8 -2256.27
23 9 -2504.95
23 10 -2722.85
23 11 -2900.56
23 12 -3029.24
23 13 -3101.48
23 14 -3111.95
23 15 -3057.85
23 16 -2939.25
23 17 -2759.07
23 18 -2522.99
23 19 -2238.91
23 20 -1916.6
23 21 -1566.86
23 22 -1200.88
23 23 -829.664
23 24 -463.357
23 25 -110.848
23 26 220.543
23 27 525.253
23 28 799.528
23 29 1041.18
23 30 1249.71
23 31 1425.67
23 32 1570.82
23 33 1687.53
23 34 1778.71
23 35 1847.52
23 36 1897.18
23 37 1930.88
23 38 1951.58
23 39 1962.03
23 40 1964.66
23 41 1961.62
23 42 1954.75
23 43 1945.58
23 44 1935.38
23 45 1925.22
23 46 1915.87
23 47 1908
23 48 1902.06
23 49 1898.38
23 50 1897.12
23 51 1898.38
23 52 1902.06
23 53 1908
23 54 1915.87
23 55 1925.22
23 56 1935.38
23 57 1945.58
23 58 1954.75
23 59 1961.62
23 60 1964.66
23 61 1962.03
23 62 1951.58
23 63 1930.88
23 64 1897.18
23 65 1847.52
23 66 1778.71
23 67 1687.53
23 68 1570.82
23 69 1425.67
23 70 1249.71
23 71 1041.18
23 72 799.528
23 73 525.253
23 74 220.543
23 75 -110.848
23 76 -463.357
23 77 -829.664
23 78 -1200.88
23 79 -1566.86
23 80 -1916.6
23 81 -2238.91
23 82 -2522.99
23 83 -2759.07
23 84 -2939.25
23 85 -3057.85
23 86 -3111.95
23 87 -3101.48
23 88 -3029.24
23 89 -2900.56
23 90 -2722.85
23 91 -2504.95
23 92 -2256.27
23 93 -1986.19
23 94 -1703.17
23 95 -1414.32
23 96 -1124.9
23 97 -838.214
23 98 -555.59
23 99 -276.699
23 100 0

24 0 0
24 1 -305.926
24 2 -613.002
24 3 -921.674
24 4 -1231.15
24 5 -1538.93
24 6 -1840.57
24 7 -2129.7
24 8 -2398.35
24 9 -2637.29
24 10 -2836.88
24 11 -2987.75
24 12 -3081.68
24 13 -3112.35
24 14 -3075.92
24 15 -2971.53
24 16 -2801.43
24 17 -2570.79
24 18 -2287.46
24 19 -1961.45
24 20 -1604.09
24 21 -1227.45
24 22 -843.468
24 23 -463.355
24 24 -97.0367
24 25 247.265
24 26 563.184
24 27 846.432
24 28 1094.44
24 29 1306.55
24 30 1483.37
24 31 1626.8
24 32 1739.52
24 33 1824.79
24 34 1886.15
24 35 1927.23
24 36 1951.54
24 37 1962.43
24 38 1962.89
24 39 1955.62
24 40 1942.93
24 41 1926.82
24 42 1908.91
24 43 1890.57
24 44 1872.86
24 45 1856.65
24 46 1842.61
24 47 1831.21
24 48 1822.84
24 49 1817.71
24 50 1816
24 51 1817.71
24 52 1822.84
24 53 1831.21
24 54 1842.61
24 55 1856.65
24 56 1872.86
24 57 1890.57
24 58 1908.91
24 59 1926.82
24 60 1942.93
24 61 1955.62
24 62 1962.89
24 63 1962.43
24 64 1951.54
24 65 1927.23
24 66 1886.15
24 67 1824.79
24 68 1739.52
24 69 1626.8
24 70 1483.37
24 71 1306.55
24 72 1094.44
24 73 846.432
24 74 563.184
24 75 247.265
24 76 -97.0367
24 77 -463.355
24 78 -843.468
24 79 -1227.45
24 80 -1604.09
24 81 -1961.45
24 82 -2287.46
24 83 -2570.79
24 84 -2801.43
24 85 -2971.53
24 86 -3075.92
24 87 -3112.35
24 88 -3081.68
24 89 -2987.75
24 90 -2836.88
24 91 -2637.29
24 92 -2398.35
24 93 -2129.7
24 94 -1840.57
24 95 -1538.93
24 96 -1231.15
24 97 -921.674
24 98 -613.002
24 99 -305.926
24 100 0

25 0 0
25 1 -335.21
25 2 -670.291
25 3 -1004.41
25 4 -1335.49
25 5 -1659.79
25 6 -1971.65
25 7 -2263.66
25 8 -2526.99
25 9 -2751.99
25 10 -2928.9
25 11 -3048.8
25 12 -3104.36
25 13 -3090.73
25 14 -3005.89
25 15 -2851.14
25 16 -2631.02
25 17 -2353.05
25 18 -2027.25
25 19 -1665.37
25 20 -1280.25
25 21 -884.784
25 22 -491.292
25 23 -110.85
25 24 247.266
25 25 575.76
25 26 869.605
25 27 1125.76
25 28 1343.24
25 29 1522.64
25 30 1665.95
25 31 1776.1
25 32 1856.69
25 33 1911.64
25 34 1945.01
25 35 1960.67
25 36 1962.36
25 37 1953.33
25 38 1936.59
25 39 1914.58
25 40 1889.49
25 41 1863
25 42 1836.57
25 43 1811.29
25 44 1788.03
25 45 1767.46
25 46 1750.07
25 47 1736.23
25 48 1726.17
25 49 1720.08
25 50 1718.04
25 51 1720.08
25 52 1726.17
25 53 1736.23
25 54 1750.07
25 55 1767.46
25 56 1788.03
25 57 1811.29
25 58 1836.57
25 59 1863
25 60 1889.49
25 61 1914.58
25 62 1936.59
25 63 1953.33
25 64 1962.36
25 65 1960.67
25 66 1945.01
25 67 1911.64
25 68 1856.69
25 69 1776.1
25 70 1665.95
25 71 1522.64
25 72 1343.24
25 73 1125.76
25 74 869.605
25 75 575.76
25 76 247.266
25 77 -110.85
25 78 -491.292
25 79 -884.784
25 80 -1280.25
25 81 -1665.37
25 82 -2027.25
25 83 -2353.05
25 84 -2631.02
25 85 -2851.14
25 86 -3005.89
25 87 -3090.73
25 88 -3104.36
25 89 -3048.8
25 90 -2928.9
25 91 -2751.99
25 92 -2526.99
25 93 -2263.66
25 94 -1971.65
25 95 -1659.79
25 96 -1335.49
25 97 -1004.41
25 98 -670.291
25 99 -335.21
25 100 0

26 0 0
26 1 -364.099
26 2 -726.599
26 3 -1085.2
26 4 -1436.39
26 5 -1775.06
26 6 -2094.37
26 7 -2385.91
26 8 -2640.21
26 9 -2847.28
26 10 -2997.66
26 11 -3083.12
26 12 -3097.65
26 13 -3038.06
26 14 -2904.46
26 15 -2700.5
26 16 -2433.11
26 17 -2112.09
26 18 -1749.44
26 19 -1358.58
26 20 -953.314
26 21 -547.155
26 22 -152.357
26 23 220.544
26 24 563.183
26 25 869.606
26 26 1136.08
26 27 1361.23
26 28 1545.41
26 29 1690.69
26 30 1800.15
26 31 1877.72
26 32 1927.71
26 33 1954.6
26 34 1962.68
26 35 1956.05
26 36 1938.32
26 37 1912.74
26 38 1882.01
26 39 1848.42
26 40 1813.81
26 41 1779.66
26 42 1747.1
26 43 1717.01
26 44 1690.03
26 45 1666.63
26 46 1647.13
26 47 1631.79
26 48 1620.73
26 49 1614.07
26 50 1611.84
26 51 1614.07
26 52 1620.73
26 53 1631.79
26 54 1647.13
26 55 1666.63
26 56 1690.03
26 57 1717.01
26 58 1747.1
26 59 1779.66
26 60 1813.81
26 61 1848.42
26 62 1882.01
26 63 1912.74
26 64 1938.32
26 65 1956.05
26 66 1962.68
26 67 1954.6
26 68 1927.71
26 69 1877.72
26 70 1800.15
26 71 1690.69
26 72 1545.41
26 73 1361.23
26 74 1136.08
26 75 869.606
26 76 563.183
26 77 220.544
26 78 -152.357
26 79 -547.155
26 80 -953.314
26 81 -1358.58
26 82 -1749.44
26 83 -2112.09
26 84 -2433.11
26 85 -2700.5
26 86 -2904.46
26 87 -3038.06
26 88 -3097.65
26 89 -3083.12
26 90 -2997.66
26 91 -2847.28
26 92 -2640.21
26 93 -2385.91
26 94 -2094.37
26 95 -1775.06
26 96 -1436.39
26 97 -1085.2
26 98 -726.599
26 99 -364.099
26 100 0

27 0 0
27 1 -392.2
27 2 -781.129
27 3 -1162.86
27 4 -1532.34
27 5 -1883.05
27 6 -2206.93
27 7 -2494.72
27 8 -2736.4
27 9 -2922.05
27 10 -3042.62
27 11 -3090.99
27 12 -3062.68
27 13 -2956.57
27 14 -2775.03
27 15 -2524.15
27 16 -2213.26
27 17 -1854.34
27 18 -1461.2
27 19 -1048.47
27 20 -630.798
27 21 -221.719
27 22 166.846
27 23 525.253
27 24 846.433
27 25 1125.75
27 26 1361.23
27 27 1552.87
27 28 1702.63
27 29 1813.75
27 30 1890.36
27 31 1937.21
27 32 1959.16
27 33 1960.96
27 34 1947.13
27 35 1921.64
27 36 1888.06
27 37 1849.3
27 38 1807.87
27 39 1765.71
27 40 1724.37
27 41 1685.01
27 42 1648.51
27 43 1615.48
27 44 1586.37
27 45 1561.45
27 46 1540.93
27 47 1524.88
27 48 1513.4
27 49 1506.49
27 50 1504.2
27 51 1506.49
27 52 1513.4
27 53 1524.88
27 54 1540.93
27 55 1561.45
27 56 1586.37
27 57 1615.48
27 58 1648.51
27 59 1685.01
27 60 1724.37
27 61 1765.71
27 62 1807.87
27 63 1849.3
27 64 1888.06
27 65 1921.64
27 66 1947.13
27 67 1960.96
27 68 1959.16
27 69 1937.21
27 70 1890.36
27 71 1813.75
27 72 1702.63
27 73 1552.87
27 74 1361.23
27 75 1125.75
27 76 846.433
27 77 525.253
27 78 166.846
27 79 -221.719
27 80 -630.798
27 81 -1048.47
27 82 -1461.2
27 83 -1854.34
27 84 -2213.26
27 85 -2524.15
27 86 -2775.03
27 87 -2956.57
27 88 -3062.68
27 89 -3090.99
27 90 -3042.62
27 91 -2922.05
27 92 -2736.4
27 93 -2494.72
27 94 -2206.93
27 95 -1883.05
27 96 -1532.34
27 97 -1162.86
27 98 -781.129
27 99 -392.2
27 100 0

28 0 0
28 1 -419.11
28 2 -833.115
28 3 -1236.32
28 4 -1622.03
28 5 -1982.27
28 6 -2307.86
28 7 -2588.73
28 8 -2814.59
28 9 -2975.7
28 10 -3063.89
28 11 -3073.33
28 12 -3001.43
28 13 -2849.22
28 14 -2621.58
28 15 -2327.04
28 16 -1977.25
28 17 -1586.18
28 18 -1169.17
28 19 -741.842
28 20 -319.088
28 21 85.6751
28 22 461.367
28 23 799.528
28 24 1094.44
28 25 1343.24
28 26 1545.41
28 27 1702.63
28 28 1818.14
28 29 1896.28
28 30 1942.12
28 31 1960.98
28 32 1958.05
28 33 1938.31
28 34 1906.13
28 35 1865.43
28 36 1819.44
28 37 1770.84
28 38 1721.74
28 39 1673.77
28 40 1628.15
28 41 1585.75
28 42 1547.16
28 43 1512.79
28 44 1482.85
28 45 1457.5
28 46 1436.76
28 47 1420.67
28 48 1409.19
28 49 1402.32
28 50 1400.03
28 51 1402.32
28 52 1409.19
28 53 1420.67
28 54 1436.76
