0 0 0
0 1 0
0 2 0
0 3 0
0 4 0
0 5 0
0 6 0
0 7 0
0 8 0
0 9 0
0 10 0
0 11 0
0 12 0
0 13 0
0 14 0
0 15 0
0 16 0
0 17 0
0 18 0
0 19 0
0 20 0
0 21 0
0 22 0
0 23 0
0 24 0
0 25 0
0 26 0
0 27 0
0 28 0
0 29 0
0 30 0
0 31 0
0 32 0
0 33 0
0 34 0
0 35 0
0 36 0
0 37 0
0 38 0
0 39 0
0 40 0
0 41 0
0 42 0
0 43 0
0 44 0
0 45 0
0 46 0
0 47 0
0 48 0
0 49 0
0 50 0
0 51 0
0 52 0
0 53 0
0 54 0
0 55 0
0 56 0
0 57 0
0 58 0
0 59 0
0 60 0
0 61 0
0 62 0
0 63 0
0 64 0
0 65 0
0 66 0
0 67 0
0 68 0
0 69 0
0 70 0
0 71 0
0 72 0
0 73 0
0 74 0
0 75 0
0 76 0
0 77 0
0 78 0
0 79 0
0 80 0
0 81 0
0 82 0
0 83 0
0 84 0
0 85 0
0 86 0
0 87 0
0 88 0
0 89 0
0 90 0
0 91 0
0 92 0
0 93 0
0 94 0
0 95 0
0 96 0
0 97 0
0 98 0
0 99 0
0 100 0

1 0 0
1 1 -0.00394056
1 2 -0.0739195
1 3 -0.166075
1 4 -0.243271
1 5 -0.372646
1 6 -0.541547
1 7 -0.799429
1 8 -1.18183
1 9 -1.66353
1 10 -2.33767
1 11 -3.23758
1 12 -4.4102
1 13 -5.95934
1 14 -7.9434
1 15 -10.4364
1 16 -13.5678
1 17 -17.3847
1 18 -22.0265
1 19 -27.5754
1 20 -34.1133
1 21 -41.7508
1 22 -50.5185
1 23 -60.4883
1 24 -71.6716
1 25 -84.0527
1 26 -97.6245
1 27 -112.286
1 28 -127.985
1 29 -144.567
1 30 -161.911
1 31 -179.844
1 32 -198.178
1 33 -216.742
1 34 -235.308
1 35 -253.716
1 36 -271.733
1 37 -289.215
1 38 -305.956
1 39 -321.831
1 40 -336.682
1 41 -350.403
1 42 -362.887
1 43 -374.053
1 44 -383.839
1 45 -392.184
1 46 -399.062
1 47 -404.429
1 48 -408.284
1 49 -410.593
1 50 -411.371
1 51 -410.593
1 52 -408.284
1 53 -404.429
1 54 -399.062
1 55 -392.184
1 56 -383.839
1 57 -374.053
1 58 -362.887
1 59 -350.403
1 60 -336.682
1 61 -321.831
1 62 -305.956
1 63 -289.215
1 64 -271.733
1 65 -253.716
1 66 -235.308
1 67 -216.742
1 68 -198.178
1 69 -179.844
1 70 -161.911
1 71 -144.567
1 72 -127.985
1 73 -112.286
1 74 -97.6245
1 75 -84.0527
1 76 -71.6716
1 77 -60.4883
1 78 -50.5185
1 79 -41.7508
1 80 -34.1133
1 81 -27.5754
1 82 -22.0265
1 83 -17.3847
1 84 -13.5678
1 85 -10.4364
1 86 -7.9434
1 87 -5.95934
1 88 -4.4102
1 89 -3.23758
1 90 -2.33767
1 91 -1.66353
1 92 -1.18183
1 93 -0.799429
1 94 -0.541547
1 95 -0.372646
1 96 -0.243271
1 97 -0.166075
1 98 -0.0739195
1 99 -0.00394056
1 100 0

2 0 0
2 1 -0.0739195
2 2 -0.178833
2 3 -0.302162
2 4 -0.529862
2 5 -0.814892
2 6 -1.19313
2 7 -1.7408
2 8 -2.50626
2 9 -3.56098
2 10 -4.98506
2 11 -6.90664
2 12 -9.40373
2 13 -12.6631
2 14 -16.8124
2 15 -22.0427
2 16 -28.5474
2 17 -36.5157
2 18 -46.1472
2 19 -57.6456
2 20 -71.1605
2 21 -86.8797
2 22 -104.889
2 23 -125.294
2 24 -148.114
2 25 -173.323
2 26 -200.856
2 27 -230.551
2 28 -262.233
2 29 -295.634
2 30 -330.466
2 31 -366.39
2 32 -403.031
2 33 -440.021
2 34 -476.944
2 35 -513.437
2 36 -549.097
2 37 -583.591
2 38 -616.572
2 39 -647.762
2 40 -676.892
2 41 -703.747
2 42 -728.141
2 43 -749.922
2 44 -768.981
2 45 -785.217
2 46 -798.578
2 47 -809.001
2 48 -816.474
2 49 -820.956
2 50 -822.458
2 51 -820.956
2 52 -816.474
2 53 -809.001
2 54 -798.578
2 55 -785.217
2 56 -768.981
2 57 -749.922
2 58 -728.141
2 59 -703.747
2 60 -676.892
2 61 -647.762
2 62 -616.572
2 63 -583.591
2 64 -549.097
2 65 -513.437
2 66 -476.944
2 67 -440.021
2 68 -403.031
2 69 -366.39
2 70 -330.466
2 71 -295.634
2 72 -262.233
2 73 -230.551
2 74 -200.856
2 75 -173.323
2 76 -148.114
2 77 -125.294
2 78 -104.889
2 79 -86.8797
2 80 -71.1605
2 81 -57.6456
2 82 -46.1472
2 83 -36.5157
2 84 -28.5474
2 85 -22.0427
2 86 -16.8124
2 87 -12.6631
2 88 -9.40373
2 89 -6.90664
2 90 -4.98506
2 91 -3.56098
2 92 -2.50626
2 93 -1.7408
2 94 -1.19313
2 95 -0.814892
2 96 -0.529862
2 97 -0.302162
2 98 -0.178833
2 99 -0.0739195
2 100 0

3 0 0
3 1 -0.166075
3 2 -0.302162
3 3 -0.55131
3 4 -0.879566
3 5 -1.36299
3 6 -2.03076
3 7 -2.93864
3 8 -4.20689
3 9 -5.95373
3 10 -8.32088
3 11 -11.4409
3 12 -15.5612
3 13 -20.8392
3 14 -27.5749
3 15 -36.0152
3 16 -46.455
3 17 -59.1944
3 18 -74.5296
3 19 -92.7243
3 20 -114.061
3 21 -138.712
3 22 -166.874
3 23 -198.609
3 24 -233.95
3 25 -272.826
3 26 -315.072
3 27 -360.461
3 28 -408.647
3 29 -459.242
3 30 -511.765
3 31 -565.698
3 32 -620.486
3 33 -675.542
3 34 -730.297
3 35 -784.166
3 36 -836.622
3 37 -887.144
3 38 -935.289
3 39 -980.639
3 40 -1022.86
3 41 -1061.65
3 42 -1096.77
3 43 -1128.05
3 44 -1155.35
3 45 -1178.56
3 46 -1197.61
3 47 -1212.46
3 48 -1223.08
3 49 -1229.46
3 50 -1231.58
3 51 -1229.46
3 52 -1223.08
3 53 -1212.46
3 54 -1197.61
3 55 -1178.56
3 56 -1155.35
3 57 -1128.05
3 58 -1096.77
3 59 -1061.65
3 60 -1022.86
3 61 -980.639
3 62 -935.289
3 63 -887.144
3 64 -836.622
3 65 -784.166
3 66 -730.297
3 67 -675.542
3 68 -620.486
3 69 -565.698
3 70 -511.765
3 71 -459.242
3 72 -408.647
3 73 -360.461
3 74 -315.072
3 75 -272.826
3 76 -233.95
3 77 -198.609
3 78 -166.874
3 79 -138.712
3 80 -114.061
3 81 -92.7243
3 82 -74.5296
3 83 -59.1944
3 84 -46.455
3 85 -36.0152
3 86 -27.5749
3 87 -20.8392
3 88 -15.5612
3 89 -11.4409
3 90 -8.32088
3 91 -5.95373
3 92 -4.20689
3 93 -2.93864
3 94 -2.03076
3 95 -1.36299
3 96 -0.879566
3 97 -0.55131
3 98 -0.302162
3 99 -0.166075
3 100 0

4 0 0
4 1 -0.243271
4 2 -0.529861
4 3 -0.879566
4 4 -1.4022
4 5 -2.0948
4 6 -3.13252
4 7 -4.56734
4 8 -6.49343
4 9 -9.15845
4 10 -12.6995
4 11 -17.3865
4 12 -23.496
4 13 -31.3462
4 14 -41.2536
4 15 -53.6466
4 16 -68.8379
4 17 -87.2934
4 18 -109.348
4 19 -135.38
4 20 -165.708
4 21 -200.56
4 22 -240.122
4 23 -284.458
4 24 -333.515
4 25 -387.172
4 26 -445.111
4 27 -506.995
4 28 -572.288
4 29 -640.432
4 30 -710.751
4 31 -782.52
4 32 -855.003
4 33 -927.401
4 34 -998.995
4 35 -1069.02
4 36 -1136.83
4 37 -1201.77
4 38 -1263.32
4 39 -1321
4 40 -1374.43
4 41 -1423.29
4 42 -1467.33
4 43 -1506.39
4 44 -1540.33
4 45 -1569.11
4 46 -1592.65
4 47 -1610.97
4 48 -1624.04
4 49 -1631.89
4 50 -1634.5
4 51 -1631.89
4 52 -1624.04
4 53 -1610.97
4 54 -1592.65
4 55 -1569.11
4 56 -1540.33
4 57 -1506.39
4 58 -1467.33
4 59 -1423.29
4 60 -1374.43
4 61 -1321
4 62 -1263.32
4 63 -1201.77
4 64 -1136.83
4 65 -1069.02
4 66 -998.995
4 67 -927.401
4 68 -855.003
4 69 -782.52
4 70 -710.751
4 71 -640.432
4 72 -572.288
4 73 -506.995
4 74 -445.111
4 75 -387.172
4 76 -333.515
4 77 -284.458
4 78 -240.122
4 79 -200.56
4 80 -165.708
4 81 -135.38
4 82 -109.348
4 83 -87.2934
4 84 -68.8379
4 85 -53.6466
4 86 -41.2536
4 87 -31.3462
4 88 -23.496
4 89 -17.3865
4 90 -12.6995
4 91 -9.15845
4 92 -6.49343
4 93 -4.56734
4 94 -3.13252
4 95 -2.0948
4 96 -1.4022
4 97 -0.879566
4 98 -0.529861
4 99 -0.243271
4 100 0

5 0 0
5 1 -0.372646
5 2 -0.814892
5 3 -1.36299
5 4 -2.0948
5 5 -3.19046
5 6 -4.6758
5 7 -6.7676
5 8 -9.63312
5 9 -13.4595
5 10 -18.595
5 11 -25.308
5 12 -34.0129
5 13 -45.0907
5 14 -59.0315
5 15 -76.2713
5 16 -97.3517
5 17 -122.71
5 18 -152.856
5 19 -188.162
5 20 -229.005
5 21 -275.603
5 22 -328.111
5 23 -386.514
5 24 -450.68
5 25 -520.312
5 26 -594.977
5 27 -674.094
5 28 -756.969
5 29 -842.791
5 30 -930.688
5 31 -1019.72
5 32 -1108.94
5 33 -1197.39
5 34 -1284.18
5 35 -1368.44
5 36 -1449.41
5 37 -1526.4
5 38 -1598.83
5 39 -1666.23
5 40 -1728.23
5 41 -1784.55
5 42 -1835.01
5 43 -1879.5
5 44 -1917.96
5 45 -1950.4
5 46 -1976.84
5 47 -1997.34
5 48 -2011.93
5 49 -2020.67
5 50 -2023.58
5 51 -2020.67
5 52 -2011.93
5 53 -1997.34
5 54 -1976.84
5 55 -1950.4
5 56 -1917.96
5 57 -1879.5
5 58 -1835.01
5 59 -1784.55
5 60 -1728.23
5 61 -1666.23
5 62 -1598.83
5 63 -1526.4
5 64 -1449.41
5 65 -1368.44
5 66 -1284.18
5 67 -1197.39
5 68 -1108.94
5 69 -1019.72
5 70 -930.688
5 71 -842.791
5 72 -756.969
5 73 -674.094
5 74 -594.977
5 75 -520.312
5 76 -450.68
5 77 -386.514
5 78 -328.111
5 79 -275.603
5 80 -229.005
5 81 -188.162
5 82 -152.856
5 83 -122.71
5 84 -97.3517
5 85 -76.2713
5 86 -59.0315
5 87 -45.0907
5 88 -34.0129
5 89 -25.308
5 90 -18.595
5 91 -13.4595
5 92 -9.63312
5 93 -6.7676
5 94 -4.6758
5 95 -3.19046
5 96 -2.0948
5 97 -1.36299
5 98 -0.814892
5 99 -0.372646
5 100 0

6 0 0
6 1 -0.541547
6 2 -1.19313
6 3 -2.03076
6 4 -3.13252
6 5 -4.6758
6 6 -6.86171
6 7 -9.80711
6 8 -13.8788
6 9 -19.3309
6 10 -26.4997
6 11 -35.9043
6 12 -47.9106
6 13 -63.1411
6 14 -82.1155
6 15 -105.443
6 16 -133.714
6 17 -167.51
6 18 -207.311
6 19 -253.618
6 20 -306.684
6 21 -366.784
6 22 -433.9
6 23 -507.939
6 24 -588.584
6 25 -675.333
6 26 -767.546
6 27 -864.38
6 28 -964.902
6 29 -1068.06
6 30 -1172.72
6 31 -1277.76
6 32 -1382.01
6 33 -1484.42
6 34 -1583.91
6 35 -1679.6
6 36 -1770.65
6 37 -1856.41
6 38 -1936.32
6 39 -2009.99
6 40 -2077.12
6 41 -2137.56
6 42 -2191.26
6 43 -2238.21
6 44 -2278.51
6 45 -2312.26
6 46 -2339.62
6 47 -2360.71
6 48 -2375.68
6 49 -2384.61
6 50 -2387.59
6 51 -2384.61
6 52 -2375.68
6 53 -2360.71
6 54 -2339.62
6 55 -2312.26
6 56 -2278.51
6 57 -2238.21
6 58 -2191.26
6 59 -2137.56
6 60 -2077.12
6 61 -2009.99
6 62 -1936.32
6 63 -1856.41
6 64 -1770.65
6 65 -1679.6
6 66 -1583.91
6 67 -1484.42
6 68 -1382.01
6 69 -1277.76
6 70 -1172.72
6 71 -1068.06
6 72 -964.902
6 73 -864.38
6 74 -767.546
6 75 -675.333
6 76 -588.584
6 77 -507.939
6 78 -433.9
6 79 -366.784
6 80 -306.684
6 81 -253.618
6 82 -207.311
6 83 -167.51
6 84 -133.714
6 85 -105.443
6 86 -82.1155
6 87 -63.1411
6 88 -47.9106
6 89 -35.9043
6 90 -26.4997
6 91 -19.3309
6 92 -13.8788
6 93 -9.80711
6 94 -6.86171
6 95 -4.6758
6 96 -3.13252
6 97 -2.03076
6 98 -1.19313
6 99 -0.541547
6 100 0

7 0 0
7 1 -0.799429
7 2 -1.7408
7 3 -2.93864
7 4 -4.56734
7 5 -6.7676
7 6 -9.80711
7 7 -14.0251
7 8 -19.6629
7 9 -27.2046
7 10 -37.0991
7 11 -49.8675
7 12 -66.1785
7 13 -86.6058
7 14 -111.922
7 15 -142.741
7 16 -179.811
7 17 -223.707
7 18 -275.006
7 19 -334.106
7 20 -401.297
7 21 -476.639
7 22 -560.05
7 23 -651.152
7 24 -749.447
7 25 -854.12
7 26 -964.269
7 27 -1078.74
7 28 -1196.33
7 29 -1315.69
7 30 -1435.47
7 31 -1554.34
7 32 -1670.97
7 33 -1784.19
7 34 -1892.89
7 35 -1996.17
7 36 -2093.24
7 37 -2183.53
7 38 -2266.61
7 39 -2342.22
7 40 -2410.28
7 41 -2470.79
7 42 -2523.9
7 43 -2569.8
7 44 -2608.77
7 45 -2641.08
7 46 -2667.04
7 47 -2686.91
7 48 -2700.93
7 49 -2709.26
7 50 -2712.03
7 51 -2709.26
7 52 -2700.93
7 53 -2686.91
7 54 -2667.04
7 55 -2641.08
7 56 -2608.77
7 57 -2569.8
7 58 -2523.9
7 59 -2470.79
7 60 -2410.28
7 61 -2342.22
7 62 -2266.61
7 63 -2183.53
7 64 -2093.24
7 65 -1996.17
7 66 -1892.89
7 67 -1784.19
7 68 -1670.97
7 69 -1554.34
7 70 -1435.47
7 71 -1315.69
7 72 -1196.33
7 73 -1078.74
7 74 -964.269
7 75 -854.12
7 76 -749.447
7 77 -651.152
7 78 -560.05
7 79 -476.639
7 80 -401.297
7 81 -334.106
7 82 -275.006
7 83 -223.707
7 84 -179.811
7 85 -142.741
7 86 -111.922
7 87 -86.6058
7 88 -66.1785
7 89 -49.8675
7 90 -37.0991
7 91 -27.2046
7 92 -19.6629
7 93 -14.0251
7 94 -9.80711
7 95 -6.7676
7 96 -4.56734
7 97 -2.93864
7 98 -1.7408
7 99 -0.799429
7 100 0

8 0 0
8 1 -1.18183
8 2 -2.50626
8 3 -4.20689
8 4 -6.49343
8 5 -9.63313
8 6 -13.8788
8 7 -19.6629
8 8 -27.4495
8 9 -37.6764
8 10 -51.049
8 11 -68.1846
8 12 -89.8288
8 13 -116.822
8 14 -149.863
8 15 -189.859
8 16 -237.442
8 17 -293.341
8 18 -358.027
8 19 -431.864
8 20 -514.972
8 21 -607.262
8 22 -708.347
8 23 -817.648
8 24 -934.241
8 25 -1057.08
8 26 -1184.81
8 27 -1316.04
8 28 -1449.16
8 29 -1582.61
8 30 -1714.8
8 31 -1844.19
8 32 -1969.41
8 33 -2089.19
8 34 -2202.48
8 35 -2308.44
8 36 -2406.44
8 37 -2496.07
8 38 -2577.13
8 39 -2649.61
8 40 -2713.68
8 41 -2769.61
8 42 -2817.8
8 43 -2858.71
8 44 -2892.83
8 45 -2920.68
8 46 -2942.72
8 47 -2959.38
8 48 -2971.01
8 49 -2977.88
8 50 -2980.15
8 51 -2977.88
8 52 -2971.01
8 53 -2959.38
8 54 -2942.72
8 55 -2920.68
8 56 -2892.83
8 57 -2858.71
8 58 -2817.8
8 59 -2769.61
8 60 -2713.68
8 61 -2649.61
8 62 -2577.13
8 63 -2496.07
8 64 -2406.44
8 65 -2308.44
8 66 -2202.48
8 67 -2089.19
8 68 -1969.41
8 69 -1844.19
8 70 -1714.8
8 71 -1582.61
8 72 -1449.16
8 73 -1316.04
8 74 -1184.81
8 75 -1057.08
8 76 -934.241
8 77 -817.648
8 78 -708.347
8 79 -607.262
8 80 -514.972
8 81 -431.864
8 82 -358.027
8 83 -293.341
8 84 -237.442
8 85 -189.859
8 86 -149.863
8 87 -116.822
8 88 -89.8288
8 89 -68.1846
8 90 -51.049
8 91 -37.6764
8 92 -27.4495
8 93 -19.6629
8 94 -13.8788
8 95 -9.63313
8 96 -6.49343
8 97 -4.20689
8 98 -2.50626
8 99 -1.18183
8 100 0

9 0 0
9 1 -1.66353
9 2 -3.56098
9 3 -5.95373
9 4 -9.15845
9 5 -13.4595
9 6 -19.3309
9 7 -27.2046
9 8 -37.6764
9 9 -51.4519
9 10 -69.1992
9 11 -91.8012
9 12 -120.112
9 13 -155.051
9 14 -197.545
9 15 -248.407
9 16 -308.471
9 17 -378.257
9 18 -458.29
9 19 -548.653
9 20 -649.336
9 21 -759.896
9 22 -879.665
9 23 -1007.64
9 24 -1142.55
9 25 -1282.88
9 26 -1426.95
9 27 -1572.91
9 28 -1718.94
9 29 -1863.13
9 30 -2003.76
9 31 -2139.14
9 32 -2267.91
9 33 -2388.81
9 34 -2500.96
9 35 -2603.68
9 36 -2696.59
9 37 -2779.57
9 38 -2852.73
9 39 -2916.43
9 40 -2971.1
9 41 -3017.43
9 42 -3056.08
9 43 -3087.85
9 44 -3113.47
9 45 -3133.72
9 46 -3149.25
9 47 -3160.68
9 48 -3168.46
9 49 -3173
9 50 -3174.48
9 51 -3173
9 52 -3168.46
9 53 -3160.68
9 54 -3149.25
9 55 -3133.72
9 56 -3113.47
9 57 -3087.85
9 58 -3056.08
9 59 -3017.43
9 60 -2971.1
9 61 -2916.43
9 62 -2852.73
9 63 -2779.57
9 64 -2696.59
9 65 -2603.68
9 66 -2500.96
9 67 -2388.81
9 68 -2267.91
9 69 -2139.14
9 70 -2003.76
9 71 -1863.13
9 72 -1718.94
9 73 -1572.91
9 74 -1426.95
9 75 -1282.88
9 76 -1142.55
9 77 -1007.64
9 78 -879.665
9 79 -759.896
9 80 -649.336
9 81 -548.653
9 82 -458.29
9 83 -378.257
9 84 -308.471
9 85 -248.407
9 86 -197.545
9 87 -155.051
9 88 -120.112
9 89 -91.8012
9 90 -69.1992
9 91 -51.4519
9 92 -37.6764
9 93 -27.2046
9 94 -19.3309
9 95 -13.4595
9 96 -9.15845
9 97 -5.95373
9 98 -3.56098
9 99 -1.66353
9 100 0

10 0 0
10 1 -2.33767
10 2 -4.98505
10 3 -8.32088
10 4 -12.6995
10 5 -18.595
10 6 -26.4996
10 7 -37.0991
10 8 -51.049
10 9 -69.1992
10 10 -92.4701
10 11 -121.78
10 12 -158.224
10 13 -202.773
10 14 -256.443
10 15 -320.123
10 16 -394.491
10 17 -480.136
10 18 -577.204
10 19 -685.72
10 20 -805.178
10 21 -934.877
10 22 -1073.62
10 23 -1220
10 24 -1372.23
10 25 -1528.37
10 26 -1686.28
10 27 -1843.79
10 28 -1998.71
10 29 -2149
10 30 -2292.76
10 31 -2428.36
10 32 -2554.44
10 33 -2669.98
10 34 -2774.28
10 35 -2867.01
10 36 -2948.14
10 37 -3017.94
10 38 -3076.93
10 39 -3125.86
10 40 -3165.62
10 41 -3197.24
10 42 -3221.75
10 43 -3240.28
10 44 -3253.86
10 45 -3263.5
10 46 -3270.07
10 47 -3274.35
10 48 -3276.95
10 49 -3278.33
10 50 -3278.76
10 51 -3278.33
10 52 -3276.95
10 53 -3274.35
10 54 -3270.07
10 55 -3263.5
10 56 -3253.86
10 57 -3240.28
10 58 -3221.75
10 59 -3197.24
10 60 -3165.62
10 61 -3125.86
10 62 -3076.93
10 63 -3017.94
10 64 -2948.14
10 65 -2867.01
10 66 -2774.28
10 67 -2669.98
10 68 -2554.44
10 69 -2428.36
10 70 -2292.76
10 71 -2149
10 72 -1998.71
10 73 -1843.79
10 74 -1686.28
10 75 -1528.37
10 76 -1372.23
10 77 -1220
10 78 -1073.62
10 79 -934.877
10 80 -805.178
10 81 -685.72
10 82 -577.204
10 83 -480.136
10 84 -394.491
10 85 -320.123
10 86 -256.443
10 87 -202.773
10 88 -158.224
10 89 -121.78
10 90 -92.4701
10 91 -69.1992
10 92 -51.049
10 93 -37.0991
10 94 -26.4996
10 95 -18.595
10 96 -12.6995
10 97 -8.32088
10 98 -4.98505
10 99 -2.33767
10 100 0

11 0 0
11 1 -3.23758
11 2 -6.90665
11 3 -11.4409
11 4 -17.3865
11 5 -25.308
11 6 -35.9043
11 7 -49.8675
11 8 -68.1846
11 9 -91.8012
11 10 -121.78
11 11 -159.293
11 12 -205.44
11 13 -261.363
11 14 -328.061
11 15 -406.397
11 16 -496.971
11 17 -600.106
11 18 -715.773
11 19 -843.484
11 20 -982.463
11 21 -1131.33
11 22 -1288.53
11 23 -1451.95
11 24 -1619.4
11 25 -1788.37
11 26 -1956.34
11 27 -2120.78
11 28 -2279.3
11 29 -2429.71
11 30 -2570.11
11 31 -2698.99
11 32 -2815.19
11 33 -2917.99
11 34 -3007.1
11 35 -3082.59
11 36 -3144.93
11 37 -3194.83
11 38 -3233.37
11 39 -3261.71
11 40 -3281.25
11 41 -3293.35
11 42 -3299.52
11 43 -3301.11
11 44 -3299.51
11 45 -3295.91
11 46 -3291.42
11 47 -3286.94
11 48 -3283.21
11 49 -3280.75
11 50 -3279.9
11 51 -3280.75
11 52 -3283.21
11 53 -3286.94
11 54 -3291.42
11 55 -3295.91
11 56 -3299.51
11 57 -3301.11
11 58 -3299.52
11 59 -3293.35
11 60 -3281.25
11 61 -3261.71
11 62 -3233.37
11 63 -3194.83
11 64 -3144.93
11 65 -3082.59
11 66 -3007.1
11 67 -2917.99
11 68 -2815.19
11 69 -2698.99
11 70 -2570.11
11 71 -2429.71
11 72 -2279.3
11 73 -2120.78
11 74 -1956.34
11 75 -1788.37
11 76 -1619.4
11 77 -1451.95
11 78 -1288.53
11 79 -1131.33
11 80 -982.463
11 81 -843.484
11 82 -715.773
11 83 -600.106
11 84 -496.971
11 85 -406.397
11 86 -328.061
11 87 -261.363
11 88 -205.44
11 89 -159.293
11 90 -121.78
11 91 -91.8012
11 92 -68.1846
11 93 -49.8675
11 94 -35.9043
11 95 -25.308
11 96 -17.3865
11 97 -11.4409
11 98 -6.90665
11 99 -3.23758
11 100 0

12 0 0
12 1 -4.4102
12 2 -9.40372
12 3 -15.5612
12 4 -23.496
12 5 -34.0129
12 6 -47.9106
12 7 -66.1785
12 8 -89.8288
12 9 -120.112
12 10 -158.224
12 11 -205.44
12 12 -263.02
12 13 -332.09
12 14 -413.668
12 15 -508.45
12 16 -616.872
12 17 -738.916
12 18 -874.13
12 19 -1021.61
12 20 -1179.9
12 21 -1347.17
12 22 -1521.08
12 23 -1699.1
12 24 -1878.3
12 25 -2055.84
12 26 -2228.7
12 27 -2394.18
12 28 -2549.68
12 29 -2693.08
12 30 -2822.59
12 31 -2936.96
12 32 -3035.42
12 33 -3117.69
12 34 -3183.99
12 35 -3234.96
12 36 -3271.62
12 37 -3295.3
12 38 -3307.55
12 39 -3310.09
12 40 -3304.74
12 41 -3293.33
12 42 -3277.64
12 43 -3259.39
12 44 -3240.16
12 45 -3221.38
12 46 -3204.27
12 47 -3189.88
12 48 -3179
12 49 -3172.25
12 50 -3169.95
12 51 -3172.25
12 52 -3179
12 53 -3189.88
12 54 -3204.27
12 55 -3221.38
12 56 -3240.16
12 57 -3259.39
12 58 -3277.64
12 59 -3293.33
12 60 -3304.74
12 61 -3310.09
12 62 -3307.55
12 63 -3295.3
12 64 -3271.62
12 65 -3234.96
12 66 -3183.99
12 67 -3117.69
12 68 -3035.42
12 69 -2936.96
12 70 -2822.59
12 71 -2693.08
12 72 -2549.68
12 73 -2394.18
12 74 -2228.7
12 75 -2055.84
12 76 -1878.3
12 77 -1699.1
12 78 -1521.08
12 79 -1347.17
12 80 -1179.9
12 81 -1021.61
12 82 -874.13
12 83 -738.916
12 84 -616.872
12 85 -508.45
12 86 -413.668
12 87 -332.09
12 88 -263.02
12 89 -205.44
12 90 -158.224
12 91 -120.112
12 92 -89.8288
12 93 -66.1785
12 94 -47.9106
12 95 -34.0129
12 96 -23.496
12 97 -15.5612
12 98 -9.40372
12 99 -4.4102
12 100 0

13 0 0
13 1 -5.95934
13 2 -12.6631
13 3 -20.8392
13 4 -31.3462
13 5 -45.0907
13 6 -63.1411
13 7 -86.6058
13 8 -116.822
13 9 -155.051
13 10 -202.773
13 11 -261.363
13 12 -332.09
13 13 -416.112
13 14 -514.278
13 15 -627.1
13 16 -754.649
13 17 -896.493
13 18 -1051.63
13 19 -1218.54
13 20 -1395.12
13 21 -1578.8
13 22 -1766.65
13 23 -1955.36
13 24 -2141.64
13 25 -2322.03
13 26 -2493.39
13 27 -2652.73
13 28 -2797.6
13 29 -2925.95
13 30 -3036.38
13 31 -3128.03
13 32 -3200.69
13 33 -3254.68
13 34 -3290.86
13 35 -3310.54
13 36 -3315.38
13 37 -3307.32
13 38 -3288.48
13 39 -3261.08
13 40 -3227.37
13 41 -3189.53
13 42 -3149.66
13 43 -3109.71
13 44 -3071.43
13 45 -3036.37
13 46 -3005.86
13 47 -2980.99
13 48 -2962.62
13 49 -2951.35
13 50 -2947.56
13 51 -2951.35
13 52 -2962.62
13 53 -2980.99
13 54 -3005.86
13 55 -3036.37
13 56 -3071.43
13 57 -3109.71
13 58 -3149.66
13 59 -3189.53
13 60 -3227.37
13 61 -3261.08
13 62 -3288.48
13 63 -3307.32
13 64 -3315.38
13 65 -3310.54
13 66 -3290.86
13 67 -3254.68
13 68 -3200.69
13 69 -3128.03
13 70 -3036.38
13 71 -2925.95
13 72 -2797.6
13 73 -2652.73
13 74 -2493.39
13 75 -2322.03
13 76 -2141.64
13 77 -1955.36
13 78 -1766.65
13 79 -1578.8
13 80 -1395.12
13 81 -1218.54
13 82 -1051.63
13 83 -896.493
13 84 -754.649
13 85 -627.1
13 86 -514.278
13 87 -416.112
13 88 -332.09
13 89 -261.363
13 90 -202.773
13 91 -155.051
13 92 -116.822
13 93 -86.6058
13 94 -63.1411
13 95 -45.0907
13 96 -31.3462
13 97 -20.8392
13 98 -12.6631
13 99 -5.95934
13 100 0

14 0 0
14 1 -7.94341
14 2 -16.8124
14 3 -27.5749
14 4 -41.2536
14 5 -59.0315
14 6 -82.1155
14 7 -111.922
14 8 -149.863
14 9 -197.545
14 10 -256.443
14 11 -328.061
14 12 -413.668
14 13 -514.278
14 14 -630.537
14 15 -762.604
14 16 -910.096
14 17 -1071.98
14 18 -1246.62
14 19 -1431.71
14 20 -1624.42
14 21 -1821.4
14 22 -2018.99
14 23 -2213.35
14 24 -2400.59
14 25 -2577.03
14 26 -2739.3
14 27 -2884.52
14 28 -3010.34
14 29 -3115.21
14 30 -3198.13
14 31 -3258.97
14 32 -3298.11
14 33 -3316.73
14 34 -3316.34
14 35 -3299.07
14 36 -3267.18
14 37 -3223.3
14 38 -3170.03
14 39 -3110.09
14 40 -3046.06
14 41 -2980.42
14 42 -2915.47
14 43 -2853.29
14 44 -2795.73
14 45 -2744.36
14 46 -2700.55
14 47 -2665.36
14 48 -2639.64
14 49 -2623.96
14 50 -2618.71
14 51 -2623.96
14 52 -2639.64
14 53 -2665.36
14 54 -2700.55
14 55 -2744.36
14 56 -2795.73
14 57 -2853.29
14 58 -2915.47
14 59 -2980.42
14 60 -3046.06
14 61 -3110.09
14 62 -3170.03
14 63 -3223.3
14 64 -3267.18
14 65 -3299.07
14 66 -3316.34
14 67 -3316.73
14 68 -3298.11
14 69 -3258.97
14 70 -3198.13
14 71 -3115.21
14 72 -3010.34
14 73 -2884.52
14 74 -2739.3
14 75 -2577.03
14 76 -2400.59
14 77 -2213.35
14 78 -2018.99
14 79 -1821.4
14 80 -1624.42
14 81 -1431.71
14 82 -1246.62
14 83 -1071.98
14 84 -910.096
14 85 -762.604
14 86 -630.537
14 87 -514.278
14 88 -413.668
14 89 -328.061
14 90 -256.443
14 91 -197.545
14 92 -149.863
14 93 -111.922
14 94 -82.1155
14 95 -59.0315
14 96 -41.2536
14 97 -27.5749
14 98 -16.8124
14 99 -7.94341
14 100 0

15 0 0
15 1 -10.4364
15 2 -22.0427
15 3 -36.0152
15 4 -53.6466
15 5 -76.2713
15 6 -105.443
15 7 -142.741
15 8 -189.859
15 9 -248.407
15 10 -320.123
15 11 -406.397
15 12 -508.45
15 13 -627.1
15 14 -762.604
15 15 -914.659
15 16 -1082.26
15 17 -1263.65
15 18 -1456.4
15 19 -1657.36
15 20 -1862.85
15 21 -2068.78
15 22 -2270.74
15 23 -2464.4
15 24 -2645.48
15 25 -2810.14
15 26 -2955.04
15 27 -3077.53
15 28 -3175.77
15 29 -3248.68
15 30 -3296.12
15 31 -3318.63
15 32 -3317.6
15 33 -3294.89
15 34 -3253.01
15 35 -3194.68
15 36 -3122.99
15 37 -3041
15 38 -2951.91
15 39 -2858.67
15 40 -2764.22
15 41 -2671.13
15 42 -2581.84
15 43 -2498.39
15 44 -2422.64
15 45 -2356.07
15 46 -2299.99
15 47 -2255.36
15 48 -2222.97
15 49 -2203.31
15 50 -2196.73
15 51 -2203.31
15 52 -2222.97
15 53 -2255.36
15 54 -2299.99
15 55 -2356.07
15 56 -2422.64
15 57 -2498.39
15 58 -2581.84
15 59 -2671.13
15 60 -2764.22
15 61 -2858.67
15 62 -2951.91
15 63 -3041
15 64 -3122.99
15 65 -3194.68
15 66 -3253.01
15 67 -3294.89
15 68 -3317.6
15 69 -3318.63
15 70 -3296.12
15 71 -3248.68
15 72 -3175.77
15 73 -3077.53
15 74 -2955.04
15 75 -2810.14
15 76 -2645.48
15 77 -2464.4
15 78 -2270.74
15 79 -2068.78
15 80 -1862.85
15 81 -1657.36
15 82 -1456.4
15 83 -1263.65
15 84 -1082.26
15 85 -914.659
15 86 -762.604
15 87 -627.1
15 88 -508.45
15 89 -406.397
15 90 -320.123
15 91 -248.407
15 92 -189.859
15 93 -142.741
15 94 -105.443
15 95 -76.2713
15 96 -53.6466
15 97 -36.0152
15 98 -22.0427
15 99 -10.4364
15 100 0

16 0 0
16 1 -13.5678
16 2 -28.5474
16 3 -46.455
16 4 -68.8379
16 5 -97.3517
16 6 -133.714
16 7 -179.811
16 8 -237.442
16 9 -308.471
16 10 -394.491
16 11 -496.971
16 12 -616.872
16 13 -754.649
16 14 -910.096
16 15 -1082.26
16 16 -1269.36
16 17 -1468.82
16 18 -1677.27
16 19 -1890.66
16 20 -2104.46
16 21 -2313.76
16 22 -2513.63
16 23 -2699.24
16 24 -2866.18
16 25 -3010.62
16 26 -3129.51
16 27 -3220.71
16 28 -3283.03
16 29 -3316.25
16 30 -3321.12
16 31 -3299.19
16 32 -3252.74
16 33 -3184.68
16 34 -3098.2
16 35 -2996.92
16 36 -2884.38
16 37 -2764.29
16 38 -2640
16 39 -2514.89
16 40 -2391.8
16 41 -2273.5
16 42 -2162.19
16 43 -2059.96
16 44 -1968.35
16 45 -1888.83
16 46 -1822.38
16 47 -1769.93
16 48 -1732
16 49 -1709.12
16 50 -1701.44
16 51 -1709.12
16 52 -1732
16 53 -1769.93
16 54 -1822.38
16 55 -1888.83
16 56 -1968.35
16 57 -2059.96
16 58 -2162.19
16 59 -2273.5
16 60 -2391.8
16 61 -2514.89
16 62 -2640
16 63 -2764.29
16 64 -2884.38
16 65 -2996.92
16 66 -3098.2
16 67 -3184.68
16 68 -3252.74
16 69 -3299.19
16 70 -3321.12
16 71 -3316.25
16 72 -3283.03
16 73 -3220.71
16 74 -3129.51
16 75 -3010.62
16 76 -2866.18
16 77 -2699.24
16 78 -2513.63
16 79 -2313.76
16 80 -2104.46
16 81 -1890.66
16 82 -1677.27
16 83 -1468.82
16 84 -1269.36
16 85 -1082.26
16 86 -910.096
16 87 -754.649
16 88 -616.872
16 89 -496.971
16 90 -394.491
16 91 -308.471
16 92 -237.442
16 93 -179.811
16 94 -133.714
16 95 -97.3517
16 96 -68.8379
16 97 -46.455
16 98 -28.5474
16 99 -13.5678
16 100 0

17 0 0
17 1 -17.3847
17 2 -36.5157
17 3 -59.1944
17 4 -87.2934
17 5 -122.71
17 6 -167.51
17 7 -223.707
17 8 -293.341
17 9 -378.257
17 10 -480.136
17 11 -600.106
17 12 -738.916
17 13 -896.494
17 14 -1071.98
17 15 -1263.65
17 16 -1468.82
17 17 -1683.93
17 18 -1904.63
17 19 -2125.91
17 20 -2342.4
17 21 -2548.54
17 22 -2738.89
17 23 -2908.43
17 24 -3052.76
17 25 -3168.4
17 26 -3252.81
17 27 -3304.66
17 28 -3323.65
17 29 -3310.63
17 30 -3267.43
17 31 -3196.68
17 32 -3101.73
17 33 -2986.34
17 34 -2854.64
17 35 -2710.74
17 36 -2558.82
17 37 -2402.77
17 38 -2246.29
17 39 -2092.63
17 40 -1944.74
17 41 -1805.05
17 42 -1675.73
17 43 -1558.41
17 44 -1454.56
17 45 -1365.16
17 46 -1291.12
17 47 -1232.95
17 48 -1191.16
17 49 -1165.94
17 50 -1157.55
17 51 -1165.94
17 52 -1191.16
17 53 -1232.95
17 54 -1291.12
17 55 -1365.16
17 56 -1454.56
17 57 -1558.41
17 58 -1675.73
17 59 -1805.05
17 60 -1944.74
17 61 -2092.63
17 62 -2246.29
17 63 -2402.77
17 64 -2558.82
17 65 -2710.74
17 66 -2854.64
17 67 -2986.34
17 68 -3101.73
17 69 -3196.68
17 70 -3267.43
17 71 -3310.63
17 72 -3323.65
17 73 -3304.66
17 74 -3252.81
17 75 -3168.4
17 76 -3052.76
17 77 -2908.43
17 78 -2738.89
17 79 -2548.54
17 80 -2342.4
17 81 -2125.91
17 82 -1904.63
17 83 -1683.93
17 84 -1468.82
17 85 -1263.65
17 86 -1071.98
17 87 -896.494
17 88 -738.916
17 89 -600.106
17 90 -480.136
17 91 -378.257
17 92 -293.341
17 93 -223.707
17 94 -167.51
17 95 -122.71
17 96 -87.2934
17 97 -59.1944
17 98 -36.5157
17 99 -17.3847
17 100 0

18 0 0
18 1 -22.0265
18 2 -46.1472
18 3 -74.5296
18 4 -109.348
18 5 -152.856
18 6 -207.311
18 7 -275.006
18 8 -358.027
18 9 -458.29
18 10 -577.204
18 11 -715.773
18 12 -874.13
18 13 -1051.63
18 14 -1246.62
18 15 -1456.4
18 16 -1677.27
18 17 -1904.63
18 18 -2133.07
18 19 -2356.69
18 20 -2569.36
18 21 -2764.96
18 22 -2937.81
18 23 -3082.91
18 24 -3196.19
18 25 -3274.76
18 26 -3316.96
18 27 -3322.44
18 28 -3292.12
18 29 -3228.06
18 30 -3133.29
18 31 -3011.61
18 32 -2867.4
18 33 -2705.31
18 34 -2530.12
18 35 -2346.52
18 36 -2158.93
18 37 -1971.46
18 38 -1787.7
18 39 -1610.85
18 40 -1443.5
18 41 -1287.88
18 42 -1145.65
18 43 -1018.18
18 44 -906.401
18 45 -811.077
18 46 -732.609
18 47 -671.388
18 48 -627.52
18 49 -601.198
18 50 -592.393
18 51 -601.198
18 52 -627.52
18 53 -671.388
18 54 -732.609
18 55 -811.077
18 56 -906.401
18 57 -1018.18
18 58 -1145.65
18 59 -1287.88
18 60 -1443.5
18 61 -1610.85
18 62 -1787.7
18 63 -1971.46
18 64 -2158.93
18 65 -2346.52
18 66 -2530.12
18 67 -2705.31
18 68 -2867.4
18 69 -3011.61
18 70 -3133.29
18 71 -3228.06
18 72 -3292.12
18 73 -3322.44
18 74 -3316.96
18 75 -3274.76
18 76 -3196.19
18 77 -3082.91
18 78 -2937.81
18 79 -2764.96
18 80 -2569.36
18 81 -2356.69
18 82 -2133.07
18 83 -1904.63
18 84 -1677.27
18 85 -1456.4
18 86 -1246.62
18 87 -1051.63
18 88 -874.13
18 89 -715.773
18 90 -577.204
18 91 -458.29
18 92 -358.027
18 93 -275.006
18 94 -207.311
18 95 -152.856
18 96 -109.348
18 97 -74.5296
18 98 -46.1472
18 99 -22.0265
18 100 0

19 0 0
19 1 -27.5754
19 2 -57.6456
19 3 -92.7242
19 4 -135.38
19 5 -188.162
19 6 -253.618
19 7 -334.106
19 8 -431.864
19 9 -548.653
19 10 -685.72
19 11 -843.484
19 12 -1021.61
19 13 -1218.54
19 14 -1431.71
19 15 -1657.36
19 16 -1890.66
19 17 -2125.91
19 18 -2356.69
19 19 -2576.28
19 20 -2777.89
19 21 -2955.11
19 22 -3102.27
19 23 -3214.67
19 24 -3288.91
19 25 -3323.01
19 26 -3316.44
19 27 -3270.16
19 28 -3186.43
19 29 -3068.68
19 30 -2921.22
19 31 -2748.99
19 32 -2557.33
19 33 -2351.64
19 34 -2137.24
19 35 -1919.11
19 36 -1701.79
19 37 -1489.28
19 38 -1284.99
19 39 -1091.69
19 40 -911.626
19 41 -746.448
19 42 -597.383
19 43 -465.234
19 44 -350.509
19 45 -253.451
19 46 -174.163
19 47 -112.61
19 48 -68.739
19 49 -42.4507
19 50 -33.7005
19 51 -42.4507
19 52 -68.739
19 53 -112.61
19 54 -174.163
19 55 -253.451
19 56 -350.509
19 57 -465.234
19 58 -597.383
19 59 -746.448
19 60 -911.626
19 61 -1091.69
19 62 -1284.99
19 63 -1489.28
19 64 -1701.79
19 65 -1919.11
19 66 -2137.24
19 67 -2351.64
19 68 -2557.33
19 69 -2748.99
19 70 -2921.22
19 71 -3068.68
19 72 -3186.43
19 73 -3270.16
19 74 -3316.44
19 75 -3323.01
19 76 -3288.91
19 77 -3214.67
19 78 -3102.27
19 79 -2955.11
19 80 -2777.89
19 81 -2576.28
19 82 -2356.69
19 83 -2125.91
19 84 -1890.66
19 85 -1657.36
19 86 -1431.71
19 87 -1218.54
19 88 -1021.61
19 89 -843.484
19 90 -685.72
19 91 -548.653
19 92 -431.864
19 93 -334.106
19 94 -253.618
19 95 -188.162
19 96 -135.38
19 97 -92.7242
19 98 -57.6456
19 99 -27.5754
19 100 0

20 0 0
20 1 -34.1132
20 2 -71.1605
20 3 -114.061
20 4 -165.708
20 5 -229.005
20 6 -306.684
20 7 -401.297
20 8 -514.972
20 9 -649.336
20 10 -805.178
20 11 -982.463
20 12 -1179.9
20 13 -1395.12
20 14 -1624.42
20 15 -1862.85
20 16 -2104.46
20 17 -2342.4
20 18 -2569.36
20 19 -2777.89
20 20 -2960.82
20 21 -3111.71
20 22 -3225.18
20 23 -3297.21
20 24 -3325.37
20 25 -3308.91
20 26 -3248.72
20 27 -3147.25
20 28 -3008.26
20 29 -2836.6
20 30 -2637.83
20 31 -2417.97
20 32 -2183.15
20 33 -1939.36
20 34 -1692.2
20 35 -1446.72
20 36 -1207.33
20 37 -977.703
20 38 -760.793
20 39 -558.839
20 40 -373.47
20 41 -205.726
20 42 -56.2136
20 43 74.8493
20 44 187.5
20 45 281.966
20 46 358.567
20 47 417.674
20 48 459.611
20 49 484.66
20 50 492.987
20 51 484.66
20 52 459.611
20 53 417.674
20 54 358.567
20 55 281.966
20 56 187.5
20 57 74.8493
20 58 -56.2136
20 59 -205.726
20 60 -373.47
20 61 -558.839
20 62 -760.793
20 63 -977.703
20 64 -1207.33
20 65 -1446.72
20 66 -1692.2
20 67 -1939.36
20 68 -2183.15
20 69 -2417.97
20 70 -2637.83
20 71 -2836.6
20 72 -3008.26
20 73 -3147.25
20 74 -3248.72
20 75 -3308.91
20 76 -3325.37
20 77 -3297.21
20 78 -3225.18
20 79 -3111.71
20 80 -2960.82
20 81 -2777.89
20 82 -2569.36
20 83 -2342.4
20 84 -2104.46
20 85 -1862.85
20 86 -1624.42
20 87 -1395.12
20 88 -1179.9
20 89 -982.463
20 90 -805.178
20 91 -649.336
20 92 -514.972
20 93 -401.297
20 94 -306.684
20 95 -229.005
20 96 -165.708
20 97 -114.061
20 98 -71.1605
20 99 -34.1132
20 100 0

21 0 0
21 1 -41.7508
21 2 -86.8797
21 3 -138.712
21 4 -200.56
21 5 -275.603
21 6 -366.784
21 7 -476.639
21 8 -607.262
21 9 -759.896
21 10 -934.876
21 11 -1131.33
21 12 -1347.17
21 13 -1578.81
21 14 -1821.4
21 15 -2068.78
21 16 -2313.76
21 17 -2548.54
21 18 -2764.96
21 19 -2955.11
21 20 -3111.71
21 21 -3228.59
21 22 -3301.02
21 23 -3325.99
21 24 -3302.42
21 25 -3231.03
21 26 -3114.37
21 27 -2956.53
21 28 -2762.84
21 29 -2539.51
21 30 -2293.31
21 31 -2031.12
21 32 -1759.69
21 33 -1485.3
21 34 -1213.6
21 35 -949.446
21 36 -696.838
21 37 -458.897
21 38 -237.935
21 39 -35.4728
21 40 147.592
21 41 310.933
21 42 454.633
21 43 579.088
21 44 684.91
21 45 772.785
21 46 843.475
21 47 897.628
21 48 935.871
21 49 958.615
21 50 966.179
21 51 958.615
21 52 935.871
21 53 897.628
21 54 843.475
21 55 772.785
21 56 684.91
21 57 579.088
21 58 454.633
21 59 310.933
21 60 147.592
21 61 -35.4728
21 62 -237.935
21 63 -458.897
21 64 -696.838
21 65 -949.446
21 66 -1213.6
21 67 -1485.3
21 68 -1759.69
21 69 -2031.12
21 70 -2293.31
21 71 -2539.51
21 72 -2762.84
21 73 -2956.53
21 74 -3114.37
21 75 -3231.03
21 76 -3302.42
21 77 -3325.99
21 78 -3301.02
21 79 -3228.59
21 80 -3111.71
21 81 -2955.11
21 82 -2764.96
21 83 -2548.54
21 84 -2313.76
21 85 -2068.78
21 86 -1821.4
21 87 -1578.81
21 88 -1347.17
21 89 -1131.33
21 90 -934.876
21 91 -759.896
21 92 -607.262
21 93 -476.639
21 94 -366.784
21 95 -275.603
21 96 -200.56
21 97 -138.712
21 98 -86.8797
21 99 -41.7508
21 100 0

22 0 0
22 1 -50.5185
22 2 -104.889
22 3 -166.874
22 4 -240.122
22 5 -328.111
22 6 -433.9
22 7 -560.05
22 8 -708.347
22 9 -879.665
22 10 -1073.62
22 11 -1288.53
22 12 -1521.08
22 13 -1766.65
22 14 -2018.99
22 15 -2270.74
22 16 -2513.63
22 17 -2738.89
22 18 -2937.81
22 19 -3102.27
22 20 -3225.18
22 21 -3301.02
22 22 -3326.07
22 23 -3298.71
22 24 -3219.45
22 25 -3090.78
22 26 -2917.04
22 27 -2704.01
22 28 -2458.56
22 29 -2188.21
22 30 -1900.67
22 31 -1603.52
22 32 -1303.79
22 33 -1007.83
22 34 -720.991
22 35 -447.681
22 36 -191.237
22 37 45.9596
22 38 262.434
22 39 457.488
22 40 631.041
22 41 783.555
22 42 915.771
22 43 1028.77
22 44 1123.62
22 45 1201.54
22 46 1263.57
22 47 1310.76
22 48 1343.82
22 49 1363.45
22 50 1369.92
22 51 1363.45
22 52 1343.82
22 53 1310.76
22 54 1263.57
22 55 1201.54
22 56 1123.62
22 57 1028.77
22 58 915.771
22 59 783.555
22 60 631.041
22 61 457.488
22 62 262.434
22 63 45.9596
22 64 -191.237
22 65 -447.681
22 66 -720.991
22 67 -1007.83
22 68 -1303.79
22 69 -1603.52
22 70 -1900.67
22 71 -2188.21
22 72 -2458.56
22 73 -2704.01
22 74 -2917.04
22 75 -3090.78
22 76 -3219.45
22 77 -3298.71
22 78 -3326.07
22 79 -3301.02
22 80 -3225.18
22 81 -3102.27
22 82 -2937.81
22 83 -2738.89
22 84 -2513.63
22 85 -2270.74
22 86 -2018.99
22 87 -1766.65
22 88 -1521.08
22 89 -1288.53
22 90 -1073.62
22 91 -879.665
22 92 -708.347
22 93 -560.05
22 94 -433.9
22 95 -328.111
22 96 -240.122
22 97 -166.874
22 98 -104.889
22 99 -50.5185
22 100 0

23 0 0
23 1 -60.4883
23 2 -125.294
23 3 -198.609
23 4 -284.458
23 5 -386.514
23 6 -507.939
23 7 -651.152
23 8 -817.648
23 9 -1007.64
23 10 -1220
23 11 -1451.95
23 12 -1699.1
23 13 -1955.36
23 14 -2213.35
23 15 -2464.4
23 16 -2699.24
23 17 -2908.43
23 18 -3082.91
23 19 -3214.67
23 20 -3297.21
23 21 -3325.99
23 22 -3298.71
23 23 -3215.43
23 24 -3078.49
23 25 -2892.33
23 26 -2663.14
23 27 -2398.39
23 28 -2106.36
23 29 -1795.66
23 30 -1474.74
23 31 -1151.52
23 32 -833.071
23 33 -525.399
23 34 -233.356
23 35 39.4149
23 36 290.425
23 37 518.217
23 38 722.273
23 39 902.775
23 40 1060.54
23 41 1196.73
23 42 1312.84
23 43 1410.43
23 44 1491.15
23 45 1556.49
23 46 1607.92
23 47 1646.58
23 48 1673.5
23 49 1689.35
23 50 1694.6
23 51 1689.35
23 52 1673.5
23 53 1646.58
23 54 1607.92
23 55 1556.49
23 56 1491.15
23 57 1410.43
23 58 1312.84
23 59 1196.73
23 60 1060.54
23 61 902.775
23 62 722.273
23 63 518.217
23 64 290.425
23 65 39.4149
23 66 -233.356
23 67 -525.399
23 68 -833.071
23 69 -1151.52
23 70 -1474.74
23 71 -1795.66
23 72 -2106.36
23 73 -2398.39
23 74 -2663.14
23 75 -2892.33
23 76 -3078.49
23 77 -3215.43
23 78 -3298.71
23 79 -3325.99
23 80 -3297.21
23 81 -3214.67
23 82 -3082.91
23 83 -2908.43
23 84 -2699.24
23 85 -2464.4
23 86 -2213.35
23 87 -1955.36
23 88 -1699.1
23 89 -1451.95
23 90 -1220
23 91 -1007.64
23 92 -817.648
23 93 -651.152
23 94 -507.939
23 95 -386.514
23 96 -284.458
23 97 -198.609
23 98 -125.294
23 99 -60.4883
23 100 0

24 0 0
24 1 -71.6717
24 2 -148.114
24 3 -233.95
24 4 -333.515
24 5 -450.68
24 6 -588.584
24 7 -749.447
24 8 -934.241
24 9 -1142.55
24 10 -1372.23
24 11 -1619.4
24 12 -1878.3
24 13 -2141.64
24 14 -2400.59
24 15 -2645.48
24 16 -2866.19
24 17 -3052.76
24 18 -3196.19
24 19 -3288.91
24 20 -3325.37
24 21 -3302.42
24 22 -3219.45
24 23 -3078.49
24 24 -2883.93
24 25 -2642.2
24 26 -2361.35
24 27 -2050.4
24 28 -1718.85
24 29 -1376.13
24 30 -1031.08
24 31 -691.668
24 32 -364.613
24 33 -55.3479
24 34 232.129
24 35 495.118
24 36 732.161
24 37 942.87
24 38 1127.68
24 39 1287.77
24 40 1424.7
24 41 1540.44
24 42 1636.99
24 43 1716.5
24 44 1780.9
24 45 1832.1
24 46 1871.65
24 47 1900.99
24 48 1921.14
24 49 1932.93
24 50 1936.79
24 51 1932.93
24 52 1921.14
24 53 1900.99
24 54 1871.65
24 55 1832.1
24 56 1780.9
24 57 1716.5
24 58 1636.99
24 59 1540.44
24 60 1424.7
24 61 1287.77
24 62 1127.68
24 63 942.87
24 64 732.161
24 65 495.118
24 66 232.129
24 67 -55.3479
24 68 -364.613
24 69 -691.668
24 70 -1031.08
24 71 -1376.13
24 72 -1718.85
24 73 -2050.4
24 74 -2361.35
24 75 -2642.2
24 76 -2883.93
24 77 -3078.49
24 78 -3219.45
24 79 -3302.42
24 80 -3325.37
24 81 -3288.91
24 82 -3196.19
24 83 -3052.76
24 84 -2866.19
24 85 -2645.48
24 86 -2400.59
24 87 -2141.64
24 88 -1878.3
24 89 -1619.4
24 90 -1372.23
24 91 -1142.55
24 92 -934.241
24 93 -749.447
24 94 -588.584
24 95 -450.68
24 96 -333.515
24 97 -233.95
24 98 -148.114
24 99 -71.6717
24 100 0

25 0 0
25 1 -84.0526
25 2 -173.323
25 3 -272.826
25 4 -387.172
25 5 -520.311
25 6 -675.333
25 7 -854.12
25 8 -1057.08
25 9 -1282.88
25 10 -1528.37
25 11 -1788.37
25 12 -2055.84
25 13 -2322.03
25 14 -2577.03
25 15 -2810.14
25 16 -3010.62
25 17 -3168.4
25 18 -3274.76
25 19 -3323
25 20 -3308.91
25 21 -3231.03
25 22 -3090.78
25 23 -2892.33
25 24 -2642.2
25 25 -2348.85
25 26 -2022.02
25 27 -1672.08
25 28 -1309.5
25 29 -944.133
25 30 -584.945
25 31 -239.511
25 32 86.0571
25 33 387.264
25 34 661.147
25 35 906.134
25 36 1121.96
25 37 1309.25
25 38 1469.55
25 39 1604.81
25 40 1717.48
25 41 1810.01
25 42 1885.03
25 43 1944.95
25 44 1992.06
25 45 2028.4
25 46 2055.7
25 47 2075.44
25 48 2088.73
25 49 2096.38
25 50 2098.87
25 51 2096.38
25 52 2088.73
25 53 2075.44
25 54 2055.7
25 55 2028.4
25 56 1992.06
25 57 1944.95
25 58 1885.03
25 59 1810.01
25 60 1717.48
25 61 1604.81
25 62 1469.55
25 63 1309.25
25 64 1121.96
25 65 906.134
25 66 661.147
25 67 387.264
25 68 86.0571
25 69 -239.511
25 70 -584.945
25 71 -944.133
25 72 -1309.5
25 73 -1672.08
25 74 -2022.02
25 75 -2348.85
25 76 -2642.2
25 77 -2892.33
25 78 -3090.78
25 79 -3231.03
25 80 -3308.91
25 81 -3323
25 82 -3274.76
25 83 -3168.4
25 84 -3010.62
25 85 -2810.14
25 86 -2577.03
25 87 -2322.03
25 88 -2055.84
25 89 -1788.37
25 90 -1528.37
25 91 -1282.88
25 92 -1057.08
25 93 -854.12
25 94 -675.333
25 95 -520.311
25 96 -387.172
25 97 -272.826
25 98 -173.323
25 99 -84.0526
25 100 0

26 0 0
26 1 -97.6246
26 2 -200.856
26 3 -315.072
26 4 -445.111
26 5 -594.977
26 6 -767.546
26 7 -964.268
26 8 -1184.81
26 9 -1426.95
26 10 -1686.28
26 11 -1956.34
26 12 -2228.7
26 13 -2493.39
26 14 -2739.3
26 15 -2955.04
26 16 -3129.52
26 17 -3252.81
26 18 -3316.96
26 19 -3316.44
26 20 -3248.72
26 21 -3114.37
26 22 -2917.04
26 23 -2663.14
26 24 -2361.35
26 25 -2022.02
26 26 -1656.38
26 27 -1275.91
26 28 -891.64
26 29 -513.57
26 30 -150.303
26 31 191.23
26 32 505.908
26 33 790.371
26 34 1042.87
26 35 1263.14
26 36 1452
26 37 1611.31
26 38 1743.43
26 39 1851.23
26 40 1937.7
26 41 2005.86
26 42 2058.65
26 43 2098.75
26 44 2128.6
26 45 2150.32
26 46 2165.69
26 47 2176.16
26 48 2182.86
26 49 2186.56
26 50 2187.74
26 51 2186.56
26 52 2182.86
26 53 2176.16
26 54 2165.69
26 55 2150.32
26 56 2128.6
26 57 2098.75
26 58 2058.65
26 59 2005.86
26 60 1937.7
26 61 1851.23
26 62 1743.43
26 63 1611.31
26 64 1452
26 65 1263.14
26 66 1042.87
26 67 790.371
26 68 505.908
26 69 191.23
26 70 -150.303
26 71 -513.57
26 72 -891.64
26 73 -1275.91
26 74 -1656.38
26 75 -2022.02
26 76 -2361.35
26 77 -2663.14
26 78 -2917.04
26 79 -3114.37
26 80 -3248.72
26 81 -3316.44
26 82 -3316.96
26 83 -3252.81
26 84 -3129.52
26 85 -2955.04
26 86 -2739.3
26 87 -2493.39
26 88 -2228.7
26 89 -1956.34
26 90 -1686.28
26 91 -1426.95
26 92 -1184.81
26 93 -964.268
26 94 -767.546
26 95 -594.977
26 96 -445.111
26 97 -315.072
26 98 -200.856
26 99 -97.6246
26 100 0

27 0 0
27 1 -112.286
27 2 -230.551
27 3 -360.461
27 4 -506.995
27 5 -674.094
27 6 -864.38
27 7 -1078.74
27 8 -1316.04
27 9 -1572.91
27 10 -1843.79
27 11 -2120.79
27 12 -2394.18
27 13 -2652.73
27 14 -2884.52
27 15 -3077.53
27 16 -3220.71
27 17 -3304.65
27 18 -3322.44
27 19 -3270.16
27 20 -3147.25
27 21 -2956.53
27 22 -2704.01
27 23 -2398.38
27 24 -2050.4
27 25 -1672.08
27 26 -1275.91
27 27 -874.091
27 28 -477.845
27 29 -96.8911
27 30 260.814
27 31 589.386
27 32 884.913
27 33 1145.32
27 34 1370.29
27 35 1560.76
27 36 1718.83
27 37 1847.27
27 38 1949.39
27 39 2028.66
27 40 2088.59
27 41 2132.55
27 42 2163.68
27 43 2184.79
27 44 2198.34
27 45 2206.42
27 46 2210.78
27 47 2212.77
27 48 2213.48
27 49 2213.6
27 50 2213.6
27 51 2213.6
27 52 2213.48
27 53 2212.77
27 54 2210.78
27 55 2206.42
27 56 2198.34
27 57 2184.79
27 58 2163.68
27 59 2132.55
27 60 2088.59
27 61 2028.66
27 62 1949.39
27 63 1847.27
27 64 1718.83
27 65 1560.76
27 66 1370.29
27 67 1145.32
27 68 884.913
27 69 589.386
27 70 260.814
27 71 -96.8911
27 72 -477.845
27 73 -874.091
27 74 -1275.91
27 75 -1672.08
27 76 -2050.4
27 77 -2398.38
27 78 -2704.01
27 79 -2956.53
27 80 -3147.25
27 81 -3270.16
27 82 -3322.44
27 83 -3304.65
27 84 -3220.71
27 85 -3077.53
27 86 -2884.52
27 87 -2652.73
27 88 -2394.18
27 89 -2120.79
27 90 -1843.79
27 91 -1572.91
27 92 -1316.04
27 93 -1078.74
27 94 -864.38
27 95 -674.094
27 96 -506.995
27 97 -360.461
27 98 -230.551
27 99 -112.286
27 100 0

28 0 0
28 1 -127.985
28 2 -262.233
28 3 -408.647
28 4 -572.288
28 5 -756.969
28 6 -964.902
28 7 -1196.33
28 8 -1449.16
28 9 -1718.94
28 10 -1998.71
28 11 -2279.3
28 12 -2549.68
28 13 -2797.6
28 14 -3010.34
28 15 -3175.77
28 16 -3283.03
28 17 -3323.64
28 18 -3292.13
28 19 -3186.43
28 20 -3008.26
28 21 -2762.84
28 22 -2458.56
28 23 -2106.36
28 24 -1718.85
28 25 -1309.49
28 26 -891.64
28 27 -477.845
28 28 -79.1149
28 29 295.438
28 30 638.915
