0 0 0
0 1 0
0 2 0
0 3 0
0 4 0
0 5 0
0 6 0
0 7 0
0 8 0
0 9 0
0 10 0
0 11 0
0 12 0
0 13 0
0 14 0
0 15 0
0 16 0
0 17 0
0 18 0
0 19 0
0 20 0
0 21 0
0 22 0
0 23 0
0 24 0
0 25 0
0 26 0
0 27 0
0 28 0
0 29 0
0 30 0
0 31 0
0 32 0
0 33 0
0 34 0
0 35 0
0 36 0
0 37 0
0 38 0
0 39 0
0 40 0
0 41 0
0 42 0
0 43 0
0 44 0
0 45 0
0 46 0
0 47 0
0 48 0
0 49 0
0 50 0
0 51 0
0 52 0
0 53 0
0 54 0
0 55 0
0 56 0
0 57 0
0 58 0
0 59 0
0 60 0
0 61 0
0 62 0
0 63 0
0 64 0
0 65 0
0 66 0
0 67 0
0 68 0
0 69 0
0 70 0
0 71 0
0 72 0
0 73 0
0 74 0
0 75 0
0 76 0
0 77 0
0 78 0
0 79 0
0 80 0
0 81 0
0 82 0
0 83 0
0 84 0
0 85 0
0 86 0
0 87 0
0 88 0
0 89 0
0 90 0
0 91 0
0 92 0
0 93 0
0 94 0
0 95 0
0 96 0
0 97 0
0 98 0
0 99 0
0 100 0

1 0 0
1 1 -3.34581
1 2 -6.96112
1 3 -11.0846
1 4 -15.9749
1 5 -21.8975
1 6 -29.0965
1 7 -37.844
1 8 -48.3737
1 9 -60.9412
1 10 -75.6986
1 11 -92.7308
1 12 -112.214
1 13 -134.093
1 14 -158.295
1 15 -184.693
1 16 -212.966
1 17 -242.799
1 18 -273.751
1 19 -305.301
1 20 -336.909
1 21 -367.949
1 22 -397.836
1 23 -425.959
1 24 -451.755
1 25 -474.737
1 26 -494.451
1 27 -510.595
1 28 -522.906
1 29 -531.289
1 30 -535.713
1 31 -536.282
1 32 -533.182
1 33 -526.693
1 34 -517.173
1 35 -505.023
1 36 -490.712
1 37 -474.707
1 38 -457.517
1 39 -439.624
1 40 -421.527
1 41 -403.668
1 42 -386.495
1 43 -370.388
1 44 -355.707
1 45 -342.761
1 46 -331.806
1 47 -323.068
1 48 -316.702
1 49 -312.839
1 50 -311.54
1 51 -312.839
1 52 -316.702
1 53 -323.068
1 54 -331.806
1 55 -342.761
1 56 -355.707
1 57 -370.388
1 58 -386.495
1 59 -403.668
1 60 -421.527
1 61 -439.624
1 62 -457.517
1 63 -474.707
1 64 -490.712
1 65 -505.023
1 66 -517.173
1 67 -526.693
1 68 -533.182
1 69 -536.282
1 70 -535.713
1 71 -531.289
1 72 -522.906
1 73 -510.595
1 74 -494.451
1 75 -474.737
1 76 -451.755
1 77 -425.959
1 78 -397.836
1 79 -367.949
1 80 -336.909
1 81 -305.301
1 82 -273.751
1 83 -242.799
1 84 -212.966
1 85 -184.693
1 86 -158.295
1 87 -134.093
1 88 -112.214
1 89 -92.7308
1 90 -75.6986
1 91 -60.9412
1 92 -48.3737
1 93 -37.844
1 94 -29.0965
1 95 -21.8975
1 96 -15.9749
1 97 -11.0846
1 98 -6.96112
1 99 -3.34581
1 100 0

2 0 0
2 1 -6.96112
2 2 -14.4532
2 3 -22.9584
2 4 -33.0212
2 5 -45.1702
2 6 -59.9364
2 7 -77.7985
2 8 -99.2214
2 9 -124.641
2 10 -154.438
2 11 -188.839
2 12 -227.907
2 13 -271.736
2 14 -320.088
2 15 -372.576
2 16 -428.665
2 17 -487.616
2 18 -548.559
2 19 -610.451
2 20 -672.196
2 21 -732.582
2 22 -790.432
2 23 -844.571
2 24 -893.91
2 25 -937.499
2 26 -974.512
2 27 -1004.35
2 28 -1026.59
2 29 -1041.04
2 30 -1047.72
2 31 -1046.84
2 32 -1038.83
2 33 -1024.25
2 34 -1003.85
2 35 -978.415
2 36 -948.893
2 37 -916.196
2 38 -881.334
2 39 -845.249
2 40 -808.898
2 41 -773.166
2 42 -738.885
2 43 -706.821
2 44 -677.644
2 45 -651.956
2 46 -630.249
2 47 -612.945
2 48 -600.353
2 49 -592.712
2 50 -590.146
2 51 -592.712
2 52 -600.353
2 53 -612.945
2 54 -630.249
2 55 -651.956
2 56 -677.644
2 57 -706.821
2 58 -738.885
2 59 -773.166
2 60 -808.898
2 61 -845.249
2 62 -881.334
2 63 -916.196
2 64 -948.893
2 65 -978.415
2 66 -1003.85
2 67 -1024.25
2 68 -1038.83
2 69 -1046.84
2 70 -1047.72
2 71 -1041.04
2 72 -1026.59
2 73 -1004.35
2 74 -974.512
2 75 -937.499
2 76 -893.91
2 77 -844.571
2 78 -790.432
2 79 -732.582
2 80 -672.196
2 81 -610.451
2 82 -548.559
2 83 -487.616
2 84 -428.665
2 85 -372.576
2 86 -320.088
2 87 -271.736
2 88 -227.907
2 89 -188.839
2 90 -154.438
2 91 -124.641
2 92 -99.2214
2 93 -77.7985
2 94 -59.9364
2 95 -45.1702
2 96 -33.0212
2 97 -22.9584
2 98 -14.4532
2 99 -6.96112
2 100 0

3 0 0
3 1 -11.0846
3 2 -22.9584
3 3 -36.4196
3 4 -52.2516
3 5 -71.2687
3 6 -94.2151
3 7 -121.854
3 8 -154.854
3 9 -193.83
3 10 -239.257
3 11 -291.388
3 12 -350.446
3 13 -416.24
3 14 -488.453
3 15 -566.471
3 16 -649.351
3 17 -735.989
3 18 -824.995
3 19 -914.83
3 20 -1003.81
3 21 -1090.19
3 22 -1172.23
3 23 -1248.27
3 24 -1316.75
3 25 -1376.36
3 26 -1425.99
3 27 -1464.86
3 28 -1492.46
3 29 -1508.61
3 30 -1513.43
3 31 -1507.36
3 32 -1491.06
3 33 -1465.47
3 34 -1431.67
3 35 -1390.93
3 36 -1344.57
3 37 -1294.01
3 38 -1240.66
3 39 -1185.92
3 40 -1131.13
3 41 -1077.57
3 42 -1026.42
3 43 -978.744
3 44 -935.499
3 45 -897.511
3 46 -865.482
3 47 -839.982
3 48 -821.45
3 49 -810.21
3 50 -806.438
3 51 -810.21
3 52 -821.45
3 53 -839.982
3 54 -865.482
3 55 -897.511
3 56 -935.499
3 57 -978.744
3 58 -1026.42
3 59 -1077.57
3 60 -1131.13
3 61 -1185.92
3 62 -1240.66
3 63 -1294.01
3 64 -1344.57
3 65 -1390.93
3 66 -1431.67
3 67 -1465.47
3 68 -1491.06
3 69 -1507.36
3 70 -1513.43
3 71 -1508.61
3 72 -1492.46
3 73 -1464.86
3 74 -1425.99
3 75 -1376.36
3 76 -1316.75
3 77 -1248.27
3 78 -1172.23
3 79 -1090.19
3 80 -1003.81
3 81 -914.83
3 82 -824.995
3 83 -735.989
3 84 -649.351
3 85 -566.471
3 86 -488.453
3 87 -416.24
3 88 -350.446
3 89 -291.388
3 90 -239.257
3 91 -193.83
3 92 -154.854
3 93 -121.854
3 94 -94.2151
3 95 -71.2687
3 96 -52.2516
3 97 -36.4196
3 98 -22.9584
3 99 -11.0846
3 100 0

4 0 0
4 1 -15.9749
4 2 -33.0212
4 3 -52.2516
4 4 -74.7465
4 5 -101.516
4 6 -133.619
4 7 -171.992
4 8 -217.549
4 9 -270.982
4 10 -332.758
4 11 -403.314
4 12 -482.582
4 13 -570.338
4 14 -665.943
4 15 -768.427
4 16 -876.534
4 17 -988.587
4 18 -1102.73
4 19 -1216.89
4 20 -1328.82
4 21 -1436.28
4 22 -1537.05
4 23 -1629.04
4 24 -1710.41
4 25 -1779.54
4 26 -1835.25
4 27 -1876.64
4 28 -1903.31
4 29 -1915.16
4 30 -1912.58
4 31 -1896.25
4 32 -1867.21
4 33 -1826.75
4 34 -1776.37
4 35 -1717.75
4 36 -1652.63
4 37 -1582.83
4 38 -1510.15
4 39 -1436.36
4 40 -1363.14
4 41 -1292.05
4 42 -1224.55
4 43 -1161.94
4 44 -1105.37
4 45 -1055.84
4 46 -1014.2
4 47 -981.097
4 48 -957.093
4 49 -942.53
4 50 -937.661
4 51 -942.53
4 52 -957.093
4 53 -981.097
4 54 -1014.2
4 55 -1055.84
4 56 -1105.37
4 57 -1161.94
4 58 -1224.55
4 59 -1292.05
4 60 -1363.14
4 61 -1436.36
4 62 -1510.15
4 63 -1582.83
4 64 -1652.63
4 65 -1717.75
4 66 -1776.37
4 67 -1826.75
4 68 -1867.21
4 69 -1896.25
4 70 -1912.58
4 71 -1915.16
4 72 -1903.31
4 73 -1876.64
4 74 -1835.25
4 75 -1779.54
4 76 -1710.41
4 77 -1629.04
4 78 -1537.05
4 79 -1436.28
4 80 -1328.82
4 81 -1216.89
4 82 -1102.73
4 83 -988.587
4 84 -876.534
4 85 -768.427
4 86 -665.943
4 87 -570.338
4 88 -482.582
4 89 -403.314
4 90 -332.758
4 91 -270.982
4 92 -217.549
4 93 -171.992
4 94 -133.619
4 95 -101.516
4 96 -74.7465
4 97 -52.2516
4 98 -33.0212
4 99 -15.9749
4 100 0

5 0 0
5 1 -21.8975
5 2 -45.1702
5 3 -71.2687
5 4 -101.516
5 5 -137.242
5 6 -179.714
5 7 -230.102
5 8 -289.359
5 9 -358.221
5 10 -437.316
5 11 -526.821
5 12 -626.573
5 13 -735.969
5 14 -854.117
5 15 -979.558
5 16 -1110.53
5 17 -1244.9
5 18 -1380.2
5 19 -1513.88
5 20 -1643.15
5 21 -1765.38
5 22 -1877.93
5 23 -1978.47
5 24 -2064.95
5 25 -2135.7
5 26 -2189.53
5 27 -2225.7
5 28 -2243.96
5 29 -2244.57
5 30 -2228.18
5 31 -2195.92
5 32 -2149.18
5 33 -2089.71
5 34 -2019.39
5 35 -1940.33
5 36 -1854.63
5 37 -1764.47
5 38 -1671.94
5 39 -1579.11
5 40 -1487.87
5 41 -1400.02
5 42 -1317.17
5 43 -1240.75
5 44 -1172.04
5 45 -1112.11
5 46 -1061.87
5 47 -1022.05
5 48 -993.214
5 49 -975.753
5 50 -969.91
5 51 -975.753
5 52 -993.214
5 53 -1022.05
5 54 -1061.87
5 55 -1112.11
5 56 -1172.04
5 57 -1240.75
5 58 -1317.17
5 59 -1400.02
5 60 -1487.87
5 61 -1579.11
5 62 -1671.94
5 63 -1764.47
5 64 -1854.63
5 65 -1940.33
5 66 -2019.39
5 67 -2089.71
5 68 -2149.18
5 69 -2195.92
5 70 -2228.18
5 71 -2244.57
5 72 -2243.96
5 73 -2225.7
5 74 -2189.53
5 75 -2135.7
5 76 -2064.95
5 77 -1978.47
5 78 -1877.93
5 79 -1765.38
5 80 -1643.15
5 81 -1513.88
5 82 -1380.2
5 83 -1244.9
5 84 -1110.53
5 85 -979.558
5 86 -854.117
5 87 -735.969
5 88 -626.573
5 89 -526.821
5 90 -437.316
5 91 -358.221
5 92 -289.359
5 93 -230.102
5 94 -179.714
5 95 -137.242
5 96 -101.516
5 97 -71.2687
5 98 -45.1702
5 99 -21.8975
5 100 0

6 0 0
6 1 -29.0965
6 2 -59.9364
6 3 -94.2151
6 4 -133.619
6 5 -179.714
6 6 -233.999
6 7 -297.738
6 8 -371.946
6 9 -457.481
6 10 -554.687
6 11 -663.599
6 12 -783.744
6 13 -914.18
6 14 -1053.41
6 15 -1199.59
6 16 -1350.34
6 17 -1502.93
6 18 -1654.44
6 19 -1801.69
6 20 -1941.58
6 21 -2071.04
6 22 -2187.3
6 23 -2287.83
6 24 -2370.65
6 25 -2434.17
6 26 -2477.43
6 27 -2499.99
6 28 -2502
6 29 -2484.12
6 30 -2447.48
6 31 -2393.65
6 32 -2324.52
6 33 -2242.24
6 34 -2149.12
6 35 -2047.6
6 36 -1940.14
6 37 -1829.14
6 38 -1716.96
6 39 -1605.77
6 40 -1497.65
6 41 -1394.45
6 42 -1297.85
6 43 -1209.31
6 44 -1130.13
6 45 -1061.38
6 46 -1003.95
6 47 -958.554
6 48 -925.754
6 49 -905.915
6 50 -899.283
6 51 -905.915
6 52 -925.754
6 53 -958.554
6 54 -1003.95
6 55 -1061.38
6 56 -1130.13
6 57 -1209.31
6 58 -1297.85
6 59 -1394.45
6 60 -1497.65
6 61 -1605.77
6 62 -1716.96
6 63 -1829.14
6 64 -1940.14
6 65 -2047.6
6 66 -2149.12
6 67 -2242.24
6 68 -2324.52
6 69 -2393.65
6 70 -2447.48
6 71 -2484.12
6 72 -2502
6 73 -2499.99
6 74 -2477.43
6 75 -2434.17
6 76 -2370.65
6 77 -2287.83
6 78 -2187.3
6 79 -2071.04
6 80 -1941.58
6 81 -1801.69
6 82 -1654.44
6 83 -1502.93
6 84 -1350.34
6 85 -1199.59
6 86 -1053.41
6 87 -914.18
6 88 -783.744
6 89 -663.599
6 90 -554.687
6 91 -457.481
6 92 -371.946
6 93 -297.738
6 94 -233.999
6 95 -179.714
6 96 -133.619
6 97 -94.2151
6 98 -59.9364
6 99 -29.0965
6 100 0

7 0 0
7 1 -37.844
7 2 -77.7985
7 3 -121.854
7 4 -171.992
7 5 -230.102
7 6 -297.738
7 7 -376.258
7 8 -466.818
7 9 -569.996
7 10 -686.014
7 11 -814.484
7 12 -954.559
7 13 -1104.76
7 14 -1263.08
7 15 -1426.95
7 16 -1593.46
7 17 -1759.31
7 18 -1920.97
7 19 -2074.92
7 20 -2217.67
7 21 -2346.02
7 22 -2457.07
7 23 -2548.47
7 24 -2618.35
7 25 -2665.55
7 26 -2689.47
7 27 -2690.2
7 28 -2668.39
7 29 -2625.3
7 30 -2562.61
7 31 -2482.4
7 32 -2387.07
7 33 -2279.17
7 34 -2161.42
7 35 -2036.52
7 36 -1907.16
7 37 -1775.92
7 38 -1645.23
7 39 -1517.34
7 40 -1394.31
7 41 -1277.98
7 42 -1169.94
7 43 -1071.61
7 44 -984.168
7 45 -908.617
7 46 -845.75
7 47 -796.227
7 48 -760.509
7 49 -738.958
7 50 -731.742
7 51 -738.958
7 52 -760.509
7 53 -796.227
7 54 -845.75
7 55 -908.617
7 56 -984.168
7 57 -1071.61
7 58 -1169.94
7 59 -1277.98
7 60 -1394.31
7 61 -1517.34
7 62 -1645.23
7 63 -1775.92
7 64 -1907.16
7 65 -2036.52
7 66 -2161.42
7 67 -2279.17
7 68 -2387.07
7 69 -2482.4
7 70 -2562.61
7 71 -2625.3
7 72 -2668.39
7 73 -2690.2
7 74 -2689.47
7 75 -2665.55
7 76 -2618.35
7 77 -2548.47
7 78 -2457.07
7 79 -2346.02
7 80 -2217.67
7 81 -2074.92
7 82 -1920.97
7 83 -1759.31
7 84 -1593.46
7 85 -1426.95
7 86 -1263.08
7 87 -1104.76
7 88 -954.559
7 89 -814.484
7 90 -686.014
7 91 -569.996
7 92 -466.818
7 93 -376.258
7 94 -297.738
7 95 -230.102
7 96 -171.992
7 97 -121.854
7 98 -77.7985
7 99 -37.844
7 100 0

8 0 0
8 1 -48.3737
8 2 -99.2214
8 3 -154.854
8 4 -217.549
8 5 -289.359
8 6 -371.946
8 7 -466.818
8 8 -574.874
8 9 -696.536
8 10 -831.646
8 11 -979.419
8 12 -1138.38
8 13 -1306.47
8 14 -1480.95
8 15 -1658.69
8 16 -1836.03
8 17 -2009.13
8 18 -2174.11
8 19 -2326.99
8 20 -2464.24
8 21 -2582.54
8 22 -2679.23
8 23 -2752.21
8 24 -2800.1
8 25 -2822.23
8 26 -2818.68
8 27 -2790.16
8 28 -2738.06
8 29 -2664.24
8 30 -2571.04
8 31 -2461.08
8 32 -2337.24
8 33 -2202.44
8 34 -2059.71
8 35 -1911.93
8 36 -1761.93
8 37 -1612.3
8 38 -1465.47
8 39 -1323.59
8 40 -1188.59
8 41 -1062.16
8 42 -945.72
8 43 -840.51
8 44 -747.519
8 45 -667.6
8 46 -601.377
8 47 -549.39
8 48 -511.99
8 49 -489.459
8 50 -481.923
8 51 -489.459
8 52 -511.99
8 53 -549.39
8 54 -601.377
8 55 -667.6
8 56 -747.519
8 57 -840.51
8 58 -945.72
8 59 -1062.16
8 60 -1188.59
8 61 -1323.59
8 62 -1465.47
8 63 -1612.3
8 64 -1761.93
8 65 -1911.93
8 66 -2059.71
8 67 -2202.44
8 68 -2337.24
8 69 -2461.08
8 70 -2571.04
8 71 -2664.24
8 72 -2738.06
8 73 -2790.16
8 74 -2818.68
8 75 -2822.23
8 76 -2800.1
8 77 -2752.21
8 78 -2679.23
8 79 -2582.54
8 80 -2464.24
8 81 -2326.99
8 82 -2174.11
8 83 -2009.13
8 84 -1836.03
8 85 -1658.69
8 86 -1480.95
8 87 -1306.47
8 88 -1138.38
8 89 -979.419
8 90 -831.646
8 91 -696.536
8 92 -574.874
8 93 -466.818
8 94 -371.946
8 95 -289.359
8 96 -217.549
8 97 -154.854
8 98 -99.2214
8 99 -48.3737
8 100 0

9 0 0
9 1 -60.9413
9 2 -124.641
9 3 -193.83
9 4 -270.982
9 5 -358.221
9 6 -457.481
9 7 -569.996
9 8 -696.536
9 9 -837.174
9 10 -991.261
9 11 -1157.4
9 12 -1333.5
9 13 -1516.73
9 14 -1703.68
9 15 -1890.43
9 16 -2072.81
9 17 -2246.47
9 18 -2407.1
9 19 -2550.73
9 20 -2673.67
9 21 -2772.96
9 22 -2846.25
9 23 -2892.03
9 24 -2909.55
9 25 -2898.95
9 26 -2861.05
9 27 -2797.42
9 28 -2710.18
9 29 -2601.95
9 30 -2475.68
9 31 -2334.53
9 32 -2181.76
9 33 -2020.66
9 34 -1854.36
9 35 -1685.89
9 36 -1518
9 37 -1353.23
9 38 -1193.8
9 39 -1041.68
9 40 -898.534
9 41 -765.783
9 42 -644.584
9 43 -535.896
9 44 -440.467
9 45 -358.893
9 46 -291.623
9 47 -238.998
9 48 -201.248
9 49 -178.541
9 50 -170.959
9 51 -178.541
9 52 -201.248
9 53 -238.998
9 54 -291.623
9 55 -358.893
9 56 -440.467
9 57 -535.896
9 58 -644.584
9 59 -765.783
9 60 -898.534
9 61 -1041.68
9 62 -1193.8
9 63 -1353.23
9 64 -1518
9 65 -1685.89
9 66 -1854.36
9 67 -2020.66
9 68 -2181.76
9 69 -2334.53
9 70 -2475.68
9 71 -2601.95
9 72 -2710.18
9 73 -2797.42
9 74 -2861.05
9 75 -2898.95
9 76 -2909.55
9 77 -2892.03
9 78 -2846.25
9 79 -2772.96
9 80 -2673.67
9 81 -2550.73
9 82 -2407.1
9 83 -2246.47
9 84 -2072.81
9 85 -1890.43
9 86 -1703.68
9 87 -1516.73
9 88 -1333.5
9 89 -1157.4
9 90 -991.261
9 91 -837.174
9 92 -696.536
9 93 -569.996
9 94 -457.481
9 95 -358.221
9 96 -270.982
9 97 -193.83
9 98 -124.641
9 99 -60.9413
9 100 0

10 0 0
10 1 -75.6986
10 2 -154.438
10 3 -239.257
10 4 -332.758
10 5 -437.315
10 6 -554.687
10 7 -686.014
10 8 -831.647
10 9 -991.261
10 10 -1163.57
10 11 -1346.49
10 12 -1537.14
10 13 -1731.91
10 14 -1926.67
10 15 -2116.84
10 16 -2297.65
10 17 -2464.45
10 18 -2612.75
10 19 -2738.57
10 20 -2838.59
10 21 -2910.21
10 22 -2951.82
10 23 -2962.6
10 24 -2942.77
10 25 -2893.31
10 26 -2816.05
10 27 -2713.42
10 28 -2588.38
10 29 -2444.27
10 30 -2284.59
10 31 -2112.99
10 32 -1933.04
10 33 -1748.17
10 34 -1561.58
10 35 -1376.21
10 36 -1194.67
10 37 -1019.22
10 38 -851.829
10 39 -694.078
10 40 -547.32
10 41 -412.568
10 42 -290.672
10 43 -182.208
10 44 -87.6529
10 45 -7.2901
10 46 58.6369
10 47 110.028
10 48 146.764
10 49 168.834
10 50 176.181
10 51 168.834
10 52 146.764
10 53 110.028
10 54 58.6369
10 55 -7.2901
10 56 -87.6529
10 57 -182.208
10 58 -290.672
10 59 -412.568
10 60 -547.32
10 61 -694.078
10 62 -851.829
10 63 -1019.22
10 64 -1194.67
10 65 -1376.21
10 66 -1561.58
10 67 -1748.17
10 68 -1933.04
10 69 -2112.99
10 70 -2284.59
10 71 -2444.27
10 72 -2588.38
10 73 -2713.42
10 74 -2816.05
10 75 -2893.31
10 76 -2942.77
10 77 -2962.6
10 78 -2951.82
10 79 -2910.21
10 80 -2838.59
10 81 -2738.57
10 82 -2612.75
10 83 -2464.45
10 84 -2297.65
10 85 -2116.84
10 86 -1926.67
10 87 -1731.91
10 88 -1537.14
10 89 -1346.49
10 90 -1163.57
10 91 -991.261
10 92 -831.647
10 93 -686.014
10 94 -554.687
10 95 -437.315
10 96 -332.758
10 97 -239.257
10 98 -154.438
10 99 -75.6986
10 100 0

11 0 0
11 1 -92.7308
11 2 -188.839
11 3 -291.388
11 4 -403.314
11 5 -526.821
11 6 -663.599
11 7 -814.484
11 8 -979.418
11 9 -1157.4
11 10 -1346.49
11 11 -1543.78
11 12 -1745.57
11 13 -1947.44
11 14 -2144.52
11 15 -2331.68
11 16 -2503.77
11 17 -2655.89
11 18 -2783.67
11 19 -2883.44
11 20 -2952.34
11 21 -2988.58
11 22 -2991.36
11 23 -2960.92
11 24 -2898.5
11 25 -2806.17
11 26 -2686.75
11 27 -2543.63
11 28 -2380.52
11 29 -2201.45
11 30 -2010.39
11 31 -1811.34
11 32 -1607.97
11 33 -1403.78
11 34 -1201.82
11 35 -1004.8
11 36 -815.023
11 37 -634.372
11 38 -464.376
11 39 -306.205
11 40 -160.745
11 41 -28.6005
11 42 89.8157
11 43 194.282
11 44 284.682
11 45 361.008
11 46 423.3
11 47 471.633
11 48 506.082
11 49 526.725
11 50 533.596
11 51 526.725
11 52 506.082
11 53 471.633
11 54 423.3
11 55 361.008
11 56 284.682
11 57 194.282
11 58 89.8157
11 59 -28.6005
11 60 -160.745
11 61 -306.205
11 62 -464.376
11 63 -634.372
11 64 -815.023
11 65 -1004.8
11 66 -1201.82
11 67 -1403.78
11 68 -1607.97
11 69 -1811.34
11 70 -2010.39
11 71 -2201.45
11 72 -2380.52
11 73 -2543.63
11 74 -2686.75
11 75 -2806.17
11 76 -2898.5
11 77 -2960.92
11 78 -2991.36
11 79 -2988.58
11 80 -2952.34
11 81 -2883.44
11 82 -2783.67
11 83 -2655.89
11 84 -2503.77
11 85 -2331.68
11 86 -2144.52
11 87 -1947.44
11 88 -1745.57
11 89 -1543.78
11 90 -1346.49
11 91 -1157.4
11 92 -979.418
11 93 -814.484
11 94 -663.599
11 95 -526.821
11 96 -403.314
11 97 -291.388
11 98 -188.839
11 99 -92.7308
11 100 0

12 0 0
12 1 -112.214
12 2 -227.907
12 3 -350.446
12 4 -482.582
12 5 -626.573
12 6 -783.744
12 7 -954.558
12 8 -1138.38
12 9 -1333.5
12 10 -1537.14
12 11 -1745.57
12 12 -1954.19
12 13 -2157.89
12 14 -2351.13
12 15 -2528.34
12 16 -2684.16
12 17 -2813.79
12 18 -2913.14
12 19 -2979.11
12 20 -3009.72
12 21 -3004.09
12 22 -2962.58
12 23 -2886.6
12 24 -2778.55
12 25 -2641.67
12 26 -2479.78
12 27 -2297.14
12 28 -2098.22
12 29 -1887.49
12 30 -1669.34
12 31 -1447.82
12 32 -1226.67
12 33 -1009.13
12 34 -798.03
12 35 -595.649
12 36 -403.85
12 37 -224.009
12 38 -57.1601
12 39 96.066
12 40 235.258
12 41 360.309
12 42 471.212
12 43 568.156
12 44 651.348
12 45 721.103
12 46 777.672
12 47 821.367
12 48 852.381
12 49 870.93
12 50 877.091
12 51 870.93
12 52 852.381
12 53 821.367
12 54 777.672
12 55 721.103
12 56 651.348
12 57 568.156
12 58 471.212
12 59 360.309
12 60 235.258
12 61 96.066
12 62 -57.1601
12 63 -224.009
12 64 -403.85
12 65 -595.649
12 66 -798.03
12 67 -1009.13
12 68 -1226.67
12 69 -1447.82
12 70 -1669.34
12 71 -1887.49
12 72 -2098.22
12 73 -2297.14
12 74 -2479.78
12 75 -2641.67
12 76 -2778.55
12 77 -2886.6
12 78 -2962.58
12 79 -3004.09
12 80 -3009.72
12 81 -2979.11
12 82 -2913.14
12 83 -2813.79
12 84 -2684.16
12 85 -2528.34
12 86 -2351.13
12 87 -2157.89
12 88 -1954.19
12 89 -1745.57
12 90 -1537.14
12 91 -1333.5
12 92 -1138.38
12 93 -954.558
12 94 -783.744
12 95 -626.573
12 96 -482.582
12 97 -350.446
12 98 -227.907
12 99 -112.214
12 100 0

13 0 0
13 1 -134.093
13 2 -271.736
13 3 -416.24
13 4 -570.338
13 5 -735.969
13 6 -914.179
13 7 -1104.76
13 8 -1306.47
13 9 -1516.73
13 10 -1731.91
13 11 -1947.44
13 12 -2157.89
13 13 -2357.45
13 14 -2540.15
13 15 -2700.15
13 16 -2832.2
13 17 -2931.74
13 18 -2995.4
13 19 -3020.91
13 20 -3007.34
13 21 -2955.12
13 22 -2865.79
13 23 -2742.17
13 24 -2587.85
13 25 -2407.2
13 26 -2205.01
13 27 -1986.29
13 28 -1756.06
13 29 -1519.15
13 30 -1280.03
13 31 -1042.74
13 32 -810.74
13 33 -586.966
13 34 -373.722
13 35 -172.826
13 36 14.5009
13 37 187.392
13 38 345.479
13 39 488.594
13 40 616.944
13 41 730.791
13 42 830.658
13 43 917.002
13 44 990.455
13 45 1051.49
13 46 1100.69
13 47 1138.43
13 48 1165.15
13 49 1181.04
13 50 1186.34
13 51 1181.04
13 52 1165.15
13 53 1138.43
13 54 1100.69
13 55 1051.49
13 56 990.455
13 57 917.002
13 58 830.658
13 59 730.791
13 60 616.944
13 61 488.594
13 62 345.479
13 63 187.392
13 64 14.5009
13 65 -172.826
13 66 -373.722
13 67 -586.966
13 68 -810.74
13 69 -1042.74
13 70 -1280.03
13 71 -1519.15
13 72 -1756.06
13 73 -1986.29
13 74 -2205.01
13 75 -2407.2
13 76 -2587.85
13 77 -2742.17
13 78 -2865.79
13 79 -2955.12
13 80 -3007.34
13 81 -3020.91
13 82 -2995.4
13 83 -2931.74
13 84 -2832.2
13 85 -2700.15
13 86 -2540.15
13 87 -2357.45
13 88 -2157.89
13 89 -1947.44
13 90 -1731.91
13 91 -1516.73
13 92 -1306.47
13 93 -1104.76
13 94 -914.179
13 95 -735.969
13 96 -570.338
13 97 -416.24
13 98 -271.736
13 99 -134.093
13 100 0

14 0 0
14 1 -158.295
14 2 -320.088
14 3 -488.453
14 4 -665.943
14 5 -854.117
14 6 -1053.41
14 7 -1263.08
14 8 -1480.95
14 9 -1703.68
14 10 -1926.67
14 11 -2144.52
14 12 -2351.13
14 13 -2540.15
14 14 -2705.32
14 15 -2840.89
14 16 -2941.9
14 17 -3004.54
14 18 -3026.22
14 19 -3005.97
14 20 -2944.11
14 21 -2842.47
14 22 -2704.1
14 23 -2533.05
14 24 -2334.23
14 25 -2112.99
14 26 -1874.97
14 27 -1625.74
14 28 -1370.69
14 29 -1114.71
14 30 -862.209
14 31 -616.89
14 32 -381.824
14 33 -159.376
14 34 48.7269
14 35 241.351
14 36 417.883
14 37 578.152
14 38 722.326
14 39 850.88
14 40 964.422
14 41 1063.78
14 42 1149.73
14 43 1223.19
14 44 1284.92
14 45 1335.77
14 46 1376.35
14 47 1407.32
14 48 1429.07
14 49 1442.01
14 50 1446.28
14 51 1442.01
14 52 1429.07
14 53 1407.32
14 54 1376.35
14 55 1335.77
14 56 1284.92
14 57 1223.19
14 58 1149.73
14 59 1063.78
14 60 964.422
14 61 850.88
14 62 722.326
14 63 578.152
14 64 417.883
14 65 241.351
14 66 48.7269
14 67 -159.376
14 68 -381.824
14 69 -616.89
14 70 -862.209
14 71 -1114.71
14 72 -1370.69
14 73 -1625.74
14 74 -1874.97
14 75 -2112.99
14 76 -2334.23
14 77 -2533.05
14 78 -2704.1
14 79 -2842.47
14 80 -2944.11
14 81 -3005.97
14 82 -3026.22
14 83 -3004.54
14 84 -2941.9
14 85 -2840.89
14 86 -2705.32
14 87 -2540.15
14 88 -2351.13
14 89 -2144.52
14 90 -1926.67
14 91 -1703.68
14 92 -1480.95
14 93 -1263.08
14 94 -1053.41
14 95 -854.117
14 96 -665.943
14 97 -488.453
14 98 -320.088
14 99 -158.295
14 100 0

15 0 0
15 1 -184.693
15 2 -372.576
15 3 -566.47
15 4 -768.427
15 5 -979.559
15 6 -1199.59
15 7 -1426.95
15 8 -1658.69
15 9 -1890.43
15 10 -2116.84
15 11 -2331.68
15 12 -2528.34
15 13 -2700.15
15 14 -2840.89
15 15 -2945.13
15 16 -3008.59
15 17 -3028.4
15 18 -3003.31
15 19 -2933.61
15 20 -2821.28
15 21 -2669.62
15 22 -2483.13
15 23 -2267.25
15 24 -2027.93
15 25 -1771.47
15 26 -1504.05
15 27 -1231.66
15 28 -959.672
15 29 -692.906
15 30 -435.355
15 31 -190.265
15 32 39.9479
15 33 253.579
15 34 449.65
15 35 627.72
15 36 787.913
15 37 930.651
15 38 1056.77
15 39 1167.16
15 40 1263.02
15 41 1345.42
15 42 1415.6
15 43 1474.6
15 44 1523.53
15 45 1563.25
15 46 1594.65
15 47 1618.33
15 48 1634.88
15 49 1644.64
15 50 1647.88
15 51 1644.64
15 52 1634.88
15 53 1618.33
15 54 1594.65
15 55 1563.25
15 56 1523.53
15 57 1474.6
15 58 1415.6
15 59 1345.42
15 60 1263.02
15 61 1167.16
15 62 1056.77
15 63 930.651
15 64 787.913
15 65 627.72
15 66 449.65
15 67 253.579
15 68 39.9479
15 69 -190.265
15 70 -435.355
15 71 -692.906
15 72 -959.672
15 73 -1231.66
15 74 -1504.05
15 75 -1771.47
15 76 -2027.93
15 77 -2267.25
15 78 -2483.13
15 79 -2669.62
15 80 -2821.28
15 81 -2933.61
15 82 -3003.31
15 83 -3028.4
15 84 -3008.59
15 85 -2945.13
15 86 -2840.89
15 87 -2700.15
15 88 -2528.34
15 89 -2331.68
15 90 -2116.84
15 91 -1890.43
15 92 -1658.69
15 93 -1426.95
15 94 -1199.59
15 95 -979.559
15 96 -768.427
15 97 -566.47
15 98 -372.576
15 99 -184.693
15 100 0

16 0 0
16 1 -212.966
16 2 -428.665
16 3 -649.351
16 4 -876.534
16 5 -1110.52
16 6 -1350.34
16 7 -1593.46
16 8 -1836.03
16 9 -2072.81
16 10 -2297.65
16 11 -2503.77
16 12 -2684.16
16 13 -2832.2
16 14 -2941.9
16 15 -3008.59
16 16 -3028.97
16 17 -3001.46
16 18 -2926.3
16 19 -2805.48
16 20 -2642.52
16 21 -2442.37
16 22 -2210.95
16 23 -1954.89
16 24 -1681.1
16 25 -1396.5
16 26 -1107.65
16 27 -820.532
16 28 -540.381
16 29 -271.549
16 30 -17.4931
16 31 219.3
16 32 437.116
16 33 635.146
16 34 813.089
16 35 971.388
16 36 1110.71
16 37 1232.26
16 38 1337.24
16 39 1427.18
16 40 1503.48
16 41 1567.66
16 42 1621.07
16 43 1665.05
16 44 1700.73
16 45 1729.18
16 46 1751.25
16 47 1767.68
16 48 1779.01
16 49 1785.65
16 50 1787.83
16 51 1785.65
16 52 1779.01
16 53 1767.68
16 54 1751.25
16 55 1729.18
16 56 1700.73
16 57 1665.05
16 58 1621.07
16 59 1567.66
16 60 1503.48
16 61 1427.18
16 62 1337.24
16 63 1232.26
16 64 1110.71
16 65 971.388
16 66 813.089
16 67 635.146
16 68 437.116
16 69 219.3
16 70 -17.4931
16 71 -271.549
16 72 -540.381
16 73 -820.532
16 74 -1107.65
16 75 -1396.5
16 76 -1681.1
16 77 -1954.89
16 78 -2210.95
16 79 -2442.37
16 80 -2642.52
16 81 -2805.48
16 82 -2926.3
16 83 -3001.46
16 84 -3028.97
16 85 -3008.59
16 86 -2941.9
16 87 -2832.2
16 88 -2684.16
16 89 -2503.77
16 90 -2297.65
16 91 -2072.81
16 92 -1836.03
16 93 -1593.46
16 94 -1350.34
16 95 -1110.52
16 96 -876.534
16 97 -649.351
16 98 -428.665
16 99 -212.966
16 100 0

17 0 0
17 1 -242.799
17 2 -487.616
17 3 -735.989
17 4 -988.587
17 5 -1244.9
17 6 -1502.93
17 7 -1759.31
17 8 -2009.13
17 9 -2246.47
17 10 -2464.45
17 11 -2655.89
17 12 -2813.79
17 13 -2931.74
17 14 -3004.54
17 15 -3028.4
17 16 -3001.46
17 17 -2923.71
17 18 -2797.11
17 19 -2625.33
17 20 -2413.7
17 21 -2168.65
17 22 -1897.41
17 23 -1607.65
17 24 -1306.93
17 25 -1002.54
17 26 -701.082
17 27 -408.287
17 28 -128.916
17 29 133.348
17 30 375.852
17 31 596.932
17 32 795.831
17 33 972.493
17 34 1127.57
17 35 1262.07
17 36 1377.49
17 37 1475.41
17 38 1557.65
17 39 1625.94
17 40 1682.1
17 41 1727.74
17 42 1764.46
17 43 1793.61
17 44 1816.45
17 45 1834
17 46 1847.2
17 47 1856.71
17 48 1863.13
17 49 1866.81
17 50 1868.03
17 51 1866.81
17 52 1863.13
17 53 1856.71
17 54 1847.2
17 55 1834
17 56 1816.45
17 57 1793.61
17 58 1764.46
17 59 1727.74
17 60 1682.1
17 61 1625.94
17 62 1557.65
17 63 1475.41
17 64 1377.49
17 65 1262.07
17 66 1127.57
17 67 972.493
17 68 795.831
17 69 596.932
17 70 375.852
17 71 133.348
17 72 -128.916
17 73 -408.287
17 74 -701.082
17 75 -1002.54
17 76 -1306.93
17 77 -1607.65
17 78 -1897.41
17 79 -2168.65
17 80 -2413.7
17 81 -2625.33
17 82 -2797.11
17 83 -2923.71
17 84 -3001.46
17 85 -3028.4
17 86 -3004.54
17 87 -2931.74
17 88 -2813.79
17 89 -2655.89
17 90 -2464.45
17 91 -2246.47
17 92 -2009.13
17 93 -1759.31
17 94 -1502.93
17 95 -1244.9
17 96 -988.587
17 97 -735.989
17 98 -487.616
17 99 -242.799
17 100 0

18 0 0
18 1 -273.751
18 2 -548.559
18 3 -824.995
18 4 -1102.73
18 5 -1380.2
18 6 -1654.44
18 7 -1920.97
18 8 -2174.11
18 9 -2407.1
18 10 -2612.75
18 11 -2783.67
18 12 -2913.14
18 13 -2995.4
18 14 -3026.22
18 15 -3003.31
18 16 -2926.3
18 17 -2797.11
18 18 -2619.45
18 19 -2398.95
18 20 -2142.47
18 21 -1857.92
18 22 -1553.63
18 23 -1237.95
18 24 -918.906
18 25 -603.759
18 26 -298.85
18 27 -9.37262
18 28 260.666
18 29 508.452
18 30 732.282
18 31 931.484
18 32 1106.18
18 33 1257.27
18 34 1386.08
18 35 1494.42
18 36 1584.21
18 37 1657.59
18 38 1716.65
18 39 1763.43
18 40 1799.87
18 41 1827.73
18 42 1848.61
18 43 1863.92
18 44 1874.86
18 45 1882.48
18 46 1887.6
18 47 1890.91
18 48 1892.91
18 49 1893.97
18 50 1894.3
18 51 1893.97
18 52 1892.91
18 53 1890.91
18 54 1887.6
18 55 1882.48
18 56 1874.86
18 57 1863.92
18 58 1848.61
18 59 1827.73
18 60 1799.87
18 61 1763.43
18 62 1716.65
18 63 1657.59
18 64 1584.21
18 65 1494.42
18 66 1386.08
18 67 1257.27
18 68 1106.18
18 69 931.484
18 70 732.282
18 71 508.452
18 72 260.666
18 73 -9.37262
18 74 -298.85
18 75 -603.759
18 76 -918.906
18 77 -1237.95
18 78 -1553.63
18 79 -1857.92
18 80 -2142.47
18 81 -2398.95
18 82 -2619.45
18 83 -2797.11
18 84 -2926.3
18 85 -3003.31
18 86 -3026.22
18 87 -2995.4
18 88 -2913.14
18 89 -2783.67
18 90 -2612.75
18 91 -2407.1
18 92 -2174.11
18 93 -1920.97
18 94 -1654.44
18 95 -1380.2
18 96 -1102.73
18 97 -824.995
18 98 -548.559
18 99 -273.751
18 100 0

19 0 0
19 1 -305.301
19 2 -610.45
19 3 -914.83
19 4 -1216.89
19 5 -1513.87
19 6 -1801.69
19 7 -2074.92
19 8 -2326.99
19 9 -2550.73
19 10 -2738.57
19 11 -2883.44
19 12 -2979.11
19 13 -3020.91
19 14 -3005.97
19 15 -2933.61
19 16 -2805.48
19 17 -2625.33
19 18 -2398.95
19 19 -2133.61
19 20 -1837.86
19 21 -1520.63
19 22 -1191.21
19 23 -858.304
19 24 -529.985
19 25 -213.241
19 26 86.2241
19 27 363.988
19 28 617.057
19 29 843.587
19 30 1043.02
19 31 1215.58
19 32 1362.45
19 33 1485.25
19 34 1586.09
19 35 1667.28
19 36 1731.25
19 37 1780.43
19 38 1817.12
19 39 1843.55
19 40 1861.65
19 41 1873.25
19 42 1879.87
19 43 1882.87
19 44 1883.38
19 45 1882.34
19 46 1880.52
19 47 1878.51
19 48 1876.77
19 49 1875.6
19 50 1875.19
19 51 1875.6
19 52 1876.77
19 53 1878.51
19 54 1880.52
19 55 1882.34
19 56 1883.38
19 57 1882.87
19 58 1879.87
19 59 1873.25
19 60 1861.65
19 61 1843.55
19 62 1817.12
19 63 1780.43
19 64 1731.25
19 65 1667.28
19 66 1586.09
19 67 1485.25
19 68 1362.45
19 69 1215.58
19 70 1043.02
19 71 843.587
19 72 617.057
19 73 363.988
19 74 86.2241
19 75 -213.241
19 76 -529.985
19 77 -858.304
19 78 -1191.21
19 79 -1520.63
19 80 -1837.86
19 81 -2133.61
19 82 -2398.95
19 83 -2625.33
19 84 -2805.48
19 85 -2933.61
19 86 -3005.97
19 87 -3020.91
19 88 -2979.11
19 89 -2883.44
19 90 -2738.57
19 91 -2550.73
19 92 -2326.99
19 93 -2074.92
19 94 -1801.69
19 95 -1513.87
19 96 -1216.89
19 97 -914.83
19 98 -610.45
19 99 -305.301
19 100 0

20 0 0
20 1 -336.909
20 2 -672.196
20 3 -1003.81
20 4 -1328.82
20 5 -1643.15
20 6 -1941.58
20 7 -2217.67
20 8 -2464.24
20 9 -2673.67
20 10 -2838.59
20 11 -2952.34
20 12 -3009.72
20 13 -3007.34
20 14 -2944.11
20 15 -2821.28
20 16 -2642.52
20 17 -2413.7
20 18 -2142.47
20 19 -1837.86
20 20 -1509.54
20 21 -1167.62
20 22 -821.627
20 23 -480.516
20 24 -151.959
20 25 157.666
20 26 443.52
20 27 702.266
20 28 931.95
20 29 1132
20 30 1302.78
20 31 1445.69
20 32 1562.65
20 33 1656.11
20 34 1728.72
20 35 1783.25
20 36 1822.43
20 37 1848.89
20 38 1865.03
20 39 1873.09
20 40 1874.97
20 41 1872.4
20 42 1866.8
20 43 1859.42
20 44 1851.23
20 45 1843.08
20 46 1835.59
20 47 1829.3
20 48 1824.53
20 49 1821.59
20 50 1820.58
20 51 1821.59
20 52 1824.53
20 53 1829.3
20 54 1835.59
20 55 1843.08
20 56 1851.23
20 57 1859.42
20 58 1866.8
20 59 1872.4
20 60 1874.97
20 61 1873.09
20 62 1865.03
20 63 1848.89
20 64 1822.43
20 65 1783.25
20 66 1728.72
20 67 1656.11
20 68 1562.65
20 69 1445.69
20 70 1302.78
20 71 1132
20 72 931.95
20 73 702.266
20 74 443.52
20 75 157.666
20 76 -151.959
20 77 -480.516
20 78 -821.627
20 79 -1167.62
20 80 -1509.54
20 81 -1837.86
20 82 -2142.47
20 83 -2413.7
20 84 -2642.52
20 85 -2821.28
20 86 -2944.11
20 87 -3007.34
20 88 -3009.72
20 89 -2952.34
20 90 -2838.59
20 91 -2673.67
20 92 -2464.24
20 93 -2217.67
20 94 -1941.58
20 95 -1643.15
20 96 -1328.82
20 97 -1003.81
20 98 -672.196
20 99 -336.909
20 100 0

21 0 0
21 1 -367.949
21 2 -732.582
21 3 -1090.19
21 4 -1436.28
21 5 -1765.38
21 6 -2071.04
21 7 -2346.02
21 8 -2582.54
21 9 -2772.96
21 10 -2910.21
21 11 -2988.58
21 12 -3004.09
21 13 -2955.12
21 14 -2842.47
21 15 -2669.62
21 16 -2442.37
21 17 -2168.65
21 18 -1857.92
21 19 -1520.63
21 20 -1167.62
21 21 -809.348
21 22 -455.715
21 23 -115.172
21 24 205.103
21 25 499.759
21 26 765.023
21 27 998.754
21 28 1200.28
21 29 1370.11
21 30 1509.8
21 31 1621.59
21 32 1708.22
21 33 1772.71
21 34 1818.18
21 35 1847.69
21 36 1864.16
21 37 1870.23
21 38 1868.35
21 39 1860.59
21 40 1848.82
21 41 1834.51
21 42 1819.01
21 43 1803.31
21 44 1788.31
21 45 1774.64
21 46 1762.84
21 47 1753.28
21 48 1746.27
21 49 1741.98
21 50 1740.55
21 51 1741.98
21 52 1746.27
21 53 1753.28
21 54 1762.84
21 55 1774.64
21 56 1788.31
21 57 1803.31
21 58 1819.01
21 59 1834.51
21 60 1848.82
21 61 1860.59
21 62 1868.35
21 63 1870.23
21 64 1864.16
21 65 1847.69
21 66 1818.18
21 67 1772.71
21 68 1708.22
21 69 1621.59
21 70 1509.8
21 71 1370.11
21 72 1200.28
21 73 998.754
21 74 765.023
21 75 499.759
21 76 205.103
21 77 -115.172
21 78 -455.715
21 79 -809.348
21 80 -1167.62
21 81 -1520.63
21 82 -1857.92
21 83 -2168.65
21 84 -2442.37
21 85 -2669.62
21 86 -2842.47
21 87 -2955.12
21 88 -3004.09
21 89 -2988.58
21 90 -2910.21
21 91 -2772.96
21 92 -2582.54
21 93 -2346.02
21 94 -2071.04
21 95 -1765.38
21 96 -1436.28
21 97 -1090.19
21 98 -732.582
21 99 -367.949
21 100 0

22 0 0
22 1 -397.836
22 2 -790.432
22 3 -1172.23
22 4 -1537.05
22 5 -1877.93
22 6 -2187.3
22 7 -2457.07
22 8 -2679.23
22 9 -2846.25
22 10 -2951.82
22 11 -2991.36
22 12 -2962.58
22 13 -2865.79
22 14 -2704.1
22 15 -2483.13
22 16 -2210.95
22 17 -1897.41
22 18 -1553.63
22 19 -1191.2
22 20 -821.628
22 21 -455.716
22 22 -102.912
22 23 228.768
22 24 533.242
22 25 806.268
22 26 1045.35
22 27 1249.68
22 28 1419.84
22 29 1557.47
22 30 1665.16
22 31 1745.89
22 32 1803.13
22 33 1840.27
22 34 1860.77
22 35 1867.81
22 36 1864.33
22 37 1852.97
22 38 1835.98
22 39 1815.33
22 40 1792.6
22 41 1769.18
22 42 1746.08
22 43 1724.22
22 44 1704.21
22 45 1686.6
22 46 1671.74
22 47 1659.94
22 48 1651.37
22 49 1646.19
22 50 1644.45
22 51 1646.19
22 52 1651.37
22 53 1659.94
22 54 1671.74
22 55 1686.6
22 56 1704.21
22 57 1724.22
22 58 1746.08
22 59 1769.18
22 60 1792.6
22 61 1815.33
22 62 1835.98
22 63 1852.97
22 64 1864.33
22 65 1867.81
22 66 1860.77
22 67 1840.27
22 68 1803.13
22 69 1745.89
22 70 1665.16
22 71 1557.47
22 72 1419.84
22 73 1249.68
22 74 1045.35
22 75 806.268
22 76 533.242
22 77 228.768
22 78 -102.912
22 79 -455.716
22 80 -821.628
22 81 -1191.2
22 82 -1553.63
22 83 -1897.41
22 84 -2210.95
22 85 -2483.13
22 86 -2704.1
22 87 -2865.79
22 88 -2962.58
22 89 -2991.36
22 90 -2951.82
22 91 -2846.25
22 92 -2679.23
22 93 -2457.07
22 94 -2187.3
22 95 -1877.93
22 96 -1537.05
22 97 -1172.23
22 98 -790.432
22 99 -397.836
22 100 0

23 0 0
23 1 -425.959
23 2 -844.571
23 3 -1248.27
23 4 -1629.04
23 5 -1978.47
23 6 -2287.83
23 7 -2548.47
23 8 -2752.21
23 9 -2892.03
23 10 -2962.6
23 11 -2960.92
23 12 -2886.6
23 13 -2742.18
23 14 -2533.05
23 15 -2267.25
23 16 -1954.89
23 17 -1607.65
23 18 -1237.95
23 19 -858.305
23 20 -480.517
23 21 -115.171
23 22 228.767
23 23 544.358
23 24 826.693
23 25 1072.82
23 26 1281.71
23 27 1453.86
23 28 1591.05
23 29 1696.07
23 30 1772.25
23 31 1823.37
23 32 1853.22
23 33 1865.61
23 34 1864.04
23 35 1851.75
23 36 1831.57
23 37 1805.97
23 38 1776.99
23 39 1746.37
23 40 1715.47
23 41 1685.39
23 42 1656.97
23 43 1630.87
23 44 1607.57
23 45 1587.42
23 46 1570.66
23 47 1557.49
23 48 1548
23 49 1542.29
23 50 1540.38
23 51 1542.29
23 52 1548
23 53 1557.49
23 54 1570.66
23 55 1587.42
23 56 1607.57
23 57 1630.87
23 58 1656.97
23 59 1685.39
23 60 1715.47
23 61 1746.37
23 62 1776.99
23 63 1805.97
23 64 1831.57
23 65 1851.75
23 66 1864.04
23 67 1865.61
23 68 1853.22
23 69 1823.37
23 70 1772.25
23 71 1696.07
23 72 1591.05
23 73 1453.86
23 74 1281.71
23 75 1072.82
23 76 826.693
23 77 544.358
23 78 228.767
23 79 -115.171
23 80 -480.517
23 81 -858.305
23 82 -1237.95
23 83 -1607.65
23 84 -1954.89
23 85 -2267.25
23 86 -2533.05
23 87 -2742.18
23 88 -2886.6
23 89 -2960.92
23 90 -2962.6
23 91 -2892.03
23 92 -2752.21
23 93 -2548.47
23 94 -2287.83
23 95 -1978.47
23 96 -1629.04
23 97 -1248.27
23 98 -844.571
23 99 -425.959
23 100 0

24 0 0
24 1 -451.755
24 2 -893.91
24 3 -1316.75
24 4 -1710.41
24 5 -2064.95
24 6 -2370.65
24 7 -2618.35
24 8 -2800.1
24 9 -2909.55
24 10 -2942.77
24 11 -2898.5
24 12 -2778.56
24 13 -2587.85
24 14 -2334.23
24 15 -2027.93
24 16 -1681.1
24 17 -1306.93
24 18 -918.908
24 19 -529.986
24 20 -151.958
24 21 205.103
24 22 533.242
24 23 826.694
24 24 1081.9
24 25 1297.46
24 26 1473.66
24 27 1612.39
24 28 1716.55
24 29 1789.78
24 30 1836.23
24 31 1860.06
24 32 1865.45
24 33 1856.26
24 34 1836.03
24 35 1807.82
24 36 1774.33
24 37 1737.71
24 38 1699.82
24 39 1662.02
24 40 1625.5
24 41 1591.02
24 42 1559.29
24 43 1530.67
24 44 1505.54
24 45 1484.05
24 46 1466.39
24 47 1452.58
24 48 1442.7
24 49 1436.76
24 50 1434.79
24 51 1436.76
24 52 1442.7
24 53 1452.58
24 54 1466.39
24 55 1484.05
24 56 1505.54
24 57 1530.67
24 58 1559.29
24 59 1591.02
24 60 1625.5
24 61 1662.02
24 62 1699.82
24 63 1737.71
24 64 1774.33
24 65 1807.82
24 66 1836.03
24 67 1856.26
24 68 1865.45
24 69 1860.06
24 70 1836.23
24 71 1789.78
24 72 1716.55
24 73 1612.39
24 74 1473.66
24 75 1297.46
24 76 1081.9
24 77 826.694
24 78 533.242
24 79 205.103
24 80 -151.958
24 81 -529.986
24 82 -918.908
24 83 -1306.93
24 84 -1681.1
24 85 -2027.93
24 86 -2334.23
24 87 -2587.85
24 88 -2778.56
24 89 -2898.5
24 90 -2942.77
24 91 -2909.55
24 92 -2800.1
24 93 -2618.35
24 94 -2370.65
24 95 -2064.95
24 96 -1710.41
24 97 -1316.75
24 98 -893.91
24 99 -451.755
24 100 0

25 0 0
25 1 -474.737
25 2 -937.499
25 3 -1376.36
25 4 -1779.54
25 5 -2135.7
25 6 -2434.17
25 7 -2665.56
25 8 -2822.23
25 9 -2898.95
25 10 -2893.31
25 11 -2806.18
25 12 -2641.67
25 13 -2407.2
25 14 -2112.98
25 15 -1771.47
25 16 -1396.5
25 17 -1002.54
25 18 -603.759
25 19 -213.24
25 20 157.666
25 21 499.759
25 22 806.268
25 23 1072.82
25 24 1297.46
25 25 1480.16
25 26 1622.73
25 27 1728.17
25 28 1800.4
25 29 1843.87
25 30 1863.17
25 31 1862.83
25 32 1847.14
25 33 1819.92
25 34 1784.55
25 35 1743.92
25 36 1700.37
25 37 1655.84
25 38 1611.78
25 39 1569.39
25 40 1529.44
25 41 1492.58
25 42 1459.16
25 43 1429.51
25 44 1403.7
25 45 1381.89
25 46 1364.05
25 47 1350.21
25 48 1340.33
25 49 1334.43
25 50 1332.45
25 51 1334.43
25 52 1340.33
25 53 1350.21
25 54 1364.05
25 55 1381.89
25 56 1403.7
25 57 1429.51
25 58 1459.16
25 59 1492.58
25 60 1529.44
25 61 1569.39
25 62 1611.78
25 63 1655.84
25 64 1700.37
25 65 1743.92
25 66 1784.55
25 67 1819.92
25 68 1847.14
25 69 1862.83
25 70 1863.17
25 71 1843.87
25 72 1800.4
25 73 1728.17
25 74 1622.73
25 75 1480.16
25 76 1297.46
25 77 1072.82
25 78 806.268
25 79 499.759
25 80 157.666
25 81 -213.24
25 82 -603.759
25 83 -1002.54
25 84 -1396.5
25 85 -1771.47
25 86 -2112.98
25 87 -2407.2
25 88 -2641.67
25 89 -2806.18
25 90 -2893.31
25 91 -2898.95
25 92 -2822.23
25 93 -2665.56
25 94 -2434.17
25 95 -2135.7
25 96 -1779.54
25 97 -1376.36
25 98 -937.499
25 99 -474.737
25 100 0

26 0 0
26 1 -494.45
26 2 -974.513
26 3 -1425.99
26 4 -1835.25
26 5 -2189.53
26 6 -2477.43
26 7 -2689.46
26 8 -2818.68
26 9 -2861.05
26 10 -2816.05
26 11 -2686.75
26 12 -2479.78
26 13 -2205.01
26 14 -1874.97
26 15 -1504.06
26 16 -1107.64
26 17 -701.082
26 18 -298.85
26 19 86.225
26 20 443.52
26 21 765.024
26 22 1045.35
26 23 1281.71
26 24 1473.66
26 25 1622.73
26 26 1731.94
26 27 1805.4
26 28 1847.84
26 29 1864.3
26 30 1859.67
26 31 1838.68
26 32 1805.49
26 33 1763.84
26 34 1716.83
26 35 1667.01
26 36 1616.47
26 37 1566.73
26 38 1519.01
26 39 1474.11
26 40 1432.64
26 41 1394.93
26 42 1361.24
26 43 1331.6
26 44 1306.09
26 45 1284.64
26 46 1267.23
26 47 1253.76
26 48 1244.21
26 49 1238.48
26 50 1236.59
26 51 1238.48
26 52 1244.21
26 53 1253.76
26 54 1267.23
26 55 1284.64
26 56 1306.09
26 57 1331.6
26 58 1361.24
26 59 1394.93
26 60 1432.64
26 61 1474.11
26 62 1519.01
26 63 1566.73
26 64 1616.47
26 65 1667.01
26 66 1716.83
26 67 1763.84
26 68 1805.49
26 69 1838.68
26 70 1859.67
26 71 1864.3
26 72 1847.84
26 73 1805.4
26 74 1731.94
26 75 1622.73
26 76 1473.66
26 77 1281.71
26 78 1045.35
26 79 765.024
26 80 443.52
26 81 86.225
26 82 -298.85
26 83 -701.082
26 84 -1107.64
26 85 -1504.06
26 86 -1874.97
26 87 -2205.01
26 88 -2479.78
26 89 -2686.75
26 90 -2816.05
26 91 -2861.05
26 92 -2818.68
26 93 -2689.46
26 94 -2477.43
26 95 -2189.53
26 96 -1835.25
26 97 -1425.99
26 98 -974.513
26 99 -494.45
26 100 0

27 0 0
27 1 -510.595
27 2 -1004.35
27 3 -1464.86
27 4 -1876.64
27 5 -2225.7
27 6 -2499.99
27 7 -2690.2
27 8 -2790.16
27 9 -2797.42
27 10 -2713.42
27 11 -2543.63
27 12 -2297.14
27 13 -1986.29
27 14 -1625.74
27 15 -1231.65
27 16 -820.532
27 17 -408.287
27 18 -9.37237
27 19 363.987
27 20 702.267
27 21 998.754
27 22 1249.68
27 23 1453.86
27 24 1612.39
27 25 1728.17
27 26 1805.4
27 27 1849.06
27 28 1864.58
27 29 1857.27
27 30 1832.28
27 31 1794.22
27 32 1747.16
27 33 1694.51
27 34 1639.07
27 35 1583.05
27 36 1528.13
27 37 1475.54
27 38 1426.15
27 39 1380.51
27 40 1338.95
27 41 1301.65
27 42 1268.63
27 43 1239.87
27 44 1215.27
27 45 1194.72
27 46 1178.11
27 47 1165.32
27 48 1156.26
27 49 1150.85
27 50 1149.05
27 51 1150.85
27 52 1156.26
27 53 1165.32
27 54 1178.11
27 55 1194.72
27 56 1215.27
27 57 1239.87
27 58 1268.63
27 59 1301.65
27 60 1338.95
27 61 1380.51
27 62 1426.15
27 63 1475.54
27 64 1528.13
27 65 1583.05
27 66 1639.07
27 67 1694.51
27 68 1747.16
27 69 1794.22
27 70 1832.28
27 71 1857.27
27 72 1864.58
27 73 1849.06
27 74 1805.4
27 75 1728.17
27 76 1612.39
27 77 1453.86
27 78 1249.68
27 79 998.754
27 80 702.267
27 81 363.987
27 82 -9.37237
27 83 -408.287
27 84 -820.532
27 85 -1231.65
27 86 -1625.74
27 87 -1986.29
27 88 -2297.14
27 89 -2543.63
27 90 -2713.42
27 91 -2797.42
27 92 -2790.16
27 93 -2690.2
27 94 -2499.99
27 95 -2225.7
27 96 -1876.64
27 97 -1464.86
27 98 -1004.35
27 99 -510.595
27 100 0

28 0 0
28 1 -522.906
28 2 -1026.59
28 3 -1492.46
28 4 -1903.31
28 5 -2243.96
28 6 -2502
28 7 -2668.39
28 8 -2738.06
28 9 -2710.18
28 10 -2588.39
28 11 -2380.52
28 12 -2098.22
28 13 -1756.06
28 14 -1370.69
28 15 -959.672
28 16 -540.381
28 17 -128.917
28 18 260.666
28 19 617.057
28 20 931.951
28 21 1200.28
28 22 1419.84
28 23 1591.06
28 24 1716.54
28 25 1800.4
28 26 1847.84
28 27 1864.58
28 28 1856.38
28 29 1828.88
28 30 1787.08
28 31 1735.54
28 32 1677.97
28 33 1617.48
28 34 1556.45
28 35 1496.75
28 36 1439.66
28 37 1386.1
28 38 1336.62
28 39 1291.55
28 40 1250.99
28 41 1214.94
28 42 1183.31
28 43 1155.95
28 44 1132.69
28 45 1113.35
28 46 1097.78
28 47 1085.83
28 48 1077.37
28 49 1072.34
28 50 1070.67
28 51 1072.34
28 52 1077.37
28 53 1085.83
28 54 1097.78
28 55 1113.35
28 56 1132.69
28 57 1155.95
28 58 1183.31
28 59 1214.94
28 60 1250.99
28 61 1291.55
28 62 1336.62
28 63 1386.1
28 64 1439.66
28 65 1496.75
28 66 1556.45
28 67 1617.48
