0 0 0
0 1 0
0 2 0
0 3 0
0 4 0
0 5 0
0 6 0
0 7 0
0 8 0
0 9 0
0 10 0
0 11 0
0 12 0
0 13 0
0 14 0
0 15 0
0 16 0
0 17 0
0 18 0
0 19 0
0 20 0
0 21 0
0 22 0
0 23 0
0 24 0
0 25 0
0 26 0
0 27 0
0 28 0
0 29 0
0 30 0
0 31 0
0 32 0
0 33 0
0 34 0
0 35 0
0 36 0
0 37 0
0 38 0
0 39 0
0 40 0
0 41 0
0 42 0
0 43 0
0 44 0
0 45 0
0 46 0
0 47 0
0 48 0
0 49 0
0 50 0
0 51 0
0 52 0
0 53 0
0 54 0
0 55 0
0 56 0
0 57 0
0 58 0
0 59 0
0 60 0
0 61 0
0 62 0
0 63 0
0 64 0
0 65 0
0 66 0
0 67 0
0 68 0
0 69 0
0 70 0
0 71 0
0 72 0
0 73 0
0 74 0
0 75 0
0 76 0
0 77 0
0 78 0
0 79 0
0 80 0
0 81 0
0 82 0
0 83 0
0 84 0
0 85 0
0 86 0
0 87 0
0 88 0
0 89 0
0 90 0
0 91 0
0 92 0
0 93 0
0 94 0
0 95 0
0 96 0
0 97 0
0 98 0
0 99 0
0 100 0

1 0 0
1 1 -0.628828
1 2 -1.38583
1 3 -2.28164
1 4 -3.39416
1 5 -4.87757
1 6 -6.79854
1 7 -9.30557
1 8 -12.4966
1 9 -16.5824
1 10 -21.735
1 11 -28.0857
1 12 -35.8009
1 13 -45.0825
1 14 -56.0696
1 15 -68.8869
1 16 -83.6621
1 17 -100.421
1 18 -119.196
1 19 -139.933
1 20 -162.512
1 21 -186.794
1 22 -212.524
1 23 -239.45
1 24 -267.241
1 25 -295.539
1 26 -323.988
1 27 -352.177
1 28 -379.762
1 29 -406.357
1 30 -431.66
1 31 -455.379
1 32 -477.283
1 33 -497.212
1 34 -515.034
1 35 -530.721
1 36 -544.253
1 37 -555.716
1 38 -565.192
1 39 -572.851
1 40 -578.853
1 41 -583.409
1 42 -586.727
1 43 -589.023
1 44 -590.514
1 45 -591.392
1 46 -591.848
1 47 -592.027
1 48 -592.066
1 49 -592.047
1 50 -592.039
1 51 -592.047
1 52 -592.066
1 53 -592.027
1 54 -591.848
1 55 -591.392
1 56 -590.514
1 57 -589.023
1 58 -586.727
1 59 -583.409
1 60 -578.853
1 61 -572.851
1 62 -565.192
1 63 -555.716
1 64 -544.253
1 65 -530.721
1 66 -515.034
1 67 -497.212
1 68 -477.283
1 69 -455.379
1 70 -431.66
1 71 -406.357
1 72 -379.762
1 73 -352.177
1 74 -323.988
1 75 -295.539
1 76 -267.241
1 77 -239.45
1 78 -212.524
1 79 -186.794
1 80 -162.512
1 81 -139.933
1 82 -119.196
1 83 -100.421
1 84 -83.6621
1 85 -68.8869
1 86 -56.0696
1 87 -45.0825
1 88 -35.8009
1 89 -28.0857
1 90 -21.735
1 91 -16.5824
1 92 -12.4966
1 93 -9.30557
1 94 -6.79854
1 95 -4.87757
1 96 -3.39416
1 97 -2.28164
1 98 -1.38583
1 99 -0.628828
1 100 0

2 0 0
2 1 -1.38583
2 2 -2.94391
2 3 -4.79046
2 4 -7.14243
2 5 -10.2453
2 6 -14.2894
2 7 -19.423
2 8 -26.1194
2 9 -34.5765
2 10 -45.1337
2 11 -58.1786
2 12 -73.9915
2 13 -92.9429
2 14 -115.324
2 15 -141.364
2 16 -171.269
2 17 -205.1
2 18 -242.868
2 19 -284.454
2 20 -329.604
2 21 -377.993
2 22 -429.121
2 23 -482.447
2 24 -537.304
2 25 -592.979
2 26 -648.736
2 27 -703.795
2 28 -757.444
2 29 -808.965
2 30 -857.758
2 31 -903.276
2 32 -945.093
2 33 -982.909
2 34 -1016.51
2 35 -1045.86
2 36 -1070.95
2 37 -1091.97
2 38 -1109.12
2 39 -1122.76
2 40 -1133.2
2 41 -1140.91
2 42 -1146.26
2 43 -1149.75
2 44 -1151.76
2 45 -1152.71
2 46 -1152.96
2 47 -1152.81
2 48 -1152.52
2 49 -1152.28
2 50 -1152.18
2 51 -1152.28
2 52 -1152.52
2 53 -1152.81
2 54 -1152.96
2 55 -1152.71
2 56 -1151.76
2 57 -1149.75
2 58 -1146.26
2 59 -1140.91
2 60 -1133.2
2 61 -1122.76
2 62 -1109.12
2 63 -1091.97
2 64 -1070.95
2 65 -1045.86
2 66 -1016.51
2 67 -982.909
2 68 -945.093
2 69 -903.276
2 70 -857.758
2 71 -808.965
2 72 -757.444
2 73 -703.795
2 74 -648.736
2 75 -592.979
2 76 -537.304
2 77 -482.447
2 78 -429.121
2 79 -377.993
2 80 -329.604
2 81 -284.454
2 82 -242.868
2 83 -205.1
2 84 -171.269
2 85 -141.364
2 86 -115.324
2 87 -92.9429
2 88 -73.9915
2 89 -58.1786
2 90 -45.1337
2 91 -34.5765
2 92 -26.1194
2 93 -19.423
2 94 -14.2894
2 95 -10.2453
2 96 -7.14243
2 97 -4.79046
2 98 -2.94391
2 99 -1.38583
2 100 0

3 0 0
3 1 -2.28164
3 2 -4.79046
3 3 -7.82806
3 4 -11.6743
3 5 -16.65
3 6 -23.0398
3 7 -31.3657
3 8 -41.9249
3 9 -55.2935
3 10 -71.9228
3 11 -92.3011
3 12 -116.965
3 13 -146.347
3 14 -180.872
3 15 -220.876
3 16 -266.562
3 17 -318.023
3 18 -375.179
3 19 -437.789
3 20 -505.441
3 21 -577.536
3 22 -653.337
3 23 -731.941
3 24 -812.357
3 25 -893.502
3 26 -974.26
3 27 -1053.52
3 28 -1130.21
3 29 -1203.35
3 30 -1272.07
3 31 -1335.64
3 32 -1393.5
3 33 -1445.26
3 34 -1490.71
3 35 -1529.8
3 36 -1562.69
3 37 -1589.63
3 38 -1611.05
3 39 -1627.44
3 40 -1639.41
3 41 -1647.56
3 42 -1652.6
3 43 -1655.15
3 44 -1655.89
3 45 -1655.39
3 46 -1654.21
3 47 -1652.78
3 48 -1651.49
3 49 -1650.61
3 50 -1650.3
3 51 -1650.61
3 52 -1651.49
3 53 -1652.78
3 54 -1654.21
3 55 -1655.39
3 56 -1655.89
3 57 -1655.15
3 58 -1652.6
3 59 -1647.56
3 60 -1639.41
3 61 -1627.44
3 62 -1611.05
3 63 -1589.63
3 64 -1562.69
3 65 -1529.8
3 66 -1490.71
3 67 -1445.26
3 68 -1393.5
3 69 -1335.64
3 70 -1272.07
3 71 -1203.35
3 72 -1130.21
3 73 -1053.52
3 74 -974.26
3 75 -893.502
3 76 -812.357
3 77 -731.941
3 78 -653.337
3 79 -577.536
3 80 -505.441
3 81 -437.789
3 82 -375.179
3 83 -318.023
3 84 -266.562
3 85 -220.876
3 86 -180.872
3 87 -146.347
3 88 -116.965
3 89 -92.3011
3 90 -71.9228
3 91 -55.2935
3 92 -41.9249
3 93 -31.3657
3 94 -23.0398
3 95 -16.65
3 96 -11.6743
3 97 -7.82806
3 98 -4.79046
3 99 -2.28164
3 100 0

4 0 0
4 1 -3.39416
4 2 -7.14243
4 3 -11.6743
4 4 -17.3841
4 5 -24.5668
4 6 -33.9262
4 7 -45.9102
4 8 -61.1292
4 9 -80.1621
4 10 -103.746
4 11 -132.484
4 12 -167.015
4 13 -207.914
4 14 -255.653
4 15 -310.616
4 16 -372.971
4 17 -442.751
4 18 -519.731
4 19 -603.471
4 20 -693.326
4 21 -788.381
4 22 -887.583
4 23 -989.664
4 24 -1093.26
4 25 -1196.94
4 26 -1299.21
4 27 -1398.67
4 28 -1493.94
4 29 -1583.84
4 30 -1667.31
4 31 -1743.52
4 32 -1811.86
4 33 -1871.95
4 34 -1923.65
4 35 -1967.05
4 36 -2002.44
4 37 -2030.29
4 38 -2051.23
4 39 -2066
4 40 -2075.45
4 41 -2080.45
4 42 -2081.92
4 43 -2080.75
4 44 -2077.78
4 45 -2073.82
4 46 -2069.56
4 47 -2065.6
4 48 -2062.41
4 49 -2060.37
4 50 -2059.65
4 51 -2060.37
4 52 -2062.41
4 53 -2065.6
4 54 -2069.56
4 55 -2073.82
4 56 -2077.78
4 57 -2080.75
4 58 -2081.92
4 59 -2080.45
4 60 -2075.45
4 61 -2066
4 62 -2051.23
4 63 -2030.29
4 64 -2002.44
4 65 -1967.05
4 66 -1923.65
4 67 -1871.95
4 68 -1811.86
4 69 -1743.52
4 70 -1667.31
4 71 -1583.84
4 72 -1493.94
4 73 -1398.67
4 74 -1299.21
4 75 -1196.94
4 76 -1093.26
4 77 -989.664
4 78 -887.583
4 79 -788.381
4 80 -693.326
4 81 -603.471
4 82 -519.731
4 83 -442.751
4 84 -372.971
4 85 -310.616
4 86 -255.653
4 87 -207.914
4 88 -167.015
4 89 -132.484
4 90 -103.746
4 91 -80.1621
4 92 -61.1292
4 93 -45.9102
4 94 -33.9262
4 95 -24.5668
4 96 -17.3841
4 97 -11.6743
4 98 -7.14243
4 99 -3.39416
4 100 0

5 0 0
5 1 -4.87757
5 2 -10.2453
5 3 -16.65
5 4 -24.5668
5 5 -34.7175
5 6 -47.6346
5 7 -64.1235
5 8 -84.8444
5 9 -110.666
5 10 -142.311
5 11 -180.629
5 12 -226.353
5 13 -280.08
5 14 -342.323
5 15 -413.407
5 16 -493.404
5 17 -582.177
5 18 -679.286
5 19 -784.005
5 20 -895.366
5 21 -1012.09
5 22 -1132.75
5 23 -1255.67
5 24 -1379.11
5 25 -1501.28
5 26 -1620.38
5 27 -1734.74
5 28 -1842.78
5 29 -1943.17
5 30 -2034.81
5 31 -2116.83
5 32 -2188.74
5 33 -2250.23
5 34 -2301.39
5 35 -2342.46
5 36 -2374.03
5 37 -2396.79
5 38 -2411.69
5 39 -2419.72
5 40 -2422.01
5 41 -2419.69
5 42 -2413.93
5 43 -2405.82
5 44 -2396.45
5 45 -2386.76
5 46 -2377.62
5 47 -2369.73
5 48 -2363.67
5 49 -2359.87
5 50 -2358.57
5 51 -2359.87
5 52 -2363.67
5 53 -2369.73
5 54 -2377.62
5 55 -2386.76
5 56 -2396.45
5 57 -2405.82
5 58 -2413.93
5 59 -2419.69
5 60 -2422.01
5 61 -2419.72
5 62 -2411.69
5 63 -2396.79
5 64 -2374.03
5 65 -2342.46
5 66 -2301.39
5 67 -2250.23
5 68 -2188.74
5 69 -2116.83
5 70 -2034.81
5 71 -1943.17
5 72 -1842.78
5 73 -1734.74
5 74 -1620.38
5 75 -1501.28
5 76 -1379.11
5 77 -1255.67
5 78 -1132.75
5 79 -1012.09
5 80 -895.366
5 81 -784.005
5 82 -679.286
5 83 -582.177
5 84 -493.404
5 85 -413.407
5 86 -342.323
5 87 -280.08
5 88 -226.353
5 89 -180.629
5 90 -142.311
5 91 -110.666
5 92 -84.8444
5 93 -64.1235
5 94 -47.6346
5 95 -34.7175
5 96 -24.5668
5 97 -16.65
5 98 -10.2453
5 99 -4.87757
5 100 0

6 0 0
6 1 -6.79854
6 2 -14.2894
6 3 -23.0398
6 4 -33.9262
6 5 -47.6346
6 6 -65.0445
6 7 -86.9499
6 8 -114.371
6 9 -148.147
6 10 -189.302
6 11 -238.654
6 12 -297.024
6 13 -365.055
6 14 -443.151
6 15 -531.504
6 16 -630.024
6 17 -738.27
6 18 -855.495
6 19 -980.609
6 20 -1112.2
6 21 -1248.6
6 22 -1387.9
6 23 -1528.06
6 24 -1666.94
6 25 -1802.43
6 26 -1932.48
6 27 -2055.23
6 28 -2169.02
6 29 -2272.48
6 30 -2364.57
6 31 -2444.59
6 32 -2512.17
6 33 -2567.34
6 34 -2610.38
6 35 -2641.94
6 36 -2662.84
6 37 -2674.18
6 38 -2677.16
6 39 -2673.14
6 40 -2663.49
6 41 -2649.64
6 42 -2632.96
6 43 -2614.79
6 44 -2596.34
6 45 -2578.75
6 46 -2562.97
6 47 -2549.83
6 48 -2539.98
6 49 -2533.88
6 50 -2531.81
6 51 -2533.88
6 52 -2539.98
6 53 -2549.83
6 54 -2562.97
6 55 -2578.75
6 56 -2596.34
6 57 -2614.79
6 58 -2632.96
6 59 -2649.64
6 60 -2663.49
6 61 -2673.14
6 62 -2677.16
6 63 -2674.18
6 64 -2662.84
6 65 -2641.94
6 66 -2610.38
6 67 -2567.34
6 68 -2512.17
6 69 -2444.59
6 70 -2364.57
6 71 -2272.48
6 72 -2169.02
6 73 -2055.23
6 74 -1932.48
6 75 -1802.43
6 76 -1666.94
6 77 -1528.06
6 78 -1387.9
6 79 -1248.6
6 80 -1112.2
6 81 -980.609
6 82 -855.495
6 83 -738.27
6 84 -630.024
6 85 -531.504
6 86 -443.151
6 87 -365.055
6 88 -297.024
6 89 -238.654
6 90 -189.302
6 91 -148.147
6 92 -114.371
6 93 -86.9499
6 94 -65.0445
6 95 -47.6346
6 96 -33.9262
6 97 -23.0398
6 98 -14.2894
6 99 -6.79854
6 100 0

7 0 0
7 1 -9.30557
7 2 -19.423
7 3 -31.3657
7 4 -45.9103
7 5 -64.1235
7 6 -86.9499
7 7 -115.513
7 8 -150.866
7 9 -194.14
7 10 -246.251
7 11 -308.275
7 12 -380.871
7 13 -464.643
7 14 -559.893
7 15 -666.513
7 16 -784.137
7 17 -911.948
7 18 -1048.74
7 19 -1192.99
7 20 -1342.75
7 21 -1495.91
7 22 -1650.08
7 23 -1802.8
7 24 -1951.63
7 25 -2094.15
7 26 -2228.2
7 27 -2351.8
7 28 -2463.37
7 29 -2561.62
7 30 -2645.75
7 31 -2715.32
7 32 -2770.32
7 33 -2811.1
7 34 -2838.37
7 35 -2853.16
7 36 -2856.71
7 37 -2850.46
7 38 -2836
7 39 -2814.97
7 40 -2789.06
7 41 -2759.9
7 42 -2729.1
7 43 -2698.13
7 44 -2668.4
7 45 -2641.08
7 46 -2617.28
7 47 -2597.82
7 48 -2583.44
7 49 -2574.59
7 50 -2571.62
7 51 -2574.59
7 52 -2583.44
7 53 -2597.82
7 54 -2617.28
7 55 -2641.08
7 56 -2668.4
7 57 -2698.13
7 58 -2729.1
7 59 -2759.9
7 60 -2789.06
7 61 -2814.97
7 62 -2836
7 63 -2850.46
7 64 -2856.71
7 65 -2853.16
7 66 -2838.37
7 67 -2811.1
7 68 -2770.32
7 69 -2715.32
7 70 -2645.75
7 71 -2561.62
7 72 -2463.37
7 73 -2351.8
7 74 -2228.2
7 75 -2094.15
7 76 -1951.63
7 77 -1802.8
7 78 -1650.08
7 79 -1495.91
7 80 -1342.75
7 81 -1192.99
7 82 -1048.74
7 83 -911.948
7 84 -784.137
7 85 -666.513
7 86 -559.893
7 87 -464.643
7 88 -380.871
7 89 -308.275
7 90 -246.251
7 91 -194.14
7 92 -150.866
7 93 -115.513
7 94 -86.9499
7 95 -64.1235
7 96 -45.9103
7 97 -31.3657
7 98 -19.423
7 99 -9.30557
7 100 0

8 0 0
8 1 -12.4966
8 2 -26.1194
8 3 -41.9249
8 4 -61.1292
8 5 -84.8444
8 6 -114.371
8 7 -150.866
8 8 -195.668
8 9 -249.906
8 10 -314.718
8 11 -390.927
8 12 -479.33
8 13 -580.229
8 14 -693.664
8 15 -819.228
8 16 -956.067
8 17 -1102.89
8 18 -1257.98
8 19 -1419.21
8 20 -1584.15
8 21 -1750.11
8 22 -1914.28
8 23 -2073.84
8 24 -2226.04
8 25 -2368.35
8 26 -2498.53
8 27 -2614.71
8 28 -2715.45
8 29 -2799.82
8 30 -2867.32
8 31 -2917.98
8 32 -2952.21
8 33 -2970.9
8 34 -2975.2
8 35 -2966.63
8 36 -2946.84
8 37 -2917.72
8 38 -2881.16
8 39 -2839.12
8 40 -2793.52
8 41 -2746.22
8 42 -2698.96
8 43 -2653.34
8 44 -2610.8
8 45 -2572.63
8 46 -2539.91
8 47 -2513.53
8 48 -2494.18
8 49 -2482.38
8 50 -2478.41
8 51 -2482.38
8 52 -2494.18
8 53 -2513.53
8 54 -2539.91
8 55 -2572.63
8 56 -2610.8
8 57 -2653.34
8 58 -2698.96
8 59 -2746.22
8 60 -2793.52
8 61 -2839.12
8 62 -2881.16
8 63 -2917.72
8 64 -2946.84
8 65 -2966.63
8 66 -2975.2
8 67 -2970.9
8 68 -2952.21
8 69 -2917.98
8 70 -2867.32
8 71 -2799.82
8 72 -2715.45
8 73 -2614.71
8 74 -2498.53
8 75 -2368.35
8 76 -2226.04
8 77 -2073.84
8 78 -1914.28
8 79 -1750.11
8 80 -1584.15
8 81 -1419.21
8 82 -1257.98
8 83 -1102.89
8 84 -956.067
8 85 -819.228
8 86 -693.664
8 87 -580.229
8 88 -479.33
8 89 -390.927
8 90 -314.718
8 91 -249.906
8 92 -195.668
8 93 -150.866
8 94 -114.371
8 95 -84.8444
8 96 -61.1292
8 97 -41.9249
8 98 -26.1194
8 99 -12.4966
8 100 0

9 0 0
9 1 -16.5824
9 2 -34.5765
9 3 -55.2935
9 4 -80.1621
9 5 -110.666
9 6 -148.147
9 7 -194.14
9 8 -249.906
9 9 -316.799
9 10 -395.853
9 11 -487.927
9 12 -593.429
9 13 -712.555
9 14 -844.841
9 15 -989.446
9 16 -1144.95
9 17 -1309.47
9 18 -1480.65
9 19 -1655.75
9 20 -1831.77
9 21 -2005.5
9 22 -2173.74
9 23 -2333.35
9 24 -2481.46
9 25 -2615.5
9 26 -2733.36
9 27 -2833.42
9 28 -2914.62
9 29 -2976.46
9 30 -3019.01
9 31 -3042.79
9 32 -3048.89
9 33 -3038.68
9 34 -3013.94
9 35 -2976.62
9 36 -2928.89
9 37 -2872.95
9 38 -2811.06
9 39 -2745.39
9 40 -2678.08
9 41 -2611.08
9 42 -2546.23
9 43 -2485.15
9 44 -2429.32
9 45 -2379.98
9 46 -2338.19
9 47 -2304.81
9 48 -2280.49
9 49 -2265.72
9 50 -2260.76
9 51 -2265.72
9 52 -2280.49
9 53 -2304.81
9 54 -2338.19
9 55 -2379.98
9 56 -2429.32
9 57 -2485.15
9 58 -2546.23
9 59 -2611.08
9 60 -2678.08
9 61 -2745.39
9 62 -2811.06
9 63 -2872.95
9 64 -2928.89
9 65 -2976.62
9 66 -3013.94
9 67 -3038.68
9 68 -3048.89
9 69 -3042.79
9 70 -3019.01
9 71 -2976.46
9 72 -2914.62
9 73 -2833.42
9 74 -2733.36
9 75 -2615.5
9 76 -2481.46
9 77 -2333.35
9 78 -2173.74
9 79 -2005.5
9 80 -1831.77
9 81 -1655.75
9 82 -1480.65
9 83 -1309.47
9 84 -1144.95
9 85 -989.446
9 86 -844.841
9 87 -712.555
9 88 -593.429
9 89 -487.927
9 90 -395.853
9 91 -316.799
9 92 -249.906
9 93 -194.14
9 94 -148.147
9 95 -110.666
9 96 -80.1621
9 97 -55.2935
9 98 -34.5765
9 99 -16.5824
9 100 0

10 0 0
10 1 -21.735
10 2 -45.1337
10 3 -71.9228
10 4 -103.746
10 5 -142.311
10 6 -189.302
10 7 -246.251
10 8 -314.718
10 9 -395.853
10 10 -490.761
10 11 -599.968
10 12 -723.74
10 13 -861.667
10 14 -1012.91
10 15 -1175.96
10 16 -1348.76
10 17 -1528.69
10 18 -1712.74
10 19 -1897.49
10 20 -2079.4
10 21 -2254.81
10 22 -2420.17
10 23 -2572.25
10 24 -2708.1
10 25 -2825.38
10 26 -2922.26
10 27 -2997.59
10 28 -3050.86
10 29 -3082.18
10 30 -3092.29
10 31 -3082.43
10 32 -3054.31
10 33 -3009.97
10 34 -2951.73
10 35 -2882.07
10 36 -2803.53
10 37 -2718.69
10 38 -2629.99
10 39 -2539.83
10 40 -2450.38
10 41 -2363.69
10 42 -2281.51
10 43 -2205.49
10 44 -2136.94
10 45 -2077.09
10 46 -2026.84
10 47 -1987.01
10 48 -1958.13
10 49 -1940.65
10 50 -1934.79
10 51 -1940.65
10 52 -1958.13
10 53 -1987.01
10 54 -2026.84
10 55 -2077.09
10 56 -2136.94
10 57 -2205.49
10 58 -2281.51
10 59 -2363.69
10 60 -2450.38
10 61 -2539.83
10 62 -2629.99
10 63 -2718.69
10 64 -2803.53
10 65 -2882.07
10 66 -2951.73
10 67 -3009.97
10 68 -3054.31
10 69 -3082.43
10 70 -3092.29
10 71 -3082.18
10 72 -3050.86
10 73 -2997.59
10 74 -2922.26
10 75 -2825.38
10 76 -2708.1
10 77 -2572.25
10 78 -2420.17
10 79 -2254.81
10 80 -2079.4
10 81 -1897.49
10 82 -1712.74
10 83 -1528.69
10 84 -1348.76
10 85 -1175.96
10 86 -1012.91
10 87 -861.667
10 88 -723.74
10 89 -599.968
10 90 -490.761
10 91 -395.853
10 92 -314.718
10 93 -246.251
10 94 -189.302
10 95 -142.311
10 96 -103.746
10 97 -71.9228
10 98 -45.1337
10 99 -21.735
10 100 0

11 0 0
11 1 -28.0857
11 2 -58.1786
11 3 -92.3011
11 4 -132.484
11 5 -180.629
11 6 -238.654
11 7 -308.275
11 8 -390.927
11 9 -487.927
11 10 -599.968
11 11 -727.458
11 12 -870.034
11 13 -1026.91
11 14 -1196.46
11 15 -1376.52
11 16 -1564.24
11 17 -1756.27
11 18 -1948.84
11 19 -2137.96
11 20 -2319.54
11 21 -2489.6
11 22 -2644.43
11 23 -2780.77
11 24 -2895.94
11 25 -2987.93
11 26 -3055.46
11 27 -3098.02
11 28 -3115.85
11 29 -3109.82
11 30 -3081.48
11 31 -3032.83
11 32 -2966.29
11 33 -2884.55
11 34 -2790.46
11 35 -2686.95
11 36 -2576.9
11 37 -2463.1
11 38 -2348.17
11 39 -2234.52
11 40 -2124.33
11 41 -2019.52
11 42 -1921.78
11 43 -1832.55
11 44 -1753.04
11 45 -1684.22
11 46 -1626.92
11 47 -1581.74
11 48 -1549.15
11 49 -1529.47
11 50 -1522.89
11 51 -1529.47
11 52 -1549.15
11 53 -1581.74
11 54 -1626.92
11 55 -1684.22
11 56 -1753.04
11 57 -1832.55
11 58 -1921.78
11 59 -2019.52
11 60 -2124.33
11 61 -2234.52
11 62 -2348.17
11 63 -2463.1
11 64 -2576.9
11 65 -2686.95
11 66 -2790.46
11 67 -2884.55
11 68 -2966.29
11 69 -3032.83
11 70 -3081.48
11 71 -3109.82
11 72 -3115.85
11 73 -3098.02
11 74 -3055.46
11 75 -2987.93
11 76 -2895.94
11 77 -2780.77
11 78 -2644.43
11 79 -2489.6
11 80 -2319.54
11 81 -2137.96
11 82 -1948.84
11 83 -1756.27
11 84 -1564.24
11 85 -1376.52
11 86 -1196.46
11 87 -1026.91
11 88 -870.034
11 89 -727.458
11 90 -599.968
11 91 -487.927
11 92 -390.927
11 93 -308.275
11 94 -238.654
11 95 -180.629
11 96 -132.484
11 97 -92.3011
11 98 -58.1786
11 99 -28.0857
11 100 0

12 0 0
12 1 -35.8009
12 2 -73.9915
12 3 -116.965
12 4 -167.015
12 5 -226.353
12 6 -297.025
12 7 -380.871
12 8 -479.331
12 9 -593.429
12 10 -723.74
12 11 -870.034
12 12 -1031.59
12 13 -1206.67
12 14 -1393.11
12 15 -1587.77
12 16 -1787.03
12 17 -1986.76
12 18 -2182.49
12 19 -2369.68
12 20 -2543.86
12 21 -2700.84
12 22 -2837
12 23 -2949.25
12 24 -3035.41
12 25 -3094.05
12 26 -3124.64
12 27 -3127.54
12 28 -3103.83
12 29 -3055.36
12 30 -2984.47
12 31 -2894.01
12 32 -2787.08
12 33 -2666.99
12 34 -2537.04
12 35 -2400.5
12 36 -2260.47
12 37 -2119.83
12 38 -1981.22
12 39 -1846.95
12 40 -1719.07
12 41 -1599.27
12 42 -1489.04
12 43 -1389.54
12 44 -1301.73
12 45 -1226.37
12 46 -1164.04
12 47 -1115.15
12 48 -1080.04
12 49 -1058.88
12 50 -1051.82
12 51 -1058.88
12 52 -1080.04
12 53 -1115.15
12 54 -1164.04
12 55 -1226.37
12 56 -1301.73
12 57 -1389.54
12 58 -1489.04
12 59 -1599.27
12 60 -1719.07
12 61 -1846.95
12 62 -1981.22
12 63 -2119.83
12 64 -2260.47
12 65 -2400.5
12 66 -2537.04
12 67 -2666.99
12 68 -2787.08
12 69 -2894.01
12 70 -2984.47
12 71 -3055.36
12 72 -3103.83
12 73 -3127.54
12 74 -3124.64
12 75 -3094.05
12 76 -3035.41
12 77 -2949.25
12 78 -2837
12 79 -2700.84
12 80 -2543.86
12 81 -2369.68
12 82 -2182.49
12 83 -1986.76
12 84 -1787.03
12 85 -1587.77
12 86 -1393.11
12 87 -1206.67
12 88 -1031.59
12 89 -870.034
12 90 -723.74
12 91 -593.429
12 92 -479.331
12 93 -380.871
12 94 -297.025
12 95 -226.353
12 96 -167.015
12 97 -116.965
12 98 -73.9915
12 99 -35.8009
12 100 0

13 0 0
13 1 -45.0825
13 2 -92.9429
13 3 -146.347
13 4 -207.914
13 5 -280.08
13 6 -365.055
13 7 -464.643
13 8 -580.229
13 9 -712.555
13 10 -861.668
13 11 -1026.91
13 12 -1206.67
13 13 -1398.64
13 14 -1599.48
13 15 -1805.4
13 16 -2011.8
13 17 -2213.83
13 18 -2406.43
13 19 -2584.59
13 20 -2743.67
13 21 -2879.52
13 22 -2988.76
13 23 -3068.87
13 24 -3118.3
13 25 -3136.5
13 26 -3123.88
13 27 -3081.83
13 28 -3012.42
13 29 -2918.49
13 30 -2803.26
13 31 -2670.37
13 32 -2523.55
13 33 -2366.59
13 34 -2203.16
13 35 -2036.69
13 36 -1870.38
13 37 -1707.02
13 38 -1549.12
13 39 -1398.75
13 40 -1257.67
13 41 -1127.26
13 42 -1008.68
13 43 -902.738
13 44 -810.094
13 45 -731.181
13 46 -666.324
13 47 -615.721
13 48 -579.51
13 49 -557.751
13 50 -550.501
13 51 -557.751
13 52 -579.51
13 53 -615.721
13 54 -666.324
13 55 -731.181
13 56 -810.094
13 57 -902.738
13 58 -1008.68
13 59 -1127.26
13 60 -1257.67
13 61 -1398.75
13 62 -1549.12
13 63 -1707.02
13 64 -1870.38
13 65 -2036.69
13 66 -2203.16
13 67 -2366.59
13 68 -2523.55
13 69 -2670.37
13 70 -2803.26
13 71 -2918.49
13 72 -3012.42
13 73 -3081.83
13 74 -3123.88
13 75 -3136.5
13 76 -3118.3
13 77 -3068.87
13 78 -2988.76
13 79 -2879.52
13 80 -2743.67
13 81 -2584.59
13 82 -2406.43
13 83 -2213.83
13 84 -2011.8
13 85 -1805.4
13 86 -1599.48
13 87 -1398.64
13 88 -1206.67
13 89 -1026.91
13 90 -861.668
13 91 -712.555
13 92 -580.229
13 93 -464.643
13 94 -365.055
13 95 -280.08
13 96 -207.914
13 97 -146.347
13 98 -92.9429
13 99 -45.0825
13 100 0

14 0 0
14 1 -56.0697
14 2 -115.324
14 3 -180.872
14 4 -255.653
14 5 -342.323
14 6 -443.151
14 7 -559.894
14 8 -693.663
14 9 -844.841
14 10 -1012.91
14 11 -1196.46
14 12 -1393.11
14 13 -1599.48
14 14 -1811.52
14 15 -2024.25
14 16 -2232.46
14 17 -2430.52
14 18 -2612.93
14 19 -2774.47
14 20 -2910.51
14 21 -3017.21
14 22 -3091.75
14 23 -3132.37
14 24 -3138.48
14 25 -3110.59
14 26 -3050.27
14 27 -2959.97
14 28 -2842.95
14 29 -2702.93
14 30 -2544.06
14 31 -2370.61
14 32 -2186.86
14 33 -1996.91
14 34 -1804.61
14 35 -1613.41
14 36 -1426.38
14 37 -1246.11
14 38 -1074.75
14 39 -914.046
14 40 -765.321
14 41 -629.569
14 42 -507.475
14 43 -399.498
14 44 -305.879
14 45 -226.75
14 46 -162.116
14 47 -111.954
14 48 -76.1823
14 49 -54.7575
14 50 -47.6149
14 51 -54.7575
14 52 -76.1823
14 53 -111.954
14 54 -162.116
14 55 -226.75
14 56 -305.879
14 57 -399.498
14 58 -507.475
14 59 -629.569
14 60 -765.321
14 61 -914.046
14 62 -1074.75
14 63 -1246.11
14 64 -1426.38
14 65 -1613.41
14 66 -1804.61
14 67 -1996.91
14 68 -2186.86
14 69 -2370.61
14 70 -2544.06
14 71 -2702.93
14 72 -2842.95
14 73 -2959.97
14 74 -3050.27
14 75 -3110.59
14 76 -3138.48
14 77 -3132.37
14 78 -3091.75
14 79 -3017.21
14 80 -2910.51
14 81 -2774.47
14 82 -2612.93
14 83 -2430.52
14 84 -2232.46
14 85 -2024.25
14 86 -1811.52
14 87 -1599.48
14 88 -1393.11
14 89 -1196.46
14 90 -1012.91
14 91 -844.841
14 92 -693.663
14 93 -559.894
14 94 -443.151
14 95 -342.323
14 96 -255.653
14 97 -180.872
14 98 -115.324
14 99 -56.0697
14 100 0

15 0 0
15 1 -68.8869
15 2 -141.364
15 3 -220.876
15 4 -310.616
15 5 -413.407
15 6 -531.504
15 7 -666.512
15 8 -819.228
15 9 -989.446
15 10 -1175.96
15 11 -1376.52
15 12 -1587.77
15 13 -1805.4
15 14 -2024.24
15 15 -2238.64
15 16 -2442.44
15 17 -2629.65
15 18 -2794.39
15 19 -2931.54
15 20 -3036.73
15 21 -3106.78
15 22 -3139.65
15 23 -3134.67
15 24 -3092.42
15 25 -3014.66
15 26 -2904.23
15 27 -2764.78
15 28 -2600.61
15 29 -2416.42
15 30 -2217.04
15 31 -2007.33
15 32 -1791.85
15 33 -1574.89
15 34 -1360.2
15 35 -1151.13
15 36 -950.362
15 37 -760.147
15 38 -582.148
15 39 -417.623
15 40 -267.381
15 41 -131.921
15 42 -11.4525
15 43 94.024
15 44 184.644
15 45 260.652
15 46 322.31
15 47 369.925
15 48 403.721
15 49 423.927
15 50 430.638
15 51 423.927
15 52 403.721
15 53 369.925
15 54 322.31
15 55 260.652
15 56 184.644
15 57 94.024
15 58 -11.4525
15 59 -131.921
15 60 -267.381
15 61 -417.623
15 62 -582.148
15 63 -760.147
15 64 -950.362
15 65 -1151.13
15 66 -1360.2
15 67 -1574.89
15 68 -1791.85
15 69 -2007.33
15 70 -2217.04
15 71 -2416.42
15 72 -2600.61
15 73 -2764.78
15 74 -2904.23
15 75 -3014.66
15 76 -3092.42
15 77 -3134.67
15 78 -3139.65
15 79 -3106.78
15 80 -3036.73
15 81 -2931.54
15 82 -2794.39
15 83 -2629.65
15 84 -2442.44
15 85 -2238.64
15 86 -2024.24
15 87 -1805.4
15 88 -1587.77
15 89 -1376.52
15 90 -1175.96
15 91 -989.446
15 92 -819.228
15 93 -666.512
15 94 -531.504
15 95 -413.407
15 96 -310.616
15 97 -220.876
15 98 -141.364
15 99 -68.8869
15 100 0

16 0 0
16 1 -83.6621
16 2 -171.269
16 3 -266.562
16 4 -372.971
16 5 -493.404
16 6 -630.024
16 7 -784.137
16 8 -956.067
16 9 -1144.95
16 10 -1348.76
16 11 -1564.24
16 12 -1787.02
16 13 -2011.8
16 14 -2232.46
16 15 -2442.44
16 16 -2635.17
16 17 -2804.16
16 18 -2943.7
16 19 -3048.86
16 20 -3116.01
16 21 -3142.78
16 22 -3128.36
16 23 -3073.28
16 24 -2979.57
16 25 -2850.34
16 26 -2689.74
16 27 -2502.6
16 28 -2294.25
16 29 -2070.14
16 30 -1835.7
16 31 -1596.08
16 32 -1355.98
16 33 -1119.58
16 34 -890.412
16 35 -671.38
16 36 -464.736
16 37 -272.14
16 38 -94.7004
16 39 66.9427
16 40 212.532
16 41 342.139
16 42 456.039
16 43 554.691
16 44 638.625
16 45 708.417
16 46 764.63
16 47 807.767
16 48 838.259
16 49 856.419
16 50 862.453
16 51 856.419
16 52 838.259
16 53 807.767
16 54 764.63
16 55 708.417
16 56 638.625
16 57 554.691
16 58 456.039
16 59 342.139
16 60 212.532
16 61 66.9427
16 62 -94.7004
16 63 -272.14
16 64 -464.736
16 65 -671.38
16 66 -890.412
16 67 -1119.58
16 68 -1355.98
16 69 -1596.08
16 70 -1835.7
16 71 -2070.14
16 72 -2294.25
16 73 -2502.6
16 74 -2689.74
16 75 -2850.34
16 76 -2979.57
16 77 -3073.28
16 78 -3128.36
16 79 -3142.78
16 80 -3116.01
16 81 -3048.86
16 82 -2943.7
16 83 -2804.16
16 84 -2635.17
16 85 -2442.44
16 86 -2232.46
16 87 -2011.8
16 88 -1787.02
16 89 -1564.24
16 90 -1348.76
16 91 -1144.95
16 92 -956.067
16 93 -784.137
16 94 -630.024
16 95 -493.404
16 96 -372.971
16 97 -266.562
16 98 -171.269
16 99 -83.6621
16 100 0

17 0 0
17 1 -100.421
17 2 -205.1
17 3 -318.023
17 4 -442.752
17 5 -582.177
17 6 -738.27
17 7 -911.948
17 8 -1102.89
17 9 -1309.47
17 10 -1528.69
17 11 -1756.27
17 12 -1986.76
17 13 -2213.83
17 14 -2430.53
17 15 -2629.65
17 16 -2804.16
17 17 -2947.67
17 18 -3054.67
17 19 -3120.95
17 20 -3143.76
17 21 -3122.04
17 22 -3056.27
17 23 -2948.61
17 24 -2802.45
17 25 -2622.45
17 26 -2413.97
17 27 -2183
17 28 -1935.65
17 29 -1678.02
17 30 -1415.83
17 31 -1154.31
17 32 -898.043
17 33 -650.853
17 34 -415.823
17 35 -195.264
17 36 9.20436
17 37 196.608
17 38 366.501
17 39 518.9
17 40 654.15
17 41 772.877
17 42 875.84
17 43 963.944
17 44 1038.05
17 45 1099.08
17 46 1147.79
17 47 1184.93
17 48 1211.02
17 49 1226.51
17 50 1231.64
17 51 1226.51
17 52 1211.02
17 53 1184.93
17 54 1147.79
17 55 1099.08
17 56 1038.05
17 57 963.944
17 58 875.84
17 59 772.877
17 60 654.15
17 61 518.9
17 62 366.501
17 63 196.608
17 64 9.20436
17 65 -195.264
17 66 -415.823
17 67 -650.853
17 68 -898.043
17 69 -1154.31
17 70 -1415.83
17 71 -1678.02
17 72 -1935.65
17 73 -2183
17 74 -2413.97
17 75 -2622.45
17 76 -2802.45
17 77 -2948.61
17 78 -3056.27
17 79 -3122.04
17 80 -3143.76
17 81 -3120.95
17 82 -3054.67
17 83 -2947.67
17 84 -2804.16
17 85 -2629.65
17 86 -2430.53
17 87 -2213.83
17 88 -1986.76
17 89 -1756.27
17 90 -1528.69
17 91 -1309.47
17 92 -1102.89
17 93 -911.948
17 94 -738.27
17 95 -582.177
17 96 -442.752
17 97 -318.023
17 98 -205.1
17 99 -100.421
17 100 0

18 0 0
18 1 -119.196
18 2 -242.868
18 3 -375.18
18 4 -519.731
18 5 -679.286
18 6 -855.495
18 7 -1048.74
18 8 -1257.98
18 9 -1480.65
18 10 -1712.74
18 11 -1948.84
18 12 -2182.49
18 13 -2406.43
18 14 -2612.93
18 15 -2794.39
18 16 -2943.7
18 17 -3054.67
18 18 -3122.5
18 19 -3143.93
18 20 -3117.52
18 21 -3043.68
18 22 -2924.54
18 23 -2763.8
18 24 -2566.54
18 25 -2338.69
18 26 -2086.92
18 27 -1818.02
18 28 -1538.84
18 29 -1255.69
18 30 -974.45
18 31 -700.082
18 32 -436.818
18 33 -187.889
18 34 44.2711
18 35 258.097
18 36 452.743
18 37 627.956
18 38 784.061
18 39 921.663
18 40 1041.79
18 41 1145.49
18 42 1234.09
18 43 1308.72
18 44 1370.7
18 45 1421.05
18 46 1460.86
18 47 1490.88
18 48 1511.86
18 49 1524.22
18 50 1528.34
18 51 1524.22
18 52 1511.86
18 53 1490.88
18 54 1460.86
18 55 1421.05
18 56 1370.7
18 57 1308.72
18 58 1234.09
18 59 1145.49
18 60 1041.79
18 61 921.663
18 62 784.061
18 63 627.956
18 64 452.743
18 65 258.097
18 66 44.2711
18 67 -187.889
18 68 -436.818
18 69 -700.082
18 70 -974.45
18 71 -1255.69
18 72 -1538.84
18 73 -1818.02
18 74 -2086.92
18 75 -2338.69
18 76 -2566.54
18 77 -2763.8
18 78 -2924.54
18 79 -3043.68
18 80 -3117.52
18 81 -3143.93
18 82 -3122.5
18 83 -3054.67
18 84 -2943.7
18 85 -2794.39
18 86 -2612.93
18 87 -2406.43
18 88 -2182.49
18 89 -1948.84
18 90 -1712.74
18 91 -1480.65
18 92 -1257.98
18 93 -1048.74
18 94 -855.495
18 95 -679.286
18 96 -519.731
18 97 -375.18
18 98 -242.868
18 99 -119.196
18 100 0

19 0 0
19 1 -139.933
19 2 -284.455
19 3 -437.789
19 4 -603.471
19 5 -784.005
19 6 -980.609
19 7 -1192.99
19 8 -1419.21
19 9 -1655.75
19 10 -1897.49
19 11 -2137.96
19 12 -2369.68
19 13 -2584.59
19 14 -2774.47
19 15 -2931.54
19 16 -3048.87
19 17 -3120.95
19 18 -3143.93
19 19 -3115.89
19 20 -3037.01
19 21 -2909.32
19 22 -2736.76
19 23 -2524.74
19 24 -2279.78
19 25 -2009.21
19 26 -1720.57
19 27 -1421.46
19 28 -1118.91
19 29 -819.449
19 30 -528.539
19 31 -250.825
19 32 10.233
19 33 252.068
19 34 473.153
19 35 672.739
19 36 850.81
19 37 1007.94
19 38 1145.09
19 39 1263.61
19 40 1364.94
19 41 1450.72
19 42 1522.5
19 43 1581.86
19 44 1630.21
19 45 1668.85
19 46 1698.9
19 47 1721.29
19 48 1736.75
19 49 1745.83
19 50 1748.81
19 51 1745.83
19 52 1736.75
19 53 1721.29
19 54 1698.9
19 55 1668.85
19 56 1630.21
19 57 1581.86
19 58 1522.5
19 59 1450.72
19 60 1364.94
19 61 1263.61
19 62 1145.09
19 63 1007.94
19 64 850.81
19 65 672.739
19 66 473.153
19 67 252.068
19 68 10.233
19 69 -250.825
19 70 -528.539
19 71 -819.449
19 72 -1118.91
19 73 -1421.46
19 74 -1720.57
19 75 -2009.21
19 76 -2279.78
19 77 -2524.74
19 78 -2736.76
19 79 -2909.32
19 80 -3037.01
19 81 -3115.89
19 82 -3143.93
19 83 -3120.95
19 84 -3048.87
19 85 -2931.54
19 86 -2774.47
19 87 -2584.59
19 88 -2369.68
19 89 -2137.96
19 90 -1897.49
19 91 -1655.75
19 92 -1419.21
19 93 -1192.99
19 94 -980.609
19 95 -784.005
19 96 -603.471
19 97 -437.789
19 98 -284.455
19 99 -139.933
19 100 0

20 0 0
20 1 -162.513
20 2 -329.604
20 3 -505.441
20 4 -693.326
20 5 -895.366
20 6 -1112.2
20 7 -1342.75
20 8 -1584.15
20 9 -1831.77
20 10 -2079.4
20 11 -2319.54
20 12 -2543.86
20 13 -2743.67
20 14 -2910.5
20 15 -3036.73
20 16 -3116.01
20 17 -3143.76
20 18 -3117.52
20 19 -3037.01
20 20 -2904.12
20 21 -2722.87
20 22 -2498.92
20 23 -2239.38
20 24 -1952.16
20 25 -1645.66
20 26 -1328.21
20 27 -1007.68
20 28 -691.243
20 29 -385.017
20 30 -94.0734
20 31 177.815
20 32 427.918
20 33 654.715
20 34 857.526
20 35 1036.58
20 36 1192.7
20 37 1327.2
20 38 1441.75
20 39 1538.21
20 40 1618.53
20 41 1684.66
20 42 1738.46
20 43 1781.7
20 44 1815.92
20 45 1842.53
20 46 1862.69
20 47 1877.38
20 48 1887.34
20 49 1893.1
20 50 1894.98
20 51 1893.1
20 52 1887.34
20 53 1877.38
20 54 1862.69
20 55 1842.53
20 56 1815.92
20 57 1781.7
20 58 1738.46
20 59 1684.66
20 60 1618.53
20 61 1538.21
20 62 1441.75
20 63 1327.2
20 64 1192.7
20 65 1036.58
20 66 857.526
20 67 654.715
20 68 427.918
20 69 177.815
20 70 -94.0734
20 71 -385.017
20 72 -691.243
20 73 -1007.68
20 74 -1328.21
20 75 -1645.66
20 76 -1952.16
20 77 -2239.38
20 78 -2498.92
20 79 -2722.87
20 80 -2904.12
20 81 -3037.01
20 82 -3117.52
20 83 -3143.76
20 84 -3116.01
20 85 -3036.73
20 86 -2910.5
20 87 -2743.67
20 88 -2543.86
20 89 -2319.54
20 90 -2079.4
20 91 -1831.77
20 92 -1584.15
20 93 -1342.75
20 94 -1112.2
20 95 -895.366
20 96 -693.326
20 97 -505.441
20 98 -329.604
20 99 -162.513
20 100 0

21 0 0
21 1 -186.794
21 2 -377.993
21 3 -577.536
21 4 -788.381
21 5 -1012.09
21 6 -1248.6
21 7 -1495.91
21 8 -1750.11
21 9 -2005.5
21 10 -2254.81
21 11 -2489.6
21 12 -2700.84
21 13 -2879.52
21 14 -3017.21
21 15 -3106.78
21 16 -3142.77
21 17 -3122.04
21 18 -3043.68
21 19 -2909.32
21 20 -2722.87
21 21 -2490.19
21 22 -2218.84
21 23 -1917.36
21 24 -1594.91
21 25 -1260.67
21 26 -923.366
21 27 -590.952
21 28 -270.242
21 29 33.185
21 30 315.136
21 31 572.715
21 32 804.283
21 33 1009.3
21 34 1188.13
21 35 1341.9
21 36 1472.25
21 37 1581.19
21 38 1670.99
21 39 1743.93
21 40 1802.35
21 41 1848.4
21 42 1884.16
21 43 1911.42
21 44 1931.88
21 45 1946.85
21 46 1957.58
21 47 1964.93
21 48 1969.71
21 49 1972.34
21 50 1973.21
21 51 1972.34
21 52 1969.71
21 53 1964.93
21 54 1957.58
21 55 1946.85
21 56 1931.88
21 57 1911.42
21 58 1884.16
21 59 1848.4
21 60 1802.35
21 61 1743.93
21 62 1670.99
21 63 1581.19
21 64 1472.25
21 65 1341.9
21 66 1188.13
21 67 1009.3
21 68 804.283
21 69 572.715
21 70 315.136
21 71 33.185
21 72 -270.242
21 73 -590.952
21 74 -923.366
21 75 -1260.67
21 76 -1594.91
21 77 -1917.36
21 78 -2218.84
21 79 -2490.19
21 80 -2722.87
21 81 -2909.32
21 82 -3043.68
21 83 -3122.04
21 84 -3142.77
21 85 -3106.78
21 86 -3017.21
21 87 -2879.52
21 88 -2700.84
21 89 -2489.6
21 90 -2254.81
21 91 -2005.5
21 92 -1750.11
21 93 -1495.91
21 94 -1248.6
21 95 -1012.09
21 96 -788.381
21 97 -577.536
21 98 -377.993
21 99 -186.794
21 100 0

22 0 0
22 1 -212.524
22 2 -429.121
22 3 -653.337
22 4 -887.582
22 5 -1132.75
22 6 -1387.9
22 7 -1650.08
22 8 -1914.28
22 9 -2173.74
22 10 -2420.17
22 11 -2644.43
22 12 -2837
22 13 -2988.76
22 14 -3091.75
22 15 -3139.65
22 16 -3128.36
22 17 -3056.27
22 18 -2924.53
22 19 -2736.76
22 20 -2498.92
22 21 -2218.84
22 22 -1905.67
22 23 -1569.31
22 24 -1219.8
22 25 -866.804
22 26 -519.118
22 27 -184.37
22 28 131.263
22 29 423.077
22 30 687.933
22 31 924.015
22 32 1130.88
22 33 1308.99
22 34 1459.78
22 35 1585.19
22 36 1687.63
22 37 1769.71
22 38 1834.1
22 39 1883.49
22 40 1920.35
22 41 1947.05
22 42 1965.63
22 43 1978
22 44 1985.67
22 45 1990.06
22 46 1992.2
22 47 1993.02
22 48 1993.11
22 49 1993.01
22 50 1992.93
22 51 1993.01
22 52 1993.11
22 53 1993.02
22 54 1992.2
22 55 1990.06
22 56 1985.67
22 57 1978
22 58 1965.63
22 59 1947.05
22 60 1920.35
22 61 1883.49
22 62 1834.1
22 63 1769.71
22 64 1687.63
22 65 1585.19
22 66 1459.78
22 67 1308.99
22 68 1130.88
22 69 924.015
22 70 687.933
22 71 423.077
22 72 131.263
22 73 -184.37
22 74 -519.118
22 75 -866.804
22 76 -1219.8
22 77 -1569.31
22 78 -1905.67
22 79 -2218.84
22 80 -2498.92
22 81 -2736.76
22 82 -2924.53
22 83 -3056.27
22 84 -3128.36
22 85 -3139.65
22 86 -3091.75
22 87 -2988.76
22 88 -2837
22 89 -2644.43
22 90 -2420.17
22 91 -2173.74
22 92 -1914.28
22 93 -1650.08
22 94 -1387.9
22 95 -1132.75
22 96 -887.582
22 97 -653.337
22 98 -429.121
22 99 -212.524
22 100 0

23 0 0
23 1 -239.45
23 2 -482.447
23 3 -731.941
23 4 -989.664
23 5 -1255.67
23 6 -1528.06
23 7 -1802.8
23 8 -2073.84
23 9 -2333.35
23 10 -2572.25
23 11 -2780.77
23 12 -2949.25
23 13 -3068.87
23 14 -3132.37
23 15 -3134.67
23 16 -3073.28
23 17 -2948.61
23 18 -2763.8
23 19 -2524.73
23 20 -2239.38
23 21 -1917.36
23 22 -1569.31
23 23 -1206.11
23 24 -838.423
23 25 -475.978
23 26 -127.284
23 27 200.709
23 28 502.735
23 29 775.258
23 30 1016.26
23 31 1225.27
23 32 1402.87
23 33 1550.75
23 34 1671.14
23 35 1766.84
23 36 1840.84
23 37 1896.2
23 38 1935.94
23 39 1962.89
23 40 1979.67
23 41 1988.6
23 42 1991.73
23 43 1990.82
23 44 1987.34
23 45 1982.52
23 46 1977.32
23 47 1972.54
23 48 1968.73
23 49 1966.29
23 50 1965.45
23 51 1966.29
23 52 1968.73
23 53 1972.54
23 54 1977.32
23 55 1982.52
23 56 1987.34
23 57 1990.82
23 58 1991.73
23 59 1988.6
23 60 1979.67
23 61 1962.89
23 62 1935.94
23 63 1896.2
23 64 1840.84
23 65 1766.84
23 66 1671.14
23 67 1550.75
23 68 1402.87
23 69 1225.27
23 70 1016.26
23 71 775.258
23 72 502.735
23 73 200.709
23 74 -127.284
23 75 -475.978
23 76 -838.423
23 77 -1206.11
23 78 -1569.31
23 79 -1917.36
23 80 -2239.38
23 81 -2524.73
23 82 -2763.8
23 83 -2948.61
23 84 -3073.28
23 85 -3134.67
23 86 -3132.37
23 87 -3068.87
23 88 -2949.25
23 89 -2780.77
23 90 -2572.25
23 91 -2333.35
23 92 -2073.84
23 93 -1802.8
23 94 -1528.06
23 95 -1255.67
23 96 -989.664
23 97 -731.941
23 98 -482.447
23 99 -239.45
23 100 0

24 0 0
24 1 -267.241
24 2 -537.304
24 3 -812.357
24 4 -1093.26
24 5 -1379.11
24 6 -1666.94
24 7 -1951.63
24 8 -2226.04
24 9 -2481.46
24 10 -2708.1
24 11 -2895.94
24 12 -3035.41
24 13 -3118.3
24 14 -3138.48
24 15 -3092.42
24 16 -2979.57
24 17 -2802.45
24 18 -2566.54
24 19 -2279.78
24 20 -1952.16
24 21 -1594.91
24 22 -1219.79
24 23 -838.425
24 24 -461.602
24 25 -98.8067
24 26 242.106
24 27 555.16
24 28 836.318
24 29 1083.23
24 30 1295.34
24 31 1473.29
24 32 1618.96
24 33 1734.89
24 34 1824.26
24 35 1890.43
24 36 1936.87
24 37 1966.95
24 38 1983.87
24 39 1990.48
24 40 1989.4
24 41 1982.83
24 42 1972.71
24 43 1960.6
24 44 1947.85
24 45 1935.49
24 46 1924.37
24 47 1915.1
24 48 1908.17
24 49 1903.89
24 50 1902.44
24 51 1903.89
24 52 1908.17
24 53 1915.1
24 54 1924.37
24 55 1935.49
24 56 1947.85
24 57 1960.6
24 58 1972.71
24 59 1982.83
24 60 1989.4
24 61 1990.48
24 62 1983.87
24 63 1966.95
24 64 1936.87
24 65 1890.43
24 66 1824.26
24 67 1734.89
24 68 1618.96
24 69 1473.29
24 70 1295.34
24 71 1083.23
24 72 836.318
24 73 555.16
24 74 242.106
24 75 -98.8067
24 76 -461.602
24 77 -838.425
24 78 -1219.79
24 79 -1594.91
24 80 -1952.16
24 81 -2279.78
24 82 -2566.54
24 83 -2802.45
24 84 -2979.57
24 85 -3092.42
24 86 -3138.48
24 87 -3118.3
24 88 -3035.41
24 89 -2895.94
24 90 -2708.1
24 91 -2481.46
24 92 -2226.04
24 93 -1951.63
24 94 -1666.94
24 95 -1379.11
24 96 -1093.26
24 97 -812.357
24 98 -537.304
24 99 -267.241
24 100 0

25 0 0
25 1 -295.539
25 2 -592.979
25 3 -893.502
25 4 -1196.94
25 5 -1501.28
25 6 -1802.43
25 7 -2094.15
25 8 -2368.35
25 9 -2615.5
25 10 -2825.38
25 11 -2987.93
25 12 -3094.05
25 13 -3136.5
25 14 -3110.59
25 15 -3014.66
25 16 -2850.34
25 17 -2622.45
25 18 -2338.69
25 19 -2009.21
25 20 -1645.66
25 21 -1260.67
25 22 -866.807
25 23 -475.977
25 24 -98.8074
25 25 255.864
25 26 581.158
25 27 872.394
25 28 1126.78
25 29 1343.52
25 30 1523.28
25 31 1668.04
25 32 1780.67
25 33 1864.65
25 34 1923.77
25 35 1961.91
25 36 1982.82
25 37 1990.05
25 38 1986.74
25 39 1975.79
25 40 1959.55
25 41 1940.16
25 42 1919.26
25 43 1898.27
25 44 1878.25
25 45 1860.11
25 46 1844.49
25 47 1831.88
25 48 1822.64
25 49 1817.01
25 50 1815.11
25 51 1817.01
25 52 1822.64
25 53 1831.88
25 54 1844.49
25 55 1860.11
25 56 1878.25
25 57 1898.27
25 58 1919.26
25 59 1940.16
25 60 1959.55
25 61 1975.79
25 62 1986.74
25 63 1990.05
25 64 1982.82
25 65 1961.91
25 66 1923.77
25 67 1864.65
25 68 1780.67
25 69 1668.04
25 70 1523.28
25 71 1343.52
25 72 1126.78
25 73 872.394
25 74 581.158
25 75 255.864
25 76 -98.8074
25 77 -475.977
25 78 -866.807
25 79 -1260.67
25 80 -1645.66
25 81 -2009.21
25 82 -2338.69
25 83 -2622.45
25 84 -2850.34
25 85 -3014.66
25 86 -3110.59
25 87 -3136.5
25 88 -3094.05
25 89 -2987.93
25 90 -2825.38
25 91 -2615.5
25 92 -2368.35
25 93 -2094.15
25 94 -1802.43
25 95 -1501.28
25 96 -1196.94
25 97 -893.502
25 98 -592.979
25 99 -295.539
25 100 0

26 0 0
26 1 -323.989
26 2 -648.736
26 3 -974.26
26 4 -1299.21
26 5 -1620.38
26 6 -1932.48
26 7 -2228.2
26 8 -2498.53
26 9 -2733.36
26 10 -2922.26
26 11 -3055.46
26 12 -3124.64
26 13 -3123.89
26 14 -3050.27
26 15 -2904.23
26 16 -2689.74
26 17 -2413.97
26 18 -2086.92
26 19 -1720.57
26 20 -1328.2
26 21 -923.369
26 22 -519.117
26 23 -127.285
26 24 242.108
26 25 581.158
26 26 884.32
26 27 1148.22
26 28 1371.68
26 29 1555.23
26 30 1700.95
26 31 1811.93
26 32 1891.98
26 33 1945.29
26 34 1976.18
26 35 1988.78
26 36 1987.03
26 37 1974.41
26 38 1954.07
26 39 1928.59
26 40 1900.23
26 41 1870.76
26 42 1841.65
26 43 1814.02
26 44 1788.75
26 45 1766.5
26 46 1747.76
26 47 1732.88
26 48 1722.1
26 49 1715.57
26 50 1713.38
26 51 1715.57
26 52 1722.1
26 53 1732.88
26 54 1747.76
26 55 1766.5
26 56 1788.75
26 57 1814.02
26 58 1841.65
26 59 1870.76
26 60 1900.23
26 61 1928.59
26 62 1954.07
26 63 1974.41
26 64 1987.03
26 65 1988.78
26 66 1976.18
26 67 1945.29
26 68 1891.98
26 69 1811.93
26 70 1700.95
26 71 1555.23
26 72 1371.68
26 73 1148.22
26 74 884.32
26 75 581.158
26 76 242.108
26 77 -127.285
26 78 -519.117
26 79 -923.369
26 80 -1328.2
26 81 -1720.57
26 82 -2086.92
26 83 -2413.97
26 84 -2689.74
26 85 -2904.23
26 86 -3050.27
26 87 -3123.89
26 88 -3124.64
26 89 -3055.46
26 90 -2922.26
26 91 -2733.36
26 92 -2498.53
26 93 -2228.2
26 94 -1932.48
26 95 -1620.38
26 96 -1299.21
26 97 -974.26
26 98 -648.736
26 99 -323.989
26 100 0

27 0 0
27 1 -352.177
27 2 -703.795
27 3 -1053.52
27 4 -1398.67
27 5 -1734.74
27 6 -2055.23
27 7 -2351.8
27 8 -2614.71
27 9 -2833.41
27 10 -2997.6
27 11 -3098.02
27 12 -3127.54
27 13 -3081.83
27 14 -2959.98
27 15 -2764.77
27 16 -2502.61
27 17 -2183
27 18 -1818.02
27 19 -1421.46
27 20 -1007.68
27 21 -590.952
27 22 -184.371
27 23 200.709
27 24 555.159
27 25 872.396
27 26 1148.21
27 27 1380.94
27 28 1570.79
27 29 1719.83
27 30 1831.31
27 31 1909.32
27 32 1958.47
27 33 1983.49
27 34 1988.97
27 35 1979.24
27 36 1958.16
27 37 1929.15
27 38 1895.05
27 39 1858.26
27 40 1820.7
27 41 1783.88
27 42 1748.96
27 43 1716.83
27 44 1688.12
27 45 1663.3
27 46 1642.66
27 47 1626.46
27 48 1614.79
27 49 1607.77
27 50 1605.42
27 51 1607.77
27 52 1614.79
27 53 1626.46
27 54 1642.66
27 55 1663.3
27 56 1688.12
27 57 1716.83
27 58 1748.96
27 59 1783.88
27 60 1820.7
27 61 1858.26
27 62 1895.05
27 63 1929.15
27 64 1958.16
27 65 1979.24
27 66 1988.97
27 67 1983.49
27 68 1958.47
27 69 1909.32
27 70 1831.31
27 71 1719.83
27 72 1570.79
27 73 1380.94
27 74 1148.21
27 75 872.396
27 76 555.159
27 77 200.709
27 78 -184.371
27 79 -590.952
27 80 -1007.68
27 81 -1421.46
27 82 -1818.02
27 83 -2183
27 84 -2502.61
27 85 -2764.77
27 86 -2959.98
27 87 -3081.83
27 88 -3127.54
27 89 -3098.02
27 90 -2997.6
27 91 -2833.41
27 92 -2614.71
27 93 -2351.8
27 94 -2055.23
27 95 -1734.74
27 96 -1398.67
27 97 -1053.52
27 98 -703.795
27 99 -352.177
27 100 0

28 0 0
28 1 -379.762
28 2 -757.444
28 3 -1130.21
28 4 -1493.94
28 5 -1842.78
28 6 -2169.02
28 7 -2463.37
28 8 -2715.45
28 9 -2914.62
28 10 -3050.86
28 11 -3115.85
28 12 -3103.83
28 13 -3012.42
28 14 -2842.95
28 15 -2600.61
28 16 -2294.25
28 17 -1935.66
28 18 -1538.84
28 19 -1118.91
28 20 -691.243
28 21 -270.242
28 22 131.264
28 23 502.734
28 24 836.319
28 25 1126.78
28 26 1371.68
28 27 1570.79
28 28 1725.97
28 29 1840.56
28 30 1918.86
28 31 1965.86
28 32 1986.74
28 33 1986.54
28 34 1970.06
28 35 1941.53
28 36 1904.71
28 37 1862.73
28 38 1818.18
28 39 1773.11
28 40 1729.11
28 41 1687.4
28 42 1648.85
28 43 1614.07
28 44 1583.49
28 45 1557.37
28 46 1535.9
28 47 1519.13
28 48 1507.15
28 49 1499.95
