0 0 0
0 1 0
0 2 0
0 3 0
0 4 0
0 5 0
0 6 0
0 7 0
0 8 0
0 9 0
0 10 0
0 11 0
0 12 0
0 13 0
0 14 0
0 15 0
0 16 0
0 17 0
0 18 0
0 19 0
0 20 0
0 21 0
0 22 0
0 23 0
0 24 0
0 25 0
0 26 0
0 27 0
0 28 0
0 29 0
0 30 0
0 31 0
0 32 0
0 33 0
0 34 0
0 35 0
0 36 0
0 37 0
0 38 0
0 39 0
0 40 0
0 41 0
0 42 0
0 43 0
0 44 0
0 45 0
0 46 0
0 47 0
0 48 0
0 49 0
0 50 0
0 51 0
0 52 0
0 53 0
0 54 0
0 55 0
0 56 0
0 57 0
0 58 0
0 59 0
0 60 0
0 61 0
0 62 0
0 63 0
0 64 0
0 65 0
0 66 0
0 67 0
0 68 0
0 69 0
0 70 0
0 71 0
0 72 0
0 73 0
0 74 0
0 75 0
0 76 0
0 77 0
0 78 0
0 79 0
0 80 0
0 81 0
0 82 0
0 83 0
0 84 0
0 85 0
0 86 0
0 87 0
0 88 0
0 89 0
0 90 0
0 91 0
0 92 0
0 93 0
0 94 0
0 95 0
0 96 0
0 97 0
0 98 0
0 99 0
0 100 0

1 0 0
1 1 0
1 2 -0.0511098
1 3 -0.0525364
1 4 -0.00819249
1 5 -0.0648859
1 6 -0.0981665
1 7 -0.150178
1 8 -0.254596
1 9 -0.356934
1 10 -0.501175
1 11 -0.735097
1 12 -1.03797
1 13 -1.45769
1 14 -2.04071
1 15 -2.76593
1 16 -3.73591
1 17 -4.95897
1 18 -6.49658
1 19 -8.43232
1 20 -10.7906
1 21 -13.6624
1 22 -17.0993
1 23 -21.1374
1 24 -25.8663
1 25 -31.2745
1 26 -37.4399
1 27 -44.3407
1 28 -51.9924
1 29 -60.3793
1 30 -69.4416
1 31 -79.1562
1 32 -89.4082
1 33 -100.144
1 34 -111.223
1 35 -122.549
1 36 -133.981
1 37 -145.382
1 38 -156.626
1 39 -167.551
1 40 -178.05
1 41 -187.958
1 42 -197.19
1 43 -205.594
1 44 -213.107
1 45 -219.6
1 46 -225.035
1 47 -229.311
1 48 -232.417
1 49 -234.28
1 50 -234.915
1 51 -234.28
1 52 -232.417
1 53 -229.311
1 54 -225.035
1 55 -219.6
1 56 -213.107
1 57 -205.594
1 58 -197.19
1 59 -187.958
1 60 -178.05
1 61 -167.551
1 62 -156.626
1 63 -145.382
1 64 -133.981
1 65 -122.549
1 66 -111.223
1 67 -100.144
1 68 -89.4082
1 69 -79.1562
1 70 -69.4416
1 71 -60.3793
1 72 -51.9924
1 73 -44.3407
1 74 -37.4399
1 75 -31.2745
1 76 -25.8663
1 77 -21.1374
1 78 -17.0993
1 79 -13.6624
1 80 -10.7906
1 81 -8.43232
1 82 -6.49658
1 83 -4.95897
1 84 -3.73591
1 85 -2.76593
1 86 -2.04071
1 87 -1.45769
1 88 -1.03797
1 89 -0.735097
1 90 -0.501175
1 91 -0.356934
1 92 -0.254596
1 93 -0.150178
1 94 -0.0981665
1 95 -0.0648859
1 96 -0.00819249
1 97 -0.0525364
1 98 -0.0511098
1 99 0
1 100 0

2 0 0
2 1 -0.0511098
2 2 -0.0536309
2 3 -0.0514631
2 4 -0.109987
2 5 -0.130526
2 6 -0.23074
2 7 -0.337218
2 8 -0.513026
2 9 -0.767713
2 10 -1.10995
2 11 -1.60703
2 12 -2.2673
2 13 -3.17058
2 14 -4.37048
2 15 -5.94983
2 16 -7.98974
2 17 -10.6073
2 18 -13.8807
2 19 -17.9659
2 20 -22.9448
2 21 -28.974
2 22 -36.1532
2 23 -44.6019
2 24 -54.4202
2 25 -65.6789
2 26 -78.4356
2 27 -92.7134
2 28 -108.491
2 29 -125.739
2 30 -144.345
2 31 -164.216
2 32 -185.163
2 33 -207.021
2 34 -229.546
2 35 -252.51
2 36 -275.644
2 37 -298.674
2 38 -321.331
2 39 -343.325
2 40 -364.405
2 41 -384.292
2 42 -402.771
2 43 -419.596
2 44 -434.595
2 45 -447.57
2 46 -458.397
2 47 -466.934
2 48 -473.108
2 49 -476.83
2 50 -478.083
2 51 -476.83
2 52 -473.108
2 53 -466.934
2 54 -458.397
2 55 -447.57
2 56 -434.595
2 57 -419.596
2 58 -402.771
2 59 -384.292
2 60 -364.405
2 61 -343.325
2 62 -321.331
2 63 -298.674
2 64 -275.644
2 65 -252.51
2 66 -229.546
2 67 -207.021
2 68 -185.163
2 69 -164.216
2 70 -144.345
2 71 -125.739
2 72 -108.491
2 73 -92.7134
2 74 -78.4356
2 75 -65.6789
2 76 -54.4202
2 77 -44.6019
2 78 -36.1532
2 79 -28.974
2 80 -22.9448
2 81 -17.9659
2 82 -13.8807
2 83 -10.6073
2 84 -7.98974
2 85 -5.94983
2 86 -4.37048
2 87 -3.17058
2 88 -2.2673
2 89 -1.60703
2 90 -1.10995
2 91 -0.767713
2 92 -0.513026
2 93 -0.337218
2 94 -0.23074
2 95 -0.130526
2 96 -0.109987
2 97 -0.0514631
2 98 -0.0536309
2 99 -0.0511098
2 100 0

3 0 0
3 1 -0.0525364
3 2 -0.0514631
3 3 -0.110091
3 4 -0.177649
3 5 -0.279348
3 6 -0.373465
3 7 -0.604276
3 8 -0.874423
3 9 -1.30331
3 10 -1.92474
3 11 -2.72895
3 12 -3.86757
3 13 -5.37263
3 14 -7.3714
3 15 -9.99828
3 16 -13.3856
3 17 -17.6765
3 18 -23.084
3 19 -29.7237
3 20 -37.8537
3 21 -47.6026
3 22 -59.1877
3 23 -72.7601
3 24 -88.4541
3 25 -106.389
3 26 -126.618
3 27 -149.159
3 28 -173.987
3 29 -200.985
3 30 -230.038
3 31 -260.898
3 32 -293.35
3 33 -327.049
3 34 -361.681
3 35 -396.847
3 36 -432.16
3 37 -467.206
3 38 -501.564
3 39 -534.839
3 40 -566.619
3 41 -596.554
3 42 -624.273
3 43 -649.488
3 44 -671.893
3 45 -691.273
3 46 -707.394
3 47 -720.116
3 48 -729.285
3 49 -734.833
3 50 -736.68
3 51 -734.833
3 52 -729.285
3 53 -720.116
3 54 -707.394
3 55 -691.273
3 56 -671.893
3 57 -649.488
3 58 -624.273
3 59 -596.554
3 60 -566.619
3 61 -534.839
3 62 -501.564
3 63 -467.206
3 64 -432.16
3 65 -396.847
3 66 -361.681
3 67 -327.049
3 68 -293.35
3 69 -260.898
3 70 -230.038
3 71 -200.985
3 72 -173.987
3 73 -149.159
3 74 -126.618
3 75 -106.389
3 76 -88.4541
3 77 -72.7601
3 78 -59.1877
3 79 -47.6026
3 80 -37.8537
3 81 -29.7237
3 82 -23.084
3 83 -17.6765
3 84 -13.3856
3 85 -9.99828
3 86 -7.3714
3 87 -5.37263
3 88 -3.86757
3 89 -2.72895
3 90 -1.92474
3 91 -1.30331
3 92 -0.874423
3 93 -0.604276
3 94 -0.373465
3 95 -0.279348
3 96 -0.177649
3 97 -0.110091
3 98 -0.0514631
3 99 -0.0525364
3 100 0

4 0 0
4 1 -0.00819247
4 2 -0.109987
4 3 -0.177649
4 4 -0.282923
4 5 -0.410516
4 6 -0.650552
4 7 -0.949392
4 8 -1.4327
4 9 -2.07879
4 10 -3.01333
4 11 -4.29671
4 12 -6.02823
4 13 -8.38124
4 14 -11.436
4 15 -15.4493
4 16 -20.5574
4 17 -27.0281
4 18 -35.0871
4 19 -44.9942
4 20 -57.0003
4 21 -71.3791
4 22 -88.3238
4 23 -108.102
4 24 -130.813
4 25 -156.642
4 26 -185.593
4 27 -217.692
4 28 -252.839
4 29 -290.87
4 30 -331.563
4 31 -374.583
4 32 -419.573
4 33 -466.078
4 34 -513.621
4 35 -561.684
4 36 -609.713
4 37 -657.18
4 38 -703.509
4 39 -748.206
4 40 -790.725
4 41 -830.639
4 42 -867.474
4 43 -900.885
4 44 -930.491
4 45 -956.041
4 46 -977.254
4 47 -993.967
4 48 -1006
4 49 -1013.27
4 50 -1015.69
4 51 -1013.27
4 52 -1006
4 53 -993.967
4 54 -977.254
4 55 -956.041
4 56 -930.491
4 57 -900.885
4 58 -867.474
4 59 -830.639
4 60 -790.725
4 61 -748.206
4 62 -703.509
4 63 -657.18
4 64 -609.713
4 65 -561.684
4 66 -513.621
4 67 -466.078
4 68 -419.573
4 69 -374.583
4 70 -331.563
4 71 -290.87
4 72 -252.839
4 73 -217.692
4 74 -185.593
4 75 -156.642
4 76 -130.813
4 77 -108.102
4 78 -88.3238
4 79 -71.3791
4 80 -57.0003
4 81 -44.9942
4 82 -35.0871
4 83 -27.0281
4 84 -20.5574
4 85 -15.4493
4 86 -11.436
4 87 -8.38124
4 88 -6.02823
4 89 -4.29671
4 90 -3.01333
4 91 -2.07879
4 92 -1.4327
4 93 -0.949392
4 94 -0.650552
4 95 -0.410516
4 96 -0.282923
4 97 -0.177649
4 98 -0.109987
4 99 -0.00819247
4 100 0

5 0 0
5 1 -0.0648859
5 2 -0.130526
5 3 -0.279348
5 4 -0.410516
5 5 -0.655146
5 6 -0.999728
5 7 -1.50025
5 8 -2.18567
5 9 -3.20681
5 10 -4.57205
5 11 -6.4972
5 12 -9.09263
5 13 -12.5154
5 14 -17.0512
5 15 -22.8512
5 16 -30.2788
5 17 -39.576
5 18 -51.1016
5 19 -65.1659
5 20 -82.1183
5 21 -102.245
5 22 -125.871
5 23 -153.187
5 24 -184.432
5 25 -219.658
5 26 -258.941
5 27 -302.173
5 28 -349.219
5 29 -399.793
5 30 -453.549
5 31 -510.028
5 32 -568.709
5 33 -628.997
5 34 -690.256
5 35 -751.81
5 36 -812.982
5 37 -873.078
5 38 -931.446
5 39 -987.44
5 40 -1040.48
5 41 -1090.01
5 42 -1135.56
5 43 -1176.69
5 44 -1213.04
5 45 -1244.28
5 46 -1270.18
5 47 -1290.52
5 48 -1305.16
5 49 -1313.98
5 50 -1316.93
5 51 -1313.98
5 52 -1305.16
5 53 -1290.52
5 54 -1270.18
5 55 -1244.28
5 56 -1213.04
5 57 -1176.69
5 58 -1135.56
5 59 -1090.01
5 60 -1040.48
5 61 -987.44
5 62 -931.446
5 63 -873.078
5 64 -812.982
5 65 -751.81
5 66 -690.256
5 67 -628.997
5 68 -568.709
5 69 -510.028
5 70 -453.549
5 71 -399.793
5 72 -349.219
5 73 -302.173
5 74 -258.941
5 75 -219.658
5 76 -184.432
5 77 -153.187
5 78 -125.871
5 79 -102.245
5 80 -82.1183
5 81 -65.1659
5 82 -51.1016
5 83 -39.576
5 84 -30.2788
5 85 -22.8512
5 86 -17.0512
5 87 -12.5154
5 88 -9.09263
5 89 -6.4972
5 90 -4.57205
5 91 -3.20681
5 92 -2.18567
5 93 -1.50025
5 94 -0.999728
5 95 -0.655146
5 96 -0.410516
5 97 -0.279348
5 98 -0.130526
5 99 -0.0648859
5 100 0

6 0 0
6 1 -0.0981665
6 2 -0.23074
6 3 -0.373465
6 4 -0.650551
6 5 -0.999728
6 6 -1.51486
6 7 -2.2408
6 8 -3.30749
6 9 -4.77553
6 10 -6.83243
6 11 -9.6064
6 12 -13.3515
6 13 -18.2836
6 14 -24.7145
6 15 -32.9857
6 16 -43.4061
6 17 -56.4537
6 18 -72.4253
6 19 -91.8385
6 20 -115.009
6 21 -142.36
6 22 -174.193
6 23 -210.766
6 24 -252.249
6 25 -298.717
6 26 -350.1
6 27 -406.276
6 28 -466.895
6 29 -531.62
6 30 -599.854
6 31 -671.049
6 32 -744.441
6 33 -819.311
6 34 -894.826
6 35 -970.172
6 36 -1044.53
6 37 -1117.08
6 38 -1187.1
6 39 -1253.84
6 40 -1316.69
6 41 -1375.05
6 42 -1428.44
6 43 -1476.41
6 44 -1518.62
6 45 -1554.77
6 46 -1584.64
6 47 -1608.04
6 48 -1624.84
6 49 -1634.95
6 50 -1638.34
6 51 -1634.95
6 52 -1624.84
6 53 -1608.04
6 54 -1584.64
6 55 -1554.77
6 56 -1518.62
6 57 -1476.41
6 58 -1428.44
6 59 -1375.05
6 60 -1316.69
6 61 -1253.84
6 62 -1187.1
6 63 -1117.08
6 64 -1044.53
6 65 -970.172
6 66 -894.826
6 67 -819.311
6 68 -744.441
6 69 -671.049
6 70 -599.854
6 71 -531.62
6 72 -466.895
6 73 -406.276
6 74 -350.1
6 75 -298.717
6 76 -252.249
6 77 -210.766
6 78 -174.193
6 79 -142.36
6 80 -115.009
6 81 -91.8385
6 82 -72.4253
6 83 -56.4537
6 84 -43.4061
6 85 -32.9857
6 86 -24.7145
6 87 -18.2836
6 88 -13.3515
6 89 -9.6064
6 90 -6.83243
6 91 -4.77553
6 92 -3.30749
6 93 -2.2408
6 94 -1.51486
6 95 -0.999728
6 96 -0.650551
6 97 -0.373465
6 98 -0.23074
6 99 -0.0981665
6 100 0

7 0 0
7 1 -0.150178
7 2 -0.337218
7 3 -0.604276
7 4 -0.949392
7 5 -1.50025
7 6 -2.2408
7 7 -3.33456
7 8 -4.87972
7 9 -7.02442
7 10 -9.96057
7 11 -13.9528
7 12 -19.2333
7 13 -26.2064
7 14 -35.2006
7 15 -46.6575
7 16 -61.0659
7 17 -78.8484
7 18 -100.591
7 19 -126.691
7 20 -157.699
7 21 -193.95
7 22 -235.84
7 23 -283.553
7 24 -337.248
7 25 -396.87
7 26 -462.288
7 27 -533.157
7 28 -609.046
7 29 -689.327
7 30 -773.305
7 31 -860.125
7 32 -948.916
7 33 -1038.69
7 34 -1128.51
7 35 -1217.36
7 36 -1304.34
7 37 -1388.53
7 38 -1469.14
7 39 -1545.39
7 40 -1616.69
7 41 -1682.43
7 42 -1742.18
7 43 -1795.56
7 44 -1842.27
7 45 -1882.09
7 46 -1914.85
7 47 -1940.43
7 48 -1958.75
7 49 -1969.76
7 50 -1973.43
7 51 -1969.76
7 52 -1958.75
7 53 -1940.43
7 54 -1914.85
7 55 -1882.09
7 56 -1842.27
7 57 -1795.56
7 58 -1742.18
7 59 -1682.43
7 60 -1616.69
7 61 -1545.39
7 62 -1469.14
7 63 -1388.53
7 64 -1304.34
7 65 -1217.36
7 66 -1128.51
7 67 -1038.69
7 68 -948.916
7 69 -860.125
7 70 -773.305
7 71 -689.327
7 72 -609.046
7 73 -533.157
7 74 -462.288
7 75 -396.87
7 76 -337.248
7 77 -283.553
7 78 -235.84
7 79 -193.95
7 80 -157.699
7 81 -126.691
7 82 -100.591
7 83 -78.8484
7 84 -61.0659
7 85 -46.6575
7 86 -35.2006
7 87 -26.2064
7 88 -19.2333
7 89 -13.9528
7 90 -9.96057
7 91 -7.02442
7 92 -4.87972
7 93 -3.33456
7 94 -2.2408
7 95 -1.50025
7 96 -0.949392
7 97 -0.604276
7 98 -0.337218
7 99 -0.150178
7 100 0

8 0 0
8 1 -0.254596
8 2 -0.513025
8 3 -0.874423
8 4 -1.4327
8 5 -2.18567
8 6 -3.30749
8 7 -4.87972
8 8 -7.0852
8 9 -10.1327
8 10 -14.3054
8 11 -19.8968
8 12 -27.2996
8 13 -36.9319
8 14 -49.2987
8 15 -64.9141
8 16 -84.3832
8 17 -108.277
8 18 -137.184
8 19 -171.704
8 20 -212.265
8 21 -259.397
8 22 -313.283
8 23 -374.216
8 24 -442.106
8 25 -516.865
8 26 -598.109
8 27 -685.335
8 28 -777.853
8 29 -874.816
8 30 -975.26
8 31 -1078.13
8 32 -1182.29
8 33 -1286.62
8 34 -1389.94
8 35 -1491.21
8 36 -1589.35
8 37 -1683.48
8 38 -1772.71
8 39 -1856.4
8 40 -1933.91
8 41 -2004.82
8 42 -2068.72
8 43 -2125.4
8 44 -2174.65
8 45 -2216.39
8 46 -2250.54
8 47 -2277.09
8 48 -2296.05
8 49 -2307.42
8 50 -2311.2
8 51 -2307.42
8 52 -2296.05
8 53 -2277.09
8 54 -2250.54
8 55 -2216.39
8 56 -2174.65
8 57 -2125.4
8 58 -2068.72
8 59 -2004.82
8 60 -1933.91
8 61 -1856.4
8 62 -1772.71
8 63 -1683.48
8 64 -1589.35
8 65 -1491.21
8 66 -1389.94
8 67 -1286.62
8 68 -1182.29
8 69 -1078.13
8 70 -975.26
8 71 -874.816
8 72 -777.853
8 73 -685.335
8 74 -598.109
8 75 -516.865
8 76 -442.106
8 77 -374.216
8 78 -313.283
8 79 -259.397
8 80 -212.265
8 81 -171.704
8 82 -137.184
8 83 -108.277
8 84 -84.3832
8 85 -64.9141
8 86 -49.2987
8 87 -36.9319
8 88 -27.2996
8 89 -19.8968
8 90 -14.3054
8 91 -10.1327
8 92 -7.0852
8 93 -4.87972
8 94 -3.30749
8 95 -2.18567
8 96 -1.4327
8 97 -0.874423
8 98 -0.513025
8 99 -0.254596
8 100 0

9 0 0
9 1 -0.356934
9 2 -0.767713
9 3 -1.30331
9 4 -2.07879
9 5 -3.20681
9 6 -4.77553
9 7 -7.02442
9 8 -10.1327
9 9 -14.4208
9 10 -20.2331
9 11 -27.9637
9 12 -38.1173
9 13 -51.242
9 14 -67.9328
9 15 -88.8906
9 16 -114.763
9 17 -146.275
9 18 -184.087
9 19 -228.796
9 20 -280.96
9 21 -340.914
9 22 -408.963
9 23 -485.075
9 24 -569.176
9 25 -660.804
9 26 -759.455
9 27 -864.252
9 28 -974.294
9 29 -1088.38
9 30 -1205.33
9 31 -1323.78
9 32 -1442.41
9 33 -1559.88
9 34 -1674.93
9 35 -1786.38
9 36 -1893.19
9 37 -1994.42
9 38 -2089.33
9 39 -2177.32
9 40 -2257.93
9 41 -2330.87
9 42 -2395.95
9 43 -2453.09
9 44 -2502.32
9 45 -2543.69
9 46 -2577.31
9 47 -2603.29
9 48 -2621.77
9 49 -2632.8
9 50 -2636.48
9 51 -2632.8
9 52 -2621.77
9 53 -2603.29
9 54 -2577.31
9 55 -2543.69
9 56 -2502.32
9 57 -2453.09
9 58 -2395.95
9 59 -2330.87
9 60 -2257.93
9 61 -2177.32
9 62 -2089.33
9 63 -1994.42
9 64 -1893.19
9 65 -1786.38
9 66 -1674.93
9 67 -1559.88
9 68 -1442.41
9 69 -1323.78
9 70 -1205.33
9 71 -1088.38
9 72 -974.294
9 73 -864.252
9 74 -759.455
9 75 -660.804
9 76 -569.176
9 77 -485.075
9 78 -408.963
9 79 -340.914
9 80 -280.96
9 81 -228.796
9 82 -184.087
9 83 -146.275
9 84 -114.763
9 85 -88.8906
9 86 -67.9328
9 87 -51.242
9 88 -38.1173
9 89 -27.9637
9 90 -20.2331
9 91 -14.4208
9 92 -10.1327
9 93 -7.02442
9 94 -4.77553
9 95 -3.20681
9 96 -2.07879
9 97 -1.30331
9 98 -0.767713
9 99 -0.356934
9 100 0

10 0 0
10 1 -0.501175
10 2 -1.10995
10 3 -1.92474
10 4 -3.01333
10 5 -4.57205
10 6 -6.83243
10 7 -9.96057
10 8 -14.3054
10 9 -20.2331
10 10 -28.187
10 11 -38.7118
10 12 -52.427
10 13 -70.0146
10 14 -92.223
10 15 -119.849
10 16 -153.687
10 17 -194.523
10 18 -243.101
10 19 -300.022
10 20 -365.803
10 21 -440.733
10 22 -524.89
10 23 -618.162
10 24 -720.066
10 25 -830.032
10 26 -947.032
10 27 -1070.05
10 28 -1197.65
10 29 -1328.47
10 30 -1460.89
10 31 -1593.39
10 32 -1724.39
10 33 -1852.43
10 34 -1976.15
10 35 -2094.38
10 36 -2206.08
10 37 -2310.47
10 38 -2406.94
10 39 -2495.09
10 40 -2574.68
10 41 -2645.69
10 42 -2708.16
10 43 -2762.29
10 44 -2808.33
10 45 -2846.59
10 46 -2877.36
10 47 -2900.95
10 48 -2917.59
10 49 -2927.51
10 50 -2930.79
10 51 -2927.51
10 52 -2917.59
10 53 -2900.95
10 54 -2877.36
10 55 -2846.59
10 56 -2808.33
10 57 -2762.29
10 58 -2708.16
10 59 -2645.69
10 60 -2574.68
10 61 -2495.09
10 62 -2406.94
10 63 -2310.47
10 64 -2206.08
10 65 -2094.38
10 66 -1976.15
10 67 -1852.43
10 68 -1724.39
10 69 -1593.39
10 70 -1460.89
10 71 -1328.47
10 72 -1197.65
10 73 -1070.05
10 74 -947.032
10 75 -830.032
10 76 -720.066
10 77 -618.162
10 78 -524.89
10 79 -440.733
10 80 -365.803
10 81 -300.022
10 82 -243.101
10 83 -194.523
10 84 -153.687
10 85 -119.849
10 86 -92.223
10 87 -70.0146
10 88 -52.427
10 89 -38.7118
10 90 -28.187
10 91 -20.2331
10 92 -14.3054
10 93 -9.96057
10 94 -6.83243
10 95 -4.57205
10 96 -3.01333
10 97 -1.92474
10 98 -1.10995
10 99 -0.501175
10 100 0

11 0 0
11 1 -0.735097
11 2 -1.60703
11 3 -2.72895
11 4 -4.29672
11 5 -6.4972
11 6 -9.6064
11 7 -13.9528
11 8 -19.8968
11 9 -27.9637
11 10 -38.7118
11 11 -52.8253
11 12 -71.0764
11 13 -94.272
11 14 -123.337
11 15 -159.168
11 16 -202.678
11 17 -254.735
11 18 -316.061
11 19 -387.271
11 20 -468.732
11 21 -560.591
11 22 -662.707
11 23 -774.622
11 24 -895.607
11 25 -1024.58
11 26 -1160.28
11 27 -1301.1
11 28 -1445.4
11 29 -1591.3
11 30 -1737.03
11 31 -1880.68
11 32 -2020.65
11 33 -2155.28
11 34 -2283.31
11 35 -2403.53
11 36 -2515.18
11 37 -2617.57
11 38 -2710.43
11 39 -2793.61
11 40 -2867.23
11 41 -2931.56
11 42 -2987.01
11 43 -3034.1
11 44 -3073.37
11 45 -3105.4
11 46 -3130.74
11 47 -3149.89
11 48 -3163.24
11 49 -3171.13
11 50 -3173.74
11 51 -3171.13
11 52 -3163.24
11 53 -3149.89
11 54 -3130.74
11 55 -3105.4
11 56 -3073.37
11 57 -3034.1
11 58 -2987.01
11 59 -2931.56
11 60 -2867.23
11 61 -2793.61
11 62 -2710.43
11 63 -2617.57
11 64 -2515.18
11 65 -2403.53
11 66 -2283.31
11 67 -2155.28
11 68 -2020.65
11 69 -1880.68
11 70 -1737.03
11 71 -1591.3
11 72 -1445.4
11 73 -1301.1
11 74 -1160.28
11 75 -1024.58
11 76 -895.607
11 77 -774.622
11 78 -662.707
11 79 -560.591
11 80 -468.732
11 81 -387.271
11 82 -316.061
11 83 -254.735
11 84 -202.678
11 85 -159.168
11 86 -123.337
11 87 -94.272
11 88 -71.0764
11 89 -52.8253
11 90 -38.7118
11 91 -27.9637
11 92 -19.8968
11 93 -13.9528
11 94 -9.6064
11 95 -6.4972
11 96 -4.29672
11 97 -2.72895
11 98 -1.60703
11 99 -0.735097
11 100 0

12 0 0
12 1 -1.03797
12 2 -2.2673
12 3 -3.86757
12 4 -6.02823
12 5 -9.09263
12 6 -13.3515
12 7 -19.2333
12 8 -27.2996
12 9 -38.1173
12 10 -52.427
12 11 -71.0763
12 12 -94.9644
12 13 -125.105
12 14 -162.532
12 15 -208.281
12 16 -263.33
12 17 -328.571
12 18 -404.686
12 19 -492.175
12 20 -591.234
12 21 -701.723
12 22 -823.196
12 23 -954.78
12 24 -1095.31
12 25 -1243.26
12 26 -1396.84
12 27 -1554.08
12 28 -1712.81
12 29 -1870.93
12 30 -2026.25
12 31 -2176.85
12 32 -2320.85
12 33 -2456.79
12 34 -2583.33
12 35 -2699.63
12 36 -2805.03
12 37 -2899.32
12 38 -2982.47
12 39 -3054.82
12 40 -3116.86
12 41 -3169.3
12 42 -3212.91
12 43 -3248.63
12 44 -3277.3
12 45 -3299.85
12 46 -3317.06
12 47 -3329.66
12 48 -3338.21
12 49 -3343.18
12 50 -3344.79
12 51 -3343.18
12 52 -3338.21
12 53 -3329.66
12 54 -3317.06
12 55 -3299.85
12 56 -3277.3
12 57 -3248.63
12 58 -3212.91
12 59 -3169.3
12 60 -3116.86
12 61 -3054.82
12 62 -2982.47
12 63 -2899.32
12 64 -2805.03
12 65 -2699.63
12 66 -2583.33
12 67 -2456.79
12 68 -2320.85
12 69 -2176.85
12 70 -2026.25
12 71 -1870.93
12 72 -1712.81
12 73 -1554.08
12 74 -1396.84
12 75 -1243.26
12 76 -1095.31
12 77 -954.78
12 78 -823.196
12 79 -701.723
12 80 -591.234
12 81 -492.175
12 82 -404.686
12 83 -328.571
12 84 -263.33
12 85 -208.281
12 86 -162.532
12 87 -125.105
12 88 -94.9644
12 89 -71.0763
12 90 -52.427
12 91 -38.1173
12 92 -27.2996
12 93 -19.2333
12 94 -13.3515
12 95 -9.09263
12 96 -6.02823
12 97 -3.86757
12 98 -2.2673
12 99 -1.03797
12 100 0

13 0 0
13 1 -1.45769
13 2 -3.17058
13 3 -5.37263
13 4 -8.38124
13 5 -12.5154
13 6 -18.2836
13 7 -26.2064
13 8 -36.9319
13 9 -51.242
13 10 -70.0145
13 11 -94.272
13 12 -125.105
13 13 -163.665
13 14 -211.137
13 15 -268.609
13 16 -337.135
13 17 -417.523
13 18 -510.379
13 19 -615.981
13 20 -734.225
13 21 -864.624
13 22 -1006.24
13 23 -1157.74
13 24 -1317.39
13 25 -1483.13
13 26 -1652.65
13 27 -1823.48
13 28 -1993.08
13 29 -2158.99
13 30 -2318.87
13 31 -2470.62
13 32 -2612.49
13 33 -2743.02
13 34 -2861.26
13 35 -2966.55
13 36 -3058.77
13 37 -3138.02
13 38 -3204.89
13 39 -3260.08
13 40 -3304.69
13 41 -3339.79
13 42 -3366.74
13 43 -3386.72
13 44 -3401.1
13 45 -3410.97
13 46 -3417.49
13 47 -3421.52
13 48 -3423.88
13 49 -3425.03
13 50 -3425.41
13 51 -3425.03
13 52 -3423.88
13 53 -3421.52
13 54 -3417.49
13 55 -3410.97
13 56 -3401.1
13 57 -3386.72
13 58 -3366.74
13 59 -3339.79
13 60 -3304.69
13 61 -3260.08
13 62 -3204.89
13 63 -3138.02
13 64 -3058.77
13 65 -2966.55
13 66 -2861.26
13 67 -2743.02
13 68 -2612.49
13 69 -2470.62
13 70 -2318.87
13 71 -2158.99
13 72 -1993.08
13 73 -1823.48
13 74 -1652.65
13 75 -1483.13
13 76 -1317.39
13 77 -1157.74
13 78 -1006.24
13 79 -864.624
13 80 -734.225
13 81 -615.981
13 82 -510.379
13 83 -417.523
13 84 -337.135
13 85 -268.609
13 86 -211.137
13 87 -163.665
13 88 -125.105
13 89 -94.272
13 90 -70.0145
13 91 -51.242
13 92 -36.9319
13 93 -26.2064
13 94 -18.2836
13 95 -12.5154
13 96 -8.38124
13 97 -5.37263
13 98 -3.17058
13 99 -1.45769
13 100 0

14 0 0
14 1 -2.04071
14 2 -4.37048
14 3 -7.3714
14 4 -11.436
14 5 -17.0512
14 6 -24.7145
14 7 -35.2005
14 8 -49.2987
14 9 -67.9328
14 10 -92.223
14 11 -123.337
14 12 -162.532
14 13 -211.137
14 14 -270.39
14 15 -341.481
14 16 -425.385
14 17 -522.823
14 18 -634.161
14 19 -759.372
14 20 -897.919
14 21 -1048.83
14 22 -1210.58
14 23 -1381.25
14 24 -1558.46
14 25 -1739.56
14 26 -1921.7
14 27 -2101.91
14 28 -2277.33
14 29 -2445.21
14 30 -2603.13
14 31 -2749.03
14 32 -2881.29
14 33 -2998.81
14 34 -3100.94
14 35 -3187.61
14 36 -3259.09
14 37 -3316.2
14 38 -3359.97
14 39 -3391.81
14 40 -3413.23
14 41 -3425.95
14 42 -3431.62
14 43 -3432.03
14 44 -3428.69
14 45 -3423.18
14 46 -3416.74
14 47 -3410.56
14 48 -3405.47
14 49 -3402.18
14 50 -3401.01
14 51 -3402.18
14 52 -3405.47
14 53 -3410.56
14 54 -3416.74
14 55 -3423.18
14 56 -3428.69
14 57 -3432.03
14 58 -3431.62
14 59 -3425.95
14 60 -3413.23
14 61 -3391.81
14 62 -3359.97
14 63 -3316.2
14 64 -3259.09
14 65 -3187.61
14 66 -3100.94
14 67 -2998.81
14 68 -2881.29
14 69 -2749.03
14 70 -2603.13
14 71 -2445.21
14 72 -2277.33
14 73 -2101.91
14 74 -1921.7
14 75 -1739.56
14 76 -1558.46
14 77 -1381.25
14 78 -1210.58
14 79 -1048.83
14 80 -897.919
14 81 -759.372
14 82 -634.161
14 83 -522.823
14 84 -425.385
14 85 -341.481
14 86 -270.39
14 87 -211.137
14 88 -162.532
14 89 -123.337
14 90 -92.223
14 91 -67.9328
14 92 -49.2987
14 93 -35.2005
14 94 -24.7145
14 95 -17.0512
14 96 -11.436
14 97 -7.3714
14 98 -4.37048
14 99 -2.04071
14 100 0

15 0 0
15 1 -2.76593
15 2 -5.94983
15 3 -9.99828
15 4 -15.4493
15 5 -22.8512
15 6 -32.9857
15 7 -46.6575
15 8 -64.9141
15 9 -88.8906
15 10 -119.849
15 11 -159.168
15 12 -208.281
15 13 -268.609
15 14 -341.481
15 15 -428.032
15 16 -529.145
15 17 -645.28
15 18 -776.502
15 19 -922.284
15 20 -1081.59
15 21 -1252.78
15 22 -1433.67
15 23 -1621.62
15 24 -1813.58
15 25 -2006.26
15 26 -2196.26
15 27 -2380.22
15 28 -2554.97
15 29 -2717.68
15 30 -2865.93
15 31 -2997.91
15 32 -3112.32
15 33 -3208.52
15 34 -3286.43
15 35 -3346.58
15 36 -3389.95
15 37 -3417.95
15 38 -3432.36
15 39 -3435.11
15 40 -3428.37
15 41 -3414.28
15 42 -3395.03
15 43 -3372.64
15 44 -3349.1
15 45 -3326.07
15 46 -3305.14
15 47 -3287.49
15 48 -3274.19
15 49 -3265.89
15 50 -3263.1
15 51 -3265.89
15 52 -3274.19
15 53 -3287.49
15 54 -3305.14
15 55 -3326.07
15 56 -3349.1
15 57 -3372.64
15 58 -3395.03
15 59 -3414.28
15 60 -3428.37
15 61 -3435.11
15 62 -3432.36
15 63 -3417.95
15 64 -3389.95
15 65 -3346.58
15 66 -3286.43
15 67 -3208.52
15 68 -3112.32
15 69 -2997.91
15 70 -2865.93
15 71 -2717.68
15 72 -2554.97
15 73 -2380.22
15 74 -2196.26
15 75 -2006.26
15 76 -1813.58
15 77 -1621.62
15 78 -1433.67
15 79 -1252.78
15 80 -1081.59
15 81 -922.284
15 82 -776.502
15 83 -645.28
15 84 -529.145
15 85 -428.032
15 86 -341.481
15 87 -268.609
15 88 -208.281
15 89 -159.168
15 90 -119.849
15 91 -88.8906
15 92 -64.9141
15 93 -46.6575
15 94 -32.9857
15 95 -22.8512
15 96 -15.4493
15 97 -9.99828
15 98 -5.94983
15 99 -2.76593
15 100 0

16 0 0
16 1 -3.73591
16 2 -7.98974
16 3 -13.3856
16 4 -20.5574
16 5 -30.2788
16 6 -43.4061
16 7 -61.0659
16 8 -84.3832
16 9 -114.763
16 10 -153.687
16 11 -202.678
16 12 -263.33
16 13 -337.135
16 14 -425.385
16 15 -529.145
16 16 -649.022
16 17 -785.172
16 18 -937.135
16 19 -1103.83
16 20 -1283.5
16 21 -1473.76
16 22 -1671.64
16 23 -1873.74
16 24 -2076.28
16 25 -2275.36
16 26 -2467.11
16 27 -2647.83
16 28 -2814.26
16 29 -2963.58
16 30 -3093.66
16 31 -3203.02
16 32 -3290.96
16 33 -3357.46
16 34 -3403.18
16 35 -3429.39
16 36 -3437.84
16 37 -3430.7
16 38 -3410.39
16 39 -3379.53
16 40 -3340.77
16 41 -3296.76
16 42 -3250.03
16 43 -3202.95
16 44 -3157.65
16 45 -3116.06
16 46 -3079.79
16 47 -3050.19
16 48 -3028.29
16 49 -3014.86
16 50 -3010.33
16 51 -3014.86
16 52 -3028.29
16 53 -3050.19
16 54 -3079.79
16 55 -3116.06
16 56 -3157.65
16 57 -3202.95
16 58 -3250.03
16 59 -3296.76
16 60 -3340.77
16 61 -3379.53
16 62 -3410.39
16 63 -3430.7
16 64 -3437.84
16 65 -3429.39
16 66 -3403.18
16 67 -3357.46
16 68 -3290.96
16 69 -3203.02
16 70 -3093.66
16 71 -2963.58
16 72 -2814.26
16 73 -2647.83
16 74 -2467.11
16 75 -2275.36
16 76 -2076.28
16 77 -1873.74
16 78 -1671.64
16 79 -1473.76
16 80 -1283.5
16 81 -1103.83
16 82 -937.135
16 83 -785.172
16 84 -649.022
16 85 -529.145
16 86 -425.385
16 87 -337.135
16 88 -263.33
16 89 -202.678
16 90 -153.687
16 91 -114.763
16 92 -84.3832
16 93 -61.0659
16 94 -43.4061
16 95 -30.2788
16 96 -20.5574
16 97 -13.3856
16 98 -7.98974
16 99 -3.73591
16 100 0

17 0 0
17 1 -4.95897
17 2 -10.6073
17 3 -17.6765
17 4 -27.0281
17 5 -39.576
17 6 -56.4537
17 7 -78.8484
17 8 -108.277
17 9 -146.275
17 10 -194.523
17 11 -254.735
17 12 -328.571
17 13 -417.523
17 14 -522.823
17 15 -645.28
17 16 -785.172
17 17 -942.124
17 18 -1115.08
17 19 -1302.16
17 20 -1500.85
17 21 -1707.85
17 22 -1919.37
17 23 -2131.16
17 24 -2338.79
17 25 -2537.8
17 26 -2723.96
17 27 -2893.43
17 28 -3042.98
17 29 -3170.08
17 30 -3273.06
17 31 -3351.06
17 32 -3404.12
17 33 -3433.06
17 34 -3439.4
17 35 -3425.29
17 36 -3393.3
17 37 -3346.36
17 38 -3287.58
17 39 -3220.16
17 40 -3147.21
17 41 -3071.76
17 42 -2996.59
17 43 -2924.29
17 44 -2857.1
17 45 -2796.99
17 46 -2745.6
17 47 -2704.27
17 48 -2674.03
17 49 -2655.59
17 50 -2649.4
17 51 -2655.59
17 52 -2674.03
17 53 -2704.27
17 54 -2745.6
17 55 -2796.99
17 56 -2857.1
17 57 -2924.29
17 58 -2996.59
17 59 -3071.76
17 60 -3147.21
17 61 -3220.16
17 62 -3287.58
17 63 -3346.36
17 64 -3393.3
17 65 -3425.29
17 66 -3439.4
17 67 -3433.06
17 68 -3404.12
17 69 -3351.06
17 70 -3273.06
17 71 -3170.08
17 72 -3042.98
17 73 -2893.43
17 74 -2723.96
17 75 -2537.8
17 76 -2338.79
17 77 -2131.16
17 78 -1919.37
17 79 -1707.85
17 80 -1500.85
17 81 -1302.16
17 82 -1115.08
17 83 -942.124
17 84 -785.172
17 85 -645.28
17 86 -522.823
17 87 -417.523
17 88 -328.571
17 89 -254.735
17 90 -194.523
17 91 -146.275
17 92 -108.277
17 93 -78.8484
17 94 -56.4537
17 95 -39.576
17 96 -27.0281
17 97 -17.6765
17 98 -10.6073
17 99 -4.95897
17 100 0

18 0 0
18 1 -6.49659
18 2 -13.8807
18 3 -23.084
18 4 -35.0871
18 5 -51.1016
18 6 -72.4253
18 7 -100.591
18 8 -137.184
18 9 -184.087
18 10 -243.101
18 11 -316.061
18 12 -404.686
18 13 -510.379
18 14 -634.161
18 15 -776.502
18 16 -937.135
18 17 -1115.08
18 18 -1308.43
18 19 -1514.49
18 20 -1729.75
18 21 -1950.01
18 22 -2170.55
18 23 -2386.37
18 24 -2592.41
18 25 -2783.8
18 26 -2956.1
18 27 -3105.57
18 28 -3229.25
18 29 -3325.15
18 30 -3392.3
18 31 -3430.7
18 32 -3441.34
18 33 -3426
18 34 -3387.21
18 35 -3328.03
18 36 -3251.89
18 37 -3162.46
18 38 -3063.45
18 39 -2958.53
18 40 -2851.19
18 41 -2744.67
18 42 -2641.91
18 43 -2545.5
18 44 -2457.69
18 45 -2380.37
18 46 -2315.09
18 47 -2263.1
18 48 -2225.31
18 49 -2202.39
18 50 -2194.71
18 51 -2202.39
18 52 -2225.31
18 53 -2263.1
18 54 -2315.09
18 55 -2380.37
18 56 -2457.69
18 57 -2545.5
18 58 -2641.91
18 59 -2744.67
18 60 -2851.19
18 61 -2958.53
18 62 -3063.45
18 63 -3162.46
18 64 -3251.89
18 65 -3328.03
18 66 -3387.21
18 67 -3426
18 68 -3441.34
18 69 -3430.7
18 70 -3392.3
18 71 -3325.15
18 72 -3229.25
18 73 -3105.57
18 74 -2956.1
18 75 -2783.8
18 76 -2592.41
18 77 -2386.37
18 78 -2170.55
18 79 -1950.01
18 80 -1729.75
18 81 -1514.49
18 82 -1308.43
18 83 -1115.08
18 84 -937.135
18 85 -776.502
18 86 -634.161
18 87 -510.379
18 88 -404.686
18 89 -316.061
18 90 -243.101
18 91 -184.087
18 92 -137.184
18 93 -100.591
18 94 -72.4253
18 95 -51.1016
18 96 -35.0871
18 97 -23.084
18 98 -13.8807
18 99 -6.49659
18 100 0

19 0 0
19 1 -8.43232
19 2 -17.9659
19 3 -29.7237
19 4 -44.9942
19 5 -65.1659
19 6 -91.8385
19 7 -126.691
19 8 -171.704
19 9 -228.796
19 10 -300.022
19 11 -387.271
19 12 -492.175
19 13 -615.981
19 14 -759.372
19 15 -922.284
19 16 -1103.83
19 17 -1302.16
19 18 -1514.49
19 19 -1737.08
19 20 -1965.4
19 21 -2194.25
19 22 -2418.07
19 23 -2631.14
19 24 -2827.93
19 25 -3003.34
19 26 -3152.99
19 27 -3273.46
19 28 -3362.38
19 29 -3418.55
19 30 -3441.95
19 31 -3433.67
19 32 -3395.79
19 33 -3331.2
19 34 -3243.5
19 35 -3136.63
19 36 -3014.9
19 37 -2882.55
19 38 -2743.84
19 39 -2602.74
19 40 -2462.93
19 41 -2327.72
19 42 -2200
19 43 -2082.24
19 44 -1976.51
19 45 -1884.51
19 46 -1807.58
19 47 -1746.76
19 48 -1702.8
19 49 -1676.22
19 50 -1667.33
19 51 -1676.22
19 52 -1702.8
19 53 -1746.76
19 54 -1807.58
19 55 -1884.51
19 56 -1976.51
19 57 -2082.24
19 58 -2200
19 59 -2327.72
19 60 -2462.93
19 61 -2602.74
19 62 -2743.84
19 63 -2882.55
19 64 -3014.9
19 65 -3136.63
19 66 -3243.5
19 67 -3331.2
19 68 -3395.79
19 69 -3433.67
19 70 -3441.95
19 71 -3418.55
19 72 -3362.38
19 73 -3273.46
19 74 -3152.99
19 75 -3003.34
19 76 -2827.93
19 77 -2631.14
19 78 -2418.07
19 79 -2194.25
19 80 -1965.4
19 81 -1737.08
19 82 -1514.49
19 83 -1302.16
19 84 -1103.83
19 85 -922.284
19 86 -759.372
19 87 -615.981
19 88 -492.175
19 89 -387.271
19 90 -300.022
19 91 -228.796
19 92 -171.704
19 93 -126.691
19 94 -91.8385
19 95 -65.1659
19 96 -44.9942
19 97 -29.7237
19 98 -17.9659
19 99 -8.43232
19 100 0

20 0 0
20 1 -10.7906
20 2 -22.9448
20 3 -37.8537
20 4 -57.0003
20 5 -82.1183
20 6 -115.009
20 7 -157.699
20 8 -212.265
20 9 -280.96
20 10 -365.803
20 11 -468.732
20 12 -591.234
20 13 -734.225
20 14 -897.919
20 15 -1081.59
20 16 -1283.5
20 17 -1500.85
20 18 -1729.75
20 19 -1965.4
20 20 -2202.16
20 21 -2433.89
20 22 -2654.25
20 23 -2856.95
20 24 -3036.18
20 25 -3186.88
20 26 -3305.02
20 27 -3387.79
20 28 -3433.69
20 29 -3442.62
20 30 -3415.73
20 31 -3355.39
20 32 -3264.88
20 33 -3148.31
20 34 -3010.26
20 35 -2855.61
20 36 -2689.3
20 37 -2516.13
20 38 -2340.63
20 39 -2166.92
20 40 -1998.67
20 41 -1839.04
20 42 -1690.7
20 43 -1555.83
20 44 -1436.16
20 45 -1333.07
20 46 -1247.56
20 47 -1180.39
20 48 -1132.07
20 49 -1102.96
20 50 -1093.23
20 51 -1102.96
20 52 -1132.07
20 53 -1180.39
20 54 -1247.56
20 55 -1333.07
20 56 -1436.16
20 57 -1555.83
20 58 -1690.7
20 59 -1839.04
20 60 -1998.67
20 61 -2166.92
20 62 -2340.63
20 63 -2516.13
20 64 -2689.3
20 65 -2855.61
20 66 -3010.26
20 67 -3148.31
20 68 -3264.88
20 69 -3355.39
20 70 -3415.73
20 71 -3442.62
20 72 -3433.69
20 73 -3387.79
20 74 -3305.02
20 75 -3186.88
20 76 -3036.18
20 77 -2856.95
20 78 -2654.25
20 79 -2433.89
20 80 -2202.16
20 81 -1965.4
20 82 -1729.75
20 83 -1500.85
20 84 -1283.5
20 85 -1081.59
20 86 -897.919
20 87 -734.225
20 88 -591.234
20 89 -468.732
20 90 -365.803
20 91 -280.96
20 92 -212.265
20 93 -157.699
20 94 -115.009
20 95 -82.1183
20 96 -57.0003
20 97 -37.8537
20 98 -22.9448
20 99 -10.7906
20 100 0

21 0 0
21 1 -13.6624
21 2 -28.974
21 3 -47.6026
21 4 -71.3791
21 5 -102.244
21 6 -142.36
21 7 -193.95
21 8 -259.397
21 9 -340.914
21 10 -440.733
21 11 -560.591
21 12 -701.723
21 13 -864.624
21 14 -1048.83
21 15 -1252.78
21 16 -1473.76
21 17 -1707.85
21 18 -1950.01
21 19 -2194.25
21 20 -2433.89
21 21 -2661.93
21 22 -2871.34
21 23 -3055.5
21 24 -3208.61
21 25 -3325.94
21 26 -3404.13
21 27 -3441.3
21 28 -3437.16
21 29 -3392.9
21 30 -3311.1
21 31 -3195.47
21 32 -3050.66
21 33 -2881.87
21 34 -2694.69
21 35 -2494.72
21 36 -2287.45
21 37 -2077.93
21 38 -1870.83
21 39 -1670.14
21 40 -1479.32
21 41 -1301.17
21 42 -1137.96
21 43 -991.386
21 44 -862.743
21 45 -752.911
21 46 -662.52
21 47 -591.936
21 48 -541.41
21 49 -511.047
21 50 -500.927
21 51 -511.047
21 52 -541.41
21 53 -591.936
21 54 -662.52
21 55 -752.911
21 56 -862.743
21 57 -991.386
21 58 -1137.96
21 59 -1301.17
21 60 -1479.32
21 61 -1670.14
21 62 -1870.83
21 63 -2077.93
21 64 -2287.45
21 65 -2494.72
21 66 -2694.69
21 67 -2881.87
21 68 -3050.66
21 69 -3195.47
21 70 -3311.1
21 71 -3392.9
21 72 -3437.16
21 73 -3441.3
21 74 -3404.13
21 75 -3325.94
21 76 -3208.61
21 77 -3055.5
21 78 -2871.34
21 79 -2661.93
21 80 -2433.89
21 81 -2194.25
21 82 -1950.01
21 83 -1707.85
21 84 -1473.76
21 85 -1252.78
21 86 -1048.83
21 87 -864.624
21 88 -701.723
21 89 -560.591
21 90 -440.733
21 91 -340.914
21 92 -259.397
21 93 -193.95
21 94 -142.36
21 95 -102.244
21 96 -71.3791
21 97 -47.6026
21 98 -28.974
21 99 -13.6624
21 100 0

22 0 0
22 1 -17.0993
22 2 -36.1532
22 3 -59.1877
22 4 -88.3238
22 5 -125.871
22 6 -174.193
22 7 -235.84
22 8 -313.283
22 9 -408.964
22 10 -524.89
22 11 -662.706
22 12 -823.196
22 13 -1006.24
22 14 -1210.58
22 15 -1433.67
22 16 -1671.64
22 17 -1919.37
22 18 -2170.55
22 19 -2418.07
22 20 -2654.25
22 21 -2871.34
22 22 -3061.88
22 23 -3219.21
22 24 -3337.82
22 25 -3413.67
22 26 -3444.41
22 27 -3429.44
22 28 -3369.89
22 29 -3268.54
22 30 -3129.47
22 31 -2957.87
22 32 -2759.63
22 33 -2541.08
22 34 -2308.55
22 35 -2068.28
22 36 -1825.95
22 37 -1586.75
22 38 -1355.12
22 39 -1134.78
22 40 -928.681
22 41 -739.115
22 42 -567.728
22 43 -415.64
22 44 -283.537
22 45 -171.785
22 46 -80.502
22 47 -9.67425
22 48 40.7983
22 49 71.0252
22 50 81.092
22 51 71.0252
22 52 40.7983
22 53 -9.67425
22 54 -80.502
22 55 -171.785
22 56 -283.537
22 57 -415.64
22 58 -567.728
22 59 -739.115
22 60 -928.681
22 61 -1134.78
22 62 -1355.12
22 63 -1586.75
22 64 -1825.95
22 65 -2068.28
22 66 -2308.55
22 67 -2541.08
22 68 -2759.63
22 69 -2957.87
22 70 -3129.47
22 71 -3268.54
22 72 -3369.89
22 73 -3429.44
22 74 -3444.41
22 75 -3413.67
22 76 -3337.82
22 77 -3219.21
22 78 -3061.88
22 79 -2871.34
22 80 -2654.25
22 81 -2418.07
22 82 -2170.55
22 83 -1919.37
22 84 -1671.64
22 85 -1433.67
22 86 -1210.58
22 87 -1006.24
22 88 -823.196
22 89 -662.706
22 90 -524.89
22 91 -408.964
22 92 -313.283
22 93 -235.84
22 94 -174.193
22 95 -125.871
22 96 -88.3238
22 97 -59.1877
22 98 -36.1532
22 99 -17.0993
22 100 0

23 0 0
23 1 -21.1374
23 2 -44.6019
23 3 -72.7601
23 4 -108.102
23 5 -153.187
23 6 -210.766
23 7 -283.553
23 8 -374.216
23 9 -485.076
23 10 -618.162
23 11 -774.622
23 12 -954.78
23 13 -1157.74
23 14 -1381.25
23 15 -1621.62
23 16 -1873.74
23 17 -2131.16
23 18 -2386.37
23 19 -2631.14
23 20 -2856.95
23 21 -3055.5
23 22 -3219.21
23 23 -3341.66
23 24 -3418.04
23 25 -3445.31
23 26 -3422.52
23 27 -3350.59
23 28 -3232.39
23 29 -3072.34
23 30 -2876.16
23 31 -2650.45
23 32 -2402.31
23 33 -2138.92
23 34 -1867.29
23 35 -1593.86
23 36 -1324.41
23 37 -1063.85
23 38 -816.224
23 39 -584.655
23 40 -371.476
23 41 -178.204
23 42 -5.79631
23 43 145.372
23 44 275.24
23 45 384.075
23 46 472.241
23 47 540.209
23 48 588.393
23 49 617.157
23 50 626.712
23 51 617.157
23 52 588.393
23 53 540.209
23 54 472.241
23 55 384.075
23 56 275.24
23 57 145.372
23 58 -5.79631
23 59 -178.204
23 60 -371.476
23 61 -584.655
23 62 -816.224
23 63 -1063.85
23 64 -1324.41
23 65 -1593.86
23 66 -1867.29
23 67 -2138.92
23 68 -2402.31
23 69 -2650.45
23 70 -2876.16
23 71 -3072.34
23 72 -3232.39
23 73 -3350.59
23 74 -3422.52
23 75 -3445.31
23 76 -3418.04
23 77 -3341.66
23 78 -3219.21
23 79 -3055.5
23 80 -2856.95
23 81 -2631.14
23 82 -2386.37
23 83 -2131.16
23 84 -1873.74
23 85 -1621.62
23 86 -1381.25
23 87 -1157.74
23 88 -954.78
23 89 -774.622
23 90 -618.162
23 91 -485.076
23 92 -374.216
23 93 -283.553
23 94 -210.766
23 95 -153.187
23 96 -108.102
23 97 -72.7601
23 98 -44.6019
23 99 -21.1374
23 100 0

24 0 0
24 1 -25.8663
24 2 -54.4202
24 3 -88.4541
24 4 -130.813
24 5 -184.432
24 6 -252.249
24 7 -337.248
24 8 -442.106
24 9 -569.176
24 10 -720.066
24 11 -895.607
24 12 -1095.31
24 13 -1317.39
24 14 -1558.47
24 15 -1813.58
24 16 -2076.28
24 17 -2338.79
24 18 -2592.41
24 19 -2827.93
24 20 -3036.18
24 21 -3208.61
24 22 -3337.82
24 23 -3418.04
24 24 -3445.46
24 25 -3418.5
24 26 -3337.83
24 27 -3206.24
24 28 -3028.4
24 29 -2810.54
24 30 -2559.92
24 31 -2284.5
24 32 -1992.34
24 33 -1691.34
24 34 -1388.76
24 35 -1091.09
24 36 -803.78
24 37 -531.294
24 38 -276.945
24 39 -43.1249
24 40 168.737
24 41 357.919
24 42 524.339
24 43 668.355
24 44 790.628
24 45 892.023
24 46 973.408
24 47 1035.69
24 48 1079.57
24 49 1105.68
24 50 1114.33
24 51 1105.68
24 52 1079.57
24 53 1035.69
24 54 973.408
24 55 892.023
24 56 790.628
24 57 668.355
24 58 524.339
24 59 357.919
24 60 168.737
24 61 -43.1249
24 62 -276.945
24 63 -531.294
24 64 -803.78
24 65 -1091.09
24 66 -1388.76
24 67 -1691.34
24 68 -1992.34
24 69 -2284.5
24 70 -2559.92
24 71 -2810.54
24 72 -3028.4
24 73 -3206.24
24 74 -3337.83
24 75 -3418.5
24 76 -3445.46
24 77 -3418.04
24 78 -3337.82
24 79 -3208.61
24 80 -3036.18
24 81 -2827.93
24 82 -2592.41
24 83 -2338.79
24 84 -2076.28
24 85 -1813.58
24 86 -1558.47
24 87 -1317.39
24 88 -1095.31
24 89 -895.607
24 90 -720.066
24 91 -569.176
24 92 -442.106
24 93 -337.248
24 94 -252.249
24 95 -184.432
24 96 -130.813
24 97 -88.4541
24 98 -54.4202
24 99 -25.8663
24 100 0

25 0 0
25 1 -31.2745
25 2 -65.6789
25 3 -106.389
25 4 -156.642
25 5 -219.658
25 6 -298.717
25 7 -396.87
25 8 -516.865
25 9 -660.804
25 10 -830.032
25 11 -1024.58
25 12 -1243.26
25 13 -1483.13
25 14 -1739.56
25 15 -2006.26
25 16 -2275.36
25 17 -2537.81
25 18 -2783.8
25 19 -3003.34
25 20 -3186.88
25 21 -3325.94
25 22 -3413.67
25 23 -3445.31
25 24 -3418.5
25 25 -3333.39
25 26 -3192.56
25 27 -3000.79
25 28 -2764.74
25 29 -2492.31
25 30 -2192.31
25 31 -1873.76
25 32 -1545.52
25 33 -1215.79
25 34 -891.874
25 35 -579.902
25 36 -284.791
25 37 -10.1755
25 38 241.475
25 39 468.776
25 40 671.239
25 41 849.087
25 42 1003.12
25 43 1134.45
25 44 1244.46
25 45 1334.53
25 46 1406.09
25 47 1460.31
25 48 1498.29
25 49 1520.74
25 50 1528.18
25 51 1520.74
25 52 1498.29
25 53 1460.31
25 54 1406.09
25 55 1334.53
25 56 1244.46
25 57 1134.45
25 58 1003.12
25 59 849.087
25 60 671.239
25 61 468.776
25 62 241.475
25 63 -10.1755
25 64 -284.791
25 65 -579.902
25 66 -891.874
25 67 -1215.79
25 68 -1545.52
25 69 -1873.76
25 70 -2192.31
25 71 -2492.31
25 72 -2764.74
25 73 -3000.79
25 74 -3192.56
25 75 -3333.39
25 76 -3418.5
25 77 -3445.31
25 78 -3413.67
25 79 -3325.94
25 80 -3186.88
25 81 -3003.34
25 82 -2783.8
25 83 -2537.81
25 84 -2275.36
25 85 -2006.26
25 86 -1739.56
25 87 -1483.13
25 88 -1243.26
25 89 -1024.58
25 90 -830.032
25 91 -660.804
25 92 -516.865
25 93 -396.87
25 94 -298.717
25 95 -219.658
25 96 -156.642
25 97 -106.389
25 98 -65.6789
25 99 -31.2745
25 100 0

26 0 0
26 1 -37.44
26 2 -78.4356
26 3 -126.618
26 4 -185.593
26 5 -258.941
26 6 -350.1
26 7 -462.288
26 8 -598.109
26 9 -759.455
26 10 -947.032
26 11 -1160.28
26 12 -1396.84
26 13 -1652.65
26 14 -1921.7
26 15 -2196.26
26 16 -2467.11
26 17 -2723.96
26 18 -2956.1
26 19 -3152.99
26 20 -3305.02
26 21 -3404.13
26 22 -3444.4
26 23 -3422.51
26 24 -3337.84
26 25 -3192.56
26 26 -2991.39
26 27 -2741.21
26 28 -2450.58
26 29 -2129.08
26 30 -1786.74
26 31 -1433.46
26 32 -1078.49
26 33 -730.093
26 34 -395.179
26 35 -79.2808
26 36 213.588
26 37 480.76
26 38 720.871
26 39 933.61
26 40 1119.51
26 41 1279.81
26 42 1416.09
26 43 1530.28
26 44 1624.31
26 45 1700.15
26 46 1759.53
26 47 1804.04
26 48 1834.88
26 49 1853.04
26 50 1859.01
26 51 1853.04
26 52 1834.88
26 53 1804.04
26 54 1759.53
26 55 1700.15
26 56 1624.31
26 57 1530.28
26 58 1416.09
26 59 1279.81
26 60 1119.51
26 61 933.61
26 62 720.871
26 63 480.76
26 64 213.588
26 65 -79.2808
26 66 -395.179
26 67 -730.093
26 68 -1078.49
26 69 -1433.46
26 70 -1786.74
26 71 -2129.08
26 72 -2450.58
26 73 -2741.21
26 74 -2991.39
26 75 -3192.56
26 76 -3337.84
26 77 -3422.51
26 78 -3444.4
26 79 -3404.13
26 80 -3305.02
26 81 -3152.99
26 82 -2956.1
26 83 -2723.96
26 84 -2467.11
26 85 -2196.26
26 86 -1921.7
26 87 -1652.65
26 88 -1396.84
26 89 -1160.28
26 90 -947.032
26 91 -759.455
26 92 -598.109
26 93 -462.288
26 94 -350.1
26 95 -258.941
26 96 -185.593
26 97 -126.618
26 98 -78.4356
26 99 -37.44
26 100 0

27 0 0
27 1 -44.3407
27 2 -92.7134
27 3 -149.159
27 4 -217.692
27 5 -302.173
27 6 -406.276
27 7 -533.157
27 8 -685.336
27 9 -864.252
27 10 -1070.05
27 11 -1301.1
27 12 -1554.08
27 13 -1823.48
27 14 -2101.91
27 15 -2380.22
27 16 -2647.83
27 17 -2893.43
27 18 -3105.57
27 19 -3273.46
27 20 -3387.79
27 21 -3441.3
27 22 -3429.43
27 23 -3350.59
27 24 -3206.24
27 25 -3000.8
27 26 -2741.21
27 27 -2436.48
27 28 -2096.95
27 29 -1733.63
27 30 -1357.57
27 31 -979.139
27 32 -607.701
27 33 -251.112
27 34 84.3453
27 35 394.123
27 36 675.28
27 37 926.348
27 38 1147.18
27 39 1338.54
27 40 1502.12
27 41 1639.95
27 42 1754.53
27 43 1848.35
27 44 1923.93
27 45 1983.59
27 46 2029.42
27 47 2063.17
27 48 2086.26
27 49 2099.7
27 50 2104.11
27 51 2099.7
27 52 2086.26
27 53 2063.17
27 54 2029.42
27 55 1983.59
27 56 1923.93
27 57 1848.35
27 58 1754.53
27 59 1639.95
27 60 1502.12
27 61 1338.54
27 62 1147.18
27 63 926.348
27 64 675.28
27 65 394.123
27 66 84.3453
27 67 -251.112
27 68 -607.701
27 69 -979.139
27 70 -1357.57
27 71 -1733.63
27 72 -2096.95
27 73 -2436.48
27 74 -2741.21
27 75 -3000.8
27 76 -3206.24
27 77 -3350.59
27 78 -3429.43
27 79 -3441.3
27 80 -3387.79
27 81 -3273.46
27 82 -3105.57
27 83 -2893.43
27 84 -2647.83
27 85 -2380.22
27 86 -2101.91
27 87 -1823.48
27 88 -1554.08
27 89 -1301.1
27 90 -1070.05
27 91 -864.252
27 92 -685.336
27 93 -533.157
27 94 -406.276
27 95 -302.173
27 96 -217.692
27 97 -149.159
27 98 -92.7134
27 99 -44.3407
27 100 0

28 0 0
28 1 -51.9925
28 2 -108.491
28 3 -173.987
28 4 -252.839
28 5 -349.219
28 6 -466.895
28 7 -609.046
28 8 -777.853
28 9 -974.294
28 10 -1197.65
28 11 -1445.4
28 12 -1712.8
28 13 -1993.09
