0 0 0
0 1 0
0 2 0
0 3 0
0 4 0
0 5 0
0 6 0
0 7 0
0 8 0
0 9 0
0 10 0
0 11 0
0 12 0
0 13 0
0 14 0
0 15 0
0 16 0
0 17 0
0 18 0
0 19 0
0 20 0
0 21 0
0 22 0
0 23 0
0 24 0
0 25 0
0 26 0
0 27 0
0 28 0
0 29 0
0 30 0
0 31 0
0 32 0
0 33 0
0 34 0
0 35 0
0 36 0
0 37 0
0 38 0
0 39 0
0 40 0
0 41 0
0 42 0
0 43 0
0 44 0
0 45 0
0 46 0
0 47 0
0 48 0
0 49 0
0 50 0
0 51 0
0 52 0
0 53 0
0 54 0
0 55 0
0 56 0
0 57 0
0 58 0
0 59 0
0 60 0
0 61 0
0 62 0
0 63 0
0 64 0
0 65 0
0 66 0
0 67 0
0 68 0
0 69 0
0 70 0
0 71 0
0 72 0
0 73 0
0 74 0
0 75 0
0 76 0
0 77 0
0 78 0
0 79 0
0 80 0
0 81 0
0 82 0
0 83 0
0 84 0
0 85 0
0 86 0
0 87 0
0 88 0
0 89 0
0 90 0
0 91 0
0 92 0
0 93 0
0 94 0
0 95 0
0 96 0
0 97 0
0 98 0
0 99 0
0 100 0

1 0 0
1 1 0
1 2 0
1 3 0
1 4 -0.0497277
1 5 -0.0496313
1 6 -0.0171431
1 7 -0.0702853
1 8 -0.0812933
1 9 -0.140072
1 10 -0.243164
1 11 -0.332285
1 12 -0.479989
1 13 -0.685925
1 14 -0.944741
1 15 -1.32707
1 16 -1.82857
1 17 -2.46706
1 18 -3.32053
1 19 -4.36139
1 20 -5.6875
1 21 -7.31361
1 22 -9.28472
1 23 -11.6746
1 24 -14.4881
1 25 -17.7989
1 26 -21.6211
1 27 -25.9739
1 28 -30.8974
1 29 -36.3497
1 30 -42.3711
1 31 -48.8839
1 32 -55.8925
1 33 -63.3104
1 34 -71.0857
1 35 -79.137
1 36 -87.3589
1 37 -95.6763
1 38 -103.948
1 39 -112.104
1 40 -119.988
1 41 -127.533
1 42 -134.59
1 43 -141.096
1 44 -146.923
1 45 -152.017
1 46 -156.277
1 47 -159.665
1 48 -162.112
1 49 -163.602
1 50 -164.095
1 51 -163.602
1 52 -162.112
1 53 -159.665
1 54 -156.277
1 55 -152.017
1 56 -146.923
1 57 -141.096
1 58 -134.59
1 59 -127.533
1 60 -119.988
1 61 -112.104
1 62 -103.948
1 63 -95.6763
1 64 -87.3589
1 65 -79.137
1 66 -71.0857
1 67 -63.3104
1 68 -55.8925
1 69 -48.8839
1 70 -42.3711
1 71 -36.3497
1 72 -30.8974
1 73 -25.9739
1 74 -21.6211
1 75 -17.7989
1 76 -14.4881
1 77 -11.6746
1 78 -9.28472
1 79 -7.31361
1 80 -5.6875
1 81 -4.36139
1 82 -3.32053
1 83 -2.46706
1 84 -1.82857
1 85 -1.32707
1 86 -0.944741
1 87 -0.685925
1 88 -0.479989
1 89 -0.332285
1 90 -0.243164
1 91 -0.140072
1 92 -0.0812933
1 93 -0.0702853
1 94 -0.0171431
1 95 -0.0496313
1 96 -0.0497277
1 97 0
1 98 0
1 99 0
1 100 0

2 0 0
2 1 0
2 2 0
2 3 -0.0518437
2 4 -0.0528681
2 5 -0.0542238
2 6 -0.110586
2 7 -0.125412
2 8 -0.225038
2 9 -0.323996
2 10 -0.490503
2 11 -0.723612
2 12 -1.03948
2 13 -1.49267
2 14 -2.08725
2 15 -2.90025
2 16 -3.9608
2 17 -5.34806
2 18 -7.1248
2 19 -9.37907
2 20 -12.1832
2 21 -15.6497
2 22 -19.8392
2 23 -24.8794
2 24 -30.8187
2 25 -37.7665
2 26 -45.7627
2 27 -54.8664
2 28 -65.0982
2 29 -76.4542
2 30 -88.9127
2 31 -102.41
2 32 -116.861
2 33 -132.154
2 34 -148.134
2 35 -164.65
2 36 -181.492
2 37 -198.478
2 38 -215.366
2 39 -231.958
2 40 -248.004
2 41 -263.305
2 42 -277.626
2 43 -290.787
2 44 -302.583
2 45 -312.866
2 46 -321.475
2 47 -328.304
2 48 -333.247
2 49 -336.244
2 50 -337.245
2 51 -336.244
2 52 -333.247
2 53 -328.304
2 54 -321.475
2 55 -312.866
2 56 -302.583
2 57 -290.787
2 58 -277.626
2 59 -263.305
2 60 -248.004
2 61 -231.958
2 62 -215.366
2 63 -198.478
2 64 -181.492
2 65 -164.65
2 66 -148.134
2 67 -132.154
2 68 -116.861
2 69 -102.41
2 70 -88.9127
2 71 -76.4542
2 72 -65.0982
2 73 -54.8664
2 74 -45.7627
2 75 -37.7665
2 76 -30.8187
2 77 -24.8794
2 78 -19.8392
2 79 -15.6497
2 80 -12.1832
2 81 -9.37907
2 82 -7.1248
2 83 -5.34806
2 84 -3.9608
2 85 -2.90025
2 86 -2.08725
2 87 -1.49267
2 88 -1.03948
2 89 -0.723612
2 90 -0.490503
2 91 -0.323996
2 92 -0.225038
2 93 -0.125412
2 94 -0.110586
2 95 -0.0542238
2 96 -0.0528681
2 97 -0.0518437
2 98 0
2 99 0
2 100 0

3 0 0
3 1 0
3 2 -0.0518437
3 3 -0.053993
3 4 -0.0522112
3 5 -0.111197
3 6 -0.172432
3 7 -0.272156
3 8 -0.37584
3 9 -0.592407
3 10 -0.83224
3 11 -1.24303
3 12 -1.80595
3 13 -2.54714
3 14 -3.59791
3 15 -4.943
3 16 -6.73669
3 17 -9.05735
3 18 -12.0158
3 19 -15.7555
3 20 -20.4078
3 21 -26.0903
3 22 -32.9947
3 23 -41.1898
3 24 -50.8776
3 25 -62.1068
3 26 -75.0126
3 27 -89.6333
3 28 -105.997
3 29 -124.102
3 30 -143.873
3 31 -165.224
3 32 -187.997
3 33 -212.003
3 34 -237.021
3 35 -262.762
3 36 -288.963
3 37 -315.269
3 38 -341.387
3 39 -366.936
3 40 -391.62
3 41 -415.066
3 42 -436.996
3 43 -457.079
3 44 -475.074
3 45 -490.713
3 46 -503.811
3 47 -514.173
3 48 -521.68
3 49 -526.219
3 50 -527.742
3 51 -526.219
3 52 -521.68
3 53 -514.173
3 54 -503.811
3 55 -490.713
3 56 -475.074
3 57 -457.079
3 58 -436.996
3 59 -415.066
3 60 -391.62
3 61 -366.936
3 62 -341.387
3 63 -315.269
3 64 -288.963
3 65 -262.762
3 66 -237.021
3 67 -212.003
3 68 -187.997
3 69 -165.224
3 70 -143.873
3 71 -124.102
3 72 -105.997
3 73 -89.6333
3 74 -75.0126
3 75 -62.1068
3 76 -50.8776
3 77 -41.1898
3 78 -32.9947
3 79 -26.0903
3 80 -20.4078
3 81 -15.7555
3 82 -12.0158
3 83 -9.05735
3 84 -6.73669
3 85 -4.943
3 86 -3.59791
3 87 -2.54714
3 88 -1.80595
3 89 -1.24303
3 90 -0.83224
3 91 -0.592407
3 92 -0.37584
3 93 -0.272156
3 94 -0.172432
3 95 -0.111197
3 96 -0.0522112
3 97 -0.053993
3 98 -0.0518437
3 99 0
3 100 0

4 0 0
4 1 -0.0497277
4 2 -0.0528681
4 3 -0.0522112
4 4 -0.111315
4 5 -0.179788
4 6 -0.282519
4 7 -0.412188
4 8 -0.643541
4 9 -0.924531
4 10 -1.38844
4 11 -1.99648
4 12 -2.87074
4 13 -4.05322
4 14 -5.6432
4 15 -7.77374
4 16 -10.526
4 17 -14.1143
4 18 -18.6295
4 19 -24.3207
4 20 -31.3279
4 21 -39.8822
4 22 -50.1656
4 23 -62.3737
4 24 -76.6679
4 25 -93.2108
4 26 -112.076
4 27 -133.374
4 28 -157.059
4 29 -183.15
4 30 -211.478
4 31 -241.933
4 32 -274.244
4 33 -308.155
4 34 -343.318
4 35 -379.353
4 36 -415.857
4 37 -452.373
4 38 -488.47
4 39 -523.667
4 40 -557.537
4 41 -589.62
4 42 -619.524
4 43 -646.851
4 44 -671.264
4 45 -692.45
4 46 -710.149
4 47 -724.144
4 48 -734.26
4 49 -740.381
4 50 -742.428
4 51 -740.381
4 52 -734.26
4 53 -724.144
4 54 -710.149
4 55 -692.45
4 56 -671.264
4 57 -646.851
4 58 -619.524
4 59 -589.62
4 60 -557.537
4 61 -523.667
4 62 -488.47
4 63 -452.373
4 64 -415.857
4 65 -379.353
4 66 -343.318
4 67 -308.155
4 68 -274.244
4 69 -241.933
4 70 -211.478
4 71 -183.15
4 72 -157.059
4 73 -133.374
4 74 -112.076
4 75 -93.2108
4 76 -76.6679
4 77 -62.3737
4 78 -50.1656
4 79 -39.8822
4 80 -31.3279
4 81 -24.3207
4 82 -18.6295
4 83 -14.1143
4 84 -10.526
4 85 -7.77374
4 86 -5.6432
4 87 -4.05322
4 88 -2.87074
4 89 -1.99648
4 90 -1.38844
4 91 -0.924531
4 92 -0.643541
4 93 -0.412188
4 94 -0.282519
4 95 -0.179788
4 96 -0.111315
4 97 -0.0522112
4 98 -0.0528681
4 99 -0.0497277
4 100 0

5 0 0
5 1 -0.0496313
5 2 -0.0542238
5 3 -0.111197
5 4 -0.179788
5 5 -0.286205
5 6 -0.415396
5 7 -0.658365
5 8 -0.988296
5 9 -1.47491
5 10 -2.14527
5 11 -3.11118
5 12 -4.39238
5 13 -6.1955
5 14 -8.57728
5 15 -11.7259
5 16 -15.8493
5 17 -21.0738
5 18 -27.7287
5 19 -35.9602
5 20 -46.1031
5 21 -58.3703
5 22 -73.0404
5 23 -90.3373
5 24 -110.48
5 25 -133.61
5 26 -159.875
5 27 -189.275
5 28 -221.847
5 29 -257.427
5 30 -295.9
5 31 -336.953
5 32 -380.3
5 33 -425.502
5 34 -472.125
5 35 -519.641
5 36 -567.514
5 37 -615.172
5 38 -662.037
5 39 -707.54
5 40 -751.118
5 41 -792.245
5 42 -830.423
5 43 -865.2
5 44 -896.17
5 45 -922.976
5 46 -945.32
5 47 -962.953
5 48 -975.686
5 49 -983.378
5 50 -985.953
5 51 -983.378
5 52 -975.686
5 53 -962.953
5 54 -945.32
5 55 -922.976
5 56 -896.17
5 57 -865.2
5 58 -830.423
5 59 -792.245
5 60 -751.118
5 61 -707.54
5 62 -662.037
5 63 -615.172
5 64 -567.514
5 65 -519.641
5 66 -472.125
5 67 -425.502
5 68 -380.3
5 69 -336.953
5 70 -295.9
5 71 -257.427
5 72 -221.847
5 73 -189.275
5 74 -159.875
5 75 -133.61
5 76 -110.48
5 77 -90.3373
5 78 -73.0404
5 79 -58.3703
5 80 -46.1031
5 81 -35.9602
5 82 -27.7287
5 83 -21.0738
5 84 -15.8493
5 85 -11.7259
5 86 -8.57728
5 87 -6.1955
5 88 -4.39238
5 89 -3.11118
5 90 -2.14527
5 91 -1.47491
5 92 -0.988296
5 93 -0.658365
5 94 -0.415396
5 95 -0.286205
5 96 -0.179788
5 97 -0.111197
5 98 -0.0542238
5 99 -0.0496313
5 100 0

6 0 0
6 1 -0.017143
6 2 -0.110586
6 3 -0.172432
6 4 -0.282519
6 5 -0.415396
6 6 -0.663137
6 7 -1.01173
6 8 -1.51841
6 9 -2.23357
6 10 -3.2641
6 11 -4.66602
6 12 -6.62537
6 13 -9.23942
6 14 -12.7383
6 15 -17.3056
6 16 -23.2118
6 17 -30.7312
6 18 -40.1482
6 19 -51.8302
6 20 -66.0288
6 21 -83.166
6 22 -103.444
6 23 -127.24
6 24 -154.704
6 25 -186.063
6 26 -221.381
6 27 -260.678
6 28 -303.87
6 29 -350.77
6 30 -401.087
6 31 -454.46
6 32 -510.386
6 33 -568.365
6 34 -627.729
6 35 -687.887
6 36 -748.08
6 37 -807.677
6 38 -865.913
6 39 -922.17
6 40 -975.743
6 41 -1026.08
6 42 -1072.57
6 43 -1114.76
6 44 -1152.18
6 45 -1184.48
6 46 -1211.32
6 47 -1232.45
6 48 -1247.69
6 49 -1256.88
6 50 -1259.96
6 51 -1256.88
6 52 -1247.69
6 53 -1232.45
6 54 -1211.32
6 55 -1184.48
6 56 -1152.18
6 57 -1114.76
6 58 -1072.57
6 59 -1026.08
6 60 -975.743
6 61 -922.17
6 62 -865.913
6 63 -807.677
6 64 -748.08
6 65 -687.887
6 66 -627.729
6 67 -568.365
6 68 -510.386
6 69 -454.46
6 70 -401.087
6 71 -350.77
6 72 -303.87
6 73 -260.678
6 74 -221.381
6 75 -186.063
6 76 -154.704
6 77 -127.24
6 78 -103.444
6 79 -83.166
6 80 -66.0288
6 81 -51.8302
6 82 -40.1482
6 83 -30.7312
6 84 -23.2118
6 85 -17.3056
6 86 -12.7383
6 87 -9.23942
6 88 -6.62537
6 89 -4.66602
6 90 -3.2641
6 91 -2.23357
6 92 -1.51841
6 93 -1.01173
6 94 -0.663137
6 95 -0.415396
6 96 -0.282519
6 97 -0.172432
6 98 -0.110586
6 99 -0.017143
6 100 0

7 0 0
7 1 -0.0702853
7 2 -0.125412
7 3 -0.272156
7 4 -0.412188
7 5 -0.658365
7 6 -1.01173
7 7 -1.53353
7 8 -2.26831
7 9 -3.34833
7 10 -4.84966
7 11 -6.92828
7 12 -9.756
7 13 -13.5476
7 14 -18.5305
7 15 -25.0515
7 16 -33.3766
7 17 -43.9245
7 18 -57.0606
7 19 -73.167
7 20 -92.7094
7 21 -115.988
7 22 -143.464
7 23 -175.344
7 24 -211.955
7 25 -253.374
7 26 -299.704
7 27 -350.833
7 28 -406.609
7 29 -466.688
7 30 -530.67
7 31 -597.983
7 32 -668.02
7 33 -740.03
7 34 -813.267
7 35 -886.881
7 36 -960.072
7 37 -1031.98
7 38 -1101.82
7 39 -1168.81
7 40 -1232.25
7 41 -1291.47
7 42 -1345.92
7 43 -1395.05
7 44 -1438.47
7 45 -1475.76
7 46 -1506.67
7 47 -1530.94
7 48 -1548.4
7 49 -1558.92
7 50 -1562.44
7 51 -1558.92
7 52 -1548.4
7 53 -1530.94
7 54 -1506.67
7 55 -1475.76
7 56 -1438.47
7 57 -1395.05
7 58 -1345.92
7 59 -1291.47
7 60 -1232.25
7 61 -1168.81
7 62 -1101.82
7 63 -1031.98
7 64 -960.072
7 65 -886.881
7 66 -813.267
7 67 -740.03
7 68 -668.02
7 69 -597.983
7 70 -530.67
7 71 -466.688
7 72 -406.609
7 73 -350.833
7 74 -299.704
7 75 -253.374
7 76 -211.955
7 77 -175.344
7 78 -143.464
7 79 -115.988
7 80 -92.7094
7 81 -73.167
7 82 -57.0606
7 83 -43.9245
7 84 -33.3766
7 85 -25.0515
7 86 -18.5305
7 87 -13.5476
7 88 -9.756
7 89 -6.92828
7 90 -4.84966
7 91 -3.34833
7 92 -2.26831
7 93 -1.53353
7 94 -1.01173
7 95 -0.658365
7 96 -0.412188
7 97 -0.272156
7 98 -0.125412
7 99 -0.0702853
7 100 0

8 0 0
8 1 -0.0812933
8 2 -0.225038
8 3 -0.37584
8 4 -0.643541
8 5 -0.988296
8 6 -1.51841
8 7 -2.26831
8 8 -3.37642
8 9 -4.94083
8 10 -7.11255
8 11 -10.0957
8 12 -14.1327
8 13 -19.4933
8 14 -26.5426
8 15 -35.6336
8 16 -47.2132
8 17 -61.7253
8 18 -79.6701
8 19 -101.526
8 20 -127.789
8 21 -158.908
8 22 -195.257
8 23 -237.2
8 24 -284.868
8 25 -338.457
8 26 -397.803
8 27 -462.835
8 28 -533.102
8 29 -608.209
8 30 -687.467
8 31 -770.175
8 32 -855.473
8 33 -942.451
8 34 -1030.15
8 35 -1117.59
8 36 -1203.8
8 37 -1287.83
8 38 -1368.8
8 39 -1445.89
8 40 -1518.36
8 41 -1585.57
8 42 -1646.94
8 43 -1702.02
8 44 -1750.4
8 45 -1791.8
8 46 -1825.94
8 47 -1852.68
8 48 -1871.85
8 49 -1883.4
8 50 -1887.24
8 51 -1883.4
8 52 -1871.85
8 53 -1852.68
8 54 -1825.94
8 55 -1791.8
8 56 -1750.4
8 57 -1702.02
8 58 -1646.94
8 59 -1585.57
8 60 -1518.36
8 61 -1445.89
8 62 -1368.8
8 63 -1287.83
8 64 -1203.8
8 65 -1117.59
8 66 -1030.15
8 67 -942.451
8 68 -855.473
8 69 -770.175
8 70 -687.467
8 71 -608.209
8 72 -533.102
8 73 -462.835
8 74 -397.803
8 75 -338.457
8 76 -284.868
8 77 -237.2
8 78 -195.257
8 79 -158.908
8 80 -127.789
8 81 -101.526
8 82 -79.6701
8 83 -61.7253
8 84 -47.2132
8 85 -35.6336
8 86 -26.5426
8 87 -19.4933
8 88 -14.1327
8 89 -10.0957
8 90 -7.11255
8 91 -4.94083
8 92 -3.37642
8 93 -2.26831
8 94 -1.51841
8 95 -0.988296
8 96 -0.643541
8 97 -0.37584
8 98 -0.225038
8 99 -0.0812933
8 100 0

9 0 0
9 1 -0.140072
9 2 -0.323996
9 3 -0.592407
9 4 -0.924531
9 5 -1.47491
9 6 -2.23357
9 7 -3.34833
9 8 -4.94083
9 9 -7.17558
9 10 -10.2623
9 11 -14.4885
9 12 -20.1564
9 13 -27.6456
9 14 -37.4048
9 15 -49.9025
9 16 -65.6854
9 17 -85.3386
9 18 -109.416
9 19 -138.547
9 20 -173.24
9 21 -214.009
9 22 -261.26
9 23 -315.247
9 24 -376.17
9 25 -443.938
9 26 -518.443
9 27 -599.226
9 28 -685.823
9 29 -777.437
9 30 -873.283
9 31 -972.305
9 32 -1073.5
9 33 -1175.68
9 34 -1277.75
9 35 -1378.53
9 36 -1476.98
9 37 -1572.04
9 38 -1662.81
9 39 -1748.46
9 40 -1828.3
9 41 -1901.72
9 42 -1968.26
9 43 -2027.54
9 44 -2079.29
9 45 -2123.29
9 46 -2159.41
9 47 -2187.58
9 48 -2207.72
9 49 -2219.81
9 50 -2223.84
9 51 -2219.81
9 52 -2207.72
9 53 -2187.58
9 54 -2159.41
9 55 -2123.29
9 56 -2079.29
9 57 -2027.54
9 58 -1968.26
9 59 -1901.72
9 60 -1828.3
9 61 -1748.46
9 62 -1662.81
9 63 -1572.04
9 64 -1476.98
9 65 -1378.53
9 66 -1277.75
9 67 -1175.68
9 68 -1073.5
9 69 -972.305
9 70 -873.283
9 71 -777.437
9 72 -685.823
9 73 -599.226
9 74 -518.443
9 75 -443.938
9 76 -376.17
9 77 -315.247
9 78 -261.26
9 79 -214.009
9 80 -173.24
9 81 -138.547
9 82 -109.416
9 83 -85.3386
9 84 -65.6854
9 85 -49.9025
9 86 -37.4048
9 87 -27.6456
9 88 -20.1564
9 89 -14.4885
9 90 -10.2623
9 91 -7.17558
9 92 -4.94083
9 93 -3.34833
9 94 -2.23357
9 95 -1.47491
9 96 -0.924531
9 97 -0.592407
9 98 -0.323996
9 99 -0.140072
9 100 0

10 0 0
10 1 -0.243164
10 2 -0.490503
10 3 -0.832241
10 4 -1.38844
10 5 -2.14527
10 6 -3.2641
10 7 -4.84966
10 8 -7.11254
10 9 -10.2623
10 10 -14.6082
10 11 -20.4972
10 12 -28.3286
10 13 -38.6152
10 14 -51.8977
10 15 -68.7946
10 16 -89.9768
10 17 -116.122
10 18 -147.922
10 19 -186.039
10 20 -231.068
10 21 -283.509
10 22 -343.743
10 23 -411.959
10 24 -488.194
10 25 -572.247
10 26 -663.704
10 27 -761.975
10 28 -866.179
10 29 -975.397
10 30 -1088.38
10 31 -1203.98
10 32 -1320.77
10 33 -1437.51
10 34 -1552.79
10 35 -1665.44
10 36 -1774.22
10 37 -1878.16
10 38 -1976.3
10 39 -2067.95
10 40 -2152.47
10 41 -2229.43
10 42 -2298.5
10 43 -2359.49
10 44 -2412.28
10 45 -2456.83
10 46 -2493.19
10 47 -2521.36
10 48 -2541.44
10 49 -2553.46
10 50 -2557.46
10 51 -2553.46
10 52 -2541.44
10 53 -2521.36
10 54 -2493.19
10 55 -2456.83
10 56 -2412.28
10 57 -2359.49
10 58 -2298.5
10 59 -2229.43
10 60 -2152.47
10 61 -2067.95
10 62 -1976.3
10 63 -1878.16
10 64 -1774.22
10 65 -1665.44
10 66 -1552.79
10 67 -1437.51
10 68 -1320.77
10 69 -1203.98
10 70 -1088.38
10 71 -975.397
10 72 -866.179
10 73 -761.975
10 74 -663.704
10 75 -572.247
10 76 -488.194
10 77 -411.959
10 78 -343.743
10 79 -283.509
10 80 -231.068
10 81 -186.039
10 82 -147.922
10 83 -116.122
10 84 -89.9768
10 85 -68.7946
10 86 -51.8977
10 87 -38.6152
10 88 -28.3286
10 89 -20.4972
10 90 -14.6082
10 91 -10.2623
10 92 -7.11254
10 93 -4.84966
10 94 -3.2641
10 95 -2.14527
10 96 -1.38844
10 97 -0.832241
10 98 -0.490503
10 99 -0.243164
10 100 0

11 0 0
11 1 -0.332285
11 2 -0.723612
11 3 -1.24303
11 4 -1.99648
11 5 -3.11118
11 6 -4.66602
11 7 -6.92828
11 8 -10.0957
11 9 -14.4885
11 10 -20.4972
11 11 -28.5606
11 12 -39.2279
11 13 -53.1257
11 14 -70.9429
11 15 -93.4258
11 16 -121.387
11 17 -155.596
11 18 -196.862
11 19 -245.888
11 20 -303.283
11 21 -369.534
11 22 -444.889
11 23 -529.437
11 24 -622.969
11 25 -725.052
11 26 -834.987
11 27 -951.812
11 28 -1074.4
11 29 -1201.36
11 30 -1331.28
11 31 -1462.55
11 32 -1593.66
11 33 -1723.02
11 34 -1849.24
11 35 -1970.91
11 36 -2086.96
11 37 -2196.31
11 38 -2298.28
11 39 -2392.17
11 40 -2477.68
11 41 -2554.49
11 42 -2622.61
11 43 -2682
11 44 -2732.88
11 45 -2775.36
11 46 -2809.72
11 47 -2836.15
11 48 -2854.88
11 49 -2866.04
11 50 -2869.76
11 51 -2866.04
11 52 -2854.88
11 53 -2836.15
11 54 -2809.72
11 55 -2775.36
11 56 -2732.88
11 57 -2682
11 58 -2622.61
11 59 -2554.49
11 60 -2477.68
11 61 -2392.17
11 62 -2298.28
11 63 -2196.31
11 64 -2086.96
11 65 -1970.91
11 66 -1849.24
11 67 -1723.02
11 68 -1593.66
11 69 -1462.55
11 70 -1331.28
11 71 -1201.36
11 72 -1074.4
11 73 -951.812
11 74 -834.987
11 75 -725.052
11 76 -622.969
11 77 -529.437
11 78 -444.889
11 79 -369.534
11 80 -303.283
11 81 -245.888
11 82 -196.862
11 83 -155.596
11 84 -121.387
11 85 -93.4258
11 86 -70.9429
11 87 -53.1257
11 88 -39.2279
11 89 -28.5606
11 90 -20.4972
11 91 -14.4885
11 92 -10.0957
11 93 -6.92828
11 94 -4.66602
11 95 -3.11118
11 96 -1.99648
11 97 -1.24303
11 98 -0.723612
11 99 -0.332285
11 100 0

12 0 0
12 1 -0.479989
12 2 -1.03948
12 3 -1.80595
12 4 -2.87074
12 5 -4.39239
12 6 -6.62537
12 7 -9.756
12 8 -14.1327
12 9 -20.1563
12 10 -28.3286
12 11 -39.2279
12 12 -53.5401
12 13 -72.0444
12 14 -95.5561
12 15 -125.007
12 16 -161.292
12 17 -205.335
12 18 -257.979
12 19 -319.959
12 20 -391.845
12 21 -474.009
12 22 -566.545
12 23 -669.289
12 24 -781.755
12 25 -903.15
12 26 -1032.41
12 27 -1168.17
12 28 -1308.89
12 29 -1452.83
12 30 -1598.18
12 31 -1743.12
12 32 -1885.82
12 33 -2024.63
12 34 -2157.98
12 35 -2284.62
12 36 -2403.39
12 37 -2513.55
12 38 -2614.44
12 39 -2705.83
12 40 -2787.51
12 41 -2859.68
12 42 -2922.49
12 43 -2976.39
12 44 -3021.74
12 45 -3059.09
12 46 -3088.85
12 47 -3111.51
12 48 -3127.38
12 49 -3136.82
12 50 -3139.92
12 51 -3136.82
12 52 -3127.38
12 53 -3111.51
12 54 -3088.85
12 55 -3059.09
12 56 -3021.74
12 57 -2976.39
12 58 -2922.49
12 59 -2859.68
12 60 -2787.51
12 61 -2705.83
12 62 -2614.44
12 63 -2513.55
12 64 -2403.39
12 65 -2284.62
12 66 -2157.98
12 67 -2024.63
12 68 -1885.82
12 69 -1743.12
12 70 -1598.18
12 71 -1452.83
12 72 -1308.89
12 73 -1168.17
12 74 -1032.41
12 75 -903.15
12 76 -781.755
12 77 -669.289
12 78 -566.545
12 79 -474.009
12 80 -391.845
12 81 -319.959
12 82 -257.979
12 83 -205.335
12 84 -161.292
12 85 -125.007
12 86 -95.5561
12 87 -72.0444
12 88 -53.5401
12 89 -39.2279
12 90 -28.3286
12 91 -20.1563
12 92 -14.1327
12 93 -9.756
12 94 -6.62537
12 95 -4.39239
12 96 -2.87074
12 97 -1.80595
12 98 -1.03948
12 99 -0.479989
12 100 0

13 0 0
13 1 -0.685925
13 2 -1.49267
13 3 -2.54714
13 4 -4.05322
13 5 -6.1955
13 6 -9.23943
13 7 -13.5476
13 8 -19.4933
13 9 -27.6456
13 10 -38.6152
13 11 -53.1257
13 12 -72.0444
13 13 -96.2772
13 14 -126.848
13 15 -164.797
13 16 -211.167
13 17 -266.933
13 18 -332.988
13 19 -409.99
13 20 -498.437
13 21 -598.474
13 22 -709.958
13 23 -832.378
13 24 -964.845
13 25 -1106.15
13 26 -1254.72
13 27 -1408.76
13 28 -1566.26
13 29 -1725.08
13 30 -1883.09
13 31 -2038.16
13 32 -2188.34
13 33 -2331.86
13 34 -2467.23
13 35 -2593.25
13 36 -2709.05
13 37 -2814.06
13 38 -2908.07
13 39 -2991.09
13 40 -3063.47
13 41 -3125.65
13 42 -3178.34
13 43 -3222.24
13 44 -3258.21
13 45 -3286.98
13 46 -3309.38
13 47 -3326.01
13 48 -3337.5
13 49 -3344.19
13 50 -3346.42
13 51 -3344.19
13 52 -3337.5
13 53 -3326.01
13 54 -3309.38
13 55 -3286.98
13 56 -3258.21
13 57 -3222.24
13 58 -3178.34
13 59 -3125.65
13 60 -3063.47
13 61 -2991.09
13 62 -2908.07
13 63 -2814.06
13 64 -2709.05
13 65 -2593.25
13 66 -2467.23
13 67 -2331.86
13 68 -2188.34
13 69 -2038.16
13 70 -1883.09
13 71 -1725.08
13 72 -1566.26
13 73 -1408.76
13 74 -1254.72
13 75 -1106.15
13 76 -964.845
13 77 -832.378
13 78 -709.958
13 79 -598.474
13 80 -498.437
13 81 -409.99
13 82 -332.988
13 83 -266.933
13 84 -211.167
13 85 -164.797
13 86 -126.848
13 87 -96.2772
13 88 -72.0444
13 89 -53.1257
13 90 -38.6152
13 91 -27.6456
13 92 -19.4933
13 93 -13.5476
13 94 -9.23943
13 95 -6.1955
13 96 -4.05322
13 97 -2.54714
13 98 -1.49267
13 99 -0.685925
13 100 0

14 0 0
14 1 -0.944741
14 2 -2.08725
14 3 -3.59791
14 4 -5.6432
14 5 -8.57728
14 6 -12.7383
14 7 -18.5305
14 8 -26.5425
14 9 -37.4048
14 10 -51.8977
14 11 -70.9429
14 12 -95.5561
14 13 -126.848
14 14 -165.979
14 15 -214.144
14 16 -272.441
14 17 -341.923
14 18 -423.389
14 19 -517.436
14 20 -624.313
14 21 -743.896
14 22 -875.647
14 23 -1018.61
14 24 -1171.38
14 25 -1332.22
14 26 -1499
14 27 -1669.43
14 28 -1840.99
14 29 -2011.18
14 30 -2177.53
14 31 -2337.74
14 32 -2489.77
14 33 -2631.89
14 34 -2762.77
14 35 -2881.44
14 36 -2987.38
14 37 -3080.44
14 38 -3160.83
14 39 -3229.11
14 40 -3286.04
14 41 -3332.64
14 42 -3370
14 43 -3399.35
14 44 -3421.84
14 45 -3438.67
14 46 -3450.83
14 47 -3459.31
14 48 -3464.78
14 49 -3467.86
14 50 -3468.83
14 51 -3467.86
14 52 -3464.78
14 53 -3459.31
14 54 -3450.83
14 55 -3438.67
14 56 -3421.84
14 57 -3399.35
14 58 -3370
14 59 -3332.64
14 60 -3286.04
14 61 -3229.11
14 62 -3160.83
14 63 -3080.44
14 64 -2987.38
14 65 -2881.44
14 66 -2762.77
14 67 -2631.89
14 68 -2489.77
14 69 -2337.74
14 70 -2177.53
14 71 -2011.18
14 72 -1840.99
14 73 -1669.43
14 74 -1499
14 75 -1332.22
14 76 -1171.38
14 77 -1018.61
14 78 -875.647
14 79 -743.896
14 80 -624.313
14 81 -517.436
14 82 -423.389
14 83 -341.923
14 84 -272.441
14 85 -214.144
14 86 -165.979
14 87 -126.848
14 88 -95.5561
14 89 -70.9429
14 90 -51.8977
14 91 -37.4048
14 92 -26.5425
14 93 -18.5305
14 94 -12.7383
14 95 -8.57728
14 96 -5.6432
14 97 -3.59791
14 98 -2.08725
14 99 -0.944741
14 100 0

15 0 0
15 1 -1.32707
15 2 -2.90025
15 3 -4.943
15 4 -7.77374
15 5 -11.7259
15 6 -17.3056
15 7 -25.0515
15 8 -35.6336
15 9 -49.9025
15 10 -68.7946
15 11 -93.4258
15 12 -125.007
15 13 -164.797
15 14 -214.144
15 15 -274.301
15 16 -346.462
15 17 -431.604
15 18 -530.441
15 19 -643.321
15 20 -770.192
15 21 -910.477
15 22 -1063.17
15 23 -1226.7
15 24 -1399.09
15 25 -1577.94
15 26 -1760.57
15 27 -1944.09
15 28 -2125.55
15 29 -2302.08
15 30 -2470.98
15 31 -2629.88
15 32 -2776.77
15 33 -2910.12
15 34 -3028.88
15 35 -3132.52
15 36 -3220.98
15 37 -3294.67
15 38 -3354.37
15 39 -3401.2
15 40 -3436.54
15 41 -3461.92
15 42 -3478.96
15 43 -3489.32
15 44 -3494.58
15 45 -3496.25
15 46 -3495.66
15 47 -3493.96
15 48 -3492.07
15 49 -3490.66
15 50 -3490.14
15 51 -3490.66
15 52 -3492.07
15 53 -3493.96
15 54 -3495.66
15 55 -3496.25
15 56 -3494.58
15 57 -3489.32
15 58 -3478.96
15 59 -3461.92
15 60 -3436.54
15 61 -3401.2
15 62 -3354.37
15 63 -3294.67
15 64 -3220.98
15 65 -3132.52
15 66 -3028.88
15 67 -2910.12
15 68 -2776.77
15 69 -2629.88
15 70 -2470.98
15 71 -2302.08
15 72 -2125.55
15 73 -1944.09
15 74 -1760.57
15 75 -1577.94
15 76 -1399.09
15 77 -1226.7
15 78 -1063.17
15 79 -910.477
15 80 -770.192
15 81 -643.321
15 82 -530.441
15 83 -431.604
15 84 -346.462
15 85 -274.301
15 86 -214.144
15 87 -164.797
15 88 -125.007
15 89 -93.4258
15 90 -68.7946
15 91 -49.9025
15 92 -35.6336
15 93 -25.0515
15 94 -17.3056
15 95 -11.7259
15 96 -7.77374
15 97 -4.943
15 98 -2.90025
15 99 -1.32707
15 100 0

16 0 0
16 1 -1.82857
16 2 -3.9608
16 3 -6.73669
16 4 -10.526
16 5 -15.8493
16 6 -23.2118
16 7 -33.3766
16 8 -47.2132
16 9 -65.6854
16 10 -89.9768
16 11 -121.387
16 12 -161.292
16 13 -211.167
16 14 -272.441
16 15 -346.462
16 16 -434.371
16 17 -537.053
16 18 -654.955
16 19 -788.123
16 20 -935.994
16 21 -1097.49
16 22 -1270.92
16 23 -1454.07
16 24 -1644.22
16 25 -1838.3
16 26 -2032.97
16 27 -2224.85
16 28 -2410.54
16 29 -2586.94
16 30 -2751.23
16 31 -2901.09
16 32 -3034.76
16 33 -3151.03
16 34 -3249.37
16 35 -3329.78
16 36 -3392.87
16 37 -3439.69
16 38 -3471.74
16 39 -3490.75
16 40 -3498.75
16 41 -3497.82
16 42 -3490.11
16 43 -3477.7
16 44 -3462.57
16 45 -3446.51
16 46 -3431.1
16 47 -3417.7
16 48 -3407.35
16 49 -3400.83
16 50 -3398.61
16 51 -3400.83
16 52 -3407.35
16 53 -3417.7
16 54 -3431.1
16 55 -3446.51
16 56 -3462.57
16 57 -3477.7
16 58 -3490.11
16 59 -3497.82
16 60 -3498.75
16 61 -3490.75
16 62 -3471.74
16 63 -3439.69
16 64 -3392.87
16 65 -3329.78
16 66 -3249.37
16 67 -3151.03
16 68 -3034.76
16 69 -2901.09
16 70 -2751.23
16 71 -2586.94
16 72 -2410.54
16 73 -2224.85
16 74 -2032.97
16 75 -1838.3
16 76 -1644.22
16 77 -1454.07
16 78 -1270.92
16 79 -1097.49
16 80 -935.994
16 81 -788.123
16 82 -654.955
16 83 -537.053
16 84 -434.371
16 85 -346.462
16 86 -272.441
16 87 -211.167
16 88 -161.292
16 89 -121.387
16 90 -89.9768
16 91 -65.6854
16 92 -47.2132
16 93 -33.3766
16 94 -23.2118
16 95 -15.8493
16 96 -10.526
16 97 -6.73669
16 98 -3.9608
16 99 -1.82857
16 100 0

17 0 0
17 1 -2.46706
17 2 -5.34806
17 3 -9.05735
17 4 -14.1143
17 5 -21.0738
17 6 -30.7312
17 7 -43.9245
17 8 -61.7253
17 9 -85.3386
17 10 -116.122
17 11 -155.596
17 12 -205.335
17 13 -266.933
17 14 -341.923
17 15 -431.604
17 16 -537.053
17 17 -658.872
17 18 -797.204
17 19 -951.558
17 20 -1120.81
17 21 -1303.15
17 22 -1496.16
17 23 -1696.77
17 24 -1901.55
17 25 -2106.66
17 26 -2308.19
17 27 -2502.24
17 28 -2685.15
17 29 -2853.67
17 30 -3005.06
17 31 -3137.27
17 32 -3248.91
17 33 -3339.38
17 34 -3408.78
17 35 -3457.86
17 36 -3487.99
17 37 -3501
17 38 -3499.12
17 39 -3484.81
17 40 -3460.69
17 41 -3429.41
17 42 -3393.58
17 43 -3355.67
17 44 -3317.94
17 45 -3282.45
17 46 -3250.96
17 47 -3224.93
17 48 -3205.5
17 49 -3193.52
17 50 -3189.47
17 51 -3193.52
17 52 -3205.5
17 53 -3224.93
17 54 -3250.96
17 55 -3282.45
17 56 -3317.94
17 57 -3355.67
17 58 -3393.58
17 59 -3429.41
17 60 -3460.69
17 61 -3484.81
17 62 -3499.12
17 63 -3501
17 64 -3487.99
17 65 -3457.86
17 66 -3408.78
17 67 -3339.38
17 68 -3248.91
17 69 -3137.27
17 70 -3005.06
17 71 -2853.67
17 72 -2685.15
17 73 -2502.24
17 74 -2308.19
17 75 -2106.66
17 76 -1901.55
17 77 -1696.77
17 78 -1496.16
17 79 -1303.15
17 80 -1120.81
17 81 -951.558
17 82 -797.204
17 83 -658.872
17 84 -537.053
17 85 -431.604
17 86 -341.923
17 87 -266.933
17 88 -205.335
17 89 -155.596
17 90 -116.122
17 91 -85.3386
17 92 -61.7253
17 93 -43.9245
17 94 -30.7312
17 95 -21.0738
17 96 -14.1143
17 97 -9.05735
17 98 -5.34806
17 99 -2.46706
17 100 0

18 0 0
18 1 -3.32053
18 2 -7.1248
18 3 -12.0158
18 4 -18.6295
18 5 -27.7287
18 6 -40.1482
18 7 -57.0606
18 8 -79.6702
18 9 -109.416
18 10 -147.922
18 11 -196.862
18 12 -257.979
18 13 -332.988
18 14 -423.389
18 15 -530.441
18 16 -654.955
18 17 -797.204
18 18 -956.787
18 19 -1132.61
18 20 -1322.75
18 21 -1524.61
18 22 -1734.83
18 23 -1949.55
18 24 -2164.46
18 25 -2375.07
18 26 -2576.9
18 27 -2765.71
18 28 -2937.69
18 29 -3089.66
18 30 -3219.16
18 31 -3324.63
18 32 -3405.31
18 33 -3461.38
18 34 -3493.75
18 35 -3504.08
18 36 -3494.6
18 37 -3468
18 38 -3427.25
18 39 -3375.52
18 40 -3316
18 41 -3251.82
18 42 -3185.97
18 43 -3121.19
18 44 -3059.98
18 45 -3004.5
18 46 -2956.61
18 47 -2917.81
18 48 -2889.26
18 49 -2871.8
18 50 -2865.93
18 51 -2871.8
18 52 -2889.26
18 53 -2917.81
18 54 -2956.61
18 55 -3004.5
18 56 -3059.98
18 57 -3121.19
18 58 -3185.97
18 59 -3251.82
18 60 -3316
18 61 -3375.52
18 62 -3427.25
18 63 -3468
18 64 -3494.6
18 65 -3504.08
18 66 -3493.75
18 67 -3461.38
18 68 -3405.31
18 69 -3324.63
18 70 -3219.16
18 71 -3089.66
18 72 -2937.69
18 73 -2765.71
18 74 -2576.9
18 75 -2375.07
18 76 -2164.46
18 77 -1949.55
18 78 -1734.83
18 79 -1524.61
18 80 -1322.75
18 81 -1132.61
18 82 -956.787
18 83 -797.204
18 84 -654.955
18 85 -530.441
18 86 -423.389
18 87 -332.988
18 88 -257.979
18 89 -196.862
18 90 -147.922
18 91 -109.416
18 92 -79.6702
18 93 -57.0606
18 94 -40.1482
18 95 -27.7287
18 96 -18.6295
18 97 -12.0158
18 98 -7.1248
18 99 -3.32053
18 100 0

19 0 0
19 1 -4.36139
19 2 -9.37907
19 3 -15.7555
19 4 -24.3207
19 5 -35.9602
19 6 -51.8302
19 7 -73.167
19 8 -101.526
19 9 -138.547
19 10 -186.039
19 11 -245.888
19 12 -319.959
19 13 -409.99
19 14 -517.436
19 15 -643.321
19 16 -788.123
19 17 -951.558
19 18 -1132.61
19 19 -1329.33
19 20 -1538.95
19 21 -1757.86
19 22 -1981.8
19 23 -2205.96
19 24 -2425.26
19 25 -2634.59
19 26 -2829.05
19 27 -3004.21
19 28 -3156.35
19 29 -3282.58
19 30 -3381.02
19 31 -3450.78
19 32 -3492.02
19 33 -3505.85
19 34 -3494.19
19 35 -3459.7
19 36 -3405.54
19 37 -3335.24
19 38 -3252.53
19 39 -3161.18
19 40 -3064.88
19 41 -2967.11
19 42 -2871.11
19 43 -2779.78
19 44 -2695.66
19 45 -2620.93
19 46 -2557.42
19 47 -2506.54
19 48 -2469.44
19 49 -2446.86
19 50 -2439.29
19 51 -2446.86
19 52 -2469.44
19 53 -2506.54
19 54 -2557.42
19 55 -2620.93
19 56 -2695.66
19 57 -2779.78
19 58 -2871.11
19 59 -2967.11
19 60 -3064.88
19 61 -3161.18
19 62 -3252.53
19 63 -3335.24
19 64 -3405.54
19 65 -3459.7
19 66 -3494.19
19 67 -3505.85
19 68 -3492.02
19 69 -3450.78
19 70 -3381.02
19 71 -3282.58
19 72 -3156.35
19 73 -3004.21
19 74 -2829.05
19 75 -2634.59
19 76 -2425.26
19 77 -2205.96
19 78 -1981.8
19 79 -1757.86
19 80 -1538.95
19 81 -1329.33
19 82 -1132.61
19 83 -951.558
19 84 -788.123
19 85 -643.321
19 86 -517.436
19 87 -409.99
19 88 -319.959
19 89 -245.888
19 90 -186.039
19 91 -138.547
19 92 -101.526
19 93 -73.167
19 94 -51.8302
19 95 -35.9602
19 96 -24.3207
19 97 -15.7555
19 98 -9.37907
19 99 -4.36139
19 100 0

20 0 0
20 1 -5.6875
20 2 -12.1832
20 3 -20.4078
20 4 -31.3279
20 5 -46.1031
20 6 -66.0288
20 7 -92.7094
20 8 -127.789
20 9 -173.24
20 10 -231.068
20 11 -303.283
20 12 -391.845
20 13 -498.437
20 14 -624.313
20 15 -770.192
20 16 -935.995
20 17 -1120.81
20 18 -1322.75
20 19 -1538.95
20 20 -1765.57
20 21 -1998.01
20 22 -2230.94
20 23 -2458.71
20 24 -2675.52
20 25 -2875.77
20 26 -3054.33
20 27 -3206.86
20 28 -3329.94
20 29 -3421.31
20 30 -3479.87
20 31 -3505.75
20 32 -3500.15
20 33 -3465.34
20 34 -3404.33
20 35 -3320.87
20 36 -3219.01
20 37 -3103.15
20 38 -2977.6
20 39 -2846.69
20 40 -2714.39
20 41 -2584.42
20 42 -2460.07
20 43 -2344.22
20 44 -2239.31
20 45 -2147.39
20 46 -2070.1
20 47 -2008.74
20 48 -1964.24
20 49 -1937.29
20 50 -1928.27
20 51 -1937.29
20 52 -1964.24
20 53 -2008.74
20 54 -2070.1
20 55 -2147.39
20 56 -2239.31
20 57 -2344.22
20 58 -2460.07
20 59 -2584.42
20 60 -2714.39
20 61 -2846.69
20 62 -2977.6
20 63 -3103.15
20 64 -3219.01
20 65 -3320.87
20 66 -3404.33
20 67 -3465.34
20 68 -3500.15
20 69 -3505.75
20 70 -3479.87
20 71 -3421.31
20 72 -3329.94
20 73 -3206.86
20 74 -3054.33
20 75 -2875.77
20 76 -2675.52
20 77 -2458.71
20 78 -2230.94
20 79 -1998.01
20 80 -1765.57
20 81 -1538.95
20 82 -1322.75
20 83 -1120.81
20 84 -935.995
20 85 -770.192
20 86 -624.313
20 87 -498.437
20 88 -391.845
20 89 -303.283
20 90 -231.068
20 91 -173.24
20 92 -127.789
20 93 -92.7094
20 94 -66.0288
20 95 -46.1031
20 96 -31.3279
20 97 -20.4078
20 98 -12.1832
20 99 -5.6875
20 100 0

21 0 0
21 1 -7.31361
21 2 -15.6497
21 3 -26.0903
21 4 -39.8822
21 5 -58.3703
21 6 -83.1661
21 7 -115.988
21 8 -158.908
21 9 -214.009
21 10 -283.509
21 11 -369.534
21 12 -474.009
21 13 -598.474
21 14 -743.896
21 15 -910.477
21 16 -1097.49
21 17 -1303.15
21 18 -1524.61
21 19 -1757.86
21 20 -1998.01
21 21 -2239.27
21 22 -2475.41
21 23 -2699.94
21 24 -2906.48
21 25 -3089.17
21 26 -3242.92
21 27 -3363.7
21 28 -3448.79
21 29 -3496.77
21 30 -3507.67
21 31 -3482.8
21 32 -3424.67
21 33 -3336.76
21 34 -3223.31
21 35 -3089.05
21 36 -2938.99
21 37 -2778.15
21 38 -2611.4
21 39 -2443.32
21 40 -2278.09
21 41 -2119.36
21 42 -1970.34
21 43 -1833.66
21 44 -1711.54
21 45 -1605.7
21 46 -1517.51
21 47 -1447.97
21 48 -1397.83
21 49 -1367.55
21 50 -1357.43
21 51 -1367.55
21 52 -1397.83
21 53 -1447.97
21 54 -1517.51
21 55 -1605.7
21 56 -1711.54
21 57 -1833.66
21 58 -1970.34
21 59 -2119.36
21 60 -2278.09
21 61 -2443.32
21 62 -2611.4
21 63 -2778.15
21 64 -2938.99
21 65 -3089.05
21 66 -3223.31
21 67 -3336.76
21 68 -3424.67
21 69 -3482.8
21 70 -3507.67
21 71 -3496.77
21 72 -3448.79
21 73 -3363.7
21 74 -3242.92
21 75 -3089.17
21 76 -2906.48
21 77 -2699.94
21 78 -2475.41
21 79 -2239.27
21 80 -1998.01
21 81 -1757.86
21 82 -1524.61
21 83 -1303.15
21 84 -1097.49
21 85 -910.477
21 86 -743.896
21 87 -598.474
21 88 -474.009
21 89 -369.534
21 90 -283.509
21 91 -214.009
21 92 -158.908
21 93 -115.988
21 94 -83.1661
21 95 -58.3703
21 96 -39.8822
21 97 -26.0903
21 98 -15.6497
21 99 -7.31361
21 100 0

22 0 0
22 1 -9.28472
22 2 -19.8392
22 3 -32.9947
22 4 -50.1656
22 5 -73.0404
22 6 -103.444
22 7 -143.464
22 8 -195.257
22 9 -261.26
22 10 -343.743
22 11 -444.889
22 12 -566.545
22 13 -709.958
22 14 -875.646
22 15 -1063.17
22 16 -1270.92
22 17 -1496.16
22 18 -1734.83
22 19 -1981.8
22 20 -2230.94
22 21 -2475.41
22 22 -2708.05
22 23 -2921.71
22 24 -3109.66
22 25 -3266.03
22 26 -3386.06
22 27 -3466.43
22 28 -3505.35
22 29 -3502.63
22 30 -3459.62
22 31 -3379.06
22 32 -3264.87
22 33 -3121.84
22 34 -2955.37
22 35 -2771.18
22 36 -2574.98
22 37 -2372.37
22 38 -2168.46
22 39 -1967.96
22 40 -1774.9
22 41 -1592.79
22 42 -1424.41
22 43 -1272.08
22 44 -1137.5
22 45 -1022.02
22 46 -926.555
22 47 -851.784
22 48 -798.103
22 49 -765.816
22 50 -755.027
22 51 -765.816
22 52 -798.103
22 53 -851.784
22 54 -926.555
22 55 -1022.02
22 56 -1137.5
22 57 -1272.08
22 58 -1424.41
22 59 -1592.79
22 60 -1774.9
22 61 -1967.96
22 62 -2168.46
22 63 -2372.37
22 64 -2574.98
22 65 -2771.18
22 66 -2955.37
22 67 -3121.84
22 68 -3264.87
22 69 -3379.06
22 70 -3459.62
22 71 -3502.63
22 72 -3505.35
22 73 -3466.43
22 74 -3386.06
22 75 -3266.03
22 76 -3109.66
22 77 -2921.71
22 78 -2708.05
22 79 -2475.41
22 80 -2230.94
22 81 -1981.8
22 82 -1734.83
22 83 -1496.16
22 84 -1270.92
22 85 -1063.17
22 86 -875.646
22 87 -709.958
22 88 -566.545
22 89 -444.889
22 90 -343.743
22 91 -261.26
22 92 -195.257
22 93 -143.464
22 94 -103.444
22 95 -73.0404
22 96 -50.1656
22 97 -32.9947
22 98 -19.8392
22 99 -9.28472
22 100 0

23 0 0
23 1 -11.6746
23 2 -24.8794
23 3 -41.1898
23 4 -62.3737
23 5 -90.3373
23 6 -127.24
23 7 -175.344
23 8 -237.2
23 9 -315.247
23 10 -411.959
23 11 -529.437
23 12 -669.289
23 13 -832.378
23 14 -1018.61
23 15 -1226.7
23 16 -1454.07
23 17 -1696.77
23 18 -1949.55
23 19 -2205.96
23 20 -2458.71
23 21 -2699.94
23 22 -2921.71
23 23 -3116.42
23 24 -3277.29
23 25 -3398.74
23 26 -3476.72
23 27 -3508.92
23 28 -3494.85
23 29 -3435.79
23 30 -3334.68
23 31 -3195.8
23 32 -3024.55
23 33 -2827
23 34 -2609.66
23 35 -2379
23 36 -2141.37
23 37 -1902.54
23 38 -1667.79
23 39 -1441.56
23 40 -1227.61
23 41 -1028.94
23 42 -847.85
23 43 -686.018
23 44 -544.627
23 45 -424.418
23 46 -325.838
23 47 -249.098
23 48 -194.292
23 49 -161.415
23 50 -150.458
23 51 -161.415
23 52 -194.292
23 53 -249.098
23 54 -325.838
23 55 -424.418
23 56 -544.627
23 57 -686.018
23 58 -847.85
23 59 -1028.94
23 60 -1227.61
23 61 -1441.56
23 62 -1667.79
23 63 -1902.54
23 64 -2141.37
23 65 -2379
23 66 -2609.66
23 67 -2827
23 68 -3024.55
23 69 -3195.8
23 70 -3334.68
23 71 -3435.79
23 72 -3494.85
23 73 -3508.92
23 74 -3476.72
23 75 -3398.74
23 76 -3277.29
23 77 -3116.42
23 78 -2921.71
23 79 -2699.94
23 80 -2458.71
23 81 -2205.96
23 82 -1949.55
23 83 -1696.77
23 84 -1454.07
23 85 -1226.7
23 86 -1018.61
23 87 -832.378
23 88 -669.289
23 89 -529.437
23 90 -411.959
23 91 -315.247
23 92 -237.2
23 93 -175.344
23 94 -127.24
23 95 -90.3373
23 96 -62.3737
23 97 -41.1898
23 98 -24.8794
23 99 -11.6746
23 100 0

24 0 0
24 1 -14.4881
24 2 -30.8187
24 3 -50.8776
24 4 -76.6679
24 5 -110.48
24 6 -154.704
24 7 -211.955
24 8 -284.868
24 9 -376.17
24 10 -488.194
24 11 -622.969
24 12 -781.755
24 13 -964.845
24 14 -1171.38
24 15 -1399.09
24 16 -1644.22
24 17 -1901.55
24 18 -2164.46
24 19 -2425.26
24 20 -2675.52
24 21 -2906.48
24 22 -3109.66
24 23 -3277.29
24 24 -3402.84
24 25 -3481.42
24 26 -3510.01
24 27 -3487.72
24 28 -3415.6
24 29 -3296.7
24 30 -3135.63
24 31 -2938.35
24 32 -2711.67
24 33 -2462.89
24 34 -2199.37
24 35 -1928.26
24 36 -1656.11
24 37 -1388.78
24 38 -1131.23
24 39 -887.537
24 40 -660.841
24 41 -453.497
24 42 -267.051
24 43 -102.504
24 44 39.7076
24 45 159.433
24 46 256.835
24 47 332.136
24 48 385.663
24 49 417.647
24 50 428.297
24 51 417.647
24 52 385.663
24 53 332.136
24 54 256.835
24 55 159.433
24 56 39.7076
24 57 -102.504
24 58 -267.051
24 59 -453.497
24 60 -660.841
24 61 -887.537
24 62 -1131.23
24 63 -1388.78
24 64 -1656.11
24 65 -1928.26
24 66 -2199.37
24 67 -2462.89
24 68 -2711.67
24 69 -2938.35
24 70 -3135.63
24 71 -3296.7
24 72 -3415.6
24 73 -3487.72
24 74 -3510.01
24 75 -3481.42
24 76 -3402.84
24 77 -3277.29
24 78 -3109.66
24 79 -2906.48
24 80 -2675.52
24 81 -2425.26
24 82 -2164.46
24 83 -1901.55
24 84 -1644.22
24 85 -1399.09
24 86 -1171.38
24 87 -964.845
24 88 -781.755
24 89 -622.969
24 90 -488.194
24 91 -376.17
24 92 -284.868
24 93 -211.955
24 94 -154.704
24 95 -110.48
24 96 -76.6679
24 97 -50.8776
24 98 -30.8187
24 99 -14.4881
24 100 0

25 0 0
25 1 -17.7989
25 2 -37.7665
25 3 -62.1068
25 4 -93.2108
25 5 -133.61
25 6 -186.063
25 7 -253.374
25 8 -338.457
25 9 -443.938
25 10 -572.247
25 11 -725.051
25 12 -903.15
25 13 -1106.15
25 14 -1332.22
25 15 -1577.95
25 16 -1838.3
25 17 -2106.66
25 18 -2375.07
25 19 -2634.59
25 20 -2875.77
25 21 -3089.17
25 22 -3266.03
25 23 -3398.74
25 24 -3481.42
25 25 -3510.2
25 26 -3483.54
25 27 -3402.19
25 28 -3269.1
25 29 -3089.16
25 30 -2868.84
25 31 -2615.64
25 32 -2337.77
25 33 -2043.49
25 34 -1740.88
25 35 -1437.34
25 36 -1139.48
25 37 -852.783
25 38 -581.759
25 39 -329.734
25 40 -99.1106
25 41 108.678
25 42 292.873
25 43 453.369
25 44 590.438
25 45 704.651
25 46 796.732
25 47 867.4
25 48 917.346
25 49 947.077
25 50 956.958
25 51 947.077
25 52 917.346
25 53 867.4
25 54 796.732
25 55 704.651
25 56 590.438
25 57 453.369
25 58 292.873
25 59 108.678
25 60 -99.1106
25 61 -329.734
25 62 -581.759
25 63 -852.783
25 64 -1139.48
25 65 -1437.34
25 66 -1740.88
25 67 -2043.49
25 68 -2337.77
25 69 -2615.64
25 70 -2868.84
25 71 -3089.16
25 72 -3269.1
25 73 -3402.19
25 74 -3483.54
25 75 -3510.2
25 76 -3481.42
25 77 -3398.74
25 78 -3266.03
25 79 -3089.17
25 80 -2875.77
25 81 -2634.59
25 82 -2375.07
25 83 -2106.66
25 84 -1838.3
25 85 -1577.95
25 86 -1332.22
25 87 -1106.15
25 88 -903.15
25 89 -725.051
25 90 -572.247
25 91 -443.938
25 92 -338.457
25 93 -253.374
25 94 -186.063
25 95 -133.61
25 96 -93.2108
25 97 -62.1068
25 98 -37.7665
25 99 -17.7989
25 100 0

26 0 0
26 1 -21.6211
26 2 -45.7627
26 3 -75.0126
26 4 -112.076
26 5 -159.875
26 6 -221.381
26 7 -299.704
26 8 -397.803
26 9 -518.443
26 10 -663.704
26 11 -834.987
26 12 -1032.41
26 13 -1254.72
26 14 -1499
26 15 -1760.57
26 16 -2032.97
26 17 -2308.19
26 18 -2576.9
26 19 -2829.05
26 20 -3054.33
26 21 -3242.92
26 22 -3386.06
26 23 -3476.72
26 24 -3510.01
26 25 -3483.54
26 26 -3397.5
26 27 -3254.63
26 28 -3059.89
26 29 -2820.19
26 30 -2543.73
26 31 -2239.57
26 32 -1917.01
26 33 -1585.12
26 34 -1252.27
26 35 -925.913
26 36 -612.248
26 37 -316.244
26 38 -41.541
26 39 209.393
26 40 435.187
26 41 635.352
26 42 810.111
26 43 960.219
26 44 1086.72
26 45 1190.9
26 46 1274
26 47 1337.26
26 48 1381.64
26 49 1407.96
26 50 1416.66
26 51 1407.96
26 52 1381.64
26 53 1337.26
26 54 1274
26 55 1190.9
26 56 1086.72
26 57 960.219
26 58 810.111
26 59 635.352
26 60 435.187
26 61 209.393
26 62 -41.541
26 63 -316.244
26 64 -612.248
26 65 -925.913
26 66 -1252.27
26 67 -1585.12
26 68 -1917.01
26 69 -2239.57
26 70 -2543.73
26 71 -2820.19
26 72 -3059.89
26 73 -3254.63
26 74 -3397.5
26 75 -3483.54
26 76 -3510.01
26 77 -3476.72
26 78 -3386.06
26 79 -3242.92
26 80 -3054.33
26 81 -2829.05
26 82 -2576.9
26 83 -2308.19
26 84 -2032.97
26 85 -1760.57
26 86 -1499
26 87 -1254.72
26 88 -1032.41
26 89 -834.987
26 90 -663.704
26 91 -518.443
26 92 -397.803
26 93 -299.704
26 94 -221.381
26 95 -159.875
26 96 -112.076
26 97 -75.0126
26 98 -45.7627
26 99 -21.6211
26 100 0

27 0 0
27 1 -25.9739
27 2 -54.8664
27 3 -89.6333
27 4 -133.374
27 5 -189.275
27 6 -260.678
27 7 -350.833
27 8 -462.835
27 9 -599.225
27 10 -761.975
27 11 -951.812
27 12 -1168.17
27 13 -1408.76
27 14 -1669.43
27 15 -1944.09
27 16 -2224.85
27 17 -2502.24
27 18 -2765.71
27 19 -3004.21
27 20 -3206.86
27 21 -3363.7
27 22 -3466.43
27 23 -3508.92
27 24 -3487.72
27 25 -3402.19
27 26 -3254.63
27 27 -3049.9
27 28 -2795.17
27 29 -2499.27
27 30 -2172.1
27 31 -1824
27 32 -1465.15
27 33 -1105.03
27 34 -752.076
27 35 -413.309
27 36 -94.3304
27 37 200.83
27 38 469.516
27 39 710.398
27 40 923.192
27 41 1108.48
27 42 1267.47
27 43 1401.75
27 44 1513.18
27 45 1603.61
27 46 1674.85
27 47 1728.46
27 48 1765.79
27 49 1787.76
27 50 1795.04
27 51 1787.76
27 52 1765.79
27 53 1728.46
27 54 1674.85
27 55 1603.61
27 56 1513.18
27 57 1401.75
27 58 1267.47
27 59 1108.48
27 60 923.192
27 61 710.398
27 62 469.516
27 63 200.83
27 64 -94.3304
27 65 -413.309
27 66 -752.076
27 67 -1105.03
27 68 -1465.15
27 69 -1824
27 70 -2172.1
27 71 -2499.27
27 72 -2795.17
27 73 -3049.9
27 74 -3254.63
27 75 -3402.19
27 76 -3487.72
27 77 -3508.92
27 78 -3466.43
27 79 -3363.7
27 80 -3206.86
27 81 -3004.21
27 82 -2765.71
27 83 -2502.24
27 84 -2224.85
27 85 -1944.09
27 86 -1669.43
27 87 -1408.76
27 88 -1168.17
27 89 -951.812
27 90 -761.975
27 91 -599.225
27 92 -462.835
27 93 -350.833
27 94 -260.678
27 95 -189.275
27 96 -133.374
27 97 -89.6333
27 98 -54.8664
27 99 -25.9739
27 100 0

28 0 0
28 1 -30.8974
28 2 -65.0982
28 3 -105.997
28 4 -157.059
28 5 -221.847
28 6 -303.87
28 7 -406.609
28 8 -533.102
28 9 -685.823
28 10 -866.179
28 11 -1074.4
28 12 -1308.89
28 13 -1566.26
