0 0 0
0 1 0
0 2 0
0 3 0
0 4 0
0 5 0
0 6 0
0 7 0
0 8 0
0 9 0
0 10 0
0 11 0
0 12 0
0 13 0
0 14 0
0 15 0
0 16 0
0 17 0
0 18 0
0 19 0
0 20 0
0 21 0
0 22 0
0 23 0
0 24 0
0 25 0
0 26 0
0 27 0
0 28 0
0 29 0
0 30 0
0 31 0
0 32 0
0 33 0
0 34 0
0 35 0
0 36 0
0 37 0
0 38 0
0 39 0
0 40 0
0 41 0
0 42 0
0 43 0
0 44 0
0 45 0
0 46 0
0 47 0
0 48 0
0 49 0
0 50 0
0 51 0
0 52 0
0 53 0
0 54 0
0 55 0
0 56 0
0 57 0
0 58 0
0 59 0
0 60 0
0 61 0
0 62 0
0 63 0
0 64 0
0 65 0
0 66 0
0 67 0
0 68 0
0 69 0
0 70 0
0 71 0
0 72 0
0 73 0
0 74 0
0 75 0
0 76 0
0 77 0
0 78 0
0 79 0
0 80 0
0 81 0
0 82 0
0 83 0
0 84 0
0 85 0
0 86 0
0 87 0
0 88 0
0 89 0
0 90 0
0 91 0
0 92 0
0 93 0
0 94 0
0 95 0
0 96 0
0 97 0
0 98 0
0 99 0
0 100 0

1 0 0
1 1 -23.6917
1 2 -47.8832
1 3 -73.0047
1 4 -99.4281
1 5 -127.404
1 6 -157.014
1 7 -188.201
1 8 -220.711
1 9 -254.142
1 10 -287.854
1 11 -321.092
1 12 -352.994
1 13 -382.582
1 14 -408.861
1 15 -430.87
1 16 -447.642
1 17 -458.404
1 18 -462.476
1 19 -459.346
1 20 -448.789
1 21 -430.715
1 22 -405.277
1 23 -372.826
1 24 -333.915
1 25 -289.234
1 26 -239.607
1 27 -185.946
1 28 -129.194
1 29 -70.3404
1 30 -10.311
1 31 49.966
1 32 109.682
1 33 168.072
1 34 224.504
1 35 278.425
1 36 329.4
1 37 377.093
1 38 421.253
1 39 461.731
1 40 498.425
1 41 531.325
1 42 560.432
1 43 585.822
1 44 607.553
1 45 625.738
1 46 640.449
1 47 651.795
1 48 659.832
1 49 664.639
1 50 666.229
1 51 664.639
1 52 659.832
1 53 651.795
1 54 640.449
1 55 625.738
1 56 607.553
1 57 585.822
1 58 560.432
1 59 531.325
1 60 498.425
1 61 461.731
1 62 421.253
1 63 377.093
1 64 329.4
1 65 278.425
1 66 224.504
1 67 168.072
1 68 109.682
1 69 49.966
1 70 -10.311
1 71 -70.3404
1 72 -129.194
1 73 -185.946
1 74 -239.607
1 75 -289.234
1 76 -333.915
1 77 -372.826
1 78 -405.277
1 79 -430.715
1 80 -448.789
1 81 -459.346
1 82 -462.476
1 83 -458.404
1 84 -447.642
1 85 -430.87
1 86 -408.861
1 87 -382.582
1 88 -352.994
1 89 -321.092
1 90 -287.854
1 91 -254.142
1 92 -220.711
1 93 -188.201
1 94 -157.014
1 95 -127.404
1 96 -99.4281
1 97 -73.0047
1 98 -47.8832
1 99 -23.6917
1 100 0

2 0 0
2 1 -47.8832
2 2 -96.7134
2 3 -147.31
2 4 -200.386
2 5 -256.392
2 6 -315.498
2 7 -377.523
2 8 -441.949
2 9 -507.879
2 10 -574.101
2 11 -639.096
2 12 -701.201
2 13 -758.438
2 14 -808.889
2 15 -850.664
2 16 -882.017
2 17 -901.362
2 18 -907.4
2 19 -899.364
2 20 -876.711
2 21 -839.386
2 22 -787.791
2 23 -722.617
2 24 -645.023
2 25 -556.379
2 26 -458.331
2 27 -352.663
2 28 -241.235
2 29 -125.952
2 30 -8.62933
2 31 108.968
2 32 225.264
2 33 338.816
2 34 448.405
2 35 552.998
2 36 651.767
2 37 744.089
2 38 829.499
2 39 907.726
2 40 978.595
2 41 1042.1
2 42 1098.25
2 43 1147.21
2 44 1189.1
2 45 1224.14
2 46 1252.49
2 47 1274.34
2 48 1289.82
2 49 1299.07
2 50 1302.14
2 51 1299.07
2 52 1289.82
2 53 1274.34
2 54 1252.49
2 55 1224.14
2 56 1189.1
2 57 1147.21
2 58 1098.25
2 59 1042.1
2 60 978.595
2 61 907.726
2 62 829.499
2 63 744.089
2 64 651.767
2 65 552.998
2 66 448.405
2 67 338.816
2 68 225.264
2 69 108.968
2 70 -8.62933
2 71 -125.952
2 72 -241.235
2 73 -352.663
2 74 -458.331
2 75 -556.379
2 76 -645.023
2 77 -722.617
2 78 -787.791
2 79 -839.386
2 80 -876.711
2 81 -899.364
2 82 -907.4
2 83 -901.362
2 84 -882.017
2 85 -850.664
2 86 -808.889
2 87 -758.438
2 88 -701.201
2 89 -639.096
2 90 -574.101
2 91 -507.879
2 92 -441.949
2 93 -377.523
2 94 -315.498
2 95 -256.392
2 96 -200.386
2 97 -147.31
2 98 -96.7134
2 99 -47.8832
2 100 0

3 0 0
3 1 -73.0047
3 2 -147.31
3 3 -224.085
3 4 -304.256
3 5 -388.424
3 6 -476.714
3 7 -568.82
3 8 -663.865
3 9 -760.521
3 10 -856.914
3 11 -950.841
3 12 -1039.71
3 13 -1120.83
3 14 -1191.37
3 15 -1248.69
3 16 -1290.25
3 17 -1313.96
3 18 -1318.18
3 19 -1301.72
3 20 -1264.14
3 21 -1205.48
3 22 -1126.4
3 23 -1028.14
3 24 -912.397
3 25 -781.29
3 26 -637.222
3 27 -482.811
3 28 -320.748
3 29 -153.749
3 30 15.5894
3 31 184.798
3 32 351.655
3 33 514.171
3 34 670.658
3 35 819.707
3 36 960.204
3 37 1091.31
3 38 1212.44
3 39 1323.22
3 40 1423.48
3 41 1513.22
3 42 1592.52
3 43 1661.59
3 44 1720.67
3 45 1770.05
3 46 1809.99
3 47 1840.75
3 48 1862.56
3 49 1875.58
3 50 1879.9
3 51 1875.58
3 52 1862.56
3 53 1840.75
3 54 1809.99
3 55 1770.05
3 56 1720.67
3 57 1661.59
3 58 1592.52
3 59 1513.22
3 60 1423.48
3 61 1323.22
3 62 1212.44
3 63 1091.31
3 64 960.204
3 65 819.707
3 66 670.658
3 67 514.171
3 68 351.655
3 69 184.798
3 70 15.5894
3 71 -153.749
3 72 -320.748
3 73 -482.811
3 74 -637.222
3 75 -781.29
3 76 -912.397
3 77 -1028.14
3 78 -1126.4
3 79 -1205.48
3 80 -1264.14
3 81 -1301.72
3 82 -1318.18
3 83 -1313.96
3 84 -1290.25
3 85 -1248.69
3 86 -1191.37
3 87 -1120.83
3 88 -1039.71
3 89 -950.841
3 90 -856.914
3 91 -760.521
3 92 -663.865
3 93 -568.82
3 94 -476.714
3 95 -388.424
3 96 -304.256
3 97 -224.085
3 98 -147.31
3 99 -73.0047
3 100 0

4 0 0
4 1 -99.4281
4 2 -200.386
4 3 -304.256
4 4 -412.094
4 5 -524.473
4 6 -641.468
4 7 -762.46
4 8 -886.249
4 9 -1010.91
4 10 -1134.05
4 11 -1252.66
4 12 -1363.48
4 13 -1463.03
4 14 -1547.89
4 15 -1614.67
4 16 -1660.44
4 17 -1682.75
4 18 -1679.72
4 19 -1650.26
4 20 -1593.94
4 21 -1511.18
4 22 -1403.1
4 23 -1271.45
4 24 -1118.61
4 25 -947.382
4 26 -760.92
4 27 -562.551
4 28 -355.709
4 29 -143.739
4 30 70.1134
4 31 282.882
4 32 491.846
4 33 694.668
4 34 889.332
4 35 1074.22
4 36 1248.05
4 37 1409.88
4 38 1559.09
4 39 1695.3
4 40 1818.39
4 41 1928.39
4 42 2025.49
4 43 2109.97
4 44 2182.17
4 45 2242.46
4 46 2291.2
4 47 2328.73
4 48 2355.32
4 49 2371.19
4 50 2376.46
4 51 2371.19
4 52 2355.32
4 53 2328.73
4 54 2291.2
4 55 2242.46
4 56 2182.17
4 57 2109.97
4 58 2025.49
4 59 1928.39
4 60 1818.39
4 61 1695.3
4 62 1559.09
4 63 1409.88
4 64 1248.05
4 65 1074.22
4 66 889.332
4 67 694.668
4 68 491.846
4 69 282.882
4 70 70.1134
4 71 -143.739
4 72 -355.709
4 73 -562.551
4 74 -760.92
4 75 -947.382
4 76 -1118.61
4 77 -1271.45
4 78 -1403.1
4 79 -1511.18
4 80 -1593.94
4 81 -1650.26
4 82 -1679.72
4 83 -1682.75
4 84 -1660.44
4 85 -1614.67
4 86 -1547.89
4 87 -1463.03
4 88 -1363.48
4 89 -1252.66
4 90 -1134.05
4 91 -1010.91
4 92 -886.249
4 93 -762.46
4 94 -641.468
4 95 -524.473
4 96 -412.094
4 97 -304.256
4 98 -200.386
4 99 -99.4281
4 100 0

5 0 0
5 1 -127.404
5 2 -256.392
5 3 -388.424
5 4 -524.473
5 5 -665.033
5 6 -809.909
5 7 -958.184
5 8 -1108.11
5 9 -1257.29
5 10 -1402.62
5 11 -1540.58
5 12 -1667.18
5 13 -1778.46
5 14 -1870.38
5 15 -1939.29
5 16 -1982.02
5 17 -1996
5 18 -1979.51
5 19 -1931.63
5 20 -1852.38
5 21 -1742.64
5 22 -1604.1
5 23 -1439.24
5 24 -1251.03
5 25 -1043
5 26 -818.94
5 27 -582.8
5 28 -338.555
5 29 -90.04
5 30 159.102
5 31 405.571
5 32 646.408
5 33 879.083
5 34 1101.48
5 35 1311.91
5 36 1509.1
5 37 1692.11
5 38 1860.4
5 39 2013.66
5 40 2151.87
5 41 2275.13
5 42 2383.78
5 43 2478.16
5 44 2558.74
5 45 2625.95
5 46 2680.26
5 47 2722.04
5 48 2751.64
5 49 2769.28
5 50 2775.15
5 51 2769.28
5 52 2751.64
5 53 2722.04
5 54 2680.26
5 55 2625.95
5 56 2558.74
5 57 2478.16
5 58 2383.78
5 59 2275.13
5 60 2151.87
5 61 2013.66
5 62 1860.4
5 63 1692.11
5 64 1509.1
5 65 1311.91
5 66 1101.48
5 67 879.083
5 68 646.408
5 69 405.571
5 70 159.102
5 71 -90.04
5 72 -338.555
5 73 -582.8
5 74 -818.94
5 75 -1043
5 76 -1251.03
5 77 -1439.24
5 78 -1604.1
5 79 -1742.64
5 80 -1852.38
5 81 -1931.63
5 82 -1979.51
5 83 -1996
5 84 -1982.02
5 85 -1939.29
5 86 -1870.38
5 87 -1778.46
5 88 -1667.18
5 89 -1540.58
5 90 -1402.62
5 91 -1257.29
5 92 -1108.11
5 93 -958.184
5 94 -809.909
5 95 -665.033
5 96 -524.473
5 97 -388.424
5 98 -256.392
5 99 -127.404
5 100 0

6 0 0
6 1 -157.014
6 2 -315.498
6 3 -476.714
6 4 -641.468
6 5 -809.909
6 6 -981.518
6 7 -1154.83
6 8 -1327.68
6 9 -1497.01
6 10 -1659.24
6 11 -1810.16
6 12 -1945.44
6 13 -2060.61
6 14 -2151.54
6 15 -2214.4
6 16 -2246.08
6 17 -2244.34
6 18 -2207.82
6 19 -2136.12
6 20 -2029.84
6 21 -1890.6
6 22 -1720.8
6 23 -1523.58
6 24 -1302.67
6 25 -1062.16
6 26 -806.433
6 27 -539.855
6 28 -266.795
6 29 8.66404
6 30 282.69
6 31 551.898
6 32 813.297
6 33 1064.4
6 34 1303.17
6 35 1528.04
6 36 1737.86
6 37 1931.87
6 38 2109.66
6 39 2271.08
6 40 2416.25
6 41 2545.43
6 42 2659.05
6 43 2757.59
6 44 2841.59
6 45 2911.57
6 46 2968.05
6 47 3011.47
6 48 3042.21
6 49 3060.54
6 50 3066.63
6 51 3060.54
6 52 3042.21
6 53 3011.47
6 54 2968.05
6 55 2911.57
6 56 2841.59
6 57 2757.59
6 58 2659.05
6 59 2545.43
6 60 2416.25
6 61 2271.08
6 62 2109.66
6 63 1931.87
6 64 1737.86
6 65 1528.04
6 66 1303.17
6 67 1064.4
6 68 813.297
6 69 551.898
6 70 282.69
6 71 8.66404
6 72 -266.795
6 73 -539.855
6 74 -806.433
6 75 -1062.16
6 76 -1302.67
6 77 -1523.58
6 78 -1720.8
6 79 -1890.6
6 80 -2029.84
6 81 -2136.12
6 82 -2207.82
6 83 -2244.34
6 84 -2246.08
6 85 -2214.4
6 86 -2151.54
6 87 -2060.61
6 88 -1945.44
6 89 -1810.16
6 90 -1659.24
6 91 -1497.01
6 92 -1327.68
6 93 -1154.83
6 94 -981.518
6 95 -809.909
6 96 -641.468
6 97 -476.714
6 98 -315.498
6 99 -157.014
6 100 0

7 0 0
7 1 -188.201
7 2 -377.523
7 3 -568.82
7 4 -762.46
7 5 -958.184
7 6 -1154.83
7 7 -1350.5
7 8 -1542.33
7 9 -1726.82
7 10 -1899.74
7 11 -2056.62
7 12 -2192.7
7 13 -2303.52
7 14 -2384.85
7 15 -2433.2
7 16 -2445.88
7 17 -2421.16
7 18 -2358.36
7 19 -2257.92
7 20 -2121.3
7 21 -1950.86
7 22 -1749.9
7 23 -1522.28
7 24 -1272.34
7 25 -1004.75
7 26 -724.231
7 27 -435.492
7 28 -142.981
7 29 149.12
7 30 437.096
7 31 717.653
7 32 988.042
7 33 1245.98
7 34 1489.73
7 35 1717.97
7 36 1929.85
7 37 2124.84
7 38 2302.78
7 39 2463.74
7 40 2608.01
7 41 2736.02
7 42 2848.32
7 43 2945.51
7 44 3028.2
7 45 3096.99
7 46 3152.44
7 47 3195.03
7 48 3225.16
7 49 3243.12
7 50 3249.08
7 51 3243.12
7 52 3225.16
7 53 3195.03
7 54 3152.44
7 55 3096.99
7 56 3028.2
7 57 2945.51
7 58 2848.32
7 59 2736.02
7 60 2608.01
7 61 2463.74
7 62 2302.78
7 63 2124.84
7 64 1929.85
7 65 1717.97
7 66 1489.73
7 67 1245.98
7 68 988.042
7 69 717.653
7 70 437.096
7 71 149.12
7 72 -142.981
7 73 -435.492
7 74 -724.231
7 75 -1004.75
7 76 -1272.34
7 77 -1522.28
7 78 -1749.9
7 79 -1950.86
7 80 -2121.3
7 81 -2257.92
7 82 -2358.36
7 83 -2421.16
7 84 -2445.88
7 85 -2433.2
7 86 -2384.85
7 87 -2303.52
7 88 -2192.7
7 89 -2056.62
7 90 -1899.74
7 91 -1726.82
7 92 -1542.33
7 93 -1350.5
7 94 -1154.83
7 95 -958.184
7 96 -762.46
7 97 -568.82
7 98 -377.523
7 99 -188.201
7 100 0

8 0 0
8 1 -220.711
8 2 -441.949
8 3 -663.865
8 4 -886.249
8 5 -1108.11
8 6 -1327.68
8 7 -1542.33
8 8 -1748.72
8 9 -1942.65
8 10 -2119.67
8 11 -2274.9
8 12 -2403.76
8 13 -2501.72
8 14 -2565.02
8 15 -2590.75
8 16 -2576.92
8 17 -2522.69
8 18 -2428.38
8 19 -2295.4
8 20 -2126.25
8 21 -1924.25
8 22 -1693.5
8 23 -1438.59
8 24 -1164.46
8 25 -876.091
8 26 -578.49
8 27 -276.382
8 28 25.8288
8 29 324.182
8 30 615.234
8 31 896.068
8 32 1164.31
8 33 1418.14
8 34 1656.19
8 35 1877.59
8 36 2081.81
8 37 2268.72
8 38 2438.38
8 39 2591.18
8 40 2727.56
8 41 2848.16
8 42 2953.62
8 43 3044.65
8 44 3121.91
8 45 3186.09
8 46 3237.72
8 47 3277.34
8 48 3305.34
8 49 3322.02
8 50 3327.55
8 51 3322.02
8 52 3305.34
8 53 3277.34
8 54 3237.72
8 55 3186.09
8 56 3121.91
8 57 3044.65
8 58 2953.62
8 59 2848.16
8 60 2727.56
8 61 2591.18
8 62 2438.38
8 63 2268.72
8 64 2081.81
8 65 1877.59
8 66 1656.19
8 67 1418.14
8 68 1164.31
8 69 896.068
8 70 615.234
8 71 324.182
8 72 25.8288
8 73 -276.382
8 74 -578.49
8 75 -876.091
8 76 -1164.46
8 77 -1438.59
8 78 -1693.5
8 79 -1924.25
8 80 -2126.25
8 81 -2295.4
8 82 -2428.38
8 83 -2522.69
8 84 -2576.92
8 85 -2590.75
8 86 -2565.02
8 87 -2501.72
8 88 -2403.76
8 89 -2274.9
8 90 -2119.67
8 91 -1942.65
8 92 -1748.72
8 93 -1542.33
8 94 -1327.68
8 95 -1108.11
8 96 -886.249
8 97 -663.865
8 98 -441.949
8 99 -220.711
8 100 0

9 0 0
9 1 -254.142
9 2 -507.879
9 3 -760.521
9 4 -1010.91
9 5 -1257.29
9 6 -1497.01
9 7 -1726.82
9 8 -1942.65
9 9 -2140.03
9 10 -2314.12
9 11 -2460.21
9 12 -2573.7
9 13 -2650.68
9 14 -2688.1
9 15 -2683.92
9 16 -2637.18
9 17 -2548.24
9 18 -2418.59
9 19 -2250.86
9 20 -2048.62
9 21 -1816.19
9 22 -1558.49
9 23 -1280.71
9 24 -988.184
9 25 -686.186
9 26 -379.633
9 27 -73.1783
9 28 229.144
9 29 523.744
9 30 807.708
9 31 1078.64
9 32 1334.76
9 33 1574.77
9 34 1797.87
9 35 2003.65
9 36 2192.04
9 37 2363.27
9 38 2517.75
9 39 2656.08
9 40 2778.95
9 41 2887.11
9 42 2981.33
9 43 3062.39
9 44 3131.01
9 45 3187.86
9 46 3233.53
9 47 3268.51
9 48 3293.21
9 49 3307.91
9 50 3312.8
9 51 3307.91
9 52 3293.21
9 53 3268.51
9 54 3233.53
9 55 3187.86
9 56 3131.01
9 57 3062.39
9 58 2981.33
9 59 2887.11
9 60 2778.95
9 61 2656.08
9 62 2517.75
9 63 2363.27
9 64 2192.04
9 65 2003.65
9 66 1797.87
9 67 1574.77
9 68 1334.76
9 69 1078.64
9 70 807.708
9 71 523.744
9 72 229.144
9 73 -73.1783
9 74 -379.633
9 75 -686.186
9 76 -988.184
9 77 -1280.71
9 78 -1558.49
9 79 -1816.19
9 80 -2048.62
9 81 -2250.86
9 82 -2418.59
9 83 -2548.24
9 84 -2637.18
9 85 -2683.92
9 86 -2688.1
9 87 -2650.68
9 88 -2573.7
9 89 -2460.21
9 90 -2314.12
9 91 -2140.03
9 92 -1942.65
9 93 -1726.82
9 94 -1497.01
9 95 -1257.29
9 96 -1010.91
9 97 -760.521
9 98 -507.879
9 99 -254.142
9 100 0

10 0 0
10 1 -287.854
10 2 -574.101
10 3 -856.914
10 4 -1134.05
10 5 -1402.62
10 6 -1659.24
10 7 -1899.74
10 8 -2119.67
10 9 -2314.12
10 10 -2478.37
10 11 -2607.78
10 12 -2698.38
10 13 -2747.08
10 14 -2751.81
10 15 -2711.7
10 16 -2627.24
10 17 -2500.07
10 18 -2333.09
10 19 -2130.19
10 20 -1896.09
10 21 -1636.04
10 22 -1355.63
10 23 -1060.57
10 24 -756.403
10 25 -448.349
10 26 -141.212
10 27 160.851
10 28 454.215
10 29 735.991
10 30 1003.86
10 31 1256.17
10 32 1491.78
10 33 1710.08
10 34 1910.82
10 35 2094.16
10 36 2260.45
10 37 2410.33
10 38 2544.5
10 39 2663.82
10 40 2769.14
10 41 2861.34
10 42 2941.27
10 43 3009.76
10 44 3067.52
10 45 3115.24
10 46 3153.48
10 47 3182.73
10 48 3203.34
10 49 3215.6
10 50 3219.67
10 51 3215.6
10 52 3203.34
10 53 3182.73
10 54 3153.48
10 55 3115.24
10 56 3067.52
10 57 3009.76
10 58 2941.27
10 59 2861.34
10 60 2769.14
10 61 2663.82
10 62 2544.5
10 63 2410.33
10 64 2260.45
10 65 2094.16
10 66 1910.82
10 67 1710.08
10 68 1491.78
10 69 1256.17
10 70 1003.86
10 71 735.991
10 72 454.215
10 73 160.851
10 74 -141.212
10 75 -448.349
10 76 -756.403
10 77 -1060.57
10 78 -1355.63
10 79 -1636.04
10 80 -1896.09
10 81 -2130.19
10 82 -2333.09
10 83 -2500.07
10 84 -2627.24
10 85 -2711.7
10 86 -2751.81
10 87 -2747.08
10 88 -2698.38
10 89 -2607.78
10 90 -2478.37
10 91 -2314.12
10 92 -2119.67
10 93 -1899.74
10 94 -1659.24
10 95 -1402.62
10 96 -1134.05
10 97 -856.914
10 98 -574.101
10 99 -287.854
10 100 0

11 0 0
11 1 -321.092
11 2 -639.096
11 3 -950.841
11 4 -1252.66
11 5 -1540.58
11 6 -1810.16
11 7 -2056.62
11 8 -2274.9
11 9 -2460.21
11 10 -2607.78
11 11 -2713.62
11 12 -2774.65
11 13 -2788.87
11 14 -2755.51
11 15 -2675.25
11 16 -2550.03
11 17 -2383.14
11 18 -2178.84
11 19 -1942.36
11 20 -1679.42
11 21 -1396.14
11 22 -1098.62
11 23 -792.805
11 24 -484.272
11 25 -177.993
11 26 121.695
11 27 411.163
11 28 687.556
11 29 948.686
11 30 1193.08
11 31 1419.81
11 32 1628.53
11 33 1819.25
11 34 1992.4
11 35 2148.57
11 36 2288.64
11 37 2413.51
11 38 2524.24
11 39 2621.8
11 40 2707.24
11 41 2781.49
11 42 2845.47
11 43 2899.98
11 44 2945.75
11 45 2983.41
11 46 3013.49
11 47 3036.44
11 48 3052.59
11 49 3062.19
11 50 3065.37
11 51 3062.19
11 52 3052.59
11 53 3036.44
11 54 3013.49
11 55 2983.41
11 56 2945.75
11 57 2899.98
11 58 2845.47
11 59 2781.49
11 60 2707.24
11 61 2621.8
11 62 2524.24
11 63 2413.51
11 64 2288.64
11 65 2148.57
11 66 1992.4
11 67 1819.25
11 68 1628.53
11 69 1419.81
11 70 1193.08
11 71 948.686
11 72 687.556
11 73 411.163
11 74 121.695
11 75 -177.993
11 76 -484.272
11 77 -792.805
11 78 -1098.62
11 79 -1396.14
11 80 -1679.42
11 81 -1942.36
11 82 -2178.84
11 83 -2383.14
11 84 -2550.03
11 85 -2675.25
11 86 -2755.51
11 87 -2788.87
11 88 -2774.65
11 89 -2713.62
11 90 -2607.78
11 91 -2460.21
11 92 -2274.9
11 93 -2056.62
11 94 -1810.16
11 95 -1540.58
11 96 -1252.66
11 97 -950.841
11 98 -639.096
11 99 -321.092
11 100 0

12 0 0
12 1 -352.994
12 2 -701.201
12 3 -1039.71
12 4 -1363.48
12 5 -1667.18
12 6 -1945.44
12 7 -2192.7
12 8 -2403.76
12 9 -2573.7
12 10 -2698.38
12 11 -2774.65
12 12 -2800.59
12 13 -2775.54
12 14 -2700.47
12 15 -2577.64
12 16 -2410.8
12 17 -2204.73
12 18 -1965.2
12 19 -1698.58
12 20 -1411.55
12 21 -1110.79
12 22 -802.748
12 23 -493.37
12 24 -187.952
12 25 108.987
12 26 393.719
12 27 663.462
12 28 916.112
12 29 1150.43
12 30 1365.74
12 31 1561.97
12 32 1739.49
12 33 1898.99
12 34 2041.43
12 35 2167.93
12 36 2279.69
12 37 2377.95
12 38 2463.92
12 39 2538.78
12 40 2603.6
12 41 2659.38
12 42 2707.01
12 43 2747.29
12 44 2780.87
12 45 2808.37
12 46 2830.22
12 47 2846.85
12 48 2858.5
12 49 2865.43
12 50 2867.71
12 51 2865.43
12 52 2858.5
12 53 2846.85
12 54 2830.22
12 55 2808.37
12 56 2780.87
12 57 2747.29
12 58 2707.01
12 59 2659.38
12 60 2603.6
12 61 2538.78
12 62 2463.92
12 63 2377.95
12 64 2279.69
12 65 2167.93
12 66 2041.43
12 67 1898.99
12 68 1739.49
12 69 1561.97
12 70 1365.74
12 71 1150.43
12 72 916.112
12 73 663.462
12 74 393.719
12 75 108.987
12 76 -187.952
12 77 -493.37
12 78 -802.748
12 79 -1110.79
12 80 -1411.55
12 81 -1698.58
12 82 -1965.2
12 83 -2204.73
12 84 -2410.8
12 85 -2577.64
12 86 -2700.47
12 87 -2775.54
12 88 -2800.59
12 89 -2774.65
12 90 -2698.38
12 91 -2573.7
12 92 -2403.76
12 93 -2192.7
12 94 -1945.44
12 95 -1667.18
12 96 -1363.48
12 97 -1039.71
12 98 -701.201
12 99 -352.994
12 100 0

13 0 0
13 1 -382.582
13 2 -758.438
13 3 -1120.83
13 4 -1463.03
13 5 -1778.46
13 6 -2060.61
13 7 -2303.52
13 8 -2501.72
13 9 -2650.68
13 10 -2747.08
13 11 -2788.87
13 12 -2775.54
13 13 -2708.27
13 14 -2589.68
13 15 -2424.01
13 16 -2216.63
13 17 -1974.03
13 18 -1703.21
13 19 -1411.59
13 20 -1106.54
13 21 -795.134
13 22 -483.799
13 23 -178.233
13 24 116.739
13 25 397.31
13 26 660.611
13 27 904.672
13 28 1128.44
13 29 1331.48
13 30 1514.08
13 31 1676.89
13 32 1821.01
13 33 1947.71
13 34 2058.46
13 35 2154.73
13 36 2238.05
13 37 2309.84
13 38 2371.47
13 39 2424.14
13 40 2469
13 41 2506.99
13 42 2538.99
13 43 2565.71
13 44 2587.75
13 45 2605.63
13 46 2619.74
13 47 2630.4
13 48 2637.85
13 49 2642.26
13 50 2643.72
13 51 2642.26
13 52 2637.85
13 53 2630.4
13 54 2619.74
13 55 2605.63
13 56 2587.75
13 57 2565.71
13 58 2538.99
13 59 2506.99
13 60 2469
13 61 2424.14
13 62 2371.47
13 63 2309.84
13 64 2238.05
13 65 2154.73
13 66 2058.46
13 67 1947.71
13 68 1821.01
13 69 1676.89
13 70 1514.08
13 71 1331.48
13 72 1128.44
13 73 904.672
13 74 660.611
13 75 397.31
13 76 116.739
13 77 -178.233
13 78 -483.799
13 79 -795.134
13 80 -1106.54
13 81 -1411.59
13 82 -1703.21
13 83 -1974.03
13 84 -2216.63
13 85 -2424.01
13 86 -2589.68
13 87 -2708.27
13 88 -2775.54
13 89 -2788.87
13 90 -2747.08
13 91 -2650.68
13 92 -2501.72
13 93 -2303.52
13 94 -2060.61
13 95 -1778.46
13 96 -1463.03
13 97 -1120.83
13 98 -758.438
13 99 -382.582
13 100 0

14 0 0
14 1 -408.861
14 2 -808.889
14 3 -1191.37
14 4 -1547.89
14 5 -1870.38
14 6 -2151.54
14 7 -2384.85
14 8 -2565.02
14 9 -2688.1
14 10 -2751.81
14 11 -2755.51
14 12 -2700.47
14 13 -2589.68
14 14 -2427.84
14 15 -2220.95
14 16 -1976.21
14 17 -1701.45
14 18 -1404.94
14 19 -1094.78
14 20 -778.818
14 21 -464.122
14 22 -156.932
14 23 137.593
14 24 415.419
14 25 673.537
14 26 910.076
14 27 1124.08
14 28 1315.39
14 29 1484.59
14 30 1632.66
14 31 1761.1
14 32 1871.5
14 33 1965.72
14 34 2045.53
14 35 2112.76
14 36 2169.05
14 37 2216
14 38 2254.97
14 39 2287.22
14 40 2313.82
14 41 2335.68
14 42 2353.56
14 43 2368.11
14 44 2379.83
14 45 2389.15
14 46 2396.38
14 47 2401.76
14 48 2405.49
14 49 2407.68
14 50 2408.4
14 51 2407.68
14 52 2405.49
14 53 2401.76
14 54 2396.38
14 55 2389.15
14 56 2379.83
14 57 2368.11
14 58 2353.56
14 59 2335.68
14 60 2313.82
14 61 2287.22
14 62 2254.97
14 63 2216
14 64 2169.05
14 65 2112.76
14 66 2045.53
14 67 1965.72
14 68 1871.5
14 69 1761.1
14 70 1632.66
14 71 1484.59
14 72 1315.39
14 73 1124.08
14 74 910.076
14 75 673.537
14 76 415.419
14 77 137.593
14 78 -156.932
14 79 -464.122
14 80 -778.818
14 81 -1094.78
14 82 -1404.94
14 83 -1701.45
14 84 -1976.21
14 85 -2220.95
14 86 -2427.84
14 87 -2589.68
14 88 -2700.47
14 89 -2755.51
14 90 -2751.81
14 91 -2688.1
14 92 -2565.02
14 93 -2384.85
14 94 -2151.54
14 95 -1870.38
14 96 -1547.89
14 97 -1191.37
14 98 -808.889
14 99 -408.861
14 100 0

15 0 0
15 1 -430.87
15 2 -850.664
15 3 -1248.69
15 4 -1614.67
15 5 -1939.29
15 6 -2214.4
15 7 -2433.2
15 8 -2590.75
15 9 -2683.92
15 10 -2711.7
15 11 -2675.25
15 12 -2577.64
15 13 -2424.01
15 14 -2220.95
15 15 -1976.41
15 16 -1699.1
15 17 -1398.2
15 18 -1082.75
15 19 -761.438
15 20 -442.126
15 21 -131.723
15 22 164.162
15 23 441.066
15 24 695.89
15 25 926.687
15 26 1132.58
15 27 1313.64
15 28 1470.68
15 29 1605.08
15 30 1718.63
15 31 1813.36
15 32 1891.41
15 33 1954.95
15 34 2006.06
15 35 2046.68
15 36 2078.59
15 37 2103.34
15 38 2122.34
15 39 2136.72
15 40 2147.52
15 41 2155.49
15 42 2161.33
15 43 2165.54
15 44 2168.55
15 45 2170.65
15 46 2172.12
15 47 2173.08
15 48 2173.71
15 49 2174.03
15 50 2174.15
15 51 2174.03
15 52 2173.71
15 53 2173.08
15 54 2172.12
15 55 2170.65
15 56 2168.55
15 57 2165.54
15 58 2161.33
15 59 2155.49
15 60 2147.52
15 61 2136.72
15 62 2122.34
15 63 2103.34
15 64 2078.59
15 65 2046.68
15 66 2006.06
15 67 1954.95
15 68 1891.41
15 69 1813.36
15 70 1718.63
15 71 1605.08
15 72 1470.68
15 73 1313.64
15 74 1132.58
15 75 926.687
15 76 695.89
15 77 441.066
15 78 164.162
15 79 -131.723
15 80 -442.126
15 81 -761.438
15 82 -1082.75
15 83 -1398.2
15 84 -1699.1
15 85 -1976.41
15 86 -2220.95
15 87 -2424.01
15 88 -2577.64
15 89 -2675.25
15 90 -2711.7
15 91 -2683.92
15 92 -2590.75
15 93 -2433.2
15 94 -2214.4
15 95 -1939.29
15 96 -1614.67
15 97 -1248.69
15 98 -850.664
15 99 -430.87
15 100 0

16 0 0
16 1 -447.642
16 2 -882.017
16 3 -1290.25
16 4 -1660.44
16 5 -1982.02
16 6 -2246.08
16 7 -2445.88
16 8 -2576.92
16 9 -2637.18
16 10 -2627.24
16 11 -2550.03
16 12 -2410.8
16 13 -2216.63
16 14 -1976.21
16 15 -1699.1
16 16 -1395.48
16 17 -1075.43
16 18 -748.678
16 19 -423.971
16 20 -109.001
16 21 189.924
16 22 467.899
16 23 721.528
16 24 948.729
16 25 1148.64
16 26 1321.49
16 27 1468.31
16 28 1590.77
16 29 1691.05
16 30 1771.48
16 31 1834.62
16 32 1882.91
16 33 1918.77
16 34 1944.38
16 35 1961.77
16 36 1972.65
16 37 1978.57
16 38 1980.79
16 39 1980.37
16 40 1978.15
16 41 1974.83
16 42 1970.93
16 43 1966.85
16 44 1962.89
16 45 1959.29
16 46 1956.17
16 47 1953.67
16 48 1951.83
16 49 1950.72
16 50 1950.34
16 51 1950.72
16 52 1951.83
16 53 1953.67
16 54 1956.17
16 55 1959.29
16 56 1962.89
16 57 1966.85
16 58 1970.93
16 59 1974.83
16 60 1978.15
16 61 1980.37
16 62 1980.79
16 63 1978.57
16 64 1972.65
16 65 1961.77
16 66 1944.38
16 67 1918.77
16 68 1882.91
16 69 1834.62
16 70 1771.48
16 71 1691.05
16 72 1590.77
16 73 1468.31
16 74 1321.49
16 75 1148.64
16 76 948.729
16 77 721.528
16 78 467.899
16 79 189.924
16 80 -109.001
16 81 -423.971
16 82 -748.678
16 83 -1075.43
16 84 -1395.48
16 85 -1699.1
16 86 -1976.21
16 87 -2216.63
16 88 -2410.8
16 89 -2550.03
16 90 -2627.24
16 91 -2637.18
16 92 -2576.92
16 93 -2445.88
16 94 -2246.08
16 95 -1982.02
16 96 -1660.44
16 97 -1290.25
16 98 -882.017
16 99 -447.642
16 100 0

17 0 0
17 1 -458.404
17 2 -901.362
17 3 -1313.96
17 4 -1682.75
17 5 -1996
17 6 -2244.34
17 7 -2421.16
17 8 -2522.69
17 9 -2548.24
17 10 -2500.07
17 11 -2383.14
17 12 -2204.73
17 13 -1974.03
17 14 -1701.45
17 15 -1398.2
17 16 -1075.43
17 17 -744.03
17 18 -413.822
17 19 -93.4881
17 20 209.879
17 21 490.762
17 22 745.292
17 23 971.139
17 24 1167.4
17 25 1334.34
17 26 1473.19
17 27 1585.88
17 28 1674.9
17 29 1742.92
17 30 1792.87
17 31 1827.49
17 32 1849.53
17 33 1861.41
17 34 1865.39
17 35 1863.36
17 36 1857.02
17 37 1847.71
17 38 1836.58
17 39 1824.51
17 40 1812.21
17 41 1800.21
17 42 1788.91
17 43 1778.58
17 44 1769.42
17 45 1761.56
17 46 1755.07
17 47 1749.99
17 48 1746.36
17 49 1744.18
17 50 1743.45
17 51 1744.18
17 52 1746.36
17 53 1749.99
17 54 1755.07
17 55 1761.56
17 56 1769.42
17 57 1778.58
17 58 1788.91
17 59 1800.21
17 60 1812.21
17 61 1824.51
17 62 1836.58
17 63 1847.71
17 64 1857.02
17 65 1863.36
17 66 1865.39
17 67 1861.41
17 68 1849.53
17 69 1827.49
17 70 1792.87
17 71 1742.92
17 72 1674.9
17 73 1585.88
17 74 1473.19
17 75 1334.34
17 76 1167.4
17 77 971.139
17 78 745.292
17 79 490.762
17 80 209.879
17 81 -93.4881
17 82 -413.822
17 83 -744.03
17 84 -1075.43
17 85 -1398.2
17 86 -1701.45
17 87 -1974.03
17 88 -2204.73
17 89 -2383.14
17 90 -2500.07
17 91 -2548.24
17 92 -2522.69
17 93 -2421.16
17 94 -2244.34
17 95 -1996
17 96 -1682.75
17 97 -1313.96
17 98 -901.362
17 99 -458.404
17 100 0

18 0 0
18 1 -462.476
18 2 -907.4
18 3 -1318.18
18 4 -1679.72
18 5 -1979.51
18 6 -2207.82
18 7 -2358.36
18 8 -2428.38
18 9 -2418.59
18 10 -2333.09
18 11 -2178.84
18 12 -1965.2
18 13 -1703.21
18 14 -1404.94
18 15 -1082.75
18 16 -748.678
18 17 -413.822
18 18 -88.0114
18 19 220.704
18 20 505.935
18 21 763.268
18 22 989.931
18 23 1184.86
18 24 1348.26
18 25 1481.49
18 26 1586.73
18 27 1666.69
18 28 1724.43
18 29 1763.15
18 30 1785.97
18 31 1795.9
18 32 1795.64
18 33 1787.68
18 34 1774.06
18 35 1756.65
18 36 1736.85
18 37 1715.94
18 38 1694.77
18 39 1674.14
18 40 1654.51
18 41 1636.32
18 42 1619.78
18 43 1605.11
18 44 1592.34
18 45 1581.57
18 46 1572.77
18 47 1565.97
18 48 1561.12
18 49 1558.23
18 50 1557.26
18 51 1558.23
18 52 1561.12
18 53 1565.97
18 54 1572.77
18 55 1581.57
18 56 1592.34
18 57 1605.11
18 58 1619.78
18 59 1636.32
18 60 1654.51
18 61 1674.14
18 62 1694.77
18 63 1715.94
18 64 1736.85
18 65 1756.65
18 66 1774.06
18 67 1787.68
18 68 1795.64
18 69 1795.9
18 70 1785.97
18 71 1763.15
18 72 1724.43
18 73 1666.69
18 74 1586.73
18 75 1481.49
18 76 1348.26
18 77 1184.86
18 78 989.931
18 79 763.268
18 80 505.935
18 81 220.704
18 82 -88.0114
18 83 -413.822
18 84 -748.678
18 85 -1082.75
18 86 -1404.94
18 87 -1703.21
18 88 -1965.2
18 89 -2178.84
18 90 -2333.09
18 91 -2418.59
18 92 -2428.38
18 93 -2358.36
18 94 -2207.82
18 95 -1979.51
18 96 -1679.72
18 97 -1318.18
18 98 -907.4
18 99 -462.476
18 100 0

19 0 0
19 1 -459.346
19 2 -899.364
19 3 -1301.72
19 4 -1650.26
19 5 -1931.63
19 6 -2136.12
19 7 -2257.92
19 8 -2295.4
19 9 -2250.86
19 10 -2130.19
19 11 -1942.36
19 12 -1698.58
19 13 -1411.59
19 14 -1094.78
19 15 -761.438
19 16 -423.971
19 17 -93.4881
19 18 220.704
19 19 511.228
19 20 772.863
19 21 1002.29
19 22 1198.06
19 23 1360.22
19 24 1490.2
19 25 1590.28
19 26 1663.44
19 27 1713.05
19 28 1742.59
19 29 1755.53
19 30 1755.17
19 31 1744.46
19 32 1726.12
19 33 1702.4
19 34 1675.24
19 35 1646.23
19 36 1616.62
19 37 1587.38
19 38 1559.26
19 39 1532.78
19 40 1508.32
19 41 1486.09
19 42 1466.25
19 43 1448.83
19 44 1433.87
19 45 1421.31
19 46 1411.15
19 47 1403.3
19 48 1397.75
19 49 1394.42
19 50 1393.33
19 51 1394.42
19 52 1397.75
19 53 1403.3
19 54 1411.15
19 55 1421.31
19 56 1433.87
19 57 1448.83
19 58 1466.25
19 59 1486.09
19 60 1508.32
19 61 1532.78
19 62 1559.26
19 63 1587.38
19 64 1616.62
19 65 1646.23
19 66 1675.24
19 67 1702.4
19 68 1726.12
19 69 1744.46
19 70 1755.17
19 71 1755.53
19 72 1742.59
19 73 1713.05
19 74 1663.44
19 75 1590.28
19 76 1490.2
19 77 1360.22
19 78 1198.06
19 79 1002.29
19 80 772.863
19 81 511.228
19 82 220.704
19 83 -93.4881
19 84 -423.971
19 85 -761.438
19 86 -1094.78
19 87 -1411.59
19 88 -1698.58
19 89 -1942.36
19 90 -2130.19
19 91 -2250.86
19 92 -2295.4
19 93 -2257.92
19 94 -2136.12
19 95 -1931.63
19 96 -1650.26
19 97 -1301.72
19 98 -899.364
19 99 -459.346
19 100 0

20 0 0
20 1 -448.789
20 2 -876.711
20 3 -1264.14
20 4 -1593.94
20 5 -1852.38
20 6 -2029.84
20 7 -2121.3
20 8 -2126.25
20 9 -2048.62
20 10 -1896.09
20 11 -1679.42
20 12 -1411.55
20 13 -1106.54
20 14 -778.818
20 15 -442.126
20 16 -109.001
20 17 209.879
20 18 505.935
20 19 772.863
20 20 1006.58
20 21 1205.1
20 22 1368.18
20 23 1497.13
20 24 1594.27
20 25 1662.82
20 26 1706.38
20 27 1728.73
20 28 1733.67
20 29 1724.77
20 30 1705.27
20 31 1678.1
20 32 1645.71
20 33 1610.18
20 34 1573.19
20 35 1536.07
20 36 1499.82
20 37 1465.2
20 38 1432.73
20 39 1402.77
20 40 1375.51
20 41 1351.07
20 42 1329.46
20 43 1310.66
20 44 1294.6
20 45 1281.21
20 46 1270.4
20 47 1262.09
20 48 1256.2
20 49 1252.7
20 50 1251.53
20 51 1252.7
20 52 1256.2
20 53 1262.09
20 54 1270.4
20 55 1281.21
20 56 1294.6
20 57 1310.66
20 58 1329.46
20 59 1351.07
20 60 1375.51
20 61 1402.77
20 62 1432.73
20 63 1465.2
20 64 1499.82
20 65 1536.07
20 66 1573.19
20 67 1610.18
20 68 1645.71
20 69 1678.1
20 70 1705.27
20 71 1724.77
20 72 1733.67
20 73 1728.73
20 74 1706.38
20 75 1662.82
20 76 1594.27
20 77 1497.13
20 78 1368.18
20 79 1205.1
20 80 1006.58
20 81 772.863
20 82 505.935
20 83 209.879
20 84 -109.001
20 85 -442.126
20 86 -778.818
20 87 -1106.54
20 88 -1411.55
20 89 -1679.42
20 90 -1896.09
20 91 -2048.62
20 92 -2126.25
20 93 -2121.3
20 94 -2029.84
20 95 -1852.38
20 96 -1593.94
20 97 -1264.14
20 98 -876.711
20 99 -448.789
20 100 0

21 0 0
21 1 -430.715
21 2 -839.386
21 3 -1205.48
21 4 -1511.18
21 5 -1742.64
21 6 -1890.6
21 7 -1950.86
21 8 -1924.25
21 9 -1816.19
21 10 -1636.04
21 11 -1396.14
21 12 -1110.79
21 13 -795.134
21 14 -464.122
21 15 -131.723
21 16 189.924
21 17 490.762
21 18 763.268
21 19 1002.29
21 20 1205.1
21 21 1370.97
21 22 1500.9
21 23 1597.23
21 24 1663.22
21 25 1702.7
21 26 1719.73
21 27 1718.42
21 28 1702.61
21 29 1675.84
21 30 1641.28
21 31 1601.53
21 32 1558.89
21 33 1515.07
21 34 1471.54
21 35 1429.28
21 36 1389.11
21 37 1351.51
21 38 1316.85
21 39 1285.27
21 40 1256.86
21 41 1231.61
21 42 1209.45
21 43 1190.28
21 44 1173.98
21 45 1160.44
21 46 1149.54
21 47 1141.18
21 48 1135.27
21 49 1131.75
21 50 1130.58
21 51 1131.75
21 52 1135.27
21 53 1141.18
21 54 1149.54
21 55 1160.44
21 56 1173.98
21 57 1190.28
21 58 1209.45
21 59 1231.61
21 60 1256.86
21 61 1285.27
21 62 1316.85
21 63 1351.51
21 64 1389.11
21 65 1429.28
21 66 1471.54
21 67 1515.07
21 68 1558.89
21 69 1601.53
21 70 1641.28
21 71 1675.84
21 72 1702.61
21 73 1718.42
21 74 1719.73
21 75 1702.7
21 76 1663.22
21 77 1597.23
21 78 1500.9
21 79 1370.97
21 80 1205.1
21 81 1002.29
21 82 763.268
21 83 490.762
21 84 189.924
21 85 -131.723
21 86 -464.122
21 87 -795.134
21 88 -1110.79
21 89 -1396.14
21 90 -1636.04
21 91 -1816.19
21 92 -1924.25
21 93 -1950.86
21 94 -1890.6
21 95 -1742.64
21 96 -1511.18
21 97 -1205.48
21 98 -839.386
21 99 -430.715
21 100 0

22 0 0
22 1 -405.277
22 2 -787.791
22 3 -1126.4
22 4 -1403.1
22 5 -1604.1
22 6 -1720.8
22 7 -1749.9
22 8 -1693.5
22 9 -1558.49
22 10 -1355.63
22 11 -1098.62
22 12 -802.748
22 13 -483.799
22 14 -156.932
22 15 164.162
22 16 467.899
22 17 745.292
22 18 989.931
22 19 1198.06
22 20 1368.18
22 21 1500.9
22 22 1598.31
22 23 1663.67
22 24 1700.9
22 25 1714.36
22 26 1708.39
22 27 1687.15
22 28 1654.49
22 29 1613.75
22 30 1567.82
22 31 1519.11
22 32 1469.48
22 33 1420.45
22 34 1373.08
22 35 1328.18
22 36 1286.23
22 37 1247.58
22 38 1212.34
22 39 1180.59
22 40 1152.24
22 41 1127.23
22 42 1105.38
22 43 1086.58
22 44 1070.64
22 45 1057.45
22 46 1046.84
22 47 1038.73
22 48 1032.98
22 49 1029.58
22 50 1028.43
22 51 1029.58
22 52 1032.98
22 53 1038.73
22 54 1046.84
22 55 1057.45
22 56 1070.64
22 57 1086.58
22 58 1105.38
22 59 1127.23
22 60 1152.24
22 61 1180.59
22 62 1212.34
22 63 1247.58
22 64 1286.23
22 65 1328.18
22 66 1373.08
22 67 1420.45
22 68 1469.48
22 69 1519.11
22 70 1567.82
22 71 1613.75
22 72 1654.49
22 73 1687.15
22 74 1708.39
22 75 1714.36
22 76 1700.9
22 77 1663.67
22 78 1598.31
22 79 1500.9
22 80 1368.18
22 81 1198.06
22 82 989.931
22 83 745.292
22 84 467.899
22 85 164.162
22 86 -156.932
22 87 -483.799
22 88 -802.748
22 89 -1098.62
22 90 -1355.63
22 91 -1558.49
22 92 -1693.5
22 93 -1749.9
22 94 -1720.8
22 95 -1604.1
22 96 -1403.1
22 97 -1126.4
22 98 -787.791
22 99 -405.277
22 100 0

23 0 0
23 1 -372.826
23 2 -722.617
23 3 -1028.14
23 4 -1271.45
23 5 -1439.24
23 6 -1523.58
23 7 -1522.28
23 8 -1438.59
23 9 -1280.71
23 10 -1060.57
23 11 -792.805
23 12 -493.37
23 13 -178.233
23 14 137.593
23 15 441.066
23 16 721.528
23 17 971.139
23 18 1184.86
23 19 1360.22
23 20 1497.13
23 21 1597.23
23 22 1663.67
23 23 1700.37
23 24 1711.86
23 25 1702.7
23 26 1677.36
23 27 1639.98
23 28 1594.14
23 29 1543.01
23 30 1489.1
23 31 1434.48
23 32 1380.71
23 33 1328.92
23 34 1279.95
23 35 1234.28
23 36 1192.23
23 37 1153.89
23 38 1119.31
23 39 1088.36
23 40 1060.95
23 41 1036.85
23 42 1015.94
23 43 997.961
23 44 982.799
23 45 970.239
23 46 960.186
23 47 952.473
23 48 947.052
23 49 943.808
23 50 942.747
23 51 943.808
23 52 947.052
23 53 952.473
23 54 960.186
23 55 970.239
23 56 982.799
23 57 997.961
23 58 1015.94
23 59 1036.85
23 60 1060.95
23 61 1088.36
23 62 1119.31
23 63 1153.89
23 64 1192.23
23 65 1234.28
23 66 1279.95
23 67 1328.92
23 68 1380.71
23 69 1434.48
23 70 1489.1
23 71 1543.01
23 72 1594.14
23 73 1639.98
23 74 1677.36
23 75 1702.7
23 76 1711.86
23 77 1700.37
23 78 1663.67
23 79 1597.23
23 80 1497.13
23 81 1360.22
23 82 1184.86
23 83 971.139
23 84 721.528
23 85 441.066
23 86 137.593
23 87 -178.233
23 88 -493.37
23 89 -792.805
23 90 -1060.57
23 91 -1280.71
23 92 -1438.59
23 93 -1522.28
23 94 -1523.58
23 95 -1439.24
23 96 -1271.45
23 97 -1028.14
23 98 -722.617
23 99 -372.826
23 100 0

24 0 0
24 1 -333.915
24 2 -645.023
24 3 -912.397
24 4 -1118.61
24 5 -1251.03
24 6 -1302.67
24 7 -1272.34
24 8 -1164.46
24 9 -988.184
24 10 -756.403
24 11 -484.272
24 12 -187.952
24 13 116.739
24 14 415.419
24 15 695.89
24 16 948.729
24 17 1167.4
24 18 1348.26
24 19 1490.2
24 20 1594.27
24 21 1663.22
24 22 1700.9
24 23 1711.86
24 24 1700.84
24 25 1672.62
24 26 1631.54
24 27 1581.54
24 28 1525.98
24 29 1467.59
24 30 1408.59
24 31 1350.64
24 32 1294.96
24 33 1242.4
24 34 1193.47
24 35 1148.46
24 36 1107.46
24 37 1070.44
24 38 1037.3
24 39 1007.84
24 40 981.861
24 41 959.142
24 42 939.466
24 43 922.625
24 44 908.425
24 45 896.705
24 46 887.309
24 47 880.131
24 48 875.064
24 49 872.057
24 50 871.053
24 51 872.057
24 52 875.064
24 53 880.131
24 54 887.309
24 55 896.705
24 56 908.425
24 57 922.625
24 58 939.466
24 59 959.142
24 60 981.861
24 61 1007.84
24 62 1037.3
24 63 1070.44
24 64 1107.46
24 65 1148.46
24 66 1193.47
24 67 1242.4
24 68 1294.96
24 69 1350.64
24 70 1408.59
24 71 1467.59
24 72 1525.98
24 73 1581.54
24 74 1631.54
24 75 1672.62
24 76 1700.84
24 77 1711.86
24 78 1700.9
24 79 1663.22
24 80 1594.27
24 81 1490.2
24 82 1348.26
24 83 1167.4
24 84 948.729
24 85 695.89
24 86 415.419
24 87 116.739
24 88 -187.952
24 89 -484.272
24 90 -756.403
24 91 -988.184
24 92 -1164.46
24 93 -1272.34
24 94 -1302.67
24 95 -1251.03
24 96 -1118.61
24 97 -912.397
24 98 -645.023
24 99 -333.915
24 100 0

25 0 0
25 1 -289.234
25 2 -556.379
25 3 -781.29
25 4 -947.382
25 5 -1043
25 6 -1062.16
25 7 -1004.75
25 8 -876.091
25 9 -686.186
25 10 -448.349
25 11 -177.993
25 12 108.987
25 13 397.31
25 14 673.537
25 15 926.687
25 16 1148.64
25 17 1334.34
25 18 1481.49
25 19 1590.28
25 20 1662.82
25 21 1702.7
25 22 1714.36
25 23 1702.7
25 24 1672.62
25 25 1628.77
25 26 1575.36
25 27 1516.01
25 28 1453.67
25 29 1390.75
25 30 1329.02
25 31 1269.79
25 32 1213.98
25 33 1162.08
25 34 1114.41
25 35 1071.01
25 36 1031.86
25 37 996.773
25 38 965.554
25 39 937.943
25 40 913.702
25 41 892.567
25 42 874.313
25 43 858.715
25 44 845.588
25 45 834.757
25 46 826.089
25 47 819.462
25 48 814.793
25 49 812.015
25 50 811.094
25 51 812.015
25 52 814.793
25 53 819.462
25 54 826.089
25 55 834.757
25 56 845.588
25 57 858.715
25 58 874.313
25 59 892.567
25 60 913.702
25 61 937.943
25 62 965.554
25 63 996.773
25 64 1031.86
25 65 1071.01
25 66 1114.41
25 67 1162.08
25 68 1213.98
25 69 1269.79
25 70 1329.02
25 71 1390.75
25 72 1453.67
25 73 1516.01
25 74 1575.36
25 75 1628.77
25 76 1672.62
25 77 1702.7
25 78 1714.36
25 79 1702.7
25 80 1662.82
25 81 1590.28
25 82 1481.49
25 83 1334.34
25 84 1148.64
25 85 926.687
25 86 673.537
25 87 397.31
25 88 108.987
25 89 -177.993
25 90 -448.349
25 91 -686.186
25 92 -876.091
25 93 -1004.75
25 94 -1062.16
25 95 -1043
25 96 -947.382
25 97 -781.29
25 98 -556.379
25 99 -289.234
25 100 0

26 0 0
26 1 -239.607
26 2 -458.331
26 3 -637.222
26 4 -760.92
26 5 -818.94
26 6 -806.433
26 7 -724.231
26 8 -578.49
26 9 -379.633
26 10 -141.212
26 11 121.695
26 12 393.719
26 13 660.611
26 14 910.076
26 15 1132.58
26 16 1321.49
26 17 1473.19
26 18 1586.73
26 19 1663.44
26 20 1706.38
26 21 1719.73
26 22 1708.39
26 23 1677.36
26 24 1631.54
26 25 1575.36
26 26 1512.72
26 27 1446.83
26 28 1380.29
26 29 1315.02
26 30 1252.45
26 31 1193.54
26 32 1138.82
26 33 1088.64
26 34 1042.99
26 35 1001.85
26 36 964.98
26 37 932.163
26 38 903.092
26 39 877.501
26 40 855.091
26 41 835.612
26 42 818.809
26 43 804.477
26 44 792.421
26 45 782.484
26 46 774.529
26 47 768.453
26 48 764.169
26 49 761.623
26 50 760.777
26 51 761.623
26 52 764.169
26 53 768.453
26 54 774.529
26 55 782.484
26 56 792.421
26 57 804.477
26 58 818.809
26 59 835.612
26 60 855.091
26 61 877.501
26 62 903.092
26 63 932.163
26 64 964.98
26 65 1001.85
26 66 1042.99
26 67 1088.64
26 68 1138.82
26 69 1193.54
26 70 1252.45
26 71 1315.02
26 72 1380.29
26 73 1446.83
26 74 1512.72
26 75 1575.36
26 76 1631.54
26 77 1677.36
26 78 1708.39
26 79 1719.73
26 80 1706.38
26 81 1663.44
26 82 1586.73
26 83 1473.19
26 84 1321.49
26 85 1132.58
26 86 910.076
26 87 660.611
26 88 393.719
26 89 121.695
26 90 -141.212
26 91 -379.633
26 92 -578.49
26 93 -724.231
26 94 -806.433
26 95 -818.94
26 96 -760.92
26 97 -637.222
26 98 -458.331
26 99 -239.607
26 100 0

27 0 0
27 1 -185.946
27 2 -352.663
27 3 -482.811
27 4 -562.551
27 5 -582.8
27 6 -539.855
27 7 -435.492
27 8 -276.382
27 9 -73.1783
27 10 160.851
27 11 411.163
27 12 663.462
27 13 904.672
27 14 1124.08
27 15 1313.64
27 16 1468.31
27 17 1585.88
27 18 1666.69
27 19 1713.05
27 20 1728.73
27 21 1718.42
27 22 1687.15
27 23 1639.98
27 24 1581.54
27 25 1516.01
27 26 1446.83
27 27 1376.85
27 28 1308.12
27 29 1242.29
27 30 1180.29
27 31 1122.8
27 32 1070.1
27 33 1022.24
27 34 979.136
27 35 940.537
27 36 906.186
27 37 875.734
27 38 848.892
27 39 825.308
27 40 804.73
27 41 786.845
27 42 771.463
27 43 758.325
27 44 747.303
27 45 738.197
27 46 730.93
27 47 725.357
27 48 721.449
27 49 719.106
27 50 718.344
27 51 719.106
27 52 721.449
27 53 725.357
27 54 730.93
27 55 738.197
27 56 747.303
27 57 758.325
27 58 771.463
27 59 786.845
27 60 804.73
27 61 825.308
27 62 848.892
27 63 875.734
27 64 906.186
27 65 940.537
27 66 979.136
27 67 1022.24
27 68 1070.1
27 69 1122.8
27 70 1180.29
27 71 1242.29
27 72 1308.12
27 73 1376.85
27 74 1446.83
27 75 1516.01
27 76 1581.54
27 77 1639.98
27 78 1687.15
27 79 1718.42
27 80 1728.73
27 81 1713.05
27 82 1666.69
27 83 1585.88
27 84 1468.31
27 85 1313.64
27 86 1124.08
27 87 904.672
27 88 663.462
27 89 411.163
27 90 160.851
27 91 -73.1783
27 92 -276.382
27 93 -435.492
27 94 -539.855
27 95 -582.8
27 96 -562.551
27 97 -482.811
27 98 -352.663
27 99 -185.946
27 100 0

28 0 0
28 1 -129.194
28 2 -241.235
28 3 -320.748
28 4 -355.709
28 5 -338.555
28 6 -266.795
28 7 -142.981
28 8 25.8288
28 9 229.144
28 10 454.215
28 11 687.556
28 12 916.112
28 13 1128.44
28 14 1315.39
28 15 1470.68
28 16 1590.77
28 17 1674.9
28 18 1724.43
28 19 1742.59
28 20 1733.67
28 21 1702.61
28 22 1654.49
28 23 1594.14
28 24 1525.98
28 25 1453.67
28 26 1380.29
28 27 1308.12
28 28 1238.94
28 29 1173.78
28 30 1113.42
28 31 1058.11
28 32 1007.95
28 33 962.815
28 34 922.447
28 35 886.525
28 36 854.699
28 37 826.606
28 38 801.9
28 39 780.257
28 40 761.38
28 41 745.011
28 42 730.917
28 43 718.907
28 44 708.804
28 45 700.483
28 46 693.815
28 47 688.725
28 48 685.13
28 49 682.998
28 50 682.285
28 51 682.998
28 52 685.13
28 53 688.725
28 54 693.815
28 55 700.483
28 56 708.804
28 57 718.907
28 58 730.917
28 59 745.011
28 60 761.38
28 61 780.257
28 62 801.9
28 63 826.606
28 64 854.699
28 65 886.525
28 66 922.447
28 67 962.815
28 68 1007.95
28 69 1058.11
28 70 1113.42
28 71 1173.78
28 72 1238.94
28 73 1308.12
28 74 1380.29
28 75 1453.67
28 76 1525.98
28 77 1594.14
28 78 1654.49
28 79 1702.61
28 80 1733.67
28 81 1742.59
28 82 1724.43
28 83 1674.9
28 84 1590.77
28 85 1470.68
28 86 1315.39
28 87 1128.44
28 88 916.112
28 89 687.556
28 90 454.215
28 91 229.144
28 92 25.8288
28 93 -142.981
28 94 -266.795
28 95 -338.555
28 96 -355.709
28 97 -320.748
28 98 -241.235
28 99 -129.194
28 100 0

29 0 0
29 1 -70.3404
29 2 -125.952
29 3 -153.749
29 4 -143.739
29 5 -90.04
29 6 8.66404
29 7 149.12
29 8 324.182
29 9 523.744
29 10 735.991
29 11 948.686
29 12 1150.43
29 13 1331.48
29 14 1484.59
29 15 1605.08
29 16 1691.05
29 17 1742.92
29 18 1763.15
29 19 1755.53
29 20 1724.77
29 21 1675.84
29 22 1613.75
29 23 1543.01
