0 0 0
0 1 0
0 2 0
0 3 0
0 4 0
0 5 0
0 6 0
0 7 0
0 8 0
0 9 0
0 10 0
0 11 0
0 12 0
0 13 0
0 14 0
0 15 0
0 16 0
0 17 0
0 18 0
0 19 0
0 20 0
0 21 0
0 22 0
0 23 0
0 24 0
0 25 0
0 26 0
0 27 0
0 28 0
0 29 0
0 30 0
0 31 0
0 32 0
0 33 0
0 34 0
0 35 0
0 36 0
0 37 0
0 38 0
0 39 0
0 40 0
0 41 0
0 42 0
0 43 0
0 44 0
0 45 0
0 46 0
0 47 0
0 48 0
0 49 0
0 50 0
0 51 0
0 52 0
0 53 0
0 54 0
0 55 0
0 56 0
0 57 0
0 58 0
0 59 0
0 60 0
0 61 0
0 62 0
0 63 0
0 64 0
0 65 0
0 66 0
0 67 0
0 68 0
0 69 0
0 70 0
0 71 0
0 72 0
0 73 0
0 74 0
0 75 0
0 76 0
0 77 0
0 78 0
0 79 0
0 80 0
0 81 0
0 82 0
0 83 0
0 84 0
0 85 0
0 86 0
0 87 0
0 88 0
0 89 0
0 90 0
0 91 0
0 92 0
0 93 0
0 94 0
0 95 0
0 96 0
0 97 0
0 98 0
0 99 0
0 100 0

1 0 0
1 1 -58.829
1 2 -116.477
1 3 -171.705
1 4 -223.33
1 5 -270.136
1 6 -310.904
1 7 -344.529
1 8 -369.939
1 9 -386.188
1 10 -392.555
1 11 -388.477
1 12 -373.689
1 13 -348.222
1 14 -312.402
1 15 -266.837
1 16 -212.415
1 17 -150.311
1 18 -81.8778
1 19 -8.57619
1 20 68.0052
1 21 146.3
1 22 224.721
1 23 301.878
1 24 376.478
1 25 447.351
1 26 513.615
1 27 574.546
1 28 629.661
1 29 678.662
1 30 721.462
1 31 758.113
1 32 788.843
1 33 813.972
1 34 833.928
1 35 849.2
1 36 860.313
1 37 867.829
1 38 872.291
1 39 874.259
1 40 874.235
1 41 872.725
1 42 870.158
1 43 866.957
1 44 863.459
1 45 859.992
1 46 856.796
1 47 854.102
1 48 852.054
1 49 850.787
1 50 850.351
1 51 850.787
1 52 852.054
1 53 854.102
1 54 856.796
1 55 859.992
1 56 863.459
1 57 866.957
1 58 870.158
1 59 872.725
1 60 874.235
1 61 874.259
1 62 872.291
1 63 867.829
1 64 860.313
1 65 849.2
1 66 833.928
1 67 813.972
1 68 788.843
1 69 758.113
1 70 721.462
1 71 678.662
1 72 629.661
1 73 574.546
1 74 513.615
1 75 447.351
1 76 376.478
1 77 301.878
1 78 224.721
1 79 146.3
1 80 68.0052
1 81 -8.57619
1 82 -81.8778
1 83 -150.311
1 84 -212.415
1 85 -266.837
1 86 -312.402
1 87 -348.222
1 88 -373.689
1 89 -388.477
1 90 -392.555
1 91 -386.188
1 92 -369.939
1 93 -344.529
1 94 -310.904
1 95 -270.136
1 96 -223.33
1 97 -171.705
1 98 -116.477
1 99 -58.829
1 100 0

2 0 0
2 1 -116.477
2 2 -230.525
2 3 -339.653
2 4 -441.456
2 5 -533.516
2 6 -613.433
2 7 -679.006
2 8 -728.145
2 9 -759.048
2 10 -770.341
2 11 -761.034
2 12 -730.669
2 13 -679.387
2 14 -607.875
2 15 -517.449
2 16 -409.914
2 17 -287.622
2 18 -153.178
2 19 -9.51303
2 20 140.28
2 21 293.107
2 22 446.032
2 23 596.281
2 24 741.309
2 25 879.045
2 26 1007.68
2 27 1125.88
2 28 1232.77
2 29 1327.76
2 30 1410.72
2 31 1481.78
2 32 1541.39
2 33 1590.17
2 34 1628.97
2 35 1658.73
2 36 1680.47
2 37 1695.27
2 38 1704.18
2 39 1708.27
2 40 1708.52
2 41 1705.88
2 42 1701.19
2 43 1695.26
2 44 1688.73
2 45 1682.22
2 46 1676.22
2 47 1671.15
2 48 1667.29
2 49 1664.9
2 50 1664.08
2 51 1664.9
2 52 1667.29
2 53 1671.15
2 54 1676.22
2 55 1682.22
2 56 1688.73
2 57 1695.26
2 58 1701.19
2 59 1705.88
2 60 1708.52
2 61 1708.27
2 62 1704.18
2 63 1695.27
2 64 1680.47
2 65 1658.73
2 66 1628.97
2 67 1590.17
2 68 1541.39
2 69 1481.78
2 70 1410.72
2 71 1327.76
2 72 1232.77
2 73 1125.88
2 74 1007.68
2 75 879.045
2 76 741.309
2 77 596.281
2 78 446.032
2 79 293.107
2 80 140.28
2 81 -9.51303
2 82 -153.178
2 83 -287.622
2 84 -409.914
2 85 -517.449
2 86 -607.875
2 87 -679.387
2 88 -730.669
2 89 -761.034
2 90 -770.341
2 91 -759.048
2 92 -728.145
2 93 -679.006
2 94 -613.433
2 95 -533.516
2 96 -441.456
2 97 -339.653
2 98 -230.525
2 99 -116.477
2 100 0

3 0 0
3 1 -171.705
3 2 -339.653
3 3 -500.068
3 4 -649.247
3 5 -783.541
3 6 -899.43
3 7 -993.658
3 8 -1063.28
3 9 -1105.79
3 10 -1119.3
3 11 -1102.57
3 12 -1055.15
3 13 -977.426
3 14 -870.643
3 15 -736.826
3 16 -578.784
3 17 -399.943
3 18 -204.259
3 19 4.05229
3 20 220.529
3 21 440.815
3 22 660.62
3 23 876.075
3 24 1083.73
3 25 1280.52
3 26 1464.1
3 27 1632.61
3 28 1784.84
3 29 1920.09
3 30 2038.17
3 31 2139.36
3 32 2224.3
3 33 2293.93
3 34 2349.44
3 35 2392.18
3 36 2423.61
3 37 2445.22
3 38 2458.53
3 39 2465.02
3 40 2466.06
3 41 2463
3 42 2457.01
3 43 2449.2
3 44 2440.5
3 45 2431.77
3 46 2423.68
3 47 2416.81
3 48 2411.59
3 49 2408.34
3 50 2407.23
3 51 2408.34
3 52 2411.59
3 53 2416.81
3 54 2423.68
3 55 2431.77
3 56 2440.5
3 57 2449.2
3 58 2457.01
3 59 2463
3 60 2466.06
3 61 2465.02
3 62 2458.53
3 63 2445.22
3 64 2423.61
3 65 2392.18
3 66 2349.44
3 67 2293.93
3 68 2224.3
3 69 2139.36
3 70 2038.17
3 71 1920.09
3 72 1784.84
3 73 1632.61
3 74 1464.1
3 75 1280.52
3 76 1083.73
3 77 876.075
3 78 660.62
3 79 440.815
3 80 220.529
3 81 4.05229
3 82 -204.259
3 83 -399.943
3 84 -578.784
3 85 -736.826
3 86 -870.643
3 87 -977.426
3 88 -1055.15
3 89 -1102.57
3 90 -1119.3
3 91 -1105.79
3 92 -1063.28
3 93 -993.658
3 94 -899.43
3 95 -783.541
3 96 -649.247
3 97 -500.068
3 98 -339.653
3 99 -171.705
3 100 0

4 0 0
4 1 -223.33
4 2 -441.456
4 3 -649.247
4 4 -841.641
4 5 -1013.77
4 6 -1161.06
4 7 -1279.29
4 8 -1364.83
4 9 -1414.69
4 10 -1426.68
4 11 -1399.6
4 12 -1333.21
4 13 -1228.39
4 14 -1087.04
4 15 -912.093
4 16 -707.343
4 17 -477.362
4 18 -227.217
4 19 37.6032
4 20 311.593
4 21 589.205
4 22 865.278
4 23 1135.03
4 24 1394.22
4 25 1639.37
4 26 1867.55
4 27 2076.69
4 28 2265.41
4 29 2432.94
4 30 2579.2
4 31 2704.58
4 32 2809.94
4 33 2896.49
4 34 2965.72
4 35 3019.31
4 36 3059.05
4 37 3086.78
4 38 3104.34
4 39 3113.52
4 40 3116.02
4 41 3113.43
4 42 3107.2
4 43 3098.64
4 44 3088.91
4 45 3079.01
4 46 3069.77
4 47 3061.89
4 48 3055.88
4 49 3052.13
4 50 3050.85
4 51 3052.13
4 52 3055.88
4 53 3061.89
4 54 3069.77
4 55 3079.01
4 56 3088.91
4 57 3098.64
4 58 3107.2
4 59 3113.43
4 60 3116.02
4 61 3113.52
4 62 3104.34
4 63 3086.78
4 64 3059.05
4 65 3019.31
4 66 2965.72
4 67 2896.49
4 68 2809.94
4 69 2704.58
4 70 2579.2
4 71 2432.94
4 72 2265.41
4 73 2076.69
4 74 1867.55
4 75 1639.37
4 76 1394.22
4 77 1135.03
4 78 865.278
4 79 589.205
4 80 311.593
4 81 37.6032
4 82 -227.217
4 83 -477.362
4 84 -707.343
4 85 -912.093
4 86 -1087.04
4 87 -1228.39
4 88 -1333.21
4 89 -1399.6
4 90 -1426.68
4 91 -1414.69
4 92 -1364.83
4 93 -1279.29
4 94 -1161.06
4 95 -1013.77
4 96 -841.641
4 97 -649.247
4 98 -441.456
4 99 -223.33
4 100 0

5 0 0
5 1 -270.136
5 2 -533.516
5 3 -783.541
5 4 -1013.77
5 5 -1218.13
5 6 -1391.06
5 7 -1527.55
5 8 -1623.45
5 9 -1675.54
5 10 -1681.65
5 11 -1640.86
5 12 -1553.49
5 13 -1421.07
5 14 -1246.41
5 15 -1033.4
5 16 -786.958
5 17 -512.62
5 18 -216.585
5 19 94.7588
5 20 414.904
5 21 737.624
5 22 1057.06
5 23 1367.85
5 24 1665.45
5 25 1945.97
5 26 2206.46
5 27 2444.71
5 28 2659.33
5 29 2849.72
5 30 3015.85
5 31 3158.35
5 32 3278.25
5 33 3377.02
5 34 3456.36
5 35 3518.19
5 36 3564.53
5 37 3597.43
5 38 3618.96
5 39 3631.08
5 40 3635.68
5 41 3634.51
5 42 3629.17
5 43 3621.09
5 44 3611.56
5 45 3601.65
5 46 3592.32
5 47 3584.27
5 48 3578.13
5 49 3574.26
5 50 3572.96
5 51 3574.26
5 52 3578.13
5 53 3584.27
5 54 3592.32
5 55 3601.65
5 56 3611.56
5 57 3621.09
5 58 3629.17
5 59 3634.51
5 60 3635.68
5 61 3631.08
5 62 3618.96
5 63 3597.43
5 64 3564.53
5 65 3518.19
5 66 3456.36
5 67 3377.02
5 68 3278.25
5 69 3158.35
5 70 3015.85
5 71 2849.72
5 72 2659.33
5 73 2444.71
5 74 2206.46
5 75 1945.97
5 76 1665.45
5 77 1367.85
5 78 1057.06
5 79 737.624
5 80 414.904
5 81 94.7588
5 82 -216.585
5 83 -512.62
5 84 -786.958
5 85 -1033.4
5 86 -1246.41
5 87 -1421.07
5 88 -1553.49
5 89 -1640.86
5 90 -1681.65
5 91 -1675.54
5 92 -1623.45
5 93 -1527.55
5 94 -1391.06
5 95 -1218.13
5 96 -1013.77
5 97 -783.541
5 98 -533.516
5 99 -270.136
5 100 0

6 0 0
6 1 -310.904
6 2 -613.433
6 3 -899.43
6 4 -1161.06
6 5 -1391.06
6 6 -1582.96
6 7 -1731.16
6 8 -1831.24
6 9 -1880.03
6 10 -1875.67
6 11 -1817.86
6 12 -1707.67
6 13 -1547.64
6 14 -1341.6
6 15 -1094.57
6 16 -812.404
6 17 -501.735
6 18 -169.563
6 19 176.84
6 20 530.536
6 21 884.747
6 22 1233.28
6 23 1570.66
6 24 1892.21
6 25 2194.18
6 26 2473.6
6 27 2728.53
6 28 2957.71
6 29 3160.74
6 30 3337.85
6 31 3489.83
6 32 3617.96
6 33 3723.83
6 34 3809.33
6 35 3876.49
6 36 3927.45
6 37 3964.38
6 38 3989.39
6 39 4004.53
6 40 4011.76
6 41 4012.83
6 42 4009.42
6 43 4002.98
6 44 3994.81
6 45 3986.03
6 46 3977.58
6 47 3970.22
6 48 3964.55
6 49 3960.97
6 50 3959.75
6 51 3960.97
6 52 3964.55
6 53 3970.22
6 54 3977.58
6 55 3986.03
6 56 3994.81
6 57 4002.98
6 58 4009.42
6 59 4012.83
6 60 4011.76
6 61 4004.53
6 62 3989.39
6 63 3964.38
6 64 3927.45
6 65 3876.49
6 66 3809.33
6 67 3723.83
6 68 3617.96
6 69 3489.83
6 70 3337.85
6 71 3160.74
6 72 2957.71
6 73 2728.53
6 74 2473.6
6 75 2194.18
6 76 1892.21
6 77 1570.66
6 78 1233.28
6 79 884.747
6 80 530.536
6 81 176.84
6 82 -169.563
6 83 -501.735
6 84 -812.404
6 85 -1094.57
6 86 -1341.6
6 87 -1547.64
6 88 -1707.67
6 89 -1817.86
6 90 -1875.67
6 91 -1880.03
6 92 -1831.24
6 93 -1731.16
6 94 -1582.96
6 95 -1391.06
6 96 -1161.06
6 97 -899.43
6 98 -613.433
6 99 -310.904
6 100 0

7 0 0
7 1 -344.529
7 2 -679.006
7 3 -993.658
7 4 -1279.29
7 5 -1527.55
7 6 -1731.16
7 7 -1884.15
7 8 -1982.06
7 9 -2022.01
7 10 -2002.85
7 11 -1925.07
7 12 -1790.9
7 13 -1603.96
7 14 -1369.32
7 15 -1093.05
7 16 -782.13
7 17 -443.975
7 18 -86.3722
7 19 283.099
7 20 657.021
7 21 1028.58
7 22 1391.65
7 23 1740.88
7 24 2071.89
7 25 2381.2
7 26 2666.3
7 27 2925.49
7 28 3157.96
7 29 3363.57
7 30 3542.82
7 31 3696.74
7 32 3826.75
7 33 3934.6
7 34 4022.22
7 35 4091.69
7 36 4145.16
7 37 4184.76
7 38 4212.58
7 39 4230.6
7 40 4240.7
7 41 4244.62
7 42 4243.93
7 43 4240.04
7 44 4234.19
7 45 4227.46
7 46 4220.74
7 47 4214.76
7 48 4210.09
7 49 4207.13
7 50 4206.11
7 51 4207.13
7 52 4210.09
7 53 4214.76
7 54 4220.74
7 55 4227.46
7 56 4234.19
7 57 4240.04
7 58 4243.93
7 59 4244.62
7 60 4240.7
7 61 4230.6
7 62 4212.58
7 63 4184.76
7 64 4145.16
7 65 4091.69
7 66 4022.22
7 67 3934.6
7 68 3826.75
7 69 3696.74
7 70 3542.82
7 71 3363.57
7 72 3157.96
7 73 2925.49
7 74 2666.3
7 75 2381.2
7 76 2071.89
7 77 1740.88
7 78 1391.65
7 79 1028.58
7 80 657.021
7 81 283.099
7 82 -86.3722
7 83 -443.975
7 84 -782.13
7 85 -1093.05
7 86 -1369.32
7 87 -1603.96
7 88 -1790.9
7 89 -1925.07
7 90 -2002.85
7 91 -2022.01
7 92 -1982.06
7 93 -1884.15
7 94 -1731.16
7 95 -1527.55
7 96 -1279.29
7 97 -993.658
7 98 -679.006
7 99 -344.529
7 100 0

8 0 0
8 1 -369.939
8 2 -728.145
8 3 -1063.28
8 4 -1364.83
8 5 -1623.45
8 6 -1831.24
8 7 -1982.06
8 8 -2071.64
8 9 -2097.7
8 10 -2059.99
8 11 -1960.18
8 12 -1801.67
8 13 -1589.52
8 14 -1329.91
8 15 -1030.16
8 16 -698.067
8 17 -341.893
8 18 30.2932
8 19 410.564
8 20 791.587
8 21 1166.76
8 22 1530.29
8 23 1877.36
8 24 2204.12
8 25 2507.66
8 26 2786.03
8 27 3038.09
8 28 3263.44
8 29 3462.36
8 30 3635.65
8 31 3784.54
8 32 3910.6
8 33 4015.62
8 34 4101.54
8 35 4170.4
8 36 4224.22
8 37 4265.04
8 38 4294.76
8 39 4315.25
8 40 4328.2
8 41 4335.21
8 42 4337.69
8 43 4336.93
8 44 4334.04
8 45 4329.99
8 46 4325.59
8 47 4321.49
8 48 4318.2
8 49 4316.08
8 50 4315.35
8 51 4316.08
8 52 4318.2
8 53 4321.49
8 54 4325.59
8 55 4329.99
8 56 4334.04
8 57 4336.93
8 58 4337.69
8 59 4335.21
8 60 4328.2
8 61 4315.25
8 62 4294.76
8 63 4265.04
8 64 4224.22
8 65 4170.4
8 66 4101.54
8 67 4015.62
8 68 3910.6
8 69 3784.54
8 70 3635.65
8 71 3462.36
8 72 3263.44
8 73 3038.09
8 74 2786.03
8 75 2507.66
8 76 2204.12
8 77 1877.36
8 78 1530.29
8 79 1166.76
8 80 791.587
8 81 410.564
8 82 30.2932
8 83 -341.893
8 84 -698.067
8 85 -1030.16
8 86 -1329.91
8 87 -1589.52
8 88 -1801.67
8 89 -1960.18
8 90 -2059.99
8 91 -2097.7
8 92 -2071.64
8 93 -1982.06
8 94 -1831.24
8 95 -1623.45
8 96 -1364.83
8 97 -1063.28
8 98 -728.145
8 99 -369.939
8 100 0

9 0 0
9 1 -386.188
9 2 -759.048
9 3 -1105.79
9 4 -1414.69
9 5 -1675.54
9 6 -1880.03
9 7 -2022.01
9 8 -2097.7
9 9 -2105.61
9 10 -2046.68
9 11 -1923.8
9 12 -1741.84
9 13 -1507.15
9 14 -1227.27
9 15 -910.431
9 16 -565.356
9 17 -200.629
9 18 175.294
9 19 554.684
9 20 930.476
9 21 1296.57
9 22 1647.86
9 23 1980.26
9 24 2290.69
9 25 2577.01
9 26 2838
9 27 3073.09
9 28 3282.51
9 29 3466.87
9 30 3627.31
9 31 3765.25
9 32 3882.33
9 33 3980.37
9 34 4061.22
9 35 4126.79
9 36 4178.92
9 37 4219.44
9 38 4250.02
9 39 4272.31
9 40 4287.76
9 41 4297.74
9 42 4303.46
9 43 4306.02
9 44 4306.34
9 45 4305.27
9 46 4303.46
9 47 4301.49
9 48 4299.78
9 49 4298.63
9 50 4298.23
9 51 4298.63
9 52 4299.78
9 53 4301.49
9 54 4303.46
9 55 4305.27
9 56 4306.34
9 57 4306.02
9 58 4303.46
9 59 4297.74
9 60 4287.76
9 61 4272.31
9 62 4250.02
9 63 4219.44
9 64 4178.92
9 65 4126.79
9 66 4061.22
9 67 3980.37
9 68 3882.33
9 69 3765.25
9 70 3627.31
9 71 3466.87
9 72 3282.51
9 73 3073.09
9 74 2838
9 75 2577.01
9 76 2290.69
9 77 1980.26
9 78 1647.86
9 79 1296.57
9 80 930.476
9 81 554.684
9 82 175.294
9 83 -200.629
9 84 -565.356
9 85 -910.431
9 86 -1227.27
9 87 -1507.15
9 88 -1741.84
9 89 -1923.8
9 90 -2046.68
9 91 -2105.61
9 92 -2097.7
9 93 -2022.01
9 94 -1880.03
9 95 -1675.54
9 96 -1414.69
9 97 -1105.79
9 98 -759.048
9 99 -386.188
9 100 0

10 0 0
10 1 -392.555
10 2 -770.341
10 3 -1119.3
10 4 -1426.68
10 5 -1681.65
10 6 -1875.67
10 7 -2002.85
10 8 -2059.99
10 9 -2046.68
10 10 -1965.01
10 11 -1819.4
10 12 -1616.04
10 13 -1362.73
10 14 -1068.03
10 15 -741.183
10 16 -391.369
10 17 -27.598
10 18 341.901
10 19 709.679
10 20 1069.24
10 21 1415.24
10 22 1743.5
10 23 2050.82
10 24 2335.08
10 25 2595
10 26 2830.13
10 27 3040.65
10 28 3227.22
10 29 3390.96
10 30 3533.23
10 31 3655.61
10 32 3759.8
10 33 3847.54
10 34 3920.57
10 35 3980.57
10 36 4029.18
10 37 4067.93
10 38 4098.25
10 39 4121.46
10 40 4138.77
10 41 4151.26
10 42 4159.91
10 43 4165.58
10 44 4169.01
10 45 4170.85
10 46 4171.64
10 47 4171.8
10 48 4171.68
10 49 4171.51
10 50 4171.44
10 51 4171.51
10 52 4171.68
10 53 4171.8
10 54 4171.64
10 55 4170.85
10 56 4169.01
10 57 4165.58
10 58 4159.91
10 59 4151.26
10 60 4138.77
10 61 4121.46
10 62 4098.25
10 63 4067.93
10 64 4029.18
10 65 3980.57
10 66 3920.57
10 67 3847.54
10 68 3759.8
10 69 3655.61
10 70 3533.23
10 71 3390.96
10 72 3227.22
10 73 3040.65
10 74 2830.13
10 75 2595
10 76 2335.08
10 77 2050.82
10 78 1743.5
10 79 1415.24
10 80 1069.24
10 81 709.679
10 82 341.901
10 83 -27.598
10 84 -391.369
10 85 -741.183
10 86 -1068.03
10 87 -1362.73
10 88 -1616.04
10 89 -1819.4
10 90 -1965.01
10 91 -2046.68
10 92 -2059.99
10 93 -2002.85
10 94 -1875.67
10 95 -1681.65
10 96 -1426.68
10 97 -1119.3
10 98 -770.341
10 99 -392.555
10 100 0

11 0 0
11 1 -388.477
11 2 -761.034
11 3 -1102.57
11 4 -1399.6
11 5 -1640.86
11 6 -1817.86
11 7 -1925.07
11 8 -1960.18
11 9 -1923.8
11 10 -1819.4
11 11 -1652.7
11 12 -1431.39
11 13 -1164.28
11 14 -861.103
11 15 -531.595
11 16 -185.422
11 17 168.578
11 18 522.404
11 19 869.167
11 20 1203.24
11 21 1520.24
11 22 1816.94
11 23 2091.26
11 24 2342.03
11 25 2568.92
11 26 2772.24
11 27 2952.83
11 28 3111.91
11 29 3250.9
11 30 3371.42
11 31 3475.15
11 32 3563.74
11 33 3638.85
11 34 3702.01
11 35 3754.71
11 36 3798.27
11 37 3833.94
11 38 3862.85
11 39 3886.01
11 40 3904.33
11 41 3918.61
11 42 3929.57
11 43 3937.83
11 44 3943.93
11 45 3948.34
11 46 3951.43
11 47 3953.51
11 48 3954.83
11 49 3955.56
11 50 3955.79
11 51 3955.56
11 52 3954.83
11 53 3953.51
11 54 3951.43
11 55 3948.34
11 56 3943.93
11 57 3937.83
11 58 3929.57
11 59 3918.61
11 60 3904.33
11 61 3886.01
11 62 3862.85
11 63 3833.94
11 64 3798.27
11 65 3754.71
11 66 3702.01
11 67 3638.85
11 68 3563.74
11 69 3475.15
11 70 3371.42
11 71 3250.9
11 72 3111.91
11 73 2952.83
11 74 2772.24
11 75 2568.92
11 76 2342.03
11 77 2091.26
11 78 1816.94
11 79 1520.24
11 80 1203.24
11 81 869.167
11 82 522.404
11 83 168.578
11 84 -185.422
11 85 -531.595
11 86 -861.103
11 87 -1164.28
11 88 -1431.39
11 89 -1652.7
11 90 -1819.4
11 91 -1923.8
11 92 -1960.18
11 93 -1925.07
11 94 -1817.86
11 95 -1640.86
11 96 -1399.6
11 97 -1102.57
11 98 -761.034
11 99 -388.477
11 100 0

12 0 0
12 1 -373.689
12 2 -730.669
12 3 -1055.15
12 4 -1333.21
12 5 -1553.49
12 6 -1707.67
12 7 -1790.9
12 8 -1801.67
12 9 -1741.84
12 10 -1616.04
12 11 -1431.39
12 12 -1196.6
12 13 -921.586
12 14 -616.659
12 15 -292.12
12 16 42.5371
12 17 378.624
12 18 708.722
12 19 1026.75
12 20 1328.09
12 21 1609.36
12 22 1868.51
12 23 2104.46
12 24 2317.07
12 25 2506.88
12 26 2674.94
12 27 2822.69
12 28 2951.74
12 29 3063.87
12 30 3160.79
12 31 3244.2
12 32 3315.75
12 33 3376.87
12 34 3428.94
12 35 3473.12
12 36 3510.51
12 37 3542.01
12 38 3568.47
12 39 3590.57
12 40 3608.94
12 41 3624.12
12 42 3636.57
12 43 3646.67
12 44 3654.78
12 45 3661.18
12 46 3666.09
12 47 3669.72
12 48 3672.21
12 49 3673.66
12 50 3674.14
12 51 3673.66
12 52 3672.21
12 53 3669.72
12 54 3666.09
12 55 3661.18
12 56 3654.78
12 57 3646.67
12 58 3636.57
12 59 3624.12
12 60 3608.94
12 61 3590.57
12 62 3568.47
12 63 3542.01
12 64 3510.51
12 65 3473.12
12 66 3428.94
12 67 3376.87
12 68 3315.75
12 69 3244.2
12 70 3160.79
12 71 3063.87
12 72 2951.74
12 73 2822.69
12 74 2674.94
12 75 2506.88
12 76 2317.07
12 77 2104.46
12 78 1868.51
12 79 1609.36
12 80 1328.09
12 81 1026.75
12 82 708.722
12 83 378.624
12 84 42.5371
12 85 -292.12
12 86 -616.659
12 87 -921.586
12 88 -1196.6
12 89 -1431.39
12 90 -1616.04
12 91 -1741.84
12 92 -1801.67
12 93 -1790.9
12 94 -1707.67
12 95 -1553.49
12 96 -1333.21
12 97 -1055.15
12 98 -730.669
12 99 -373.689
12 100 0

13 0 0
13 1 -348.222
13 2 -679.387
13 3 -977.426
13 4 -1228.39
13 5 -1421.07
13 6 -1547.64
13 7 -1603.96
13 8 -1589.52
13 9 -1507.15
13 10 -1362.73
13 11 -1164.28
13 12 -921.586
13 13 -645.09
13 14 -345.629
13 15 -33.3517
13 16 282.383
13 17 593.423
13 18 893.151
13 19 1176.51
13 20 1439.88
13 21 1681.07
13 22 1899.02
13 23 2093.77
13 24 2266.05
13 25 2417.2
13 26 2548.88
13 27 2663.02
13 28 2761.58
13 29 2846.44
13 30 2919.49
13 31 2982.33
13 32 3036.48
13 33 3083.22
13 34 3123.66
13 35 3158.73
13 36 3189.22
13 37 3215.76
13 38 3238.88
13 39 3259.01
13 40 3276.5
13 41 3291.64
13 42 3304.65
13 43 3315.74
13 44 3325.06
13 45 3332.75
13 46 3338.89
13 47 3343.59
13 48 3346.9
13 49 3348.87
13 50 3349.52
13 51 3348.87
13 52 3346.9
13 53 3343.59
13 54 3338.89
13 55 3332.75
13 56 3325.06
13 57 3315.74
13 58 3304.65
13 59 3291.64
13 60 3276.5
13 61 3259.01
13 62 3238.88
13 63 3215.76
13 64 3189.22
13 65 3158.73
13 66 3123.66
13 67 3083.22
13 68 3036.48
13 69 2982.33
13 70 2919.49
13 71 2846.44
13 72 2761.58
13 73 2663.02
13 74 2548.88
13 75 2417.2
13 76 2266.05
13 77 2093.77
13 78 1899.02
13 79 1681.07
13 80 1439.88
13 81 1176.51
13 82 893.151
13 83 593.423
13 84 282.383
13 85 -33.3517
13 86 -345.629
13 87 -645.09
13 88 -921.586
13 89 -1164.28
13 90 -1362.73
13 91 -1507.15
13 92 -1589.52
13 93 -1603.96
13 94 -1547.64
13 95 -1421.07
13 96 -1228.39
13 97 -977.426
13 98 -679.387
13 99 -348.222
13 100 0

14 0 0
14 1 -312.402
14 2 -607.875
14 3 -870.643
14 4 -1087.04
14 5 -1246.41
14 6 -1341.6
14 7 -1369.32
14 8 -1329.91
14 9 -1227.27
14 10 -1068.03
14 11 -861.103
14 12 -616.659
14 13 -345.629
14 14 -58.6081
14 15 234.395
14 16 524.581
14 17 804.642
14 18 1068.95
14 19 1313.43
14 20 1535.64
14 21 1734.44
14 22 1909.87
14 23 2062.79
14 24 2194.78
14 25 2307.79
14 26 2403.99
14 27 2485.6
14 28 2554.8
14 29 2613.61
14 30 2663.78
14 31 2706.92
14 32 2744.33
14 33 2777.09
14 34 2806.08
14 35 2831.96
14 36 2855.26
14 37 2876.34
14 38 2895.49
14 39 2912.89
14 40 2928.65
14 41 2942.86
14 42 2955.55
14 43 2966.76
14 44 2976.48
14 45 2984.72
14 46 2991.47
14 47 2996.73
14 48 3000.49
14 49 3002.75
14 50 3003.5
14 51 3002.75
14 52 3000.49
14 53 2996.73
14 54 2991.47
14 55 2984.72
14 56 2976.48
14 57 2966.76
14 58 2955.55
14 59 2942.86
14 60 2928.65
14 61 2912.89
14 62 2895.49
14 63 2876.34
14 64 2855.26
14 65 2831.96
14 66 2806.08
14 67 2777.09
14 68 2744.33
14 69 2706.92
14 70 2663.78
14 71 2613.61
14 72 2554.8
14 73 2485.6
14 74 2403.99
14 75 2307.79
14 76 2194.78
14 77 2062.79
14 78 1909.87
14 79 1734.44
14 80 1535.64
14 81 1313.43
14 82 1068.95
14 83 804.642
14 84 524.581
14 85 234.395
14 86 -58.6081
14 87 -345.629
14 88 -616.659
14 89 -861.103
14 90 -1068.03
14 91 -1227.27
14 92 -1329.91
14 93 -1369.32
14 94 -1341.6
14 95 -1246.41
14 96 -1087.04
14 97 -870.643
14 98 -607.875
14 99 -312.402
14 100 0

15 0 0
15 1 -266.837
15 2 -517.449
15 3 -736.826
15 4 -912.093
15 5 -1033.4
15 6 -1094.57
15 7 -1093.05
15 8 -1030.16
15 9 -910.431
15 10 -741.183
15 11 -531.595
15 12 -292.12
15 13 -33.3517
15 14 234.395
15 15 501.763
15 16 760.79
15 17 1005.25
15 18 1230.49
15 19 1433.66
15 20 1613.33
15 21 1769.41
15 22 1902.8
15 23 2015.19
15 24 2108.73
15 25 2185.83
15 26 2248.97
15 27 2300.59
15 28 2342.89
15 29 2377.88
15 30 2407.26
15 31 2432.42
15 32 2454.47
15 33 2474.31
15 34 2492.53
15 35 2509.62
15 36 2525.81
15 37 2541.29
15 38 2556.09
15 39 2570.21
15 40 2583.59
15 41 2596.13
15 42 2607.73
15 43 2618.27
15 44 2627.65
15 45 2635.77
15 46 2642.54
15 47 2647.87
15 48 2651.73
15 49 2654.06
15 50 2654.84
15 51 2654.06
15 52 2651.73
15 53 2647.87
15 54 2642.54
15 55 2635.77
15 56 2627.65
15 57 2618.27
15 58 2607.73
15 59 2596.13
15 60 2583.59
15 61 2570.21
15 62 2556.09
15 63 2541.29
15 64 2525.81
15 65 2509.62
15 66 2492.53
15 67 2474.31
15 68 2454.47
15 69 2432.42
15 70 2407.26
15 71 2377.88
15 72 2342.89
15 73 2300.59
15 74 2248.97
15 75 2185.83
15 76 2108.73
15 77 2015.19
15 78 1902.8
15 79 1769.41
15 80 1613.33
15 81 1433.66
15 82 1230.49
15 83 1005.25
15 84 760.79
15 85 501.763
15 86 234.395
15 87 -33.3517
15 88 -292.12
15 89 -531.595
15 90 -741.183
15 91 -910.431
15 92 -1030.16
15 93 -1093.05
15 94 -1094.57
15 95 -1033.4
15 96 -912.093
15 97 -736.826
15 98 -517.449
15 99 -266.837
15 100 0

16 0 0
16 1 -212.415
16 2 -409.914
16 3 -578.784
16 4 -707.343
16 5 -786.958
16 6 -812.404
16 7 -782.13
16 8 -698.067
16 9 -565.356
16 10 -391.369
16 11 -185.422
16 12 42.5371
16 13 282.383
16 14 524.581
16 15 760.79
16 16 984.2
16 17 1189.65
16 18 1373.75
16 19 1534.63
16 20 1672
16 21 1786.57
16 22 1880.03
16 23 1954.57
16 24 2012.83
16 25 2057.45
16 26 2091.09
16 27 2116.18
16 28 2134.9
16 29 2149.15
16 30 2160.38
16 31 2169.89
16 32 2178.5
16 33 2186.9
16 34 2195.5
16 35 2204.51
16 36 2214.04
16 37 2224.03
16 38 2234.4
16 39 2244.94
16 40 2255.5
16 41 2265.82
16 42 2275.73
16 43 2284.98
16 44 2293.42
16 45 2300.85
16 46 2307.14
16 47 2312.15
16 48 2315.81
16 49 2318.02
16 50 2318.77
16 51 2318.02
16 52 2315.81
16 53 2312.15
16 54 2307.14
16 55 2300.85
16 56 2293.42
16 57 2284.98
16 58 2275.73
16 59 2265.82
16 60 2255.5
16 61 2244.94
16 62 2234.4
16 63 2224.03
16 64 2214.04
16 65 2204.51
16 66 2195.5
16 67 2186.9
16 68 2178.5
16 69 2169.89
16 70 2160.38
16 71 2149.15
16 72 2134.9
16 73 2116.18
16 74 2091.09
16 75 2057.45
16 76 2012.83
16 77 1954.57
16 78 1880.03
16 79 1786.57
16 80 1672
16 81 1534.63
16 82 1373.75
16 83 1189.65
16 84 984.2
16 85 760.79
16 86 524.581
16 87 282.383
16 88 42.5371
16 89 -185.422
16 90 -391.369
16 91 -565.356
16 92 -698.067
16 93 -782.13
16 94 -812.404
16 95 -786.958
16 96 -707.343
16 97 -578.784
16 98 -409.914
16 99 -212.415
16 100 0

17 0 0
17 1 -150.311
17 2 -287.622
17 3 -399.943
17 4 -477.362
17 5 -512.62
17 6 -501.735
17 7 -443.975
17 8 -341.893
17 9 -200.629
17 10 -27.598
17 11 168.578
17 12 378.624
17 13 593.423
17 14 804.642
17 15 1005.25
17 16 1189.65
17 17 1354.03
17 18 1496.12
17 19 1615.18
17 20 1711.7
17 21 1787.21
17 22 1843.87
17 23 1884.32
17 24 1911.32
17 25 1927.68
17 26 1935.98
17 27 1938.61
17 28 1937.52
17 29 1934.42
17 30 1930.61
17 31 1927.03
17 32 1924.41
17 33 1923.15
17 34 1923.47
17 35 1925.43
17 36 1928.95
17 37 1933.85
17 38 1939.9
17 39 1946.82
17 40 1954.33
17 41 1962.13
17 42 1969.94
17 43 1977.49
17 44 1984.54
17 45 1990.87
17 46 1996.3
17 47 2000.68
17 48 2003.9
17 49 2005.86
17 50 2006.52
17 51 2005.86
17 52 2003.9
17 53 2000.68
17 54 1996.3
17 55 1990.87
17 56 1984.54
17 57 1977.49
17 58 1969.94
17 59 1962.13
17 60 1954.33
17 61 1946.82
17 62 1939.9
17 63 1933.85
17 64 1928.95
17 65 1925.43
17 66 1923.47
17 67 1923.15
17 68 1924.41
17 69 1927.03
17 70 1930.61
17 71 1934.42
17 72 1937.52
17 73 1938.61
17 74 1935.98
17 75 1927.68
17 76 1911.32
17 77 1884.32
17 78 1843.87
17 79 1787.21
17 80 1711.7
17 81 1615.18
17 82 1496.12
17 83 1354.03
17 84 1189.65
17 85 1005.25
17 86 804.642
17 87 593.423
17 88 378.624
17 89 168.578
17 90 -27.598
17 91 -200.629
17 92 -341.893
17 93 -443.975
17 94 -501.735
17 95 -512.62
17 96 -477.362
17 97 -399.943
17 98 -287.622
17 99 -150.311
17 100 0

18 0 0
18 1 -81.8778
18 2 -153.178
18 3 -204.259
18 4 -227.217
18 5 -216.585
18 6 -169.563
18 7 -86.3722
18 8 30.2932
18 9 175.294
18 10 341.901
18 11 522.404
18 12 708.722
18 13 893.151
18 14 1068.95
18 15 1230.49
18 16 1373.75
18 17 1496.12
18 18 1596.56
18 19 1675.24
18 20 1733.43
18 21 1773.14
18 22 1796.92
18 23 1807.51
18 24 1807.78
18 25 1800.39
18 26 1787.81
18 27 1772.12
18 28 1755.14
18 29 1738.21
18 30 1722.42
18 31 1708.51
18 32 1696.89
18 33 1687.83
18 34 1681.37
18 35 1677.41
18 36 1675.75
18 37 1676.12
18 38 1678.2
18 39 1681.66
18 40 1686.14
18 41 1691.31
18 42 1696.84
18 43 1702.44
18 44 1707.85
18 45 1712.82
18 46 1717.17
18 47 1720.72
18 48 1723.34
18 49 1724.95
18 50 1725.5
18 51 1724.95
18 52 1723.34
18 53 1720.72
18 54 1717.17
18 55 1712.82
18 56 1707.85
18 57 1702.44
18 58 1696.84
18 59 1691.31
18 60 1686.14
18 61 1681.66
18 62 1678.2
18 63 1676.12
18 64 1675.75
18 65 1677.41
18 66 1681.37
18 67 1687.83
18 68 1696.89
18 69 1708.51
18 70 1722.42
18 71 1738.21
18 72 1755.14
18 73 1772.12
18 74 1787.81
18 75 1800.39
18 76 1807.78
18 77 1807.51
18 78 1796.92
18 79 1773.14
18 80 1733.43
18 81 1675.24
18 82 1596.56
18 83 1496.12
18 84 1373.75
18 85 1230.49
18 86 1068.95
18 87 893.151
18 88 708.722
18 89 522.404
18 90 341.901
18 91 175.294
18 92 30.2932
18 93 -86.3722
18 94 -169.563
18 95 -216.585
18 96 -227.217
18 97 -204.259
18 98 -153.178
18 99 -81.8778
18 100 0

19 0 0
19 1 -8.57619
19 2 -9.51303
19 3 4.05229
19 4 37.6032
19 5 94.7588
19 6 176.84
19 7 283.099
19 8 410.564
19 9 554.684
19 10 709.679
19 11 869.167
19 12 1026.75
19 13 1176.51
19 14 1313.43
19 15 1433.66
19 16 1534.63
19 17 1615.18
19 18 1675.24
19 19 1715.88
19 20 1738.84
19 21 1746.57
19 22 1741.68
19 23 1726.95
19 24 1705.04
19 25 1678.43
19 26 1649.28
19 27 1619.39
19 28 1590.19
19 29 1562.82
19 30 1538.03
19 31 1516.29
19 32 1497.89
19 33 1482.85
19 34 1471.08
19 35 1462.39
19 36 1456.46
19 37 1453
19 38 1451.59
19 39 1451.9
19 40 1453.52
19 41 1456.14
19 42 1459.4
19 43 1463.01
19 44 1466.68
19 45 1470.19
19 46 1473.34
19 47 1475.96
19 48 1477.92
19 49 1479.14
19 50 1479.54
19 51 1479.14
19 52 1477.92
19 53 1475.96
19 54 1473.34
19 55 1470.19
19 56 1466.68
19 57 1463.01
19 58 1459.4
19 59 1456.14
19 60 1453.52
19 61 1451.9
19 62 1451.59
19 63 1453
19 64 1456.46
19 65 1462.39
19 66 1471.08
19 67 1482.85
19 68 1497.89
19 69 1516.29
19 70 1538.03
19 71 1562.82
19 72 1590.19
19 73 1619.39
19 74 1649.28
19 75 1678.43
19 76 1705.04
19 77 1726.95
19 78 1741.68
19 79 1746.57
19 80 1738.84
19 81 1715.88
19 82 1675.24
19 83 1615.18
19 84 1534.63
19 85 1433.66
19 86 1313.43
19 87 1176.51
19 88 1026.75
19 89 869.167
19 90 709.679
19 91 554.684
19 92 410.564
19 93 283.099
19 94 176.84
19 95 94.7588
19 96 37.6032
19 97 4.05229
19 98 -9.51303
19 99 -8.57619
19 100 0

20 0 0
20 1 68.0052
20 2 140.28
20 3 220.529
20 4 311.593
20 5 414.904
20 6 530.536
20 7 657.021
20 8 791.587
20 9 930.476
20 10 1069.24
20 11 1203.24
20 12 1328.09
20 13 1439.88
20 14 1535.64
20 15 1613.33
20 16 1672
20 17 1711.7
20 18 1733.43
20 19 1738.84
20 20 1730.17
20 21 1709.88
20 22 1680.65
20 23 1644.98
20 24 1605.33
20 25 1563.73
20 26 1522.03
20 27 1481.63
20 28 1443.64
20 29 1408.81
20 30 1377.66
20 31 1350.45
20 32 1327.2
20 33 1307.86
20 34 1292.17
20 35 1279.87
20 36 1270.62
20 37 1264.02
20 38 1259.71
20 39 1257.28
20 40 1256.39
20 41 1256.67
20 42 1257.8
20 43 1259.49
20 44 1261.49
20 45 1263.55
20 46 1265.51
20 47 1267.19
20 48 1268.48
20 49 1269.29
20 50 1269.57
20 51 1269.29
20 52 1268.48
20 53 1267.19
20 54 1265.51
20 55 1263.55
20 56 1261.49
20 57 1259.49
20 58 1257.8
20 59 1256.67
20 60 1256.39
20 61 1257.28
20 62 1259.71
20 63 1264.02
20 64 1270.62
20 65 1279.87
20 66 1292.17
20 67 1307.86
20 68 1327.2
20 69 1350.45
20 70 1377.66
20 71 1408.81
20 72 1443.64
20 73 1481.63
20 74 1522.03
20 75 1563.73
20 76 1605.33
20 77 1644.98
20 78 1680.65
20 79 1709.88
20 80 1730.17
20 81 1738.84
20 82 1733.43
20 83 1711.7
20 84 1672
20 85 1613.33
20 86 1535.64
20 87 1439.88
20 88 1328.09
20 89 1203.24
20 90 1069.24
20 91 930.476
20 92 791.587
20 93 657.021
20 94 530.536
20 95 414.904
20 96 311.593
20 97 220.529
20 98 140.28
20 99 68.0052
20 100 0

21 0 0
21 1 146.3
21 2 293.107
21 3 440.815
21 4 589.205
21 5 737.624
21 6 884.747
21 7 1028.58
21 8 1166.76
21 9 1296.57
21 10 1415.24
21 11 1520.24
21 12 1609.36
21 13 1681.07
21 14 1734.44
21 15 1769.41
21 16 1786.57
21 17 1787.21
21 18 1773.14
21 19 1746.57
21 20 1709.88
21 21 1665.6
21 22 1616.11
21 23 1563.67
21 24 1510.21
21 25 1457.46
21 26 1406.73
21 27 1359.06
21 28 1315.14
21 29 1275.47
21 30 1240.24
21 31 1209.49
21 32 1183.14
21 33 1160.92
21 34 1142.56
21 35 1127.71
21 36 1115.98
21 37 1106.99
21 38 1100.35
21 39 1095.7
21 40 1092.66
21 41 1090.92
21 42 1090.17
21 43 1090.15
21 44 1090.61
21 45 1091.36
21 46 1092.2
21 47 1093.01
21 48 1093.66
21 49 1094.08
21 50 1094.23
21 51 1094.08
21 52 1093.66
21 53 1093.01
21 54 1092.2
21 55 1091.36
21 56 1090.61
21 57 1090.15
21 58 1090.17
21 59 1090.92
21 60 1092.66
21 61 1095.7
21 62 1100.35
21 63 1106.99
21 64 1115.98
21 65 1127.71
21 66 1142.56
21 67 1160.92
21 68 1183.14
21 69 1209.49
21 70 1240.24
21 71 1275.47
21 72 1315.14
21 73 1359.06
21 74 1406.73
21 75 1457.46
21 76 1510.21
21 77 1563.67
21 78 1616.11
21 79 1665.6
21 80 1709.88
21 81 1746.57
21 82 1773.14
21 83 1787.21
21 84 1786.57
21 85 1769.41
21 86 1734.44
21 87 1681.07
21 88 1609.36
21 89 1520.24
21 90 1415.24
21 91 1296.57
21 92 1166.76
21 93 1028.58
21 94 884.747
21 95 737.624
21 96 589.205
21 97 440.815
21 98 293.107
21 99 146.3
21 100 0

22 0 0
22 1 224.721
22 2 446.032
22 3 660.62
22 4 865.278
22 5 1057.06
22 6 1233.28
22 7 1391.65
22 8 1530.29
22 9 1647.86
22 10 1743.5
22 11 1816.94
22 12 1868.51
22 13 1899.02
22 14 1909.87
22 15 1902.8
22 16 1880.03
22 17 1843.87
22 18 1796.92
22 19 1741.68
22 20 1680.65
22 21 1616.11
22 22 1550.16
22 23 1484.58
22 24 1420.87
22 25 1360.17
22 26 1303.4
22 27 1251.12
22 28 1203.7
22 29 1161.25
22 30 1123.79
22 31 1091.14
22 32 1063.04
22 33 1039.17
22 34 1019.18
22 35 1002.66
22 36 989.246
22 37 978.52
22 38 970.143
22 39 963.737
22 40 958.99
22 41 955.593
22 42 953.277
22 43 951.799
22 44 950.944
22 45 950.532
22 46 950.402
22 47 950.435
22 48 950.524
22 49 950.61
22 50 950.639
22 51 950.61
22 52 950.524
22 53 950.435
22 54 950.402
22 55 950.532
22 56 950.944
22 57 951.799
22 58 953.277
22 59 955.593
22 60 958.99
22 61 963.737
22 62 970.143
22 63 978.52
22 64 989.246
22 65 1002.66
22 66 1019.18
22 67 1039.17
22 68 1063.04
22 69 1091.14
22 70 1123.79
22 71 1161.25
22 72 1203.7
22 73 1251.12
22 74 1303.4
22 75 1360.17
22 76 1420.87
22 77 1484.58
22 78 1550.16
22 79 1616.11
22 80 1680.65
22 81 1741.68
22 82 1796.92
22 83 1843.87
22 84 1880.03
22 85 1902.8
22 86 1909.87
22 87 1899.02
22 88 1868.51
22 89 1816.94
22 90 1743.5
22 91 1647.86
22 92 1530.29
22 93 1391.65
22 94 1233.28
22 95 1057.06
22 96 865.278
22 97 660.62
22 98 446.032
22 99 224.721
22 100 0

23 0 0
23 1 301.878
23 2 596.281
23 3 876.075
23 4 1135.03
23 5 1367.85
23 6 1570.66
23 7 1740.88
23 8 1877.36
23 9 1980.26
23 10 2050.82
23 11 2091.26
23 12 2104.46
23 13 2093.77
23 14 2062.79
23 15 2015.19
23 16 1954.57
23 17 1884.32
23 18 1807.51
23 19 1726.95
23 20 1644.98
23 21 1563.67
23 22 1484.58
23 23 1409.05
23 24 1337.97
23 25 1272.03
23 26 1211.58
23 27 1156.82
23 28 1107.74
23 29 1064.18
23 30 1025.89
23 31 992.558
23 32 963.823
23 33 939.247
23 34 918.453
23 35 901.025
23 36 886.556
23 37 874.712
23 38 865.094
23 39 857.43
23 40 851.373
23 41 846.703
23 42 843.131
23 43 840.492
23 44 838.554
23 45 837.201
23 46 836.256
23 47 835.652
23 48 835.263
23 49 835.07
23 50 834.995
23 51 835.07
23 52 835.263
23 53 835.652
23 54 836.256
23 55 837.201
23 56 838.554
23 57 840.492
23 58 843.131
23 59 846.703
23 60 851.373
23 61 857.43
23 62 865.094
23 63 874.712
23 64 886.556
23 65 901.025
23 66 918.453
23 67 939.247
23 68 963.823
23 69 992.558
23 70 1025.89
23 71 1064.18
23 72 1107.74
23 73 1156.82
23 74 1211.58
23 75 1272.03
23 76 1337.97
23 77 1409.05
23 78 1484.58
23 79 1563.67
23 80 1644.98
23 81 1726.95
23 82 1807.51
23 83 1884.32
23 84 1954.57
23 85 2015.19
23 86 2062.79
23 87 2093.77
23 88 2104.46
23 89 2091.26
23 90 2050.82
23 91 1980.26
23 92 1877.36
23 93 1740.88
23 94 1570.66
23 95 1367.85
23 96 1135.03
23 97 876.075
23 98 596.281
23 99 301.878
23 100 0

24 0 0
24 1 376.478
24 2 741.309
24 3 1083.73
24 4 1394.22
24 5 1665.45
24 6 1892.21
24 7 2071.89
24 8 2204.12
24 9 2290.69
24 10 2335.08
24 11 2342.03
24 12 2317.07
24 13 2266.05
24 14 2194.78
24 15 2108.73
24 16 2012.83
24 17 1911.32
24 18 1807.78
24 19 1705.04
24 20 1605.33
24 21 1510.21
24 22 1420.87
24 23 1337.97
24 24 1261.92
24 25 1192.78
24 26 1130.53
24 27 1074.89
24 28 1025.54
24 29 982.046
24 30 943.995
24 31 910.9
24 32 882.294
24 33 857.747
24 34 836.781
24 35 819.009
24 36 804.049
24 37 791.533
24 38 781.162
24 39 772.619
24 40 765.663
24 41 760.037
24 42 755.55
24 43 752.003
24 44 749.25
24 45 747.14
24 46 745.574
24 47 744.445
24 48 743.696
24 49 743.26
24 50 743.123
24 51 743.26
24 52 743.696
24 53 744.445
24 54 745.574
24 55 747.14
24 56 749.25
24 57 752.003
24 58 755.55
24 59 760.037
24 60 765.663
24 61 772.619
24 62 781.162
24 63 791.533
24 64 804.049
24 65 819.009
24 66 836.781
24 67 857.747
24 68 882.294
24 69 910.9
24 70 943.995
24 71 982.046
24 72 1025.54
24 73 1074.89
24 74 1130.53
24 75 1192.78
24 76 1261.92
24 77 1337.97
24 78 1420.87
24 79 1510.21
24 80 1605.33
24 81 1705.04
24 82 1807.78
24 83 1911.32
24 84 2012.83
24 85 2108.73
24 86 2194.78
24 87 2266.05
24 88 2317.07
24 89 2342.03
24 90 2335.08
24 91 2290.69
24 92 2204.12
24 93 2071.89
24 94 1892.21
24 95 1665.45
24 96 1394.22
24 97 1083.73
24 98 741.309
24 99 376.478
24 100 0

25 0 0
25 1 447.351
25 2 879.045
25 3 1280.52
25 4 1639.37
25 5 1945.97
25 6 2194.18
25 7 2381.2
25 8 2507.66
25 9 2577.01
25 10 2595
25 11 2568.92
25 12 2506.88
25 13 2417.2
25 14 2307.79
25 15 2185.83
25 16 2057.45
25 17 1927.68
25 18 1800.39
25 19 1678.43
25 20 1563.73
25 21 1457.46
25 22 1360.17
25 23 1272.03
25 24 1192.78
25 25 1122.09
25 26 1059.33
25 27 1003.96
25 28 955.291
25 29 912.721
25 30 875.582
25 31 843.344
25 32 815.454
25 33 791.39
25 34 770.74
25 35 753.056
25 36 737.992
25 37 725.219
25 38 714.435
25 39 705.388
25 40 697.838
25 41 691.585
25 42 686.445
25 43 682.264
25 44 678.904
25 45 676.252
25 46 674.209
25 47 672.703
25 48 671.666
25 49 671.064
25 50 670.863
25 51 671.064
25 52 671.666
25 53 672.703
25 54 674.209
25 55 676.252
25 56 678.904
25 57 682.264
25 58 686.445
25 59 691.585
25 60 697.838
25 61 705.388
25 62 714.435
25 63 725.219
25 64 737.992
25 65 753.056
25 66 770.74
25 67 791.39
25 68 815.454
25 69 843.344
25 70 875.582
25 71 912.721
25 72 955.291
25 73 1003.96
25 74 1059.33
25 75 1122.09
25 76 1192.78
25 77 1272.03
25 78 1360.17
25 79 1457.46
25 80 1563.73
25 81 1678.43
25 82 1800.39
25 83 1927.68
25 84 2057.45
25 85 2185.83
25 86 2307.79
25 87 2417.2
25 88 2506.88
25 89 2568.92
25 90 2595
25 91 2577.01
25 92 2507.66
25 93 2381.2
25 94 2194.18
25 95 1945.97
25 96 1639.37
25 97 1280.52
25 98 879.045
25 99 447.351
25 100 0

26 0 0
26 1 513.615
26 2 1007.68
26 3 1464.1
26 4 1867.55
26 5 2206.46
26 6 2473.6
26 7 2666.3
26 8 2786.03
26 9 2838
26 10 2830.13
26 11 2772.24
26 12 2674.94
26 13 2548.88
26 14 2403.99
26 15 2248.97
26 16 2091.09
26 17 1935.98
26 18 1787.81
26 19 1649.28
26 20 1522.03
26 21 1406.73
26 22 1303.4
26 23 1211.58
26 24 1130.53
26 25 1059.33
26 26 997.031
26 27 942.656
26 28 895.315
26 29 854.133
26 30 818.4
26 31 787.384
26 32 760.539
26 33 737.32
26 34 717.269
26 35 699.978
26 36 685.123
26 37 672.358
26 38 661.471
26 39 652.178
26 40 644.318
26 41 637.68
26 42 632.136
26 43 627.532
26 44 623.769
26 45 620.738
26 46 618.37
26 47 616.59
26 48 615.357
26 49 614.629
26 50 614.39
26 51 614.629
26 52 615.357
26 53 616.59
26 54 618.37
26 55 620.738
26 56 623.769
26 57 627.532
26 58 632.136
26 59 637.68
26 60 644.318
26 61 652.178
26 62 661.471
26 63 672.358
26 64 685.123
26 65 699.978
26 66 717.269
26 67 737.32
26 68 760.539
26 69 787.384
26 70 818.4
26 71 854.133
26 72 895.315
26 73 942.656
26 74 997.031
26 75 1059.33
26 76 1130.53
26 77 1211.58
26 78 1303.4
26 79 1406.73
26 80 1522.03
26 81 1649.28
26 82 1787.81
26 83 1935.98
26 84 2091.09
26 85 2248.97
26 86 2403.99
26 87 2548.88
26 88 2674.94
26 89 2772.24
26 90 2830.13
26 91 2838
26 92 2786.03
26 93 2666.3
26 94 2473.6
26 95 2206.46
26 96 1867.55
26 97 1464.1
26 98 1007.68
26 99 513.615
26 100 0

27 0 0
27 1 574.546
27 2 1125.88
27 3 1632.61
27 4 2076.69
27 5 2444.71
27 6 2728.53
27 7 2925.49
27 8 3038.09
27 9 3073.09
27 10 3040.65
27 11 2952.83
27 12 2822.69
27 13 2663.02
27 14 2485.6
27 15 2300.59
27 16 2116.18
27 17 1938.61
27 18 1772.12
27 19 1619.39
27 20 1481.63
27 21 1359.06
27 22 1251.12
27 23 1156.82
27 24 1074.89
27 25 1003.96
27 26 942.656
27 27 889.741
27 28 844.048
27 29 804.572
27 30 770.412
27 31 740.852
27 32 715.238
27 33 693.021
27 34 673.769
27 35 657.066
27 36 642.589
27 37 630.077
27 38 619.255
27 39 609.959
27 40 601.969
27 41 595.171
27 42 589.394
27 43 584.562
27 44 580.542
27 45 577.289
27 46 574.701
27 47 572.758
27 48 571.385
27 49 570.586
27 50 570.31
27 51 570.586
27 52 571.385
27 53 572.758
27 54 574.701
27 55 577.289
27 56 580.542
27 57 584.562
27 58 589.394
27 59 595.171
27 60 601.969
27 61 609.959
27 62 619.255
27 63 630.077
27 64 642.589
27 65 657.066
27 66 673.769
27 67 693.021
27 68 715.238
27 69 740.852
27 70 770.412
27 71 804.572
27 72 844.048
27 73 889.741
27 74 942.656
27 75 1003.96
27 76 1074.89
27 77 1156.82
27 78 1251.12
27 79 1359.06
27 80 1481.63
27 81 1619.39
27 82 1772.12
27 83 1938.61
27 84 2116.18
27 85 2300.59
27 86 2485.6
27 87 2663.02
27 88 2822.69
27 89 2952.83
27 90 3040.65
27 91 3073.09
27 92 3038.09
27 93 2925.49
27 94 2728.53
27 95 2444.71
27 96 2076.69
27 97 1632.61
27 98 1125.88
27 99 574.546
27 100 0

28 0 0
28 1 629.661
28 2 1232.77
28 3 1784.84
28 4 2265.41
28 5 2659.33
28 6 2957.71
28 7 3157.96
28 8 3263.44
28 9 3282.51
28 10 3227.22
28 11 3111.91
28 12 2951.74
28 13 2761.58
28 14 2554.8
28 15 2342.89
28 16 2134.9
28 17 1937.52
28 18 1755.14
28 19 1590.19
28 20 1443.64
28 21 1315.14
28 22 1203.7
28 23 1107.74
28 24 1025.54
28 25 955.291
28 26 895.315
28 27 844.048
28 28 800.145
28 29 762.448
28 30 729.973
28 31 701.907
28 32 677.586
28 33 656.48
28 34 638.092
28 35 622.087
28 36 608.132
28 37 595.965
28 38 585.396
28 39 576.203
28 40 568.273
28 41 561.428
28 42 555.597
28 43 550.641
28 44 546.521
28 45 543.126
28 46 540.441
28 47 538.381
28 48 536.951
28 49 536.087
28 50 535.814
28 51 536.087
28 52 536.951
28 53 538.381
28 54 540.441
28 55 543.126
28 56 546.521
28 57 550.641
28 58 555.597
28 59 561.428
28 60 568.273
28 61 576.203
28 62 585.396
28 63 595.965
28 64 608.132
28 65 622.087
28 66 638.092
28 67 656.48
28 68 677.586
28 69 701.907
28 70 729.973
28 71 762.448
28 72 800.145
28 73 844.048
28 74 895.315
28 75 955.291
28 76 1025.54
28 77 1107.74
28 78 1203.7
28 79 1315.14
28 80 1443.64
28 81 1590.19
28 82 1755.14
28 83 1937.52
28 84 2134.9
28 85 2342.89
28 86 2554.8
28 87 2761.58
28 88 2951.74
28 89 3111.91
28 90 3227.22
28 91 3282.51
28 92 3263.44
28 93 3157.96
28 94 2957.71
28 95 2659.33
28 96 2265.41
28 97 1784.84
28 98 1232.77
28 99 629.661
28 100 0

29 0 0
29 1 678.662
29 2 1327.76
29 3 1920.09
29 4 2432.94
29 5 2849.72
29 6 3160.74
29 7 3363.57
29 8 3462.36
29 9 3466.87
29 10 3390.96
29 11 3250.9
29 12 3063.87
29 13 2846.44
29 14 2613.61
29 15 2377.88
29 16 2149.15
29 17 1934.42
29 18 1738.21
29 19 1562.82
29 20 1408.81
29 21 1275.47
29 22 1161.25
29 23 1064.18
29 24 982.046
29 25 912.721
29 26 854.133
29 27 804.572
29 28 762.448
29 29 726.509
29 30 695.658
29 31 669.076
29 32 646.046
29 33 626.009
29 34 608.554
29 35 593.261
29 36 579.888
29 37 568.161
29 38 557.903
29 39 548.942
29 40 541.144
29 41 534.385
29 42 528.576
29 43 523.624
29 44 519.467
29 45 516.04
29 46 513.302
29 47 511.209
29 48 509.735
29 49 508.859
29 50 508.568
29 51 508.859
29 52 509.735
29 53 511.209
29 54 513.302
29 55 516.04
29 56 519.467
29 57 523.624
29 58 528.576
29 59 534.385
29 60 541.144
29 61 548.942
29 62 557.903
29 63 568.161
29 64 579.888
29 65 593.261
29 66 608.554
