0 0 0
0 1 0
0 2 0
0 3 0
0 4 0
0 5 0
0 6 0
0 7 0
0 8 0
0 9 0
0 10 0
0 11 0
0 12 0
0 13 0
0 14 0
0 15 0
0 16 0
0 17 0
0 18 0
0 19 0
0 20 0
0 21 0
0 22 0
0 23 0
0 24 0
0 25 0
0 26 0
0 27 0
0 28 0
0 29 0
0 30 0
0 31 0
0 32 0
0 33 0
0 34 0
0 35 0
0 36 0
0 37 0
0 38 0
0 39 0
0 40 0
0 41 0
0 42 0
0 43 0
0 44 0
0 45 0
0 46 0
0 47 0
0 48 0
0 49 0
0 50 0
0 51 0
0 52 0
0 53 0
0 54 0
0 55 0
0 56 0
0 57 0
0 58 0
0 59 0
0 60 0
0 61 0
0 62 0
0 63 0
0 64 0
0 65 0
0 66 0
0 67 0
0 68 0
0 69 0
0 70 0
0 71 0
0 72 0
0 73 0
0 74 0
0 75 0
0 76 0
0 77 0
0 78 0
0 79 0
0 80 0
0 81 0
0 82 0
0 83 0
0 84 0
0 85 0
0 86 0
0 87 0
0 88 0
0 89 0
0 90 0
0 91 0
0 92 0
0 93 0
0 94 0
0 95 0
0 96 0
0 97 0
0 98 0
0 99 0
0 100 0

1 0 0
1 1 -38.9243
1 2 -77.9714
1 3 -117.15
1 4 -156.434
1 5 -195.631
1 6 -234.351
1 7 -272.103
1 8 -308.191
1 9 -341.735
1 10 -371.825
1 11 -397.421
1 12 -417.515
1 13 -431.152
1 14 -437.5
1 15 -435.862
1 16 -425.755
1 17 -406.98
1 18 -379.594
1 19 -343.825
1 20 -300.228
1 21 -249.57
1 22 -192.761
1 23 -130.887
1 24 -65.1066
1 25 3.38938
1 26 73.4052
1 27 143.776
1 28 213.452
1 29 281.456
1 30 346.975
1 31 409.315
1 32 467.941
1 33 522.466
1 34 572.625
1 35 618.306
1 36 659.474
1 37 696.229
1 38 728.705
1 39 757.139
1 40 781.766
1 41 802.89
1 42 820.788
1 43 835.771
1 44 848.105
1 45 858.067
1 46 865.876
1 47 871.74
1 48 875.809
1 49 878.207
1 50 878.996
1 51 878.207
1 52 875.809
1 53 871.74
1 54 865.876
1 55 858.067
1 56 848.105
1 57 835.771
1 58 820.788
1 59 802.89
1 60 781.766
1 61 757.139
1 62 728.705
1 63 696.229
1 64 659.474
1 65 618.306
1 66 572.625
1 67 522.466
1 68 467.941
1 69 409.315
1 70 346.975
1 71 281.456
1 72 213.452
1 73 143.776
1 74 73.4052
1 75 3.38938
1 76 -65.1066
1 77 -130.887
1 78 -192.761
1 79 -249.57
1 80 -300.228
1 81 -343.825
1 82 -379.594
1 83 -406.98
1 84 -425.755
1 85 -435.862
1 86 -437.5
1 87 -431.152
1 88 -417.515
1 89 -397.421
1 90 -371.825
1 91 -341.735
1 92 -308.191
1 93 -272.103
1 94 -234.351
1 95 -195.631
1 96 -156.434
1 97 -117.15
1 98 -77.9714
1 99 -38.9243
1 100 0

2 0 0
2 1 -77.9714
2 2 -156.09
2 3 -234.345
2 4 -312.611
2 5 -390.477
2 6 -467.152
2 7 -541.614
2 8 -612.443
2 9 -677.952
2 10 -736.32
2 11 -785.582
2 12 -823.746
2 13 -849.007
2 14 -859.75
2 15 -854.771
2 16 -833.168
2 17 -794.612
2 18 -739.216
2 19 -667.634
2 20 -580.959
2 21 -480.629
2 22 -368.619
2 23 -246.977
2 24 -117.971
2 25 16.0258
2 26 152.737
2 27 289.898
2 28 425.487
2 29 557.642
2 30 684.807
2 31 805.67
2 32 919.223
2 33 1024.74
2 34 1121.74
2 35 1210.02
2 36 1289.55
2 37 1360.51
2 38 1423.2
2 39 1478.07
2 40 1525.59
2 41 1566.34
2 42 1600.88
2 43 1629.78
2 44 1653.59
2 45 1672.81
2 46 1687.89
2 47 1699.2
2 48 1707.06
2 49 1711.69
2 50 1713.22
2 51 1711.69
2 52 1707.06
2 53 1699.2
2 54 1687.89
2 55 1672.81
2 56 1653.59
2 57 1629.78
2 58 1600.88
2 59 1566.34
2 60 1525.59
2 61 1478.07
2 62 1423.2
2 63 1360.51
2 64 1289.55
2 65 1210.02
2 66 1121.74
2 67 1024.74
2 68 919.223
2 69 805.67
2 70 684.807
2 71 557.642
2 72 425.487
2 73 289.898
2 74 152.737
2 75 16.0258
2 76 -117.971
2 77 -246.977
2 78 -368.619
2 79 -480.629
2 80 -580.959
2 81 -667.634
2 82 -739.216
2 83 -794.612
2 84 -833.168
2 85 -854.771
2 86 -859.75
2 87 -849.007
2 88 -823.746
2 89 -785.582
2 90 -736.32
2 91 -677.952
2 92 -612.443
2 93 -541.614
2 94 -467.152
2 95 -390.477
2 96 -312.611
2 97 -234.345
2 98 -156.09
2 99 -77.9714
2 100 0

3 0 0
3 1 -117.15
3 2 -234.345
3 3 -351.463
3 4 -468.14
3 5 -583.617
3 6 -696.701
3 7 -805.751
3 8 -908.704
3 9 -1003.09
3 10 -1086.26
3 11 -1155.38
3 12 -1207.72
3 13 -1240.73
3 14 -1252.3
3 15 -1240.72
3 16 -1204.97
3 17 -1144.71
3 18 -1060.35
3 19 -952.893
3 20 -824.079
3 21 -676.262
3 22 -512.126
3 23 -334.823
3 24 -147.632
3 25 46.1123
3 26 243.081
3 27 440.148
3 28 634.427
3 29 823.361
3 30 1004.77
3 31 1176.89
3 32 1338.32
3 33 1488.12
3 34 1625.67
3 35 1750.71
3 36 1863.27
3 37 1963.62
3 38 2052.24
3 39 2129.75
3 40 2196.88
3 41 2254.44
3 42 2303.22
3 43 2344.04
3 44 2377.67
3 45 2404.83
3 46 2426.14
3 47 2442.14
3 48 2453.26
3 49 2459.8
3 50 2461.96
3 51 2459.8
3 52 2453.26
3 53 2442.14
3 54 2426.14
3 55 2404.83
3 56 2377.67
3 57 2344.04
3 58 2303.22
3 59 2254.44
3 60 2196.88
3 61 2129.75
3 62 2052.24
3 63 1963.62
3 64 1863.27
3 65 1750.71
3 66 1625.67
3 67 1488.12
3 68 1338.32
3 69 1176.89
3 70 1004.77
3 71 823.361
3 72 634.427
3 73 440.148
3 74 243.081
3 75 46.1123
3 76 -147.632
3 77 -334.823
3 78 -512.126
3 79 -676.262
3 80 -824.079
3 81 -952.893
3 82 -1060.35
3 83 -1144.71
3 84 -1204.97
3 85 -1240.72
3 86 -1252.3
3 87 -1240.73
3 88 -1207.72
3 89 -1155.38
3 90 -1086.26
3 91 -1003.09
3 92 -908.704
3 93 -805.751
3 94 -696.701
3 95 -583.617
3 96 -468.14
3 97 -351.463
3 98 -234.345
3 99 -117.15
3 100 0

4 0 0
4 1 -156.434
4 2 -312.611
4 3 -468.14
4 4 -622.243
4 5 -773.731
4 6 -920.897
4 7 -1061.49
4 8 -1192.74
4 9 -1311.57
4 10 -1414.52
4 11 -1498.18
4 12 -1559.2
4 13 -1594.62
4 14 -1601.92
4 15 -1579.35
4 16 -1525.91
4 17 -1441.53
4 18 -1326.93
4 19 -1183.81
4 20 -1014.59
4 21 -822.331
4 22 -610.72
4 23 -383.689
4 24 -145.436
4 25 99.827
4 26 348.035
4 27 595.328
4 28 838.224
4 29 1073.66
4 30 1299.06
4 31 1512.34
4 32 1711.94
4 33 1896.76
4 34 2066.18
4 35 2219.96
4 36 2358.22
4 37 2481.35
4 38 2590.02
4 39 2685
4 40 2767.25
4 41 2837.74
4 42 2897.49
4 43 2947.49
4 44 2988.71
4 45 3021.99
4 46 3048.13
4 47 3067.75
4 48 3081.39
4 49 3089.42
4 50 3092.07
4 51 3089.42
4 52 3081.39
4 53 3067.75
4 54 3048.13
4 55 3021.99
4 56 2988.71
4 57 2947.49
4 58 2897.49
4 59 2837.74
4 60 2767.25
4 61 2685
4 62 2590.02
4 63 2481.35
4 64 2358.22
4 65 2219.96
4 66 2066.18
4 67 1896.76
4 68 1711.94
4 69 1512.34
4 70 1299.06
4 71 1073.66
4 72 838.224
4 73 595.328
4 74 348.035
4 75 99.827
4 76 -145.436
4 77 -383.689
4 78 -610.72
4 79 -822.331
4 80 -1014.59
4 81 -1183.81
4 82 -1326.93
4 83 -1441.53
4 84 -1525.91
4 85 -1579.35
4 86 -1601.92
4 87 -1594.62
4 88 -1559.2
4 89 -1498.18
4 90 -1414.52
4 91 -1311.57
4 92 -1192.74
4 93 -1061.49
4 94 -920.897
4 95 -773.731
4 96 -622.243
4 97 -468.14
4 98 -312.611
4 99 -156.434
4 100 0

5 0 0
5 1 -195.631
5 2 -390.477
5 3 -583.617
5 4 -773.731
5 5 -959.021
5 6 -1137.22
5 7 -1305.37
5 8 -1460.12
5 9 -1597.75
5 10 -1714.32
5 11 -1805.93
5 12 -1869
5 13 -1900.3
5 14 -1897.43
5 15 -1858.72
5 16 -1783.65
5 17 -1672.47
5 18 -1526.61
5 19 -1348.49
5 20 -1141.24
5 21 -908.824
5 22 -655.592
5 23 -386.354
5 24 -105.964
5 25 180.758
5 26 469.136
5 27 754.949
5 28 1034.3
5 29 1303.93
5 30 1561.05
5 31 1803.52
5 32 2029.74
5 33 2238.66
5 34 2429.73
5 35 2602.8
5 36 2758.17
5 37 2896.35
5 38 3018.17
5 39 3124.58
5 40 3216.67
5 41 3295.58
5 42 3362.48
5 43 3418.47
5 44 3464.63
5 45 3501.93
5 46 3531.23
5 47 3553.24
5 48 3568.55
5 49 3577.56
5 50 3580.54
5 51 3577.56
5 52 3568.55
5 53 3553.24
5 54 3531.23
5 55 3501.93
5 56 3464.63
5 57 3418.47
5 58 3362.48
5 59 3295.58
5 60 3216.67
5 61 3124.58
5 62 3018.17
5 63 2896.35
5 64 2758.17
5 65 2602.8
5 66 2429.73
5 67 2238.66
5 68 2029.74
5 69 1803.52
5 70 1561.05
5 71 1303.93
5 72 1034.3
5 73 754.949
5 74 469.136
5 75 180.758
5 76 -105.964
5 77 -386.354
5 78 -655.592
5 79 -908.824
5 80 -1141.24
5 81 -1348.49
5 82 -1526.61
5 83 -1672.47
5 84 -1783.65
5 85 -1858.72
5 86 -1897.43
5 87 -1900.3
5 88 -1869
5 89 -1805.93
5 90 -1714.32
5 91 -1597.75
5 92 -1460.12
5 93 -1305.37
5 94 -1137.22
5 95 -959.021
5 96 -773.731
5 97 -583.617
5 98 -390.477
5 99 -195.631
5 100 0

6 0 0
6 1 -234.351
6 2 -467.152
6 3 -696.701
6 4 -920.897
6 5 -1137.22
6 6 -1342.62
6 7 -1533.57
6 8 -1706.11
6 9 -1856.1
6 10 -1979.21
6 11 -2071.46
6 12 -2129.16
6 13 -2149.4
6 14 -2130.02
6 15 -2069.98
6 16 -1969.22
6 17 -1828.93
6 18 -1651.28
6 19 -1439.47
6 20 -1197.54
6 21 -930.153
6 22 -642.431
6 23 -339.678
6 24 -27.3296
6 25 289.437
6 26 605.726
6 27 917.082
6 28 1219.62
6 29 1510.03
6 30 1785.64
6 31 2044.42
6 32 2284.94
6 33 2506.3
6 34 2708.16
6 35 2890.56
6 36 3053.96
6 37 3199.04
6 38 3326.77
6 39 3438.25
6 40 3534.67
6 41 3617.27
6 42 3687.29
6 43 3745.91
6 44 3794.27
6 45 3833.36
6 46 3864.09
6 47 3887.19
6 48 3903.26
6 49 3912.72
6 50 3915.85
6 51 3912.72
6 52 3903.26
6 53 3887.19
6 54 3864.09
6 55 3833.36
6 56 3794.27
6 57 3745.91
6 58 3687.29
6 59 3617.27
6 60 3534.67
6 61 3438.25
6 62 3326.77
6 63 3199.04
6 64 3053.96
6 65 2890.56
6 66 2708.16
6 67 2506.3
6 68 2284.94
6 69 2044.42
6 70 1785.64
6 71 1510.03
6 72 1219.62
6 73 917.082
6 74 605.726
6 75 289.437
6 76 -27.3296
6 77 -339.678
6 78 -642.431
6 79 -930.153
6 80 -1197.54
6 81 -1439.47
6 82 -1651.28
6 83 -1828.93
6 84 -1969.22
6 85 -2069.98
6 86 -2130.02
6 87 -2149.4
6 88 -2129.16
6 89 -2071.46
6 90 -1979.21
6 91 -1856.1
6 92 -1706.11
6 93 -1533.57
6 94 -1342.62
6 95 -1137.22
6 96 -920.897
6 97 -696.701
6 98 -467.152
6 99 -234.351
6 100 0

7 0 0
7 1 -272.103
7 2 -541.614
7 3 -805.751
7 4 -1061.49
7 5 -1305.37
7 6 -1533.57
7 7 -1741.9
7 8 -1925.97
7 9 -2081.24
7 10 -2203.44
7 11 -2288.59
7 12 -2333.47
7 13 -2335.59
7 14 -2293.64
7 15 -2207.3
7 16 -2077.58
7 17 -1906.54
7 18 -1697.36
7 19 -1454.17
7 20 -1181.83
7 21 -885.678
7 22 -571.39
7 23 -244.738
7 24 88.6936
7 25 423.543
7 26 754.944
7 27 1078.6
7 28 1390.8
7 29 1688.54
7 30 1969.43
7 31 2231.76
7 32 2474.42
7 33 2696.84
7 34 2898.91
7 35 3080.95
7 36 3243.59
7 37 3387.72
7 38 3514.4
7 39 3624.84
7 40 3720.29
7 41 3802.05
7 42 3871.34
7 43 3929.39
7 44 3977.29
7 45 4016.05
7 46 4046.53
7 47 4069.47
7 48 4085.43
7 49 4094.85
7 50 4097.95
7 51 4094.85
7 52 4085.43
7 53 4069.47
7 54 4046.53
7 55 4016.05
7 56 3977.29
7 57 3929.39
7 58 3871.34
7 59 3802.05
7 60 3720.29
7 61 3624.84
7 62 3514.4
7 63 3387.72
7 64 3243.59
7 65 3080.95
7 66 2898.91
7 67 2696.84
7 68 2474.42
7 69 2231.76
7 70 1969.43
7 71 1688.54
7 72 1390.8
7 73 1078.6
7 74 754.944
7 75 423.543
7 76 88.6936
7 77 -244.738
7 78 -571.39
7 79 -885.678
7 80 -1181.83
7 81 -1454.17
7 82 -1697.36
7 83 -1906.54
7 84 -2077.58
7 85 -2207.3
7 86 -2293.64
7 87 -2335.59
7 88 -2333.47
7 89 -2288.59
7 90 -2203.44
7 91 -2081.24
7 92 -1925.97
7 93 -1741.9
7 94 -1533.57
7 95 -1305.37
7 96 -1061.49
7 97 -805.751
7 98 -541.614
7 99 -272.103
7 100 0

8 0 0
8 1 -308.191
8 2 -612.443
8 3 -908.704
8 4 -1192.74
8 5 -1460.12
8 6 -1706.11
8 7 -1925.97
8 8 -2114.86
8 9 -2268.22
8 10 -2381.9
8 11 -2452.5
8 12 -2477.34
8 13 -2455.01
8 14 -2385.07
8 15 -2268.54
8 16 -2107.48
8 17 -1905.16
8 18 -1665.88
8 19 -1394.65
8 20 -1097.1
8 21 -779.194
8 22 -446.958
8 23 -106.318
8 24 237.083
8 25 578.103
8 26 912.171
8 27 1235.33
8 28 1544.41
8 29 1836.82
8 30 2110.73
8 31 2364.9
8 32 2598.65
8 33 2811.81
8 34 3004.61
8 35 3177.64
8 36 3331.73
8 37 3467.95
8 38 3587.44
8 39 3691.47
8 40 3781.3
8 41 3858.22
8 42 3923.42
8 43 3978.06
8 44 4023.19
8 45 4059.73
8 46 4088.51
8 47 4110.17
8 48 4125.27
8 49 4134.17
8 50 4137.12
8 51 4134.17
8 52 4125.27
8 53 4110.17
8 54 4088.51
8 55 4059.73
8 56 4023.19
8 57 3978.06
8 58 3923.42
8 59 3858.22
8 60 3781.3
8 61 3691.47
8 62 3587.44
8 63 3467.95
8 64 3331.73
8 65 3177.64
8 66 3004.61
8 67 2811.81
8 68 2598.65
8 69 2364.9
8 70 2110.73
8 71 1836.82
8 72 1544.41
8 73 1235.33
8 74 912.171
8 75 578.103
8 76 237.083
8 77 -106.318
8 78 -446.958
8 79 -779.194
8 80 -1097.1
8 81 -1394.65
8 82 -1665.88
8 83 -1905.16
8 84 -2107.48
8 85 -2268.54
8 86 -2385.07
8 87 -2455.01
8 88 -2477.34
8 89 -2452.5
8 90 -2381.9
8 91 -2268.22
8 92 -2114.86
8 93 -1925.97
8 94 -1706.11
8 95 -1460.12
8 96 -1192.74
8 97 -908.704
8 98 -612.443
8 99 -308.191
8 100 0

9 0 0
9 1 -341.735
9 2 -677.952
9 3 -1003.09
9 4 -1311.57
9 5 -1597.75
9 6 -1856.1
9 7 -2081.24
9 8 -2268.22
9 9 -2412.53
9 10 -2510.62
9 11 -2559.7
9 12 -2558.28
9 13 -2506.06
9 14 -2404.14
9 15 -2254.74
9 16 -2061.4
9 17 -1828.66
9 18 -1561.94
9 19 -1267.09
9 20 -950.456
9 21 -618.373
9 22 -277.072
9 23 67.5863
9 24 410.289
9 25 746.233
9 26 1071.44
9 27 1382.61
9 28 1677.15
9 29 1953.23
9 30 2209.61
9 31 2445.67
9 32 2661.22
9 33 2856.57
9 34 3032.29
9 35 3189.26
9 36 3328.5
9 37 3451.21
9 38 3558.58
9 39 3651.91
9 40 3732.43
9 41 3801.33
9 42 3859.76
9 43 3908.74
9 44 3949.24
9 45 3982.07
9 46 4007.95
9 47 4027.46
9 48 4041.07
9 49 4049.1
9 50 4051.76
9 51 4049.1
9 52 4041.07
9 53 4027.46
9 54 4007.95
9 55 3982.07
9 56 3949.24
9 57 3908.74
9 58 3859.76
9 59 3801.33
9 60 3732.43
9 61 3651.91
9 62 3558.58
9 63 3451.21
9 64 3328.5
9 65 3189.26
9 66 3032.29
9 67 2856.57
9 68 2661.22
9 69 2445.67
9 70 2209.61
9 71 1953.23
9 72 1677.15
9 73 1382.61
9 74 1071.44
9 75 746.233
9 76 410.289
9 77 67.5863
9 78 -277.072
9 79 -618.373
9 80 -950.456
9 81 -1267.09
9 82 -1561.94
9 83 -1828.66
9 84 -2061.4
9 85 -2254.74
9 86 -2404.14
9 87 -2506.06
9 88 -2558.28
9 89 -2559.7
9 90 -2510.62
9 91 -2412.53
9 92 -2268.22
9 93 -2081.24
9 94 -1856.1
9 95 -1597.75
9 96 -1311.57
9 97 -1003.09
9 98 -677.952
9 99 -341.735
9 100 0

10 0 0
10 1 -371.825
10 2 -736.32
10 3 -1086.26
10 4 -1414.52
10 5 -1714.32
10 6 -1979.21
10 7 -2203.44
10 8 -2381.9
10 9 -2510.62
10 10 -2586.62
10 11 -2608.38
10 12 -2575.64
10 13 -2489.75
10 14 -2353.24
10 15 -2170.02
10 16 -1945.1
10 17 -1684.33
10 18 -1394.08
10 19 -1081.11
10 20 -752.186
10 21 -413.882
10 22 -72.3174
10 23 266.932
10 24 599.027
10 25 919.918
10 26 1226.29
10 27 1515.68
10 28 1786.34
10 29 2037.17
10 30 2267.71
10 31 2477.93
10 32 2668.26
10 33 2839.4
10 34 2992.3
10 35 3128.08
10 36 3247.95
10 37 3353.16
10 38 3444.96
10 39 3524.57
10 40 3593.17
10 41 3651.85
10 42 3701.63
10 43 3743.39
10 44 3777.96
10 45 3806.02
10 46 3828.18
10 47 3844.91
10 48 3856.6
10 49 3863.5
10 50 3865.79
10 51 3863.5
10 52 3856.6
10 53 3844.91
10 54 3828.18
10 55 3806.02
10 56 3777.96
10 57 3743.39
10 58 3701.63
10 59 3651.85
10 60 3593.17
10 61 3524.57
10 62 3444.96
10 63 3353.16
10 64 3247.95
10 65 3128.08
10 66 2992.3
10 67 2839.4
10 68 2668.26
10 69 2477.93
10 70 2267.71
10 71 2037.17
10 72 1786.34
10 73 1515.68
10 74 1226.29
10 75 919.918
10 76 599.027
10 77 266.932
10 78 -72.3174
10 79 -413.882
10 80 -752.186
10 81 -1081.11
10 82 -1394.08
10 83 -1684.33
10 84 -1945.1
10 85 -2170.02
10 86 -2353.24
10 87 -2489.75
10 88 -2575.64
10 89 -2608.38
10 90 -2586.62
10 91 -2510.62
10 92 -2381.9
10 93 -2203.44
10 94 -1979.21
10 95 -1714.32
10 96 -1414.52
10 97 -1086.26
10 98 -736.32
10 99 -371.825
10 100 0

11 0 0
11 1 -397.421
11 2 -785.582
11 3 -1155.38
11 4 -1498.18
11 5 -1805.93
11 6 -2071.46
11 7 -2288.59
11 8 -2452.5
11 9 -2559.7
11 10 -2608.38
11 11 -2598.27
11 12 -2530.9
11 13 -2409.11
11 14 -2237.35
11 15 -2021.17
11 16 -1767.05
11 17 -1482.02
11 18 -1173.46
11 19 -848.68
11 20 -514.734
11 21 -178.137
11 22 155.255
11 23 480.483
11 24 793.4
11 25 1090.78
11 26 1370.27
11 27 1630.29
11 28 1869.99
11 29 2089.15
11 30 2287.99
11 31 2467.19
11 32 2627.65
11 33 2770.53
11 34 2897.07
11 35 3008.59
11 36 3106.42
11 37 3191.85
11 38 3266.09
11 39 3330.32
11 40 3385.57
11 41 3432.81
11 42 3472.88
11 43 3506.55
11 44 3534.46
11 45 3557.17
11 46 3575.13
11 47 3588.73
11 48 3598.23
11 49 3603.86
11 50 3605.72
11 51 3603.86
11 52 3598.23
11 53 3588.73
11 54 3575.13
11 55 3557.17
11 56 3534.46
11 57 3506.55
11 58 3472.88
11 59 3432.81
11 60 3385.57
11 61 3330.32
11 62 3266.09
11 63 3191.85
11 64 3106.42
11 65 3008.59
11 66 2897.07
11 67 2770.53
11 68 2627.65
11 69 2467.19
11 70 2287.99
11 71 2089.15
11 72 1869.99
11 73 1630.29
11 74 1370.27
11 75 1090.78
11 76 793.4
11 77 480.483
11 78 155.255
11 79 -178.137
11 80 -514.734
11 81 -848.68
11 82 -1173.46
11 83 -1482.02
11 84 -1767.05
11 85 -2021.17
11 86 -2237.35
11 87 -2409.11
11 88 -2530.9
11 89 -2598.27
11 90 -2608.38
11 91 -2559.7
11 92 -2452.5
11 93 -2288.59
11 94 -2071.46
11 95 -1805.93
11 96 -1498.18
11 97 -1155.38
11 98 -785.582
11 99 -397.421
11 100 0

12 0 0
12 1 -417.515
12 2 -823.746
12 3 -1207.72
12 4 -1559.2
12 5 -1869
12 6 -2129.16
12 7 -2333.47
12 8 -2477.34
12 9 -2558.28
12 10 -2575.64
12 11 -2530.9
12 12 -2427.17
12 13 -2269.28
12 14 -2063.49
12 15 -1817.01
12 16 -1537.62
12 17 -1233.54
12 18 -912.782
12 19 -583.124
12 20 -251.561
12 21 75.6577
12 22 393.257
12 23 696.991
12 24 983.642
12 25 1250.99
12 26 1497.63
12 27 1723
12 28 1927.17
12 29 2110.68
12 30 2274.55
12 31 2419.94
12 32 2548.33
12 33 2661.13
12 34 2759.88
12 35 2846.01
12 36 2920.92
12 37 2985.86
12 38 3042
12 39 3090.38
12 40 3131.92
12 41 3167.4
12 42 3197.53
12 43 3222.88
12 44 3243.94
12 45 3261.13
12 46 3274.76
12 47 3285.11
12 48 3292.36
12 49 3296.66
12 50 3298.08
12 51 3296.66
12 52 3292.36
12 53 3285.11
12 54 3274.76
12 55 3261.13
12 56 3243.94
12 57 3222.88
12 58 3197.53
12 59 3167.4
12 60 3131.92
12 61 3090.38
12 62 3042
12 63 2985.86
12 64 2920.92
12 65 2846.01
12 66 2759.88
12 67 2661.13
12 68 2548.33
12 69 2419.94
12 70 2274.55
12 71 2110.68
12 72 1927.17
12 73 1723
12 74 1497.63
12 75 1250.99
12 76 983.642
12 77 696.991
12 78 393.257
12 79 75.6577
12 80 -251.561
12 81 -583.124
12 82 -912.782
12 83 -1233.54
12 84 -1537.62
12 85 -1817.01
12 86 -2063.49
12 87 -2269.28
12 88 -2427.17
12 89 -2530.9
12 90 -2575.64
12 91 -2558.28
12 92 -2477.34
12 93 -2333.47
12 94 -2129.16
12 95 -1869
12 96 -1559.2
12 97 -1207.72
12 98 -823.746
12 99 -417.515
12 100 0

13 0 0
13 1 -431.152
13 2 -849.007
13 3 -1240.73
13 4 -1594.62
13 5 -1900.3
13 6 -2149.4
13 7 -2335.59
13 8 -2455.01
13 9 -2506.06
13 10 -2489.75
13 11 -2409.11
13 12 -2269.28
13 13 -2077
13 14 -1840.23
13 15 -1567.68
13 16 -1268.47
13 17 -951.542
13 18 -625.494
13 19 -298.068
13 20 23.8736
13 21 334.695
13 22 629.855
13 23 906.077
13 24 1161.12
13 25 1393.83
13 26 1603.87
13 27 1791.6
13 28 1957.96
13 29 2104.28
13 30 2232.14
13 31 2343.28
13 32 2439.45
13 33 2522.4
13 34 2593.77
13 35 2655.08
13 36 2707.68
13 37 2752.8
13 38 2791.48
13 39 2824.63
13 40 2852.98
13 41 2877.19
13 42 2897.76
13 43 2915.12
13 44 2929.58
13 45 2941.45
13 46 2950.9
13 47 2958.11
13 48 2963.18
13 49 2966.19
13 50 2967.19
13 51 2966.19
13 52 2963.18
13 53 2958.11
13 54 2950.9
13 55 2941.45
13 56 2929.58
13 57 2915.12
13 58 2897.76
13 59 2877.19
13 60 2852.98
13 61 2824.63
13 62 2791.48
13 63 2752.8
13 64 2707.68
13 65 2655.08
13 66 2593.77
13 67 2522.4
13 68 2439.45
13 69 2343.28
13 70 2232.14
13 71 2104.28
13 72 1957.96
13 73 1791.6
13 74 1603.87
13 75 1393.83
13 76 1161.12
13 77 906.077
13 78 629.855
13 79 334.695
13 80 23.8736
13 81 -298.068
13 82 -625.494
13 83 -951.542
13 84 -1268.47
13 85 -1567.68
13 86 -1840.23
13 87 -2077
13 88 -2269.28
13 89 -2409.11
13 90 -2489.75
13 91 -2506.06
13 92 -2455.01
13 93 -2335.59
13 94 -2149.4
13 95 -1900.3
13 96 -1594.62
13 97 -1240.73
13 98 -849.007
13 99 -431.152
13 100 0

14 0 0
14 1 -437.5
14 2 -859.75
14 3 -1252.3
14 4 -1601.92
14 5 -1897.43
14 6 -2130.02
14 7 -2293.64
14 8 -2385.07
14 9 -2404.14
14 10 -2353.24
14 11 -2237.35
14 12 -2063.49
14 13 -1840.23
14 14 -1577.11
14 15 -1284.24
14 16 -971.629
14 17 -648.861
14 18 -324.627
14 19 -6.57078
14 20 299.075
14 21 587.34
14 22 854.707
14 23 1098.86
14 24 1318.74
14 25 1514.2
14 26 1685.88
14 27 1835.11
14 28 1963.54
14 29 2073.15
14 30 2166.05
14 31 2244.29
14 32 2309.94
14 33 2364.85
14 34 2410.73
14 35 2449.08
14 36 2481.21
14 37 2508.21
14 38 2530.99
14 39 2550.28
14 40 2566.7
14 41 2580.67
14 42 2592.58
14 43 2602.67
14 44 2611.16
14 45 2618.16
14 46 2623.8
14 47 2628.13
14 48 2631.2
14 49 2633.03
14 50 2633.64
14 51 2633.03
14 52 2631.2
14 53 2628.13
14 54 2623.8
14 55 2618.16
14 56 2611.16
14 57 2602.67
14 58 2592.58
14 59 2580.67
14 60 2566.7
14 61 2550.28
14 62 2530.99
14 63 2508.21
14 64 2481.21
14 65 2449.08
14 66 2410.73
14 67 2364.85
14 68 2309.94
14 69 2244.29
14 70 2166.05
14 71 2073.15
14 72 1963.54
14 73 1835.11
14 74 1685.88
14 75 1514.2
14 76 1318.74
14 77 1098.86
14 78 854.707
14 79 587.34
14 80 299.075
14 81 -6.57078
14 82 -324.627
14 83 -648.861
14 84 -971.629
14 85 -1284.24
14 86 -1577.11
14 87 -1840.23
14 88 -2063.49
14 89 -2237.35
14 90 -2353.24
14 91 -2404.14
14 92 -2385.07
14 93 -2293.64
14 94 -2130.02
14 95 -1897.43
14 96 -1601.92
14 97 -1252.3
14 98 -859.75
14 99 -437.5
14 100 0

15 0 0
15 1 -435.862
15 2 -854.771
15 3 -1240.72
15 4 -1579.35
15 5 -1858.72
15 6 -2069.98
15 7 -2207.3
15 8 -2268.54
15 9 -2254.74
15 10 -2170.02
15 11 -2021.17
15 12 -1817.01
15 13 -1567.68
15 14 -1284.24
15 15 -977.742
15 16 -658.962
15 17 -337.621
15 18 -22.3542
15 19 279.758
15 20 563.137
15 21 823.841
15 22 1059.38
15 23 1268.58
15 24 1451.4
15 25 1608.78
15 26 1742.26
15 27 1853.9
15 28 1946.03
15 29 2021.12
15 30 2081.58
15 31 2129.79
15 32 2167.85
15 33 2197.72
15 34 2221.05
15 35 2239.26
15 36 2253.53
15 37 2264.81
15 38 2273.85
15 39 2281.21
15 40 2287.34
15 41 2292.52
15 42 2296.97
15 43 2300.81
15 44 2304.12
15 45 2306.93
15 46 2309.26
15 47 2311.09
15 48 2312.42
15 49 2313.21
15 50 2313.48
15 51 2313.21
15 52 2312.42
15 53 2311.09
15 54 2309.26
15 55 2306.93
15 56 2304.12
15 57 2300.81
15 58 2296.97
15 59 2292.52
15 60 2287.34
15 61 2281.21
15 62 2273.85
15 63 2264.81
15 64 2253.53
15 65 2239.26
15 66 2221.05
15 67 2197.72
15 68 2167.85
15 69 2129.79
15 70 2081.58
15 71 2021.12
15 72 1946.03
15 73 1853.9
15 74 1742.26
15 75 1608.78
15 76 1451.4
15 77 1268.58
15 78 1059.38
15 79 823.841
15 80 563.137
15 81 279.758
15 82 -22.3542
15 83 -337.621
15 84 -658.962
15 85 -977.742
15 86 -1284.24
15 87 -1567.68
15 88 -1817.01
15 89 -2021.17
15 90 -2170.02
15 91 -2254.74
15 92 -2268.54
15 93 -2207.3
15 94 -2069.98
15 95 -1858.72
15 96 -1579.35
15 97 -1240.72
15 98 -854.771
15 99 -435.862
15 100 0

16 0 0
16 1 -425.755
16 2 -833.168
16 3 -1204.97
16 4 -1525.91
16 5 -1783.65
16 6 -1969.22
16 7 -2077.58
16 8 -2107.48
16 9 -2061.4
16 10 -1945.1
16 11 -1767.05
16 12 -1537.62
16 13 -1268.47
16 14 -971.629
16 15 -658.962
16 16 -341.433
16 17 -28.8135
16 18 270.834
16 19 551.055
16 20 807.326
16 21 1036.67
16 22 1237.8
16 23 1410.61
16 24 1556.13
16 25 1676.15
16 26 1773.04
16 27 1849.5
16 28 1908.28
16 29 1952.22
16 30 1983.94
16 31 2005.86
16 32 2020.18
16 33 2028.69
16 34 2033.03
16 35 2034.41
16 36 2033.89
16 37 2032.21
16 38 2029.99
16 39 2027.6
16 40 2025.34
16 41 2023.34
16 42 2021.71
16 43 2020.43
16 44 2019.5
16 45 2018.86
16 46 2018.46
16 47 2018.22
16 48 2018.1
16 49 2018.04
16 50 2018.04
16 51 2018.04
16 52 2018.1
16 53 2018.22
16 54 2018.46
16 55 2018.86
16 56 2019.5
16 57 2020.43
16 58 2021.71
16 59 2023.34
16 60 2025.34
16 61 2027.6
16 62 2029.99
16 63 2032.21
16 64 2033.89
16 65 2034.41
16 66 2033.03
16 67 2028.69
16 68 2020.18
16 69 2005.86
16 70 1983.94
16 71 1952.22
16 72 1908.28
16 73 1849.5
16 74 1773.04
16 75 1676.15
16 76 1556.13
16 77 1410.61
16 78 1237.8
16 79 1036.67
16 80 807.326
16 81 551.055
16 82 270.834
16 83 -28.8135
16 84 -341.433
16 85 -658.962
16 86 -971.629
16 87 -1268.47
16 88 -1537.62
16 89 -1767.05
16 90 -1945.1
16 91 -2061.4
16 92 -2107.48
16 93 -2077.58
16 94 -1969.22
16 95 -1783.65
16 96 -1525.91
16 97 -1204.97
16 98 -833.168
16 99 -425.755
16 100 0

17 0 0
17 1 -406.98
17 2 -794.612
17 3 -1144.71
17 4 -1441.53
17 5 -1672.47
17 6 -1828.93
17 7 -1906.54
17 8 -1905.16
17 9 -1828.66
17 10 -1684.33
17 11 -1482.02
17 12 -1233.54
17 13 -951.542
17 14 -648.861
17 15 -337.621
17 16 -28.8135
17 17 268.317
17 18 546.308
17 19 799.773
17 20 1025.13
17 21 1220.69
17 22 1386.17
17 23 1522.59
17 24 1631.85
17 25 1716.58
17 26 1779.71
17 27 1824.38
17 28 1853.72
17 29 1870.66
17 30 1877.9
17 31 1877.87
17 32 1872.58
17 33 1863.8
17 34 1852.88
17 35 1840.94
17 36 1828.78
17 37 1817.03
17 38 1806.05
17 39 1796.14
17 40 1787.39
17 41 1779.87
17 42 1773.52
17 43 1768.29
17 44 1764.06
17 45 1760.73
17 46 1758.19
17 47 1756.34
17 48 1755.07
17 49 1754.34
17 50 1754.1
17 51 1754.34
17 52 1755.07
17 53 1756.34
17 54 1758.19
17 55 1760.73
17 56 1764.06
17 57 1768.29
17 58 1773.52
17 59 1779.87
17 60 1787.39
17 61 1796.14
17 62 1806.05
17 63 1817.03
17 64 1828.78
17 65 1840.94
17 66 1852.88
17 67 1863.8
17 68 1872.58
17 69 1877.87
17 70 1877.9
17 71 1870.66
17 72 1853.72
17 73 1824.38
17 74 1779.71
17 75 1716.58
17 76 1631.85
17 77 1522.59
17 78 1386.17
17 79 1220.69
17 80 1025.13
17 81 799.773
17 82 546.308
17 83 268.317
17 84 -28.8135
17 85 -337.621
17 86 -648.861
17 87 -951.542
17 88 -1233.54
17 89 -1482.02
17 90 -1684.33
17 91 -1828.66
17 92 -1905.16
17 93 -1906.54
17 94 -1828.93
17 95 -1672.47
17 96 -1441.53
17 97 -1144.71
17 98 -794.612
17 99 -406.98
17 100 0

18 0 0
18 1 -379.594
18 2 -739.216
18 3 -1060.35
18 4 -1326.93
18 5 -1526.61
18 6 -1651.28
18 7 -1697.36
18 8 -1665.88
18 9 -1561.94
18 10 -1394.08
18 11 -1173.46
18 12 -912.782
18 13 -625.494
18 14 -324.627
18 15 -22.3542
18 16 270.834
18 17 546.308
18 18 797.648
18 19 1020.49
18 20 1212.5
18 21 1373.02
18 22 1502.93
18 23 1604.12
18 24 1679.35
18 25 1731.72
18 26 1764.73
18 27 1781.73
18 28 1785.97
18 29 1780.43
18 30 1767.73
18 31 1750.12
18 32 1729.51
18 33 1707.37
18 34 1684.91
18 35 1662.99
18 36 1642.25
18 37 1623.1
18 38 1605.78
18 39 1590.4
18 40 1576.98
18 41 1565.45
18 42 1555.7
18 43 1547.59
18 44 1540.96
18 45 1535.65
18 46 1531.54
18 47 1528.48
18 48 1526.37
18 49 1525.13
18 50 1524.73
18 51 1525.13
18 52 1526.37
18 53 1528.48
18 54 1531.54
18 55 1535.65
18 56 1540.96
18 57 1547.59
18 58 1555.7
18 59 1565.45
18 60 1576.98
18 61 1590.4
18 62 1605.78
18 63 1623.1
18 64 1642.25
18 65 1662.99
18 66 1684.91
18 67 1707.37
18 68 1729.51
18 69 1750.12
18 70 1767.73
18 71 1780.43
18 72 1785.97
18 73 1781.73
18 74 1764.73
18 75 1731.72
18 76 1679.35
18 77 1604.12
18 78 1502.93
18 79 1373.02
18 80 1212.5
18 81 1020.49
18 82 797.648
18 83 546.308
18 84 270.834
18 85 -22.3542
18 86 -324.627
18 87 -625.494
18 88 -912.782
18 89 -1173.46
18 90 -1394.08
18 91 -1561.94
18 92 -1665.88
18 93 -1697.36
18 94 -1651.28
18 95 -1526.61
18 96 -1326.93
18 97 -1060.35
18 98 -739.216
18 99 -379.594
18 100 0

19 0 0
19 1 -343.825
19 2 -667.634
19 3 -952.893
19 4 -1183.81
19 5 -1348.49
19 6 -1439.47
19 7 -1454.17
19 8 -1394.65
19 9 -1267.09
19 10 -1081.11
19 11 -848.68
19 12 -583.124
19 13 -298.068
19 14 -6.57078
19 15 279.758
19 16 551.055
19 17 799.773
19 18 1020.49
19 19 1210.13
19 20 1367.44
19 21 1492.95
19 22 1588.4
19 23 1656.53
19 24 1700.64
19 25 1724.36
19 26 1731.31
19 27 1725.01
19 28 1708.7
19 29 1685.2
19 30 1656.97
19 31 1626.06
19 32 1594.06
19 33 1562.29
19 34 1531.63
19 35 1502.81
19 36 1476.19
19 37 1452.06
19 38 1430.49
19 39 1411.51
19 40 1394.98
19 41 1380.81
19 42 1368.79
19 43 1358.75
19 44 1350.49
19 45 1343.85
19 46 1338.65
19 47 1334.76
19 48 1332.07
19 49 1330.48
19 50 1329.96
19 51 1330.48
19 52 1332.07
19 53 1334.76
19 54 1338.65
19 55 1343.85
19 56 1350.49
19 57 1358.75
19 58 1368.79
19 59 1380.81
19 60 1394.98
19 61 1411.51
19 62 1430.49
19 63 1452.06
19 64 1476.19
19 65 1502.81
19 66 1531.63
19 67 1562.29
19 68 1594.06
19 69 1626.06
19 70 1656.97
19 71 1685.2
19 72 1708.7
19 73 1725.01
19 74 1731.31
19 75 1724.36
19 76 1700.64
19 77 1656.53
19 78 1588.4
19 79 1492.95
19 80 1367.44
19 81 1210.13
19 82 1020.49
19 83 799.773
19 84 551.055
19 85 279.758
19 86 -6.57078
19 87 -298.068
19 88 -583.124
19 89 -848.68
19 90 -1081.11
19 91 -1267.09
19 92 -1394.65
19 93 -1454.17
19 94 -1439.47
19 95 -1348.49
19 96 -1183.81
19 97 -952.893
19 98 -667.634
19 99 -343.825
19 100 0

20 0 0
20 1 -300.228
20 2 -580.959
20 3 -824.079
20 4 -1014.59
20 5 -1141.24
20 6 -1197.54
20 7 -1181.83
20 8 -1097.1
20 9 -950.456
20 10 -752.186
20 11 -514.734
20 12 -251.561
20 13 23.8736
20 14 299.075
20 15 563.137
20 16 807.326
20 17 1025.13
20 18 1212.5
20 19 1367.44
20 20 1489.94
20 21 1581.38
20 22 1644.43
20 23 1682.35
20 24 1698.91
20 25 1697.9
20 26 1683.08
20 27 1657.89
20 28 1625.39
20 29 1588.22
20 30 1548.55
20 31 1508.13
20 32 1468.33
20 33 1430.11
20 34 1394.21
20 35 1361.04
20 36 1330.88
20 37 1303.78
20 38 1279.75
20 39 1258.65
20 40 1240.36
20 41 1224.64
20 42 1211.31
20 43 1200.12
20 44 1190.91
20 45 1183.45
20 46 1177.6
20 47 1173.18
20 48 1170.13
20 49 1168.32
20 50 1167.73
20 51 1168.32
20 52 1170.13
20 53 1173.18
20 54 1177.6
20 55 1183.45
20 56 1190.91
20 57 1200.12
20 58 1211.31
20 59 1224.64
20 60 1240.36
20 61 1258.65
20 62 1279.75
20 63 1303.78
20 64 1330.88
20 65 1361.04
20 66 1394.21
20 67 1430.11
20 68 1468.33
20 69 1508.13
20 70 1548.55
20 71 1588.22
20 72 1625.39
20 73 1657.89
20 74 1683.08
20 75 1697.9
20 76 1698.91
20 77 1682.35
20 78 1644.43
20 79 1581.38
20 80 1489.94
20 81 1367.44
20 82 1212.5
20 83 1025.13
20 84 807.326
20 85 563.137
20 86 299.075
20 87 23.8736
20 88 -251.561
20 89 -514.734
20 90 -752.186
20 91 -950.456
20 92 -1097.1
20 93 -1181.83
20 94 -1197.54
20 95 -1141.24
20 96 -1014.59
20 97 -824.079
20 98 -580.959
20 99 -300.228
20 100 0

21 0 0
21 1 -249.57
21 2 -480.629
21 3 -676.262
21 4 -822.331
21 5 -908.824
21 6 -930.153
21 7 -885.678
21 8 -779.194
21 9 -618.373
21 10 -413.882
21 11 -178.137
21 12 75.6577
21 13 334.695
21 14 587.34
21 15 823.841
21 16 1036.67
21 17 1220.69
21 18 1373.02
21 19 1492.95
21 20 1581.38
21 21 1640.67
21 22 1673.94
21 23 1685.01
21 24 1677.76
21 25 1656.14
21 26 1623.72
21 27 1583.8
21 28 1539.19
21 29 1492.17
21 30 1444.66
21 31 1398.05
21 32 1353.41
21 33 1311.47
21 34 1272.68
21 35 1237.31
21 36 1205.41
21 37 1176.98
21 38 1151.85
21 39 1129.88
21 40 1110.81
21 41 1094.45
21 42 1080.52
21 43 1068.84
21 44 1059.16
21 45 1051.32
21 46 1045.12
21 47 1040.46
21 48 1037.2
21 49 1035.29
21 50 1034.64
21 51 1035.29
21 52 1037.2
21 53 1040.46
21 54 1045.12
21 55 1051.32
21 56 1059.16
21 57 1068.84
21 58 1080.52
21 59 1094.45
21 60 1110.81
21 61 1129.88
21 62 1151.85
21 63 1176.98
21 64 1205.41
21 65 1237.31
21 66 1272.68
21 67 1311.47
21 68 1353.41
21 69 1398.05
21 70 1444.66
21 71 1492.17
21 72 1539.19
21 73 1583.8
21 74 1623.72
21 75 1656.14
21 76 1677.76
21 77 1685.01
21 78 1673.94
21 79 1640.67
21 80 1581.38
21 81 1492.95
21 82 1373.02
21 83 1220.69
21 84 1036.67
21 85 823.841
21 86 587.34
21 87 334.695
21 88 75.6577
21 89 -178.137
21 90 -413.882
21 91 -618.373
21 92 -779.194
21 93 -885.678
21 94 -930.153
21 95 -908.824
21 96 -822.331
21 97 -676.262
21 98 -480.629
21 99 -249.57
21 100 0

22 0 0
22 1 -192.761
22 2 -368.619
22 3 -512.126
22 4 -610.72
22 5 -655.592
22 6 -642.431
22 7 -571.39
22 8 -446.958
22 9 -277.072
22 10 -72.3174
22 11 155.255
22 12 393.257
22 13 629.855
22 14 854.707
22 15 1059.38
22 16 1237.8
22 17 1386.17
22 18 1502.93
22 19 1588.4
22 20 1644.43
22 21 1673.94
22 22 1680.6
22 23 1668.33
22 24 1641.16
22 25 1602.82
22 26 1556.77
22 27 1505.9
22 28 1452.74
22 29 1399.22
22 30 1346.87
22 31 1296.79
22 32 1249.74
22 33 1206.18
22 34 1166.39
22 35 1130.41
22 36 1098.2
22 37 1069.61
22 38 1044.44
22 39 1022.45
22 40 1003.39
22 41 987.012
22 42 973.064
22 43 961.323
22 44 951.579
22 45 943.65
22 46 937.38
22 47 932.637
22 48 929.323
22 49 927.361
22 50 926.714
22 51 927.361
22 52 929.323
22 53 932.637
22 54 937.38
22 55 943.65
22 56 951.579
22 57 961.323
22 58 973.064
22 59 987.012
22 60 1003.39
22 61 1022.45
22 62 1044.44
22 63 1069.61
22 64 1098.2
22 65 1130.41
22 66 1166.39
22 67 1206.18
22 68 1249.74
22 69 1296.79
22 70 1346.87
22 71 1399.22
22 72 1452.74
22 73 1505.9
22 74 1556.77
22 75 1602.82
22 76 1641.16
22 77 1668.33
22 78 1680.6
22 79 1673.94
22 80 1644.43
22 81 1588.4
22 82 1502.93
22 83 1386.17
22 84 1237.8
22 85 1059.38
22 86 854.707
22 87 629.855
22 88 393.257
22 89 155.255
22 90 -72.3174
22 91 -277.072
22 92 -446.958
22 93 -571.39
22 94 -642.431
22 95 -655.592
22 96 -610.72
22 97 -512.126
22 98 -368.619
22 99 -192.761
22 100 0

23 0 0
23 1 -130.887
23 2 -246.977
23 3 -334.823
23 4 -383.689
23 5 -386.354
23 6 -339.678
23 7 -244.738
23 8 -106.318
23 9 67.5863
23 10 266.932
23 11 480.483
23 12 696.991
23 13 906.077
23 14 1098.86
23 15 1268.58
23 16 1410.61
23 17 1522.59
23 18 1604.12
23 19 1656.53
23 20 1682.35
23 21 1685.01
23 22 1668.33
23 23 1636.37
23 24 1592.94
23 25 1541.59
23 26 1485.36
23 27 1426.89
23 28 1368.21
23 29 1310.91
23 30 1256.17
23 31 1204.74
23 32 1157.12
23 33 1113.58
23 34 1074.12
23 35 1038.72
23 36 1007.18
23 37 979.301
23 38 954.795
23 39 933.423
23 40 914.885
23 41 898.948
23 42 885.344
23 43 873.876
23 44 864.326
23 45 856.543
23 46 850.363
23 47 845.687
23 48 842.403
23 49 840.467
23 50 839.82
23 51 840.467
23 52 842.403
23 53 845.687
23 54 850.363
23 55 856.543
23 56 864.326
23 57 873.876
23 58 885.344
23 59 898.948
23 60 914.885
23 61 933.423
23 62 954.795
23 63 979.301
23 64 1007.18
23 65 1038.72
23 66 1074.12
23 67 1113.58
23 68 1157.12
23 69 1204.74
23 70 1256.17
23 71 1310.91
23 72 1368.21
23 73 1426.89
23 74 1485.36
23 75 1541.59
23 76 1592.94
23 77 1636.37
23 78 1668.33
23 79 1685.01
23 80 1682.35
23 81 1656.53
23 82 1604.12
23 83 1522.59
23 84 1410.61
23 85 1268.58
23 86 1098.86
23 87 906.077
23 88 696.991
23 89 480.483
23 90 266.932
23 91 67.5863
23 92 -106.318
23 93 -244.738
23 94 -339.678
23 95 -386.354
23 96 -383.689
23 97 -334.823
23 98 -246.977
23 99 -130.887
23 100 0

24 0 0
24 1 -65.1066
24 2 -117.971
24 3 -147.632
24 4 -145.436
24 5 -105.964
24 6 -27.3296
24 7 88.6936
24 8 237.083
24 9 410.289
24 10 599.027
24 11 793.4
24 12 983.642
24 13 1161.12
24 14 1318.74
24 15 1451.4
24 16 1556.13
24 17 1631.85
24 18 1679.35
24 19 1700.64
24 20 1698.91
24 21 1677.76
24 22 1641.16
24 23 1592.94
24 24 1536.69
24 25 1475.6
24 26 1412.31
24 27 1348.96
24 28 1287.24
24 29 1228.35
24 30 1173.06
24 31 1121.89
24 32 1075.08
24 33 1032.62
24 34 994.487
24 35 960.417
24 36 930.228
24 37 903.574
24 38 880.22
24 39 859.824
24 40 842.158
24 41 826.922
24 42 813.921
24 43 802.912
24 44 793.746
24 45 786.235
24 46 780.278
24 47 775.741
24 48 772.569
24 49 770.679
24 50 770.06
24 51 770.679
24 52 772.569
24 53 775.741
24 54 780.278
24 55 786.235
24 56 793.746
24 57 802.912
24 58 813.921
24 59 826.922
24 60 842.158
24 61 859.824
24 62 880.22
24 63 903.574
24 64 930.228
24 65 960.417
24 66 994.487
24 67 1032.62
24 68 1075.08
24 69 1121.89
24 70 1173.06
24 71 1228.35
24 72 1287.24
24 73 1348.96
24 74 1412.31
24 75 1475.6
24 76 1536.69
24 77 1592.94
24 78 1641.16
24 79 1677.76
24 80 1698.91
24 81 1700.64
24 82 1679.35
24 83 1631.85
24 84 1556.13
24 85 1451.4
24 86 1318.74
24 87 1161.12
24 88 983.642
24 89 793.4
24 90 599.027
24 91 410.289
24 92 237.083
24 93 88.6936
24 94 -27.3296
24 95 -105.964
24 96 -145.436
24 97 -147.632
24 98 -117.971
24 99 -65.1066
24 100 0

25 0 0
25 1 3.38938
25 2 16.0258
25 3 46.1123
25 4 99.827
25 5 180.758
25 6 289.437
25 7 423.543
25 8 578.103
25 9 746.233
25 10 919.918
25 11 1090.78
25 12 1250.99
25 13 1393.83
25 14 1514.2
25 15 1608.78
25 16 1676.15
25 17 1716.58
25 18 1731.72
25 19 1724.36
25 20 1697.9
25 21 1656.14
25 22 1602.82
25 23 1541.59
25 24 1475.6
25 25 1407.6
25 26 1339.78
25 27 1273.85
25 28 1211.03
25 29 1152.15
25 30 1097.72
25 31 1047.91
25 32 1002.79
25 33 962.199
25 34 925.926
25 35 893.703
25 36 865.2
25 37 840.121
25 38 818.13
25 39 798.96
25 40 782.307
25 41 767.96
25 42 755.659
25 43 745.257
25 44 736.539
25 45 729.416
25 46 723.718
25 47 719.405
25 48 716.352
25 49 714.562
25 50 713.95
25 51 714.562
25 52 716.352
25 53 719.405
25 54 723.718
25 55 729.416
25 56 736.539
25 57 745.257
25 58 755.659
25 59 767.96
25 60 782.307
25 61 798.96
25 62 818.13
25 63 840.121
25 64 865.2
25 65 893.703
25 66 925.926
25 67 962.199
25 68 1002.79
25 69 1047.91
25 70 1097.72
25 71 1152.15
25 72 1211.03
25 73 1273.85
25 74 1339.78
25 75 1407.6
25 76 1475.6
25 77 1541.59
25 78 1602.82
25 79 1656.14
25 80 1697.9
25 81 1724.36
25 82 1731.72
25 83 1716.58
25 84 1676.15
25 85 1608.78
25 86 1514.2
25 87 1393.83
25 88 1250.99
25 89 1090.78
25 90 919.918
25 91 746.233
25 92 578.103
25 93 423.543
25 94 289.437
25 95 180.758
25 96 99.827
25 97 46.1123
25 98 16.0258
25 99 3.38938
25 100 0

26 0 0
26 1 73.4052
26 2 152.737
26 3 243.081
26 4 348.035
26 5 469.136
26 6 605.726
26 7 754.944
26 8 912.171
26 9 1071.44
26 10 1226.29
26 11 1370.27
26 12 1497.63
26 13 1603.87
26 14 1685.88
26 15 1742.26
26 16 1773.04
26 17 1779.71
26 18 1764.73
26 19 1731.31
26 20 1683.08
26 21 1623.72
26 22 1556.77
26 23 1485.36
26 24 1412.31
26 25 1339.78
26 26 1269.51
26 27 1202.73
26 28 1140.27
26 29 1082.62
26 30 1029.94
26 31 982.266
26 32 939.389
26 33 901.073
26 34 867.008
26 35 836.832
26 36 810.221
26 37 786.817
26 38 766.319
26 39 748.423
26 40 732.879
26 41 719.446
26 42 707.93
26 43 698.145
26 44 689.954
26 45 683.218
26 46 677.848
26 47 673.749
26 48 670.87
26 49 669.155
26 50 668.59
26 51 669.155
26 52 670.87
26 53 673.749
26 54 677.848
26 55 683.218
26 56 689.954
26 57 698.145
26 58 707.93
26 59 719.446
26 60 732.879
26 61 748.423
26 62 766.319
26 63 786.817
26 64 810.221
26 65 836.832
26 66 867.008
26 67 901.073
26 68 939.389
26 69 982.266
26 70 1029.94
26 71 1082.62
26 72 1140.27
26 73 1202.73
26 74 1269.51
26 75 1339.78
26 76 1412.31
26 77 1485.36
26 78 1556.77
26 79 1623.72
26 80 1683.08
26 81 1731.31
26 82 1764.73
26 83 1779.71
26 84 1773.04
26 85 1742.26
26 86 1685.88
26 87 1603.87
26 88 1497.63
26 89 1370.27
26 90 1226.29
26 91 1071.44
26 92 912.171
26 93 754.944
26 94 605.726
26 95 469.136
26 96 348.035
26 97 243.081
26 98 152.737
26 99 73.4052
26 100 0

27 0 0
27 1 143.776
27 2 289.898
27 3 440.148
27 4 595.328
27 5 754.949
27 6 917.082
27 7 1078.6
27 8 1235.33
27 9 1382.61
27 10 1515.68
27 11 1630.29
27 12 1723
27 13 1791.6
27 14 1835.11
27 15 1853.9
27 16 1849.5
27 17 1824.38
27 18 1781.73
27 19 1725.01
27 20 1657.89
27 21 1583.8
27 22 1505.9
27 23 1426.89
27 24 1348.96
27 25 1273.85
27 26 1202.73
27 27 1136.43
27 28 1075.36
27 29 1019.71
27 30 969.416
27 31 924.249
27 32 883.927
27 33 848.077
27 34 816.313
27 35 788.266
27 36 763.556
27 37 741.846
27 38 722.824
27 39 706.206
27 40 691.752
27 41 679.239
27 42 668.491
27 43 659.341
27 44 651.663
27 45 645.34
27 46 640.287
27 47 636.426
27 48 633.709
27 49 632.092
27 50 631.556
27 51 632.092
27 52 633.709
27 53 636.426
27 54 640.287
27 55 645.34
27 56 651.663
27 57 659.341
27 58 668.491
27 59 679.239
27 60 691.752
27 61 706.206
27 62 722.824
27 63 741.846
27 64 763.556
27 65 788.266
27 66 816.313
27 67 848.077
27 68 883.927
27 69 924.249
27 70 969.416
27 71 1019.71
27 72 1075.36
27 73 1136.43
27 74 1202.73
27 75 1273.85
27 76 1348.96
27 77 1426.89
27 78 1505.9
27 79 1583.8
27 80 1657.89
27 81 1725.01
27 82 1781.73
27 83 1824.38
27 84 1849.5
27 85 1853.9
27 86 1835.11
27 87 1791.6
27 88 1723
27 89 1630.29
27 90 1515.68
27 91 1382.61
27 92 1235.33
27 93 1078.6
27 94 917.082
27 95 754.949
27 96 595.328
27 97 440.148
27 98 289.898
27 99 143.776
27 100 0

28 0 0
28 1 213.452
28 2 425.487
28 3 634.427
28 4 838.224
28 5 1034.3
28 6 1219.62
28 7 1390.8
28 8 1544.41
28 9 1677.15
28 10 1786.34
28 11 1869.99
28 12 1927.17
28 13 1957.96
28 14 1963.54
28 15 1946.03
28 16 1908.28
28 17 1853.72
28 18 1785.97
28 19 1708.7
28 20 1625.39
28 21 1539.19
28 22 1452.74
28 23 1368.21
28 24 1287.24
28 25 1211.03
28 26 1140.27
28 27 1075.36
28 28 1016.38
28 29 963.222
28 30 915.594
28 31 873.158
28 32 835.467
28 33 802.092
28 34 772.63
28 35 746.631
28 36 723.776
28 37 703.671
28 38 686.066
28 39 670.651
28 40 657.238
28 41 645.594
28 42 635.582
28 43 627.034
28 44 619.854
28 45 613.925
28 46 609.183
28 47 605.552
28 48 602.996
28 49 601.472
28 50 600.969
28 51 601.472
28 52 602.996
28 53 605.552
28 54 609.183
28 55 613.925
28 56 619.854
28 57 627.034
28 58 635.582
28 59 645.594
28 60 657.238
28 61 670.651
28 62 686.066
28 63 703.671
28 64 723.776
28 65 746.631
28 66 772.63
28 67 802.092
28 68 835.467
28 69 873.158
28 70 915.594
28 71 963.222
28 72 1016.38
28 73 1075.36
28 74 1140.27
28 75 1211.03
28 76 1287.24
28 77 1368.21
28 78 1452.74
28 79 1539.19
28 80 1625.39
28 81 1708.7
28 82 1785.97
28 83 1853.72
28 84 1908.28
28 85 1946.03
28 86 1963.54
28 87 1957.96
28 88 1927.17
28 89 1869.99
28 90 1786.34
28 91 1677.15
28 92 1544.41
28 93 1390.8
28 94 1219.62
28 95 1034.3
28 96 838.224
28 97 634.427
28 98 425.487
28 99 213.452
28 100 0

29 0 0
29 1 281.456
29 2 557.642
29 3 823.361
29 4 1073.66
29 5 1303.93
29 6 1510.03
29 7 1688.54
29 8 1836.82
29 9 1953.23
29 10 2037.17
29 11 2089.15
29 12 2110.68
29 13 2104.28
29 14 2073.15
29 15 2021.12
29 16 1952.22
29 17 1870.66
29 18 1780.43
29 19 1685.2
29 20 1588.22
29 21 1492.17
29 22 1399.22
29 23 1310.91
29 24 1228.35
29 25 1152.15
29 26 1082.62
29 27 1019.71
29 28 963.222
29 29 912.782
29 30 867.967
29 31 828.238
29 32 793.144
29 33 762.161
29 34 734.849
29 35 710.808
29 36 689.64
29 37 671.05
29 38 654.722
29 39 640.437
29 40 627.959
29 41 617.133
29 42 607.784
29 43 599.808
29 44 593.078
29 45 587.529
