0 0 0
0 1 0
0 2 0
0 3 0
0 4 0
0 5 0
0 6 0
0 7 0
0 8 0
0 9 0
0 10 0
0 11 0
0 12 0
0 13 0
0 14 0
0 15 0
0 16 0
0 17 0
0 18 0
0 19 0
0 20 0
0 21 0
0 22 0
0 23 0
0 24 0
0 25 0
0 26 0
0 27 0
0 28 0
0 29 0
0 30 0
0 31 0
0 32 0
0 33 0
0 34 0
0 35 0
0 36 0
0 37 0
0 38 0
0 39 0
0 40 0
0 41 0
0 42 0
0 43 0
0 44 0
0 45 0
0 46 0
0 47 0
0 48 0
0 49 0
0 50 0
0 51 0
0 52 0
0 53 0
0 54 0
0 55 0
0 56 0
0 57 0
0 58 0
0 59 0
0 60 0
0 61 0
0 62 0
0 63 0
0 64 0
0 65 0
0 66 0
0 67 0
0 68 0
0 69 0
0 70 0
0 71 0
0 72 0
0 73 0
0 74 0
0 75 0
0 76 0
0 77 0
0 78 0
0 79 0
0 80 0
0 81 0
0 82 0
0 83 0
0 84 0
0 85 0
0 86 0
0 87 0
0 88 0
0 89 0
0 90 0
0 91 0
0 92 0
0 93 0
0 94 0
0 95 0
0 96 0
0 97 0
0 98 0
0 99 0
0 100 0

1 0 0
1 1 65.253
1 2 130.389
1 3 195.274
1 4 259.624
1 5 323.055
1 6 385.034
1 7 444.827
1 8 501.634
1 9 554.514
1 10 602.494
1 11 644.656
1 12 680.12
1 13 708.165
1 14 728.266
1 15 740.094
1 16 743.582
1 17 738.9
1 18 726.473
1 19 706.872
1 20 680.886
1 21 649.409
1 22 613.405
1 23 573.891
1 24 531.853
1 25 488.247
1 26 443.926
1 27 399.705
1 28 356.25
1 29 314.118
1 30 273.755
1 31 235.521
1 32 199.649
1 33 166.293
1 34 135.566
1 35 107.43
1 36 81.8953
1 37 58.8668
1 38 38.2573
1 39 19.9399
1 40 3.79102
1 41 -10.3324
1 42 -22.5565
1 43 -33.0149
1 44 -41.8215
1 45 -49.0857
1 46 -54.8986
1 47 -59.3378
1 48 -62.4651
1 49 -64.323
1 50 -64.9401
1 51 -64.323
1 52 -62.4651
1 53 -59.3378
1 54 -54.8986
1 55 -49.0857
1 56 -41.8215
1 57 -33.0149
1 58 -22.5565
1 59 -10.3324
1 60 3.79102
1 61 19.9399
1 62 38.2573
1 63 58.8668
1 64 81.8953
1 65 107.43
1 66 135.566
1 67 166.293
1 68 199.649
1 69 235.521
1 70 273.755
1 71 314.118
1 72 356.25
1 73 399.705
1 74 443.926
1 75 488.247
1 76 531.853
1 77 573.891
1 78 613.405
1 79 649.409
1 80 680.886
1 81 706.872
1 82 726.473
1 83 738.9
1 84 743.582
1 85 740.094
1 86 728.266
1 87 708.165
1 88 680.12
1 89 644.656
1 90 602.494
1 91 554.514
1 92 501.634
1 93 444.827
1 94 385.034
1 95 323.055
1 96 259.624
1 97 195.274
1 98 130.389
1 99 65.253
1 100 0

2 0 0
2 1 130.389
2 2 260.426
2 3 389.718
2 4 517.614
2 5 643.286
2 6 765.634
2 7 883.252
2 8 994.585
2 9 1097.89
2 10 1191.33
2 11 1273.2
2 12 1341.88
2 13 1396.06
2 14 1434.79
2 15 1457.5
2 16 1464.11
2 17 1454.97
2 18 1430.86
2 19 1392.95
2 20 1342.73
2 21 1281.93
2 22 1212.37
2 23 1135.99
2 24 1054.69
2 25 970.31
2 26 884.5
2 27 798.764
2 28 714.428
2 29 632.584
2 30 554.1
2 31 479.6
2 32 409.647
2 33 344.528
2 34 284.382
2 35 229.292
2 36 179.183
2 37 133.925
2 38 93.3625
2 39 57.2491
2 40 25.3616
2 41 -2.56559
2 42 -26.7764
2 43 -47.5139
2 44 -65.0023
2 45 -79.4402
2 46 -91.0083
2 47 -99.8469
2 48 -106.08
2 49 -109.782
2 50 -111.014
2 51 -109.782
2 52 -106.08
2 53 -99.8469
2 54 -91.0083
2 55 -79.4402
2 56 -65.0023
2 57 -47.5139
2 58 -26.7764
2 59 -2.56559
2 60 25.3616
2 61 57.2491
2 62 93.3625
2 63 133.925
2 64 179.183
2 65 229.292
2 66 284.382
2 67 344.528
2 68 409.647
2 69 479.6
2 70 554.1
2 71 632.584
2 72 714.428
2 73 798.764
2 74 884.5
2 75 970.31
2 76 1054.69
2 77 1135.99
2 78 1212.37
2 79 1281.93
2 80 1342.73
2 81 1392.95
2 82 1430.86
2 83 1454.97
2 84 1464.11
2 85 1457.5
2 86 1434.79
2 87 1396.06
2 88 1341.88
2 89 1273.2
2 90 1191.33
2 91 1097.89
2 92 994.585
2 93 883.252
2 94 765.634
2 95 643.286
2 96 517.614
2 97 389.718
2 98 260.426
2 99 130.389
2 100 0

3 0 0
3 1 195.274
3 2 389.718
3 3 582.425
3 4 772.25
3 5 957.806
3 6 1137.42
3 7 1309.08
3 8 1470.6
3 9 1619.59
3 10 1753.65
3 11 1870.51
3 12 1968.1
3 13 2044.75
3 14 2099.27
3 15 2131
3 16 2139.93
3 17 2126.63
3 18 2092.27
3 19 2038.46
3 20 1967.33
3 21 1881.23
3 22 1782.75
3 23 1674.57
3 24 1559.33
3 25 1439.58
3 26 1317.62
3 27 1195.61
3 28 1075.38
3 29 958.464
3 30 846.089
3 31 739.273
3 32 638.69
3 33 544.811
3 34 457.966
3 35 378.15
3 36 305.4
3 37 239.527
3 38 180.317
3 39 127.483
3 40 80.705
3 41 39.6406
3 42 3.95894
3 43 -26.6729
3 44 -52.5532
3 45 -73.9621
3 46 -91.137
3 47 -104.282
3 48 -113.555
3 49 -119.072
3 50 -120.904
3 51 -119.072
3 52 -113.555
3 53 -104.282
3 54 -91.137
3 55 -73.9621
3 56 -52.5532
3 57 -26.6729
3 58 3.95894
3 59 39.6406
3 60 80.705
3 61 127.483
3 62 180.317
3 63 239.527
3 64 305.4
3 65 378.15
3 66 457.966
3 67 544.811
3 68 638.69
3 69 739.273
3 70 846.089
3 71 958.464
3 72 1075.38
3 73 1195.61
3 74 1317.62
3 75 1439.58
3 76 1559.33
3 77 1674.57
3 78 1782.75
3 79 1881.23
3 80 1967.33
3 81 2038.46
3 82 2092.27
3 83 2126.63
3 84 2139.93
3 85 2131
3 86 2099.27
3 87 2044.75
3 88 1968.1
3 89 1870.51
3 90 1753.65
3 91 1619.59
3 92 1470.6
3 93 1309.08
3 94 1137.42
3 95 957.806
3 96 772.25
3 97 582.425
3 98 389.718
3 99 195.274
3 100 0

4 0 0
4 1 259.624
4 2 517.614
4 3 772.25
4 4 1021.66
4 5 1263.75
4 6 1496.23
4 7 1716.59
4 8 1922.16
4 9 2110.24
4 10 2278.13
4 11 2423.38
4 12 2543.81
4 13 2637.73
4 14 2703.98
4 15 2742.05
4 16 2752.1
4 17 2734.98
4 18 2692.15
4 19 2625.67
4 20 2538.06
4 21 2432.18
4 22 2311.12
4 23 2178.08
4 24 2036.21
4 25 1888.56
4 26 1737.95
4 27 1586.94
4 28 1437.77
4 29 1292.33
4 30 1152.19
4 31 1018.52
4 32 892.29
4 33 774.123
4 34 664.346
4 35 563.209
4 36 470.644
4 37 386.559
4 38 310.715
4 39 242.799
4 40 182.467
4 41 129.337
4 42 83.0222
4 43 43.155
4 44 9.37643
4 45 -18.6259
4 46 -41.1409
4 47 -58.3971
4 48 -70.59
4 49 -77.8477
4 50 -80.2604
4 51 -77.8477
4 52 -70.59
4 53 -58.3971
4 54 -41.1409
4 55 -18.6259
4 56 9.37643
4 57 43.155
4 58 83.0222
4 59 129.337
4 60 182.467
4 61 242.799
4 62 310.715
4 63 386.559
4 64 470.644
4 65 563.209
4 66 664.346
4 67 774.123
4 68 892.29
4 69 1018.52
4 70 1152.19
4 71 1292.33
4 72 1437.77
4 73 1586.94
4 74 1737.95
4 75 1888.56
4 76 2036.21
4 77 2178.08
4 78 2311.12
4 79 2432.18
4 80 2538.06
4 81 2625.67
4 82 2692.15
4 83 2734.98
4 84 2752.1
4 85 2742.05
4 86 2703.98
4 87 2637.73
4 88 2543.81
4 89 2423.38
4 90 2278.13
4 91 2110.24
4 92 1922.16
4 93 1716.59
4 94 1496.23
4 95 1263.75
4 96 1021.66
4 97 772.25
4 98 517.614
4 99 259.624
4 100 0

5 0 0
5 1 323.055
5 2 643.286
5 3 957.806
5 4 1263.75
5 5 1558.18
5 6 1838.13
5 7 2100.67
5 8 2342.89
5 9 2562.04
5 10 2755.58
5 11 2921.21
5 12 3057.13
5 13 3161.97
5 14 3234.96
5 15 3275.94
5 16 3285.45
5 17 3264.63
5 18 3215.27
5 19 3139.69
5 20 3040.7
5 21 2921.4
5 22 2785.16
5 23 2635.39
5 24 2475.54
5 25 2308.9
5 26 2138.56
5 27 1967.32
5 28 1797.64
5 29 1631.68
5 30 1471.15
5 31 1317.52
5 32 1171.82
5 33 1034.85
5 34 907.136
5 35 788.892
5 36 680.259
5 37 581.132
5 38 491.33
5 39 410.591
5 40 338.564
5 41 274.888
5 42 219.179
5 43 171.054
5 44 130.159
5 45 96.1524
5 46 68.7547
5 47 47.7044
5 48 32.8187
5 49 23.9392
5 50 20.9942
5 51 23.9392
5 52 32.8187
5 53 47.7044
5 54 68.7547
5 55 96.1524
5 56 130.159
5 57 171.054
5 58 219.179
5 59 274.888
5 60 338.564
5 61 410.591
5 62 491.33
5 63 581.132
5 64 680.259
5 65 788.892
5 66 907.136
5 67 1034.85
5 68 1171.82
5 69 1317.52
5 70 1471.15
5 71 1631.68
5 72 1797.64
5 73 1967.32
5 74 2138.56
5 75 2308.9
5 76 2475.54
5 77 2635.39
5 78 2785.16
5 79 2921.4
5 80 3040.7
5 81 3139.69
5 82 3215.27
5 83 3264.63
5 84 3285.45
5 85 3275.94
5 86 3234.96
5 87 3161.97
5 88 3057.13
5 89 2921.21
5 90 2755.58
5 91 2562.04
5 92 2342.89
5 93 2100.67
5 94 1838.13
5 95 1558.18
5 96 1263.75
5 97 957.806
5 98 643.286
5 99 323.055
5 100 0

6 0 0
6 1 385.034
6 2 765.634
6 3 1137.42
6 4 1496.23
6 5 1838.13
6 6 2159.45
6 7 2456.94
6 8 2727.65
6 9 2969.11
6 10 3179.28
6 11 3356.54
6 12 3499.81
6 13 3608.52
6 14 3682.58
6 15 3722.51
6 16 3729.32
6 17 3704.61
6 18 3650.4
6 19 3569.27
6 20 3464.04
6 21 3337.87
6 22 3194.13
6 23 3036.24
6 24 2867.62
6 25 2691.5
6 26 2511.06
6 27 2329.11
6 28 2148.2
6 29 1970.49
6 30 1797.93
6 31 1632.01
6 32 1473.9
6 33 1324.56
6 34 1184.55
6 35 1054.34
6 36 934.044
6 37 823.758
6 38 723.338
6 39 632.607
6 40 551.294
6 41 479.085
6 42 415.642
6 43 360.628
6 44 313.708
6 45 274.578
6 46 242.96
6 47 218.622
6 48 201.376
6 49 191.083
6 50 187.662
6 51 191.083
6 52 201.376
6 53 218.622
6 54 242.96
6 55 274.578
6 56 313.708
6 57 360.628
6 58 415.642
6 59 479.085
6 60 551.294
6 61 632.607
6 62 723.338
6 63 823.758
6 64 934.044
6 65 1054.34
6 66 1184.55
6 67 1324.56
6 68 1473.9
6 69 1632.01
6 70 1797.93
6 71 1970.49
6 72 2148.2
6 73 2329.11
6 74 2511.06
6 75 2691.5
6 76 2867.62
6 77 3036.24
6 78 3194.13
6 79 3337.87
6 80 3464.04
6 81 3569.27
6 82 3650.4
6 83 3704.61
6 84 3729.32
6 85 3722.51
6 86 3682.58
6 87 3608.52
6 88 3499.81
6 89 3356.54
6 90 3179.28
6 91 2969.11
6 92 2727.65
6 93 2456.94
6 94 2159.45
6 95 1838.13
6 96 1496.23
6 97 1137.42
6 98 765.634
6 99 385.034
6 100 0

7 0 0
7 1 444.827
7 2 883.252
7 3 1309.08
7 4 1716.59
7 5 2100.67
7 6 2456.94
7 7 2781.86
7 8 3072.69
7 9 3327.52
7 10 3545.2
7 11 3725.15
7 12 3867.49
7 13 3972.75
7 14 4041.94
7 15 4076.46
7 16 4078.06
7 17 4048.77
7 18 3990.96
7 19 3907.22
7 20 3800.38
7 21 3673.43
7 22 3529.5
7 23 3371.71
7 24 3203.19
7 25 3026.99
7 26 2846.01
7 27 2662.92
7 28 2480.09
7 29 2299.76
7 30 2123.74
7 31 1953.6
7 32 1790.59
7 33 1635.72
7 34 1489.72
7 35 1353.09
7 36 1226.2
7 37 1109.16
7 38 1002.01
7 39 904.665
7 40 816.97
7 41 738.711
7 42 669.641
7 43 609.485
7 44 557.995
7 45 514.898
7 46 479.986
7 47 453.04
7 48 433.92
7 49 422.488
7 50 418.693
7 51 422.488
7 52 433.92
7 53 453.04
7 54 479.986
7 55 514.898
7 56 557.995
7 57 609.485
7 58 669.641
7 59 738.711
7 60 816.97
7 61 904.665
7 62 1002.01
7 63 1109.16
7 64 1226.2
7 65 1353.09
7 66 1489.72
7 67 1635.72
7 68 1790.59
7 69 1953.6
7 70 2123.74
7 71 2299.76
7 72 2480.09
7 73 2662.92
7 74 2846.01
7 75 3026.99
7 76 3203.19
7 77 3371.71
7 78 3529.5
7 79 3673.43
7 80 3800.38
7 81 3907.22
7 82 3990.96
7 83 4048.77
7 84 4078.06
7 85 4076.46
7 86 4041.94
7 87 3972.75
7 88 3867.49
7 89 3725.15
7 90 3545.2
7 91 3327.52
7 92 3072.69
7 93 2781.86
7 94 2456.94
7 95 2100.67
7 96 1716.59
7 97 1309.08
7 98 883.252
7 99 444.827
7 100 0

8 0 0
8 1 501.634
8 2 994.585
8 3 1470.6
8 4 1922.16
8 5 2342.89
8 6 2727.65
8 7 3072.69
8 8 3375.63
8 9 3635.38
8 10 3851.9
8 11 4026.12
8 12 4159.58
8 13 4254.37
8 14 4312.81
8 15 4337.48
8 16 4330.95
8 17 4295.89
8 18 4234.93
8 19 4150.74
8 20 4045.96
8 21 3923.27
8 22 3785.34
8 23 3634.83
8 24 3474.36
8 25 3306.5
8 26 3133.71
8 27 2958.3
8 28 2782.45
8 29 2608.05
8 30 2436.89
8 31 2270.47
8 32 2110
8 33 1956.55
8 34 1810.94
8 35 1673.83
8 36 1545.6
8 37 1426.62
8 38 1317
8 39 1216.82
8 40 1126.07
8 41 1044.65
8 42 972.428
8 43 909.256
8 44 854.952
8 45 809.355
8 46 772.292
8 47 743.631
8 48 723.242
8 49 711.049
8 50 706.987
8 51 711.049
8 52 723.242
8 53 743.631
8 54 772.292
8 55 809.355
8 56 854.952
8 57 909.256
8 58 972.428
8 59 1044.65
8 60 1126.07
8 61 1216.82
8 62 1317
8 63 1426.62
8 64 1545.6
8 65 1673.83
8 66 1810.94
8 67 1956.55
8 68 2110
8 69 2270.47
8 70 2436.89
8 71 2608.05
8 72 2782.45
8 73 2958.3
8 74 3133.71
8 75 3306.5
8 76 3474.36
8 77 3634.83
8 78 3785.34
8 79 3923.27
8 80 4045.96
8 81 4150.74
8 82 4234.93
8 83 4295.89
8 84 4330.95
8 85 4337.48
8 86 4312.81
8 87 4254.37
8 88 4159.58
8 89 4026.12
8 90 3851.9
8 91 3635.38
8 92 3375.63
8 93 3072.69
8 94 2727.65
8 95 2342.89
8 96 1922.16
8 97 1470.6
8 98 994.585
8 99 501.634
8 100 0

9 0 0
9 1 554.514
9 2 1097.89
9 3 1619.59
9 4 2110.24
9 5 2562.04
9 6 2969.11
9 7 3327.52
9 8 3635.38
9 9 3892.51
9 10 4100.32
9 11 4261.36
9 12 4378.96
9 13 4456.92
9 14 4499.23
9 15 4509.68
9 16 4491.97
9 17 4449.39
9 18 4384.97
9 19 4301.36
9 20 4201.01
9 21 4086.14
9 22 3958.85
9 23 3821.18
9 24 3675.06
9 25 3522.43
9 26 3365.11
9 27 3204.96
9 28 3043.66
9 29 2882.85
9 30 2724.04
9 31 2568.54
9 32 2417.57
9 33 2272.14
9 34 2133.13
9 35 2001.23
9 36 1877.06
9 37 1760.96
9 38 1653.33
9 39 1554.31
9 40 1464.06
9 41 1382.63
9 42 1310.02
9 43 1246.21
9 44 1191.12
9 45 1144.69
9 46 1106.84
9 47 1077.49
9 48 1056.58
9 49 1044.05
9 50 1039.88
9 51 1044.05
9 52 1056.58
9 53 1077.49
9 54 1106.84
9 55 1144.69
9 56 1191.12
9 57 1246.21
9 58 1310.02
9 59 1382.63
9 60 1464.06
9 61 1554.31
9 62 1653.33
9 63 1760.96
9 64 1877.06
9 65 2001.23
9 66 2133.13
9 67 2272.14
9 68 2417.57
9 69 2568.54
9 70 2724.04
9 71 2882.85
9 72 3043.66
9 73 3204.96
9 74 3365.11
9 75 3522.43
9 76 3675.06
9 77 3821.18
9 78 3958.85
9 79 4086.14
9 80 4201.01
9 81 4301.36
9 82 4384.97
9 83 4449.39
9 84 4491.97
9 85 4509.68
9 86 4499.23
9 87 4456.92
9 88 4378.96
9 89 4261.36
9 90 4100.32
9 91 3892.51
9 92 3635.38
9 93 3327.52
9 94 2969.11
9 95 2562.04
9 96 2110.24
9 97 1619.59
9 98 1097.89
9 99 554.514
9 100 0

10 0 0
10 1 602.494
10 2 1191.33
10 3 1753.65
10 4 2278.13
10 5 2755.58
10 6 3179.28
10 7 3545.2
10 8 3851.9
10 9 4100.32
10 10 4293.3
10 11 4435.23
10 12 4531.3
10 13 4587.23
10 14 4608.7
10 15 4601.06
10 16 4569.08
10 17 4516.88
10 18 4447.83
10 19 4364.68
10 20 4269.63
10 21 4164.46
10 22 4050.59
10 23 3929.34
10 24 3801.88
10 25 3669.34
10 26 3532.91
10 27 3393.7
10 28 3252.96
10 29 3111.85
10 30 2971.52
10 31 2833.08
10 32 2697.59
10 33 2565.99
10 34 2439.14
10 35 2317.81
10 36 2202.61
10 37 2094.13
10 38 1992.74
10 39 1898.85
10 40 1812.69
10 41 1734.49
10 42 1664.36
10 43 1602.42
10 44 1548.7
10 45 1503.26
10 46 1466.08
10 47 1437.19
10 48 1416.54
10 49 1404.18
10 50 1400.04
10 51 1404.18
10 52 1416.54
10 53 1437.19
10 54 1466.08
10 55 1503.26
10 56 1548.7
10 57 1602.42
10 58 1664.36
10 59 1734.49
10 60 1812.69
10 61 1898.85
10 62 1992.74
10 63 2094.13
10 64 2202.61
10 65 2317.81
10 66 2439.14
10 67 2565.99
10 68 2697.59
10 69 2833.08
10 70 2971.52
10 71 3111.85
10 72 3252.96
10 73 3393.7
10 74 3532.91
10 75 3669.34
10 76 3801.88
10 77 3929.34
10 78 4050.59
10 79 4164.46
10 80 4269.63
10 81 4364.68
10 82 4447.83
10 83 4516.88
10 84 4569.08
10 85 4601.06
10 86 4608.7
10 87 4587.23
10 88 4531.3
10 89 4435.23
10 90 4293.3
10 91 4100.32
10 92 3851.9
10 93 3545.2
10 94 3179.28
10 95 2755.58
10 96 2278.13
10 97 1753.65
10 98 1191.33
10 99 602.494
10 100 0

11 0 0
11 1 644.656
11 2 1273.2
11 3 1870.51
11 4 2423.38
11 5 2921.21
11 6 3356.54
11 7 3725.15
11 8 4026.12
11 9 4261.36
11 10 4435.23
11 11 4553.83
11 12 4624.36
11 13 4654.4
11 14 4651.5
11 15 4622.48
11 16 4573.39
11 17 4509.16
11 18 4433.67
11 19 4349.78
11 20 4259.5
11 21 4164.15
11 22 4064.51
11 23 3961.16
11 24 3854.46
11 25 3744.74
11 26 3632.31
11 27 3517.72
11 28 3401.54
11 29 3284.37
11 30 3167
11 31 3050.22
11 32 2934.88
11 33 2821.77
11 34 2711.69
11 35 2605.38
11 36 2503.55
11 37 2406.74
11 38 2315.57
11 39 2230.43
11 40 2151.75
11 41 2079.84
11 42 2014.96
11 43 1957.35
11 44 1907.14
11 45 1864.49
11 46 1829.48
11 47 1802.19
11 48 1782.66
11 49 1770.94
11 50 1767.02
11 51 1770.94
11 52 1782.66
11 53 1802.19
11 54 1829.48
11 55 1864.49
11 56 1907.14
11 57 1957.35
11 58 2014.96
11 59 2079.84
11 60 2151.75
11 61 2230.43
11 62 2315.57
11 63 2406.74
11 64 2503.55
11 65 2605.38
11 66 2711.69
11 67 2821.77
11 68 2934.88
11 69 3050.22
11 70 3167
11 71 3284.37
11 72 3401.54
11 73 3517.72
11 74 3632.31
11 75 3744.74
11 76 3854.46
11 77 3961.16
11 78 4064.51
11 79 4164.15
11 80 4259.5
11 81 4349.78
11 82 4433.67
11 83 4509.16
11 84 4573.39
11 85 4622.48
11 86 4651.5
11 87 4654.4
11 88 4624.36
11 89 4553.83
11 90 4435.23
11 91 4261.36
11 92 4026.12
11 93 3725.15
11 94 3356.54
11 95 2921.21
11 96 2423.38
11 97 1870.51
11 98 1273.2
11 99 644.656
11 100 0

12 0 0
12 1 680.12
12 2 1341.88
12 3 1968.1
12 4 2543.81
12 5 3057.13
12 6 3499.81
12 7 3867.49
12 8 4159.58
12 9 4378.96
12 10 4531.3
12 11 4624.36
12 12 4667.12
12 13 4669.09
12 14 4639.47
12 15 4586.72
12 16 4518.08
12 17 4439.45
12 18 4355.22
12 19 4268.51
12 20 4181.17
12 21 4094.17
12 22 4007.77
12 23 3921.77
12 24 3835.79
12 25 3749.28
12 26 3661.9
12 27 3573.36
12 28 3483.55
12 29 3392.62
12 30 3300.81
12 31 3208.57
12 32 3116.46
12 33 3025.09
12 34 2935.12
12 35 2847.24
12 36 2762.09
12 37 2680.35
12 38 2602.54
12 39 2529.26
12 40 2460.94
12 41 2398.02
12 42 2340.87
12 43 2289.8
12 44 2245.06
12 45 2206.88
12 46 2175.41
12 47 2150.81
12 48 2133.16
12 49 2122.56
12 50 2119.01
12 51 2122.56
12 52 2133.16
12 53 2150.81
12 54 2175.41
12 55 2206.88
12 56 2245.06
12 57 2289.8
12 58 2340.87
12 59 2398.02
12 60 2460.94
12 61 2529.26
12 62 2602.54
12 63 2680.35
12 64 2762.09
12 65 2847.24
12 66 2935.12
12 67 3025.09
12 68 3116.46
12 69 3208.57
12 70 3300.81
12 71 3392.62
12 72 3483.55
12 73 3573.36
12 74 3661.9
12 75 3749.28
12 76 3835.79
12 77 3921.77
12 78 4007.77
12 79 4094.17
12 80 4181.17
12 81 4268.51
12 82 4355.22
12 83 4439.45
12 84 4518.08
12 85 4586.72
12 86 4639.47
12 87 4669.09
12 88 4667.12
12 89 4624.36
12 90 4531.3
12 91 4378.96
12 92 4159.58
12 93 3867.49
12 94 3499.81
12 95 3057.13
12 96 2543.81
12 97 1968.1
12 98 1341.88
12 99 680.12
12 100 0

13 0 0
13 1 708.165
13 2 1396.06
13 3 2044.75
13 4 2637.73
13 5 3161.97
13 6 3608.52
13 7 3972.75
13 8 4254.37
13 9 4456.92
13 10 4587.23
13 11 4654.4
13 12 4669.09
13 13 4642.39
13 14 4585.16
13 15 4507.33
13 16 4417.4
13 17 4322.17
13 18 4226.76
13 19 4134.51
13 20 4047.34
13 21 3965.98
13 22 3890.23
13 23 3819.29
13 24 3752.02
13 25 3687.24
13 26 3623.75
13 27 3560.58
13 28 3497.01
13 29 3432.54
13 30 3366.97
13 31 3300.33
13 32 3232.85
13 33 3164.89
13 34 3096.94
13 35 3029.56
13 36 2963.34
13 37 2898.87
13 38 2836.8
13 39 2777.6
13 40 2721.88
13 41 2670.05
13 42 2622.59
13 43 2579.86
13 44 2542.2
13 45 2509.87
13 46 2483.13
13 47 2462.13
13 48 2447.04
13 49 2437.93
13 50 2434.9
13 51 2437.93
13 52 2447.04
13 53 2462.13
13 54 2483.13
13 55 2509.87
13 56 2542.2
13 57 2579.86
13 58 2622.59
13 59 2670.05
13 60 2721.88
13 61 2777.6
13 62 2836.8
13 63 2898.87
13 64 2963.34
13 65 3029.56
13 66 3096.94
13 67 3164.89
13 68 3232.85
13 69 3300.33
13 70 3366.97
13 71 3432.54
13 72 3497.01
13 73 3560.58
13 74 3623.75
13 75 3687.24
13 76 3752.02
13 77 3819.29
13 78 3890.23
13 79 3965.98
13 80 4047.34
13 81 4134.51
13 82 4226.76
13 83 4322.17
13 84 4417.4
13 85 4507.33
13 86 4585.16
13 87 4642.39
13 88 4669.09
13 89 4654.4
13 90 4587.23
13 91 4456.92
13 92 4254.37
13 93 3972.75
13 94 3608.52
13 95 3161.97
13 96 2637.73
13 97 2044.75
13 98 1396.06
13 99 708.165
13 100 0

14 0 0
14 1 728.266
14 2 1434.79
14 3 2099.27
14 4 2703.98
14 5 3234.96
14 6 3682.58
14 7 4041.94
14 8 4312.81
14 9 4499.23
14 10 4608.7
14 11 4651.5
14 12 4639.47
14 13 4585.16
14 14 4500.8
14 15 4397.72
14 16 4285.51
14 17 4172.02
14 18 4063.01
14 19 3962.3
14 20 3871.98
14 21 3792.65
14 22 3723.84
14 23 3664.25
14 24 3612.24
14 25 3565.92
14 26 3523.45
14 27 3483.22
14 28 3443.82
14 29 3404.27
14 30 3363.83
14 31 3322.1
14 32 3278.97
14 33 3234.53
14 34 3189.03
14 35 3142.84
14 36 3096.47
14 37 3050.44
14 38 3005.27
14 39 2961.54
14 40 2919.74
14 41 2880.38
14 42 2843.93
14 43 2810.78
14 44 2781.33
14 45 2755.87
14 46 2734.68
14 47 2717.97
14 48 2705.92
14 49 2698.64
14 50 2696.21
14 51 2698.64
14 52 2705.92
14 53 2717.97
14 54 2734.68
14 55 2755.87
14 56 2781.33
14 57 2810.78
14 58 2843.93
14 59 2880.38
14 60 2919.74
14 61 2961.54
14 62 3005.27
14 63 3050.44
14 64 3096.47
14 65 3142.84
14 66 3189.03
14 67 3234.53
14 68 3278.97
14 69 3322.1
14 70 3363.83
14 71 3404.27
14 72 3443.82
14 73 3483.22
14 74 3523.45
14 75 3565.92
14 76 3612.24
14 77 3664.25
14 78 3723.84
14 79 3792.65
14 80 3871.98
14 81 3962.3
14 82 4063.01
14 83 4172.02
14 84 4285.51
14 85 4397.72
14 86 4500.8
14 87 4585.16
14 88 4639.47
14 89 4651.5
14 90 4608.7
14 91 4499.23
14 92 4312.81
14 93 4041.94
14 94 3682.58
14 95 3234.96
14 96 2703.98
14 97 2099.27
14 98 1434.79
14 99 728.266
14 100 0

15 0 0
15 1 740.094
15 2 1457.5
15 3 2131
15 4 2742.05
15 5 3275.94
15 6 3722.51
15 7 4076.46
15 8 4337.48
15 9 4509.68
15 10 4601.06
15 11 4622.48
15 12 4586.72
15 13 4507.33
15 14 4397.72
15 15 4270.27
15 16 4135.76
15 17 4002.93
15 18 3878.34
15 19 3766.33
15 20 3669.3
15 21 3587.96
15 22 3521.68
15 23 3468.96
15 24 3427.62
15 25 3395.33
15 26 3369.71
15 27 3348.5
15 28 3329.81
15 29 3312.09
15 30 3294.14
15 31 3275.14
15 32 3254.6
15 33 3232.3
15 34 3208.26
15 35 3182.65
15 36 3155.79
15 37 3128.08
15 38 3100.01
15 39 3071.99
15 40 3044.59
15 41 3018.21
15 42 2993.35
15 43 2970.39
15 44 2949.72
15 45 2931.66
15 46 2916.51
15 47 2904.48
15 48 2895.76
15 49 2890.47
15 50 2888.71
15 51 2890.47
15 52 2895.76
15 53 2904.48
15 54 2916.51
15 55 2931.66
15 56 2949.72
15 57 2970.39
15 58 2993.35
15 59 3018.21
15 60 3044.59
15 61 3071.99
15 62 3100.01
15 63 3128.08
15 64 3155.79
15 65 3182.65
15 66 3208.26
15 67 3232.3
15 68 3254.6
15 69 3275.14
15 70 3294.14
15 71 3312.09
15 72 3329.81
15 73 3348.5
15 74 3369.71
15 75 3395.33
15 76 3427.62
15 77 3468.96
15 78 3521.68
15 79 3587.96
15 80 3669.3
15 81 3766.33
15 82 3878.34
15 83 4002.93
15 84 4135.76
15 85 4270.27
15 86 4397.72
15 87 4507.33
15 88 4586.72
15 89 4622.48
15 90 4601.06
15 91 4509.68
15 92 4337.48
15 93 4076.46
15 94 3722.51
15 95 3275.94
15 96 2742.05
15 97 2131
15 98 1457.5
15 99 740.094
15 100 0

16 0 0
16 1 743.582
16 2 1464.11
16 3 2139.93
16 4 2752.1
16 5 3285.45
16 6 3729.32
16 7 4078.06
16 8 4330.95
16 9 4491.97
16 10 4569.08
16 11 4573.39
16 12 4518.08
16 13 4417.4
16 14 4285.51
16 15 4135.76
16 16 3979.84
16 17 3827.42
16 18 3685.82
16 19 3560.06
16 20 3452.99
16 21 3365.57
16 22 3297.27
16 23 3246.42
16 24 3210.67
16 25 3187.32
16 26 3173.48
16 27 3166.5
16 28 3163.99
16 29 3163.92
16 30 3164.67
16 31 3164.99
16 32 3164.07
16 33 3161.35
16 34 3156.58
16 35 3149.72
16 36 3140.9
16 37 3130.37
16 38 3118.44
16 39 3105.55
16 40 3092.03
16 41 3078.37
16 42 3064.91
16 43 3052.07
16 44 3040.19
16 45 3029.6
16 46 3020.54
16 47 3013.27
16 48 3007.94
16 49 3004.69
16 50 3003.6
16 51 3004.69
16 52 3007.94
16 53 3013.27
16 54 3020.54
16 55 3029.6
16 56 3040.19
16 57 3052.07
16 58 3064.91
16 59 3078.37
16 60 3092.03
16 61 3105.55
16 62 3118.44
16 63 3130.37
16 64 3140.9
16 65 3149.72
16 66 3156.58
16 67 3161.35
16 68 3164.07
16 69 3164.99
16 70 3164.67
16 71 3163.92
16 72 3163.99
16 73 3166.5
16 74 3173.48
16 75 3187.32
16 76 3210.67
16 77 3246.42
16 78 3297.27
16 79 3365.57
16 80 3452.99
16 81 3560.06
16 82 3685.82
16 83 3827.42
16 84 3979.84
16 85 4135.76
16 86 4285.51
16 87 4417.4
16 88 4518.08
16 89 4573.39
16 90 4569.08
16 91 4491.97
16 92 4330.95
16 93 4078.06
16 94 3729.32
16 95 3285.45
16 96 2752.1
16 97 2139.93
16 98 1464.11
16 99 743.582
16 100 0

17 0 0
17 1 738.9
17 2 1454.97
17 3 2126.63
17 4 2734.98
17 5 3264.63
17 6 3704.61
17 7 4048.77
17 8 4295.89
17 9 4449.39
17 10 4516.88
17 11 4509.16
17 12 4439.45
17 13 4322.17
17 14 4172.02
17 15 4002.93
17 16 3827.42
17 17 3655.95
17 18 3496.66
17 19 3355.33
17 20 3235.37
17 21 3138.19
17 22 3063.47
17 23 3009.66
17 24 2974.35
17 25 2954.53
17 26 2947.16
17 27 2949.15
17 28 2957.74
17 29 2970.5
17 30 2985.42
17 31 3000.9
17 32 3015.74
17 33 3029.14
17 34 3040.55
17 35 3049.7
17 36 3056.5
17 37 3061.05
17 38 3063.54
17 39 3064.19
17 40 3063.36
17 41 3061.33
17 42 3058.45
17 43 3055.05
17 44 3051.43
17 45 3047.86
17 46 3044.61
17 47 3041.85
17 48 3039.77
17 49 3038.47
17 50 3038.04
17 51 3038.47
17 52 3039.77
17 53 3041.85
17 54 3044.61
17 55 3047.86
17 56 3051.43
17 57 3055.05
17 58 3058.45
17 59 3061.33
17 60 3063.36
17 61 3064.19
17 62 3063.54
17 63 3061.05
17 64 3056.5
17 65 3049.7
17 66 3040.55
17 67 3029.14
17 68 3015.74
17 69 3000.9
17 70 2985.42
17 71 2970.5
17 72 2957.74
17 73 2949.15
17 74 2947.16
17 75 2954.53
17 76 2974.35
17 77 3009.66
17 78 3063.47
17 79 3138.19
17 80 3235.37
17 81 3355.33
17 82 3496.66
17 83 3655.95
17 84 3827.42
17 85 4002.93
17 86 4172.02
17 87 4322.17
17 88 4439.45
17 89 4509.16
17 90 4516.88
17 91 4449.39
17 92 4295.89
17 93 4048.77
17 94 3704.61
17 95 3264.63
17 96 2734.98
17 97 2126.63
17 98 1454.97
17 99 738.9
17 100 0

18 0 0
18 1 726.473
18 2 1430.86
18 3 2092.27
18 4 2692.15
18 5 3215.27
18 6 3650.4
18 7 3990.96
18 8 4234.93
18 9 4384.97
18 10 4447.83
18 11 4433.67
18 12 4355.22
18 13 4226.76
18 14 4063.01
18 15 3878.34
18 16 3685.82
18 17 3496.66
18 18 3319.82
18 19 3161.86
18 20 3026.89
18 21 2916.83
18 22 2831.9
18 23 2770.76
18 24 2731.01
18 25 2709.68
18 26 2703.53
18 27 2709.24
18 28 2723.76
18 29 2744.32
18 30 2768.58
18 31 2794.63
18 32 2820.96
18 33 2846.48
18 34 2870.37
18 35 2892.18
18 36 2911.57
18 37 2928.47
18 38 2942.89
18 39 2955
18 40 2964.91
18 41 2972.91
18 42 2979.19
18 43 2984.04
18 44 2987.69
18 45 2990.36
18 46 2992.25
18 47 2993.55
18 48 2994.37
18 49 2994.82
18 50 2994.96
18 51 2994.82
18 52 2994.37
18 53 2993.55
18 54 2992.25
18 55 2990.36
18 56 2987.69
18 57 2984.04
18 58 2979.19
18 59 2972.91
18 60 2964.91
18 61 2955
18 62 2942.89
18 63 2928.47
18 64 2911.57
18 65 2892.18
18 66 2870.37
18 67 2846.48
18 68 2820.96
18 69 2794.63
18 70 2768.58
18 71 2744.32
18 72 2723.76
18 73 2709.24
18 74 2703.53
18 75 2709.68
18 76 2731.01
18 77 2770.76
18 78 2831.9
18 79 2916.83
18 80 3026.89
18 81 3161.86
18 82 3319.82
18 83 3496.66
18 84 3685.82
18 85 3878.34
18 86 4063.01
18 87 4226.76
18 88 4355.22
18 89 4433.67
18 90 4447.83
18 91 4384.97
18 92 4234.93
18 93 3990.96
18 94 3650.4
18 95 3215.27
18 96 2692.15
18 97 2092.27
18 98 1430.86
18 99 726.473
18 100 0

19 0 0
19 1 706.872
19 2 1392.95
19 3 2038.46
19 4 2625.67
19 5 3139.69
19 6 3569.27
19 7 3907.22
19 8 4150.74
19 9 4301.36
19 10 4364.68
19 11 4349.78
19 12 4268.51
19 13 4134.51
19 14 3962.3
19 15 3766.33
19 16 3560.06
19 17 3355.33
19 18 3161.86
19 19 2987.01
19 20 2835.67
19 21 2710.56
19 22 2612.39
19 23 2540.16
19 24 2491.82
19 25 2464.45
19 26 2454.77
19 27 2459.35
19 28 2474.89
19 29 2498.42
19 30 2527.31
19 31 2559.37
19 32 2592.81
19 33 2626.3
19 34 2658.8
19 35 2689.59
19 36 2718.2
19 37 2744.35
19 38 2767.91
19 39 2788.84
19 40 2807.26
19 41 2823.21
19 42 2836.89
19 43 2848.44
19 44 2858.04
19 45 2865.84
19 46 2872.02
19 47 2876.66
19 48 2879.92
19 49 2881.83
19 50 2882.47
19 51 2881.83
19 52 2879.92
19 53 2876.66
19 54 2872.02
19 55 2865.84
19 56 2858.04
19 57 2848.44
19 58 2836.89
19 59 2823.21
19 60 2807.26
19 61 2788.84
19 62 2767.91
19 63 2744.35
19 64 2718.2
19 65 2689.59
19 66 2658.8
19 67 2626.3
19 68 2592.81
19 69 2559.37
19 70 2527.31
19 71 2498.42
19 72 2474.89
19 73 2459.35
19 74 2454.77
19 75 2464.45
19 76 2491.82
19 77 2540.16
19 78 2612.39
19 79 2710.56
19 80 2835.67
19 81 2987.01
19 82 3161.86
19 83 3355.33
19 84 3560.06
19 85 3766.33
19 86 3962.3
19 87 4134.51
19 88 4268.51
19 89 4349.78
19 90 4364.68
19 91 4301.36
19 92 4150.74
19 93 3907.22
19 94 3569.27
19 95 3139.69
19 96 2625.67
19 97 2038.46
19 98 1392.95
19 99 706.872
19 100 0

20 0 0
20 1 680.886
20 2 1342.73
20 3 1967.33
20 4 2538.06
20 5 3040.7
20 6 3464.04
20 7 3800.38
20 8 4045.96
20 9 4201.01
20 10 4269.63
20 11 4259.5
20 12 4181.17
20 13 4047.34
20 14 3871.98
20 15 3669.3
20 16 3452.99
20 17 3235.37
20 18 3026.89
20 19 2835.67
20 20 2667.56
20 21 2526.05
20 22 2412.42
20 23 2326.36
20 24 2266.09
20 25 2228.96
20 26 2211.74
20 27 2210.98
20 28 2223.27
20 29 2245.42
20 30 2274.62
20 31 2308.44
20 32 2344.9
20 33 2382.37
20 34 2419.66
20 35 2455.84
20 36 2490.25
20 37 2522.45
20 38 2552.17
20 39 2579.28
20 40 2603.66
20 41 2625.39
20 42 2644.45
20 43 2660.97
20 44 2675.02
20 45 2686.7
20 46 2696.11
20 47 2703.34
20 48 2708.44
20 49 2711.49
20 50 2712.5
20 51 2711.49
20 52 2708.44
20 53 2703.34
20 54 2696.11
20 55 2686.7
20 56 2675.02
20 57 2660.97
20 58 2644.45
20 59 2625.39
20 60 2603.66
20 61 2579.28
20 62 2552.17
20 63 2522.45
20 64 2490.25
20 65 2455.84
20 66 2419.66
20 67 2382.37
20 68 2344.9
20 69 2308.44
20 70 2274.62
20 71 2245.42
20 72 2223.27
20 73 2210.98
20 74 2211.74
20 75 2228.96
20 76 2266.09
20 77 2326.36
20 78 2412.42
20 79 2526.05
20 80 2667.56
20 81 2835.67
20 82 3026.89
20 83 3235.37
20 84 3452.99
20 85 3669.3
20 86 3871.98
20 87 4047.34
20 88 4181.17
20 89 4259.5
20 90 4269.63
20 91 4201.01
20 92 4045.96
20 93 3800.38
20 94 3464.04
20 95 3040.7
20 96 2538.06
20 97 1967.33
20 98 1342.73
20 99 680.886
20 100 0

21 0 0
21 1 649.409
21 2 1281.93
21 3 1881.23
21 4 2432.18
21 5 2921.4
21 6 3337.87
21 7 3673.43
21 8 3923.27
21 9 4086.14
21 10 4164.46
21 11 4164.15
21 12 4094.17
21 13 3965.98
21 14 3792.65
21 15 3587.96
21 16 3365.57
21 17 3138.19
21 18 2916.83
21 19 2710.56
21 20 2526.05
21 21 2367.57
21 22 2237.29
21 23 2135.5
21 24 2060.93
21 25 2011.22
21 26 1983.34
21 27 1973.87
21 28 1979.37
21 29 1996.54
21 30 2022.41
21 31 2054.33
21 32 2090.16
21 33 2128.08
21 34 2166.71
21 35 2204.94
21 36 2241.98
21 37 2277.23
21 38 2310.29
21 39 2340.88
21 40 2368.86
21 41 2394.08
21 42 2416.57
21 43 2436.27
21 44 2453.23
21 45 2467.48
21 46 2479.07
21 47 2488.03
21 48 2494.4
21 49 2498.22
21 50 2499.48
21 51 2498.22
21 52 2494.4
21 53 2488.03
21 54 2479.07
21 55 2467.48
21 56 2453.23
21 57 2436.27
21 58 2416.57
21 59 2394.08
21 60 2368.86
21 61 2340.88
21 62 2310.29
21 63 2277.23
21 64 2241.98
21 65 2204.94
21 66 2166.71
21 67 2128.08
21 68 2090.16
21 69 2054.33
21 70 2022.41
21 71 1996.54
21 72 1979.37
21 73 1973.87
21 74 1983.34
21 75 2011.22
21 76 2060.93
21 77 2135.5
21 78 2237.29
21 79 2367.57
21 80 2526.05
21 81 2710.56
21 82 2916.83
21 83 3138.19
21 84 3365.57
21 85 3587.96
21 86 3792.65
21 87 3965.98
21 88 4094.17
21 89 4164.15
21 90 4164.46
21 91 4086.14
21 92 3923.27
21 93 3673.43
21 94 3337.87
21 95 2921.4
21 96 2432.18
21 97 1881.23
21 98 1281.93
21 99 649.409
21 100 0

22 0 0
22 1 613.405
22 2 1212.37
22 3 1782.75
22 4 2311.12
22 5 2785.16
22 6 3194.13
22 7 3529.5
22 8 3785.34
22 9 3958.85
22 10 4050.59
22 11 4064.51
22 12 4007.77
22 13 3890.23
22 14 3723.84
22 15 3521.68
22 16 3297.27
22 17 3063.47
22 18 2831.9
22 19 2612.39
22 20 2412.42
22 21 2237.29
22 22 2089.98
22 23 1971.49
22 24 1881.14
22 25 1816.97
22 26 1776.22
22 27 1755.59
22 28 1751.66
22 29 1761.04
22 30 1780.68
22 31 1807.79
22 32 1840.04
22 33 1875.47
22 34 1912.53
22 35 1949.99
22 36 1986.89
22 37 2022.54
22 38 2056.4
22 39 2088.14
22 40 2117.43
22 41 2144.18
22 42 2168.17
22 43 2189.42
22 44 2207.83
22 45 2223.42
22 46 2236.15
22 47 2246.06
22 48 2253.11
22 49 2257.36
22 50 2258.76
22 51 2257.36
22 52 2253.11
22 53 2246.06
22 54 2236.15
22 55 2223.42
22 56 2207.83
22 57 2189.42
22 58 2168.17
22 59 2144.18
22 60 2117.43
22 61 2088.14
22 62 2056.4
22 63 2022.54
22 64 1986.89
22 65 1949.99
22 66 1912.53
22 67 1875.47
22 68 1840.04
22 69 1807.79
22 70 1780.68
22 71 1761.04
22 72 1751.66
22 73 1755.59
22 74 1776.22
22 75 1816.97
22 76 1881.14
22 77 1971.49
22 78 2089.98
22 79 2237.29
22 80 2412.42
22 81 2612.39
22 82 2831.9
22 83 3063.47
22 84 3297.27
22 85 3521.68
22 86 3723.84
22 87 3890.23
22 88 4007.77
22 89 4064.51
22 90 4050.59
22 91 3958.85
22 92 3785.34
22 93 3529.5
22 94 3194.13
22 95 2785.16
22 96 2311.12
22 97 1782.75
22 98 1212.37
22 99 613.405
22 100 0

23 0 0
23 1 573.891
23 2 1135.99
23 3 1674.57
23 4 2178.08
23 5 2635.39
23 6 3036.24
23 7 3371.71
23 8 3634.83
23 9 3821.18
23 10 3929.34
23 11 3961.16
23 12 3921.77
23 13 3819.29
23 14 3664.25
23 15 3468.96
23 16 3246.42
23 17 3009.66
23 18 2770.76
23 19 2540.16
23 20 2326.36
23 21 2135.5
23 22 1971.49
23 23 1836.11
23 24 1729.34
23 25 1649.69
23 26 1594.72
23 27 1561.33
23 28 1546.17
23 29 1545.84
23 30 1557.17
23 31 1577.3
23 32 1603.76
23 33 1634.45
23 34 1667.69
23 35 1702.12
23 36 1736.69
23 37 1770.59
23 38 1803.19
23 39 1834.06
23 40 1862.86
23 41 1889.32
23 42 1913.29
23 43 1934.62
23 44 1953.23
23 45 1969.05
23 46 1982.04
23 47 1992.16
23 48 1999.41
23 49 2003.76
23 50 2005.22
23 51 2003.76
23 52 1999.41
23 53 1992.16
23 54 1982.04
23 55 1969.05
23 56 1953.23
23 57 1934.62
23 58 1913.29
23 59 1889.32
23 60 1862.86
23 61 1834.06
23 62 1803.19
23 63 1770.59
23 64 1736.69
23 65 1702.12
23 66 1667.69
23 67 1634.45
23 68 1603.76
23 69 1577.3
23 70 1557.17
23 71 1545.84
23 72 1546.17
23 73 1561.33
23 74 1594.72
23 75 1649.69
23 76 1729.34
23 77 1836.11
23 78 1971.49
23 79 2135.5
23 80 2326.36
23 81 2540.16
23 82 2770.76
23 83 3009.66
23 84 3246.42
23 85 3468.96
23 86 3664.25
23 87 3819.29
23 88 3921.77
23 89 3961.16
23 90 3929.34
23 91 3821.18
23 92 3634.83
23 93 3371.71
23 94 3036.24
23 95 2635.39
23 96 2178.08
23 97 1674.57
23 98 1135.99
23 99 573.891
23 100 0

24 0 0
24 1 531.853
24 2 1054.69
24 3 1559.33
24 4 2036.21
24 5 2475.54
24 6 2867.62
24 7 3203.19
24 8 3474.36
24 9 3675.06
24 10 3801.88
24 11 3854.46
24 12 3835.79
24 13 3752.02
24 14 3612.24
24 15 3427.62
24 16 3210.67
24 17 2974.35
24 18 2731.01
24 19 2491.82
24 20 2266.09
24 21 2060.93
24 22 1881.14
24 23 1729.34
24 24 1606.19
24 25 1510.78
24 26 1441.02
24 27 1394.07
24 28 1366.65
24 29 1355.42
24 30 1357.15
24 31 1368.91
24 32 1388.1
24 33 1412.5
24 34 1440.34
24 35 1470.14
24 36 1500.76
24 37 1531.3
24 38 1561.09
24 39 1589.59
24 40 1616.41
24 41 1641.27
24 42 1663.91
24 43 1684.2
24 44 1701.97
24 45 1717.15
24 46 1729.65
24 47 1739.43
24 48 1746.44
24 49 1750.66
24 50 1752.07
24 51 1750.66
24 52 1746.44
24 53 1739.43
24 54 1729.65
24 55 1717.15
24 56 1701.97
24 57 1684.2
24 58 1663.91
24 59 1641.27
24 60 1616.41
24 61 1589.59
24 62 1561.09
24 63 1531.3
24 64 1500.76
24 65 1470.14
24 66 1440.34
24 67 1412.5
24 68 1388.1
24 69 1368.91
24 70 1357.15
24 71 1355.42
24 72 1366.65
24 73 1394.07
24 74 1441.02
24 75 1510.78
24 76 1606.19
24 77 1729.34
24 78 1881.14
24 79 2060.93
24 80 2266.09
24 81 2491.82
24 82 2731.01
24 83 2974.35
24 84 3210.67
24 85 3427.62
24 86 3612.24
24 87 3752.02
24 88 3835.79
24 89 3854.46
24 90 3801.88
24 91 3675.06
24 92 3474.36
24 93 3203.19
24 94 2867.62
24 95 2475.54
24 96 2036.21
24 97 1559.33
24 98 1054.69
24 99 531.853
24 100 0

25 0 0
25 1 488.247
25 2 970.31
25 3 1439.58
25 4 1888.56
25 5 2308.9
25 6 2691.5
25 7 3026.99
25 8 3306.5
25 9 3522.43
25 10 3669.34
25 11 3744.74
25 12 3749.28
25 13 3687.24
25 14 3565.92
25 15 3395.33
25 16 3187.32
25 17 2954.53
25 18 2709.68
25 19 2464.45
25 20 2228.96
25 21 2011.22
25 22 1816.97
25 23 1649.69
25 24 1510.78
25 25 1399.91
25 26 1315.4
25 27 1254.7
25 28 1214.68
25 29 1192.06
25 30 1183.58
25 31 1186.21
25 32 1197.31
25 33 1214.55
25 34 1236.02
25 35 1260.19
25 36 1285.84
25 37 1311.99
25 38 1337.89
25 39 1362.99
25 40 1386.85
25 41 1409.11
25 42 1429.57
25 43 1447.95
25 44 1464.16
25 45 1478.04
25 46 1489.51
25 47 1498.5
25 48 1504.97
25 49 1508.86
25 50 1510.16
25 51 1508.86
25 52 1504.97
25 53 1498.5
25 54 1489.51
25 55 1478.04
25 56 1464.16
25 57 1447.95
25 58 1429.57
25 59 1409.11
25 60 1386.85
25 61 1362.99
25 62 1337.89
25 63 1311.99
25 64 1285.84
25 65 1260.19
25 66 1236.02
25 67 1214.55
25 68 1197.31
25 69 1186.21
25 70 1183.58
25 71 1192.06
25 72 1214.68
25 73 1254.7
25 74 1315.4
25 75 1399.91
25 76 1510.78
25 77 1649.69
25 78 1816.97
25 79 2011.22
25 80 2228.96
25 81 2464.45
25 82 2709.68
25 83 2954.53
25 84 3187.32
25 85 3395.33
25 86 3565.92
25 87 3687.24
25 88 3749.28
25 89 3744.74
25 90 3669.34
25 91 3522.43
25 92 3306.5
25 93 3026.99
25 94 2691.5
25 95 2308.9
25 96 1888.56
25 97 1439.58
25 98 970.31
25 99 488.247
25 100 0

26 0 0
26 1 443.926
26 2 884.5
26 3 1317.62
26 4 1737.95
26 5 2138.56
26 6 2511.06
26 7 2846.01
26 8 3133.71
26 9 3365.11
26 10 3532.91
26 11 3632.31
26 12 3661.9
26 13 3623.75
26 14 3523.45
26 15 3369.71
26 16 3173.48
26 17 2947.16
26 18 2703.53
26 19 2454.77
26 20 2211.74
26 21 1983.34
26 22 1776.22
26 23 1594.72
26 24 1441.02
26 25 1315.4
26 26 1216.65
26 27 1142.52
26 28 1090.07
26 29 1056.07
26 30 1037.29
26 31 1030.64
26 32 1033.38
26 33 1043.09
26 34 1057.81
26 35 1075.89
26 36 1096.05
26 37 1117.25
26 38 1138.72
26 39 1159.82
26 40 1180.11
26 41 1199.25
26 42 1216.9
26 43 1232.91
26 44 1247.05
26 45 1259.23
26 46 1269.31
26 47 1277.24
26 48 1282.95
26 49 1286.39
26 50 1287.53
26 51 1286.39
26 52 1282.95
26 53 1277.24
26 54 1269.31
26 55 1259.23
26 56 1247.05
26 57 1232.91
26 58 1216.9
26 59 1199.25
26 60 1180.11
26 61 1159.82
26 62 1138.72
26 63 1117.25
26 64 1096.05
26 65 1075.89
26 66 1057.81
26 67 1043.09
26 68 1033.38
26 69 1030.64
26 70 1037.29
26 71 1056.07
26 72 1090.07
26 73 1142.52
26 74 1216.65
26 75 1315.4
26 76 1441.02
26 77 1594.72
26 78 1776.22
26 79 1983.34
26 80 2211.74
26 81 2454.77
26 82 2703.53
26 83 2947.16
26 84 3173.48
26 85 3369.71
26 86 3523.45
26 87 3623.75
26 88 3661.9
26 89 3632.31
26 90 3532.91
26 91 3365.11
26 92 3133.71
26 93 2846.01
26 94 2511.06
26 95 2138.56
26 96 1737.95
26 97 1317.62
26 98 884.5
26 99 443.926
26 100 0

27 0 0
27 1 399.705
27 2 798.764
27 3 1195.61
27 4 1586.94
27 5 1967.32
27 6 2329.11
27 7 2662.92
27 8 2958.3
27 9 3204.96
27 10 3393.7
27 11 3517.72
27 12 3573.36
27 13 3560.58
27 14 3483.22
27 15 3348.5
27 16 3166.5
27 17 2949.15
27 18 2709.24
27 19 2459.35
27 20 2210.98
27 21 1973.87
27 22 1755.59
27 23 1561.33
27 24 1394.07
27 25 1254.7
27 26 1142.52
27 27 1055.6
27 28 991.245
27 29 946.296
27 30 917.512
27 31 901.806
27 32 896.338
27 33 898.639
27 34 906.609
27 35 918.573
27 36 933.153
27 37 949.28
27 38 966.112
27 39 983.034
27 40 999.541
27 41 1015.26
27 42 1029.92
27 43 1043.26
27 44 1055.14
27 45 1065.39
27 46 1073.91
27 47 1080.63
27 48 1085.47
27 49 1088.39
27 50 1089.37
27 51 1088.39
27 52 1085.47
27 53 1080.63
27 54 1073.91
27 55 1065.39
27 56 1055.14
27 57 1043.26
27 58 1029.92
27 59 1015.26
27 60 999.541
27 61 983.034
27 62 966.112
27 63 949.28
27 64 933.153
27 65 918.573
27 66 906.609
27 67 898.639
27 68 896.338
27 69 901.806
27 70 917.512
27 71 946.296
27 72 991.245
27 73 1055.6
27 74 1142.52
27 75 1254.7
27 76 1394.07
27 77 1561.33
27 78 1755.59
27 79 1973.87
27 80 2210.98
27 81 2459.35
27 82 2709.24
27 83 2949.15
27 84 3166.5
27 85 3348.5
27 86 3483.22
27 87 3560.58
27 88 3573.36
27 89 3517.72
27 90 3393.7
27 91 3204.96
27 92 2958.3
27 93 2662.92
27 94 2329.11
27 95 1967.32
27 96 1586.94
27 97 1195.61
27 98 798.764
27 99 399.705
27 100 0

28 0 0
28 1 356.25
28 2 714.428
28 3 1075.38
28 4 1437.77
28 5 1797.64
28 6 2148.2
28 7 2480.09
28 8 2782.45
28 9 3043.66
28 10 3252.96
28 11 3401.54
28 12 3483.55
28 13 3497.01
28 14 3443.82
28 15 3329.81
28 16 3163.99
28 17 2957.74
28 18 2723.76
28 19 2474.89
28 20 2223.27
28 21 1979.37
28 22 1751.66
28 23 1546.17
28 24 1366.65
28 25 1214.68
28 26 1090.07
28 27 991.245
28 28 915.712
28 29 860.464
28 30 822.277
28 31 798.023
28 32 784.799
28 33 780.061
28 34 781.643
28 35 787.756
28 36 796.989
28 37 808.217
28 38 820.575
28 39 833.38
28 40 846.159
28 41 858.517
28 42 870.142
28 43 880.84
28 44 890.395
28 45 898.691
28 46 905.617
28 47 911.08
28 48 915.033
28 49 917.416
28 50 918.218
28 51 917.416
28 52 915.033
28 53 911.08
28 54 905.617
28 55 898.691
28 56 890.395
28 57 880.84
28 58 870.142
28 59 858.517
28 60 846.159
28 61 833.38
28 62 820.575
28 63 808.217
28 64 796.989
28 65 787.756
28 66 781.643
28 67 780.061
28 68 784.799
28 69 798.023
28 70 822.277
28 71 860.464
28 72 915.712
28 73 991.245
28 74 1090.07
28 75 1214.68
28 76 1366.65
28 77 1546.17
28 78 1751.66
28 79 1979.37
28 80 2223.27
28 81 2474.89
28 82 2723.76
28 83 2957.74
28 84 3163.99
28 85 3329.81
28 86 3443.82
28 87 3497.01
28 88 3483.55
28 89 3401.54
28 90 3252.96
28 91 3043.66
28 92 2782.45
28 93 2480.09
28 94 2148.2
28 95 1797.64
28 96 1437.77
28 97 1075.38
28 98 714.428
28 99 356.25
28 100 0

29 0 0
29 1 314.118
29 2 632.584
29 3 958.464
29 4 1292.33
29 5 1631.68
29 6 1970.49
29 7 2299.76
29 8 2608.05
29 9 2882.85
29 10 3111.85
29 11 3284.37
29 12 3392.62
29 13 3432.54
29 14 3404.27
29 15 3312.09
29 16 3163.92
29 17 2970.5
29 18 2744.32
29 19 2498.42
29 20 2245.42
29 21 1996.54
29 22 1761.04
29 23 1545.84
29 24 1355.42
29 25 1192.06
29 26 1056.07
29 27 946.296
29 28 860.464
29 29 795.71
29 30 748.831
29 31 716.707
29 32 696.359
29 33 685.167
29 34 680.869
29 35 681.632
29 36 685.962
29 37 692.677
29 38 700.89
29 39 709.902
29 40 719.206
29 41 728.392
29 42 737.211
29 43 745.363
29 44 752.748
29 45 759.168
29 46 764.566
29 47 768.832
29 48 771.929
29 49 773.796
29 50 774.428
29 51 773.796
29 52 771.929
29 53 768.832
29 54 764.566
29 55 759.168
29 56 752.748
29 57 745.363
29 58 737.211
29 59 728.392
29 60 719.206
29 61 709.902
29 62 700.89
29 63 692.677
29 64 685.962
29 65 681.632
29 66 680.869
29 67 685.167
29 68 696.359
29 69 716.707
29 70 748.831
29 71 795.71
29 72 860.464
29 73 946.296
29 74 1056.07
29 75 1192.06
29 76 1355.42
29 77 1545.84
29 78 1761.04
29 79 1996.54
29 80 2245.42
29 81 2498.42
29 82 2744.32
29 83 2970.5
29 84 3163.92
29 85 3312.09
29 86 3404.27
29 87 3432.54
29 88 3392.62
29 89 3284.37
29 90 3111.85
29 91 2882.85
29 92 2608.05
29 93 2299.76
29 94 1970.49
29 95 1631.68
29 96 1292.33
29 97 958.464
29 98 632.584
29 99 314.118
29 100 0

30 0 0
30 1 273.755
30 2 554.1
30 3 846.089
