0 0 0
0 1 0
0 2 0
0 3 0
0 4 0
0 5 0
0 6 0
0 7 0
0 8 0
0 9 0
0 10 0
0 11 0
0 12 0
0 13 0
0 14 0
0 15 0
0 16 0
0 17 0
0 18 0
0 19 0
0 20 0
0 21 0
0 22 0
0 23 0
0 24 0
0 25 0
0 26 0
0 27 0
0 28 0
0 29 0
0 30 0
0 31 0
0 32 0
0 33 0
0 34 0
0 35 0
0 36 0
0 37 0
0 38 0
0 39 0
0 40 0
0 41 0
0 42 0
0 43 0
0 44 0
0 45 0
0 46 0
0 47 0
0 48 0
0 49 0
0 50 0
0 51 0
0 52 0
0 53 0
0 54 0
0 55 0
0 56 0
0 57 0
0 58 0
0 59 0
0 60 0
0 61 0
0 62 0
0 63 0
0 64 0
0 65 0
0 66 0
0 67 0
0 68 0
0 69 0
0 70 0
0 71 0
0 72 0
0 73 0
0 74 0
0 75 0
0 76 0
0 77 0
0 78 0
0 79 0
0 80 0
0 81 0
0 82 0
0 83 0
0 84 0
0 85 0
0 86 0
0 87 0
0 88 0
0 89 0
0 90 0
0 91 0
0 92 0
0 93 0
0 94 0
0 95 0
0 96 0
0 97 0
0 98 0
0 99 0
0 100 0

1 0 0
1 1 -90.6886
1 2 -177.022
1 3 -254.876
1 4 -320.662
1 5 -371.463
1 6 -405.255
1 7 -421.008
1 8 -418.697
1 9 -399.352
1 10 -364.896
1 11 -318.027
1 12 -262.03
1 13 -200.475
1 14 -137.04
1 15 -75.1996
1 16 -18.0262
1 17 31.9836
1 18 73.038
1 19 104.108
1 20 124.906
1 21 135.8
1 22 137.745
1 23 132.064
1 24 120.353
1 25 104.302
1 26 85.5454
1 27 65.5634
1 28 45.6093
1 29 26.6627
1 30 9.40404
1 31 -5.71705
1 32 -18.512
1 33 -28.9802
1 34 -37.2635
1 35 -43.5711
1 36 -48.1822
1 37 -51.3979
1 38 -53.5039
1 39 -54.7543
1 40 -55.37
1 41 -55.55
1 42 -55.4461
1 43 -55.1674
1 44 -54.7934
1 45 -54.4052
1 46 -54.0534
1 47 -53.7427
1 48 -53.5079
1 49 -53.3687
1 50 -53.3073
1 51 -53.3687
1 52 -53.5079
1 53 -53.7427
1 54 -54.0534
1 55 -54.4052
1 56 -54.7934
1 57 -55.1674
1 58 -55.4461
1 59 -55.55
1 60 -55.37
1 61 -54.7543
1 62 -53.5039
1 63 -51.3979
1 64 -48.1822
1 65 -43.5711
1 66 -37.2635
1 67 -28.9802
1 68 -18.512
1 69 -5.71705
1 70 9.40404
1 71 26.6627
1 72 45.6093
1 73 65.5634
1 74 85.5454
1 75 104.302
1 76 120.353
1 77 132.064
1 78 137.745
1 79 135.8
1 80 124.906
1 81 104.108
1 82 73.038
1 83 31.9836
1 84 -18.0262
1 85 -75.1996
1 86 -137.04
1 87 -200.475
1 88 -262.03
1 89 -318.027
1 90 -364.896
1 91 -399.352
1 92 -418.697
1 93 -421.008
1 94 -405.255
1 95 -371.463
1 96 -320.662
1 97 -254.876
1 98 -177.022
1 99 -90.6886
1 100 0

2 0 0
2 1 -177.022
2 2 -345.557
2 3 -497.58
2 4 -626.087
2 5 -725.393
2 6 -791.538
2 7 -822.494
2 8 -818.188
2 9 -780.592
2 10 -713.42
2 11 -621.913
2 12 -512.455
2 13 -392.018
2 14 -267.778
2 15 -146.542
2 16 -34.334
2 17 63.9313
2 18 144.712
2 19 205.941
2 20 247.002
2 21 268.578
2 22 272.505
2 23 261.367
2 24 238.286
2 25 206.57
2 26 169.426
2 27 129.785
2 28 90.1333
2 29 52.4362
2 30 18.0492
2 31 -12.132
2 32 -37.7292
2 33 -58.7011
2 34 -75.3147
2 35 -87.9833
2 36 -97.2834
2 37 -103.789
2 38 -108.053
2 39 -110.585
2 40 -111.858
2 41 -112.259
2 42 -112.055
2 43 -111.498
2 44 -110.767
2 45 -110.007
2 46 -109.266
2 47 -108.672
2 48 -108.198
2 49 -107.897
2 50 -107.809
2 51 -107.897
2 52 -108.198
2 53 -108.672
2 54 -109.266
2 55 -110.007
2 56 -110.767
2 57 -111.498
2 58 -112.055
2 59 -112.259
2 60 -111.858
2 61 -110.585
2 62 -108.053
2 63 -103.789
2 64 -97.2834
2 65 -87.9833
2 66 -75.3147
2 67 -58.7011
2 68 -37.7292
2 69 -12.132
2 70 18.0492
2 71 52.4362
2 72 90.1333
2 73 129.785
2 74 169.426
2 75 206.57
2 76 238.286
2 77 261.367
2 78 272.505
2 79 268.578
2 80 247.002
2 81 205.941
2 82 144.712
2 83 63.9313
2 84 -34.334
2 85 -146.542
2 86 -267.778
2 87 -392.018
2 88 -512.455
2 89 -621.913
2 90 -713.42
2 91 -780.592
2 92 -818.188
2 93 -822.494
2 94 -791.538
2 95 -725.393
2 96 -626.087
2 97 -497.58
2 98 -345.557
2 99 -177.022
2 100 0

3 0 0
3 1 -254.876
3 2 -497.58
3 3 -716.611
3 4 -901.892
3 5 -1045.25
3 6 -1140.95
3 7 -1186
3 8 -1180.27
3 9 -1126.48
3 10 -1029.93
3 11 -898.08
3 12 -740.066
3 13 -565.912
3 14 -385.954
3 15 -210.039
3 16 -46.936
3 17 96.1723
3 18 214.059
3 19 303.626
3 20 363.873
3 21 395.708
3 22 401.69
3 23 385.52
3 24 351.693
3 25 305.018
3 26 250.199
3 27 191.541
3 28 132.715
3 29 76.6174
3 30 25.3205
3 31 -19.8301
3 32 -58.2064
3 33 -89.7497
3 34 -114.814
3 35 -134.01
3 36 -148.131
3 37 -158.046
3 38 -164.59
3 39 -168.531
3 40 -170.534
3 41 -171.184
3 42 -170.941
3 43 -170.147
3 44 -169.062
3 45 -167.905
3 46 -166.846
3 47 -165.91
3 48 -165.205
3 49 -164.781
3 50 -164.603
3 51 -164.781
3 52 -165.205
3 53 -165.91
3 54 -166.846
3 55 -167.905
3 56 -169.062
3 57 -170.147
3 58 -170.941
3 59 -171.184
3 60 -170.534
3 61 -168.531
3 62 -164.59
3 63 -158.046
3 64 -148.131
3 65 -134.01
3 66 -114.814
3 67 -89.7497
3 68 -58.2064
3 69 -19.8301
3 70 25.3205
3 71 76.6174
3 72 132.715
3 73 191.541
3 74 250.199
3 75 305.018
3 76 351.693
3 77 385.52
3 78 401.69
3 79 395.708
3 80 363.873
3 81 303.626
3 82 214.059
3 83 96.1723
3 84 -46.936
3 85 -210.039
3 86 -385.954
3 87 -565.912
3 88 -740.066
3 89 -898.08
3 90 -1029.93
3 91 -1126.48
3 92 -1180.27
3 93 -1186
3 94 -1140.95
3 95 -1045.25
3 96 -901.892
3 97 -716.611
3 98 -497.58
3 99 -254.876
3 100 0

4 0 0
4 1 -320.662
4 2 -626.087
4 3 -901.892
4 4 -1135.41
4 5 -1316.39
4 6 -1437.56
4 7 -1495.07
4 8 -1488.63
4 9 -1421.51
4 10 -1300.24
4 11 -1134.09
4 12 -934.423
4 13 -713.861
4 14 -485.407
4 15 -261.553
4 16 -53.4813
4 17 129.576
4 18 280.822
4 19 396.116
4 20 473.987
4 21 515.414
4 22 523.484
4 23 502.833
4 24 459.129
4 25 398.497
4 26 326.98
4 27 250.162
4 28 172.832
4 29 98.8284
4 30 30.919
4 31 -29.0815
4 32 -80.2971
4 33 -122.554
4 34 -156.266
4 35 -182.201
4 36 -201.4
4 37 -214.962
4 38 -223.983
4 39 -229.471
4 40 -232.345
4 41 -233.372
4 42 -233.137
4 43 -232.141
4 44 -230.746
4 45 -229.255
4 46 -227.798
4 47 -226.593
4 48 -225.651
4 49 -225.049
4 50 -224.873
4 51 -225.049
4 52 -225.651
4 53 -226.593
4 54 -227.798
4 55 -229.255
4 56 -230.746
4 57 -232.141
4 58 -233.137
4 59 -233.372
4 60 -232.345
4 61 -229.471
4 62 -223.983
4 63 -214.962
4 64 -201.4
4 65 -182.201
4 66 -156.266
4 67 -122.554
4 68 -80.2971
4 69 -29.0815
4 70 30.919
4 71 98.8284
4 72 172.832
4 73 250.162
4 74 326.98
4 75 398.497
4 76 459.129
4 77 502.833
4 78 523.484
4 79 515.414
4 80 473.987
4 81 396.116
4 82 280.822
4 83 129.576
4 84 -53.4813
4 85 -261.553
4 86 -485.407
4 87 -713.861
4 88 -934.423
4 89 -1134.09
4 90 -1300.24
4 91 -1421.51
4 92 -1488.63
4 93 -1495.07
4 94 -1437.56
4 95 -1316.39
4 96 -1135.41
4 97 -901.892
4 98 -626.087
4 99 -320.662
4 100 0

5 0 0
5 1 -371.463
5 2 -725.393
5 3 -1045.25
5 4 -1316.39
5 5 -1526.93
5 6 -1668.4
5 7 -1736.17
5 8 -1729.74
5 9 -1652.67
5 10 -1512.28
5 11 -1319.15
5 12 -1086.28
5 13 -828.272
5 14 -560.214
5 15 -296.733
5 16 -51.0394
5 17 165.866
5 18 345.743
5 19 483.432
5 20 576.893
5 21 627.007
5 22 637.149
5 23 612.633
5 24 560.057
5 25 486.629
5 26 399.58
5 27 305.625
5 28 210.612
5 29 119.242
5 30 35.0257
5 31 -39.7637
5 32 -103.902
5 33 -157.111
5 34 -199.78
5 35 -232.833
5 36 -257.454
5 37 -274.995
5 38 -286.786
5 39 -294.098
5 40 -298.047
5 41 -299.583
5 42 -299.497
5 43 -298.39
5 44 -296.755
5 45 -294.909
5 46 -293.175
5 47 -291.638
5 48 -290.478
5 49 -289.765
5 50 -289.49
5 51 -289.765
5 52 -290.478
5 53 -291.638
5 54 -293.175
5 55 -294.909
5 56 -296.755
5 57 -298.39
5 58 -299.497
5 59 -299.583
5 60 -298.047
5 61 -294.098
5 62 -286.786
5 63 -274.995
5 64 -257.454
5 65 -232.833
5 66 -199.78
5 67 -157.111
5 68 -103.902
5 69 -39.7637
5 70 35.0257
5 71 119.242
5 72 210.612
5 73 305.625
5 74 399.58
5 75 486.629
5 76 560.057
5 77 612.633
5 78 637.149
5 79 627.007
5 80 576.893
5 81 483.432
5 82 345.743
5 83 165.866
5 84 -51.0394
5 85 -296.733
5 86 -560.214
5 87 -828.272
5 88 -1086.28
5 89 -1319.15
5 90 -1512.28
5 91 -1652.67
5 92 -1729.74
5 93 -1736.17
5 94 -1668.4
5 95 -1526.93
5 96 -1316.39
5 97 -1045.25
5 98 -725.393
5 99 -371.463
5 100 0

6 0 0
6 1 -405.255
6 2 -791.538
6 3 -1140.95
6 4 -1437.56
6 5 -1668.4
6 6 -1824.11
6 7 -1899.43
6 8 -1893.58
6 9 -1810.1
6 10 -1656.71
6 11 -1444.67
6 12 -1187.99
6 13 -902.54
6 14 -604.863
6 15 -311.151
6 16 -36.1747
6 17 207.603
6 18 410.672
6 19 566.875
6 20 673.512
6 21 731.172
6 22 743.259
6 23 715.486
6 24 655.086
6 25 570.118
6 26 468.779
6 27 358.79
6 28 246.926
6 29 138.75
6 30 38.4676
6 31 -51.1009
6 32 -128.392
6 33 -192.905
6 34 -245.013
6 35 -285.674
6 36 -316.237
6 37 -338.221
6 38 -353.221
6 39 -362.715
6 40 -368.039
6 41 -370.341
6 42 -370.579
6 43 -369.516
6 44 -367.715
6 45 -365.657
6 46 -363.604
6 47 -361.838
6 48 -360.475
6 49 -359.599
6 50 -359.338
6 51 -359.599
6 52 -360.475
6 53 -361.838
6 54 -363.604
6 55 -365.657
6 56 -367.715
6 57 -369.516
6 58 -370.579
6 59 -370.341
6 60 -368.039
6 61 -362.715
6 62 -353.221
6 63 -338.221
6 64 -316.237
6 65 -285.674
6 66 -245.013
6 67 -192.905
6 68 -128.392
6 69 -51.1009
6 70 38.4676
6 71 138.75
6 72 246.926
6 73 358.79
6 74 468.779
6 75 570.118
6 76 655.086
6 77 715.486
6 78 743.259
6 79 731.172
6 80 673.512
6 81 566.875
6 82 410.672
6 83 207.603
6 84 -36.1747
6 85 -311.151
6 86 -604.863
6 87 -902.54
6 88 -1187.99
6 89 -1444.67
6 90 -1656.71
6 91 -1810.1
6 92 -1893.58
6 93 -1899.43
6 94 -1824.11
6 95 -1668.4
6 96 -1437.56
6 97 -1140.95
6 98 -791.538
6 99 -405.255
6 100 0

7 0 0
7 1 -421.008
7 2 -822.494
7 3 -1186
7 4 -1495.07
7 5 -1736.17
7 6 -1899.43
7 7 -1979.14
7 8 -1974.13
7 9 -1887.67
7 10 -1727.4
7 11 -1504.68
7 12 -1233.86
7 13 -931.374
7 14 -614.534
7 15 -300.484
7 16 -5.07618
7 17 258.13
7 18 478.537
7 19 649.041
7 20 766.18
7 21 830.042
7 22 843.82
7 23 813.316
7 24 746.127
7 25 650.87
7 26 536.497
7 27 411.528
7 28 283.615
7 29 159.105
7 30 42.9372
7 31 -61.5563
7 32 -152.362
7 33 -228.745
7 34 -290.914
7 35 -339.879
7 36 -377.058
7 37 -404.158
7 38 -422.939
7 39 -435.115
7 40 -442.249
7 41 -445.668
7 42 -446.52
7 43 -445.686
7 44 -443.94
7 45 -441.722
7 46 -439.515
7 47 -437.529
7 48 -436.007
7 49 -435.055
7 50 -434.708
7 51 -435.055
7 52 -436.007
7 53 -437.529
7 54 -439.515
7 55 -441.722
7 56 -443.94
7 57 -445.686
7 58 -446.52
7 59 -445.668
7 60 -442.249
7 61 -435.115
7 62 -422.939
7 63 -404.158
7 64 -377.058
7 65 -339.879
7 66 -290.914
7 67 -228.745
7 68 -152.362
7 69 -61.5563
7 70 42.9372
7 71 159.105
7 72 283.615
7 73 411.528
7 74 536.497
7 75 650.87
7 76 746.127
7 77 813.316
7 78 843.82
7 79 830.042
7 80 766.18
7 81 649.041
7 82 478.537
7 83 258.13
7 84 -5.07618
7 85 -300.484
7 86 -614.534
7 87 -931.374
7 88 -1233.86
7 89 -1504.68
7 90 -1727.4
7 91 -1887.67
7 92 -1974.13
7 93 -1979.14
7 94 -1899.43
7 95 -1736.17
7 96 -1495.07
7 97 -1186
7 98 -822.494
7 99 -421.008
7 100 0

8 0 0
8 1 -418.697
8 2 -818.188
8 3 -1180.27
8 4 -1488.63
8 5 -1729.74
8 6 -1893.58
8 7 -1974.13
8 8 -1969.77
8 9 -1883.29
8 10 -1721.8
8 11 -1496.23
8 12 -1220.58
8 13 -911.179
8 14 -585.422
8 15 -260.811
8 16 46.2358
8 17 321.391
8 18 553.195
8 19 733.65
8 20 858.48
8 21 927.091
8 22 942.218
8 23 909.445
8 24 836.406
8 25 732.039
8 26 605.793
8 27 466.868
8 28 323.62
8 29 183.164
8 30 51.0914
8 31 -68.6091
8 32 -173.488
8 33 -262.444
8 34 -335.561
8 35 -393.73
8 36 -438.436
8 37 -471.468
8 38 -494.816
8 39 -510.375
8 40 -519.893
8 41 -524.909
8 42 -526.761
8 43 -526.538
8 44 -525.017
8 45 -522.903
8 46 -520.63
8 47 -518.568
8 48 -516.954
8 49 -515.914
8 50 -515.587
8 51 -515.914
8 52 -516.954
8 53 -518.568
8 54 -520.63
8 55 -522.903
8 56 -525.017
8 57 -526.538
8 58 -526.761
8 59 -524.909
8 60 -519.893
8 61 -510.375
8 62 -494.816
8 63 -471.468
8 64 -438.436
8 65 -393.73
8 66 -335.561
8 67 -262.444
8 68 -173.488
8 69 -68.6091
8 70 51.0914
8 71 183.164
8 72 323.62
8 73 466.868
8 74 605.793
8 75 732.039
8 76 836.406
8 77 909.445
8 78 942.218
8 79 927.091
8 80 858.48
8 81 733.65
8 82 553.195
8 83 321.391
8 84 46.2358
8 85 -260.811
8 86 -585.422
8 87 -911.179
8 88 -1220.58
8 89 -1496.23
8 90 -1721.8
8 91 -1883.29
8 92 -1969.77
8 93 -1974.13
8 94 -1893.58
8 95 -1729.74
8 96 -1488.63
8 97 -1180.27
8 98 -818.188
8 99 -418.697
8 100 0

9 0 0
9 1 -399.352
9 2 -780.592
9 3 -1126.48
9 4 -1421.51
9 5 -1652.67
9 6 -1810.1
9 7 -1887.67
9 8 -1883.29
9 9 -1799.06
9 10 -1641.18
9 11 -1419.62
9 12 -1147.51
9 13 -840.367
9 14 -515.116
9 15 -189.013
9 16 121.423
9 17 401.47
9 18 639.022
9 19 825.277
9 20 955.08
9 21 1026.99
9 22 1043.07
9 23 1008.4
9 24 930.394
9 25 818.014
9 26 680.993
9 27 528.986
9 28 370.997
9 29 214.807
9 30 66.7241
9 31 -68.6661
9 32 -188.353
9 33 -290.876
9 34 -375.992
9 35 -444.498
9 36 -497.834
9 37 -537.913
9 38 -566.806
9 39 -586.602
9 40 -599.269
9 41 -606.551
9 42 -609.968
9 43 -610.716
9 44 -609.863
9 45 -608.073
9 46 -605.978
9 47 -603.98
9 48 -602.376
9 49 -601.353
9 50 -600.988
9 51 -601.353
9 52 -602.376
9 53 -603.98
9 54 -605.978
9 55 -608.073
9 56 -609.863
9 57 -610.716
9 58 -609.968
9 59 -606.551
9 60 -599.269
9 61 -586.602
9 62 -566.806
9 63 -537.913
9 64 -497.834
9 65 -444.498
9 66 -375.992
9 67 -290.876
9 68 -188.353
9 69 -68.6661
9 70 66.7241
9 71 214.807
9 72 370.997
9 73 528.986
9 74 680.993
9 75 818.014
9 76 930.394
9 77 1008.4
9 78 1043.07
9 79 1026.99
9 80 955.08
9 81 825.277
9 82 639.022
9 83 401.47
9 84 121.423
9 85 -189.013
9 86 -515.116
9 87 -840.367
9 88 -1147.51
9 89 -1419.62
9 90 -1641.18
9 91 -1799.06
9 92 -1883.29
9 93 -1887.67
9 94 -1810.1
9 95 -1652.67
9 96 -1421.51
9 97 -1126.48
9 98 -780.592
9 99 -399.352
9 100 0

10 0 0
10 1 -364.896
10 2 -713.42
10 3 -1029.93
10 4 -1300.24
10 5 -1512.28
10 6 -1656.71
10 7 -1727.4
10 8 -1721.8
10 9 -1641.18
10 10 -1490.54
10 11 -1278.51
10 12 -1016.82
10 13 -719.684
10 14 -402.969
10 15 -83.2071
10 16 223.444
10 17 502.174
10 18 740.476
10 19 928.823
10 20 1061.17
10 21 1135.12
10 22 1151.84
10 23 1115.67
10 24 1033.53
10 25 914.192
10 26 767.389
10 27 603.133
10 28 430.889
10 29 259.108
10 30 94.7141
10 31 -56.9738
10 32 -192.418
10 33 -309.625
10 34 -408.058
10 35 -488.248
10 36 -551.598
10 37 -600
10 38 -635.649
10 39 -660.794
10 40 -677.572
10 41 -687.949
10 42 -693.595
10 43 -695.994
10 44 -696.189
10 45 -695.153
10 46 -693.523
10 47 -691.81
10 48 -690.373
10 49 -689.427
10 50 -689.105
10 51 -689.427
10 52 -690.373
10 53 -691.81
10 54 -693.523
10 55 -695.153
10 56 -696.189
10 57 -695.994
10 58 -693.595
10 59 -687.949
10 60 -677.572
10 61 -660.794
10 62 -635.649
10 63 -600
10 64 -551.598
10 65 -488.248
10 66 -408.058
10 67 -309.625
10 68 -192.418
10 69 -56.9738
10 70 94.7141
10 71 259.108
10 72 430.889
10 73 603.133
10 74 767.389
10 75 914.192
10 76 1033.53
10 77 1115.67
10 78 1151.84
10 79 1135.12
10 80 1061.17
10 81 928.823
10 82 740.476
10 83 502.174
10 84 223.444
10 85 -83.2071
10 86 -402.969
10 87 -719.684
10 88 -1016.82
10 89 -1278.51
10 90 -1490.54
10 91 -1641.18
10 92 -1721.8
10 93 -1727.4
10 94 -1656.71
10 95 -1512.28
10 96 -1300.24
10 97 -1029.93
10 98 -713.42
10 99 -364.896
10 100 0

11 0 0
11 1 -318.027
11 2 -621.913
11 3 -898.08
11 4 -1134.09
11 5 -1319.15
11 6 -1444.67
11 7 -1504.68
11 8 -1496.23
11 9 -1419.62
11 10 -1278.51
11 11 -1079.86
11 12 -833.664
11 13 -552.394
11 14 -250.442
11 15 56.8324
11 16 353.983
11 17 626.431
11 18 861.464
11 19 1048.94
11 20 1181.94
11 21 1257.02
11 22 1274.31
11 23 1237.19
11 24 1151.85
11 25 1026.61
11 26 871.059
11 27 695.343
11 28 509.342
11 29 322.016
11 30 140.996
11 31 -27.7433
11 32 -179.965
11 33 -313.186
11 34 -426.379
11 35 -519.834
11 36 -594.742
11 37 -653.003
11 38 -696.835
11 39 -728.626
11 40 -750.688
11 41 -765.165
11 42 -773.972
11 43 -778.662
11 44 -780.6
11 45 -780.776
11 46 -779.993
11 47 -778.871
11 48 -777.791
11 49 -777.056
11 50 -776.788
11 51 -777.056
11 52 -777.791
11 53 -778.871
11 54 -779.993
11 55 -780.776
11 56 -780.6
11 57 -778.662
11 58 -773.972
11 59 -765.165
11 60 -750.688
11 61 -728.626
11 62 -696.835
11 63 -653.003
11 64 -594.742
11 65 -519.834
11 66 -426.379
11 67 -313.186
11 68 -179.965
11 69 -27.7433
11 70 140.996
11 71 322.016
11 72 509.342
11 73 695.343
11 74 871.059
11 75 1026.61
11 76 1151.85
11 77 1237.19
11 78 1274.31
11 79 1257.02
11 80 1181.94
11 81 1048.94
11 82 861.464
11 83 626.431
11 84 353.983
11 85 56.8324
11 86 -250.442
11 87 -552.394
11 88 -833.664
11 89 -1079.86
11 90 -1278.51
11 91 -1419.62
11 92 -1496.23
11 93 -1504.68
11 94 -1444.67
11 95 -1319.15
11 96 -1134.09
11 97 -898.08
11 98 -621.913
11 99 -318.027
11 100 0

12 0 0
12 1 -262.03
12 2 -512.455
12 3 -740.066
12 4 -934.423
12 5 -1086.28
12 6 -1187.99
12 7 -1233.86
12 8 -1220.58
12 9 -1147.51
12 10 -1016.82
12 11 -833.664
12 12 -606.022
12 13 -344.38
12 14 -61.3097
12 15 229.286
12 16 512.987
12 17 775.701
12 18 1004.71
12 19 1189.38
12 20 1321.92
12 21 1397.81
12 22 1415.99
12 23 1378.75
12 24 1291.35
12 25 1161.47
12 26 998.326
12 27 812.086
12 28 612.852
12 29 410.139
12 30 212.182
12 31 25.7162
12 32 -144.395
12 33 -294.977
12 34 -424.522
12 35 -532.886
12 36 -621.09
12 37 -690.898
12 38 -744.526
12 39 -784.447
12 40 -813.126
12 41 -832.939
12 42 -845.878
12 43 -853.821
12 44 -858.177
12 45 -860.193
12 46 -860.753
12 47 -860.556
12 48 -860.103
12 49 -859.718
12 50 -859.56
12 51 -859.718
12 52 -860.103
12 53 -860.556
12 54 -860.753
12 55 -860.193
12 56 -858.177
12 57 -853.821
12 58 -845.878
12 59 -832.939
12 60 -813.126
12 61 -784.447
12 62 -744.526
12 63 -690.898
12 64 -621.09
12 65 -532.886
12 66 -424.522
12 67 -294.977
12 68 -144.395
12 69 25.7162
12 70 212.182
12 71 410.139
12 72 612.852
12 73 812.086
12 74 998.326
12 75 1161.47
12 76 1291.35
12 77 1378.75
12 78 1415.99
12 79 1397.81
12 80 1321.92
12 81 1189.38
12 82 1004.71
12 83 775.701
12 84 512.987
12 85 229.286
12 86 -61.3097
12 87 -344.38
12 88 -606.022
12 89 -833.664
12 90 -1016.82
12 91 -1147.51
12 92 -1220.58
12 93 -1233.86
12 94 -1187.99
12 95 -1086.28
12 96 -934.423
12 97 -740.066
12 98 -512.455
12 99 -262.03
12 100 0

13 0 0
13 1 -200.475
13 2 -392.018
13 3 -565.912
13 4 -713.861
13 5 -828.272
13 6 -902.54
13 7 -931.374
13 8 -911.179
13 9 -840.367
13 10 -719.684
13 11 -552.394
13 12 -344.38
13 13 -103.984
13 14 158.228
13 15 430.045
13 16 698.264
13 17 949.507
13 18 1171.18
13 19 1352.27
13 20 1484.19
13 21 1561.31
13 22 1581.34
13 23 1545.3
13 24 1457.4
13 25 1324.44
13 26 1155.19
13 27 959.598
13 28 747.993
13 29 530.247
13 30 315.278
13 31 110.478
13 32 -78.4549
13 33 -247.703
13 34 -395.109
13 35 -520.133
13 36 -623.41
13 37 -706.533
13 38 -771.668
13 39 -821.351
13 40 -858.172
13 41 -884.581
13 42 -902.893
13 43 -915.042
13 44 -922.717
13 45 -927.256
13 46 -929.709
13 47 -930.893
13 48 -931.348
13 49 -931.486
13 50 -931.516
13 51 -931.486
13 52 -931.348
13 53 -930.893
13 54 -929.709
13 55 -927.256
13 56 -922.717
13 57 -915.042
13 58 -902.893
13 59 -884.581
13 60 -858.172
13 61 -821.351
13 62 -771.668
13 63 -706.533
13 64 -623.41
13 65 -520.133
13 66 -395.109
13 67 -247.703
13 68 -78.4549
13 69 110.478
13 70 315.278
13 71 530.247
13 72 747.993
13 73 959.598
13 74 1155.19
13 75 1324.44
13 76 1457.4
13 77 1545.3
13 78 1581.34
13 79 1561.31
13 80 1484.19
13 81 1352.27
13 82 1171.18
13 83 949.507
13 84 698.264
13 85 430.045
13 86 158.228
13 87 -103.984
13 88 -344.38
13 89 -552.394
13 90 -719.684
13 91 -840.367
13 92 -911.179
13 93 -931.374
13 94 -902.54
13 95 -828.272
13 96 -713.861
13 97 -565.912
13 98 -392.018
13 99 -200.475
13 100 0

14 0 0
14 1 -137.04
14 2 -267.778
14 3 -385.954
14 4 -485.407
14 5 -560.214
14 6 -604.863
14 7 -614.534
14 8 -585.422
14 9 -515.116
14 10 -402.969
14 11 -250.442
14 12 -61.3097
14 13 158.228
14 14 399.7
14 15 652.665
14 16 905.281
14 17 1145.03
14 18 1359.56
14 19 1537.61
14 20 1669.83
14 21 1749.53
14 22 1773.08
14 23 1740.22
14 24 1653.9
14 25 1519.99
14 26 1346.57
14 27 1143.32
14 28 920.561
14 29 688.594
14 30 456.867
14 31 233.566
14 32 25.113
14 33 -163.841
14 34 -330.515
14 35 -473.741
14 36 -593.796
14 37 -691.992
14 38 -770.389
14 39 -831.489
14 40 -877.943
14 41 -912.432
14 42 -937.312
14 43 -954.786
14 44 -966.689
14 45 -974.538
14 46 -979.516
14 47 -982.523
14 48 -984.247
14 49 -985.114
14 50 -985.361
14 51 -985.114
14 52 -984.247
14 53 -982.523
14 54 -979.516
14 55 -974.538
14 56 -966.689
14 57 -954.786
14 58 -937.312
14 59 -912.432
14 60 -877.943
14 61 -831.489
14 62 -770.389
14 63 -691.992
14 64 -593.796
14 65 -473.741
14 66 -330.515
14 67 -163.841
14 68 25.113
14 69 233.566
14 70 456.867
14 71 688.594
14 72 920.561
14 73 1143.32
14 74 1346.57
14 75 1519.99
14 76 1653.9
14 77 1740.22
14 78 1773.08
14 79 1749.53
14 80 1669.83
14 81 1537.61
14 82 1359.56
14 83 1145.03
14 84 905.281
14 85 652.665
14 86 399.7
14 87 158.228
14 88 -61.3097
14 89 -250.442
14 90 -402.969
14 91 -515.116
14 92 -585.422
14 93 -614.534
14 94 -604.863
14 95 -560.214
14 96 -485.407
14 97 -385.954
14 98 -267.778
14 99 -137.04
14 100 0

15 0 0
15 1 -75.1996
15 2 -146.542
15 3 -210.039
15 4 -261.553
15 5 -296.733
15 6 -311.151
15 7 -300.484
15 8 -260.811
15 9 -189.013
15 10 -83.2071
15 11 56.8324
15 12 229.286
15 13 430.045
15 14 652.665
15 15 888.506
15 16 1127.13
15 17 1356.95
15 18 1565.99
15 19 1742.8
15 20 1877.38
15 21 1961.92
15 22 1991.54
15 23 1964.56
15 24 1882.67
15 25 1750.56
15 26 1575.6
15 27 1366.97
15 28 1134.99
15 29 890.177
15 30 642.595
15 31 401.08
15 32 172.953
15 33 -36.361
15 34 -223.274
15 35 -386.012
15 36 -524.32
15 37 -639.167
15 38 -732.427
15 39 -806.51
15 40 -864.165
15 41 -908.039
15 42 -940.778
15 43 -964.68
15 44 -981.77
15 45 -993.713
15 46 -1001.85
15 47 -1007.21
15 48 -1010.53
15 49 -1012.32
15 50 -1012.91
15 51 -1012.32
15 52 -1010.53
15 53 -1007.21
15 54 -1001.85
15 55 -993.713
15 56 -981.77
15 57 -964.68
15 58 -940.778
15 59 -908.039
15 60 -864.165
15 61 -806.51
15 62 -732.427
15 63 -639.167
15 64 -524.32
15 65 -386.012
15 66 -223.274
15 67 -36.361
15 68 172.953
15 69 401.08
15 70 642.595
15 71 890.177
15 72 1134.99
15 73 1366.97
15 74 1575.6
15 75 1750.56
15 76 1882.67
15 77 1964.56
15 78 1991.54
15 79 1961.92
15 80 1877.38
15 81 1742.8
15 82 1565.99
15 83 1356.95
15 84 1127.13
15 85 888.506
15 86 652.665
15 87 430.045
15 88 229.286
15 89 56.8324
15 90 -83.2071
15 91 -189.013
15 92 -260.811
15 93 -300.484
15 94 -311.151
15 95 -296.733
15 96 -261.553
15 97 -210.039
15 98 -146.542
15 99 -75.1996
15 100 0

16 0 0
16 1 -18.0262
16 2 -34.334
16 3 -46.936
16 4 -53.4813
16 5 -51.0394
16 6 -36.1747
16 7 -5.07618
16 8 46.2358
16 9 121.423
16 10 223.444
16 11 353.983
16 12 512.987
16 13 698.264
16 14 905.281
16 15 1127.13
16 16 1354.77
16 17 1577.6
16 18 1784.03
16 19 1962.54
16 20 2102.5
16 21 2195.11
16 22 2234.18
16 23 2216.64
16 24 2142.74
16 25 2016.01
16 26 1842.87
16 27 1631.97
16 28 1393.43
16 29 1138.01
16 30 876.16
16 31 617.521
16 32 370.189
16 33 140.542
16 34 -67.0824
16 35 -250.121
16 36 -407.75
16 37 -540.485
16 38 -649.936
16 39 -738.401
16 40 -808.511
16 41 -863.09
16 42 -904.821
16 43 -936.176
16 44 -959.352
16 45 -976.163
16 46 -988.085
16 47 -996.246
16 48 -1001.52
16 49 -1004.46
16 50 -1005.39
16 51 -1004.46
16 52 -1001.52
16 53 -996.246
16 54 -988.085
16 55 -976.163
16 56 -959.352
16 57 -936.176
16 58 -904.821
16 59 -863.09
16 60 -808.511
16 61 -738.401
16 62 -649.936
16 63 -540.485
16 64 -407.75
16 65 -250.121
16 66 -67.0824
16 67 140.542
16 68 370.189
16 69 617.521
16 70 876.16
16 71 1138.01
16 72 1393.43
16 73 1631.97
16 74 1842.87
16 75 2016.01
16 76 2142.74
16 77 2216.64
16 78 2234.18
16 79 2195.11
16 80 2102.5
16 81 1962.54
16 82 1784.03
16 83 1577.6
16 84 1354.77
16 85 1127.13
16 86 905.281
16 87 698.264
16 88 512.987
16 89 353.983
16 90 223.444
16 91 121.423
16 92 46.2358
16 93 -5.07618
16 94 -36.1747
16 95 -51.0394
16 96 -53.4813
16 97 -46.936
16 98 -34.334
16 99 -18.0262
16 100 0

17 0 0
17 1 31.9836
17 2 63.9313
17 3 96.1723
17 4 129.576
17 5 165.866
17 6 207.603
17 7 258.13
17 8 321.391
17 9 401.47
17 10 502.174
17 11 626.431
17 12 775.701
17 13 949.507
17 14 1145.03
17 15 1356.95
17 16 1577.6
17 17 1797.27
17 18 2004.9
17 19 2188.9
17 20 2338.12
17 21 2442.78
17 22 2495.45
17 23 2491.58
17 24 2430.03
17 25 2313
17 26 2145.91
17 27 1936.69
17 28 1695.19
17 29 1432.19
17 30 1158.66
17 31 884.828
17 32 619.696
17 33 370.468
17 34 142.433
17 35 -61.0448
17 36 -238.447
17 37 -389.8
17 38 -516.368
17 39 -620.145
17 40 -703.775
17 41 -770.022
17 42 -821.693
17 43 -861.38
17 44 -891.396
17 45 -913.716
17 46 -929.952
17 47 -941.361
17 48 -948.864
17 49 -953.112
17 50 -954.507
17 51 -953.112
17 52 -948.864
17 53 -941.361
17 54 -929.952
17 55 -913.716
17 56 -891.396
17 57 -861.38
17 58 -821.693
17 59 -770.022
17 60 -703.775
17 61 -620.145
17 62 -516.368
17 63 -389.8
17 64 -238.447
17 65 -61.0448
17 66 142.433
17 67 370.468
17 68 619.696
17 69 884.828
17 70 1158.66
17 71 1432.19
17 72 1695.19
17 73 1936.69
17 74 2145.91
17 75 2313
17 76 2430.03
17 77 2491.58
17 78 2495.45
17 79 2442.78
17 80 2338.12
17 81 2188.9
17 82 2004.9
17 83 1797.27
17 84 1577.6
17 85 1356.95
17 86 1145.03
17 87 949.507
17 88 775.701
17 89 626.431
17 90 502.174
17 91 401.47
17 92 321.391
17 93 258.13
17 94 207.603
17 95 165.866
17 96 129.576
17 97 96.1723
17 98 63.9313
17 99 31.9836
17 100 0

18 0 0
18 1 73.038
18 2 144.712
18 3 214.059
18 4 280.822
18 5 345.743
18 6 410.672
18 7 478.537
18 8 553.195
18 9 639.022
18 10 740.476
18 11 861.464
18 12 1004.71
18 13 1171.18
18 14 1359.56
18 15 1565.99
18 16 1784.03
18 17 2004.9
18 18 2218.01
18 19 2411.81
18 20 2574.63
18 21 2695.86
18 22 2766.77
18 23 2781.45
18 24 2737.21
18 25 2634.95
18 26 2478.86
18 27 2276.11
18 28 2036.1
18 29 1769.62
18 30 1487.89
18 31 1201.82
18 32 921.155
18 33 654.089
18 34 406.822
18 35 183.589
18 36 -13.3471
18 37 -183.403
18 38 -327.326
18 39 -446.938
18 40 -544.633
18 41 -623.177
18 42 -685.405
18 43 -734
18 44 -771.4
18 45 -799.702
18 46 -820.644
18 47 -835.587
18 48 -845.559
18 49 -851.274
18 50 -853.111
18 51 -851.274
18 52 -845.559
18 53 -835.587
18 54 -820.644
18 55 -799.702
18 56 -771.4
18 57 -734
18 58 -685.405
18 59 -623.177
18 60 -544.633
18 61 -446.938
18 62 -327.326
18 63 -183.403
18 64 -13.3471
18 65 183.589
18 66 406.822
18 67 654.089
18 68 921.155
18 69 1201.82
18 70 1487.89
18 71 1769.62
18 72 2036.1
18 73 2276.11
18 74 2478.86
18 75 2634.95
18 76 2737.21
18 77 2781.45
18 78 2766.77
18 79 2695.86
18 80 2574.63
18 81 2411.81
18 82 2218.01
18 83 2004.9
18 84 1784.03
18 85 1565.99
18 86 1359.56
18 87 1171.18
18 88 1004.71
18 89 861.464
18 90 740.476
18 91 639.022
18 92 553.195
18 93 478.537
18 94 410.672
18 95 345.743
18 96 280.822
18 97 214.059
18 98 144.712
18 99 73.038
18 100 0

19 0 0
19 1 104.108
19 2 205.941
19 3 303.626
19 4 396.116
19 5 483.432
19 6 566.875
19 7 649.041
19 8 733.65
19 9 825.277
19 10 928.823
19 11 1048.94
19 12 1189.38
19 13 1352.27
19 14 1537.61
19 15 1742.8
19 16 1962.54
19 17 2188.9
19 18 2411.81
19 19 2619.73
19 20 2800.65
19 21 2943.08
19 22 3037.16
19 23 3075.51
19 24 3053.99
19 25 2971.98
19 26 2832.49
19 27 2641.71
19 28 2408.5
19 29 2143.42
19 30 1857.97
19 31 1563.54
19 32 1270.69
19 33 988.475
19 34 724.092
19 35 482.667
19 36 267.315
19 37 79.3101
19 38 -81.637
19 39 -216.888
19 40 -328.659
19 41 -419.637
19 42 -492.622
19 43 -550.355
19 44 -595.36
19 45 -629.864
19 46 -655.7
19 47 -674.343
19 48 -686.893
19 49 -694.11
19 50 -696.485
19 51 -694.11
19 52 -686.893
19 53 -674.343
19 54 -655.7
19 55 -629.864
19 56 -595.36
19 57 -550.355
19 58 -492.622
19 59 -419.637
19 60 -328.659
19 61 -216.888
19 62 -81.637
19 63 79.3101
19 64 267.315
19 65 482.667
19 66 724.092
19 67 988.475
19 68 1270.69
19 69 1563.54
19 70 1857.97
19 71 2143.42
19 72 2408.5
19 73 2641.71
19 74 2832.49
19 75 2971.98
19 76 3053.99
19 77 3075.51
19 78 3037.16
19 79 2943.08
19 80 2800.65
19 81 2619.73
19 82 2411.81
19 83 2188.9
19 84 1962.54
19 85 1742.8
19 86 1537.61
19 87 1352.27
19 88 1189.38
19 89 1048.94
19 90 928.823
19 91 825.277
19 92 733.65
19 93 649.041
19 94 566.875
19 95 483.432
19 96 396.116
19 97 303.626
19 98 205.941
19 99 104.108
19 100 0

20 0 0
20 1 124.906
20 2 247.002
20 3 363.873
20 4 473.987
20 5 576.893
20 6 673.512
20 7 766.18
20 8 858.48
20 9 955.08
20 10 1061.17
20 11 1181.94
20 12 1321.92
20 13 1484.19
20 14 1669.83
20 15 1877.38
20 16 2102.5
20 17 2338.12
20 18 2574.63
20 19 2800.65
20 20 3003.79
20 21 3171.87
20 22 3293.83
20 23 3360.97
20 24 3367.58
20 25 3311.59
20 26 3194.59
20 27 3021.77
20 28 2801.19
20 29 2543.18
20 30 2259.26
20 31 1961.27
20 32 1660.45
20 33 1366.73
20 34 1088.28
20 35 831.165
20 36 599.382
20 37 394.913
20 38 218.154
20 39 68.1079
20 40 -57.1622
20 41 -160.13
20 42 -243.571
20 43 -310.243
20 44 -362.742
20 45 -403.345
20 46 -434.03
20 47 -456.332
20 48 -471.437
20 49 -480.18
20 50 -483.025
20 51 -480.18
20 52 -471.437
20 53 -456.332
20 54 -434.03
20 55 -403.345
20 56 -362.742
20 57 -310.243
20 58 -243.571
20 59 -160.13
20 60 -57.1622
20 61 68.1079
20 62 218.154
20 63 394.913
20 64 599.382
20 65 831.165
20 66 1088.28
20 67 1366.73
20 68 1660.45
20 69 1961.27
20 70 2259.26
20 71 2543.18
20 72 2801.19
20 73 3021.77
20 74 3194.59
20 75 3311.59
20 76 3367.58
20 77 3360.97
20 78 3293.83
20 79 3171.87
20 80 3003.79
20 81 2800.65
20 82 2574.63
20 83 2338.12
20 84 2102.5
20 85 1877.38
20 86 1669.83
20 87 1484.19
20 88 1321.92
20 89 1181.94
20 90 1061.17
20 91 955.08
20 92 858.48
20 93 766.18
20 94 673.512
20 95 576.893
20 96 473.987
20 97 363.873
20 98 247.002
20 99 124.906
20 100 0

21 0 0
21 1 135.8
21 2 268.578
21 3 395.708
21 4 515.414
21 5 627.007
21 6 731.172
21 7 830.042
21 8 927.091
21 9 1026.99
21 10 1135.12
21 11 1257.02
21 12 1397.81
21 13 1561.31
21 14 1749.53
21 15 1961.92
21 16 2195.11
21 17 2442.78
21 18 2695.86
21 19 2943.08
21 20 3171.87
21 21 3369.3
21 22 3523.35
21 23 3623.91
21 24 3663.81
21 25 3639.35
21 26 3550.78
21 27 3401.97
21 28 3200.22
21 29 2955.31
21 30 2678.77
21 31 2382.65
21 32 2078.82
21 33 1778.05
21 34 1489.41
21 35 1219.93
21 36 974.475
21 37 755.911
21 38 565.214
21 39 401.897
21 40 264.405
21 41 150.437
21 42 57.3335
21 43 -17.6252
21 44 -77.0782
21 45 -123.398
21 46 -158.601
21 47 -184.318
21 48 -201.828
21 49 -211.961
21 50 -215.303
21 51 -211.961
21 52 -201.828
21 53 -184.318
21 54 -158.601
21 55 -123.398
21 56 -77.0782
21 57 -17.6252
21 58 57.3335
21 59 150.437
21 60 264.405
21 61 401.897
21 62 565.214
21 63 755.911
21 64 974.475
21 65 1219.93
21 66 1489.41
21 67 1778.05
21 68 2078.82
21 69 2382.65
21 70 2678.77
21 71 2955.31
21 72 3200.22
21 73 3401.97
21 74 3550.78
21 75 3639.35
21 76 3663.81
21 77 3623.91
21 78 3523.35
21 79 3369.3
21 80 3171.87
21 81 2943.08
21 82 2695.86
21 83 2442.78
21 84 2195.11
21 85 1961.92
21 86 1749.53
21 87 1561.31
21 88 1397.81
21 89 1257.02
21 90 1135.12
21 91 1026.99
21 92 927.091
21 93 830.042
21 94 731.172
21 95 627.007
21 96 515.414
21 97 395.708
21 98 268.578
21 99 135.8
21 100 0

22 0 0
22 1 137.745
22 2 272.505
22 3 401.69
22 4 523.484
22 5 637.149
22 6 743.259
22 7 843.82
22 8 942.218
22 9 1043.07
22 10 1151.84
22 11 1274.31
22 12 1415.99
22 13 1581.34
22 14 1773.08
22 15 1991.54
22 16 2234.18
22 17 2495.45
22 18 2766.77
22 19 3037.16
22 20 3293.83
22 21 3523.35
22 22 3712.68
22 23 3850.5
22 24 3928.05
22 25 3940.14
22 26 3885.41
22 27 3766.51
22 28 3589.65
22 29 3364.03
22 30 3100.86
22 31 2812.42
22 32 2511.05
22 33 2208.23
22 34 1913.89
22 35 1635.98
22 36 1380.37
22 37 1150.68
22 38 948.577
22 39 774.168
22 40 626.247
22 41 502.82
22 42 401.356
22 43 319.177
22 44 253.636
22 45 202.358
22 46 163.205
22 47 134.498
22 48 114.926
22 49 103.542
22 50 99.8197
22 51 103.542
22 52 114.926
22 53 134.498
22 54 163.205
22 55 202.358
22 56 253.636
22 57 319.177
22 58 401.356
22 59 502.82
22 60 626.247
22 61 774.168
22 62 948.577
22 63 1150.68
22 64 1380.37
22 65 1635.98
22 66 1913.89
22 67 2208.23
22 68 2511.05
22 69 2812.42
22 70 3100.86
22 71 3364.03
22 72 3589.65
22 73 3766.51
22 74 3885.41
22 75 3940.14
22 76 3928.05
22 77 3850.5
22 78 3712.68
22 79 3523.35
22 80 3293.83
22 81 3037.16
22 82 2766.77
22 83 2495.45
22 84 2234.18
22 85 1991.54
22 86 1773.08
22 87 1581.34
22 88 1415.99
22 89 1274.31
22 90 1151.84
22 91 1043.07
22 92 942.218
22 93 843.82
22 94 743.259
22 95 637.149
22 96 523.484
22 97 401.69
22 98 272.505
22 99 137.745
22 100 0

23 0 0
23 1 132.064
23 2 261.367
23 3 385.52
23 4 502.833
23 5 612.633
23 6 715.486
23 7 813.316
23 8 909.445
23 9 1008.4
23 10 1115.67
23 11 1237.19
23 12 1378.75
23 13 1545.3
23 14 1740.22
23 15 1964.56
23 16 2216.64
23 17 2491.58
23 18 2781.45
23 19 3075.51
23 20 3360.97
23 21 3623.91
23 22 3850.5
23 23 4028.12
23 24 4146.67
23 25 4199.28
23 26 4183.09
23 27 4099.24
23 28 3952.86
23 29 3752.3
23 30 3508.43
23 31 3233.48
23 32 2940.13
23 33 2640.48
23 34 2345.25
23 35 2063.36
23 36 1801.48
23 37 1564.09
23 38 1353.64
23 39 1170.74
23 40 1014.69
23 41 883.758
23 42 775.609
23 43 687.64
23 44 617.247
23 45 561.965
23 46 519.682
23 47 488.619
23 48 467.386
23 49 455.054
23 50 450.996
23 51 455.054
23 52 467.386
23 53 488.619
23 54 519.682
23 55 561.965
23 56 617.247
23 57 687.64
23 58 775.609
23 59 883.758
23 60 1014.69
23 61 1170.74
23 62 1353.64
23 63 1564.09
23 64 1801.48
23 65 2063.36
23 66 2345.25
23 67 2640.48
23 68 2940.13
23 69 3233.48
23 70 3508.43
23 71 3752.3
23 72 3952.86
23 73 4099.24
23 74 4183.09
23 75 4199.28
23 76 4146.67
23 77 4028.12
23 78 3850.5
23 79 3623.91
23 80 3360.97
23 81 3075.51
23 82 2781.45
23 83 2491.58
23 84 2216.64
23 85 1964.56
23 86 1740.22
23 87 1545.3
23 88 1378.75
23 89 1237.19
23 90 1115.67
23 91 1008.4
23 92 909.445
23 93 813.316
23 94 715.486
23 95 612.633
23 96 502.833
23 97 385.52
23 98 261.367
23 99 132.064
23 100 0

24 0 0
24 1 120.353
24 2 238.286
24 3 351.693
24 4 459.129
24 5 560.057
24 6 655.086
24 7 746.127
24 8 836.406
24 9 930.394
24 10 1033.53
24 11 1151.85
24 12 1291.35
24 13 1457.4
24 14 1653.9
24 15 1882.67
24 16 2142.74
24 17 2430.03
24 18 2737.21
24 19 3053.99
24 20 3367.58
24 21 3663.81
24 22 3928.05
24 23 4146.67
24 24 4308.09
24 25 4403.97
24 26 4429.73
24 27 4385.11
24 28 4273.88
24 29 4103.51
24 30 3884.23
24 31 3628.18
24 32 3348.18
24 33 3056.81
24 34 2765.56
24 35 2484.11
24 36 2220.03
24 37 1978.66
24 38 1763.1
24 39 1574.63
24 40 1412.99
24 41 1276.79
24 42 1163.9
24 43 1071.82
24 44 997.965
24 45 939.91
24 46 895.442
24 47 862.742
24 48 840.423
24 49 827.414
24 50 823.16
24 51 827.414
24 52 840.423
24 53 862.742
24 54 895.442
24 55 939.91
24 56 997.965
24 57 1071.82
24 58 1163.9
24 59 1276.79
24 60 1412.99
24 61 1574.63
24 62 1763.1
24 63 1978.66
24 64 2220.03
24 65 2484.11
24 66 2765.56
24 67 3056.81
24 68 3348.18
24 69 3628.18
24 70 3884.23
24 71 4103.51
24 72 4273.88
24 73 4385.11
24 74 4429.73
24 75 4403.97
24 76 4308.09
24 77 4146.67
24 78 3928.05
24 79 3663.81
24 80 3367.58
24 81 3053.99
24 82 2737.21
24 83 2430.03
24 84 2142.74
24 85 1882.67
24 86 1653.9
24 87 1457.4
24 88 1291.35
24 89 1151.85
24 90 1033.53
24 91 930.394
24 92 836.406
24 93 746.127
24 94 655.086
24 95 560.057
24 96 459.129
24 97 351.693
24 98 238.286
24 99 120.353
24 100 0

25 0 0
25 1 104.302
25 2 206.57
25 3 305.018
25 4 398.497
25 5 486.629
25 6 570.118
25 7 650.87
25 8 732.039
25 9 818.014
25 10 914.192
25 11 1026.61
25 12 1161.47
25 13 1324.44
25 14 1519.99
25 15 1750.56
25 16 2016.01
25 17 2313
25 18 2634.95
25 19 2971.98
25 20 3311.59
25 21 3639.35
25 22 3940.14
25 23 4199.28
25 24 4403.97
25 25 4544.26
25 26 4614.02
25 27 4611.39
25 28 4538.82
25 29 4402.63
25 30 4212.38
25 31 3979.84
25 32 3717.89
25 33 3439.48
25 34 3156.67
25 35 2879.89
25 36 2617.58
25 37 2375.76
25 38 2158.38
25 39 1967.27
25 40 1802.67
25 41 1663.51
25 42 1547.91
25 43 1453.47
25 44 1377.7
25 45 1318.1
25 46 1272.5
25 47 1239
25 48 1216.11
25 49 1202.82
25 50 1198.46
25 51 1202.82
25 52 1216.11
25 53 1239
25 54 1272.5
25 55 1318.1
25 56 1377.7
25 57 1453.47
25 58 1547.91
25 59 1663.51
25 60 1802.67
25 61 1967.27
25 62 2158.38
25 63 2375.76
25 64 2617.58
25 65 2879.89
25 66 3156.67
25 67 3439.48
25 68 3717.89
25 69 3979.84
25 70 4212.38
25 71 4402.63
25 72 4538.82
25 73 4611.39
25 74 4614.02
25 75 4544.26
25 76 4403.97
25 77 4199.28
25 78 3940.14
25 79 3639.35
25 80 3311.59
25 81 2971.98
25 82 2634.95
25 83 2313
25 84 2016.01
25 85 1750.56
25 86 1519.99
25 87 1324.44
25 88 1161.47
25 89 1026.61
25 90 914.192
25 91 818.014
25 92 732.039
25 93 650.87
25 94 570.118
25 95 486.629
25 96 398.497
25 97 305.018
25 98 206.57
25 99 104.302
25 100 0

26 0 0
26 1 85.5454
26 2 169.426
26 3 250.199
26 4 326.98
26 5 399.58
26 6 468.779
26 7 536.497
26 8 605.793
26 9 680.993
26 10 767.389
26 11 871.059
26 12 998.326
26 13 1155.19
26 14 1346.57
26 15 1575.6
26 16 1842.87
26 17 2145.91
26 18 2478.86
26 19 2832.49
26 20 3194.59
26 21 3550.78
26 22 3885.41
26 23 4183.09
26 24 4429.73
26 25 4614.02
26 26 4728.2
26 27 4768.87
26 28 4736.96
26 29 4637.64
26 30 4479.62
26 31 4274.16
26 32 4034.06
26 33 3772.44
26 34 3501.88
26 35 3233.51
26 36 2976.39
26 37 2737.43
26 38 2521.2
26 39 2330.17
26 40 2165.04
26 41 2025.12
26 42 1908.74
26 43 1813.67
26 44 1737.42
26 45 1677.56
26 46 1631.82
26 47 1598.28
26 48 1575.45
26 49 1562.17
26 50 1557.82
26 51 1562.17
26 52 1575.45
26 53 1598.28
26 54 1631.82
26 55 1677.56
26 56 1737.42
26 57 1813.67
26 58 1908.74
26 59 2025.12
26 60 2165.04
26 61 2330.17
26 62 2521.2
26 63 2737.43
26 64 2976.39
26 65 3233.51
26 66 3501.88
26 67 3772.44
26 68 4034.06
26 69 4274.16
26 70 4479.62
26 71 4637.64
26 72 4736.96
26 73 4768.87
26 74 4728.2
26 75 4614.02
26 76 4429.73
26 77 4183.09
26 78 3885.41
26 79 3550.78
26 80 3194.59
26 81 2832.49
26 82 2478.86
26 83 2145.91
26 84 1842.87
26 85 1575.6
26 86 1346.57
26 87 1155.19
26 88 998.326
26 89 871.059
26 90 767.389
26 91 680.993
26 92 605.793
26 93 536.497
26 94 468.779
26 95 399.58
26 96 326.98
26 97 250.199
26 98 169.426
26 99 85.5454
26 100 0

27 0 0
27 1 65.5634
27 2 129.785
27 3 191.541
27 4 250.162
27 5 305.625
27 6 358.79
27 7 411.528
27 8 466.868
27 9 528.986
27 10 603.133
27 11 695.343
27 12 812.086
27 13 959.598
27 14 1143.32
27 15 1366.97
27 16 1631.97
27 17 1936.69
27 18 2276.11
27 19 2641.71
27 20 3021.77
27 21 3401.97
27 22 3766.51
27 23 4099.24
27 24 4385.11
27 25 4611.39
27 26 4768.87
27 27 4852.49
27 28 4861.74
27 29 4800.52
27 30 4676.54
27 31 4500.46
27 32 4284.79
27 33 4042.8
27 34 3787.45
27 35 3530.3
27 36 3281.21
27 37 3047.73
27 38 2835.14
27 39 2646.47
27 40 2482.9
27 41 2344.08
27 42 2228.61
27 43 2134.36
27 44 2058.95
27 45 1999.89
27 46 1954.92
27 47 1922.08
27 48 1899.74
27 49 1886.82
27 50 1882.58
27 51 1886.82
27 52 1899.74
27 53 1922.08
27 54 1954.92
27 55 1999.89
27 56 2058.95
27 57 2134.36
27 58 2228.61
27 59 2344.08
27 60 2482.9
27 61 2646.47
27 62 2835.14
27 63 3047.73
27 64 3281.21
27 65 3530.3
27 66 3787.45
27 67 4042.8
27 68 4284.79
27 69 4500.46
27 70 4676.54
27 71 4800.52
27 72 4861.74
27 73 4852.49
27 74 4768.87
27 75 4611.39
27 76 4385.11
27 77 4099.24
27 78 3766.51
27 79 3401.97
27 80 3021.77
27 81 2641.71
27 82 2276.11
27 83 1936.69
27 84 1631.97
27 85 1366.97
27 86 1143.32
27 87 959.598
27 88 812.086
27 89 695.343
27 90 603.133
27 91 528.986
27 92 466.868
27 93 411.528
27 94 358.79
27 95 305.625
27 96 250.162
27 97 191.541
27 98 129.785
27 99 65.5634
27 100 0

28 0 0
28 1 45.6093
28 2 90.1333
28 3 132.715
28 4 172.832
28 5 210.612
28 6 246.926
28 7 283.615
28 8 323.62
28 9 370.997
28 10 430.889
28 11 509.342
28 12 612.852
28 13 747.993
28 14 920.561
28 15 1134.99
28 16 1393.43
28 17 1695.19
28 18 2036.1
28 19 2408.5
28 20 2801.19
28 21 3200.22
28 22 3589.65
28 23 3952.86
28 24 4273.88
28 25 4538.82
28 26 4736.96
28 27 4861.74
28 28 4911.16
28 29 4887.77
28 30 4798.23
28 31 4652.44
28 32 4462.59
28 33 4241.93
28 34 4003.52
28 35 3759.56
28 36 3520.41
28 37 3294.32
28 38 3087.13
28 39 2902.5
28 40 2742.02
28 41 2605.73
28 42 2492.42
28 43 2400.15
28 44 2326.53
28 45 2269.14
28 46 2225.64
28 47 2194
28 48 2172.61
28 49 2160.24
28 50 2156.2
28 51 2160.24
28 52 2172.61
28 53 2194
28 54 2225.64
28 55 2269.14
28 56 2326.53
28 57 2400.15
28 58 2492.42
28 59 2605.73
28 60 2742.02
28 61 2902.5
28 62 3087.13
28 63 3294.32
28 64 3520.41
28 65 3759.56
28 66 4003.52
28 67 4241.93
28 68 4462.59
28 69 4652.44
28 70 4798.23
28 71 4887.77
28 72 4911.16
28 73 4861.74
28 74 4736.96
28 75 4538.82
28 76 4273.88
28 77 3952.86
28 78 3589.65
28 79 3200.22
28 80 2801.19
28 81 2408.5
28 82 2036.1
28 83 1695.19
28 84 1393.43
28 85 1134.99
28 86 920.561
28 87 747.993
28 88 612.852
28 89 509.342
28 90 430.889
28 91 370.997
28 92 323.62
28 93 283.615
28 94 246.926
28 95 210.612
28 96 172.832
28 97 132.715
28 98 90.1333
28 99 45.6093
28 100 0

29 0 0
29 1 26.6627
29 2 52.4362
29 3 76.6174
29 4 98.8284
29 5 119.242
29 6 138.75
29 7 159.105
29 8 183.164
29 9 214.807
29 10 259.108
29 11 322.016
29 12 410.139
29 13 530.247
29 14 688.594
29 15 890.177
29 16 1138.01
29 17 1432.19
29 18 1769.62
29 19 2143.42
29 20 2543.18
29 21 2955.31
29 22 3364.03
29 23 3752.3
29 24 4103.51
29 25 4402.63
29 26 4637.64
