0 0 0
0 1 0
0 2 0
0 3 0
0 4 0
0 5 0
0 6 0
0 7 0
0 8 0
0 9 0
0 10 0
0 11 0
0 12 0
0 13 0
0 14 0
0 15 0
0 16 0
0 17 0
0 18 0
0 19 0
0 20 0
0 21 0
0 22 0
0 23 0
0 24 0
0 25 0
0 26 0
0 27 0
0 28 0
0 29 0
0 30 0
0 31 0
0 32 0
0 33 0
0 34 0
0 35 0
0 36 0
0 37 0
0 38 0
0 39 0
0 40 0
0 41 0
0 42 0
0 43 0
0 44 0
0 45 0
0 46 0
0 47 0
0 48 0
0 49 0
0 50 0
0 51 0
0 52 0
0 53 0
0 54 0
0 55 0
0 56 0
0 57 0
0 58 0
0 59 0
0 60 0
0 61 0
0 62 0
0 63 0
0 64 0
0 65 0
0 66 0
0 67 0
0 68 0
0 69 0
0 70 0
0 71 0
0 72 0
0 73 0
0 74 0
0 75 0
0 76 0
0 77 0
0 78 0
0 79 0
0 80 0
0 81 0
0 82 0
0 83 0
0 84 0
0 85 0
0 86 0
0 87 0
0 88 0
0 89 0
0 90 0
0 91 0
0 92 0
0 93 0
0 94 0
0 95 0
0 96 0
0 97 0
0 98 0
0 99 0
0 100 0

1 0 0
1 1 9.45883
1 2 18.7971
1 3 27.889
1 4 36.5426
1 5 44.5367
1 6 51.5547
1 7 57.2056
1 8 61.0208
1 9 62.4264
1 10 60.8165
1 11 55.5203
1 12 45.8926
1 13 31.3548
1 14 11.4437
1 15 -14.0665
1 16 -45.1419
1 17 -81.3746
1 18 -121.953
1 19 -165.629
1 20 -210.73
1 21 -255.204
1 22 -296.734
1 23 -332.871
1 24 -361.21
1 25 -379.615
1 26 -386.375
1 27 -380.429
1 28 -361.465
1 29 -330.002
1 30 -287.397
1 31 -235.753
1 32 -177.749
1 33 -116.456
1 34 -55.0536
1 35 3.42668
1 36 56.2966
1 37 101.476
1 38 137.533
1 39 163.825
1 40 180.431
1 41 188.101
1 42 188.094
1 43 182.055
1 44 171.82
1 45 159.295
1 46 146.28
1 47 134.378
1 48 124.896
1 49 118.808
1 50 116.71
1 51 118.808
1 52 124.896
1 53 134.378
1 54 146.28
1 55 159.295
1 56 171.82
1 57 182.055
1 58 188.094
1 59 188.101
1 60 180.431
1 61 163.825
1 62 137.533
1 63 101.476
1 64 56.2966
1 65 3.42668
1 66 -55.0536
1 67 -116.456
1 68 -177.749
1 69 -235.753
1 70 -287.397
1 71 -330.002
1 72 -361.465
1 73 -380.429
1 74 -386.375
1 75 -379.615
1 76 -361.21
1 77 -332.871
1 78 -296.734
1 79 -255.204
1 80 -210.73
1 81 -165.629
1 82 -121.953
1 83 -81.3746
1 84 -45.1419
1 85 -14.0665
1 86 11.4437
1 87 31.3548
1 88 45.8926
1 89 55.5203
1 90 60.8165
1 91 62.4264
1 92 61.0208
1 93 57.2056
1 94 51.5547
1 95 44.5367
1 96 36.5426
1 97 27.889
1 98 18.7971
1 99 9.45883
1 100 0

2 0 0
2 1 18.7971
2 2 37.3403
2 3 55.3602
2 4 72.4652
2 5 88.1974
2 6 101.919
2 7 112.847
2 8 120.045
2 9 122.384
2 10 118.668
2 11 107.591
2 12 87.8975
2 13 58.4695
2 14 18.4277
2 15 -32.6446
2 16 -94.6404
2 17 -166.721
2 18 -247.25
2 19 -333.742
2 20 -422.875
2 21 -510.602
2 22 -592.361
2 23 -663.343
2 24 -718.829
2 25 -754.638
2 26 -767.415
2 27 -755.099
2 28 -717.09
2 29 -654.441
2 30 -569.827
2 31 -467.399
2 32 -352.444
2 33 -230.982
2 34 -109.304
2 35 6.60484
2 36 111.479
2 37 201.12
2 38 272.78
2 39 325.145
2 40 358.33
2 41 373.819
2 42 374.092
2 43 362.371
2 44 342.296
2 45 317.662
2 46 292.003
2 47 268.494
2 48 249.745
2 49 237.729
2 50 233.589
2 51 237.729
2 52 249.745
2 53 268.494
2 54 292.003
2 55 317.662
2 56 342.296
2 57 362.371
2 58 374.092
2 59 373.819
2 60 358.33
2 61 325.145
2 62 272.78
2 63 201.12
2 64 111.479
2 65 6.60484
2 66 -109.304
2 67 -230.982
2 68 -352.444
2 69 -467.399
2 70 -569.827
2 71 -654.441
2 72 -717.09
2 73 -755.099
2 74 -767.415
2 75 -754.638
2 76 -718.829
2 77 -663.343
2 78 -592.361
2 79 -510.602
2 80 -422.875
2 81 -333.742
2 82 -247.25
2 83 -166.721
2 84 -94.6404
2 85 -32.6446
2 86 18.4277
2 87 58.4695
2 88 87.8975
2 89 107.591
2 90 118.668
2 91 122.384
2 92 120.045
2 93 112.847
2 94 101.919
2 95 88.1974
2 96 72.4652
2 97 55.3602
2 98 37.3403
2 99 18.7971
2 100 0

3 0 0
3 1 27.889
3 2 55.3602
3 3 81.9643
3 4 107.094
3 5 130.028
3 6 149.806
3 7 165.252
3 8 174.973
3 9 177.319
3 10 170.536
3 11 152.743
3 12 122.141
3 13 77.1522
3 14 16.5709
3 15 -60.1317
3 16 -152.701
3 17 -259.821
3 18 -379.02
3 19 -506.595
3 20 -637.647
3 21 -766.231
3 22 -885.681
3 23 -988.98
3 24 -1069.28
3 25 -1120.52
3 26 -1137.88
3 27 -1118.38
3 28 -1061.22
3 29 -967.958
3 30 -842.528
3 31 -691.012
3 32 -521.135
3 33 -341.75
3 34 -162.023
3 35 9.27555
3 36 164.362
3 37 297.178
3 38 403.531
3 39 481.494
3 40 531.227
3 41 554.836
3 42 555.932
3 43 539.259
3 44 510.16
3 45 474.175
3 46 436.584
3 47 402.092
3 48 374.558
3 49 356.858
3 50 350.756
3 51 356.858
3 52 374.558
3 53 402.092
3 54 436.584
3 55 474.175
3 56 510.16
3 57 539.259
3 58 555.932
3 59 554.836
3 60 531.227
3 61 481.494
3 62 403.531
3 63 297.178
3 64 164.362
3 65 9.27555
3 66 -162.023
3 67 -341.75
3 68 -521.135
3 69 -691.012
3 70 -842.528
3 71 -967.958
3 72 -1061.22
3 73 -1118.38
3 74 -1137.88
3 75 -1120.52
3 76 -1069.28
3 77 -988.98
3 78 -885.681
3 79 -766.231
3 80 -637.647
3 81 -506.595
3 82 -379.02
3 83 -259.821
3 84 -152.701
3 85 -60.1317
3 86 16.5709
3 87 77.1522
3 88 122.141
3 89 152.743
3 90 170.536
3 91 177.319
3 92 174.973
3 93 165.252
3 94 149.806
3 95 130.028
3 96 107.094
3 97 81.9643
3 98 55.3602
3 99 27.889
3 100 0

4 0 0
4 1 36.5426
4 2 72.4652
4 3 107.094
4 4 139.578
4 5 168.901
4 6 193.765
4 7 212.603
4 8 223.578
4 9 224.569
4 10 213.321
4 11 187.471
4 12 144.781
4 13 83.3215
4 14 1.69158
4 15 -100.652
4 16 -223.203
4 17 -364.115
4 18 -520.053
4 19 -686.134
4 20 -855.964
4 21 -1021.87
4 22 -1175.28
4 23 -1307.22
4 24 -1408.98
4 25 -1472.85
4 26 -1492.75
4 27 -1464.96
4 28 -1388.5
4 29 -1265.49
4 30 -1101.02
4 31 -902.919
4 32 -681.166
4 33 -447.095
4 34 -212.558
4 35 11.1132
4 36 213.931
4 37 387.881
4 38 527.636
4 39 630.558
4 40 696.769
4 41 728.929
4 42 731.672
4 43 711.083
4 44 674.101
4 45 627.958
4 46 579.501
4 47 534.89
4 48 499.206
4 49 476.271
4 50 468.362
4 51 476.271
4 52 499.206
4 53 534.89
4 54 579.501
4 55 627.958
4 56 674.101
4 57 711.083
4 58 731.672
4 59 728.929
4 60 696.769
4 61 630.558
4 62 527.636
4 63 387.881
4 64 213.931
4 65 11.1132
4 66 -212.558
4 67 -447.095
4 68 -681.166
4 69 -902.919
4 70 -1101.02
4 71 -1265.49
4 72 -1388.5
4 73 -1464.96
4 74 -1492.75
4 75 -1472.85
4 76 -1408.98
4 77 -1307.22
4 78 -1175.28
4 79 -1021.87
4 80 -855.964
4 81 -686.134
4 82 -520.053
4 83 -364.115
4 84 -223.203
4 85 -100.652
4 86 1.69158
4 87 83.3215
4 88 144.781
4 89 187.471
4 90 213.321
4 91 224.569
4 92 223.578
4 93 212.603
4 94 193.765
4 95 168.901
4 96 139.578
4 97 107.094
4 98 72.4652
4 99 36.5426
4 100 0

5 0 0
5 1 44.5367
5 2 88.1974
5 3 130.028
5 4 168.901
5 5 203.468
5 6 232.086
5 7 252.808
5 8 263.379
5 9 261.273
5 10 243.805
5 11 208.247
5 12 152.047
5 13 73.0713
5 14 -30.1261
5 15 -157.964
5 16 -309.574
5 17 -482.5
5 18 -672.547
5 19 -873.7
5 20 -1078.22
5 21 -1276.89
5 22 -1459.49
5 23 -1615.41
5 24 -1734.39
5 25 -1807.37
5 26 -1827.3
5 27 -1789.87
5 28 -1694.09
5 29 -1542.54
5 30 -1341.37
5 31 -1099.94
5 32 -830.171
5 33 -545.634
5 34 -260.451
5 35 11.7907
5 36 259.009
5 37 471.675
5 38 643.127
5 39 770.152
5 40 852.78
5 41 894.054
5 42 899.47
5 43 876.331
5 44 832.992
5 45 778.143
5 46 720.182
5 47 666.613
5 48 623.674
5 49 595.993
5 50 586.448
5 51 595.993
5 52 623.674
5 53 666.613
5 54 720.182
5 55 778.143
5 56 832.992
5 57 876.331
5 58 899.47
5 59 894.054
5 60 852.78
5 61 770.152
5 62 643.127
5 63 471.675
5 64 259.009
5 65 11.7907
5 66 -260.451
5 67 -545.634
5 68 -830.171
5 69 -1099.94
5 70 -1341.37
5 71 -1542.54
5 72 -1694.09
5 73 -1789.87
5 74 -1827.3
5 75 -1807.37
5 76 -1734.39
5 77 -1615.41
5 78 -1459.49
5 79 -1276.89
5 80 -1078.22
5 81 -873.7
5 82 -672.547
5 83 -482.5
5 84 -309.574
5 85 -157.964
5 86 -30.1261
5 87 73.0713
5 88 152.047
5 89 208.247
5 90 243.805
5 91 261.273
5 92 263.379
5 93 252.808
5 94 232.086
5 95 203.468
5 96 168.901
5 97 130.028
5 98 88.1974
5 99 44.5367
5 100 0

6 0 0
6 1 51.5547
6 2 101.919
6 3 149.806
6 4 193.765
6 5 232.086
6 6 262.775
6 7 283.514
6 8 291.674
6 9 284.398
6 10 258.674
6 11 211.544
6 12 140.297
6 13 42.757
6 14 -82.3911
6 15 -235.302
6 16 -414.615
6 17 -617.216
6 18 -838.037
6 19 -1070.02
6 20 -1304.24
6 21 -1530.19
6 22 -1736.33
6 23 -1910.75
6 24 -2042.02
6 25 -2120.09
6 26 -2137.22
6 27 -2088.75
6 28 -1973.72
6 29 -1795.2
6 30 -1560.21
6 31 -1279.4
6 32 -966.3
6 33 -636.274
6 34 -305.392
6 35 10.8315
6 36 298.678
6 37 547.001
6 38 748.211
6 39 898.346
6 40 997.293
6 41 1048.35
6 42 1057.7
6 43 1033.61
6 44 985.684
6 45 923.948
6 46 858.114
6 47 796.963
6 48 747.775
6 49 716.021
6 50 705.052
6 51 716.021
6 52 747.775
6 53 796.963
6 54 858.114
6 55 923.948
6 56 985.684
6 57 1033.61
6 58 1057.7
6 59 1048.35
6 60 997.293
6 61 898.346
6 62 748.211
6 63 547.001
6 64 298.678
6 65 10.8315
6 66 -305.392
6 67 -636.274
6 68 -966.3
6 69 -1279.4
6 70 -1560.21
6 71 -1795.2
6 72 -1973.72
6 73 -2088.75
6 74 -2137.22
6 75 -2120.09
6 76 -2042.02
6 77 -1910.75
6 78 -1736.33
6 79 -1530.19
6 80 -1304.24
6 81 -1070.02
6 82 -838.037
6 83 -617.216
6 84 -414.615
6 85 -235.302
6 86 -82.3911
6 87 42.757
6 88 140.297
6 89 211.544
6 90 258.674
6 91 284.398
6 92 291.674
6 93 283.514
6 94 262.775
6 95 232.086
6 96 193.765
6 97 149.806
6 98 101.919
6 99 51.5547
6 100 0

7 0 0
7 1 57.2056
7 2 112.847
7 3 165.252
7 4 212.603
7 5 252.808
7 6 283.514
7 7 302.059
7 8 305.501
7 9 290.735
7 10 254.55
7 11 193.904
7 12 106.1
7 13 -10.8967
7 14 -158.104
7 15 -335.254
7 16 -540.392
7 17 -769.687
7 18 -1017.24
7 19 -1275.04
7 20 -1533.19
7 21 -1780.18
7 22 -2003.5
7 23 -2190.34
7 24 -2328.52
7 25 -2407.36
7 26 -2418.75
7 27 -2357.86
7 28 -2223.9
7 29 -2020.33
7 30 -1754.92
7 31 -1439.28
7 32 -1088.15
7 33 -718.319
7 34 -347.326
7 35 7.81569
7 36 331.874
7 37 612.604
7 38 841.291
7 39 1013.44
7 40 1128.61
7 41 1190.21
7 42 1204.89
7 43 1181.69
7 44 1131.22
7 45 1064.61
7 46 992.787
7 47 925.606
7 48 871.372
7 49 836.258
7 50 824.134
7 51 836.258
7 52 871.372
7 53 925.606
7 54 992.787
7 55 1064.61
7 56 1131.22
7 57 1181.69
7 58 1204.89
7 59 1190.21
7 60 1128.61
7 61 1013.44
7 62 841.291
7 63 612.604
7 64 331.874
7 65 7.81569
7 66 -347.326
7 67 -718.319
7 68 -1088.15
7 69 -1439.28
7 70 -1754.92
7 71 -2020.33
7 72 -2223.9
7 73 -2357.86
7 74 -2418.75
7 75 -2407.36
7 76 -2328.52
7 77 -2190.34
7 78 -2003.5
7 79 -1780.18
7 80 -1533.19
7 81 -1275.04
7 82 -1017.24
7 83 -769.687
7 84 -540.392
7 85 -335.254
7 86 -158.104
7 87 -10.8967
7 88 106.1
7 89 193.904
7 90 254.55
7 91 290.735
7 92 305.501
7 93 302.059
7 94 283.514
7 95 252.808
7 96 212.603
7 97 165.252
7 98 112.847
7 99 57.2056
7 100 0

8 0 0
8 1 61.0208
8 2 120.045
8 3 174.973
8 4 223.578
8 5 263.379
8 6 291.674
8 7 305.501
8 8 301.68
8 9 276.958
8 10 228.069
8 11 152.038
8 12 46.3612
8 13 -90.6742
8 14 -259.621
8 15 -459.645
8 16 -688.107
8 17 -940.438
8 18 -1209.95
8 19 -1487.87
8 20 -1763.53
8 21 -2024.76
8 22 -2258.43
8 23 -2451.28
8 24 -2590.75
8 25 -2665.95
8 26 -2668.7
8 27 -2594.25
8 28 -2441.96
8 29 -2215.69
8 30 -1923.7
8 31 -1578.25
8 32 -1194.93
8 33 -791.432
8 34 -386.368
8 35 2.10981
8 36 357.788
8 37 667.26
8 38 921.093
8 39 1114.02
8 40 1245.32
8 41 1318.29
8 42 1339.82
8 43 1319.52
8 44 1268.71
8 45 1199.46
8 46 1123.67
8 47 1052.23
8 48 994.242
8 49 956.588
8 50 943.545
8 51 956.588
8 52 994.242
8 53 1052.23
8 54 1123.67
8 55 1199.46
8 56 1268.71
8 57 1319.52
8 58 1339.82
8 59 1318.29
8 60 1245.32
8 61 1114.02
8 62 921.093
8 63 667.26
8 64 357.788
8 65 2.10981
8 66 -386.368
8 67 -791.432
8 68 -1194.93
8 69 -1578.25
8 70 -1923.7
8 71 -2215.69
8 72 -2441.96
8 73 -2594.25
8 74 -2668.7
8 75 -2665.95
8 76 -2590.75
8 77 -2451.28
8 78 -2258.43
8 79 -2024.76
8 80 -1763.53
8 81 -1487.87
8 82 -1209.95
8 83 -940.438
8 84 -688.107
8 85 -459.645
8 86 -259.621
8 87 -90.6742
8 88 46.3612
8 89 152.038
8 90 228.069
8 91 276.958
8 92 301.68
8 93 305.501
8 94 291.674
8 95 263.379
8 96 223.578
8 97 174.973
8 98 120.045
8 99 61.0208
8 100 0

9 0 0
9 1 62.4264
9 2 122.384
9 3 177.319
9 4 224.569
9 5 261.273
9 6 284.398
9 7 290.735
9 8 276.958
9 9 239.776
9 10 176.023
9 11 82.9569
9 12 -41.5597
9 13 -198.736
9 14 -388.526
9 15 -609.401
9 16 -858.002
9 17 -1129.02
9 18 -1415.1
9 19 -1706.84
9 20 -1993.11
9 21 -2261.37
9 22 -2498.33
9 23 -2690.65
9 24 -2825.85
9 25 -2893.18
9 26 -2884.66
9 27 -2795.76
9 28 -2626.14
9 29 -2379.88
9 30 -2065.52
9 31 -1695.71
9 32 -1286.36
9 33 -855.699
9 34 -422.914
9 35 -6.80258
9 36 375.553
9 37 710.087
9 38 986.492
9 39 1199
9 40 1346.3
9 41 1431.51
9 42 1461.52
9 43 1446.19
9 44 1397.39
9 45 1327.87
9 46 1250.34
9 47 1176.43
9 48 1116.09
9 49 1076.76
9 50 1063.14
9 51 1076.76
9 52 1116.09
9 53 1176.43
9 54 1250.34
9 55 1327.87
9 56 1397.39
9 57 1446.19
9 58 1461.52
9 59 1431.51
9 60 1346.3
9 61 1199
9 62 986.492
9 63 710.087
9 64 375.553
9 65 -6.80258
9 66 -422.914
9 67 -855.699
9 68 -1286.36
9 69 -1695.71
9 70 -2065.52
9 71 -2379.88
9 72 -2626.14
9 73 -2795.76
9 74 -2884.66
9 75 -2893.18
9 76 -2825.85
9 77 -2690.65
9 78 -2498.33
9 79 -2261.37
9 80 -1993.11
9 81 -1706.84
9 82 -1415.1
9 83 -1129.02
9 84 -858.002
9 85 -609.401
9 86 -388.526
9 87 -198.736
9 88 -41.5597
9 89 82.9569
9 90 176.023
9 91 239.776
9 92 276.958
9 93 290.735
9 94 284.398
9 95 261.273
9 96 224.569
9 97 177.319
9 98 122.384
9 99 62.4264
9 100 0

10 0 0
10 1 60.8165
10 2 118.668
10 3 170.536
10 4 213.321
10 5 243.805
10 6 258.674
10 7 254.55
10 8 228.069
10 9 176.023
10 10 95.5049
10 11 -15.8516
10 12 -159.647
10 13 -336.45
10 14 -545.491
10 15 -784.479
10 16 -1049.31
10 17 -1334
10 18 -1630.64
10 19 -1929.46
10 20 -2219.12
10 21 -2487.12
10 22 -2720.33
10 23 -2905.79
10 24 -3031.42
10 25 -3087.01
10 26 -3064.98
10 27 -2961.23
10 28 -2775.64
10 29 -2512.48
10 30 -2180.32
10 31 -1791.78
10 32 -1362.78
10 33 -911.574
10 34 -457.479
10 35 -19.6411
10 36 384.522
10 37 740.279
10 38 1036.8
10 39 1267.54
10 40 1430.77
10 41 1529.09
10 42 1569.21
10 43 1561.05
10 44 1516.67
10 45 1449.32
10 46 1372.26
10 47 1297.87
10 48 1236.62
10 49 1196.52
10 50 1182.58
10 51 1196.52
10 52 1236.62
10 53 1297.87
10 54 1372.26
10 55 1449.32
10 56 1516.67
10 57 1561.05
10 58 1569.21
10 59 1529.09
10 60 1430.77
10 61 1267.54
10 62 1036.8
10 63 740.279
10 64 384.522
10 65 -19.6411
10 66 -457.479
10 67 -911.574
10 68 -1362.78
10 69 -1791.78
10 70 -2180.32
10 71 -2512.48
10 72 -2775.64
10 73 -2961.23
10 74 -3064.98
10 75 -3087.01
10 76 -3031.42
10 77 -2905.79
10 78 -2720.33
10 79 -2487.12
10 80 -2219.12
10 81 -1929.46
10 82 -1630.64
10 83 -1334
10 84 -1049.31
10 85 -784.479
10 86 -545.491
10 87 -336.45
10 88 -159.647
10 89 -15.8516
10 90 95.5049
10 91 176.023
10 92 228.069
10 93 254.55
10 94 258.674
10 95 243.805
10 96 213.321
10 97 170.536
10 98 118.668
10 99 60.8165
10 100 0

11 0 0
11 1 55.5203
11 2 107.591
11 3 152.743
11 4 187.471
11 5 208.247
11 6 211.544
11 7 193.904
11 8 152.038
11 9 82.9569
11 10 -15.8516
11 11 -146.222
11 12 -309.093
11 13 -504.264
11 14 -730.189
11 15 -983.767
11 16 -1260.21
11 17 -1552.96
11 18 -1853.72
11 19 -2152.6
11 20 -2438.38
11 21 -2698.89
11 22 -2921.61
11 23 -3094.26
11 24 -3205.58
11 25 -3246.09
11 26 -3208.9
11 27 -3090.36
11 28 -2890.63
11 29 -2613.97
11 30 -2268.76
11 31 -1867.28
11 32 -1425.03
11 33 -959.852
11 34 -490.856
11 35 -36.9925
11 36 384.071
11 37 757.358
11 38 1071.42
11 39 1319.22
11 40 1498.19
11 41 1610.51
11 42 1662.4
11 43 1663.52
11 44 1626
11 45 1563.28
11 46 1489.04
11 47 1416.06
11 48 1355.4
11 49 1315.46
11 50 1301.57
11 51 1315.46
11 52 1355.4
11 53 1416.06
11 54 1489.04
11 55 1563.28
11 56 1626
11 57 1663.52
11 58 1662.4
11 59 1610.51
11 60 1498.19
11 61 1319.22
11 62 1071.42
11 63 757.358
11 64 384.071
11 65 -36.9925
11 66 -490.856
11 67 -959.852
11 68 -1425.03
11 69 -1867.28
11 70 -2268.76
11 71 -2613.97
11 72 -2890.63
11 73 -3090.36
11 74 -3208.9
11 75 -3246.09
11 76 -3205.58
11 77 -3094.26
11 78 -2921.61
11 79 -2698.89
11 80 -2438.38
11 81 -2152.6
11 82 -1853.72
11 83 -1552.96
11 84 -1260.21
11 85 -983.767
11 86 -730.189
11 87 -504.264
11 88 -309.093
11 89 -146.222
11 90 -15.8516
11 91 82.9569
11 92 152.038
11 93 193.904
11 94 211.544
11 95 208.247
11 96 187.471
11 97 152.743
11 98 107.591
11 99 55.5203
11 100 0

12 0 0
12 1 45.8926
12 2 87.8975
12 3 122.141
12 4 144.781
12 5 152.047
12 6 140.297
12 7 106.1
12 8 46.3612
12 9 -41.5597
12 10 -159.647
12 11 -309.093
12 12 -490.063
12 13 -701.539
12 14 -941.162
12 15 -1205.07
12 16 -1487.86
12 17 -1782.57
12 18 -2080.73
12 19 -2372.61
12 20 -2647.36
12 21 -2893.56
12 22 -3099.55
12 23 -3254.13
12 24 -3347.07
12 25 -3369.93
12 26 -3316.56
12 27 -3183.89
12 28 -2972.23
12 29 -2685.72
12 30 -2332.34
12 31 -1923.65
12 32 -1474.4
12 33 -1001.68
12 34 -523.864
12 35 -59.5695
12 36 373.771
12 37 760.963
12 38 1090.21
12 39 1353.74
12 40 1548.41
12 41 1675.52
12 42 1740.74
12 43 1753.28
12 44 1724.99
12 45 1669.34
12 46 1600.16
12 47 1530.6
12 48 1472
12 49 1433.17
12 50 1419.58
12 51 1433.17
12 52 1472
12 53 1530.6
12 54 1600.16
12 55 1669.34
12 56 1724.99
12 57 1753.28
12 58 1740.74
12 59 1675.52
12 60 1548.41
12 61 1353.74
12 62 1090.21
12 63 760.963
12 64 373.771
12 65 -59.5695
12 66 -523.864
12 67 -1001.68
12 68 -1474.4
12 69 -1923.65
12 70 -2332.34
12 71 -2685.72
12 72 -2972.23
12 73 -3183.89
12 74 -3316.56
12 75 -3369.93
12 76 -3347.07
12 77 -3254.13
12 78 -3099.55
12 79 -2893.56
12 80 -2647.36
12 81 -2372.61
12 82 -2080.73
12 83 -1782.57
12 84 -1487.86
12 85 -1205.07
12 86 -941.162
12 87 -701.539
12 88 -490.063
12 89 -309.093
12 90 -159.647
12 91 -41.5597
12 92 46.3612
12 93 106.1
12 94 140.297
12 95 152.047
12 96 144.781
12 97 122.141
12 98 87.8975
12 99 45.8926
12 100 0

13 0 0
13 1 31.3548
13 2 58.4695
13 3 77.1522
13 4 83.3215
13 5 73.0713
13 6 42.757
13 7 -10.8967
13 8 -90.6742
13 9 -198.736
13 10 -336.45
13 11 -504.264
13 12 -701.539
13 13 -926.42
13 14 -1175.78
13 15 -1445.07
13 16 -1728.45
13 17 -2018.71
13 18 -2307.49
13 19 -2585.44
13 20 -2842.46
13 21 -3068.11
13 22 -3251.94
13 23 -3384.02
13 24 -3455.45
13 25 -3458.86
13 26 -3389.06
13 27 -3243.43
13 28 -3022.46
13 29 -2729.96
13 30 -2373.23
13 31 -1962.92
13 32 -1512.65
13 33 -1038.36
13 34 -557.546
13 35 -87.9583
13 36 353.253
13 37 751.004
13 38 1093.11
13 39 1371.26
13 40 1581.4
13 41 1724.12
13 42 1804.16
13 43 1830.1
13 44 1813.35
13 45 1767.11
13 46 1705.23
13 47 1640.95
13 48 1585.91
13 49 1549.06
13 50 1536.14
13 51 1549.06
13 52 1585.91
13 53 1640.95
13 54 1705.23
13 55 1767.11
13 56 1813.35
13 57 1830.1
13 58 1804.16
13 59 1724.12
13 60 1581.4
13 61 1371.26
13 62 1093.11
13 63 751.004
13 64 353.253
13 65 -87.9583
13 66 -557.546
13 67 -1038.36
13 68 -1512.65
13 69 -1962.92
13 70 -2373.23
13 71 -2729.96
13 72 -3022.46
13 73 -3243.43
13 74 -3389.06
13 75 -3458.86
13 76 -3455.45
13 77 -3384.02
13 78 -3251.94
13 79 -3068.11
13 80 -2842.46
13 81 -2585.44
13 82 -2307.49
13 83 -2018.71
13 84 -1728.45
13 85 -1445.07
13 86 -1175.78
13 87 -926.42
13 88 -701.539
13 89 -504.264
13 90 -336.45
13 91 -198.736
13 92 -90.6742
13 93 -10.8967
13 94 42.757
13 95 73.0713
13 96 83.3215
13 97 77.1522
13 98 58.4695
13 99 31.3548
13 100 0

14 0 0
14 1 11.4437
14 2 18.4277
14 3 16.5709
14 4 1.69158
14 5 -30.1261
14 6 -82.3911
14 7 -158.104
14 8 -259.621
14 9 -388.526
14 10 -545.491
14 11 -730.189
14 12 -941.162
14 13 -1175.78
14 14 -1430.22
14 15 -1699.43
14 16 -1977.3
14 17 -2256.63
14 18 -2529.41
14 19 -2786.97
14 20 -3020.19
14 21 -3219.9
14 22 -3377.07
14 23 -3483.27
14 24 -3531
14 25 -3514.14
14 26 -3428.34
14 27 -3271.53
14 28 -3044.14
14 29 -2749.56
14 30 -2394.22
14 31 -1987.54
14 32 -1541.78
14 33 -1071.53
14 34 -592.905
14 35 -122.803
14 36 322.325
14 37 727.511
14 38 1080.38
14 39 1371.97
14 40 1597.5
14 41 1756.44
14 42 1852.69
14 43 1893.89
14 44 1890.81
14 45 1856.24
14 46 1803.75
14 47 1746.61
14 48 1696.49
14 49 1662.56
14 50 1650.57
14 51 1662.56
14 52 1696.49
14 53 1746.61
14 54 1803.75
14 55 1856.24
14 56 1890.81
14 57 1893.89
14 58 1852.69
14 59 1756.44
14 60 1597.5
14 61 1371.97
14 62 1080.38
14 63 727.511
14 64 322.325
14 65 -122.803
14 66 -592.905
14 67 -1071.53
14 68 -1541.78
14 69 -1987.54
14 70 -2394.22
14 71 -2749.56
14 72 -3044.14
14 73 -3271.53
14 74 -3428.34
14 75 -3514.14
14 76 -3531
14 77 -3483.27
14 78 -3377.07
14 79 -3219.9
14 80 -3020.19
14 81 -2786.97
14 82 -2529.41
14 83 -2256.63
14 84 -1977.3
14 85 -1699.43
14 86 -1430.22
14 87 -1175.78
14 88 -941.162
14 89 -730.189
14 90 -545.491
14 91 -388.526
14 92 -259.621
14 93 -158.104
14 94 -82.3911
14 95 -30.1261
14 96 1.69158
14 97 16.5709
14 98 18.4277
14 99 11.4437
14 100 0

15 0 0
15 1 -14.0665
15 2 -32.6446
15 3 -60.1317
15 4 -100.652
15 5 -157.964
15 6 -235.302
15 7 -335.254
15 8 -459.645
15 9 -609.401
15 10 -784.479
15 11 -983.767
15 12 -1205.07
15 13 -1445.07
15 14 -1699.43
15 15 -1962.8
15 16 -2228.99
15 17 -2491.09
15 18 -2741.7
15 19 -2973.08
15 20 -3177.35
15 21 -3346.79
15 22 -3473.97
15 23 -3552.03
15 24 -3574.97
15 25 -3537.88
15 26 -3437.29
15 27 -3271.47
15 28 -3040.81
15 29 -2748.04
15 30 -2398.54
15 31 -2000.34
15 32 -1564.12
15 33 -1102.77
15 34 -631.066
15 35 -164.607
15 36 280.851
15 37 690.713
15 38 1052.4
15 39 1356.45
15 40 1597.09
15 41 1772.88
15 42 1886.5
15 43 1944.67
15 44 1957.25
15 45 1936.36
15 46 1895.26
15 47 1846.98
15 48 1803.17
15 49 1772.93
15 50 1762.19
15 51 1772.93
15 52 1803.17
15 53 1846.98
15 54 1895.26
15 55 1936.36
15 56 1957.25
15 57 1944.67
15 58 1886.5
15 59 1772.88
15 60 1597.09
15 61 1356.45
15 62 1052.4
15 63 690.713
15 64 280.851
15 65 -164.607
15 66 -631.066
15 67 -1102.77
15 68 -1564.12
15 69 -2000.34
15 70 -2398.54
15 71 -2748.04
15 72 -3040.81
15 73 -3271.47
15 74 -3437.29
15 75 -3537.88
15 76 -3574.97
15 77 -3552.03
15 78 -3473.97
15 79 -3346.79
15 80 -3177.35
15 81 -2973.08
15 82 -2741.7
15 83 -2491.09
15 84 -2228.99
15 85 -1962.8
15 86 -1699.43
15 87 -1445.07
15 88 -1205.07
15 89 -983.767
15 90 -784.479
15 91 -609.401
15 92 -459.645
15 93 -335.254
15 94 -235.302
15 95 -157.964
15 96 -100.652
15 97 -60.1317
15 98 -32.6446
15 99 -14.0665
15 100 0

16 0 0
16 1 -45.1419
16 2 -94.6404
16 3 -152.701
16 4 -223.203
16 5 -309.574
16 6 -414.615
16 7 -540.392
16 8 -688.107
16 9 -858.002
16 10 -1049.31
16 11 -1260.21
16 12 -1487.86
16 13 -1728.45
16 14 -1977.3
16 15 -2228.99
16 16 -2477.54
16 17 -2716.6
16 18 -2939.59
16 19 -3139.96
16 20 -3311.24
16 21 -3447.3
16 22 -3542.36
16 23 -3591.24
16 24 -3589.36
16 25 -3533
16 26 -3419.43
16 27 -3247.24
16 28 -3016.54
16 29 -2729.33
16 30 -2389.78
16 31 -2004.38
16 32 -1582.01
16 33 -1133.91
16 34 -673.073
16 35 -213.909
16 36 228.839
16 37 640.918
16 38 1009.73
16 39 1325.2
16 40 1580.78
16 41 1773.83
16 42 1905.91
16 43 1982.48
16 44 2012.46
16 45 2007.18
16 46 1979.26
16 47 1941.43
16 48 1905.11
16 49 1879.43
16 50 1870.17
16 51 1879.43
16 52 1905.11
16 53 1941.43
16 54 1979.26
16 55 2007.18
16 56 2012.46
16 57 1982.48
16 58 1905.91
16 59 1773.83
16 60 1580.78
16 61 1325.2
16 62 1009.73
16 63 640.918
16 64 228.839
16 65 -213.909
16 66 -673.073
16 67 -1133.91
16 68 -1582.01
16 69 -2004.38
16 70 -2389.78
16 71 -2729.33
16 72 -3016.54
16 73 -3247.24
16 74 -3419.43
16 75 -3533
16 76 -3589.36
16 77 -3591.24
16 78 -3542.36
16 79 -3447.3
16 80 -3311.24
16 81 -3139.96
16 82 -2939.59
16 83 -2716.6
16 84 -2477.54
16 85 -2228.99
16 86 -1977.3
16 87 -1728.45
16 88 -1487.86
16 89 -1260.21
16 90 -1049.31
16 91 -858.002
16 92 -688.107
16 93 -540.392
16 94 -414.615
16 95 -309.574
16 96 -223.203
16 97 -152.701
16 98 -94.6404
16 99 -45.1419
16 100 0

17 0 0
17 1 -81.3746
17 2 -166.721
17 3 -259.821
17 4 -364.115
17 5 -482.5
17 6 -617.216
17 7 -769.687
17 8 -940.438
17 9 -1129.02
17 10 -1334
17 11 -1552.96
17 12 -1782.57
17 13 -2018.71
17 14 -2256.63
17 15 -2491.09
17 16 -2716.6
17 17 -2927.57
17 18 -3118.53
17 19 -3284.22
17 20 -3419.77
17 21 -3520.65
17 22 -3582.84
17 23 -3602.67
17 24 -3577
17 25 -3503.12
17 26 -3378.98
17 27 -3203.28
17 28 -2975.8
17 29 -2697.66
17 30 -2371.7
17 31 -2002.78
17 32 -1597.99
17 33 -1166.6
17 34 -720.008
17 35 -271.092
17 36 166.331
17 37 578.568
17 38 952.949
17 39 1279
17 40 1549.21
17 41 1759.85
17 42 1911.17
17 43 2007.45
17 44 2056.36
17 45 2068.29
17 46 2055.21
17 47 2029.26
17 48 2001.6
17 49 1981.13
17 50 1973.66
17 51 1981.13
17 52 2001.6
17 53 2029.26
17 54 2055.21
17 55 2068.29
17 56 2056.36
17 57 2007.45
17 58 1911.17
17 59 1759.85
17 60 1549.21
17 61 1279
17 62 952.949
17 63 578.568
17 64 166.331
17 65 -271.092
17 66 -720.008
17 67 -1166.6
17 68 -1597.99
17 69 -2002.78
17 70 -2371.7
17 71 -2697.66
17 72 -2975.8
17 73 -3203.28
17 74 -3378.98
17 75 -3503.12
17 76 -3577
17 77 -3602.67
17 78 -3582.84
17 79 -3520.65
17 80 -3419.77
17 81 -3284.22
17 82 -3118.53
17 83 -2927.57
17 84 -2716.6
17 85 -2491.09
17 86 -2256.63
17 87 -2018.71
17 88 -1782.57
17 89 -1552.96
17 90 -1334
17 91 -1129.02
17 92 -940.438
17 93 -769.687
17 94 -617.216
17 95 -482.5
17 96 -364.115
17 97 -259.821
17 98 -166.721
17 99 -81.3746
17 100 0

18 0 0
18 1 -121.953
18 2 -247.25
18 3 -379.02
18 4 -520.053
18 5 -672.547
18 6 -838.037
18 7 -1017.24
18 8 -1209.95
18 9 -1415.1
18 10 -1630.64
18 11 -1853.72
18 12 -2080.73
18 13 -2307.49
18 14 -2529.41
18 15 -2741.7
18 16 -2939.59
18 17 -3118.53
18 18 -3274.26
18 19 -3403.01
18 20 -3501.49
18 21 -3566.87
18 22 -3596.68
18 23 -3588.82
18 24 -3541.3
18 25 -3452.41
18 26 -3320.5
18 27 -3144.35
18 28 -2923.22
18 29 -2657.31
18 30 -2348.07
18 31 -1998.71
18 32 -1614.38
18 33 -1202.56
18 34 -772.776
18 35 -336.541
18 36 93.486
18 37 504.108
18 38 882.79
18 39 1218.55
18 40 1503.08
18 41 1731.47
18 42 1902.7
18 43 2019.63
18 44 2088.77
18 45 2119.38
18 46 2122.51
18 47 2109.74
18 48 2091.72
18 49 2077.17
18 50 2071.64
18 51 2077.17
18 52 2091.72
18 53 2109.74
18 54 2122.51
18 55 2119.38
18 56 2088.77
18 57 2019.63
18 58 1902.7
18 59 1731.47
18 60 1503.08
18 61 1218.55
18 62 882.79
18 63 504.108
18 64 93.486
18 65 -336.541
18 66 -772.776
18 67 -1202.56
18 68 -1614.38
18 69 -1998.71
18 70 -2348.07
18 71 -2657.31
18 72 -2923.22
18 73 -3144.35
18 74 -3320.5
18 75 -3452.41
18 76 -3541.3
18 77 -3588.82
18 78 -3596.68
18 79 -3566.87
18 80 -3501.49
18 81 -3403.01
18 82 -3274.26
18 83 -3118.53
18 84 -2939.59
18 85 -2741.7
18 86 -2529.41
18 87 -2307.49
18 88 -2080.73
18 89 -1853.72
18 90 -1630.64
18 91 -1415.1
18 92 -1209.95
18 93 -1017.24
18 94 -838.037
18 95 -672.547
18 96 -520.053
18 97 -379.02
18 98 -247.25
18 99 -121.953
18 100 0

19 0 0
19 1 -165.629
19 2 -333.742
19 3 -506.595
19 4 -686.134
19 5 -873.7
19 6 -1070.02
19 7 -1275.04
19 8 -1487.87
19 9 -1706.84
19 10 -1929.46
19 11 -2152.6
19 12 -2372.61
19 13 -2585.44
19 14 -2786.97
19 15 -2973.08
19 16 -3139.96
19 17 -3284.22
19 18 -3403.01
19 19 -3494.05
19 20 -3555.67
19 21 -3586.57
19 22 -3585.86
19 23 -3552.67
19 24 -3486.16
19 25 -3385.27
19 26 -3248.76
19 27 -3075.23
19 28 -2863.42
19 29 -2612.5
19 30 -2322.55
19 31 -1995.09
19 32 -1633.49
19 33 -1243.26
19 34 -832.295
19 35 -410.502
19 36 10.4655
19 37 418.107
19 38 799.917
19 39 1144.63
19 40 1443.08
19 41 1689.25
19 42 1880.78
19 43 2019.19
19 44 2109.53
19 45 2159.98
19 46 2180.57
19 47 2182.04
19 48 2174.58
19 49 2166.46
19 50 2163.14
19 51 2166.46
19 52 2174.58
19 53 2182.04
19 54 2180.57
19 55 2159.98
19 56 2109.53
19 57 2019.19
19 58 1880.78
19 59 1689.25
19 60 1443.08
19 61 1144.63
19 62 799.917
19 63 418.107
19 64 10.4655
19 65 -410.502
19 66 -832.295
19 67 -1243.26
19 68 -1633.49
19 69 -1995.09
19 70 -2322.55
19 71 -2612.5
19 72 -2863.42
19 73 -3075.23
19 74 -3248.76
19 75 -3385.27
19 76 -3486.16
19 77 -3552.67
19 78 -3585.86
19 79 -3586.57
19 80 -3555.67
19 81 -3494.05
19 82 -3403.01
19 83 -3284.22
19 84 -3139.96
19 85 -2973.08
19 86 -2786.97
19 87 -2585.44
19 88 -2372.61
19 89 -2152.6
19 90 -1929.46
19 91 -1706.84
19 92 -1487.87
19 93 -1275.04
19 94 -1070.02
19 95 -873.7
19 96 -686.134
19 97 -506.595
19 98 -333.742
19 99 -165.629
19 100 0

20 0 0
20 1 -210.73
20 2 -422.875
20 3 -637.647
20 4 -855.964
20 5 -1078.22
20 6 -1304.24
20 7 -1533.19
20 8 -1763.53
20 9 -1993.11
20 10 -2219.12
20 11 -2438.38
20 12 -2647.36
20 13 -2842.46
20 14 -3020.19
20 15 -3177.35
20 16 -3311.24
20 17 -3419.77
20 18 -3501.49
20 19 -3555.67
20 20 -3582.1
20 21 -3580.99
20 22 -3552.7
20 23 -3497.59
20 24 -3415.59
20 25 -3306.24
20 26 -3168.42
20 27 -3000.55
20 28 -2800.72
20 29 -2567.1
20 30 -2298.42
20 31 -1994.62
20 32 -1657.22
20 33 -1290.03
20 34 -899.151
20 35 -493.117
20 36 -82.4044
20 37 321.079
20 38 705.102
20 39 1058.01
20 40 1369.93
20 41 1633.75
20 42 1845.8
20 43 2006.14
20 44 2118.52
20 45 2189.73
20 46 2228.72
20 47 2245.38
20 48 2249.17
20 49 2248.03
20 50 2247.03
20 51 2248.03
20 52 2249.17
20 53 2245.38
20 54 2228.72
20 55 2189.73
20 56 2118.52
20 57 2006.14
20 58 1845.8
20 59 1633.75
20 60 1369.93
20 61 1058.01
20 62 705.102
20 63 321.079
20 64 -82.4044
20 65 -493.117
20 66 -899.151
20 67 -1290.03
20 68 -1657.22
20 69 -1994.62
20 70 -2298.42
20 71 -2567.1
20 72 -2800.72
20 73 -3000.55
20 74 -3168.42
20 75 -3306.24
20 76 -3415.59
20 77 -3497.59
20 78 -3552.7
20 79 -3580.99
20 80 -3582.1
20 81 -3555.67
20 82 -3501.49
20 83 -3419.77
20 84 -3311.24
20 85 -3177.35
20 86 -3020.19
20 87 -2842.46
20 88 -2647.36
20 89 -2438.38
20 90 -2219.12
20 91 -1993.11
20 92 -1763.53
20 93 -1533.19
20 94 -1304.24
20 95 -1078.22
20 96 -855.964
20 97 -637.647
20 98 -422.875
20 99 -210.73
20 100 0

21 0 0
21 1 -255.204
21 2 -510.602
21 3 -766.231
21 4 -1021.87
21 5 -1276.89
21 6 -1530.19
21 7 -1780.18
21 8 -2024.76
21 9 -2261.37
21 10 -2487.12
21 11 -2698.89
21 12 -2893.56
21 13 -3068.11
21 14 -3219.9
21 15 -3346.79
21 16 -3447.3
21 17 -3520.65
21 18 -3566.87
21 19 -3586.57
21 20 -3580.99
21 21 -3551.55
21 22 -3499.79
21 23 -3426.88
21 24 -3333.5
21 25 -3219.46
21 26 -3083.74
21 27 -2924.41
21 28 -2738.93
21 29 -2524.47
21 30 -2278.52
21 31 -1999.43
21 32 -1687.19
21 33 -1343.79
21 34 -973.839
21 35 -584.347
21 36 -184.781
21 37 213.731
21 38 599.092
21 39 959.48
21 40 1284.33
21 41 1565.52
21 42 1798.08
21 43 1980.66
21 44 2115.53
21 45 2208.19
21 46 2266.35
21 47 2298.9
21 48 2314.62
21 49 2320.77
21 50 2322.27
21 51 2320.77
21 52 2314.62
21 53 2298.9
21 54 2266.35
21 55 2208.19
21 56 2115.53
21 57 1980.66
21 58 1798.08
21 59 1565.52
21 60 1284.33
21 61 959.48
21 62 599.092
21 63 213.731
21 64 -184.781
21 65 -584.347
21 66 -973.839
21 67 -1343.79
21 68 -1687.19
21 69 -1999.43
21 70 -2278.52
21 71 -2524.47
21 72 -2738.93
21 73 -2924.41
21 74 -3083.74
21 75 -3219.46
21 76 -3333.5
21 77 -3426.88
21 78 -3499.79
21 79 -3551.55
21 80 -3580.99
21 81 -3586.57
21 82 -3566.87
21 83 -3520.65
21 84 -3447.3
21 85 -3346.79
21 86 -3219.9
21 87 -3068.11
21 88 -2893.56
21 89 -2698.89
21 90 -2487.12
21 91 -2261.37
21 92 -2024.76
21 93 -1780.18
21 94 -1530.19
21 95 -1276.89
21 96 -1021.87
21 97 -766.231
21 98 -510.602
21 99 -255.204
21 100 0

22 0 0
22 1 -296.734
22 2 -592.361
22 3 -885.681
22 4 -1175.28
22 5 -1459.49
22 6 -1736.33
22 7 -2003.5
22 8 -2258.43
22 9 -2498.33
22 10 -2720.33
22 11 -2921.61
22 12 -3099.55
22 13 -3251.94
22 14 -3377.07
22 15 -3473.97
22 16 -3542.36
22 17 -3582.84
22 18 -3596.68
22 19 -3585.86
22 20 -3552.7
22 21 -3499.79
22 22 -3429.44
22 23 -3343.59
22 24 -3243.26
22 25 -3128.54
22 26 -2998.26
22 27 -2850.17
22 28 -2681.05
22 29 -2487.19
22 30 -2264.87
22 31 -2011.13
22 32 -1724.36
22 33 -1405.12
22 34 -1056.37
22 35 -683.896
22 36 -296.01
22 37 96.7916
22 38 482.788
22 39 849.927
22 40 1187.1
22 41 1485.22
22 42 1738.07
22 43 1942.9
22 44 2100.54
22 45 2215.06
22 46 2292.92
22 47 2341.93
22 48 2369.96
22 49 2383.8
22 50 2387.88
22 51 2383.8
22 52 2369.96
22 53 2341.93
22 54 2292.92
22 55 2215.06
22 56 2100.54
22 57 1942.9
22 58 1738.07
22 59 1485.22
22 60 1187.1
22 61 849.927
22 62 482.788
22 63 96.7916
22 64 -296.01
22 65 -683.896
22 66 -1056.37
22 67 -1405.12
22 68 -1724.36
22 69 -2011.13
22 70 -2264.87
22 71 -2487.19
22 72 -2681.05
22 73 -2850.17
22 74 -2998.26
22 75 -3128.54
22 76 -3243.26
22 77 -3343.59
22 78 -3429.44
22 79 -3499.79
22 80 -3552.7
22 81 -3585.86
22 82 -3596.68
22 83 -3582.84
22 84 -3542.36
22 85 -3473.97
22 86 -3377.07
22 87 -3251.94
22 88 -3099.55
22 89 -2921.61
22 90 -2720.33
22 91 -2498.33
22 92 -2258.43
22 93 -2003.5
22 94 -1736.33
22 95 -1459.49
22 96 -1175.28
22 97 -885.681
22 98 -592.361
22 99 -296.734
22 100 0

23 0 0
23 1 -332.871
23 2 -663.343
23 3 -988.98
23 4 -1307.22
23 5 -1615.41
23 6 -1910.75
23 7 -2190.34
23 8 -2451.28
23 9 -2690.65
23 10 -2905.79
23 11 -3094.26
23 12 -3254.13
23 13 -3384.02
23 14 -3483.27
23 15 -3552.03
23 16 -3591.24
23 17 -3602.67
23 18 -3588.82
23 19 -3552.67
23 20 -3497.59
23 21 -3426.88
23 22 -3343.59
23 23 -3249.99
23 24 -3147.47
23 25 -3036.06
23 26 -2914.49
23 27 -2780.09
23 28 -2629.05
23 29 -2456.81
23 30 -2258.67
23 31 -2030.39
23 32 -1769.12
23 33 -1473.89
23 34 -1146.37
23 35 -791.053
23 36 -415.243
23 37 -28.6559
23 38 357.257
23 39 730.408
23 40 1079.2
23 41 1393.63
23 42 1666.36
23 43 1893.22
23 44 2073.65
23 45 2210.22
23 46 2308.07
23 47 2373.87
23 48 2414.61
23 49 2436.28
23 50 2443.04
23 51 2436.28
23 52 2414.61
23 53 2373.87
23 54 2308.07
23 55 2210.22
23 56 2073.65
23 57 1893.22
23 58 1666.36
23 59 1393.63
23 60 1079.2
23 61 730.408
23 62 357.257
23 63 -28.6559
23 64 -415.243
23 65 -791.053
23 66 -1146.37
23 67 -1473.89
23 68 -1769.12
23 69 -2030.39
23 70 -2258.67
23 71 -2456.81
23 72 -2629.05
23 73 -2780.09
23 74 -2914.49
23 75 -3036.06
23 76 -3147.47
23 77 -3249.99
23 78 -3343.59
23 79 -3426.88
23 80 -3497.59
23 81 -3552.67
23 82 -3588.82
23 83 -3602.67
23 84 -3591.24
23 85 -3552.03
23 86 -3483.27
23 87 -3384.02
23 88 -3254.13
23 89 -3094.26
23 90 -2905.79
23 91 -2690.65
23 92 -2451.28
23 93 -2190.34
23 94 -1910.75
23 95 -1615.41
23 96 -1307.22
23 97 -988.98
23 98 -663.343
23 99 -332.871
23 100 0

24 0 0
24 1 -361.21
24 2 -718.829
24 3 -1069.28
24 4 -1408.98
24 5 -1734.39
24 6 -2042.02
24 7 -2328.52
24 8 -2590.75
24 9 -2825.85
24 10 -3031.42
24 11 -3205.58
24 12 -3347.07
24 13 -3455.45
24 14 -3531
24 15 -3574.97
24 16 -3589.36
24 17 -3577
24 18 -3541.3
24 19 -3486.16
24 20 -3415.59
24 21 -3333.5
24 22 -3243.26
24 23 -3147.47
24 24 -3047.51
24 25 -2943.4
24 26 -2833.62
24 27 -2715.13
24 28 -2583.58
24 29 -2433.73
24 30 -2259.93
24 31 -2057
24 32 -1820.82
24 33 -1549.3
24 34 -1242.78
24 35 -904.618
24 36 -541.085
24 37 -161.223
24 38 223.952
24 39 602.322
24 40 961.884
24 41 1291.88
24 42 1583.84
24 43 1832.35
24 44 2035.29
24 45 2193.85
24 46 2311.8
24 47 2394.57
24 48 2448.15
24 49 2477.85
24 50 2487.3
24 51 2477.85
24 52 2448.15
24 53 2394.57
24 54 2311.8
24 55 2193.85
24 56 2035.29
24 57 1832.35
24 58 1583.84
24 59 1291.88
24 60 961.884
24 61 602.322
24 62 223.952
24 63 -161.223
24 64 -541.085
24 65 -904.618
24 66 -1242.78
24 67 -1549.3
24 68 -1820.82
24 69 -2057
24 70 -2259.93
24 71 -2433.73
24 72 -2583.58
24 73 -2715.13
24 74 -2833.62
24 75 -2943.4
24 76 -3047.51
24 77 -3147.47
24 78 -3243.26
24 79 -3333.5
24 80 -3415.59
24 81 -3486.16
24 82 -3541.3
24 83 -3577
24 84 -3589.36
24 85 -3574.97
24 86 -3531
24 87 -3455.45
24 88 -3347.07
24 89 -3205.58
24 90 -3031.42
24 91 -2825.85
24 92 -2590.75
24 93 -2328.52
24 94 -2042.02
24 95 -1734.39
24 96 -1408.98
24 97 -1069.28
24 98 -718.829
24 99 -361.21
24 100 0

25 0 0
25 1 -379.615
25 2 -754.638
25 3 -1120.52
25 4 -1472.85
25 5 -1807.37
25 6 -2120.09
25 7 -2407.36
25 8 -2665.95
25 9 -2893.18
25 10 -3087.01
25 11 -3246.09
25 12 -3369.93
25 13 -3458.86
25 14 -3514.14
25 15 -3537.88
25 16 -3533
25 17 -3503.12
25 18 -3452.41
25 19 -3385.27
25 20 -3306.24
25 21 -3219.46
25 22 -3128.54
25 23 -3036.06
25 24 -2943.4
25 25 -2850.39
25 26 -2755.3
25 27 -2654.72
25 28 -2543.84
25 29 -2416.85
25 30 -2267.42
25 31 -2089.44
25 32 -1877.93
25 33 -1629.59
25 34 -1343.73
25 35 -1022.61
25 36 -671.558
25 37 -298.877
25 38 84.8269
25 39 467.526
25 40 836.935
25 41 1181.55
25 42 1491.94
25 43 1761.37
25 44 1986.4
25 45 2166.67
25 46 2304.58
25 47 2404.31
25 48 2470.78
25 49 2508.52
25 50 2520.75
25 51 2508.52
25 52 2470.78
25 53 2404.31
25 54 2304.58
25 55 2166.67
25 56 1986.4
25 57 1761.37
25 58 1491.94
25 59 1181.55
25 60 836.935
25 61 467.526
25 62 84.8269
25 63 -298.877
25 64 -671.558
25 65 -1022.61
25 66 -1343.73
25 67 -1629.59
25 68 -1877.93
25 69 -2089.44
25 70 -2267.42
25 71 -2416.85
25 72 -2543.84
25 73 -2654.72
25 74 -2755.3
25 75 -2850.39
25 76 -2943.4
25 77 -3036.06
25 78 -3128.54
25 79 -3219.46
25 80 -3306.24
25 81 -3385.27
25 82 -3452.41
25 83 -3503.12
25 84 -3533
25 85 -3537.88
25 86 -3514.14
25 87 -3458.86
25 88 -3369.93
25 89 -3246.09
25 90 -3087.01
25 91 -2893.18
25 92 -2665.95
25 93 -2407.36
25 94 -2120.09
25 95 -1807.37
25 96 -1472.85
25 97 -1120.52
25 98 -754.638
25 99 -379.615
25 100 0

26 0 0
26 1 -386.375
26 2 -767.415
26 3 -1137.88
26 4 -1492.75
26 5 -1827.3
26 6 -2137.22
26 7 -2418.75
26 8 -2668.7
26 9 -2884.66
26 10 -3064.98
26 11 -3208.9
26 12 -3316.56
26 13 -3389.06
26 14 -3428.34
26 15 -3437.29
26 16 -3419.43
26 17 -3378.98
26 18 -3320.5
26 19 -3248.76
26 20 -3168.42
26 21 -3083.74
26 22 -2998.26
26 23 -2914.49
26 24 -2833.62
26 25 -2755.3
26 26 -2677.52
26 27 -2596.6
26 28 -2507.4
26 29 -2403.63
26 30 -2278.41
26 31 -2125.01
26 32 -1937.54
26 33 -1711.9
26 34 -1446.35
26 35 -1142.18
26 36 -803.817
26 37 -438.848
26 38 -57.3869
26 39 328.69
26 40 706.82
26 41 1064.97
26 42 1392.75
26 43 1682.28
26 44 1928.65
26 45 2130.14
26 46 2287.67
26 47 2404.16
26 48 2483.44
26 49 2529.21
26 50 2544.14
26 51 2529.21
26 52 2483.44
26 53 2404.16
26 54 2287.67
26 55 2130.14
26 56 1928.65
26 57 1682.28
26 58 1392.75
26 59 1064.97
26 60 706.82
26 61 328.69
26 62 -57.3869
26 63 -438.848
26 64 -803.817
26 65 -1142.18
26 66 -1446.35
26 67 -1711.9
26 68 -1937.54
26 69 -2125.01
26 70 -2278.41
26 71 -2403.63
26 72 -2507.4
26 73 -2596.6
26 74 -2677.52
26 75 -2755.3
26 76 -2833.62
26 77 -2914.49
26 78 -2998.26
26 79 -3083.74
26 80 -3168.42
26 81 -3248.76
26 82 -3320.5
26 83 -3378.98
26 84 -3419.43
26 85 -3437.29
26 86 -3428.34
26 87 -3389.06
26 88 -3316.56
26 89 -3208.9
26 90 -3064.98
26 91 -2884.66
26 92 -2668.7
26 93 -2418.75
26 94 -2137.22
26 95 -1827.3
26 96 -1492.75
26 97 -1137.88
26 98 -767.415
26 99 -386.375
26 100 0

27 0 0
27 1 -380.429
27 2 -755.099
27 3 -1118.38
27 4 -1464.96
27 5 -1789.87
27 6 -2088.75
27 7 -2357.86
27 8 -2594.25
27 9 -2795.76
27 10 -2961.23
27 11 -3090.36
27 12 -3183.89
27 13 -3243.43
27 14 -3271.53
27 15 -3271.47
27 16 -3247.24
27 17 -3203.28
27 18 -3144.35
27 19 -3075.23
27 20 -3000.55
27 21 -2924.41
27 22 -2850.17
27 23 -2780.09
27 24 -2715.13
27 25 -2654.72
27 26 -2596.6
27 27 -2536.9
27 28 -2470.19
27 29 -2389.89
27 30 -2288.75
27 31 -2159.46
27 32 -1995.58
27 33 -1792.15
27 34 -1546.64
27 35 -1259.38
27 36 -934.022
27 37 -577.348
27 38 -199.024
27 39 189.303
27 40 574.942
27 41 945.373
27 42 1289.35
27 43 1597.84
27 44 1864.67
27 45 2086.65
27 46 2263.3
27 47 2396.18
27 48 2488
27 49 2541.7
27 50 2559.33
27 51 2541.7
27 52 2488
27 53 2396.18
27 54 2263.3
27 55 2086.65
27 56 1864.67
27 57 1597.84
27 58 1289.35
27 59 945.373
27 60 574.942
27 61 189.303
27 62 -199.024
27 63 -577.348
27 64 -934.022
27 65 -1259.38
27 66 -1546.64
27 67 -1792.15
27 68 -1995.58
27 69 -2159.46
27 70 -2288.75
27 71 -2389.89
27 72 -2470.19
27 73 -2536.9
27 74 -2596.6
27 75 -2654.72
27 76 -2715.13
27 77 -2780.09
27 78 -2850.17
27 79 -2924.41
27 80 -3000.55
27 81 -3075.23
27 82 -3144.35
27 83 -3203.28
27 84 -3247.24
27 85 -3271.47
27 86 -3271.53
27 87 -3243.43
27 88 -3183.89
27 89 -3090.36
27 90 -2961.23
27 91 -2795.76
27 92 -2594.25
27 93 -2357.86
27 94 -2088.75
27 95 -1789.87
27 96 -1464.96
27 97 -1118.38
27 98 -755.099
27 99 -380.429
27 100 0

28 0 0
28 1 -361.465
28 2 -717.09
28 3 -1061.22
28 4 -1388.5
28 5 -1694.09
28 6 -1973.72
28 7 -2223.9
28 8 -2441.96
28 9 -2626.14
28 10 -2775.64
28 11 -2890.63
28 12 -2972.23
28 13 -3022.46
28 14 -3044.14
28 15 -3040.81
28 16 -3016.54
28 17 -2975.8
28 18 -2923.22
28 19 -2863.42
28 20 -2800.72
28 21 -2738.93
28 22 -2681.05
28 23 -2629.05
28 24 -2583.58
28 25 -2543.84
28 26 -2507.4
28 27 -2470.19
28 28 -2426.66
28 29 -2370.03
28 30 -2292.77
28 31 -2187.29
28 32 -2046.52
28 33 -1864.99
28 34 -1639.33
28 35 -1369.12
28 36 -1057.13
28 37 -709.504
28 38 -335.298
28 39 54.054
28 40 445.849
28 41 827.119
28 42 1185.9
28 43 1512.09
28 44 1798.27
28 45 2039.82
28 46 2234.84
28 47 2383.59
28 48 2487.67
28 49 2549.03
28 50 2569.32
28 51 2549.03
28 52 2487.67
28 53 2383.59
28 54 2234.84
28 55 2039.82
28 56 1798.27
28 57 1512.09
28 58 1185.9
28 59 827.119
28 60 445.849
28 61 54.054
28 62 -335.298
28 63 -709.504
28 64 -1057.13
28 65 -1369.12
28 66 -1639.33
28 67 -1864.99
28 68 -2046.52
28 69 -2187.29
28 70 -2292.77
28 71 -2370.03
28 72 -2426.66
28 73 -2470.19
28 74 -2507.4
28 75 -2543.84
28 76 -2583.58
28 77 -2629.05
28 78 -2681.05
28 79 -2738.93
28 80 -2800.72
28 81 -2863.42
28 82 -2923.22
28 83 -2975.8
28 84 -3016.54
28 85 -3040.81
28 86 -3044.14
28 87 -3022.46
28 88 -2972.23
28 89 -2890.63
28 90 -2775.64
