0 0 0
0 1 0
0 2 0
0 3 0
0 4 0
0 5 0
0 6 0
0 7 0
0 8 0
0 9 0
0 10 0
0 11 0
0 12 0
0 13 0
0 14 0
0 15 0
0 16 0
0 17 0
0 18 0
0 19 0
0 20 0
0 21 0
0 22 0
0 23 0
0 24 0
0 25 0
0 26 0
0 27 0
0 28 0
0 29 0
0 30 0
0 31 0
0 32 0
0 33 0
0 34 0
0 35 0
0 36 0
0 37 0
0 38 0
0 39 0
0 40 0
0 41 0
0 42 0
0 43 0
0 44 0
0 45 0
0 46 0
0 47 0
0 48 0
0 49 0
0 50 0
0 51 0
0 52 0
0 53 0
0 54 0
0 55 0
0 56 0
0 57 0
0 58 0
0 59 0
0 60 0
0 61 0
0 62 0
0 63 0
0 64 0
0 65 0
0 66 0
0 67 0
0 68 0
0 69 0
0 70 0
0 71 0
0 72 0
0 73 0
0 74 0
0 75 0
0 76 0
0 77 0
0 78 0
0 79 0
0 80 0
0 81 0
0 82 0
0 83 0
0 84 0
0 85 0
0 86 0
0 87 0
0 88 0
0 89 0
0 90 0
0 91 0
0 92 0
0 93 0
0 94 0
0 95 0
0 96 0
0 97 0
0 98 0
0 99 0
0 100 0

1 0 0
1 1 3.38086
1 2 6.81886
1 3 10.3795
1 4 14.1104
1 5 18.0719
1 6 22.3031
1 7 26.8384
1 8 31.6938
1 9 36.854
1 10 42.2728
1 11 47.8524
1 12 53.4336
1 13 58.7847
1 14 63.5902
1 15 67.4345
1 16 69.8216
1 17 70.1517
1 18 67.769
1 19 61.9806
1 20 52.0916
1 21 37.5074
1 22 17.7538
1 23 -7.38647
1 24 -37.8306
1 25 -73.1005
1 26 -112.292
1 27 -154.027
1 28 -196.52
1 29 -237.619
1 30 -274.921
1 31 -305.996
1 32 -328.485
1 33 -340.387
1 34 -340.218
1 35 -327.169
1 36 -301.209
1 37 -263.135
1 38 -214.474
1 39 -157.394
1 40 -94.5174
1 41 -28.7039
1 42 37.1899
1 43 100.508
1 44 158.96
1 45 210.68
1 46 254.295
1 47 288.878
1 48 313.869
1 49 328.948
1 50 333.985
1 51 328.948
1 52 313.869
1 53 288.878
1 54 254.295
1 55 210.68
1 56 158.96
1 57 100.508
1 58 37.1899
1 59 -28.7039
1 60 -94.5174
1 61 -157.394
1 62 -214.474
1 63 -263.135
1 64 -301.209
1 65 -327.169
1 66 -340.218
1 67 -340.387
1 68 -328.485
1 69 -305.996
1 70 -274.921
1 71 -237.619
1 72 -196.52
1 73 -154.027
1 74 -112.292
1 75 -73.1005
1 76 -37.8306
1 77 -7.38647
1 78 17.7538
1 79 37.5074
1 80 52.0916
1 81 61.9806
1 82 67.769
1 83 70.1517
1 84 69.8216
1 85 67.4345
1 86 63.5902
1 87 58.7847
1 88 53.4336
1 89 47.8524
1 90 42.2728
1 91 36.854
1 92 31.6938
1 93 26.8384
1 94 22.3031
1 95 18.0719
1 96 14.1104
1 97 10.3795
1 98 6.81886
1 99 3.38086
1 100 0

2 0 0
2 1 6.81886
2 2 13.7522
2 3 20.9281
2 4 28.4429
2 5 36.4119
2 6 44.9121
2 7 54.005
2 8 63.7174
2 9 74.0101
2 10 84.7848
2 11 95.8357
2 12 106.842
2 13 117.332
2 14 126.676
2 15 134.043
2 16 138.446
2 17 138.694
2 18 133.495
2 19 121.484
2 20 101.308
2 21 71.8109
2 22 32.0912
2 23 -18.2523
2 24 -79.0124
2 25 -149.234
2 26 -227.072
2 27 -309.819
2 28 -393.912
2 29 -475.076
2 30 -548.627
2 31 -609.71
2 32 -653.73
2 33 -676.776
2 34 -675.904
2 35 -649.548
2 36 -597.676
2 37 -521.855
2 38 -425.089
2 39 -311.699
2 40 -186.85
2 41 -56.1712
2 42 74.7023
2 43 200.491
2 44 316.646
2 45 419.477
2 46 506.24
2 47 575.075
2 48 624.831
2 49 654.864
2 50 664.897
2 51 654.864
2 52 624.831
2 53 575.075
2 54 506.24
2 55 419.477
2 56 316.646
2 57 200.491
2 58 74.7023
2 59 -56.1712
2 60 -186.85
2 61 -311.699
2 62 -425.089
2 63 -521.855
2 64 -597.676
2 65 -649.548
2 66 -675.904
2 67 -676.776
2 68 -653.73
2 69 -609.71
2 70 -548.627
2 71 -475.076
2 72 -393.912
2 73 -309.819
2 74 -227.072
2 75 -149.234
2 76 -79.0124
2 77 -18.2523
2 78 32.0912
2 79 71.8109
2 80 101.308
2 81 121.484
2 82 133.495
2 83 138.694
2 84 138.446
2 85 134.043
2 86 126.676
2 87 117.332
2 88 106.842
2 89 95.8357
2 90 84.7848
2 91 74.0101
2 92 63.7174
2 93 54.005
2 94 44.9121
2 95 36.4119
2 96 28.4429
2 97 20.9281
2 98 13.7522
2 99 6.81886
2 100 0

3 0 0
3 1 10.3795
3 2 20.9281
3 3 31.8305
3 4 43.2295
3 5 55.2887
3 6 68.116
3 7 81.7952
3 8 96.3499
3 9 111.712
3 10 127.711
3 11 144.024
3 12 160.149
3 13 175.368
3 14 188.718
3 15 198.964
3 16 204.629
3 17 203.971
3 18 195.09
3 19 176.007
3 20 144.777
3 21 99.7475
3 22 39.6663
3 23 -35.978
3 24 -126.81
3 25 -231.31
3 26 -346.74
3 27 -469.018
3 28 -592.903
3 29 -712.141
3 30 -819.786
3 31 -908.837
3 32 -972.549
3 33 -1005.2
3 34 -1002.6
3 35 -962.455
3 36 -884.757
3 37 -771.833
3 38 -628.138
3 39 -459.951
3 40 -274.867
3 41 -81.1724
3 42 112.831
3 43 299.401
3 44 471.81
3 45 624.562
3 46 753.552
3 47 855.967
3 48 930.052
3 49 974.793
3 50 989.748
3 51 974.793
3 52 930.052
3 53 855.967
3 54 753.552
3 55 624.562
3 56 471.81
3 57 299.401
3 58 112.831
3 59 -81.1724
3 60 -274.867
3 61 -459.951
3 62 -628.138
3 63 -771.833
3 64 -884.757
3 65 -962.455
3 66 -1002.6
3 67 -1005.2
3 68 -972.549
3 69 -908.837
3 70 -819.786
3 71 -712.141
3 72 -592.903
3 73 -469.018
3 74 -346.74
3 75 -231.31
3 76 -126.81
3 77 -35.978
3 78 39.6663
3 79 99.7475
3 80 144.777
3 81 176.007
3 82 195.09
3 83 203.971
3 84 204.629
3 85 198.964
3 86 188.718
3 87 175.368
3 88 160.149
3 89 144.024
3 90 127.711
3 91 111.712
3 92 96.3499
3 93 81.7952
3 94 68.116
3 95 55.2887
3 96 43.2295
3 97 31.8305
3 98 20.9281
3 99 10.3795
3 100 0

4 0 0
4 1 14.1104
4 2 28.4429
4 3 43.2295
4 4 58.661
4 5 74.9329
4 6 92.1796
4 7 110.486
4 8 129.86
4 9 150.178
4 10 171.183
4 11 192.409
4 12 213.16
4 13 232.453
4 14 249
4 15 261.159
4 16 266.988
4 17 264.221
4 18 250.413
4 19 223.035
4 20 179.655
4 21 118.22
4 22 37.2536
4 23 -63.7748
4 24 -184.205
4 25 -321.965
4 26 -473.324
4 27 -632.967
4 28 -794.012
4 29 -948.314
4 30 -1087.02
4 31 -1200.99
4 32 -1281.69
4 33 -1321.83
4 34 -1316.01
4 35 -1261.41
4 36 -1158.09
4 37 -1009.07
4 38 -820.096
4 39 -599.36
4 40 -356.657
4 41 -102.686
4 42 151.8
4 43 396.7
4 44 623.21
4 45 824.128
4 46 993.998
4 47 1129.03
4 48 1226.79
4 49 1285.88
4 50 1305.64
4 51 1285.88
4 52 1226.79
4 53 1129.03
4 54 993.998
4 55 824.128
4 56 623.21
4 57 396.7
4 58 151.8
4 59 -102.686
4 60 -356.657
4 61 -599.36
4 62 -820.096
4 63 -1009.07
4 64 -1158.09
4 65 -1261.41
4 66 -1316.01
4 67 -1321.83
4 68 -1281.69
4 69 -1200.99
4 70 -1087.02
4 71 -948.314
4 72 -794.012
4 73 -632.967
4 74 -473.324
4 75 -321.965
4 76 -184.205
4 77 -63.7748
4 78 37.2536
4 79 118.22
4 80 179.655
4 81 223.035
4 82 250.413
4 83 264.221
4 84 266.988
4 85 261.159
4 86 249
4 87 232.453
4 88 213.16
4 89 192.409
4 90 171.183
4 91 150.178
4 92 129.86
4 93 110.486
4 94 92.1796
4 95 74.9329
4 96 58.661
4 97 43.2295
4 98 28.4429
4 99 14.1104
4 100 0

5 0 0
5 1 18.0719
5 2 36.4119
5 3 55.2887
5 4 74.9329
5 5 95.5595
5 6 117.312
5 7 140.267
5 8 164.385
5 9 189.476
5 10 215.162
5 11 240.817
5 12 265.521
5 13 288.018
5 14 306.674
5 15 319.466
5 16 323.999
5 17 317.558
5 18 297.217
5 19 260.009
5 20 203.13
5 21 124.263
5 22 21.8395
5 23 -104.553
5 24 -253.906
5 25 -423.449
5 26 -608.565
5 27 -802.644
5 28 -997.35
5 29 -1182.92
5 30 -1348.63
5 31 -1483.74
5 32 -1578.04
5 33 -1622.9
5 34 -1612.08
5 35 -1542.27
5 36 -1413.62
5 37 -1229.82
5 38 -997.853
5 39 -727.476
5 40 -430.484
5 41 -119.748
5 42 191.747
5 43 491.801
5 44 769.675
5 45 1016.51
5 46 1225.52
5 47 1391.89
5 48 1512.5
5 49 1585.47
5 50 1609.89
5 51 1585.47
5 52 1512.5
5 53 1391.89
5 54 1225.52
5 55 1016.51
5 56 769.675
5 57 491.801
5 58 191.747
5 59 -119.748
5 60 -430.484
5 61 -727.476
5 62 -997.853
5 63 -1229.82
5 64 -1413.62
5 65 -1542.27
5 66 -1612.08
5 67 -1622.9
5 68 -1578.04
5 69 -1483.74
5 70 -1348.63
5 71 -1182.92
5 72 -997.35
5 73 -802.644
5 74 -608.565
5 75 -423.449
5 76 -253.906
5 77 -104.553
5 78 21.8395
5 79 124.263
5 80 203.13
5 81 260.009
5 82 297.217
5 83 317.558
5 84 323.999
5 85 319.466
5 86 306.674
5 87 288.018
5 88 265.521
5 89 240.817
5 90 215.162
5 91 189.476
5 92 164.385
5 93 140.267
5 94 117.312
5 95 95.5595
5 96 74.9329
5 97 55.2887
5 98 36.4119
5 99 18.0719
5 100 0

6 0 0
6 1 22.3031
6 2 44.9121
6 3 68.116
6 4 92.1796
6 5 117.312
6 6 143.657
6 7 171.247
6 8 199.981
6 9 229.564
6 10 259.473
6 11 288.887
6 12 316.653
6 13 341.215
6 14 360.612
6 15 372.443
6 16 373.921
6 17 361.932
6 18 333.179
6 19 284.368
6 20 212.483
6 21 115.084
6 22 -9.30979
6 23 -160.876
6 24 -338.095
6 25 -537.534
6 26 -753.569
6 27 -978.507
6 28 -1202.66
6 29 -1414.8
6 30 -1602.85
6 31 -1754.53
6 32 -1858.44
6 33 -1904.96
6 34 -1887.08
6 35 -1801.26
6 36 -1647.78
6 37 -1430.92
6 38 -1158.66
6 39 -842.197
6 40 -494.964
6 41 -131.697
6 42 232.701
6 43 584.121
6 44 910.058
6 45 1200.11
6 46 1446.17
6 47 1642.39
6 48 1784.84
6 49 1871.13
6 50 1900.01
6 51 1871.13
6 52 1784.84
6 53 1642.39
6 54 1446.17
6 55 1200.11
6 56 910.058
6 57 584.121
6 58 232.701
6 59 -131.697
6 60 -494.964
6 61 -842.197
6 62 -1158.66
6 63 -1430.92
6 64 -1647.78
6 65 -1801.26
6 66 -1887.08
6 67 -1904.96
6 68 -1858.44
6 69 -1754.53
6 70 -1602.85
6 71 -1414.8
6 72 -1202.66
6 73 -978.507
6 74 -753.569
6 75 -537.534
6 76 -338.095
6 77 -160.876
6 78 -9.30979
6 79 115.084
6 80 212.483
6 81 284.368
6 82 333.179
6 83 361.932
6 84 373.921
6 85 372.443
6 86 360.612
6 87 341.215
6 88 316.653
6 89 288.887
6 90 259.473
6 91 229.564
6 92 199.981
6 93 171.247
6 94 143.657
6 95 117.312
6 96 92.1796
6 97 68.116
6 98 44.9121
6 99 22.3031
6 100 0

7 0 0
7 1 26.8384
7 2 54.005
7 3 81.7952
7 4 110.486
7 5 140.267
7 6 171.247
7 7 203.401
7 8 236.519
7 9 270.188
7 10 303.692
7 11 336.005
7 12 365.701
7 13 390.94
7 14 409.421
7 15 418.42
7 16 414.794
7 17 395.138
7 18 355.883
7 19 293.568
7 20 205.114
7 21 88.1494
7 22 -58.5677
7 23 -234.8
7 24 -438.473
7 25 -665.336
7 26 -908.927
7 27 -1160.45
7 28 -1409.12
7 29 -1642.58
7 30 -1847.55
7 31 -2010.79
7 32 -2119.95
7 33 -2164.71
7 34 -2137.68
7 35 -2035.12
7 36 -1857.53
7 37 -1609.66
7 38 -1300.36
7 39 -941.876
7 40 -549.032
7 41 -138.046
7 42 274.554
7 43 673.041
7 44 1043.31
7 45 1373.51
7 46 1654.25
7 47 1878.58
7 48 2041.72
7 49 2140.67
7 50 2173.83
7 51 2140.67
7 52 2041.72
7 53 1878.58
7 54 1654.25
7 55 1373.51
7 56 1043.31
7 57 673.041
7 58 274.554
7 59 -138.046
7 60 -549.032
7 61 -941.876
7 62 -1300.36
7 63 -1609.66
7 64 -1857.53
7 65 -2035.12
7 66 -2137.68
7 67 -2164.71
7 68 -2119.95
7 69 -2010.79
7 70 -1847.55
7 71 -1642.58
7 72 -1409.12
7 73 -1160.45
7 74 -908.927
7 75 -665.336
7 76 -438.473
7 77 -234.8
7 78 -58.5677
7 79 88.1494
7 80 205.114
7 81 293.568
7 82 355.883
7 83 395.138
7 84 414.794
7 85 418.42
7 86 409.421
7 87 390.94
7 88 365.701
7 89 336.005
7 90 303.692
7 91 270.188
7 92 236.519
7 93 203.401
7 94 171.247
7 95 140.267
7 96 110.486
7 97 81.7952
7 98 54.005
7 99 26.8384
7 100 0

8 0 0
8 1 31.6938
8 2 63.7174
8 3 96.3499
8 4 129.86
8 5 164.385
8 6 199.981
8 7 236.519
8 8 273.667
8 9 310.842
8 10 347.125
8 11 381.244
8 12 411.505
8 13 435.76
8 14 451.417
8 15 455.444
8 16 444.452
8 17 414.82
8 18 362.874
8 19 285.128
8 20 178.632
8 21 41.2527
8 22 -127.827
8 23 -327.853
8 24 -556.027
8 25 -807.369
8 26 -1074.49
8 27 -1347.74
8 28 -1615.44
8 29 -1864.35
8 30 -2080.5
8 31 -2249.88
8 32 -2359.72
8 33 -2399.29
8 34 -2361
8 35 -2241.18
8 36 -2040.45
8 37 -1764.02
8 38 -1421.3
8 39 -1025.36
8 40 -591.988
8 41 -138.574
8 42 317.097
8 43 757.938
8 44 1168.46
8 45 1535.45
8 46 1848.26
8 47 2098.81
8 48 2281.36
8 49 2392.26
8 50 2429.44
8 51 2392.26
8 52 2281.36
8 53 2098.81
8 54 1848.26
8 55 1535.45
8 56 1168.46
8 57 757.938
8 58 317.097
8 59 -138.574
8 60 -591.988
8 61 -1025.36
8 62 -1421.3
8 63 -1764.02
8 64 -2040.45
8 65 -2241.18
8 66 -2361
8 67 -2399.29
8 68 -2359.72
8 69 -2249.88
8 70 -2080.5
8 71 -1864.35
8 72 -1615.44
8 73 -1347.74
8 74 -1074.49
8 75 -807.369
8 76 -556.027
8 77 -327.853
8 78 -127.827
8 79 41.2527
8 80 178.632
8 81 285.128
8 82 362.874
8 83 414.82
8 84 444.452
8 85 455.444
8 86 451.417
8 87 435.76
8 88 411.505
8 89 381.244
8 90 347.125
8 91 310.842
8 92 273.667
8 93 236.519
8 94 199.981
8 95 164.385
8 96 129.86
8 97 96.3499
8 98 63.7174
8 99 31.6938
8 100 0

9 0 0
9 1 36.854
9 2 74.0101
9 3 111.712
9 4 150.178
9 5 189.476
9 6 229.564
9 7 270.188
9 8 310.842
9 9 350.757
9 10 388.765
9 11 423.349
9 12 452.525
9 13 473.878
9 14 484.542
9 15 481.27
9 16 460.495
9 17 418.531
9 18 351.719
9 19 256.744
9 20 130.943
9 21 -27.3696
9 22 -218.456
9 23 -440.859
9 24 -691.081
9 25 -963.29
9 26 -1249.4
9 27 -1538.99
9 28 -1819.75
9 29 -2077.97
9 30 -2299.19
9 31 -2469.25
9 32 -2575.14
9 33 -2606.16
9 34 -2554.76
9 35 -2417.36
9 36 -2194.84
9 37 -1892.6
9 38 -1520.47
9 39 -1091.98
9 40 -623.569
9 41 -133.344
9 42 359.965
9 43 838.184
9 44 1284.63
9 45 1684.85
9 46 2026.95
9 47 2301.66
9 48 2502.28
9 49 2624.33
9 50 2665.31
9 51 2624.33
9 52 2502.28
9 53 2301.66
9 54 2026.95
9 55 1684.85
9 56 1284.63
9 57 838.184
9 58 359.965
9 59 -133.344
9 60 -623.569
9 61 -1091.98
9 62 -1520.47
9 63 -1892.6
9 64 -2194.84
9 65 -2417.36
9 66 -2554.76
9 67 -2606.16
9 68 -2575.14
9 69 -2469.25
9 70 -2299.19
9 71 -2077.97
9 72 -1819.75
9 73 -1538.99
9 74 -1249.4
9 75 -963.29
9 76 -691.081
9 77 -440.859
9 78 -218.456
9 79 -27.3696
9 80 130.943
9 81 256.744
9 82 351.719
9 83 418.531
9 84 460.495
9 85 481.27
9 86 484.542
9 87 473.878
9 88 452.525
9 89 423.349
9 90 388.765
9 91 350.757
9 92 310.842
9 93 270.188
9 94 229.564
9 95 189.476
9 96 150.178
9 97 111.712
9 98 74.0101
9 99 36.854
9 100 0

10 0 0
10 1 42.2728
10 2 84.7848
10 3 127.711
10 4 171.183
10 5 215.162
10 6 259.473
10 7 303.692
10 8 347.125
10 9 388.765
10 10 427.206
10 11 460.652
10 12 486.865
10 13 503.167
10 14 506.498
10 15 493.45
10 16 460.426
10 17 403.782
10 18 320.075
10 19 206.315
10 20 60.326
10 21 -118.977
10 22 -331.138
10 23 -573.962
10 24 -843.117
10 25 -1132.1
10 26 -1432.09
10 27 -1732.21
10 28 -2019.78
10 29 -2280.88
10 30 -2501.12
10 31 -2666.38
10 32 -2763.95
10 33 -2783.3
10 34 -2717.21
10 35 -2562.31
10 36 -2319.61
10 37 -1994.69
10 38 -1597.47
10 39 -1141.63
10 40 -643.817
10 41 -122.608
10 42 402.712
10 43 913.167
10 44 1391.08
10 45 1820.84
10 46 2189.33
10 47 2486.1
10 48 2703.33
10 49 2835.72
10 50 2880.19
10 51 2835.72
10 52 2703.33
10 53 2486.1
10 54 2189.33
10 55 1820.84
10 56 1391.08
10 57 913.167
10 58 402.712
10 59 -122.608
10 60 -643.817
10 61 -1141.63
10 62 -1597.47
10 63 -1994.69
10 64 -2319.61
10 65 -2562.31
10 66 -2717.21
10 67 -2783.3
10 68 -2763.95
10 69 -2666.38
10 70 -2501.12
10 71 -2280.88
10 72 -2019.78
10 73 -1732.21
10 74 -1432.09
10 75 -1132.1
10 76 -843.117
10 77 -573.962
10 78 -331.138
10 79 -118.977
10 80 60.326
10 81 206.315
10 82 320.075
10 83 403.782
10 84 460.426
10 85 493.45
10 86 506.498
10 87 503.167
10 88 486.865
10 89 460.652
10 90 427.206
10 91 388.765
10 92 347.125
10 93 303.692
10 94 259.473
10 95 215.162
10 96 171.183
10 97 127.711
10 98 84.7848
10 99 42.2728
10 100 0

11 0 0
11 1 47.8524
11 2 95.8357
11 3 144.024
11 4 192.409
11 5 240.817
11 6 288.887
11 7 336.005
11 8 381.244
11 9 423.349
11 10 460.652
11 11 491.103
11 12 512.214
11 13 521.127
11 14 514.634
11 15 489.31
11 16 441.622
11 17 368.156
11 18 265.817
11 19 132.144
11 20 -34.4152
11 21 -234.164
11 22 -465.868
11 23 -726.453
11 24 -1010.87
11 25 -1311.89
11 26 -1620.27
11 27 -1924.8
11 28 -2212.76
11 29 -2470.43
11 30 -2683.72
11 31 -2839.05
11 32 -2924.2
11 33 -2929.25
11 34 -2847.31
11 35 -2675.35
11 36 -2414.51
11 37 -2070.29
11 38 -1652.49
11 39 -1174.61
11 40 -653.232
11 41 -106.903
11 42 444.78
11 43 982.298
11 44 1487.17
11 45 1942.73
11 46 2334.68
11 47 2651.29
11 48 2883.67
11 49 3025.54
11 50 3073.25
11 51 3025.54
11 52 2883.67
11 53 2651.29
11 54 2334.68
11 55 1942.73
11 56 1487.17
11 57 982.298
11 58 444.78
11 59 -106.903
11 60 -653.232
11 61 -1174.61
11 62 -1652.49
11 63 -2070.29
11 64 -2414.51
11 65 -2675.35
11 66 -2847.31
11 67 -2929.25
11 68 -2924.2
11 69 -2839.05
11 70 -2683.72
11 71 -2470.43
11 72 -2212.76
11 73 -1924.8
11 74 -1620.27
11 75 -1311.89
11 76 -1010.87
11 77 -726.453
11 78 -465.868
11 79 -234.164
11 80 -34.4152
11 81 132.144
11 82 265.817
11 83 368.156
11 84 441.622
11 85 489.31
11 86 514.634
11 87 521.127
11 88 512.214
11 89 491.103
11 90 460.652
11 91 423.349
11 92 381.244
11 93 336.005
11 94 288.887
11 95 240.817
11 96 192.409
11 97 144.024
11 98 95.8357
11 99 47.8524
11 100 0

12 0 0
12 1 53.4336
12 2 106.842
12 3 160.149
12 4 213.16
12 5 265.521
12 6 316.653
12 7 365.701
12 8 411.505
12 9 452.525
12 10 486.865
12 11 512.214
12 12 525.915
12 13 524.968
12 14 506.15
12 15 466.105
12 16 401.543
12 17 309.407
12 18 187.151
12 19 32.9739
12 20 -153.878
12 21 -372.848
12 22 -621.801
12 23 -896.86
12 24 -1192.2
12 25 -1500.12
12 26 -1811.02
12 27 -2113.7
12 28 -2395.7
12 29 -2643.76
12 30 -2844.54
12 31 -2985.25
12 32 -3054.51
12 33 -3043.07
12 34 -2944.69
12 35 -2756.58
12 36 -2479.91
12 37 -2120.04
12 38 -1686.3
12 39 -1191.78
12 40 -652.54
12 41 -86.9189
12 42 485.55
12 43 1045.04
12 44 1572.42
12 45 2050.08
12 46 2462.52
12 47 2796.81
12 48 3042.81
12 49 3193.3
12 50 3243.94
12 51 3193.3
12 52 3042.81
12 53 2796.81
12 54 2462.52
12 55 2050.08
12 56 1572.42
12 57 1045.04
12 58 485.55
12 59 -86.9189
12 60 -652.54
12 61 -1191.78
12 62 -1686.3
12 63 -2120.04
12 64 -2479.91
12 65 -2756.58
12 66 -2944.69
12 67 -3043.07
12 68 -3054.51
12 69 -2985.25
12 70 -2844.54
12 71 -2643.76
12 72 -2395.7
12 73 -2113.7
12 74 -1811.02
12 75 -1500.12
12 76 -1192.2
12 77 -896.86
12 78 -621.801
12 79 -372.848
12 80 -153.878
12 81 32.9739
12 82 187.151
12 83 309.407
12 84 401.543
12 85 466.105
12 86 506.15
12 87 524.968
12 88 525.915
12 89 512.214
12 90 486.865
12 91 452.525
12 92 411.505
12 93 365.701
12 94 316.653
12 95 265.521
12 96 213.16
12 97 160.149
12 98 106.842
12 99 53.4336
12 100 0

13 0 0
13 1 58.7847
13 2 117.332
13 3 175.368
13 4 232.453
13 5 288.018
13 6 341.215
13 7 390.94
13 8 435.76
13 9 473.878
13 10 503.167
13 11 521.127
13 12 524.968
13 13 511.677
13 14 478.092
13 15 421.108
13 16 337.785
13 17 225.623
13 18 82.7451
13 19 -91.8216
13 20 -297.946
13 21 -534.106
13 22 -797.308
13 23 -1082.82
13 24 -1384.26
13 25 -1693.5
13 26 -2000.9
13 27 -2295.51
13 28 -2565.38
13 29 -2798.13
13 30 -2981.37
13 31 -3103.43
13 32 -3153.91
13 33 -3124.57
13 34 -3009.65
13 35 -2806.73
13 36 -2516.94
13 37 -2145.17
13 38 -1700.2
13 39 -1194.3
13 40 -642.83
13 41 -63.5042
13 42 524.374
13 43 1100.91
13 44 1646.5
13 45 2142.63
13 46 2572.68
13 47 2922.45
13 48 3180.58
13 49 3338.78
13 50 3392.08
13 51 3338.78
13 52 3180.58
13 53 2922.45
13 54 2572.68
13 55 2142.63
13 56 1646.5
13 57 1100.91
13 58 524.374
13 59 -63.5042
13 60 -642.83
13 61 -1194.3
13 62 -1700.2
13 63 -2145.17
13 64 -2516.94
13 65 -2806.73
13 66 -3009.65
13 67 -3124.57
13 68 -3153.91
13 69 -3103.43
13 70 -2981.37
13 71 -2798.13
13 72 -2565.38
13 73 -2295.51
13 74 -2000.9
13 75 -1693.5
13 76 -1384.26
13 77 -1082.82
13 78 -797.308
13 79 -534.106
13 80 -297.946
13 81 -91.8216
13 82 82.7451
13 83 225.623
13 84 337.785
13 85 421.108
13 86 478.092
13 87 511.677
13 88 524.968
13 89 521.127
13 90 503.167
13 91 473.878
13 92 435.76
13 93 390.94
13 94 341.215
13 95 288.018
13 96 232.453
13 97 175.368
13 98 117.332
13 99 58.7847
13 100 0

14 0 0
14 1 63.5902
14 2 126.676
14 3 188.718
14 4 249
14 5 306.674
14 6 360.612
14 7 409.421
14 8 451.417
14 9 484.542
14 10 506.498
14 11 514.634
14 12 506.15
14 13 478.092
14 14 427.533
14 15 351.728
14 16 248.275
14 17 115.346
14 18 -48.1043
14 19 -242.147
14 20 -465.664
14 21 -716.202
14 22 -989.858
14 23 -1281.24
14 24 -1583.45
14 25 -1888.24
14 26 -2186.1
14 27 -2466.59
14 28 -2718.66
14 29 -2930.95
14 30 -3092.36
14 31 -3192.5
14 32 -3222.2
14 33 -3174.11
14 34 -3043.24
14 35 -2827.31
14 36 -2527.28
14 37 -2147.53
14 38 -1695.91
14 39 -1183.74
14 40 -625.348
14 41 -37.6502
14 42 560.577
14 43 1149.52
14 44 1709.2
14 45 2220.34
14 46 2665.18
14 47 3028.29
14 48 3297.04
14 49 3462.11
14 50 3517.76
14 51 3462.11
14 52 3297.04
14 53 3028.29
14 54 2665.18
14 55 2220.34
14 56 1709.2
14 57 1149.52
14 58 560.577
14 59 -37.6502
14 60 -625.348
14 61 -1183.74
14 62 -1695.91
14 63 -2147.53
14 64 -2527.28
14 65 -2827.31
14 66 -3043.24
14 67 -3174.11
14 68 -3222.2
14 69 -3192.5
14 70 -3092.36
14 71 -2930.95
14 72 -2718.66
14 73 -2466.59
14 74 -2186.1
14 75 -1888.24
14 76 -1583.45
14 77 -1281.24
14 78 -989.858
14 79 -716.202
14 80 -465.664
14 81 -242.147
14 82 -48.1043
14 83 115.346
14 84 248.275
14 85 351.728
14 86 427.533
14 87 478.092
14 88 506.15
14 89 514.634
14 90 506.498
14 91 484.542
14 92 451.417
14 93 409.421
14 94 360.612
14 95 306.674
14 96 249
14 97 188.718
14 98 126.676
14 99 63.5902
14 100 0

15 0 0
15 1 67.4345
15 2 134.043
15 3 198.964
15 4 261.159
15 5 319.466
15 6 372.443
15 7 418.42
15 8 455.444
15 9 481.27
15 10 493.45
15 11 489.31
15 12 466.105
15 13 421.108
15 14 351.728
15 15 255.753
15 16 131.432
15 17 -22.2346
15 18 -205.389
15 19 -417.102
15 20 -655.28
15 21 -916.524
15 22 -1196.19
15 23 -1488.27
15 24 -1785.65
15 25 -2080.11
15 26 -2362.55
15 27 -2623.36
15 28 -2852.49
15 29 -3039.97
15 30 -3176.12
15 31 -3251.98
15 32 -3259.67
15 33 -3192.87
15 34 -3047.11
15 35 -2820.36
15 36 -2513.21
15 37 -2129.32
15 38 -1675.53
15 39 -1161.88
15 40 -601.536
15 41 -10.3565
15 42 593.522
15 43 1190.56
15 44 1760.49
15 45 2283.34
15 46 2740.31
15 47 3114.7
15 48 3392.6
15 49 3563.63
15 50 3621.35
15 51 3563.63
15 52 3392.6
15 53 3114.7
15 54 2740.31
15 55 2283.34
15 56 1760.49
15 57 1190.56
15 58 593.522
15 59 -10.3565
15 60 -601.536
15 61 -1161.88
15 62 -1675.53
15 63 -2129.32
15 64 -2513.21
15 65 -2820.36
15 66 -3047.11
15 67 -3192.87
15 68 -3259.67
15 69 -3251.98
15 70 -3176.12
15 71 -3039.97
15 72 -2852.49
15 73 -2623.36
15 74 -2362.55
15 75 -2080.11
15 76 -1785.65
15 77 -1488.27
15 78 -1196.19
15 79 -916.524
15 80 -655.28
15 81 -417.102
15 82 -205.389
15 83 -22.2346
15 84 131.432
15 85 255.753
15 86 351.728
15 87 421.108
15 88 466.105
15 89 489.31
15 90 493.45
15 91 481.27
15 92 455.444
15 93 418.42
15 94 372.443
15 95 319.466
15 96 261.159
15 97 198.964
15 98 134.043
15 99 67.4345
15 100 0

16 0 0
16 1 69.8216
16 2 138.446
16 3 204.629
16 4 266.988
16 5 323.999
16 6 373.921
16 7 414.794
16 8 444.452
16 9 460.495
16 10 460.426
16 11 441.622
16 12 401.543
16 13 337.785
16 14 248.275
16 15 131.432
16 16 -13.6847
16 17 -187.182
16 18 -388.213
16 19 -614.864
16 20 -864.072
16 21 -1131.64
16 22 -1412.24
16 23 -1699.54
16 24 -1986.32
16 25 -2264.68
16 26 -2526.23
16 27 -2762.3
16 28 -2964.21
16 29 -3123.44
16 30 -3231.87
16 31 -3282.05
16 32 -3267.41
16 33 -3182.55
16 34 -3023.6
16 35 -2788.5
16 36 -2477.48
16 37 -2093.24
16 38 -1641.42
16 39 -1130.73
16 40 -572.908
16 41 17.3028
16 42 622.614
16 43 1223.79
16 44 1800.46
16 45 2331.98
16 46 2798.54
16 47 3182.19
16 48 3467.82
16 49 3643.97
16 50 3703.5
16 51 3643.97
16 52 3467.82
16 53 3182.19
16 54 2798.54
16 55 2331.98
16 56 1800.46
16 57 1223.79
16 58 622.614
16 59 17.3028
16 60 -572.908
16 61 -1130.73
16 62 -1641.42
16 63 -2093.24
16 64 -2477.48
16 65 -2788.5
16 66 -3023.6
16 67 -3182.55
16 68 -3267.41
16 69 -3282.05
16 70 -3231.87
16 71 -3123.44
16 72 -2964.21
16 73 -2762.3
16 74 -2526.23
16 75 -2264.68
16 76 -1986.32
16 77 -1699.54
16 78 -1412.24
16 79 -1131.64
16 80 -864.072
16 81 -614.864
16 82 -388.213
16 83 -187.182
16 84 -13.6847
16 85 131.432
16 86 248.275
16 87 337.785
16 88 401.543
16 89 441.622
16 90 460.426
16 91 460.495
16 92 444.452
16 93 414.794
16 94 373.921
16 95 323.999
16 96 266.988
16 97 204.629
16 98 138.446
16 99 69.8216
16 100 0

17 0 0
17 1 70.1517
17 2 138.694
17 3 203.971
17 4 264.221
17 5 317.558
17 6 361.932
17 7 395.138
17 8 414.82
17 9 418.531
17 10 403.782
17 11 368.156
17 12 309.407
17 13 225.623
17 14 115.346
17 15 -22.2346
17 16 -187.182
17 17 -378.64
17 18 -594.78
17 19 -832.718
17 20 -1088.55
17 21 -1357.37
17 22 -1633.42
17 23 -1910.2
17 24 -2180.7
17 25 -2437.55
17 26 -2673.26
17 27 -2880.39
17 28 -3051.68
17 29 -3180.21
17 30 -3259.5
17 31 -3283.56
17 32 -3247.08
17 33 -3145.56
17 34 -2975.52
17 35 -2734.85
17 36 -2423.13
17 37 -2042.12
17 38 -1596.13
17 39 -1092.32
17 40 -541.024
17 41 44.3208
17 42 647.304
17 43 1249.16
17 44 1829.35
17 45 2366.72
17 46 2840.48
17 47 3231.53
17 48 3523.51
17 49 3703.94
17 50 3764.97
17 51 3703.94
17 52 3523.51
17 53 3231.53
17 54 2840.48
17 55 2366.72
17 56 1829.35
17 57 1249.16
17 58 647.304
17 59 44.3208
17 60 -541.024
17 61 -1092.32
17 62 -1596.13
17 63 -2042.12
17 64 -2423.13
17 65 -2734.85
17 66 -2975.52
17 67 -3145.56
17 68 -3247.08
17 69 -3283.56
17 70 -3259.5
17 71 -3180.21
17 72 -3051.68
17 73 -2880.39
17 74 -2673.26
17 75 -2437.55
17 76 -2180.7
17 77 -1910.2
17 78 -1633.42
17 79 -1357.37
17 80 -1088.55
17 81 -832.718
17 82 -594.78
17 83 -378.64
17 84 -187.182
17 85 -22.2346
17 86 115.346
17 87 225.623
17 88 309.407
17 89 368.156
17 90 403.782
17 91 418.531
17 92 414.82
17 93 395.138
17 94 361.932
17 95 317.558
17 96 264.221
17 97 203.971
17 98 138.694
17 99 70.1517
17 100 0

18 0 0
18 1 67.769
18 2 133.495
18 3 195.09
18 4 250.413
18 5 297.217
18 6 333.179
18 7 355.883
18 8 362.874
18 9 351.719
18 10 320.075
18 11 265.817
18 12 187.151
18 13 82.7451
18 14 -48.1043
18 15 -205.389
18 16 -388.213
18 17 -594.78
18 18 -822.299
18 19 -1067.04
18 20 -1324.38
18 21 -1588.93
18 22 -1854.67
18 23 -2115.26
18 24 -2364.05
18 25 -2594.5
18 26 -2800.21
18 27 -2975.06
18 28 -3113.39
18 29 -3209.88
18 30 -3259.62
18 31 -3258.08
18 32 -3201.07
18 33 -3084.84
18 34 -2906.18
18 35 -2662.78
18 36 -2353.53
18 37 -1979.06
18 38 -1542.26
18 39 -1048.79
18 40 -507.399
18 41 69.7279
18 42 667.185
18 43 1266.6
18 44 1847.52
18 45 2388.18
18 46 2866.97
18 47 3263.6
18 48 3560.62
18 49 3744.51
18 50 3806.79
18 51 3744.51
18 52 3560.62
18 53 3263.6
18 54 2866.97
18 55 2388.18
18 56 1847.52
18 57 1266.6
18 58 667.185
18 59 69.7279
18 60 -507.399
18 61 -1048.79
18 62 -1542.26
18 63 -1979.06
18 64 -2353.53
18 65 -2662.78
18 66 -2906.18
18 67 -3084.84
18 68 -3201.07
18 69 -3258.08
18 70 -3259.62
18 71 -3209.88
18 72 -3113.39
18 73 -2975.06
18 74 -2800.21
18 75 -2594.5
18 76 -2364.05
18 77 -2115.26
18 78 -1854.67
18 79 -1588.93
18 80 -1324.38
18 81 -1067.04
18 82 -822.299
18 83 -594.78
18 84 -388.213
18 85 -205.389
18 86 -48.1043
18 87 82.7451
18 88 187.151
18 89 265.817
18 90 320.075
18 91 351.719
18 92 362.874
18 93 355.883
18 94 333.179
18 95 297.217
18 96 250.413
18 97 195.09
18 98 133.495
18 99 67.769
18 100 0

19 0 0
19 1 61.9806
19 2 121.484
19 3 176.007
19 4 223.035
19 5 260.009
19 6 284.368
19 7 293.568
19 8 285.128
19 9 256.744
19 10 206.315
19 11 132.144
19 12 32.9739
19 13 -91.8216
19 14 -242.147
19 15 -417.102
19 16 -614.864
19 17 -832.718
19 18 -1067.04
19 19 -1313.38
19 20 -1566.61
19 21 -1821.05
19 22 -2070.78
19 23 -2309.7
19 24 -2531.91
19 25 -2731.8
19 26 -2904.23
19 27 -3044.55
19 28 -3148.65
19 29 -3212.81
19 30 -3233.64
19 31 -3207.87
19 32 -3132.31
19 33 -3003.77
19 34 -2819.23
19 35 -2575.98
19 36 -2272.12
19 37 -1907.14
19 38 -1482.46
19 39 -1002.14
19 40 -473.498
19 41 92.6689
19 42 681.87
19 43 1276.29
19 44 1855.41
19 45 2397.1
19 46 2878.87
19 47 3279.43
19 48 3580.21
19 49 3766.81
19 50 3830.05
19 51 3766.81
19 52 3580.21
19 53 3279.43
19 54 2878.87
19 55 2397.1
19 56 1855.41
19 57 1276.29
19 58 681.87
19 59 92.6689
19 60 -473.498
19 61 -1002.14
19 62 -1482.46
19 63 -1907.14
19 64 -2272.12
19 65 -2575.98
19 66 -2819.23
19 67 -3003.77
19 68 -3132.31
19 69 -3207.87
19 70 -3233.64
19 71 -3212.81
19 72 -3148.65
19 73 -3044.55
19 74 -2904.23
19 75 -2731.8
19 76 -2531.91
19 77 -2309.7
19 78 -2070.78
19 79 -1821.05
19 80 -1566.61
19 81 -1313.38
19 82 -1067.04
19 83 -832.718
19 84 -614.864
19 85 -417.102
19 86 -242.147
19 87 -91.8216
19 88 32.9739
19 89 132.144
19 90 206.315
19 91 256.744
19 92 285.128
19 93 293.568
19 94 284.368
19 95 260.009
19 96 223.035
19 97 176.007
19 98 121.484
19 99 61.9806
19 100 0

20 0 0
20 1 52.0916
20 2 101.308
20 3 144.777
20 4 179.655
20 5 203.13
20 6 212.483
20 7 205.114
20 8 178.632
20 9 130.943
20 10 60.326
20 11 -34.4152
20 12 -153.878
20 13 -297.946
20 14 -465.664
20 15 -655.28
20 16 -864.072
20 17 -1088.55
20 18 -1324.38
20 19 -1566.61
20 20 -1809.83
20 21 -2048.37
20 22 -2276.51
20 23 -2488.84
20 24 -2680.26
20 25 -2846.34
20 26 -2983.27
20 27 -3087.88
20 28 -3157.6
20 29 -3190.22
20 30 -3183.64
20 31 -3135.77
20 32 -3044.18
20 33 -2906.13
20 34 -2718.5
20 35 -2478.19
20 36 -2182.4
20 37 -1829.4
20 38 -1419.2
20 39 -954.347
20 40 -440.628
20 41 112.372
20 42 691.16
20 43 1278.38
20 44 1853.6
20 45 2394.26
20 46 2877.18
20 47 3280.11
20 48 3583.49
20 49 3772.02
20 50 3835.97
20 51 3772.02
20 52 3583.49
20 53 3280.11
20 54 2877.18
20 55 2394.26
20 56 1853.6
20 57 1278.38
20 58 691.16
20 59 112.372
20 60 -440.628
20 61 -954.347
20 62 -1419.2
20 63 -1829.4
20 64 -2182.4
20 65 -2478.19
20 66 -2718.5
20 67 -2906.13
20 68 -3044.18
20 69 -3135.77
20 70 -3183.64
20 71 -3190.22
20 72 -3157.6
20 73 -3087.88
20 74 -2983.27
20 75 -2846.34
20 76 -2680.26
20 77 -2488.84
20 78 -2276.51
20 79 -2048.37
20 80 -1809.83
20 81 -1566.61
20 82 -1324.38
20 83 -1088.55
20 84 -864.072
20 85 -655.28
20 86 -465.664
20 87 -297.946
20 88 -153.878
20 89 -34.4152
20 90 60.326
20 91 130.943
20 92 178.632
20 93 205.114
20 94 212.483
20 95 203.13
20 96 179.655
20 97 144.777
20 98 101.308
20 99 52.0916
20 100 0

21 0 0
21 1 37.5074
21 2 71.8109
21 3 99.7475
21 4 118.22
21 5 124.263
21 6 115.084
21 7 88.1494
21 8 41.2527
21 9 -27.3696
21 10 -118.977
21 11 -234.164
21 12 -372.848
21 13 -534.106
21 14 -716.202
21 15 -916.524
21 16 -1131.64
21 17 -1357.37
21 18 -1588.93
21 19 -1821.05
21 20 -2048.37
21 21 -2265.36
21 22 -2466.97
21 23 -2648.44
21 24 -2805.83
21 25 -2935.89
21 26 -3036.2
21 27 -3105.06
21 28 -3141.31
21 29 -3144.08
21 30 -3112.45
21 31 -3045.22
21 32 -2940.55
21 33 -2795.88
21 34 -2607.99
21 35 -2373.16
21 36 -2087.72
21 37 -1748.77
21 38 -1354.86
21 39 -907.131
21 40 -409.966
21 41 128.259
21 42 694.917
21 43 1273.17
21 44 1842.69
21 45 2380.58
21 46 2862.99
21 47 3266.82
21 48 3571.67
21 49 3761.43
21 50 3825.87
21 51 3761.43
21 52 3571.67
21 53 3266.82
21 54 2862.99
21 55 2380.58
21 56 1842.69
21 57 1273.17
21 58 694.917
21 59 128.259
21 60 -409.966
21 61 -907.131
21 62 -1354.86
21 63 -1748.77
21 64 -2087.72
21 65 -2373.16
21 66 -2607.99
21 67 -2795.88
21 68 -2940.55
21 69 -3045.22
21 70 -3112.45
21 71 -3144.08
21 72 -3141.31
21 73 -3105.06
21 74 -3036.2
21 75 -2935.89
21 76 -2805.83
21 77 -2648.44
21 78 -2466.97
21 79 -2265.36
21 80 -2048.37
21 81 -1821.05
21 82 -1588.93
21 83 -1357.37
21 84 -1131.64
21 85 -916.524
21 86 -716.202
21 87 -534.106
21 88 -372.848
21 89 -234.164
21 90 -118.977
21 91 -27.3696
21 92 41.2527
21 93 88.1494
21 94 115.084
21 95 124.263
21 96 118.22
21 97 99.7475
21 98 71.8109
21 99 37.5074
21 100 0

22 0 0
22 1 17.7538
22 2 32.0912
22 3 39.6663
22 4 37.2536
22 5 21.8395
22 6 -9.30979
22 7 -58.5677
22 8 -127.827
22 9 -218.456
22 10 -331.138
22 11 -465.868
22 12 -621.801
22 13 -797.308
22 14 -989.858
22 15 -1196.19
22 16 -1412.24
22 17 -1633.42
22 18 -1854.67
22 19 -2070.78
22 20 -2276.51
22 21 -2466.97
22 22 -2637.71
22 23 -2785.07
22 24 -2906.19
22 25 -2999.14
22 26 -3062.86
22 27 -3096.99
22 28 -3101.67
22 29 -3077.14
22 30 -3023.44
22 31 -2940.01
22 32 -2825.4
22 33 -2677.11
22 34 -2491.6
22 35 -2264.52
22 36 -1991.32
22 37 -1667.88
22 38 -1291.56
22 39 -862.031
22 40 -382.503
22 41 139.826
22 42 693.126
22 43 1261.08
22 44 1823.39
22 45 2356.95
22 46 2837.34
22 47 3240.8
22 48 3546.06
22 49 3736.39
22 50 3801.05
22 51 3736.39
22 52 3546.06
22 53 3240.8
22 54 2837.34
22 55 2356.95
22 56 1823.39
22 57 1261.08
22 58 693.126
22 59 139.826
22 60 -382.503
22 61 -862.031
22 62 -1291.56
22 63 -1667.88
22 64 -1991.32
22 65 -2264.52
22 66 -2491.6
22 67 -2677.11
22 68 -2825.4
22 69 -2940.01
22 70 -3023.44
22 71 -3077.14
22 72 -3101.67
22 73 -3096.99
22 74 -3062.86
22 75 -2999.14
22 76 -2906.19
22 77 -2785.07
22 78 -2637.71
22 79 -2466.97
22 80 -2276.51
22 81 -2070.78
22 82 -1854.67
22 83 -1633.42
22 84 -1412.24
22 85 -1196.19
22 86 -989.858
22 87 -797.308
22 88 -621.801
22 89 -465.868
22 90 -331.138
22 91 -218.456
22 92 -127.827
22 93 -58.5677
22 94 -9.30979
22 95 21.8395
22 96 37.2536
22 97 39.6663
22 98 32.0912
22 99 17.7538
22 100 0

23 0 0
23 1 -7.38647
23 2 -18.2523
23 3 -35.978
23 4 -63.7748
23 5 -104.553
23 6 -160.876
23 7 -234.8
23 8 -327.853
23 9 -440.859
23 10 -573.962
23 11 -726.453
23 12 -896.86
23 13 -1082.82
23 14 -1281.24
23 15 -1488.27
23 16 -1699.54
23 17 -1910.2
23 18 -2115.26
23 19 -2309.7
23 20 -2488.84
23 21 -2648.44
23 22 -2785.07
23 23 -2896.1
23 24 -2979.9
23 25 -3035.85
23 26 -3064.09
23 27 -3065.55
23 28 -3041.37
23 29 -2992.76
23 30 -2920.4
23 31 -2824.23
23 32 -2702.9
23 33 -2553.84
23 34 -2373.07
23 35 -2155.64
23 36 -1896.05
23 37 -1589.17
23 38 -1231.08
23 39 -820.389
23 40 -358.98
23 41 146.801
23 42 685.934
23 43 1242.52
23 44 1796.46
23 45 2324.37
23 46 2801.46
23 47 3203.28
23 48 3508.01
23 49 3698.26
23 50 3762.96
23 51 3698.26
23 52 3508.01
23 53 3203.28
23 54 2801.46
23 55 2324.37
23 56 1796.46
23 57 1242.52
23 58 685.934
23 59 146.801
23 60 -358.98
23 61 -820.389
23 62 -1231.08
23 63 -1589.17
23 64 -1896.05
23 65 -2155.64
23 66 -2373.07
23 67 -2553.84
23 68 -2702.9
23 69 -2824.23
23 70 -2920.4
23 71 -2992.76
23 72 -3041.37
23 73 -3065.55
23 74 -3064.09
23 75 -3035.85
23 76 -2979.9
23 77 -2896.1
23 78 -2785.07
23 79 -2648.44
23 80 -2488.84
23 81 -2309.7
23 82 -2115.26
23 83 -1910.2
23 84 -1699.54
23 85 -1488.27
23 86 -1281.24
23 87 -1082.82
23 88 -896.86
23 89 -726.453
23 90 -573.962
23 91 -440.859
23 92 -327.853
23 93 -234.8
23 94 -160.876
23 95 -104.553
23 96 -63.7748
23 97 -35.978
23 98 -18.2523
23 99 -7.38647
23 100 0

24 0 0
24 1 -37.8306
24 2 -79.0124
24 3 -126.81
24 4 -184.205
24 5 -253.906
24 6 -338.095
24 7 -438.473
24 8 -556.027
24 9 -691.081
24 10 -843.117
24 11 -1010.87
24 12 -1192.2
24 13 -1384.26
24 14 -1583.45
24 15 -1785.65
24 16 -1986.32
24 17 -2180.7
24 18 -2364.05
24 19 -2531.91
24 20 -2680.26
24 21 -2805.83
24 22 -2906.19
24 23 -2979.9
24 24 -3026.58
24 25 -3046.7
24 26 -3041.68
24 27 -3013.32
24 28 -2963.73
24 29 -2894.7
24 30 -2807.44
24 31 -2701.98
24 32 -2577.11
24 33 -2429.86
24 34 -2255.89
24 35 -2049.52
24 36 -1804.47
24 37 -1514.59
24 38 -1175
24 39 -783.11
24 40 -339.982
24 41 149.054
24 42 673.564
24 43 1218.12
24 44 1762.69
24 45 2283.88
24 46 2756.48
24 47 3155.62
24 48 3458.89
24 49 3648.51
24 50 3713.03
24 51 3648.51
24 52 3458.89
24 53 3155.62
24 54 2756.48
24 55 2283.88
24 56 1762.69
24 57 1218.12
24 58 673.564
24 59 149.054
24 60 -339.982
24 61 -783.11
24 62 -1175
24 63 -1514.59
24 64 -1804.47
24 65 -2049.52
24 66 -2255.89
24 67 -2429.86
24 68 -2577.11
24 69 -2701.98
24 70 -2807.44
24 71 -2894.7
24 72 -2963.73
24 73 -3013.32
24 74 -3041.68
24 75 -3046.7
24 76 -3026.58
24 77 -2979.9
24 78 -2906.19
24 79 -2805.83
24 80 -2680.26
24 81 -2531.91
24 82 -2364.05
24 83 -2180.7
24 84 -1986.32
24 85 -1785.65
24 86 -1583.45
24 87 -1384.26
24 88 -1192.2
24 89 -1010.87
24 90 -843.117
24 91 -691.081
24 92 -556.027
24 93 -438.473
24 94 -338.095
24 95 -253.906
24 96 -184.205
24 97 -126.81
24 98 -79.0124
24 99 -37.8306
24 100 0

25 0 0
25 1 -73.1005
25 2 -149.234
25 3 -231.31
25 4 -321.965
25 5 -423.449
25 6 -537.534
25 7 -665.336
25 8 -807.369
25 9 -963.29
25 10 -1132.1
25 11 -1311.89
25 12 -1500.12
25 13 -1693.5
25 14 -1888.24
25 15 -2080.11
25 16 -2264.68
25 17 -2437.55
25 18 -2594.5
25 19 -2731.8
25 20 -2846.34
25 21 -2935.89
25 22 -2999.14
25 23 -3035.85
25 24 -3046.7
25 25 -3033.36
25 26 -2998.08
25 27 -2943.57
25 28 -2872.45
25 29 -2787.02
25 30 -2688.6
25 31 -2577.35
25 32 -2451.76
25 33 -2308.63
25 34 -2143.05
25 35 -1948.73
25 36 -1718.62
25 37 -1445.75
25 38 -1124.34
25 39 -750.963
25 40 -325.719
25 41 146.667
25 42 656.432
25 43 1188.51
25 44 1723.05
25 45 2236.58
25 46 2703.69
25 47 3099.16
25 48 3400.18
25 49 3588.62
25 50 3652.78
25 51 3588.62
25 52 3400.18
25 53 3099.16
25 54 2703.69
25 55 2236.58
25 56 1723.05
25 57 1188.51
25 58 656.432
25 59 146.667
25 60 -325.719
25 61 -750.963
25 62 -1124.34
25 63 -1445.75
25 64 -1718.62
25 65 -1948.73
25 66 -2143.05
25 67 -2308.63
25 68 -2451.76
25 69 -2577.35
25 70 -2688.6
25 71 -2787.02
25 72 -2872.45
25 73 -2943.57
25 74 -2998.08
25 75 -3033.36
25 76 -3046.7
25 77 -3035.85
25 78 -2999.14
25 79 -2935.89
25 80 -2846.34
25 81 -2731.8
25 82 -2594.5
25 83 -2437.55
25 84 -2264.68
25 85 -2080.11
25 86 -1888.24
25 87 -1693.5
25 88 -1500.12
25 89 -1311.89
25 90 -1132.1
25 91 -963.29
25 92 -807.369
25 93 -665.336
25 94 -537.534
25 95 -423.449
25 96 -321.965
25 97 -231.31
25 98 -149.234
25 99 -73.1005
25 100 0

26 0 0
26 1 -112.292
26 2 -227.072
26 3 -346.74
26 4 -473.324
26 5 -608.565
26 6 -753.569
26 7 -908.927
26 8 -1074.49
26 9 -1249.4
26 10 -1432.09
26 11 -1620.27
26 12 -1811.02
26 13 -2000.9
26 14 -2186.1
26 15 -2362.55
26 16 -2526.23
26 17 -2673.26
26 18 -2800.21
26 19 -2904.23
26 20 -2983.27
26 21 -3036.2
26 22 -3062.86
26 23 -3064.09
26 24 -3041.68
26 25 -2998.08
26 26 -2936.41
26 27 -2859.84
26 28 -2771.45
26 29 -2673.64
26 30 -2567.82
26 31 -2453.92
26 32 -2330.21
26 33 -2193.03
26 34 -2036.99
26 35 -1855.21
26 36 -1639.99
26 37 -1383.69
26 38 -1079.8
26 39 -724.139
26 40 -316.197
26 41 140.02
26 42 635.179
26 43 1154.57
26 44 1678.56
26 45 2183.7
26 46 2644.49
26 47 3035.43
26 48 3333.48
26 49 3520.24
26 50 3583.88
26 51 3520.24
26 52 3333.48
26 53 3035.43
26 54 2644.49
26 55 2183.7
26 56 1678.56
26 57 1154.57
26 58 635.179
26 59 140.02
26 60 -316.197
26 61 -724.139
26 62 -1079.8
26 63 -1383.69
26 64 -1639.99
26 65 -1855.21
26 66 -2036.99
26 67 -2193.03
26 68 -2330.21
26 69 -2453.92
26 70 -2567.82
26 71 -2673.64
26 72 -2771.45
26 73 -2859.84
26 74 -2936.41
26 75 -2998.08
26 76 -3041.68
26 77 -3064.09
26 78 -3062.86
26 79 -3036.2
26 80 -2983.27
26 81 -2904.23
26 82 -2800.21
26 83 -2673.26
26 84 -2526.23
26 85 -2362.55
26 86 -2186.1
26 87 -2000.9
26 88 -1811.02
26 89 -1620.27
26 90 -1432.09
26 91 -1249.4
26 92 -1074.49
26 93 -908.927
26 94 -753.569
26 95 -608.565
26 96 -473.324
26 97 -346.74
26 98 -227.072
26 99 -112.292
26 100 0

27 0 0
27 1 -154.027
27 2 -309.819
27 3 -469.018
27 4 -632.967
27 5 -802.644
27 6 -978.507
27 7 -1160.45
27 8 -1347.74
27 9 -1538.99
27 10 -1732.21
27 11 -1924.8
27 12 -2113.7
27 13 -2295.51
27 14 -2466.59
27 15 -2623.36
27 16 -2762.3
27 17 -2880.39
27 18 -2975.06
27 19 -3044.55
27 20 -3087.88
27 21 -3105.06
27 22 -3096.99
27 23 -3065.55
27 24 -3013.32
27 25 -2943.57
27 26 -2859.84
27 27 -2765.71
27 28 -2664.36
27 29 -2558.21
27 30 -2448.46
27 31 -2334.79
27 32 -2215.07
27 33 -2085.23
27 34 -1939.4
27 35 -1770.22
27 36 -1569.45
27 37 -1328.89
27 38 -1041.49
27 39 -702.532
27 40 -310.923
27 41 129.74
27 42 610.652
27 43 1117.37
27 44 1630.49
27 45 2126.69
27 46 2580.41
27 47 2966.08
27 48 3260.52
27 49 3445.21
27 50 3508.15
27 51 3445.21
27 52 3260.52
27 53 2966.08
27 54 2580.41
27 55 2126.69
27 56 1630.49
27 57 1117.37
27 58 610.652
27 59 129.74
27 60 -310.923
27 61 -702.532
27 62 -1041.49
27 63 -1328.89
27 64 -1569.45
27 65 -1770.22
27 66 -1939.4
27 67 -2085.23
27 68 -2215.07
27 69 -2334.79
27 70 -2448.46
27 71 -2558.21
27 72 -2664.36
27 73 -2765.71
27 74 -2859.84
27 75 -2943.57
27 76 -3013.32
27 77 -3065.55
27 78 -3096.99
27 79 -3105.06
27 80 -3087.88
27 81 -3044.55
27 82 -2975.06
27 83 -2880.39
27 84 -2762.3
27 85 -2623.36
27 86 -2466.59
27 87 -2295.51
27 88 -2113.7
27 89 -1924.8
27 90 -1732.21
27 91 -1538.99
27 92 -1347.74
27 93 -1160.45
27 94 -978.507
27 95 -802.644
27 96 -632.967
27 97 -469.018
27 98 -309.819
27 99 -154.027
27 100 0

28 0 0
28 1 -196.52
28 2 -393.912
28 3 -592.903
28 4 -794.012
28 5 -997.35
28 6 -1202.66
28 7 -1409.12
28 8 -1615.44
28 9 -1819.75
28 10 -2019.78
28 11 -2212.76
28 12 -2395.7
28 13 -2565.38
28 14 -2718.66
28 15 -2852.49
28 16 -2964.21
28 17 -3051.68
28 18 -3113.39
28 19 -3148.65
28 20 -3157.6
28 21 -3141.31
28 22 -3101.67
28 23 -3041.37
28 24 -2963.73
28 25 -2872.45
28 26 -2771.45
28 27 -2664.36
28 28 -2554.36
28 29 -2443.63
28 30 -2333.11
28 31 -2222.09
28 32 -2108.05
28 33 -1986.5
28 34 -1851.14
28 35 -1694.19
28 36 -1507.04
28 37 -1281.1
28 38 -1008.92
28 39 -685.395
28 40 -309.063
28 41 116.955
28 42 584.091
28 43 1078.32
28 44 1580.41
28 45 2067.21
28 46 2513.28
28 47 2893.07
28 48 3183.37
28 49 3365.57
28 50 3427.69
28 51 3365.57
28 52 3183.37
28 53 2893.07
28 54 2513.28
28 55 2067.21
28 56 1580.41
28 57 1078.32
28 58 584.091
28 59 116.955
28 60 -309.063
28 61 -685.395
28 62 -1008.92
28 63 -1281.1
28 64 -1507.04
28 65 -1694.19
28 66 -1851.14
28 67 -1986.5
28 68 -2108.05
28 69 -2222.09
28 70 -2333.11
28 71 -2443.63
28 72 -2554.36
28 73 -2664.36
28 74 -2771.45
28 75 -2872.45
28 76 -2963.73
28 77 -3041.37
28 78 -3101.67
28 79 -3141.31
28 80 -3157.6
28 81 -3148.65
28 82 -3113.39
28 83 -3051.68
28 84 -2964.21
28 85 -2852.49
28 86 -2718.66
28 87 -2565.38
28 88 -2395.7
28 89 -2212.76
28 90 -2019.78
28 91 -1819.75
28 92 -1615.44
28 93 -1409.12
28 94 -1202.66
28 95 -997.35
28 96 -794.012
28 97 -592.903
28 98 -393.912
28 99 -196.52
28 100 0

29 0 0
29 1 -237.619
