0 0 0
0 1 0
0 2 0
0 3 0
0 4 0
0 5 0
0 6 0
0 7 0
0 8 0
0 9 0
0 10 0
0 11 0
0 12 0
0 13 0
0 14 0
0 15 0
0 16 0
0 17 0
0 18 0
0 19 0
0 20 0
0 21 0
0 22 0
0 23 0
0 24 0
0 25 0
0 26 0
0 27 0
0 28 0
0 29 0
0 30 0
0 31 0
0 32 0
0 33 0
0 34 0
0 35 0
0 36 0
0 37 0
0 38 0
0 39 0
0 40 0
0 41 0
0 42 0
0 43 0
0 44 0
0 45 0
0 46 0
0 47 0
0 48 0
0 49 0
0 50 0
0 51 0
0 52 0
0 53 0
0 54 0
0 55 0
0 56 0
0 57 0
0 58 0
0 59 0
0 60 0
0 61 0
0 62 0
0 63 0
0 64 0
0 65 0
0 66 0
0 67 0
0 68 0
0 69 0
0 70 0
0 71 0
0 72 0
0 73 0
0 74 0
0 75 0
0 76 0
0 77 0
0 78 0
0 79 0
0 80 0
0 81 0
0 82 0
0 83 0
0 84 0
0 85 0
0 86 0
0 87 0
0 88 0
0 89 0
0 90 0
0 91 0
0 92 0
0 93 0
0 94 0
0 95 0
0 96 0
0 97 0
0 98 0
0 99 0
0 100 0

1 0 0
1 1 -59.1374
1 2 -115.522
1 3 -166.473
1 4 -209.601
1 5 -242.817
1 6 -264.432
1 7 -273.306
1 8 -268.759
1 9 -250.665
1 10 -219.45
1 11 -175.964
1 12 -121.525
1 13 -57.8025
1 14 13.2895
1 15 89.6717
1 16 169.203
1 17 249.744
1 18 329.3
1 19 406.024
1 20 478.298
1 21 544.837
1 22 604.595
1 23 656.855
1 24 701.156
1 25 737.392
1 26 765.63
1 27 786.162
1 28 799.503
1 29 806.201
1 30 806.991
1 31 802.616
1 32 793.869
1 33 781.519
1 34 766.336
1 35 749.028
1 36 730.27
1 37 710.665
1 38 690.757
1 39 671.03
1 40 651.893
1 41 633.712
1 42 616.774
1 43 601.344
1 44 587.611
1 45 575.753
1 46 565.886
1 47 558.123
1 48 552.522
1 49 549.149
1 50 548.016
1 51 549.149
1 52 552.522
1 53 558.123
1 54 565.886
1 55 575.753
1 56 587.611
1 57 601.344
1 58 616.774
1 59 633.712
1 60 651.893
1 61 671.03
1 62 690.757
1 63 710.665
1 64 730.27
1 65 749.028
1 66 766.336
1 67 781.519
1 68 793.869
1 69 802.616
1 70 806.991
1 71 806.201
1 72 799.503
1 73 786.162
1 74 765.63
1 75 737.392
1 76 701.156
1 77 656.855
1 78 604.595
1 79 544.837
1 80 478.298
1 81 406.024
1 82 329.3
1 83 249.744
1 84 169.203
1 85 89.6717
1 86 13.2895
1 87 -57.8025
1 88 -121.525
1 89 -175.964
1 90 -219.45
1 91 -250.665
1 92 -268.759
1 93 -273.306
1 94 -264.432
1 95 -242.817
1 96 -209.601
1 97 -166.473
1 98 -115.522
1 99 -59.1374
1 100 0

2 0 0
2 1 -115.522
2 2 -225.598
2 3 -324.967
2 4 -408.916
2 5 -473.359
2 6 -515.026
2 7 -531.675
2 8 -522.021
2 9 -485.857
2 10 -424.059
2 11 -338.367
2 12 -231.402
2 13 -106.448
2 14 32.7415
2 15 182.084
2 16 337.382
2 17 494.466
2 18 649.485
2 19 798.882
2 20 939.562
2 21 1068.98
2 22 1185.19
2 23 1286.84
2 24 1373.1
2 25 1443.65
2 26 1498.76
2 27 1539.02
2 28 1565.3
2 29 1578.81
2 30 1580.89
2 31 1572.99
2 32 1556.64
2 33 1533.32
2 34 1504.52
2 35 1471.59
2 36 1435.83
2 37 1398.4
2 38 1360.36
2 39 1322.63
2 40 1286
2 41 1251.18
2 42 1218.72
2 43 1189.14
2 44 1162.8
2 45 1140.05
2 46 1121.11
2 47 1106.21
2 48 1095.46
2 49 1088.98
2 50 1086.81
2 51 1088.98
2 52 1095.46
2 53 1106.21
2 54 1121.11
2 55 1140.05
2 56 1162.8
2 57 1189.14
2 58 1218.72
2 59 1251.18
2 60 1286
2 61 1322.63
2 62 1360.36
2 63 1398.4
2 64 1435.83
2 65 1471.59
2 66 1504.52
2 67 1533.32
2 68 1556.64
2 69 1572.99
2 70 1580.89
2 71 1578.81
2 72 1565.3
2 73 1539.02
2 74 1498.76
2 75 1443.65
2 76 1373.1
2 77 1286.84
2 78 1185.19
2 79 1068.98
2 80 939.562
2 81 798.882
2 82 649.485
2 83 494.466
2 84 337.382
2 85 182.084
2 86 32.7415
2 87 -106.448
2 88 -231.402
2 89 -338.367
2 90 -424.059
2 91 -485.857
2 92 -522.021
2 93 -531.675
2 94 -515.026
2 95 -473.359
2 96 -408.916
2 97 -324.967
2 98 -225.598
2 99 -115.522
2 100 0

3 0 0
3 1 -166.473
3 2 -324.967
3 3 -467.83
3 4 -588.151
3 5 -680.001
3 6 -738.683
3 7 -760.977
3 8 -745.142
3 9 -691.01
3 10 -599.922
3 11 -474.546
3 12 -318.759
3 13 -137.392
3 14 64.058
3 15 279.682
3 16 503.44
3 17 729.419
3 18 952.063
3 19 1166.35
3 20 1367.93
3 21 1553.28
3 22 1719.66
3 23 1865.2
3 24 1988.75
3 25 2090.07
3 26 2169.42
3 27 2227.67
3 28 2266.21
3 29 2286.62
3 30 2290.88
3 31 2281.03
3 32 2259.2
3 33 2227.5
3 34 2187.99
3 35 2142.6
3 36 2093.14
3 37 2041.26
3 38 1988.41
3 39 1935.92
3 40 1884.91
3 41 1836.35
3 42 1791.06
3 43 1749.73
3 44 1712.93
3 45 1681.1
3 46 1654.62
3 47 1633.75
3 48 1618.7
3 49 1609.62
3 50 1606.59
3 51 1609.62
3 52 1618.7
3 53 1633.75
3 54 1654.62
3 55 1681.1
3 56 1712.93
3 57 1749.73
3 58 1791.06
3 59 1836.35
3 60 1884.91
3 61 1935.92
3 62 1988.41
3 63 2041.26
3 64 2093.14
3 65 2142.6
3 66 2187.99
3 67 2227.5
3 68 2259.2
3 69 2281.03
3 70 2290.88
3 71 2286.62
3 72 2266.21
3 73 2227.67
3 74 2169.42
3 75 2090.07
3 76 1988.75
3 77 1865.2
3 78 1719.66
3 79 1553.28
3 80 1367.93
3 81 1166.35
3 82 952.063
3 83 729.419
3 84 503.44
3 85 279.682
3 86 64.058
3 87 -137.392
3 88 -318.759
3 89 -474.546
3 90 -599.922
3 91 -691.01
3 92 -745.142
3 93 -760.977
3 94 -738.683
3 95 -680.001
3 96 -588.151
3 97 -467.83
3 98 -324.967
3 99 -166.473
3 100 0

4 0 0
4 1 -209.601
4 2 -408.916
4 3 -588.151
4 4 -738.43
4 5 -852.212
4 6 -923.619
4 7 -948.616
4 8 -925.193
4 9 -853.324
4 10 -734.892
4 11 -573.518
4 12 -374.287
4 13 -143.44
4 14 111.973
4 15 384.45
4 16 666.399
4 17 950.434
4 18 1229.68
4 19 1497.94
4 20 1749.97
4 21 1981.46
4 22 2189.18
4 23 2370.88
4 24 2525.38
4 25 2652.3
4 26 2752.14
4 27 2826.06
4 28 2875.65
4 29 2903.07
4 30 2910.61
4 31 2900.84
4 32 2876.34
4 33 2839.69
4 34 2793.38
4 35 2739.77
4 36 2681.06
4 37 2619.24
4 38 2556.1
4 39 2493.25
4 40 2432.05
4 41 2373.7
4 42 2319.21
4 43 2269.43
4 44 2225.05
4 45 2186.64
4 46 2154.66
4 47 2129.44
4 48 2111.26
4 49 2100.27
4 50 2096.6
4 51 2100.27
4 52 2111.26
4 53 2129.44
4 54 2154.66
4 55 2186.64
4 56 2225.05
4 57 2269.43
4 58 2319.21
4 59 2373.7
4 60 2432.05
4 61 2493.25
4 62 2556.1
4 63 2619.24
4 64 2681.06
4 65 2739.77
4 66 2793.38
4 67 2839.69
4 68 2876.34
4 69 2900.84
4 70 2910.61
4 71 2903.07
4 72 2875.65
4 73 2826.06
4 74 2752.14
4 75 2652.3
4 76 2525.38
4 77 2370.88
4 78 2189.18
4 79 1981.46
4 80 1749.97
4 81 1497.94
4 82 1229.68
4 83 950.434
4 84 666.399
4 85 384.45
4 86 111.973
4 87 -143.44
4 88 -374.287
4 89 -573.518
4 90 -734.892
4 91 -853.324
4 92 -925.193
4 93 -948.616
4 94 -923.619
4 95 -852.212
4 96 -738.43
4 97 -588.151
4 98 -408.916
4 99 -209.601
4 100 0

5 0 0
5 1 -242.817
5 2 -473.359
5 3 -680.001
5 4 -852.212
5 5 -981.147
5 6 -1060
5 7 -1084.18
5 8 -1051.57
5 9 -962.449
5 10 -819.285
5 11 -626.663
5 12 -390.78
5 13 -119.115
5 14 179.962
5 15 497.681
5 16 825.21
5 17 1154.11
5 18 1476.53
5 19 1785.58
5 20 2075.39
5 21 2341.25
5 22 2579.63
5 23 2788.24
5 24 2965.83
5 25 3112.17
5 26 3227.91
5 27 3314.39
5 28 3373.59
5 29 3407.82
5 30 3419.77
5 31 3412.28
5 32 3388.2
5 33 3350.44
5 34 3301.74
5 35 3244.73
5 36 3181.83
5 37 3115.25
5 38 3046.99
5 39 2978.81
5 40 2912.27
5 41 2848.68
5 42 2789.2
5 43 2734.76
5 44 2686.17
5 45 2644.06
5 46 2608.97
5 47 2581.28
5 48 2561.3
5 49 2549.23
5 50 2545.2
5 51 2549.23
5 52 2561.3
5 53 2581.28
5 54 2608.97
5 55 2644.06
5 56 2686.17
5 57 2734.76
5 58 2789.2
5 59 2848.68
5 60 2912.27
5 61 2978.81
5 62 3046.99
5 63 3115.25
5 64 3181.83
5 65 3244.73
5 66 3301.74
5 67 3350.44
5 68 3388.2
5 69 3412.28
5 70 3419.77
5 71 3407.82
5 72 3373.59
5 73 3314.39
5 74 3227.91
5 75 3112.17
5 76 2965.83
5 77 2788.24
5 78 2579.63
5 79 2341.25
5 80 2075.39
5 81 1785.58
5 82 1476.53
5 83 1154.11
5 84 825.21
5 85 497.681
5 86 179.962
5 87 -119.115
5 88 -390.78
5 89 -626.663
5 90 -819.285
5 91 -962.449
5 92 -1051.57
5 93 -1084.18
5 94 -1060
5 95 -981.147
5 96 -852.212
5 97 -680.001
5 98 -473.359
5 99 -242.817
5 100 0

6 0 0
6 1 -264.432
6 2 -515.026
6 3 -738.683
6 4 -923.619
6 5 -1060
6 6 -1140.38
6 7 -1159.9
6 8 -1116.54
6 9 -1010.98
6 10 -846.37
6 11 -628.163
6 12 -363.536
6 13 -61.0106
6 14 270.018
6 15 619.833
6 16 978.84
6 17 1337.91
6 18 1688.72
6 19 2023.97
6 20 2337.65
6 21 2624.91
6 22 2882.33
6 23 3107.6
6 24 3299.7
6 25 3458.58
6 26 3585.01
6 27 3680.59
6 28 3747.4
6 29 3788.05
6 30 3805.25
6 31 3802.05
6 32 3781.4
6 33 3746.3
6 34 3699.61
6 35 3644.02
6 36 3582.04
6 37 3515.96
6 38 3447.84
6 39 3379.5
6 40 3312.57
6 41 3248.43
6 42 3188.27
6 43 3133.11
6 44 3083.78
6 45 3040.97
6 46 3005.25
6 47 2977.03
6 48 2956.66
6 49 2944.34
6 50 2940.23
6 51 2944.34
6 52 2956.66
6 53 2977.03
6 54 3005.25
6 55 3040.97
6 56 3083.78
6 57 3133.11
6 58 3188.27
6 59 3248.43
6 60 3312.57
6 61 3379.5
6 62 3447.84
6 63 3515.96
6 64 3582.04
6 65 3644.02
6 66 3699.61
6 67 3746.3
6 68 3781.4
6 69 3802.05
6 70 3805.25
6 71 3788.05
6 72 3747.4
6 73 3680.59
6 74 3585.01
6 75 3458.58
6 76 3299.7
6 77 3107.6
6 78 2882.33
6 79 2624.91
6 80 2337.65
6 81 2023.97
6 82 1688.72
6 83 1337.91
6 84 978.84
6 85 619.833
6 86 270.018
6 87 -61.0106
6 88 -363.536
6 89 -628.163
6 90 -846.37
6 91 -1010.98
6 92 -1116.54
6 93 -1159.9
6 94 -1140.38
6 95 -1060
6 96 -923.619
6 97 -738.683
6 98 -515.026
6 99 -264.432
6 100 0

7 0 0
7 1 -273.306
7 2 -531.675
7 3 -760.977
7 4 -948.616
7 5 -1084.18
7 6 -1159.9
7 7 -1170.94
7 8 -1115.51
7 9 -994.785
7 10 -812.619
7 11 -575.209
7 12 -290.565
7 13 32.0246
7 14 382.491
7 15 750.6
7 16 1126.33
7 17 1500.34
7 18 1864.19
7 19 2210.74
7 20 2534.05
7 21 2829.59
7 22 3094.09
7 23 3325.68
7 24 3523.52
7 25 3687.77
7 26 3819.48
7 27 3920.33
7 28 3992.55
7 29 4038.71
7 30 4061.66
7 31 4064.28
7 32 4049.56
7 33 4020.4
7 34 3979.59
7 35 3929.75
7 36 3873.32
7 37 3812.51
7 38 3749.35
7 39 3685.61
7 40 3622.88
7 41 3562.53
7 42 3505.74
7 43 3453.51
7 44 3406.7
7 45 3366
7 46 3331.98
7 47 3305.07
7 48 3285.62
7 49 3273.86
7 50 3269.93
7 51 3273.86
7 52 3285.62
7 53 3305.07
7 54 3331.98
7 55 3366
7 56 3406.7
7 57 3453.51
7 58 3505.74
7 59 3562.53
7 60 3622.88
7 61 3685.61
7 62 3749.35
7 63 3812.51
7 64 3873.32
7 65 3929.75
7 66 3979.59
7 67 4020.4
7 68 4049.56
7 69 4064.28
7 70 4061.66
7 71 4038.71
7 72 3992.55
7 73 3920.33
7 74 3819.48
7 75 3687.77
7 76 3523.52
7 77 3325.68
7 78 3094.09
7 79 2829.59
7 80 2534.05
7 81 2210.74
7 82 1864.19
7 83 1500.34
7 84 1126.33
7 85 750.6
7 86 382.491
7 87 32.0246
7 88 -290.565
7 89 -575.209
7 90 -812.619
7 91 -994.785
7 92 -1115.51
7 93 -1170.94
7 94 -1159.9
7 95 -1084.18
7 96 -948.616
7 97 -760.977
7 98 -531.675
7 99 -273.306
7 100 0

8 0 0
8 1 -268.759
8 2 -522.021
8 3 -745.142
8 4 -925.193
8 5 -1051.57
8 6 -1116.54
8 7 -1115.51
8 8 -1047.09
8 9 -912.984
8 10 -717.698
8 11 -468.014
8 12 -172.515
8 13 159.019
8 14 516.268
8 15 888.807
8 16 1266.69
8 17 1640.7
8 18 2002.85
8 19 2346.3
8 20 2665.67
8 21 2956.87
8 22 3217.23
8 23 3445.19
8 24 3640.32
8 25 3803.1
8 26 3934.7
8 27 4036.93
8 28 4112.01
8 29 4162.48
8 30 4190.99
8 31 4200.35
8 32 4193.28
8 33 4172.49
8 34 4140.55
8 35 4099.87
8 36 4052.68
8 37 4001.03
8 38 3946.76
8 39 3891.54
8 40 3836.81
8 41 3783.88
8 42 3733.83
8 43 3687.64
8 44 3646.09
8 45 3609.88
8 46 3579.54
8 47 3555.51
8 48 3538.12
8 49 3527.59
8 50 3524.07
8 51 3527.59
8 52 3538.12
8 53 3555.51
8 54 3579.54
8 55 3609.88
8 56 3646.09
8 57 3687.64
8 58 3733.83
8 59 3783.88
8 60 3836.81
8 61 3891.54
8 62 3946.76
8 63 4001.03
8 64 4052.68
8 65 4099.87
8 66 4140.55
8 67 4172.49
8 68 4193.28
8 69 4200.35
8 70 4190.99
8 71 4162.48
8 72 4112.01
8 73 4036.93
8 74 3934.7
8 75 3803.1
8 76 3640.32
8 77 3445.19
8 78 3217.23
8 79 2956.87
8 80 2665.67
8 81 2346.3
8 82 2002.85
8 83 1640.7
8 84 1266.69
8 85 888.807
8 86 516.268
8 87 159.019
8 88 -172.515
8 89 -468.014
8 90 -717.698
8 91 -912.984
8 92 -1047.09
8 93 -1115.51
8 94 -1116.54
8 95 -1051.57
8 96 -925.193
8 97 -745.142
8 98 -522.021
8 99 -268.759
8 100 0

9 0 0
9 1 -250.665
9 2 -485.857
9 3 -691.01
9 4 -853.324
9 5 -962.449
9 6 -1010.98
9 7 -994.785
9 8 -912.984
9 9 -767.812
9 10 -564.279
9 11 -309.539
9 12 -12.4621
9 13 317.08
9 14 668.832
9 15 1032.65
9 16 1398.98
9 17 1759.28
9 18 2106.13
9 19 2433.53
9 20 2736.68
9 21 3012.39
9 22 3258.48
9 23 3474
9 24 3658.89
9 25 3813.9
9 26 3940.41
9 27 4040.23
9 28 4115.53
9 29 4168.63
9 30 4202.06
9 31 4218.23
9 32 4219.63
9 33 4208.6
9 34 4187.37
9 35 4158.07
9 36 4122.61
9 37 4082.78
9 38 4040.17
9 39 3996.23
9 40 3952.24
9 41 3909.35
9 42 3868.52
9 43 3830.63
9 44 3796.4
9 45 3766.46
9 46 3741.29
9 47 3721.31
9 48 3706.83
9 49 3698.05
9 50 3695.11
9 51 3698.05
9 52 3706.83
9 53 3721.31
9 54 3741.29
9 55 3766.46
9 56 3796.4
9 57 3830.63
9 58 3868.52
9 59 3909.35
9 60 3952.24
9 61 3996.23
9 62 4040.17
9 63 4082.78
9 64 4122.61
9 65 4158.07
9 66 4187.37
9 67 4208.6
9 68 4219.63
9 69 4218.23
9 70 4202.06
9 71 4168.63
9 72 4115.53
9 73 4040.23
9 74 3940.41
9 75 3813.9
9 76 3658.89
9 77 3474
9 78 3258.48
9 79 3012.39
9 80 2736.68
9 81 2433.53
9 82 2106.13
9 83 1759.28
9 84 1398.98
9 85 1032.65
9 86 668.832
9 87 317.08
9 88 -12.4621
9 89 -309.539
9 90 -564.279
9 91 -767.812
9 92 -912.984
9 93 -994.785
9 94 -1010.98
9 95 -962.449
9 96 -853.324
9 97 -691.01
9 98 -485.857
9 99 -250.665
9 100 0

10 0 0
10 1 -219.45
10 2 -424.059
10 3 -599.922
10 4 -734.892
10 5 -819.285
10 6 -846.37
10 7 -812.619
10 8 -717.698
10 9 -564.279
10 10 -357.644
10 11 -105.106
10 12 184.553
10 13 501.706
10 14 836.625
10 15 1179.77
10 16 1522.46
10 17 1856.96
10 18 2176.89
10 19 2477.11
10 20 2753.9
10 21 3004.72
10 22 3228.2
10 23 3423.93
10 24 3592.27
10 25 3734.23
10 26 3851.29
10 27 3945.24
10 28 4018.1
10 29 4071.98
10 30 4109.03
10 31 4131.4
10 32 4141.09
10 33 4140.1
10 34 4130.24
10 35 4113.25
10 36 4090.67
10 37 4063.98
10 38 4034.46
10 39 4003.32
10 40 3971.58
10 41 3940.23
10 42 3910.06
10 43 3881.83
10 44 3856.13
10 45 3833.53
10 46 3814.44
10 47 3799.24
10 48 3788.18
10 49 3781.48
10 50 3779.22
10 51 3781.48
10 52 3788.18
10 53 3799.24
10 54 3814.44
10 55 3833.53
10 56 3856.13
10 57 3881.83
10 58 3910.06
10 59 3940.23
10 60 3971.58
10 61 4003.32
10 62 4034.46
10 63 4063.98
10 64 4090.67
10 65 4113.25
10 66 4130.24
10 67 4140.1
10 68 4141.09
10 69 4131.4
10 70 4109.03
10 71 4071.98
10 72 4018.1
10 73 3945.24
10 74 3851.29
10 75 3734.23
10 76 3592.27
10 77 3423.93
10 78 3228.2
10 79 3004.72
10 80 2753.9
10 81 2477.11
10 82 2176.89
10 83 1856.96
10 84 1522.46
10 85 1179.77
10 86 836.625
10 87 501.706
10 88 184.553
10 89 -105.106
10 90 -357.644
10 91 -564.279
10 92 -717.698
10 93 -812.619
10 94 -846.37
10 95 -819.285
10 96 -734.892
10 97 -599.922
10 98 -424.059
10 99 -219.45
10 100 0

11 0 0
11 1 -175.964
11 2 -338.367
11 3 -474.546
11 4 -573.518
11 5 -626.663
11 6 -628.163
11 7 -575.209
11 8 -468.014
11 9 -309.539
11 10 -105.106
11 11 138.167
11 12 411.935
11 13 707.311
11 14 1015.34
11 15 1327.58
11 16 1636.36
11 17 1935.23
11 18 2218.84
11 19 2483.28
11 20 2725.7
11 21 2944.52
11 22 3139.08
11 23 3309.46
11 24 3456.4
11 25 3581.16
11 26 3685.25
11 27 3770.37
11 28 3838.31
11 29 3890.92
11 30 3930
11 31 3957.21
11 32 3974.24
11 33 3982.55
11 34 3983.57
11 35 3978.59
11 36 3968.79
11 37 3955.26
11 38 3939
11 39 3920.89
11 40 3901.74
11 41 3882.29
11 42 3863.19
11 43 3845.01
11 44 3828.25
11 45 3813.34
11 46 3800.66
11 47 3790.49
11 48 3783.07
11 49 3778.54
11 50 3777.03
11 51 3778.54
11 52 3783.07
11 53 3790.49
11 54 3800.66
11 55 3813.34
11 56 3828.25
11 57 3845.01
11 58 3863.19
11 59 3882.29
11 60 3901.74
11 61 3920.89
11 62 3939
11 63 3955.26
11 64 3968.79
11 65 3978.59
11 66 3983.57
11 67 3982.55
11 68 3974.24
11 69 3957.21
11 70 3930
11 71 3890.92
11 72 3838.31
11 73 3770.37
11 74 3685.25
11 75 3581.16
11 76 3456.4
11 77 3309.46
11 78 3139.08
11 79 2944.52
11 80 2725.7
11 81 2483.28
11 82 2218.84
11 83 1935.23
11 84 1636.36
11 85 1327.58
11 86 1015.34
11 87 707.311
11 88 411.935
11 89 138.167
11 90 -105.106
11 91 -309.539
11 92 -468.014
11 93 -575.209
11 94 -628.163
11 95 -626.663
11 96 -573.518
11 97 -474.546
11 98 -338.367
11 99 -175.964
11 100 0

12 0 0
12 1 -121.525
12 2 -231.402
12 3 -318.759
12 4 -374.287
12 5 -390.78
12 6 -363.536
12 7 -290.565
12 8 -172.515
12 9 -12.4621
12 10 184.553
12 11 411.935
12 12 662.243
12 13 927.619
12 14 1200.36
12 15 1473.29
12 16 1740.21
12 17 1995.89
12 18 2236.39
12 19 2458.79
12 20 2661.42
12 21 2843.43
12 22 3004.81
12 23 3146.16
12 24 3268.51
12 25 3373.2
12 26 3461.73
12 27 3535.67
12 28 3596.57
12 29 3645.92
12 30 3685.12
12 31 3715.49
12 32 3738.16
12 33 3754.26
12 34 3764.72
12 35 3770.43
12 36 3772.21
12 37 3770.76
12 38 3766.78
12 39 3760.85
12 40 3753.55
12 41 3745.38
12 42 3736.81
12 43 3728.24
12 44 3720.05
12 45 3712.57
12 46 3706.07
12 47 3700.78
12 48 3696.87
12 49 3694.47
12 50 3693.67
12 51 3694.47
12 52 3696.87
12 53 3700.78
12 54 3706.07
12 55 3712.57
12 56 3720.05
12 57 3728.24
12 58 3736.81
12 59 3745.38
12 60 3753.55
12 61 3760.85
12 62 3766.78
12 63 3770.76
12 64 3772.21
12 65 3770.43
12 66 3764.72
12 67 3754.26
12 68 3738.16
12 69 3715.49
12 70 3685.12
12 71 3645.92
12 72 3596.57
12 73 3535.67
12 74 3461.73
12 75 3373.2
12 76 3268.51
12 77 3146.16
12 78 3004.81
12 79 2843.43
12 80 2661.42
12 81 2458.79
12 82 2236.39
12 83 1995.89
12 84 1740.21
12 85 1473.29
12 86 1200.36
12 87 927.619
12 88 662.243
12 89 411.935
12 90 184.553
12 91 -12.4621
12 92 -172.515
12 93 -290.565
12 94 -363.536
12 95 -390.78
12 96 -374.287
12 97 -318.759
12 98 -231.402
12 99 -121.525
12 100 0

13 0 0
13 1 -57.8025
13 2 -106.448
13 3 -137.392
13 4 -143.44
13 5 -119.115
13 6 -61.0106
13 7 32.0246
13 8 159.019
13 9 317.08
13 10 501.706
13 11 707.311
13 12 927.619
13 13 1156.26
13 14 1386.99
13 15 1614.38
13 16 1833.64
13 17 2041.1
13 18 2234.01
13 19 2410.73
13 20 2570.45
13 21 2713.07
13 22 2839.12
13 23 2949.58
13 24 3045.63
13 25 3128.68
13 26 3200.09
13 27 3261.24
13 28 3313.38
13 29 3357.67
13 30 3395.13
13 31 3426.62
13 32 3452.96
13 33 3474.72
13 34 3492.55
13 35 3506.9
13 36 3518.24
13 37 3526.95
13 38 3533.43
13 39 3537.98
13 40 3540.97
13 41 3542.65
13 42 3543.33
13 43 3543.26
13 44 3542.69
13 45 3541.82
13 46 3540.85
13 47 3539.92
13 48 3539.17
13 49 3538.68
13 50 3538.52
13 51 3538.68
13 52 3539.17
13 53 3539.92
13 54 3540.85
13 55 3541.82
13 56 3542.69
13 57 3543.26
13 58 3543.33
13 59 3542.65
13 60 3540.97
13 61 3537.98
13 62 3533.43
13 63 3526.95
13 64 3518.24
13 65 3506.9
13 66 3492.55
13 67 3474.72
13 68 3452.96
13 69 3426.62
13 70 3395.13
13 71 3357.67
13 72 3313.38
13 73 3261.24
13 74 3200.09
13 75 3128.68
13 76 3045.63
13 77 2949.58
13 78 2839.12
13 79 2713.07
13 80 2570.45
13 81 2410.73
13 82 2234.01
13 83 2041.1
13 84 1833.64
13 85 1614.38
13 86 1386.99
13 87 1156.26
13 88 927.619
13 89 707.311
13 90 501.706
13 91 317.08
13 92 159.019
13 93 32.0246
13 94 -61.0106
13 95 -119.115
13 96 -143.44
13 97 -137.392
13 98 -106.448
13 99 -57.8025
13 100 0

14 0 0
14 1 13.2895
14 2 32.7415
14 3 64.058
14 4 111.973
14 5 179.962
14 6 270.018
14 7 382.491
14 8 516.268
14 9 668.832
14 10 836.625
14 11 1015.34
14 12 1200.36
14 13 1386.99
14 14 1570.99
14 15 1748.52
14 16 1916.62
14 17 2072.97
14 18 2216.27
14 19 2345.86
14 20 2461.71
14 21 2564.36
14 22 2654.77
14 23 2734.09
14 24 2803.6
14 25 2864.56
14 26 2918.22
14 27 2965.7
14 28 3007.92
14 29 3045.69
14 30 3079.67
14 31 3110.35
14 32 3138.12
14 33 3163.29
14 34 3186.04
14 35 3206.55
14 36 3224.98
14 37 3241.41
14 38 3255.98
14 39 3268.78
14 40 3279.92
14 41 3289.51
14 42 3297.68
14 43 3304.53
14 44 3310.19
14 45 3314.76
14 46 3318.35
14 47 3321.04
14 48 3322.91
14 49 3324.01
14 50 3324.37
14 51 3324.01
14 52 3322.91
14 53 3321.04
14 54 3318.35
14 55 3314.76
14 56 3310.19
14 57 3304.53
14 58 3297.68
14 59 3289.51
14 60 3279.92
14 61 3268.78
14 62 3255.98
14 63 3241.41
14 64 3224.98
14 65 3206.55
14 66 3186.04
14 67 3163.29
14 68 3138.12
14 69 3110.35
14 70 3079.67
14 71 3045.69
14 72 3007.92
14 73 2965.7
14 74 2918.22
14 75 2864.56
14 76 2803.6
14 77 2734.09
14 78 2654.77
14 79 2564.36
14 80 2461.71
14 81 2345.86
14 82 2216.27
14 83 2072.97
14 84 1916.62
14 85 1748.52
14 86 1570.99
14 87 1386.99
14 88 1200.36
14 89 1015.34
14 90 836.625
14 91 668.832
14 92 516.268
14 93 382.491
14 94 270.018
14 95 179.962
14 96 111.973
14 97 64.058
14 98 32.7415
14 99 13.2895
14 100 0

15 0 0
15 1 89.6717
15 2 182.084
15 3 279.682
15 4 384.45
15 5 497.681
15 6 619.833
15 7 750.6
15 8 888.807
15 9 1032.65
15 10 1179.77
15 11 1327.58
15 12 1473.29
15 13 1614.38
15 14 1748.52
15 15 1873.94
15 16 1989.24
15 17 2093.78
15 18 2187.36
15 19 2270.23
15 20 2343.08
15 21 2406.93
15 22 2462.87
15 23 2512.17
15 24 2556.02
15 25 2595.54
15 26 2631.68
15 27 2665.29
15 28 2696.98
15 29 2727.21
15 30 2756.27
15 31 2784.35
15 32 2811.54
15 33 2837.76
15 34 2862.99
15 35 2887.09
15 36 2909.96
15 37 2931.49
15 38 2951.57
15 39 2970.11
15 40 2987.05
15 41 3002.35
15 42 3015.98
15 43 3027.93
15 44 3038.22
15 45 3046.85
15 46 3053.88
15 47 3059.3
15 48 3063.16
15 49 3065.46
15 50 3066.23
15 51 3065.46
15 52 3063.16
15 53 3059.3
15 54 3053.88
15 55 3046.85
15 56 3038.22
15 57 3027.93
15 58 3015.98
15 59 3002.35
15 60 2987.05
15 61 2970.11
15 62 2951.57
15 63 2931.49
15 64 2909.96
15 65 2887.09
15 66 2862.99
15 67 2837.76
15 68 2811.54
15 69 2784.35
15 70 2756.27
15 71 2727.21
15 72 2696.98
15 73 2665.29
15 74 2631.68
15 75 2595.54
15 76 2556.02
15 77 2512.17
15 78 2462.87
15 79 2406.93
15 80 2343.08
15 81 2270.23
15 82 2187.36
15 83 2093.78
15 84 1989.24
15 85 1873.94
15 86 1748.52
15 87 1614.38
15 88 1473.29
15 89 1327.58
15 90 1179.77
15 91 1032.65
15 92 888.807
15 93 750.6
15 94 619.833
15 95 497.681
15 96 384.45
15 97 279.682
15 98 182.084
15 99 89.6717
15 100 0

16 0 0
16 1 169.203
16 2 337.382
16 3 503.44
16 4 666.399
16 5 825.21
16 6 978.84
16 7 1126.33
16 8 1266.69
16 9 1398.98
16 10 1522.46
16 11 1636.36
16 12 1740.21
16 13 1833.64
16 14 1916.62
16 15 1989.24
16 16 2052.01
16 17 2105.66
16 18 2151
16 19 2189.14
16 20 2221.31
16 21 2248.69
16 22 2272.54
16 23 2293.95
16 24 2313.98
16 25 2333.42
16 26 2353
16 27 2373.17
16 28 2394.24
16 29 2416.35
16 30 2439.5
16 31 2463.58
16 32 2488.36
16 33 2513.64
16 34 2539.05
16 35 2564.33
16 36 2589.15
16 37 2613.23
16 38 2636.3
16 39 2658.13
16 40 2678.52
16 41 2697.3
16 42 2714.35
16 43 2729.54
16 44 2742.82
16 45 2754.12
16 46 2763.41
16 47 2770.65
16 48 2775.83
16 49 2778.94
16 50 2779.98
16 51 2778.94
16 52 2775.83
16 53 2770.65
16 54 2763.41
16 55 2754.12
16 56 2742.82
16 57 2729.54
16 58 2714.35
16 59 2697.3
16 60 2678.52
16 61 2658.13
16 62 2636.3
16 63 2613.23
16 64 2589.15
16 65 2564.33
16 66 2539.05
16 67 2513.64
16 68 2488.36
16 69 2463.58
16 70 2439.5
16 71 2416.35
16 72 2394.24
16 73 2373.17
16 74 2353
16 75 2333.42
16 76 2313.98
16 77 2293.95
16 78 2272.54
16 79 2248.69
16 80 2221.31
16 81 2189.14
16 82 2151
16 83 2105.66
16 84 2052.01
16 85 1989.24
16 86 1916.62
16 87 1833.64
16 88 1740.21
16 89 1636.36
16 90 1522.46
16 91 1398.98
16 92 1266.69
16 93 1126.33
16 94 978.84
16 95 825.21
16 96 666.399
16 97 503.44
16 98 337.382
16 99 169.203
16 100 0

17 0 0
17 1 249.744
17 2 494.466
17 3 729.419
17 4 950.434
17 5 1154.11
17 6 1337.91
17 7 1500.34
17 8 1640.7
17 9 1759.28
17 10 1856.96
17 11 1935.23
17 12 1995.89
17 13 2041.1
17 14 2072.97
17 15 2093.78
17 16 2105.66
17 17 2110.59
17 18 2110.45
17 19 2106.98
17 20 2101.68
17 21 2095.88
17 22 2090.7
17 23 2087.06
17 24 2085.67
17 25 2087.05
17 26 2091.48
17 27 2099.15
17 28 2110
17 29 2123.9
17 30 2140.54
17 31 2159.62
17 32 2180.7
17 33 2203.33
17 34 2227.09
17 35 2251.48
17 36 2276.07
17 37 2300.47
17 38 2324.29
17 39 2347.19
17 40 2368.9
17 41 2389.15
17 42 2407.74
17 43 2424.46
17 44 2439.22
17 45 2451.85
17 46 2462.31
17 47 2470.49
17 48 2476.38
17 49 2479.92
17 50 2481.11
17 51 2479.92
17 52 2476.38
17 53 2470.49
17 54 2462.31
17 55 2451.85
17 56 2439.22
17 57 2424.46
17 58 2407.74
17 59 2389.15
17 60 2368.9
17 61 2347.19
17 62 2324.29
17 63 2300.47
17 64 2276.07
17 65 2251.48
17 66 2227.09
17 67 2203.33
17 68 2180.7
17 69 2159.62
17 70 2140.54
17 71 2123.9
17 72 2110
17 73 2099.15
17 74 2091.48
17 75 2087.05
17 76 2085.67
17 77 2087.06
17 78 2090.7
17 79 2095.88
17 80 2101.68
17 81 2106.98
17 82 2110.45
17 83 2110.59
17 84 2105.66
17 85 2093.78
17 86 2072.97
17 87 2041.1
17 88 1995.89
17 89 1935.23
17 90 1856.96
17 91 1759.28
17 92 1640.7
17 93 1500.34
17 94 1337.91
17 95 1154.11
17 96 950.434
17 97 729.419
17 98 494.466
17 99 249.744
17 100 0

18 0 0
18 1 329.3
18 2 649.485
18 3 952.063
18 4 1229.68
18 5 1476.53
18 6 1688.72
18 7 1864.19
18 8 2002.85
18 9 2106.13
18 10 2176.89
18 11 2218.84
18 12 2236.39
18 13 2234.01
18 14 2216.27
18 15 2187.36
18 16 2151
18 17 2110.45
18 18 2068.44
18 19 2027.1
18 20 1988.19
18 21 1952.93
18 22 1922.26
18 23 1896.73
18 24 1876.71
18 25 1862.28
18 26 1853.4
18 27 1849.81
18 28 1851.22
18 29 1857.18
18 30 1867.2
18 31 1880.72
18 32 1897.19
18 33 1916.06
18 34 1936.72
18 35 1958.65
18 36 1981.31
18 37 2004.23
18 38 2026.99
18 39 2049.16
18 40 2070.42
18 41 2090.44
18 42 2108.98
18 43 2125.8
18 44 2140.71
18 45 2153.56
18 46 2164.24
18 47 2172.63
18 48 2178.68
18 49 2182.33
18 50 2183.55
18 51 2182.33
18 52 2178.68
18 53 2172.63
18 54 2164.24
18 55 2153.56
18 56 2140.71
18 57 2125.8
18 58 2108.98
18 59 2090.44
18 60 2070.42
18 61 2049.16
18 62 2026.99
18 63 2004.23
18 64 1981.31
18 65 1958.65
18 66 1936.72
18 67 1916.06
18 68 1897.19
18 69 1880.72
18 70 1867.2
18 71 1857.18
18 72 1851.22
18 73 1849.81
18 74 1853.4
18 75 1862.28
18 76 1876.71
18 77 1896.73
18 78 1922.26
18 79 1952.93
18 80 1988.19
18 81 2027.1
18 82 2068.44
18 83 2110.45
18 84 2151
18 85 2187.36
18 86 2216.27
18 87 2234.01
18 88 2236.39
18 89 2218.84
18 90 2176.89
18 91 2106.13
18 92 2002.85
18 93 1864.19
18 94 1688.72
18 95 1476.53
18 96 1229.68
18 97 952.063
18 98 649.485
18 99 329.3
18 100 0

19 0 0
19 1 406.024
19 2 798.882
19 3 1166.35
19 4 1497.94
19 5 1785.58
19 6 2023.97
19 7 2210.74
19 8 2346.3
19 9 2433.53
19 10 2477.11
19 11 2483.28
19 12 2458.79
19 13 2410.73
19 14 2345.86
19 15 2270.23
19 16 2189.14
19 17 2106.98
19 18 2027.1
19 19 1952.07
19 20 1883.57
19 21 1822.77
19 22 1770.18
19 23 1726.05
19 24 1690.24
19 25 1662.43
19 26 1642.14
19 27 1628.81
19 28 1621.81
19 29 1620.45
19 30 1624.05
19 31 1631.91
19 32 1643.37
19 33 1657.75
19 34 1674.45
19 35 1692.83
19 36 1712.37
19 37 1732.55
19 38 1752.89
19 39 1772.99
19 40 1792.46
19 41 1810.98
19 42 1828.25
19 43 1844.02
19 44 1858.09
19 45 1870.27
19 46 1880.42
19 47 1888.44
19 48 1894.22
19 49 1897.72
19 50 1898.88
19 51 1897.72
19 52 1894.22
19 53 1888.44
19 54 1880.42
19 55 1870.27
19 56 1858.09
19 57 1844.02
19 58 1828.25
19 59 1810.98
19 60 1792.46
19 61 1772.99
19 62 1752.89
19 63 1732.55
19 64 1712.37
19 65 1692.83
19 66 1674.45
19 67 1657.75
19 68 1643.37
19 69 1631.91
19 70 1624.05
19 71 1620.45
19 72 1621.81
19 73 1628.81
19 74 1642.14
19 75 1662.43
19 76 1690.24
19 77 1726.05
19 78 1770.18
19 79 1822.77
19 80 1883.57
19 81 1952.07
19 82 2027.1
19 83 2106.98
19 84 2189.14
19 85 2270.23
19 86 2345.86
19 87 2410.73
19 88 2458.79
19 89 2483.28
19 90 2477.11
19 91 2433.53
19 92 2346.3
19 93 2210.74
19 94 2023.97
19 95 1785.58
19 96 1497.94
19 97 1166.35
19 98 798.882
19 99 406.024
19 100 0

20 0 0
20 1 478.298
20 2 939.562
20 3 1367.93
20 4 1749.97
20 5 2075.39
20 6 2337.65
20 7 2534.05
20 8 2665.67
20 9 2736.68
20 10 2753.9
20 11 2725.7
20 12 2661.42
20 13 2570.45
20 14 2461.71
20 15 2343.08
20 16 2221.31
20 17 2101.68
20 18 1988.19
20 19 1883.57
20 20 1789.53
20 21 1706.93
20 22 1635.95
20 23 1576.31
20 24 1527.46
20 25 1488.6
20 26 1458.89
20 27 1437.34
20 28 1423.12
20 29 1415.27
20 30 1412.98
20 31 1415.4
20 32 1421.81
20 33 1431.49
20 34 1443.76
20 35 1458.06
20 36 1473.76
20 37 1490.41
20 38 1507.5
20 39 1524.65
20 40 1541.45
20 41 1557.59
20 42 1572.75
20 43 1586.71
20 44 1599.21
20 45 1610.1
20 46 1619.2
20 47 1626.42
20 48 1631.63
20 49 1634.79
20 50 1635.84
20 51 1634.79
20 52 1631.63
20 53 1626.42
20 54 1619.2
20 55 1610.1
20 56 1599.21
20 57 1586.71
20 58 1572.75
20 59 1557.59
20 60 1541.45
20 61 1524.65
20 62 1507.5
20 63 1490.41
20 64 1473.76
20 65 1458.06
20 66 1443.76
20 67 1431.49
20 68 1421.81
20 69 1415.4
20 70 1412.98
20 71 1415.27
20 72 1423.12
20 73 1437.34
20 74 1458.89
20 75 1488.6
20 76 1527.46
20 77 1576.31
20 78 1635.95
20 79 1706.93
20 80 1789.53
20 81 1883.57
20 82 1988.19
20 83 2101.68
20 84 2221.31
20 85 2343.08
20 86 2461.71
20 87 2570.45
20 88 2661.42
20 89 2725.7
20 90 2753.9
20 91 2736.68
20 92 2665.67
20 93 2534.05
20 94 2337.65
20 95 2075.39
20 96 1749.97
20 97 1367.93
20 98 939.562
20 99 478.298
20 100 0

21 0 0
21 1 544.837
21 2 1068.98
21 3 1553.28
21 4 1981.46
21 5 2341.25
21 6 2624.91
21 7 2829.59
21 8 2956.87
21 9 3012.39
21 10 3004.72
21 11 2944.52
21 12 2843.43
21 13 2713.07
21 14 2564.36
21 15 2406.93
21 16 2248.69
21 17 2095.88
21 18 1952.93
21 19 1822.77
21 20 1706.93
21 21 1606.01
21 22 1519.77
21 23 1447.48
21 24 1388.06
21 25 1340.32
21 26 1302.96
21 27 1274.75
21 28 1254.5
21 29 1241.13
21 30 1233.63
21 31 1231.12
21 32 1232.76
21 33 1237.84
21 34 1245.7
21 35 1255.71
21 36 1267.35
21 37 1280.12
21 38 1293.57
21 39 1307.31
21 40 1320.97
21 41 1334.25
21 42 1346.84
21 43 1358.52
21 44 1369.05
21 45 1378.26
21 46 1386
21 47 1392.15
21 48 1396.6
21 49 1399.3
21 50 1400.21
21 51 1399.3
21 52 1396.6
21 53 1392.15
21 54 1386
21 55 1378.26
21 56 1369.05
21 57 1358.52
21 58 1346.84
21 59 1334.25
21 60 1320.97
21 61 1307.31
21 62 1293.57
21 63 1280.12
21 64 1267.35
21 65 1255.71
21 66 1245.7
21 67 1237.84
21 68 1232.76
21 69 1231.12
21 70 1233.63
21 71 1241.13
21 72 1254.5
21 73 1274.75
21 74 1302.96
21 75 1340.32
21 76 1388.06
21 77 1447.48
21 78 1519.77
21 79 1606.01
21 80 1706.93
21 81 1822.77
21 82 1952.93
21 83 2095.88
21 84 2248.69
21 85 2406.93
21 86 2564.36
21 87 2713.07
21 88 2843.43
21 89 2944.52
21 90 3004.72
21 91 3012.39
21 92 2956.87
21 93 2829.59
21 94 2624.91
21 95 2341.25
21 96 1981.46
21 97 1553.28
21 98 1068.98
21 99 544.837
21 100 0

22 0 0
22 1 604.595
22 2 1185.19
22 3 1719.66
22 4 2189.18
22 5 2579.63
22 6 2882.33
22 7 3094.09
22 8 3217.23
22 9 3258.48
22 10 3228.2
22 11 3139.08
22 12 3004.81
22 13 2839.12
22 14 2654.77
22 15 2462.87
22 16 2272.54
22 17 2090.7
22 18 1922.26
22 19 1770.18
22 20 1635.95
22 21 1519.77
22 22 1421.03
22 23 1338.5
22 24 1270.68
22 25 1215.91
22 26 1172.56
22 27 1139.03
22 28 1113.95
22 29 1096.02
22 30 1084.14
22 31 1077.31
22 32 1074.71
22 33 1075.57
22 34 1079.25
22 35 1085.18
22 36 1092.82
22 37 1101.73
22 38 1111.5
22 39 1121.73
22 40 1132.14
22 41 1142.39
22 42 1152.25
22 43 1161.47
22 44 1169.85
22 45 1177.23
22 46 1183.46
22 47 1188.43
22 48 1192.04
22 49 1194.23
22 50 1194.96
22 51 1194.23
22 52 1192.04
22 53 1188.43
22 54 1183.46
22 55 1177.23
22 56 1169.85
22 57 1161.47
22 58 1152.25
22 59 1142.39
22 60 1132.14
22 61 1121.73
22 62 1111.5
22 63 1101.73
22 64 1092.82
22 65 1085.18
22 66 1079.25
22 67 1075.57
22 68 1074.71
22 69 1077.31
22 70 1084.14
22 71 1096.02
22 72 1113.95
22 73 1139.03
22 74 1172.56
22 75 1215.91
22 76 1270.68
22 77 1338.5
22 78 1421.03
22 79 1519.77
22 80 1635.95
22 81 1770.18
22 82 1922.26
22 83 2090.7
22 84 2272.54
22 85 2462.87
22 86 2654.77
22 87 2839.12
22 88 3004.81
22 89 3139.08
22 90 3228.2
22 91 3258.48
22 92 3217.23
22 93 3094.09
22 94 2882.33
22 95 2579.63
22 96 2189.18
22 97 1719.66
22 98 1185.19
22 99 604.595
22 100 0

23 0 0
23 1 656.855
23 2 1286.84
23 3 1865.2
23 4 2370.88
23 5 2788.24
23 6 3107.6
23 7 3325.68
23 8 3445.19
23 9 3474
23 10 3423.93
23 11 3309.46
23 12 3146.16
23 13 2949.58
23 14 2734.09
23 15 2512.17
23 16 2293.95
23 17 2087.06
23 18 1896.73
23 19 1726.05
23 20 1576.31
23 21 1447.48
23 22 1338.5
23 23 1247.77
23 24 1173.28
23 25 1113.05
23 26 1065.04
23 27 1027.43
23 28 998.539
23 29 976.986
23 30 961.53
23 31 951.122
23 32 944.883
23 33 942.073
23 34 942.07
23 35 944.281
23 36 948.284
23 37 953.599
23 38 959.89
23 39 966.814
23 40 974.072
23 41 981.413
23 42 988.586
23 43 995.398
23 44 1001.65
23 45 1007.21
23 46 1011.93
23 47 1015.72
23 48 1018.47
23 49 1020.16
23 50 1020.72
23 51 1020.16
23 52 1018.47
23 53 1015.72
23 54 1011.93
23 55 1007.21
23 56 1001.65
23 57 995.398
23 58 988.586
23 59 981.413
23 60 974.072
23 61 966.814
23 62 959.89
23 63 953.599
23 64 948.284
23 65 944.281
23 66 942.07
23 67 942.073
23 68 944.883
23 69 951.122
23 70 961.53
23 71 976.986
23 72 998.539
23 73 1027.43
23 74 1065.04
23 75 1113.05
23 76 1173.28
23 77 1247.77
23 78 1338.5
23 79 1447.48
23 80 1576.31
23 81 1726.05
23 82 1896.73
23 83 2087.06
23 84 2293.95
23 85 2512.17
23 86 2734.09
23 87 2949.58
23 88 3146.16
23 89 3309.46
23 90 3423.93
23 91 3474
23 92 3445.19
23 93 3325.68
23 94 3107.6
23 95 2788.24
23 96 2370.88
23 97 1865.2
23 98 1286.84
23 99 656.855
23 100 0

24 0 0
24 1 701.156
24 2 1373.1
24 3 1988.75
24 4 2525.38
24 5 2965.83
24 6 3299.7
24 7 3523.52
24 8 3640.32
24 9 3658.89
24 10 3592.27
24 11 3456.4
24 12 3268.51
24 13 3045.63
24 14 2803.6
24 15 2556.02
24 16 2313.98
24 17 2085.67
24 18 1876.71
24 19 1690.24
24 20 1527.46
24 21 1388.06
24 22 1270.68
24 23 1173.28
24 24 1093.54
24 25 1029.03
24 26 977.471
24 27 936.711
24 28 904.967
24 29 880.601
24 30 862.348
24 31 849.061
24 32 839.881
24 33 834.011
24 34 830.873
24 35 829.94
24 36 830.738
24 37 832.921
24 38 836.126
24 39 840.075
24 40 844.506
24 41 849.188
24 42 853.913
24 43 858.507
24 44 862.798
24 45 866.666
24 46 869.978
24 47 872.66
24 48 874.618
24 49 875.823
24 50 876.221
24 51 875.823
24 52 874.618
24 53 872.66
24 54 869.978
24 55 866.666
24 56 862.798
24 57 858.507
24 58 853.913
24 59 849.188
24 60 844.506
24 61 840.075
24 62 836.126
24 63 832.921
24 64 830.738
24 65 829.94
24 66 830.873
24 67 834.011
24 68 839.881
24 69 849.061
24 70 862.348
24 71 880.601
24 72 904.967
24 73 936.711
24 74 977.471
24 75 1029.03
24 76 1093.54
24 77 1173.28
24 78 1270.68
24 79 1388.06
24 80 1527.46
24 81 1690.24
24 82 1876.71
24 83 2085.67
24 84 2313.98
24 85 2556.02
24 86 2803.6
24 87 3045.63
24 88 3268.51
24 89 3456.4
24 90 3592.27
24 91 3658.89
24 92 3640.32
24 93 3523.52
24 94 3299.7
24 95 2965.83
24 96 2525.38
24 97 1988.75
24 98 1373.1
24 99 701.156
24 100 0

25 0 0
25 1 737.392
25 2 1443.65
25 3 2090.07
25 4 2652.3
25 5 3112.17
25 6 3458.58
25 7 3687.77
25 8 3803.1
25 9 3813.9
25 10 3734.23
25 11 3581.16
25 12 3373.2
25 13 3128.68
25 14 2864.56
25 15 2595.54
25 16 2333.42
25 17 2087.05
25 18 1862.28
25 19 1662.43
25 20 1488.6
25 21 1340.32
25 22 1215.91
25 23 1113.05
25 24 1029.03
25 25 961.168
25 26 906.843
25 27 863.744
25 28 829.801
25 29 803.356
25 30 782.96
25 31 767.48
25 32 755.957
25 33 747.682
25 34 742.016
25 35 738.475
25 36 736.663
25 37 736.199
25 38 736.808
25 39 738.232
25 40 740.23
25 41 742.629
25 42 745.226
25 43 747.888
25 44 750.46
25 45 752.841
25 46 754.917
25 47 756.62
25 48 757.877
25 49 758.654
25 50 758.912
25 51 758.654
25 52 757.877
25 53 756.62
25 54 754.917
25 55 752.841
25 56 750.46
25 57 747.888
25 58 745.226
25 59 742.629
25 60 740.23
25 61 738.232
25 62 736.808
25 63 736.199
25 64 736.663
25 65 738.475
25 66 742.016
25 67 747.682
25 68 755.957
25 69 767.48
25 70 782.96
25 71 803.356
25 72 829.801
25 73 863.744
25 74 906.843
25 75 961.168
25 76 1029.03
25 77 1113.05
25 78 1215.91
25 79 1340.32
25 80 1488.6
25 81 1662.43
25 82 1862.28
25 83 2087.05
25 84 2333.42
25 85 2595.54
25 86 2864.56
25 87 3128.68
25 88 3373.2
25 89 3581.16
25 90 3734.23
25 91 3813.9
25 92 3803.1
25 93 3687.77
25 94 3458.58
25 95 3112.17
25 96 2652.3
25 97 2090.07
25 98 1443.65
25 99 737.392
25 100 0

26 0 0
26 1 765.63
26 2 1498.76
26 3 2169.42
26 4 2752.14
26 5 3227.91
26 6 3585.01
26 7 3819.48
26 8 3934.7
26 9 3940.41
26 10 3851.29
26 11 3685.25
26 12 3461.73
26 13 3200.09
26 14 2918.22
26 15 2631.68
26 16 2353
26 17 2091.48
26 18 1853.4
26 19 1642.14
26 20 1458.89
26 21 1302.96
26 22 1172.56
26 23 1065.04
26 24 977.471
26 25 906.843
26 26 850.344
26 27 805.418
26 28 769.879
26 29 741.868
26 30 719.909
26 31 702.783
26 32 689.539
26 33 679.393
26 34 671.786
26 35 666.225
26 36 662.315
26 37 659.756
26 38 658.27
26 39 657.625
26 40 657.655
26 41 658.15
26 42 659.004
26 43 660.043
26 44 661.191
26 45 662.314
26 46 663.359
26 47 664.231
26 48 664.903
26 49 665.31
26 50 665.457
26 51 665.31
26 52 664.903
26 53 664.231
26 54 663.359
26 55 662.314
26 56 661.191
26 57 660.043
26 58 659.004
26 59 658.15
26 60 657.655
26 61 657.625
26 62 658.27
26 63 659.756
26 64 662.315
26 65 666.225
26 66 671.786
26 67 679.393
26 68 689.539
26 69 702.783
26 70 719.909
26 71 741.868
26 72 769.879
26 73 805.418
26 74 850.344
26 75 906.843
26 76 977.471
26 77 1065.04
26 78 1172.56
26 79 1302.96
26 80 1458.89
26 81 1642.14
26 82 1853.4
26 83 2091.48
26 84 2353
26 85 2631.68
26 86 2918.22
26 87 3200.09
26 88 3461.73
26 89 3685.25
26 90 3851.29
26 91 3940.41
26 92 3934.7
26 93 3819.48
26 94 3585.01
26 95 3227.91
26 96 2752.14
26 97 2169.42
26 98 1498.76
26 99 765.63
26 100 0

27 0 0
27 1 786.162
27 2 1539.02
27 3 2227.67
27 4 2826.06
27 5 3314.39
27 6 3680.59
27 7 3920.33
27 8 4036.93
27 9 4040.23
27 10 3945.24
27 11 3770.37
27 12 3535.67
27 13 3261.24
27 14 2965.7
27 15 2665.29
27 16 2373.17
27 17 2099.15
27 18 1849.81
27 19 1628.81
27 20 1437.34
27 21 1274.75
27 22 1139.03
27 23 1027.43
27 24 936.711
27 25 863.744
27 26 805.418
27 27 759.063
27 28 722.267
27 29 693.137
27 30 670.044
27 31 651.743
27 32 637.233
27 33 625.753
27 34 616.702
27 35 609.608
27 36 604.145
27 37 599.956
27 38 596.859
27 39 594.616
27 40 593.077
27 41 592.097
27 42 591.542
27 43 591.31
27 44 591.298
27 45 591.429
27 46 591.627
27 47 591.843
27 48 592.026
27 49 592.152
27 50 592.192
27 51 592.152
27 52 592.026
27 53 591.843
27 54 591.627
27 55 591.429
27 56 591.298
27 57 591.31
27 58 591.542
27 59 592.097
27 60 593.077
27 61 594.616
27 62 596.859
27 63 599.956
27 64 604.145
27 65 609.608
27 66 616.702
27 67 625.753
27 68 637.233
27 69 651.743
27 70 670.044
27 71 693.137
27 72 722.267
27 73 759.063
27 74 805.418
27 75 863.744
27 76 936.711
27 77 1027.43
27 78 1139.03
27 79 1274.75
27 80 1437.34
27 81 1628.81
27 82 1849.81
27 83 2099.15
27 84 2373.17
27 85 2665.29
27 86 2965.7
27 87 3261.24
27 88 3535.67
27 89 3770.37
27 90 3945.24
27 91 4040.23
27 92 4036.93
27 93 3920.33
27 94 3680.59
27 95 3314.39
27 96 2826.06
27 97 2227.67
27 98 1539.02
27 99 786.162
27 100 0

28 0 0
28 1 799.503
28 2 1565.3
28 3 2266.21
28 4 2875.65
28 5 3373.59
28 6 3747.4
28 7 3992.55
28 8 4112.01
28 9 4115.53
28 10 4018.1
28 11 3838.31
28 12 3596.57
28 13 3313.38
28 14 3007.92
28 15 2696.98
28 16 2394.24
28 17 2110
28 18 1851.22
28 19 1621.81
28 20 1423.12
28 21 1254.5
28 22 1113.95
28 23 998.539
28 24 904.967
28 25 829.801
28 26 769.879
28 27 722.267
28 28 684.517
28 29 654.504
28 30 630.62
28 31 611.494
28 32 596.131
28 33 583.698
28 34 573.645
28 35 565.482
28 36 558.859
28 37 553.52
28 38 549.214
28 39 545.783
28 40 543.079
28 41 540.967
28 42 539.356
28 43 538.139
28 44 537.246
28 45 536.603
28 46 536.155
28 47 535.855
28 48 535.666
28 49 535.564
28 50 535.531
28 51 535.564
28 52 535.666
28 53 535.855
28 54 536.155
28 55 536.603
28 56 537.246
28 57 538.139
28 58 539.356
28 59 540.967
28 60 543.079
28 61 545.783
28 62 549.214
28 63 553.52
28 64 558.859
28 65 565.482
28 66 573.645
28 67 583.698
28 68 596.131
28 69 611.494
28 70 630.62
28 71 654.504
28 72 684.517
28 73 722.267
28 74 769.879
28 75 829.801
28 76 904.967
28 77 998.539
28 78 1113.95
28 79 1254.5
28 80 1423.12
28 81 1621.81
28 82 1851.22
28 83 2110
28 84 2394.24
28 85 2696.98
28 86 3007.92
28 87 3313.38
28 88 3596.57
28 89 3838.31
28 90 4018.1
28 91 4115.53
28 92 4112.01
28 93 3992.55
28 94 3747.4
28 95 3373.59
28 96 2875.65
28 97 2266.21
28 98 1565.3
28 99 799.503
28 100 0

29 0 0
29 1 806.201
29 2 1578.81
29 3 2286.62
29 4 2903.07
29 5 3407.82
29 6 3788.05
29 7 4038.71
29 8 4162.48
29 9 4168.63
29 10 4071.98
29 11 3890.92
29 12 3645.92
29 13 3357.67
29 14 3045.69
29 15 2727.21
29 16 2416.35
29 17 2123.9
29 18 1857.18
29 19 1620.45
29 20 1415.27
29 21 1241.13
29 22 1096.02
29 23 976.986
29 24 880.601
29 25 803.356
29 26 741.868
29 27 693.137
29 28 654.504
29 29 623.848
29 30 599.35
29 31 579.681
29 32 563.719
29 33 550.699
29 34 539.949
29 35 531.065
29 36 523.677
29 37 517.508
29 38 512.375
29 39 508.099
29 40 504.549
29 41 501.634
29 42 499.24
29 43 497.312
29 44 495.764
29 45 494.553
29 46 493.623
29 47 492.941
29 48 492.473
29 49 492.202
29 50 492.112
29 51 492.202
29 52 492.473
29 53 492.941
29 54 493.623
29 55 494.553
29 56 495.764
29 57 497.312
29 58 499.24
29 59 501.634
29 60 504.549
29 61 508.099
29 62 512.375
29 63 517.508
29 64 523.677
29 65 531.065
29 66 539.949
29 67 550.699
29 68 563.719
29 69 579.681
29 70 599.35
29 71 623.848
29 72 654.504
29 73 693.137
29 74 741.868
29 75 803.356
29 76 880.601
29 77 976.986
29 78 1096.02
29 79 1241.13
29 80 1415.27
29 81 1620.45
29 82 1857.18
29 83 2123.9
29 84 2416.35
29 85 2727.21
29 86 3045.69
29 87 3357.67
29 88 3645.92
29 89 3890.92
29 90 4071.98
