0 0 0
0 1 0
0 2 0
0 3 0
0 4 0
0 5 0
0 6 0
0 7 0
0 8 0
0 9 0
0 10 0
0 11 0
0 12 0
0 13 0
0 14 0
0 15 0
0 16 0
0 17 0
0 18 0
0 19 0
0 20 0
0 21 0
0 22 0
0 23 0
0 24 0
0 25 0
0 26 0
0 27 0
0 28 0
0 29 0
0 30 0
0 31 0
0 32 0
0 33 0
0 34 0
0 35 0
0 36 0
0 37 0
0 38 0
0 39 0
0 40 0
0 41 0
0 42 0
0 43 0
0 44 0
0 45 0
0 46 0
0 47 0
0 48 0
0 49 0
0 50 0
0 51 0
0 52 0
0 53 0
0 54 0
0 55 0
0 56 0
0 57 0
0 58 0
0 59 0
0 60 0
0 61 0
0 62 0
0 63 0
0 64 0
0 65 0
0 66 0
0 67 0
0 68 0
0 69 0
0 70 0
0 71 0
0 72 0
0 73 0
0 74 0
0 75 0
0 76 0
0 77 0
0 78 0
0 79 0
0 80 0
0 81 0
0 82 0
0 83 0
0 84 0
0 85 0
0 86 0
0 87 0
0 88 0
0 89 0
0 90 0
0 91 0
0 92 0
0 93 0
0 94 0
0 95 0
0 96 0
0 97 0
0 98 0
0 99 0
0 100 0

1 0 0
1 1 -28.4207
1 2 -57.2291
1 3 -86.8274
1 4 -117.464
1 5 -149.27
1 6 -182.269
1 7 -216.205
1 8 -250.687
1 9 -285.163
1 10 -318.87
1 11 -350.927
1 12 -380.378
1 13 -406.178
1 14 -427.341
1 15 -442.897
1 16 -452.05
1 17 -454.076
1 18 -448.494
1 19 -435.07
1 20 -413.701
1 21 -384.645
1 22 -348.287
1 23 -305.216
1 24 -256.228
1 25 -202.197
1 26 -144.138
1 27 -83.0587
1 28 -20.0264
1 29 43.9633
1 30 107.941
1 31 171.037
1 32 232.481
1 33 291.603
1 34 347.873
1 35 400.847
1 36 450.233
1 37 495.801
1 38 537.455
1 39 575.142
1 40 608.908
1 41 638.821
1 42 665.012
1 43 687.616
1 44 706.795
1 45 722.702
1 46 735.487
1 47 745.282
1 48 752.195
1 49 756.311
1 50 757.676
1 51 756.311
1 52 752.195
1 53 745.282
1 54 735.487
1 55 722.702
1 56 706.795
1 57 687.616
1 58 665.012
1 59 638.821
1 60 608.908
1 61 575.142
1 62 537.455
1 63 495.801
1 64 450.233
1 65 400.847
1 66 347.873
1 67 291.603
1 68 232.481
1 69 171.037
1 70 107.941
1 71 43.9633
1 72 -20.0264
1 73 -83.0587
1 74 -144.138
1 75 -202.197
1 76 -256.228
1 77 -305.216
1 78 -348.287
1 79 -384.645
1 80 -413.701
1 81 -435.07
1 82 -448.494
1 83 -454.076
1 84 -452.05
1 85 -442.897
1 86 -427.341
1 87 -406.178
1 88 -380.378
1 89 -350.927
1 90 -318.87
1 91 -285.163
1 92 -250.687
1 93 -216.205
1 94 -182.269
1 95 -149.27
1 96 -117.464
1 97 -86.8274
1 98 -57.2291
1 99 -28.4207
1 100 0

2 0 0
2 1 -57.2291
2 2 -115.212
2 3 -174.676
2 4 -236.067
2 5 -299.611
2 6 -365.257
2 7 -432.537
2 8 -500.635
2 9 -568.445
2 10 -634.411
2 11 -696.832
2 12 -753.802
2 13 -803.367
2 14 -843.535
2 15 -872.479
2 16 -888.633
2 17 -890.769
2 18 -877.934
2 19 -849.656
2 20 -806.006
2 21 -747.386
2 22 -674.643
2 23 -589.034
2 24 -492.074
2 25 -385.549
2 26 -271.416
2 27 -151.674
2 28 -28.3701
2 29 96.5469
2 30 221.227
2 31 343.991
2 32 463.374
2 33 578.1
2 34 687.165
2 35 789.743
2 36 885.281
2 37 973.367
2 38 1053.83
2 39 1126.58
2 40 1191.73
2 41 1249.42
2 42 1299.91
2 43 1343.47
2 44 1380.42
2 45 1411.06
2 46 1435.68
2 47 1454.55
2 48 1467.86
2 49 1475.78
2 50 1478.41
2 51 1475.78
2 52 1467.86
2 53 1454.55
2 54 1435.68
2 55 1411.06
2 56 1380.42
2 57 1343.47
2 58 1299.91
2 59 1249.42
2 60 1191.73
2 61 1126.58
2 62 1053.83
2 63 973.367
2 64 885.281
2 65 789.743
2 66 687.165
2 67 578.1
2 68 463.374
2 69 343.991
2 70 221.227
2 71 96.5469
2 72 -28.3701
2 73 -151.674
2 74 -271.416
2 75 -385.549
2 76 -492.074
2 77 -589.034
2 78 -674.643
2 79 -747.386
2 80 -806.006
2 81 -849.656
2 82 -877.934
2 83 -890.769
2 84 -888.633
2 85 -872.479
2 86 -843.535
2 87 -803.367
2 88 -753.802
2 89 -696.832
2 90 -634.411
2 91 -568.445
2 92 -500.635
2 93 -432.537
2 94 -365.257
2 95 -299.611
2 96 -236.067
2 97 -174.676
2 98 -115.212
2 99 -57.2291
2 100 0

3 0 0
3 1 -86.8274
3 2 -174.676
3 3 -264.439
3 4 -356.739
3 5 -451.804
3 6 -549.444
3 7 -648.891
3 8 -748.908
3 9 -847.721
3 10 -943.15
3 11 -1032.63
3 12 -1113.44
3 13 -1182.7
3 14 -1237.69
3 15 -1275.84
3 16 -1295.04
3 17 -1293.55
3 18 -1270.24
3 19 -1224.69
3 20 -1156.95
3 21 -1067.9
3 22 -958.9
3 23 -831.798
3 24 -688.949
3 25 -532.942
3 26 -366.631
3 27 -192.911
3 28 -14.694
3 29 165.25
3 30 344.319
3 31 520.175
3 32 690.771
3 33 854.378
3 34 1009.6
3 35 1155.36
3 36 1290.89
3 37 1415.7
3 38 1529.56
3 39 1632.42
3 40 1724.42
3 41 1805.85
3 42 1877.06
3 43 1938.47
3 44 1990.53
3 45 2033.68
3 46 2068.35
3 47 2094.91
3 48 2113.64
3 49 2124.79
3 50 2128.49
3 51 2124.79
3 52 2113.64
3 53 2094.91
3 54 2068.35
3 55 2033.68
3 56 1990.53
3 57 1938.47
3 58 1877.06
3 59 1805.85
3 60 1724.42
3 61 1632.42
3 62 1529.56
3 63 1415.7
3 64 1290.89
3 65 1155.36
3 66 1009.6
3 67 854.378
3 68 690.771
3 69 520.175
3 70 344.319
3 71 165.25
3 72 -14.694
3 73 -192.911
3 74 -366.631
3 75 -532.942
3 76 -688.949
3 77 -831.798
3 78 -958.9
3 79 -1067.9
3 80 -1156.95
3 81 -1224.69
3 82 -1270.24
3 83 -1293.55
3 84 -1295.04
3 85 -1275.84
3 86 -1237.69
3 87 -1182.7
3 88 -1113.44
3 89 -1032.63
3 90 -943.15
3 91 -847.721
3 92 -748.908
3 93 -648.891
3 94 -549.444
3 95 -451.804
3 96 -356.739
3 97 -264.439
3 98 -174.676
3 99 -86.8274
3 100 0

4 0 0
4 1 -117.464
4 2 -236.067
4 3 -356.739
4 4 -480.104
4 5 -606.316
4 6 -734.867
4 7 -864.707
4 8 -994.049
4 9 -1120.54
4 10 -1241.3
4 11 -1353.1
4 12 -1452.38
4 13 -1535.68
4 14 -1599.59
4 15 -1641.15
4 16 -1657.77
4 17 -1647.62
4 18 -1609.59
4 19 -1543.31
4 20 -1449.35
4 21 -1328.9
4 22 -1184
4 23 -1017.22
4 24 -831.6
4 25 -630.583
4 26 -417.738
4 27 -196.767
4 28 28.7555
4 29 255.387
4 30 479.989
4 31 699.735
4 32 912.194
4 33 1115.34
4 34 1307.55
4 35 1487.61
4 36 1654.67
4 37 1808.23
4 38 1948.06
4 39 2074.21
4 40 2186.9
4 41 2286.53
4 42 2373.57
4 43 2448.57
4 44 2512.12
4 45 2564.77
4 46 2607.05
4 47 2639.42
4 48 2662.26
4 49 2675.85
4 50 2680.36
4 51 2675.85
4 52 2662.26
4 53 2639.42
4 54 2607.05
4 55 2564.77
4 56 2512.12
4 57 2448.57
4 58 2373.57
4 59 2286.53
4 60 2186.9
4 61 2074.21
4 62 1948.06
4 63 1808.23
4 64 1654.67
4 65 1487.61
4 66 1307.55
4 67 1115.34
4 68 912.194
4 69 699.735
4 70 479.989
4 71 255.387
4 72 28.7555
4 73 -196.767
4 74 -417.738
4 75 -630.583
4 76 -831.6
4 77 -1017.22
4 78 -1184
4 79 -1328.9
4 80 -1449.35
4 81 -1543.31
4 82 -1609.59
4 83 -1647.62
4 84 -1657.77
4 85 -1641.15
4 86 -1599.59
4 87 -1535.68
4 88 -1452.38
4 89 -1353.1
4 90 -1241.3
4 91 -1120.54
4 92 -994.049
4 93 -864.707
4 94 -734.867
4 95 -606.316
4 96 -480.104
4 97 -356.739
4 98 -236.067
4 99 -117.464
4 100 0

5 0 0
5 1 -149.27
5 2 -299.611
5 3 -451.804
5 4 -606.316
5 5 -762.986
5 6 -920.976
5 7 -1078.75
5 8 -1234.07
5 9 -1383.88
5 10 -1524.78
5 11 -1652.82
5 12 -1763.99
5 13 -1854.28
5 14 -1920
5 15 -1957.86
5 16 -1965.3
5 17 -1940.6
5 18 -1882.89
5 19 -1792.27
5 20 -1669.74
5 21 -1517.23
5 22 -1337.38
5 23 -1133.5
5 24 -909.385
5 25 -669.104
5 26 -416.918
5 27 -157.072
5 28 106.339
5 29 369.473
5 30 628.839
5 31 881.384
5 32 1124.48
5 33 1356.01
5 34 1574.29
5 35 1778.15
5 36 1966.73
5 37 2139.64
5 38 2296.75
5 39 2438.21
5 40 2564.36
5 41 2675.72
5 42 2772.9
5 43 2856.55
5 44 2927.37
5 45 2986
5 46 3033.06
5 47 3069.07
5 48 3094.48
5 49 3109.59
5 50 3114.6
5 51 3109.59
5 52 3094.48
5 53 3069.07
5 54 3033.06
5 55 2986
5 56 2927.37
5 57 2856.55
5 58 2772.9
5 59 2675.72
5 60 2564.36
5 61 2438.21
5 62 2296.75
5 63 2139.64
5 64 1966.73
5 65 1778.15
5 66 1574.29
5 67 1356.01
5 68 1124.48
5 69 881.384
5 70 628.839
5 71 369.473
5 72 106.339
5 73 -157.072
5 74 -416.918
5 75 -669.104
5 76 -909.385
5 77 -1133.5
5 78 -1337.38
5 79 -1517.23
5 80 -1669.74
5 81 -1792.27
5 82 -1882.89
5 83 -1940.6
5 84 -1965.3
5 85 -1957.86
5 86 -1920
5 87 -1854.28
5 88 -1763.99
5 89 -1652.82
5 90 -1524.78
5 91 -1383.88
5 92 -1234.07
5 93 -1078.75
5 94 -920.976
5 95 -762.986
5 96 -606.316
5 97 -451.804
5 98 -299.611
5 99 -149.27
5 100 0

6 0 0
6 1 -182.269
6 2 -365.257
6 3 -549.444
6 4 -734.867
6 5 -920.976
6 6 -1106.41
6 7 -1289.13
6 8 -1466.24
6 9 -1634.22
6 10 -1789.04
6 11 -1926.42
6 12 -2041.86
6 13 -2131.26
6 14 -2190.74
6 15 -2217.27
6 16 -2208.5
6 17 -2163.07
6 18 -2080.75
6 19 -1962.27
6 20 -1809.37
6 21 -1624.66
6 22 -1411.62
6 23 -1174.21
6 24 -916.865
6 25 -644.278
6 26 -361.109
6 27 -72.017
6 28 218.666
6 29 506.908
6 30 789.152
6 31 1062.32
6 32 1323.84
6 33 1571.7
6 34 1804.34
6 35 2020.72
6 36 2220.2
6 37 2402.51
6 38 2567.69
6 39 2716.05
6 40 2848.09
6 41 2964.42
6 42 3065.79
6 43 3152.93
6 44 3226.62
6 45 3287.58
6 46 3336.48
6 47 3373.87
6 48 3400.25
6 49 3415.93
6 50 3421.14
6 51 3415.93
6 52 3400.25
6 53 3373.87
6 54 3336.48
6 55 3287.58
6 56 3226.62
6 57 3152.93
6 58 3065.79
6 59 2964.42
6 60 2848.09
6 61 2716.05
6 62 2567.69
6 63 2402.51
6 64 2220.2
6 65 2020.72
6 66 1804.34
6 67 1571.7
6 68 1323.84
6 69 1062.32
6 70 789.152
6 71 506.908
6 72 218.666
6 73 -72.017
6 74 -361.109
6 75 -644.278
6 76 -916.865
6 77 -1174.21
6 78 -1411.62
6 79 -1624.66
6 80 -1809.37
6 81 -1962.27
6 82 -2080.75
6 83 -2163.07
6 84 -2208.5
6 85 -2217.27
6 86 -2190.74
6 87 -2131.26
6 88 -2041.86
6 89 -1926.42
6 90 -1789.04
6 91 -1634.22
6 92 -1466.24
6 93 -1289.13
6 94 -1106.41
6 95 -920.976
6 96 -734.867
6 97 -549.444
6 98 -365.257
6 99 -182.269
6 100 0

7 0 0
7 1 -216.205
7 2 -432.537
7 3 -648.891
7 4 -864.707
7 5 -1078.75
7 6 -1289.13
7 7 -1493.08
7 8 -1687.2
7 9 -1867.43
7 10 -2029.39
7 11 -2168.42
7 12 -2280.11
7 13 -2360.24
7 14 -2405.39
7 15 -2412.83
7 16 -2380.88
7 17 -2308.99
7 18 -2197.66
7 19 -2048.54
7 20 -1864.23
7 21 -1648.25
7 22 -1404.72
7 23 -1138.36
7 24 -854.127
7 25 -557.052
7 26 -252.158
7 27 55.8573
7 28 362.575
7 29 664.093
7 30 956.989
7 31 1238.42
7 32 1506.09
7 33 1758.24
7 34 1993.64
7 35 2211.51
7 36 2411.47
7 37 2593.51
7 38 2757.88
7 39 2905.06
7 40 3035.69
7 41 3150.53
7 42 3250.4
7 43 3336.13
7 44 3408.52
7 45 3468.35
7 46 3516.29
7 47 3552.94
7 48 3578.77
7 49 3594.13
7 50 3599.23
7 51 3594.13
7 52 3578.77
7 53 3552.94
7 54 3516.29
7 55 3468.35
7 56 3408.52
7 57 3336.13
7 58 3250.4
7 59 3150.53
7 60 3035.69
7 61 2905.06
7 62 2757.88
7 63 2593.51
7 64 2411.47
7 65 2211.51
7 66 1993.64
7 67 1758.24
7 68 1506.09
7 69 1238.42
7 70 956.989
7 71 664.093
7 72 362.575
7 73 55.8573
7 74 -252.158
7 75 -557.052
7 76 -854.127
7 77 -1138.36
7 78 -1404.72
7 79 -1648.25
7 80 -1864.23
7 81 -2048.54
7 82 -2197.66
7 83 -2308.99
7 84 -2380.88
7 85 -2412.83
7 86 -2405.39
7 87 -2360.24
7 88 -2280.11
7 89 -2168.42
7 90 -2029.39
7 91 -1867.43
7 92 -1687.2
7 93 -1493.08
7 94 -1289.13
7 95 -1078.75
7 96 -864.707
7 97 -648.891
7 98 -432.537
7 99 -216.205
7 100 0

8 0 0
8 1 -250.687
8 2 -500.635
8 3 -748.908
8 4 -994.049
8 5 -1234.07
8 6 -1466.24
8 7 -1687.2
8 8 -1892.92
8 9 -2079.07
8 10 -2240.86
8 11 -2373.76
8 12 -2473.41
8 13 -2536.17
8 14 -2559.08
8 15 -2540.27
8 16 -2479.03
8 17 -2375.8
8 18 -2232.15
8 19 -2050.8
8 20 -1835.31
8 21 -1590.06
8 22 -1319.98
8 23 -1030.23
8 24 -726.233
8 25 -413.219
8 26 -96.2005
8 27 220.167
8 28 531.754
8 29 834.937
8 30 1126.73
8 31 1404.68
8 32 1666.98
8 33 1912.27
8 34 2139.79
8 35 2349.09
8 36 2540.17
8 37 2713.28
8 38 2868.93
8 39 3007.77
8 40 3130.61
8 41 3238.3
8 42 3331.73
8 43 3411.77
8 44 3479.25
8 45 3534.95
8 46 3579.54
8 47 3613.61
8 48 3637.6
8 49 3651.87
8 50 3656.59
8 51 3651.87
8 52 3637.6
8 53 3613.61
8 54 3579.54
8 55 3534.95
8 56 3479.25
8 57 3411.77
8 58 3331.73
8 59 3238.3
8 60 3130.61
8 61 3007.77
8 62 2868.93
8 63 2713.28
8 64 2540.17
8 65 2349.09
8 66 2139.79
8 67 1912.27
8 68 1666.98
8 69 1404.68
8 70 1126.73
8 71 834.937
8 72 531.754
8 73 220.167
8 74 -96.2005
8 75 -413.219
8 76 -726.233
8 77 -1030.23
8 78 -1319.98
8 79 -1590.06
8 80 -1835.31
8 81 -2050.8
8 82 -2232.15
8 83 -2375.8
8 84 -2479.03
8 85 -2540.27
8 86 -2559.08
8 87 -2536.17
8 88 -2473.41
8 89 -2373.76
8 90 -2240.86
8 91 -2079.07
8 92 -1892.92
8 93 -1687.2
8 94 -1466.24
8 95 -1234.07
8 96 -994.049
8 97 -748.908
8 98 -500.635
8 99 -250.687
8 100 0

9 0 0
9 1 -285.163
9 2 -568.445
9 3 -847.721
9 4 -1120.54
9 5 -1383.88
9 6 -1634.22
9 7 -1867.43
9 8 -2079.07
9 9 -2264.38
9 10 -2418.73
9 11 -2537.67
9 12 -2617.56
9 13 -2655.28
9 14 -2648.95
9 15 -2597.84
9 16 -2502.46
9 17 -2364.46
9 18 -2186.69
9 19 -1972.99
9 20 -1728.01
9 21 -1456.9
9 22 -1165.21
9 23 -858.587
9 24 -542.564
9 25 -222.381
9 26 97.0985
9 27 411.64
9 28 717.508
9 29 1011.67
9 30 1291.69
9 31 1555.75
9 32 1802.6
9 33 2031.48
9 34 2242.07
9 35 2434.41
9 36 2608.85
9 37 2765.97
9 38 2906.48
9 39 3031.27
9 40 3141.21
9 41 3237.28
9 42 3320.37
9 43 3391.4
9 44 3451.15
9 45 3500.4
9 46 3539.78
9 47 3569.84
9 48 3590.99
9 49 3603.56
9 50 3607.72
9 51 3603.56
9 52 3590.99
9 53 3569.84
9 54 3539.78
9 55 3500.4
9 56 3451.15
9 57 3391.4
9 58 3320.37
9 59 3237.28
9 60 3141.21
9 61 3031.27
9 62 2906.48
9 63 2765.97
9 64 2608.85
9 65 2434.41
9 66 2242.07
9 67 2031.48
9 68 1802.6
9 69 1555.75
9 70 1291.69
9 71 1011.67
9 72 717.508
9 73 411.64
9 74 97.0985
9 75 -222.381
9 76 -542.564
9 77 -858.587
9 78 -1165.21
9 79 -1456.9
9 80 -1728.01
9 81 -1972.99
9 82 -2186.69
9 83 -2364.46
9 84 -2502.46
9 85 -2597.84
9 86 -2648.95
9 87 -2655.28
9 88 -2617.56
9 89 -2537.67
9 90 -2418.73
9 91 -2264.38
9 92 -2079.07
9 93 -1867.43
9 94 -1634.22
9 95 -1383.88
9 96 -1120.54
9 97 -847.721
9 98 -568.445
9 99 -285.163
9 100 0

10 0 0
10 1 -318.87
10 2 -634.411
10 3 -943.15
10 4 -1241.3
10 5 -1524.78
10 6 -1789.04
10 7 -2029.39
10 8 -2240.86
10 9 -2418.73
10 10 -2558.46
10 11 -2656.33
10 12 -2709.28
10 13 -2715.47
10 14 -2674.26
10 15 -2586.31
10 16 -2453.53
10 17 -2279.11
10 18 -2067.18
10 19 -1822.77
10 20 -1551.46
10 21 -1259.2
10 22 -951.955
10 23 -635.57
10 24 -315.588
10 25 3.00178
10 26 315.816
10 27 619.09
10 28 909.846
10 29 1185.69
10 30 1444.98
10 31 1686.56
10 32 1909.89
10 33 2114.8
10 34 2301.52
10 35 2470.55
10 36 2622.62
10 37 2758.58
10 38 2879.39
10 39 2986.04
10 40 3079.55
10 41 3160.89
10 42 3231
10 43 3290.73
10 44 3340.88
10 45 3382.11
10 46 3415.04
10 47 3440.14
10 48 3457.8
10 49 3468.28
10 50 3471.76
10 51 3468.28
10 52 3457.8
10 53 3440.14
10 54 3415.04
10 55 3382.11
10 56 3340.88
10 57 3290.73
10 58 3231
10 59 3160.89
10 60 3079.55
10 61 2986.04
10 62 2879.39
10 63 2758.58
10 64 2622.62
10 65 2470.55
10 66 2301.52
10 67 2114.8
10 68 1909.89
10 69 1686.56
10 70 1444.98
10 71 1185.69
10 72 909.846
10 73 619.09
10 74 315.816
10 75 3.00178
10 76 -315.588
10 77 -635.57
10 78 -951.955
10 79 -1259.2
10 80 -1551.46
10 81 -1822.77
10 82 -2067.18
10 83 -2279.11
10 84 -2453.53
10 85 -2586.31
10 86 -2674.26
10 87 -2715.47
10 88 -2709.28
10 89 -2656.33
10 90 -2558.46
10 91 -2418.73
10 92 -2240.86
10 93 -2029.39
10 94 -1789.04
10 95 -1524.78
10 96 -1241.3
10 97 -943.15
10 98 -634.411
10 99 -318.87
10 100 0

11 0 0
11 1 -350.927
11 2 -696.832
11 3 -1032.63
11 4 -1353.1
11 5 -1652.82
11 6 -1926.42
11 7 -2168.42
11 8 -2373.76
11 9 -2537.67
11 10 -2656.33
11 11 -2726.64
11 12 -2746.78
11 13 -2716.36
11 14 -2636.26
11 15 -2508.71
11 16 -2337.35
11 17 -2126.75
11 18 -1882.5
11 19 -1610.67
11 20 -1317.73
11 21 -1010.12
11 22 -694.106
11 23 -375.531
11 24 -59.5819
11 25 249.156
11 26 546.94
11 27 830.816
11 28 1098.52
11 29 1348.61
11 30 1580.15
11 31 1792.87
11 32 1986.82
11 33 2162.54
11 34 2320.73
11 35 2462.35
11 36 2588.44
11 37 2700.13
11 38 2798.54
11 39 2884.76
11 40 2959.86
11 41 3024.83
11 42 3080.55
11 43 3127.84
11 44 3167.41
11 45 3199.86
11 46 3225.73
11 47 3245.42
11 48 3259.25
11 49 3267.46
11 50 3270.18
11 51 3267.46
11 52 3259.25
11 53 3245.42
11 54 3225.73
11 55 3199.86
11 56 3167.41
11 57 3127.84
11 58 3080.55
11 59 3024.83
11 60 2959.86
11 61 2884.76
11 62 2798.54
11 63 2700.13
11 64 2588.44
11 65 2462.35
11 66 2320.73
11 67 2162.54
11 68 1986.82
11 69 1792.87
11 70 1580.15
11 71 1348.61
11 72 1098.52
11 73 830.816
11 74 546.94
11 75 249.156
11 76 -59.5819
11 77 -375.531
11 78 -694.106
11 79 -1010.12
11 80 -1317.73
11 81 -1610.67
11 82 -1882.5
11 83 -2126.75
11 84 -2337.35
11 85 -2508.71
11 86 -2636.26
11 87 -2716.36
11 88 -2746.78
11 89 -2726.64
11 90 -2656.33
11 91 -2537.67
11 92 -2373.76
11 93 -2168.42
11 94 -1926.42
11 95 -1652.82
11 96 -1353.1
11 97 -1032.63
11 98 -696.832
11 99 -350.927
11 100 0

12 0 0
12 1 -380.378
12 2 -753.802
12 3 -1113.44
12 4 -1452.38
12 5 -1763.99
12 6 -2041.86
12 7 -2280.11
12 8 -2473.41
12 9 -2617.56
12 10 -2709.28
12 11 -2746.78
12 12 -2729.72
12 13 -2659.3
12 14 -2538.15
12 15 -2370.34
12 16 -2161.11
12 17 -1916.64
12 18 -1643.67
12 19 -1349.3
12 20 -1040.59
12 21 -724.376
12 22 -406.842
12 23 -93.5833
12 24 210.678
12 25 502.111
12 26 777.758
12 27 1035.53
12 28 1274.14
12 29 1492.97
12 30 1692
12 31 1871.66
12 32 2032.76
12 33 2176.34
12 34 2303.63
12 35 2415.92
12 36 2514.54
12 37 2600.78
12 38 2675.91
12 39 2741.04
12 40 2797.27
12 41 2845.5
12 42 2886.62
12 43 2921.29
12 44 2950.19
12 45 2973.79
12 46 2992.57
12 47 3006.81
12 48 3016.82
12 49 3022.74
12 50 3024.72
12 51 3022.74
12 52 3016.82
12 53 3006.81
12 54 2992.57
12 55 2973.79
12 56 2950.19
12 57 2921.29
12 58 2886.62
12 59 2845.5
12 60 2797.27
12 61 2741.04
12 62 2675.91
12 63 2600.78
12 64 2514.54
12 65 2415.92
12 66 2303.63
12 67 2176.34
12 68 2032.76
12 69 1871.66
12 70 1692
12 71 1492.97
12 72 1274.14
12 73 1035.53
12 74 777.758
12 75 502.111
12 76 210.678
12 77 -93.5833
12 78 -406.842
12 79 -724.376
12 80 -1040.59
12 81 -1349.3
12 82 -1643.67
12 83 -1916.64
12 84 -2161.11
12 85 -2370.34
12 86 -2538.15
12 87 -2659.3
12 88 -2729.72
12 89 -2746.78
12 90 -2709.28
12 91 -2617.56
12 92 -2473.41
12 93 -2280.11
12 94 -2041.86
12 95 -1763.99
12 96 -1452.38
12 97 -1113.44
12 98 -753.802
12 99 -380.378
12 100 0

13 0 0
13 1 -406.178
13 2 -803.367
13 3 -1182.7
13 4 -1535.68
13 5 -1854.28
13 6 -2131.26
13 7 -2360.24
13 8 -2536.17
13 9 -2655.28
13 10 -2715.47
13 11 -2716.36
13 12 -2659.3
13 13 -2547.3
13 14 -2385
13 15 -2178.2
13 16 -1933.88
13 17 -1659.53
13 18 -1363.09
13 19 -1052.31
13 20 -734.684
13 21 -417.014
13 22 -105.322
13 23 195.395
13 24 481.138
13 25 748.904
13 26 996.71
13 27 1223.46
13 28 1428.76
13 29 1612.98
13 30 1776.84
13 31 1921.55
13 32 2048.46
13 33 2159.16
13 34 2255.22
13 35 2338.23
13 36 2409.69
13 37 2471.03
13 38 2523.53
13 39 2568.33
13 40 2606.43
13 41 2638.72
13 42 2665.93
13 43 2688.69
13 44 2707.49
13 45 2722.78
13 46 2734.86
13 47 2744.02
13 48 2750.42
13 49 2754.21
13 50 2755.47
13 51 2754.21
13 52 2750.42
13 53 2744.02
13 54 2734.86
13 55 2722.78
13 56 2707.49
13 57 2688.69
13 58 2665.93
13 59 2638.72
13 60 2606.43
13 61 2568.33
13 62 2523.53
13 63 2471.03
13 64 2409.69
13 65 2338.23
13 66 2255.22
13 67 2159.16
13 68 2048.46
13 69 1921.55
13 70 1776.84
13 71 1612.98
13 72 1428.76
13 73 1223.46
13 74 996.71
13 75 748.904
13 76 481.138
13 77 195.395
13 78 -105.322
13 79 -417.014
13 80 -734.684
13 81 -1052.31
13 82 -1363.09
13 83 -1659.53
13 84 -1933.88
13 85 -2178.2
13 86 -2385
13 87 -2547.3
13 88 -2659.3
13 89 -2716.36
13 90 -2715.47
13 91 -2655.28
13 92 -2536.17
13 93 -2360.24
13 94 -2131.26
13 95 -1854.28
13 96 -1535.68
13 97 -1182.7
13 98 -803.367
13 99 -406.178
13 100 0

14 0 0
14 1 -427.341
14 2 -843.535
14 3 -1237.69
14 4 -1599.59
14 5 -1920
14 6 -2190.74
14 7 -2405.39
14 8 -2559.08
14 9 -2648.95
14 10 -2674.26
14 11 -2636.26
14 12 -2538.15
14 13 -2385
14 14 -2183.29
14 15 -1940.77
14 16 -1665.81
14 17 -1367.25
14 18 -1053.73
14 19 -733.588
14 20 -414.326
14 21 -102.533
14 22 196.338
14 23 478.002
14 24 739.373
14 25 978.49
14 26 1194.36
14 27 1386.86
14 28 1556.64
14 29 1704.78
14 30 1832.88
14 31 1942.64
14 32 2036.01
14 33 2114.87
14 34 2181.13
14 35 2236.5
14 36 2282.63
14 37 2320.93
14 38 2352.68
14 39 2378.95
14 40 2400.68
14 41 2418.61
14 42 2433.37
14 43 2445.47
14 44 2455.31
14 45 2463.2
14 46 2469.37
14 47 2474.01
14 48 2477.24
14 49 2479.14
14 50 2479.77
14 51 2479.14
14 52 2477.24
14 53 2474.01
14 54 2469.37
14 55 2463.2
14 56 2455.31
14 57 2445.47
14 58 2433.37
14 59 2418.61
14 60 2400.68
14 61 2378.95
14 62 2352.68
14 63 2320.93
14 64 2282.63
14 65 2236.5
14 66 2181.13
14 67 2114.87
14 68 2036.01
14 69 1942.64
14 70 1832.88
14 71 1704.78
14 72 1556.64
14 73 1386.86
14 74 1194.36
14 75 978.49
14 76 739.373
14 77 478.002
14 78 196.338
14 79 -102.533
14 80 -414.326
14 81 -733.588
14 82 -1053.73
14 83 -1367.25
14 84 -1665.81
14 85 -1940.77
14 86 -2183.29
14 87 -2385
14 88 -2538.15
14 89 -2636.26
14 90 -2674.26
14 91 -2648.95
14 92 -2559.08
14 93 -2405.39
14 94 -2190.74
14 95 -1920
14 96 -1599.59
14 97 -1237.69
14 98 -843.535
14 99 -427.341
14 100 0

15 0 0
15 1 -442.897
15 2 -872.479
15 3 -1275.84
15 4 -1641.15
15 5 -1957.86
15 6 -2217.27
15 7 -2412.83
15 8 -2540.27
15 9 -2597.84
15 10 -2586.31
15 11 -2508.71
15 12 -2370.34
15 13 -2178.2
15 14 -1940.77
15 15 -1667.36
15 16 -1367.76
15 17 -1051.68
15 18 -728.437
15 19 -406.36
15 20 -92.844
15 21 206.123
15 22 485.795
15 23 742.898
15 24 975.359
15 25 1182.26
15 26 1363.71
15 27 1520.54
15 28 1654.24
15 29 1766.71
15 30 1860.07
15 31 1936.61
15 32 1998.56
15 33 2048.12
15 34 2087.27
15 35 2117.88
15 36 2141.51
15 37 2159.6
15 38 2173.28
15 39 2183.59
15 40 2191.25
15 41 2196.96
15 42 2201.16
15 43 2204.28
15 44 2206.56
15 45 2208.25
15 46 2209.46
15 47 2210.33
15 48 2210.9
15 49 2211.24
15 50 2211.34
15 51 2211.24
15 52 2210.9
15 53 2210.33
15 54 2209.46
15 55 2208.25
15 56 2206.56
15 57 2204.28
15 58 2201.16
15 59 2196.96
15 60 2191.25
15 61 2183.59
15 62 2173.28
15 63 2159.6
15 64 2141.51
15 65 2117.88
15 66 2087.27
15 67 2048.12
15 68 1998.56
15 69 1936.61
15 70 1860.07
15 71 1766.71
15 72 1654.24
15 73 1520.54
15 74 1363.71
15 75 1182.26
15 76 975.359
15 77 742.898
15 78 485.795
15 79 206.123
15 80 -92.844
15 81 -406.36
15 82 -728.437
15 83 -1051.68
15 84 -1367.76
15 85 -1667.36
15 86 -1940.77
15 87 -2178.2
15 88 -2370.34
15 89 -2508.71
15 90 -2586.31
15 91 -2597.84
15 92 -2540.27
15 93 -2412.83
15 94 -2217.27
15 95 -1957.86
15 96 -1641.15
15 97 -1275.84
15 98 -872.479
15 99 -442.897
15 100 0

16 0 0
16 1 -452.05
16 2 -888.633
16 3 -1295.04
16 4 -1657.77
16 5 -1965.3
16 6 -2208.5
16 7 -2380.88
16 8 -2479.03
16 9 -2502.46
16 10 -2453.53
16 11 -2337.35
16 12 -2161.11
16 13 -1933.88
16 14 -1665.81
16 15 -1367.76
16 16 -1050.52
16 17 -724.477
16 18 -399.086
16 19 -82.6273
16 20 218.151
16 21 497.96
16 22 753.111
16 23 981.311
16 24 1181.68
16 25 1354.37
16 26 1500.47
16 27 1621.74
16 28 1720.42
16 29 1798.99
16 30 1860.11
16 31 1906.33
16 32 1940.17
16 33 1963.88
16 34 1979.54
16 35 1988.93
16 36 1993.59
16 37 1994.78
16 38 1993.57
16 39 1990.77
16 40 1987.04
16 41 1982.87
16 42 1978.63
16 43 1974.57
16 44 1970.87
16 45 1967.63
16 46 1964.94
16 47 1962.82
16 48 1961.31
16 49 1960.39
16 50 1960.1
16 51 1960.39
16 52 1961.31
16 53 1962.82
16 54 1964.94
16 55 1967.63
16 56 1970.87
16 57 1974.57
16 58 1978.63
16 59 1982.87
16 60 1987.04
16 61 1990.77
16 62 1993.57
16 63 1994.78
16 64 1993.59
16 65 1988.93
16 66 1979.54
16 67 1963.88
16 68 1940.17
16 69 1906.33
16 70 1860.11
16 71 1798.99
16 72 1720.42
16 73 1621.74
16 74 1500.47
16 75 1354.37
16 76 1181.68
16 77 981.311
16 78 753.111
16 79 497.96
16 80 218.151
16 81 -82.6273
16 82 -399.086
16 83 -724.477
16 84 -1050.52
16 85 -1367.76
16 86 -1665.81
16 87 -1933.88
16 88 -2161.11
16 89 -2337.35
16 90 -2453.53
16 91 -2502.46
16 92 -2479.03
16 93 -2380.88
16 94 -2208.5
16 95 -1965.3
16 96 -1657.77
16 97 -1295.04
16 98 -888.633
16 99 -452.05
16 100 0

17 0 0
17 1 -454.076
17 2 -890.769
17 3 -1293.55
17 4 -1647.62
17 5 -1940.6
17 6 -2163.07
17 7 -2308.99
17 8 -2375.8
17 9 -2364.46
17 10 -2279.11
17 11 -2126.75
17 12 -1916.64
17 13 -1659.53
17 14 -1367.25
17 15 -1051.68
17 16 -724.477
17 17 -396.243
17 18 -76.3595
17 19 227.455
17 20 509.158
17 21 764.517
17 22 990.907
17 23 1187.27
17 24 1353.76
17 25 1491.64
17 26 1602.9
17 27 1690.07
17 28 1755.97
17 29 1803.61
17 30 1835.86
17 31 1855.57
17 32 1865.25
17 33 1867.2
17 34 1863.39
17 35 1855.5
17 36 1844.9
17 37 1832.74
17 38 1819.86
17 39 1806.95
17 40 1794.5
17 41 1782.85
17 42 1772.23
17 43 1762.81
17 44 1754.63
17 45 1747.75
17 46 1742.16
17 47 1737.85
17 48 1734.79
17 49 1732.97
17 50 1732.36
17 51 1732.97
17 52 1734.79
17 53 1737.85
17 54 1742.16
17 55 1747.75
17 56 1754.63
17 57 1762.81
17 58 1772.23
17 59 1782.85
17 60 1794.5
17 61 1806.95
17 62 1819.86
17 63 1832.74
17 64 1844.9
17 65 1855.5
17 66 1863.39
17 67 1867.2
17 68 1865.25
17 69 1855.57
17 70 1835.86
17 71 1803.61
17 72 1755.97
17 73 1690.07
17 74 1602.9
17 75 1491.64
17 76 1353.76
17 77 1187.27
17 78 990.907
17 79 764.517
17 80 509.158
17 81 227.455
17 82 -76.3595
17 83 -396.243
17 84 -724.477
17 85 -1051.68
17 86 -1367.25
17 87 -1659.53
17 88 -1916.64
17 89 -2126.75
17 90 -2279.11
17 91 -2364.46
17 92 -2375.8
17 93 -2308.99
17 94 -2163.07
17 95 -1940.6
17 96 -1647.62
17 97 -1293.55
17 98 -890.769
17 99 -454.076
17 100 0

18 0 0
18 1 -448.494
18 2 -877.934
18 3 -1270.24
18 4 -1609.59
18 5 -1882.89
18 6 -2080.75
18 7 -2197.66
18 8 -2232.15
18 9 -2186.69
18 10 -2067.18
18 11 -1882.5
18 12 -1643.67
18 13 -1363.09
18 14 -1053.73
18 15 -728.437
18 16 -399.086
18 17 -76.3595
18 18 230.922
18 19 515.697
18 20 773.037
18 21 999.782
18 22 1194.55
18 23 1357.4
18 24 1489.62
18 25 1593.39
18 26 1671.47
18 27 1727.06
18 28 1763.4
18 29 1783.74
18 30 1791.22
18 31 1788.58
18 32 1778.42
18 33 1762.82
18 34 1743.67
18 35 1722.4
18 36 1700.26
18 37 1678.12
18 38 1656.71
18 39 1636.48
18 40 1617.81
18 41 1600.88
18 42 1585.83
18 43 1572.67
18 44 1561.43
18 45 1552.05
18 46 1544.49
18 47 1538.68
18 48 1534.58
18 49 1532.13
18 50 1531.32
18 51 1532.13
18 52 1534.58
18 53 1538.68
18 54 1544.49
18 55 1552.05
18 56 1561.43
18 57 1572.67
18 58 1585.83
18 59 1600.88
18 60 1617.81
18 61 1636.48
18 62 1656.71
18 63 1678.12
18 64 1700.26
18 65 1722.4
18 66 1743.67
18 67 1762.82
18 68 1778.42
18 69 1788.58
18 70 1791.22
18 71 1783.74
18 72 1763.4
18 73 1727.06
18 74 1671.47
18 75 1593.39
18 76 1489.62
18 77 1357.4
18 78 1194.55
18 79 999.782
18 80 773.037
18 81 515.697
18 82 230.922
18 83 -76.3595
18 84 -399.086
18 85 -728.437
18 86 -1053.73
18 87 -1363.09
18 88 -1643.67
18 89 -1882.5
18 90 -2067.18
18 91 -2186.69
18 92 -2232.15
18 93 -2197.66
18 94 -2080.75
18 95 -1882.89
18 96 -1609.59
18 97 -1270.24
18 98 -877.934
18 99 -448.494
18 100 0

19 0 0
19 1 -435.07
19 2 -849.656
19 3 -1224.69
19 4 -1543.31
19 5 -1792.27
19 6 -1962.27
19 7 -2048.54
19 8 -2050.8
19 9 -1972.99
19 10 -1822.77
19 11 -1610.67
19 12 -1349.3
19 13 -1052.31
19 14 -733.588
19 15 -406.36
19 16 -82.6273
19 17 227.455
19 18 515.697
19 19 776.164
19 20 1004.95
19 21 1200.23
19 22 1361.76
19 23 1490.79
19 24 1589.51
19 25 1660.95
19 26 1708.52
19 27 1735.78
19 28 1746.32
19 29 1743.5
19 30 1730.41
19 31 1709.81
19 32 1684.02
19 33 1655.03
19 34 1624.42
19 35 1593.48
19 36 1563.13
19 37 1534.13
19 38 1506.93
19 39 1481.9
19 40 1459.19
19 41 1438.92
19 42 1421.07
19 43 1405.63
19 44 1392.49
19 45 1381.61
19 46 1372.84
19 47 1366.15
19 48 1361.4
19 49 1358.6
19 50 1357.65
19 51 1358.6
19 52 1361.4
19 53 1366.15
19 54 1372.84
19 55 1381.61
19 56 1392.49
19 57 1405.63
19 58 1421.07
19 59 1438.92
19 60 1459.19
19 61 1481.9
19 62 1506.93
19 63 1534.13
19 64 1563.13
19 65 1593.48
19 66 1624.42
19 67 1655.03
19 68 1684.02
19 69 1709.81
19 70 1730.41
19 71 1743.5
19 72 1746.32
19 73 1735.78
19 74 1708.52
19 75 1660.95
19 76 1589.51
19 77 1490.79
19 78 1361.76
19 79 1200.23
19 80 1004.95
19 81 776.164
19 82 515.697
19 83 227.455
19 84 -82.6273
19 85 -406.36
19 86 -733.588
19 87 -1052.31
19 88 -1349.3
19 89 -1610.67
19 90 -1822.77
19 91 -1972.99
19 92 -2050.8
19 93 -2048.54
19 94 -1962.27
19 95 -1792.27
19 96 -1543.31
19 97 -1224.69
19 98 -849.656
19 99 -435.07
19 100 0

20 0 0
20 1 -413.701
20 2 -806.006
20 3 -1156.95
20 4 -1449.35
20 5 -1669.74
20 6 -1809.37
20 7 -1864.23
20 8 -1835.31
20 9 -1728.01
20 10 -1551.46
20 11 -1317.73
20 12 -1040.59
20 13 -734.684
20 14 -414.326
20 15 -92.844
20 16 218.151
20 17 509.158
20 18 773.037
20 19 1004.95
20 20 1202.34
20 21 1364.52
20 22 1492.5
20 23 1588.45
20 24 1655.51
20 25 1697.24
20 26 1717.54
20 27 1720.27
20 28 1709.06
20 29 1687.28
20 30 1657.91
20 31 1623.46
20 32 1586.08
20 33 1547.44
20 34 1508.92
20 35 1471.49
20 36 1435.91
20 37 1402.64
20 38 1372.04
20 39 1344.24
20 40 1319.33
20 41 1297.27
20 42 1278
20 43 1261.39
20 44 1247.34
20 45 1235.71
20 46 1226.39
20 47 1219.25
20 48 1214.24
20 49 1211.24
20 50 1210.26
20 51 1211.24
20 52 1214.24
20 53 1219.25
20 54 1226.39
20 55 1235.71
20 56 1247.34
20 57 1261.39
20 58 1278
20 59 1297.27
20 60 1319.33
20 61 1344.24
20 62 1372.04
20 63 1402.64
20 64 1435.91
20 65 1471.49
20 66 1508.92
20 67 1547.44
20 68 1586.08
20 69 1623.46
20 70 1657.91
20 71 1687.28
20 72 1709.06
20 73 1720.27
20 74 1717.54
20 75 1697.24
20 76 1655.51
20 77 1588.45
20 78 1492.5
20 79 1364.52
20 80 1202.34
20 81 1004.95
20 82 773.037
20 83 509.158
20 84 218.151
20 85 -92.844
20 86 -414.326
20 87 -734.684
20 88 -1040.59
20 89 -1317.73
20 90 -1551.46
20 91 -1728.01
20 92 -1835.31
20 93 -1864.23
20 94 -1809.37
20 95 -1669.74
20 96 -1449.35
20 97 -1156.95
20 98 -806.006
20 99 -413.701
20 100 0

21 0 0
21 1 -384.645
21 2 -747.386
21 3 -1067.9
21 4 -1328.9
21 5 -1517.23
21 6 -1624.66
21 7 -1648.25
21 8 -1590.06
21 9 -1456.9
21 10 -1259.2
21 11 -1010.12
21 12 -724.376
21 13 -417.014
21 14 -102.533
21 15 206.123
21 16 497.96
21 17 764.517
21 18 999.782
21 19 1200.23
21 20 1364.52
21 21 1493.23
21 22 1588.38
21 23 1653.04
21 24 1690.95
21 25 1706.22
21 26 1702.93
21 27 1685.04
21 28 1656.18
21 29 1619.54
21 30 1577.83
21 31 1533.37
21 32 1487.93
21 33 1442.97
21 34 1399.51
21 35 1358.32
21 36 1319.88
21 37 1284.51
21 38 1252.36
21 39 1223.45
21 40 1197.73
21 41 1175.1
21 42 1155.42
21 43 1138.54
21 44 1124.29
21 45 1112.52
21 46 1103.09
21 47 1095.89
21 48 1090.82
21 49 1087.81
21 50 1086.81
21 51 1087.81
21 52 1090.82
21 53 1095.89
21 54 1103.09
21 55 1112.52
21 56 1124.29
21 57 1138.54
21 58 1155.42
21 59 1175.1
21 60 1197.73
21 61 1223.45
21 62 1252.36
21 63 1284.51
21 64 1319.88
21 65 1358.32
21 66 1399.51
21 67 1442.97
21 68 1487.93
21 69 1533.37
21 70 1577.83
21 71 1619.54
21 72 1656.18
21 73 1685.04
21 74 1702.93
21 75 1706.22
21 76 1690.95
21 77 1653.04
21 78 1588.38
21 79 1493.23
21 80 1364.52
21 81 1200.23
21 82 999.782
21 83 764.517
21 84 497.96
21 85 206.123
21 86 -102.533
21 87 -417.014
21 88 -724.376
21 89 -1010.12
21 90 -1259.2
21 91 -1456.9
21 92 -1590.06
21 93 -1648.25
21 94 -1624.66
21 95 -1517.23
21 96 -1328.9
21 97 -1067.9
21 98 -747.386
21 99 -384.645
21 100 0

22 0 0
22 1 -348.287
22 2 -674.643
22 3 -958.9
22 4 -1184
22 5 -1337.38
22 6 -1411.62
22 7 -1404.72
22 8 -1319.98
22 9 -1165.21
22 10 -951.955
22 11 -694.106
22 12 -406.842
22 13 -105.322
22 14 196.338
22 15 485.795
22 16 753.111
22 17 990.907
22 18 1194.55
22 19 1361.76
22 20 1492.5
22 21 1588.38
22 22 1652.35
22 23 1688.17
22 24 1700.08
22 25 1692.38
22 26 1669.31
22 27 1634.75
22 28 1592.12
22 29 1544.37
22 30 1493.93
22 31 1442.73
22 32 1392.31
22 33 1343.72
22 34 1297.79
22 35 1254.96
22 36 1215.59
22 37 1179.73
22 38 1147.45
22 39 1118.62
22 40 1093.15
22 41 1070.82
22 42 1051.49
22 43 1034.93
22 44 1021
22 45 1009.49
22 46 1000.3
22 47 993.271
22 48 988.333
22 49 985.387
22 50 984.419
22 51 985.387
22 52 988.333
22 53 993.271
22 54 1000.3
22 55 1009.49
22 56 1021
22 57 1034.93
22 58 1051.49
22 59 1070.82
22 60 1093.15
22 61 1118.62
22 62 1147.45
22 63 1179.73
22 64 1215.59
22 65 1254.96
22 66 1297.79
22 67 1343.72
22 68 1392.31
22 69 1442.73
22 70 1493.93
22 71 1544.37
22 72 1592.12
22 73 1634.75
22 74 1669.31
22 75 1692.38
22 76 1700.08
22 77 1688.17
22 78 1652.35
22 79 1588.38
22 80 1492.5
22 81 1361.76
22 82 1194.55
22 83 990.907
22 84 753.111
22 85 485.795
22 86 196.338
22 87 -105.322
22 88 -406.842
22 89 -694.106
22 90 -951.955
22 91 -1165.21
22 92 -1319.98
22 93 -1404.72
22 94 -1411.62
22 95 -1337.38
22 96 -1184
22 97 -958.9
22 98 -674.643
22 99 -348.287
22 100 0

23 0 0
23 1 -305.216
23 2 -589.034
23 3 -831.798
23 4 -1017.22
23 5 -1133.5
23 6 -1174.21
23 7 -1138.36
23 8 -1030.23
23 9 -858.587
23 10 -635.57
23 11 -375.531
23 12 -93.5833
23 13 195.395
23 14 478.002
23 15 742.898
23 16 981.311
23 17 1187.27
23 18 1357.4
23 19 1490.79
23 20 1588.45
23 21 1653.04
23 22 1688.17
23 23 1698.13
23 24 1687.41
23 25 1660.44
23 26 1621.34
23 27 1573.78
23 28 1520.97
23 29 1465.45
23 30 1409.33
23 31 1354.21
23 32 1301.22
23 33 1251.21
23 34 1204.64
23 35 1161.84
23 36 1122.87
23 37 1087.74
23 38 1056.29
23 39 1028.41
23 40 1003.85
23 41 982.436
23 42 963.909
23 43 948.104
23 44 934.793
23 45 923.842
23 46 915.069
23 47 908.388
23 48 903.669
23 49 900.879
23 50 899.942
23 51 900.879
23 52 903.669
23 53 908.388
23 54 915.069
23 55 923.842
23 56 934.793
23 57 948.104
23 58 963.909
23 59 982.436
23 60 1003.85
23 61 1028.41
23 62 1056.29
23 63 1087.74
23 64 1122.87
23 65 1161.84
23 66 1204.64
23 67 1251.21
23 68 1301.22
23 69 1354.21
23 70 1409.33
23 71 1465.45
23 72 1520.97
23 73 1573.78
23 74 1621.34
23 75 1660.44
23 76 1687.41
23 77 1698.13
23 78 1688.17
23 79 1653.04
23 80 1588.45
23 81 1490.79
23 82 1357.4
23 83 1187.27
23 84 981.311
23 85 742.898
23 86 478.002
23 87 195.395
23 88 -93.5833
23 89 -375.531
23 90 -635.57
23 91 -858.587
23 92 -1030.23
23 93 -1138.36
23 94 -1174.21
23 95 -1133.5
23 96 -1017.22
23 97 -831.798
23 98 -589.034
23 99 -305.216
23 100 0

24 0 0
24 1 -256.228
24 2 -492.074
24 3 -688.949
24 4 -831.6
24 5 -909.385
24 6 -916.865
24 7 -854.127
24 8 -726.233
24 9 -542.564
24 10 -315.588
24 11 -59.5819
24 12 210.678
24 13 481.138
24 14 739.373
24 15 975.359
24 16 1181.68
24 17 1353.76
24 18 1489.62
24 19 1589.51
24 20 1655.51
24 21 1690.95
24 22 1700.08
24 23 1687.41
24 24 1657.58
24 25 1614.88
24 26 1563.28
24 27 1506.13
24 28 1446.2
24 29 1385.79
24 30 1326.52
24 31 1269.67
24 32 1216.07
24 33 1166.24
24 34 1120.45
24 35 1078.79
24 36 1041.21
24 37 1007.54
24 38 977.614
24 39 951.169
24 40 927.987
24 41 907.794
24 42 890.394
24 43 875.534
24 44 863.067
24 45 852.777
24 46 844.574
24 47 838.289
24 48 833.887
24 49 831.25
24 50 830.393
24 51 831.25
24 52 833.887
24 53 838.289
24 54 844.574
24 55 852.777
24 56 863.067
24 57 875.534
24 58 890.394
24 59 907.794
24 60 927.987
24 61 951.169
24 62 977.614
24 63 1007.54
24 64 1041.21
24 65 1078.79
24 66 1120.45
24 67 1166.24
24 68 1216.07
24 69 1269.67
24 70 1326.52
24 71 1385.79
24 72 1446.2
24 73 1506.13
24 74 1563.28
24 75 1614.88
24 76 1657.58
24 77 1687.41
24 78 1700.08
24 79 1690.95
24 80 1655.51
24 81 1589.51
24 82 1489.62
24 83 1353.76
24 84 1181.68
24 85 975.359
24 86 739.373
24 87 481.138
24 88 210.678
24 89 -59.5819
24 90 -315.588
24 91 -542.564
24 92 -726.233
24 93 -854.127
24 94 -916.865
24 95 -909.385
24 96 -831.6
24 97 -688.949
24 98 -492.074
24 99 -256.228
24 100 0

25 0 0
25 1 -202.197
25 2 -385.549
25 3 -532.942
25 4 -630.583
25 5 -669.104
25 6 -644.278
25 7 -557.052
25 8 -413.219
25 9 -222.381
25 10 3.00178
25 11 249.156
25 12 502.111
25 13 748.904
25 14 978.49
25 15 1182.26
25 16 1354.37
25 17 1491.64
25 18 1593.39
25 19 1660.95
25 20 1697.24
25 21 1706.22
25 22 1692.38
25 23 1660.44
25 24 1614.88
25 25 1559.85
25 26 1498.91
25 27 1435.09
25 28 1370.77
25 29 1307.74
25 30 1247.36
25 31 1190.49
25 32 1137.67
25 33 1089.2
25 34 1045.12
25 35 1005.36
25 36 969.738
25 37 938.026
25 38 909.953
25 39 885.245
25 40 863.632
25 41 844.855
25 42 828.681
25 43 814.896
25 44 803.316
25 45 793.78
25 46 786.157
25 47 780.336
25 48 776.238
25 49 773.802
25 50 772.994
25 51 773.802
25 52 776.238
25 53 780.336
25 54 786.157
25 55 793.78
25 56 803.316
25 57 814.896
25 58 828.681
25 59 844.855
25 60 863.632
25 61 885.245
25 62 909.953
25 63 938.026
25 64 969.738
25 65 1005.36
25 66 1045.12
25 67 1089.2
25 68 1137.67
25 69 1190.49
25 70 1247.36
25 71 1307.74
25 72 1370.77
25 73 1435.09
25 74 1498.91
25 75 1559.85
25 76 1614.88
25 77 1660.44
25 78 1692.38
25 79 1706.22
25 80 1697.24
25 81 1660.95
25 82 1593.39
25 83 1491.64
25 84 1354.37
25 85 1182.26
25 86 978.49
25 87 748.904
25 88 502.111
25 89 249.156
25 90 3.00178
25 91 -222.381
25 92 -413.219
25 93 -557.052
25 94 -644.278
25 95 -669.104
25 96 -630.583
25 97 -532.942
25 98 -385.549
25 99 -202.197
25 100 0

26 0 0
26 1 -144.138
26 2 -271.416
26 3 -366.631
26 4 -417.738
26 5 -416.918
26 6 -361.109
26 7 -252.158
26 8 -96.2005
26 9 97.0985
26 10 315.816
26 11 546.94
26 12 777.758
26 13 996.71
26 14 1194.36
26 15 1363.71
26 16 1500.47
26 17 1602.9
26 18 1671.47
26 19 1708.52
26 20 1717.54
26 21 1702.93
26 22 1669.31
26 23 1621.34
26 24 1563.28
26 25 1498.91
26 26 1431.46
26 27 1363.44
26 28 1296.84
26 29 1233.08
26 30 1173.08
26 31 1117.42
26 32 1066.39
26 33 1020.02
26 34 978.239
26 35 940.804
26 36 907.471
26 37 877.924
26 38 851.865
26 39 828.989
26 40 809.016
26 41 791.686
26 42 776.768
26 43 764.058
26 44 753.381
26 45 744.586
26 46 737.554
26 47 732.183
26 48 728.4
26 49 726.15
26 50 725.405
26 51 726.15
26 52 728.4
26 53 732.183
26 54 737.554
26 55 744.586
26 56 753.381
26 57 764.058
26 58 776.768
26 59 791.686
26 60 809.016
26 61 828.989
26 62 851.865
26 63 877.924
26 64 907.471
26 65 940.804
26 66 978.239
26 67 1020.02
26 68 1066.39
26 69 1117.42
26 70 1173.08
26 71 1233.08
26 72 1296.84
26 73 1363.44
26 74 1431.46
26 75 1498.91
26 76 1563.28
26 77 1621.34
26 78 1669.31
26 79 1702.93
26 80 1717.54
26 81 1708.52
26 82 1671.47
26 83 1602.9
26 84 1500.47
26 85 1363.71
26 86 1194.36
26 87 996.71
26 88 777.758
26 89 546.94
26 90 315.816
26 91 97.0985
26 92 -96.2005
26 93 -252.158
26 94 -361.109
26 95 -416.918
26 96 -417.738
26 97 -366.631
26 98 -271.416
26 99 -144.138
26 100 0

27 0 0
27 1 -83.0587
27 2 -151.674
27 3 -192.911
27 4 -196.767
27 5 -157.072
27 6 -72.017
27 7 55.8573
27 8 220.167
27 9 411.64
27 10 619.09
27 11 830.816
27 12 1035.53
27 13 1223.46
27 14 1386.86
27 15 1520.54
27 16 1621.74
27 17 1690.07
27 18 1727.06
27 19 1735.78
27 20 1720.27
27 21 1685.04
27 22 1634.75
27 23 1573.78
27 24 1506.13
27 25 1435.09
27 26 1363.44
27 27 1293.26
27 28 1226.11
27 29 1162.95
27 30 1104.45
27 31 1050.85
27 32 1002.2
27 33 958.419
27 34 919.203
27 35 884.312
27 36 853.351
27 37 826.035
27 38 801.98
27 39 780.924
27 40 762.54
27 41 746.618
27 42 732.898
27 43 721.221
27 44 711.396
27 45 703.312
27 46 696.833
27 47 691.892
27 48 688.401
27 49 686.333
27 50 685.641
27 51 686.333
27 52 688.401
27 53 691.892
27 54 696.833
27 55 703.312
27 56 711.396
27 57 721.221
27 58 732.898
27 59 746.618
27 60 762.54
27 61 780.924
27 62 801.98
27 63 826.035
27 64 853.351
27 65 884.312
27 66 919.203
27 67 958.419
27 68 1002.2
27 69 1050.85
27 70 1104.45
27 71 1162.95
27 72 1226.11
27 73 1293.26
27 74 1363.44
27 75 1435.09
27 76 1506.13
27 77 1573.78
27 78 1634.75
27 79 1685.04
27 80 1720.27
27 81 1735.78
27 82 1727.06
27 83 1690.07
27 84 1621.74
27 85 1520.54
27 86 1386.86
27 87 1223.46
27 88 1035.53
27 89 830.816
27 90 619.09
27 91 411.64
27 92 220.167
27 93 55.8573
27 94 -72.017
27 95 -157.072
27 96 -196.767
27 97 -192.911
27 98 -151.674
27 99 -83.0587
27 100 0

28 0 0
28 1 -20.0264
28 2 -28.3701
28 3 -14.694
28 4 28.7555
28 5 106.339
28 6 218.666
28 7 362.575
28 8 531.754
28 9 717.508
28 10 909.846
28 11 1098.52
28 12 1274.14
28 13 1428.76
28 14 1556.64
28 15 1654.24
28 16 1720.42
28 17 1755.97
28 18 1763.4
28 19 1746.32
28 20 1709.06
28 21 1656.18
28 22 1592.12
28 23 1520.97
28 24 1446.2
28 25 1370.77
28 26 1296.84
28 27 1226.11
28 28 1159.63
28 29 1098.12
28 30 1041.8
28 31 990.789
28 32 944.887
28 33 903.849
28 34 867.336
28 35 834.967
28 36 806.375
28 37 781.185
28 38 759.068
28 39 739.703
28 40 722.831
28 41 708.192
28 42 695.601
28 43 684.855
28 44 675.832
28 45 668.379
28 46 662.425
28 47 657.859
28 48 654.654
28 49 652.734
28 50 652.107
28 51 652.734
28 52 654.654
28 53 657.859
28 54 662.425
28 55 668.379
28 56 675.832
28 57 684.855
28 58 695.601
28 59 708.192
28 60 722.831
28 61 739.703
28 62 759.068
28 63 781.185
28 64 806.375
28 65 834.967
28 66 867.336
28 67 903.849
28 68 944.887
28 69 990.789
28 70 1041.8
28 71 1098.12
28 72 1159.63
28 73 1226.11
28 74 1296.84
28 75 1370.77
28 76 1446.2
28 77 1520.97
28 78 1592.12
28 79 1656.18
28 80 1709.06
28 81 1746.32
28 82 1763.4
28 83 1755.97
28 84 1720.42
28 85 1654.24
28 86 1556.64
28 87 1428.76
28 88 1274.14
28 89 1098.52
28 90 909.846
28 91 717.508
28 92 531.754
28 93 362.575
28 94 218.666
28 95 106.339
28 96 28.7555
28 97 -14.694
28 98 -28.3701
28 99 -20.0264
28 100 0

29 0 0
29 1 43.9633
29 2 96.5469
29 3 165.25
29 4 255.387
29 5 369.473
29 6 506.908
29 7 664.093
29 8 834.937
29 9 1011.67
29 10 1185.69
29 11 1348.61
29 12 1492.97
29 13 1612.98
29 14 1704.78
29 15 1766.71
29 16 1798.99
29 17 1803.61
29 18 1783.74
29 19 1743.5
29 20 1687.28
29 21 1619.54
29 22 1544.37
29 23 1465.45
29 24 1385.79
29 25 1307.74
29 26 1233.08
29 27 1162.95
29 28 1098.12
29 29 1038.82
29 30 985.214
29 31 937.005
