0 0 0
0 1 0
0 2 0
0 3 0
0 4 0
0 5 0
0 6 0
0 7 0
0 8 0
0 9 0
0 10 0
0 11 0
0 12 0
0 13 0
0 14 0
0 15 0
0 16 0
0 17 0
0 18 0
0 19 0
0 20 0
0 21 0
0 22 0
0 23 0
0 24 0
0 25 0
0 26 0
0 27 0
0 28 0
0 29 0
0 30 0
0 31 0
0 32 0
0 33 0
0 34 0
0 35 0
0 36 0
0 37 0
0 38 0
0 39 0
0 40 0
0 41 0
0 42 0
0 43 0
0 44 0
0 45 0
0 46 0
0 47 0
0 48 0
0 49 0
0 50 0
0 51 0
0 52 0
0 53 0
0 54 0
0 55 0
0 56 0
0 57 0
0 58 0
0 59 0
0 60 0
0 61 0
0 62 0
0 63 0
0 64 0
0 65 0
0 66 0
0 67 0
0 68 0
0 69 0
0 70 0
0 71 0
0 72 0
0 73 0
0 74 0
0 75 0
0 76 0
0 77 0
0 78 0
0 79 0
0 80 0
0 81 0
0 82 0
0 83 0
0 84 0
0 85 0
0 86 0
0 87 0
0 88 0
0 89 0
0 90 0
0 91 0
0 92 0
0 93 0
0 94 0
0 95 0
0 96 0
0 97 0
0 98 0
0 99 0
0 100 0

1 0 0
1 1 3.84514
1 2 7.75108
1 3 11.7897
1 4 16.0062
1 5 20.4637
1 6 25.1918
1 7 30.2123
1 8 35.5251
1 9 41.0747
1 10 46.7875
1 11 52.4986
1 12 57.9947
1 13 62.9691
1 14 67.0167
1 15 69.6573
1 16 70.2985
1 17 68.2961
1 18 62.9547
1 19 53.5847
1 20 39.5646
1 21 20.4118
1 22 -4.14255
1 23 -34.0545
1 24 -68.9111
1 25 -107.879
1 26 -149.647
1 27 -192.511
1 28 -234.354
1 29 -272.83
1 30 -305.499
1 31 -329.99
1 32 -344.261
1 33 -346.763
1 34 -336.583
1 35 -313.609
1 36 -278.534
1 37 -232.806
1 38 -178.541
1 39 -118.329
1 40 -54.9784
1 41 8.69329
1 42 70.0705
1 43 126.969
1 44 177.713
1 45 221.169
1 46 256.703
1 47 284.126
1 48 303.497
1 49 315.007
1 50 318.817
1 51 315.007
1 52 303.497
1 53 284.126
1 54 256.703
1 55 221.169
1 56 177.713
1 57 126.969
1 58 70.0705
1 59 8.69329
1 60 -54.9784
1 61 -118.329
1 62 -178.541
1 63 -232.806
1 64 -278.534
1 65 -313.609
1 66 -336.583
1 67 -346.763
1 68 -344.261
1 69 -329.99
1 70 -305.499
1 71 -272.83
1 72 -234.354
1 73 -192.511
1 74 -149.647
1 75 -107.879
1 76 -68.9111
1 77 -34.0545
1 78 -4.14255
1 79 20.4118
1 80 39.5646
1 81 53.5847
1 82 62.9547
1 83 68.2961
1 84 70.2985
1 85 69.6573
1 86 67.0167
1 87 62.9691
1 88 57.9947
1 89 52.4986
1 90 46.7875
1 91 41.0747
1 92 35.5251
1 93 30.2123
1 94 25.1918
1 95 20.4637
1 96 16.0062
1 97 11.7897
1 98 7.75108
1 99 3.84514
1 100 0

2 0 0
2 1 7.75108
2 2 15.6238
2 3 23.7577
2 4 32.2438
2 5 41.2011
2 6 50.685
2 7 60.733
2 8 71.3344
2 9 82.3764
2 10 93.6979
2 11 104.97
2 12 115.756
2 13 125.442
2 14 133.217
2 15 138.123
2 16 138.986
2 17 134.536
2 18 123.405
2 19 104.252
2 20 75.868
2 21 37.3312
2 22 -11.8574
2 23 -71.5802
2 24 -140.993
2 25 -218.409
2 26 -301.237
2 27 -386.058
2 28 -468.719
2 29 -544.585
2 30 -608.818
2 31 -656.831
2 32 -684.554
2 33 -688.968
2 34 -668.32
2 35 -622.364
2 36 -552.487
2 37 -461.579
2 38 -353.815
2 39 -234.266
2 40 -108.501
2 41 17.917
2 42 139.829
2 43 252.913
2 44 353.822
2 45 440.296
2 46 511.076
2 47 565.752
2 48 604.401
2 49 627.36
2 50 634.961
2 51 627.36
2 52 604.401
2 53 565.752
2 54 511.076
2 55 440.296
2 56 353.822
2 57 252.913
2 58 139.829
2 59 17.917
2 60 -108.501
2 61 -234.266
2 62 -353.815
2 63 -461.579
2 64 -552.487
2 65 -622.364
2 66 -668.32
2 67 -688.968
2 68 -684.554
2 69 -656.831
2 70 -608.818
2 71 -544.585
2 72 -468.719
2 73 -386.058
2 74 -301.237
2 75 -218.409
2 76 -140.993
2 77 -71.5802
2 78 -11.8574
2 79 37.3312
2 80 75.868
2 81 104.252
2 82 123.405
2 83 134.536
2 84 138.986
2 85 138.123
2 86 133.217
2 87 125.442
2 88 115.756
2 89 104.97
2 90 93.6979
2 91 82.3764
2 92 71.3344
2 93 60.733
2 94 50.685
2 95 41.2011
2 96 32.2438
2 97 23.7577
2 98 15.6238
2 99 7.75108
2 100 0

3 0 0
3 1 11.7897
3 2 23.7577
3 3 36.0992
3 4 48.953
3 5 62.4789
3 6 76.7579
3 7 91.8298
3 8 107.662
3 9 124.074
3 10 140.798
3 11 157.327
3 12 172.99
3 13 186.853
3 14 197.71
3 15 204.129
3 16 204.388
3 17 196.62
3 18 178.841
3 19 149.112
3 20 105.714
3 21 47.3548
3 22 -26.6147
3 23 -115.939
3 24 -219.286
3 25 -334.116
3 26 -456.543
3 27 -581.551
3 28 -702.996
3 29 -814.09
3 30 -907.812
3 31 -977.377
3 32 -1016.97
3 33 -1022.17
3 34 -990.445
3 35 -921.526
3 36 -817.455
3 37 -682.453
3 38 -522.646
3 39 -345.512
3 40 -159.187
3 41 28.1639
3 42 208.952
3 43 376.788
3 44 526.734
3 45 655.405
3 46 760.86
3 47 842.412
3 48 900.129
3 49 934.469
3 50 945.848
3 51 934.469
3 52 900.129
3 53 842.412
3 54 760.86
3 55 655.405
3 56 526.734
3 57 376.788
3 58 208.952
3 59 28.1639
3 60 -159.187
3 61 -345.512
3 62 -522.646
3 63 -682.453
3 64 -817.455
3 65 -921.526
3 66 -990.445
3 67 -1022.17
3 68 -1016.97
3 69 -977.377
3 70 -907.812
3 71 -814.09
3 72 -702.996
3 73 -581.551
3 74 -456.543
3 75 -334.116
3 76 -219.286
3 77 -115.939
3 78 -26.6147
3 79 47.3548
3 80 105.714
3 81 149.112
3 82 178.841
3 83 196.62
3 84 204.388
3 85 204.129
3 86 197.71
3 87 186.853
3 88 172.99
3 89 157.327
3 90 140.798
3 91 124.074
3 92 107.662
3 93 91.8298
3 94 76.7579
3 95 62.4789
3 96 48.953
3 97 36.0992
3 98 23.7577
3 99 11.7897
3 100 0

4 0 0
4 1 16.0062
4 2 32.2438
4 3 48.953
4 4 66.3164
4 5 84.518
4 6 103.649
4 7 123.737
4 8 144.699
4 9 166.278
4 10 188.064
4 11 209.372
4 12 229.27
4 13 246.508
4 14 259.483
4 15 266.306
4 16 264.741
4 17 252.381
4 18 226.696
4 19 185.251
4 20 125.923
4 21 47.1633
4 22 -51.7188
4 23 -170.246
4 24 -306.555
4 25 -457.199
4 26 -617.1
4 27 -779.626
4 28 -936.87
4 29 -1080.06
4 30 -1200.12
4 31 -1288.49
4 32 -1337.64
4 33 -1342.01
4 34 -1298.45
4 35 -1206.62
4 36 -1069.21
4 37 -891.74
4 38 -682.117
4 39 -449.942
4 40 -205.765
4 41 39.8501
4 42 277.086
4 43 497.617
4 44 694.934
4 45 864.547
4 46 1003.84
4 47 1111.77
4 48 1188.27
4 49 1233.82
4 50 1248.93
4 51 1233.82
4 52 1188.27
4 53 1111.77
4 54 1003.84
4 55 864.547
4 56 694.934
4 57 497.617
4 58 277.086
4 59 39.8501
4 60 -205.765
4 61 -449.942
4 62 -682.117
4 63 -891.74
4 64 -1069.21
4 65 -1206.62
4 66 -1298.45
4 67 -1342.01
4 68 -1337.64
4 69 -1288.49
4 70 -1200.12
4 71 -1080.06
4 72 -936.87
4 73 -779.626
4 74 -617.1
4 75 -457.199
4 76 -306.555
4 77 -170.246
4 78 -51.7188
4 79 47.1633
4 80 125.923
4 81 185.251
4 82 226.696
4 83 252.381
4 84 264.741
4 85 266.306
4 86 259.483
4 87 246.508
4 88 229.27
4 89 209.372
4 90 188.064
4 91 166.278
4 92 144.699
4 93 123.737
4 94 103.649
4 95 84.518
4 96 66.3164
4 97 48.953
4 98 32.2438
4 99 16.0062
4 100 0

5 0 0
5 1 20.4637
5 2 41.2011
5 3 62.4789
5 4 84.518
5 5 107.502
5 6 131.524
5 7 156.572
5 8 182.494
5 9 208.929
5 10 235.303
5 11 260.723
5 12 283.988
5 13 303.513
5 14 317.324
5 15 323.086
5 16 318.123
5 17 299.545
5 18 264.39
5 19 209.838
5 20 133.494
5 21 33.6894
5 22 -90.1723
5 23 -237.288
5 24 -405.172
5 25 -589.498
5 26 -783.969
5 27 -980.571
5 28 -1169.73
5 29 -1340.94
5 30 -1483.47
5 31 -1587.04
5 32 -1642.9
5 33 -1644.47
5 34 -1588.08
5 35 -1473.5
5 36 -1303.99
5 37 -1086.19
5 38 -829.572
5 39 -545.694
5 40 -247.167
5 41 53.2928
5 42 343.855
5 43 614.39
5 44 856.952
5 45 1065.94
5 46 1237.99
5 47 1371.59
5 48 1466.49
5 49 1523.1
5 50 1541.89
5 51 1523.1
5 52 1466.49
5 53 1371.59
5 54 1237.99
5 55 1065.94
5 56 856.952
5 57 614.39
5 58 343.855
5 59 53.2928
5 60 -247.167
5 61 -545.694
5 62 -829.572
5 63 -1086.19
5 64 -1303.99
5 65 -1473.5
5 66 -1588.08
5 67 -1644.47
5 68 -1642.9
5 69 -1587.04
5 70 -1483.47
5 71 -1340.94
5 72 -1169.73
5 73 -980.571
5 74 -783.969
5 75 -589.498
5 76 -405.172
5 77 -237.288
5 78 -90.1723
5 79 33.6894
5 80 133.494
5 81 209.838
5 82 264.39
5 83 299.545
5 84 318.123
5 85 323.086
5 86 317.324
5 87 303.513
5 88 283.988
5 89 260.723
5 90 235.303
5 91 208.929
5 92 182.494
5 93 156.572
5 94 131.524
5 95 107.502
5 96 84.518
5 97 62.4789
5 98 41.2011
5 99 20.4637
5 100 0

6 0 0
6 1 25.1918
6 2 50.685
6 3 76.7579
6 4 103.649
6 5 131.524
6 6 160.447
6 7 190.349
6 8 220.967
6 9 251.82
6 10 282.125
6 11 310.78
6 12 336.284
6 13 356.73
6 14 369.783
6 15 372.712
6 16 362.454
6 17 335.746
6 18 289.302
6 19 220.074
6 20 125.548
6 21 4.10437
6 22 -144.619
6 23 -319.371
6 24 -517.003
6 25 -732.248
6 26 -957.767
6 27 -1184.18
6 28 -1400.58
6 29 -1595.01
6 30 -1755.29
6 31 -1869.99
6 32 -1929.22
6 33 -1925.72
6 34 -1855.55
6 35 -1718.51
6 36 -1518.44
6 37 -1262.94
6 38 -962.82
6 39 -631.207
6 40 -282.534
6 41 68.6722
6 42 408.827
6 43 726.195
6 44 1011.45
6 45 1257.9
6 46 1461.4
6 47 1619.86
6 48 1732.7
6 49 1800.12
6 50 1822.53
6 51 1800.12
6 52 1732.7
6 53 1619.86
6 54 1461.4
6 55 1257.9
6 56 1011.45
6 57 726.195
6 58 408.827
6 59 68.6722
6 60 -282.534
6 61 -631.207
6 62 -962.82
6 63 -1262.94
6 64 -1518.44
6 65 -1718.51
6 66 -1855.55
6 67 -1925.72
6 68 -1929.22
6 69 -1869.99
6 70 -1755.29
6 71 -1595.01
6 72 -1400.58
6 73 -1184.18
6 74 -957.767
6 75 -732.248
6 76 -517.003
6 77 -319.371
6 78 -144.619
6 79 4.10437
6 80 125.548
6 81 220.074
6 82 289.302
6 83 335.746
6 84 362.454
6 85 372.712
6 86 369.783
6 87 356.73
6 88 336.284
6 89 310.78
6 90 282.125
6 91 251.82
6 92 220.967
6 93 190.349
6 94 160.447
6 95 131.524
6 96 103.649
6 97 76.7579
6 98 50.685
6 99 25.1918
6 100 0

7 0 0
7 1 30.2123
7 2 60.733
7 3 91.8298
7 4 123.737
7 5 156.572
7 6 190.349
7 7 224.896
7 8 259.825
7 9 294.485
7 10 327.876
7 11 358.647
7 12 385.006
7 13 404.722
7 14 415.14
7 15 413.174
7 16 395.479
7 17 358.515
7 18 298.831
7 19 213.303
7 20 99.4837
7 21 -44.0317
7 22 -217.213
7 23 -418.258
7 24 -643.268
7 25 -886.123
7 26 -1138.43
7 27 -1389.76
7 28 -1628.03
7 29 -1840.2
7 30 -2013.1
7 31 -2134.29
7 32 -2193.33
7 33 -2182.44
7 34 -2097.51
7 35 -1938.54
7 36 -1709.81
7 37 -1419.71
7 38 -1080.07
7 39 -705.322
7 40 -311.273
7 41 86.0286
7 42 471.551
7 43 832.127
7 44 1157.18
7 45 1438.94
7 46 1672.39
7 47 1854.77
7 48 1984.99
7 49 2062.97
7 50 2088.92
7 51 2062.97
7 52 1984.99
7 53 1854.77
7 54 1672.39
7 55 1438.94
7 56 1157.18
7 57 832.127
7 58 471.551
7 59 86.0286
7 60 -311.273
7 61 -705.322
7 62 -1080.07
7 63 -1419.71
7 64 -1709.81
7 65 -1938.54
7 66 -2097.51
7 67 -2182.44
7 68 -2193.33
7 69 -2134.29
7 70 -2013.1
7 71 -1840.2
7 72 -1628.03
7 73 -1389.76
7 74 -1138.43
7 75 -886.123
7 76 -643.268
7 77 -418.258
7 78 -217.213
7 79 -44.0317
7 80 99.4837
7 81 213.303
7 82 298.831
7 83 358.515
7 84 395.479
7 85 413.174
7 86 415.14
7 87 404.722
7 88 385.006
7 89 358.647
7 90 327.876
7 91 294.485
7 92 259.825
7 93 224.896
7 94 190.349
7 95 156.572
7 96 123.737
7 97 91.8298
7 98 60.733
7 99 30.2123
7 100 0

8 0 0
8 1 35.5251
8 2 71.3344
8 3 107.662
8 4 144.699
8 5 182.494
8 6 220.967
8 7 259.825
8 8 298.505
8 9 336.172
8 10 371.572
8 11 403.101
8 12 428.662
8 13 445.735
8 14 451.373
8 15 442.236
8 16 414.775
8 17 365.333
8 18 290.435
8 19 187.074
8 20 53.0335
8 21 -112.688
8 22 -309.536
8 23 -535.032
8 24 -784.532
8 25 -1051.03
8 26 -1325.31
8 27 -1596.01
8 28 -1850.27
8 29 -2074.3
8 30 -2254.21
8 31 -2377.19
8 32 -2432.31
8 33 -2411.71
8 34 -2311.24
8 35 -2131.12
8 36 -1875.99
8 37 -1554.79
8 38 -1180.11
8 39 -767.244
8 40 -333.074
8 41 105.259
8 42 531.521
8 43 931.363
8 44 1293.06
8 45 1607.77
8 46 1869.52
8 47 2074.74
8 48 2221.75
8 49 2309.97
8 50 2339.38
8 51 2309.97
8 52 2221.75
8 53 2074.74
8 54 1869.52
8 55 1607.77
8 56 1293.06
8 57 931.363
8 58 531.521
8 59 105.259
8 60 -333.074
8 61 -767.244
8 62 -1180.11
8 63 -1554.79
8 64 -1875.99
8 65 -2131.12
8 66 -2311.24
8 67 -2411.71
8 68 -2432.31
8 69 -2377.19
8 70 -2254.21
8 71 -2074.3
8 72 -1850.27
8 73 -1596.01
8 74 -1325.31
8 75 -1051.03
8 76 -784.532
8 77 -535.032
8 78 -309.536
8 79 -112.688
8 80 53.0335
8 81 187.074
8 82 290.435
8 83 365.333
8 84 414.775
8 85 442.236
8 86 451.373
8 87 445.735
8 88 428.662
8 89 403.101
8 90 371.572
8 91 336.172
8 92 298.505
8 93 259.825
8 94 220.967
8 95 182.494
8 96 144.699
8 97 107.662
8 98 71.3344
8 99 35.5251
8 100 0

9 0 0
9 1 41.0747
9 2 82.3764
9 3 124.074
9 4 166.278
9 5 208.929
9 6 251.82
9 7 294.485
9 8 336.172
9 9 375.807
9 10 411.892
9 11 442.54
9 12 465.394
9 13 477.661
9 14 476.183
9 15 457.441
9 16 417.823
9 17 353.682
9 18 261.711
9 19 139.187
9 20 -15.6715
9 21 -203.31
9 22 -422.506
9 23 -670.056
9 24 -940.515
9 25 -1226.16
9 26 -1517.01
9 27 -1801.13
9 28 -2065.11
9 29 -2294.77
9 30 -2476.06
9 31 -2595.95
9 32 -2643.61
9 33 -2611.15
9 34 -2494.64
9 35 -2294.46
9 36 -2015.52
9 37 -1667.11
9 38 -1262.2
9 39 -816.634
9 40 -347.893
9 41 126.081
9 42 588.223
9 43 1023.17
9 44 1418.15
9 45 1763.27
9 46 2051.55
9 47 2278.49
9 48 2441.6
9 49 2539.73
9 50 2572.47
9 51 2539.73
9 52 2441.6
9 53 2278.49
9 54 2051.55
9 55 1763.27
9 56 1418.15
9 57 1023.17
9 58 588.223
9 59 126.081
9 60 -347.893
9 61 -816.634
9 62 -1262.2
9 63 -1667.11
9 64 -2015.52
9 65 -2294.46
9 66 -2494.64
9 67 -2611.15
9 68 -2643.61
9 69 -2595.95
9 70 -2476.06
9 71 -2294.77
9 72 -2065.11
9 73 -1801.13
9 74 -1517.01
9 75 -1226.16
9 76 -940.515
9 77 -670.056
9 78 -422.506
9 79 -203.31
9 80 -15.6715
9 81 139.187
9 82 261.711
9 83 353.682
9 84 417.823
9 85 457.441
9 86 476.183
9 87 477.661
9 88 465.394
9 89 442.54
9 90 411.892
9 91 375.807
9 92 336.172
9 93 294.485
9 94 251.82
9 95 208.929
9 96 166.278
9 97 124.074
9 98 82.3764
9 99 41.0747
9 100 0

10 0 0
10 1 46.7875
10 2 93.6979
10 3 140.798
10 4 188.064
10 5 235.303
10 6 282.125
10 7 327.876
10 8 371.572
10 9 411.892
10 10 447.073
10 11 474.969
10 12 492.968
10 13 498.086
10 14 487.007
10 15 456.182
10 16 402.037
10 17 321.141
10 18 210.502
10 19 67.8774
10 20 -107.922
10 21 -316.634
10 22 -556.284
10 23 -822.866
10 24 -1110.23
10 25 -1409.94
10 26 -1711.56
10 27 -2002.76
10 28 -2269.99
10 29 -2499.09
10 30 -2676.1
10 31 -2788.33
10 32 -2825.14
10 33 -2779.05
10 34 -2646.29
10 35 -2427.5
10 36 -2127.71
10 37 -1756.25
10 38 -1326.2
10 39 -853.532
10 40 -355.985
10 41 148.135
10 42 641.121
10 43 1106.88
10 44 1531.69
10 45 1904.62
10 46 2217.57
10 47 2464.98
10 48 2643.47
10 49 2751.14
10 50 2787.12
10 51 2751.14
10 52 2643.47
10 53 2464.98
10 54 2217.57
10 55 1904.62
10 56 1531.69
10 57 1106.88
10 58 641.121
10 59 148.135
10 60 -355.985
10 61 -853.532
10 62 -1326.2
10 63 -1756.25
10 64 -2127.71
10 65 -2427.5
10 66 -2646.29
10 67 -2779.05
10 68 -2825.14
10 69 -2788.33
10 70 -2676.1
10 71 -2499.09
10 72 -2269.99
10 73 -2002.76
10 74 -1711.56
10 75 -1409.94
10 76 -1110.23
10 77 -822.866
10 78 -556.284
10 79 -316.634
10 80 -107.922
10 81 67.8774
10 82 210.502
10 83 321.141
10 84 402.037
10 85 456.182
10 86 487.007
10 87 498.086
10 88 492.968
10 89 474.969
10 90 447.073
10 91 411.892
10 92 371.572
10 93 327.876
10 94 282.125
10 95 235.303
10 96 188.064
10 97 140.798
10 98 93.6979
10 99 46.7875
10 100 0

11 0 0
11 1 52.4986
11 2 104.97
11 3 157.327
11 4 209.372
11 5 260.723
11 6 310.78
11 7 358.647
11 8 403.101
11 9 442.54
11 10 474.969
11 11 497.98
11 12 508.791
11 13 504.274
11 14 481.084
11 15 435.748
11 16 364.908
11 17 265.484
11 18 135.001
11 19 -28.1575
11 20 -224.416
11 21 -452.711
11 22 -710.225
11 23 -992.197
11 24 -1291.76
11 25 -1600.07
11 26 -1906.29
11 27 -2198.12
11 28 -2462.16
11 29 -2684.59
11 30 -2852.02
11 31 -2952.29
11 32 -2975.39
11 33 -2914.26
11 34 -2765.54
11 35 -2529.94
11 36 -2212.5
11 37 -1822.41
11 38 -1372.45
11 39 -878.388
11 40 -357.821
11 41 170.861
11 42 689.685
11 43 1181.95
11 44 1633.1
11 45 2031.15
11 46 2366.84
11 47 2633.48
11 48 2826.56
11 49 2943.35
11 50 2982.43
11 51 2943.35
11 52 2826.56
11 53 2633.48
11 54 2366.84
11 55 2031.15
11 56 1633.1
11 57 1181.95
11 58 689.685
11 59 170.861
11 60 -357.821
11 61 -878.388
11 62 -1372.45
11 63 -1822.41
11 64 -2212.5
11 65 -2529.94
11 66 -2765.54
11 67 -2914.26
11 68 -2975.39
11 69 -2952.29
11 70 -2852.02
11 71 -2684.59
11 72 -2462.16
11 73 -2198.12
11 74 -1906.29
11 75 -1600.07
11 76 -1291.76
11 77 -992.197
11 78 -710.225
11 79 -452.711
11 80 -224.416
11 81 -28.1575
11 82 135.001
11 83 265.484
11 84 364.908
11 85 435.748
11 86 481.084
11 87 504.274
11 88 508.791
11 89 497.98
11 90 474.969
11 91 442.54
11 92 403.101
11 93 358.647
11 94 310.78
11 95 260.723
11 96 209.372
11 97 157.327
11 98 104.97
11 99 52.4986
11 100 0

12 0 0
12 1 57.9947
12 2 115.756
12 3 172.99
12 4 229.27
12 5 283.988
12 6 336.284
12 7 385.006
12 8 428.662
12 9 465.394
12 10 492.968
12 11 508.791
12 12 509.946
12 13 493.292
12 14 455.543
12 15 393.481
12 16 304.084
12 17 184.827
12 18 33.8825
12 19 -149.57
12 20 -365.092
12 21 -610.735
12 22 -882.847
12 23 -1175.91
12 24 -1482.56
12 25 -1793.56
12 26 -2098.12
12 27 -2384.13
12 28 -2638.7
12 29 -2848.77
12 30 -3001.74
12 31 -3086.37
12 32 -3093.4
12 33 -3016.43
12 34 -2852.41
12 35 -2602.2
12 36 -2270.61
12 37 -1866.37
12 38 -1401.8
12 39 -891.997
12 40 -354.13
12 41 193.703
12 42 733.41
12 43 1247.94
12 44 1721.97
12 45 2142.48
12 46 2498.99
12 47 2783.51
12 48 2990.36
12 49 3115.84
12 50 3157.89
12 51 3115.84
12 52 2990.36
12 53 2783.51
12 54 2498.99
12 55 2142.48
12 56 1721.97
12 57 1247.94
12 58 733.41
12 59 193.703
12 60 -354.13
12 61 -891.997
12 62 -1401.8
12 63 -1866.37
12 64 -2270.61
12 65 -2602.2
12 66 -2852.41
12 67 -3016.43
12 68 -3093.4
12 69 -3086.37
12 70 -3001.74
12 71 -2848.77
12 72 -2638.7
12 73 -2384.13
12 74 -2098.12
12 75 -1793.56
12 76 -1482.56
12 77 -1175.91
12 78 -882.847
12 79 -610.735
12 80 -365.092
12 81 -149.57
12 82 33.8825
12 83 184.827
12 84 304.084
12 85 393.481
12 86 455.543
12 87 493.292
12 88 509.946
12 89 508.791
12 90 492.968
12 91 465.394
12 92 428.662
12 93 385.006
12 94 336.284
12 95 283.988
12 96 229.27
12 97 172.99
12 98 115.756
12 99 57.9947
12 100 0

13 0 0
13 1 62.9691
13 2 125.442
13 3 186.853
13 4 246.508
13 5 303.513
13 6 356.73
13 7 404.722
13 8 445.735
13 9 477.661
13 10 498.086
13 11 504.274
13 12 493.292
13 13 462.065
13 14 407.541
13 15 326.865
13 16 217.55
13 17 77.7463
13 18 -93.5574
13 19 -296.297
13 20 -529.081
13 21 -789.076
13 22 -1071.79
13 23 -1371.12
13 24 -1679.25
13 25 -1986.93
13 26 -2283.51
13 27 -2557.48
13 28 -2796.76
13 29 -2989.29
13 30 -3123.63
13 31 -3189.59
13 32 -3178.91
13 33 -3085.83
13 34 -2907.74
13 35 -2645.39
13 36 -2303.3
13 37 -1889.53
13 38 -1415.49
13 39 -895.451
13 40 -345.769
13 41 215.96
13 42 771.834
13 43 1304.53
13 44 1798.08
13 45 2238.43
13 46 2613.81
13 47 2914.87
13 48 3134.63
13 49 3268.33
13 50 3313.19
13 51 3268.33
13 52 3134.63
13 53 2914.87
13 54 2613.81
13 55 2238.43
13 56 1798.08
13 57 1304.53
13 58 771.834
13 59 215.96
13 60 -345.769
13 61 -895.451
13 62 -1415.49
13 63 -1889.53
13 64 -2303.3
13 65 -2645.39
13 66 -2907.74
13 67 -3085.83
13 68 -3178.91
13 69 -3189.59
13 70 -3123.63
13 71 -2989.29
13 72 -2796.76
13 73 -2557.48
13 74 -2283.51
13 75 -1986.93
13 76 -1679.25
13 77 -1371.12
13 78 -1071.79
13 79 -789.076
13 80 -529.081
13 81 -296.297
13 82 -93.5574
13 83 77.7463
13 84 217.55
13 85 326.865
13 86 407.541
13 87 462.065
13 88 493.292
13 89 504.274
13 90 498.086
13 91 477.661
13 92 445.735
13 93 404.722
13 94 356.73
13 95 303.513
13 96 246.508
13 97 186.853
13 98 125.442
13 99 62.9691
13 100 0

14 0 0
14 1 67.0167
14 2 133.217
14 3 197.71
14 4 259.483
14 5 317.324
14 6 369.783
14 7 415.14
14 8 451.373
14 9 476.183
14 10 487.007
14 11 481.084
14 12 455.543
14 13 407.541
14 14 334.37
14 15 233.719
14 16 103.753
14 17 -56.5467
14 18 -247.295
14 19 -467.452
14 20 -714.669
14 21 -985.231
14 22 -1273.94
14 23 -1574.18
14 24 -1877.99
14 25 -2176.21
14 26 -2458.74
14 27 -2714.89
14 28 -2933.63
14 29 -3104.21
14 30 -3216.52
14 31 -3261.61
14 32 -3232.28
14 33 -3123.52
14 34 -2932.96
14 35 -2661.32
14 36 -2312.49
14 37 -1893.64
14 38 -1415.15
14 39 -890.086
14 40 -333.78
14 41 236.953
14 42 804.536
14 43 1351.56
14 44 1861.41
14 45 2319.03
14 46 2711.36
14 47 3027.6
14 48 3259.38
14 49 3400.78
14 50 3448.3
14 51 3400.78
14 52 3259.38
14 53 3027.6
14 54 2711.36
14 55 2319.03
14 56 1861.41
14 57 1351.56
14 58 804.536
14 59 236.953
14 60 -333.78
14 61 -890.086
14 62 -1415.15
14 63 -1893.64
14 64 -2312.49
14 65 -2661.32
14 66 -2932.96
14 67 -3123.52
14 68 -3232.28
14 69 -3261.61
14 70 -3216.52
14 71 -3104.21
14 72 -2933.63
14 73 -2714.89
14 74 -2458.74
14 75 -2176.21
14 76 -1877.99
14 77 -1574.18
14 78 -1273.94
14 79 -985.231
14 80 -714.669
14 81 -467.452
14 82 -247.295
14 83 -56.5467
14 84 103.753
14 85 233.719
14 86 334.37
14 87 407.541
14 88 455.543
14 89 481.084
14 90 487.007
14 91 476.183
14 92 451.373
14 93 415.14
14 94 369.783
14 95 317.324
14 96 259.483
14 97 197.71
14 98 133.217
14 99 67.0167
14 100 0

15 0 0
15 1 69.6573
15 2 138.123
15 3 204.129
15 4 266.306
15 5 323.086
15 6 372.712
15 7 413.174
15 8 442.236
15 9 457.441
15 10 456.182
15 11 435.748
15 12 393.481
15 13 326.865
15 14 233.719
15 15 112.369
15 16 -38.1943
15 17 -218.096
15 18 -426.458
15 19 -661.264
15 20 -919.231
15 21 -1195.87
15 22 -1485.39
15 23 -1780.91
15 24 -2074.46
15 25 -2357.31
15 26 -2620.11
15 27 -2853.21
15 28 -3046.97
15 29 -3192.06
15 30 -3279.86
15 31 -3302.77
15 32 -3254.65
15 33 -3131.18
15 34 -2930.26
15 35 -2652.29
15 36 -2300.5
15 37 -1880.95
15 38 -1402.68
15 39 -877.424
15 40 -319.224
15 41 256.006
15 42 831.203
15 43 1388.92
15 44 1912.06
15 45 2384.53
15 46 2791.92
15 47 3121.95
15 48 3364.82
15 49 3513.42
15 50 3563.44
15 51 3513.42
15 52 3364.82
15 53 3121.95
15 54 2791.92
15 55 2384.53
15 56 1912.06
15 57 1388.92
15 58 831.203
15 59 256.006
15 60 -319.224
15 61 -877.424
15 62 -1402.68
15 63 -1880.95
15 64 -2300.5
15 65 -2652.29
15 66 -2930.26
15 67 -3131.18
15 68 -3254.65
15 69 -3302.77
15 70 -3279.86
15 71 -3192.06
15 72 -3046.97
15 73 -2853.21
15 74 -2620.11
15 75 -2357.31
15 76 -2074.46
15 77 -1780.91
15 78 -1485.39
15 79 -1195.87
15 80 -919.231
15 81 -661.264
15 82 -426.458
15 83 -218.096
15 84 -38.1943
15 85 112.369
15 86 233.719
15 87 326.865
15 88 393.481
15 89 435.748
15 90 456.182
15 91 457.441
15 92 442.236
15 93 413.174
15 94 372.712
15 95 323.086
15 96 266.306
15 97 204.129
15 98 138.123
15 99 69.6573
15 100 0

16 0 0
16 1 70.2985
16 2 138.986
16 3 204.388
16 4 264.741
16 5 318.123
16 6 362.454
16 7 395.479
16 8 414.775
16 9 417.823
16 10 402.037
16 11 364.908
16 12 304.084
16 13 217.55
16 14 103.753
16 15 -38.1943
16 16 -208.412
16 17 -406.055
16 18 -629.259
16 19 -875.051
16 20 -1139.33
16 21 -1416.93
16 22 -1701.71
16 23 -1986.66
16 24 -2264.14
16 25 -2526.04
16 26 -2764
16 27 -2969.69
16 28 -3134.92
16 29 -3251.98
16 30 -3313.77
16 31 -3314.06
16 32 -3247.77
16 33 -3111.18
16 34 -2902.3
16 35 -2621.18
16 36 -2270.09
16 37 -1853.91
16 38 -1380.18
16 39 -859.056
16 40 -303.26
16 41 272.426
16 42 851.547
16 43 1416.72
16 44 1950.31
16 45 2435.3
16 46 2855.92
16 47 3198.39
16 48 3451.4
16 49 3606.63
16 50 3658.96
16 51 3606.63
16 52 3451.4
16 53 3198.39
16 54 2855.92
16 55 2435.3
16 56 1950.31
16 57 1416.72
16 58 851.547
16 59 272.426
16 60 -303.26
16 61 -859.056
16 62 -1380.18
16 63 -1853.91
16 64 -2270.09
16 65 -2621.18
16 66 -2902.3
16 67 -3111.18
16 68 -3247.77
16 69 -3314.06
16 70 -3313.77
16 71 -3251.98
16 72 -3134.92
16 73 -2969.69
16 74 -2764
16 75 -2526.04
16 76 -2264.14
16 77 -1986.66
16 78 -1701.71
16 79 -1416.93
16 80 -1139.33
16 81 -875.051
16 82 -629.259
16 83 -406.055
16 84 -208.412
16 85 -38.1943
16 86 103.753
16 87 217.55
16 88 304.084
16 89 364.908
16 90 402.037
16 91 417.823
16 92 414.775
16 93 395.479
16 94 362.454
16 95 318.123
16 96 264.741
16 97 204.388
16 98 138.986
16 99 70.2985
16 100 0

17 0 0
17 1 68.2961
17 2 134.536
17 3 196.62
17 4 252.381
17 5 299.545
17 6 335.746
17 7 358.515
17 8 365.333
17 9 353.682
17 10 321.141
17 11 265.484
17 12 184.827
17 13 77.7463
17 14 -56.5467
17 15 -218.096
17 16 -406.055
17 17 -618.618
17 18 -852.963
17 19 -1105.26
17 20 -1370.73
17 21 -1643.74
17 22 -1917.97
17 23 -2186.61
17 24 -2442.51
17 25 -2678.45
17 26 -2887.28
17 27 -3062.07
17 28 -3196.28
17 29 -3283.8
17 30 -3319.09
17 31 -3297.23
17 32 -3214.08
17 33 -3066.43
17 34 -2852.29
17 35 -2571.14
17 36 -2224.3
17 37 -1815.2
17 38 -1349.82
17 39 -836.693
17 40 -286.971
17 41 285.65
17 42 865.432
17 43 1435.09
17 44 1976.59
17 45 2471.91
17 46 2904
17 47 3257.51
17 48 3519.71
17 49 3681.01
17 50 3735.45
17 51 3681.01
17 52 3519.71
17 53 3257.51
17 54 2904
17 55 2471.91
17 56 1976.59
17 57 1435.09
17 58 865.432
17 59 285.65
17 60 -286.971
17 61 -836.693
17 62 -1349.82
17 63 -1815.2
17 64 -2224.3
17 65 -2571.14
17 66 -2852.29
17 67 -3066.43
17 68 -3214.08
17 69 -3297.23
17 70 -3319.09
17 71 -3283.8
17 72 -3196.28
17 73 -3062.07
17 74 -2887.28
17 75 -2678.45
17 76 -2442.51
17 77 -2186.61
17 78 -1917.97
17 79 -1643.74
17 80 -1370.73
17 81 -1105.26
17 82 -852.963
17 83 -618.618
17 84 -406.055
17 85 -218.096
17 86 -56.5467
17 87 77.7463
17 88 184.827
17 89 265.484
17 90 321.141
17 91 353.682
17 92 365.333
17 93 358.515
17 94 335.746
17 95 299.545
17 96 252.381
17 97 196.62
17 98 134.536
17 99 68.2961
17 100 0

18 0 0
18 1 62.9547
18 2 123.405
18 3 178.841
18 4 226.696
18 5 264.39
18 6 289.302
18 7 298.831
18 8 290.435
18 9 261.711
18 10 210.502
18 11 135.001
18 12 33.8825
18 13 -93.5574
18 14 -247.295
18 15 -426.458
18 16 -629.259
18 17 -852.963
18 18 -1093.9
18 19 -1347.53
18 20 -1608.58
18 21 -1871.17
18 22 -2129.1
18 23 -2375.91
18 24 -2605.28
18 25 -2811.02
18 26 -2987.31
18 27 -3128.81
18 28 -3230.57
18 29 -3288.13
18 30 -3297.39
18 31 -3254.65
18 32 -3156.57
18 33 -3000.33
18 34 -2783.76
18 35 -2505.69
18 36 -2166.29
18 37 -1767.61
18 38 -1313.87
18 39 -811.924
18 40 -271.457
18 41 295.121
18 42 872.749
18 43 1444.33
18 44 1991.38
18 45 2495.02
18 46 2936.84
18 47 3300.08
18 48 3570.47
18 49 3737.24
18 50 3793.6
18 51 3737.24
18 52 3570.47
18 53 3300.08
18 54 2936.84
18 55 2495.02
18 56 1991.38
18 57 1444.33
18 58 872.749
18 59 295.121
18 60 -271.457
18 61 -811.924
18 62 -1313.87
18 63 -1767.61
18 64 -2166.29
18 65 -2505.69
18 66 -2783.76
18 67 -3000.33
18 68 -3156.57
18 69 -3254.65
18 70 -3297.39
18 71 -3288.13
18 72 -3230.57
18 73 -3128.81
18 74 -2987.31
18 75 -2811.02
18 76 -2605.28
18 77 -2375.91
18 78 -2129.1
18 79 -1871.17
18 80 -1608.58
18 81 -1347.53
18 82 -1093.9
18 83 -852.963
18 84 -629.259
18 85 -426.458
18 86 -247.295
18 87 -93.5574
18 88 33.8825
18 89 135.001
18 90 210.502
18 91 261.711
18 92 290.435
18 93 298.831
18 94 289.302
18 95 264.39
18 96 226.696
18 97 178.841
18 98 123.405
18 99 62.9547
18 100 0

19 0 0
19 1 53.5847
19 2 104.252
19 3 149.112
19 4 185.251
19 5 209.838
19 6 220.074
19 7 213.303
19 8 187.074
19 9 139.187
19 10 67.8774
19 11 -28.1575
19 12 -149.57
19 13 -296.297
19 14 -467.452
19 15 -661.264
19 16 -875.051
19 17 -1105.26
19 18 -1347.53
19 19 -1596.8
19 20 -1847.54
19 21 -2093.91
19 22 -2329.99
19 23 -2550.04
19 24 -2748.62
19 25 -2920.82
19 26 -3062.27
19 27 -3169.15
19 28 -3238.17
19 29 -3266.36
19 30 -3250.97
19 31 -3189.33
19 32 -3078.76
19 33 -2916.64
19 34 -2700.5
19 35 -2428.42
19 36 -2099.37
19 37 -1713.87
19 38 -1274.49
19 39 -786.394
19 40 -257.671
19 41 300.386
19 42 873.515
19 43 1444.76
19 44 1995.32
19 45 2505.36
19 46 2955.3
19 47 3326.9
19 48 3604.53
19 49 3776.15
19 50 3834.22
19 51 3776.15
19 52 3604.53
19 53 3326.9
19 54 2955.3
19 55 2505.36
19 56 1995.32
19 57 1444.76
19 58 873.515
19 59 300.386
19 60 -257.671
19 61 -786.394
19 62 -1274.49
19 63 -1713.87
19 64 -2099.37
19 65 -2428.42
19 66 -2700.5
19 67 -2916.64
19 68 -3078.76
19 69 -3189.33
19 70 -3250.97
19 71 -3266.36
19 72 -3238.17
19 73 -3169.15
19 74 -3062.27
19 75 -2920.82
19 76 -2748.62
19 77 -2550.04
19 78 -2329.99
19 79 -2093.91
19 80 -1847.54
19 81 -1596.8
19 82 -1347.53
19 83 -1105.26
19 84 -875.051
19 85 -661.264
19 86 -467.452
19 87 -296.297
19 88 -149.57
19 89 -28.1575
19 90 67.8774
19 91 139.187
19 92 187.074
19 93 213.303
19 94 220.074
19 95 209.838
19 96 185.251
19 97 149.112
19 98 104.252
19 99 53.5847
19 100 0

20 0 0
20 1 39.5646
20 2 75.868
20 3 105.714
20 4 125.923
20 5 133.494
20 6 125.548
20 7 99.4837
20 8 53.0335
20 9 -15.6715
20 10 -107.922
20 11 -224.416
20 12 -365.092
20 13 -529.081
20 14 -714.669
20 15 -919.231
20 16 -1139.33
20 17 -1370.73
20 18 -1608.58
20 19 -1847.54
20 20 -2082.11
20 21 -2306.65
20 22 -2515.9
20 23 -2704.9
20 24 -2869.41
20 25 -3005.8
20 26 -3111.17
20 27 -3183.29
20 28 -3220.31
20 29 -3220.66
20 30 -3182.77
20 31 -3104.8
20 32 -2984.53
20 33 -2819.37
20 34 -2606.45
20 35 -2342.97
20 36 -2026.71
20 37 -1656.7
20 38 -1233.79
20 39 -761.523
20 40 -246.531
20 41 301.12
20 42 867.803
20 43 1436.83
20 44 1989.01
20 45 2503.76
20 46 2960.24
20 47 3338.92
20 48 3622.77
20 49 3798.64
20 50 3858.2
20 51 3798.64
20 52 3622.77
20 53 3338.92
20 54 2960.24
20 55 2503.76
20 56 1989.01
20 57 1436.83
20 58 867.803
20 59 301.12
20 60 -246.531
20 61 -761.523
20 62 -1233.79
20 63 -1656.7
20 64 -2026.71
20 65 -2342.97
20 66 -2606.45
20 67 -2819.37
20 68 -2984.53
20 69 -3104.8
20 70 -3182.77
20 71 -3220.66
20 72 -3220.31
20 73 -3183.29
20 74 -3111.17
20 75 -3005.8
20 76 -2869.41
20 77 -2704.9
20 78 -2515.9
20 79 -2306.65
20 80 -2082.11
20 81 -1847.54
20 82 -1608.58
20 83 -1370.73
20 84 -1139.33
20 85 -919.231
20 86 -714.669
20 87 -529.081
20 88 -365.092
20 89 -224.416
20 90 -107.922
20 91 -15.6715
20 92 53.0335
20 93 99.4837
20 94 125.548
20 95 133.494
20 96 125.923
20 97 105.714
20 98 75.868
20 99 39.5646
20 100 0

21 0 0
21 1 20.4118
21 2 37.3312
21 3 47.3548
21 4 47.1633
21 5 33.6894
21 6 4.10437
21 7 -44.0317
21 8 -112.688
21 9 -203.31
21 10 -316.634
21 11 -452.711
21 12 -610.735
21 13 -789.076
21 14 -985.231
21 15 -1195.87
21 16 -1416.93
21 17 -1643.74
21 18 -1871.17
21 19 -2093.91
21 20 -2306.65
21 21 -2504.36
21 22 -2682.48
21 23 -2837.17
21 24 -2965.34
21 25 -3064.78
21 26 -3134.03
21 27 -3172.27
21 28 -3179.04
21 29 -3153.95
21 30 -3096.33
21 31 -3005
21 32 -2878.01
21 33 -2712.66
21 34 -2505.53
21 35 -2252.94
21 36 -1951.46
21 37 -1598.59
21 38 -1193.69
21 39 -738.661
21 40 -238.775
21 41 296.999
21 42 855.757
21 43 1420.98
21 44 1973.19
21 45 2491.03
21 46 2952.6
21 47 3337.06
21 48 3626.15
21 49 3805.64
21 50 3866.5
21 51 3805.64
21 52 3626.15
21 53 3337.06
21 54 2952.6
21 55 2491.03
21 56 1973.19
21 57 1420.98
21 58 855.757
21 59 296.999
21 60 -238.775
21 61 -738.661
21 62 -1193.69
21 63 -1598.59
21 64 -1951.46
21 65 -2252.94
21 66 -2505.53
21 67 -2712.66
21 68 -2878.01
21 69 -3005
21 70 -3096.33
21 71 -3153.95
21 72 -3179.04
21 73 -3172.27
21 74 -3134.03
21 75 -3064.78
21 76 -2965.34
21 77 -2837.17
21 78 -2682.48
21 79 -2504.36
21 80 -2306.65
21 81 -2093.91
21 82 -1871.17
21 83 -1643.74
21 84 -1416.93
21 85 -1195.87
21 86 -985.231
21 87 -789.076
21 88 -610.735
21 89 -452.711
21 90 -316.634
21 91 -203.31
21 92 -112.688
21 93 -44.0317
21 94 4.10437
21 95 33.6894
21 96 47.1633
21 97 47.3548
21 98 37.3312
21 99 20.4118
21 100 0

22 0 0
22 1 -4.14255
22 2 -11.8574
22 3 -26.6147
22 4 -51.7188
22 5 -90.1723
22 6 -144.619
22 7 -217.213
22 8 -309.536
22 9 -422.506
22 10 -556.284
22 11 -710.225
22 12 -882.847
22 13 -1071.79
22 14 -1273.94
22 15 -1485.39
22 16 -1701.71
22 17 -1917.97
22 18 -2129.1
22 19 -2329.99
22 20 -2515.9
22 21 -2682.48
22 22 -2826.21
22 23 -2944.34
22 24 -3035.11
22 25 -3097.64
22 26 -3131.81
22 27 -3138.12
22 28 -3117.22
22 29 -3069.69
22 30 -2995.59
22 31 -2894.14
22 32 -2763.46
22 33 -2600.6
22 34 -2401.55
22 35 -2161.7
22 36 -1876.42
22 37 -1541.87
22 38 -1155.88
22 39 -718.98
22 40 -235.042
22 41 287.894
22 42 837.588
22 43 1397.72
22 44 1948.56
22 45 2468.03
22 46 2933.29
22 47 3322.31
22 48 3615.68
22 49 3798.16
22 50 3860.1
22 51 3798.16
22 52 3615.68
22 53 3322.31
22 54 2933.29
22 55 2468.03
22 56 1948.56
22 57 1397.72
22 58 837.588
22 59 287.894
22 60 -235.042
22 61 -718.98
22 62 -1155.88
22 63 -1541.87
22 64 -1876.42
22 65 -2161.7
22 66 -2401.55
22 67 -2600.6
22 68 -2763.46
22 69 -2894.14
22 70 -2995.59
22 71 -3069.69
22 72 -3117.22
22 73 -3138.12
22 74 -3131.81
22 75 -3097.64
22 76 -3035.11
22 77 -2944.34
22 78 -2826.21
22 79 -2682.48
22 80 -2515.9
22 81 -2329.99
22 82 -2129.1
22 83 -1917.97
22 84 -1701.71
22 85 -1485.39
22 86 -1273.94
22 87 -1071.79
22 88 -882.847
22 89 -710.225
22 90 -556.284
22 91 -422.506
22 92 -309.536
22 93 -217.213
22 94 -144.619
22 95 -90.1723
22 96 -51.7188
22 97 -26.6147
22 98 -11.8574
22 99 -4.14255
22 100 0

23 0 0
23 1 -34.0545
23 2 -71.5802
23 3 -115.939
23 4 -170.246
23 5 -237.288
23 6 -319.371
23 7 -418.258
23 8 -535.032
23 9 -670.056
23 10 -822.866
23 11 -992.197
23 12 -1175.91
23 13 -1371.12
23 14 -1574.18
23 15 -1780.91
23 16 -1986.66
23 17 -2186.61
23 18 -2375.91
23 19 -2550.04
23 20 -2704.9
23 21 -2837.17
23 22 -2944.34
23 23 -3024.94
23 24 -3078.44
23 25 -3105.22
23 26 -3106.43
23 27 -3083.57
23 28 -3038.3
23 29 -2971.86
23 30 -2884.8
23 31 -2776.51
23 32 -2645.1
23 33 -2487.16
23 34 -2298.09
23 35 -2072.35
23 36 -1804.22
23 37 -1488.55
23 38 -1121.9
23 39 -703.378
23 40 -235.851
23 41 273.707
23 42 813.548
23 43 1367.58
23 44 1915.81
23 45 2435.65
23 46 2903.27
23 47 3295.66
23 48 3592.33
23 49 3777.23
23 50 3840.03
23 51 3777.23
23 52 3592.33
23 53 3295.66
23 54 2903.27
23 55 2435.65
23 56 1915.81
23 57 1367.58
23 58 813.548
23 59 273.707
23 60 -235.851
23 61 -703.378
23 62 -1121.9
23 63 -1488.55
23 64 -1804.22
23 65 -2072.35
23 66 -2298.09
23 67 -2487.16
23 68 -2645.1
23 69 -2776.51
23 70 -2884.8
23 71 -2971.86
23 72 -3038.3
23 73 -3083.57
23 74 -3106.43
23 75 -3105.22
23 76 -3078.44
23 77 -3024.94
23 78 -2944.34
23 79 -2837.17
23 80 -2704.9
23 81 -2550.04
23 82 -2375.91
23 83 -2186.61
23 84 -1986.66
23 85 -1780.91
23 86 -1574.18
23 87 -1371.12
23 88 -1175.91
23 89 -992.197
23 90 -822.866
23 91 -670.056
23 92 -535.032
23 93 -418.258
23 94 -319.371
23 95 -237.288
23 96 -170.246
23 97 -115.939
23 98 -71.5802
23 99 -34.0545
23 100 0

24 0 0
24 1 -68.9111
24 2 -140.993
24 3 -219.286
24 4 -306.555
24 5 -405.172
24 6 -517.003
24 7 -643.268
24 8 -784.532
24 9 -940.515
24 10 -1110.23
24 11 -1291.76
24 12 -1482.56
24 13 -1679.25
24 14 -1877.99
24 15 -2074.46
24 16 -2264.14
24 17 -2442.51
24 18 -2605.28
24 19 -2748.62
24 20 -2869.41
24 21 -2965.34
24 22 -3035.11
24 23 -3078.44
24 24 -3095.99
24 25 -3089.32
24 26 -3060.52
24 27 -3012.06
24 28 -2946.18
24 29 -2864.67
24 30 -2768.24
24 31 -2656.39
24 32 -2526.88
24 33 -2375.98
24 34 -2198.34
24 35 -1987.63
24 36 -1737.02
24 37 -1440.34
24 38 -1092.87
24 39 -692.683
24 40 -241.458
24 41 254.445
24 42 783.972
24 43 1331.11
24 44 1875.75
24 45 2394.71
24 46 2863.5
24 47 3258.12
24 48 3557.21
24 49 3743.89
24 50 3807.36
24 51 3743.89
24 52 3557.21
24 53 3258.12
24 54 2863.5
24 55 2394.71
24 56 1875.75
24 57 1331.11
24 58 783.972
24 59 254.445
24 60 -241.458
24 61 -692.683
24 62 -1092.87
24 63 -1440.34
24 64 -1737.02
24 65 -1987.63
24 66 -2198.34
24 67 -2375.98
24 68 -2526.88
24 69 -2656.39
24 70 -2768.24
24 71 -2864.67
24 72 -2946.18
24 73 -3012.06
24 74 -3060.52
24 75 -3089.32
24 76 -3095.99
24 77 -3078.44
24 78 -3035.11
24 79 -2965.34
24 80 -2869.41
24 81 -2748.62
24 82 -2605.28
24 83 -2442.51
24 84 -2264.14
24 85 -2074.46
24 86 -1877.99
24 87 -1679.25
24 88 -1482.56
24 89 -1291.76
24 90 -1110.23
24 91 -940.515
24 92 -784.532
24 93 -643.268
24 94 -517.003
24 95 -405.172
24 96 -306.555
24 97 -219.286
24 98 -140.993
24 99 -68.9111
24 100 0

25 0 0
25 1 -107.879
25 2 -218.409
25 3 -334.116
25 4 -457.199
25 5 -589.498
25 6 -732.248
25 7 -886.123
25 8 -1051.03
25 9 -1226.16
25 10 -1409.94
25 11 -1600.07
25 12 -1793.56
25 13 -1986.93
25 14 -2176.21
25 15 -2357.31
25 16 -2526.04
25 17 -2678.45
25 18 -2811.02
25 19 -2920.82
25 20 -3005.8
25 21 -3064.78
25 22 -3097.64
25 23 -3105.22
25 24 -3089.32
25 25 -3052.36
25 26 -2997.39
25 27 -2927.33
25 28 -2845
25 29 -2752.3
25 30 -2650.1
25 31 -2537.63
25 32 -2412.47
25 33 -2270.25
25 34 -2105.07
25 35 -1909.74
25 36 -1676.63
25 37 -1398.51
25 38 -1069.72
25 39 -687.274
25 40 -252.1
25 41 230.329
25 42 749.271
25 43 1288.96
25 44 1829.11
25 45 2346.18
25 46 2814.99
25 47 3210.77
25 48 3511.4
25 49 3699.29
25 50 3763.23
25 51 3699.29
25 52 3511.4
25 53 3210.77
25 54 2814.99
25 55 2346.18
25 56 1829.11
25 57 1288.96
25 58 749.271
25 59 230.329
25 60 -252.1
25 61 -687.274
25 62 -1069.72
25 63 -1398.51
25 64 -1676.63
25 65 -1909.74
25 66 -2105.07
25 67 -2270.25
25 68 -2412.47
25 69 -2537.63
25 70 -2650.1
25 71 -2752.3
25 72 -2845
25 73 -2927.33
25 74 -2997.39
25 75 -3052.36
25 76 -3089.32
25 77 -3105.22
25 78 -3097.64
25 79 -3064.78
25 80 -3005.8
25 81 -2920.82
25 82 -2811.02
25 83 -2678.45
25 84 -2526.04
25 85 -2357.31
25 86 -2176.21
25 87 -1986.93
25 88 -1793.56
25 89 -1600.07
25 90 -1409.94
25 91 -1226.16
25 92 -1051.03
25 93 -886.123
25 94 -732.248
25 95 -589.498
25 96 -457.199
25 97 -334.116
25 98 -218.409
25 99 -107.879
25 100 0

26 0 0
26 1 -149.647
26 2 -301.237
26 3 -456.543
26 4 -617.1
26 5 -783.969
26 6 -957.767
26 7 -1138.43
26 8 -1325.31
26 9 -1517.01
26 10 -1711.56
26 11 -1906.29
26 12 -2098.12
26 13 -2283.51
26 14 -2458.74
26 15 -2620.11
26 16 -2764
26 17 -2887.28
26 18 -2987.31
26 19 -3062.27
26 20 -3111.17
26 21 -3134.03
26 22 -3131.81
26 23 -3106.43
26 24 -3060.52
26 25 -2997.39
26 26 -2920.49
26 27 -2833.3
26 28 -2738.71
26 29 -2638.77
26 30 -2534.1
26 31 -2423.77
26 32 -2304.84
26 33 -2172.56
26 34 -2020.35
26 35 -1840.4
26 36 -1624.25
26 37 -1363.93
26 38 -1052.89
26 39 -687.39
26 40 -267.539
26 41 201.668
26 42 710.024
26 43 1241.85
26 44 1776.83
26 45 2291.06
26 46 2758.85
26 47 3154.8
26 48 3456.12
26 49 3644.71
26 50 3708.91
26 51 3644.71
26 52 3456.12
26 53 3154.8
26 54 2758.85
26 55 2291.06
26 56 1776.83
26 57 1241.85
26 58 710.024
26 59 201.668
26 60 -267.539
26 61 -687.39
26 62 -1052.89
26 63 -1363.93
26 64 -1624.25
26 65 -1840.4
26 66 -2020.35
26 67 -2172.56
26 68 -2304.84
26 69 -2423.77
26 70 -2534.1
26 71 -2638.77
26 72 -2738.71
26 73 -2833.3
26 74 -2920.49
26 75 -2997.39
26 76 -3060.52
26 77 -3106.43
26 78 -3131.81
26 79 -3134.03
26 80 -3111.17
26 81 -3062.27
26 82 -2987.31
26 83 -2887.28
26 84 -2764
26 85 -2620.11
26 86 -2458.74
26 87 -2283.51
26 88 -2098.12
26 89 -1906.29
26 90 -1711.56
26 91 -1517.01
26 92 -1325.31
26 93 -1138.43
26 94 -957.767
26 95 -783.969
26 96 -617.1
26 97 -456.543
26 98 -301.237
26 99 -149.647
26 100 0

27 0 0
27 1 -192.511
27 2 -386.058
27 3 -581.551
27 4 -779.626
27 5 -980.571
27 6 -1184.18
27 7 -1389.76
27 8 -1596.01
27 9 -1801.13
27 10 -2002.76
27 11 -2198.12
27 12 -2384.13
27 13 -2557.48
27 14 -2714.89
27 15 -2853.21
27 16 -2969.69
27 17 -3062.07
27 18 -3128.81
27 19 -3169.15
27 20 -3183.29
27 21 -3172.27
27 22 -3138.12
27 23 -3083.57
27 24 -3012.06
27 25 -2927.33
27 26 -2833.3
27 27 -2733.5
27 28 -2630.93
27 29 -2527.39
27 30 -2423.33
27 31 -2317.38
27 32 -2206.26
27 33 -2084.68
27 34 -1945.57
27 35 -1780.52
27 36 -1580.49
27 37 -1336.85
27 38 -1042.39
27 39 -692.738
27 40 -287.423
27 41 169.142
27 42 667.011
27 43 1190.76
27 44 1719.98
27 45 2230.53
27 46 2696.36
27 47 3091.57
27 48 3392.85
27 49 3581.57
27 50 3645.86
27 51 3581.57
27 52 3392.85
27 53 3091.57
27 54 2696.36
27 55 2230.53
27 56 1719.98
27 57 1190.76
27 58 667.011
27 59 169.142
27 60 -287.423
27 61 -692.738
27 62 -1042.39
27 63 -1336.85
27 64 -1580.49
27 65 -1780.52
27 66 -1945.57
27 67 -2084.68
27 68 -2206.26
27 69 -2317.38
27 70 -2423.33
27 71 -2527.39
27 72 -2630.93
27 73 -2733.5
27 74 -2833.3
27 75 -2927.33
27 76 -3012.06
27 77 -3083.57
27 78 -3138.12
27 79 -3172.27
27 80 -3183.29
27 81 -3169.15
27 82 -3128.81
27 83 -3062.07
27 84 -2969.69
27 85 -2853.21
27 86 -2714.89
27 87 -2557.48
27 88 -2384.13
27 89 -2198.12
27 90 -2002.76
27 91 -1801.13
27 92 -1596.01
27 93 -1389.76
27 94 -1184.18
27 95 -980.571
27 96 -779.626
27 97 -581.551
27 98 -386.058
27 99 -192.511
27 100 0

28 0 0
28 1 -234.354
28 2 -468.719
28 3 -702.996
28 4 -936.87
28 5 -1169.73
28 6 -1400.58
28 7 -1628.03
28 8 -1850.27
28 9 -2065.11
28 10 -2269.99
28 11 -2462.16
28 12 -2638.7
28 13 -2796.76
28 14 -2933.63
28 15 -3046.97
28 16 -3134.92
28 17 -3196.28
28 18 -3230.57
28 19 -3238.17
28 20 -3220.31
28 21 -3179.04
28 22 -3117.22
28 23 -3038.3
28 24 -2946.18
28 25 -2845
28 26 -2738.71
28 27 -2630.93
28 28 -2524.38
28 29 -2420.67
28 30 -2319.84
28 31 -2220.18
28 32 -2117.94
28 33 -2007.43
28 34 -1881.14
28 35 -1730.21
28 36 -1545.16
28 37 -1316.85
28 38 -1037.63
28 39 -702.582
28 40 -310.771
28 41 133.761
28 42 621.438
28 43 1136.93
28 44 1659.93
28 45 2166.13
28 46 2629.16
28 47 3022.78
28 48 3323.26
28 49 3511.71
28 50 3575.91
28 51 3511.71
28 52 3323.26
28 53 3022.78
28 54 2629.16
28 55 2166.13
28 56 1659.93
28 57 1136.93
28 58 621.438
28 59 133.761
28 60 -310.771
28 61 -702.582
28 62 -1037.63
28 63 -1316.85
28 64 -1545.16
28 65 -1730.21
28 66 -1881.14
28 67 -2007.43
28 68 -2117.94
28 69 -2220.18
28 70 -2319.84
28 71 -2420.67
28 72 -2524.38
28 73 -2630.93
28 74 -2738.71
28 75 -2845
28 76 -2946.18
28 77 -3038.3
28 78 -3117.22
28 79 -3179.04
28 80 -3220.31
28 81 -3238.17
28 82 -3230.57
28 83 -3196.28
28 84 -3134.92
28 85 -3046.97
28 86 -2933.63
28 87 -2796.76
28 88 -2638.7
28 89 -2462.16
28 90 -2269.99
28 91 -2065.11
28 92 -1850.27
28 93 -1628.03
28 94 -1400.58
28 95 -1169.73
