0 0 0
0 1 0
0 2 0
0 3 0
0 4 0
0 5 0
0 6 0
0 7 0
0 8 0
0 9 0
0 10 0
0 11 0
0 12 0
0 13 0
0 14 0
0 15 0
0 16 0
0 17 0
0 18 0
0 19 0
0 20 0
0 21 0
0 22 0
0 23 0
0 24 0
0 25 0
0 26 0
0 27 0
0 28 0
0 29 0
0 30 0
0 31 0
0 32 0
0 33 0
0 34 0
0 35 0
0 36 0
0 37 0
0 38 0
0 39 0
0 40 0
0 41 0
0 42 0
0 43 0
0 44 0
0 45 0
0 46 0
0 47 0
0 48 0
0 49 0
0 50 0
0 51 0
0 52 0
0 53 0
0 54 0
0 55 0
0 56 0
0 57 0
0 58 0
0 59 0
0 60 0
0 61 0
0 62 0
0 63 0
0 64 0
0 65 0
0 66 0
0 67 0
0 68 0
0 69 0
0 70 0
0 71 0
0 72 0
0 73 0
0 74 0
0 75 0
0 76 0
0 77 0
0 78 0
0 79 0
0 80 0
0 81 0
0 82 0
0 83 0
0 84 0
0 85 0
0 86 0
0 87 0
0 88 0
0 89 0
0 90 0
0 91 0
0 92 0
0 93 0
0 94 0
0 95 0
0 96 0
0 97 0
0 98 0
0 99 0
0 100 0

1 0 0
1 1 9.51495
1 2 18.3338
1 3 25.7403
1 4 31.0227
1 5 33.4389
1 6 32.2612
1 7 26.7844
1 8 16.3663
1 9 0.489081
1 10 -21.1889
1 11 -48.7591
1 12 -81.9957
1 13 -120.297
1 14 -162.657
1 15 -207.628
1 16 -253.383
1 17 -297.752
1 18 -338.336
1 19 -372.69
1 20 -398.439
1 21 -413.545
1 22 -416.445
1 23 -406.239
1 24 -382.809
1 25 -346.866
1 26 -299.931
1 27 -244.251
1 28 -182.629
1 29 -118.193
1 30 -54.186
1 31 6.33514
1 32 60.6994
1 33 106.809
1 34 143.261
1 35 169.406
1 36 185.282
1 37 191.588
1 38 189.51
1 39 180.577
1 40 166.501
1 41 148.988
1 42 129.682
1 43 110.007
1 44 91.1574
1 45 74.0703
1 46 59.4228
1 47 47.6642
1 48 39.1014
1 49 33.9181
1 50 32.1865
1 51 33.9181
1 52 39.1014
1 53 47.6642
1 54 59.4228
1 55 74.0703
1 56 91.1574
1 57 110.007
1 58 129.682
1 59 148.988
1 60 166.501
1 61 180.577
1 62 189.51
1 63 191.588
1 64 185.282
1 65 169.406
1 66 143.261
1 67 106.809
1 68 60.6994
1 69 6.33514
1 70 -54.186
1 71 -118.193
1 72 -182.629
1 73 -244.251
1 74 -299.931
1 75 -346.866
1 76 -382.809
1 77 -406.239
1 78 -416.445
1 79 -413.545
1 80 -398.439
1 81 -372.69
1 82 -338.336
1 83 -297.752
1 84 -253.383
1 85 -207.628
1 86 -162.657
1 87 -120.297
1 88 -81.9957
1 89 -48.7591
1 90 -21.1889
1 91 0.489081
1 92 16.3663
1 93 26.7844
1 94 32.2612
1 95 33.4389
1 96 31.0227
1 97 25.7403
1 98 18.3338
1 99 9.51495
1 100 0

2 0 0
2 1 18.3338
2 2 35.2729
2 3 49.389
2 4 59.261
2 5 63.4215
2 6 60.4338
2 7 48.9186
2 8 27.6261
2 9 -4.43727
2 10 -47.9176
2 11 -102.959
2 12 -169.087
2 13 -245.082
2 14 -328.936
2 15 -417.776
2 16 -507.99
2 17 -595.299
2 18 -674.993
2 19 -742.267
2 20 -792.484
2 21 -821.655
2 22 -826.736
2 23 -805.97
2 24 -759.147
2 25 -687.672
2 26 -594.551
2 27 -484.207
2 28 -362.167
2 29 -234.576
2 30 -107.823
2 31 12.0827
2 32 119.853
2 33 211.35
2 34 283.774
2 35 335.822
2 36 367.576
2 37 380.362
2 38 376.528
2 39 359.07
2 40 331.317
2 41 296.741
2 42 258.527
2 43 219.513
2 44 182.1
2 45 148.14
2 46 118.996
2 47 95.5913
2 48 78.554
2 49 68.208
2 50 64.7496
2 51 68.208
2 52 78.554
2 53 95.5913
2 54 118.996
2 55 148.14
2 56 182.1
2 57 219.513
2 58 258.527
2 59 296.741
2 60 331.317
2 61 359.07
2 62 376.528
2 63 380.362
2 64 367.576
2 65 335.822
2 66 283.774
2 67 211.35
2 68 119.853
2 69 12.0827
2 70 -107.823
2 71 -234.576
2 72 -362.167
2 73 -484.207
2 74 -594.551
2 75 -687.672
2 76 -759.147
2 77 -805.97
2 78 -826.736
2 79 -821.655
2 80 -792.484
2 81 -742.267
2 82 -674.993
2 83 -595.299
2 84 -507.99
2 85 -417.776
2 86 -328.936
2 87 -245.082
2 88 -169.087
2 89 -102.959
2 90 -47.9176
2 91 -4.43727
2 92 27.6261
2 93 48.9186
2 94 60.4338
2 95 63.4215
2 96 59.261
2 97 49.389
2 98 35.2729
2 99 18.3338
2 100 0

3 0 0
3 1 25.7403
3 2 49.389
3 3 68.8158
3 4 81.9026
3 5 86.4859
3 6 80.4608
3 7 61.8238
3 8 28.7883
3 9 -20.0481
3 10 -85.5533
3 11 -167.858
3 12 -266.175
3 13 -378.646
3 14 -502.252
3 15 -632.758
3 16 -764.847
3 17 -892.275
3 18 -1008.18
3 19 -1105.59
3 20 -1177.78
3 21 -1219
3 22 -1224.85
3 23 -1192.85
3 24 -1122.72
3 25 -1016.56
3 26 -878.754
3 27 -715.779
3 28 -535.675
3 29 -347.444
3 30 -160.398
3 31 16.6328
3 32 175.921
3 33 311.358
3 34 418.824
3 35 496.344
3 36 543.951
3 37 563.579
3 38 558.59
3 39 533.364
3 40 492.853
3 41 442.021
3 42 385.675
3 43 328.014
3 44 272.583
3 45 222.184
3 46 178.87
3 47 144.039
3 48 118.634
3 49 103.232
3 50 98.0768
3 51 103.232
3 52 118.634
3 53 144.039
3 54 178.87
3 55 222.184
3 56 272.583
3 57 328.014
3 58 385.675
3 59 442.021
3 60 492.853
3 61 533.364
3 62 558.59
3 63 563.579
3 64 543.951
3 65 496.344
3 66 418.824
3 67 311.358
3 68 175.921
3 69 16.6328
3 70 -160.398
3 71 -347.444
3 72 -535.675
3 73 -715.779
3 74 -878.754
3 75 -1016.56
3 76 -1122.72
3 77 -1192.85
3 78 -1224.85
3 79 -1219
3 80 -1177.78
3 81 -1105.59
3 82 -1008.18
3 83 -892.275
3 84 -764.847
3 85 -632.758
3 86 -502.252
3 87 -378.646
3 88 -266.175
3 89 -167.858
3 90 -85.5533
3 91 -20.0481
3 92 28.7883
3 93 61.8238
3 94 80.4608
3 95 86.4859
3 96 81.9026
3 97 68.8158
3 98 49.389
3 99 25.7403
3 100 0

4 0 0
4 1 31.0227
4 2 59.261
4 3 81.9026
4 4 96.1504
4 5 99.1965
4 6 88.3256
4 7 60.9983
4 8 14.9879
4 9 -51.4036
4 10 -139.165
4 11 -248.312
4 12 -377.687
4 13 -524.754
4 14 -685.511
4 15 -854.428
4 16 -1024.62
4 17 -1188.05
4 18 -1335.97
4 19 -1459.47
4 20 -1550.06
4 21 -1600.44
4 22 -1605.1
4 23 -1560.95
4 24 -1467.72
4 25 -1328.12
4 26 -1147.85
4 27 -935.192
4 28 -700.488
4 29 -455.284
4 30 -211.553
4 31 19.354
4 32 227.42
4 33 404.732
4 34 545.873
4 35 648.182
4 36 711.649
4 37 738.615
4 38 733.384
4 39 701.565
4 40 649.459
4 41 583.665
4 42 510.329
4 43 435.004
4 44 362.389
4 45 296.18
4 46 239.147
4 47 193.218
4 48 159.698
4 49 139.311
4 50 132.487
4 51 139.311
4 52 159.698
4 53 193.218
4 54 239.147
4 55 296.18
4 56 362.389
4 57 435.004
4 58 510.329
4 59 583.665
4 60 649.459
4 61 701.565
4 62 733.384
4 63 738.615
4 64 711.649
4 65 648.182
4 66 545.873
4 67 404.732
4 68 227.42
4 69 19.354
4 70 -211.553
4 71 -455.284
4 72 -700.488
4 73 -935.192
4 74 -1147.85
4 75 -1328.12
4 76 -1467.72
4 77 -1560.95
4 78 -1605.1
4 79 -1600.44
4 80 -1550.06
4 81 -1459.47
4 82 -1335.97
4 83 -1188.05
4 84 -1024.62
4 85 -854.428
4 86 -685.511
4 87 -524.754
4 88 -377.687
4 89 -248.312
4 90 -139.165
4 91 -51.4036
4 92 14.9879
4 93 60.9983
4 94 88.3256
4 95 99.1965
4 96 96.1504
4 97 81.9026
4 98 59.261
4 99 31.0227
4 100 0

5 0 0
5 1 33.4389
5 2 63.4215
5 3 86.4859
5 4 99.1965
5 5 98.165
5 6 80.1523
5 7 42.1805
5 8 -18.2853
5 9 -103.122
5 10 -213.296
5 11 -348.61
5 12 -507.442
5 13 -686.562
5 14 -880.999
5 15 -1084.05
5 16 -1287.44
5 17 -1481.6
5 18 -1656.18
5 19 -1800.68
5 20 -1905.17
5 21 -1961.15
5 22 -1962.22
5 23 -1904.87
5 24 -1788.87
5 25 -1617.56
5 26 -1397.72
5 27 -1139.23
5 28 -854.359
5 29 -556.886
5 30 -261.04
5 31 19.5534
5 32 272.906
5 33 489.419
5 34 662.501
5 35 788.788
5 36 868.069
5 37 903.05
5 38 898.718
5 39 861.725
5 40 799.722
5 41 720.497
5 42 631.663
5 43 539.982
5 44 451.229
5 45 370.048
5 46 299.922
5 47 243.332
5 48 201.925
5 49 176.751
5 50 168.3
5 51 176.751
5 52 201.925
5 53 243.332
5 54 299.922
5 55 370.048
5 56 451.229
5 57 539.982
5 58 631.663
5 59 720.497
5 60 799.722
5 61 861.725
5 62 898.718
5 63 903.05
5 64 868.069
5 65 788.788
5 66 662.501
5 67 489.419
5 68 272.906
5 69 19.5534
5 70 -261.04
5 71 -556.886
5 72 -854.359
5 73 -1139.23
5 74 -1397.72
5 75 -1617.56
5 76 -1788.87
5 77 -1904.87
5 78 -1962.22
5 79 -1961.15
5 80 -1905.17
5 81 -1800.68
5 82 -1656.18
5 83 -1481.6
5 84 -1287.44
5 85 -1084.05
5 86 -880.999
5 87 -686.562
5 88 -507.442
5 89 -348.61
5 90 -213.296
5 91 -103.122
5 92 -18.2853
5 93 42.1805
5 94 80.1523
5 95 98.165
5 96 99.1965
5 97 86.4859
5 98 63.4215
5 99 33.4389
5 100 0

6 0 0
6 1 32.2612
6 2 60.4338
6 3 80.4608
6 4 88.3256
6 5 80.1523
6 6 52.2765
6 7 1.41733
6 8 -75.1336
6 9 -179.275
6 10 -311.824
6 11 -472.241
6 12 -658.384
6 13 -866.298
6 14 -1090.12
6 15 -1322.11
6 16 -1552.81
6 17 -1771.42
6 18 -1966.37
6 19 -2125.95
6 20 -2239.2
6 21 -2296.71
6 22 -2291.55
6 23 -2219.93
6 24 -2081.77
6 25 -1880.89
6 26 -1625.02
6 27 -1325.28
6 28 -995.551
6 29 -651.368
6 30 -308.859
6 31 16.5132
6 32 311.008
6 33 563.603
6 34 766.572
6 35 915.826
6 36 1010.93
6 37 1054.67
6 38 1052.61
6 39 1012.23
6 40 942.157
6 41 851.488
6 42 748.906
6 43 642.417
6 44 538.835
6 45 443.687
6 46 361.218
6 47 294.483
6 48 245.576
6 49 215.76
6 50 205.76
6 51 215.76
6 52 245.576
6 53 294.483
6 54 361.218
6 55 443.687
6 56 538.835
6 57 642.417
6 58 748.906
6 59 851.488
6 60 942.157
6 61 1012.23
6 62 1052.61
6 63 1054.67
6 64 1010.93
6 65 915.826
6 66 766.572
6 67 563.603
6 68 311.008
6 69 16.5132
6 70 -308.859
6 71 -651.368
6 72 -995.551
6 73 -1325.28
6 74 -1625.02
6 75 -1880.89
6 76 -2081.77
6 77 -2219.93
6 78 -2291.55
6 79 -2296.71
6 80 -2239.2
6 81 -2125.95
6 82 -1966.37
6 83 -1771.42
6 84 -1552.81
6 85 -1322.11
6 86 -1090.12
6 87 -866.298
6 88 -658.384
6 89 -472.241
6 90 -311.824
6 91 -179.275
6 92 -75.1336
6 93 1.41733
6 94 52.2765
6 95 80.1523
6 96 88.3256
6 97 80.4608
6 98 60.4338
6 99 32.2612
6 100 0

7 0 0
7 1 26.7844
7 2 48.9186
7 3 61.8238
7 4 60.9983
7 5 42.1805
7 6 1.41733
7 7 -64.7401
7 8 -159.006
7 9 -283.164
7 10 -437.724
7 11 -621.72
7 12 -832.417
7 13 -1065.17
7 14 -1313.29
7 15 -1568.2
7 16 -1819.51
7 17 -2055.55
7 18 -2263.9
7 19 -2432.07
7 20 -2548.48
7 21 -2603.26
7 22 -2589.16
7 23 -2502.35
7 24 -2342.87
7 25 -2115.04
7 26 -1827.21
7 27 -1491.51
7 28 -1122.89
7 29 -738.283
7 30 -355.186
7 31 9.42944
7 32 340.473
7 33 625.633
7 34 856.183
7 35 1027.31
7 36 1138.18
7 37 1191.58
7 38 1193.32
7 39 1151.49
7 40 1075.58
7 41 975.569
7 42 861.315
7 43 741.806
7 44 624.87
7 45 516.938
7 46 422.998
7 47 346.767
7 48 290.732
7 49 256.538
7 50 245.025
7 51 256.538
7 52 290.732
7 53 346.767
7 54 422.998
7 55 516.938
7 56 624.87
7 57 741.806
7 58 861.315
7 59 975.569
7 60 1075.58
7 61 1151.49
7 62 1193.32
7 63 1191.58
7 64 1138.18
7 65 1027.31
7 66 856.183
7 67 625.633
7 68 340.473
7 69 9.42944
7 70 -355.186
7 71 -738.283
7 72 -1122.89
7 73 -1491.51
7 74 -1827.21
7 75 -2115.04
7 76 -2342.87
7 77 -2502.35
7 78 -2589.16
7 79 -2603.26
7 80 -2548.48
7 81 -2432.07
7 82 -2263.9
7 83 -2055.55
7 84 -1819.51
7 85 -1568.2
7 86 -1313.29
7 87 -1065.17
7 88 -832.417
7 89 -621.72
7 90 -437.724
7 91 -283.164
7 92 -159.006
7 93 -64.7401
7 94 1.41733
7 95 42.1805
7 96 60.9983
7 97 61.8238
7 98 48.9186
7 99 26.7844
7 100 0

8 0 0
8 1 16.3663
8 2 27.6261
8 3 28.7883
8 4 14.9879
8 5 -18.2853
8 6 -75.1336
8 7 -159.006
8 8 -272.485
8 9 -417.071
8 10 -592.868
8 11 -798.376
8 12 -1030.26
8 13 -1283.21
8 14 -1549.87
8 15 -1820.99
8 16 -2085.6
8 17 -2331.52
8 18 -2545.89
8 19 -2715.91
8 20 -2829.8
8 21 -2877.56
8 22 -2851.96
8 23 -2749.25
8 24 -2569.72
8 25 -2317.94
8 26 -2002.78
8 27 -1636.84
8 28 -1235.87
8 29 -817.579
8 30 -400.465
8 31 -2.50398
8 32 360.106
8 33 674.072
8 34 929.735
8 35 1121.54
8 36 1248.16
8 37 1312.13
8 38 1319.32
8 39 1278.21
8 40 1198.78
8 41 1091.88
8 42 968.134
8 43 837.597
8 44 708.969
8 45 589.572
8 46 485.193
8 47 400.139
8 48 337.466
8 49 299.129
8 50 286.247
8 51 299.129
8 52 337.466
8 53 400.139
8 54 485.193
8 55 589.572
8 56 708.969
8 57 837.597
8 58 968.134
8 59 1091.88
8 60 1198.78
8 61 1278.21
8 62 1319.32
8 63 1312.13
8 64 1248.16
8 65 1121.54
8 66 929.735
8 67 674.072
8 68 360.106
8 69 -2.50398
8 70 -400.465
8 71 -817.579
8 72 -1235.87
8 73 -1636.84
8 74 -2002.78
8 75 -2317.94
8 76 -2569.72
8 77 -2749.25
8 78 -2851.96
8 79 -2877.56
8 80 -2829.8
8 81 -2715.91
8 82 -2545.89
8 83 -2331.52
8 84 -2085.6
8 85 -1820.99
8 86 -1549.87
8 87 -1283.21
8 88 -1030.26
8 89 -798.376
8 90 -592.868
8 91 -417.071
8 92 -272.485
8 93 -159.006
8 94 -75.1336
8 95 -18.2853
8 96 14.9879
8 97 28.7883
8 98 27.6261
8 99 16.3663
8 100 0

9 0 0
9 1 0.489081
9 2 -4.43727
9 3 -20.0481
9 4 -51.4036
9 5 -103.122
9 6 -179.275
9 7 -283.164
9 8 -417.071
9 9 -582.093
9 10 -777.815
9 11 -1002.18
9 12 -1251.25
9 13 -1519.13
9 14 -1798
9 15 -2078.18
9 16 -2348.45
9 17 -2596.48
9 18 -2809.41
9 19 -2974.58
9 20 -3080.4
9 21 -3117.14
9 22 -3077.81
9 23 -2958.93
9 24 -2760.95
9 25 -2488.69
9 26 -2151.11
9 27 -1761.09
9 28 -1334.56
9 29 -889.667
9 30 -445.328
9 31 -20.1823
9 32 368.893
9 33 707.763
9 34 985.961
9 35 1197.19
9 36 1339.5
9 37 1415.01
9 38 1429.43
9 39 1391.22
9 40 1310.81
9 41 1199.48
9 42 1068.7
9 43 929.239
9 44 790.735
9 45 661.325
9 46 547.567
9 47 454.531
9 48 385.735
9 49 343.575
9 50 329.349
9 51 343.575
9 52 385.735
9 53 454.531
9 54 547.567
9 55 661.325
9 56 790.735
9 57 929.239
9 58 1068.7
9 59 1199.48
9 60 1310.81
9 61 1391.22
9 62 1429.43
9 63 1415.01
9 64 1339.5
9 65 1197.19
9 66 985.961
9 67 707.763
9 68 368.893
9 69 -20.1823
9 70 -445.328
9 71 -889.667
9 72 -1334.56
9 73 -1761.09
9 74 -2151.11
9 75 -2488.69
9 76 -2760.95
9 77 -2958.93
9 78 -3077.81
9 79 -3117.14
9 80 -3080.4
9 81 -2974.58
9 82 -2809.41
9 83 -2596.48
9 84 -2348.45
9 85 -2078.18
9 86 -1798
9 87 -1519.13
9 88 -1251.25
9 89 -1002.18
9 90 -777.815
9 91 -582.093
9 92 -417.071
9 93 -283.164
9 94 -179.275
9 95 -103.122
9 96 -51.4036
9 97 -20.0481
9 98 -4.43727
9 99 0.489081
9 100 0

10 0 0
10 1 -21.1889
10 2 -47.9176
10 3 -85.5533
10 4 -139.165
10 5 -213.296
10 6 -311.824
10 7 -437.724
10 8 -592.868
10 9 -777.815
10 10 -991.602
10 11 -1231.58
10 12 -1493.28
10 13 -1770.37
10 14 -2054.74
10 15 -2336.59
10 16 -2604.77
10 17 -2847.21
10 18 -3051.49
10 19 -3205.47
10 20 -3298.15
10 21 -3320.35
10 22 -3265.59
10 23 -3130.69
10 24 -2916.35
10 25 -2627.36
10 26 -2272.64
10 27 -1864.82
10 28 -1419.74
10 29 -955.34
10 30 -490.654
10 31 -44.4629
10 32 365.892
10 33 725.733
10 34 1023.88
10 35 1253.26
10 36 1411.21
10 37 1499.23
10 38 1522.58
10 39 1489.62
10 40 1410.75
10 41 1297.67
10 42 1162.29
10 43 1016.18
10 44 869.674
10 45 731.802
10 46 609.923
10 47 509.715
10 48 435.386
10 49 389.717
10 50 374.34
10 51 389.717
10 52 435.386
10 53 509.715
10 54 609.923
10 55 731.802
10 56 869.674
10 57 1016.18
10 58 1162.29
10 59 1297.67
10 60 1410.75
10 61 1489.62
10 62 1522.58
10 63 1499.23
10 64 1411.21
10 65 1253.26
10 66 1023.88
10 67 725.733
10 68 365.892
10 69 -44.4629
10 70 -490.654
10 71 -955.34
10 72 -1419.74
10 73 -1864.82
10 74 -2272.64
10 75 -2627.36
10 76 -2916.35
10 77 -3130.69
10 78 -3265.59
10 79 -3320.35
10 80 -3298.15
10 81 -3205.47
10 82 -3051.49
10 83 -2847.21
10 84 -2604.77
10 85 -2336.59
10 86 -2054.74
10 87 -1770.37
10 88 -1493.28
10 89 -1231.58
10 90 -991.602
10 91 -777.815
10 92 -592.868
10 93 -437.724
10 94 -311.824
10 95 -213.296
10 96 -139.165
10 97 -85.5533
10 98 -47.9176
10 99 -21.1889
10 100 0

11 0 0
11 1 -48.7591
11 2 -102.959
11 3 -167.858
11 4 -248.312
11 5 -348.61
11 6 -472.241
11 7 -621.72
11 8 -798.376
11 9 -1002.18
11 10 -1231.58
11 11 -1483.38
11 12 -1752.71
11 13 -2032.98
11 14 -2316
11 15 -2592.17
11 16 -2850.76
11 17 -3080.36
11 18 -3269.32
11 19 -3406.46
11 20 -3481.61
11 21 -3486.48
11 22 -3415.2
11 23 -3265.04
11 24 -3036.81
11 25 -2735.18
11 26 -2368.66
11 27 -1949.43
11 28 -1492.65
11 29 -1015.79
11 30 -537.445
11 31 -76.2647
11 32 350.351
11 33 727.31
11 34 1042.83
11 35 1289.11
11 36 1462.61
11 37 1564.06
11 38 1598.12
11 39 1572.62
11 40 1497.89
11 41 1385.66
11 42 1248.28
11 43 1097.76
11 44 945.295
11 45 800.592
11 46 671.805
11 47 565.416
11 48 486.176
11 49 437.382
11 50 420.891
11 51 437.382
11 52 486.176
11 53 565.416
11 54 671.805
11 55 800.592
11 56 945.295
11 57 1097.76
11 58 1248.28
11 59 1385.66
11 60 1497.89
11 61 1572.62
11 62 1598.12
11 63 1564.06
11 64 1462.61
11 65 1289.11
11 66 1042.83
11 67 727.31
11 68 350.351
11 69 -76.2647
11 70 -537.445
11 71 -1015.79
11 72 -1492.65
11 73 -1949.43
11 74 -2368.66
11 75 -2735.18
11 76 -3036.81
11 77 -3265.04
11 78 -3415.2
11 79 -3486.48
11 80 -3481.61
11 81 -3406.46
11 82 -3269.32
11 83 -3080.36
11 84 -2850.76
11 85 -2592.17
11 86 -2316
11 87 -2032.98
11 88 -1752.71
11 89 -1483.38
11 90 -1231.58
11 91 -1002.18
11 92 -798.376
11 93 -621.72
11 94 -472.241
11 95 -348.61
11 96 -248.312
11 97 -167.858
11 98 -102.959
11 99 -48.7591
11 100 0

12 0 0
12 1 -81.9957
12 2 -169.087
12 3 -266.175
12 4 -377.687
12 5 -507.442
12 6 -658.384
12 7 -832.417
12 8 -1030.26
12 9 -1251.25
12 10 -1493.28
12 11 -1752.71
12 12 -2024.4
12 13 -2301.71
12 14 -2576.67
12 15 -2840.17
12 16 -3082.26
12 17 -3292.47
12 18 -3460.35
12 19 -3575.87
12 20 -3630.09
12 21 -3615.69
12 22 -3527.61
12 23 -3363.49
12 24 -3124.27
12 25 -2814.24
12 26 -2441.37
12 27 -2016.9
12 28 -1555.12
12 29 -1072.48
12 30 -586.891
12 31 -116.427
12 32 321.629
12 33 712.025
12 34 1042.47
12 35 1304.38
12 36 1493.31
12 37 1609.09
12 38 1655.46
12 39 1639.67
12 40 1571.57
12 41 1462.83
12 42 1325.94
12 43 1173.42
12 44 1016.96
12 45 867.12
12 46 732.806
12 47 621.178
12 48 537.729
12 49 486.169
12 50 468.763
12 51 486.169
12 52 537.729
12 53 621.178
12 54 732.806
12 55 867.12
12 56 1016.96
12 57 1173.42
12 58 1325.94
12 59 1462.83
12 60 1571.57
12 61 1639.67
12 62 1655.46
12 63 1609.09
12 64 1493.31
12 65 1304.38
12 66 1042.47
12 67 712.025
12 68 321.629
12 69 -116.427
12 70 -586.891
12 71 -1072.48
12 72 -1555.12
12 73 -2016.9
12 74 -2441.37
12 75 -2814.24
12 76 -3124.27
12 77 -3363.49
12 78 -3527.61
12 79 -3615.69
12 80 -3630.09
12 81 -3575.87
12 82 -3460.35
12 83 -3292.47
12 84 -3082.26
12 85 -2840.17
12 86 -2576.67
12 87 -2301.71
12 88 -2024.4
12 89 -1752.71
12 90 -1493.28
12 91 -1251.25
12 92 -1030.26
12 93 -832.417
12 94 -658.384
12 95 -507.442
12 96 -377.687
12 97 -266.175
12 98 -169.087
12 99 -81.9957
12 100 0

13 0 0
13 1 -120.297
13 2 -245.082
13 3 -378.646
13 4 -524.754
13 5 -686.562
13 6 -866.298
13 7 -1065.17
13 8 -1283.21
13 9 -1519.13
13 10 -1770.37
13 11 -2032.98
13 12 -2301.71
13 13 -2570.14
13 14 -2830.76
13 15 -3075.29
13 16 -3294.81
13 17 -3480.17
13 18 -3622.29
13 19 -3712.66
13 20 -3743.62
13 21 -3709.06
13 22 -3604.66
13 23 -3428.53
13 24 -3181.52
13 25 -2867.52
13 26 -2493.56
13 27 -2069.83
13 28 -1609.26
13 29 -1127.14
13 30 -640.195
13 31 -165.786
13 32 279.257
13 33 679.638
13 34 1022.67
13 35 1299.01
13 36 1503.25
13 37 1634.09
13 38 1694.35
13 39 1690.29
13 40 1631.24
13 41 1528.53
13 42 1394.67
13 43 1242.38
13 44 1084.04
13 45 930.775
13 46 792.284
13 47 676.496
13 48 589.509
13 49 535.652
13 50 517.412
13 51 535.652
13 52 589.509
13 53 676.496
13 54 792.284
13 55 930.775
13 56 1084.04
13 57 1242.38
13 58 1394.67
13 59 1528.53
13 60 1631.24
13 61 1690.29
13 62 1694.35
13 63 1634.09
13 64 1503.25
13 65 1299.01
13 66 1022.67
13 67 679.638
13 68 279.257
13 69 -165.786
13 70 -640.195
13 71 -1127.14
13 72 -1609.26
13 73 -2069.83
13 74 -2493.56
13 75 -2867.52
13 76 -3181.52
13 77 -3428.53
13 78 -3604.66
13 79 -3709.06
13 80 -3743.62
13 81 -3712.66
13 82 -3622.29
13 83 -3480.17
13 84 -3294.81
13 85 -3075.29
13 86 -2830.76
13 87 -2570.14
13 88 -2301.71
13 89 -2032.98
13 90 -1770.37
13 91 -1519.13
13 92 -1283.21
13 93 -1065.17
13 94 -866.298
13 95 -686.562
13 96 -524.754
13 97 -378.646
13 98 -245.082
13 99 -120.297
13 100 0

14 0 0
14 1 -162.657
14 2 -328.936
14 3 -502.252
14 4 -685.511
14 5 -880.999
14 6 -1090.12
14 7 -1313.29
14 8 -1549.87
14 9 -1798
14 10 -2054.74
14 11 -2316
14 12 -2576.67
14 13 -2830.76
14 14 -3071.55
14 15 -3291.78
14 16 -3483.9
14 17 -3640.23
14 18 -3753.37
14 19 -3816.34
14 20 -3823.02
14 21 -3768.4
14 22 -3649.05
14 23 -3463.39
14 24 -3212.16
14 25 -2898.54
14 26 -2528.61
14 27 -2111.1
14 28 -1657.51
14 29 -1181.52
14 30 -698.617
14 31 -225.046
14 32 222.922
14 33 630.145
14 34 983.598
14 35 1273.2
14 36 1492.51
14 37 1639.13
14 38 1714.59
14 39 1724.21
14 40 1676.46
14 41 1582.18
14 42 1453.71
14 43 1304
14 44 1145.76
14 45 990.809
14 46 849.542
14 47 730.644
14 48 640.933
14 49 585.152
14 50 566.256
14 51 585.152
14 52 640.933
14 53 730.644
14 54 849.542
14 55 990.809
14 56 1145.76
14 57 1304
14 58 1453.71
14 59 1582.18
14 60 1676.46
14 61 1724.21
14 62 1714.59
14 63 1639.13
14 64 1492.51
14 65 1273.2
14 66 983.598
14 67 630.145
14 68 222.922
14 69 -225.046
14 70 -698.617
14 71 -1181.52
14 72 -1657.51
14 73 -2111.1
14 74 -2528.61
14 75 -2898.54
14 76 -3212.16
14 77 -3463.39
14 78 -3649.05
14 79 -3768.4
14 80 -3823.02
14 81 -3816.34
14 82 -3753.37
14 83 -3640.23
14 84 -3483.9
14 85 -3291.78
14 86 -3071.55
14 87 -2830.76
14 88 -2576.67
14 89 -2316
14 90 -2054.74
14 91 -1798
14 92 -1549.87
14 93 -1313.29
14 94 -1090.12
14 95 -880.999
14 96 -685.511
14 97 -502.252
14 98 -328.936
14 99 -162.657
14 100 0

15 0 0
15 1 -207.628
15 2 -417.776
15 3 -632.758
15 4 -854.428
15 5 -1084.05
15 6 -1322.11
15 7 -1568.2
15 8 -1820.99
15 9 -2078.18
15 10 -2336.59
15 11 -2592.17
15 12 -2840.17
15 13 -3075.29
15 14 -3291.78
15 15 -3483.71
15 16 -3644.99
15 17 -3769.7
15 18 -3852.11
15 19 -3886.97
15 20 -3869.6
15 21 -3796.2
15 22 -3664.06
15 23 -3471.89
15 24 -3220.12
15 25 -2911.26
15 26 -2550.07
15 27 -2143.85
15 28 -1702.31
15 29 -1237.51
15 30 -763.295
15 31 -294.804
15 32 152.505
15 33 563.73
15 34 925.6
15 35 1227.34
15 36 1461.5
15 37 1624.36
15 38 1716.24
15 39 1741.21
15 40 1706.81
15 41 1623.21
15 42 1502.44
15 43 1357.45
15 44 1201.31
15 45 1046.39
15 46 903.784
15 47 782.885
15 48 691.143
15 49 633.973
15 50 614.548
15 51 633.973
15 52 691.143
15 53 782.885
15 54 903.784
15 55 1046.39
15 56 1201.31
15 57 1357.45
15 58 1502.44
15 59 1623.21
15 60 1706.81
15 61 1741.21
15 62 1716.24
15 63 1624.36
15 64 1461.5
15 65 1227.34
15 66 925.6
15 67 563.73
15 68 152.505
15 69 -294.804
15 70 -763.295
15 71 -1237.51
15 72 -1702.31
15 73 -2143.85
15 74 -2550.07
15 75 -2911.26
15 76 -3220.12
15 77 -3471.89
15 78 -3664.06
15 79 -3796.2
15 80 -3869.6
15 81 -3886.97
15 82 -3852.11
15 83 -3769.7
15 84 -3644.99
15 85 -3483.71
15 86 -3291.78
15 87 -3075.29
15 88 -2840.17
15 89 -2592.17
15 90 -2336.59
15 91 -2078.18
15 92 -1820.99
15 93 -1568.2
15 94 -1322.11
15 95 -1084.05
15 96 -854.428
15 97 -632.758
15 98 -417.776
15 99 -207.628
15 100 0

16 0 0
16 1 -253.383
16 2 -507.99
16 3 -764.847
16 4 -1024.62
16 5 -1287.44
16 6 -1552.81
16 7 -1819.51
16 8 -2085.6
16 9 -2348.45
16 10 -2604.77
16 11 -2850.76
16 12 -3082.26
16 13 -3294.81
16 14 -3483.9
16 15 -3644.99
16 16 -3773.72
16 17 -3865.86
16 18 -3917.51
16 19 -3925.02
16 20 -3885.2
16 21 -3795.29
16 22 -3653.3
16 23 -3458.04
16 24 -3209.64
16 25 -2909.65
16 26 -2561.61
16 27 -2171.09
16 28 -1746.06
16 29 -1296.68
16 30 -835.217
16 31 -375.421
16 32 68.0951
16 33 480.818
16 34 849.287
16 35 1162.1
16 36 1410.7
16 37 1590.19
16 38 1699.41
16 39 1741.22
16 40 1721.99
16 41 1651.11
16 42 1540.13
16 43 1401.95
16 44 1249.83
16 45 1096.62
16 46 954.053
16 47 832.258
16 48 739.347
16 49 681.183
16 50 661.406
16 51 681.183
16 52 739.347
16 53 832.258
16 54 954.053
16 55 1096.62
16 56 1249.83
16 57 1401.95
16 58 1540.13
16 59 1651.11
16 60 1721.99
16 61 1741.22
16 62 1699.41
16 63 1590.19
16 64 1410.7
16 65 1162.1
16 66 849.287
16 67 480.818
16 68 68.0951
16 69 -375.421
16 70 -835.217
16 71 -1296.68
16 72 -1746.06
16 73 -2171.09
16 74 -2561.61
16 75 -2909.65
16 76 -3209.64
16 77 -3458.04
16 78 -3653.3
16 79 -3795.29
16 80 -3885.2
16 81 -3925.02
16 82 -3917.51
16 83 -3865.86
16 84 -3773.72
16 85 -3644.99
16 86 -3483.9
16 87 -3294.81
16 88 -3082.26
16 89 -2850.76
16 90 -2604.77
16 91 -2348.45
16 92 -2085.6
16 93 -1819.51
16 94 -1552.81
16 95 -1287.44
16 96 -1024.62
16 97 -764.847
16 98 -507.99
16 99 -253.383
16 100 0

17 0 0
17 1 -297.752
17 2 -595.299
17 3 -892.275
17 4 -1188.05
17 5 -1481.6
17 6 -1771.42
17 7 -2055.55
17 8 -2331.52
17 9 -2596.48
17 10 -2847.21
17 11 -3080.36
17 12 -3292.47
17 13 -3480.17
17 14 -3640.23
17 15 -3769.7
17 16 -3865.86
17 17 -3926.29
17 18 -3948.74
17 19 -3931.21
17 20 -3871.75
17 21 -3768.65
17 22 -3620.37
17 23 -3425.86
17 24 -3184.68
17 25 -2897.55
17 26 -2566.53
17 27 -2195.59
17 28 -1790.77
17 29 -1360.42
17 30 -915.023
17 31 -466.988
17 32 -29.9241
17 33 382.093
17 34 755.497
17 35 1078.27
17 36 1340.92
17 37 1537.13
17 38 1664.45
17 39 1724.27
17 40 1721.77
17 41 1665.4
17 42 1566.17
17 43 1436.71
17 44 1290.41
17 45 1140.55
17 46 999.434
17 47 877.825
17 48 784.482
17 49 725.868
17 50 705.873
17 51 725.868
17 52 784.482
17 53 877.825
17 54 999.434
17 55 1140.55
17 56 1290.41
17 57 1436.71
17 58 1566.17
17 59 1665.4
17 60 1721.77
17 61 1724.27
17 62 1664.45
17 63 1537.13
17 64 1340.92
17 65 1078.27
17 66 755.497
17 67 382.093
17 68 -29.9241
17 69 -466.988
17 70 -915.023
17 71 -1360.42
17 72 -1790.77
17 73 -2195.59
17 74 -2566.53
17 75 -2897.55
17 76 -3184.68
17 77 -3425.86
17 78 -3620.37
17 79 -3768.65
17 80 -3871.75
17 81 -3931.21
17 82 -3948.74
17 83 -3926.29
17 84 -3865.86
17 85 -3769.7
17 86 -3640.23
17 87 -3480.17
17 88 -3292.47
17 89 -3080.36
17 90 -2847.21
17 91 -2596.48
17 92 -2331.52
17 93 -2055.55
17 94 -1771.42
17 95 -1481.6
17 96 -1188.05
17 97 -892.275
17 98 -595.299
17 99 -297.752
17 100 0

18 0 0
18 1 -338.336
18 2 -674.993
18 3 -1008.18
18 4 -1335.97
18 5 -1656.18
18 6 -1966.37
18 7 -2263.9
18 8 -2545.89
18 9 -2809.41
18 10 -3051.49
18 11 -3269.32
18 12 -3460.35
18 13 -3622.29
18 14 -3753.37
18 15 -3852.11
18 16 -3917.51
18 17 -3948.74
18 18 -3945.21
18 19 -3906.27
18 20 -3831.18
18 21 -3718.99
18 22 -3568.6
18 23 -3378.84
18 24 -3148.81
18 25 -2878.16
18 26 -2567.65
18 27 -2219.51
18 28 -1838
18 29 -1429.54
18 30 -1002.95
18 31 -569.165
18 32 -140.808
18 33 268.564
18 34 645.342
18 35 977.032
18 36 1253.09
18 37 1466.03
18 38 1611.84
18 39 1690.58
18 40 1706.08
18 41 1665.79
18 42 1579.99
18 43 1461
18 44 1322.24
18 45 1177.27
18 46 1038.92
18 47 918.59
18 48 825.624
18 49 766.992
18 50 746.982
18 51 766.992
18 52 825.624
18 53 918.59
18 54 1038.92
18 55 1177.27
18 56 1322.24
18 57 1461
18 58 1579.99
18 59 1665.79
18 60 1706.08
18 61 1690.58
18 62 1611.84
18 63 1466.03
18 64 1253.09
18 65 977.032
18 66 645.342
18 67 268.564
18 68 -140.808
18 69 -569.165
18 70 -1002.95
18 71 -1429.54
18 72 -1838
18 73 -2219.51
18 74 -2567.65
18 75 -2878.16
18 76 -3148.81
18 77 -3378.84
18 78 -3568.6
18 79 -3718.99
18 80 -3831.18
18 81 -3906.27
18 82 -3945.21
18 83 -3948.74
18 84 -3917.51
18 85 -3852.11
18 86 -3753.37
18 87 -3622.29
18 88 -3460.35
18 89 -3269.32
18 90 -3051.49
18 91 -2809.41
18 92 -2545.89
18 93 -2263.9
18 94 -1966.37
18 95 -1656.18
18 96 -1335.97
18 97 -1008.18
18 98 -674.993
18 99 -338.336
18 100 0

19 0 0
19 1 -372.69
19 2 -742.267
19 3 -1105.59
19 4 -1459.47
19 5 -1800.68
19 6 -2125.95
19 7 -2432.07
19 8 -2715.91
19 9 -2974.58
19 10 -3205.47
19 11 -3406.46
19 12 -3575.87
19 13 -3712.66
19 14 -3816.34
19 15 -3886.97
19 16 -3925.02
19 17 -3931.21
19 18 -3906.27
19 19 -3850.82
19 20 -3765.01
19 21 -3648.56
19 22 -3500.58
19 23 -3319.79
19 24 -3104.64
19 25 -2853.89
19 26 -2566.85
19 27 -2244.23
19 28 -1888.45
19 29 -1504.19
19 30 -1098.55
19 31 -681.083
19 32 -263.345
19 33 141.655
19 34 520.373
19 35 859.804
19 36 1148.58
19 37 1377.88
19 38 1542.38
19 39 1640.62
19 40 1675.1
19 41 1652.13
19 42 1581.23
19 43 1474.28
19 44 1344.59
19 45 1205.96
19 46 1071.66
19 47 953.619
19 48 861.807
19 49 803.651
19 50 783.74
19 51 803.651
19 52 861.807
19 53 953.619
19 54 1071.66
19 55 1205.96
19 56 1344.59
19 57 1474.28
19 58 1581.23
19 59 1652.13
19 60 1675.1
19 61 1640.62
19 62 1542.38
19 63 1377.88
19 64 1148.58
19 65 859.804
19 66 520.373
19 67 141.655
19 68 -263.345
19 69 -681.083
19 70 -1098.55
19 71 -1504.19
19 72 -1888.45
19 73 -2244.23
19 74 -2566.85
19 75 -2853.89
19 76 -3104.64
19 77 -3319.79
19 78 -3500.58
19 79 -3648.56
19 80 -3765.01
19 81 -3850.82
19 82 -3906.27
19 83 -3931.21
19 84 -3925.02
19 85 -3886.97
19 86 -3816.34
19 87 -3712.66
19 88 -3575.87
19 89 -3406.46
19 90 -3205.47
19 91 -2974.58
19 92 -2715.91
19 93 -2432.07
19 94 -2125.95
19 95 -1800.68
19 96 -1459.47
19 97 -1105.59
19 98 -742.267
19 99 -372.69
19 100 0

20 0 0
20 1 -398.439
20 2 -792.484
20 3 -1177.78
20 4 -1550.06
20 5 -1905.17
20 6 -2239.2
20 7 -2548.48
20 8 -2829.8
20 9 -3080.4
20 10 -3298.15
20 11 -3481.61
20 12 -3630.09
20 13 -3743.62
20 14 -3823.02
20 15 -3869.6
20 16 -3885.2
20 17 -3871.75
20 18 -3831.18
20 19 -3765.01
20 20 -3674.16
20 21 -3558.72
20 22 -3417.99
20 23 -3250.35
20 24 -3053.75
20 25 -2825.89
20 26 -2564.93
20 27 -2269.99
20 28 -1941.92
20 29 -1583.61
20 30 -1200.66
20 31 -801.151
20 32 -395.668
20 33 3.39043
20 34 382.579
20 35 728.569
20 36 1029.08
20 37 1274.25
20 38 1457.28
20 39 1575.27
20 40 1629.35
20 41 1624.68
20 42 1569.88
20 43 1476.28
20 44 1357.05
20 45 1226.07
20 46 1097.01
20 47 982.263
20 48 892.31
20 49 835.081
20 50 815.459
20 51 835.081
20 52 892.31
20 53 982.263
20 54 1097.01
20 55 1226.07
20 56 1357.05
20 57 1476.28
20 58 1569.88
20 59 1624.68
20 60 1629.35
20 61 1575.27
20 62 1457.28
20 63 1274.25
20 64 1029.08
20 65 728.569
20 66 382.579
20 67 3.39043
20 68 -395.668
20 69 -801.151
20 70 -1200.66
20 71 -1583.61
20 72 -1941.92
20 73 -2269.99
20 74 -2564.93
20 75 -2825.89
20 76 -3053.75
20 77 -3250.35
20 78 -3417.99
20 79 -3558.72
20 80 -3674.16
20 81 -3765.01
20 82 -3831.18
20 83 -3871.75
20 84 -3885.2
20 85 -3869.6
20 86 -3823.02
20 87 -3743.62
20 88 -3630.09
20 89 -3481.61
20 90 -3298.15
20 91 -3080.4
20 92 -2829.8
20 93 -2548.48
20 94 -2239.2
20 95 -1905.17
20 96 -1550.06
20 97 -1177.78
20 98 -792.484
20 99 -398.439
20 100 0

21 0 0
21 1 -413.545
21 2 -821.655
21 3 -1219
21 4 -1600.44
21 5 -1961.15
21 6 -2296.71
21 7 -2603.26
21 8 -2877.56
21 9 -3117.14
21 10 -3320.35
21 11 -3486.48
21 12 -3615.69
21 13 -3709.06
21 14 -3768.4
21 15 -3796.2
21 16 -3795.29
21 17 -3768.65
21 18 -3718.99
21 19 -3648.56
21 20 -3558.72
21 21 -3449.88
21 22 -3321.2
21 23 -3170.89
21 24 -2996.19
21 25 -2794
21 26 -2561.27
21 27 -2295.83
21 28 -1996.91
21 29 -1665.98
21 30 -1307.03
21 31 -926.916
21 32 -535.16
21 33 -143.555
21 34 234.678
21 35 585.832
21 36 897.021
21 37 1157.17
21 38 1358.26
21 39 1495.91
21 40 1569.92
21 41 1584.18
21 42 1546.37
21 43 1467.23
21 44 1359.61
21 45 1237.49
21 46 1114.71
21 47 1004.16
21 48 916.786
21 49 860.899
21 50 841.697
21 51 860.899
21 52 916.786
21 53 1004.16
21 54 1114.71
21 55 1237.49
21 56 1359.61
21 57 1467.23
21 58 1546.37
21 59 1584.18
21 60 1569.92
21 61 1495.91
21 62 1358.26
21 63 1157.17
21 64 897.021
21 65 585.832
21 66 234.678
21 67 -143.555
21 68 -535.16
21 69 -926.916
21 70 -1307.03
21 71 -1665.98
21 72 -1996.91
21 73 -2295.83
21 74 -2561.27
21 75 -2794
21 76 -2996.19
21 77 -3170.89
21 78 -3321.2
21 79 -3449.88
21 80 -3558.72
21 81 -3648.56
21 82 -3718.99
21 83 -3768.65
21 84 -3795.29
21 85 -3796.2
21 86 -3768.4
21 87 -3709.06
21 88 -3615.69
21 89 -3486.48
21 90 -3320.35
21 91 -3117.14
21 92 -2877.56
21 93 -2603.26
21 94 -2296.71
21 95 -1961.15
21 96 -1600.44
21 97 -1219
21 98 -821.655
21 99 -413.545
21 100 0

22 0 0
22 1 -416.445
22 2 -826.736
22 3 -1224.85
22 4 -1605.1
22 5 -1962.22
22 6 -2291.55
22 7 -2589.16
22 8 -2851.96
22 9 -3077.81
22 10 -3265.59
22 11 -3415.2
22 12 -3527.61
22 13 -3604.66
22 14 -3649.05
22 15 -3664.06
22 16 -3653.3
22 17 -3620.37
22 18 -3568.6
22 19 -3500.58
22 20 -3417.99
22 21 -3321.2
22 22 -3209.37
22 23 -3080.24
22 24 -2930.6
22 25 -2756.44
22 26 -2553.81
22 27 -2319.24
22 28 -2050.7
22 29 -1748.2
22 30 -1414.4
22 31 -1054.89
22 32 -678.24
22 33 -295.556
22 34 80.1403
22 35 435.008
22 36 755.442
22 37 1029.5
22 38 1247.83
22 39 1404.72
22 40 1498.58
22 41 1532.08
22 42 1511.87
22 43 1448
22 44 1352.99
22 45 1240.67
22 46 1125.16
22 47 1019.62
22 48 935.433
22 49 881.301
22 50 862.621
22 51 881.301
22 52 935.433
22 53 1019.62
22 54 1125.16
22 55 1240.67
22 56 1352.99
22 57 1448
22 58 1511.87
22 59 1532.08
22 60 1498.58
22 61 1404.72
22 62 1247.83
22 63 1029.5
22 64 755.442
22 65 435.008
22 66 80.1403
22 67 -295.556
22 68 -678.24
22 69 -1054.89
22 70 -1414.4
22 71 -1748.2
22 72 -2050.7
22 73 -2319.24
22 74 -2553.81
22 75 -2756.44
22 76 -2930.6
22 77 -3080.24
22 78 -3209.37
22 79 -3321.2
22 80 -3417.99
22 81 -3500.58
22 82 -3568.6
22 83 -3620.37
22 84 -3653.3
22 85 -3664.06
22 86 -3649.05
22 87 -3604.66
22 88 -3527.61
22 89 -3415.2
22 90 -3265.59
22 91 -3077.81
22 92 -2851.96
22 93 -2589.16
22 94 -2291.55
22 95 -1962.22
22 96 -1605.1
22 97 -1224.85
22 98 -826.736
22 99 -416.445
22 100 0

23 0 0
23 1 -406.239
23 2 -805.97
23 3 -1192.85
23 4 -1560.95
23 5 -1904.87
23 6 -2219.93
23 7 -2502.35
23 8 -2749.25
23 9 -2958.93
23 10 -3130.69
23 11 -3265.04
23 12 -3363.49
23 13 -3428.53
23 14 -3463.39
23 15 -3471.89
23 16 -3458.04
23 17 -3425.86
23 18 -3378.84
23 19 -3319.79
23 20 -3250.35
23 21 -3170.89
23 22 -3080.24
23 23 -2975.9
23 24 -2854.01
23 25 -2710
23 26 -2538.91
23 27 -2336.37
23 28 -2099.09
23 29 -1825.93
23 30 -1518.23
23 31 -1180.48
23 32 -820.252
23 33 -448.032
23 34 -76.4901
23 35 280.34
23 36 608.475
23 37 894.987
23 38 1129.44
23 39 1304.78
23 40 1418.09
23 41 1470.77
23 42 1468.45
23 43 1420.42
23 44 1338.7
23 45 1237.02
23 46 1129.53
23 47 1029.74
23 48 949.289
23 49 897.232
23 50 879.257
23 51 897.232
23 52 949.289
23 53 1029.74
23 54 1129.53
23 55 1237.02
23 56 1338.7
23 57 1420.42
23 58 1468.45
23 59 1470.77
23 60 1418.09
23 61 1304.78
23 62 1129.44
23 63 894.987
23 64 608.475
23 65 280.34
23 66 -76.4901
23 67 -448.032
23 68 -820.252
23 69 -1180.48
23 70 -1518.23
23 71 -1825.93
23 72 -2099.09
23 73 -2336.37
23 74 -2538.91
23 75 -2710
23 76 -2854.01
23 77 -2975.9
23 78 -3080.24
23 79 -3170.89
23 80 -3250.35
23 81 -3319.79
23 82 -3378.84
23 83 -3425.86
23 84 -3458.04
23 85 -3471.89
23 86 -3463.39
23 87 -3428.53
23 88 -3363.49
23 89 -3265.04
23 90 -3130.69
23 91 -2958.93
23 92 -2749.25
23 93 -2502.35
23 94 -2219.93
23 95 -1904.87
23 96 -1560.95
23 97 -1192.85
23 98 -805.97
23 99 -406.239
23 100 0

24 0 0
24 1 -382.809
24 2 -759.147
24 3 -1122.72
24 4 -1467.72
24 5 -1788.87
24 6 -2081.77
24 7 -2342.87
24 8 -2569.72
24 9 -2760.95
24 10 -2916.35
24 11 -3036.81
24 12 -3124.27
24 13 -3181.52
24 14 -3212.16
24 15 -3220.12
24 16 -3209.64
24 17 -3184.68
24 18 -3148.81
24 19 -3104.64
24 20 -3053.75
24 21 -2996.19
24 22 -2930.6
24 23 -2854.01
24 24 -2762.2
24 25 -2649.93
24 26 -2511.62
24 27 -2341.92
24 28 -2136.67
24 29 -1893.52
24 30 -1612.79
24 31 -1297.88
24 32 -955.457
24 33 -595.282
24 34 -229.726
24 35 127.277
24 36 461.219
24 37 758.514
24 38 1007.61
24 39 1200.29
24 40 1332.28
24 41 1403.77
24 42 1419.3
24 43 1387.34
24 44 1319.4
24 45 1228.94
24 46 1130.13
24 47 1036.63
24 48 960.412
24 49 910.766
24 50 893.515
24 51 910.766
24 52 960.412
24 53 1036.63
24 54 1130.13
24 55 1228.94
24 56 1319.4
24 57 1387.34
24 58 1419.3
24 59 1403.77
24 60 1332.28
24 61 1200.29
24 62 1007.61
24 63 758.514
24 64 461.219
24 65 127.277
24 66 -229.726
24 67 -595.282
24 68 -955.457
24 69 -1297.88
24 70 -1612.79
24 71 -1893.52
24 72 -2136.67
24 73 -2341.92
24 74 -2511.62
24 75 -2649.93
24 76 -2762.2
24 77 -2854.01
24 78 -2930.6
24 79 -2996.19
24 80 -3053.75
24 81 -3104.64
24 82 -3148.81
24 83 -3184.68
24 84 -3209.64
24 85 -3220.12
24 86 -3212.16
24 87 -3181.52
24 88 -3124.27
24 89 -3036.81
24 90 -2916.35
24 91 -2760.95
24 92 -2569.72
24 93 -2342.87
24 94 -2081.77
24 95 -1788.87
24 96 -1467.72
24 97 -1122.72
24 98 -759.147
24 99 -382.809
24 100 0

25 0 0
25 1 -346.866
25 2 -687.672
25 3 -1016.56
25 4 -1328.12
25 5 -1617.56
25 6 -1880.89
25 7 -2115.04
25 8 -2317.94
25 9 -2488.69
25 10 -2627.36
25 11 -2735.18
25 12 -2814.24
25 13 -2867.52
25 14 -2898.54
25 15 -2911.26
25 16 -2909.65
25 17 -2897.55
25 18 -2878.16
25 19 -2853.89
25 20 -2825.89
25 21 -2794
25 22 -2756.44
25 23 -2710
25 24 -2649.93
25 25 -2570.63
25 26 -2465.83
25 27 -2329.58
25 28 -2156.79
25 29 -1944.27
25 30 -1691.3
25 31 -1400.29
25 32 -1077.01
25 33 -730.555
25 34 -372.821
25 35 -17.7468
25 36 319.99
25 37 626.087
25 38 888.119
25 39 1096.68
25 40 1246.28
25 41 1335.85
25 42 1368.88
25 43 1352.98
25 44 1299.02
25 45 1220.14
25 46 1130.46
25 47 1043.74
25 48 972.109
25 49 925.077
25 50 908.719
25 51 925.077
25 52 972.109
25 53 1043.74
25 54 1130.46
25 55 1220.14
25 56 1299.02
25 57 1352.98
25 58 1368.88
25 59 1335.85
25 60 1246.28
25 61 1096.68
25 62 888.119
25 63 626.087
25 64 319.99
25 65 -17.7468
25 66 -372.821
25 67 -730.555
25 68 -1077.01
25 69 -1400.29
25 70 -1691.3
25 71 -1944.27
25 72 -2156.79
25 73 -2329.58
25 74 -2465.83
25 75 -2570.63
25 76 -2649.93
25 77 -2710
25 78 -2756.44
25 79 -2794
25 80 -2825.89
25 81 -2853.89
25 82 -2878.16
25 83 -2897.55
25 84 -2909.65
25 85 -2911.26
25 86 -2898.54
25 87 -2867.52
25 88 -2814.24
25 89 -2735.18
25 90 -2627.36
25 91 -2488.69
25 92 -2317.94
25 93 -2115.04
25 94 -1880.89
25 95 -1617.56
25 96 -1328.12
25 97 -1016.56
25 98 -687.672
25 99 -346.866
25 100 0

26 0 0
26 1 -299.931
26 2 -594.551
26 3 -878.754
26 4 -1147.85
26 5 -1397.72
26 6 -1625.02
26 7 -1827.21
26 8 -2002.78
26 9 -2151.11
26 10 -2272.64
26 11 -2368.66
26 12 -2441.37
26 13 -2493.56
26 14 -2528.61
26 15 -2550.07
26 16 -2561.61
26 17 -2566.53
26 18 -2567.65
26 19 -2566.85
26 20 -2564.93
26 21 -2561.27
26 22 -2553.81
26 23 -2538.91
26 24 -2511.62
26 25 -2465.83
26 26 -2394.93
26 27 -2292.3
26 28 -2152.27
26 29 -1970.76
26 30 -1746.19
26 31 -1480.05
26 32 -1177.26
26 33 -846.183
26 34 -498.273
26 35 -147.194
26 36 192.105
26 37 504.88
26 38 777.862
26 39 1000.6
26 40 1166.41
26 41 1273.08
26 42 1323
26 43 1322.82
26 44 1282.81
26 45 1215.7
26 46 1135.44
26 47 1055.77
26 48 989.003
26 49 944.819
26 50 929.383
26 51 944.819
26 52 989.003
26 53 1055.77
26 54 1135.44
26 55 1215.7
26 56 1282.81
26 57 1322.82
26 58 1323
26 59 1273.08
26 60 1166.41
26 61 1000.6
26 62 777.862
26 63 504.88
26 64 192.105
26 65 -147.194
26 66 -498.273
26 67 -846.183
26 68 -1177.26
26 69 -1480.05
26 70 -1746.19
26 71 -1970.76
26 72 -2152.27
26 73 -2292.3
26 74 -2394.93
26 75 -2465.83
26 76 -2511.62
26 77 -2538.91
26 78 -2553.81
26 79 -2561.27
26 80 -2564.93
26 81 -2566.85
26 82 -2567.65
26 83 -2566.53
26 84 -2561.61
26 85 -2550.07
26 86 -2528.61
26 87 -2493.56
26 88 -2441.37
26 89 -2368.66
26 90 -2272.64
26 91 -2151.11
26 92 -2002.78
26 93 -1827.21
26 94 -1625.02
26 95 -1397.72
26 96 -1147.85
26 97 -878.754
26 98 -594.551
26 99 -299.931
26 100 0

27 0 0
27 1 -244.251
27 2 -484.207
27 3 -715.779
27 4 -935.192
27 5 -1139.23
27 6 -1325.28
27 7 -1491.51
27 8 -1636.84
27 9 -1761.09
27 10 -1864.82
27 11 -1949.43
27 12 -2016.9
27 13 -2069.83
27 14 -2111.1
27 15 -2143.85
27 16 -2171.09
27 17 -2195.59
27 18 -2219.51
27 19 -2244.23
27 20 -2269.99
27 21 -2295.83
27 22 -2319.24
27 23 -2336.37
27 24 -2341.92
27 25 -2329.58
27 26 -2292.3
27 27 -2223.12
27 28 -2115.7
27 29 -1965.33
27 30 -1769.61
27 31 -1529.16
27 32 -1248.08
27 33 -933.995
27 34 -597.766
27 35 -252.879
27 36 85.7504
27 37 402.941
27 38 684.748
27 39 919.761
27 40 1100.22
27 41 1222.75
27 42 1288.64
27 43 1303.66
27 44 1277.35
27 45 1221.97
27 46 1151.21
27 47 1078.8
27 48 1017.1
27 49 975.873
27 50 961.398
27 51 975.873
27 52 1017.1
27 53 1078.8
27 54 1151.21
27 55 1221.97
27 56 1277.35
27 57 1303.66
27 58 1288.64
27 59 1222.75
27 60 1100.22
27 61 919.761
27 62 684.748
27 63 402.941
27 64 85.7504
27 65 -252.879
27 66 -597.766
27 67 -933.995
27 68 -1248.08
27 69 -1529.16
27 70 -1769.61
27 71 -1965.33
27 72 -2115.7
27 73 -2223.12
27 74 -2292.3
27 75 -2329.58
27 76 -2341.92
27 77 -2336.37
27 78 -2319.24
27 79 -2295.83
27 80 -2269.99
27 81 -2244.23
27 82 -2219.51
27 83 -2195.59
27 84 -2171.09
27 85 -2143.85
27 86 -2111.1
27 87 -2069.83
27 88 -2016.9
27 89 -1949.43
27 90 -1864.82
27 91 -1761.09
27 92 -1636.84
27 93 -1491.51
27 94 -1325.28
27 95 -1139.23
27 96 -935.192
27 97 -715.779
27 98 -484.207
27 99 -244.251
27 100 0

28 0 0
28 1 -182.629
28 2 -362.167
28 3 -535.675
28 4 -700.488
28 5 -854.359
28 6 -995.551
28 7 -1122.89
28 8 -1235.87
28 9 -1334.56
28 10 -1419.74
28 11 -1492.65
28 12 -1555.12
28 13 -1609.26
28 14 -1657.51
28 15 -1702.31
28 16 -1746.06
28 17 -1790.77
28 18 -1838
28 19 -1888.45
28 20 -1941.92
28 21 -1996.91
28 22 -2050.7
28 23 -2099.09
28 24 -2136.67
28 25 -2156.79
28 26 -2152.27
28 27 -2115.7
28 28 -2040.34
28 29 -1920.84
28 30 -1754.06
28 31 -1539.85
28 32 -1281.45
28 33 -985.725
28 34 -662.966
28 35 -326.265
28 36 9.47572
28 37 328.836
28 38 617.312
28 39 862.612
28 40 1055.99
28 41 1192.96
28 42 1273.79
28 43 1303.27
28 44 1290.23
28 45 1246.36
28 46 1185.1
28 47 1120
28 48 1063.44
28 49 1025.26
28 50 1011.84
28 51 1025.26
28 52 1063.44
28 53 1120
28 54 1185.1
28 55 1246.36
28 56 1290.23
28 57 1303.27
28 58 1273.79
28 59 1192.96
28 60 1055.99
28 61 862.612
28 62 617.312
28 63 328.836
28 64 9.47572
28 65 -326.265
28 66 -662.966
28 67 -985.725
28 68 -1281.45
28 69 -1539.85
28 70 -1754.06
28 71 -1920.84
28 72 -2040.34
28 73 -2115.7
28 74 -2152.27
28 75 -2156.79
28 76 -2136.67
28 77 -2099.09
28 78 -2050.7
28 79 -1996.91
28 80 -1941.92
28 81 -1888.45
28 82 -1838
28 83 -1790.77
28 84 -1746.06
28 85 -1702.31
28 86 -1657.51
28 87 -1609.26
28 88 -1555.12
28 89 -1492.65
