0 0 0
0 1 0
0 2 0
0 3 0
0 4 0
0 5 0
0 6 0
0 7 0
0 8 0
0 9 0
0 10 0
0 11 0
0 12 0
0 13 0
0 14 0
0 15 0
0 16 0
0 17 0
0 18 0
0 19 0
0 20 0
0 21 0
0 22 0
0 23 0
0 24 0
0 25 0
0 26 0
0 27 0
0 28 0
0 29 0
0 30 0
0 31 0
0 32 0
0 33 0
0 34 0
0 35 0
0 36 0
0 37 0
0 38 0
0 39 0
0 40 0
0 41 0
0 42 0
0 43 0
0 44 0
0 45 0
0 46 0
0 47 0
0 48 0
0 49 0
0 50 0
0 51 0
0 52 0
0 53 0
0 54 0
0 55 0
0 56 0
0 57 0
0 58 0
0 59 0
0 60 0
0 61 0
0 62 0
0 63 0
0 64 0
0 65 0
0 66 0
0 67 0
0 68 0
0 69 0
0 70 0
0 71 0
0 72 0
0 73 0
0 74 0
0 75 0
0 76 0
0 77 0
0 78 0
0 79 0
0 80 0
0 81 0
0 82 0
0 83 0
0 84 0
0 85 0
0 86 0
0 87 0
0 88 0
0 89 0
0 90 0
0 91 0
0 92 0
0 93 0
0 94 0
0 95 0
0 96 0
0 97 0
0 98 0
0 99 0
0 100 0

1 0 0
1 1 -60.8218
1 2 -117.842
1 3 -167.566
1 4 -207.009
1 5 -233.977
1 6 -247.169
1 7 -246.259
1 8 -231.931
1 9 -205.718
1 10 -169.922
1 11 -127.368
1 12 -81.1404
1 13 -34.3934
1 14 9.96539
1 15 49.4302
1 16 82.0649
1 17 106.604
1 18 122.466
1 19 129.716
1 20 128.981
1 21 121.351
1 22 108.171
1 23 90.9695
1 24 71.2633
1 25 50.448
1 26 29.7447
1 27 10.1232
1 28 -7.7065
1 29 -23.3142
1 30 -36.4667
1 31 -47.1704
1 32 -55.5438
1 33 -61.8171
1 34 -66.2603
1 35 -69.2073
1 36 -70.958
1 37 -71.7826
1 38 -71.9226
1 39 -71.5994
1 40 -70.9886
1 41 -70.1961
1 42 -69.3287
1 43 -68.4633
1 44 -67.6664
1 45 -66.937
1 46 -66.3332
1 47 -65.8447
1 48 -65.4875
1 49 -65.2735
1 50 -65.2031
1 51 -65.2735
1 52 -65.4875
1 53 -65.8447
1 54 -66.3332
1 55 -66.937
1 56 -67.6664
1 57 -68.4633
1 58 -69.3287
1 59 -70.1961
1 60 -70.9886
1 61 -71.5994
1 62 -71.9226
1 63 -71.7826
1 64 -70.958
1 65 -69.2073
1 66 -66.2603
1 67 -61.8171
1 68 -55.5438
1 69 -47.1704
1 70 -36.4667
1 71 -23.3142
1 72 -7.7065
1 73 10.1232
1 74 29.7447
1 75 50.448
1 76 71.2633
1 77 90.9695
1 78 108.171
1 79 121.351
1 80 128.981
1 81 129.716
1 82 122.466
1 83 106.604
1 84 82.0649
1 85 49.4302
1 86 9.96539
1 87 -34.3934
1 88 -81.1404
1 89 -127.368
1 90 -169.922
1 91 -205.718
1 92 -231.931
1 93 -246.259
1 94 -247.169
1 95 -233.977
1 96 -207.009
1 97 -167.566
1 98 -117.842
1 99 -60.8218
1 100 0

2 0 0
2 1 -117.842
2 2 -228.308
2 3 -324.611
2 4 -400.951
2 5 -453.055
2 6 -478.379
2 7 -476.277
2 8 -448.052
2 9 -396.682
2 10 -326.629
2 11 -243.383
2 12 -152.954
2 13 -61.4843
2 14 25.3407
2 15 102.608
2 16 166.508
2 17 214.529
2 18 245.505
2 19 259.54
2 20 257.848
2 21 242.542
2 22 216.253
2 23 181.97
2 24 142.674
2 25 101.143
2 26 59.794
2 27 20.5634
2 28 -15.1531
2 29 -46.4754
2 30 -72.9366
2 31 -94.5014
2 32 -111.416
2 33 -124.132
2 34 -133.201
2 35 -139.244
2 36 -142.863
2 37 -144.612
2 38 -144.996
2 39 -144.424
2 40 -143.234
2 41 -141.689
2 42 -139.995
2 43 -138.285
2 44 -136.674
2 45 -135.257
2 46 -134.038
2 47 -133.055
2 48 -132.36
2 49 -131.92
2 50 -131.784
2 51 -131.92
2 52 -132.36
2 53 -133.055
2 54 -134.038
2 55 -135.257
2 56 -136.674
2 57 -138.285
2 58 -139.995
2 59 -141.689
2 60 -143.234
2 61 -144.424
2 62 -144.996
2 63 -144.612
2 64 -142.863
2 65 -139.244
2 66 -133.201
2 67 -124.132
2 68 -111.416
2 69 -94.5014
2 70 -72.9366
2 71 -46.4754
2 72 -15.1531
2 73 20.5634
2 74 59.794
2 75 101.143
2 76 142.674
2 77 181.97
2 78 216.253
2 79 242.542
2 80 257.848
2 81 259.54
2 82 245.505
2 83 214.529
2 84 166.508
2 85 102.608
2 86 25.3407
2 87 -61.4843
2 88 -152.954
2 89 -243.383
2 90 -326.629
2 91 -396.682
2 92 -448.052
2 93 -476.277
2 94 -478.379
2 95 -453.055
2 96 -400.951
2 97 -324.611
2 98 -228.308
2 99 -117.842
2 100 0

3 0 0
3 1 -167.566
3 2 -324.611
3 3 -461.422
3 4 -569.732
3 5 -643.403
3 6 -678.781
3 7 -674.913
3 8 -633.606
3 9 -559.093
3 10 -457.723
3 11 -337.336
3 12 -206.57
3 13 -74.2486
3 14 51.4039
3 15 163.267
3 16 255.788
3 17 325.275
3 18 369.961
3 19 389.924
3 20 386.861
3 21 363.776
3 22 324.498
3 23 273.359
3 24 214.731
3 25 152.679
3 26 90.7796
3 27 31.8983
3 28 -21.8385
3 29 -69.092
3 30 -109.144
3 31 -141.93
3 32 -167.764
3 33 -187.291
3 34 -201.306
3 35 -210.753
3 36 -216.522
3 37 -219.435
3 38 -220.224
3 39 -219.539
3 40 -217.91
3 41 -215.693
3 42 -213.211
3 43 -210.697
3 44 -208.349
3 45 -206.2
3 46 -204.402
3 47 -202.951
3 48 -201.885
3 49 -201.25
3 50 -201.034
3 51 -201.25
3 52 -201.885
3 53 -202.951
3 54 -204.402
3 55 -206.2
3 56 -208.349
3 57 -210.697
3 58 -213.211
3 59 -215.693
3 60 -217.91
3 61 -219.539
3 62 -220.224
3 63 -219.435
3 64 -216.522
3 65 -210.753
3 66 -201.306
3 67 -187.291
3 68 -167.764
3 69 -141.93
3 70 -109.144
3 71 -69.092
3 72 -21.8385
3 73 31.8983
3 74 90.7796
3 75 152.679
3 76 214.731
3 77 273.359
3 78 324.498
3 79 363.776
3 80 386.861
3 81 389.924
3 82 369.961
3 83 325.275
3 84 255.788
3 85 163.267
3 86 51.4039
3 87 -74.2486
3 88 -206.57
3 89 -337.336
3 90 -457.723
3 91 -559.093
3 92 -633.606
3 93 -674.913
3 94 -678.781
3 95 -643.403
3 96 -569.732
3 97 -461.422
3 98 -324.611
3 99 -167.566
3 100 0

4 0 0
4 1 -207.009
4 2 -400.951
4 3 -569.732
4 4 -703.07
4 5 -793.279
4 6 -835.752
4 7 -829.249
4 8 -775.923
4 9 -681.01
4 10 -552.372
4 11 -399.776
4 12 -234.052
4 13 -66.274
4 14 93.1482
4 15 235.157
4 16 352.634
4 17 440.77
4 18 497.186
4 19 521.861
4 20 516.849
4 21 485.879
4 22 433.807
4 23 366.146
4 24 288.505
4 25 206.187
4 26 123.848
4 27 45.2853
4 28 -26.6961
4 29 -90.2424
4 30 -144.388
4 31 -188.923
4 32 -224.244
4 33 -251.139
4 34 -270.675
4 35 -284.019
4 36 -292.357
4 37 -296.786
4 38 -298.312
4 39 -297.775
4 40 -295.861
4 41 -293.126
4 42 -289.988
4 43 -286.767
4 44 -283.67
4 45 -280.911
4 46 -278.523
4 47 -276.605
4 48 -275.226
4 49 -274.366
4 50 -274.092
4 51 -274.366
4 52 -275.226
4 53 -276.605
4 54 -278.523
4 55 -280.911
4 56 -283.67
4 57 -286.767
4 58 -289.988
4 59 -293.126
4 60 -295.861
4 61 -297.775
4 62 -298.312
4 63 -296.786
4 64 -292.357
4 65 -284.019
4 66 -270.675
4 67 -251.139
4 68 -224.244
4 69 -188.923
4 70 -144.388
4 71 -90.2424
4 72 -26.6961
4 73 45.2853
4 74 123.848
4 75 206.187
4 76 288.505
4 77 366.146
4 78 433.807
4 79 485.879
4 80 516.849
4 81 521.861
4 82 497.186
4 83 440.77
4 84 352.634
4 85 235.157
4 86 93.1482
4 87 -66.274
4 88 -234.052
4 89 -399.776
4 90 -552.372
4 91 -681.01
4 92 -775.923
4 93 -829.249
4 94 -835.752
4 95 -793.279
4 96 -703.07
4 97 -569.732
4 98 -400.951
4 99 -207.009
4 100 0

5 0 0
5 1 -233.977
5 2 -453.055
5 3 -643.403
5 4 -793.279
5 5 -893.826
5 6 -939.702
5 7 -929.393
5 8 -865.23
5 9 -753.13
5 10 -602.025
5 11 -423.089
5 12 -228.827
5 13 -32.047
5 14 155.075
5 15 321.882
5 16 459.911
5 17 563.331
5 18 629.147
5 19 657.126
5 20 649.517
5 21 610.561
5 22 545.954
5 23 462.18
5 24 365.955
5 25 263.668
5 26 161.003
5 27 62.6202
5 28 -27.9379
5 29 -108.313
5 30 -177.21
5 31 -234.281
5 32 -279.897
5 33 -314.989
5 34 -340.795
5 35 -358.747
5 36 -370.282
5 37 -376.784
5 38 -379.485
5 39 -379.454
5 40 -377.579
5 41 -374.555
5 42 -370.937
5 43 -367.122
5 44 -363.454
5 45 -360.075
5 46 -357.191
5 47 -354.865
5 48 -353.147
5 49 -352.124
5 50 -351.763
5 51 -352.124
5 52 -353.147
5 53 -354.865
5 54 -357.191
5 55 -360.075
5 56 -363.454
5 57 -367.122
5 58 -370.937
5 59 -374.555
5 60 -377.579
5 61 -379.454
5 62 -379.485
5 63 -376.784
5 64 -370.282
5 65 -358.747
5 66 -340.795
5 67 -314.989
5 68 -279.897
5 69 -234.281
5 70 -177.21
5 71 -108.313
5 72 -27.9379
5 73 62.6202
5 74 161.003
5 75 263.668
5 76 365.955
5 77 462.18
5 78 545.954
5 79 610.561
5 80 649.517
5 81 657.126
5 82 629.147
5 83 563.331
5 84 459.911
5 85 321.882
5 86 155.075
5 87 -32.047
5 88 -228.827
5 89 -423.089
5 90 -602.025
5 91 -753.13
5 92 -865.23
5 93 -929.393
5 94 -939.702
5 95 -893.826
5 96 -793.279
5 97 -643.403
5 98 -453.055
5 99 -233.977
5 100 0

6 0 0
6 1 -247.169
6 2 -478.379
6 3 -678.781
6 4 -835.752
6 5 -939.702
6 6 -984.774
6 7 -969.21
6 8 -895.34
6 9 -769.417
6 10 -600.957
6 11 -401.993
6 12 -186.112
6 13 32.6835
6 14 240.937
6 15 426.759
6 16 580.587
6 17 695.682
6 18 768.421
6 19 798.251
6 20 787.415
6 21 740.463
6 22 663.674
6 23 564.315
6 24 449.992
6 25 328.083
6 26 205.165
6 27 86.7815
6 28 -22.8369
6 29 -120.733
6 30 -205.288
6 31 -275.894
6 32 -332.898
6 33 -377.243
6 34 -410.364
6 35 -433.865
6 36 -449.461
6 37 -458.774
6 38 -463.288
6 39 -464.302
6 40 -462.887
6 41 -459.938
6 42 -456.103
6 43 -451.959
6 44 -447.813
6 45 -444.019
6 46 -440.696
6 47 -438.018
6 48 -436.055
6 49 -434.844
6 50 -434.451
6 51 -434.844
6 52 -436.055
6 53 -438.018
6 54 -440.696
6 55 -444.019
6 56 -447.813
6 57 -451.959
6 58 -456.103
6 59 -459.938
6 60 -462.887
6 61 -464.302
6 62 -463.288
6 63 -458.774
6 64 -449.461
6 65 -433.865
6 66 -410.364
6 67 -377.243
6 68 -332.898
6 69 -275.894
6 70 -205.288
6 71 -120.733
6 72 -22.8369
6 73 86.7815
6 74 205.165
6 75 328.083
6 76 449.992
6 77 564.315
6 78 663.674
6 79 740.463
6 80 787.415
6 81 798.251
6 82 768.421
6 83 695.682
6 84 580.587
6 85 426.759
6 86 240.937
6 87 32.6835
6 88 -186.112
6 89 -401.993
6 90 -600.957
6 91 -769.417
6 92 -895.34
6 93 -969.21
6 94 -984.774
6 95 -939.702
6 96 -835.752
6 97 -678.781
6 98 -478.379
6 99 -247.169
6 100 0

7 0 0
7 1 -246.259
7 2 -476.277
7 3 -674.913
7 4 -829.249
7 5 -929.393
7 6 -969.21
7 7 -946.707
7 8 -864.065
7 9 -727.508
7 10 -546.683
7 11 -333.917
7 12 -103.286
7 13 130.576
7 14 353.429
7 15 552.538
7 16 717.485
7 17 840.736
7 18 918.032
7 19 948.385
7 20 933.861
7 21 879.074
7 22 790.645
7 23 676.353
7 24 544.536
7 25 403.37
7 26 260.303
7 27 121.661
7 28 -7.57542
7 29 -123.901
7 30 -225.21
7 31 -310.631
7 32 -380.327
7 33 -435.299
7 34 -477.035
7 35 -507.33
7 36 -528.075
7 37 -541.183
7 38 -548.372
7 39 -551.153
7 40 -550.807
7 41 -548.409
7 42 -544.812
7 43 -540.602
7 44 -536.304
7 45 -532.236
7 46 -528.666
7 47 -525.75
7 48 -523.584
7 49 -522.283
7 50 -521.815
7 51 -522.283
7 52 -523.584
7 53 -525.75
7 54 -528.666
7 55 -532.236
7 56 -536.304
7 57 -540.602
7 58 -544.812
7 59 -548.409
7 60 -550.807
7 61 -551.153
7 62 -548.372
7 63 -541.183
7 64 -528.075
7 65 -507.33
7 66 -477.035
7 67 -435.299
7 68 -380.327
7 69 -310.631
7 70 -225.21
7 71 -123.901
7 72 -7.57542
7 73 121.661
7 74 260.303
7 75 403.37
7 76 544.536
7 77 676.353
7 78 790.645
7 79 879.074
7 80 933.861
7 81 948.385
7 82 918.032
7 83 840.736
7 84 717.485
7 85 552.538
7 86 353.429
7 87 130.576
7 88 -103.286
7 89 -333.917
7 90 -546.683
7 91 -727.508
7 92 -864.065
7 93 -946.707
7 94 -969.21
7 95 -929.393
7 96 -829.249
7 97 -674.913
7 98 -476.277
7 99 -246.259
7 100 0

8 0 0
8 1 -231.931
8 2 -448.052
8 3 -633.606
8 4 -775.923
8 5 -865.23
8 6 -895.34
8 7 -864.065
8 8 -773.29
8 9 -628.891
8 10 -440.19
8 11 -219.29
8 12 19.8196
8 13 262.382
8 14 493.859
8 15 701.033
8 16 872.88
8 17 1001.21
8 18 1081.11
8 19 1111.06
8 20 1092.72
8 21 1030.56
8 22 931.247
8 23 802.905
8 24 654.354
8 25 494.451
8 26 331.351
8 27 172.185
8 28 22.6327
8 29 -113.11
8 30 -232.466
8 31 -334.163
8 32 -418.19
8 33 -485.398
8 34 -537.335
8 35 -575.896
8 36 -603.205
8 37 -621.353
8 38 -632.285
8 39 -637.766
8 40 -639.298
8 41 -638.159
8 42 -635.283
8 43 -631.53
8 44 -627.401
8 45 -623.388
8 46 -619.766
8 47 -616.787
8 48 -614.56
8 49 -613.18
8 50 -612.733
8 51 -613.18
8 52 -614.56
8 53 -616.787
8 54 -619.766
8 55 -623.388
8 56 -627.401
8 57 -631.53
8 58 -635.283
8 59 -638.159
8 60 -639.298
8 61 -637.766
8 62 -632.285
8 63 -621.353
8 64 -603.205
8 65 -575.896
8 66 -537.335
8 67 -485.398
8 68 -418.19
8 69 -334.163
8 70 -232.466
8 71 -113.11
8 72 22.6327
8 73 172.185
8 74 331.351
8 75 494.451
8 76 654.354
8 77 802.905
8 78 931.247
8 79 1030.56
8 80 1092.72
8 81 1111.06
8 82 1081.11
8 83 1001.21
8 84 872.88
8 85 701.033
8 86 493.859
8 87 262.382
8 88 19.8196
8 89 -219.29
8 90 -440.19
8 91 -628.891
8 92 -773.29
8 93 -864.065
8 94 -895.34
8 95 -865.23
8 96 -775.923
8 97 -633.606
8 98 -448.052
8 99 -231.931
8 100 0

9 0 0
9 1 -205.718
9 2 -396.682
9 3 -559.093
9 4 -681.01
9 5 -753.13
9 6 -769.417
9 7 -727.508
9 8 -628.891
9 9 -478.807
9 10 -285.891
9 11 -61.565
9 12 180.765
9 13 426.693
9 14 661.818
9 15 872.781
9 16 1048.18
9 17 1179.26
9 18 1260.48
9 19 1289.64
9 20 1267.87
9 21 1199.24
9 22 1090.23
9 23 949.032
9 24 784.791
9 25 606.823
9 26 423.988
9 27 244.097
9 28 73.6159
9 29 -82.6402
9 30 -221.429
9 31 -341.077
9 32 -441.189
9 33 -522.504
9 34 -586.477
9 35 -635.104
9 36 -670.599
9 37 -695.271
9 38 -711.303
9 39 -720.666
9 40 -725.092
9 41 -726.02
9 42 -724.683
9 43 -721.917
9 44 -718.487
9 45 -714.907
9 46 -711.574
9 47 -708.743
9 48 -706.608
9 49 -705.296
9 50 -704.824
9 51 -705.296
9 52 -706.608
9 53 -708.743
9 54 -711.574
9 55 -714.907
9 56 -718.487
9 57 -721.917
9 58 -724.683
9 59 -726.02
9 60 -725.092
9 61 -720.666
9 62 -711.303
9 63 -695.271
9 64 -670.599
9 65 -635.104
9 66 -586.477
9 67 -522.504
9 68 -441.189
9 69 -341.077
9 70 -221.429
9 71 -82.6402
9 72 73.6159
9 73 244.097
9 74 423.988
9 75 606.823
9 76 784.791
9 77 949.032
9 78 1090.23
9 79 1199.24
9 80 1267.87
9 81 1289.64
9 82 1260.48
9 83 1179.26
9 84 1048.18
9 85 872.781
9 86 661.818
9 87 426.693
9 88 180.765
9 89 -61.565
9 90 -285.891
9 91 -478.807
9 92 -628.891
9 93 -727.508
9 94 -769.417
9 95 -753.13
9 96 -681.01
9 97 -559.093
9 98 -396.682
9 99 -205.718
9 100 0

10 0 0
10 1 -169.922
10 2 -326.629
10 3 -457.723
10 4 -552.372
10 5 -602.025
10 6 -600.957
10 7 -546.683
10 8 -440.19
10 9 -285.891
10 10 -91.4255
10 11 132.827
10 12 374.453
10 13 619.785
10 14 854.924
10 15 1066.66
10 16 1243.39
10 17 1375.94
10 18 1458.08
10 19 1486.9
10 20 1462.76
10 21 1389.16
10 22 1272.15
10 23 1119.78
10 24 941.267
10 25 746.303
10 26 544.271
10 27 343.701
10 28 151.748
10 29 -25.9837
10 30 -185.62
10 31 -324.887
10 32 -443.028
10 33 -540.441
10 34 -618.498
10 35 -679.143
10 36 -724.718
10 37 -757.654
10 38 -780.34
10 39 -794.975
10 40 -803.506
10 41 -807.624
10 42 -808.629
10 43 -807.671
10 44 -805.552
10 45 -802.921
10 46 -800.258
10 47 -797.907
10 48 -796.078
10 49 -794.91
10 50 -794.54
10 51 -794.91
10 52 -796.078
10 53 -797.907
10 54 -800.258
10 55 -802.921
10 56 -805.552
10 57 -807.671
10 58 -808.629
10 59 -807.624
10 60 -803.506
10 61 -794.975
10 62 -780.34
10 63 -757.654
10 64 -724.718
10 65 -679.143
10 66 -618.498
10 67 -540.441
10 68 -443.028
10 69 -324.887
10 70 -185.62
10 71 -25.9837
10 72 151.748
10 73 343.701
10 74 544.271
10 75 746.303
10 76 941.267
10 77 1119.78
10 78 1272.15
10 79 1389.16
10 80 1462.76
10 81 1486.9
10 82 1458.08
10 83 1375.94
10 84 1243.39
10 85 1066.66
10 86 854.924
10 87 619.785
10 88 374.453
10 89 132.827
10 90 -91.4255
10 91 -285.891
10 92 -440.19
10 93 -546.683
10 94 -600.957
10 95 -602.025
10 96 -552.372
10 97 -457.723
10 98 -326.629
10 99 -169.922
10 100 0

11 0 0
11 1 -127.368
11 2 -243.383
11 3 -337.336
11 4 -399.776
11 5 -423.089
11 6 -401.993
11 7 -333.917
11 8 -219.29
11 9 -61.565
11 10 132.827
11 11 354.83
11 12 593.3
11 13 835.625
11 14 1068.67
11 15 1279.6
11 16 1456.79
11 17 1590.72
11 18 1674.48
11 19 1704.31
11 20 1679.75
11 21 1603.42
11 22 1480.8
11 23 1319.52
11 24 1128.76
11 25 918.338
11 26 698.147
11 27 477.272
11 28 263.679
11 29 63.7001
11 30 -117.974
11 31 -278.498
11 32 -416.521
11 33 -532.105
11 34 -626.336
11 35 -701.122
11 36 -758.798
11 37 -801.899
11 38 -832.994
11 39 -854.472
11 40 -868.545
11 41 -877.005
11 42 -881.495
11 43 -883.196
11 44 -883.151
11 45 -882.092
11 46 -880.61
11 47 -879.08
11 48 -877.825
11 49 -877.003
11 50 -876.7
11 51 -877.003
11 52 -877.825
11 53 -879.08
11 54 -880.61
11 55 -882.092
11 56 -883.151
11 57 -883.196
11 58 -881.495
11 59 -877.005
11 60 -868.545
11 61 -854.472
11 62 -832.994
11 63 -801.899
11 64 -758.798
11 65 -701.122
11 66 -626.336
11 67 -532.105
11 68 -416.521
11 69 -278.498
11 70 -117.974
11 71 63.7001
11 72 263.679
11 73 477.272
11 74 698.147
11 75 918.338
11 76 1128.76
11 77 1319.52
11 78 1480.8
11 79 1603.42
11 80 1679.75
11 81 1704.31
11 82 1674.48
11 83 1590.72
11 84 1456.79
11 85 1279.6
11 86 1068.67
11 87 835.625
11 88 593.3
11 89 354.83
11 90 132.827
11 91 -61.565
11 92 -219.29
11 93 -333.917
11 94 -401.993
11 95 -423.089
11 96 -399.776
11 97 -337.336
11 98 -243.383
11 99 -127.368
11 100 0

12 0 0
12 1 -81.1404
12 2 -152.954
12 3 -206.57
12 4 -234.052
12 5 -228.827
12 6 -186.112
12 7 -103.286
12 8 19.8196
12 9 180.765
12 10 374.453
12 11 593.3
12 12 827.613
12 13 1066.05
12 14 1296.43
12 15 1506.47
12 16 1684.65
12 17 1821.12
12 18 1908.31
12 19 1941.58
12 20 1919.4
12 21 1843.49
12 22 1718.44
12 23 1551.34
12 24 1351.03
12 25 1127.43
12 26 890.691
12 27 650.549
12 28 415.629
12 29 193.142
12 30 -11.4803
12 31 -194.557
12 32 -354.156
12 33 -489.787
12 34 -602.283
12 35 -693.308
12 36 -765.151
12 37 -820.388
12 38 -861.741
12 39 -891.795
12 40 -912.877
12 41 -927.1
12 42 -936.189
12 43 -941.605
12 44 -944.484
12 45 -945.706
12 46 -945.953
12 47 -945.713
12 48 -945.322
12 49 -944.993
12 50 -944.895
12 51 -944.993
12 52 -945.322
12 53 -945.713
12 54 -945.953
12 55 -945.706
12 56 -944.484
12 57 -941.605
12 58 -936.189
12 59 -927.1
12 60 -912.877
12 61 -891.795
12 62 -861.741
12 63 -820.388
12 64 -765.151
12 65 -693.308
12 66 -602.283
12 67 -489.787
12 68 -354.156
12 69 -194.557
12 70 -11.4803
12 71 193.142
12 72 415.629
12 73 650.549
12 74 890.691
12 75 1127.43
12 76 1351.03
12 77 1551.34
12 78 1718.44
12 79 1843.49
12 80 1919.4
12 81 1941.58
12 82 1908.31
12 83 1821.12
12 84 1684.65
12 85 1506.47
12 86 1296.43
12 87 1066.05
12 88 827.613
12 89 593.3
12 90 374.453
12 91 180.765
12 92 19.8196
12 93 -103.286
12 94 -186.112
12 95 -228.827
12 96 -234.052
12 97 -206.57
12 98 -152.954
12 99 -81.1404
12 100 0

13 0 0
13 1 -34.3934
13 2 -61.4843
13 3 -74.2486
13 4 -66.274
13 5 -32.047
13 6 32.6835
13 7 130.576
13 8 262.382
13 9 426.693
13 10 619.785
13 11 835.625
13 12 1066.05
13 13 1301.11
13 14 1529.68
13 15 1740.12
13 16 1921.09
13 17 2062.47
13 18 2156.03
13 19 2196.14
13 20 2180.19
13 21 2108.71
13 22 1985.31
13 23 1816.27
13 24 1610.03
13 25 1376.31
13 26 1125.54
13 27 867.868
13 28 612.701
13 29 368.03
13 30 140.235
13 31 -66.2339
13 32 -248.645
13 33 -405.963
13 34 -538.502
13 35 -647.68
13 36 -735.64
13 37 -804.957
13 38 -858.408
13 39 -898.686
13 40 -928.399
13 41 -949.737
13 42 -964.695
13 43 -974.875
13 44 -981.602
13 45 -985.865
13 46 -988.466
13 47 -989.961
13 48 -990.778
13 49 -991.172
13 50 -991.273
13 51 -991.172
13 52 -990.778
13 53 -989.961
13 54 -988.466
13 55 -985.865
13 56 -981.602
13 57 -974.875
13 58 -964.695
13 59 -949.737
13 60 -928.399
13 61 -898.686
13 62 -858.408
13 63 -804.957
13 64 -735.64
13 65 -647.68
13 66 -538.502
13 67 -405.963
13 68 -248.645
13 69 -66.2339
13 70 140.235
13 71 368.03
13 72 612.701
13 73 867.868
13 74 1125.54
13 75 1376.31
13 76 1610.03
13 77 1816.27
13 78 1985.31
13 79 2108.71
13 80 2180.19
13 81 2196.14
13 82 2156.03
13 83 2062.47
13 84 1921.09
13 85 1740.12
13 86 1529.68
13 87 1301.11
13 88 1066.05
13 89 835.625
13 90 619.785
13 91 426.693
13 92 262.382
13 93 130.576
13 94 32.6835
13 95 -32.047
13 96 -66.274
13 97 -74.2486
13 98 -61.4843
13 99 -34.3934
13 100 0

14 0 0
14 1 9.96539
14 2 25.3407
14 3 51.4039
14 4 93.1482
14 5 155.075
14 6 240.937
14 7 353.429
14 8 493.859
14 9 661.818
14 10 854.924
14 11 1068.67
14 12 1296.43
14 13 1529.68
14 14 1758.38
14 15 1971.59
14 16 2158.22
14 17 2307.88
14 18 2411.67
14 19 2462.96
14 20 2457.89
14 21 2395.76
14 22 2278.96
14 23 2112.85
14 24 1905.16
14 25 1665.4
14 26 1403.98
14 27 1131.54
14 28 858.085
14 29 592.507
14 30 342.019
14 31 112.08
14 32 -93.7985
14 33 -273.813
14 34 -427.771
14 35 -556.671
14 36 -662.419
14 37 -747.499
14 38 -814.686
14 39 -866.85
14 40 -906.6
14 41 -936.425
14 42 -958.448
14 43 -974.469
14 44 -985.929
14 45 -994.006
14 46 -999.567
14 47 -1003.29
14 48 -1005.65
14 49 -1006.94
14 50 -1007.36
14 51 -1006.94
14 52 -1005.65
14 53 -1003.29
14 54 -999.567
14 55 -994.006
14 56 -985.929
14 57 -974.469
14 58 -958.448
14 59 -936.425
14 60 -906.6
14 61 -866.85
14 62 -814.686
14 63 -747.499
14 64 -662.419
14 65 -556.671
14 66 -427.771
14 67 -273.813
14 68 -93.7985
14 69 112.08
14 70 342.019
14 71 592.507
14 72 858.085
14 73 1131.54
14 74 1403.98
14 75 1665.4
14 76 1905.16
14 77 2112.85
14 78 2278.96
14 79 2395.76
14 80 2457.89
14 81 2462.96
14 82 2411.67
14 83 2307.88
14 84 2158.22
14 85 1971.59
14 86 1758.38
14 87 1529.68
14 88 1296.43
14 89 1068.67
14 90 854.924
14 91 661.818
14 92 493.859
14 93 353.429
14 94 240.937
14 95 155.075
14 96 93.1482
14 97 51.4039
14 98 25.3407
14 99 9.96539
14 100 0

15 0 0
15 1 49.4302
15 2 102.608
15 3 163.267
15 4 235.157
15 5 321.882
15 6 426.759
15 7 552.538
15 8 701.033
15 9 872.781
15 10 1066.66
15 11 1279.6
15 12 1506.47
15 13 1740.12
15 14 1971.59
15 15 2190.66
15 16 2386.52
15 17 2548.51
15 18 2667.09
15 19 2734.53
15 20 2745.71
15 21 2698.52
15 22 2594.08
15 23 2436.55
15 24 2232.88
15 25 1992.07
15 26 1724.5
15 27 1441.05
15 28 1152.38
15 29 868.106
15 30 596.476
15 31 343.853
15 32 114.747
15 33 -88.3028
15 34 -264.368
15 35 -413.979
15 36 -538.695
15 37 -640.837
15 38 -723.138
15 39 -788.419
15 40 -839.514
15 41 -878.993
15 42 -909.137
15 43 -931.925
15 44 -948.971
15 45 -961.534
15 46 -970.63
15 47 -977.016
15 48 -981.224
15 49 -983.621
15 50 -984.392
15 51 -983.621
15 52 -981.224
15 53 -977.016
15 54 -970.63
15 55 -961.534
15 56 -948.971
15 57 -931.925
15 58 -909.137
15 59 -878.993
15 60 -839.514
15 61 -788.419
15 62 -723.138
15 63 -640.837
15 64 -538.695
15 65 -413.979
15 66 -264.368
15 67 -88.3028
15 68 114.747
15 69 343.853
15 70 596.476
15 71 868.106
15 72 1152.38
15 73 1441.05
15 74 1724.5
15 75 1992.07
15 76 2232.88
15 77 2436.55
15 78 2594.08
15 79 2698.52
15 80 2745.71
15 81 2734.53
15 82 2667.09
15 83 2548.51
15 84 2386.52
15 85 2190.66
15 86 1971.59
15 87 1740.12
15 88 1506.47
15 89 1279.6
15 90 1066.66
15 91 872.781
15 92 701.033
15 93 552.538
15 94 426.759
15 95 321.882
15 96 235.157
15 97 163.267
15 98 102.608
15 99 49.4302
15 100 0

16 0 0
16 1 82.0649
16 2 166.508
16 3 255.788
16 4 352.634
16 5 459.911
16 6 580.587
16 7 717.485
16 8 872.88
16 9 1048.18
16 10 1243.39
16 11 1456.79
16 12 1684.65
16 13 1921.09
16 14 2158.22
16 15 2386.52
16 16 2595.43
16 17 2774.08
16 18 2912.24
16 19 3001.16
16 20 3034.33
16 21 3008.22
16 22 2922.41
16 23 2779.85
16 24 2586.4
16 25 2350.51
16 26 2082.22
16 27 1792.64
16 28 1492.84
16 29 1193.29
16 30 903.104
16 31 629.716
16 32 378.549
16 33 153.098
16 34 -44.9485
16 35 -215.505
16 36 -359.721
16 37 -479.669
16 38 -577.863
16 39 -657.208
16 40 -720.514
16 41 -770.496
16 42 -809.585
16 43 -839.886
16 44 -863.125
16 45 -880.75
16 46 -893.837
16 47 -903.233
16 48 -909.555
16 49 -913.196
16 50 -914.386
16 51 -913.196
16 52 -909.555
16 53 -903.233
16 54 -893.837
16 55 -880.75
16 56 -863.125
16 57 -839.886
16 58 -809.585
16 59 -770.496
16 60 -720.514
16 61 -657.208
16 62 -577.863
16 63 -479.669
16 64 -359.721
16 65 -215.505
16 66 -44.9485
16 67 153.098
16 68 378.549
16 69 629.716
16 70 903.104
16 71 1193.29
16 72 1492.84
16 73 1792.64
16 74 2082.22
16 75 2350.51
16 76 2586.4
16 77 2779.85
16 78 2922.41
16 79 3008.22
16 80 3034.33
16 81 3001.16
16 82 2912.24
16 83 2774.08
16 84 2595.43
16 85 2386.52
16 86 2158.22
16 87 1921.09
16 88 1684.65
16 89 1456.79
16 90 1243.39
16 91 1048.18
16 92 872.88
16 93 717.485
16 94 580.587
16 95 459.911
16 96 352.634
16 97 255.788
16 98 166.508
16 99 82.0649
16 100 0

17 0 0
17 1 106.604
17 2 214.529
17 3 325.275
17 4 440.77
17 5 563.331
17 6 695.682
17 7 840.736
17 8 1001.21
17 9 1179.26
17 10 1375.94
17 11 1590.72
17 12 1821.12
17 13 2062.47
17 14 2307.88
17 15 2548.51
17 16 2774.08
17 17 2973.51
17 18 3135.96
17 19 3251.57
17 20 3312.51
17 21 3313.67
17 22 3253.1
17 23 3132.26
17 24 2955.91
17 25 2731.54
17 26 2468.88
17 27 2178.95
17 28 1873.27
17 29 1562.9
17 30 1257.93
17 31 966.71
17 32 695.78
17 33 449.576
17 34 230.654
17 35 39.7659
17 36 -123.707
17 37 -261.409
17 38 -375.744
17 39 -469.447
17 40 -545.377
17 41 -606.314
17 42 -654.774
17 43 -692.987
17 44 -722.843
17 45 -745.836
17 46 -763.196
17 47 -775.842
17 48 -784.429
17 49 -789.415
17 50 -791.056
17 51 -789.415
17 52 -784.429
17 53 -775.842
17 54 -763.196
17 55 -745.836
17 56 -722.843
17 57 -692.987
17 58 -654.774
17 59 -606.314
17 60 -545.377
17 61 -469.447
17 62 -375.744
17 63 -261.409
17 64 -123.707
17 65 39.7659
17 66 230.654
17 67 449.576
17 68 695.78
17 69 966.71
17 70 1257.93
17 71 1562.9
17 72 1873.27
17 73 2178.95
17 74 2468.88
17 75 2731.54
17 76 2955.91
17 77 3132.26
17 78 3253.1
17 79 3313.67
17 80 3312.51
17 81 3251.57
17 82 3135.96
17 83 2973.51
17 84 2774.08
17 85 2548.51
17 86 2307.88
17 87 2062.47
17 88 1821.12
17 89 1590.72
17 90 1375.94
17 91 1179.26
17 92 1001.21
17 93 840.736
17 94 695.682
17 95 563.331
17 96 440.77
17 97 325.275
17 98 214.529
17 99 106.604
17 100 0

18 0 0
18 1 122.466
18 2 245.505
18 3 369.961
18 4 497.186
18 5 629.147
18 6 768.421
18 7 918.032
18 8 1081.11
18 9 1260.48
18 10 1458.08
18 11 1674.48
18 12 1908.31
18 13 2156.03
18 14 2411.67
18 15 2667.09
18 16 2912.24
18 17 3135.96
18 18 3326.74
18 19 3473.76
18 20 3567.8
18 21 3602.18
18 22 3573.28
18 23 3481.03
18 24 3328.77
18 25 3123.04
18 26 2872.91
18 27 2589.26
18 28 2283.74
18 29 1968.06
18 30 1653.03
18 31 1348.09
18 32 1060.75
18 33 796.488
18 34 558.759
18 35 349.127
18 36 167.593
18 37 12.8842
18 38 -117.032
18 39 -224.759
18 40 -313.136
18 41 -384.934
18 42 -442.756
18 43 -488.923
18 44 -525.405
18 45 -553.855
18 46 -575.549
18 47 -591.472
18 48 -602.381
18 49 -608.739
18 50 -610.821
18 51 -608.739
18 52 -602.381
18 53 -591.472
18 54 -575.549
18 55 -553.855
18 56 -525.405
18 57 -488.923
18 58 -442.756
18 59 -384.934
18 60 -313.136
18 61 -224.759
18 62 -117.032
18 63 12.8842
18 64 167.593
18 65 349.127
18 66 558.759
18 67 796.488
18 68 1060.75
18 69 1348.09
18 70 1653.03
18 71 1968.06
18 72 2283.74
18 73 2589.26
18 74 2872.91
18 75 3123.04
18 76 3328.77
18 77 3481.03
18 78 3573.28
18 79 3602.18
18 80 3567.8
18 81 3473.76
18 82 3326.74
18 83 3135.96
18 84 2912.24
18 85 2667.09
18 86 2411.67
18 87 2156.03
18 88 1908.31
18 89 1674.48
18 90 1458.08
18 91 1260.48
18 92 1081.11
18 93 918.032
18 94 768.421
18 95 629.147
18 96 497.186
18 97 369.961
18 98 245.505
18 99 122.466
18 100 0

19 0 0
19 1 129.716
19 2 259.54
19 3 389.924
19 4 521.861
19 5 657.126
19 6 798.251
19 7 948.385
19 8 1111.06
19 9 1289.64
19 10 1486.9
19 11 1704.31
19 12 1941.58
19 13 2196.14
19 14 2462.96
19 15 2734.53
19 16 3001.16
19 17 3251.57
19 18 3473.76
19 19 3655.92
19 20 3787.57
19 21 3860.35
19 22 3869.05
19 23 3811.83
19 24 3690.59
19 25 3510.61
19 26 3280.22
19 27 3009.82
19 28 2711.18
19 29 2396.36
19 30 2076.94
19 31 1763.23
19 32 1463.78
19 33 1185.12
19 34 931.652
19 35 705.787
19 36 508.163
19 37 338.124
19 38 193.931
19 39 73.1776
19 40 -26.8151
19 41 -108.822
19 42 -175.481
19 43 -229.175
19 44 -271.983
19 45 -305.603
19 46 -331.421
19 47 -350.507
19 48 -363.606
19 49 -371.27
19 50 -373.804
19 51 -371.27
19 52 -363.606
19 53 -350.507
19 54 -331.421
19 55 -305.603
19 56 -271.983
19 57 -229.175
19 58 -175.481
19 59 -108.822
19 60 -26.8151
19 61 73.1776
19 62 193.931
19 63 338.124
19 64 508.163
19 65 705.787
19 66 931.652
19 67 1185.12
19 68 1463.78
19 69 1763.23
19 70 2076.94
19 71 2396.36
19 72 2711.18
19 73 3009.82
19 74 3280.22
19 75 3510.61
19 76 3690.59
19 77 3811.83
19 78 3869.05
19 79 3860.35
19 80 3787.57
19 81 3655.92
19 82 3473.76
19 83 3251.57
19 84 3001.16
19 85 2734.53
19 86 2462.96
19 87 2196.14
19 88 1941.58
19 89 1704.31
19 90 1486.9
19 91 1289.64
19 92 1111.06
19 93 948.385
19 94 798.251
19 95 657.126
19 96 521.861
19 97 389.924
19 98 259.54
19 99 129.716
19 100 0

20 0 0
20 1 128.981
20 2 257.848
20 3 386.861
20 4 516.849
20 5 649.517
20 6 787.415
20 7 933.861
20 8 1092.72
20 9 1267.87
20 10 1462.76
20 11 1679.75
20 12 1919.4
20 13 2180.19
20 14 2457.89
20 15 2745.71
20 16 3034.33
20 17 3312.51
20 18 3567.8
20 19 3787.57
20 20 3960.02
20 21 4075.34
20 22 4126.51
20 23 4110.01
20 24 4026.04
20 25 3878.6
20 26 3674.9
20 27 3424.84
20 28 3139.96
20 29 2832.65
20 30 2514.98
20 31 2198.13
20 32 1891.62
20 33 1603
20 34 1337.64
20 35 1098.82
20 36 887.972
20 37 704.965
20 38 548.475
20 39 416.429
20 40 306.253
20 41 215.241
20 42 140.777
20 43 80.4087
20 44 32.021
20 45 -6.20463
20 46 -35.6812
20 47 -57.5332
20 48 -72.597
20 49 -81.4282
20 50 -84.3163
20 51 -81.4282
20 52 -72.597
20 53 -57.5332
20 54 -35.6812
20 55 -6.20463
20 56 32.021
20 57 80.4087
20 58 140.777
20 59 215.241
20 60 306.253
20 61 416.429
20 62 548.475
20 63 704.965
20 64 887.972
20 65 1098.82
20 66 1337.64
20 67 1603
20 68 1891.62
20 69 2198.13
20 70 2514.98
20 71 2832.65
20 72 3139.96
20 73 3424.84
20 74 3674.9
20 75 3878.6
20 76 4026.04
20 77 4110.01
20 78 4126.51
20 79 4075.34
20 80 3960.02
20 81 3787.57
20 82 3567.8
20 83 3312.51
20 84 3034.33
20 85 2745.71
20 86 2457.89
20 87 2180.19
20 88 1919.4
20 89 1679.75
20 90 1462.76
20 91 1267.87
20 92 1092.72
20 93 933.861
20 94 787.415
20 95 649.517
20 96 516.849
20 97 386.861
20 98 257.848
20 99 128.981
20 100 0

21 0 0
21 1 121.351
21 2 242.542
21 3 363.776
21 4 485.879
21 5 610.561
21 6 740.463
21 7 879.074
21 8 1030.56
21 9 1199.24
21 10 1389.16
21 11 1603.42
21 12 1843.49
21 13 2108.71
21 14 2395.76
21 15 2698.52
21 16 3008.22
21 17 3313.67
21 18 3602.18
21 19 3860.35
21 20 4075.34
21 21 4235.77
21 22 4333
21 23 4361.63
21 24 4320.22
21 25 4211.18
21 26 4040.6
21 27 3817.5
21 28 3553.16
21 29 3259.91
21 30 2950.33
21 31 2636.29
21 32 2328.19
21 33 2034.55
21 34 1761.68
21 35 1513.82
21 36 1293.16
21 37 1100.15
21 38 934.005
21 39 792.893
21 40 674.501
21 41 576.206
21 42 495.402
21 43 429.627
21 44 376.713
21 45 334.796
21 46 302.387
21 47 278.288
21 48 261.682
21 49 251.936
21 50 248.714
21 51 251.936
21 52 261.682
21 53 278.288
21 54 302.387
21 55 334.796
21 56 376.713
21 57 429.627
21 58 495.402
21 59 576.206
21 60 674.501
21 61 792.893
21 62 934.005
21 63 1100.15
21 64 1293.16
21 65 1513.82
21 66 1761.68
21 67 2034.55
21 68 2328.19
21 69 2636.29
21 70 2950.33
21 71 3259.91
21 72 3553.16
21 73 3817.5
21 74 4040.6
21 75 4211.18
21 76 4320.22
21 77 4361.63
21 78 4333
21 79 4235.77
21 80 4075.34
21 81 3860.35
21 82 3602.18
21 83 3313.67
21 84 3008.22
21 85 2698.52
21 86 2395.76
21 87 2108.71
21 88 1843.49
21 89 1603.42
21 90 1389.16
21 91 1199.24
21 92 1030.56
21 93 879.074
21 94 740.463
21 95 610.561
21 96 485.879
21 97 363.776
21 98 242.542
21 99 121.351
21 100 0

22 0 0
22 1 108.171
22 2 216.253
22 3 324.498
22 4 433.807
22 5 545.954
22 6 663.674
22 7 790.645
22 8 931.247
22 9 1090.23
22 10 1272.15
22 11 1480.8
22 12 1718.44
22 13 1985.31
22 14 2278.96
22 15 2594.08
22 16 2922.41
22 17 3253.1
22 18 3573.28
22 19 3869.05
22 20 4126.51
22 21 4333
22 22 4478.14
22 23 4554.85
22 24 4559.82
22 25 4493.9
22 26 4361.73
22 27 4171.45
22 28 3933.68
22 29 3660.69
22 30 3365.28
22 31 3059.88
22 32 2755.68
22 33 2462.08
22 34 2186.4
22 35 1933.72
22 36 1706.98
22 37 1507.37
22 38 1334.52
22 39 1187.02
22 40 1062.75
22 41 959.23
22 42 873.905
22 43 804.302
22 44 748.214
22 45 703.728
22 46 669.296
22 47 643.704
22 48 626.031
22 49 615.661
22 50 612.266
22 51 615.661
22 52 626.031
22 53 643.704
22 54 669.296
22 55 703.728
22 56 748.214
22 57 804.302
22 58 873.905
22 59 959.23
22 60 1062.75
22 61 1187.02
22 62 1334.52
22 63 1507.37
22 64 1706.98
22 65 1933.72
22 66 2186.4
22 67 2462.08
22 68 2755.68
22 69 3059.88
22 70 3365.28
22 71 3660.69
22 72 3933.68
22 73 4171.45
22 74 4361.73
22 75 4493.9
22 76 4559.82
22 77 4554.85
22 78 4478.14
22 79 4333
22 80 4126.51
22 81 3869.05
22 82 3573.28
22 83 3253.1
22 84 2922.41
22 85 2594.08
22 86 2278.96
22 87 1985.31
22 88 1718.44
22 89 1480.8
22 90 1272.15
22 91 1090.23
22 92 931.247
22 93 790.645
22 94 663.674
22 95 545.954
22 96 433.807
22 97 324.498
22 98 216.253
22 99 108.171
22 100 0

23 0 0
23 1 90.9695
23 2 181.97
23 3 273.359
23 4 366.146
23 5 462.18
23 6 564.315
23 7 676.353
23 8 802.905
23 9 949.032
23 10 1119.78
23 11 1319.52
23 12 1551.34
23 13 1816.27
23 14 2112.85
23 15 2436.55
23 16 2779.85
23 17 3132.26
23 18 3481.03
23 19 3811.83
23 20 4110.01
23 21 4361.63
23 22 4554.85
23 23 4680.78
23 24 4734.36
23 25 4714.65
23 26 4624.88
23 27 4471.98
23 28 4265.87
23 29 4018.45
23 30 3742.63
23 31 3451.21
23 32 3156.05
23 33 2867.41
23 34 2593.44
23 35 2340.09
23 36 2111.15
23 37 1908.37
23 38 1731.95
23 39 1580.87
23 40 1453.26
23 41 1346.78
23 42 1258.91
23 43 1187.23
23 44 1129.48
23 45 1083.7
23 46 1048.3
23 47 1022
23 48 1003.86
23 49 993.238
23 50 989.719
23 51 993.238
23 52 1003.86
23 53 1022
23 54 1048.3
23 55 1083.7
23 56 1129.48
23 57 1187.23
23 58 1258.91
23 59 1346.78
23 60 1453.26
23 61 1580.87
23 62 1731.95
23 63 1908.37
23 64 2111.15
23 65 2340.09
23 66 2593.44
23 67 2867.41
23 68 3156.05
23 69 3451.21
23 70 3742.63
23 71 4018.45
23 72 4265.87
23 73 4471.98
23 74 4624.88
23 75 4714.65
23 76 4734.36
23 77 4680.78
23 78 4554.85
23 79 4361.63
23 80 4110.01
23 81 3811.83
23 82 3481.03
23 83 3132.26
23 84 2779.85
23 85 2436.55
23 86 2112.85
23 87 1816.27
23 88 1551.34
23 89 1319.52
23 90 1119.78
23 91 949.032
23 92 802.905
23 93 676.353
23 94 564.315
23 95 462.18
23 96 366.146
23 97 273.359
23 98 181.97
23 99 90.9695
23 100 0

24 0 0
24 1 71.2633
24 2 142.674
24 3 214.731
24 4 288.505
24 5 365.955
24 6 449.992
24 7 544.536
24 8 654.354
24 9 784.791
24 10 941.267
24 11 1128.76
24 12 1351.03
24 13 1610.03
24 14 1905.16
24 15 2232.88
24 16 2586.4
24 17 2955.91
24 18 3328.77
24 19 3690.59
24 20 4026.04
24 21 4320.22
24 22 4559.82
24 23 4734.36
24 24 4836.93
24 25 4864.87
24 26 4819.82
24 27 4707.43
24 28 4536.67
24 29 4318.98
24 30 4067.12
24 31 3794.17
24 32 3512.53
24 33 3233.14
24 34 2964.97
24 35 2714.85
24 36 2487.2
24 37 2284.55
24 38 2107.57
24 39 1955.65
24 40 1827.16
24 41 1719.94
24 42 1631.55
24 43 1559.55
24 44 1501.66
24 45 1455.91
24 46 1420.6
24 47 1394.45
24 48 1376.44
24 49 1365.9
24 50 1362.44
24 51 1365.9
24 52 1376.44
24 53 1394.45
24 54 1420.6
24 55 1455.91
24 56 1501.66
24 57 1559.55
24 58 1631.55
24 59 1719.94
24 60 1827.16
24 61 1955.65
24 62 2107.57
24 63 2284.55
24 64 2487.2
24 65 2714.85
24 66 2964.97
24 67 3233.14
24 68 3512.53
24 69 3794.17
24 70 4067.12
24 71 4318.98
24 72 4536.67
24 73 4707.43
24 74 4819.82
24 75 4864.87
24 76 4836.93
24 77 4734.36
24 78 4559.82
24 79 4320.22
24 80 4026.04
24 81 3690.59
24 82 3328.77
24 83 2955.91
24 84 2586.4
24 85 2232.88
24 86 1905.16
24 87 1610.03
24 88 1351.03
24 89 1128.76
24 90 941.267
24 91 784.791
24 92 654.354
24 93 544.536
24 94 449.992
24 95 365.955
24 96 288.505
24 97 214.731
24 98 142.674
24 99 71.2633
24 100 0

25 0 0
25 1 50.448
25 2 101.143
25 3 152.679
25 4 206.187
25 5 263.668
25 6 328.083
25 7 403.37
25 8 494.451
25 9 606.823
25 10 746.303
25 11 918.338
25 12 1127.43
25 13 1376.31
25 14 1665.4
25 15 1992.07
25 16 2350.51
25 17 2731.54
25 18 3123.04
25 19 3510.61
25 20 3878.6
25 21 4211.18
25 22 4493.9
25 23 4714.65
25 24 4864.87
25 25 4940.11
25 26 4940.43
25 27 4870
25 28 4736.78
25 29 4551.54
25 30 4326.78
25 31 4075.67
25 32 3810.98
25 33 3544.28
25 34 3285.32
25 35 3041.55
25 36 2818.27
25 37 2618.55
25 38 2443.64
25 39 2293.27
25 40 2166.13
25 41 2060.18
25 42 1973.06
25 43 1902.36
25 44 1845.78
25 45 1801.24
25 46 1767.05
25 47 1741.81
25 48 1724.51
25 49 1714.41
25 50 1711.08
25 51 1714.41
25 52 1724.51
25 53 1741.81
25 54 1767.05
25 55 1801.24
25 56 1845.78
25 57 1902.36
25 58 1973.06
25 59 2060.18
25 60 2166.13
25 61 2293.27
25 62 2443.64
25 63 2618.55
25 64 2818.27
25 65 3041.55
25 66 3285.32
25 67 3544.28
25 68 3810.98
25 69 4075.67
25 70 4326.78
25 71 4551.54
25 72 4736.78
25 73 4870
25 74 4940.43
25 75 4940.11
25 76 4864.87
25 77 4714.65
25 78 4493.9
25 79 4211.18
25 80 3878.6
25 81 3510.61
25 82 3123.04
25 83 2731.54
25 84 2350.51
25 85 1992.07
25 86 1665.4
25 87 1376.31
25 88 1127.43
25 89 918.338
25 90 746.303
25 91 606.823
25 92 494.451
25 93 403.37
25 94 328.083
25 95 263.668
25 96 206.187
25 97 152.679
25 98 101.143
25 99 50.448
25 100 0

26 0 0
26 1 29.7447
26 2 59.794
26 3 90.7796
26 4 123.848
26 5 161.003
26 6 205.165
26 7 260.303
26 8 331.351
26 9 423.988
26 10 544.271
26 11 698.147
26 12 890.691
26 13 1125.54
26 14 1403.98
26 15 1724.5
26 16 2082.22
26 17 2468.88
26 18 2872.91
26 19 3280.22
26 20 3674.9
26 21 4040.6
26 22 4361.73
26 23 4624.88
26 24 4819.82
26 25 4940.43
26 26 4985.03
26 27 4956.41
26 28 4861.34
26 29 4709.8
26 30 4513.85
26 31 4286.61
26 32 4041.14
26 33 3789.56
26 34 3542.12
26 35 3307.1
26 36 3090.4
26 37 2895.78
26 38 2724.94
26 39 2578.02
26 40 2453.96
26 41 2350.89
26 42 2266.52
26 43 2198.44
26 44 2144.3
26 45 2102.01
26 46 2069.75
26 47 2046.11
26 48 2029.98
26 49 2020.59
26 50 2017.53
26 51 2020.59
26 52 2029.98
26 53 2046.11
26 54 2069.75
26 55 2102.01
26 56 2144.3
26 57 2198.44
26 58 2266.52
26 59 2350.89
26 60 2453.96
26 61 2578.02
26 62 2724.94
26 63 2895.78
26 64 3090.4
26 65 3307.1
26 66 3542.12
26 67 3789.56
26 68 4041.14
26 69 4286.61
26 70 4513.85
26 71 4709.8
26 72 4861.34
26 73 4956.41
26 74 4985.03
26 75 4940.43
26 76 4819.82
26 77 4624.88
26 78 4361.73
26 79 4040.6
26 80 3674.9
26 81 3280.22
26 82 2872.91
26 83 2468.88
26 84 2082.22
26 85 1724.5
26 86 1403.98
26 87 1125.54
26 88 890.691
26 89 698.147
26 90 544.271
26 91 423.988
26 92 331.351
26 93 260.303
26 94 205.165
26 95 161.003
26 96 123.848
26 97 90.7796
26 98 59.794
26 99 29.7447
26 100 0

27 0 0
27 1 10.1232
27 2 20.5634
27 3 31.8983
27 4 45.2853
27 5 62.6202
27 6 86.7815
27 7 121.661
27 8 172.185
27 9 244.097
27 10 343.701
27 11 477.272
27 12 650.549
27 13 867.868
27 14 1131.54
27 15 1441.05
27 16 1792.64
27 17 2178.95
27 18 2589.26
27 19 3009.82
27 20 3424.84
27 21 3817.5
27 22 4171.45
27 23 4471.98
27 24 4707.43
27 25 4870
27 26 4956.41
27 27 4967.94
27 28 4910.15
27 29 4792.06
27 30 4625.22
27 31 4422.6
27 32 4197.44
27 33 3962.1
27 34 3727.55
27 35 3502.61
27 36 3293.9
27 37 3105.67
27 38 2940.18
27 39 2797.91
27 40 2678.08
27 41 2578.96
27 42 2498.32
27 43 2433.76
27 44 2382.91
27 45 2343.54
27 46 2313.84
27 47 2292.25
27 48 2277.64
27 49 2269.21
27 50 2266.43
27 51 2269.21
27 52 2277.64
27 53 2292.25
27 54 2313.84
27 55 2343.54
27 56 2382.91
27 57 2433.76
27 58 2498.32
27 59 2578.96
27 60 2678.08
27 61 2797.91
27 62 2940.18
27 63 3105.67
27 64 3293.9
27 65 3502.61
27 66 3727.55
27 67 3962.1
27 68 4197.44
27 69 4422.6
27 70 4625.22
27 71 4792.06
27 72 4910.15
27 73 4967.94
27 74 4956.41
27 75 4870
27 76 4707.43
27 77 4471.98
27 78 4171.45
27 79 3817.5
27 80 3424.84
27 81 3009.82
27 82 2589.26
27 83 2178.95
27 84 1792.64
27 85 1441.05
27 86 1131.54
27 87 867.868
27 88 650.549
27 89 477.272
27 90 343.701
27 91 244.097
27 92 172.185
27 93 121.661
27 94 86.7815
27 95 62.6202
27 96 45.2853
27 97 31.8983
27 98 20.5634
27 99 10.1232
27 100 0

28 0 0
28 1 -7.7065
28 2 -15.1531
28 3 -21.8385
28 4 -26.6961
28 5 -27.9379
28 6 -22.8369
28 7 -7.57542
28 8 22.6327
28 9 73.6159
28 10 151.748
28 11 263.679
28 12 415.629
28 13 612.701
28 14 858.085
28 15 1152.38
28 16 1492.84
28 17 1873.27
28 18 2283.74
28 19 2711.18
28 20 3139.96
28 21 3553.16
28 22 3933.68
28 23 4265.87
28 24 4536.67
28 25 4736.78
28 26 4861.34
28 27 4910.15
28 28 4887.45
28 29 4801.27
28 30 4662.61
28 31 4484.14
28 32 4279.02
28 33 4060.07
28 34 3838.64
28 35 3624.17
28 36 3423.83
28 37 3242.48
28 38 3082.79
28 39 2945.66
28 40 2830.51
28 41 2735.81
28 42 2659.36
28 43 2598.76
28 44 2551.55
28 45 2515.51
28 46 2488.64
28 47 2469.38
28 48 2456.48
28 49 2449.08
28 50 2446.68
28 51 2449.08
28 52 2456.48
28 53 2469.38
28 54 2488.64
28 55 2515.51
28 56 2551.55
28 57 2598.76
28 58 2659.36
28 59 2735.81
28 60 2830.51
28 61 2945.66
28 62 3082.79
28 63 3242.48
28 64 3423.83
28 65 3624.17
28 66 3838.64
28 67 4060.07
28 68 4279.02
28 69 4484.14
28 70 4662.61
28 71 4801.27
28 72 4887.45
28 73 4910.15
28 74 4861.34
28 75 4736.78
28 76 4536.67
28 77 4265.87
28 78 3933.68
28 79 3553.16
28 80 3139.96
28 81 2711.18
28 82 2283.74
28 83 1873.27
28 84 1492.84
28 85 1152.38
28 86 858.085
28 87 612.701
28 88 415.629
28 89 263.679
28 90 151.748
28 91 73.6159
28 92 22.6327
28 93 -7.57542
28 94 -22.8369
28 95 -27.9379
28 96 -26.6961
28 97 -21.8385
28 98 -15.1531
28 99 -7.7065
28 100 0

29 0 0
29 1 -23.3142
29 2 -46.4754
29 3 -69.092
29 4 -90.2424
29 5 -108.313
29 6 -120.733
29 7 -123.901
29 8 -113.11
29 9 -82.6402
29 10 -25.9837
29 11 63.7001
29 12 193.142
29 13 368.03
29 14 592.507
29 15 868.106
29 16 1193.29
29 17 1562.9
29 18 1968.06
29 19 2396.36
29 20 2832.65
29 21 3259.91
29 22 3660.69
29 23 4018.45
29 24 4318.98
29 25 4551.54
29 26 4709.8
29 27 4792.06
29 28 4801.27
29 29 4744.51
29 30 4632.05
