0 0 0
0 1 0
0 2 0
0 3 0
0 4 0
0 5 0
0 6 0
0 7 0
0 8 0
0 9 0
0 10 0
0 11 0
0 12 0
0 13 0
0 14 0
0 15 0
0 16 0
0 17 0
0 18 0
0 19 0
0 20 0
0 21 0
0 22 0
0 23 0
0 24 0
0 25 0
0 26 0
0 27 0
0 28 0
0 29 0
0 30 0
0 31 0
0 32 0
0 33 0
0 34 0
0 35 0
0 36 0
0 37 0
0 38 0
0 39 0
0 40 0
0 41 0
0 42 0
0 43 0
0 44 0
0 45 0
0 46 0
0 47 0
0 48 0
0 49 0
0 50 0
0 51 0
0 52 0
0 53 0
0 54 0
0 55 0
0 56 0
0 57 0
0 58 0
0 59 0
0 60 0
0 61 0
0 62 0
0 63 0
0 64 0
0 65 0
0 66 0
0 67 0
0 68 0
0 69 0
0 70 0
0 71 0
0 72 0
0 73 0
0 74 0
0 75 0
0 76 0
0 77 0
0 78 0
0 79 0
0 80 0
0 81 0
0 82 0
0 83 0
0 84 0
0 85 0
0 86 0
0 87 0
0 88 0
0 89 0
0 90 0
0 91 0
0 92 0
0 93 0
0 94 0
0 95 0
0 96 0
0 97 0
0 98 0
0 99 0
0 100 0

1 0 0
1 1 -103.643
1 2 -203.776
1 3 -297.017
1 4 -380.183
1 5 -450.456
1 6 -505.465
1 7 -543.416
1 8 -563.201
1 9 -564.464
1 10 -547.663
1 11 -514.071
1 12 -465.735
1 13 -405.358
1 14 -336.18
1 15 -261.751
1 16 -185.718
1 17 -111.625
1 18 -42.6234
1 19 18.6264
1 20 70.1579
1 21 110.748
1 22 139.922
1 23 157.923
1 24 165.609
1 25 164.307
1 26 155.638
1 27 141.404
1 28 123.369
1 29 103.197
1 30 82.333
1 31 61.9522
1 32 42.9137
1 33 25.8041
1 34 10.9517
1 35 -1.5462
1 36 -11.7457
1 37 -19.8302
1 38 -26.0509
1 39 -30.7046
1 40 -34.0615
1 41 -36.4007
1 42 -37.9632
1 43 -38.9657
1 44 -39.5516
1 45 -39.8706
1 46 -40.013
1 47 -40.0613
1 48 -40.0593
1 49 -40.0573
1 50 -40.0517
1 51 -40.0573
1 52 -40.0593
1 53 -40.0613
1 54 -40.013
1 55 -39.8706
1 56 -39.5516
1 57 -38.9657
1 58 -37.9632
1 59 -36.4007
1 60 -34.0615
1 61 -30.7046
1 62 -26.0509
1 63 -19.8302
1 64 -11.7457
1 65 -1.5462
1 66 10.9517
1 67 25.8041
1 68 42.9137
1 69 61.9522
1 70 82.333
1 71 103.197
1 72 123.369
1 73 141.404
1 74 155.638
1 75 164.307
1 76 165.609
1 77 157.923
1 78 139.922
1 79 110.748
1 80 70.1579
1 81 18.6264
1 82 -42.6234
1 83 -111.625
1 84 -185.718
1 85 -261.751
1 86 -336.18
1 87 -405.358
1 88 -465.735
1 89 -514.071
1 90 -547.663
1 91 -564.464
1 92 -563.201
1 93 -543.416
1 94 -505.465
1 95 -450.456
1 96 -380.183
1 97 -297.017
1 98 -203.776
1 99 -103.643
1 100 0

2 0 0
2 1 -203.776
2 2 -400.671
2 3 -584.042
2 4 -747.654
2 5 -885.97
2 6 -994.341
2 7 -1069.24
2 8 -1108.47
2 9 -1111.34
2 10 -1078.72
2 11 -1013.09
2 12 -918.44
2 13 -800.059
2 14 -664.278
2 15 -518.036
2 16 -368.493
2 17 -222.592
2 18 -86.5572
2 19 34.3662
2 20 136.269
2 21 216.712
2 22 274.717
2 23 310.723
2 24 326.364
2 25 324.211
2 26 307.432
2 27 279.562
2 28 244.091
2 29 204.298
2 30 163.042
2 31 122.644
2 32 84.8387
2 33 50.8121
2 34 21.2387
2 35 -3.69342
2 36 -24.08
2 37 -40.2686
2 38 -52.727
2 39 -62.0586
2 40 -68.8134
2 41 -73.5358
2 42 -76.6802
2 43 -78.6909
2 44 -79.8959
2 45 -80.5448
2 46 -80.826
2 47 -80.926
2 48 -80.9387
2 49 -80.9234
2 50 -80.9109
2 51 -80.9234
2 52 -80.9387
2 53 -80.926
2 54 -80.826
2 55 -80.5448
2 56 -79.8959
2 57 -78.6909
2 58 -76.6802
2 59 -73.5358
2 60 -68.8134
2 61 -62.0586
2 62 -52.727
2 63 -40.2686
2 64 -24.08
2 65 -3.69342
2 66 21.2387
2 67 50.8121
2 68 84.8387
2 69 122.644
2 70 163.042
2 71 204.298
2 72 244.091
2 73 279.562
2 74 307.432
2 75 324.211
2 76 326.364
2 77 310.723
2 78 274.717
2 79 216.712
2 80 136.269
2 81 34.3662
2 82 -86.5572
2 83 -222.592
2 84 -368.493
2 85 -518.036
2 86 -664.278
2 87 -800.059
2 88 -918.44
2 89 -1013.09
2 90 -1078.72
2 91 -1111.34
2 92 -1108.47
2 93 -1069.24
2 94 -994.341
2 95 -885.97
2 96 -747.654
2 97 -584.042
2 98 -400.671
2 99 -203.776
2 100 0

3 0 0
3 1 -297.017
3 2 -584.042
3 3 -851.425
3 4 -1090.12
3 5 -1292.07
3 6 -1450.53
3 7 -1560.37
3 8 -1618.39
3 9 -1623.53
3 10 -1577.02
3 11 -1482.41
3 12 -1345.42
3 13 -1173.66
3 14 -976.28
3 15 -763.334
3 16 -545.208
3 17 -332.005
3 18 -132.817
3 19 44.6641
3 20 194.663
3 21 313.502
3 22 399.644
3 23 453.603
3 24 477.669
3 25 475.512
3 26 451.716
3 27 411.392
3 28 359.635
3 29 301.265
3 30 240.508
3 31 180.828
3 32 124.816
3 33 74.2566
3 34 30.1726
3 35 -7.07239
3 36 -37.597
3 37 -61.887
3 38 -80.6575
3 39 -94.7428
3 40 -104.955
3 41 -112.1
3 42 -116.898
3 43 -119.98
3 44 -121.804
3 45 -122.799
3 46 -123.257
3 47 -123.417
3 48 -123.424
3 49 -123.412
3 50 -123.398
3 51 -123.412
3 52 -123.424
3 53 -123.417
3 54 -123.257
3 55 -122.799
3 56 -121.804
3 57 -119.98
3 58 -116.898
3 59 -112.1
3 60 -104.955
3 61 -94.7428
3 62 -80.6575
3 63 -61.887
3 64 -37.597
3 65 -7.07239
3 66 30.1726
3 67 74.2566
3 68 124.816
3 69 180.828
3 70 240.508
3 71 301.265
3 72 359.635
3 73 411.392
3 74 451.716
3 75 475.512
3 76 477.669
3 77 453.603
3 78 399.644
3 79 313.502
3 80 194.663
3 81 44.6641
3 82 -132.817
3 83 -332.005
3 84 -545.208
3 85 -763.334
3 86 -976.28
3 87 -1173.66
3 88 -1345.42
3 89 -1482.41
3 90 -1577.02
3 91 -1623.53
3 92 -1618.39
3 93 -1560.37
3 94 -1450.53
3 95 -1292.07
3 96 -1090.12
3 97 -851.425
3 98 -584.042
3 99 -297.017
3 100 0

4 0 0
4 1 -380.183
4 2 -747.654
4 3 -1090.12
4 4 -1396.06
4 5 -1655.24
4 6 -1859.04
4 7 -2000.89
4 8 -2076.69
4 9 -2085.02
4 10 -2027.36
4 11 -1908.12
4 12 -1734.48
4 13 -1516.04
4 14 -1264.32
4 15 -992.077
4 16 -712.527
4 17 -438.545
4 18 -181.85
4 19 47.638
4 20 242.352
4 21 397.393
4 22 510.584
4 23 582.383
4 24 615.519
4 25 614.542
4 26 585.24
4 27 534.103
4 28 467.705
4 29 392.274
4 30 313.321
4 31 235.383
4 32 161.935
4 33 95.3774
4 34 37.1367
4 35 -12.2521
4 36 -52.8753
4 37 -85.3256
4 38 -110.474
4 39 -129.404
4 40 -143.19
4 41 -152.882
4 42 -159.406
4 43 -163.593
4 44 -166.121
4 45 -167.498
4 46 -168.138
4 47 -168.366
4 48 -168.407
4 49 -168.377
4 50 -168.359
4 51 -168.377
4 52 -168.407
4 53 -168.366
4 54 -168.138
4 55 -167.498
4 56 -166.121
4 57 -163.593
4 58 -159.406
4 59 -152.882
4 60 -143.19
4 61 -129.404
4 62 -110.474
4 63 -85.3256
4 64 -52.8753
4 65 -12.2521
4 66 37.1367
4 67 95.3774
4 68 161.935
4 69 235.383
4 70 313.321
4 71 392.274
4 72 467.705
4 73 534.103
4 74 585.24
4 75 614.542
4 76 615.519
4 77 582.383
4 78 510.584
4 79 397.393
4 80 242.352
4 81 47.638
4 82 -181.85
4 83 -438.545
4 84 -712.527
4 85 -992.077
4 86 -1264.32
4 87 -1516.04
4 88 -1734.48
4 89 -1908.12
4 90 -2027.36
4 91 -2085.02
4 92 -2076.69
4 93 -2000.89
4 94 -1859.04
4 95 -1655.24
4 96 -1396.06
4 97 -1090.12
4 98 -747.654
4 99 -380.183
4 100 0

5 0 0
5 1 -450.456
5 2 -885.97
5 3 -1292.07
5 4 -1655.24
5 5 -1963.4
5 6 -2206.39
5 7 -2376.47
5 8 -2468.69
5 9 -2481.31
5 10 -2415.92
5 11 -2277.53
5 12 -2074.41
5 13 -1817.7
5 14 -1520.79
5 15 -1198.61
5 16 -866.695
5 17 -540.265
5 18 -233.284
5 19 42.3386
5 20 277.391
5 21 465.739
5 22 604.484
5 23 693.823
5 24 736.705
5 25 738.292
5 26 705.32
5 27 645.405
5 28 566.388
5 29 475.76
5 30 380.206
5 31 285.316
5 32 195.409
5 33 113.537
5 34 41.5277
5 35 -19.7968
5 36 -70.4737
5 37 -111.119
5 38 -142.786
5 39 -166.711
5 40 -184.219
5 41 -196.576
5 42 -204.954
5 43 -210.367
5 44 -213.635
5 45 -215.448
5 46 -216.318
5 47 -216.648
5 48 -216.702
5 49 -216.68
5 50 -216.661
5 51 -216.68
5 52 -216.702
5 53 -216.648
5 54 -216.318
5 55 -215.448
5 56 -213.635
5 57 -210.367
5 58 -204.954
5 59 -196.576
5 60 -184.219
5 61 -166.711
5 62 -142.786
5 63 -111.119
5 64 -70.4737
5 65 -19.7968
5 66 41.5277
5 67 113.537
5 68 195.409
5 69 285.316
5 70 380.206
5 71 475.76
5 72 566.388
5 73 645.405
5 74 705.32
5 75 738.292
5 76 736.705
5 77 693.823
5 78 604.484
5 79 465.739
5 80 277.391
5 81 42.3386
5 82 -233.284
5 83 -540.265
5 84 -866.695
5 85 -1198.61
5 86 -1520.79
5 87 -1817.7
5 88 -2074.41
5 89 -2277.53
5 90 -2415.92
5 91 -2481.31
5 92 -2468.69
5 93 -2376.47
5 94 -2206.39
5 95 -1963.4
5 96 -1655.24
5 97 -1292.07
5 98 -885.97
5 99 -450.456
5 100 0

6 0 0
6 1 -505.465
6 2 -994.341
6 3 -1450.53
6 4 -1859.04
6 5 -2206.39
6 6 -2481.27
6 7 -2674.99
6 8 -2781.95
6 9 -2800.01
6 10 -2730.75
6 11 -2579.49
6 12 -2355.17
6 13 -2069.92
6 14 -1738.45
6 15 -1377.24
6 16 -1003.58
6 17 -634.48
6 18 -285.755
6 19 29.0152
6 20 299.108
6 21 517.196
6 22 679.539
6 23 785.885
6 24 839.124
6 25 844.737
6 26 810.098
6 27 743.663
6 28 654.308
6 29 550.594
6 30 440.276
6 31 329.908
6 32 224.663
6 33 128.225
6 34 42.9171
6 35 -30.143
6 36 -90.8306
6 37 -139.784
6 38 -178.123
6 39 -207.248
6 40 -228.674
6 41 -243.893
6 42 -254.287
6 43 -261.033
6 44 -265.165
6 45 -267.475
6 46 -268.633
6 47 -269.081
6 48 -269.195
6 49 -269.171
6 50 -269.157
6 51 -269.171
6 52 -269.195
6 53 -269.081
6 54 -268.633
6 55 -267.475
6 56 -265.165
6 57 -261.033
6 58 -254.287
6 59 -243.893
6 60 -228.674
6 61 -207.248
6 62 -178.123
6 63 -139.784
6 64 -90.8306
6 65 -30.143
6 66 42.9171
6 67 128.225
6 68 224.663
6 69 329.908
6 70 440.276
6 71 550.594
6 72 654.308
6 73 743.663
6 74 810.098
6 75 844.737
6 76 839.124
6 77 785.885
6 78 679.539
6 79 517.196
6 80 299.108
6 81 29.0152
6 82 -285.755
6 83 -634.48
6 84 -1003.58
6 85 -1377.24
6 86 -1738.45
6 87 -2069.92
6 88 -2355.17
6 89 -2579.49
6 90 -2730.75
6 91 -2800.01
6 92 -2781.95
6 93 -2674.99
6 94 -2481.27
6 95 -2206.39
6 96 -1859.04
6 97 -1450.53
6 98 -994.341
6 99 -505.465
6 100 0

7 0 0
7 1 -543.416
7 2 -1069.24
7 3 -1560.37
7 4 -2000.89
7 5 -2376.47
7 6 -2674.99
7 7 -2887.13
7 8 -3006.73
7 9 -3031.32
7 10 -2962.24
7 11 -2804.84
7 12 -2568.25
7 13 -2265.06
7 14 -1910.64
7 15 -1522.38
7 16 -1118.65
7 17 -717.733
7 18 -336.78
7 19 9.24378
7 20 308.32
7 21 551.942
7 22 735.463
7 23 857.96
7 24 921.998
7 25 933.032
7 26 898.733
7 27 828.111
7 28 730.804
7 29 616.259
7 30 493.124
7 31 368.863
7 32 249.436
7 33 139.241
7 34 41.0951
7 35 -43.4876
7 36 -114.223
7 37 -171.628
7 38 -216.877
7 39 -251.449
7 40 -277.074
7 41 -295.408
7 42 -308.016
7 43 -316.281
7 44 -321.399
7 45 -324.336
7 46 -325.826
7 47 -326.466
7 48 -326.652
7 49 -326.659
7 50 -326.642
7 51 -326.659
7 52 -326.652
7 53 -326.466
7 54 -325.826
7 55 -324.336
7 56 -321.399
7 57 -316.281
7 58 -308.016
7 59 -295.408
7 60 -277.074
7 61 -251.449
7 62 -216.877
7 63 -171.628
7 64 -114.223
7 65 -43.4876
7 66 41.0951
7 67 139.241
7 68 249.436
7 69 368.863
7 70 493.124
7 71 616.259
7 72 730.804
7 73 828.111
7 74 898.733
7 75 933.032
7 76 921.998
7 77 857.96
7 78 735.463
7 79 551.942
7 80 308.32
7 81 9.24378
7 82 -336.78
7 83 -717.733
7 84 -1118.65
7 85 -1522.38
7 86 -1910.64
7 87 -2265.06
7 88 -2568.25
7 89 -2804.84
7 90 -2962.24
7 91 -3031.32
7 92 -3006.73
7 93 -2887.13
7 94 -2674.99
7 95 -2376.47
7 96 -2000.89
7 97 -1560.37
7 98 -1069.24
7 99 -543.416
7 100 0

8 0 0
8 1 -563.201
8 2 -1108.47
8 3 -1618.39
8 4 -2076.69
8 5 -2468.69
8 6 -2781.95
8 7 -3006.73
8 8 -3136.54
8 9 -3168.49
8 10 -3103.59
8 11 -2946.82
8 12 -2707.1
8 13 -2396.84
8 14 -2031.48
8 15 -1628.62
8 16 -1207.07
8 17 -785.777
8 18 -382.767
8 19 -13.9951
8 20 307.41
8 21 571.859
8 22 773.67
8 23 911.077
8 24 986.025
8 25 1003.65
8 26 971.568
8 27 899.029
8 28 796.136
8 29 672.973
8 30 538.975
8 31 402.398
8 32 269.996
8 33 146.812
8 34 36.264
8 35 -59.734
8 36 -140.565
8 37 -206.649
8 38 -259.108
8 39 -299.513
8 40 -329.667
8 41 -351.418
8 42 -366.535
8 43 -376.556
8 44 -382.853
8 45 -386.521
8 46 -388.494
8 47 -389.376
8 48 -389.685
8 49 -389.743
8 50 -389.753
8 51 -389.743
8 52 -389.685
8 53 -389.376
8 54 -388.494
8 55 -386.521
8 56 -382.853
8 57 -376.556
8 58 -366.535
8 59 -351.418
8 60 -329.667
8 61 -299.513
8 62 -259.108
8 63 -206.649
8 64 -140.565
8 65 -59.734
8 66 36.264
8 67 146.812
8 68 269.996
8 69 402.398
8 70 538.975
8 71 672.973
8 72 796.136
8 73 899.029
8 74 971.568
8 75 1003.65
8 76 986.025
8 77 911.077
8 78 773.67
8 79 571.859
8 80 307.41
8 81 -13.9951
8 82 -382.767
8 83 -785.777
8 84 -1207.07
8 85 -1628.62
8 86 -2031.48
8 87 -2396.84
8 88 -2707.1
8 89 -2946.82
8 90 -3103.59
8 91 -3168.49
8 92 -3136.54
8 93 -3006.73
8 94 -2781.95
8 95 -2468.69
8 96 -2076.69
8 97 -1618.39
8 98 -1108.47
8 99 -563.201
8 100 0

9 0 0
9 1 -564.464
9 2 -1111.34
9 3 -1623.53
9 4 -2085.02
9 5 -2481.31
9 6 -2800.01
9 7 -3031.32
9 8 -3168.49
9 9 -3208.27
9 10 -3151.12
9 11 -3001.41
9 12 -2767.32
9 13 -2460.64
9 14 -2096.15
9 15 -1691.05
9 16 -1263.93
9 17 -833.835
9 18 -419.114
9 19 -36.402
9 20 300.327
9 21 580.459
9 22 797.254
9 23 947.928
9 24 1033.56
9 25 1058.63
9 26 1030.36
9 27 957.931
9 28 851.622
9 29 721.959
9 30 578.95
9 31 431.566
9 32 287.251
9 33 151.786
9 34 29.1753
9 35 -78.1603
9 36 -169.297
9 37 -244.394
9 38 -304.493
9 39 -351.151
9 40 -386.298
9 41 -411.908
9 42 -429.879
9 43 -441.958
9 44 -449.677
9 45 -454.326
9 46 -456.867
9 47 -458.118
9 48 -458.63
9 49 -458.786
9 50 -458.802
9 51 -458.786
9 52 -458.63
9 53 -458.118
9 54 -456.867
9 55 -454.326
9 56 -449.677
9 57 -441.958
9 58 -429.879
9 59 -411.908
9 60 -386.298
9 61 -351.151
9 62 -304.493
9 63 -244.394
9 64 -169.297
9 65 -78.1603
9 66 29.1753
9 67 151.786
9 68 287.251
9 69 431.566
9 70 578.95
9 71 721.959
9 72 851.622
9 73 957.931
9 74 1030.36
9 75 1058.63
9 76 1033.56
9 77 947.928
9 78 797.254
9 79 580.459
9 80 300.327
9 81 -36.402
9 82 -419.114
9 83 -833.835
9 84 -1263.93
9 85 -1691.05
9 86 -2096.15
9 87 -2460.64
9 88 -2767.32
9 89 -3001.41
9 90 -3151.12
9 91 -3208.27
9 92 -3168.49
9 93 -3031.32
9 94 -2800.01
9 95 -2481.31
9 96 -2085.02
9 97 -1623.53
9 98 -1111.34
9 99 -564.464
9 100 0

10 0 0
10 1 -547.663
10 2 -1078.72
10 3 -1577.02
10 4 -2027.36
10 5 -2415.92
10 6 -2730.75
10 7 -2962.24
10 8 -3103.59
10 9 -3151.12
10 10 -3104.65
10 11 -2967.63
10 12 -2747.16
10 13 -2453.8
10 14 -2101.21
10 15 -1705.51
10 16 -1284.51
10 17 -856.748
10 18 -440.463
10 19 -52.5514
10 20 292.381
10 21 582.848
10 22 810.991
10 23 972.903
10 24 1068.56
10 25 1101.5
10 26 1078.27
10 27 1007.66
10 28 899.84
10 29 765.522
10 30 615.163
10 31 458.28
10 32 303.028
10 33 155.837
10 34 21.3939
10 35 -97.3981
10 36 -199.123
10 37 -283.7
10 38 -351.971
10 39 -405.502
10 40 -446.209
10 41 -476.183
10 42 -497.491
10 43 -512.039
10 44 -521.53
10 45 -527.362
10 46 -530.733
10 47 -532.487
10 48 -533.287
10 49 -533.593
10 50 -533.68
10 51 -533.593
10 52 -533.287
10 53 -532.487
10 54 -530.733
10 55 -527.362
10 56 -521.53
10 57 -512.039
10 58 -497.491
10 59 -476.183
10 60 -446.209
10 61 -405.502
10 62 -351.971
10 63 -283.7
10 64 -199.123
10 65 -97.3981
10 66 21.3939
10 67 155.837
10 68 303.028
10 69 458.28
10 70 615.163
10 71 765.522
10 72 899.84
10 73 1007.66
10 74 1078.27
10 75 1101.5
10 76 1068.56
10 77 972.903
10 78 810.991
10 79 582.848
10 80 292.381
10 81 -52.5514
10 82 -440.463
10 83 -856.748
10 84 -1284.51
10 85 -1705.51
10 86 -2101.21
10 87 -2453.8
10 88 -2747.16
10 89 -2967.63
10 90 -3104.65
10 91 -3151.12
10 92 -3103.59
10 93 -2962.24
10 94 -2730.75
10 95 -2415.92
10 96 -2027.36
10 97 -1577.02
10 98 -1078.72
10 99 -547.663
10 100 0

11 0 0
11 1 -514.071
11 2 -1013.09
11 3 -1482.41
11 4 -1908.12
11 5 -2277.53
11 6 -2579.49
11 7 -2804.84
11 8 -2946.82
11 9 -3001.41
11 10 -2967.63
11 11 -2847.82
11 12 -2647.61
11 13 -2376
11 14 -2044.94
11 15 -1669.02
11 16 -1264.67
11 17 -849.478
11 18 -441.068
11 19 -56.2763
11 20 289.96
11 21 585.382
11 22 821.063
11 23 991.867
11 24 1096.49
11 25 1137.32
11 26 1119.93
11 27 1052.44
11 28 944.641
11 29 807.225
11 30 650.883
11 31 485.619
11 32 320.164
11 33 161.657
11 34 15.4046
11 35 -115.059
11 36 -227.857
11 37 -322.513
11 38 -399.685
11 39 -460.805
11 40 -507.788
11 41 -542.807
11 42 -568.04
11 43 -585.579
11 44 -597.243
11 45 -604.664
11 46 -609.085
11 47 -611.547
11 48 -612.793
11 49 -613.341
11 50 -613.474
11 51 -613.341
11 52 -612.793
11 53 -611.547
11 54 -609.085
11 55 -604.664
11 56 -597.243
11 57 -585.579
11 58 -568.04
11 59 -542.807
11 60 -507.788
11 61 -460.805
11 62 -399.685
11 63 -322.513
11 64 -227.857
11 65 -115.059
11 66 15.4046
11 67 161.657
11 68 320.164
11 69 485.619
11 70 650.883
11 71 807.225
11 72 944.641
11 73 1052.44
11 74 1119.93
11 75 1137.32
11 76 1096.49
11 77 991.867
11 78 821.063
11 79 585.382
11 80 289.96
11 81 -56.2763
11 82 -441.068
11 83 -849.478
11 84 -1264.67
11 85 -1669.02
11 86 -2044.94
11 87 -2376
11 88 -2647.61
11 89 -2847.82
11 90 -2967.63
11 91 -3001.41
11 92 -2946.82
11 93 -2804.84
11 94 -2579.49
11 95 -2277.53
11 96 -1908.12
11 97 -1482.41
11 98 -1013.09
11 99 -514.071
11 100 0

12 0 0
12 1 -465.735
12 2 -918.44
12 3 -1345.42
12 4 -1734.48
12 5 -2074.41
12 6 -2355.17
12 7 -2568.25
12 8 -2707.1
12 9 -2767.32
12 10 -2747.16
12 11 -2647.61
12 12 -2472.67
12 13 -2229.38
12 14 -1927.68
12 15 -1580.11
12 16 -1201.36
12 17 -807.54
12 18 -415.338
12 19 -41.1294
12 20 300.018
12 21 595.266
12 22 834.671
12 23 1011.85
12 24 1124.11
12 25 1172.46
12 26 1161.29
12 27 1097.79
12 28 991.166
12 29 851.848
12 30 690.634
12 31 517.811
12 32 342.694
12 33 173.031
12 34 14.8642
12 35 -127.698
12 36 -252.183
12 37 -357.735
12 38 -444.664
12 39 -514.27
12 40 -568.408
12 41 -609.286
12 42 -639.198
12 43 -660.341
12 44 -674.765
12 45 -684.166
12 46 -690.02
12 47 -693.453
12 48 -695.318
12 49 -696.196
12 50 -696.467
12 51 -696.196
12 52 -695.318
12 53 -693.453
12 54 -690.02
12 55 -684.166
12 56 -674.765
12 57 -660.341
12 58 -639.198
12 59 -609.286
12 60 -568.408
12 61 -514.27
12 62 -444.664
12 63 -357.735
12 64 -252.183
12 65 -127.698
12 66 14.8642
12 67 173.031
12 68 342.694
12 69 517.811
12 70 690.634
12 71 851.848
12 72 991.166
12 73 1097.79
12 74 1161.29
12 75 1172.46
12 76 1124.11
12 77 1011.85
12 78 834.671
12 79 595.266
12 80 300.018
12 81 -41.1294
12 82 -415.338
12 83 -807.54
12 84 -1201.36
12 85 -1580.11
12 86 -1927.68
12 87 -2229.38
12 88 -2472.67
12 89 -2647.61
12 90 -2747.16
12 91 -2767.32
12 92 -2707.1
12 93 -2568.25
12 94 -2355.17
12 95 -2074.41
12 96 -1734.48
12 97 -1345.42
12 98 -918.44
12 99 -465.735
12 100 0

13 0 0
13 1 -405.358
13 2 -800.059
13 3 -1173.66
13 4 -1516.04
13 5 -1817.7
13 6 -2069.92
13 7 -2265.06
13 8 -2396.84
13 9 -2460.64
13 10 -2453.8
13 11 -2376
13 12 -2229.38
13 13 -2018.87
13 14 -1752.08
13 15 -1439.26
13 16 -1092.97
13 17 -727.541
13 18 -358.354
13 19 -1.05153
13 20 329.47
13 21 619.936
13 22 859.521
13 23 1040.57
13 24 1158.94
13 25 1214.16
13 26 1209.25
13 27 1150.28
13 28 1045.64
13 29 905.33
13 30 740.012
13 31 560.25
13 32 375.783
13 33 195.014
13 34 24.5967
13 35 -130.625
13 36 -267.613
13 37 -384.964
13 38 -482.699
13 39 -561.86
13 40 -624.192
13 41 -671.896
13 42 -707.35
13 43 -732.926
13 44 -750.724
13 45 -762.682
13 46 -770.397
13 47 -775.131
13 48 -777.844
13 49 -779.218
13 50 -779.617
13 51 -779.218
13 52 -777.844
13 53 -775.131
13 54 -770.397
13 55 -762.682
13 56 -750.724
13 57 -732.926
13 58 -707.35
13 59 -671.896
13 60 -624.192
13 61 -561.86
13 62 -482.699
13 63 -384.964
13 64 -267.613
13 65 -130.625
13 66 24.5967
13 67 195.014
13 68 375.783
13 69 560.25
13 70 740.012
13 71 905.33
13 72 1045.64
13 73 1150.28
13 74 1209.25
13 75 1214.16
13 76 1158.94
13 77 1040.57
13 78 859.521
13 79 619.936
13 80 329.47
13 81 -1.05153
13 82 -358.354
13 83 -727.541
13 84 -1092.97
13 85 -1439.26
13 86 -1752.08
13 87 -2018.87
13 88 -2229.38
13 89 -2376
13 90 -2453.8
13 91 -2460.64
13 92 -2396.84
13 93 -2265.06
13 94 -2069.92
13 95 -1817.7
13 96 -1516.04
13 97 -1173.66
13 98 -800.059
13 99 -405.358
13 100 0

14 0 0
14 1 -336.18
14 2 -664.278
14 3 -976.28
14 4 -1264.32
14 5 -1520.79
14 6 -1738.45
14 7 -1910.64
14 8 -2031.48
14 9 -2096.15
14 10 -2101.21
14 11 -2044.94
14 12 -1927.68
14 13 -1752.08
14 14 -1523.34
14 15 -1249.23
14 16 -939.957
14 17 -607.803
14 18 -266.613
14 19 69.0055
14 20 384.51
14 21 666.405
14 22 903.105
14 23 1085.76
14 24 1208.77
14 25 1270.12
14 26 1271.34
14 27 1217.17
14 28 1115.08
14 29 974.401
14 30 805.606
14 31 619.317
14 32 425.686
14 33 233.642
14 34 50.5757
14 35 -118.002
14 36 -268.377
14 37 -398.645
14 38 -508.351
14 39 -598.248
14 40 -669.947
14 41 -725.606
14 42 -767.663
14 43 -798.51
14 44 -820.504
14 45 -835.674
14 46 -845.762
14 47 -852.198
14 48 -856.06
14 49 -858.06
14 50 -858.693
14 51 -858.06
14 52 -856.06
14 53 -852.198
14 54 -845.762
14 55 -835.674
14 56 -820.504
14 57 -798.51
14 58 -767.663
14 59 -725.606
14 60 -669.947
14 61 -598.248
14 62 -508.351
14 63 -398.645
14 64 -268.377
14 65 -118.002
14 66 50.5757
14 67 233.642
14 68 425.686
14 69 619.317
14 70 805.606
14 71 974.401
14 72 1115.08
14 73 1217.17
14 74 1271.34
14 75 1270.12
14 76 1208.77
14 77 1085.76
14 78 903.105
14 79 666.405
14 80 384.51
14 81 69.0055
14 82 -266.613
14 83 -607.803
14 84 -939.957
14 85 -1249.23
14 86 -1523.34
14 87 -1752.08
14 88 -1927.68
14 89 -2044.94
14 90 -2101.21
14 91 -2096.15
14 92 -2031.48
14 93 -1910.64
14 94 -1738.45
14 95 -1520.79
14 96 -1264.32
14 97 -976.28
14 98 -664.278
14 99 -336.18
14 100 0

15 0 0
15 1 -261.751
15 2 -518.036
15 3 -763.334
15 4 -992.077
15 5 -1198.61
15 6 -1377.24
15 7 -1522.38
15 8 -1628.62
15 9 -1691.05
15 10 -1705.51
15 11 -1669.02
15 12 -1580.11
15 13 -1439.26
15 14 -1249.23
15 15 -1015.24
15 16 -745.055
15 17 -448.79
15 18 -138.519
15 19 172.337
15 20 469.84
15 21 740.437
15 22 971.961
15 23 1154.45
15 24 1280.91
15 25 1347.75
15 26 1354.92
15 27 1305.8
15 28 1206.7
15 29 1066.25
15 30 894.463
15 31 702.03
15 32 499.33
15 33 295.885
15 34 99.69
15 35 -82.957
15 36 -247.716
15 37 -392.008
15 38 -514.926
15 39 -616.865
15 40 -699.222
15 41 -764.07
15 42 -813.809
15 43 -851.015
15 44 -878.062
15 45 -897.165
15 46 -910.257
15 47 -918.869
15 48 -924.166
15 49 -927.035
15 50 -927.92
15 51 -927.035
15 52 -924.166
15 53 -918.869
15 54 -910.257
15 55 -897.165
15 56 -878.062
15 57 -851.015
15 58 -813.809
15 59 -764.07
15 60 -699.222
15 61 -616.865
15 62 -514.926
15 63 -392.008
15 64 -247.716
15 65 -82.957
15 66 99.69
15 67 295.885
15 68 499.33
15 69 702.03
15 70 894.463
15 71 1066.25
15 72 1206.7
15 73 1305.8
15 74 1354.92
15 75 1347.75
15 76 1280.91
15 77 1154.45
15 78 971.961
15 79 740.437
15 80 469.84
15 81 172.337
15 82 -138.519
15 83 -448.79
15 84 -745.055
15 85 -1015.24
15 86 -1249.23
15 87 -1439.26
15 88 -1580.11
15 89 -1669.02
15 90 -1705.51
15 91 -1691.05
15 92 -1628.62
15 93 -1522.38
15 94 -1377.24
15 95 -1198.61
15 96 -992.077
15 97 -763.334
15 98 -518.036
15 99 -261.751
15 100 0

16 0 0
16 1 -185.718
16 2 -368.493
16 3 -545.208
16 4 -712.527
16 5 -866.695
16 6 -1003.58
16 7 -1118.65
16 8 -1207.07
16 9 -1263.93
16 10 -1284.51
16 11 -1264.67
16 12 -1201.36
16 13 -1092.97
16 14 -939.957
16 15 -745.055
16 16 -513.601
16 17 -253.498
16 18 25.0286
16 19 309.92
16 20 587.991
16 21 845.848
16 22 1070.88
16 23 1252.16
16 24 1381.38
16 25 1453.4
16 26 1466.6
16 27 1422.89
16 28 1327.39
16 29 1187.77
16 30 1013.62
16 31 815.469
16 32 603.95
16 33 389.01
16 34 179.352
16 35 -18.0484
16 36 -198.07
16 37 -357.506
16 38 -494.868
16 39 -610.153
16 40 -704.489
16 41 -779.782
16 42 -838.457
16 43 -883.046
16 44 -916.101
16 45 -939.993
16 46 -956.716
16 47 -967.995
16 48 -975.146
16 49 -979.048
16 50 -980.295
16 51 -979.048
16 52 -975.146
16 53 -967.995
16 54 -956.716
16 55 -939.993
16 56 -916.101
16 57 -883.046
16 58 -838.457
16 59 -779.782
16 60 -704.489
16 61 -610.153
16 62 -494.868
16 63 -357.506
16 64 -198.07
16 65 -18.0484
16 66 179.352
16 67 389.01
16 68 603.95
16 69 815.469
16 70 1013.62
16 71 1187.77
16 72 1327.39
16 73 1422.89
16 74 1466.6
16 75 1453.4
16 76 1381.38
16 77 1252.16
16 78 1070.88
16 79 845.848
16 80 587.991
16 81 309.92
16 82 25.0286
16 83 -253.498
16 84 -513.601
16 85 -745.055
16 86 -939.957
16 87 -1092.97
16 88 -1201.36
16 89 -1264.67
16 90 -1284.51
16 91 -1263.93
16 92 -1207.07
16 93 -1118.65
16 94 -1003.58
16 95 -866.695
16 96 -712.527
16 97 -545.208
16 98 -368.493
16 99 -185.718
16 100 0

17 0 0
17 1 -111.625
17 2 -222.592
17 3 -332.005
17 4 -438.545
17 5 -540.265
17 6 -634.48
17 7 -717.733
17 8 -785.777
17 9 -833.835
17 10 -856.748
17 11 -849.478
17 12 -807.54
17 13 -727.541
17 14 -607.803
17 15 -448.79
17 16 -253.498
17 17 -27.6797
17 18 220.348
17 19 479.935
17 20 738.807
17 21 983.866
17 22 1202.22
17 23 1382.16
17 24 1514.16
17 25 1591.64
17 26 1611.39
17 27 1573.83
17 28 1482.75
17 29 1344.93
17 30 1169.28
17 31 966.162
17 32 746.282
17 33 520.061
17 34 296.791
17 35 84.2422
17 36 -111.763
17 37 -287.278
17 38 -440.2
17 39 -570.046
17 40 -677.595
17 41 -764.619
17 42 -833.356
17 43 -886.446
17 44 -926.496
17 45 -955.953
17 46 -977.021
17 47 -991.527
17 48 -1000.84
17 49 -1006.06
17 50 -1007.71
17 51 -1006.06
17 52 -1000.84
17 53 -991.527
17 54 -977.021
17 55 -955.953
17 56 -926.496
17 57 -886.446
17 58 -833.356
17 59 -764.619
17 60 -677.595
17 61 -570.046
17 62 -440.2
17 63 -287.278
17 64 -111.763
17 65 84.2422
17 66 296.791
17 67 520.061
17 68 746.282
17 69 966.162
17 70 1169.28
17 71 1344.93
17 72 1482.75
17 73 1573.83
17 74 1611.39
17 75 1591.64
17 76 1514.16
17 77 1382.16
17 78 1202.22
17 79 983.866
17 80 738.807
17 81 479.935
17 82 220.348
17 83 -27.6797
17 84 -253.498
17 85 -448.79
17 86 -607.803
17 87 -727.541
17 88 -807.54
17 89 -849.478
17 90 -856.748
17 91 -833.835
17 92 -785.777
17 93 -717.733
17 94 -634.48
17 95 -540.265
17 96 -438.545
17 97 -332.005
17 98 -222.592
17 99 -111.625
17 100 0

18 0 0
18 1 -42.6234
18 2 -86.5572
18 3 -132.817
18 4 -181.85
18 5 -233.284
18 6 -285.755
18 7 -336.78
18 8 -382.767
18 9 -419.114
18 10 -440.463
18 11 -441.068
18 12 -415.338
18 13 -358.354
18 14 -266.613
18 15 -138.519
18 16 25.0286
18 17 220.348
18 18 440.923
18 19 677.577
18 20 919.016
18 21 1152.6
18 22 1365.32
18 23 1544.82
18 24 1680.52
18 25 1764.43
18 26 1791.87
18 27 1761.73
18 28 1676.51
18 29 1541.87
18 30 1366.1
18 31 1159.16
18 32 931.886
18 33 695.011
18 34 458.473
18 35 230.697
18 36 18.3506
18 37 -173.867
18 38 -343.176
18 39 -488.569
18 40 -610.462
18 41 -710.257
18 42 -790.166
18 43 -852.766
18 44 -900.692
18 45 -936.554
18 46 -962.607
18 47 -980.814
18 48 -992.742
18 49 -999.436
18 50 -1001.6
18 51 -999.436
18 52 -992.742
18 53 -980.814
18 54 -962.607
18 55 -936.554
18 56 -900.692
18 57 -852.766
18 58 -790.166
18 59 -710.257
18 60 -610.462
18 61 -488.569
18 62 -343.176
18 63 -173.867
18 64 18.3506
18 65 230.697
18 66 458.473
18 67 695.011
18 68 931.886
18 69 1159.16
18 70 1366.1
18 71 1541.87
18 72 1676.51
18 73 1761.73
18 74 1791.87
18 75 1764.43
18 76 1680.52
18 77 1544.82
18 78 1365.32
18 79 1152.6
18 80 919.016
18 81 677.577
18 82 440.923
18 83 220.348
18 84 25.0286
18 85 -138.519
18 86 -266.613
18 87 -358.354
18 88 -415.338
18 89 -441.068
18 90 -440.463
18 91 -419.114
18 92 -382.767
18 93 -336.78
18 94 -285.755
18 95 -233.284
18 96 -181.85
18 97 -132.817
18 98 -86.5572
18 99 -42.6234
18 100 0

19 0 0
19 1 18.6264
19 2 34.3662
19 3 44.6641
19 4 47.638
19 5 42.3386
19 6 29.0152
19 7 9.24378
19 8 -13.9951
19 9 -36.402
19 10 -52.5514
19 11 -56.2763
19 12 -41.1294
19 13 -1.05153
19 14 69.0055
19 15 172.337
19 16 309.92
19 17 479.935
19 18 677.577
19 19 895.109
19 20 1122.28
19 21 1346.99
19 22 1556.25
19 23 1737.25
19 24 1878.45
19 25 1970.63
19 26 2007.63
19 27 1986.92
19 28 1909.57
19 29 1780.19
19 30 1606.24
19 31 1397.33
19 32 1164.21
19 33 917.943
19 34 668.975
19 35 426.509
19 36 197.993
19 37 -11.0803
19 38 -197.225
19 39 -358.821
19 40 -495.75
19 41 -609.206
19 42 -701.151
19 43 -774.067
19 44 -830.685
19 45 -873.596
19 46 -905.221
19 47 -927.629
19 48 -942.423
19 49 -950.851
19 50 -953.571
19 51 -950.851
19 52 -942.423
19 53 -927.629
19 54 -905.221
19 55 -873.596
19 56 -830.685
19 57 -774.067
19 58 -701.151
19 59 -609.206
19 60 -495.75
19 61 -358.821
19 62 -197.225
19 63 -11.0803
19 64 197.993
19 65 426.509
19 66 668.975
19 67 917.943
19 68 1164.21
19 69 1397.33
19 70 1606.24
19 71 1780.19
19 72 1909.57
19 73 1986.92
19 74 2007.63
19 75 1970.63
19 76 1878.45
19 77 1737.25
19 78 1556.25
19 79 1346.99
19 80 1122.28
19 81 895.109
19 82 677.577
19 83 479.935
19 84 309.92
19 85 172.337
19 86 69.0055
19 87 -1.05153
19 88 -41.1294
19 89 -56.2763
19 90 -52.5514
19 91 -36.402
19 92 -13.9951
19 93 9.24378
19 94 29.0152
19 95 42.3386
19 96 47.638
19 97 44.6641
19 98 34.3662
19 99 18.6264
19 100 0

20 0 0
20 1 70.1579
20 2 136.269
20 3 194.663
20 4 242.352
20 5 277.391
20 6 299.108
20 7 308.32
20 8 307.41
20 9 300.327
20 10 292.381
20 11 289.96
20 12 300.018
20 13 329.47
20 14 384.51
20 15 469.84
20 16 587.991
20 17 738.807
20 18 919.016
20 19 1122.28
20 20 1339.38
20 21 1558.84
20 22 1767.82
20 23 1953.16
20 24 2102.55
20 25 2205.61
20 26 2254.87
20 27 2246.27
20 28 2179.6
20 29 2058.25
20 30 1888.86
20 31 1680.49
20 32 1443.84
20 33 1190.14
20 34 930.376
20 35 674.42
20 36 430.541
20 37 205.052
20 38 2.19356
20 39 -175.69
20 40 -328.057
20 41 -455.606
20 42 -560.099
20 43 -643.947
20 44 -709.77
20 45 -760.258
20 46 -797.893
20 47 -824.807
20 48 -842.8
20 49 -853.06
20 50 -856.411
20 51 -853.06
20 52 -842.8
20 53 -824.807
20 54 -797.893
20 55 -760.258
20 56 -709.77
20 57 -643.947
20 58 -560.099
20 59 -455.606
20 60 -328.057
20 61 -175.69
20 62 2.19356
20 63 205.052
20 64 430.541
20 65 674.42
20 66 930.376
20 67 1190.14
20 68 1443.84
20 69 1680.49
20 70 1888.86
20 71 2058.25
20 72 2179.6
20 73 2246.27
20 74 2254.87
20 75 2205.61
20 76 2102.55
20 77 1953.16
20 78 1767.82
20 79 1558.84
20 80 1339.38
20 81 1122.28
20 82 919.016
20 83 738.807
20 84 587.991
20 85 469.84
20 86 384.51
20 87 329.47
20 88 300.018
20 89 289.96
20 90 292.381
20 91 300.327
20 92 307.41
20 93 308.32
20 94 299.108
20 95 277.391
20 96 242.352
20 97 194.663
20 98 136.269
20 99 70.1579
20 100 0

21 0 0
21 1 110.748
21 2 216.712
21 3 313.502
21 4 397.393
21 5 465.739
21 6 517.196
21 7 551.942
21 8 571.859
21 9 580.459
21 10 582.848
21 11 585.382
21 12 595.266
21 13 619.936
21 14 666.405
21 15 740.437
21 16 845.848
21 17 983.866
21 18 1152.6
21 19 1346.99
21 20 1558.84
21 21 1777.33
21 22 1989.89
21 23 2183.14
21 24 2344.1
21 25 2461.39
21 26 2526.22
21 27 2533.18
21 28 2480.64
21 29 2370.86
21 30 2209.46
21 31 2004.99
21 32 1767.87
21 33 1509.53
21 34 1241.35
21 35 973.898
21 36 716.214
21 37 475.457
21 38 256.7
21 39 62.9423
21 40 -104.594
21 41 -246.224
21 42 -363.441
21 43 -458.374
21 44 -533.682
21 45 -591.995
21 46 -635.864
21 47 -667.537
21 48 -688.808
21 49 -701.051
21 50 -705.037
21 51 -701.051
21 52 -688.808
21 53 -667.537
21 54 -635.864
21 55 -591.995
21 56 -533.682
21 57 -458.374
21 58 -363.441
21 59 -246.224
21 60 -104.594
21 61 62.9423
21 62 256.7
21 63 475.457
21 64 716.214
21 65 973.898
21 66 1241.35
21 67 1509.53
21 68 1767.87
21 69 2004.99
21 70 2209.46
21 71 2370.86
21 72 2480.64
21 73 2533.18
21 74 2526.22
21 75 2461.39
21 76 2344.1
21 77 2183.14
21 78 1989.89
21 79 1777.33
21 80 1558.84
21 81 1346.99
21 82 1152.6
21 83 983.866
21 84 845.848
21 85 740.437
21 86 666.405
21 87 619.936
21 88 595.266
21 89 585.382
21 90 582.848
21 91 580.459
21 92 571.859
21 93 551.942
21 94 517.196
21 95 465.739
21 96 397.393
21 97 313.502
21 98 216.712
21 99 110.748
21 100 0

22 0 0
22 1 139.922
22 2 274.717
22 3 399.644
22 4 510.584
22 5 604.484
22 6 679.539
22 7 735.463
22 8 773.67
22 9 797.254
22 10 810.991
22 11 821.063
22 12 834.671
22 13 859.521
22 14 903.105
22 15 971.961
22 16 1070.88
22 17 1202.22
22 18 1365.32
22 19 1556.25
22 20 1767.82
22 21 1989.89
22 22 2210.22
22 23 2415.29
22 24 2591.61
22 25 2726.88
22 26 2811.14
22 27 2837.58
22 28 2803.27
22 29 2709.13
22 30 2559.86
22 31 2363.29
22 32 2129.58
22 33 1870.15
22 34 1596.74
22 35 1320.57
22 36 1051.44
22 37 797.35
22 38 564.149
22 39 355.704
22 40 173.804
22 41 18.6294
22 42 -110.885
22 43 -216.748
22 44 -301.4
22 45 -367.496
22 46 -417.617
22 47 -454.021
22 48 -478.652
22 49 -492.846
22 50 -497.498
22 51 -492.846
22 52 -478.652
22 53 -454.021
22 54 -417.617
22 55 -367.496
22 56 -301.4
22 57 -216.748
22 58 -110.885
22 59 18.6294
22 60 173.804
22 61 355.704
22 62 564.149
22 63 797.35
22 64 1051.44
22 65 1320.57
22 66 1596.74
22 67 1870.15
22 68 2129.58
22 69 2363.29
22 70 2559.86
22 71 2709.13
22 72 2803.27
22 73 2837.58
22 74 2811.14
22 75 2726.88
22 76 2591.61
22 77 2415.29
22 78 2210.22
22 79 1989.89
22 80 1767.82
22 81 1556.25
22 82 1365.32
22 83 1202.22
22 84 1070.88
22 85 971.961
22 86 903.105
22 87 859.521
22 88 834.671
22 89 821.063
22 90 810.991
22 91 797.254
22 92 773.67
22 93 735.463
22 94 679.539
22 95 604.484
22 96 510.584
22 97 399.644
22 98 274.717
22 99 139.922
22 100 0

23 0 0
23 1 157.923
23 2 310.723
23 3 453.603
23 4 582.383
23 5 693.823
23 6 785.885
23 7 857.96
23 8 911.077
23 9 947.928
23 10 972.903
23 11 991.867
23 12 1011.85
23 13 1040.57
23 14 1085.76
23 15 1154.45
23 16 1252.16
23 17 1382.16
23 18 1544.82
23 19 1737.25
23 20 1953.16
23 21 2183.14
23 22 2415.29
23 23 2636.1
23 24 2831.64
23 25 2988.82
23 26 3096.51
23 27 3146.66
23 28 3134.91
23 29 3060.97
23 30 2928.43
23 31 2744.37
23 32 2518.48
23 33 2262.16
23 34 1987.45
23 35 1706.08
23 36 1428.58
23 37 1163.74
23 38 918.369
23 39 697.022
23 40 502.186
23 41 334.633
23 42 193.642
23 43 77.5674
23 44 -15.9491
23 45 -89.4714
23 46 -145.546
23 47 -186.538
23 48 -214.351
23 49 -230.471
23 50 -235.733
23 51 -230.471
23 52 -214.351
23 53 -186.538
23 54 -145.546
23 55 -89.4714
23 56 -15.9491
23 57 77.5674
23 58 193.642
23 59 334.633
23 60 502.186
23 61 697.022
23 62 918.369
23 63 1163.74
23 64 1428.58
23 65 1706.08
23 66 1987.45
23 67 2262.16
23 68 2518.48
23 69 2744.37
23 70 2928.43
23 71 3060.97
23 72 3134.91
23 73 3146.66
23 74 3096.51
23 75 2988.82
23 76 2831.64
23 77 2636.1
23 78 2415.29
23 79 2183.14
23 80 1953.16
23 81 1737.25
23 82 1544.82
23 83 1382.16
23 84 1252.16
23 85 1154.45
23 86 1085.76
23 87 1040.57
23 88 1011.85
23 89 991.867
23 90 972.903
23 91 947.928
23 92 911.077
23 93 857.96
23 94 785.885
23 95 693.823
23 96 582.383
23 97 453.603
23 98 310.723
23 99 157.923
23 100 0

24 0 0
24 1 165.609
24 2 326.364
24 3 477.669
24 4 615.519
24 5 736.705
24 6 839.124
24 7 921.998
24 8 986.025
24 9 1033.56
24 10 1068.56
24 11 1096.49
24 12 1124.11
24 13 1158.94
24 14 1208.77
24 15 1280.91
24 16 1381.38
24 17 1514.16
24 18 1680.52
24 19 1878.45
24 20 2102.55
24 21 2344.1
24 22 2591.61
24 23 2831.64
24 24 3049.94
24 25 3232.66
24 26 3367.67
24 27 3445.65
24 28 3460.89
24 29 3411.76
24 30 3300.76
24 31 3134.04
24 32 2920.82
24 33 2672.3
24 34 2400.71
24 35 2118.2
24 36 1835.99
24 37 1563.73
24 38 1308.99
24 39 1077.12
24 40 871.403
24 41 693.105
24 42 542.046
24 43 416.814
24 44 315.33
24 45 235.093
24 46 173.557
24 47 128.413
24 48 97.6433
24 49 79.8009
24 50 73.9413
24 51 79.8009
24 52 97.6433
24 53 128.413
24 54 173.557
24 55 235.093
24 56 315.33
24 57 416.814
24 58 542.046
24 59 693.105
24 60 871.403
24 61 1077.12
24 62 1308.99
24 63 1563.73
24 64 1835.99
24 65 2118.2
24 66 2400.71
24 67 2672.3
24 68 2920.82
24 69 3134.04
24 70 3300.76
24 71 3411.76
24 72 3460.89
24 73 3445.65
24 74 3367.67
24 75 3232.66
24 76 3049.94
24 77 2831.64
24 78 2591.61
24 79 2344.1
24 80 2102.55
24 81 1878.45
24 82 1680.52
24 83 1514.16
24 84 1381.38
24 85 1280.91
24 86 1208.77
24 87 1158.94
24 88 1124.11
24 89 1096.49
24 90 1068.56
24 91 1033.56
24 92 986.025
24 93 921.998
24 94 839.124
24 95 736.705
24 96 615.519
24 97 477.669
24 98 326.364
24 99 165.609
24 100 0

25 0 0
25 1 164.307
25 2 324.211
25 3 475.512
25 4 614.542
25 5 738.292
25 6 844.737
25 7 933.032
25 8 1003.65
25 9 1058.63
25 10 1101.5
25 11 1137.32
25 12 1172.46
25 13 1214.16
25 14 1270.12
25 15 1347.75
25 16 1453.4
25 17 1591.64
25 18 1764.43
25 19 1970.63
25 20 2205.61
25 21 2461.39
25 22 2726.88
25 23 2988.82
25 24 3232.66
25 25 3443.96
25 26 3609.62
25 27 3719.12
25 28 3765.39
25 29 3745.48
25 30 3660.66
25 31 3516.14
25 32 3320.48
25 33 3084.61
25 34 2820.82
25 35 2541.58
25 36 2258.79
25 37 1982.77
25 38 1721.93
25 39 1482.46
25 40 1268.29
25 41 1081.38
25 42 921.986
25 43 789.119
25 44 680.852
25 45 594.853
25 46 528.66
25 47 479.904
25 48 446.61
25 49 427.247
25 50 420.909
25 51 427.247
25 52 446.61
25 53 479.904
25 54 528.66
25 55 594.853
25 56 680.852
25 57 789.119
25 58 921.986
25 59 1081.38
25 60 1268.29
25 61 1482.46
25 62 1721.93
25 63 1982.77
25 64 2258.79
25 65 2541.58
25 66 2820.82
25 67 3084.61
25 68 3320.48
25 69 3516.14
25 70 3660.66
25 71 3745.48
25 72 3765.39
25 73 3719.12
25 74 3609.62
25 75 3443.96
25 76 3232.66
25 77 2988.82
25 78 2726.88
25 79 2461.39
25 80 2205.61
25 81 1970.63
25 82 1764.43
25 83 1591.64
25 84 1453.4
25 85 1347.75
25 86 1270.12
25 87 1214.16
25 88 1172.46
25 89 1137.32
25 90 1101.5
25 91 1058.63
25 92 1003.65
25 93 933.032
25 94 844.737
25 95 738.292
25 96 614.542
25 97 475.512
25 98 324.211
25 99 164.307
25 100 0

26 0 0
26 1 155.638
26 2 307.432
26 3 451.716
26 4 585.24
26 5 705.32
26 6 810.098
26 7 898.733
26 8 971.568
26 9 1030.36
26 10 1078.27
26 11 1119.93
26 12 1161.29
26 13 1209.25
26 14 1271.34
26 15 1354.92
26 16 1466.6
26 17 1611.39
26 18 1791.87
26 19 2007.63
26 20 2254.87
26 21 2526.22
26 22 2811.14
26 23 3096.51
26 24 3367.67
26 25 3609.62
26 26 3808.42
26 27 3952.3
26 28 4032.95
26 29 4046.02
26 30 3991.56
26 31 3873.69
26 32 3700.23
26 33 3481.7
26 34 3230.31
26 35 2958.86
26 36 2679.66
26 37 2403.78
26 38 2140.38
26 39 1896.41
26 40 1676.58
26 41 1483.44
26 42 1317.8
26 43 1178.99
26 44 1065.4
26 45 974.85
26 46 904.894
26 47 853.274
26 48 817.934
26 49 797.381
26 50 790.617
26 51 797.381
26 52 817.934
26 53 853.274
26 54 904.894
26 55 974.85
26 56 1065.4
26 57 1178.99
26 58 1317.8
26 59 1483.44
26 60 1676.58
26 61 1896.41
26 62 2140.38
26 63 2403.78
26 64 2679.66
26 65 2958.86
26 66 3230.31
26 67 3481.7
26 68 3700.23
26 69 3873.69
26 70 3991.56
26 71 4046.02
26 72 4032.95
26 73 3952.3
26 74 3808.42
26 75 3609.62
26 76 3367.67
26 77 3096.51
26 78 2811.14
26 79 2526.22
26 80 2254.87
26 81 2007.63
26 82 1791.87
26 83 1611.39
26 84 1466.6
26 85 1354.92
26 86 1271.34
26 87 1209.25
26 88 1161.29
26 89 1119.93
26 90 1078.27
26 91 1030.36
26 92 971.568
26 93 898.733
26 94 810.098
26 95 705.32
26 96 585.24
26 97 451.716
26 98 307.432
26 99 155.638
26 100 0

27 0 0
27 1 141.404
27 2 279.562
27 3 411.392
27 4 534.103
27 5 645.405
27 6 743.663
27 7 828.111
27 8 899.029
27 9 957.931
27 10 1007.66
27 11 1052.44
27 12 1097.79
27 13 1150.28
27 14 1217.17
27 15 1305.8
27 16 1422.89
27 17 1573.83
27 18 1761.73
27 19 1986.92
27 20 2246.27
27 21 2533.18
27 22 2837.58
27 23 3146.66
27 24 3445.65
27 25 3719.12
27 26 3952.3
27 27 4132.39
27 28 4249.74
27 29 4298.68
27 30 4277.88
27 31 4190.38
27 32 4043.15
27 33 3846.16
27 34 3611.47
27 35 3351.95
27 36 3080.4
27 37 2808.48
27 38 2546.01
27 39 2300.74
27 40 2078.07
27 41 1881.23
27 42 1711.47
27 43 1568.61
27 44 1451.26
27 45 1357.41
27 46 1284.78
27 47 1231.05
27 48 1194.24
27 49 1172.8
27 50 1165.77
27 51 1172.8
27 52 1194.24
27 53 1231.05
27 54 1284.78
27 55 1357.41
27 56 1451.26
27 57 1568.61
27 58 1711.47
27 59 1881.23
27 60 2078.07
27 61 2300.74
27 62 2546.01
27 63 2808.48
27 64 3080.4
27 65 3351.95
27 66 3611.47
27 67 3846.16
27 68 4043.15
27 69 4190.38
27 70 4277.88
27 71 4298.68
27 72 4249.74
27 73 4132.39
27 74 3952.3
27 75 3719.12
27 76 3445.65
27 77 3146.66
27 78 2837.58
27 79 2533.18
27 80 2246.27
27 81 1986.92
27 82 1761.73
27 83 1573.83
27 84 1422.89
27 85 1305.8
27 86 1217.17
27 87 1150.28
27 88 1097.79
27 89 1052.44
27 90 1007.66
27 91 957.931
27 92 899.029
27 93 828.111
27 94 743.663
27 95 645.405
27 96 534.103
27 97 411.392
27 98 279.562
27 99 141.404
27 100 0

28 0 0
28 1 123.369
28 2 244.091
28 3 359.635
28 4 467.705
28 5 566.388
28 6 654.308
28 7 730.804
28 8 796.136
28 9 851.622
28 10 899.84
28 11 944.641
28 12 991.166
28 13 1045.64
28 14 1115.08
28 15 1206.7
28 16 1327.39
28 17 1482.75
28 18 1676.51
28 19 1909.57
28 20 2179.6
28 21 2480.64
28 22 2803.27
28 23 3134.91
28 24 3460.89
28 25 3765.39
28 26 4032.95
28 27 4249.74
28 28 4404.89
28 29 4491.32
28 30 4506.4
28 31 4452.01
28 32 4334.12
28 33 4162.1
28 34 3947.63
28 35 3703.72
28 36 3443.43
28 37 3178.85
28 38 2920.56
28 39 2676.96
28 40 2454.18
28 41 2256
28 42 2084.29
28 43 1939.16
28 44 1819.61
28 45 1723.79
28 46 1649.47
28 47 1594.45
28 48 1556.73
28 49 1534.76
28 50 1527.53
28 51 1534.76
28 52 1556.73
28 53 1594.45
28 54 1649.47
28 55 1723.79
28 56 1819.61
28 57 1939.16
28 58 2084.29
28 59 2256
28 60 2454.18
28 61 2676.96
28 62 2920.56
28 63 3178.85
28 64 3443.43
28 65 3703.72
28 66 3947.63
28 67 4162.1
28 68 4334.12
28 69 4452.01
28 70 4506.4
28 71 4491.32
28 72 4404.89
28 73 4249.74
28 74 4032.95
28 75 3765.39
28 76 3460.89
28 77 3134.91
28 78 2803.27
28 79 2480.64
28 80 2179.6
28 81 1909.57
28 82 1676.51
28 83 1482.75
28 84 1327.39
28 85 1206.7
28 86 1115.08
28 87 1045.64
28 88 991.166
28 89 944.641
28 90 899.84
28 91 851.622
28 92 796.136
28 93 730.804
28 94 654.308
28 95 566.388
28 96 467.705
28 97 359.635
28 98 244.091
28 99 123.369
28 100 0

29 0 0
29 1 103.197
29 2 204.298
29 3 301.265
29 4 392.274
29 5 475.76
29 6 550.594
29 7 616.259
29 8 672.973
29 9 721.959
29 10 765.522
29 11 807.225
29 12 851.848
