0 0 0
0 1 0
0 2 0
0 3 0
0 4 0
0 5 0
0 6 0
0 7 0
0 8 0
0 9 0
0 10 0
0 11 0
0 12 0
0 13 0
0 14 0
0 15 0
0 16 0
0 17 0
0 18 0
0 19 0
0 20 0
0 21 0
0 22 0
0 23 0
0 24 0
0 25 0
0 26 0
0 27 0
0 28 0
0 29 0
0 30 0
0 31 0
0 32 0
0 33 0
0 34 0
0 35 0
0 36 0
0 37 0
0 38 0
0 39 0
0 40 0
0 41 0
0 42 0
0 43 0
0 44 0
0 45 0
0 46 0
0 47 0
0 48 0
0 49 0
0 50 0
0 51 0
0 52 0
0 53 0
0 54 0
0 55 0
0 56 0
0 57 0
0 58 0
0 59 0
0 60 0
0 61 0
0 62 0
0 63 0
0 64 0
0 65 0
0 66 0
0 67 0
0 68 0
0 69 0
0 70 0
0 71 0
0 72 0
0 73 0
0 74 0
0 75 0
0 76 0
0 77 0
0 78 0
0 79 0
0 80 0
0 81 0
0 82 0
0 83 0
0 84 0
0 85 0
0 86 0
0 87 0
0 88 0
0 89 0
0 90 0
0 91 0
0 92 0
0 93 0
0 94 0
0 95 0
0 96 0
0 97 0
0 98 0
0 99 0
0 100 0

1 0 0
1 1 -0.343426
1 2 -0.664117
1 3 -1.09395
1 4 -1.69349
1 5 -2.48225
1 6 -3.47649
1 7 -4.87834
1 8 -6.7274
1 9 -9.10754
1 10 -12.1622
1 11 -16.0172
1 12 -20.8495
1 13 -26.7889
1 14 -33.9856
1 15 -42.6094
1 16 -52.7552
1 17 -64.5691
1 18 -78.1213
1 19 -93.4549
1 20 -110.604
1 21 -129.498
1 22 -150.079
1 23 -172.192
1 24 -195.654
1 25 -220.252
1 26 -245.698
1 27 -271.732
1 28 -298.019
1 29 -324.264
1 30 -350.15
1 31 -375.379
1 32 -399.695
1 33 -422.834
1 34 -444.629
1 35 -464.886
1 36 -483.528
1 37 -500.452
1 38 -515.661
1 39 -529.142
1 40 -540.96
1 41 -551.175
1 42 -559.888
1 43 -567.207
1 44 -573.243
1 45 -578.119
1 46 -581.932
1 47 -584.795
1 48 -586.771
1 49 -587.939
1 50 -588.318
1 51 -587.939
1 52 -586.771
1 53 -584.795
1 54 -581.932
1 55 -578.119
1 56 -573.243
1 57 -567.207
1 58 -559.888
1 59 -551.175
1 60 -540.96
1 61 -529.142
1 62 -515.661
1 63 -500.452
1 64 -483.528
1 65 -464.886
1 66 -444.629
1 67 -422.834
1 68 -399.695
1 69 -375.379
1 70 -350.15
1 71 -324.264
1 72 -298.019
1 73 -271.732
1 74 -245.698
1 75 -220.252
1 76 -195.654
1 77 -172.192
1 78 -150.079
1 79 -129.498
1 80 -110.604
1 81 -93.4549
1 82 -78.1213
1 83 -64.5691
1 84 -52.7552
1 85 -42.6094
1 86 -33.9856
1 87 -26.7889
1 88 -20.8495
1 89 -16.0172
1 90 -12.1622
1 91 -9.10754
1 92 -6.7274
1 93 -4.87834
1 94 -3.47649
1 95 -2.48225
1 96 -1.69349
1 97 -1.09395
1 98 -0.664117
1 99 -0.343426
1 100 0

2 0 0
2 1 -0.664117
2 2 -1.40931
2 3 -2.36079
2 4 -3.62969
2 5 -5.19845
2 6 -7.39801
2 7 -10.3063
2 8 -14.1185
2 9 -19.1017
2 10 -25.4616
2 11 -33.4653
2 12 -43.4436
2 13 -55.6675
2 14 -70.4471
2 15 -88.0806
2 16 -108.804
2 17 -132.847
2 18 -160.358
2 19 -191.401
2 20 -225.995
2 21 -264.01
2 22 -305.273
2 23 -349.478
2 24 -396.236
2 25 -445.096
2 26 -495.497
2 27 -546.884
2 28 -598.614
2 29 -650.087
2 30 -700.683
2 31 -749.828
2 32 -797.009
2 33 -841.757
2 34 -883.718
2 35 -922.58
2 36 -958.167
2 37 -990.347
2 38 -1019.11
2 39 -1044.49
2 40 -1066.61
2 41 -1085.63
2 42 -1101.75
2 43 -1115.22
2 44 -1126.26
2 45 -1135.12
2 46 -1142.02
2 47 -1147.17
2 48 -1150.71
2 49 -1152.79
2 50 -1153.47
2 51 -1152.79
2 52 -1150.71
2 53 -1147.17
2 54 -1142.02
2 55 -1135.12
2 56 -1126.26
2 57 -1115.22
2 58 -1101.75
2 59 -1085.63
2 60 -1066.61
2 61 -1044.49
2 62 -1019.11
2 63 -990.347
2 64 -958.167
2 65 -922.58
2 66 -883.718
2 67 -841.757
2 68 -797.009
2 69 -749.828
2 70 -700.683
2 71 -650.087
2 72 -598.614
2 73 -546.884
2 74 -495.497
2 75 -445.096
2 76 -396.236
2 77 -349.478
2 78 -305.273
2 79 -264.01
2 80 -225.995
2 81 -191.401
2 82 -160.358
2 83 -132.847
2 84 -108.804
2 85 -88.0806
2 86 -70.4471
2 87 -55.6675
2 88 -43.4436
2 89 -33.4653
2 90 -25.4616
2 91 -19.1017
2 92 -14.1185
2 93 -10.3063
2 94 -7.39801
2 95 -5.19845
2 96 -3.62969
2 97 -2.36079
2 98 -1.40931
2 99 -0.664117
2 100 0

3 0 0
3 1 -1.09395
3 2 -2.36079
3 3 -3.93667
3 4 -5.89432
3 5 -8.59655
3 6 -12.1163
3 7 -16.8201
3 8 -22.9731
3 9 -30.9134
3 10 -41.0442
3 11 -53.7633
3 12 -69.4949
3 13 -88.713
3 14 -111.837
3 15 -139.279
3 16 -171.397
3 17 -208.468
3 18 -250.676
3 19 -298.097
3 20 -350.654
3 21 -408.156
3 22 -470.243
3 23 -536.429
3 24 -606.091
3 25 -678.486
3 26 -752.8
3 27 -828.129
3 28 -903.57
3 29 -978.193
3 30 -1051.12
3 31 -1121.54
3 32 -1188.71
3 33 -1252
3 34 -1310.94
3 35 -1365.13
3 36 -1414.37
3 37 -1458.54
3 38 -1497.66
3 39 -1531.87
3 40 -1561.38
3 41 -1586.49
3 42 -1607.54
3 43 -1624.9
3 44 -1638.98
3 45 -1650.13
3 46 -1658.72
3 47 -1665.05
3 48 -1669.39
3 49 -1671.91
3 50 -1672.74
3 51 -1671.91
3 52 -1669.39
3 53 -1665.05
3 54 -1658.72
3 55 -1650.13
3 56 -1638.98
3 57 -1624.9
3 58 -1607.54
3 59 -1586.49
3 60 -1561.38
3 61 -1531.87
3 62 -1497.66
3 63 -1458.54
3 64 -1414.37
3 65 -1365.13
3 66 -1310.94
3 67 -1252
3 68 -1188.71
3 69 -1121.54
3 70 -1051.12
3 71 -978.193
3 72 -903.57
3 73 -828.129
3 74 -752.8
3 75 -678.486
3 76 -606.091
3 77 -536.429
3 78 -470.243
3 79 -408.156
3 80 -350.654
3 81 -298.097
3 82 -250.676
3 83 -208.468
3 84 -171.397
3 85 -139.279
3 86 -111.837
3 87 -88.713
3 88 -69.4949
3 89 -53.7633
3 90 -41.0442
3 91 -30.9134
3 92 -22.9731
3 93 -16.8201
3 94 -12.1163
3 95 -8.59655
3 96 -5.89432
3 97 -3.93667
3 98 -2.36079
3 99 -1.09395
3 100 0

4 0 0
4 1 -1.69349
4 2 -3.62969
4 3 -5.89432
4 4 -8.904
4 5 -12.8735
4 6 -18.1622
4 7 -25.0168
4 8 -34.0123
4 9 -45.541
4 10 -60.1226
4 11 -78.3628
4 12 -100.791
4 13 -128.002
4 14 -160.572
4 15 -198.95
4 16 -243.604
4 17 -294.8
4 18 -352.716
4 19 -417.365
4 20 -488.536
4 21 -565.892
4 22 -648.844
4 23 -736.658
4 24 -828.438
4 25 -923.119
4 26 -1019.6
4 27 -1116.64
4 28 -1213.06
4 29 -1307.67
4 30 -1399.33
4 31 -1487.06
4 32 -1569.95
4 33 -1647.31
4 34 -1718.55
4 35 -1783.36
4 36 -1841.5
4 37 -1892.99
4 38 -1937.93
4 39 -1976.62
4 40 -2009.42
4 41 -2036.82
4 42 -2059.31
4 43 -2077.46
4 44 -2091.83
4 45 -2102.95
4 46 -2111.31
4 47 -2117.33
4 48 -2121.37
4 49 -2123.69
4 50 -2124.45
4 51 -2123.69
4 52 -2121.37
4 53 -2117.33
4 54 -2111.31
4 55 -2102.95
4 56 -2091.83
4 57 -2077.46
4 58 -2059.31
4 59 -2036.82
4 60 -2009.42
4 61 -1976.62
4 62 -1937.93
4 63 -1892.99
4 64 -1841.5
4 65 -1783.36
4 66 -1718.55
4 67 -1647.31
4 68 -1569.95
4 69 -1487.06
4 70 -1399.33
4 71 -1307.67
4 72 -1213.06
4 73 -1116.64
4 74 -1019.6
4 75 -923.119
4 76 -828.438
4 77 -736.658
4 78 -648.844
4 79 -565.892
4 80 -488.536
4 81 -417.365
4 82 -352.716
4 83 -294.8
4 84 -243.604
4 85 -198.95
4 86 -160.572
4 87 -128.002
4 88 -100.791
4 89 -78.3628
4 90 -60.1226
4 91 -45.541
4 92 -34.0123
4 93 -25.0168
4 94 -18.1622
4 95 -12.8735
4 96 -8.904
4 97 -5.89432
4 98 -3.62969
4 99 -1.69349
4 100 0

5 0 0
5 1 -2.48225
5 2 -5.19845
5 3 -8.59655
5 4 -12.8735
5 5 -18.5258
5 6 -25.9185
5 7 -35.6044
5 8 -48.0464
5 9 -63.9735
5 10 -83.9902
5 11 -108.802
5 12 -139.114
5 13 -175.62
5 14 -218.958
5 15 -269.686
5 16 -328.225
5 17 -394.848
5 18 -469.609
5 19 -552.385
5 20 -642.771
5 21 -740.169
5 22 -843.724
5 23 -952.376
5 24 -1064.9
5 25 -1179.91
5 26 -1295.96
5 27 -1411.52
5 28 -1525.14
5 29 -1635.39
5 30 -1740.99
5 31 -1840.79
5 32 -1933.86
5 33 -2019.48
5 34 -2097.13
5 35 -2166.56
5 36 -2227.69
5 37 -2280.68
5 38 -2325.87
5 39 -2363.73
5 40 -2394.86
5 41 -2419.93
5 42 -2439.71
5 43 -2454.93
5 44 -2466.36
5 45 -2474.67
5 46 -2480.54
5 47 -2484.48
5 48 -2486.98
5 49 -2488.33
5 50 -2488.77
5 51 -2488.33
5 52 -2486.98
5 53 -2484.48
5 54 -2480.54
5 55 -2474.67
5 56 -2466.36
5 57 -2454.93
5 58 -2439.71
5 59 -2419.93
5 60 -2394.86
5 61 -2363.73
5 62 -2325.87
5 63 -2280.68
5 64 -2227.69
5 65 -2166.56
5 66 -2097.13
5 67 -2019.48
5 68 -1933.86
5 69 -1840.79
5 70 -1740.99
5 71 -1635.39
5 72 -1525.14
5 73 -1411.52
5 74 -1295.96
5 75 -1179.91
5 76 -1064.9
5 77 -952.376
5 78 -843.724
5 79 -740.169
5 80 -642.771
5 81 -552.385
5 82 -469.609
5 83 -394.848
5 84 -328.225
5 85 -269.686
5 86 -218.958
5 87 -175.62
5 88 -139.114
5 89 -108.802
5 90 -83.9902
5 91 -63.9735
5 92 -48.0464
5 93 -35.6044
5 94 -25.9185
5 95 -18.5258
5 96 -12.8735
5 97 -8.59655
5 98 -5.19845
5 99 -2.48225
5 100 0

6 0 0
6 1 -3.47649
6 2 -7.39801
6 3 -12.1163
6 4 -18.1622
6 5 -25.9185
6 6 -36.072
6 7 -49.1988
6 8 -66.0596
6 9 -87.3288
6 10 -113.927
6 11 -146.612
6 12 -186.226
6 13 -233.535
6 14 -289.222
6 15 -353.843
6 16 -427.76
6 17 -511.112
6 18 -603.809
6 19 -705.437
6 20 -815.359
6 21 -932.599
6 22 -1055.97
6 23 -1184.03
6 24 -1315.16
6 25 -1447.65
6 26 -1579.69
6 27 -1709.52
6 28 -1835.42
6 29 -1955.83
6 30 -2069.36
6 31 -2174.85
6 32 -2271.41
6 33 -2358.42
6 34 -2435.52
6 35 -2502.66
6 36 -2560.01
6 37 -2607.97
6 38 -2647.15
6 39 -2678.31
6 40 -2702.3
6 41 -2720.1
6 42 -2732.67
6 43 -2741
6 44 -2746.03
6 45 -2748.65
6 46 -2749.64
6 47 -2749.68
6 48 -2749.3
6 49 -2748.93
6 50 -2748.76
6 51 -2748.93
6 52 -2749.3
6 53 -2749.68
6 54 -2749.64
6 55 -2748.65
6 56 -2746.03
6 57 -2741
6 58 -2732.67
6 59 -2720.1
6 60 -2702.3
6 61 -2678.31
6 62 -2647.15
6 63 -2607.97
6 64 -2560.01
6 65 -2502.66
6 66 -2435.52
6 67 -2358.42
6 68 -2271.41
6 69 -2174.85
6 70 -2069.36
6 71 -1955.83
6 72 -1835.42
6 73 -1709.52
6 74 -1579.69
6 75 -1447.65
6 76 -1315.16
6 77 -1184.03
6 78 -1055.97
6 79 -932.599
6 80 -815.359
6 81 -705.437
6 82 -603.809
6 83 -511.112
6 84 -427.76
6 85 -353.843
6 86 -289.222
6 87 -233.535
6 88 -186.226
6 89 -146.612
6 90 -113.927
6 91 -87.3288
6 92 -66.0596
6 93 -49.1988
6 94 -36.072
6 95 -25.9185
6 96 -18.1622
6 97 -12.1163
6 98 -7.39801
6 99 -3.47649
6 100 0

7 0 0
7 1 -4.87834
7 2 -10.3063
7 3 -16.8201
7 4 -25.0168
7 5 -35.6044
7 6 -49.1988
7 7 -66.7254
7 8 -88.92
7 9 -116.814
7 10 -151.286
7 11 -193.333
7 12 -243.844
7 13 -303.633
7 14 -373.327
7 15 -453.447
7 16 -544.165
7 17 -645.437
7 18 -756.876
7 19 -877.739
7 20 -1007
7 21 -1143.26
7 22 -1284.9
7 23 -1430.07
7 24 -1576.71
7 25 -1722.78
7 26 -1866.16
7 27 -2004.86
7 28 -2137.01
7 29 -2260.97
7 30 -2375.4
7 31 -2479.21
7 32 -2571.71
7 33 -2652.46
7 34 -2721.44
7 35 -2778.84
7 36 -2825.23
7 37 -2861.31
7 38 -2888.06
7 39 -2906.55
7 40 -2917.97
7 41 -2923.54
7 42 -2924.52
7 43 -2922.12
7 44 -2917.48
7 45 -2911.64
7 46 -2905.54
7 47 -2899.95
7 48 -2895.5
7 49 -2892.65
7 50 -2891.66
7 51 -2892.65
7 52 -2895.5
7 53 -2899.95
7 54 -2905.54
7 55 -2911.64
7 56 -2917.48
7 57 -2922.12
7 58 -2924.52
7 59 -2923.54
7 60 -2917.97
7 61 -2906.55
7 62 -2888.06
7 63 -2861.31
7 64 -2825.23
7 65 -2778.84
7 66 -2721.44
7 67 -2652.46
7 68 -2571.71
7 69 -2479.21
7 70 -2375.4
7 71 -2260.97
7 72 -2137.01
7 73 -2004.86
7 74 -1866.16
7 75 -1722.78
7 76 -1576.71
7 77 -1430.07
7 78 -1284.9
7 79 -1143.26
7 80 -1007
7 81 -877.739
7 82 -756.876
7 83 -645.437
7 84 -544.165
7 85 -453.447
7 86 -373.327
7 87 -303.633
7 88 -243.844
7 89 -193.333
7 90 -151.286
7 91 -116.814
7 92 -88.92
7 93 -66.7254
7 94 -49.1988
7 95 -35.6044
7 96 -25.0168
7 97 -16.8201
7 98 -10.3063
7 99 -4.87834
7 100 0

8 0 0
8 1 -6.7274
8 2 -14.1185
8 3 -22.9731
8 4 -34.0123
8 5 -48.0464
8 6 -66.0596
8 7 -88.92
8 8 -117.769
8 9 -153.554
8 10 -197.481
8 11 -250.501
8 12 -313.602
8 13 -387.552
8 14 -472.924
8 15 -569.994
8 16 -678.765
8 17 -798.805
8 18 -929.363
8 19 -1069.25
8 20 -1216.93
8 21 -1370.54
8 22 -1527.95
8 23 -1686.85
8 24 -1844.81
8 25 -1999.42
8 26 -2148.33
8 27 -2289.41
8 28 -2420.74
8 29 -2540.75
8 30 -2648.23
8 31 -2742.36
8 32 -2822.7
8 33 -2889.23
8 34 -2942.27
8 35 -2982.49
8 36 -3010.81
8 37 -3028.42
8 38 -3036.62
8 39 -3036.9
8 40 -3030.74
8 41 -3019.69
8 42 -3005.22
8 43 -2988.78
8 44 -2971.65
8 45 -2955.06
8 46 -2940.01
8 47 -2927.4
8 48 -2917.88
8 49 -2911.98
8 50 -2909.97
8 51 -2911.98
8 52 -2917.88
8 53 -2927.4
8 54 -2940.01
8 55 -2955.06
8 56 -2971.65
8 57 -2988.78
8 58 -3005.22
8 59 -3019.69
8 60 -3030.74
8 61 -3036.9
8 62 -3036.62
8 63 -3028.42
8 64 -3010.81
8 65 -2982.49
8 66 -2942.27
8 67 -2889.23
8 68 -2822.7
8 69 -2742.36
8 70 -2648.23
8 71 -2540.75
8 72 -2420.74
8 73 -2289.41
8 74 -2148.33
8 75 -1999.42
8 76 -1844.81
8 77 -1686.85
8 78 -1527.95
8 79 -1370.54
8 80 -1216.93
8 81 -1069.25
8 82 -929.363
8 83 -798.805
8 84 -678.765
8 85 -569.994
8 86 -472.924
8 87 -387.552
8 88 -313.602
8 89 -250.501
8 90 -197.481
8 91 -153.554
8 92 -117.769
8 93 -88.92
8 94 -66.0596
8 95 -48.0464
8 96 -34.0123
8 97 -22.9731
8 98 -14.1185
8 99 -6.7274
8 100 0

9 0 0
9 1 -9.10754
9 2 -19.1017
9 3 -30.9134
9 4 -45.541
9 5 -63.9735
9 6 -87.3288
9 7 -116.814
9 8 -153.554
9 9 -198.875
9 10 -253.778
9 11 -319.518
9 12 -396.919
9 13 -486.678
9 14 -589.199
9 15 -704.472
9 16 -832.088
9 17 -971.249
9 18 -1120.6
9 19 -1278.49
9 20 -1442.75
9 21 -1611
9 22 -1780.58
9 23 -1948.7
9 24 -2112.61
9 25 -2269.59
9 26 -2417.18
9 27 -2553.2
9 28 -2675.83
9 29 -2783.72
9 30 -2875.95
9 31 -2952.09
9 32 -3012.15
9 33 -3056.6
9 34 -3086.27
9 35 -3102.31
9 36 -3106.16
9 37 -3099.42
9 38 -3083.87
9 39 -3061.28
9 40 -3033.54
9 41 -3002.38
9 42 -2969.55
9 43 -2936.61
9 44 -2905.03
9 45 -2876.07
9 46 -2850.87
9 47 -2830.29
9 48 -2815.1
9 49 -2805.76
9 50 -2802.63
9 51 -2805.76
9 52 -2815.1
9 53 -2830.29
9 54 -2850.87
9 55 -2876.07
9 56 -2905.03
9 57 -2936.61
9 58 -2969.55
9 59 -3002.38
9 60 -3033.54
9 61 -3061.28
9 62 -3083.87
9 63 -3099.42
9 64 -3106.16
9 65 -3102.31
9 66 -3086.27
9 67 -3056.6
9 68 -3012.15
9 69 -2952.09
9 70 -2875.95
9 71 -2783.72
9 72 -2675.83
9 73 -2553.2
9 74 -2417.18
9 75 -2269.59
9 76 -2112.61
9 77 -1948.7
9 78 -1780.58
9 79 -1611
9 80 -1442.75
9 81 -1278.49
9 82 -1120.6
9 83 -971.249
9 84 -832.088
9 85 -704.472
9 86 -589.199
9 87 -486.678
9 88 -396.919
9 89 -319.518
9 90 -253.778
9 91 -198.875
9 92 -153.554
9 93 -116.814
9 94 -87.3288
9 95 -63.9735
9 96 -45.541
9 97 -30.9134
9 98 -19.1017
9 99 -9.10754
9 100 0

10 0 0
10 1 -12.1622
10 2 -25.4616
10 3 -41.0442
10 4 -60.1226
10 5 -83.9902
10 6 -113.927
10 7 -151.286
10 8 -197.481
10 9 -253.778
10 10 -321.499
10 11 -401.562
10 12 -494.932
10 13 -601.982
10 14 -722.83
10 15 -857.068
10 16 -1003.81
10 17 -1161.64
10 18 -1328.66
10 19 -1502.51
10 20 -1680.47
10 21 -1859.49
10 22 -2036.46
10 23 -2208.15
10 24 -2371.51
10 25 -2523.7
10 26 -2662.22
10 27 -2785.05
10 28 -2890.62
10 29 -2977.97
10 30 -3046.62
10 31 -3096.73
10 32 -3128.85
10 33 -3144.07
10 34 -3143.79
10 35 -3129.74
10 36 -3103.86
10 37 -3068.24
10 38 -3025.03
10 39 -2976.36
10 40 -2924.34
10 41 -2870.96
10 42 -2818.09
10 43 -2767.39
10 44 -2720.41
10 45 -2678.43
10 46 -2642.57
10 47 -2613.75
10 48 -2592.66
10 49 -2579.81
10 50 -2575.49
10 51 -2579.81
10 52 -2592.66
10 53 -2613.75
10 54 -2642.57
10 55 -2678.43
10 56 -2720.41
10 57 -2767.39
10 58 -2818.09
10 59 -2870.96
10 60 -2924.34
10 61 -2976.36
10 62 -3025.03
10 63 -3068.24
10 64 -3103.86
10 65 -3129.74
10 66 -3143.79
10 67 -3144.07
10 68 -3128.85
10 69 -3096.73
10 70 -3046.62
10 71 -2977.97
10 72 -2890.62
10 73 -2785.05
10 74 -2662.22
10 75 -2523.7
10 76 -2371.51
10 77 -2208.15
10 78 -2036.46
10 79 -1859.49
10 80 -1680.47
10 81 -1502.51
10 82 -1328.66
10 83 -1161.64
10 84 -1003.81
10 85 -857.068
10 86 -722.83
10 87 -601.982
10 88 -494.932
10 89 -401.562
10 90 -321.499
10 91 -253.778
10 92 -197.481
10 93 -151.286
10 94 -113.927
10 95 -83.9902
10 96 -60.1226
10 97 -41.0442
10 98 -25.4616
10 99 -12.1622
10 100 0

11 0 0
11 1 -16.0172
11 2 -33.4653
11 3 -53.7633
11 4 -78.3628
11 5 -108.802
11 6 -146.612
11 7 -193.333
11 8 -250.501
11 9 -319.518
11 10 -401.562
11 11 -497.695
11 12 -608.36
11 13 -733.87
11 14 -873.764
11 15 -1027.15
11 16 -1192.51
11 17 -1367.76
11 18 -1550.27
11 19 -1737
11 20 -1924.53
11 21 -2109.32
11 22 -2287.71
11 23 -2456.23
11 24 -2611.62
11 25 -2751.07
11 26 -2872.25
11 27 -2973.44
11 28 -3053.57
11 29 -3112.18
11 30 -3149.5
11 31 -3166.28
11 32 -3163.85
11 33 -3143.92
11 34 -3108.56
11 35 -3060.07
11 36 -3000.91
11 37 -2933.57
11 38 -2860.56
11 39 -2784.27
11 40 -2707.01
11 41 -2630.86
11 42 -2557.75
11 43 -2489.37
11 44 -2427.23
11 45 -2372.56
11 46 -2326.46
11 47 -2289.73
11 48 -2263.05
11 49 -2246.86
11 50 -2241.43
11 51 -2246.86
11 52 -2263.05
11 53 -2289.73
11 54 -2326.46
11 55 -2372.56
11 56 -2427.23
11 57 -2489.37
11 58 -2557.75
11 59 -2630.86
11 60 -2707.01
11 61 -2784.27
11 62 -2860.56
11 63 -2933.57
11 64 -3000.91
11 65 -3060.07
11 66 -3108.56
11 67 -3143.92
11 68 -3163.85
11 69 -3166.28
11 70 -3149.5
11 71 -3112.18
11 72 -3053.57
11 73 -2973.44
11 74 -2872.25
11 75 -2751.07
11 76 -2611.62
11 77 -2456.23
11 78 -2287.71
11 79 -2109.32
11 80 -1924.53
11 81 -1737
11 82 -1550.27
11 83 -1367.76
11 84 -1192.51
11 85 -1027.15
11 86 -873.764
11 87 -733.87
11 88 -608.36
11 89 -497.695
11 90 -401.562
11 91 -319.518
11 92 -250.501
11 93 -193.333
11 94 -146.612
11 95 -108.802
11 96 -78.3628
11 97 -53.7633
11 98 -33.4653
11 99 -16.0172
11 100 0

12 0 0
12 1 -20.8495
12 2 -43.4436
12 3 -69.4949
12 4 -100.791
12 5 -139.114
12 6 -186.226
12 7 -243.844
12 8 -313.602
12 9 -396.919
12 10 -494.932
12 11 -608.36
12 12 -737.552
12 13 -882.116
12 14 -1041.22
12 15 -1213.17
12 16 -1395.79
12 17 -1586.15
12 18 -1780.9
12 19 -1976.24
12 20 -2168.14
12 21 -2352.52
12 22 -2525.41
12 23 -2683.13
12 24 -2822.48
12 25 -2940.82
12 26 -3036.25
12 27 -3107.53
12 28 -3154.29
12 29 -3176.78
12 30 -3176.02
12 31 -3153.58
12 32 -3111.52
12 33 -3052.31
12 34 -2978.63
12 35 -2893.36
12 36 -2799.37
12 37 -2699.56
12 38 -2596.61
12 39 -2493.14
12 40 -2391.45
12 41 -2293.7
12 42 -2201.71
12 43 -2117.13
12 44 -2041.28
12 45 -1975.34
12 46 -1920.2
12 47 -1876.61
12 48 -1845.09
12 49 -1826.04
12 50 -1819.65
12 51 -1826.04
12 52 -1845.09
12 53 -1876.61
12 54 -1920.2
12 55 -1975.34
12 56 -2041.28
12 57 -2117.13
12 58 -2201.71
12 59 -2293.7
12 60 -2391.45
12 61 -2493.14
12 62 -2596.61
12 63 -2699.56
12 64 -2799.37
12 65 -2893.36
12 66 -2978.63
12 67 -3052.31
12 68 -3111.52
12 69 -3153.58
12 70 -3176.02
12 71 -3176.78
12 72 -3154.29
12 73 -3107.53
12 74 -3036.25
12 75 -2940.82
12 76 -2822.48
12 77 -2683.13
12 78 -2525.41
12 79 -2352.52
12 80 -2168.14
12 81 -1976.24
12 82 -1780.9
12 83 -1586.15
12 84 -1395.79
12 85 -1213.17
12 86 -1041.22
12 87 -882.116
12 88 -737.552
12 89 -608.36
12 90 -494.932
12 91 -396.919
12 92 -313.602
12 93 -243.844
12 94 -186.226
12 95 -139.114
12 96 -100.791
12 97 -69.4949
12 98 -43.4436
12 99 -20.8495
12 100 0

13 0 0
13 1 -26.7889
13 2 -55.6675
13 3 -88.713
13 4 -128.002
13 5 -175.62
13 6 -233.535
13 7 -303.633
13 8 -387.552
13 9 -486.678
13 10 -601.982
13 11 -733.87
13 12 -882.116
13 13 -1045.91
13 14 -1223.53
13 15 -1412.64
13 16 -1610.11
13 17 -1812.26
13 18 -2014.85
13 19 -2213.46
13 20 -2403.43
13 21 -2580.34
13 22 -2740.01
13 23 -2878.8
13 24 -2993.75
13 25 -3082.68
13 26 -3144.28
13 27 -3178.1
13 28 -3184.56
13 29 -3164.88
13 30 -3120.93
13 31 -3055.17
13 32 -2970.47
13 33 -2869.98
13 34 -2756.99
13 35 -2634.85
13 36 -2506.79
13 37 -2375.89
13 38 -2245
13 39 -2116.71
13 40 -1993.29
13 41 -1876.73
13 42 -1768.73
13 43 -1670.67
13 44 -1583.73
13 45 -1508.81
13 46 -1446.66
13 47 -1397.78
13 48 -1362.62
13 49 -1341.41
13 50 -1334.34
13 51 -1341.41
13 52 -1362.62
13 53 -1397.78
13 54 -1446.66
13 55 -1508.81
13 56 -1583.73
13 57 -1670.67
13 58 -1768.73
13 59 -1876.73
13 60 -1993.29
13 61 -2116.71
13 62 -2245
13 63 -2375.89
13 64 -2506.79
13 65 -2634.85
13 66 -2756.99
13 67 -2869.98
13 68 -2970.47
13 69 -3055.17
13 70 -3120.93
13 71 -3164.88
13 72 -3184.56
13 73 -3178.1
13 74 -3144.28
13 75 -3082.68
13 76 -2993.75
13 77 -2878.8
13 78 -2740.01
13 79 -2580.34
13 80 -2403.43
13 81 -2213.46
13 82 -2014.85
13 83 -1812.26
13 84 -1610.11
13 85 -1412.64
13 86 -1223.53
13 87 -1045.91
13 88 -882.116
13 89 -733.87
13 90 -601.982
13 91 -486.678
13 92 -387.552
13 93 -303.633
13 94 -233.535
13 95 -175.62
13 96 -128.002
13 97 -88.713
13 98 -55.6675
13 99 -26.7889
13 100 0

14 0 0
14 1 -33.9856
14 2 -70.4471
14 3 -111.837
14 4 -160.572
14 5 -218.958
14 6 -289.222
14 7 -373.327
14 8 -472.924
14 9 -589.199
14 10 -722.83
14 11 -873.764
14 12 -1041.22
14 13 -1223.53
14 14 -1418.26
14 15 -1622.11
14 16 -1831.07
14 17 -2040.54
14 18 -2245.6
14 19 -2441.07
14 20 -2622.03
14 21 -2783.69
14 22 -2922.03
14 23 -3033.62
14 24 -3116.03
14 25 -3167.78
14 26 -3188.39
14 27 -3178.41
14 28 -3139.25
14 29 -3073.15
14 30 -2982.95
14 31 -2872.01
14 32 -2743.96
14 33 -2602.6
14 34 -2451.71
14 35 -2294.97
14 36 -2135.81
14 37 -1977.38
14 38 -1822.49
14 39 -1673.57
14 40 -1532.71
14 41 -1401.61
14 42 -1281.67
14 43 -1174
14 44 -1079.44
14 45 -998.629
14 46 -932.015
14 47 -879.94
14 48 -842.602
14 49 -820.159
14 50 -812.662
14 51 -820.159
14 52 -842.602
14 53 -879.94
14 54 -932.015
14 55 -998.629
14 56 -1079.44
14 57 -1174
14 58 -1281.67
14 59 -1401.61
14 60 -1532.71
14 61 -1673.57
14 62 -1822.49
14 63 -1977.38
14 64 -2135.81
14 65 -2294.97
14 66 -2451.71
14 67 -2602.6
14 68 -2743.96
14 69 -2872.01
14 70 -2982.95
14 71 -3073.15
14 72 -3139.25
14 73 -3178.41
14 74 -3188.39
14 75 -3167.78
14 76 -3116.03
14 77 -3033.62
14 78 -2922.03
14 79 -2783.69
14 80 -2622.03
14 81 -2441.07
14 82 -2245.6
14 83 -2040.54
14 84 -1831.07
14 85 -1622.11
14 86 -1418.26
14 87 -1223.53
14 88 -1041.22
14 89 -873.764
14 90 -722.83
14 91 -589.199
14 92 -472.924
14 93 -373.327
14 94 -289.222
14 95 -218.958
14 96 -160.572
14 97 -111.837
14 98 -70.4471
14 99 -33.9856
14 100 0

15 0 0
15 1 -42.6094
15 2 -88.0806
15 3 -139.279
15 4 -198.95
15 5 -269.686
15 6 -353.843
15 7 -453.447
15 8 -569.994
15 9 -704.472
15 10 -857.068
15 11 -1027.15
15 12 -1213.17
15 13 -1412.64
15 14 -1622.11
15 15 -1837.34
15 16 -2053.37
15 17 -2264.78
15 18 -2465.92
15 19 -2651.21
15 20 -2815.38
15 21 -2953.82
15 22 -3062.66
15 23 -3139.17
15 24 -3181.58
15 25 -3189.45
15 26 -3163.34
15 27 -3104.93
15 28 -3016.79
15 29 -2902.22
15 30 -2765.08
15 31 -2609.53
15 32 -2439.92
15 33 -2260.53
15 34 -2075.5
15 35 -1888.65
15 36 -1703.46
15 37 -1522.93
15 38 -1349.67
15 39 -1185.82
15 40 -1033.07
15 41 -892.782
15 42 -765.922
15 43 -653.217
15 44 -555.116
15 45 -471.936
15 46 -403.809
15 47 -350.832
15 48 -312.993
15 49 -290.31
15 50 -282.742
15 51 -290.31
15 52 -312.993
15 53 -350.832
15 54 -403.809
15 55 -471.936
15 56 -555.116
15 57 -653.217
15 58 -765.922
15 59 -892.782
15 60 -1033.07
15 61 -1185.82
15 62 -1349.67
15 63 -1522.93
15 64 -1703.46
15 65 -1888.65
15 66 -2075.5
15 67 -2260.53
15 68 -2439.92
15 69 -2609.53
15 70 -2765.08
15 71 -2902.22
15 72 -3016.79
15 73 -3104.93
15 74 -3163.34
15 75 -3189.45
15 76 -3181.58
15 77 -3139.17
15 78 -3062.66
15 79 -2953.82
15 80 -2815.38
15 81 -2651.21
15 82 -2465.92
15 83 -2264.78
15 84 -2053.37
15 85 -1837.34
15 86 -1622.11
15 87 -1412.64
15 88 -1213.17
15 89 -1027.15
15 90 -857.068
15 91 -704.472
15 92 -569.994
15 93 -453.447
15 94 -353.843
15 95 -269.686
15 96 -198.95
15 97 -139.279
15 98 -88.0806
15 99 -42.6094
15 100 0

16 0 0
16 1 -52.7552
16 2 -108.804
16 3 -171.397
16 4 -243.604
16 5 -328.225
16 6 -427.76
16 7 -544.165
16 8 -678.765
16 9 -832.088
16 10 -1003.81
16 11 -1192.51
16 12 -1395.79
16 13 -1610.11
16 14 -1831.07
16 15 -2053.37
16 16 -2271.15
16 17 -2478.27
16 18 -2668.49
16 19 -2835.99
16 20 -2975.53
16 21 -3082.75
16 22 -3154.5
16 23 -3188.76
16 24 -3184.98
16 25 -3143.75
16 26 -3067.03
16 27 -2957.68
16 28 -2819.5
16 29 -2656.87
16 30 -2474.56
16 31 -2277.47
16 32 -2070.48
16 33 -1858.2
16 34 -1644.89
16 35 -1434.36
16 36 -1229.86
16 37 -1034.14
16 38 -849.379
16 39 -677.27
16 40 -519.03
16 41 -375.515
16 42 -247.21
16 43 -134.384
16 44 -37.0666
16 45 44.8039
16 46 111.412
16 47 162.933
16 48 199.58
16 49 221.49
16 50 228.789
16 51 221.49
16 52 199.58
16 53 162.933
16 54 111.412
16 55 44.8039
16 56 -37.0666
16 57 -134.384
16 58 -247.21
16 59 -375.515
16 60 -519.03
16 61 -677.27
16 62 -849.379
16 63 -1034.14
16 64 -1229.86
16 65 -1434.36
16 66 -1644.89
16 67 -1858.2
16 68 -2070.48
16 69 -2277.47
16 70 -2474.56
16 71 -2656.87
16 72 -2819.5
16 73 -2957.68
16 74 -3067.03
16 75 -3143.75
16 76 -3184.98
16 77 -3188.76
16 78 -3154.5
16 79 -3082.75
16 80 -2975.53
16 81 -2835.99
16 82 -2668.49
16 83 -2478.27
16 84 -2271.15
16 85 -2053.37
16 86 -1831.07
16 87 -1610.11
16 88 -1395.79
16 89 -1192.51
16 90 -1003.81
16 91 -832.088
16 92 -678.765
16 93 -544.165
16 94 -427.76
16 95 -328.225
16 96 -243.604
16 97 -171.397
16 98 -108.804
16 99 -52.7552
16 100 0

17 0 0
17 1 -64.5691
17 2 -132.847
17 3 -208.468
17 4 -294.8
17 5 -394.848
17 6 -511.112
17 7 -645.437
17 8 -798.805
17 9 -971.249
17 10 -1161.64
17 11 -1367.76
17 12 -1586.15
17 13 -1812.26
17 14 -2040.54
17 15 -2264.78
17 16 -2478.27
17 17 -2674.22
17 18 -2846.15
17 19 -2988.14
17 20 -3095.32
17 21 -3163.98
17 22 -3191.85
17 23 -3178.12
17 24 -3123.45
17 25 -3029.95
17 26 -2900.82
17 27 -2740.39
17 28 -2553.52
17 29 -2345.7
17 30 -2122.39
17 31 -1889.14
17 32 -1651.07
17 33 -1412.95
17 34 -1178.92
17 35 -952.534
17 36 -736.663
17 37 -533.54
17 38 -344.828
17 39 -171.605
17 40 -14.5492
17 41 126.108
17 42 250.356
17 43 358.476
17 44 450.814
17 45 527.869
17 46 590.084
17 47 637.951
17 48 671.824
17 49 692.036
17 50 698.741
17 51 692.036
17 52 671.824
17 53 637.951
17 54 590.084
17 55 527.869
17 56 450.814
17 57 358.476
17 58 250.356
17 59 126.108
17 60 -14.5492
17 61 -171.605
17 62 -344.828
17 63 -533.54
17 64 -736.663
17 65 -952.534
17 66 -1178.92
17 67 -1412.95
17 68 -1651.07
17 69 -1889.14
17 70 -2122.39
17 71 -2345.7
17 72 -2553.52
17 73 -2740.39
17 74 -2900.82
17 75 -3029.95
17 76 -3123.45
17 77 -3178.12
17 78 -3191.85
17 79 -3163.98
17 80 -3095.32
17 81 -2988.14
17 82 -2846.15
17 83 -2674.22
17 84 -2478.27
17 85 -2264.78
17 86 -2040.54
17 87 -1812.26
17 88 -1586.15
17 89 -1367.76
17 90 -1161.64
17 91 -971.249
17 92 -798.805
17 93 -645.437
17 94 -511.112
17 95 -394.848
17 96 -294.8
17 97 -208.468
17 98 -132.847
17 99 -64.5691
17 100 0

18 0 0
18 1 -78.1213
18 2 -160.358
18 3 -250.676
18 4 -352.716
18 5 -469.609
18 6 -603.809
18 7 -756.876
18 8 -929.363
18 9 -1120.6
18 10 -1328.66
18 11 -1550.27
18 12 -1780.9
18 13 -2014.85
18 14 -2245.6
18 15 -2465.92
18 16 -2668.49
18 17 -2846.15
18 18 -2992.27
18 19 -3101.36
18 20 -3169.1
18 21 -3192.81
18 22 -3171.4
18 23 -3105.5
18 24 -2997.32
18 25 -2850.41
18 26 -2669.52
18 27 -2460.16
18 28 -2228.42
18 29 -1980.51
18 30 -1722.6
18 31 -1460.44
18 32 -1199.33
18 33 -943.802
18 34 -697.74
18 35 -464.142
18 36 -245.362
18 37 -42.9403
18 38 142.106
18 39 309.39
18 40 458.87
18 41 590.918
18 42 706.079
18 43 805.102
18 44 888.775
18 45 957.922
18 46 1013.31
18 47 1055.62
18 48 1085.41
18 49 1103.12
18 50 1108.99
18 51 1103.12
18 52 1085.41
18 53 1055.62
18 54 1013.31
18 55 957.922
18 56 888.775
18 57 805.102
18 58 706.079
18 59 590.918
18 60 458.87
18 61 309.39
18 62 142.106
18 63 -42.9403
18 64 -245.362
18 65 -464.142
18 66 -697.74
18 67 -943.802
18 68 -1199.33
18 69 -1460.44
18 70 -1722.6
18 71 -1980.51
18 72 -2228.42
18 73 -2460.16
18 74 -2669.52
18 75 -2850.41
18 76 -2997.32
18 77 -3105.5
18 78 -3171.4
18 79 -3192.81
18 80 -3169.1
18 81 -3101.36
18 82 -2992.27
18 83 -2846.15
18 84 -2668.49
18 85 -2465.92
18 86 -2245.6
18 87 -2014.85
18 88 -1780.9
18 89 -1550.27
18 90 -1328.66
18 91 -1120.6
18 92 -929.363
18 93 -756.876
18 94 -603.809
18 95 -469.609
18 96 -352.716
18 97 -250.676
18 98 -160.358
18 99 -78.1213
18 100 0

19 0 0
19 1 -93.4549
19 2 -191.401
19 3 -298.097
19 4 -417.365
19 5 -552.385
19 6 -705.437
19 7 -877.739
19 8 -1069.25
19 9 -1278.49
19 10 -1502.51
19 11 -1737
19 12 -1976.24
19 13 -2213.46
19 14 -2441.07
19 15 -2651.21
19 16 -2835.99
19 17 -2988.14
19 18 -3101.36
19 19 -3170.71
19 20 -3192.95
19 21 -3166.63
19 22 -3092.24
19 23 -2971.98
19 24 -2809.74
19 25 -2610.64
19 26 -2380.87
19 27 -2127.13
19 28 -1856.4
19 29 -1575.56
19 30 -1291.06
19 31 -1008.77
19 32 -733.679
19 33 -470.035
19 34 -221.027
19 35 10.8995
19 36 224.26
19 37 418.163
19 38 592.46
19 39 747.381
19 40 883.642
19 41 1002.13
19 42 1103.97
19 43 1190.32
19 44 1262.36
19 45 1321.2
19 46 1367.86
19 47 1403.2
19 48 1427.93
19 49 1442.56
19 50 1447.41
19 51 1442.56
19 52 1427.93
19 53 1403.2
19 54 1367.86
19 55 1321.2
19 56 1262.36
19 57 1190.32
19 58 1103.97
19 59 1002.13
19 60 883.642
19 61 747.381
19 62 592.46
19 63 418.163
19 64 224.26
19 65 10.8995
19 66 -221.027
19 67 -470.035
19 68 -733.679
19 69 -1008.77
19 70 -1291.06
19 71 -1575.56
19 72 -1856.4
19 73 -2127.13
19 74 -2380.87
19 75 -2610.64
19 76 -2809.74
19 77 -2971.98
19 78 -3092.24
19 79 -3166.63
19 80 -3192.95
19 81 -3170.71
19 82 -3101.36
19 83 -2988.14
19 84 -2835.99
19 85 -2651.21
19 86 -2441.07
19 87 -2213.46
19 88 -1976.24
19 89 -1737
19 90 -1502.51
19 91 -1278.49
19 92 -1069.25
19 93 -877.739
19 94 -705.437
19 95 -552.385
19 96 -417.365
19 97 -298.097
19 98 -191.401
19 99 -93.4549
19 100 0

20 0 0
20 1 -110.604
20 2 -225.995
20 3 -350.654
20 4 -488.536
20 5 -642.771
20 6 -815.359
20 7 -1007
20 8 -1216.93
20 9 -1442.75
20 10 -1680.47
20 11 -1924.53
20 12 -2168.14
20 13 -2403.43
20 14 -2622.03
20 15 -2815.38
20 16 -2975.53
20 17 -3095.32
20 18 -3169.1
20 19 -3192.95
20 20 -3164.92
20 21 -3085.21
20 22 -2955.97
20 23 -2781.27
20 24 -2566.63
20 25 -2318.79
20 26 -2045.17
20 27 -1753.54
20 28 -1451.52
20 29 -1146.34
20 30 -844.492
20 31 -551.563
20 32 -272.123
20 33 -9.68632
20 34 233.254
20 35 455.181
20 36 655.377
20 37 833.891
20 38 991.263
20 39 1128.55
20 40 1246.99
20 41 1348.13
20 42 1433.46
20 43 1504.59
20 44 1562.92
20 45 1609.88
20 46 1646.58
20 47 1674.09
20 48 1693.14
20 49 1704.37
20 50 1708.05
20 51 1704.37
20 52 1693.14
20 53 1674.09
20 54 1646.58
20 55 1609.88
20 56 1562.92
20 57 1504.59
20 58 1433.46
20 59 1348.13
20 60 1246.99
20 61 1128.55
20 62 991.263
20 63 833.891
20 64 655.377
20 65 455.181
20 66 233.254
20 67 -9.68632
20 68 -272.123
20 69 -551.563
20 70 -844.492
20 71 -1146.34
20 72 -1451.52
20 73 -1753.54
20 74 -2045.17
20 75 -2318.79
20 76 -2566.63
20 77 -2781.27
20 78 -2955.97
20 79 -3085.21
20 80 -3164.92
20 81 -3192.95
20 82 -3169.1
20 83 -3095.32
20 84 -2975.53
20 85 -2815.38
20 86 -2622.03
20 87 -2403.43
20 88 -2168.14
20 89 -1924.53
20 90 -1680.47
20 91 -1442.75
20 92 -1216.93
20 93 -1007
20 94 -815.359
20 95 -642.771
20 96 -488.536
20 97 -350.654
20 98 -225.995
20 99 -110.604
20 100 0

21 0 0
21 1 -129.498
21 2 -264.01
21 3 -408.156
21 4 -565.892
21 5 -740.169
21 6 -932.599
21 7 -1143.26
21 8 -1370.54
21 9 -1611
21 10 -1859.49
21 11 -2109.32
21 12 -2352.52
21 13 -2580.34
21 14 -2783.69
21 15 -2953.82
21 16 -3082.75
21 17 -3163.98
21 18 -3192.81
21 19 -3166.63
21 20 -3085.21
21 21 -2950.51
21 22 -2766.63
21 23 -2539.44
21 24 -2276.19
21 25 -1984.99
21 26 -1674.43
21 27 -1352.94
21 28 -1028.6
21 29 -708.586
21 30 -399.155
21 31 -105.314
21 32 169.085
21 33 421.412
21 34 650.118
21 35 854.622
21 36 1035.17
21 37 1192.62
21 38 1328.34
21 39 1444
21 40 1541.48
21 41 1622.71
21 42 1689.62
21 43 1744.02
21 44 1787.63
21 45 1821.91
21 46 1848.19
21 47 1867.5
21 48 1880.71
21 49 1888.38
21 50 1890.92
21 51 1888.38
21 52 1880.71
21 53 1867.5
21 54 1848.19
21 55 1821.91
21 56 1787.63
21 57 1744.02
21 58 1689.62
21 59 1622.71
21 60 1541.48
21 61 1444
21 62 1328.34
21 63 1192.62
21 64 1035.17
21 65 854.622
21 66 650.118
21 67 421.412
21 68 169.085
21 69 -105.314
21 70 -399.155
21 71 -708.586
21 72 -1028.6
21 73 -1352.94
21 74 -1674.43
21 75 -1984.99
21 76 -2276.19
21 77 -2539.44
21 78 -2766.63
21 79 -2950.51
21 80 -3085.21
21 81 -3166.63
21 82 -3192.81
21 83 -3163.98
21 84 -3082.75
21 85 -2953.82
21 86 -2783.69
21 87 -2580.34
21 88 -2352.52
21 89 -2109.32
21 90 -1859.49
21 91 -1611
21 92 -1370.54
21 93 -1143.26
21 94 -932.599
21 95 -740.169
21 96 -565.892
21 97 -408.156
21 98 -264.01
21 99 -129.498
21 100 0

22 0 0
22 1 -150.079
22 2 -305.273
22 3 -470.243
22 4 -648.844
22 5 -843.724
22 6 -1055.97
22 7 -1284.9
22 8 -1527.95
22 9 -1780.58
22 10 -2036.46
22 11 -2287.71
22 12 -2525.41
22 13 -2740.01
22 14 -2922.03
22 15 -3062.66
22 16 -3154.5
22 17 -3191.85
22 18 -3171.4
22 19 -3092.24
22 20 -2955.97
22 21 -2766.63
22 22 -2530.24
22 23 -2254.53
22 24 -1948.25
22 25 -1620.8
22 26 -1281.51
22 27 -939.313
22 28 -602.245
22 29 -277.242
22 30 30.1124
22 31 315.57
22 32 576.297
22 33 810.656
22 34 1018.19
22 35 1199.3
22 36 1355.18
22 37 1487.5
22 38 1598.36
22 39 1689.98
22 40 1764.73
22 41 1824.89
22 42 1872.64
22 43 1909.98
22 44 1938.72
22 45 1960.41
22 46 1976.38
22 47 1987.71
22 48 1995.2
22 49 1999.47
22 50 2000.85
22 51 1999.47
22 52 1995.2
22 53 1987.71
22 54 1976.38
22 55 1960.41
22 56 1938.72
22 57 1909.98
22 58 1872.64
22 59 1824.89
22 60 1764.73
22 61 1689.98
22 62 1598.36
22 63 1487.5
22 64 1355.18
22 65 1199.3
22 66 1018.19
22 67 810.656
22 68 576.297
22 69 315.57
22 70 30.1124
22 71 -277.242
22 72 -602.245
22 73 -939.313
22 74 -1281.51
22 75 -1620.8
22 76 -1948.25
22 77 -2254.53
22 78 -2530.24
22 79 -2766.63
22 80 -2955.97
22 81 -3092.24
22 82 -3171.4
22 83 -3191.85
22 84 -3154.5
22 85 -3062.66
22 86 -2922.03
22 87 -2740.01
22 88 -2525.41
22 89 -2287.71
22 90 -2036.46
22 91 -1780.58
22 92 -1527.95
22 93 -1284.9
22 94 -1055.97
22 95 -843.724
22 96 -648.844
22 97 -470.243
22 98 -305.273
22 99 -150.079
22 100 0

23 0 0
23 1 -172.192
23 2 -349.478
23 3 -536.429
23 4 -736.658
23 5 -952.376
23 6 -1184.03
23 7 -1430.07
23 8 -1686.85
23 9 -1948.7
23 10 -2208.15
23 11 -2456.23
23 12 -2683.13
23 13 -2878.8
23 14 -3033.62
23 15 -3139.17
23 16 -3188.76
23 17 -3178.12
23 18 -3105.5
23 19 -2971.98
23 20 -2781.27
23 21 -2539.44
23 22 -2254.53
23 23 -1935.91
23 24 -1593.73
23 25 -1238.27
23 26 -879.394
23 27 -526.054
23 28 -186.015
23 29 134.488
23 30 430.7
23 31 699.495
23 32 939.103
23 33 1149.11
23 34 1330.08
23 35 1483.5
23 36 1611.37
23 37 1716.18
23 38 1800.55
23 39 1867.25
23 40 1918.92
23 41 1958.1
23 42 1987.09
23 43 2007.99
23 44 2022.58
23 45 2032.43
23 46 2038.81
23 47 2042.74
23 48 2045
23 49 2046.14
23 50 2046.48
23 51 2046.14
23 52 2045
23 53 2042.74
23 54 2038.81
23 55 2032.43
23 56 2022.58
23 57 2007.99
23 58 1987.09
23 59 1958.1
23 60 1918.92
23 61 1867.25
23 62 1800.55
23 63 1716.18
23 64 1611.37
23 65 1483.5
23 66 1330.08
23 67 1149.11
23 68 939.103
23 69 699.495
23 70 430.7
23 71 134.488
23 72 -186.015
23 73 -526.054
23 74 -879.394
23 75 -1238.27
23 76 -1593.73
23 77 -1935.91
23 78 -2254.53
23 79 -2539.44
23 80 -2781.27
23 81 -2971.98
23 82 -3105.5
23 83 -3178.12
23 84 -3188.76
23 85 -3139.17
23 86 -3033.62
23 87 -2878.8
23 88 -2683.13
23 89 -2456.23
23 90 -2208.15
23 91 -1948.7
23 92 -1686.85
23 93 -1430.07
23 94 -1184.03
23 95 -952.376
23 96 -736.658
23 97 -536.429
23 98 -349.478
23 99 -172.192
23 100 0

24 0 0
24 1 -195.654
24 2 -396.236
24 3 -606.091
24 4 -828.438
24 5 -1064.9
24 6 -1315.16
24 7 -1576.71
24 8 -1844.81
24 9 -2112.61
24 10 -2371.51
24 11 -2611.62
24 12 -2822.48
24 13 -2993.75
24 14 -3116.03
24 15 -3181.58
24 16 -3184.98
24 17 -3123.45
24 18 -2997.32
24 19 -2809.74
24 20 -2566.63
24 21 -2276.19
24 22 -1948.25
24 23 -1593.73
24 24 -1223.79
24 25 -849.323
24 26 -480.287
24 27 -125.365
24 28 208.391
24 29 515.645
24 30 792.827
24 31 1037.99
24 32 1250.66
24 33 1431.55
24 34 1582.39
24 35 1705.52
24 36 1803.81
24 37 1880.3
24 38 1938.15
24 39 1980.37
24 40 2009.87
24 41 2029.22
24 42 2040.83
24 43 2046.66
24 44 2048.51
24 45 2047.79
24 46 2045.71
24 47 2043.15
24 48 2040.86
24 49 2039.29
24 50 2038.74
24 51 2039.29
24 52 2040.86
24 53 2043.15
24 54 2045.71
24 55 2047.79
24 56 2048.51
24 57 2046.66
24 58 2040.83
24 59 2029.22
24 60 2009.87
24 61 1980.37
24 62 1938.15
24 63 1880.3
24 64 1803.81
24 65 1705.52
24 66 1582.39
24 67 1431.55
24 68 1250.66
24 69 1037.99
24 70 792.827
24 71 515.645
24 72 208.391
24 73 -125.365
24 74 -480.287
24 75 -849.323
24 76 -1223.79
24 77 -1593.73
24 78 -1948.25
24 79 -2276.19
24 80 -2566.63
24 81 -2809.74
24 82 -2997.32
24 83 -3123.45
24 84 -3184.98
24 85 -3181.58
24 86 -3116.03
24 87 -2993.75
24 88 -2822.48
24 89 -2611.62
24 90 -2371.51
24 91 -2112.61
24 92 -1844.81
24 93 -1576.71
24 94 -1315.16
24 95 -1064.9
24 96 -828.438
24 97 -606.091
24 98 -396.236
24 99 -195.654
24 100 0

25 0 0
25 1 -220.252
25 2 -445.096
25 3 -678.486
25 4 -923.119
25 5 -1179.91
25 6 -1447.65
25 7 -1722.78
25 8 -1999.42
25 9 -2269.59
25 10 -2523.7
25 11 -2751.07
25 12 -2940.82
25 13 -3082.68
25 14 -3167.78
25 15 -3189.45
25 16 -3143.75
25 17 -3029.95
25 18 -2850.41
25 19 -2610.64
25 20 -2318.79
25 21 -1984.99
25 22 -1620.8
25 23 -1238.27
25 24 -849.323
25 25 -465.031
25 26 -95.1107
25 27 252.44
25 28 571.533
25 29 858.058
25 30 1109.73
25 31 1325.97
25 32 1507.56
25 33 1656.42
25 34 1775.23
25 35 1867.25
25 36 1935.91
25 37 1984.79
25 38 2017.3
25 39 2036.69
25 40 2045.86
25 41 2047.44
25 42 2043.65
25 43 2036.43
25 44 2027.35
25 45 2017.72
25 46 2008.54
25 47 2000.65
25 48 1994.6
25 49 1990.82
25 50 1989.53
25 51 1990.82
25 52 1994.6
25 53 2000.65
25 54 2008.54
25 55 2017.72
25 56 2027.35
25 57 2036.43
25 58 2043.65
25 59 2047.44
25 60 2045.86
25 61 2036.69
25 62 2017.3
25 63 1984.79
25 64 1935.91
25 65 1867.25
25 66 1775.23
25 67 1656.42
25 68 1507.56
25 69 1325.97
25 70 1109.73
25 71 858.058
25 72 571.533
25 73 252.44
25 74 -95.1107
25 75 -465.031
25 76 -849.323
25 77 -1238.27
25 78 -1620.8
25 79 -1984.99
25 80 -2318.79
25 81 -2610.64
25 82 -2850.41
25 83 -3029.95
25 84 -3143.75
25 85 -3189.45
25 86 -3167.78
25 87 -3082.68
25 88 -2940.82
25 89 -2751.07
25 90 -2523.7
25 91 -2269.59
25 92 -1999.42
25 93 -1722.78
25 94 -1447.65
25 95 -1179.91
25 96 -923.119
25 97 -678.486
25 98 -445.096
25 99 -220.252
25 100 0

26 0 0
26 1 -245.698
26 2 -495.497
26 3 -752.8
26 4 -1019.6
26 5 -1295.96
26 6 -1579.69
26 7 -1866.16
26 8 -2148.33
26 9 -2417.18
26 10 -2662.22
26 11 -2872.25
26 12 -3036.25
26 13 -3144.28
26 14 -3188.39
26 15 -3163.34
26 16 -3067.03
26 17 -2900.82
26 18 -2669.52
26 19 -2380.87
26 20 -2045.17
26 21 -1674.43
26 22 -1281.51
26 23 -879.394
26 24 -480.287
26 25 -95.1107
26 26 267.076
26 27 599.246
26 28 896.587
26 29 1156.35
26 30 1377.71
26 31 1561.44
26 32 1709.6
26 33 1825.18
26 34 1911.77
26 35 1973.28
26 36 2013.67
26 37 2036.79
26 38 2046.24
26 39 2045.25
26 40 2036.7
26 41 2023.04
26 42 2006.37
26 43 1988.37
26 44 1970.45
26 45 1953.69
26 46 1938.97
26 47 1926.9
26 48 1917.98
26 49 1912.49
26 50 1910.66
26 51 1912.49
26 52 1917.98
26 53 1926.9
26 54 1938.97
26 55 1953.69
26 56 1970.45
26 57 1988.37
26 58 2006.37
26 59 2023.04
26 60 2036.7
26 61 2045.25
26 62 2046.24
26 63 2036.79
26 64 2013.67
26 65 1973.28
26 66 1911.77
26 67 1825.18
26 68 1709.6
26 69 1561.44
26 70 1377.71
26 71 1156.35
26 72 896.587
26 73 599.246
26 74 267.076
26 75 -95.1107
26 76 -480.287
26 77 -879.394
26 78 -1281.51
26 79 -1674.43
26 80 -2045.17
26 81 -2380.87
26 82 -2669.52
26 83 -2900.82
26 84 -3067.03
26 85 -3163.34
26 86 -3188.39
26 87 -3144.28
26 88 -3036.25
26 89 -2872.25
26 90 -2662.22
26 91 -2417.18
26 92 -2148.33
26 93 -1866.16
26 94 -1579.69
26 95 -1295.96
26 96 -1019.6
26 97 -752.8
26 98 -495.497
26 99 -245.698
26 100 0

27 0 0
27 1 -271.732
27 2 -546.884
27 3 -828.129
27 4 -1116.64
27 5 -1411.52
27 6 -1709.52
27 7 -2004.86
27 8 -2289.41
27 9 -2553.2
27 10 -2785.05
27 11 -2973.44
27 12 -3107.53
27 13 -3178.1
27 14 -3178.41
27 15 -3104.93
27 16 -2957.68
27 17 -2740.39
27 18 -2460.16
27 19 -2127.13
27 20 -1753.54
27 21 -1352.94
27 22 -939.313
27 23 -526.054
27 24 -125.365
27 25 252.44
27 26 599.246
27 27 909.319
27 28 1179.28
27 29 1407.91
27 30 1595.83
27 31 1745.2
27 32 1859.21
27 33 1941.84
27 34 1997.38
27 35 2030.27
27 36 2044.77
27 37 2044.89
27 38 2034.19
27 39 2015.86
27 40 1992.56
27 41 1966.53
27 42 1939.6
27 43 1913.25
27 44 1888.6
27 45 1866.56
27 46 1847.76
27 47 1832.71
27 48 1821.73
27 49 1815.07
27 50 1812.83
27 51 1815.07
27 52 1821.73
27 53 1832.71
27 54 1847.76
27 55 1866.56
27 56 1888.6
27 57 1913.25
27 58 1939.6
27 59 1966.53
27 60 1992.56
27 61 2015.86
27 62 2034.19
27 63 2044.89
27 64 2044.77
27 65 2030.27
27 66 1997.38
27 67 1941.84
27 68 1859.21
27 69 1745.2
27 70 1595.83
27 71 1407.91
27 72 1179.28
27 73 909.319
27 74 599.246
27 75 252.44
27 76 -125.365
27 77 -526.054
27 78 -939.313
27 79 -1352.94
27 80 -1753.54
27 81 -2127.13
27 82 -2460.16
27 83 -2740.39
27 84 -2957.68
27 85 -3104.93
27 86 -3178.41
27 87 -3178.1
27 88 -3107.53
27 89 -2973.44
27 90 -2785.05
27 91 -2553.2
27 92 -2289.41
27 93 -2004.86
27 94 -1709.52
27 95 -1411.52
27 96 -1116.64
27 97 -828.129
27 98 -546.884
27 99 -271.732
27 100 0

28 0 0
28 1 -298.019
28 2 -598.614
28 3 -903.57
28 4 -1213.06
28 5 -1525.14
28 6 -1835.42
28 7 -2137.01
28 8 -2420.74
28 9 -2675.83
28 10 -2890.62
28 11 -3053.57
28 12 -3154.29
28 13 -3184.56
28 14 -3139.25
28 15 -3016.79
28 16 -2819.5
28 17 -2553.52
28 18 -2228.42
28 19 -1856.4
28 20 -1451.52
28 21 -1028.6
28 22 -602.245
28 23 -186.015
28 24 208.391
28 25 571.533
28 26 896.587
28 27 1179.28
28 28 1417.84
28 29 1612.57
28 30 1765.59
28 31 1880.26
28 32 1960.86
28 33 2012.11
28 34 2038.89
28 35 2045.94
28 36 2037.68
28 37 2018.08
28 38 1990.6
28 39 1958.18
28 40 1923.23
28 41 1887.71
28 42 1853.17
28 43 1820.78
28 44 1791.44
28 45 1765.79
