0 0 0
0 1 0
0 2 0
0 3 0
0 4 0
0 5 0
0 6 0
0 7 0
0 8 0
0 9 0
0 10 0
0 11 0
0 12 0
0 13 0
0 14 0
0 15 0
0 16 0
0 17 0
0 18 0
0 19 0
0 20 0
0 21 0
0 22 0
0 23 0
0 24 0
0 25 0
0 26 0
0 27 0
0 28 0
0 29 0
0 30 0
0 31 0
0 32 0
0 33 0
0 34 0
0 35 0
0 36 0
0 37 0
0 38 0
0 39 0
0 40 0
0 41 0
0 42 0
0 43 0
0 44 0
0 45 0
0 46 0
0 47 0
0 48 0
0 49 0
0 50 0
0 51 0
0 52 0
0 53 0
0 54 0
0 55 0
0 56 0
0 57 0
0 58 0
0 59 0
0 60 0
0 61 0
0 62 0
0 63 0
0 64 0
0 65 0
0 66 0
0 67 0
0 68 0
0 69 0
0 70 0
0 71 0
0 72 0
0 73 0
0 74 0
0 75 0
0 76 0
0 77 0
0 78 0
0 79 0
0 80 0
0 81 0
0 82 0
0 83 0
0 84 0
0 85 0
0 86 0
0 87 0
0 88 0
0 89 0
0 90 0
0 91 0
0 92 0
0 93 0
0 94 0
0 95 0
0 96 0
0 97 0
0 98 0
0 99 0
0 100 0

1 0 0
1 1 -5.92915
1 2 -12.2028
1 3 -19.2011
1 4 -27.2598
1 5 -36.7209
1 6 -47.8957
1 7 -61.0675
1 8 -76.4517
1 9 -94.2037
1 10 -114.442
1 11 -137.237
1 12 -162.424
1 13 -189.802
1 14 -219.154
1 15 -250.009
1 16 -281.882
1 17 -314.18
1 18 -346.226
1 19 -377.344
1 20 -406.795
1 21 -433.91
1 22 -458.002
1 23 -478.505
1 24 -494.917
1 25 -506.852
1 26 -514.07
1 27 -516.425
1 28 -513.951
1 29 -506.764
1 30 -495.137
1 31 -479.421
1 32 -460.063
1 33 -437.586
1 34 -412.537
1 35 -385.529
1 36 -357.14
1 37 -327.997
1 38 -298.649
1 39 -269.674
1 40 -241.556
1 41 -214.787
1 42 -189.763
1 43 -166.87
1 44 -146.414
1 45 -128.675
1 46 -113.865
1 47 -102.171
1 48 -93.722
1 49 -88.6162
1 50 -86.9074
1 51 -88.6162
1 52 -93.722
1 53 -102.171
1 54 -113.865
1 55 -128.675
1 56 -146.414
1 57 -166.87
1 58 -189.763
1 59 -214.787
1 60 -241.556
1 61 -269.674
1 62 -298.649
1 63 -327.997
1 64 -357.14
1 65 -385.529
1 66 -412.537
1 67 -437.586
1 68 -460.063
1 69 -479.421
1 70 -495.137
1 71 -506.764
1 72 -513.951
1 73 -516.425
1 74 -514.07
1 75 -506.852
1 76 -494.917
1 77 -478.505
1 78 -458.002
1 79 -433.91
1 80 -406.795
1 81 -377.344
1 82 -346.226
1 83 -314.18
1 84 -281.882
1 85 -250.009
1 86 -219.154
1 87 -189.802
1 88 -162.424
1 89 -137.237
1 90 -114.442
1 91 -94.2037
1 92 -76.4517
1 93 -61.0675
1 94 -47.8957
1 95 -36.7209
1 96 -27.2598
1 97 -19.2011
1 98 -12.2028
1 99 -5.92915
1 100 0

2 0 0
2 1 -12.2028
2 2 -25.1201
2 3 -39.4901
2 4 -56.005
2 5 -75.2971
2 6 -98.0022
2 7 -124.643
2 8 -155.707
2 9 -191.47
2 10 -232.124
2 11 -277.66
2 12 -327.853
2 13 -382.337
2 14 -440.407
2 15 -501.298
2 16 -563.993
2 17 -627.23
2 18 -689.747
2 19 -750.143
2 20 -807.009
2 21 -859.004
2 22 -904.84
2 23 -943.407
2 24 -973.78
2 25 -995.241
2 26 -1007.36
2 27 -1009.92
2 28 -1003.02
2 29 -986.943
2 30 -962.254
2 31 -929.676
2 32 -890.119
2 33 -844.611
2 34 -794.256
2 35 -740.235
2 36 -683.707
2 37 -625.856
2 38 -567.784
2 39 -510.572
2 40 -455.184
2 41 -402.53
2 42 -353.396
2 43 -308.494
2 44 -268.424
2 45 -233.699
2 46 -204.738
2 47 -181.876
2 48 -165.371
2 49 -155.394
2 50 -152.06
2 51 -155.394
2 52 -165.371
2 53 -181.876
2 54 -204.738
2 55 -233.699
2 56 -268.424
2 57 -308.494
2 58 -353.396
2 59 -402.53
2 60 -455.184
2 61 -510.572
2 62 -567.784
2 63 -625.856
2 64 -683.707
2 65 -740.235
2 66 -794.256
2 67 -844.611
2 68 -890.119
2 69 -929.676
2 70 -962.254
2 71 -986.943
2 72 -1003.02
2 73 -1009.92
2 74 -1007.36
2 75 -995.241
2 76 -973.78
2 77 -943.407
2 78 -904.84
2 79 -859.004
2 80 -807.009
2 81 -750.143
2 82 -689.747
2 83 -627.23
2 84 -563.993
2 85 -501.298
2 86 -440.407
2 87 -382.337
2 88 -327.853
2 89 -277.66
2 90 -232.124
2 91 -191.47
2 92 -155.707
2 93 -124.643
2 94 -98.0022
2 95 -75.2971
2 96 -56.005
2 97 -39.4901
2 98 -25.1201
2 99 -12.2028
2 100 0

3 0 0
3 1 -19.2011
3 2 -39.4901
3 3 -61.9584
3 4 -87.626
3 5 -117.491
3 6 -152.428
3 7 -193.242
3 8 -240.512
3 9 -294.692
3 10 -355.939
3 11 -424.197
3 12 -499.078
3 13 -579.822
3 14 -665.529
3 15 -754.815
3 16 -846.125
3 17 -937.686
3 18 -1027.49
3 19 -1113.56
3 20 -1193.83
3 21 -1266.37
3 22 -1329.39
3 23 -1381.35
3 24 -1420.99
3 25 -1447.41
3 26 -1460.06
3 27 -1458.79
3 28 -1443.81
3 29 -1415.68
3 30 -1375.28
3 31 -1323.78
3 32 -1262.52
3 33 -1193.06
3 34 -1117.02
3 35 -1036.1
3 36 -952.008
3 37 -866.411
3 38 -780.892
3 39 -696.963
3 40 -615.99
3 41 -539.23
3 42 -467.784
3 43 -402.63
3 44 -344.589
3 45 -294.367
3 46 -252.531
3 47 -219.541
3 48 -195.734
3 49 -181.358
3 50 -176.549
3 51 -181.358
3 52 -195.734
3 53 -219.541
3 54 -252.531
3 55 -294.367
3 56 -344.589
3 57 -402.63
3 58 -467.784
3 59 -539.23
3 60 -615.99
3 61 -696.963
3 62 -780.892
3 63 -866.411
3 64 -952.008
3 65 -1036.1
3 66 -1117.02
3 67 -1193.06
3 68 -1262.52
3 69 -1323.78
3 70 -1375.28
3 71 -1415.68
3 72 -1443.81
3 73 -1458.79
3 74 -1460.06
3 75 -1447.41
3 76 -1420.99
3 77 -1381.35
3 78 -1329.39
3 79 -1266.37
3 80 -1193.83
3 81 -1113.56
3 82 -1027.49
3 83 -937.686
3 84 -846.125
3 85 -754.815
3 86 -665.529
3 87 -579.822
3 88 -499.078
3 89 -424.197
3 90 -355.939
3 91 -294.692
3 92 -240.512
3 93 -193.242
3 94 -152.428
3 95 -117.491
3 96 -87.626
3 97 -61.9584
3 98 -39.4901
3 99 -19.2011
3 100 0

4 0 0
4 1 -27.2598
4 2 -56.005
4 3 -87.626
4 4 -123.535
4 5 -165.004
4 6 -213.202
4 7 -269.053
4 8 -333.312
4 9 -406.403
4 10 -488.491
4 11 -579.291
4 12 -678.142
4 13 -784.047
4 14 -895.463
4 15 -1010.64
4 16 -1127.36
4 17 -1243.25
4 18 -1355.77
4 19 -1462.24
4 20 -1560.16
4 21 -1647.06
4 22 -1720.82
4 23 -1779.59
4 24 -1821.97
4 25 -1847
4 26 -1854.21
4 27 -1843.62
4 28 -1815.69
4 29 -1771.34
4 30 -1711.85
4 31 -1638.82
4 32 -1554.1
4 33 -1459.7
4 34 -1357.76
4 35 -1250.42
4 36 -1139.86
4 37 -1028.11
4 38 -917.18
4 39 -808.861
4 40 -704.854
4 41 -606.628
4 42 -515.528
4 43 -432.676
4 44 -359.065
4 45 -295.491
4 46 -242.63
4 47 -200.994
4 48 -170.984
4 49 -152.868
4 50 -146.814
4 51 -152.868
4 52 -170.984
4 53 -200.994
4 54 -242.63
4 55 -295.491
4 56 -359.065
4 57 -432.676
4 58 -515.528
4 59 -606.628
4 60 -704.854
4 61 -808.861
4 62 -917.18
4 63 -1028.11
4 64 -1139.86
4 65 -1250.42
4 66 -1357.76
4 67 -1459.7
4 68 -1554.1
4 69 -1638.82
4 70 -1711.85
4 71 -1771.34
4 72 -1815.69
4 73 -1843.62
4 74 -1854.21
4 75 -1847
4 76 -1821.97
4 77 -1779.59
4 78 -1720.82
4 79 -1647.06
4 80 -1560.16
4 81 -1462.24
4 82 -1355.77
4 83 -1243.25
4 84 -1127.36
4 85 -1010.64
4 86 -895.463
4 87 -784.047
4 88 -678.142
4 89 -579.291
4 90 -488.491
4 91 -406.403
4 92 -333.312
4 93 -269.053
4 94 -213.202
4 95 -165.004
4 96 -123.535
4 97 -87.626
4 98 -56.005
4 99 -27.2598
4 100 0

5 0 0
5 1 -36.7209
5 2 -75.2971
5 3 -117.491
5 4 -165.004
5 5 -219.44
5 6 -282.072
5 7 -354.048
5 8 -436.109
5 9 -528.705
5 10 -631.733
5 11 -744.605
5 12 -866.429
5 13 -995.643
5 14 -1130.24
5 15 -1267.82
5 16 -1405.65
5 17 -1540.75
5 18 -1669.97
5 19 -1790.23
5 20 -1898.52
5 21 -1992.12
5 22 -2068.68
5 23 -2126.29
5 24 -2163.58
5 25 -2179.75
5 26 -2174.55
5 27 -2148.35
5 28 -2102
5 29 -2036.88
5 30 -1954.71
5 31 -1857.6
5 32 -1747.84
5 33 -1627.9
5 34 -1500.35
5 35 -1367.7
5 36 -1232.45
5 37 -1096.96
5 38 -963.454
5 39 -833.946
5 40 -710.274
5 41 -594.061
5 42 -486.718
5 43 -389.464
5 44 -303.31
5 45 -229.112
5 46 -167.534
5 47 -119.127
5 48 -84.2682
5 49 -63.2549
5 50 -56.2244
5 51 -63.2549
5 52 -84.2682
5 53 -119.127
5 54 -167.534
5 55 -229.112
5 56 -303.31
5 57 -389.464
5 58 -486.718
5 59 -594.061
5 60 -710.274
5 61 -833.946
5 62 -963.454
5 63 -1096.96
5 64 -1232.45
5 65 -1367.7
5 66 -1500.35
5 67 -1627.9
5 68 -1747.84
5 69 -1857.6
5 70 -1954.71
5 71 -2036.88
5 72 -2102
5 73 -2148.35
5 74 -2174.55
5 75 -2179.75
5 76 -2163.58
5 77 -2126.29
5 78 -2068.68
5 79 -1992.12
5 80 -1898.52
5 81 -1790.23
5 82 -1669.97
5 83 -1540.75
5 84 -1405.65
5 85 -1267.82
5 86 -1130.24
5 87 -995.643
5 88 -866.429
5 89 -744.605
5 90 -631.733
5 91 -528.705
5 92 -436.109
5 93 -354.048
5 94 -282.072
5 95 -219.44
5 96 -165.004
5 97 -117.491
5 98 -75.2971
5 99 -36.7209
5 100 0

6 0 0
6 1 -47.8957
6 2 -98.0022
6 3 -152.428
6 4 -213.202
6 5 -282.072
6 6 -360.573
6 7 -449.811
6 8 -550.564
6 9 -662.989
6 10 -786.742
6 11 -920.982
6 12 -1064.16
6 13 -1214.23
6 14 -1368.59
6 15 -1524.26
6 16 -1677.84
6 17 -1825.85
6 18 -1964.7
6 19 -2090.87
6 20 -2201.2
6 21 -2292.77
6 22 -2363.3
6 23 -2410.99
6 24 -2434.74
6 25 -2434.11
6 26 -2409.3
6 27 -2361.15
6 28 -2291.05
6 29 -2200.88
6 30 -2092.92
6 31 -1969.71
6 32 -1834.04
6 33 -1688.73
6 34 -1536.69
6 35 -1380.71
6 36 -1223.48
6 37 -1067.52
6 38 -915.16
6 39 -768.462
6 40 -629.302
6 41 -499.274
6 42 -379.783
6 43 -271.979
6 44 -176.846
6 45 -95.1577
6 46 -27.5518
6 47 25.5009
6 48 63.6328
6 49 86.6107
6 50 94.2822
6 51 86.6107
6 52 63.6328
6 53 25.5009
6 54 -27.5518
6 55 -95.1577
6 56 -176.846
6 57 -271.979
6 58 -379.783
6 59 -499.274
6 60 -629.302
6 61 -768.462
6 62 -915.16
6 63 -1067.52
6 64 -1223.48
6 65 -1380.71
6 66 -1536.69
6 67 -1688.73
6 68 -1834.04
6 69 -1969.71
6 70 -2092.92
6 71 -2200.88
6 72 -2291.05
6 73 -2361.15
6 74 -2409.3
6 75 -2434.11
6 76 -2434.74
6 77 -2410.99
6 78 -2363.3
6 79 -2292.77
6 80 -2201.2
6 81 -2090.87
6 82 -1964.7
6 83 -1825.85
6 84 -1677.84
6 85 -1524.26
6 86 -1368.59
6 87 -1214.23
6 88 -1064.16
6 89 -920.982
6 90 -786.742
6 91 -662.989
6 92 -550.564
6 93 -449.811
6 94 -360.573
6 95 -282.072
6 96 -213.202
6 97 -152.428
6 98 -98.0022
6 99 -47.8957
6 100 0

7 0 0
7 1 -61.0675
7 2 -124.643
7 3 -193.242
7 4 -269.053
7 5 -354.048
7 6 -449.811
7 7 -557.484
7 8 -677.547
7 9 -809.919
7 10 -953.926
7 11 -1108.13
7 12 -1270.44
7 13 -1438.14
7 14 -1608.04
7 15 -1776.46
7 16 -1939.54
7 17 -2093.26
7 18 -2233.7
7 19 -2357.24
7 20 -2460.51
7 21 -2540.86
7 22 -2596.16
7 23 -2625.05
7 24 -2626.9
7 25 -2601.84
7 26 -2550.69
7 27 -2474.92
7 28 -2376.54
7 29 -2258.04
7 30 -2122.18
7 31 -1972.03
7 32 -1810.69
7 33 -1641.35
7 34 -1467.05
7 35 -1290.79
7 36 -1115.27
7 37 -943.059
7 38 -776.379
7 39 -617.265
7 40 -467.417
7 41 -328.339
7 42 -201.244
7 43 -87.1701
7 44 13.0779
7 45 98.833
7 46 169.603
7 47 224.997
7 48 264.75
7 49 288.668
7 50 296.655
7 51 288.668
7 52 264.75
7 53 224.997
7 54 169.603
7 55 98.833
7 56 13.0779
7 57 -87.1701
7 58 -201.244
7 59 -328.339
7 60 -467.417
7 61 -617.265
7 62 -776.379
7 63 -943.059
7 64 -1115.27
7 65 -1290.79
7 66 -1467.05
7 67 -1641.35
7 68 -1810.69
7 69 -1972.03
7 70 -2122.18
7 71 -2258.04
7 72 -2376.54
7 73 -2474.92
7 74 -2550.69
7 75 -2601.84
7 76 -2626.9
7 77 -2625.05
7 78 -2596.16
7 79 -2540.86
7 80 -2460.51
7 81 -2357.24
7 82 -2233.7
7 83 -2093.26
7 84 -1939.54
7 85 -1776.46
7 86 -1608.04
7 87 -1438.14
7 88 -1270.44
7 89 -1108.13
7 90 -953.926
7 91 -809.919
7 92 -677.547
7 93 -557.484
7 94 -449.811
7 95 -354.048
7 96 -269.053
7 97 -193.242
7 98 -124.643
7 99 -61.0675
7 100 0

8 0 0
8 1 -76.4517
8 2 -155.707
8 3 -240.512
8 4 -333.312
8 5 -436.109
8 6 -550.564
8 7 -677.547
8 8 -817.29
8 9 -969.408
8 10 -1132.57
8 11 -1304.75
8 12 -1483.18
8 13 -1664.48
8 14 -1844.79
8 15 -2019.86
8 16 -2185.31
8 17 -2336.85
8 18 -2470.35
8 19 -2582.18
8 20 -2669.25
8 21 -2729.17
8 22 -2760.39
8 23 -2762.12
8 24 -2734.52
8 25 -2678.39
8 26 -2595.39
8 27 -2487.66
8 28 -2357.96
8 29 -2209.31
8 30 -2045.04
8 31 -1868.55
8 32 -1683.28
8 33 -1492.56
8 34 -1299.53
8 35 -1107.14
8 36 -918.043
8 37 -734.604
8 38 -558.895
8 39 -392.67
8 40 -237.43
8 41 -94.3724
8 42 35.4915
8 43 151.417
8 44 252.767
8 45 339.13
8 46 410.131
8 47 465.578
8 48 505.264
8 49 529.132
8 50 537.078
8 51 529.132
8 52 505.264
8 53 465.578
8 54 410.131
8 55 339.13
8 56 252.767
8 57 151.417
8 58 35.4915
8 59 -94.3724
8 60 -237.43
8 61 -392.67
8 62 -558.895
8 63 -734.604
8 64 -918.043
8 65 -1107.14
8 66 -1299.53
8 67 -1492.56
8 68 -1683.28
8 69 -1868.55
8 70 -2045.04
8 71 -2209.31
8 72 -2357.96
8 73 -2487.66
8 74 -2595.39
8 75 -2678.39
8 76 -2734.52
8 77 -2762.12
8 78 -2760.39
8 79 -2729.17
8 80 -2669.25
8 81 -2582.18
8 82 -2470.35
8 83 -2336.85
8 84 -2185.31
8 85 -2019.86
8 86 -1844.79
8 87 -1664.48
8 88 -1483.18
8 89 -1304.75
8 90 -1132.57
8 91 -969.408
8 92 -817.29
8 93 -677.547
8 94 -550.564
8 95 -436.109
8 96 -333.312
8 97 -240.512
8 98 -155.707
8 99 -76.4517
8 100 0

9 0 0
9 1 -94.2037
9 2 -191.47
9 3 -294.692
9 4 -406.403
9 5 -528.705
9 6 -662.989
9 7 -809.919
9 8 -969.408
9 9 -1140.39
9 10 -1320.96
9 11 -1508.39
9 12 -1699.18
9 13 -1889.22
9 14 -2074.03
9 15 -2248.88
9 16 -2409.05
9 17 -2550.03
9 18 -2667.83
9 19 -2759.02
9 20 -2820.97
9 21 -2851.97
9 22 -2851.13
9 23 -2818.62
9 24 -2755.38
9 25 -2663.23
9 26 -2544.59
9 27 -2402.49
9 28 -2240.27
9 29 -2061.61
9 30 -1870.19
9 31 -1669.76
9 32 -1463.84
9 33 -1255.84
9 34 -1048.8
9 35 -845.504
9 36 -648.335
9 37 -459.39
9 38 -280.37
9 39 -112.712
9 40 42.4825
9 41 184.324
9 42 312.178
9 43 425.56
9 44 524.162
9 45 607.761
9 46 676.244
9 47 729.531
9 48 767.606
9 49 790.447
9 50 798.064
9 51 790.447
9 52 767.606
9 53 729.531
9 54 676.244
9 55 607.761
9 56 524.162
9 57 425.56
9 58 312.178
9 59 184.324
9 60 42.4825
9 61 -112.712
9 62 -280.37
9 63 -459.39
9 64 -648.335
9 65 -845.504
9 66 -1048.8
9 67 -1255.84
9 68 -1463.84
9 69 -1669.76
9 70 -1870.19
9 71 -2061.61
9 72 -2240.27
9 73 -2402.49
9 74 -2544.59
9 75 -2663.23
9 76 -2755.38
9 77 -2818.62
9 78 -2851.13
9 79 -2851.97
9 80 -2820.97
9 81 -2759.02
9 82 -2667.83
9 83 -2550.03
9 84 -2409.05
9 85 -2248.88
9 86 -2074.03
9 87 -1889.22
9 88 -1699.18
9 89 -1508.39
9 90 -1320.96
9 91 -1140.39
9 92 -969.408
9 93 -809.919
9 94 -662.989
9 95 -528.705
9 96 -406.403
9 97 -294.692
9 98 -191.47
9 99 -94.2037
9 100 0

10 0 0
10 1 -114.442
10 2 -232.124
10 3 -355.939
10 4 -488.491
10 5 -631.733
10 6 -786.742
10 7 -953.926
10 8 -1132.57
10 9 -1320.96
10 10 -1516.49
10 11 -1715.64
10 12 -1914.17
10 13 -2107.35
10 14 -2290.09
10 15 -2457.33
10 16 -2604.19
10 17 -2726.25
10 18 -2819.77
10 19 -2881.91
10 20 -2910.76
10 21 -2905.42
10 22 -2866.09
10 23 -2793.89
10 24 -2690.85
10 25 -2559.74
10 26 -2403.93
10 27 -2227.17
10 28 -2033.49
10 29 -1826.96
10 30 -1611.64
10 31 -1391.31
10 32 -1169.61
10 33 -949.686
10 34 -734.426
10 35 -526.205
10 36 -327.089
10 37 -138.674
10 38 37.7238
10 39 201.174
10 40 350.965
10 41 486.661
10 42 607.977
10 43 714.802
10 44 807.106
10 45 884.952
10 46 948.425
10 47 997.644
10 48 1032.71
10 49 1053.71
10 50 1060.7
10 51 1053.71
10 52 1032.71
10 53 997.644
10 54 948.425
10 55 884.952
10 56 807.106
10 57 714.802
10 58 607.977
10 59 486.661
10 60 350.965
10 61 201.174
10 62 37.7238
10 63 -138.674
10 64 -327.089
10 65 -526.205
10 66 -734.426
10 67 -949.686
10 68 -1169.61
10 69 -1391.31
10 70 -1611.64
10 71 -1826.96
10 72 -2033.49
10 73 -2227.17
10 74 -2403.93
10 75 -2559.74
10 76 -2690.85
10 77 -2793.89
10 78 -2866.09
10 79 -2905.42
10 80 -2910.76
10 81 -2881.91
10 82 -2819.77
10 83 -2726.25
10 84 -2604.19
10 85 -2457.33
10 86 -2290.09
10 87 -2107.35
10 88 -1914.17
10 89 -1715.64
10 90 -1516.49
10 91 -1320.96
10 92 -1132.57
10 93 -953.926
10 94 -786.742
10 95 -631.733
10 96 -488.491
10 97 -355.939
10 98 -232.124
10 99 -114.442
10 100 0

11 0 0
11 1 -137.237
11 2 -277.66
11 3 -424.197
11 4 -579.291
11 5 -744.605
11 6 -920.982
11 7 -1108.13
11 8 -1304.75
11 9 -1508.39
11 10 -1715.64
11 11 -1922.22
11 12 -2123.18
11 13 -2313.19
11 14 -2486.82
11 15 -2638.8
11 16 -2764.35
11 17 -2859.36
11 18 -2920.76
11 19 -2946.41
11 20 -2935.44
11 21 -2888.1
11 22 -2805.65
11 23 -2690.5
11 24 -2545.71
11 25 -2375.13
11 26 -2182.93
11 27 -1973.6
11 28 -1751.64
11 29 -1521.46
11 30 -1287.19
11 31 -1052.65
11 32 -821.2
11 33 -595.746
11 34 -378.704
11 35 -172.04
11 36 22.7593
11 37 204.561
11 38 372.652
11 39 526.537
11 40 666.061
11 41 791.156
11 42 902.009
11 43 998.788
11 44 1081.84
11 45 1151.41
11 46 1207.87
11 47 1251.43
11 48 1282.39
11 49 1300.87
11 50 1307.04
11 51 1300.87
11 52 1282.39
11 53 1251.43
11 54 1207.87
11 55 1151.41
11 56 1081.84
11 57 998.788
11 58 902.009
11 59 791.156
11 60 666.061
11 61 526.537
11 62 372.652
11 63 204.561
11 64 22.7593
11 65 -172.04
11 66 -378.704
11 67 -595.746
11 68 -821.2
11 69 -1052.65
11 70 -1287.19
11 71 -1521.46
11 72 -1751.64
11 73 -1973.6
11 74 -2182.93
11 75 -2375.13
11 76 -2545.71
11 77 -2690.5
11 78 -2805.65
11 79 -2888.1
11 80 -2935.44
11 81 -2946.41
11 82 -2920.76
11 83 -2859.36
11 84 -2764.35
11 85 -2638.8
11 86 -2486.82
11 87 -2313.19
11 88 -2123.18
11 89 -1922.22
11 90 -1715.64
11 91 -1508.39
11 92 -1304.75
11 93 -1108.13
11 94 -920.982
11 95 -744.605
11 96 -579.291
11 97 -424.197
11 98 -277.66
11 99 -137.237
11 100 0

12 0 0
12 1 -162.424
12 2 -327.853
12 3 -499.078
12 4 -678.142
12 5 -866.429
12 6 -1064.16
12 7 -1270.44
12 8 -1483.18
12 9 -1699.18
12 10 -1914.17
12 11 -2123.18
12 12 -2320.64
12 13 -2500.79
12 14 -2658
12 15 -2787.1
12 16 -2883.68
12 17 -2944.29
12 18 -2966.65
12 19 -2949.84
12 20 -2894.1
12 21 -2800.99
12 22 -2673.15
12 23 -2514.08
12 24 -2328.1
12 25 -2119.9
12 26 -1894.48
12 27 -1656.81
12 28 -1411.77
12 29 -1163.82
12 30 -917.086
12 31 -675.073
12 32 -440.816
12 33 -216.703
12 34 -4.63985
12 35 194.043
12 36 378.414
12 37 547.993
12 38 702.577
12 39 842.27
12 40 967.335
12 41 1078.21
12 42 1175.4
12 43 1259.46
12 44 1330.95
12 45 1390.42
12 46 1438.34
12 47 1475.16
12 48 1501.19
12 49 1516.72
12 50 1521.87
12 51 1516.72
12 52 1501.19
12 53 1475.16
12 54 1438.34
12 55 1390.42
12 56 1330.95
12 57 1259.46
12 58 1175.4
12 59 1078.21
12 60 967.335
12 61 842.27
12 62 702.577
12 63 547.993
12 64 378.414
12 65 194.043
12 66 -4.63985
12 67 -216.703
12 68 -440.816
12 69 -675.073
12 70 -917.086
12 71 -1163.82
12 72 -1411.77
12 73 -1656.81
12 74 -1894.48
12 75 -2119.9
12 76 -2328.1
12 77 -2514.08
12 78 -2673.15
12 79 -2800.99
12 80 -2894.1
12 81 -2949.84
12 82 -2966.65
12 83 -2944.29
12 84 -2883.68
12 85 -2787.1
12 86 -2658
12 87 -2500.79
12 88 -2320.64
12 89 -2123.18
12 90 -1914.17
12 91 -1699.18
12 92 -1483.18
12 93 -1270.44
12 94 -1064.16
12 95 -866.429
12 96 -678.142
12 97 -499.078
12 98 -327.853
12 99 -162.424
12 100 0

13 0 0
13 1 -189.802
13 2 -382.337
13 3 -579.822
13 4 -784.047
13 5 -995.643
13 6 -1214.23
13 7 -1438.14
13 8 -1664.48
13 9 -1889.22
13 10 -2107.35
13 11 -2313.19
13 12 -2500.79
13 13 -2664.15
13 14 -2797.72
13 15 -2896.73
13 16 -2957.39
13 17 -2977.27
13 18 -2955.25
13 19 -2891.63
13 20 -2788.2
13 21 -2647.84
13 22 -2474.55
13 23 -2273.12
13 24 -2048.8
13 25 -1807.17
13 26 -1553.75
13 27 -1293.9
13 28 -1032.52
13 29 -774.059
13 30 -522.225
13 31 -280.193
13 32 -50.3489
13 33 165.457
13 34 366.059
13 35 550.729
13 36 719.252
13 37 871.716
13 38 1008.54
13 39 1130.3
13 40 1237.76
13 41 1331.72
13 42 1413.04
13 43 1482.54
13 44 1541.03
13 45 1589.21
13 46 1627.74
13 47 1657.13
13 48 1677.83
13 49 1690.11
13 50 1694.19
13 51 1690.11
13 52 1677.83
13 53 1657.13
13 54 1627.74
13 55 1589.21
13 56 1541.03
13 57 1482.54
13 58 1413.04
13 59 1331.72
13 60 1237.76
13 61 1130.3
13 62 1008.54
13 63 871.716
13 64 719.252
13 65 550.729
13 66 366.059
13 67 165.457
13 68 -50.3489
13 69 -280.193
13 70 -522.225
13 71 -774.059
13 72 -1032.52
13 73 -1293.9
13 74 -1553.75
13 75 -1807.17
13 76 -2048.8
13 77 -2273.12
13 78 -2474.55
13 79 -2647.84
13 80 -2788.2
13 81 -2891.63
13 82 -2955.25
13 83 -2977.27
13 84 -2957.39
13 85 -2896.73
13 86 -2797.72
13 87 -2664.15
13 88 -2500.79
13 89 -2313.19
13 90 -2107.35
13 91 -1889.22
13 92 -1664.48
13 93 -1438.14
13 94 -1214.23
13 95 -995.643
13 96 -784.047
13 97 -579.822
13 98 -382.337
13 99 -189.802
13 100 0

14 0 0
14 1 -219.154
14 2 -440.407
14 3 -665.529
14 4 -895.463
14 5 -1130.24
14 6 -1368.59
14 7 -1608.04
14 8 -1844.79
14 9 -2074.03
14 10 -2290.09
14 11 -2486.82
14 12 -2658
14 13 -2797.72
14 14 -2900.82
14 15 -2963.23
14 16 -2982.15
14 17 -2956.38
14 18 -2886.24
14 19 -2773.57
14 20 -2621.62
14 21 -2434.79
14 22 -2218.42
14 23 -1978.33
14 24 -1720.75
14 25 -1451.78
14 26 -1177.33
14 27 -902.801
14 28 -632.973
14 29 -371.885
14 30 -122.806
14 31 111.792
14 32 330.145
14 33 531.218
14 34 714.492
14 35 880.041
14 36 1028.22
14 37 1159.82
14 38 1275.7
14 39 1376.99
14 40 1464.76
14 41 1540.23
14 42 1604.45
14 43 1658.52
14 44 1703.35
14 45 1739.83
14 46 1768.66
14 47 1790.47
14 48 1805.69
14 49 1814.71
14 50 1817.68
14 51 1814.71
14 52 1805.69
14 53 1790.47
14 54 1768.66
14 55 1739.83
14 56 1703.35
14 57 1658.52
14 58 1604.45
14 59 1540.23
14 60 1464.76
14 61 1376.99
14 62 1275.7
14 63 1159.82
14 64 1028.22
14 65 880.041
14 66 714.492
14 67 531.218
14 68 330.145
14 69 111.792
14 70 -122.806
14 71 -371.885
14 72 -632.973
14 73 -902.801
14 74 -1177.33
14 75 -1451.78
14 76 -1720.75
14 77 -1978.33
14 78 -2218.42
14 79 -2434.79
14 80 -2621.62
14 81 -2773.57
14 82 -2886.24
14 83 -2956.38
14 84 -2982.15
14 85 -2963.23
14 86 -2900.82
14 87 -2797.72
14 88 -2658
14 89 -2486.82
14 90 -2290.09
14 91 -2074.03
14 92 -1844.79
14 93 -1608.04
14 94 -1368.59
14 95 -1130.24
14 96 -895.463
14 97 -665.529
14 98 -440.407
14 99 -219.154
14 100 0

15 0 0
15 1 -250.009
15 2 -501.298
15 3 -754.815
15 4 -1010.64
15 5 -1267.82
15 6 -1524.26
15 7 -1776.46
15 8 -2019.86
15 9 -2248.88
15 10 -2457.33
15 11 -2638.8
15 12 -2787.1
15 13 -2896.73
15 14 -2963.23
15 15 -2983.53
15 16 -2956.23
15 17 -2881.58
15 18 -2761.53
15 19 -2599.57
15 20 -2400.54
15 21 -2170.25
15 22 -1915.2
15 23 -1642.25
15 24 -1358.15
15 25 -1069.46
15 26 -782.051
15 27 -501.196
15 28 -231.209
15 29 24.4145
15 30 263.148
15 31 483.255
15 32 683.828
15 33 864.574
15 34 1025.8
15 35 1168.21
15 36 1292.88
15 37 1401.04
15 38 1494.13
15 39 1573.56
15 40 1640.81
15 41 1697.24
15 42 1744.18
15 43 1782.78
15 44 1814.13
15 45 1839.11
15 46 1858.53
15 47 1872.97
15 48 1882.96
15 49 1888.8
15 50 1890.73
15 51 1888.8
15 52 1882.96
15 53 1872.97
15 54 1858.53
15 55 1839.11
15 56 1814.13
15 57 1782.78
15 58 1744.18
15 59 1697.24
15 60 1640.81
15 61 1573.56
15 62 1494.13
15 63 1401.04
15 64 1292.88
15 65 1168.21
15 66 1025.8
15 67 864.574
15 68 683.828
15 69 483.255
15 70 263.148
15 71 24.4145
15 72 -231.209
15 73 -501.196
15 74 -782.051
15 75 -1069.46
15 76 -1358.15
15 77 -1642.25
15 78 -1915.2
15 79 -2170.25
15 80 -2400.54
15 81 -2599.57
15 82 -2761.53
15 83 -2881.58
15 84 -2956.23
15 85 -2983.53
15 86 -2963.23
15 87 -2896.73
15 88 -2787.1
15 89 -2638.8
15 90 -2457.33
15 91 -2248.88
15 92 -2019.86
15 93 -1776.46
15 94 -1524.26
15 95 -1267.82
15 96 -1010.64
15 97 -754.815
15 98 -501.298
15 99 -250.009
15 100 0

16 0 0
16 1 -281.882
16 2 -563.993
16 3 -846.125
16 4 -1127.36
16 5 -1405.65
16 6 -1677.84
16 7 -1939.54
16 8 -2185.31
16 9 -2409.05
16 10 -2604.19
16 11 -2764.35
16 12 -2883.68
16 13 -2957.39
16 14 -2982.15
16 15 -2956.23
16 16 -2879.79
16 17 -2754.83
16 18 -2585.06
16 19 -2375.7
16 20 -2133.01
16 21 -1864.22
16 22 -1576.78
16 23 -1278.2
16 24 -975.697
16 25 -675.728
16 26 -384.076
16 27 -105.402
16 28 156.526
16 29 399.093
16 30 620.554
16 31 820.119
16 32 997.691
16 33 1153.84
16 34 1289.58
16 35 1406.29
16 36 1505.57
16 37 1589.16
16 38 1658.81
16 39 1716.28
16 40 1763.2
16 41 1801.13
16 42 1831.44
16 43 1855.4
16 44 1874.05
16 45 1888.36
16 46 1899.04
16 47 1906.75
16 48 1911.91
16 49 1914.89
16 50 1915.85
16 51 1914.89
16 52 1911.91
16 53 1906.75
16 54 1899.04
16 55 1888.36
16 56 1874.05
16 57 1855.4
16 58 1831.44
16 59 1801.13
16 60 1763.2
16 61 1716.28
16 62 1658.81
16 63 1589.16
16 64 1505.57
16 65 1406.29
16 66 1289.58
16 67 1153.84
16 68 997.691
16 69 820.119
16 70 620.554
16 71 399.093
16 72 156.526
16 73 -105.402
16 74 -384.076
16 75 -675.728
16 76 -975.697
16 77 -1278.2
16 78 -1576.78
16 79 -1864.22
16 80 -2133.01
16 81 -2375.7
16 82 -2585.06
16 83 -2754.83
16 84 -2879.79
16 85 -2956.23
16 86 -2982.15
16 87 -2957.39
16 88 -2883.68
16 89 -2764.35
16 90 -2604.19
16 91 -2409.05
16 92 -2185.31
16 93 -1939.54
16 94 -1677.84
16 95 -1405.65
16 96 -1127.36
16 97 -846.125
16 98 -563.993
16 99 -281.882
16 100 0

17 0 0
17 1 -314.18
17 2 -627.23
17 3 -937.686
17 4 -1243.25
17 5 -1540.75
17 6 -1825.85
17 7 -2093.26
17 8 -2336.85
17 9 -2550.03
17 10 -2726.25
17 11 -2859.36
17 12 -2944.29
17 13 -2977.27
17 14 -2956.38
17 15 -2881.58
17 16 -2754.83
17 17 -2580.02
17 18 -2362.66
17 19 -2109.6
17 20 -1828.6
17 21 -1527.83
17 22 -1215.61
17 23 -899.78
17 24 -587.56
17 25 -285.215
17 26 2.1017
17 27 270.368
17 28 516.778
17 29 739.567
17 30 938.041
17 31 1112.26
17 32 1263.08
17 33 1391.76
17 34 1500.08
17 35 1589.91
17 36 1663.37
17 37 1722.49
17 38 1769.32
17 39 1805.74
17 40 1833.55
17 41 1854.3
17 42 1869.43
17 43 1880.13
17 44 1887.47
17 45 1892.29
17 46 1895.33
17 47 1897.13
17 48 1898.12
17 49 1898.6
17 50 1898.74
17 51 1898.6
17 52 1898.12
17 53 1897.13
17 54 1895.33
17 55 1892.29
17 56 1887.47
17 57 1880.13
17 58 1869.43
17 59 1854.3
17 60 1833.55
17 61 1805.74
17 62 1769.32
17 63 1722.49
17 64 1663.37
17 65 1589.91
17 66 1500.08
17 67 1391.76
17 68 1263.08
17 69 1112.26
17 70 938.041
17 71 739.567
17 72 516.778
17 73 270.368
17 74 2.1017
17 75 -285.215
17 76 -587.56
17 77 -899.78
17 78 -1215.61
17 79 -1527.83
17 80 -1828.6
17 81 -2109.6
17 82 -2362.66
17 83 -2580.02
17 84 -2754.83
17 85 -2881.58
17 86 -2956.38
17 87 -2977.27
17 88 -2944.29
17 89 -2859.36
17 90 -2726.25
17 91 -2550.03
17 92 -2336.85
17 93 -2093.26
17 94 -1825.85
17 95 -1540.75
17 96 -1243.25
17 97 -937.686
17 98 -627.23
17 99 -314.18
17 100 0

18 0 0
18 1 -346.226
18 2 -689.747
18 3 -1027.49
18 4 -1355.77
18 5 -1669.97
18 6 -1964.7
18 7 -2233.7
18 8 -2470.35
18 9 -2667.83
18 10 -2819.77
18 11 -2920.76
18 12 -2966.65
18 13 -2955.25
18 14 -2886.24
18 15 -2761.53
18 16 -2585.06
18 17 -2362.66
18 18 -2101.63
18 19 -1810.32
18 20 -1497.67
18 21 -1172.74
18 22 -844.154
18 23 -519.898
18 24 -206.857
18 25 89.3034
18 26 364.19
18 27 614.778
18 28 839.241
18 29 1036.91
18 30 1208.04
18 31 1353.69
18 32 1475.46
18 33 1575.4
18 34 1655.77
18 35 1718.97
18 36 1767.37
18 37 1803.3
18 38 1828.87
18 39 1846.11
18 40 1856.73
18 41 1862.33
18 42 1864.2
18 43 1863.53
18 44 1861.21
18 45 1858.08
18 46 1854.71
18 47 1851.64
18 48 1849.18
18 49 1847.62
18 50 1847.07
18 51 1847.62
18 52 1849.18
18 53 1851.64
18 54 1854.71
18 55 1858.08
18 56 1861.21
18 57 1863.53
18 58 1864.2
18 59 1862.33
18 60 1856.73
18 61 1846.11
18 62 1828.87
18 63 1803.3
18 64 1767.37
18 65 1718.97
18 66 1655.77
18 67 1575.4
18 68 1475.46
18 69 1353.69
18 70 1208.04
18 71 1036.91
18 72 839.241
18 73 614.778
18 74 364.19
18 75 89.3034
18 76 -206.857
18 77 -519.898
18 78 -844.154
18 79 -1172.74
18 80 -1497.67
18 81 -1810.32
18 82 -2101.63
18 83 -2362.66
18 84 -2585.06
18 85 -2761.53
18 86 -2886.24
18 87 -2955.25
18 88 -2966.65
18 89 -2920.76
18 90 -2819.77
18 91 -2667.83
18 92 -2470.35
18 93 -2233.7
18 94 -1964.7
18 95 -1669.97
18 96 -1355.77
18 97 -1027.49
18 98 -689.747
18 99 -346.226
18 100 0

19 0 0
19 1 -377.344
19 2 -750.143
19 3 -1113.56
19 4 -1462.24
19 5 -1790.23
19 6 -2090.87
19 7 -2357.24
19 8 -2582.18
19 9 -2759.02
19 10 -2881.91
19 11 -2946.41
19 12 -2949.84
19 13 -2891.63
19 14 -2773.57
19 15 -2599.57
19 16 -2375.7
19 17 -2109.6
19 18 -1810.32
19 19 -1487.5
19 20 -1150.98
19 21 -810.286
19 22 -474.18
19 23 -150.284
19 24 155.126
19 25 437.201
19 26 692.638
19 27 919.471
19 28 1117.03
19 29 1285.73
19 30 1426.8
19 31 1542.18
19 32 1634.2
19 33 1705.49
19 34 1758.76
19 35 1796.71
19 36 1821.93
19 37 1836.8
19 38 1843.53
19 39 1843.99
19 40 1839.93
19 41 1832.73
19 42 1823.66
19 43 1813.66
19 44 1803.61
19 45 1794.11
19 46 1785.73
19 47 1778.81
19 48 1773.7
19 49 1770.53
19 50 1769.49
19 51 1770.53
19 52 1773.7
19 53 1778.81
19 54 1785.73
19 55 1794.11
19 56 1803.61
19 57 1813.66
19 58 1823.66
19 59 1832.73
19 60 1839.93
19 61 1843.99
19 62 1843.53
19 63 1836.8
19 64 1821.93
19 65 1796.71
19 66 1758.76
19 67 1705.49
19 68 1634.2
19 69 1542.18
19 70 1426.8
19 71 1285.73
19 72 1117.03
19 73 919.471
19 74 692.638
19 75 437.201
19 76 155.126
19 77 -150.284
19 78 -474.18
19 79 -810.286
19 80 -1150.98
19 81 -1487.5
19 82 -1810.32
19 83 -2109.6
19 84 -2375.7
19 85 -2599.57
19 86 -2773.57
19 87 -2891.63
19 88 -2949.84
19 89 -2946.41
19 90 -2881.91
19 91 -2759.02
19 92 -2582.18
19 93 -2357.24
19 94 -2090.87
19 95 -1790.23
19 96 -1462.24
19 97 -1113.56
19 98 -750.143
19 99 -377.344
19 100 0

20 0 0
20 1 -406.795
20 2 -807.009
20 3 -1193.83
20 4 -1560.16
20 5 -1898.52
20 6 -2201.2
20 7 -2460.51
20 8 -2669.25
20 9 -2820.97
20 10 -2910.76
20 11 -2935.44
20 12 -2894.1
20 13 -2788.2
20 14 -2621.62
20 15 -2400.54
20 16 -2133.01
20 17 -1828.6
20 18 -1497.67
20 19 -1150.98
20 20 -798.921
20 21 -451.182
20 22 -116.156
20 23 199.087
20 24 489.207
20 25 750.485
20 26 980.73
20 27 1179.27
20 28 1346.53
20 29 1484.02
20 30 1593.87
20 31 1678.81
20 32 1741.74
20 33 1785.76
20 34 1813.86
20 35 1828.92
20 36 1833.58
20 37 1830.2
20 38 1820.9
20 39 1807.46
20 40 1791.42
20 41 1774.04
20 42 1756.36
20 43 1739.22
20 44 1723.29
20 45 1709.08
20 46 1696.98
20 47 1687.3
20 48 1680.24
20 49 1675.96
20 50 1674.52
20 51 1675.96
20 52 1680.24
20 53 1687.3
20 54 1696.98
20 55 1709.08
20 56 1723.29
20 57 1739.22
20 58 1756.36
20 59 1774.04
20 60 1791.42
20 61 1807.46
20 62 1820.9
20 63 1830.2
20 64 1833.58
20 65 1828.92
20 66 1813.86
20 67 1785.76
20 68 1741.74
20 69 1678.81
20 70 1593.87
20 71 1484.02
20 72 1346.53
20 73 1179.27
20 74 980.73
20 75 750.485
20 76 489.207
20 77 199.087
20 78 -116.156
20 79 -451.182
20 80 -798.921
20 81 -1150.98
20 82 -1497.67
20 83 -1828.6
20 84 -2133.01
20 85 -2400.54
20 86 -2621.62
20 87 -2788.2
20 88 -2894.1
20 89 -2935.44
20 90 -2910.76
20 91 -2820.97
20 92 -2669.25
20 93 -2460.51
20 94 -2201.2
20 95 -1898.52
20 96 -1560.16
20 97 -1193.83
20 98 -807.009
20 99 -406.795
20 100 0

21 0 0
21 1 -433.91
21 2 -859.004
21 3 -1266.37
21 4 -1647.06
21 5 -1992.12
21 6 -2292.77
21 7 -2540.86
21 8 -2729.17
21 9 -2851.97
21 10 -2905.42
21 11 -2888.1
21 12 -2800.99
21 13 -2647.84
21 14 -2434.79
21 15 -2170.25
21 16 -1864.22
21 17 -1527.83
21 18 -1172.74
21 19 -810.286
21 20 -451.182
21 21 -104.756
21 22 221.068
21 23 520.321
21 24 788.699
21 25 1023.76
21 26 1224.67
21 27 1391.89
21 28 1527.09
21 29 1632.65
21 30 1711.6
21 31 1767.21
21 32 1802.9
21 33 1822
21 34 1827.69
21 35 1822.85
21 36 1810.08
21 37 1791.61
21 38 1769.39
21 39 1744.99
21 40 1719.76
21 41 1694.75
21 42 1670.79
21 43 1648.55
21 44 1628.52
21 45 1611.08
21 46 1596.51
21 47 1585
21 48 1576.7
21 49 1571.68
21 50 1570
21 51 1571.68
21 52 1576.7
21 53 1585
21 54 1596.51
21 55 1611.08
21 56 1628.52
21 57 1648.55
21 58 1670.79
21 59 1694.75
21 60 1719.76
21 61 1744.99
21 62 1769.39
21 63 1791.61
21 64 1810.08
21 65 1822.85
21 66 1827.69
21 67 1822
21 68 1802.9
21 69 1767.21
21 70 1711.6
21 71 1632.65
21 72 1527.09
21 73 1391.89
21 74 1224.67
21 75 1023.76
21 76 788.699
21 77 520.321
21 78 221.068
21 79 -104.756
21 80 -451.182
21 81 -810.286
21 82 -1172.74
21 83 -1527.83
21 84 -1864.22
21 85 -2170.25
21 86 -2434.79
21 87 -2647.84
21 88 -2800.99
21 89 -2888.1
21 90 -2905.42
21 91 -2851.97
21 92 -2729.17
21 93 -2540.86
21 94 -2292.77
21 95 -1992.12
21 96 -1647.06
21 97 -1266.37
21 98 -859.004
21 99 -433.91
21 100 0

22 0 0
22 1 -458.002
22 2 -904.84
22 3 -1329.39
22 4 -1720.82
22 5 -2068.68
22 6 -2363.3
22 7 -2596.16
22 8 -2760.39
22 9 -2851.13
22 10 -2866.09
22 11 -2805.65
22 12 -2673.15
22 13 -2474.55
22 14 -2218.42
22 15 -1915.2
22 16 -1576.78
22 17 -1215.61
22 18 -844.154
22 19 -474.18
22 20 -116.156
22 21 221.068
22 22 530.677
22 23 807.673
22 24 1049.27
22 25 1254.27
22 26 1423.18
22 27 1557.7
22 28 1660.49
22 29 1734.84
22 30 1784.38
22 31 1812.89
22 32 1824.03
22 33 1821.3
22 34 1807.82
22 35 1786.46
22 36 1759.59
22 37 1729.29
22 38 1697.2
22 39 1664.74
22 40 1632.94
22 41 1602.67
22 42 1574.54
22 43 1549.04
22 44 1526.49
22 45 1507.14
22 46 1491.15
22 47 1478.63
22 48 1469.65
22 49 1464.25
22 50 1462.44
22 51 1464.25
22 52 1469.65
22 53 1478.63
22 54 1491.15
22 55 1507.14
22 56 1526.49
22 57 1549.04
22 58 1574.54
22 59 1602.67
22 60 1632.94
22 61 1664.74
22 62 1697.2
22 63 1729.29
22 64 1759.59
22 65 1786.46
22 66 1807.82
22 67 1821.3
22 68 1824.03
22 69 1812.89
22 70 1784.38
22 71 1734.84
22 72 1660.49
22 73 1557.7
22 74 1423.18
22 75 1254.27
22 76 1049.27
22 77 807.673
22 78 530.677
22 79 221.068
22 80 -116.156
22 81 -474.18
22 82 -844.154
22 83 -1215.61
22 84 -1576.78
22 85 -1915.2
22 86 -2218.42
22 87 -2474.55
22 88 -2673.15
22 89 -2805.65
22 90 -2866.09
22 91 -2851.13
22 92 -2760.39
22 93 -2596.16
22 94 -2363.3
22 95 -2068.68
22 96 -1720.82
22 97 -1329.39
22 98 -904.84
22 99 -458.002
22 100 0

23 0 0
23 1 -478.505
23 2 -943.407
23 3 -1381.35
23 4 -1779.59
23 5 -2126.29
23 6 -2410.99
23 7 -2625.05
23 8 -2762.12
23 9 -2818.62
23 10 -2793.89
23 11 -2690.5
23 12 -2514.08
23 13 -2273.12
23 14 -1978.33
23 15 -1642.25
23 16 -1278.2
23 17 -899.78
23 18 -519.898
23 19 -150.284
23 20 199.087
23 21 520.321
23 22 807.673
23 23 1057.72
23 24 1268.86
23 25 1441.49
23 26 1577.29
23 27 1679.1
23 28 1750.49
23 29 1795.44
23 30 1818.05
23 31 1822.4
23 32 1812.28
23 33 1791.15
23 34 1762.04
23 35 1727.58
23 36 1689.95
23 37 1650.9
23 38 1611.87
23 39 1573.94
23 40 1537.95
23 41 1504.49
23 42 1474.02
23 43 1446.79
23 44 1423.05
23 45 1402.86
23 46 1386.34
23 47 1373.45
23 48 1364.27
23 49 1358.75
23 50 1356.92
23 51 1358.75
23 52 1364.27
23 53 1373.45
23 54 1386.34
23 55 1402.86
23 56 1423.05
23 57 1446.79
23 58 1474.02
23 59 1504.49
23 60 1537.95
23 61 1573.94
23 62 1611.87
23 63 1650.9
23 64 1689.95
23 65 1727.58
23 66 1762.04
23 67 1791.15
23 68 1812.28
23 69 1822.4
23 70 1818.05
23 71 1795.44
23 72 1750.49
23 73 1679.1
23 74 1577.29
23 75 1441.49
23 76 1268.86
23 77 1057.72
23 78 807.673
23 79 520.321
23 80 199.087
23 81 -150.284
23 82 -519.898
23 83 -899.78
23 84 -1278.2
23 85 -1642.25
23 86 -1978.33
23 87 -2273.12
23 88 -2514.08
23 89 -2690.5
23 90 -2793.89
23 91 -2818.62
23 92 -2762.12
23 93 -2625.05
23 94 -2410.99
23 95 -2126.29
23 96 -1779.59
23 97 -1381.35
23 98 -943.407
23 99 -478.505
23 100 0

24 0 0
24 1 -494.917
24 2 -973.78
24 3 -1420.99
24 4 -1821.97
24 5 -2163.58
24 6 -2434.74
24 7 -2626.9
24 8 -2734.52
24 9 -2755.38
24 10 -2690.85
24 11 -2545.71
24 12 -2328.1
24 13 -2048.8
24 14 -1720.75
24 15 -1358.15
24 16 -975.697
24 17 -587.56
24 18 -206.857
24 19 155.126
24 20 489.207
24 21 788.699
24 22 1049.27
24 23 1268.86
24 24 1447.52
24 25 1586.82
24 26 1689.75
24 27 1760.05
24 28 1802.08
24 29 1820.28
24 30 1819.13
24 31 1802.74
24 32 1774.93
24 33 1738.97
24 34 1697.73
24 35 1653.49
24 36 1608.18
24 37 1563.24
24 38 1519.8
24 39 1478.69
24 40 1440.48
24 41 1405.58
24 42 1374.21
24 43 1346.54
24 44 1322.61
24 45 1302.45
24 46 1286.01
24 47 1273.3
24 48 1264.23
24 49 1258.82
24 50 1257.01
24 51 1258.82
24 52 1264.23
24 53 1273.3
24 54 1286.01
24 55 1302.45
24 56 1322.61
24 57 1346.54
24 58 1374.21
24 59 1405.58
24 60 1440.48
24 61 1478.69
24 62 1519.8
24 63 1563.24
24 64 1608.18
24 65 1653.49
24 66 1697.73
24 67 1738.97
24 68 1774.93
24 69 1802.74
24 70 1819.13
24 71 1820.28
24 72 1802.08
24 73 1760.05
24 74 1689.75
24 75 1586.82
24 76 1447.52
24 77 1268.86
24 78 1049.27
24 79 788.699
24 80 489.207
24 81 155.126
24 82 -206.857
24 83 -587.56
24 84 -975.697
24 85 -1358.15
24 86 -1720.75
24 87 -2048.8
24 88 -2328.1
24 89 -2545.71
24 90 -2690.85
24 91 -2755.38
24 92 -2734.52
24 93 -2626.9
24 94 -2434.74
24 95 -2163.58
24 96 -1821.97
24 97 -1420.99
24 98 -973.78
24 99 -494.917
24 100 0

25 0 0
25 1 -506.852
25 2 -995.241
25 3 -1447.41
25 4 -1847
25 5 -2179.75
25 6 -2434.11
25 7 -2601.84
25 8 -2678.39
25 9 -2663.23
25 10 -2559.74
25 11 -2375.13
25 12 -2119.9
25 13 -1807.17
25 14 -1451.78
25 15 -1069.46
25 16 -675.728
25 17 -285.215
25 18 89.3034
25 19 437.201
25 20 750.485
25 21 1023.76
25 22 1254.27
25 23 1441.49
25 24 1586.82
25 25 1693.2
25 26 1764.58
25 27 1805.56
25 28 1821
25 29 1815.73
25 30 1794.27
25 31 1760.79
25 32 1718.86
25 33 1671.59
25 34 1621.44
25 35 1570.48
25 36 1520.2
25 37 1471.82
25 38 1426.11
25 39 1383.69
25 40 1344.86
25 41 1309.86
25 42 1278.74
25 43 1251.55
25 44 1228.2
25 45 1208.65
25 46 1192.8
25 47 1180.58
25 48 1171.89
25 49 1166.72
25 50 1164.99
25 51 1166.72
25 52 1171.89
25 53 1180.58
25 54 1192.8
25 55 1208.65
25 56 1228.2
25 57 1251.55
25 58 1278.74
25 59 1309.86
25 60 1344.86
25 61 1383.69
25 62 1426.11
25 63 1471.82
25 64 1520.2
25 65 1570.48
25 66 1621.44
25 67 1671.59
25 68 1718.86
25 69 1760.79
25 70 1794.27
25 71 1815.73
25 72 1821
25 73 1805.56
25 74 1764.58
25 75 1693.2
25 76 1586.82
25 77 1441.49
25 78 1254.27
25 79 1023.76
25 80 750.485
25 81 437.201
25 82 89.3034
25 83 -285.215
25 84 -675.728
25 85 -1069.46
25 86 -1451.78
25 87 -1807.17
25 88 -2119.9
25 89 -2375.13
25 90 -2559.74
25 91 -2663.23
25 92 -2678.39
25 93 -2601.84
25 94 -2434.11
25 95 -2179.75
25 96 -1847
25 97 -1447.41
25 98 -995.241
25 99 -506.852
25 100 0

26 0 0
26 1 -514.07
26 2 -1007.36
26 3 -1460.06
26 4 -1854.21
26 5 -2174.55
26 6 -2409.3
26 7 -2550.69
26 8 -2595.39
26 9 -2544.59
26 10 -2403.93
26 11 -2182.93
26 12 -1894.48
26 13 -1553.75
26 14 -1177.33
26 15 -782.051
26 16 -384.076
26 17 2.1017
26 18 364.19
26 19 692.638
26 20 980.73
26 21 1224.67
26 22 1423.18
26 23 1577.29
26 24 1689.75
26 25 1764.58
26 26 1806.64
26 27 1821.13
26 28 1813.26
26 29 1788.01
26 30 1749.9
26 31 1702.87
26 32 1650.28
26 33 1594.84
26 34 1538.77
26 35 1483.66
26 36 1430.78
26 37 1380.92
26 38 1334.69
26 39 1292.36
26 40 1254.14
26 41 1220.01
26 42 1189.97
26 43 1163.88
26 44 1141.65
26 45 1123.1
26 46 1108.14
26 47 1096.62
26 48 1088.48
26 49 1083.62
26 50 1082.01
26 51 1083.62
26 52 1088.48
26 53 1096.62
26 54 1108.14
26 55 1123.1
26 56 1141.65
26 57 1163.88
26 58 1189.97
26 59 1220.01
26 60 1254.14
26 61 1292.36
26 62 1334.69
26 63 1380.92
26 64 1430.78
26 65 1483.66
26 66 1538.77
26 67 1594.84
26 68 1650.28
26 69 1702.87
26 70 1749.9
26 71 1788.01
26 72 1813.26
26 73 1821.13
26 74 1806.64
26 75 1764.58
26 76 1689.75
26 77 1577.29
26 78 1423.18
26 79 1224.67
26 80 980.73
26 81 692.638
26 82 364.19
26 83 2.1017
26 84 -384.076
26 85 -782.051
26 86 -1177.33
26 87 -1553.75
26 88 -1894.48
26 89 -2182.93
26 90 -2403.93
26 91 -2544.59
26 92 -2595.39
26 93 -2550.69
26 94 -2409.3
26 95 -2174.55
26 96 -1854.21
26 97 -1460.06
26 98 -1007.36
26 99 -514.07
26 100 0

27 0 0
27 1 -516.425
27 2 -1009.92
27 3 -1458.79
27 4 -1843.62
27 5 -2148.35
27 6 -2361.15
27 7 -2474.92
27 8 -2487.66
27 9 -2402.49
27 10 -2227.17
27 11 -1973.6
27 12 -1656.81
27 13 -1293.9
27 14 -902.801
27 15 -501.196
27 16 -105.402
27 17 270.368
27 18 614.778
27 19 919.471
27 20 1179.27
27 21 1391.89
27 22 1557.7
27 23 1679.1
27 24 1760.05
27 25 1805.56
27 26 1821.13
27 27 1812.37
27 28 1784.71
27 29 1743.06
27 30 1691.8
27 31 1634.57
27 32 1574.41
27 33 1513.66
27 34 1454.11
27 35 1397.06
27 36 1343.38
27 37 1293.64
27 38 1248.14
27 39 1207
27 40 1170.19
27 41 1137.64
27 42 1109.16
27 43 1084.61
27 44 1063.76
27 45 1046.47
27 46 1032.54
27 47 1021.88
27 48 1014.32
27 49 1009.85
27 50 1008.34
27 51 1009.85
27 52 1014.32
27 53 1021.88
27 54 1032.54
27 55 1046.47
27 56 1063.76
27 57 1084.61
27 58 1109.16
27 59 1137.64
27 60 1170.19
27 61 1207
27 62 1248.14
27 63 1293.64
27 64 1343.38
27 65 1397.06
27 66 1454.11
27 67 1513.66
27 68 1574.41
27 69 1634.57
27 70 1691.8
27 71 1743.06
27 72 1784.71
27 73 1812.37
27 74 1821.13
27 75 1805.56
27 76 1760.05
27 77 1679.1
27 78 1557.7
27 79 1391.89
27 80 1179.27
27 81 919.471
27 82 614.778
27 83 270.368
27 84 -105.402
27 85 -501.196
27 86 -902.801
27 87 -1293.9
27 88 -1656.81
27 89 -1973.6
27 90 -2227.17
27 91 -2402.49
27 92 -2487.66
27 93 -2474.92
27 94 -2361.15
27 95 -2148.35
27 96 -1843.62
27 97 -1458.79
27 98 -1009.92
27 99 -516.425
27 100 0

28 0 0
28 1 -513.951
28 2 -1003.02
28 3 -1443.81
28 4 -1815.69
28 5 -2102
28 6 -2291.05
28 7 -2376.54
28 8 -2357.96
28 9 -2240.27
28 10 -2033.49
28 11 -1751.64
28 12 -1411.77
28 13 -1032.52
28 14 -632.973
28 15 -231.209
28 16 156.526
28 17 516.778
28 18 839.241
28 19 1117.03
28 20 1346.53
28 21 1527.09
28 22 1660.49
28 23 1750.49
28 24 1802.08
28 25 1821
28 26 1813.26
28 27 1784.71
28 28 1740.73
28 29 1686.14
28 30 1624.97
28 31 1560.57
28 32 1495.52
28 33 1431.81
28 34 1370.82
28 35 1313.52
28 36 1260.47
28 37 1211.98
28 38 1168.12
28 39 1128.86
28 40 1094.02
28 41 1063.42
28 42 1036.83
28 43 1013.99
28 44 994.699
28 45 978.737
28 46 965.933
28 47 956.126
28 48 949.212
28 49 945.092
28 50 943.729
28 51 945.092
28 52 949.212
28 53 956.126
28 54 965.933
28 55 978.737
28 56 994.699
28 57 1013.99
28 58 1036.83
28 59 1063.42
28 60 1094.02
28 61 1128.86
28 62 1168.12
28 63 1211.98
28 64 1260.47
28 65 1313.52
28 66 1370.82
28 67 1431.81
28 68 1495.52
28 69 1560.57
28 70 1624.97
28 71 1686.14
28 72 1740.73
28 73 1784.71
28 74 1813.26
28 75 1821
28 76 1802.08
28 77 1750.49
28 78 1660.49
28 79 1527.09
28 80 1346.53
28 81 1117.03
28 82 839.241
28 83 516.778
28 84 156.526
28 85 -231.209
