0 0 0
0 1 0
0 2 0
0 3 0
0 4 0
0 5 0
0 6 0
0 7 0
0 8 0
0 9 0
0 10 0
0 11 0
0 12 0
0 13 0
0 14 0
0 15 0
0 16 0
0 17 0
0 18 0
0 19 0
0 20 0
0 21 0
0 22 0
0 23 0
0 24 0
0 25 0
0 26 0
0 27 0
0 28 0
0 29 0
0 30 0
0 31 0
0 32 0
0 33 0
0 34 0
0 35 0
0 36 0
0 37 0
0 38 0
0 39 0
0 40 0
0 41 0
0 42 0
0 43 0
0 44 0
0 45 0
0 46 0
0 47 0
0 48 0
0 49 0
0 50 0
0 51 0
0 52 0
0 53 0
0 54 0
0 55 0
0 56 0
0 57 0
0 58 0
0 59 0
0 60 0
0 61 0
0 62 0
0 63 0
0 64 0
0 65 0
0 66 0
0 67 0
0 68 0
0 69 0
0 70 0
0 71 0
0 72 0
0 73 0
0 74 0
0 75 0
0 76 0
0 77 0
0 78 0
0 79 0
0 80 0
0 81 0
0 82 0
0 83 0
0 84 0
0 85 0
0 86 0
0 87 0
0 88 0
0 89 0
0 90 0
0 91 0
0 92 0
0 93 0
0 94 0
0 95 0
0 96 0
0 97 0
0 98 0
0 99 0
0 100 0

1 0 0
1 1 4.96494
1 2 10.0006
1 3 15.1586
1 4 20.5033
1 5 26.0545
1 6 31.8285
1 7 37.7961
1 8 43.8776
1 9 49.9547
1 10 55.8104
1 11 61.1754
1 12 65.6696
1 13 68.8235
1 14 70.0892
1 15 68.8188
1 16 64.3428
1 17 55.9621
1 18 43.0381
1 19 25.0467
1 20 1.65956
1 21 -27.178
1 22 -61.1592
1 23 -99.5747
1 24 -141.266
1 25 -184.623
1 26 -227.668
1 27 -268.104
1 28 -303.502
1 29 -331.474
1 30 -349.852
1 31 -356.915
1 32 -351.588
1 33 -333.5
1 34 -303.152
1 35 -261.836
1 36 -211.536
1 37 -154.813
1 38 -94.5416
1 39 -33.6501
1 40 25.128
1 41 79.4488
1 42 127.582
1 43 168.448
1 44 201.663
1 45 227.445
1 46 246.496
1 47 259.764
1 48 268.295
1 49 272.998
1 50 274.498
1 51 272.998
1 52 268.295
1 53 259.764
1 54 246.496
1 55 227.445
1 56 201.663
1 57 168.448
1 58 127.582
1 59 79.4488
1 60 25.128
1 61 -33.6501
1 62 -94.5416
1 63 -154.813
1 64 -211.536
1 65 -261.836
1 66 -303.152
1 67 -333.5
1 68 -351.588
1 69 -356.915
1 70 -349.852
1 71 -331.474
1 72 -303.502
1 73 -268.104
1 74 -227.668
1 75 -184.623
1 76 -141.266
1 77 -99.5747
1 78 -61.1592
1 79 -27.178
1 80 1.65956
1 81 25.0467
1 82 43.0381
1 83 55.9621
1 84 64.3428
1 85 68.8188
1 86 70.0892
1 87 68.8235
1 88 65.6696
1 89 61.1754
1 90 55.8104
1 91 49.9547
1 92 43.8776
1 93 37.7961
1 94 31.8285
1 95 26.0545
1 96 20.5033
1 97 15.1586
1 98 10.0006
1 99 4.96494
1 100 0

2 0 0
2 1 10.0006
2 2 20.1354
2 3 30.5056
2 4 41.2295
2 5 52.3458
2 6 63.8779
2 7 75.7627
2 8 87.8343
2 9 99.8467
2 10 111.362
2 11 121.834
2 12 130.502
2 13 136.432
2 14 138.535
2 15 135.539
2 16 126.126
2 17 108.933
2 18 82.7162
2 19 46.4685
2 20 -0.431549
2 21 -58.0551
2 22 -125.762
2 23 -202.118
2 24 -284.805
2 25 -370.628
2 26 -455.678
2 27 -535.417
2 28 -605.09
2 29 -659.965
2 30 -695.812
2 31 -709.268
2 32 -698.18
2 33 -661.92
2 34 -601.44
2 35 -519.294
2 36 -419.433
2 37 -306.882
2 38 -187.291
2 39 -66.4605
2 40 50.1934
2 41 158.081
2 42 253.771
2 43 335.108
2 44 401.31
2 45 452.801
2 46 490.932
2 47 517.551
2 48 534.711
2 49 544.202
2 50 547.234
2 51 544.202
2 52 534.711
2 53 517.551
2 54 490.932
2 55 452.801
2 56 401.31
2 57 335.108
2 58 253.771
2 59 158.081
2 60 50.1934
2 61 -66.4605
2 62 -187.291
2 63 -306.882
2 64 -419.433
2 65 -519.294
2 66 -601.44
2 67 -661.92
2 68 -698.18
2 69 -709.268
2 70 -695.812
2 71 -659.965
2 72 -605.09
2 73 -535.417
2 74 -455.678
2 75 -370.628
2 76 -284.805
2 77 -202.118
2 78 -125.762
2 79 -58.0551
2 80 -0.431549
2 81 46.4685
2 82 82.7162
2 83 108.933
2 84 126.126
2 85 135.539
2 86 138.535
2 87 136.432
2 88 130.502
2 89 121.834
2 90 111.362
2 91 99.8467
2 92 87.8343
2 93 75.7627
2 94 63.8779
2 95 52.3458
2 96 41.2295
2 97 30.5056
2 98 20.1354
2 99 10.0006
2 100 0

3 0 0
3 1 15.1586
3 2 30.5056
3 3 46.1875
3 4 62.3595
3 5 79.0713
3 6 96.3352
3 7 114.035
3 8 131.911
3 9 149.562
3 10 166.333
3 11 181.385
3 12 193.582
3 13 201.538
3 14 203.64
3 15 198.026
3 16 182.775
3 17 155.92
3 18 115.69
3 19 60.6715
3 20 -9.96392
3 21 -96.2341
3 22 -197.12
3 23 -310.435
3 24 -432.719
3 25 -559.247
3 26 -684.243
3 27 -801.083
3 28 -902.773
3 29 -982.471
3 30 -1034.01
3 31 -1052.5
3 32 -1034.92
3 33 -980.295
3 34 -890.118
3 35 -768.15
3 36 -620.151
3 37 -453.515
3 38 -276.536
3 39 -97.6823
3 40 75.1292
3 41 235.109
3 42 377.198
3 43 498.217
3 44 596.974
3 45 674.016
3 46 731.274
3 47 771.427
3 48 797.421
3 49 811.84
3 50 816.448
3 51 811.84
3 52 797.421
3 53 771.427
3 54 731.274
3 55 674.016
3 56 596.974
3 57 498.217
3 58 377.198
3 59 235.109
3 60 75.1292
3 61 -97.6823
3 62 -276.536
3 63 -453.515
3 64 -620.151
3 65 -768.15
3 66 -890.118
3 67 -980.295
3 68 -1034.92
3 69 -1052.5
3 70 -1034.01
3 71 -982.471
3 72 -902.773
3 73 -801.083
3 74 -684.243
3 75 -559.247
3 76 -432.719
3 77 -310.435
3 78 -197.12
3 79 -96.2341
3 80 -9.96392
3 81 60.6715
3 82 115.69
3 83 155.92
3 84 182.775
3 85 198.026
3 86 203.64
3 87 201.538
3 88 193.582
3 89 181.385
3 90 166.333
3 91 149.562
3 92 131.911
3 93 114.035
3 94 96.3352
3 95 79.0713
3 96 62.3595
3 97 46.1875
3 98 30.5056
3 99 15.1586
3 100 0

4 0 0
4 1 20.5033
4 2 41.2295
4 3 62.3595
4 4 84.0587
4 5 106.38
4 6 129.299
4 7 152.633
4 8 176.004
4 9 198.839
4 10 220.249
4 11 239.091
4 12 253.855
4 13 262.721
4 14 263.576
4 15 254.04
4 16 231.648
4 17 193.936
4 18 138.7
4 19 64.236
4 20 -30.3892
4 21 -145.039
4 22 -278.248
4 23 -427.042
4 24 -586.827
4 25 -751.427
4 26 -913.342
4 27 -1064.01
4 28 -1194.5
4 29 -1295.99
4 30 -1360.65
4 31 -1382.32
4 32 -1357.1
4 33 -1283.94
4 34 -1164.75
4 35 -1004.42
4 36 -810.44
4 37 -592.312
4 38 -360.709
4 39 -126.585
4 40 99.8
4 41 309.711
4 42 496.538
4 43 656.101
4 44 786.758
4 45 889.136
4 46 965.599
4 47 1019.52
4 48 1054.63
4 49 1074.21
4 50 1080.49
4 51 1074.21
4 52 1054.63
4 53 1019.52
4 54 965.599
4 55 889.136
4 56 786.758
4 57 656.101
4 58 496.538
4 59 309.711
4 60 99.8
4 61 -126.585
4 62 -360.709
4 63 -592.312
4 64 -810.44
4 65 -1004.42
4 66 -1164.75
4 67 -1283.94
4 68 -1357.1
4 69 -1382.32
4 70 -1360.65
4 71 -1295.99
4 72 -1194.5
4 73 -1064.01
4 74 -913.342
4 75 -751.427
4 76 -586.827
4 77 -427.042
4 78 -278.248
4 79 -145.039
4 80 -30.3892
4 81 64.236
4 82 138.7
4 83 193.936
4 84 231.648
4 85 254.04
4 86 263.576
4 87 262.721
4 88 253.855
4 89 239.091
4 90 220.249
4 91 198.839
4 92 176.004
4 93 152.633
4 94 129.299
4 95 106.38
4 96 84.0587
4 97 62.3595
4 98 41.2295
4 99 20.5033
4 100 0

5 0 0
5 1 26.0545
5 2 52.3458
5 3 79.0713
5 4 106.38
5 5 134.306
5 6 162.757
5 7 191.451
5 8 219.876
5 9 247.249
5 10 272.446
5 11 294
5 12 310.049
5 13 318.358
5 14 316.366
5 15 301.242
5 16 270.074
5 17 220.013
5 18 148.569
5 19 53.8823
5 20 -64.9364
5 21 -207.483
5 22 -371.765
5 23 -553.99
5 24 -748.475
5 25 -947.701
5 26 -1142.58
5 27 -1322.93
5 28 -1478.01
5 29 -1597.48
5 30 -1672.06
5 31 -1694.51
5 32 -1660.41
5 33 -1568.5
5 34 -1421.25
5 35 -1224.54
5 36 -987.348
5 37 -721.059
5 38 -438.465
5 39 -152.662
5 40 124.056
5 41 381.124
5 42 610.535
5 43 807.167
5 44 968.906
5 45 1096.31
5 46 1192.07
5 47 1260.08
5 48 1304.68
5 49 1329.68
5 50 1337.71
5 51 1329.68
5 52 1304.68
5 53 1260.08
5 54 1192.07
5 55 1096.31
5 56 968.906
5 57 807.167
5 58 610.535
5 59 381.124
5 60 124.056
5 61 -152.662
5 62 -438.465
5 63 -721.059
5 64 -987.348
5 65 -1224.54
5 66 -1421.25
5 67 -1568.5
5 68 -1660.41
5 69 -1694.51
5 70 -1672.06
5 71 -1597.48
5 72 -1478.01
5 73 -1322.93
5 74 -1142.58
5 75 -947.701
5 76 -748.475
5 77 -553.99
5 78 -371.765
5 79 -207.483
5 80 -64.9364
5 81 53.8823
5 82 148.569
5 83 220.013
5 84 270.074
5 85 301.242
5 86 316.366
5 87 318.358
5 88 310.049
5 89 294
5 90 272.446
5 91 247.249
5 92 219.876
5 93 191.451
5 94 162.757
5 95 134.306
5 96 106.38
5 97 79.0713
5 98 52.3458
5 99 26.0545
5 100 0

6 0 0
6 1 31.8285
6 2 63.8779
6 3 96.3352
6 4 129.299
6 5 162.757
6 6 196.515
6 7 230.167
6 8 263.028
6 9 294.09
6 10 321.973
6 11 344.889
6 12 360.63
6 13 366.595
6 14 359.827
6 15 337.151
6 16 295.315
6 17 231.242
6 18 142.302
6 19 26.6531
6 20 -116.404
6 21 -286.067
6 22 -479.734
6 23 -692.779
6 24 -918.472
6 25 -1148.09
6 26 -1371.2
6 27 -1576.18
6 28 -1750.99
6 29 -1883.93
6 30 -1964.71
6 31 -1985.32
6 32 -1940.84
6 33 -1830.17
6 34 -1656.1
6 35 -1425.42
6 36 -1148.42
6 37 -838.003
6 38 -508.718
6 39 -175.482
6 40 147.639
6 41 448.576
6 42 718.021
6 43 949.976
6 44 1141.79
6 45 1293.88
6 46 1409.03
6 47 1491.49
6 48 1545.99
6 49 1576.75
6 50 1586.67
6 51 1576.75
6 52 1545.99
6 53 1491.49
6 54 1409.03
6 55 1293.88
6 56 1141.79
6 57 949.976
6 58 718.021
6 59 448.576
6 60 147.639
6 61 -175.482
6 62 -508.718
6 63 -838.003
6 64 -1148.42
6 65 -1425.42
6 66 -1656.1
6 67 -1830.17
6 68 -1940.84
6 69 -1985.32
6 70 -1964.71
6 71 -1883.93
6 72 -1750.99
6 73 -1576.18
6 74 -1371.2
6 75 -1148.09
6 76 -918.472
6 77 -692.779
6 78 -479.734
6 79 -286.067
6 80 -116.404
6 81 26.6531
6 82 142.302
6 83 231.242
6 84 295.315
6 85 337.151
6 86 359.827
6 87 366.595
6 88 360.63
6 89 344.889
6 90 321.973
6 91 294.09
6 92 263.028
6 93 230.167
6 94 196.515
6 95 162.757
6 96 129.299
6 97 96.3352
6 98 63.8779
6 99 31.8285
6 100 0

7 0 0
7 1 37.7961
7 2 75.7627
7 3 114.035
7 4 152.633
7 5 191.451
7 6 230.167
7 7 268.205
7 8 304.691
7 9 338.357
7 10 367.565
7 11 390.205
7 12 403.762
7 13 405.306
7 14 391.581
7 15 359.17
7 16 304.632
7 17 224.815
7 18 117.135
7 19 -20.0658
7 20 -187.125
7 21 -382.726
7 22 -603.579
7 23 -844.219
7 24 -1096.96
7 25 -1352.03
7 26 -1597.88
7 27 -1821.87
7 28 -2010.88
7 29 -2152.37
7 30 -2235.32
7 31 -2251.22
7 32 -2195.04
7 33 -2065.64
7 34 -1866.33
7 35 -1604.59
7 36 -1291.69
7 37 -941.753
7 38 -570.694
7 39 -194.867
7 40 170.269
7 41 511.334
7 42 817.937
7 43 1083.23
7 44 1304
7 45 1480.35
7 46 1614.98
7 47 1712.28
7 48 1777.15
7 49 1814.04
7 50 1825.96
7 51 1814.04
7 52 1777.15
7 53 1712.28
7 54 1614.98
7 55 1480.35
7 56 1304
7 57 1083.23
7 58 817.937
7 59 511.334
7 60 170.269
7 61 -194.867
7 62 -570.694
7 63 -941.753
7 64 -1291.69
7 65 -1604.59
7 66 -1866.33
7 67 -2065.64
7 68 -2195.04
7 69 -2251.22
7 70 -2235.32
7 71 -2152.37
7 72 -2010.88
7 73 -1821.87
7 74 -1597.88
7 75 -1352.03
7 76 -1096.96
7 77 -844.219
7 78 -603.579
7 79 -382.726
7 80 -187.125
7 81 -20.0658
7 82 117.135
7 83 224.815
7 84 304.632
7 85 359.17
7 86 391.581
7 87 405.306
7 88 403.762
7 89 390.205
7 90 367.565
7 91 338.357
7 92 304.691
7 93 268.205
7 94 230.167
7 95 191.451
7 96 152.633
7 97 114.035
7 98 75.7627
7 99 37.7961
7 100 0

8 0 0
8 1 43.8776
8 2 87.8343
8 3 131.911
8 4 176.004
8 5 219.876
8 6 263.028
8 7 304.691
8 8 343.754
8 9 378.69
8 10 407.586
8 11 428.044
8 12 437.271
8 13 432.098
8 14 409.057
8 15 364.626
8 16 295.324
8 17 198.11
8 18 70.6199
8 19 -88.4253
8 20 -278.854
8 21 -498.714
8 22 -743.977
8 23 -1008.37
8 24 -1283.35
8 25 -1558.31
8 26 -1820.91
8 27 -2057.74
8 28 -2255.1
8 29 -2399.92
8 30 -2480.86
8 31 -2489.29
8 32 -2420.05
8 33 -2272.34
8 34 -2049.7
8 35 -1760.2
8 36 -1415.77
8 37 -1031.39
8 38 -623.951
8 39 -210.795
8 40 191.556
8 41 568.722
8 42 909.347
8 43 1205.83
8 44 1454.31
8 45 1654.44
8 46 1808.65
8 47 1921.19
8 48 1996.92
8 49 2040.29
8 50 2054.37
8 51 2040.29
8 52 1996.92
8 53 1921.19
8 54 1808.65
8 55 1654.44
8 56 1454.31
8 57 1205.83
8 58 909.347
8 59 568.722
8 60 191.556
8 61 -210.795
8 62 -623.951
8 63 -1031.39
8 64 -1415.77
8 65 -1760.2
8 66 -2049.7
8 67 -2272.34
8 68 -2420.05
8 69 -2489.29
8 70 -2480.86
8 71 -2399.92
8 72 -2255.1
8 73 -2057.74
8 74 -1820.91
8 75 -1558.31
8 76 -1283.35
8 77 -1008.37
8 78 -743.977
8 79 -498.714
8 80 -278.854
8 81 -88.4253
8 82 70.6199
8 83 198.11
8 84 295.324
8 85 364.626
8 86 409.057
8 87 432.098
8 88 437.271
8 89 428.044
8 90 407.586
8 91 378.69
8 92 343.754
8 93 304.691
8 94 263.028
8 95 219.876
8 96 176.004
8 97 131.911
8 98 87.8343
8 99 43.8776
8 100 0

9 0 0
9 1 49.9547
9 2 99.8467
9 3 149.562
9 4 198.839
9 5 247.249
9 6 294.09
9 7 338.357
9 8 378.69
9 9 413.293
9 10 439.988
9 11 456.119
9 12 458.681
9 13 444.335
9 14 409.548
9 15 350.815
9 16 264.812
9 17 148.772
9 18 0.756749
9 19 -179.982
9 20 -392.618
9 21 -634.482
9 22 -900.781
9 23 -1184.49
9 24 -1476.35
9 25 -1765.16
9 26 -2038.05
9 27 -2281.3
9 28 -2480.95
9 29 -2623.87
9 30 -2698.75
9 31 -2697.01
9 32 -2613.78
9 33 -2448.37
9 34 -2204.7
9 35 -1891.07
9 36 -1519.88
9 37 -1106.52
9 38 -668.37
9 39 -223.438
9 40 211.091
9 41 620.091
9 42 991.47
9 43 1316.85
9 44 1591.73
9 45 1815.13
9 46 1988.97
9 47 2117.12
9 48 2204.19
9 49 2254.44
9 50 2270.83
9 51 2254.44
9 52 2204.19
9 53 2117.12
9 54 1988.97
9 55 1815.13
9 56 1591.73
9 57 1316.85
9 58 991.47
9 59 620.091
9 60 211.091
9 61 -223.438
9 62 -668.37
9 63 -1106.52
9 64 -1519.88
9 65 -1891.07
9 66 -2204.7
9 67 -2448.37
9 68 -2613.78
9 69 -2697.01
9 70 -2698.75
9 71 -2623.87
9 72 -2480.95
9 73 -2281.3
9 74 -2038.05
9 75 -1765.16
9 76 -1476.35
9 77 -1184.49
9 78 -900.781
9 79 -634.482
9 80 -392.618
9 81 -179.982
9 82 0.756749
9 83 148.772
9 84 264.812
9 85 350.815
9 86 409.548
9 87 444.335
9 88 458.681
9 89 456.119
9 90 439.988
9 91 413.293
9 92 378.69
9 93 338.357
9 94 294.09
9 95 247.249
9 96 198.839
9 97 149.562
9 98 99.8467
9 99 49.9547
9 100 0

10 0 0
10 1 55.8104
10 2 111.362
10 3 166.333
10 4 220.249
10 5 272.446
10 6 321.973
10 7 367.565
10 8 407.586
10 9 439.988
10 10 462.337
10 11 471.793
10 12 465.201
10 13 439.184
10 14 390.262
10 15 315.116
10 16 210.744
10 17 74.8436
10 18 -93.9416
10 19 -295.657
10 20 -528.722
10 21 -789.686
10 22 -1073.01
10 23 -1371
10 24 -1673.91
10 25 -1970.14
10 26 -2246.71
10 27 -2489.86
10 28 -2685.83
10 29 -2821.79
10 30 -2886.76
10 31 -2872.59
10 32 -2774.68
10 33 -2592.65
10 34 -2330.53
10 35 -1996.81
10 36 -1603.84
10 37 -1167.13
10 38 -704.189
10 39 -233.171
10 40 228.39
10 41 664.897
10 42 1063.65
10 43 1415.61
10 44 1715.49
10 45 1961.57
10 46 2155.07
10 47 2299.22
10 48 2398.1
10 49 2455.57
10 50 2474.39
10 51 2455.57
10 52 2398.1
10 53 2299.22
10 54 2155.07
10 55 1961.57
10 56 1715.49
10 57 1415.61
10 58 1063.65
10 59 664.897
10 60 228.39
10 61 -233.171
10 62 -704.189
10 63 -1167.13
10 64 -1603.84
10 65 -1996.81
10 66 -2330.53
10 67 -2592.65
10 68 -2774.68
10 69 -2872.59
10 70 -2886.76
10 71 -2821.79
10 72 -2685.83
10 73 -2489.86
10 74 -2246.71
10 75 -1970.14
10 76 -1673.91
10 77 -1371
10 78 -1073.01
10 79 -789.686
10 80 -528.722
10 81 -295.657
10 82 -93.9416
10 83 74.8436
10 84 210.744
10 85 315.116
10 86 390.262
10 87 439.184
10 88 465.201
10 89 471.793
10 90 462.337
10 91 439.988
10 92 407.586
10 93 367.565
10 94 321.973
10 95 272.446
10 96 220.249
10 97 166.333
10 98 111.362
10 99 55.8104
10 100 0

11 0 0
11 1 61.1754
11 2 121.834
11 3 181.385
11 4 239.091
11 5 294
11 6 344.889
11 7 390.205
11 8 428.044
11 9 456.119
11 10 471.793
11 11 472.098
11 12 453.845
11 13 413.718
11 14 348.465
11 15 255.093
11 16 131.122
11 17 -25.1375
11 18 -214.29
11 19 -435.573
11 20 -686.577
11 21 -963.059
11 22 -1258.8
11 23 -1565.58
11 24 -1873.34
11 25 -2170.42
11 26 -2443.97
11 27 -2680.66
11 28 -2867.25
11 29 -2991.57
11 30 -3043.3
11 31 -3014.84
11 32 -2902.08
11 33 -2704.84
11 34 -2427.26
11 35 -2077.6
11 36 -1668.06
11 37 -1213.76
11 38 -731.898
11 39 -240.492
11 40 242.963
11 41 702.645
11 42 1125.44
11 43 1501.6
11 44 1825.08
11 45 2093.24
11 46 2306.36
11 47 2466.79
11 48 2577.88
11 49 2642.94
11 50 2664.34
11 51 2642.94
11 52 2577.88
11 53 2466.79
11 54 2306.36
11 55 2093.24
11 56 1825.08
11 57 1501.6
11 58 1125.44
11 59 702.645
11 60 242.963
11 61 -240.492
11 62 -731.898
11 63 -1213.76
11 64 -1668.06
11 65 -2077.6
11 66 -2427.26
11 67 -2704.84
11 68 -2902.08
11 69 -3014.84
11 70 -3043.3
11 71 -2991.57
11 72 -2867.25
11 73 -2680.66
11 74 -2443.97
11 75 -2170.42
11 76 -1873.34
11 77 -1565.58
11 78 -1258.8
11 79 -963.059
11 80 -686.577
11 81 -435.573
11 82 -214.29
11 83 -25.1375
11 84 131.122
11 85 255.093
11 86 348.465
11 87 413.718
11 88 453.845
11 89 472.098
11 90 471.793
11 91 456.119
11 92 428.044
11 93 390.205
11 94 344.889
11 95 294
11 96 239.091
11 97 181.385
11 98 121.834
11 99 61.1754
11 100 0

12 0 0
12 1 65.6696
12 2 130.502
12 3 193.582
12 4 253.855
12 5 310.049
12 6 360.63
12 7 403.762
12 8 437.271
12 9 458.681
12 10 465.201
12 11 453.845
12 12 421.483
12 13 365.024
12 14 281.573
12 15 168.65
12 16 24.435
12 17 -151.985
12 18 -360.36
12 19 -599.029
12 20 -864.74
12 21 -1152.49
12 22 -1455.48
12 23 -1765.16
12 24 -2071.38
12 25 -2362.69
12 26 -2626.79
12 27 -2850.99
12 28 -3023.01
12 29 -3131.59
12 30 -3167.3
12 31 -3123.33
12 32 -2996.01
12 33 -2785.42
12 34 -2495.56
12 35 -2134.42
12 36 -1713.48
12 37 -1247.27
12 38 -752.319
12 39 -246.052
12 40 254.309
12 41 732.963
12 42 1176.49
12 43 1574.57
12 44 1920.22
12 45 2209.77
12 46 2442.42
12 47 2619.38
12 48 2743.05
12 49 2815.97
12 50 2840.04
12 51 2815.97
12 52 2743.05
12 53 2619.38
12 54 2442.42
12 55 2209.77
12 56 1920.22
12 57 1574.57
12 58 1176.49
12 59 732.963
12 60 254.309
12 61 -246.052
12 62 -752.319
12 63 -1247.27
12 64 -1713.48
12 65 -2134.42
12 66 -2495.56
12 67 -2785.42
12 68 -2996.01
12 69 -3123.33
12 70 -3167.3
12 71 -3131.59
12 72 -3023.01
12 73 -2850.99
12 74 -2626.79
12 75 -2362.69
12 76 -2071.38
12 77 -1765.16
12 78 -1455.48
12 79 -1152.49
12 80 -864.74
12 81 -599.029
12 82 -360.36
12 83 -151.985
12 84 24.435
12 85 168.65
12 86 281.573
12 87 365.024
12 88 421.483
12 89 453.845
12 90 465.201
12 91 458.681
12 92 437.271
12 93 403.762
12 94 360.63
12 95 310.049
12 96 253.855
12 97 193.582
12 98 130.502
12 99 65.6696
12 100 0

13 0 0
13 1 68.8235
13 2 136.432
13 3 201.538
13 4 262.721
13 5 318.358
13 6 366.595
13 7 405.306
13 8 432.098
13 9 444.335
13 10 439.184
13 11 413.718
13 12 365.024
13 13 290.355
13 14 187.351
13 15 54.1701
13 16 -110.187
13 17 -305.767
13 18 -531.373
13 19 -784.432
13 20 -1060.87
13 21 -1355.02
13 22 -1659.65
13 23 -1966.08
13 24 -2264.34
13 25 -2543.5
13 26 -2792.05
13 27 -2998.36
13 28 -3151.29
13 29 -3240.75
13 30 -3258.44
13 31 -3198.32
13 32 -3057.31
13 33 -2835.6
13 34 -2536.96
13 35 -2168.7
13 36 -1741.54
13 37 -1268.93
13 38 -766.415
13 39 -250.594
13 40 261.93
13 41 755.556
13 42 1216.71
13 43 1634.42
13 44 2000.82
13 45 2311.07
13 46 2563.05
13 47 2756.69
13 48 2893.21
13 49 2974.23
13 50 3001.08
13 51 2974.23
13 52 2893.21
13 53 2756.69
13 54 2563.05
13 55 2311.07
13 56 2000.82
13 57 1634.42
13 58 1216.71
13 59 755.556
13 60 261.93
13 61 -250.594
13 62 -766.415
13 63 -1268.93
13 64 -1741.54
13 65 -2168.7
13 66 -2536.96
13 67 -2835.6
13 68 -3057.31
13 69 -3198.32
13 70 -3258.44
13 71 -3240.75
13 72 -3151.29
13 73 -2998.36
13 74 -2792.05
13 75 -2543.5
13 76 -2264.34
13 77 -1966.08
13 78 -1659.65
13 79 -1355.02
13 80 -1060.87
13 81 -784.432
13 82 -531.373
13 83 -305.767
13 84 -110.187
13 85 54.1701
13 86 187.351
13 87 290.355
13 88 365.024
13 89 413.718
13 90 439.184
13 91 444.335
13 92 432.098
13 93 405.306
13 94 366.595
13 95 318.358
13 96 262.721
13 97 201.538
13 98 136.432
13 99 68.8235
13 100 0

14 0 0
14 1 70.0892
14 2 138.535
14 3 203.64
14 4 263.576
14 5 316.366
14 6 359.827
14 7 391.581
14 8 409.057
14 9 409.548
14 10 390.262
14 11 348.465
14 12 281.573
14 13 187.351
14 14 64.0776
14 15 -89.2841
14 16 -272.843
14 17 -485.681
14 18 -725.649
14 19 -989.277
14 20 -1271.77
14 21 -1566.91
14 22 -1867.28
14 23 -2164.25
14 24 -2448.33
14 25 -2709.34
14 26 -2936.89
14 27 -3120.61
14 28 -3250.76
14 29 -3318.63
14 30 -3317.03
14 31 -3240.9
14 32 -3087.57
14 33 -2857.31
14 34 -2553.43
14 35 -2182.52
14 36 -1754.04
14 37 -1280.27
14 38 -775.386
14 39 -254.891
14 40 265.39
14 41 770.269
14 42 1246.07
14 43 1681.28
14 44 2067.03
14 45 2397.23
14 46 2668.28
14 47 2878.62
14 48 3028.16
14 49 3117.46
14 50 3147.15
14 51 3117.46
14 52 3028.16
14 53 2878.62
14 54 2668.28
14 55 2397.23
14 56 2067.03
14 57 1681.28
14 58 1246.07
14 59 770.269
14 60 265.39
14 61 -254.891
14 62 -775.386
14 63 -1280.27
14 64 -1754.04
14 65 -2182.52
14 66 -2553.43
14 67 -2857.31
14 68 -3087.57
14 69 -3240.9
14 70 -3317.03
14 71 -3318.63
14 72 -3250.76
14 73 -3120.61
14 74 -2936.89
14 75 -2709.34
14 76 -2448.33
14 77 -2164.25
14 78 -1867.28
14 79 -1566.91
14 80 -1271.77
14 81 -989.277
14 82 -725.649
14 83 -485.681
14 84 -272.843
14 85 -89.2841
14 86 64.0776
14 87 187.351
14 88 281.573
14 89 348.465
14 90 390.262
14 91 409.548
14 92 409.057
14 93 391.581
14 94 359.827
14 95 316.366
14 96 263.576
14 97 203.64
14 98 138.535
14 99 70.0892
14 100 0

15 0 0
15 1 68.8188
15 2 135.539
15 3 198.026
15 4 254.04
15 5 301.242
15 6 337.151
15 7 359.17
15 8 364.626
15 9 350.815
15 10 315.116
15 11 255.093
15 12 168.65
15 13 54.1701
15 14 -89.2841
15 15 -261.87
15 16 -462.735
15 17 -689.994
15 18 -940.569
15 19 -1210.2
15 20 -1493.48
15 21 -1783.86
15 22 -2073.9
15 23 -2355.33
15 24 -2619.35
15 25 -2856.86
15 26 -3058.73
15 27 -3216.1
15 28 -3320.78
15 29 -3365.45
15 30 -3344.22
15 31 -3252.82
15 32 -3089.05
15 33 -2853.07
15 34 -2547.66
15 35 -2178.29
15 36 -1753.19
15 37 -1283
15 38 -780.49
15 39 -259.784
15 40 264.274
15 41 777.003
15 42 1264.74
15 43 1715.42
15 44 2119.17
15 45 2468.48
15 46 2758.22
15 47 2985.22
15 48 3147.86
15 49 3245.51
15 50 3278.06
15 51 3245.51
15 52 3147.86
15 53 2985.22
15 54 2758.22
15 55 2468.48
15 56 2119.17
15 57 1715.42
15 58 1264.74
15 59 777.003
15 60 264.274
15 61 -259.784
15 62 -780.49
15 63 -1283
15 64 -1753.19
15 65 -2178.29
15 66 -2547.66
15 67 -2853.07
15 68 -3089.05
15 69 -3252.82
15 70 -3344.22
15 71 -3365.45
15 72 -3320.78
15 73 -3216.1
15 74 -3058.73
15 75 -2856.86
15 76 -2619.35
15 77 -2355.33
15 78 -2073.9
15 79 -1783.86
15 80 -1493.48
15 81 -1210.2
15 82 -940.569
15 83 -689.994
15 84 -462.735
15 85 -261.87
15 86 -89.2841
15 87 54.1701
15 88 168.65
15 89 255.093
15 90 315.116
15 91 350.815
15 92 364.626
15 93 359.17
15 94 337.151
15 95 301.242
15 96 254.04
15 97 198.026
15 98 135.539
15 99 68.8188
15 100 0

16 0 0
16 1 64.3428
16 2 126.126
16 3 182.775
16 4 231.648
16 5 270.074
16 6 295.315
16 7 304.632
16 8 295.324
16 9 264.812
16 10 210.744
16 11 131.122
16 12 24.435
16 13 -110.187
16 14 -272.843
16 15 -462.735
16 16 -678.065
16 17 -915.995
16 18 -1172.63
16 19 -1443.03
16 20 -1721.39
16 21 -2001.06
16 22 -2274.81
16 23 -2534.97
16 24 -2773.69
16 25 -2983.1
16 26 -3155.57
16 27 -3283.86
16 28 -3361.34
16 29 -3382.25
16 30 -3341.79
16 31 -3236.57
16 32 -3064.65
16 33 -2825.98
16 34 -2522.59
16 35 -2158.81
16 36 -1741.29
16 37 -1279.04
16 38 -783.055
16 39 -266.057
16 40 258.252
16 41 775.834
16 42 1273.03
16 43 1737.28
16 44 2157.67
16 45 2525.28
16 46 2833.23
16 47 3076.64
16 48 3252.32
16 49 3358.37
16 50 3393.82
16 51 3358.37
16 52 3252.32
16 53 3076.64
16 54 2833.23
16 55 2525.28
16 56 2157.67
16 57 1737.28
16 58 1273.03
16 59 775.834
16 60 258.252
16 61 -266.057
16 62 -783.055
16 63 -1279.04
16 64 -1741.29
16 65 -2158.81
16 66 -2522.59
16 67 -2825.98
16 68 -3064.65
16 69 -3236.57
16 70 -3341.79
16 71 -3382.25
16 72 -3361.34
16 73 -3283.86
16 74 -3155.57
16 75 -2983.1
16 76 -2773.69
16 77 -2534.97
16 78 -2274.81
16 79 -2001.06
16 80 -1721.39
16 81 -1443.03
16 82 -1172.63
16 83 -915.995
16 84 -678.065
16 85 -462.735
16 86 -272.843
16 87 -110.187
16 88 24.435
16 89 131.122
16 90 210.744
16 91 264.812
16 92 295.324
16 93 304.632
16 94 295.315
16 95 270.074
16 96 231.648
16 97 182.775
16 98 126.126
16 99 64.3428
16 100 0

17 0 0
17 1 55.9621
17 2 108.933
17 3 155.92
17 4 193.936
17 5 220.013
17 6 231.242
17 7 224.815
17 8 198.11
17 9 148.772
17 10 74.8436
17 11 -25.1375
17 12 -151.985
17 13 -305.767
17 14 -485.681
17 15 -689.994
17 16 -915.995
17 17 -1160.01
17 18 -1417.46
17 19 -1682.95
17 20 -1950.47
17 21 -2213.5
17 22 -2465.3
17 23 -2699.02
17 24 -2907.95
17 25 -3085.65
17 26 -3226.06
17 27 -3323.61
17 28 -3373.31
17 29 -3370.75
17 30 -3312.33
17 31 -3195.23
17 32 -3017.77
17 33 -2779.51
17 34 -2481.62
17 35 -2127.07
17 36 -1720.91
17 37 -1270.27
17 38 -784.449
17 39 -274.483
17 40 247.064
17 41 766.834
17 42 1271.31
17 43 1747.4
17 44 2183.14
17 45 2568.08
17 46 2893.67
17 47 3153.18
17 48 3341.75
17 49 3456.11
17 50 3494.42
17 51 3456.11
17 52 3341.75
17 53 3153.18
17 54 2893.67
17 55 2568.08
17 56 2183.14
17 57 1747.4
17 58 1271.31
17 59 766.834
17 60 247.064
17 61 -274.483
17 62 -784.449
17 63 -1270.27
17 64 -1720.91
17 65 -2127.07
17 66 -2481.62
17 67 -2779.51
17 68 -3017.77
17 69 -3195.23
17 70 -3312.33
17 71 -3370.75
17 72 -3373.31
17 73 -3323.61
17 74 -3226.06
17 75 -3085.65
17 76 -2907.95
17 77 -2699.02
17 78 -2465.3
17 79 -2213.5
17 80 -1950.47
17 81 -1682.95
17 82 -1417.46
17 83 -1160.01
17 84 -915.995
17 85 -689.994
17 86 -485.681
17 87 -305.767
17 88 -151.985
17 89 -25.1375
17 90 74.8436
17 91 148.772
17 92 198.11
17 93 224.815
17 94 231.242
17 95 220.013
17 96 193.936
17 97 155.92
17 98 108.933
17 99 55.9621
17 100 0

18 0 0
18 1 43.0381
18 2 82.7162
18 3 115.69
18 4 138.7
18 5 148.569
18 6 142.302
18 7 117.135
18 8 70.6199
18 9 0.756749
18 10 -93.9416
18 11 -214.29
18 12 -360.36
18 13 -531.373
18 14 -725.649
18 15 -940.569
18 16 -1172.63
18 17 -1417.46
18 18 -1670
18 19 -1924.65
18 20 -2175.4
18 21 -2416.17
18 22 -2640.9
18 23 -2843.77
18 24 -3019.4
18 25 -3162.83
18 26 -3269.66
18 27 -3335.96
18 28 -3358.25
18 29 -3333.48
18 30 -3258.96
18 31 -3132.45
18 32 -2952.25
18 33 -2717.48
18 34 -2428.26
18 35 -2086.19
18 36 -1694.57
18 37 -1258.69
18 38 -785.925
18 39 -285.789
18 40 230.482
18 41 750.246
18 42 1260.06
18 43 1746.39
18 44 2196.18
18 45 2597.54
18 46 2940.05
18 47 3215.2
18 48 3416.36
18 49 3538.89
18 50 3580.02
18 51 3538.89
18 52 3416.36
18 53 3215.2
18 54 2940.05
18 55 2597.54
18 56 2196.18
18 57 1746.39
18 58 1260.06
18 59 750.246
18 60 230.482
18 61 -285.789
18 62 -785.925
18 63 -1258.69
18 64 -1694.57
18 65 -2086.19
18 66 -2428.26
18 67 -2717.48
18 68 -2952.25
18 69 -3132.45
18 70 -3258.96
18 71 -3333.48
18 72 -3358.25
18 73 -3335.96
18 74 -3269.66
18 75 -3162.83
18 76 -3019.4
18 77 -2843.77
18 78 -2640.9
18 79 -2416.17
18 80 -2175.4
18 81 -1924.65
18 82 -1670
18 83 -1417.46
18 84 -1172.63
18 85 -940.569
18 86 -725.649
18 87 -531.373
18 88 -360.36
18 89 -214.29
18 90 -93.9416
18 91 0.756749
18 92 70.6199
18 93 117.135
18 94 142.302
18 95 148.569
18 96 138.7
18 97 115.69
18 98 82.7162
18 99 43.0381
18 100 0

19 0 0
19 1 25.0467
19 2 46.4685
19 3 60.6715
19 4 64.236
19 5 53.8823
19 6 26.6531
19 7 -20.0658
19 8 -88.4253
19 9 -179.982
19 10 -295.657
19 11 -435.573
19 12 -599.029
19 13 -784.432
19 14 -989.277
19 15 -1210.2
19 16 -1443.03
19 17 -1682.95
19 18 -1924.65
19 19 -2162.51
19 20 -2390.89
19 21 -2604.3
19 22 -2797.6
19 23 -2966.2
19 24 -3106.09
19 25 -3213.87
19 26 -3286.75
19 27 -3322.34
19 28 -3318.6
19 29 -3273.58
19 30 -3185.44
19 31 -3052.24
19 32 -2872.22
19 33 -2643.81
19 34 -2366.14
19 35 -2039.29
19 36 -1664.82
19 37 -1246.12
19 38 -788.786
19 39 -300.59
19 40 208.399
19 41 726.28
19 42 1239.79
19 43 1734.89
19 44 2197.53
19 45 2614.25
19 46 2972.93
19 47 3263.1
19 48 3476.46
19 49 3606.92
19 50 3650.83
19 51 3606.92
19 52 3476.46
19 53 3263.1
19 54 2972.93
19 55 2614.25
19 56 2197.53
19 57 1734.89
19 58 1239.79
19 59 726.28
19 60 208.399
19 61 -300.59
19 62 -788.786
19 63 -1246.12
19 64 -1664.82
19 65 -2039.29
19 66 -2366.14
19 67 -2643.81
19 68 -2872.22
19 69 -3052.24
19 70 -3185.44
19 71 -3273.58
19 72 -3318.6
19 73 -3322.34
19 74 -3286.75
19 75 -3213.87
19 76 -3106.09
19 77 -2966.2
19 78 -2797.6
19 79 -2604.3
19 80 -2390.89
19 81 -2162.51
19 82 -1924.65
19 83 -1682.95
19 84 -1443.03
19 85 -1210.2
19 86 -989.277
19 87 -784.432
19 88 -599.029
19 89 -435.573
19 90 -295.657
19 91 -179.982
19 92 -88.4253
19 93 -20.0658
19 94 26.6531
19 95 53.8823
19 96 64.236
19 97 60.6715
19 98 46.4685
19 99 25.0467
19 100 0

20 0 0
20 1 1.65956
20 2 -0.431549
20 3 -9.96392
20 4 -30.3892
20 5 -64.9364
20 6 -116.404
20 7 -187.125
20 8 -278.854
20 9 -392.618
20 10 -528.722
20 11 -686.577
20 12 -864.74
20 13 -1060.87
20 14 -1271.77
20 15 -1493.48
20 16 -1721.39
20 17 -1950.47
20 18 -2175.4
20 19 -2390.89
20 20 -2591.82
20 21 -2773.58
20 22 -2932.1
20 23 -3064.08
20 24 -3166.98
20 25 -3238.9
20 26 -3278.57
20 27 -3285.04
20 28 -3257.44
20 29 -3194.84
20 30 -3095.91
20 31 -2958.95
20 32 -2781.92
20 33 -2562.57
20 34 -2298.87
20 35 -1989.44
20 36 -1634.1
20 37 -1234.4
20 38 -794.114
20 39 -319.496
20 40 180.687
20 41 695.232
20 42 1211.02
20 43 1713.6
20 44 2187.84
20 45 2618.88
20 46 2992.81
20 47 3297.34
20 48 3522.37
20 49 3660.47
20 50 3707.01
20 51 3660.47
20 52 3522.37
20 53 3297.34
20 54 2992.81
20 55 2618.88
20 56 2187.84
20 57 1713.6
20 58 1211.02
20 59 695.232
20 60 180.687
20 61 -319.496
20 62 -794.114
20 63 -1234.4
20 64 -1634.1
20 65 -1989.44
20 66 -2298.87
20 67 -2562.57
20 68 -2781.92
20 69 -2958.95
20 70 -3095.91
20 71 -3194.84
20 72 -3257.44
20 73 -3285.04
20 74 -3278.57
20 75 -3238.9
20 76 -3166.98
20 77 -3064.08
20 78 -2932.1
20 79 -2773.58
20 80 -2591.82
20 81 -2390.89
20 82 -2175.4
20 83 -1950.47
20 84 -1721.39
20 85 -1493.48
20 86 -1271.77
20 87 -1060.87
20 88 -864.74
20 89 -686.577
20 90 -528.722
20 91 -392.618
20 92 -278.854
20 93 -187.125
20 94 -116.404
20 95 -64.9364
20 96 -30.3892
20 97 -9.96392
20 98 -0.431549
20 99 1.65956
20 100 0

21 0 0
21 1 -27.178
21 2 -58.0551
21 3 -96.2341
21 4 -145.039
21 5 -207.483
21 6 -286.067
21 7 -382.726
21 8 -498.714
21 9 -634.482
21 10 -789.686
21 11 -963.059
21 12 -1152.49
21 13 -1355.02
21 14 -1566.91
21 15 -1783.86
21 16 -2001.06
21 17 -2213.5
21 18 -2416.17
21 19 -2604.3
21 20 -2773.58
21 21 -2920.39
21 22 -3041.89
21 23 -3136.15
21 24 -3202
21 25 -3239.04
21 26 -3247.32
21 27 -3227.08
21 28 -3178.54
21 29 -3101.4
21 30 -2994.8
21 31 -2857.03
21 32 -2685.67
21 33 -2477.68
21 34 -2229.9
21 35 -1939.51
21 36 -1604.64
21 37 -1225.13
21 38 -803.003
21 39 -342.977
21 40 147.308
21 41 657.393
21 42 1174.3
21 43 1683.11
21 44 2167.81
21 45 2612.07
21 46 3000.29
21 47 3318.33
21 48 3554.47
21 49 3699.8
21 50 3748.89
21 51 3699.8
21 52 3554.47
21 53 3318.33
21 54 3000.29
21 55 2612.07
21 56 2167.81
21 57 1683.11
21 58 1174.3
21 59 657.393
21 60 147.308
21 61 -342.977
21 62 -803.003
21 63 -1225.13
21 64 -1604.64
21 65 -1939.51
21 66 -2229.9
21 67 -2477.68
21 68 -2685.67
21 69 -2857.03
21 70 -2994.8
21 71 -3101.4
21 72 -3178.54
21 73 -3227.08
21 74 -3247.32
21 75 -3239.04
21 76 -3202
21 77 -3136.15
21 78 -3041.89
21 79 -2920.39
21 80 -2773.58
21 81 -2604.3
21 82 -2416.17
21 83 -2213.5
21 84 -2001.06
21 85 -1783.86
21 86 -1566.91
21 87 -1355.02
21 88 -1152.49
21 89 -963.059
21 90 -789.686
21 91 -634.482
21 92 -498.714
21 93 -382.726
21 94 -286.067
21 95 -207.483
21 96 -145.039
21 97 -96.2341
21 98 -58.0551
21 99 -27.178
21 100 0

22 0 0
22 1 -61.1592
22 2 -125.762
22 3 -197.12
22 4 -278.248
22 5 -371.765
22 6 -479.734
22 7 -603.579
22 8 -743.977
22 9 -900.781
22 10 -1073.01
22 11 -1258.8
22 12 -1455.48
22 13 -1659.65
22 14 -1867.28
22 15 -2073.9
22 16 -2274.81
22 17 -2465.3
22 18 -2640.9
22 19 -2797.6
22 20 -2932.1
22 21 -3041.89
22 22 -3125.44
22 23 -3182.1
22 24 -3212.1
22 25 -3216.27
22 26 -3195.87
22 27 -3152.14
22 28 -3086.02
22 29 -2997.77
22 30 -2886.69
22 31 -2750.94
22 32 -2587.62
22 33 -2392.91
22 34 -2162.49
22 35 -1892.18
22 36 -1578.56
22 37 -1219.79
22 38 -816.329
22 39 -371.484
22 40 108.244
22 41 613.018
22 42 1130.07
22 43 1644.07
22 44 2138.06
22 45 2594.41
22 46 2995.86
22 47 3326.55
22 48 3573.06
22 49 3725.25
22 50 3776.7
22 51 3725.25
22 52 3573.06
22 53 3326.55
22 54 2995.86
22 55 2594.41
22 56 2138.06
22 57 1644.07
22 58 1130.07
22 59 613.018
22 60 108.244
22 61 -371.484
22 62 -816.329
22 63 -1219.79
22 64 -1578.56
22 65 -1892.18
22 66 -2162.49
22 67 -2392.91
22 68 -2587.62
22 69 -2750.94
22 70 -2886.69
22 71 -2997.77
22 72 -3086.02
22 73 -3152.14
22 74 -3195.87
22 75 -3216.27
22 76 -3212.1
22 77 -3182.1
22 78 -3125.44
22 79 -3041.89
22 80 -2932.1
22 81 -2797.6
22 82 -2640.9
22 83 -2465.3
22 84 -2274.81
22 85 -2073.9
22 86 -1867.28
22 87 -1659.65
22 88 -1455.48
22 89 -1258.8
22 90 -1073.01
22 91 -900.781
22 92 -743.977
22 93 -603.579
22 94 -479.734
22 95 -371.765
22 96 -278.248
22 97 -197.12
22 98 -125.762
22 99 -61.1592
22 100 0

23 0 0
23 1 -99.5747
23 2 -202.118
23 3 -310.435
23 4 -427.042
23 5 -553.99
23 6 -692.779
23 7 -844.219
23 8 -1008.37
23 9 -1184.49
23 10 -1371
23 11 -1565.58
23 12 -1765.16
23 13 -1966.08
23 14 -2164.25
23 15 -2355.33
23 16 -2534.97
23 17 -2699.02
23 18 -2843.77
23 19 -2966.2
23 20 -3064.08
23 21 -3136.15
23 22 -3182.1
23 23 -3202.59
23 24 -3199.02
23 25 -3173.36
23 26 -3127.77
23 27 -3064.27
23 28 -2984.33
23 29 -2888.48
23 30 -2776.04
23 31 -2644.93
23 32 -2491.68
23 33 -2311.67
23 34 -2099.55
23 35 -1849.8
23 36 -1557.61
23 37 -1219.64
23 38 -834.886
23 39 -405.342
23 40 63.4646
23 41 562.427
23 42 1078.81
23 43 1597
23 44 2099.19
23 45 2566.47
23 46 2980.03
23 47 3322.39
23 48 3578.57
23 49 3737.09
23 50 3790.75
23 51 3737.09
23 52 3578.57
23 53 3322.39
23 54 2980.03
23 55 2566.47
23 56 2099.19
23 57 1597
23 58 1078.81
23 59 562.427
23 60 63.4646
23 61 -405.342
23 62 -834.886
23 63 -1219.64
23 64 -1557.61
23 65 -1849.8
23 66 -2099.55
23 67 -2311.67
23 68 -2491.68
23 69 -2644.93
23 70 -2776.04
23 71 -2888.48
23 72 -2984.33
23 73 -3064.27
23 74 -3127.77
23 75 -3173.36
23 76 -3199.02
23 77 -3202.59
23 78 -3182.1
23 79 -3136.15
23 80 -3064.08
23 81 -2966.2
23 82 -2843.77
23 83 -2699.02
23 84 -2534.97
23 85 -2355.33
23 86 -2164.25
23 87 -1966.08
23 88 -1765.16
23 89 -1565.58
23 90 -1371
23 91 -1184.49
23 92 -1008.37
23 93 -844.219
23 94 -692.779
23 95 -553.99
23 96 -427.042
23 97 -310.435
23 98 -202.118
23 99 -99.5747
23 100 0

24 0 0
24 1 -141.266
24 2 -284.805
24 3 -432.719
24 4 -586.827
24 5 -748.475
24 6 -918.472
24 7 -1096.96
24 8 -1283.35
24 9 -1476.35
24 10 -1673.91
24 11 -1873.34
24 12 -2071.38
24 13 -2264.34
24 14 -2448.33
24 15 -2619.35
24 16 -2773.69
24 17 -2907.95
24 18 -3019.4
24 19 -3106.09
24 20 -3166.98
24 21 -3202
24 22 -3212.1
24 23 -3199.02
24 24 -3165.23
24 25 -3113.56
24 26 -3046.87
24 27 -2967.73
24 28 -2877.85
24 29 -2777.91
24 30 -2667.04
24 31 -2542.86
24 32 -2401.29
24 33 -2236.98
24 34 -2043.53
24 35 -1814.34
24 36 -1543.28
24 37 -1225.69
24 38 -859.248
24 39 -444.813
24 40 13.0876
24 41 505.828
24 42 1020.96
24 43 1542.44
24 44 2051.75
24 45 2528.79
24 46 2953.33
24 47 3306.33
24 48 3571.35
24 49 3735.71
24 50 3791.41
24 51 3735.71
24 52 3571.35
24 53 3306.33
24 54 2953.33
24 55 2528.79
24 56 2051.75
24 57 1542.44
24 58 1020.96
24 59 505.828
24 60 13.0876
24 61 -444.813
24 62 -859.248
24 63 -1225.69
24 64 -1543.28
24 65 -1814.34
24 66 -2043.53
24 67 -2236.98
24 68 -2401.29
24 69 -2542.86
24 70 -2667.04
24 71 -2777.91
24 72 -2877.85
24 73 -2967.73
24 74 -3046.87
24 75 -3113.56
24 76 -3165.23
24 77 -3199.02
24 78 -3212.1
24 79 -3202
24 80 -3166.98
24 81 -3106.09
24 82 -3019.4
24 83 -2907.95
24 84 -2773.69
24 85 -2619.35
24 86 -2448.33
24 87 -2264.34
24 88 -2071.38
24 89 -1873.34
24 90 -1673.91
24 91 -1476.35
24 92 -1283.35
24 93 -1096.96
24 94 -918.472
24 95 -748.475
24 96 -586.827
24 97 -432.719
24 98 -284.805
24 99 -141.266
24 100 0

25 0 0
25 1 -184.623
25 2 -370.628
25 3 -559.247
25 4 -751.427
25 5 -947.701
25 6 -1148.09
25 7 -1352.03
25 8 -1558.31
25 9 -1765.16
25 10 -1970.14
25 11 -2170.42
25 12 -2362.69
25 13 -2543.5
25 14 -2709.34
25 15 -2856.86
25 16 -2983.1
25 17 -3085.65
25 18 -3162.83
25 19 -3213.87
25 20 -3238.9
25 21 -3239.04
25 22 -3216.27
25 23 -3173.36
25 24 -3113.56
25 25 -3040.36
25 26 -2957.11
25 27 -2866.6
25 28 -2770.73
25 29 -2669.99
25 30 -2563.4
25 31 -2448.03
25 32 -2319.36
25 33 -2171.21
25 34 -1996.42
25 35 -1787.28
25 36 -1536.66
25 37 -1238.63
25 38 -889.809
25 39 -489.937
25 40 -42.7938
25 41 443.649
25 42 956.928
25 43 1480.94
25 44 1996.3
25 45 2481.95
25 46 2916.27
25 47 3278.87
25 48 3551.89
25 49 3721.56
25 50 3779.1
25 51 3721.56
25 52 3551.89
25 53 3278.87
25 54 2916.27
25 55 2481.95
25 56 1996.3
25 57 1480.94
25 58 956.928
25 59 443.649
25 60 -42.7938
25 61 -489.937
25 62 -889.809
25 63 -1238.63
25 64 -1536.66
25 65 -1787.28
25 66 -1996.42
25 67 -2171.21
25 68 -2319.36
25 69 -2448.03
25 70 -2563.4
25 71 -2669.99
25 72 -2770.73
25 73 -2866.6
25 74 -2957.11
25 75 -3040.36
25 76 -3113.56
25 77 -3173.36
25 78 -3216.27
25 79 -3239.04
25 80 -3238.9
25 81 -3213.87
25 82 -3162.83
25 83 -3085.65
25 84 -2983.1
25 85 -2856.86
25 86 -2709.34
25 87 -2543.5
25 88 -2362.69
25 89 -2170.42
25 90 -1970.14
25 91 -1765.16
25 92 -1558.31
25 93 -1352.03
25 94 -1148.09
25 95 -947.701
25 96 -751.427
25 97 -559.247
25 98 -370.628
25 99 -184.623
25 100 0

26 0 0
26 1 -227.668
26 2 -455.678
26 3 -684.243
26 4 -913.342
26 5 -1142.58
26 6 -1371.2
26 7 -1597.88
26 8 -1820.91
26 9 -2038.05
26 10 -2246.71
26 11 -2443.97
26 12 -2626.79
26 13 -2792.05
26 14 -2936.89
26 15 -3058.73
26 16 -3155.57
26 17 -3226.06
26 18 -3269.66
26 19 -3286.75
26 20 -3278.57
26 21 -3247.32
26 22 -3195.87
26 23 -3127.77
26 24 -3046.87
26 25 -2957.11
26 26 -2862.01
26 27 -2764.56
26 28 -2666.41
26 29 -2568.03
26 30 -2467.95
26 31 -2362.97
26 32 -2247.91
26 33 -2116.08
26 34 -1959.45
26 35 -1769.58
26 36 -1538.29
26 37 -1258.78
26 38 -926.572
26 39 -540.594
26 40 -103.794
26 41 376.252
26 42 887.378
26 43 1413.08
26 44 1933.53
26 45 2426.6
26 46 2869.55
26 47 3240.66
26 48 3520.84
26 49 3695.24
26 50 3754.44
26 51 3695.24
26 52 3520.84
26 53 3240.66
26 54 2869.55
26 55 2426.6
26 56 1933.53
26 57 1413.08
26 58 887.378
26 59 376.252
26 60 -103.794
26 61 -540.594
26 62 -926.572
26 63 -1258.78
26 64 -1538.29
26 65 -1769.58
26 66 -1959.45
26 67 -2116.08
26 68 -2247.91
26 69 -2362.97
26 70 -2467.95
26 71 -2568.03
26 72 -2666.41
26 73 -2764.56
26 74 -2862.01
26 75 -2957.11
26 76 -3046.87
26 77 -3127.77
26 78 -3195.87
26 79 -3247.32
26 80 -3278.57
26 81 -3286.75
26 82 -3269.66
26 83 -3226.06
26 84 -3155.57
26 85 -3058.73
26 86 -2936.89
26 87 -2792.05
26 88 -2626.79
26 89 -2443.97
26 90 -2246.71
26 91 -2038.05
26 92 -1820.91
26 93 -1597.88
26 94 -1371.2
26 95 -1142.58
26 96 -913.342
26 97 -684.243
26 98 -455.678
26 99 -227.668
26 100 0

27 0 0
27 1 -268.104
27 2 -535.417
27 3 -801.083
27 4 -1064.01
27 5 -1322.93
27 6 -1576.18
27 7 -1821.87
27 8 -2057.74
27 9 -2281.3
27 10 -2489.86
27 11 -2680.66
27 12 -2850.99
27 13 -2998.36
27 14 -3120.61
27 15 -3216.1
27 16 -3283.86
27 17 -3323.61
27 18 -3335.96
27 19 -3322.34
27 20 -3285.04
27 21 -3227.08
27 22 -3152.14
27 23 -3064.27
27 24 -2967.73
27 25 -2866.6
27 26 -2764.56
27 27 -2664.31
27 28 -2567.54
27 29 -2474.21
27 30 -2382.66
27 31 -2289.14
27 32 -2188.15
27 33 -2072.31
27 34 -1933.12
27 35 -1761.36
27 36 -1548.17
27 37 -1285.85
27 38 -969.177
27 39 -596.211
27 40 -169.287
27 41 304.481
27 42 813.031
27 43 1339.79
27 44 1864.31
27 45 2363.69
27 46 2814.11
27 47 3192.63
27 48 3479.09
27 49 3657.68
27 50 3718.38
27 51 3657.68
27 52 3479.09
27 53 3192.63
27 54 2814.11
27 55 2363.69
27 56 1864.31
27 57 1339.79
27 58 813.031
27 59 304.481
27 60 -169.287
27 61 -596.211
27 62 -969.177
27 63 -1285.85
27 64 -1548.17
27 65 -1761.36
27 66 -1933.12
27 67 -2072.31
27 68 -2188.15
27 69 -2289.14
27 70 -2382.66
27 71 -2474.21
27 72 -2567.54
27 73 -2664.31
27 74 -2764.56
27 75 -2866.6
27 76 -2967.73
27 77 -3064.27
27 78 -3152.14
27 79 -3227.08
27 80 -3285.04
27 81 -3322.34
27 82 -3335.96
27 83 -3323.61
27 84 -3283.86
27 85 -3216.1
27 86 -3120.61
27 87 -2998.36
27 88 -2850.99
27 89 -2680.66
27 90 -2489.86
27 91 -2281.3
27 92 -2057.74
27 93 -1821.87
27 94 -1576.18
27 95 -1322.93
27 96 -1064.01
27 97 -801.083
27 98 -535.417
27 99 -268.104
27 100 0

28 0 0
28 1 -303.502
28 2 -605.09
28 3 -902.773
28 4 -1194.5
28 5 -1478.01
28 6 -1750.99
28 7 -2010.88
28 8 -2255.1
28 9 -2480.95
28 10 -2685.83
28 11 -2867.25
28 12 -3023.01
28 13 -3151.29
28 14 -3250.76
28 15 -3320.78
28 16 -3361.34
28 17 -3373.31
28 18 -3358.25
28 19 -3318.6
28 20 -3257.44
28 21 -3178.54
28 22 -3086.02
28 23 -2984.33
28 24 -2877.85
28 25 -2770.73
28 26 -2666.41
28 27 -2567.54
28 28 -2475.32
28 29 -2389.53
28 30 -2308.04
28 31 -2226.84
28 32 -2139.92
28 33 -2039.6
28 34 -1916.85
28 35 -1761.96
28 36 -1565.43
28 37 -1318.96
28 38 -1016.57
28 39 -655.712
28 40 -238.137
28 41 229.454
28 42 735.183
28 43 1262.3
28 44 1789.98
28 45 2294.54
28 46 2751.25
28 47 3136.16
28 48 3428.04
28 49 3610.27
28 50 3672.21
28 51 3610.27
28 52 3428.04
28 53 3136.16
28 54 2751.25
28 55 2294.54
28 56 1789.98
28 57 1262.3
28 58 735.183
28 59 229.454
28 60 -238.137
28 61 -655.712
28 62 -1016.57
28 63 -1318.96
28 64 -1565.43
28 65 -1761.96
28 66 -1916.85
28 67 -2039.6
28 68 -2139.92
28 69 -2226.84
28 70 -2308.04
28 71 -2389.53
28 72 -2475.32
28 73 -2567.54
28 74 -2666.41
28 75 -2770.73
28 76 -2877.85
28 77 -2984.33
28 78 -3086.02
28 79 -3178.54
28 80 -3257.44
28 81 -3318.6
28 82 -3358.25
28 83 -3373.31
28 84 -3361.34
28 85 -3320.78
28 86 -3250.76
28 87 -3151.29
28 88 -3023.01
28 89 -2867.25
28 90 -2685.83
28 91 -2480.95
28 92 -2255.1
28 93 -2010.88
28 94 -1750.99
28 95 -1478.01
