0 0 0
0 1 0
0 2 0
0 3 0
0 4 0
0 5 0
0 6 0
0 7 0
0 8 0
0 9 0
0 10 0
0 11 0
0 12 0
0 13 0
0 14 0
0 15 0
0 16 0
0 17 0
0 18 0
0 19 0
0 20 0
0 21 0
0 22 0
0 23 0
0 24 0
0 25 0
0 26 0
0 27 0
0 28 0
0 29 0
0 30 0
0 31 0
0 32 0
0 33 0
0 34 0
0 35 0
0 36 0
0 37 0
0 38 0
0 39 0
0 40 0
0 41 0
0 42 0
0 43 0
0 44 0
0 45 0
0 46 0
0 47 0
0 48 0
0 49 0
0 50 0
0 51 0
0 52 0
0 53 0
0 54 0
0 55 0
0 56 0
0 57 0
0 58 0
0 59 0
0 60 0
0 61 0
0 62 0
0 63 0
0 64 0
0 65 0
0 66 0
0 67 0
0 68 0
0 69 0
0 70 0
0 71 0
0 72 0
0 73 0
0 74 0
0 75 0
0 76 0
0 77 0
0 78 0
0 79 0
0 80 0
0 81 0
0 82 0
0 83 0
0 84 0
0 85 0
0 86 0
0 87 0
0 88 0
0 89 0
0 90 0
0 91 0
0 92 0
0 93 0
0 94 0
0 95 0
0 96 0
0 97 0
0 98 0
0 99 0
0 100 0

1 0 0
1 1 -103.396
1 2 -202.809
1 3 -294.445
1 4 -374.809
1 5 -440.923
1 6 -490.426
1 7 -521.696
1 8 -533.988
1 9 -527.405
1 10 -502.987
1 11 -462.604
1 12 -408.856
1 13 -344.957
1 14 -274.467
1 15 -201.118
1 16 -128.552
1 17 -60.0897
1 18 1.45107
1 19 53.9066
1 20 95.8588
1 21 126.669
1 22 146.399
1 23 155.785
1 24 156.037
1 25 148.71
1 26 135.553
1 27 118.334
1 28 98.7222
1 29 78.19
1 30 57.9629
1 31 38.9335
1 32 21.7444
1 33 6.7551
1 34 -5.88423
1 35 -16.2285
1 36 -24.4269
1 37 -30.7316
1 38 -35.4192
1 39 -38.7813
1 40 -41.0891
1 41 -42.596
1 42 -43.5144
1 43 -44.0096
1 44 -44.2303
1 45 -44.2725
1 46 -44.2215
1 47 -44.1254
1 48 -44.0489
1 49 -43.9871
1 50 -43.96
1 51 -43.9871
1 52 -44.0489
1 53 -44.1254
1 54 -44.2215
1 55 -44.2725
1 56 -44.2303
1 57 -44.0096
1 58 -43.5144
1 59 -42.596
1 60 -41.0891
1 61 -38.7813
1 62 -35.4192
1 63 -30.7316
1 64 -24.4269
1 65 -16.2285
1 66 -5.88423
1 67 6.7551
1 68 21.7444
1 69 38.9335
1 70 57.9629
1 71 78.19
1 72 98.7222
1 73 118.334
1 74 135.553
1 75 148.71
1 76 156.037
1 77 155.785
1 78 146.399
1 79 126.669
1 80 95.8588
1 81 53.9066
1 82 1.45107
1 83 -60.0897
1 84 -128.552
1 85 -201.118
1 86 -274.467
1 87 -344.957
1 88 -408.856
1 89 -462.604
1 90 -502.987
1 91 -527.405
1 92 -533.988
1 93 -521.696
1 94 -490.426
1 95 -440.923
1 96 -374.809
1 97 -294.445
1 98 -202.809
1 99 -103.396
1 100 0

2 0 0
2 1 -202.809
2 2 -397.832
2 3 -577.648
2 4 -735.417
2 5 -865.307
2 6 -962.682
2 7 -1024.36
2 8 -1048.85
2 9 -1036.36
2 10 -988.864
2 11 -910.017
2 12 -804.877
2 13 -679.708
2 14 -541.464
2 15 -397.452
2 16 -254.814
2 17 -120.084
2 18 1.18396
2 19 104.707
2 20 187.668
2 21 248.759
2 22 288.062
2 23 306.966
2 24 307.809
2 25 293.632
2 26 267.864
2 27 233.988
2 28 195.289
2 29 154.677
2 30 114.574
2 31 76.7868
2 32 42.6029
2 33 12.7557
2 34 -12.4693
2 35 -33.1475
2 36 -49.563
2 37 -62.1875
2 38 -71.597
2 39 -78.3672
2 40 -83.0258
2 41 -86.0552
2 42 -87.9068
2 43 -88.9308
2 44 -89.3789
2 45 -89.4602
2 46 -89.3588
2 47 -89.1936
2 48 -89.0145
2 49 -88.8896
2 50 -88.863
2 51 -88.8896
2 52 -89.0145
2 53 -89.1936
2 54 -89.3588
2 55 -89.4602
2 56 -89.3789
2 57 -88.9308
2 58 -87.9068
2 59 -86.0552
2 60 -83.0258
2 61 -78.3672
2 62 -71.597
2 63 -62.1875
2 64 -49.563
2 65 -33.1475
2 66 -12.4693
2 67 12.7557
2 68 42.6029
2 69 76.7868
2 70 114.574
2 71 154.677
2 72 195.289
2 73 233.988
2 74 267.864
2 75 293.632
2 76 307.809
2 77 306.966
2 78 288.062
2 79 248.759
2 80 187.668
2 81 104.707
2 82 1.18396
2 83 -120.084
2 84 -254.814
2 85 -397.452
2 86 -541.464
2 87 -679.708
2 88 -804.877
2 89 -910.017
2 90 -988.864
2 91 -1036.36
2 92 -1048.85
2 93 -1024.36
2 94 -962.682
2 95 -865.307
2 96 -735.417
2 97 -577.648
2 98 -397.832
2 99 -202.809
2 100 0

3 0 0
3 1 -294.445
3 2 -577.648
3 3 -838.863
3 4 -1068.23
3 5 -1257.28
3 6 -1399.3
3 7 -1489.68
3 8 -1526.18
3 9 -1509.05
3 10 -1441.1
3 11 -1327.51
3 12 -1175.55
3 13 -994.215
3 14 -793.561
3 15 -584.146
3 16 -376.335
3 17 -179.638
3 18 -2.19068
3 19 149.7
3 20 271.813
3 21 362.122
3 22 420.638
3 23 449.274
3 24 451.359
3 25 431.264
3 26 393.943
3 27 344.466
3 28 287.665
3 29 227.834
3 30 168.567
3 31 112.558
3 32 61.7389
3 33 17.2351
3 34 -20.461
3 35 -51.4305
3 36 -76.0819
3 37 -95.1149
3 38 -109.328
3 39 -119.566
3 40 -126.629
3 41 -131.265
3 42 -134.107
3 43 -135.659
3 44 -136.36
3 45 -136.512
3 46 -136.375
3 47 -136.098
3 48 -135.859
3 49 -135.676
3 50 -135.596
3 51 -135.676
3 52 -135.859
3 53 -136.098
3 54 -136.375
3 55 -136.512
3 56 -136.36
3 57 -135.659
3 58 -134.107
3 59 -131.265
3 60 -126.629
3 61 -119.566
3 62 -109.328
3 63 -95.1149
3 64 -76.0819
3 65 -51.4305
3 66 -20.461
3 67 17.2351
3 68 61.7389
3 69 112.558
3 70 168.567
3 71 227.834
3 72 287.665
3 73 344.466
3 74 393.943
3 75 431.264
3 76 451.359
3 77 449.274
3 78 420.638
3 79 362.122
3 80 271.813
3 81 149.7
3 82 -2.19068
3 83 -179.638
3 84 -376.335
3 85 -584.146
3 86 -793.561
3 87 -994.215
3 88 -1175.55
3 89 -1327.51
3 90 -1441.1
3 91 -1509.05
3 92 -1526.18
3 93 -1489.68
3 94 -1399.3
3 95 -1257.28
3 96 -1068.23
3 97 -838.863
3 98 -577.648
3 99 -294.445
3 100 0

4 0 0
4 1 -374.809
4 2 -735.417
4 3 -1068.23
4 4 -1360.77
4 5 -1602.3
4 6 -1784.29
4 7 -1900.84
4 8 -1949
4 9 -1929.01
4 10 -1844.28
4 11 -1701.24
4 12 -1509
4 13 -1278.84
4 14 -1023.44
4 15 -756.176
4 16 -490.234
4 17 -237.798
4 18 -9.34272
4 19 186.922
4 20 345.425
4 21 463.345
4 22 540.507
4 23 579.127
4 24 583.317
4 25 558.565
4 26 511.158
4 27 447.596
4 28 374.114
4 29 296.301
4 30 218.84
4 31 145.355
4 32 78.4172
4 33 19.5928
4 34 -30.439
4 35 -71.6807
4 36 -104.64
4 37 -130.159
4 38 -149.295
4 39 -163.137
4 40 -172.738
4 41 -179.054
4 42 -182.944
4 43 -185.115
4 44 -186.097
4 45 -186.335
4 46 -186.159
4 47 -185.839
4 48 -185.487
4 49 -185.24
4 50 -185.173
4 51 -185.24
4 52 -185.487
4 53 -185.839
4 54 -186.159
4 55 -186.335
4 56 -186.097
4 57 -185.115
4 58 -182.944
4 59 -179.054
4 60 -172.738
4 61 -163.137
4 62 -149.295
4 63 -130.159
4 64 -104.64
4 65 -71.6807
4 66 -30.439
4 67 19.5928
4 68 78.4172
4 69 145.355
4 70 218.84
4 71 296.301
4 72 374.114
4 73 447.596
4 74 511.158
4 75 558.565
4 76 583.317
4 77 579.127
4 78 540.507
4 79 463.345
4 80 345.425
4 81 186.922
4 82 -9.34272
4 83 -237.798
4 84 -490.234
4 85 -756.176
4 86 -1023.44
4 87 -1278.84
4 88 -1509
4 89 -1701.24
4 90 -1844.28
4 91 -1929.01
4 92 -1949
4 93 -1900.84
4 94 -1784.29
4 95 -1602.3
4 96 -1360.77
4 97 -1068.23
4 98 -735.417
4 99 -374.809
4 100 0

5 0 0
5 1 -440.923
5 2 -865.307
5 3 -1257.28
5 4 -1602.3
5 5 -1887.8
5 6 -2103.75
5 7 -2243.15
5 8 -2302.43
5 9 -2281.68
5 10 -2184.69
5 11 -2018.76
5 12 -1794.37
5 13 -1524.51
5 14 -1223.97
5 15 -908.361
5 16 -593.195
5 17 -292.909
5 18 -20.0322
5 19 215.508
5 20 406.807
5 21 550.191
5 22 645.129
5 23 693.92
5 24 701.198
5 25 673.3
5 26 617.584
5 27 541.762
5 28 453.317
5 29 359.015
5 30 264.589
5 31 174.54
5 32 92.1079
5 33 19.3053
5 34 -42.8944
5 35 -94.4017
5 36 -135.75
5 37 -167.936
5 38 -192.176
5 39 -209.797
5 40 -222.083
5 41 -230.237
5 42 -235.302
5 43 -238.141
5 44 -239.475
5 45 -239.841
5 46 -239.682
5 47 -239.268
5 48 -238.862
5 49 -238.566
5 50 -238.44
5 51 -238.566
5 52 -238.862
5 53 -239.268
5 54 -239.682
5 55 -239.841
5 56 -239.475
5 57 -238.141
5 58 -235.302
5 59 -230.237
5 60 -222.083
5 61 -209.797
5 62 -192.176
5 63 -167.936
5 64 -135.75
5 65 -94.4017
5 66 -42.8944
5 67 19.3053
5 68 92.1079
5 69 174.54
5 70 264.589
5 71 359.015
5 72 453.317
5 73 541.762
5 74 617.584
5 75 673.3
5 76 701.198
5 77 693.92
5 78 645.129
5 79 550.191
5 80 406.807
5 81 215.508
5 82 -20.0322
5 83 -292.909
5 84 -593.195
5 85 -908.361
5 86 -1223.97
5 87 -1524.51
5 88 -1794.37
5 89 -2018.76
5 90 -2184.69
5 91 -2281.68
5 92 -2302.43
5 93 -2243.15
5 94 -2103.75
5 95 -1887.8
5 96 -1602.3
5 97 -1257.28
5 98 -865.307
5 99 -440.923
5 100 0

6 0 0
6 1 -490.426
6 2 -962.682
6 3 -1399.3
6 4 -1784.29
6 5 -2103.75
6 6 -2346.53
6 7 -2504.78
6 8 -2574.34
6 9 -2555.07
6 10 -2450.84
6 11 -2269.43
6 12 -2022.12
6 13 -1723.03
6 14 -1388.38
6 15 -1035.39
6 16 -681.328
6 17 -342.41
6 18 -32.8513
6 19 235.882
6 20 455.638
6 21 621.8
6 22 733.318
6 23 792.314
6 24 803.652
6 25 774.209
6 26 712.118
6 27 626.065
6 28 524.571
6 29 415.464
6 30 305.424
6 31 199.832
6 32 102.566
6 33 16.1761
6 34 -58.0647
6 35 -119.864
6 36 -169.778
6 37 -208.846
6 38 -238.453
6 39 -260.098
6 40 -275.311
6 41 -285.497
6 42 -291.881
6 43 -295.534
6 44 -297.294
6 45 -297.873
6 46 -297.732
6 47 -297.313
6 48 -296.826
6 49 -296.475
6 50 -296.358
6 51 -296.475
6 52 -296.826
6 53 -297.313
6 54 -297.732
6 55 -297.873
6 56 -297.294
6 57 -295.534
6 58 -291.881
6 59 -285.497
6 60 -275.311
6 61 -260.098
6 62 -238.453
6 63 -208.846
6 64 -169.778
6 65 -119.864
6 66 -58.0647
6 67 16.1761
6 68 102.566
6 69 199.832
6 70 305.424
6 71 415.464
6 72 524.571
6 73 626.065
6 74 712.118
6 75 774.209
6 76 803.652
6 77 792.314
6 78 733.318
6 79 621.8
6 80 455.638
6 81 235.882
6 82 -32.8513
6 83 -342.41
6 84 -681.328
6 85 -1035.39
6 86 -1388.38
6 87 -1723.03
6 88 -2022.12
6 89 -2269.43
6 90 -2450.84
6 91 -2555.07
6 92 -2574.34
6 93 -2504.78
6 94 -2346.53
6 95 -2103.75
6 96 -1784.29
6 97 -1399.3
6 98 -962.682
6 99 -490.426
6 100 0

7 0 0
7 1 -521.696
7 2 -1024.36
7 3 -1489.68
7 4 -1900.84
7 5 -2243.15
7 6 -2504.78
7 7 -2677.25
7 8 -2755.9
7 9 -2740.25
7 10 -2633.97
7 11 -2444.85
7 12 -2184.45
7 13 -1867.33
7 14 -1510.45
7 15 -1131.96
7 16 -750.254
7 17 -382.815
7 18 -45.1772
7 19 249.92
7 20 493.142
7 21 678.909
7 22 805.446
7 23 874.451
7 24 890.686
7 25 861.238
7 26 794.722
7 27 700.518
7 28 587.981
7 29 465.807
7 30 341.565
7 31 221.442
7 32 110.033
7 33 10.3965
7 34 -75.7837
7 35 -148.022
7 36 -206.738
7 37 -253.018
7 38 -288.322
7 39 -314.358
7 40 -332.811
7 41 -345.289
7 42 -353.224
7 43 -357.858
7 44 -360.209
7 45 -361.054
7 46 -361.056
7 47 -360.629
7 48 -360.115
7 49 -359.741
7 50 -359.591
7 51 -359.741
7 52 -360.115
7 53 -360.629
7 54 -361.056
7 55 -361.054
7 56 -360.209
7 57 -357.858
7 58 -353.224
7 59 -345.289
7 60 -332.811
7 61 -314.358
7 62 -288.322
7 63 -253.018
7 64 -206.738
7 65 -148.022
7 66 -75.7837
7 67 10.3965
7 68 110.033
7 69 221.442
7 70 341.565
7 71 465.807
7 72 587.981
7 73 700.518
7 74 794.722
7 75 861.238
7 76 890.686
7 77 874.451
7 78 805.446
7 79 678.909
7 80 493.142
7 81 249.92
7 82 -45.1772
7 83 -382.815
7 84 -750.254
7 85 -1131.96
7 86 -1510.45
7 87 -1867.33
7 88 -2184.45
7 89 -2444.85
7 90 -2633.97
7 91 -2740.25
7 92 -2755.9
7 93 -2677.25
7 94 -2504.78
7 95 -2243.15
7 96 -1900.84
7 97 -1489.68
7 98 -1024.36
7 99 -521.696
7 100 0

8 0 0
8 1 -533.988
8 2 -1048.85
8 3 -1526.18
8 4 -1949
8 5 -2302.43
8 6 -2574.34
8 7 -2755.9
8 8 -2842.05
8 9 -2831.83
8 10 -2728.47
8 11 -2539.33
8 12 -2275.63
8 13 -1951.79
8 14 -1584.76
8 15 -1192.97
8 16 -795.276
8 17 -409.891
8 18 -53.2276
8 19 260.932
8 20 522.201
8 21 723.969
8 22 863.584
8 23 942.077
8 24 963.807
8 25 935.74
8 26 866.631
8 27 766.271
8 28 644.595
8 29 511.049
8 30 373.97
8 31 240.32
8 32 115.348
8 33 2.72923
8 34 -95.4289
8 35 -178.299
8 36 -246.192
8 37 -300.122
8 38 -341.625
8 39 -372.483
8 40 -394.587
8 41 -409.74
8 42 -419.535
8 43 -425.401
8 44 -428.494
8 45 -429.822
8 46 -430.014
8 47 -429.682
8 48 -429.191
8 49 -428.803
8 50 -428.655
8 51 -428.803
8 52 -429.191
8 53 -429.682
8 54 -430.014
8 55 -429.822
8 56 -428.494
8 57 -425.401
8 58 -419.535
8 59 -409.74
8 60 -394.587
8 61 -372.483
8 62 -341.625
8 63 -300.122
8 64 -246.192
8 65 -178.299
8 66 -95.4289
8 67 2.72923
8 68 115.348
8 69 240.32
8 70 373.97
8 71 511.049
8 72 644.595
8 73 766.271
8 74 866.631
8 75 935.74
8 76 963.807
8 77 942.077
8 78 863.584
8 79 723.969
8 80 522.201
8 81 260.932
8 82 -53.2276
8 83 -409.891
8 84 -795.276
8 85 -1192.97
8 86 -1584.76
8 87 -1951.79
8 88 -2275.63
8 89 -2539.33
8 90 -2728.47
8 91 -2831.83
8 92 -2842.05
8 93 -2755.9
8 94 -2574.34
8 95 -2302.43
8 96 -1949
8 97 -1526.18
8 98 -1048.85
8 99 -533.988
8 100 0

9 0 0
9 1 -527.405
9 2 -1036.36
9 3 -1509.05
9 4 -1929.01
9 5 -2281.68
9 6 -2555.07
9 7 -2740.25
9 8 -2831.83
9 9 -2828.32
9 10 -2732.24
9 11 -2550.14
9 12 -2292.38
9 13 -1972.59
9 14 -1607.08
9 15 -1213.84
9 16 -811.611
9 17 -418.766
9 18 -52.2203
9 19 273.521
9 20 547.129
9 21 760.992
9 22 911.424
9 23 998.58
9 24 1026.1
9 25 1000.5
9 26 930.388
9 27 825.663
9 28 696.636
9 29 553.269
9 30 404.595
9 31 258.241
9 32 120.206
9 33 -5.26485
9 34 -115.526
9 35 -209.44
9 36 -287.016
9 37 -349.195
9 38 -397.48
9 39 -433.786
9 40 -460.108
9 41 -478.396
9 42 -490.46
9 43 -497.895
9 44 -502.065
9 45 -503.994
9 46 -504.594
9 47 -504.464
9 48 -504.056
9 49 -503.709
9 50 -503.579
9 51 -503.709
9 52 -504.056
9 53 -504.464
9 54 -504.594
9 55 -503.994
9 56 -502.065
9 57 -497.895
9 58 -490.46
9 59 -478.396
9 60 -460.108
9 61 -433.786
9 62 -397.48
9 63 -349.195
9 64 -287.016
9 65 -209.44
9 66 -115.526
9 67 -5.26485
9 68 120.206
9 69 258.241
9 70 404.595
9 71 553.269
9 72 696.636
9 73 825.663
9 74 930.388
9 75 1000.5
9 76 1026.1
9 77 998.58
9 78 911.424
9 79 760.992
9 80 547.129
9 81 273.521
9 82 -52.2203
9 83 -418.766
9 84 -811.611
9 85 -1213.84
9 86 -1607.08
9 87 -1972.59
9 88 -2292.38
9 89 -2550.14
9 90 -2732.24
9 91 -2828.32
9 92 -2831.83
9 93 -2740.25
9 94 -2555.07
9 95 -2281.68
9 96 -1929.01
9 97 -1509.05
9 98 -1036.36
9 99 -527.405
9 100 0

10 0 0
10 1 -502.987
10 2 -988.864
10 3 -1441.1
10 4 -1844.28
10 5 -2184.69
10 6 -2450.84
10 7 -2633.97
10 8 -2728.47
10 9 -2732.24
10 10 -2646.9
10 11 -2477.86
10 12 -2234.13
10 13 -1928.04
10 14 -1574.62
10 15 -1190.87
10 16 -794.794
10 17 -404.427
10 18 -36.7528
10 19 293.263
10 20 573.532
10 21 795.439
10 22 954.192
10 23 1048.87
10 24 1082.14
10 25 1059.78
10 26 989.951
10 27 882.387
10 28 747.509
10 29 595.669
10 30 436.426
10 31 278.075
10 32 127.266
10 33 -11.0751
10 34 -133.793
10 35 -239.26
10 36 -327.219
10 37 -398.395
10 38 -454.286
10 39 -496.783
10 40 -528.008
10 41 -550.072
10 42 -564.951
10 43 -574.422
10 44 -579.965
10 45 -582.877
10 46 -584.061
10 47 -584.281
10 48 -584.103
10 49 -583.852
10 50 -583.737
10 51 -583.852
10 52 -584.103
10 53 -584.281
10 54 -584.061
10 55 -582.877
10 56 -579.965
10 57 -574.422
10 58 -564.951
10 59 -550.072
10 60 -528.008
10 61 -496.783
10 62 -454.286
10 63 -398.395
10 64 -327.219
10 65 -239.26
10 66 -133.793
10 67 -11.0751
10 68 127.266
10 69 278.075
10 70 436.426
10 71 595.669
10 72 747.509
10 73 882.387
10 74 989.951
10 75 1059.78
10 76 1082.14
10 77 1048.87
10 78 954.192
10 79 795.439
10 80 573.532
10 81 293.263
10 82 -36.7528
10 83 -404.427
10 84 -794.794
10 85 -1190.87
10 86 -1574.62
10 87 -1928.04
10 88 -2234.13
10 89 -2477.86
10 90 -2646.9
10 91 -2732.24
10 92 -2728.47
10 93 -2633.97
10 94 -2450.84
10 95 -2184.69
10 96 -1844.28
10 97 -1441.1
10 98 -988.864
10 99 -502.987
10 100 0

11 0 0
11 1 -462.604
11 2 -910.017
11 3 -1327.51
11 4 -1701.24
11 5 -2018.76
11 6 -2269.43
11 7 -2444.85
11 8 -2539.33
11 9 -2550.14
11 10 -2477.86
11 11 -2326.45
11 12 -2103.28
11 13 -1818.88
11 14 -1486.53
11 15 -1121.68
11 16 -741.139
11 17 -362.104
11 18 -1.27089
11 19 326.262
11 20 607.792
11 21 833.776
11 22 998.257
11 23 1099.1
11 24 1137.8
11 25 1119.13
11 26 1050.56
11 27 941.36
11 28 801.881
11 29 642.642
11 30 473.67
11 31 303.782
11 32 140.341
11 33 -11.111
11 34 -146.765
11 35 -264.532
11 36 -363.725
11 37 -444.875
11 38 -509.321
11 39 -558.957
11 40 -595.968
11 41 -622.584
11 42 -640.973
11 43 -653.03
11 44 -660.502
11 45 -664.699
11 46 -666.798
11 47 -667.623
11 48 -667.787
11 49 -667.723
11 50 -667.698
11 51 -667.723
11 52 -667.787
11 53 -667.623
11 54 -666.798
11 55 -664.699
11 56 -660.502
11 57 -653.03
11 58 -640.973
11 59 -622.584
11 60 -595.968
11 61 -558.957
11 62 -509.321
11 63 -444.875
11 64 -363.725
11 65 -264.532
11 66 -146.765
11 67 -11.111
11 68 140.341
11 69 303.782
11 70 473.67
11 71 642.642
11 72 801.881
11 73 941.36
11 74 1050.56
11 75 1119.13
11 76 1137.8
11 77 1099.1
11 78 998.257
11 79 833.776
11 80 607.792
11 81 326.262
11 82 -1.27089
11 83 -362.104
11 84 -741.139
11 85 -1121.68
11 86 -1486.53
11 87 -1818.88
11 88 -2103.28
11 89 -2326.45
11 90 -2477.86
11 91 -2550.14
11 92 -2539.33
11 93 -2444.85
11 94 -2269.43
11 95 -2018.76
11 96 -1701.24
11 97 -1327.51
11 98 -910.017
11 99 -462.604
11 100 0

12 0 0
12 1 -408.856
12 2 -804.877
12 3 -1175.55
12 4 -1509
12 5 -1794.37
12 6 -2022.12
12 7 -2184.45
12 8 -2275.63
12 9 -2292.38
12 10 -2234.13
12 11 -2103.28
12 12 -1905.24
12 13 -1648.47
12 14 -1344.1
12 15 -1005.63
12 16 -648.22
12 17 -287.877
12 18 59.3714
12 19 378.531
12 20 656.511
12 21 882.916
12 22 1050.65
12 23 1156.25
12 24 1199.89
12 25 1185.14
12 26 1118.49
12 27 1008.6
12 28 865.501
12 29 699.755
12 30 521.637
12 31 340.518
12 32 164.365
12 33 -0.547085
12 34 -149.831
12 35 -280.776
12 36 -392.291
12 37 -484.527
12 38 -558.691
12 39 -616.591
12 40 -660.445
12 41 -692.579
12 42 -715.291
12 43 -730.714
12 44 -740.648
12 45 -746.684
12 46 -750.073
12 47 -751.76
12 48 -752.506
12 49 -752.759
12 50 -752.799
12 51 -752.759
12 52 -752.506
12 53 -751.76
12 54 -750.073
12 55 -746.684
12 56 -740.648
12 57 -730.714
12 58 -715.291
12 59 -692.579
12 60 -660.445
12 61 -616.591
12 62 -558.691
12 63 -484.527
12 64 -392.291
12 65 -280.776
12 66 -149.831
12 67 -0.547085
12 68 164.365
12 69 340.518
12 70 521.637
12 71 699.755
12 72 865.501
12 73 1008.6
12 74 1118.49
12 75 1185.14
12 76 1199.89
12 77 1156.25
12 78 1050.65
12 79 882.916
12 80 656.511
12 81 378.531
12 82 59.3714
12 83 -287.877
12 84 -648.22
12 85 -1005.63
12 86 -1344.1
12 87 -1648.47
12 88 -1905.24
12 89 -2103.28
12 90 -2234.13
12 91 -2292.38
12 92 -2275.63
12 93 -2184.45
12 94 -2022.12
12 95 -1794.37
12 96 -1509
12 97 -1175.55
12 98 -804.877
12 99 -408.856
12 100 0

13 0 0
13 1 -344.957
13 2 -679.708
13 3 -994.215
13 4 -1278.84
13 5 -1524.51
13 6 -1723.03
13 7 -1867.33
13 8 -1951.79
13 9 -1972.59
13 10 -1928.04
13 11 -1818.88
13 12 -1648.47
13 13 -1422.95
13 14 -1151.11
13 15 -844.187
13 16 -515.403
13 17 -179.249
13 18 149.204
13 19 455.348
13 20 725.868
13 21 949.649
13 22 1118.48
13 23 1227.55
13 24 1275.6
13 25 1264.86
13 26 1200.68
13 27 1090.86
13 28 944.952
13 29 773.361
13 30 586.587
13 31 394.397
13 32 205.395
13 33 26.476
13 34 -137.219
13 35 -282.389
13 36 -407.377
13 37 -512.016
13 38 -597.224
13 39 -664.678
13 40 -716.579
13 41 -755.341
13 42 -783.426
13 43 -803.01
13 44 -816.189
13 45 -824.641
13 46 -829.792
13 47 -832.74
13 48 -834.29
13 49 -834.991
13 50 -835.213
13 51 -834.991
13 52 -834.29
13 53 -832.74
13 54 -829.792
13 55 -824.641
13 56 -816.189
13 57 -803.01
13 58 -783.426
13 59 -755.341
13 60 -716.579
13 61 -664.678
13 62 -597.224
13 63 -512.016
13 64 -407.377
13 65 -282.389
13 66 -137.219
13 67 26.476
13 68 205.395
13 69 394.397
13 70 586.587
13 71 773.361
13 72 944.952
13 73 1090.86
13 74 1200.68
13 75 1264.86
13 76 1275.6
13 77 1227.55
13 78 1118.48
13 79 949.649
13 80 725.868
13 81 455.348
13 82 149.204
13 83 -179.249
13 84 -515.403
13 85 -844.187
13 86 -1151.11
13 87 -1422.95
13 88 -1648.47
13 89 -1818.88
13 90 -1928.04
13 91 -1972.59
13 92 -1951.79
13 93 -1867.33
13 94 -1723.03
13 95 -1524.51
13 96 -1278.84
13 97 -994.215
13 98 -679.708
13 99 -344.957
13 100 0

14 0 0
14 1 -274.467
14 2 -541.464
14 3 -793.561
14 4 -1023.44
14 5 -1223.97
14 6 -1388.38
14 7 -1510.45
14 8 -1584.76
14 9 -1607.08
14 10 -1574.62
14 11 -1486.53
14 12 -1344.1
14 13 -1151.11
14 14 -913.876
14 15 -641.24
14 16 -344.246
14 17 -35.6951
14 18 270.576
14 19 560.518
14 20 820.808
14 21 1039.75
14 22 1208.11
14 23 1319.73
14 24 1371.87
14 25 1365.32
14 26 1304.12
14 27 1195.11
14 28 1047.15
14 29 870.414
14 30 675.403
14 31 472.304
14 32 270.218
14 33 76.7981
14 34 -102.151
14 35 -262.609
14 36 -402.389
14 37 -520.806
14 38 -618.47
14 39 -696.894
14 40 -758.215
14 41 -804.89
14 42 -839.397
14 43 -864.208
14 44 -881.449
14 45 -893.022
14 46 -900.515
14 47 -905.132
14 48 -907.799
14 49 -909.158
14 50 -909.55
14 51 -909.158
14 52 -907.799
14 53 -905.132
14 54 -900.515
14 55 -893.022
14 56 -881.449
14 57 -864.208
14 58 -839.397
14 59 -804.89
14 60 -758.215
14 61 -696.894
14 62 -618.47
14 63 -520.806
14 64 -402.389
14 65 -262.609
14 66 -102.151
14 67 76.7981
14 68 270.218
14 69 472.304
14 70 675.403
14 71 870.414
14 72 1047.15
14 73 1195.11
14 74 1304.12
14 75 1365.32
14 76 1371.87
14 77 1319.73
14 78 1208.11
14 79 1039.75
14 80 820.808
14 81 560.518
14 82 270.576
14 83 -35.6951
14 84 -344.246
14 85 -641.24
14 86 -913.876
14 87 -1151.11
14 88 -1344.1
14 89 -1486.53
14 90 -1574.62
14 91 -1607.08
14 92 -1584.76
14 93 -1510.45
14 94 -1388.38
14 95 -1223.97
14 96 -1023.44
14 97 -793.561
14 98 -541.464
14 99 -274.467
14 100 0

15 0 0
15 1 -201.118
15 2 -397.452
15 3 -584.146
15 4 -756.176
15 5 -908.361
15 6 -1035.39
15 7 -1131.96
15 8 -1192.97
15 9 -1213.84
15 10 -1190.87
15 11 -1121.68
15 12 -1005.63
15 13 -844.187
15 14 -641.24
15 15 -403.167
15 16 -138.799
15 17 140.928
15 18 423.541
15 19 695.755
15 20 944.396
15 21 1157.35
15 22 1324.46
15 23 1438.28
15 24 1494.6
15 25 1492.69
15 26 1435.22
15 27 1327.88
15 28 1178.8
15 29 997.68
15 30 795.031
15 31 581.269
15 32 366.068
15 33 157.692
15 34 -37.2377
15 35 -214.043
15 36 -369.824
15 37 -503.413
15 38 -615.001
15 39 -705.873
15 40 -778.036
15 41 -833.916
15 42 -876.15
15 43 -907.206
15 44 -929.447
15 45 -944.952
15 46 -955.397
15 47 -962.177
15 48 -966.31
15 49 -968.493
15 50 -969.19
15 51 -968.493
15 52 -966.31
15 53 -962.177
15 54 -955.397
15 55 -944.952
15 56 -929.447
15 57 -907.206
15 58 -876.15
15 59 -833.916
15 60 -778.036
15 61 -705.873
15 62 -615.001
15 63 -503.413
15 64 -369.824
15 65 -214.043
15 66 -37.2377
15 67 157.692
15 68 366.068
15 69 581.269
15 70 795.031
15 71 997.68
15 72 1178.8
15 73 1327.88
15 74 1435.22
15 75 1492.69
15 76 1494.6
15 77 1438.28
15 78 1324.46
15 79 1157.35
15 80 944.396
15 81 695.755
15 82 423.541
15 83 140.928
15 84 -138.799
15 85 -403.167
15 86 -641.24
15 87 -844.187
15 88 -1005.63
15 89 -1121.68
15 90 -1190.87
15 91 -1213.84
15 92 -1192.97
15 93 -1131.96
15 94 -1035.39
15 95 -908.361
15 96 -756.176
15 97 -584.146
15 98 -397.452
15 99 -201.118
15 100 0

16 0 0
16 1 -128.552
16 2 -254.814
16 3 -376.335
16 4 -490.234
16 5 -593.195
16 6 -681.328
16 7 -750.254
16 8 -795.276
16 9 -811.611
16 10 -794.794
16 11 -741.139
16 12 -648.22
16 13 -515.403
16 14 -344.246
16 15 -138.799
16 16 94.3382
16 17 346.104
16 18 605.51
16 19 860.155
16 20 1097.18
16 21 1304.21
16 22 1470.25
16 23 1586.68
16 24 1647.85
16 25 1651.54
16 26 1598.93
16 27 1494.55
16 28 1345.56
16 29 1161.19
16 30 951.767
16 31 727.955
16 32 499.832
16 33 276.382
16 34 64.9363
16 35 -129.011
16 36 -301.888
16 37 -451.904
16 38 -578.791
16 39 -683.53
16 40 -767.923
16 41 -834.408
16 42 -885.528
16 43 -923.983
16 44 -952.221
16 45 -972.436
16 46 -986.528
16 47 -995.989
16 48 -1001.93
16 49 -1005.2
16 50 -1006.22
16 51 -1005.2
16 52 -1001.93
16 53 -995.989
16 54 -986.528
16 55 -972.436
16 56 -952.221
16 57 -923.983
16 58 -885.528
16 59 -834.408
16 60 -767.923
16 61 -683.53
16 62 -578.791
16 63 -451.904
16 64 -301.888
16 65 -129.011
16 66 64.9363
16 67 276.382
16 68 499.832
16 69 727.955
16 70 951.767
16 71 1161.19
16 72 1345.56
16 73 1494.55
16 74 1598.93
16 75 1651.54
16 76 1647.85
16 77 1586.68
16 78 1470.25
16 79 1304.21
16 80 1097.18
16 81 860.155
16 82 605.51
16 83 346.104
16 84 94.3382
16 85 -138.799
16 86 -344.246
16 87 -515.403
16 88 -648.22
16 89 -741.139
16 90 -794.794
16 91 -811.611
16 92 -795.276
16 93 -750.254
16 94 -681.328
16 95 -593.195
16 96 -490.234
16 97 -376.335
16 98 -254.814
16 99 -128.552
16 100 0

17 0 0
17 1 -60.0897
17 2 -120.084
17 3 -179.638
17 4 -237.798
17 5 -292.909
17 6 -342.41
17 7 -382.815
17 8 -409.891
17 9 -418.766
17 10 -404.427
17 11 -362.104
17 12 -287.877
17 13 -179.249
17 14 -35.6951
17 15 140.928
17 16 346.104
17 17 572.659
17 18 811.068
17 19 1049.92
17 20 1276.79
17 21 1479.16
17 22 1645.37
17 23 1765.74
17 24 1833.24
17 25 1844.11
17 26 1798.11
17 27 1698.46
17 28 1551.35
17 29 1365.34
17 30 1150.58
17 31 917.753
17 32 677.428
17 33 439.18
17 34 211.167
17 35 -0.389546
17 36 -191.113
17 37 -358.549
17 38 -501.881
17 39 -621.713
17 40 -719.656
17 41 -797.919
17 42 -859.156
17 43 -906.063
17 44 -941.213
17 45 -966.996
17 46 -985.376
17 47 -998.013
17 48 -1006.17
17 49 -1010.7
17 50 -1012.16
17 51 -1010.7
17 52 -1006.17
17 53 -998.013
17 54 -985.376
17 55 -966.996
17 56 -941.213
17 57 -906.063
17 58 -859.156
17 59 -797.919
17 60 -719.656
17 61 -621.713
17 62 -501.881
17 63 -358.549
17 64 -191.113
17 65 -0.389546
17 66 211.167
17 67 439.18
17 68 677.428
17 69 917.753
17 70 1150.58
17 71 1365.34
17 72 1551.35
17 73 1698.46
17 74 1798.11
17 75 1844.11
17 76 1833.24
17 77 1765.74
17 78 1645.37
17 79 1479.16
17 80 1276.79
17 81 1049.92
17 82 811.068
17 83 572.659
17 84 346.104
17 85 140.928
17 86 -35.6951
17 87 -179.249
17 88 -287.877
17 89 -362.104
17 90 -404.427
17 91 -418.766
17 92 -409.891
17 93 -382.815
17 94 -342.41
17 95 -292.909
17 96 -237.798
17 97 -179.638
17 98 -120.084
17 99 -60.0897
17 100 0

18 0 0
18 1 1.45107
18 2 1.18396
18 3 -2.19068
18 4 -9.34272
18 5 -20.0322
18 6 -32.8513
18 7 -45.1772
18 8 -53.2276
18 9 -52.2203
18 10 -36.7528
18 11 -1.27089
18 12 59.3714
18 13 149.204
18 14 270.576
18 15 423.541
18 16 605.51
18 17 811.068
18 18 1032.13
18 19 1258.34
18 20 1477.78
18 21 1677.93
18 22 1846.61
18 23 1973.15
18 24 2049.23
18 25 2069.66
18 26 2032.71
18 27 1940.29
18 28 1797.49
18 29 1612.18
18 30 1394.09
18 31 1154.03
18 32 902.85
18 33 650.776
18 34 406.653
18 35 177.597
18 36 -31.2213
18 37 -216.604
18 38 -377.164
18 39 -513.051
18 40 -625.478
18 41 -716.59
18 42 -788.919
18 43 -845.203
18 44 -888.145
18 45 -920.171
18 46 -943.461
18 47 -959.772
18 48 -970.436
18 49 -976.471
18 50 -978.405
18 51 -976.471
18 52 -970.436
18 53 -959.772
18 54 -943.461
18 55 -920.171
18 56 -888.145
18 57 -845.203
18 58 -788.919
18 59 -716.59
18 60 -625.478
18 61 -513.051
18 62 -377.164
18 63 -216.604
18 64 -31.2213
18 65 177.597
18 66 406.653
18 67 650.776
18 68 902.85
18 69 1154.03
18 70 1394.09
18 71 1612.18
18 72 1797.49
18 73 1940.29
18 74 2032.71
18 75 2069.66
18 76 2049.23
18 77 1973.15
18 78 1846.61
18 79 1677.93
18 80 1477.78
18 81 1258.34
18 82 1032.13
18 83 811.068
18 84 605.51
18 85 423.541
18 86 270.576
18 87 149.204
18 88 59.3714
18 89 -1.27089
18 90 -36.7528
18 91 -52.2203
18 92 -53.2276
18 93 -45.1772
18 94 -32.8513
18 95 -20.0322
18 96 -9.34272
18 97 -2.19068
18 98 1.18396
18 99 1.45107
18 100 0

19 0 0
19 1 53.9066
19 2 104.707
19 3 149.7
19 4 186.922
19 5 215.508
19 6 235.882
19 7 249.92
19 8 260.932
19 9 273.521
19 10 293.263
19 11 326.262
19 12 378.531
19 13 455.348
19 14 560.518
19 15 695.755
19 16 860.155
19 17 1049.92
19 18 1258.34
19 19 1476.09
19 20 1691.86
19 21 1893.17
19 22 2067.49
19 23 2203.27
19 24 2291.03
19 25 2324.14
19 26 2299.46
19 27 2217.47
19 28 2082.19
19 29 1900.62
19 30 1682.1
19 31 1437.31
19 32 1177.43
19 33 913.195
19 34 654.236
19 35 408.489
19 36 181.968
19 37 -21.3441
19 38 -199.391
19 39 -351.724
19 40 -479.302
19 41 -583.925
19 42 -668.049
19 43 -734.427
19 44 -785.766
19 45 -824.651
19 46 -853.315
19 47 -873.647
19 48 -887.152
19 49 -894.811
19 50 -897.306
19 51 -894.811
19 52 -887.152
19 53 -873.647
19 54 -853.315
19 55 -824.651
19 56 -785.766
19 57 -734.427
19 58 -668.049
19 59 -583.925
19 60 -479.302
19 61 -351.724
19 62 -199.391
19 63 -21.3441
19 64 181.968
19 65 408.489
19 66 654.236
19 67 913.195
19 68 1177.43
19 69 1437.31
19 70 1682.1
19 71 1900.62
19 72 2082.19
19 73 2217.47
19 74 2299.46
19 75 2324.14
19 76 2291.03
19 77 2203.27
19 78 2067.49
19 79 1893.17
19 80 1691.86
19 81 1476.09
19 82 1258.34
19 83 1049.92
19 84 860.155
19 85 695.755
19 86 560.518
19 87 455.348
19 88 378.531
19 89 326.262
19 90 293.263
19 91 273.521
19 92 260.932
19 93 249.92
19 94 235.882
19 95 215.508
19 96 186.922
19 97 149.7
19 98 104.707
19 99 53.9066
19 100 0

20 0 0
20 1 95.8588
20 2 187.668
20 3 271.813
20 4 345.425
20 5 406.807
20 6 455.638
20 7 493.142
20 8 522.201
20 9 547.129
20 10 573.532
20 11 607.792
20 12 656.511
20 13 725.868
20 14 820.808
20 15 944.396
20 16 1097.18
20 17 1276.79
20 18 1477.78
20 19 1691.86
20 20 1908.29
20 21 2114.82
20 22 2298.6
20 23 2447.35
20 24 2550.49
20 25 2600.09
20 26 2591.53
20 27 2523.93
20 28 2400.08
20 29 2226.13
20 30 2010.81
20 31 1764.69
20 32 1499.08
20 33 1225.27
20 34 953.544
20 35 692.716
20 36 449.647
20 37 229.157
20 38 34.0635
20 39 -134.662
20 40 -277.421
20 41 -395.783
20 42 -492.054
20 43 -568.866
20 44 -628.997
20 45 -675.048
20 46 -709.398
20 47 -734.04
20 48 -750.491
20 49 -759.943
20 50 -763.006
20 51 -759.943
20 52 -750.491
20 53 -734.04
20 54 -709.398
20 55 -675.048
20 56 -628.997
20 57 -568.866
20 58 -492.054
20 59 -395.783
20 60 -277.421
20 61 -134.662
20 62 34.0635
20 63 229.157
20 64 449.647
20 65 692.716
20 66 953.544
20 67 1225.27
20 68 1499.08
20 69 1764.69
20 70 2010.81
20 71 2226.13
20 72 2400.08
20 73 2523.93
20 74 2591.53
20 75 2600.09
20 76 2550.49
20 77 2447.35
20 78 2298.6
20 79 2114.82
20 80 1908.29
20 81 1691.86
20 82 1477.78
20 83 1276.79
20 84 1097.18
20 85 944.396
20 86 820.808
20 87 725.868
20 88 656.511
20 89 607.792
20 90 573.532
20 91 547.129
20 92 522.201
20 93 493.142
20 94 455.638
20 95 406.807
20 96 345.425
20 97 271.813
20 98 187.668
20 99 95.8588
20 100 0

21 0 0
21 1 126.669
21 2 248.759
21 3 362.122
21 4 463.345
21 5 550.191
21 6 621.8
21 7 678.909
21 8 723.969
21 9 760.992
21 10 795.439
21 11 833.776
21 12 882.916
21 13 949.649
21 14 1039.75
21 15 1157.35
21 16 1304.21
21 17 1479.16
21 18 1677.93
21 19 1893.17
21 20 2114.82
21 21 2330.82
21 22 2528.2
21 23 2693.99
21 24 2816.64
21 25 2886.93
21 26 2898.86
21 27 2850.12
21 28 2742.3
21 29 2580.48
21 30 2372.78
21 31 2129.47
21 32 1862
21 33 1582
21 34 1300.46
21 35 1027
21 36 769.363
21 37 533.241
21 38 322.185
21 39 137.918
21 40 -19.5273
21 41 -151.357
21 42 -259.586
21 43 -346.815
21 44 -415.736
21 45 -469.047
21 46 -509.147
21 47 -538.125
21 48 -557.656
21 49 -568.88
21 50 -572.546
21 51 -568.88
21 52 -557.656
21 53 -538.125
21 54 -509.147
21 55 -469.047
21 56 -415.736
21 57 -346.815
21 58 -259.586
21 59 -151.357
21 60 -19.5273
21 61 137.918
21 62 322.185
21 63 533.241
21 64 769.363
21 65 1027
21 66 1300.46
21 67 1582
21 68 1862
21 69 2129.47
21 70 2372.78
21 71 2580.48
21 72 2742.3
21 73 2850.12
21 74 2898.86
21 75 2886.93
21 76 2816.64
21 77 2693.99
21 78 2528.2
21 79 2330.82
21 80 2114.82
21 81 1893.17
21 82 1677.93
21 83 1479.16
21 84 1304.21
21 85 1157.35
21 86 1039.75
21 87 949.649
21 88 882.916
21 89 833.776
21 90 795.439
21 91 760.992
21 92 723.969
21 93 678.909
21 94 621.8
21 95 550.191
21 96 463.345
21 97 362.122
21 98 248.759
21 99 126.669
21 100 0

22 0 0
22 1 146.399
22 2 288.062
22 3 420.638
22 4 540.507
22 5 645.129
22 6 733.318
22 7 805.446
22 8 863.584
22 9 911.424
22 10 954.192
22 11 998.257
22 12 1050.65
22 13 1118.48
22 14 1208.11
22 15 1324.46
22 16 1470.25
22 17 1645.37
22 18 1846.61
22 19 2067.49
22 20 2298.6
22 21 2528.2
22 22 2743.15
22 23 2930.03
22 24 3076.34
22 25 3171.7
22 26 3208.68
22 27 3183.62
22 28 3096.72
22 29 2952.06
22 30 2756.94
22 31 2521.28
22 32 2256.46
22 33 1974.45
22 34 1686.84
22 35 1404.02
22 36 1134.6
22 37 885.101
22 38 660.001
22 39 461.649
22 40 290.659
22 41 146.274
22 42 26.7043
22 43 -70.4245
22 44 -147.798
22 45 -208.081
22 46 -253.75
22 47 -286.978
22 48 -309.429
22 49 -322.43
22 50 -326.666
22 51 -322.43
22 52 -309.429
22 53 -286.978
22 54 -253.75
22 55 -208.081
22 56 -147.798
22 57 -70.4245
22 58 26.7043
22 59 146.274
22 60 290.659
22 61 461.649
22 62 660.001
22 63 885.101
22 64 1134.6
22 65 1404.02
22 66 1686.84
22 67 1974.45
22 68 2256.46
22 69 2521.28
22 70 2756.94
22 71 2952.06
22 72 3096.72
22 73 3183.62
22 74 3208.68
22 75 3171.7
22 76 3076.34
22 77 2930.03
22 78 2743.15
22 79 2528.2
22 80 2298.6
22 81 2067.49
22 82 1846.61
22 83 1645.37
22 84 1470.25
22 85 1324.46
22 86 1208.11
22 87 1118.48
22 88 1050.65
22 89 998.257
22 90 954.192
22 91 911.424
22 92 863.584
22 93 805.446
22 94 733.318
22 95 645.129
22 96 540.507
22 97 420.638
22 98 288.062
22 99 146.399
22 100 0

23 0 0
23 1 155.785
23 2 306.966
23 3 449.274
23 4 579.127
23 5 693.92
23 6 792.314
23 7 874.451
23 8 942.077
23 9 998.58
23 10 1048.87
23 11 1099.1
23 12 1156.25
23 13 1227.55
23 14 1319.73
23 15 1438.28
23 16 1586.68
23 17 1765.74
23 18 1973.15
23 19 2203.27
23 20 2447.35
23 21 2693.99
23 22 2930.03
23 23 3141.6
23 24 3315.43
23 25 3439.95
23 26 3506.44
23 27 3509.78
23 28 3448.87
23 29 3326.54
23 30 3149.3
23 31 2926.47
23 32 2669.34
23 33 2390.08
23 34 2100.78
23 35 1812.52
23 36 1534.74
23 37 1274.92
23 38 1038.29
23 39 827.963
23 40 645.197
23 41 489.661
23 42 359.947
23 43 253.825
23 44 168.761
23 45 102.076
23 46 51.285
23 47 14.1917
23 48 -11.0235
23 49 -25.6085
23 50 -30.3902
23 51 -25.6085
23 52 -11.0235
23 53 14.1917
23 54 51.285
23 55 102.076
23 56 168.761
23 57 253.825
23 58 359.947
23 59 489.661
23 60 645.197
23 61 827.963
23 62 1038.29
23 63 1274.92
23 64 1534.74
23 65 1812.52
23 66 2100.78
23 67 2390.08
23 68 2669.34
23 69 2926.47
23 70 3149.3
23 71 3326.54
23 72 3448.87
23 73 3509.78
23 74 3506.44
23 75 3439.95
23 76 3315.43
23 77 3141.6
23 78 2930.03
23 79 2693.99
23 80 2447.35
23 81 2203.27
23 82 1973.15
23 83 1765.74
23 84 1586.68
23 85 1438.28
23 86 1319.73
23 87 1227.55
23 88 1156.25
23 89 1099.1
23 90 1048.87
23 91 998.58
23 92 942.077
23 93 874.451
23 94 792.314
23 95 693.92
23 96 579.127
23 97 449.274
23 98 306.966
23 99 155.785
23 100 0

24 0 0
24 1 156.037
24 2 307.809
24 3 451.359
24 4 583.317
24 5 701.198
24 6 803.652
24 7 890.686
24 8 963.807
24 9 1026.1
24 10 1082.14
24 11 1137.8
24 12 1199.89
24 13 1275.6
24 14 1371.87
24 15 1494.6
24 16 1647.85
24 17 1833.24
24 18 2049.23
24 19 2291.03
24 20 2550.49
24 21 2816.64
24 22 3076.34
24 23 3315.43
24 24 3519.86
24 25 3677.05
24 26 3776.96
24 27 3813.06
24 28 3782.83
24 29 3687.9
24 30 3533.73
24 31 3329.05
24 32 3084.85
24 33 2813.39
24 34 2527.14
24 35 2237.8
24 36 1955.67
24 37 1689.01
24 38 1443.91
24 39 1224.3
24 40 1031.99
24 41 867.237
24 42 728.941
24 43 615.192
24 44 523.505
24 45 451.314
24 46 396.104
24 47 355.627
24 48 328.084
24 49 312.083
24 50 306.847
24 51 312.083
24 52 328.084
24 53 355.627
24 54 396.104
24 55 451.314
24 56 523.505
24 57 615.192
24 58 728.941
24 59 867.237
24 60 1031.99
24 61 1224.3
24 62 1443.91
24 63 1689.01
24 64 1955.67
24 65 2237.8
24 66 2527.14
24 67 2813.39
24 68 3084.85
24 69 3329.05
24 70 3533.73
24 71 3687.9
24 72 3782.83
24 73 3813.06
24 74 3776.96
24 75 3677.05
24 76 3519.86
24 77 3315.43
24 78 3076.34
24 79 2816.64
24 80 2550.49
24 81 2291.03
24 82 2049.23
24 83 1833.24
24 84 1647.85
24 85 1494.6
24 86 1371.87
24 87 1275.6
24 88 1199.89
24 89 1137.8
24 90 1082.14
24 91 1026.1
24 92 963.807
24 93 890.686
24 94 803.652
24 95 701.198
24 96 583.317
24 97 451.359
24 98 307.809
24 99 156.037
24 100 0

25 0 0
25 1 148.71
25 2 293.632
25 3 431.264
25 4 558.565
25 5 673.3
25 6 774.209
25 7 861.238
25 8 935.74
25 9 1000.5
25 10 1059.78
25 11 1119.13
25 12 1185.14
25 13 1264.86
25 14 1365.32
25 15 1492.69
25 16 1651.54
25 17 1844.11
25 18 2069.66
25 19 2324.14
25 20 2600.09
25 21 2886.93
25 22 3171.7
25 23 3439.95
25 24 3677.05
25 25 3869.4
25 26 4005.79
25 27 4078.19
25 28 4082.72
25 29 4019.65
25 30 3893.4
25 31 3711.88
25 32 3485.69
25 33 3227.04
25 34 2948.65
25 35 2662.82
25 36 2380.51
25 37 2110.83
25 38 1860.7
25 39 1634.75
25 40 1435.53
25 41 1263.8
25 42 1118.89
25 43 999.094
25 44 902.167
25 45 825.579
25 46 766.824
25 47 723.684
25 48 694.231
25 49 677.145
25 50 671.528
25 51 677.145
25 52 694.231
25 53 723.684
25 54 766.824
25 55 825.579
25 56 902.167
25 57 999.094
25 58 1118.89
25 59 1263.8
25 60 1435.53
25 61 1634.75
25 62 1860.7
25 63 2110.83
25 64 2380.51
25 65 2662.82
25 66 2948.65
25 67 3227.04
25 68 3485.69
25 69 3711.88
25 70 3893.4
25 71 4019.65
25 72 4082.72
25 73 4078.19
25 74 4005.79
25 75 3869.4
25 76 3677.05
25 77 3439.95
25 78 3171.7
25 79 2886.93
25 80 2600.09
25 81 2324.14
25 82 2069.66
25 83 1844.11
25 84 1651.54
25 85 1492.69
25 86 1365.32
25 87 1264.86
25 88 1185.14
25 89 1119.13
25 90 1059.78
25 91 1000.5
25 92 935.74
25 93 861.238
25 94 774.209
25 95 673.3
25 96 558.565
25 97 431.264
25 98 293.632
25 99 148.71
25 100 0

26 0 0
26 1 135.553
26 2 267.864
26 3 393.943
26 4 511.158
26 5 617.584
26 6 712.118
26 7 794.722
26 8 866.631
26 9 930.388
26 10 989.951
26 11 1050.56
26 12 1118.49
26 13 1200.68
26 14 1304.12
26 15 1435.22
26 16 1598.93
26 17 1798.11
26 18 2032.71
26 19 2299.46
26 20 2591.53
26 21 2898.86
26 22 3208.68
26 23 3506.44
26 24 3776.96
26 25 4005.79
26 26 4180.46
26 27 4291.65
26 28 4333.98
26 29 4306.4
26 30 4212.09
26 31 4058.11
26 32 3854.5
26 33 3613.28
26 34 3347.35
26 35 3069.41
26 36 2791.07
26 37 2522.22
26 38 2270.49
26 39 2041.35
26 40 1837.98
26 41 1661.7
26 42 1512.22
26 43 1388.22
26 44 1287.55
26 45 1207.8
26 46 1146.54
26 47 1101.46
26 48 1070.7
26 49 1052.81
26 50 1046.95
26 51 1052.81
26 52 1070.7
26 53 1101.46
26 54 1146.54
26 55 1207.8
26 56 1287.55
26 57 1388.22
26 58 1512.22
26 59 1661.7
26 60 1837.98
26 61 2041.35
26 62 2270.49
26 63 2522.22
26 64 2791.07
26 65 3069.41
26 66 3347.35
26 67 3613.28
26 68 3854.5
26 69 4058.11
26 70 4212.09
26 71 4306.4
26 72 4333.98
26 73 4291.65
26 74 4180.46
26 75 4005.79
26 76 3776.96
26 77 3506.44
26 78 3208.68
26 79 2898.86
26 80 2591.53
26 81 2299.46
26 82 2032.71
26 83 1798.11
26 84 1598.93
26 85 1435.22
26 86 1304.12
26 87 1200.68
26 88 1118.49
26 89 1050.56
26 90 989.951
26 91 930.388
26 92 866.631
26 93 794.722
26 94 712.118
26 95 617.584
26 96 511.158
26 97 393.943
26 98 267.864
26 99 135.553
26 100 0

27 0 0
27 1 118.334
27 2 233.988
27 3 344.466
27 4 447.596
27 5 541.762
27 6 626.065
27 7 700.518
27 8 766.271
27 9 825.663
27 10 882.387
27 11 941.36
27 12 1008.6
27 13 1090.86
27 14 1195.11
27 15 1327.88
27 16 1494.55
27 17 1698.46
27 18 1940.29
27 19 2217.47
27 20 2523.93
27 21 2850.12
27 22 3183.62
27 23 3509.78
27 24 3813.06
27 25 4078.19
27 26 4291.65
27 27 4442.75
27 28 4524.7
27 29 4535
27 30 4475.61
27 31 4352.59
27 32 4175.31
27 33 3955.47
27 34 3705.96
27 35 3439.84
27 36 3169.3
27 37 2904.79
27 38 2654.8
27 39 2425.46
27 40 2220.64
27 41 2042.17
27 42 1890.26
27 43 1763.8
27 44 1660.94
27 45 1579.34
27 46 1516.56
27 47 1470.38
27 48 1438.83
27 49 1420.51
27 50 1414.49
27 51 1420.51
27 52 1438.83
27 53 1470.38
27 54 1516.56
27 55 1579.34
27 56 1660.94
27 57 1763.8
27 58 1890.26
27 59 2042.17
27 60 2220.64
27 61 2425.46
27 62 2654.8
27 63 2904.79
27 64 3169.3
27 65 3439.84
27 66 3705.96
27 67 3955.47
27 68 4175.31
27 69 4352.59
27 70 4475.61
27 71 4535
27 72 4524.7
27 73 4442.75
27 74 4291.65
27 75 4078.19
27 76 3813.06
27 77 3509.78
27 78 3183.62
27 79 2850.12
27 80 2523.93
27 81 2217.47
27 82 1940.29
27 83 1698.46
27 84 1494.55
27 85 1327.88
27 86 1195.11
27 87 1090.86
27 88 1008.6
27 89 941.36
27 90 882.387
27 91 825.663
27 92 766.271
27 93 700.518
27 94 626.065
27 95 541.762
27 96 447.596
27 97 344.466
27 98 233.988
27 99 118.334
27 100 0

28 0 0
28 1 98.7222
28 2 195.289
28 3 287.665
28 4 374.114
28 5 453.317
28 6 524.571
28 7 587.981
28 8 644.595
28 9 696.636
28 10 747.509
28 11 801.881
28 12 865.501
28 13 944.952
28 14 1047.15
28 15 1178.8
28 16 1345.56
28 17 1551.35
28 18 1797.49
28 19 2082.19
28 20 2400.08
28 21 2742.3
28 22 3096.72
28 23 3448.87
28 24 3782.83
28 25 4082.72
28 26 4333.98
28 27 4524.7
28 28 4646.63
28 29 4695.88
28 30 4673.11
28 31 4583.28
28 32 4434.98
28 33 4239.43
28 34 4009.51
28 35 3758.46
28 36 3498.81
28 37 3241.72
28 38 2996.32
28 39 2769.43
28 40 2565.54
28 41 2387.07
28 42 2234.59
28 43 2107.38
28 44 2003.72
28 45 1921.42
28 46 1858.14
28 47 1811.56
28 48 1779.8
28 49 1761.33
28 50 1755.29
28 51 1761.33
28 52 1779.8
28 53 1811.56
28 54 1858.14
28 55 1921.42
28 56 2003.72
28 57 2107.38
28 58 2234.59
28 59 2387.07
28 60 2565.54
28 61 2769.43
28 62 2996.32
28 63 3241.72
28 64 3498.81
28 65 3758.46
28 66 4009.51
28 67 4239.43
28 68 4434.98
28 69 4583.28
28 70 4673.11
28 71 4695.88
28 72 4646.63
28 73 4524.7
28 74 4333.98
28 75 4082.72
28 76 3782.83
28 77 3448.87
28 78 3096.72
28 79 2742.3
28 80 2400.08
28 81 2082.19
28 82 1797.49
28 83 1551.35
28 84 1345.56
28 85 1178.8
28 86 1047.15
28 87 944.952
28 88 865.501
28 89 801.881
28 90 747.509
28 91 696.636
28 92 644.595
28 93 587.981
28 94 524.571
28 95 453.317
28 96 374.114
28 97 287.665
28 98 195.289
28 99 98.7222
28 100 0

29 0 0
29 1 78.19
29 2 154.677
29 3 227.834
29 4 296.301
29 5 359.015
29 6 415.464
29 7 465.807
29 8 511.049
29 9 553.269
29 10 595.669
29 11 642.642
29 12 699.755
29 13 773.361
29 14 870.414
29 15 997.68
