0 0 0
0 1 0
0 2 0
0 3 0
0 4 0
0 5 0
0 6 0
0 7 0
0 8 0
0 9 0
0 10 0
0 11 0
0 12 0
0 13 0
0 14 0
0 15 0
0 16 0
0 17 0
0 18 0
0 19 0
0 20 0
0 21 0
0 22 0
0 23 0
0 24 0
0 25 0
0 26 0
0 27 0
0 28 0
0 29 0
0 30 0
0 31 0
0 32 0
0 33 0
0 34 0
0 35 0
0 36 0
0 37 0
0 38 0
0 39 0
0 40 0
0 41 0
0 42 0
0 43 0
0 44 0
0 45 0
0 46 0
0 47 0
0 48 0
0 49 0
0 50 0
0 51 0
0 52 0
0 53 0
0 54 0
0 55 0
0 56 0
0 57 0
0 58 0
0 59 0
0 60 0
0 61 0
0 62 0
0 63 0
0 64 0
0 65 0
0 66 0
0 67 0
0 68 0
0 69 0
0 70 0
0 71 0
0 72 0
0 73 0
0 74 0
0 75 0
0 76 0
0 77 0
0 78 0
0 79 0
0 80 0
0 81 0
0 82 0
0 83 0
0 84 0
0 85 0
0 86 0
0 87 0
0 88 0
0 89 0
0 90 0
0 91 0
0 92 0
0 93 0
0 94 0
0 95 0
0 96 0
0 97 0
0 98 0
0 99 0
0 100 0

1 0 0
1 1 134.064
1 2 263.581
1 3 384.202
1 4 492.069
1 5 583.914
1 6 657.262
1 7 710.54
1 8 743.052
1 9 755.062
1 10 747.659
1 11 722.65
1 12 682.465
1 13 629.894
1 14 567.979
1 15 499.794
1 16 428.285
1 17 356.125
1 18 285.626
1 19 218.664
1 20 156.633
1 21 100.515
1 22 50.8401
1 23 7.76645
1 24 -28.8211
1 25 -59.2912
1 26 -84.149
1 27 -104.011
1 28 -119.499
1 29 -131.292
1 30 -139.994
1 31 -146.162
1 32 -150.281
1 33 -152.804
1 34 -154.101
1 35 -154.45
1 36 -154.106
1 37 -153.275
1 38 -152.136
1 39 -150.774
1 40 -149.326
1 41 -147.85
1 42 -146.407
1 43 -145.057
1 44 -143.833
1 45 -142.753
1 46 -141.853
1 47 -141.13
1 48 -140.613
1 49 -140.294
1 50 -140.191
1 51 -140.294
1 52 -140.613
1 53 -141.13
1 54 -141.853
1 55 -142.753
1 56 -143.833
1 57 -145.057
1 58 -146.407
1 59 -147.85
1 60 -149.326
1 61 -150.774
1 62 -152.136
1 63 -153.275
1 64 -154.106
1 65 -154.45
1 66 -154.101
1 67 -152.804
1 68 -150.281
1 69 -146.162
1 70 -139.994
1 71 -131.292
1 72 -119.499
1 73 -104.011
1 74 -84.149
1 75 -59.2912
1 76 -28.8211
1 77 7.76645
1 78 50.8401
1 79 100.515
1 80 156.633
1 81 218.664
1 82 285.626
1 83 356.125
1 84 428.285
1 85 499.794
1 86 567.979
1 87 629.894
1 88 682.465
1 89 722.65
1 90 747.659
1 91 755.062
1 92 743.052
1 93 710.54
1 94 657.262
1 95 583.914
1 96 492.069
1 97 384.202
1 98 263.581
1 99 134.064
1 100 0

2 0 0
2 1 263.581
2 2 518.321
2 3 755.779
2 4 968.429
2 5 1149.91
2 6 1295.36
2 7 1401.66
2 8 1467.4
2 9 1493
2 10 1480.49
2 11 1433.33
2 12 1356.18
2 13 1254.45
2 14 1134.02
2 15 1000.9
2 16 860.832
2 17 719.081
2 18 580.209
2 19 447.961
2 20 325.131
2 21 213.698
2 22 114.748
2 23 28.6746
2 24 -44.7039
2 25 -106.039
2 26 -156.318
2 27 -196.718
2 28 -228.463
2 29 -252.829
2 30 -271.011
2 31 -284.118
2 32 -293.125
2 33 -298.887
2 34 -302.123
2 35 -303.439
2 36 -303.331
2 37 -302.186
2 38 -300.337
2 39 -298.062
2 40 -295.526
2 41 -292.877
2 42 -290.3
2 43 -287.826
2 44 -285.585
2 45 -283.599
2 46 -281.928
2 47 -280.592
2 48 -279.628
2 49 -279.036
2 50 -278.844
2 51 -279.036
2 52 -279.628
2 53 -280.592
2 54 -281.928
2 55 -283.599
2 56 -285.585
2 57 -287.826
2 58 -290.3
2 59 -292.877
2 60 -295.526
2 61 -298.062
2 62 -300.337
2 63 -302.186
2 64 -303.331
2 65 -303.439
2 66 -302.123
2 67 -298.887
2 68 -293.125
2 69 -284.118
2 70 -271.011
2 71 -252.829
2 72 -228.463
2 73 -196.718
2 74 -156.318
2 75 -106.039
2 76 -44.7039
2 77 28.6746
2 78 114.748
2 79 213.698
2 80 325.131
2 81 447.961
2 82 580.209
2 83 719.081
2 84 860.832
2 85 1000.9
2 86 1134.02
2 87 1254.45
2 88 1356.18
2 89 1433.33
2 90 1480.49
2 91 1493
2 92 1467.4
2 93 1401.66
2 94 1295.36
2 95 1149.91
2 96 968.429
2 97 755.779
2 98 518.321
2 99 263.581
2 100 0

3 0 0
3 1 384.202
3 2 755.779
3 3 1102.68
3 4 1414.1
3 5 1680.87
3 6 1895.95
3 7 2054.71
3 8 2154.96
3 9 2197.11
3 10 2183.9
3 11 2120.08
3 12 2012.19
3 13 1867.88
3 14 1695.55
3 15 1503.81
3 16 1300.98
3 17 1094.73
3 18 891.751
3 19 697.572
3 20 516.426
3 21 351.307
3 22 203.995
3 23 75.1849
3 24 -35.2539
3 25 -128.19
3 26 -204.929
3 27 -267.117
3 28 -316.494
3 29 -354.911
3 30 -384.087
3 31 -405.616
3 32 -420.916
3 33 -431.267
3 34 -437.749
3 35 -441.212
3 36 -442.406
3 37 -441.936
3 38 -440.329
3 39 -437.887
3 40 -434.987
3 41 -431.842
3 42 -428.627
3 43 -425.543
3 44 -422.675
3 45 -420.116
3 46 -417.949
3 47 -416.202
3 48 -414.937
3 49 -414.161
3 50 -413.906
3 51 -414.161
3 52 -414.937
3 53 -416.202
3 54 -417.949
3 55 -420.116
3 56 -422.675
3 57 -425.543
3 58 -428.627
3 59 -431.842
3 60 -434.987
3 61 -437.887
3 62 -440.329
3 63 -441.936
3 64 -442.406
3 65 -441.212
3 66 -437.749
3 67 -431.267
3 68 -420.916
3 69 -405.616
3 70 -384.087
3 71 -354.911
3 72 -316.494
3 73 -267.117
3 74 -204.929
3 75 -128.19
3 76 -35.2539
3 77 75.1849
3 78 203.995
3 79 351.307
3 80 516.426
3 81 697.572
3 82 891.751
3 83 1094.73
3 84 1300.98
3 85 1503.81
3 86 1695.55
3 87 1867.88
3 88 2012.19
3 89 2120.08
3 90 2183.9
3 91 2197.11
3 92 2154.96
3 93 2054.71
3 94 1895.95
3 95 1680.87
3 96 1414.1
3 97 1102.68
3 98 755.779
3 99 384.202
3 100 0

4 0 0
4 1 492.069
4 2 968.429
4 3 1414.1
4 4 1815.53
4 5 2161.22
4 6 2442.19
4 7 2652.39
4 8 2788.8
4 9 2851.57
4 10 2843.74
4 11 2770.99
4 12 2641.15
4 13 2463.64
4 14 2248.88
4 15 2007.64
4 16 1750.44
4 17 1487.1
4 18 1226.27
4 19 975.206
4 20 739.548
4 21 523.389
4 22 329.247
4 23 158.322
4 24 10.6367
4 25 -114.663
4 26 -219.129
4 27 -304.707
4 28 -373.592
4 29 -428.026
4 30 -470.208
4 31 -502.172
4 32 -525.768
4 33 -542.614
4 34 -554.091
4 35 -561.379
4 36 -565.44
4 37 -567.085
4 38 -566.932
4 39 -565.557
4 40 -563.316
4 41 -560.547
4 42 -557.57
4 43 -554.524
4 44 -551.637
4 45 -549.002
4 46 -546.724
4 47 -544.882
4 48 -543.527
4 49 -542.698
4 50 -542.421
4 51 -542.698
4 52 -543.527
4 53 -544.882
4 54 -546.724
4 55 -549.002
4 56 -551.637
4 57 -554.524
4 58 -557.57
4 59 -560.547
4 60 -563.316
4 61 -565.557
4 62 -566.932
4 63 -567.085
4 64 -565.44
4 65 -561.379
4 66 -554.091
4 67 -542.614
4 68 -525.768
4 69 -502.172
4 70 -470.208
4 71 -428.026
4 72 -373.592
4 73 -304.707
4 74 -219.129
4 75 -114.663
4 76 10.6367
4 77 158.322
4 78 329.247
4 79 523.389
4 80 739.548
4 81 975.206
4 82 1226.27
4 83 1487.1
4 84 1750.44
4 85 2007.64
4 86 2248.88
4 87 2463.64
4 88 2641.15
4 89 2770.99
4 90 2843.74
4 91 2851.57
4 92 2788.8
4 93 2652.39
4 94 2442.19
4 95 2161.22
4 96 1815.53
4 97 1414.1
4 98 968.429
4 99 492.069
4 100 0

5 0 0
5 1 583.914
5 2 1149.91
5 3 1680.87
5 4 2161.22
5 5 2577.62
5 6 2919.51
5 7 3179.53
5 8 3353.78
5 9 3441.85
5 10 3446.69
5 11 3374.32
5 12 3233.3
5 13 3034.17
5 14 2788.77
5 15 2509.46
5 16 2208.57
5 17 1897.67
5 18 1587.18
5 19 1285.9
5 20 1000.92
5 21 737.427
5 22 498.868
5 23 287.03
5 24 102.339
5 25 -55.9404
5 26 -189.345
5 27 -300.019
5 28 -390.407
5 29 -463.088
5 30 -520.602
5 31 -565.367
5 32 -599.571
5 33 -625.152
5 34 -643.795
5 35 -656.923
5 36 -665.74
5 37 -671.208
5 38 -674.176
5 39 -675.245
5 40 -674.976
5 41 -673.796
5 42 -672.001
5 43 -669.941
5 44 -667.765
5 45 -665.687
5 46 -663.82
5 47 -662.268
5 48 -661.107
5 49 -660.392
5 50 -660.148
5 51 -660.392
5 52 -661.107
5 53 -662.268
5 54 -663.82
5 55 -665.687
5 56 -667.765
5 57 -669.941
5 58 -672.001
5 59 -673.796
5 60 -674.976
5 61 -675.245
5 62 -674.176
5 63 -671.208
5 64 -665.74
5 65 -656.923
5 66 -643.795
5 67 -625.152
5 68 -599.571
5 69 -565.367
5 70 -520.602
5 71 -463.088
5 72 -390.407
5 73 -300.019
5 74 -189.345
5 75 -55.9404
5 76 102.339
5 77 287.03
5 78 498.868
5 79 737.427
5 80 1000.92
5 81 1285.9
5 82 1587.18
5 83 1897.67
5 84 2208.57
5 85 2509.46
5 86 2788.77
5 87 3034.17
5 88 3233.3
5 89 3374.32
5 90 3446.69
5 91 3441.85
5 92 3353.78
5 93 3179.53
5 94 2919.51
5 95 2577.62
5 96 2161.22
5 97 1680.87
5 98 1149.91
5 99 583.914
5 100 0

6 0 0
6 1 657.262
6 2 1295.36
6 3 1895.95
6 4 2442.19
6 5 2919.51
6 6 3316.15
6 7 3623.62
6 8 3837.05
6 9 3955.22
6 10 3980.54
6 11 3918.8
6 12 3778.6
6 13 3570.92
6 14 3308.31
6 15 3004.17
6 16 2672.05
6 17 2324.93
6 18 1974.62
6 19 1631.4
6 20 1303.65
6 21 997.78
6 22 718.206
6 23 467.551
6 24 246.727
6 25 55.414
6 26 -107.804
6 27 -244.992
6 28 -358.759
6 29 -451.829
6 30 -527.023
6 31 -587.001
6 32 -634.239
6 33 -670.951
6 34 -699.062
6 35 -720.252
6 36 -735.873
6 37 -747.151
6 38 -754.966
6 39 -760.168
6 40 -763.35
6 41 -765.048
6 42 -765.692
6 43 -765.586
6 44 -765.045
6 45 -764.259
6 46 -763.402
6 47 -762.616
6 48 -761.978
6 49 -761.576
6 50 -761.432
6 51 -761.576
6 52 -761.978
6 53 -762.616
6 54 -763.402
6 55 -764.259
6 56 -765.045
6 57 -765.586
6 58 -765.692
6 59 -765.048
6 60 -763.35
6 61 -760.168
6 62 -754.966
6 63 -747.151
6 64 -735.873
6 65 -720.252
6 66 -699.062
6 67 -670.951
6 68 -634.239
6 69 -587.001
6 70 -527.023
6 71 -451.829
6 72 -358.759
6 73 -244.992
6 74 -107.804
6 75 55.414
6 76 246.727
6 77 467.551
6 78 718.206
6 79 997.78
6 80 1303.65
6 81 1631.4
6 82 1974.62
6 83 2324.93
6 84 2672.05
6 85 3004.17
6 86 3308.31
6 87 3570.92
6 88 3778.6
6 89 3918.8
6 90 3980.54
6 91 3955.22
6 92 3837.05
6 93 3623.62
6 94 3316.15
6 95 2919.51
6 96 2442.19
6 97 1895.95
6 98 1295.36
6 99 657.262
6 100 0

7 0 0
7 1 710.54
7 2 1401.66
7 3 2054.71
7 4 2652.39
7 5 3179.53
7 6 3623.62
7 7 3975.24
7 8 4228.51
7 9 4381.17
7 10 4434.66
7 11 4393.92
7 12 4266.99
7 13 4064.51
7 14 3799.09
7 15 3484.46
7 16 3134.85
7 17 2764.13
7 18 2385.27
7 19 2009.71
7 20 1647.15
7 21 1305.12
7 22 989.166
7 23 702.785
7 24 447.697
7 25 224.088
7 26 30.9639
7 27 -133.611
7 28 -272.125
7 29 -387.367
7 30 -482.235
7 31 -559.609
7 32 -622.16
7 33 -672.282
7 34 -712.108
7 35 -743.508
7 36 -768.08
7 37 -787.078
7 38 -801.632
7 39 -812.645
7 40 -820.85
7 41 -826.871
7 42 -831.163
7 43 -834.189
7 44 -836.205
7 45 -837.542
7 46 -838.361
7 47 -838.846
7 48 -839.106
7 49 -839.232
7 50 -839.265
7 51 -839.232
7 52 -839.106
7 53 -838.846
7 54 -838.361
7 55 -837.542
7 56 -836.205
7 57 -834.189
7 58 -831.163
7 59 -826.871
7 60 -820.85
7 61 -812.645
7 62 -801.632
7 63 -787.078
7 64 -768.08
7 65 -743.508
7 66 -712.108
7 67 -672.282
7 68 -622.16
7 69 -559.609
7 70 -482.235
7 71 -387.367
7 72 -272.125
7 73 -133.611
7 74 30.9639
7 75 224.088
7 76 447.697
7 77 702.785
7 78 989.166
7 79 1305.12
7 80 1647.15
7 81 2009.71
7 82 2385.27
7 83 2764.13
7 84 3134.85
7 85 3484.46
7 86 3799.09
7 87 4064.51
7 88 4266.99
7 89 4393.92
7 90 4434.66
7 91 4381.17
7 92 4228.51
7 93 3975.24
7 94 3623.62
7 95 3179.53
7 96 2652.39
7 97 2054.71
7 98 1401.66
7 99 710.54
7 100 0

8 0 0
8 1 743.052
8 2 1467.4
8 3 2154.96
8 4 2788.8
8 5 3353.78
8 6 3837.05
8 7 4228.51
8 8 4521.28
8 9 4711.9
8 10 4800.42
8 11 4790.47
8 12 4688.83
8 13 4505.2
8 14 4251.45
8 15 3941.07
8 16 3588.31
8 17 3207.51
8 18 2812.34
8 19 2415.26
8 20 2026.97
8 21 1656.27
8 22 1309.76
8 23 992.034
8 24 705.659
8 25 451.604
8 26 229.373
8 27 37.4873
8 28 -126.345
8 29 -264.784
8 30 -380.765
8 31 -477.191
8 32 -556.831
8 33 -622.25
8 34 -675.73
8 35 -719.308
8 36 -754.628
8 37 -783.214
8 38 -806.216
8 39 -824.664
8 40 -839.399
8 41 -851.106
8 42 -860.341
8 43 -867.547
8 44 -873.143
8 45 -877.393
8 46 -880.572
8 47 -882.857
8 48 -884.386
8 49 -885.269
8 50 -885.554
8 51 -885.269
8 52 -884.386
8 53 -882.857
8 54 -880.572
8 55 -877.393
8 56 -873.143
8 57 -867.547
8 58 -860.341
8 59 -851.106
8 60 -839.399
8 61 -824.664
8 62 -806.216
8 63 -783.214
8 64 -754.628
8 65 -719.308
8 66 -675.73
8 67 -622.25
8 68 -556.831
8 69 -477.191
8 70 -380.765
8 71 -264.784
8 72 -126.345
8 73 37.4873
8 74 229.373
8 75 451.604
8 76 705.659
8 77 992.034
8 78 1309.76
8 79 1656.27
8 80 2026.97
8 81 2415.26
8 82 2812.34
8 83 3207.51
8 84 3588.31
8 85 3941.07
8 86 4251.45
8 87 4505.2
8 88 4688.83
8 89 4790.47
8 90 4800.42
8 91 4711.9
8 92 4521.28
8 93 4228.51
8 94 3837.05
8 95 3353.78
8 96 2788.8
8 97 2154.96
8 98 1467.4
8 99 743.052
8 100 0

9 0 0
9 1 755.062
9 2 1493
9 3 2197.11
9 4 2851.57
9 5 3441.85
9 6 3955.22
9 7 4381.17
9 8 4711.9
9 9 4942.57
9 10 5071.66
9 11 5100.95
9 12 5035.52
9 13 4883.4
9 14 4655.19
9 15 4363.4
9 16 4021.82
9 17 3644.67
9 18 3246.01
9 19 2838.89
9 20 2435.01
9 21 2044.17
9 22 1674.17
9 23 1330.64
9 24 1017.26
9 25 735.791
9 26 486.537
9 27 268.497
9 28 79.8437
9 29 -81.9012
9 30 -219.485
9 31 -335.791
9 32 -433.625
9 33 -515.601
9 34 -584.115
9 35 -641.239
9 36 -688.856
9 37 -728.432
9 38 -761.306
9 39 -788.577
9 40 -811.141
9 41 -829.745
9 42 -845.01
9 43 -857.452
9 44 -867.456
9 45 -875.417
9 46 -881.567
9 47 -886.144
9 48 -889.303
9 49 -891.15
9 50 -891.761
9 51 -891.15
9 52 -889.303
9 53 -886.144
9 54 -881.567
9 55 -875.417
9 56 -867.456
9 57 -857.452
9 58 -845.01
9 59 -829.745
9 60 -811.141
9 61 -788.577
9 62 -761.306
9 63 -728.432
9 64 -688.856
9 65 -641.239
9 66 -584.115
9 67 -515.601
9 68 -433.625
9 69 -335.791
9 70 -219.485
9 71 -81.9012
9 72 79.8437
9 73 268.497
9 74 486.537
9 75 735.791
9 76 1017.26
9 77 1330.64
9 78 1674.17
9 79 2044.17
9 80 2435.01
9 81 2838.89
9 82 3246.01
9 83 3644.67
9 84 4021.82
9 85 4363.4
9 86 4655.19
9 87 4883.4
9 88 5035.52
9 89 5100.95
9 90 5071.66
9 91 4942.57
9 92 4711.9
9 93 4381.17
9 94 3955.22
9 95 3441.85
9 96 2851.57
9 97 2197.11
9 98 1493
9 99 755.062
9 100 0

10 0 0
10 1 747.659
10 2 1480.49
10 3 2183.9
10 4 2843.74
10 5 3446.69
10 6 3980.54
10 7 4434.66
10 8 4800.42
10 9 5071.66
10 10 5245.01
10 11 5320.16
10 12 5299.98
10 13 5190.42
10 14 5000.17
10 15 4740.3
10 16 4423.45
10 17 4063.38
10 18 3673.96
10 19 3268.68
10 20 2859.85
10 21 2458.3
10 22 2072.83
10 23 1710.25
10 24 1375.28
10 25 1070.75
10 26 797.744
10 27 556.011
10 28 344.198
10 29 160.247
10 30 1.62344
10 31 -134.393
10 32 -250.559
10 33 -349.499
10 34 -433.609
10 35 -505.079
10 36 -565.745
10 37 -617.246
10 38 -660.946
10 39 -697.962
10 40 -729.289
10 41 -755.7
10 42 -777.851
10 43 -796.269
10 44 -811.441
10 45 -823.678
10 46 -833.337
10 47 -840.607
10 48 -845.682
10 49 -848.679
10 50 -849.669
10 51 -848.679
10 52 -845.682
10 53 -840.607
10 54 -833.337
10 55 -823.678
10 56 -811.441
10 57 -796.269
10 58 -777.851
10 59 -755.7
10 60 -729.289
10 61 -697.962
10 62 -660.946
10 63 -617.246
10 64 -565.745
10 65 -505.079
10 66 -433.609
10 67 -349.499
10 68 -250.559
10 69 -134.393
10 70 1.62344
10 71 160.247
10 72 344.198
10 73 556.011
10 74 797.744
10 75 1070.75
10 76 1375.28
10 77 1710.25
10 78 2072.83
10 79 2458.3
10 80 2859.85
10 81 3268.68
10 82 3673.96
10 83 4063.38
10 84 4423.45
10 85 4740.3
10 86 5000.17
10 87 5190.42
10 88 5299.98
10 89 5320.16
10 90 5245.01
10 91 5071.66
10 92 4800.42
10 93 4434.66
10 94 3980.54
10 95 3446.69
10 96 2843.74
10 97 2183.9
10 98 1480.49
10 99 747.659
10 100 0

11 0 0
11 1 722.65
11 2 1433.33
11 3 2120.08
11 4 2770.99
11 5 3374.32
11 6 3918.8
11 7 4393.92
11 8 4790.47
11 9 5100.95
11 10 5320.16
11 11 5445.48
11 12 5477.35
11 13 5419.15
11 14 5277.33
11 15 5060.89
11 16 4781.02
11 17 4450.39
11 18 4082.46
11 19 3690.63
11 20 3287.73
11 21 2885.24
11 22 2493.04
11 23 2118.99
11 24 1768.98
11 25 1446.81
11 26 1154.57
11 27 892.776
11 28 660.764
11 29 456.889
11 30 278.981
11 31 124.553
11 32 -9.02103
11 33 -124.284
11 34 -223.689
11 35 -309.307
11 36 -383.11
11 37 -446.7
11 38 -501.493
11 39 -548.651
11 40 -589.156
11 41 -623.81
11 42 -653.309
11 43 -678.185
11 44 -698.892
11 45 -715.845
11 46 -729.303
11 47 -739.546
11 48 -746.733
11 49 -750.994
11 50 -752.409
11 51 -750.994
11 52 -746.733
11 53 -739.546
11 54 -729.303
11 55 -715.845
11 56 -698.892
11 57 -678.185
11 58 -653.309
11 59 -623.81
11 60 -589.156
11 61 -548.651
11 62 -501.493
11 63 -446.7
11 64 -383.11
11 65 -309.307
11 66 -223.689
11 67 -124.284
11 68 -9.02103
11 69 124.553
11 70 278.981
11 71 456.889
11 72 660.764
11 73 892.776
11 74 1154.57
11 75 1446.81
11 76 1768.98
11 77 2118.99
11 78 2493.04
11 79 2885.24
11 80 3287.73
11 81 3690.63
11 82 4082.46
11 83 4450.39
11 84 4781.02
11 85 5060.89
11 86 5277.33
11 87 5419.15
11 88 5477.35
11 89 5445.48
11 90 5320.16
11 91 5100.95
11 92 4790.47
11 93 4393.92
11 94 3918.8
11 95 3374.32
11 96 2770.99
11 97 2120.08
11 98 1433.33
11 99 722.65
11 100 0

12 0 0
12 1 682.465
12 2 1356.18
12 3 2012.19
12 4 2641.15
12 5 3233.3
12 6 3778.6
12 7 4266.99
12 8 4688.83
12 9 5035.52
12 10 5299.98
12 11 5477.35
12 12 5565.36
12 13 5564.75
12 14 5479.26
12 15 5315.61
12 16 5082.99
12 17 4792.71
12 18 4457.26
12 19 4089.8
12 20 3703.23
12 21 3309.67
12 22 2919.74
12 23 2542.38
12 24 2184.5
12 25 1851.07
12 26 1545.1
12 27 1268.02
12 28 1019.81
12 29 799.448
12 30 605.168
12 31 434.779
12 32 285.826
12 33 155.851
12 34 42.5847
12 35 -56.1354
12 36 -142.203
12 37 -217.244
12 38 -282.669
12 39 -339.626
12 40 -389.11
12 41 -431.921
12 42 -468.721
12 43 -500.065
12 44 -526.414
12 45 -548.104
12 46 -565.491
12 47 -578.763
12 48 -588.127
12 49 -593.697
12 50 -595.542
12 51 -593.697
12 52 -588.127
12 53 -578.763
12 54 -565.491
12 55 -548.104
12 56 -526.414
12 57 -500.065
12 58 -468.721
12 59 -431.921
12 60 -389.11
12 61 -339.626
12 62 -282.669
12 63 -217.244
12 64 -142.203
12 65 -56.1354
12 66 42.5847
12 67 155.851
12 68 285.826
12 69 434.779
12 70 605.168
12 71 799.448
12 72 1019.81
12 73 1268.02
12 74 1545.1
12 75 1851.07
12 76 2184.5
12 77 2542.38
12 78 2919.74
12 79 3309.67
12 80 3703.23
12 81 4089.8
12 82 4457.26
12 83 4792.71
12 84 5082.99
12 85 5315.61
12 86 5479.26
12 87 5564.75
12 88 5565.36
12 89 5477.35
12 90 5299.98
12 91 5035.52
12 92 4688.83
12 93 4266.99
12 94 3778.6
12 95 3233.3
12 96 2641.15
12 97 2012.19
12 98 1356.18
12 99 682.465
12 100 0

13 0 0
13 1 629.894
13 2 1254.45
13 3 1867.88
13 4 2463.64
13 5 3034.17
13 6 3570.92
13 7 4064.51
13 8 4505.2
13 9 4883.4
13 10 5190.42
13 11 5419.15
13 12 5564.75
13 13 5625.08
13 14 5601.14
13 15 5496.96
13 16 5319.58
13 17 5078.45
13 18 4784.93
13 19 4451.45
13 20 4090.84
13 21 3715.42
13 22 3336.59
13 23 2964.09
13 24 2605.93
13 25 2268.05
13 26 1954.55
13 27 1667.68
13 28 1408.23
13 29 1175.77
13 30 969.019
13 31 786.089
13 32 624.782
13 33 482.848
13 34 358.008
13 35 248.235
13 36 151.677
13 37 66.6895
13 38 -8.08433
13 39 -73.7818
13 40 -131.35
13 41 -181.58
13 42 -225.118
13 43 -262.471
13 44 -294.065
13 45 -320.276
13 46 -341.335
13 47 -357.52
13 48 -368.955
13 49 -375.774
13 50 -378.041
13 51 -375.774
13 52 -368.955
13 53 -357.52
13 54 -341.335
13 55 -320.276
13 56 -294.065
13 57 -262.471
13 58 -225.118
13 59 -181.58
13 60 -131.35
13 61 -73.7818
13 62 -8.08433
13 63 66.6895
13 64 151.677
13 65 248.235
13 66 358.008
13 67 482.848
13 68 624.782
13 69 786.089
13 70 969.019
13 71 1175.77
13 72 1408.23
13 73 1667.68
13 74 1954.55
13 75 2268.05
13 76 2605.93
13 77 2964.09
13 78 3336.59
13 79 3715.42
13 80 4090.84
13 81 4451.45
13 82 4784.93
13 83 5078.45
13 84 5319.58
13 85 5496.96
13 86 5601.14
13 87 5625.08
13 88 5564.75
13 89 5419.15
13 90 5190.42
13 91 4883.4
13 92 4505.2
13 93 4064.51
13 94 3570.92
13 95 3034.17
13 96 2463.64
13 97 1867.88
13 98 1254.45
13 99 629.894
13 100 0

14 0 0
14 1 567.979
14 2 1134.02
14 3 1695.55
14 4 2248.88
14 5 2788.77
14 6 3308.31
14 7 3799.09
14 8 4251.45
14 9 4655.19
14 10 5000.17
14 11 5277.33
14 12 5479.26
14 13 5601.14
14 14 5641.03
14 15 5600.3
14 16 5483.48
14 17 5298.04
14 18 5053.79
14 19 4762.26
14 20 4435.77
14 21 4086.82
14 22 3727.14
14 23 3367.34
14 24 3016.24
14 25 2680.87
14 26 2366.22
14 27 2075.51
14 28 1810.27
14 29 1570.74
14 30 1356.1
14 31 1164.83
14 32 995.062
14 33 844.612
14 34 711.428
14 35 593.499
14 36 489.004
14 37 396.386
14 38 314.317
14 39 241.681
14 40 177.58
14 41 121.272
14 42 72.162
14 43 29.7605
14 44 -6.30955
14 45 -36.3366
14 46 -60.6192
14 47 -79.2909
14 48 -92.5473
14 49 -100.456
14 50 -103.086
14 51 -100.456
14 52 -92.5473
14 53 -79.2909
14 54 -60.6192
14 55 -36.3366
14 56 -6.30955
14 57 29.7605
14 58 72.162
14 59 121.272
14 60 177.58
14 61 241.681
14 62 314.317
14 63 396.386
14 64 489.004
14 65 593.499
14 66 711.428
14 67 844.612
14 68 995.062
14 69 1164.83
14 70 1356.1
14 71 1570.74
14 72 1810.27
14 73 2075.51
14 74 2366.22
14 75 2680.87
14 76 3016.24
14 77 3367.34
14 78 3727.14
14 79 4086.82
14 80 4435.77
14 81 4762.26
14 82 5053.79
14 83 5298.04
14 84 5483.48
14 85 5600.3
14 86 5641.03
14 87 5601.14
14 88 5479.26
14 89 5277.33
14 90 5000.17
14 91 4655.19
14 92 4251.45
14 93 3799.09
14 94 3308.31
14 95 2788.77
14 96 2248.88
14 97 1695.55
14 98 1134.02
14 99 567.979
14 100 0

15 0 0
15 1 499.794
15 2 1000.9
15 3 1503.81
15 4 2007.64
15 5 2509.46
15 6 3004.17
15 7 3484.46
15 8 3941.07
15 9 4363.4
15 10 4740.3
15 11 5060.89
15 12 5315.61
15 13 5496.96
15 14 5600.3
15 15 5624.16
15 16 5570.63
15 17 5444.85
15 18 5254.98
15 19 5011.27
15 20 4725.44
15 21 4409.73
15 22 4076.23
15 23 3736
15 24 3398.74
15 25 3072.33
15 26 2762.78
15 27 2474.08
15 28 2208.62
15 29 1967.23
15 30 1749.63
15 31 1554.7
15 32 1380.76
15 33 1225.91
15 34 1088.16
15 35 965.552
15 36 856.387
15 37 759.097
15 38 672.402
15 39 595.251
15 40 526.781
15 41 466.299
15 42 413.258
15 43 367.252
15 44 327.932
15 45 295.04
15 46 268.397
15 47 247.804
15 48 233.183
15 49 224.439
15 50 221.524
15 51 224.439
15 52 233.183
15 53 247.804
15 54 268.397
15 55 295.04
15 56 327.932
15 57 367.252
15 58 413.258
15 59 466.299
15 60 526.781
15 61 595.251
15 62 672.402
15 63 759.097
15 64 856.387
15 65 965.552
15 66 1088.16
15 67 1225.91
15 68 1380.76
15 69 1554.7
15 70 1749.63
15 71 1967.23
15 72 2208.62
15 73 2474.08
15 74 2762.78
15 75 3072.33
15 76 3398.74
15 77 3736
15 78 4076.23
15 79 4409.73
15 80 4725.44
15 81 5011.27
15 82 5254.98
15 83 5444.85
15 84 5570.63
15 85 5624.16
15 86 5600.3
15 87 5496.96
15 88 5315.61
15 89 5060.89
15 90 4740.3
15 91 4363.4
15 92 3941.07
15 93 3484.46
15 94 3004.17
15 95 2509.46
15 96 2007.64
15 97 1503.81
15 98 1000.9
15 99 499.794
15 100 0

16 0 0
16 1 428.285
16 2 860.832
16 3 1300.98
16 4 1750.44
16 5 2208.57
16 6 2672.05
16 7 3134.85
16 8 3588.31
16 9 4021.82
16 10 4423.45
16 11 4781.02
16 12 5082.99
16 13 5319.58
16 14 5483.48
16 15 5570.63
16 16 5580.42
16 17 5515.83
16 18 5383.02
16 19 5190.92
16 20 4950.22
16 21 4672.89
16 22 4370.93
16 23 4055.93
16 24 3738.16
16 25 3426.41
16 26 3127.43
16 27 2846.14
16 28 2585.65
16 29 2347.45
16 30 2131.76
16 31 1937.77
16 32 1764.18
16 33 1609.2
16 34 1470.93
16 35 1347.53
16 36 1237.28
16 37 1138.7
16 38 1050.51
16 39 971.698
16 40 901.44
16 41 839.116
16 42 784.218
16 43 736.388
16 44 695.352
16 45 660.925
16 46 632.908
16 47 611.253
16 48 595.81
16 49 586.58
16 50 583.499
16 51 586.58
16 52 595.81
16 53 611.253
16 54 632.908
16 55 660.925
16 56 695.352
16 57 736.388
16 58 784.218
16 59 839.116
16 60 901.44
16 61 971.698
16 62 1050.51
16 63 1138.7
16 64 1237.28
16 65 1347.53
16 66 1470.93
16 67 1609.2
16 68 1764.18
16 69 1937.77
16 70 2131.76
16 71 2347.45
16 72 2585.65
16 73 2846.14
16 74 3127.43
16 75 3426.41
16 76 3738.16
16 77 4055.93
16 78 4370.93
16 79 4672.89
16 80 4950.22
16 81 5190.92
16 82 5383.02
16 83 5515.83
16 84 5580.42
16 85 5570.63
16 86 5483.48
16 87 5319.58
16 88 5082.99
16 89 4781.02
16 90 4423.45
16 91 4021.82
16 92 3588.31
16 93 3134.85
16 94 2672.05
16 95 2208.57
16 96 1750.44
16 97 1300.98
16 98 860.832
16 99 428.285
16 100 0

17 0 0
17 1 356.125
17 2 719.081
17 3 1094.73
17 4 1487.1
17 5 1897.67
17 6 2324.93
17 7 2764.13
17 8 3207.51
17 9 3644.67
17 10 4063.38
17 11 4450.39
17 12 4792.71
17 13 5078.45
17 14 5298.04
17 15 5444.85
17 16 5515.83
17 17 5511.57
17 18 5436.32
17 19 5297.29
17 20 5104.25
17 21 4868.41
17 22 4601.77
17 23 4316.03
17 24 4022.1
17 25 3729.35
17 26 3445.43
17 27 3176.01
17 28 2924.93
17 29 2694.3
17 30 2484.8
17 31 2296.09
17 32 2127.04
17 33 1976
17 34 1841.21
17 35 1720.84
17 36 1613.21
17 37 1516.83
17 38 1430.43
17 39 1353.02
17 40 1283.8
17 41 1222.18
17 42 1167.72
17 43 1120.11
17 44 1079.11
17 45 1044.6
17 46 1016.48
17 47 994.641
17 48 979.087
17 49 969.753
17 50 966.645
17 51 969.753
17 52 979.087
17 53 994.641
17 54 1016.48
17 55 1044.6
17 56 1079.11
17 57 1120.11
17 58 1167.72
17 59 1222.18
17 60 1283.8
17 61 1353.02
17 62 1430.43
17 63 1516.83
17 64 1613.21
17 65 1720.84
17 66 1841.21
17 67 1976
17 68 2127.04
17 69 2296.09
17 70 2484.8
17 71 2694.3
17 72 2924.93
17 73 3176.01
17 74 3445.43
17 75 3729.35
17 76 4022.1
17 77 4316.03
17 78 4601.77
17 79 4868.41
17 80 5104.25
17 81 5297.29
17 82 5436.32
17 83 5511.57
17 84 5515.83
17 85 5444.85
17 86 5298.04
17 87 5078.45
17 88 4792.71
17 89 4450.39
17 90 4063.38
17 91 3644.67
17 92 3207.51
17 93 2764.13
17 94 2324.93
17 95 1897.67
17 96 1487.1
17 97 1094.73
17 98 719.081
17 99 356.125
17 100 0

18 0 0
18 1 285.626
18 2 580.209
18 3 891.751
18 4 1226.27
18 5 1587.18
18 6 1974.62
18 7 2385.27
18 8 2812.34
18 9 3246.01
18 10 3673.96
18 11 4082.46
18 12 4457.26
18 13 4784.93
18 14 5053.79
18 15 5254.98
18 16 5383.02
18 17 5436.32
18 18 5416.94
18 19 5330.56
18 20 5185.59
18 21 4992.58
18 22 4763.1
18 23 4509.05
18 24 4241.62
18 25 3970.86
18 26 3705.1
18 27 3450.8
18 28 3212.45
18 29 2992.77
18 30 2792.98
18 31 2613.03
18 32 2452.01
18 33 2308.5
18 34 2180.71
18 35 2066.87
18 36 1965.26
18 37 1874.38
18 38 1792.93
18 39 1719.9
18 40 1654.51
18 41 1596.17
18 42 1544.48
18 43 1499.15
18 44 1460.03
18 45 1427
18 46 1400
18 47 1379.03
18 48 1364.03
18 49 1355.04
18 50 1352.04
18 51 1355.04
18 52 1364.03
18 53 1379.03
18 54 1400
18 55 1427
18 56 1460.03
18 57 1499.15
18 58 1544.48
18 59 1596.17
18 60 1654.51
18 61 1719.9
18 62 1792.93
18 63 1874.38
18 64 1965.26
18 65 2066.87
18 66 2180.71
18 67 2308.5
18 68 2452.01
18 69 2613.03
18 70 2792.98
18 71 2992.77
18 72 3212.45
18 73 3450.8
18 74 3705.1
18 75 3970.86
18 76 4241.62
18 77 4509.05
18 78 4763.1
18 79 4992.58
18 80 5185.59
18 81 5330.56
18 82 5416.94
18 83 5436.32
18 84 5383.02
18 85 5254.98
18 86 5053.79
18 87 4784.93
18 88 4457.26
18 89 4082.46
18 90 3673.96
18 91 3246.01
18 92 2812.34
18 93 2385.27
18 94 1974.62
18 95 1587.18
18 96 1226.27
18 97 891.751
18 98 580.209
18 99 285.626
18 100 0

19 0 0
19 1 218.664
19 2 447.961
19 3 697.572
19 4 975.206
19 5 1285.9
19 6 1631.4
19 7 2009.71
19 8 2415.26
19 9 2838.89
19 10 3268.68
19 11 3690.63
19 12 4089.8
19 13 4451.45
19 14 4762.26
19 15 5011.27
19 16 5190.92
19 17 5297.29
19 18 5330.56
19 19 5294.54
19 20 5196.42
19 21 5045.71
19 22 4853.62
19 23 4631.9
19 24 4392.1
19 25 4144.72
19 26 3898.79
19 27 3661.43
19 28 3437.79
19 29 3231.25
19 30 3043.45
19 31 2874.69
19 32 2724.33
19 33 2590.97
19 34 2472.96
19 35 2368.45
19 36 2275.7
19 37 2193.11
19 38 2119.36
19 39 2053.35
19 40 1994.3
19 41 1941.58
19 42 1894.83
19 43 1853.75
19 44 1818.2
19 45 1788.12
19 46 1763.5
19 47 1744.29
19 48 1730.58
19 49 1722.32
19 50 1719.58
19 51 1722.32
19 52 1730.58
19 53 1744.29
19 54 1763.5
19 55 1788.12
19 56 1818.2
19 57 1853.75
19 58 1894.83
19 59 1941.58
19 60 1994.3
19 61 2053.35
19 62 2119.36
19 63 2193.11
19 64 2275.7
19 65 2368.45
19 66 2472.96
19 67 2590.97
19 68 2724.33
19 69 2874.69
19 70 3043.45
19 71 3231.25
19 72 3437.79
19 73 3661.43
19 74 3898.79
19 75 4144.72
19 76 4392.1
19 77 4631.9
19 78 4853.62
19 79 5045.71
19 80 5196.42
19 81 5294.54
19 82 5330.56
19 83 5297.29
19 84 5190.92
19 85 5011.27
19 86 4762.26
19 87 4451.45
19 88 4089.8
19 89 3690.63
19 90 3268.68
19 91 2838.89
19 92 2415.26
19 93 2009.71
19 94 1631.4
19 95 1285.9
19 96 975.206
19 97 697.572
19 98 447.961
19 99 218.664
19 100 0

20 0 0
20 1 156.633
20 2 325.131
20 3 516.426
20 4 739.548
20 5 1000.92
20 6 1303.65
20 7 1647.15
20 8 2026.97
20 9 2435.01
20 10 2859.85
20 11 3287.73
20 12 3703.23
20 13 4090.84
20 14 4435.77
20 15 4725.44
20 16 4950.22
20 17 5104.25
20 18 5185.59
20 19 5196.42
20 20 5142.38
20 21 5032.05
20 22 4875.99
20 23 4685.85
20 24 4473.25
20 25 4249.18
20 26 4023.22
20 27 3803.18
20 28 3594.9
20 29 3402.28
20 30 3227.45
20 31 3071.13
20 32 2932.77
20 33 2811.2
20 34 2704.71
20 35 2611.42
20 36 2529.51
20 37 2457.28
20 38 2393.29
20 39 2336.38
20 40 2285.67
20 41 2240.5
20 42 2200.46
20 43 2165.25
20 44 2134.76
20 45 2108.9
20 46 2087.68
20 47 2071.14
20 48 2059.27
20 49 2052.15
20 50 2049.77
20 51 2052.15
20 52 2059.27
20 53 2071.14
20 54 2087.68
20 55 2108.9
20 56 2134.76
20 57 2165.25
20 58 2200.46
20 59 2240.5
20 60 2285.67
20 61 2336.38
20 62 2393.29
20 63 2457.28
20 64 2529.51
20 65 2611.42
20 66 2704.71
20 67 2811.2
20 68 2932.77
20 69 3071.13
20 70 3227.45
20 71 3402.28
20 72 3594.9
20 73 3803.18
20 74 4023.22
20 75 4249.18
20 76 4473.25
20 77 4685.85
20 78 4875.99
20 79 5032.05
20 80 5142.38
20 81 5196.42
20 82 5185.59
20 83 5104.25
20 84 4950.22
20 85 4725.44
20 86 4435.77
20 87 4090.84
20 88 3703.23
20 89 3287.73
20 90 2859.85
20 91 2435.01
20 92 2026.97
20 93 1647.15
20 94 1303.65
20 95 1000.92
20 96 739.548
20 97 516.426
20 98 325.131
20 99 156.633
20 100 0

21 0 0
21 1 100.515
21 2 213.698
21 3 351.307
21 4 523.389
21 5 737.427
21 6 997.78
21 7 1305.12
21 8 1656.27
21 9 2044.17
21 10 2458.3
21 11 2885.24
21 12 3309.67
21 13 3715.42
21 14 4086.82
21 15 4409.73
21 16 4672.89
21 17 4868.41
21 18 4992.58
21 19 5045.71
21 20 5032.05
21 21 4959.03
21 22 4836.56
21 23 4675.92
21 24 4488.88
21 25 4286.73
21 26 4079.63
21 27 3876
21 28 3682.32
21 29 3503.09
21 30 3341
21 31 3196.97
21 32 3070.81
21 33 2961.39
21 34 2867.04
21 35 2785.8
21 36 2715.72
21 37 2654.97
21 38 2602
21 39 2555.48
21 40 2514.43
21 41 2478.12
21 42 2446.07
21 43 2417.93
21 44 2393.56
21 45 2372.89
21 46 2355.9
21 47 2342.61
21 48 2333.1
21 49 2327.35
21 50 2325.45
21 51 2327.35
21 52 2333.1
21 53 2342.61
21 54 2355.9
21 55 2372.89
21 56 2393.56
21 57 2417.93
21 58 2446.07
21 59 2478.12
21 60 2514.43
21 61 2555.48
21 62 2602
21 63 2654.97
21 64 2715.72
21 65 2785.8
21 66 2867.04
21 67 2961.39
21 68 3070.81
21 69 3196.97
21 70 3341
21 71 3503.09
21 72 3682.32
21 73 3876
21 74 4079.63
21 75 4286.73
21 76 4488.88
21 77 4675.92
21 78 4836.56
21 79 4959.03
21 80 5032.05
21 81 5045.71
21 82 4992.58
21 83 4868.41
21 84 4672.89
21 85 4409.73
21 86 4086.82
21 87 3715.42
21 88 3309.67
21 89 2885.24
21 90 2458.3
21 91 2044.17
21 92 1656.27
21 93 1305.12
21 94 997.78
21 95 737.427
21 96 523.389
21 97 351.307
21 98 213.698
21 99 100.515
21 100 0

22 0 0
22 1 50.8401
22 2 114.748
22 3 203.995
22 4 329.247
22 5 498.868
22 6 718.206
22 7 989.166
22 8 1309.76
22 9 1674.17
22 10 2072.83
22 11 2493.04
22 12 2919.74
22 13 3336.59
22 14 3727.14
22 15 4076.23
22 16 4370.93
22 17 4601.77
22 18 4763.1
22 19 4853.62
22 20 4875.99
22 21 4836.56
22 22 4744.38
22 23 4610.37
22 24 4446.29
22 25 4263.72
22 26 4073.29
22 27 3884.03
22 28 3703.1
22 29 3535.64
22 30 3384.7
22 31 3251.74
22 32 3136.75
22 33 3038.73
22 34 2955.98
22 35 2886.51
22 36 2828.21
22 37 2779.12
22 38 2737.45
22 39 2701.79
22 40 2670.96
22 41 2644.13
22 42 2620.7
22 43 2600.29
22 44 2582.67
22 45 2567.72
22 46 2555.44
22 47 2545.84
22 48 2538.93
22 49 2534.78
22 50 2533.38
22 51 2534.78
22 52 2538.93
22 53 2545.84
22 54 2555.44
22 55 2567.72
22 56 2582.67
22 57 2600.29
22 58 2620.7
22 59 2644.13
22 60 2670.96
22 61 2701.79
22 62 2737.45
22 63 2779.12
22 64 2828.21
22 65 2886.51
22 66 2955.98
22 67 3038.73
22 68 3136.75
22 69 3251.74
22 70 3384.7
22 71 3535.64
22 72 3703.1
22 73 3884.03
22 74 4073.29
22 75 4263.72
22 76 4446.29
22 77 4610.37
22 78 4744.38
22 79 4836.56
22 80 4875.99
22 81 4853.62
22 82 4763.1
22 83 4601.77
22 84 4370.93
22 85 4076.23
22 86 3727.14
22 87 3336.59
22 88 2919.74
22 89 2493.04
22 90 2072.83
22 91 1674.17
22 92 1309.76
22 93 989.166
22 94 718.206
22 95 498.868
22 96 329.247
22 97 203.995
22 98 114.748
22 99 50.8401
22 100 0

23 0 0
23 1 7.76645
23 2 28.6746
23 3 75.1849
23 4 158.322
23 5 287.03
23 6 467.551
23 7 702.785
23 8 992.034
23 9 1330.64
23 10 1710.25
23 11 2118.99
23 12 2542.38
23 13 2964.09
23 14 3367.34
23 15 3736
23 16 4055.93
23 17 4316.03
23 18 4509.05
23 19 4631.9
23 20 4685.85
23 21 4675.92
23 22 4610.37
23 23 4499.63
23 24 4355.39
23 25 4189.4
23 26 4012.73
23 27 3835.07
23 28 3664.25
23 29 3505.9
23 30 3363.74
23 31 3239.59
23 32 3133.73
23 33 3045.28
23 34 2972.62
23 35 2913.63
23 36 2866.07
23 37 2827.82
23 38 2796.91
23 39 2771.7
23 40 2750.86
23 41 2733.41
23 42 2718.62
23 43 2705.98
23 44 2695.22
23 45 2686.15
23 46 2678.72
23 47 2672.9
23 48 2668.74
23 49 2666.2
23 50 2665.38
23 51 2666.2
23 52 2668.74
23 53 2672.9
23 54 2678.72
23 55 2686.15
23 56 2695.22
23 57 2705.98
23 58 2718.62
23 59 2733.41
23 60 2750.86
23 61 2771.7
23 62 2796.91
23 63 2827.82
23 64 2866.07
23 65 2913.63
23 66 2972.62
23 67 3045.28
23 68 3133.73
23 69 3239.59
23 70 3363.74
23 71 3505.9
23 72 3664.25
23 73 3835.07
23 74 4012.73
23 75 4189.4
23 76 4355.39
23 77 4499.63
23 78 4610.37
23 79 4675.92
23 80 4685.85
23 81 4631.9
23 82 4509.05
23 83 4316.03
23 84 4055.93
23 85 3736
23 86 3367.34
23 87 2964.09
23 88 2542.38
23 89 2118.99
23 90 1710.25
23 91 1330.64
23 92 992.034
23 93 702.785
23 94 467.551
23 95 287.03
23 96 158.322
23 97 75.1849
23 98 28.6746
23 99 7.76645
23 100 0

24 0 0
24 1 -28.8211
24 2 -44.7039
24 3 -35.2539
24 4 10.6367
24 5 102.339
24 6 246.727
24 7 447.697
24 8 705.659
24 9 1017.26
24 10 1375.28
24 11 1768.98
24 12 2184.5
24 13 2605.93
24 14 3016.24
24 15 3398.74
24 16 3738.16
24 17 4022.1
24 18 4241.62
24 19 4392.1
24 20 4473.25
24 21 4488.88
24 22 4446.29
24 23 4355.39
24 24 4227.64
24 25 4074.96
24 26 3908.87
24 27 3739.66
24 28 3575.66
24 29 3423.33
24 30 3286.85
24 31 3168.58
24 32 3069.04
24 33 2987.61
24 34 2922.63
24 35 2872
24 36 2833.34
24 37 2804.31
24 38 2782.77
24 39 2766.88
24 40 2755.1
24 41 2746.25
24 42 2739.48
24 43 2734.16
24 44 2729.9
24 45 2726.42
24 46 2723.65
24 47 2721.49
24 48 2719.94
24 49 2719.02
24 50 2718.69
24 51 2719.02
24 52 2719.94
24 53 2721.49
24 54 2723.65
24 55 2726.42
24 56 2729.9
24 57 2734.16
24 58 2739.48
24 59 2746.25
24 60 2755.1
24 61 2766.88
24 62 2782.77
24 63 2804.31
24 64 2833.34
24 65 2872
24 66 2922.63
24 67 2987.61
24 68 3069.04
24 69 3168.58
24 70 3286.85
24 71 3423.33
24 72 3575.66
24 73 3739.66
24 74 3908.87
24 75 4074.96
24 76 4227.64
24 77 4355.39
24 78 4446.29
24 79 4488.88
24 80 4473.25
24 81 4392.1
24 82 4241.62
24 83 4022.1
24 84 3738.16
24 85 3398.74
24 86 3016.24
24 87 2605.93
24 88 2184.5
24 89 1768.98
24 90 1375.28
24 91 1017.26
24 92 705.659
24 93 447.697
24 94 246.727
24 95 102.339
24 96 10.6367
24 97 -35.2539
24 98 -44.7039
24 99 -28.8211
24 100 0

25 0 0
25 1 -59.2912
25 2 -106.039
25 3 -128.19
25 4 -114.663
25 5 -55.9404
25 6 55.414
25 7 224.088
25 8 451.604
25 9 735.791
25 10 1070.75
25 11 1446.81
25 12 1851.07
25 13 2268.05
25 14 2680.87
25 15 3072.33
25 16 3426.41
25 17 3729.35
25 18 3970.86
25 19 4144.72
25 20 4249.18
25 21 4286.73
25 22 4263.72
25 23 4189.4
25 24 4074.96
25 25 3932.46
25 26 3773.79
25 27 3609.67
25 28 3449.25
25 29 3299.53
25 30 3165.42
25 31 3049.66
25 32 2953.25
25 33 2875.71
25 34 2815.55
25 35 2770.57
25 36 2738.33
25 37 2716.3
25 38 2702.16
25 39 2693.82
25 40 2689.57
25 41 2688.03
25 42 2688.17
25 43 2689.22
25 44 2690.68
25 45 2692.19
25 46 2693.56
25 47 2694.68
25 48 2695.52
25 49 2696
25 50 2696.19
25 51 2696
25 52 2695.52
25 53 2694.68
25 54 2693.56
25 55 2692.19
25 56 2690.68
25 57 2689.22
25 58 2688.17
25 59 2688.03
25 60 2689.57
25 61 2693.82
25 62 2702.16
25 63 2716.3
25 64 2738.33
25 65 2770.57
25 66 2815.55
25 67 2875.71
25 68 2953.25
25 69 3049.66
25 70 3165.42
25 71 3299.53
25 72 3449.25
25 73 3609.67
25 74 3773.79
25 75 3932.46
25 76 4074.96
25 77 4189.4
25 78 4263.72
25 79 4286.73
25 80 4249.18
25 81 4144.72
25 82 3970.86
25 83 3729.35
25 84 3426.41
25 85 3072.33
25 86 2680.87
25 87 2268.05
25 88 1851.07
25 89 1446.81
25 90 1070.75
25 91 735.791
25 92 451.604
25 93 224.088
25 94 55.414
25 95 -55.9404
25 96 -114.663
25 97 -128.19
25 98 -106.039
25 99 -59.2912
25 100 0

26 0 0
26 1 -84.149
26 2 -156.318
26 3 -204.929
26 4 -219.129
26 5 -189.345
26 6 -107.804
26 7 30.9639
26 8 229.373
26 9 486.537
26 10 797.744
26 11 1154.57
26 12 1545.1
26 13 1954.55
26 14 2366.22
26 15 2762.78
26 16 3127.43
26 17 3445.43
26 18 3705.1
26 19 3898.79
26 20 4023.22
26 21 4079.63
26 22 4073.29
26 23 4012.73
26 24 3908.87
26 25 3773.79
26 26 3619.57
26 27 3457.59
26 28 3297.57
26 29 3147.25
26 30 3012.12
26 31 2895.55
26 32 2798.9
26 33 2721.99
26 34 2663.45
26 35 2621.15
26 36 2592.51
26 37 2574.9
26 38 2565.77
26 39 2562.86
26 40 2564.22
26 41 2568.28
26 42 2573.85
26 43 2580.01
26 44 2586.1
26 45 2591.69
26 46 2596.51
26 47 2600.37
26 48 2603.17
26 49 2604.89
26 50 2605.44
26 51 2604.89
26 52 2603.17
26 53 2600.37
26 54 2596.51
26 55 2591.69
26 56 2586.1
26 57 2580.01
26 58 2573.85
26 59 2568.28
26 60 2564.22
26 61 2562.86
26 62 2565.77
26 63 2574.9
26 64 2592.51
26 65 2621.15
26 66 2663.45
26 67 2721.99
26 68 2798.9
26 69 2895.55
26 70 3012.12
26 71 3147.25
26 72 3297.57
26 73 3457.59
26 74 3619.57
26 75 3773.79
26 76 3908.87
26 77 4012.73
26 78 4073.29
26 79 4079.63
26 80 4023.22
26 81 3898.79
26 82 3705.1
26 83 3445.43
26 84 3127.43
26 85 2762.78
26 86 2366.22
26 87 1954.55
26 88 1545.1
26 89 1154.57
26 90 797.744
26 91 486.537
26 92 229.373
26 93 30.9639
26 94 -107.804
26 95 -189.345
26 96 -219.129
26 97 -204.929
26 98 -156.318
26 99 -84.149
26 100 0

27 0 0
27 1 -104.011
27 2 -196.718
27 3 -267.117
27 4 -304.707
27 5 -300.019
27 6 -244.992
27 7 -133.611
27 8 37.4873
27 9 268.497
27 10 556.011
27 11 892.776
27 12 1268.02
27 13 1667.68
27 14 2075.51
27 15 2474.08
27 16 2846.14
27 17 3176.01
27 18 3450.8
27 19 3661.43
27 20 3803.18
27 21 3876
27 22 3884.03
27 23 3835.07
27 24 3739.66
27 25 3609.67
27 26 3457.59
27 27 3295.19
27 28 3132.89
27 29 2979.06
27 30 2839.93
27 31 2719.38
27 32 2619.33
27 33 2539.87
27 34 2479.86
27 35 2437.19
27 36 2409.28
27 37 2393.35
27 38 2386.71
27 39 2386.89
27 40 2391.75
27 41 2399.54
27 42 2408.85
27 43 2418.64
27 44 2428.11
27 45 2436.74
27 46 2444.12
27 47 2450.06
27 48 2454.38
27 49 2456.99
27 50 2457.89
27 51 2456.99
27 52 2454.38
27 53 2450.06
27 54 2444.12
27 55 2436.74
27 56 2428.11
27 57 2418.64
27 58 2408.85
27 59 2399.54
27 60 2391.75
27 61 2386.89
27 62 2386.71
27 63 2393.35
27 64 2409.28
27 65 2437.19
27 66 2479.86
27 67 2539.87
27 68 2619.33
27 69 2719.38
27 70 2839.93
27 71 2979.06
27 72 3132.89
27 73 3295.19
27 74 3457.59
27 75 3609.67
27 76 3739.66
27 77 3835.07
27 78 3884.03
27 79 3876
27 80 3803.18
27 81 3661.43
27 82 3450.8
27 83 3176.01
27 84 2846.14
27 85 2474.08
27 86 2075.51
27 87 1667.68
27 88 1268.02
27 89 892.776
27 90 556.011
27 91 268.497
27 92 37.4873
27 93 -133.611
27 94 -244.992
27 95 -300.019
27 96 -304.707
27 97 -267.117
27 98 -196.718
27 99 -104.011
27 100 0

28 0 0
28 1 -119.499
28 2 -228.463
28 3 -316.494
28 4 -373.592
28 5 -390.407
28 6 -358.759
28 7 -272.125
28 8 -126.345
28 9 79.8437
28 10 344.198
28 11 660.764
28 12 1019.81
28 13 1408.23
28 14 1810.27
28 15 2208.62
28 16 2585.65
28 17 2924.93
28 18 3212.45
28 19 3437.79
28 20 3594.9
28 21 3682.32
28 22 3703.1
28 23 3664.25
28 24 3575.66
28 25 3449.25
28 26 3297.57
28 27 3132.89
28 28 2966.18
28 29 2806.56
28 30 2660.89
28 31 2533.75
28 32 2427.5
28 33 2342.67
28 34 2278.32
28 35 2232.5
28 36 2202.57
28 37 2185.74
28 38 2179.11
28 39 2180.1
28 40 2186.34
28 41 2195.91
28 42 2207.24
28 43 2219.14
28 44 2230.68
28 45 2241.21
28 46 2250.28
28 47 2257.57
28 48 2262.89
28 49 2266.16
28 50 2267.22
28 51 2266.16
28 52 2262.89
28 53 2257.57
28 54 2250.28
28 55 2241.21
28 56 2230.68
28 57 2219.14
28 58 2207.24
28 59 2195.91
28 60 2186.34
28 61 2180.1
28 62 2179.11
28 63 2185.74
28 64 2202.57
28 65 2232.5
28 66 2278.32
28 67 2342.67
28 68 2427.5
28 69 2533.75
28 70 2660.89
28 71 2806.56
28 72 2966.18
28 73 3132.89
28 74 3297.57
28 75 3449.25
28 76 3575.66
28 77 3664.25
28 78 3703.1
28 79 3682.32
28 80 3594.9
28 81 3437.79
28 82 3212.45
28 83 2924.93
28 84 2585.65
28 85 2208.62
28 86 1810.27
28 87 1408.23
28 88 1019.81
28 89 660.764
28 90 344.198
28 91 79.8437
28 92 -126.345
28 93 -272.125
28 94 -358.759
28 95 -390.407
28 96 -373.592
28 97 -316.494
28 98 -228.463
28 99 -119.499
28 100 0

29 0 0
29 1 -131.292
29 2 -252.829
29 3 -354.911
29 4 -428.026
29 5 -463.088
29 6 -451.829
29 7 -387.367
29 8 -264.784
29 9 -81.9012
29 10 160.247
29 11 456.889
29 12 799.448
29 13 1175.77
29 14 1570.74
29 15 1967.23
29 16 2347.45
29 17 2694.3
29 18 2992.77
29 19 3231.25
29 20 3402.28
29 21 3503.09
29 22 3535.64
29 23 3505.9
29 24 3423.33
29 25 3299.53
29 26 3147.25
29 27 2979.06
29 28 2806.56
29 29 2639.49
29 30 2485.46
29 31 2349.64
29 32 2235.01
29 33 2142.49
29 34 2071.43
29 35 2020.02
29 36 1985.74
29 37 1965.66
29 38 1956.86
29 39 1956.53
29 40 1962.21
29 41 1971.78
29 42 1983.52
29 43 1996.07
29 44 2008.42
29 45 2019.79
29 46 2029.64
29 47 2037.61
29 48 2043.46
29 49 2047.01
29 50 2048.23
29 51 2047.01
29 52 2043.46
29 53 2037.61
29 54 2029.64
29 55 2019.79
29 56 2008.42
29 57 1996.07
29 58 1983.52
29 59 1971.78
29 60 1962.21
29 61 1956.53
29 62 1956.86
29 63 1965.66
