0 0 0
0 1 0
0 2 0
0 3 0
0 4 0
0 5 0
0 6 0
0 7 0
0 8 0
0 9 0
0 10 0
0 11 0
0 12 0
0 13 0
0 14 0
0 15 0
0 16 0
0 17 0
0 18 0
0 19 0
0 20 0
0 21 0
0 22 0
0 23 0
0 24 0
0 25 0
0 26 0
0 27 0
0 28 0
0 29 0
0 30 0
0 31 0
0 32 0
0 33 0
0 34 0
0 35 0
0 36 0
0 37 0
0 38 0
0 39 0
0 40 0
0 41 0
0 42 0
0 43 0
0 44 0
0 45 0
0 46 0
0 47 0
0 48 0
0 49 0
0 50 0
0 51 0
0 52 0
0 53 0
0 54 0
0 55 0
0 56 0
0 57 0
0 58 0
0 59 0
0 60 0
0 61 0
0 62 0
0 63 0
0 64 0
0 65 0
0 66 0
0 67 0
0 68 0
0 69 0
0 70 0
0 71 0
0 72 0
0 73 0
0 74 0
0 75 0
0 76 0
0 77 0
0 78 0
0 79 0
0 80 0
0 81 0
0 82 0
0 83 0
0 84 0
0 85 0
0 86 0
0 87 0
0 88 0
0 89 0
0 90 0
0 91 0
0 92 0
0 93 0
0 94 0
0 95 0
0 96 0
0 97 0
0 98 0
0 99 0
0 100 0

1 0 0
1 1 -53.8576
1 2 -107.936
1 3 -162.324
1 4 -216.901
1 5 -271.216
1 6 -324.461
1 7 -375.45
1 8 -422.647
1 9 -464.256
1 10 -498.332
1 11 -522.941
1 12 -536.327
1 13 -537.111
1 14 -524.42
1 15 -498.07
1 16 -458.599
1 17 -407.309
1 18 -346.24
1 19 -277.992
1 20 -205.617
1 21 -132.36
1 22 -61.4219
1 23 4.24008
1 24 62.1451
1 25 110.428
1 26 147.94
1 27 174.249
1 28 189.656
1 29 195.022
1 30 191.69
1 31 181.296
1 32 165.617
1 33 146.408
1 34 125.313
1 35 103.741
1 36 82.8044
1 37 63.3403
1 38 45.8929
1 39 30.7549
1 40 17.9905
1 41 7.52736
1 42 -0.83987
1 43 -7.35293
1 44 -12.3155
1 45 -15.9768
1 46 -18.6167
1 47 -20.4382
1 48 -21.6052
1 49 -22.264
1 50 -22.4825
1 51 -22.264
1 52 -21.6052
1 53 -20.4382
1 54 -18.6167
1 55 -15.9768
1 56 -12.3155
1 57 -7.35293
1 58 -0.83987
1 59 7.52736
1 60 17.9905
1 61 30.7549
1 62 45.8929
1 63 63.3403
1 64 82.8044
1 65 103.741
1 66 125.313
1 67 146.408
1 68 165.617
1 69 181.296
1 70 191.69
1 71 195.022
1 72 189.656
1 73 174.249
1 74 147.94
1 75 110.428
1 76 62.1451
1 77 4.24008
1 78 -61.4219
1 79 -132.36
1 80 -205.617
1 81 -277.992
1 82 -346.24
1 83 -407.309
1 84 -458.599
1 85 -498.07
1 86 -524.42
1 87 -537.111
1 88 -536.327
1 89 -522.941
1 90 -498.332
1 91 -464.256
1 92 -422.647
1 93 -375.45
1 94 -324.461
1 95 -271.216
1 96 -216.901
1 97 -162.324
1 98 -107.936
1 99 -53.8576
1 100 0

2 0 0
2 1 -107.936
2 2 -216.229
2 3 -324.981
2 4 -433.894
2 5 -542.032
2 6 -647.777
2 7 -748.784
2 8 -842.04
2 9 -924.031
2 10 -990.967
2 11 -1039.08
2 12 -1064.96
2 13 -1065.94
2 14 -1040.36
2 15 -987.852
2 16 -909.528
2 17 -807.951
2 18 -687.129
2 19 -552.166
2 20 -409.057
2 21 -264.165
2 22 -123.806
2 23 6.20804
2 24 120.97
2 25 216.802
2 26 291.408
2 27 343.922
2 28 374.884
2 29 385.966
2 30 379.784
2 31 359.559
2 32 328.791
2 33 290.948
2 34 249.266
2 35 206.537
2 36 164.996
2 37 126.321
2 38 91.605
2 39 61.4279
2 40 35.9377
2 41 15.0162
2 42 -1.71779
2 43 -14.7856
2 44 -24.7391
2 45 -32.1216
2 46 -37.4209
2 47 -41.0697
2 48 -43.4692
2 49 -44.7797
2 50 -45.1998
2 51 -44.7797
2 52 -43.4692
2 53 -41.0697
2 54 -37.4209
2 55 -32.1216
2 56 -24.7391
2 57 -14.7856
2 58 -1.71779
2 59 15.0162
2 60 35.9377
2 61 61.4279
2 62 91.605
2 63 126.321
2 64 164.996
2 65 206.537
2 66 249.266
2 67 290.948
2 68 328.791
2 69 359.559
2 70 379.784
2 71 385.966
2 72 374.884
2 73 343.922
2 74 291.408
2 75 216.802
2 76 120.97
2 77 6.20804
2 78 -123.806
2 79 -264.165
2 80 -409.057
2 81 -552.166
2 82 -687.129
2 83 -807.951
2 84 -909.528
2 85 -987.852
2 86 -1040.36
2 87 -1065.94
2 88 -1064.96
2 89 -1039.08
2 90 -990.967
2 91 -924.031
2 92 -842.04
2 93 -748.784
2 94 -647.777
2 95 -542.032
2 96 -433.894
2 97 -324.981
2 98 -216.229
2 99 -107.936
2 100 0

3 0 0
3 1 -162.324
3 2 -324.981
3 3 -487.959
3 4 -650.66
3 5 -811.614
3 6 -968.377
3 7 -1117.5
3 8 -1254.59
3 9 -1374.57
3 10 -1472
3 11 -1541.48
3 12 -1578.17
3 13 -1578.27
3 14 -1539.44
3 15 -1461.26
3 16 -1345.35
3 17 -1195.5
3 18 -1017.52
3 19 -818.865
3 20 -608.247
3 21 -394.945
3 22 -188.151
3 23 3.63244
3 24 173.225
3 25 315.178
3 26 426.074
3 27 504.561
3 28 551.354
3 29 568.834
3 30 560.777
3 31 531.843
3 32 487.138
3 33 431.757
3 34 370.479
3 35 307.443
3 36 245.973
3 37 188.574
3 38 136.906
3 39 91.8887
3 40 53.7893
3 41 22.4343
3 42 -2.73064
3 43 -22.3988
3 44 -37.431
3 45 -48.5715
3 46 -56.6222
3 47 -62.2011
3 48 -65.7878
3 49 -67.8145
3 50 -68.4753
3 51 -67.8145
3 52 -65.7878
3 53 -62.2011
3 54 -56.6222
3 55 -48.5715
3 56 -37.431
3 57 -22.3988
3 58 -2.73064
3 59 22.4343
3 60 53.7893
3 61 91.8887
3 62 136.906
3 63 188.574
3 64 245.973
3 65 307.443
3 66 370.479
3 67 431.757
3 68 487.138
3 69 531.843
3 70 560.777
3 71 568.834
3 72 551.354
3 73 504.561
3 74 426.074
3 75 315.178
3 76 173.225
3 77 3.63244
3 78 -188.151
3 79 -394.945
3 80 -608.247
3 81 -818.865
3 82 -1017.52
3 83 -1195.5
3 84 -1345.35
3 85 -1461.26
3 86 -1539.44
3 87 -1578.27
3 88 -1578.17
3 89 -1541.48
3 90 -1472
3 91 -1374.57
3 92 -1254.59
3 93 -1117.5
3 94 -968.377
3 95 -811.614
3 96 -650.66
3 97 -487.959
3 98 -324.981
3 99 -162.324
3 100 0

4 0 0
4 1 -216.901
4 2 -433.894
4 3 -650.66
4 4 -866.16
4 5 -1078.3
4 6 -1283.83
4 7 -1478.24
4 8 -1655.95
4 9 -1810.53
4 10 -1935.14
4 11 -2023.05
4 12 -2068.25
4 13 -2066.05
4 14 -2013.64
4 15 -1910.57
4 16 -1759.03
4 17 -1563.9
4 18 -1332.62
4 19 -1074.73
4 20 -801.336
4 21 -524.293
4 22 -255.411
4 23 -5.60524
4 24 215.824
4 25 401.798
4 26 547.781
4 27 651.921
4 28 714.947
4 29 739.812
4 30 731.253
4 31 695.221
4 32 638.265
4 33 566.985
4 34 487.574
4 35 405.45
4 36 325.023
4 37 249.635
4 38 181.533
4 39 121.978
4 40 71.4038
4 41 29.6373
4 42 -3.96122
4 43 -30.3454
4 44 -50.529
4 45 -65.5888
4 46 -76.4623
4 47 -83.9952
4 48 -88.9336
4 49 -91.6618
4 50 -92.5418
4 51 -91.6618
4 52 -88.9336
4 53 -83.9952
4 54 -76.4623
4 55 -65.5888
4 56 -50.529
4 57 -30.3454
4 58 -3.96122
4 59 29.6373
4 60 71.4038
4 61 121.978
4 62 181.533
4 63 249.635
4 64 325.023
4 65 405.45
4 66 487.574
4 67 566.985
4 68 638.265
4 69 695.221
4 70 731.253
4 71 739.812
4 72 714.947
4 73 651.921
4 74 547.781
4 75 401.798
4 76 215.824
4 77 -5.60524
4 78 -255.411
4 79 -524.293
4 80 -801.336
4 81 -1074.73
4 82 -1332.62
4 83 -1563.9
4 84 -1759.03
4 85 -1910.57
4 86 -2013.64
4 87 -2066.05
4 88 -2068.25
4 89 -2023.05
4 90 -1935.14
4 91 -1810.53
4 92 -1655.95
4 93 -1478.24
4 94 -1283.83
4 95 -1078.3
4 96 -866.16
4 97 -650.66
4 98 -433.894
4 99 -216.901
4 100 0

5 0 0
5 1 -271.216
5 2 -542.032
5 3 -811.614
5 4 -1078.3
5 5 -1339.32
5 6 -1590.57
5 7 -1826.63
5 8 -2040.89
5 9 -2225.85
5 10 -2373.59
5 11 -2476.41
5 12 -2527.45
5 13 -2521.43
5 14 -2455.26
5 15 -2328.59
5 16 -2144.13
5 17 -1907.73
5 18 -1628.19
5 19 -1316.81
5 20 -986.716
5 21 -651.96
5 22 -326.555
5 23 -23.5447
5 24 245.922
5 25 473.225
5 26 652.766
5 27 782.095
5 28 861.842
5 29 895.323
5 30 888.037
5 31 846.968
5 32 779.915
5 33 694.804
5 34 599.133
5 35 499.521
5 36 401.422
5 37 308.996
5 38 225.104
5 39 151.416
5 40 88.5845
5 41 36.4754
5 42 -5.6441
5 43 -38.8125
5 44 -64.3227
5 45 -83.3834
5 46 -97.2257
5 47 -106.885
5 48 -113.139
5 49 -116.678
5 50 -117.809
5 51 -116.678
5 52 -113.139
5 53 -106.885
5 54 -97.2257
5 55 -83.3834
5 56 -64.3227
5 57 -38.8125
5 58 -5.6441
5 59 36.4754
5 60 88.5845
5 61 151.416
5 62 225.104
5 63 308.996
5 64 401.422
5 65 499.521
5 66 599.133
5 67 694.804
5 68 779.915
5 69 846.968
5 70 888.037
5 71 895.323
5 72 861.842
5 73 782.095
5 74 652.766
5 75 473.225
5 76 245.922
5 77 -23.5447
5 78 -326.555
5 79 -651.96
5 80 -986.716
5 81 -1316.81
5 82 -1628.19
5 83 -1907.73
5 84 -2144.13
5 85 -2328.59
5 86 -2455.26
5 87 -2521.43
5 88 -2527.45
5 89 -2476.41
5 90 -2373.59
5 91 -2225.85
5 92 -2040.89
5 93 -1826.63
5 94 -1590.57
5 95 -1339.32
5 96 -1078.3
5 97 -811.614
5 98 -542.032
5 99 -271.216
5 100 0

6 0 0
6 1 -324.461
6 2 -647.777
6 3 -968.377
6 4 -1283.83
6 5 -1590.57
6 6 -1883.71
6 7 -2157.01
6 8 -2403.07
6 9 -2613.61
6 10 -2780.01
6 11 -2893.94
6 12 -2948.09
6 13 -2936.87
6 14 -2857.15
6 15 -2708.75
6 16 -2494.88
6 17 -2222.18
6 18 -1900.53
6 19 -1542.59
6 20 -1163.08
6 21 -777.758
6 22 -402.459
6 23 -51.9379
6 24 261.017
6 25 526.445
6 26 737.675
6 27 891.624
6 28 988.62
6 29 1032.15
6 30 1028.18
6 31 984.505
6 32 909.897
6 33 813.428
6 34 703.739
6 35 588.553
6 36 474.323
6 37 366.021
6 38 267.155
6 39 179.841
6 40 105.019
6 41 42.6313
6 42 -8.01381
6 43 -48.1335
6 44 -79.064
6 45 -102.34
6 46 -119.294
6 47 -131.139
6 48 -138.901
6 49 -143.242
6 50 -144.656
6 51 -143.242
6 52 -138.901
6 53 -131.139
6 54 -119.294
6 55 -102.34
6 56 -79.064
6 57 -48.1335
6 58 -8.01381
6 59 42.6313
6 60 105.019
6 61 179.841
6 62 267.155
6 63 366.021
6 64 474.323
6 65 588.553
6 66 703.739
6 67 813.428
6 68 909.897
6 69 984.505
6 70 1028.18
6 71 1032.15
6 72 988.62
6 73 891.624
6 74 737.675
6 75 526.445
6 76 261.017
6 77 -51.9379
6 78 -402.459
6 79 -777.758
6 80 -1163.08
6 81 -1542.59
6 82 -1900.53
6 83 -2222.18
6 84 -2494.88
6 85 -2708.75
6 86 -2857.15
6 87 -2936.87
6 88 -2948.09
6 89 -2893.94
6 90 -2780.01
6 91 -2613.61
6 92 -2403.07
6 93 -2157.01
6 94 -1883.71
6 95 -1590.57
6 96 -1283.83
6 97 -968.377
6 98 -647.777
6 99 -324.461
6 100 0

7 0 0
7 1 -375.45
7 2 -748.784
7 3 -1117.5
7 4 -1478.24
7 5 -1826.63
7 6 -2157.01
7 7 -2462.49
7 8 -2735.09
7 9 -2966.08
7 10 -3146.52
7 11 -3267.84
7 12 -3322.59
7 13 -3305.22
7 14 -3212.71
7 15 -3045.19
7 16 -2806.25
7 17 -2503.17
7 18 -2146.53
7 19 -1750
7 20 -1329.33
7 21 -901.547
7 22 -483.799
7 23 -92.2233
7 24 259.095
7 25 558.966
7 26 799.747
7 27 977.587
7 28 1092.38
7 29 1147.49
7 30 1149.1
7 31 1105.49
7 32 1026.18
7 33 921.135
7 34 799.972
7 35 671.393
7 36 542.797
7 37 419.973
7 38 307.092
7 39 206.767
7 40 120.266
7 41 47.7373
7 42 -11.4975
7 43 -58.6257
7 44 -95.215
7 45 -122.844
7 46 -143.068
7 47 -157.293
7 48 -166.594
7 49 -171.87
7 50 -173.537
7 51 -171.87
7 52 -166.594
7 53 -157.293
7 54 -143.068
7 55 -122.844
7 56 -95.215
7 57 -58.6257
7 58 -11.4975
7 59 47.7373
7 60 120.266
7 61 206.767
7 62 307.092
7 63 419.973
7 64 542.797
7 65 671.393
7 66 799.972
7 67 921.135
7 68 1026.18
7 69 1105.49
7 70 1149.1
7 71 1147.49
7 72 1092.38
7 73 977.587
7 74 799.747
7 75 558.966
7 76 259.095
7 77 -92.2233
7 78 -483.799
7 79 -901.547
7 80 -1329.33
7 81 -1750
7 82 -2146.53
7 83 -2503.17
7 84 -2806.25
7 85 -3045.19
7 86 -3212.71
7 87 -3305.22
7 88 -3322.59
7 89 -3267.84
7 90 -3146.52
7 91 -2966.08
7 92 -2735.09
7 93 -2462.49
7 94 -2157.01
7 95 -1826.63
7 96 -1478.24
7 97 -1117.5
7 98 -748.784
7 99 -375.45
7 100 0

8 0 0
8 1 -422.647
8 2 -842.04
8 3 -1254.59
8 4 -1655.95
8 5 -2040.89
8 6 -2403.07
8 7 -2735.09
8 8 -3028.67
8 9 -3274.91
8 10 -3464.9
8 11 -3590.19
8 12 -3643.57
8 13 -3619.74
8 14 -3515.99
8 15 -3332.75
8 16 -3073.99
8 17 -2747.27
8 18 -2363.67
8 19 -1937.28
8 20 -1484.5
8 21 -1023.07
8 22 -571.005
8 23 -145.365
8 24 238.705
8 25 569.02
8 26 836.93
8 27 1037.78
8 28 1170.82
8 29 1239.08
8 30 1248.62
8 31 1207.93
8 32 1126.96
8 33 1016.32
8 34 886.433
8 35 746.867
8 36 605.879
8 37 470.035
8 38 344.206
8 39 231.565
8 40 133.803
8 41 51.2684
8 42 -16.5356
8 43 -70.8612
8 44 -113.214
8 45 -145.407
8 46 -169.11
8 47 -185.829
8 48 -196.834
8 49 -203.045
8 50 -205.088
8 51 -203.045
8 52 -196.834
8 53 -185.829
8 54 -169.11
8 55 -145.407
8 56 -113.214
8 57 -70.8612
8 58 -16.5356
8 59 51.2684
8 60 133.803
8 61 231.565
8 62 344.206
8 63 470.035
8 64 605.879
8 65 746.867
8 66 886.433
8 67 1016.32
8 68 1126.96
8 69 1207.93
8 70 1248.62
8 71 1239.08
8 72 1170.82
8 73 1037.78
8 74 836.93
8 75 569.02
8 76 238.705
8 77 -145.365
8 78 -571.005
8 79 -1023.07
8 80 -1484.5
8 81 -1937.28
8 82 -2363.67
8 83 -2747.27
8 84 -3073.99
8 85 -3332.75
8 86 -3515.99
8 87 -3619.74
8 88 -3643.57
8 89 -3590.19
8 90 -3464.9
8 91 -3274.91
8 92 -3028.67
8 93 -2735.09
8 94 -2403.07
8 95 -2040.89
8 96 -1655.95
8 97 -1254.59
8 98 -842.04
8 99 -422.647
8 100 0

9 0 0
9 1 -464.256
9 2 -924.031
9 3 -1374.57
9 4 -1810.53
9 5 -2225.85
9 6 -2613.61
9 7 -2966.08
9 8 -3274.91
9 9 -3531.37
9 10 -3726.83
9 11 -3853.31
9 12 -3904.06
9 13 -3874.29
9 14 -3761.69
9 15 -3567.02
9 16 -3294.43
9 17 -2951.64
9 18 -2549.73
9 19 -2102.89
9 20 -1627.6
9 21 -1141.83
9 22 -663.97
9 23 -211.679
9 24 199.204
9 25 555.599
9 26 847.981
9 27 1070.75
9 28 1222.4
9 29 1305.27
9 30 1325.08
9 31 1290.16
9 32 1210.65
9 33 1097.54
9 34 961.837
9 35 813.818
9 36 662.516
9 37 515.292
9 38 377.718
9 39 253.568
9 40 144.961
9 41 52.6436
9 42 -23.7542
9 43 -85.3064
9 44 -133.667
9 45 -170.621
9 46 -197.958
9 47 -217.356
9 48 -230.173
9 49 -237.468
9 50 -239.781
9 51 -237.468
9 52 -230.173
9 53 -217.356
9 54 -197.958
9 55 -170.621
9 56 -133.667
9 57 -85.3064
9 58 -23.7542
9 59 52.6436
9 60 144.961
9 61 253.568
9 62 377.718
9 63 515.292
9 64 662.516
9 65 813.818
9 66 961.837
9 67 1097.54
9 68 1210.65
9 69 1290.16
9 70 1325.08
9 71 1305.27
9 72 1222.4
9 73 1070.75
9 74 847.981
9 75 555.599
9 76 199.204
9 77 -211.679
9 78 -663.97
9 79 -1141.83
9 80 -1627.6
9 81 -2102.89
9 82 -2549.73
9 83 -2951.64
9 84 -3294.43
9 85 -3567.02
9 86 -3761.69
9 87 -3874.29
9 88 -3904.06
9 89 -3853.31
9 90 -3726.83
9 91 -3531.37
9 92 -3274.91
9 93 -2966.08
9 94 -2613.61
9 95 -2225.85
9 96 -1810.53
9 97 -1374.57
9 98 -924.031
9 99 -464.256
9 100 0

10 0 0
10 1 -498.332
10 2 -990.967
10 3 -1472
10 4 -1935.14
10 5 -2373.59
10 6 -2780.01
10 7 -3146.52
10 8 -3464.9
10 9 -3726.83
10 10 -3924.26
10 11 -4049.87
10 12 -4097.65
10 13 -4063.37
10 14 -3945.23
10 15 -3744.24
10 16 -3464.6
10 17 -3113.86
10 18 -2702.84
10 19 -2245.3
10 20 -1757.41
10 21 -1256.86
10 22 -762.016
10 23 -290.687
10 24 140.807
10 25 518.736
10 26 832.662
10 27 1076.04
10 28 1246.38
10 29 1345.17
10 30 1377.43
10 31 1351.1
10 32 1276.13
10 33 1163.65
10 34 1025.04
10 35 871.176
10 36 711.751
10 37 554.865
10 38 406.805
10 39 271.98
10 40 153.073
10 41 51.1821
10 42 -33.7271
10 43 -102.679
10 44 -157.172
10 45 -199.073
10 46 -230.283
10 47 -252.527
10 48 -267.295
10 49 -275.681
10 50 -278.448
10 51 -275.681
10 52 -267.295
10 53 -252.527
10 54 -230.283
10 55 -199.073
10 56 -157.172
10 57 -102.679
10 58 -33.7271
10 59 51.1821
10 60 153.073
10 61 271.98
10 62 406.805
10 63 554.865
10 64 711.751
10 65 871.176
10 66 1025.04
10 67 1163.65
10 68 1276.13
10 69 1351.1
10 70 1377.43
10 71 1345.17
10 72 1246.38
10 73 1076.04
10 74 832.662
10 75 518.736
10 76 140.807
10 77 -290.687
10 78 -762.016
10 79 -1256.86
10 80 -1757.41
10 81 -2245.3
10 82 -2702.84
10 83 -3113.86
10 84 -3464.6
10 85 -3744.24
10 86 -3945.23
10 87 -4063.37
10 88 -4097.65
10 89 -4049.87
10 90 -3924.26
10 91 -3726.83
10 92 -3464.9
10 93 -3146.52
10 94 -2780.01
10 95 -2373.59
10 96 -1935.14
10 97 -1472
10 98 -990.967
10 99 -498.332
10 100 0

11 0 0
11 1 -522.941
11 2 -1039.08
11 3 -1541.48
11 4 -2023.05
11 5 -2476.41
11 6 -2893.94
11 7 -3267.84
11 8 -3590.19
11 9 -3853.31
11 10 -4049.87
11 11 -4173.44
11 12 -4218.78
11 13 -4182.36
11 14 -4062.81
11 15 -3861.33
11 16 -3581.95
11 17 -3231.82
11 18 -2821.11
11 19 -2362.82
11 20 -1872.29
11 21 -1366.6
11 22 -863.574
11 23 -380.941
11 24 64.8635
11 25 459.533
11 26 791.855
11 27 1054.22
11 28 1243.08
11 29 1358.78
11 30 1405.43
11 31 1390.23
11 32 1322.7
11 33 1213.85
11 34 1075.23
11 35 918.096
11 36 752.73
11 37 587.939
11 38 430.701
11 39 286.129
11 40 157.436
11 41 46.2816
11 42 -47.1372
11 43 -123.512
11 44 -184.336
11 45 -231.416
11 46 -266.671
11 47 -291.946
11 48 -308.801
11 49 -318.444
11 50 -321.534
11 51 -318.444
11 52 -308.801
11 53 -291.946
11 54 -266.671
11 55 -231.416
11 56 -184.336
11 57 -123.512
11 58 -47.1372
11 59 46.2816
11 60 157.436
11 61 286.129
11 62 430.701
11 63 587.939
11 64 752.73
11 65 918.096
11 66 1075.23
11 67 1213.85
11 68 1322.7
11 69 1390.23
11 70 1405.43
11 71 1358.78
11 72 1243.08
11 73 1054.22
11 74 791.855
11 75 459.533
11 76 64.8635
11 77 -380.941
11 78 -863.574
11 79 -1366.6
11 80 -1872.29
11 81 -2362.82
11 82 -2821.11
11 83 -3231.82
11 84 -3581.95
11 85 -3861.33
11 86 -4062.81
11 87 -4182.36
11 88 -4218.78
11 89 -4173.44
11 90 -4049.87
11 91 -3853.31
11 92 -3590.19
11 93 -3267.84
11 94 -2893.94
11 95 -2476.41
11 96 -2023.05
11 97 -1541.48
11 98 -1039.08
11 99 -522.941
11 100 0

12 0 0
12 1 -536.327
12 2 -1064.96
12 3 -1578.17
12 4 -2068.25
12 5 -2527.45
12 6 -2948.09
12 7 -3322.59
12 8 -3643.57
12 9 -3904.06
12 10 -4097.65
12 11 -4218.78
12 12 -4263.09
12 13 -4227.66
12 14 -4111.52
12 15 -3915.85
12 16 -3644.39
12 17 -3303.57
12 18 -2902.62
12 19 -2453.36
12 20 -1970.04
12 21 -1468.61
12 22 -966.132
12 23 -479.822
12 24 -26.1031
12 25 380.394
12 26 727.666
12 27 1007.11
12 28 1213.89
12 29 1347.12
12 30 1409.7
12 31 1407.85
12 32 1350.38
12 33 1247.93
12 34 1112
12 35 954.075
12 36 784.906
12 37 613.937
12 38 448.856
12 39 295.432
12 40 157.563
12 41 37.3763
12 42 -64.4163
12 43 -148.34
12 44 -215.658
12 45 -268.102
12 46 -307.646
12 47 -336.14
12 48 -355.245
12 49 -366.158
12 50 -369.746
12 51 -366.158
12 52 -355.245
12 53 -336.14
12 54 -307.646
12 55 -268.102
12 56 -215.658
12 57 -148.34
12 58 -64.4163
12 59 37.3763
12 60 157.563
12 61 295.432
12 62 448.856
12 63 613.937
12 64 784.906
12 65 954.075
12 66 1112
12 67 1247.93
12 68 1350.38
12 69 1407.85
12 70 1409.7
12 71 1347.12
12 72 1213.89
12 73 1007.11
12 74 727.666
12 75 380.394
12 76 -26.1031
12 77 -479.822
12 78 -966.132
12 79 -1468.61
12 80 -1970.04
12 81 -2453.36
12 82 -2902.62
12 83 -3303.57
12 84 -3644.39
12 85 -3915.85
12 86 -4111.52
12 87 -4227.66
12 88 -4263.09
12 89 -4218.78
12 90 -4097.65
12 91 -3904.06
12 92 -3643.57
12 93 -3322.59
12 94 -2948.09
12 95 -2527.45
12 96 -2068.25
12 97 -1578.17
12 98 -1064.96
12 99 -536.327
12 100 0

13 0 0
13 1 -537.111
13 2 -1065.94
13 3 -1578.27
13 4 -2066.05
13 5 -2521.43
13 6 -2936.87
13 7 -3305.22
13 8 -3619.74
13 9 -3874.29
13 10 -4063.37
13 11 -4182.36
13 12 -4227.66
13 13 -4196.93
13 14 -4089.4
13 15 -3906.13
13 16 -3650.25
13 17 -3327.31
13 18 -2945.23
13 19 -2514.46
13 20 -2047.7
13 21 -1559.59
13 22 -1066.03
13 23 -583.539
13 24 -128.211
13 25 285.062
13 26 643.646
13 27 937.84
13 28 1161.54
13 29 1312.4
13 30 1391.96
13 31 1405.21
13 32 1360.02
13 33 1266.4
13 34 1135.58
13 35 979.149
13 36 808.192
13 37 632.712
13 38 461.031
13 39 299.671
13 40 153.158
13 41 24.2955
13 42 -85.8661
13 43 -177.403
13 44 -251.379
13 45 -309.435
13 46 -353.474
13 47 -385.415
13 48 -406.892
13 49 -419.25
13 50 -423.251
13 51 -419.25
13 52 -406.892
13 53 -385.415
13 54 -353.474
13 55 -309.435
13 56 -251.379
13 57 -177.403
13 58 -85.8661
13 59 24.2955
13 60 153.158
13 61 299.671
13 62 461.031
13 63 632.712
13 64 808.192
13 65 979.149
13 66 1135.58
13 67 1266.4
13 68 1360.02
13 69 1405.21
13 70 1391.96
13 71 1312.4
13 72 1161.54
13 73 937.84
13 74 643.646
13 75 285.062
13 76 -128.211
13 77 -583.539
13 78 -1066.03
13 79 -1559.59
13 80 -2047.7
13 81 -2514.46
13 82 -2945.23
13 83 -3327.31
13 84 -3650.25
13 85 -3906.13
13 86 -4089.4
13 87 -4196.93
13 88 -4227.66
13 89 -4182.36
13 90 -4063.37
13 91 -3874.29
13 92 -3619.74
13 93 -3305.22
13 94 -2936.87
13 95 -2521.43
13 96 -2066.05
13 97 -1578.27
13 98 -1065.94
13 99 -537.111
13 100 0

14 0 0
14 1 -524.42
14 2 -1040.36
14 3 -1539.44
14 4 -2013.64
14 5 -2455.26
14 6 -2857.15
14 7 -3212.71
14 8 -3515.99
14 9 -3761.69
14 10 -3945.23
14 11 -4062.81
14 12 -4111.52
14 13 -4089.4
14 14 -3995.76
14 15 -3831.26
14 16 -3598.34
14 17 -3301.28
14 18 -2946.62
14 19 -2543.06
14 20 -2101.62
14 21 -1635.24
14 22 -1158.53
14 23 -686.969
14 24 -236.255
14 25 178.712
14 26 544.67
14 27 850.945
14 28 1090.04
14 29 1258.12
14 30 1355.14
14 31 1384.69
14 32 1353.47
14 33 1270.67
14 34 1147.07
14 35 994.136
14 36 823.189
14 37 644.683
14 38 467.612
14 39 299.141
14 40 144.562
14 41 7.19972
14 42 -111.225
14 43 -210.475
14 44 -291.325
14 45 -355.223
14 46 -404.031
14 47 -439.596
14 48 -463.671
14 49 -477.516
14 50 -482.048
14 51 -477.516
14 52 -463.671
14 53 -439.596
14 54 -404.031
14 55 -355.223
14 56 -291.325
14 57 -210.475
14 58 -111.225
14 59 7.19972
14 60 144.562
14 61 299.141
14 62 467.612
14 63 644.683
14 64 823.189
14 65 994.136
14 66 1147.07
14 67 1270.67
14 68 1353.47
14 69 1384.69
14 70 1355.14
14 71 1258.12
14 72 1090.04
14 73 850.945
14 74 544.67
14 75 178.712
14 76 -236.255
14 77 -686.969
14 78 -1158.53
14 79 -1635.24
14 80 -2101.62
14 81 -2543.06
14 82 -2946.62
14 83 -3301.28
14 84 -3598.34
14 85 -3831.26
14 86 -3995.76
14 87 -4089.4
14 88 -4111.52
14 89 -4062.81
14 90 -3945.23
14 91 -3761.69
14 92 -3515.99
14 93 -3212.71
14 94 -2857.15
14 95 -2455.26
14 96 -2013.64
14 97 -1539.44
14 98 -1040.36
14 99 -524.42
14 100 0

15 0 0
15 1 -498.07
15 2 -987.852
15 3 -1461.26
15 4 -1910.57
15 5 -2328.59
15 6 -2708.75
15 7 -3045.19
15 8 -3332.75
15 9 -3567.02
15 10 -3744.24
15 11 -3861.33
15 12 -3915.85
15 13 -3906.13
15 14 -3831.26
15 15 -3691.44
15 16 -3488.05
15 17 -3224.11
15 18 -2904.4
15 19 -2535.85
15 20 -2127.47
15 21 -1690.45
15 22 -1237.8
15 23 -783.882
15 24 -343.714
15 25 67.8468
15 26 437.115
15 27 752.402
15 28 1004.89
15 29 1189.14
15 30 1303.48
15 31 1349.91
15 32 1333.8
15 33 1263.31
15 34 1148.56
15 35 1000.78
15 36 831.378
15 37 651.18
15 38 469.721
15 39 294.903
15 40 132.661
15 41 -12.9134
15 42 -139.634
15 43 -246.746
15 44 -334.675
15 45 -404.704
15 46 -458.523
15 47 -498.022
15 48 -524.814
15 49 -540.321
15 50 -545.38
15 51 -540.321
15 52 -524.814
15 53 -498.022
15 54 -458.523
15 55 -404.704
15 56 -334.675
15 57 -246.746
15 58 -139.634
15 59 -12.9134
15 60 132.661
15 61 294.903
15 62 469.721
15 63 651.18
15 64 831.378
15 65 1000.78
15 66 1148.56
15 67 1263.31
15 68 1333.8
15 69 1349.91
15 70 1303.48
15 71 1189.14
15 72 1004.89
15 73 752.402
15 74 437.115
15 75 67.8468
15 76 -343.714
15 77 -783.882
15 78 -1237.8
15 79 -1690.45
15 80 -2127.47
15 81 -2535.85
15 82 -2904.4
15 83 -3224.11
15 84 -3488.05
15 85 -3691.44
15 86 -3831.26
15 87 -3906.13
15 88 -3915.85
15 89 -3861.33
15 90 -3744.24
15 91 -3567.02
15 92 -3332.75
15 93 -3045.19
15 94 -2708.75
15 95 -2328.59
15 96 -1910.57
15 97 -1461.26
15 98 -987.852
15 99 -498.07
15 100 0

16 0 0
16 1 -458.599
16 2 -909.528
16 3 -1345.35
16 4 -1759.03
16 5 -2144.13
16 6 -2494.88
16 7 -2806.25
16 8 -3073.99
16 9 -3294.43
16 10 -3464.6
16 11 -3581.95
16 12 -3644.39
16 13 -3650.25
16 14 -3598.34
16 15 -3488.05
16 16 -3319.73
16 17 -3094.81
16 18 -2816.38
16 19 -2489.29
16 20 -2120.59
16 21 -1719.47
16 22 -1297.28
16 23 -867.042
16 24 -443.025
16 25 -39.7987
16 26 328.558
16 27 649.508
16 28 912.9
16 29 1111.74
16 30 1242.62
16 31 1305.87
16 32 1305.38
16 33 1248.11
16 34 1143.4
16 35 1002.02
16 36 835.381
16 37 654.525
16 38 469.553
16 39 288.956
16 40 119.465
16 41 -34.2589
16 42 -169.302
16 43 -284.442
16 44 -379.752
16 45 -456.203
16 46 -515.394
16 47 -559.017
16 48 -588.813
16 49 -606.074
16 50 -611.726
16 51 -606.074
16 52 -588.813
16 53 -559.017
16 54 -515.394
16 55 -456.203
16 56 -379.752
16 57 -284.442
16 58 -169.302
16 59 -34.2589
16 60 119.465
16 61 288.956
16 62 469.553
16 63 654.525
16 64 835.381
16 65 1002.02
16 66 1143.4
16 67 1248.11
16 68 1305.38
16 69 1305.87
16 70 1242.62
16 71 1111.74
16 72 912.9
16 73 649.508
16 74 328.558
16 75 -39.7987
16 76 -443.025
16 77 -867.042
16 78 -1297.28
16 79 -1719.47
16 80 -2120.59
16 81 -2489.29
16 82 -2816.38
16 83 -3094.81
16 84 -3319.73
16 85 -3488.05
16 86 -3598.34
16 87 -3650.25
16 88 -3644.39
16 89 -3581.95
16 90 -3464.6
16 91 -3294.43
16 92 -3073.99
16 93 -2806.25
16 94 -2494.88
16 95 -2144.13
16 96 -1759.03
16 97 -1345.35
16 98 -909.528
16 99 -458.599
16 100 0

17 0 0
17 1 -407.309
17 2 -807.951
17 3 -1195.5
17 4 -1563.9
17 5 -1907.73
17 6 -2222.18
17 7 -2503.17
17 8 -2747.27
17 9 -2951.64
17 10 -3113.86
17 11 -3231.82
17 12 -3303.57
17 13 -3327.31
17 14 -3301.28
17 15 -3224.11
17 16 -3094.81
17 17 -2913.33
17 18 -2680.83
17 19 -2400.2
17 20 -2076.31
17 21 -1716.41
17 22 -1329.99
17 23 -928.701
17 24 -525.847
17 25 -135.663
17 26 227.61
17 27 550.638
17 28 822.103
17 29 1033.43
17 30 1179.5
17 31 1258.88
17 32 1273.92
17 33 1230.24
17 34 1136.22
17 35 1002.09
17 36 839.05
17 37 658.336
17 38 470.451
17 39 284.565
17 40 107.989
17 41 -53.8003
17 42 -197.311
17 43 -320.748
17 44 -423.74
17 45 -507.015
17 46 -571.867
17 47 -620
17 48 -652.971
17 49 -672.168
17 50 -678.466
17 51 -672.168
17 52 -652.971
17 53 -620
17 54 -571.867
17 55 -507.015
17 56 -423.74
17 57 -320.748
17 58 -197.311
17 59 -53.8003
17 60 107.989
17 61 284.565
17 62 470.451
17 63 658.336
17 64 839.05
17 65 1002.09
17 66 1136.22
17 67 1230.24
17 68 1273.92
17 69 1258.88
17 70 1179.5
17 71 1033.43
17 72 822.103
17 73 550.638
17 74 227.61
17 75 -135.663
17 76 -525.847
17 77 -928.701
17 78 -1329.99
17 79 -1716.41
17 80 -2076.31
17 81 -2400.2
17 82 -2680.83
17 83 -2913.33
17 84 -3094.81
17 85 -3224.11
17 86 -3301.28
17 87 -3327.31
17 88 -3303.57
17 89 -3231.82
17 90 -3113.86
17 91 -2951.64
17 92 -2747.27
17 93 -2503.17
17 94 -2222.18
17 95 -1907.73
17 96 -1563.9
17 97 -1195.5
17 98 -807.951
17 99 -407.309
17 100 0

18 0 0
18 1 -346.24
18 2 -687.129
18 3 -1017.52
18 4 -1332.62
18 5 -1628.19
18 6 -1900.53
18 7 -2146.53
18 8 -2363.67
18 9 -2549.73
18 10 -2702.84
18 11 -2821.11
18 12 -2902.62
18 13 -2945.23
18 14 -2946.62
18 15 -2904.4
18 16 -2816.38
18 17 -2680.83
18 18 -2497.14
18 19 -2266.09
18 20 -1990.54
18 21 -1675.63
18 22 -1329.09
18 23 -961.001
18 24 -583.665
18 25 -210.742
18 26 143.437
18 27 464.963
18 28 741.399
18 29 962.724
18 30 1122.12
18 31 1216.44
18 32 1246.37
18 33 1216.11
18 34 1132.97
18 35 1006.48
18 36 847.563
18 37 667.484
18 38 477.131
18 39 286.153
18 40 102.636
18 41 -67.3156
18 42 -219.494
18 43 -351.535
18 44 -462.647
18 45 -553.093
18 46 -624.063
18 47 -676.979
18 48 -713.445
18 49 -734.722
18 50 -741.716
18 51 -734.722
18 52 -713.445
18 53 -676.979
18 54 -624.063
18 55 -553.093
18 56 -462.647
18 57 -351.535
18 58 -219.494
18 59 -67.3156
18 60 102.636
18 61 286.153
18 62 477.131
18 63 667.484
18 64 847.563
18 65 1006.48
18 66 1132.97
18 67 1216.11
18 68 1246.37
18 69 1216.44
18 70 1122.12
18 71 962.724
18 72 741.399
18 73 464.963
18 74 143.437
18 75 -210.742
18 76 -583.665
18 77 -961.001
18 78 -1329.09
18 79 -1675.63
18 80 -1990.54
18 81 -2266.09
18 82 -2497.14
18 83 -2680.83
18 84 -2816.38
18 85 -2904.4
18 86 -2946.62
18 87 -2945.23
18 88 -2902.62
18 89 -2821.11
18 90 -2702.84
18 91 -2549.73
18 92 -2363.67
18 93 -2146.53
18 94 -1900.53
18 95 -1628.19
18 96 -1332.62
18 97 -1017.52
18 98 -687.129
18 99 -346.24
18 100 0

19 0 0
19 1 -277.992
19 2 -552.166
19 3 -818.865
19 4 -1074.73
19 5 -1316.81
19 6 -1542.59
19 7 -1750
19 8 -1937.28
19 9 -2102.89
19 10 -2245.3
19 11 -2362.82
19 12 -2453.36
19 13 -2514.46
19 14 -2543.06
19 15 -2535.85
19 16 -2489.29
19 17 -2400.2
19 18 -2266.09
19 19 -2085.88
19 20 -1860.32
19 21 -1592.62
19 22 -1288.57
19 23 -956.794
19 24 -608.344
19 25 -256.283
19 26 85.2091
19 27 401.768
19 28 680.05
19 29 908.683
19 30 1079.26
19 31 1186.91
19 32 1230.64
19 33 1213.21
19 34 1140.73
19 35 1021.96
19 36 867.341
19 37 688.15
19 38 495.486
19 39 299.583
19 40 109.062
19 41 -69.1989
19 42 -230.344
19 43 -371.399
19 44 -490.997
19 45 -589.149
19 46 -666.607
19 47 -724.726
19 48 -764.93
19 49 -788.492
19 50 -796.249
19 51 -788.492
19 52 -764.93
19 53 -724.726
19 54 -666.607
19 55 -589.149
19 56 -490.997
19 57 -371.399
19 58 -230.344
19 59 -69.1989
19 60 109.062
19 61 299.583
19 62 495.486
19 63 688.15
19 64 867.341
19 65 1021.96
19 66 1140.73
19 67 1213.21
19 68 1230.64
19 69 1186.91
19 70 1079.26
19 71 908.683
19 72 680.05
19 73 401.768
19 74 85.2091
19 75 -256.283
19 76 -608.344
19 77 -956.794
19 78 -1288.57
19 79 -1592.62
19 80 -1860.32
19 81 -2085.88
19 82 -2266.09
19 83 -2400.2
19 84 -2489.29
19 85 -2535.85
19 86 -2543.06
19 87 -2514.46
19 88 -2453.36
19 89 -2362.82
19 90 -2245.3
19 91 -2102.89
19 92 -1937.28
19 93 -1750
19 94 -1542.59
19 95 -1316.81
19 96 -1074.73
19 97 -818.865
19 98 -552.166
19 99 -277.992
19 100 0

20 0 0
20 1 -205.617
20 2 -409.057
20 3 -608.247
20 4 -801.336
20 5 -986.716
20 6 -1163.08
20 7 -1329.33
20 8 -1484.5
20 9 -1627.6
20 10 -1757.41
20 11 -1872.29
20 12 -1970.04
20 13 -2047.7
20 14 -2101.62
20 15 -2127.47
20 16 -2120.59
20 17 -2076.31
20 18 -1990.54
20 19 -1860.32
20 20 -1684.54
20 21 -1464.41
20 22 -1203.97
20 23 -910.203
20 24 -592.958
20 25 -264.468
20 26 61.3398
20 27 369.901
20 28 647.078
20 29 880.35
20 30 1059.81
20 31 1178.97
20 32 1235.17
20 33 1229.68
20 34 1167.36
20 35 1056.06
20 36 905.723
20 37 727.459
20 38 532.591
20 39 331.691
20 40 134.085
20 41 -52.7223
20 42 -223.162
20 43 -373.61
20 44 -502.252
20 45 -608.504
20 46 -692.935
20 47 -756.628
20 48 -800.902
20 49 -826.916
20 50 -835.494
20 51 -826.916
20 52 -800.902
20 53 -756.628
20 54 -692.935
20 55 -608.504
20 56 -502.252
20 57 -373.61
20 58 -223.162
20 59 -52.7223
20 60 134.085
20 61 331.691
20 62 532.591
20 63 727.459
20 64 905.723
20 65 1056.06
20 66 1167.36
20 67 1229.68
20 68 1235.17
20 69 1178.97
20 70 1059.81
20 71 880.35
20 72 647.078
20 73 369.901
20 74 61.3398
20 75 -264.468
20 76 -592.958
20 77 -910.203
20 78 -1203.97
20 79 -1464.41
20 80 -1684.54
20 81 -1860.32
20 82 -1990.54
20 83 -2076.31
20 84 -2120.59
20 85 -2127.47
20 86 -2101.62
20 87 -2047.7
20 88 -1970.04
20 89 -1872.29
20 90 -1757.41
20 91 -1627.6
20 92 -1484.5
20 93 -1329.33
20 94 -1163.08
20 95 -986.716
20 96 -801.336
20 97 -608.247
20 98 -409.057
20 99 -205.617
20 100 0

21 0 0
21 1 -132.36
21 2 -264.165
21 3 -394.945
21 4 -524.293
21 5 -651.96
21 6 -777.758
21 7 -901.547
21 8 -1023.07
21 9 -1141.83
21 10 -1256.86
21 11 -1366.6
21 12 -1468.61
21 13 -1559.59
21 14 -1635.24
21 15 -1690.45
21 16 -1719.47
21 17 -1716.41
21 18 -1675.63
21 19 -1592.62
21 20 -1464.41
21 21 -1290.46
21 22 -1073.03
21 23 -817.542
21 24 -532.498
21 25 -229.253
21 26 78.754
21 27 376.891
21 28 650.463
21 29 885.964
21 30 1072.16
21 31 1201.01
21 32 1268.27
21 33 1273.72
21 34 1220.91
21 35 1116.73
21 36 970.528
21 37 793.18
21 38 596.044
21 39 390.143
21 40 185.304
21 41 -10.2701
21 42 -190.323
21 43 -350.642
21 44 -488.678
21 45 -603.568
21 46 -695.406
21 47 -765.066
21 48 -813.678
21 49 -842.358
21 50 -851.821
21 51 -842.358
21 52 -813.678
21 53 -765.066
21 54 -695.406
21 55 -603.568
21 56 -488.678
21 57 -350.642
21 58 -190.323
21 59 -10.2701
21 60 185.304
21 61 390.143
21 62 596.044
21 63 793.18
21 64 970.528
21 65 1116.73
21 66 1220.91
21 67 1273.72
21 68 1268.27
21 69 1201.01
21 70 1072.16
21 71 885.964
21 72 650.463
21 73 376.891
21 74 78.754
21 75 -229.253
21 76 -532.498
21 77 -817.542
21 78 -1073.03
21 79 -1290.46
21 80 -1464.41
21 81 -1592.62
21 82 -1675.63
21 83 -1716.41
21 84 -1719.47
21 85 -1690.45
21 86 -1635.24
21 87 -1559.59
21 88 -1468.61
21 89 -1366.6
21 90 -1256.86
21 91 -1141.83
21 92 -1023.07
21 93 -901.547
21 94 -777.758
21 95 -651.96
21 96 -524.293
21 97 -394.945
21 98 -264.165
21 99 -132.36
21 100 0

22 0 0
22 1 -61.4219
22 2 -123.806
22 3 -188.151
22 4 -255.411
22 5 -326.555
22 6 -402.459
22 7 -483.799
22 8 -571.005
22 9 -663.97
22 10 -762.016
22 11 -863.574
22 12 -966.132
22 13 -1066.03
22 14 -1158.53
22 15 -1237.8
22 16 -1297.28
22 17 -1329.99
22 18 -1329.09
22 19 -1288.57
22 20 -1203.97
22 21 -1073.03
22 22 -896.402
22 23 -677.874
22 24 -424.669
22 25 -147.078
22 26 142.032
22 27 428.184
22 28 696.317
22 29 932.157
22 30 1123.3
22 31 1260.28
22 32 1337.36
22 33 1352.82
22 34 1308.94
22 35 1211.57
22 36 1069.4
22 37 892.925
22 38 693.595
22 39 482.668
22 40 270.564
22 41 66.0611
22 42 -123.906
22 43 -294.343
22 44 -442.261
22 45 -566.158
22 46 -665.802
22 47 -741.784
22 48 -795.041
22 49 -826.528
22 50 -836.94
22 51 -826.528
22 52 -795.041
22 53 -741.784
22 54 -665.802
22 55 -566.158
22 56 -442.261
22 57 -294.343
22 58 -123.906
22 59 66.0611
22 60 270.564
22 61 482.668
22 62 693.595
22 63 892.925
22 64 1069.4
22 65 1211.57
22 66 1308.94
22 67 1352.82
22 68 1337.36
22 69 1260.28
22 70 1123.3
22 71 932.157
22 72 696.317
22 73 428.184
22 74 142.032
22 75 -147.078
22 76 -424.669
22 77 -677.874
22 78 -896.402
22 79 -1073.03
22 80 -1203.97
22 81 -1288.57
22 82 -1329.09
22 83 -1329.99
22 84 -1297.28
22 85 -1237.8
22 86 -1158.53
22 87 -1066.03
22 88 -966.132
22 89 -863.574
22 90 -762.016
22 91 -663.97
22 92 -571.005
22 93 -483.799
22 94 -402.459
22 95 -326.555
22 96 -255.411
22 97 -188.151
22 98 -123.806
22 99 -61.4219
22 100 0

23 0 0
23 1 4.24008
23 2 6.20804
23 3 3.63244
23 4 -5.60524
23 5 -23.5447
23 6 -51.9379
23 7 -92.2233
23 8 -145.365
23 9 -211.679
23 10 -290.687
23 11 -380.941
23 12 -479.822
23 13 -583.539
23 14 -686.969
23 15 -783.882
23 16 -867.042
23 17 -928.701
23 18 -961.001
23 19 -956.794
23 20 -910.203
23 21 -817.542
23 22 -677.874
23 23 -493.536
23 24 -270.371
23 25 -17.5918
23 26 252.704
23 27 526.332
23 28 788.1
23 29 1023.12
23 30 1218
23 31 1362.03
23 32 1448.04
23 33 1472.92
23 34 1437.63
23 35 1346.96
23 36 1208.86
23 37 1033.48
23 38 832.143
23 39 616.421
23 40 397.128
23 41 183.688
23 42 -16.2122
23 43 -197.047
23 44 -355.044
23 45 -488.271
23 46 -596.05
23 47 -678.635
23 48 -736.731
23 49 -771.197
23 50 -782.604
23 51 -771.197
23 52 -736.731
23 53 -678.635
23 54 -596.05
23 55 -488.271
23 56 -355.044
23 57 -197.047
23 58 -16.2122
23 59 183.688
23 60 397.128
23 61 616.421
23 62 832.143
23 63 1033.48
23 64 1208.86
23 65 1346.96
23 66 1437.63
23 67 1472.92
23 68 1448.04
23 69 1362.03
23 70 1218
23 71 1023.12
23 72 788.1
23 73 526.332
23 74 252.704
23 75 -17.5918
23 76 -270.371
23 77 -493.536
23 78 -677.874
23 79 -817.542
23 80 -910.203
23 81 -956.794
23 82 -961.001
23 83 -928.701
23 84 -867.042
23 85 -783.882
23 86 -686.969
23 87 -583.539
23 88 -479.822
23 89 -380.941
23 90 -290.687
23 91 -211.679
23 92 -145.365
23 93 -92.2233
23 94 -51.9379
23 95 -23.5447
23 96 -5.60524
23 97 3.63244
23 98 6.20804
23 99 4.24008
23 100 0

24 0 0
24 1 62.1451
24 2 120.97
24 3 173.225
24 4 215.824
24 5 245.922
24 6 261.017
24 7 259.095
24 8 238.705
24 9 199.204
24 10 140.807
24 11 64.8635
24 12 -26.1031
24 13 -128.211
24 14 -236.255
24 15 -343.714
24 16 -443.025
24 17 -525.847
24 18 -583.665
24 19 -608.344
24 20 -592.958
24 21 -532.498
24 22 -424.669
24 23 -270.371
24 24 -74.1269
24 25 156.019
24 26 408.799
24 27 670.491
24 28 925.952
24 29 1159.87
24 30 1358.07
24 31 1508.72
24 32 1603.37
24 33 1637.51
24 34 1610.88
24 35 1527.18
24 36 1393.6
24 37 1219.78
24 38 1016.98
24 39 796.904
24 40 570.833
24 41 348.789
24 42 139.008
24 43 -52.1078
24 44 -220.284
24 45 -362.976
24 46 -479.052
24 47 -568.403
24 48 -631.518
24 49 -669.03
24 50 -681.473
24 51 -669.03
24 52 -631.518
24 53 -568.403
24 54 -479.052
24 55 -362.976
24 56 -220.284
24 57 -52.1078
24 58 139.008
24 59 348.789
24 60 570.833
24 61 796.904
24 62 1016.98
24 63 1219.78
24 64 1393.6
24 65 1527.18
24 66 1610.88
24 67 1637.51
24 68 1603.37
24 69 1508.72
24 70 1358.07
24 71 1159.87
24 72 925.952
24 73 670.491
24 74 408.799
24 75 156.019
24 76 -74.1269
24 77 -270.371
24 78 -424.669
24 79 -532.498
24 80 -592.958
24 81 -608.344
24 82 -583.665
24 83 -525.847
24 84 -443.025
24 85 -343.714
24 86 -236.255
24 87 -128.211
24 88 -26.1031
24 89 64.8635
24 90 140.807
24 91 199.204
24 92 238.705
24 93 259.095
24 94 261.017
24 95 245.922
24 96 215.824
24 97 173.225
24 98 120.97
24 99 62.1451
24 100 0

25 0 0
25 1 110.428
25 2 216.802
25 3 315.178
25 4 401.798
25 5 473.225
25 6 526.445
25 7 558.966
25 8 569.02
25 9 555.599
25 10 518.736
25 11 459.533
25 12 380.394
25 13 285.062
25 14 178.712
25 15 67.8468
25 16 -39.7987
25 17 -135.663
25 18 -210.742
25 19 -256.283
25 20 -264.468
25 21 -229.253
25 22 -147.078
25 23 -17.5918
25 24 156.019
25 25 366.842
25 26 604.545
25 27 855.995
25 28 1106.25
25 29 1339.75
25 30 1541.71
25 31 1699.34
25 32 1802.99
25 33 1846.89
25 34 1829.55
25 35 1753.62
25 36 1625.4
25 37 1454.1
25 38 1250.76
25 39 1027.25
25 40 795.17
25 41 565.077
25 42 346.006
25 43 144.897
25 44 -33.2569
25 45 -185.311
25 46 -309.66
25 47 -405.817
25 48 -473.959
25 49 -514.574
25 50 -528.057
25 51 -514.574
25 52 -473.959
25 53 -405.817
25 54 -309.66
25 55 -185.311
25 56 -33.2569
25 57 144.897
25 58 346.006
25 59 565.077
25 60 795.17
25 61 1027.25
25 62 1250.76
25 63 1454.1
25 64 1625.4
25 65 1753.62
25 66 1829.55
25 67 1846.89
25 68 1802.99
25 69 1699.34
25 70 1541.71
25 71 1339.75
25 72 1106.25
25 73 855.995
25 74 604.545
25 75 366.842
25 76 156.019
25 77 -17.5918
25 78 -147.078
25 79 -229.253
25 80 -264.468
25 81 -256.283
25 82 -210.742
25 83 -135.663
25 84 -39.7987
25 85 67.8468
25 86 178.712
25 87 285.062
25 88 380.394
25 89 459.533
25 90 518.736
25 91 555.599
25 92 569.02
25 93 558.966
25 94 526.445
25 95 473.225
25 96 401.798
25 97 315.178
25 98 216.802
25 99 110.428
25 100 0

26 0 0
26 1 147.94
26 2 291.408
26 3 426.074
26 4 547.781
26 5 652.766
26 6 737.675
26 7 799.747
26 8 836.93
26 9 847.981
26 10 832.662
26 11 791.855
26 12 727.666
26 13 643.646
26 14 544.67
26 15 437.115
26 16 328.558
26 17 227.61
26 18 143.437
26 19 85.2091
26 20 61.3398
26 21 78.754
26 22 142.032
26 23 252.704
26 24 408.799
26 25 604.545
26 26 830.576
26 27 1074.46
26 28 1321.57
26 29 1556.27
26 30 1763.29
26 31 1929.05
26 32 2042.8
26 33 2097.64
26 34 2090.85
26 35 2024
26 36 1902.59
26 37 1735.26
26 38 1532.83
26 39 1307.2
26 40 1070.31
26 41 833.317
26 42 605.759
26 43 395.361
26 44 207.77
26 45 46.7202
26 46 -85.6608
26 47 -188.445
26 48 -261.543
26 49 -305.2
26 50 -319.717
26 51 -305.2
26 52 -261.543
26 53 -188.445
26 54 -85.6608
26 55 46.7202
26 56 207.77
26 57 395.361
26 58 605.759
26 59 833.317
26 60 1070.31
26 61 1307.2
26 62 1532.83
26 63 1735.26
26 64 1902.59
26 65 2024
26 66 2090.85
26 67 2097.64
26 68 2042.8
26 69 1929.05
26 70 1763.29
26 71 1556.27
26 72 1321.57
26 73 1074.46
26 74 830.576
26 75 604.545
26 76 408.799
26 77 252.704
26 78 142.032
26 79 78.754
26 80 61.3398
26 81 85.2091
26 82 143.437
26 83 227.61
26 84 328.558
26 85 437.115
26 86 544.67
26 87 643.646
26 88 727.666
26 89 791.855
26 90 832.662
26 91 847.981
26 92 836.93
26 93 799.747
26 94 737.675
26 95 652.766
26 96 547.781
26 97 426.074
26 98 291.408
26 99 147.94
26 100 0

27 0 0
27 1 174.249
27 2 343.922
27 3 504.561
27 4 651.921
27 5 782.095
27 6 891.624
27 7 977.587
27 8 1037.78
27 9 1070.75
27 10 1076.04
27 11 1054.22
27 12 1007.11
27 13 937.84
27 14 850.945
27 15 752.402
27 16 649.508
27 17 550.638
27 18 464.963
27 19 401.768
27 20 369.901
27 21 376.891
27 22 428.184
27 23 526.332
27 24 670.491
27 25 855.995
27 26 1074.46
27 27 1314.2
27 28 1560.99
27 29 1799.27
27 30 2013.41
27 31 2189.17
27 32 2314.84
27 33 2382.41
27 34 2388.01
27 35 2332.17
27 36 2219.53
27 37 2058.16
27 38 1858.56
27 39 1632.64
27 40 1392.68
27 41 1150.23
27 42 915.525
27 43 696.919
27 44 500.744
27 45 331.371
27 46 191.491
27 47 82.4132
27 48 4.61184
27 49 -41.9674
27 50 -57.4604
27 51 -41.9674
27 52 4.61184
27 53 82.4132
27 54 191.491
27 55 331.371
27 56 500.744
27 57 696.919
27 58 915.525
27 59 1150.23
27 60 1392.68
27 61 1632.64
27 62 1858.56
27 63 2058.16
27 64 2219.53
27 65 2332.17
27 66 2388.01
27 67 2382.41
27 68 2314.84
27 69 2189.17
27 70 2013.41
27 71 1799.27
27 72 1560.99
27 73 1314.2
27 74 1074.46
27 75 855.995
27 76 670.491
27 77 526.332
27 78 428.184
27 79 376.891
27 80 369.901
27 81 401.768
27 82 464.963
27 83 550.638
27 84 649.508
27 85 752.402
27 86 850.945
27 87 937.84
27 88 1007.11
27 89 1054.22
27 90 1076.04
27 91 1070.75
27 92 1037.78
27 93 977.587
27 94 891.624
27 95 782.095
27 96 651.921
27 97 504.561
27 98 343.922
27 99 174.249
27 100 0

28 0 0
28 1 189.656
28 2 374.884
28 3 551.354
28 4 714.947
28 5 861.842
28 6 988.62
28 7 1092.38
28 8 1170.82
28 9 1222.4
28 10 1246.38
28 11 1243.08
28 12 1213.89
28 13 1161.54
28 14 1090.04
28 15 1004.89
28 16 912.9
28 17 822.103
28 18 741.399
28 19 680.05
28 20 647.078
28 21 650.463
28 22 696.317
28 23 788.1
28 24 925.952
28 25 1106.25
28 26 1321.57
28 27 1560.99
28 28 1810.79
28 29 2055.56
28 30 2279.46
28 31 2467.63
28 32 2607.56
28 33 2690.17
28 34 2710.52
28 35 2668.1
28 36 2566.69
28 37 2413.7
28 38 2219.31
28 39 1995.42
28 40 1754.48
28 41 1508.54
28 42 1268.37
28 43 1043
28 44 839.471
28 45 662.766
28 46 516.112
28 47 401.326
28 48 319.193
28 49 269.924
28 50 253.51
28 51 269.924
28 52 319.193
28 53 401.326
28 54 516.112
28 55 662.766
28 56 839.471
28 57 1043
28 58 1268.37
28 59 1508.54
28 60 1754.48
28 61 1995.42
28 62 2219.31
28 63 2413.7
28 64 2566.69
28 65 2668.1
28 66 2710.52
28 67 2690.17
28 68 2607.56
28 69 2467.63
28 70 2279.46
28 71 2055.56
28 72 1810.79
28 73 1560.99
28 74 1321.57
28 75 1106.25
28 76 925.952
28 77 788.1
28 78 696.317
28 79 650.463
28 80 647.078
28 81 680.05
28 82 741.399
28 83 822.103
28 84 912.9
28 85 1004.89
28 86 1090.04
28 87 1161.54
28 88 1213.89
28 89 1243.08
28 90 1246.38
28 91 1222.4
28 92 1170.82
28 93 1092.38
28 94 988.62
