0 0 0
0 1 0
0 2 0
0 3 0
0 4 0
0 5 0
0 6 0
0 7 0
0 8 0
0 9 0
0 10 0
0 11 0
0 12 0
0 13 0
0 14 0
0 15 0
0 16 0
0 17 0
0 18 0
0 19 0
0 20 0
0 21 0
0 22 0
0 23 0
0 24 0
0 25 0
0 26 0
0 27 0
0 28 0
0 29 0
0 30 0
0 31 0
0 32 0
0 33 0
0 34 0
0 35 0
0 36 0
0 37 0
0 38 0
0 39 0
0 40 0
0 41 0
0 42 0
0 43 0
0 44 0
0 45 0
0 46 0
0 47 0
0 48 0
0 49 0
0 50 0
0 51 0
0 52 0
0 53 0
0 54 0
0 55 0
0 56 0
0 57 0
0 58 0
0 59 0
0 60 0
0 61 0
0 62 0
0 63 0
0 64 0
0 65 0
0 66 0
0 67 0
0 68 0
0 69 0
0 70 0
0 71 0
0 72 0
0 73 0
0 74 0
0 75 0
0 76 0
0 77 0
0 78 0
0 79 0
0 80 0
0 81 0
0 82 0
0 83 0
0 84 0
0 85 0
0 86 0
0 87 0
0 88 0
0 89 0
0 90 0
0 91 0
0 92 0
0 93 0
0 94 0
0 95 0
0 96 0
0 97 0
0 98 0
0 99 0
0 100 0

1 0 0
1 1 -1.32548
1 2 -2.73662
1 3 -4.42871
1 4 -6.54345
1 5 -9.19203
1 6 -12.5874
1 7 -16.8938
1 8 -22.2583
1 9 -28.9526
1 10 -37.0899
1 11 -46.9161
1 12 -58.637
1 13 -72.3275
1 14 -88.1448
1 15 -106.151
1 16 -126.333
1 17 -148.659
1 18 -172.975
1 19 -199.091
1 20 -226.745
1 21 -255.58
1 22 -285.239
1 23 -315.261
1 24 -345.213
1 25 -374.619
1 26 -403.018
1 27 -429.997
1 28 -455.137
1 29 -478.139
1 30 -498.705
1 31 -516.664
1 32 -531.89
1 33 -544.347
1 34 -554.085
1 35 -561.194
1 36 -565.878
1 37 -568.325
1 38 -568.844
1 39 -567.696
1 40 -565.24
1 41 -561.762
1 42 -557.633
1 43 -553.129
1 44 -548.58
1 45 -544.231
1 46 -540.34
1 47 -537.092
1 48 -534.661
1 49 -533.149
1 50 -532.642
1 51 -533.149
1 52 -534.661
1 53 -537.092
1 54 -540.34
1 55 -544.231
1 56 -548.58
1 57 -553.129
1 58 -557.633
1 59 -561.762
1 60 -565.24
1 61 -567.696
1 62 -568.844
1 63 -568.325
1 64 -565.878
1 65 -561.194
1 66 -554.085
1 67 -544.347
1 68 -531.89
1 69 -516.664
1 70 -498.705
1 71 -478.139
1 72 -455.137
1 73 -429.997
1 74 -403.018
1 75 -374.619
1 76 -345.213
1 77 -315.261
1 78 -285.239
1 79 -255.58
1 80 -226.745
1 81 -199.091
1 82 -172.975
1 83 -148.659
1 84 -126.333
1 85 -106.151
1 86 -88.1448
1 87 -72.3275
1 88 -58.637
1 89 -46.9161
1 90 -37.0899
1 91 -28.9526
1 92 -22.2583
1 93 -16.8938
1 94 -12.5874
1 95 -9.19203
1 96 -6.54345
1 97 -4.42871
1 98 -2.73662
1 99 -1.32548
1 100 0

2 0 0
2 1 -2.73662
2 2 -5.72538
2 3 -9.29332
2 4 -13.6948
2 5 -19.1971
2 6 -26.1983
2 7 -35.0709
2 8 -46.1574
2 9 -59.7828
2 10 -76.4771
2 11 -96.5414
2 12 -120.31
2 13 -148.072
2 14 -180.014
2 15 -216.26
2 16 -256.776
2 17 -301.447
2 18 -349.96
2 19 -401.902
2 20 -456.71
2 21 -513.682
2 22 -572.053
2 23 -630.934
2 24 -689.435
2 25 -746.633
2 26 -801.627
2 27 -853.602
2 28 -901.785
2 29 -945.576
2 30 -984.45
2 31 -1018.08
2 32 -1046.27
2 33 -1068.98
2 34 -1086.32
2 35 -1098.53
2 36 -1105.99
2 37 -1109.17
2 38 -1108.61
2 39 -1104.92
2 40 -1098.73
2 41 -1090.7
2 42 -1081.49
2 43 -1071.71
2 44 -1061.94
2 45 -1052.72
2 46 -1044.52
2 47 -1037.71
2 48 -1032.63
2 49 -1029.49
2 50 -1028.42
2 51 -1029.49
2 52 -1032.63
2 53 -1037.71
2 54 -1044.52
2 55 -1052.72
2 56 -1061.94
2 57 -1071.71
2 58 -1081.49
2 59 -1090.7
2 60 -1098.73
2 61 -1104.92
2 62 -1108.61
2 63 -1109.17
2 64 -1105.99
2 65 -1098.53
2 66 -1086.32
2 67 -1068.98
2 68 -1046.27
2 69 -1018.08
2 70 -984.45
2 71 -945.576
2 72 -901.785
2 73 -853.602
2 74 -801.627
2 75 -746.633
2 76 -689.435
2 77 -630.934
2 78 -572.053
2 79 -513.682
2 80 -456.71
2 81 -401.902
2 82 -349.96
2 83 -301.447
2 84 -256.776
2 85 -216.26
2 86 -180.014
2 87 -148.072
2 88 -120.31
2 89 -96.5414
2 90 -76.4771
2 91 -59.7828
2 92 -46.1574
2 93 -35.0709
2 94 -26.1983
2 95 -19.1971
2 96 -13.6948
2 97 -9.29332
2 98 -5.72538
2 99 -2.73662
2 100 0

3 0 0
3 1 -4.42871
3 2 -9.29332
3 3 -15.0008
3 4 -22.0086
3 5 -30.809
3 6 -41.9091
3 7 -55.8689
3 8 -73.1894
3 9 -94.5563
3 10 -120.432
3 11 -151.427
3 12 -187.99
3 13 -230.464
3 14 -279.131
3 15 -334.057
3 16 -395.171
3 17 -462.176
3 18 -534.585
3 19 -611.687
3 20 -692.59
3 21 -776.223
3 22 -861.381
3 23 -946.766
3 24 -1031.03
3 25 -1112.83
3 26 -1190.88
3 27 -1263.99
3 28 -1331.12
3 29 -1391.43
3 30 -1444.25
3 31 -1489.16
3 32 -1525.97
3 33 -1554.69
3 34 -1575.59
3 35 -1589.07
3 36 -1595.76
3 37 -1596.38
3 38 -1591.8
3 39 -1582.91
3 40 -1570.69
3 41 -1556.1
3 42 -1540.09
3 43 -1523.58
3 44 -1507.42
3 45 -1492.36
3 46 -1479.09
3 47 -1468.17
3 48 -1460.05
3 49 -1455.04
3 50 -1453.35
3 51 -1455.04
3 52 -1460.05
3 53 -1468.17
3 54 -1479.09
3 55 -1492.36
3 56 -1507.42
3 57 -1523.58
3 58 -1540.09
3 59 -1556.1
3 60 -1570.69
3 61 -1582.91
3 62 -1591.8
3 63 -1596.38
3 64 -1595.76
3 65 -1589.07
3 66 -1575.59
3 67 -1554.69
3 68 -1525.97
3 69 -1489.16
3 70 -1444.25
3 71 -1391.43
3 72 -1331.12
3 73 -1263.99
3 74 -1190.88
3 75 -1112.83
3 76 -1031.03
3 77 -946.766
3 78 -861.381
3 79 -776.223
3 80 -692.59
3 81 -611.687
3 82 -534.585
3 83 -462.176
3 84 -395.171
3 85 -334.057
3 86 -279.131
3 87 -230.464
3 88 -187.99
3 89 -151.427
3 90 -120.432
3 91 -94.5563
3 92 -73.1894
3 93 -55.8689
3 94 -41.9091
3 95 -30.809
3 96 -22.0086
3 97 -15.0008
3 98 -9.29332
3 99 -4.42871
3 100 0

4 0 0
4 1 -6.54345
4 2 -13.6948
4 3 -22.0086
4 4 -32.1556
4 5 -44.8666
4 6 -60.7792
4 7 -80.5429
4 8 -105.089
4 9 -135.038
4 10 -171.173
4 11 -214.101
4 12 -264.413
4 13 -322.547
4 14 -388.67
4 15 -462.818
4 16 -544.752
4 17 -633.943
4 18 -729.631
4 19 -830.768
4 20 -936.056
4 21 -1044.04
4 22 -1153.04
4 23 -1261.37
4 24 -1367.24
4 25 -1468.94
4 26 -1564.85
4 27 -1653.52
4 28 -1733.72
4 29 -1804.45
4 30 -1865.03
4 31 -1915.07
4 32 -1954.43
4 33 -1983.35
4 34 -2002.22
4 35 -2011.78
4 36 -2012.87
4 37 -2006.58
4 38 -1994.02
4 39 -1976.47
4 40 -1955.16
4 41 -1931.41
4 42 -1906.39
4 43 -1881.33
4 44 -1857.26
4 45 -1835.18
4 46 -1815.92
4 47 -1800.2
4 48 -1788.56
4 49 -1781.42
4 50 -1779.01
4 51 -1781.42
4 52 -1788.56
4 53 -1800.2
4 54 -1815.92
4 55 -1835.18
4 56 -1857.26
4 57 -1881.33
4 58 -1906.39
4 59 -1931.41
4 60 -1955.16
4 61 -1976.47
4 62 -1994.02
4 63 -2006.58
4 64 -2012.87
4 65 -2011.78
4 66 -2002.22
4 67 -1983.35
4 68 -1954.43
4 69 -1915.07
4 70 -1865.03
4 71 -1804.45
4 72 -1733.72
4 73 -1653.52
4 74 -1564.85
4 75 -1468.94
4 76 -1367.24
4 77 -1261.37
4 78 -1153.04
4 79 -1044.04
4 80 -936.056
4 81 -830.768
4 82 -729.631
4 83 -633.943
4 84 -544.752
4 85 -462.818
4 86 -388.67
4 87 -322.547
4 88 -264.413
4 89 -214.101
4 90 -171.173
4 91 -135.038
4 92 -105.089
4 93 -80.5429
4 94 -60.7792
4 95 -44.8666
4 96 -32.1556
4 97 -22.0086
4 98 -13.6948
4 99 -6.54345
4 100 0

5 0 0
5 1 -9.19203
5 2 -19.197
5 3 -30.809
5 4 -44.8666
5 5 -62.2607
5 6 -83.7991
5 7 -110.537
5 8 -143.335
5 9 -183.129
5 10 -230.705
5 11 -286.875
5 12 -352.127
5 13 -426.895
5 14 -511.303
5 15 -605.123
5 16 -707.921
5 17 -818.835
5 18 -936.735
5 19 -1060.16
5 20 -1187.37
5 21 -1316.46
5 22 -1445.31
5 23 -1571.8
5 24 -1693.81
5 25 -1809.3
5 26 -1916.44
5 27 -2013.6
5 28 -2099.5
5 29 -2173.14
5 30 -2233.95
5 31 -2281.64
5 32 -2316.36
5 33 -2338.52
5 34 -2348.9
5 35 -2348.48
5 36 -2338.49
5 37 -2320.31
5 38 -2295.41
5 39 -2265.36
5 40 -2231.7
5 41 -2195.98
5 42 -2159.67
5 43 -2124.14
5 44 -2090.67
5 45 -2060.37
5 46 -2034.23
5 47 -2013.04
5 48 -1997.45
5 49 -1987.91
5 50 -1984.7
5 51 -1987.91
5 52 -1997.45
5 53 -2013.04
5 54 -2034.23
5 55 -2060.37
5 56 -2090.67
5 57 -2124.14
5 58 -2159.67
5 59 -2195.98
5 60 -2231.7
5 61 -2265.36
5 62 -2295.41
5 63 -2320.31
5 64 -2338.49
5 65 -2348.48
5 66 -2348.9
5 67 -2338.52
5 68 -2316.36
5 69 -2281.64
5 70 -2233.95
5 71 -2173.14
5 72 -2099.5
5 73 -2013.6
5 74 -1916.44
5 75 -1809.3
5 76 -1693.81
5 77 -1571.8
5 78 -1445.31
5 79 -1316.46
5 80 -1187.37
5 81 -1060.16
5 82 -936.735
5 83 -818.835
5 84 -707.921
5 85 -605.123
5 86 -511.303
5 87 -426.895
5 88 -352.127
5 89 -286.875
5 90 -230.705
5 91 -183.129
5 92 -143.335
5 93 -110.537
5 94 -83.7991
5 95 -62.2607
5 96 -44.8666
5 97 -30.809
5 98 -19.197
5 99 -9.19203
5 100 0

6 0 0
6 1 -12.5874
6 2 -26.1983
6 3 -41.9091
6 4 -60.7792
6 5 -83.7991
6 6 -112.234
6 7 -147.094
6 8 -189.523
6 9 -240.516
6 10 -301.018
6 11 -371.699
6 12 -453.172
6 13 -545.607
6 14 -648.936
6 15 -762.719
6 16 -886.054
6 17 -1017.74
6 18 -1156.14
6 19 -1299.33
6 20 -1445.09
6 21 -1591.01
6 22 -1734.59
6 23 -1873.33
6 24 -2004.8
6 25 -2126.79
6 26 -2237.33
6 27 -2334.82
6 28 -2418.01
6 29 -2486.12
6 30 -2538.75
6 31 -2575.98
6 32 -2598.23
6 33 -2606.33
6 34 -2601.4
6 35 -2584.84
6 36 -2558.22
6 37 -2523.27
6 38 -2481.79
6 39 -2435.63
6 40 -2386.59
6 41 -2336.43
6 42 -2286.81
6 43 -2239.26
6 44 -2195.16
6 45 -2155.74
6 46 -2122.04
6 47 -2094.93
6 48 -2075.07
6 49 -2062.97
6 50 -2058.9
6 51 -2062.97
6 52 -2075.07
6 53 -2094.93
6 54 -2122.04
6 55 -2155.74
6 56 -2195.16
6 57 -2239.26
6 58 -2286.81
6 59 -2336.43
6 60 -2386.59
6 61 -2435.63
6 62 -2481.79
6 63 -2523.27
6 64 -2558.22
6 65 -2584.84
6 66 -2601.4
6 67 -2606.33
6 68 -2598.23
6 69 -2575.98
6 70 -2538.75
6 71 -2486.12
6 72 -2418.01
6 73 -2334.82
6 74 -2237.33
6 75 -2126.79
6 76 -2004.8
6 77 -1873.33
6 78 -1734.59
6 79 -1591.01
6 80 -1445.09
6 81 -1299.33
6 82 -1156.14
6 83 -1017.74
6 84 -886.054
6 85 -762.719
6 86 -648.936
6 87 -545.607
6 88 -453.172
6 89 -371.699
6 90 -301.018
6 91 -240.516
6 92 -189.523
6 93 -147.094
6 94 -112.234
6 95 -83.7991
6 96 -60.7792
6 97 -41.9091
6 98 -26.1983
6 99 -12.5874
6 100 0

7 0 0
7 1 -16.8938
7 2 -35.0709
7 3 -55.8689
7 4 -80.5429
7 5 -110.537
7 6 -147.094
7 7 -191.566
7 8 -245.072
7 9 -308.814
7 10 -383.67
7 11 -470.321
7 12 -569.097
7 13 -680.056
7 14 -802.719
7 15 -936.243
7 16 -1079.29
7 17 -1230.08
7 18 -1386.49
7 19 -1546.01
7 20 -1705.95
7 21 -1863.41
7 22 -2015.54
7 23 -2159.52
7 24 -2292.78
7 25 -2413.02
7 26 -2518.33
7 27 -2607.25
7 28 -2678.81
7 29 -2732.54
7 30 -2768.45
7 31 -2787.02
7 32 -2789.18
7 33 -2776.16
7 34 -2749.59
7 35 -2711.22
7 36 -2663.07
7 37 -2607.16
7 38 -2545.62
7 39 -2480.49
7 40 -2413.83
7 41 -2347.49
7 42 -2283.27
7 43 -2222.76
7 44 -2167.41
7 45 -2118.46
7 46 -2076.97
7 47 -2043.8
7 48 -2019.64
7 49 -2004.95
7 50 -2000.02
7 51 -2004.95
7 52 -2019.64
7 53 -2043.8
7 54 -2076.97
7 55 -2118.46
7 56 -2167.41
7 57 -2222.76
7 58 -2283.27
7 59 -2347.49
7 60 -2413.83
7 61 -2480.49
7 62 -2545.62
7 63 -2607.16
7 64 -2663.07
7 65 -2711.22
7 66 -2749.59
7 67 -2776.16
7 68 -2789.18
7 69 -2787.02
7 70 -2768.45
7 71 -2732.54
7 72 -2678.81
7 73 -2607.25
7 74 -2518.33
7 75 -2413.02
7 76 -2292.78
7 77 -2159.52
7 78 -2015.54
7 79 -1863.41
7 80 -1705.95
7 81 -1546.01
7 82 -1386.49
7 83 -1230.08
7 84 -1079.29
7 85 -936.243
7 86 -802.719
7 87 -680.056
7 88 -569.097
7 89 -470.321
7 90 -383.67
7 91 -308.814
7 92 -245.072
7 93 -191.566
7 94 -147.094
7 95 -110.537
7 96 -80.5429
7 97 -55.8689
7 98 -35.0709
7 99 -16.8938
7 100 0

8 0 0
8 1 -22.2583
8 2 -46.1574
8 3 -73.1894
8 4 -105.089
8 5 -143.335
8 6 -189.523
8 7 -245.072
8 8 -311.328
8 9 -389.341
8 10 -480.04
8 11 -583.859
8 12 -700.943
8 13 -830.84
8 14 -972.741
8 15 -1125.23
8 16 -1286.36
8 17 -1453.8
8 18 -1624.77
8 19 -1796.22
8 20 -1964.94
8 21 -2127.64
8 22 -2281.15
8 23 -2422.53
8 24 -2549.13
8 25 -2658.8
8 26 -2749.83
8 27 -2821.15
8 28 -2872.17
8 29 -2902.94
8 30 -2914.02
8 31 -2906.45
8 32 -2881.69
8 33 -2841.53
8 34 -2788.05
8 35 -2723.45
8 36 -2650.09
8 37 -2570.32
8 38 -2486.46
8 39 -2400.78
8 40 -2315.38
8 41 -2232.24
8 42 -2153.13
8 43 -2079.67
8 44 -2013.23
8 45 -1955.05
8 46 -1906.09
8 47 -1867.2
8 48 -1838.96
8 49 -1821.86
8 50 -1816.12
8 51 -1821.86
8 52 -1838.96
8 53 -1867.2
8 54 -1906.09
8 55 -1955.05
8 56 -2013.23
8 57 -2079.67
8 58 -2153.13
8 59 -2232.24
8 60 -2315.38
8 61 -2400.78
8 62 -2486.46
8 63 -2570.32
8 64 -2650.09
8 65 -2723.45
8 66 -2788.05
8 67 -2841.53
8 68 -2881.69
8 69 -2906.45
8 70 -2914.02
8 71 -2902.94
8 72 -2872.17
8 73 -2821.15
8 74 -2749.83
8 75 -2658.8
8 76 -2549.13
8 77 -2422.53
8 78 -2281.15
8 79 -2127.64
8 80 -1964.94
8 81 -1796.22
8 82 -1624.77
8 83 -1453.8
8 84 -1286.36
8 85 -1125.23
8 86 -972.741
8 87 -830.84
8 88 -700.943
8 89 -583.859
8 90 -480.04
8 91 -389.341
8 92 -311.328
8 93 -245.072
8 94 -189.523
8 95 -143.335
8 96 -105.089
8 97 -73.1894
8 98 -46.1574
8 99 -22.2583
8 100 0

9 0 0
9 1 -28.9526
9 2 -59.7828
9 3 -94.5563
9 4 -135.038
9 5 -183.129
9 6 -240.516
9 7 -308.814
9 8 -389.341
9 9 -483.196
9 10 -590.979
9 11 -712.989
9 12 -848.831
9 13 -997.705
9 14 -1158.07
9 15 -1327.94
9 16 -1504.72
9 17 -1685.33
9 18 -1866.42
9 19 -2044.35
9 20 -2215.48
9 21 -2376.21
9 22 -2523.21
9 23 -2653.51
9 24 -2764.68
9 25 -2854.8
9 26 -2922.67
9 27 -2967.68
9 28 -2989.92
9 29 -2990.05
9 30 -2969.32
9 31 -2929.41
9 32 -2872.4
9 33 -2800.64
9 34 -2716.67
9 35 -2623.11
9 36 -2522.61
9 37 -2417.74
9 38 -2310.99
9 39 -2204.67
9 40 -2100.92
9 41 -2001.66
9 42 -1908.59
9 43 -1823.2
9 44 -1746.79
9 45 -1680.42
9 46 -1624.97
9 47 -1581.14
9 48 -1549.46
9 49 -1530.31
9 50 -1523.9
9 51 -1530.31
9 52 -1549.46
9 53 -1581.14
9 54 -1624.97
9 55 -1680.42
9 56 -1746.79
9 57 -1823.2
9 58 -1908.59
9 59 -2001.66
9 60 -2100.92
9 61 -2204.67
9 62 -2310.99
9 63 -2417.74
9 64 -2522.61
9 65 -2623.11
9 66 -2716.67
9 67 -2800.64
9 68 -2872.4
9 69 -2929.41
9 70 -2969.32
9 71 -2990.05
9 72 -2989.92
9 73 -2967.68
9 74 -2922.67
9 75 -2854.8
9 76 -2764.68
9 77 -2653.51
9 78 -2523.21
9 79 -2376.21
9 80 -2215.48
9 81 -2044.35
9 82 -1866.42
9 83 -1685.33
9 84 -1504.72
9 85 -1327.94
9 86 -1158.07
9 87 -997.705
9 88 -848.831
9 89 -712.989
9 90 -590.979
9 91 -483.196
9 92 -389.341
9 93 -308.814
9 94 -240.516
9 95 -183.129
9 96 -135.038
9 97 -94.5563
9 98 -59.7828
9 99 -28.9526
9 100 0

10 0 0
10 1 -37.0899
10 2 -76.4771
10 3 -120.432
10 4 -171.173
10 5 -230.705
10 6 -301.018
10 7 -383.67
10 8 -480.04
10 9 -590.979
10 10 -716.911
10 11 -857.615
10 12 -1012.29
10 13 -1179.33
10 14 -1356.69
10 15 -1541.46
10 16 -1730.4
10 17 -1919.75
10 18 -2105.47
10 19 -2283.52
10 20 -2449.83
10 21 -2600.71
10 22 -2732.82
10 23 -2843.39
10 24 -2930.37
10 25 -2992.36
10 26 -3028.79
10 27 -3039.79
10 28 -3026.21
10 29 -2989.52
10 30 -2931.68
10 31 -2855.13
10 32 -2762.52
10 33 -2656.78
10 34 -2540.83
10 35 -2417.67
10 36 -2290.09
10 37 -2160.87
10 38 -2032.45
10 39 -1907.13
10 40 -1786.93
10 41 -1673.62
10 42 -1568.73
10 43 -1473.55
10 44 -1389.15
10 45 -1316.41
10 46 -1256.03
10 47 -1208.53
10 48 -1174.34
10 49 -1153.71
10 50 -1146.83
10 51 -1153.71
10 52 -1174.34
10 53 -1208.53
10 54 -1256.03
10 55 -1316.41
10 56 -1389.15
10 57 -1473.55
10 58 -1568.73
10 59 -1673.62
10 60 -1786.93
10 61 -1907.13
10 62 -2032.45
10 63 -2160.87
10 64 -2290.09
10 65 -2417.67
10 66 -2540.83
10 67 -2656.78
10 68 -2762.52
10 69 -2855.13
10 70 -2931.68
10 71 -2989.52
10 72 -3026.21
10 73 -3039.79
10 74 -3028.79
10 75 -2992.36
10 76 -2930.37
10 77 -2843.39
10 78 -2732.82
10 79 -2600.71
10 80 -2449.83
10 81 -2283.52
10 82 -2105.47
10 83 -1919.75
10 84 -1730.4
10 85 -1541.46
10 86 -1356.69
10 87 -1179.33
10 88 -1012.29
10 89 -857.615
10 90 -716.911
10 91 -590.979
10 92 -480.04
10 93 -383.67
10 94 -301.018
10 95 -230.705
10 96 -171.173
10 97 -120.432
10 98 -76.4771
10 99 -37.0899
10 100 0

11 0 0
11 1 -46.9162
11 2 -96.5414
11 3 -151.427
11 4 -214.101
11 5 -286.875
11 6 -371.699
11 7 -470.321
11 8 -583.859
11 9 -712.989
11 10 -857.615
11 11 -1017.07
11 12 -1189.8
11 13 -1373.58
11 14 -1565.37
11 15 -1761.67
11 16 -1958.31
11 17 -2150.92
11 18 -2334.95
11 19 -2505.9
11 20 -2659.63
11 21 -2792.39
11 22 -2901.13
11 23 -2983.52
11 24 -3038.1
11 25 -3064.23
11 26 -3062.18
11 27 -3032.96
11 28 -2978.32
11 29 -2900.59
11 30 -2802.53
11 31 -2687.27
11 32 -2558.07
11 33 -2418.29
11 34 -2271.21
11 35 -2119.99
11 36 -1967.57
11 37 -1816.64
11 38 -1669.6
11 39 -1528.53
11 40 -1395.25
11 41 -1271.25
11 42 -1157.79
11 43 -1055.84
11 44 -966.238
11 45 -889.565
11 46 -826.314
11 47 -776.798
11 48 -741.286
11 49 -719.909
11 50 -712.783
11 51 -719.909
11 52 -741.286
11 53 -776.798
11 54 -826.314
11 55 -889.565
11 56 -966.238
11 57 -1055.84
11 58 -1157.79
11 59 -1271.25
11 60 -1395.25
11 61 -1528.53
11 62 -1669.6
11 63 -1816.64
11 64 -1967.57
11 65 -2119.99
11 66 -2271.21
11 67 -2418.29
11 68 -2558.07
11 69 -2687.27
11 70 -2802.53
11 71 -2900.59
11 72 -2978.32
11 73 -3032.96
11 74 -3062.18
11 75 -3064.23
11 76 -3038.1
11 77 -2983.52
11 78 -2901.13
11 79 -2792.39
11 80 -2659.63
11 81 -2505.9
11 82 -2334.95
11 83 -2150.92
11 84 -1958.31
11 85 -1761.67
11 86 -1565.37
11 87 -1373.58
11 88 -1189.8
11 89 -1017.07
11 90 -857.615
11 91 -712.989
11 92 -583.859
11 93 -470.321
11 94 -371.699
11 95 -286.875
11 96 -214.101
11 97 -151.427
11 98 -96.5414
11 99 -46.9162
11 100 0

12 0 0
12 1 -58.6369
12 2 -120.31
12 3 -187.99
12 4 -264.413
12 5 -352.127
12 6 -453.172
12 7 -569.098
12 8 -700.943
12 9 -848.831
12 10 -1012.29
12 11 -1189.8
12 12 -1379.14
12 13 -1577.18
12 14 -1780.11
12 15 -1983.42
12 16 -2182.39
12 17 -2371.94
12 18 -2547.15
12 19 -2703.33
12 20 -2836.35
12 21 -2942.79
12 22 -3020.03
12 23 -3066.51
12 24 -3081.53
12 25 -3065.48
12 26 -3019.57
12 27 -2945.88
12 28 -2847.1
12 29 -2726.45
12 30 -2587.49
12 31 -2433.95
12 32 -2269.61
12 33 -2098.15
12 34 -1923.04
12 35 -1747.49
12 36 -1574.38
12 37 -1406.23
12 38 -1245.17
12 39 -1093.01
12 40 -951.188
12 41 -820.857
12 42 -702.879
12 43 -597.922
12 44 -506.421
12 45 -428.709
12 46 -364.964
12 47 -315.324
12 48 -279.831
12 49 -258.536
12 50 -251.429
12 51 -258.536
12 52 -279.831
12 53 -315.324
12 54 -364.964
12 55 -428.709
12 56 -506.421
12 57 -597.922
12 58 -702.879
12 59 -820.857
12 60 -951.188
12 61 -1093.01
12 62 -1245.17
12 63 -1406.23
12 64 -1574.38
12 65 -1747.49
12 66 -1923.04
12 67 -2098.15
12 68 -2269.61
12 69 -2433.95
12 70 -2587.49
12 71 -2726.45
12 72 -2847.1
12 73 -2945.88
12 74 -3019.57
12 75 -3065.48
12 76 -3081.53
12 77 -3066.51
12 78 -3020.03
12 79 -2942.79
12 80 -2836.35
12 81 -2703.33
12 82 -2547.15
12 83 -2371.94
12 84 -2182.39
12 85 -1983.42
12 86 -1780.11
12 87 -1577.18
12 88 -1379.14
12 89 -1189.8
12 90 -1012.29
12 91 -848.831
12 92 -700.943
12 93 -569.098
12 94 -453.172
12 95 -352.127
12 96 -264.413
12 97 -187.99
12 98 -120.31
12 99 -58.6369
12 100 0

13 0 0
13 1 -72.3276
13 2 -148.072
13 3 -230.464
13 4 -322.546
13 5 -426.895
13 6 -545.607
13 7 -680.056
13 8 -830.841
13 9 -997.705
13 10 -1179.33
13 11 -1373.58
13 12 -1577.18
13 13 -1786.2
13 14 -1995.84
13 15 -2200.92
13 16 -2395.92
13 17 -2575.42
13 18 -2734.24
13 19 -2867.74
13 20 -2972.1
13 21 -3044.42
13 22 -3082.89
13 23 -3086.85
13 24 -3056.7
13 25 -2993.94
13 26 -2900.92
13 27 -2780.78
13 28 -2637.22
13 29 -2474.29
13 30 -2296.26
13 31 -2107.35
13 32 -1911.71
13 33 -1713.14
13 34 -1515.17
13 35 -1320.86
13 36 -1132.85
13 37 -953.338
13 38 -784.078
13 39 -626.445
13 40 -481.426
13 41 -349.743
13 42 -231.819
13 43 -127.913
13 44 -38.1023
13 45 37.6174
13 46 99.3406
13 47 147.17
13 48 181.238
13 49 201.627
13 50 208.422
13 51 201.627
13 52 181.238
13 53 147.17
13 54 99.3406
13 55 37.6174
13 56 -38.1023
13 57 -127.913
13 58 -231.819
13 59 -349.743
13 60 -481.426
13 61 -626.445
13 62 -784.078
13 63 -953.338
13 64 -1132.85
13 65 -1320.86
13 66 -1515.17
13 67 -1713.14
13 68 -1911.71
13 69 -2107.35
13 70 -2296.26
13 71 -2474.29
13 72 -2637.22
13 73 -2780.78
13 74 -2900.92
13 75 -2993.94
13 76 -3056.7
13 77 -3086.85
13 78 -3082.89
13 79 -3044.42
13 80 -2972.1
13 81 -2867.74
13 82 -2734.24
13 83 -2575.42
13 84 -2395.92
13 85 -2200.92
13 86 -1995.84
13 87 -1786.2
13 88 -1577.18
13 89 -1373.58
13 90 -1179.33
13 91 -997.705
13 92 -830.841
13 93 -680.056
13 94 -545.607
13 95 -426.895
13 96 -322.546
13 97 -230.464
13 98 -148.072
13 99 -72.3276
13 100 0

14 0 0
14 1 -88.1448
14 2 -180.014
14 3 -279.131
14 4 -388.67
14 5 -511.303
14 6 -648.936
14 7 -802.719
14 8 -972.741
14 9 -1158.07
14 10 -1356.69
14 11 -1565.37
14 12 -1780.11
14 13 -1995.84
14 14 -2207.04
14 15 -2407.72
14 16 -2591.98
14 17 -2754.02
14 18 -2888.74
14 19 -2991.86
14 20 -3060.1
14 21 -3091.43
14 22 -3085.08
14 23 -3041.53
14 24 -2962.48
14 25 -2850.64
14 26 -2709.58
14 27 -2543.5
14 28 -2357.03
14 29 -2154.97
14 30 -1942.1
14 31 -1723.01
14 32 -1501.95
14 33 -1282.74
14 34 -1068.68
14 35 -862.54
14 36 -666.548
14 37 -482.449
14 38 -311.464
14 39 -154.468
14 40 -11.9107
14 41 115.968
14 42 229.226
14 43 328.009
14 44 412.637
14 45 483.414
14 46 540.738
14 47 584.907
14 48 616.247
14 49 634.945
14 50 641.173
14 51 634.945
14 52 616.247
14 53 584.907
14 54 540.738
14 55 483.414
14 56 412.637
14 57 328.009
14 58 229.226
14 59 115.968
14 60 -11.9107
14 61 -154.468
14 62 -311.464
14 63 -482.449
14 64 -666.548
14 65 -862.54
14 66 -1068.68
14 67 -1282.74
14 68 -1501.95
14 69 -1723.01
14 70 -1942.1
14 71 -2154.97
14 72 -2357.03
14 73 -2543.5
14 74 -2709.58
14 75 -2850.64
14 76 -2962.48
14 77 -3041.53
14 78 -3085.08
14 79 -3091.43
14 80 -3060.1
14 81 -2991.86
14 82 -2888.74
14 83 -2754.02
14 84 -2591.98
14 85 -2407.72
14 86 -2207.04
14 87 -1995.84
14 88 -1780.11
14 89 -1565.37
14 90 -1356.69
14 91 -1158.07
14 92 -972.741
14 93 -802.719
14 94 -648.936
14 95 -511.303
14 96 -388.67
14 97 -279.131
14 98 -180.014
14 99 -88.1448
14 100 0

15 0 0
15 1 -106.151
15 2 -216.26
15 3 -334.057
15 4 -462.818
15 5 -605.123
15 6 -762.718
15 7 -936.243
15 8 -1125.23
15 9 -1327.94
15 10 -1541.46
15 11 -1761.67
15 12 -1983.42
15 13 -2200.92
15 14 -2407.73
15 15 -2597.44
15 16 -2763.66
15 17 -2900.81
15 18 -3004.01
15 19 -3069.6
15 20 -3095.25
15 21 -3080.02
15 22 -3024.44
15 23 -2930.37
15 24 -2800.84
15 25 -2639.91
15 26 -2452.29
15 27 -2243.23
15 28 -2018.09
15 29 -1782.28
15 30 -1540.9
15 31 -1298.65
15 32 -1059.7
15 33 -827.611
15 34 -605.313
15 35 -395.067
15 36 -198.582
15 37 -16.9537
15 38 149.124
15 39 299.445
15 40 434.032
15 41 553.248
15 42 657.529
15 43 747.521
15 44 823.805
15 45 887.09
15 46 937.915
15 47 976.877
15 48 1004.35
15 49 1020.73
15 50 1026.14
15 51 1020.73
15 52 1004.35
15 53 976.877
15 54 937.915
15 55 887.09
15 56 823.805
15 57 747.521
15 58 657.529
15 59 553.248
15 60 434.032
15 61 299.445
15 62 149.124
15 63 -16.9537
15 64 -198.582
15 65 -395.067
15 66 -605.313
15 67 -827.611
15 68 -1059.7
15 69 -1298.65
15 70 -1540.9
15 71 -1782.28
15 72 -2018.09
15 73 -2243.23
15 74 -2452.29
15 75 -2639.91
15 76 -2800.84
15 77 -2930.37
15 78 -3024.44
15 79 -3080.02
15 80 -3095.25
15 81 -3069.6
15 82 -3004.01
15 83 -2900.81
15 84 -2763.66
15 85 -2597.44
15 86 -2407.73
15 87 -2200.92
15 88 -1983.42
15 89 -1761.67
15 90 -1541.46
15 91 -1327.94
15 92 -1125.23
15 93 -936.243
15 94 -762.718
15 95 -605.123
15 96 -462.818
15 97 -334.057
15 98 -216.26
15 99 -106.151
15 100 0

16 0 0
16 1 -126.333
16 2 -256.776
16 3 -395.171
16 4 -544.752
16 5 -707.921
16 6 -886.053
16 7 -1079.29
16 8 -1286.36
16 9 -1504.72
16 10 -1730.4
16 11 -1958.31
16 12 -2182.39
16 13 -2395.92
16 14 -2591.98
16 15 -2763.66
16 16 -2904.75
16 17 -3009.77
16 18 -3074.65
16 19 -3096.59
16 20 -3074.5
16 21 -3008.83
16 22 -2901.56
16 23 -2756.08
16 24 -2576.82
16 25 -2369.11
16 26 -2138.77
16 27 -1891.88
16 28 -1634.43
16 29 -1372.11
16 30 -1110.13
16 31 -853.059
16 32 -604.752
16 33 -368.275
16 34 -146.007
16 35 60.4454
16 36 250.048
16 37 422.366
16 38 577.392
16 39 715.479
16 40 837.282
16 41 943.571
16 42 1035.32
16 43 1113.44
16 44 1178.94
16 45 1232.64
16 46 1275.44
16 47 1307.95
16 48 1330.79
16 49 1344.3
16 50 1348.8
16 51 1344.3
16 52 1330.79
16 53 1307.95
16 54 1275.44
16 55 1232.64
16 56 1178.94
16 57 1113.44
16 58 1035.32
16 59 943.571
16 60 837.282
16 61 715.479
16 62 577.392
16 63 422.366
16 64 250.048
16 65 60.4454
16 66 -146.007
16 67 -368.275
16 68 -604.752
16 69 -853.059
16 70 -1110.13
16 71 -1372.11
16 72 -1634.43
16 73 -1891.88
16 74 -2138.77
16 75 -2369.11
16 76 -2576.82
16 77 -2756.08
16 78 -2901.56
16 79 -3008.83
16 80 -3074.5
16 81 -3096.59
16 82 -3074.65
16 83 -3009.77
16 84 -2904.75
16 85 -2763.66
16 86 -2591.98
16 87 -2395.92
16 88 -2182.39
16 89 -1958.31
16 90 -1730.4
16 91 -1504.72
16 92 -1286.36
16 93 -1079.29
16 94 -886.053
16 95 -707.921
16 96 -544.752
16 97 -395.171
16 98 -256.776
16 99 -126.333
16 100 0

17 0 0
17 1 -148.659
17 2 -301.447
17 3 -462.176
17 4 -633.943
17 5 -818.835
17 6 -1017.74
17 7 -1230.08
17 8 -1453.8
17 9 -1685.33
17 10 -1919.75
17 11 -2150.92
17 12 -2371.94
17 13 -2575.42
17 14 -2754.02
17 15 -2900.81
17 16 -3009.77
17 17 -3076.23
17 18 -3096.89
17 19 -3070.43
17 20 -2997.1
17 21 -2879
17 22 -2719.71
17 23 -2524.13
17 24 -2298.13
17 25 -2048.19
17 26 -1781.05
17 27 -1503.4
17 28 -1221.58
17 29 -941.331
17 30 -667.682
17 31 -404.807
17 32 -156
17 33 76.3095
17 34 290.51
17 35 485.726
17 36 661.689
17 37 818.689
17 38 957.348
17 39 1078.68
17 40 1183.77
17 41 1273.94
17 42 1350.44
17 43 1414.58
17 44 1467.51
17 45 1510.37
17 46 1544.07
17 47 1569.45
17 48 1587.1
17 49 1597.53
17 50 1600.96
17 51 1597.53
17 52 1587.1
17 53 1569.45
17 54 1544.07
17 55 1510.37
17 56 1467.51
17 57 1414.58
17 58 1350.44
17 59 1273.94
17 60 1183.77
17 61 1078.68
17 62 957.348
17 63 818.689
17 64 661.689
17 65 485.726
17 66 290.51
17 67 76.3095
17 68 -156
17 69 -404.807
17 70 -667.682
17 71 -941.331
17 72 -1221.58
17 73 -1503.4
17 74 -1781.05
17 75 -2048.19
17 76 -2298.13
17 77 -2524.13
17 78 -2719.71
17 79 -2879
17 80 -2997.1
17 81 -3070.43
17 82 -3096.89
17 83 -3076.23
17 84 -3009.77
17 85 -2900.81
17 86 -2754.02
17 87 -2575.42
17 88 -2371.94
17 89 -2150.92
17 90 -1919.75
17 91 -1685.33
17 92 -1453.8
17 93 -1230.08
17 94 -1017.74
17 95 -818.835
17 96 -633.943
17 97 -462.176
17 98 -301.447
17 99 -148.659
17 100 0

18 0 0
18 1 -172.975
18 2 -349.96
18 3 -534.585
18 4 -729.631
18 5 -936.736
18 6 -1156.14
18 7 -1386.49
18 8 -1624.77
18 9 -1866.42
18 10 -2105.47
18 11 -2334.95
18 12 -2547.15
18 13 -2734.25
18 14 -2888.74
18 15 -3004.01
18 16 -3074.65
18 17 -3096.89
18 18 -3068.94
18 19 -2990.84
18 20 -2864.67
18 21 -2694.16
18 22 -2484.64
18 23 -2242.44
18 24 -1974.77
18 25 -1689.02
18 26 -1392.67
18 27 -1092.71
18 28 -795.523
18 29 -506.638
18 30 -230.6
18 31 29.0287
18 32 269.741
18 33 489.891
18 34 688.769
18 35 866.259
18 36 1022.96
18 37 1159.77
18 38 1278.05
18 39 1379.25
18 40 1465.01
18 41 1536.93
18 42 1596.61
18 43 1645.54
18 44 1685.1
18 45 1716.47
18 46 1740.71
18 47 1758.68
18 48 1771.03
18 49 1778.26
18 50 1780.63
18 51 1778.26
18 52 1771.03
18 53 1758.68
18 54 1740.71
18 55 1716.47
18 56 1685.1
18 57 1645.54
18 58 1596.61
18 59 1536.93
18 60 1465.01
18 61 1379.25
18 62 1278.05
18 63 1159.77
18 64 1022.96
18 65 866.259
18 66 688.769
18 67 489.891
18 68 269.741
18 69 29.0287
18 70 -230.6
18 71 -506.638
18 72 -795.523
18 73 -1092.71
18 74 -1392.67
18 75 -1689.02
18 76 -1974.77
18 77 -2242.44
18 78 -2484.64
18 79 -2694.16
18 80 -2864.67
18 81 -2990.84
18 82 -3068.94
18 83 -3096.89
18 84 -3074.65
18 85 -3004.01
18 86 -2888.74
18 87 -2734.25
18 88 -2547.15
18 89 -2334.95
18 90 -2105.47
18 91 -1866.42
18 92 -1624.77
18 93 -1386.49
18 94 -1156.14
18 95 -936.736
18 96 -729.631
18 97 -534.585
18 98 -349.96
18 99 -172.975
18 100 0

19 0 0
19 1 -199.091
19 2 -401.902
19 3 -611.687
19 4 -830.768
19 5 -1060.16
19 6 -1299.33
19 7 -1546.01
19 8 -1796.22
19 9 -2044.36
19 10 -2283.52
19 11 -2505.9
19 12 -2703.33
19 13 -2867.74
19 14 -2991.86
19 15 -3069.6
19 16 -3096.59
19 17 -3070.43
19 18 -2990.84
19 19 -2859.76
19 20 -2681.01
19 21 -2460.19
19 22 -2204.19
19 23 -1920.8
19 24 -1618.18
19 25 -1304.6
19 26 -987.741
19 27 -674.755
19 28 -371.663
19 29 -83.5262
19 30 185.862
19 31 433.784
19 32 658.626
19 33 859.737
19 34 1037.22
19 35 1191.93
19 36 1325.08
19 37 1438.38
19 38 1533.6
19 39 1612.78
19 40 1677.79
19 41 1730.6
19 42 1772.94
19 43 1806.47
19 44 1832.6
19 45 1852.63
19 46 1867.58
19 47 1878.33
19 48 1885.54
19 49 1889.68
19 50 1891.02
19 51 1889.68
19 52 1885.54
19 53 1878.33
19 54 1867.58
19 55 1852.63
19 56 1832.6
19 57 1806.47
19 58 1772.94
19 59 1730.6
19 60 1677.79
19 61 1612.78
19 62 1533.6
19 63 1438.38
19 64 1325.08
19 65 1191.93
19 66 1037.22
19 67 859.737
19 68 658.626
19 69 433.784
19 70 185.862
19 71 -83.5262
19 72 -371.663
19 73 -674.755
19 74 -987.741
19 75 -1304.6
19 76 -1618.18
19 77 -1920.8
19 78 -2204.19
19 79 -2460.19
19 80 -2681.01
19 81 -2859.76
19 82 -2990.84
19 83 -3070.43
19 84 -3096.59
19 85 -3069.6
19 86 -2991.86
19 87 -2867.74
19 88 -2703.33
19 89 -2505.9
19 90 -2283.52
19 91 -2044.36
19 92 -1796.22
19 93 -1546.01
19 94 -1299.33
19 95 -1060.16
19 96 -830.768
19 97 -611.687
19 98 -401.902
19 99 -199.091
19 100 0

20 0 0
20 1 -226.745
20 2 -456.71
20 3 -692.59
20 4 -936.055
20 5 -1187.37
20 6 -1445.09
20 7 -1705.95
20 8 -1964.94
20 9 -2215.48
20 10 -2449.83
20 11 -2659.63
20 12 -2836.35
20 13 -2972.1
20 14 -3060.1
20 15 -3095.25
20 16 -3074.5
20 17 -2997.1
20 18 -2864.67
20 19 -2681.01
20 20 -2451.91
20 21 -2184.74
20 22 -1887.83
20 23 -1570.16
20 24 -1240.75
20 25 -908.124
20 26 -580.185
20 27 -263.598
20 28 36.0326
20 29 314.585
20 30 569.096
20 31 797.926
20 32 1000.47
20 33 1177.03
20 34 1328.7
20 35 1457.03
20 36 1564.05
20 37 1651.93
20 38 1723
20 39 1779.53
20 40 1823.72
20 41 1857.63
20 42 1883.14
20 43 1901.89
20 44 1915.34
20 45 1924.72
20 46 1931.06
20 47 1935.16
20 48 1937.66
20 49 1938.98
20 50 1939.4
20 51 1938.98
20 52 1937.66
20 53 1935.16
20 54 1931.06
20 55 1924.72
20 56 1915.34
20 57 1901.89
20 58 1883.14
20 59 1857.63
20 60 1823.72
20 61 1779.53
20 62 1723
20 63 1651.93
20 64 1564.05
20 65 1457.03
20 66 1328.7
20 67 1177.03
20 68 1000.47
20 69 797.926
20 70 569.096
20 71 314.585
20 72 36.0326
20 73 -263.598
20 74 -580.185
20 75 -908.124
20 76 -1240.75
20 77 -1570.16
20 78 -1887.83
20 79 -2184.74
20 80 -2451.91
20 81 -2681.01
20 82 -2864.67
20 83 -2997.1
20 84 -3074.5
20 85 -3095.25
20 86 -3060.1
20 87 -2972.1
20 88 -2836.35
20 89 -2659.63
20 90 -2449.83
20 91 -2215.48
20 92 -1964.94
20 93 -1705.95
20 94 -1445.09
20 95 -1187.37
20 96 -936.055
20 97 -692.59
20 98 -456.71
20 99 -226.745
20 100 0

21 0 0
21 1 -255.579
21 2 -513.682
21 3 -776.223
21 4 -1044.04
21 5 -1316.46
21 6 -1591.01
21 7 -1863.41
21 8 -2127.64
21 9 -2376.21
21 10 -2600.71
21 11 -2792.39
21 12 -2942.79
21 13 -3044.42
21 14 -3091.43
21 15 -3080.01
21 16 -3008.83
21 17 -2879
21 18 -2694.16
21 19 -2460.19
21 20 -2184.74
21 21 -1876.76
21 22 -1545.93
21 23 -1202.09
21 24 -854.694
21 25 -512.4
21 26 -182.694
21 27 128.273
21 28 415.885
21 29 676.931
21 30 909.637
21 31 1113.43
21 32 1288.79
21 33 1437.01
21 34 1560.03
21 35 1660.14
21 36 1739.97
21 37 1802.1
21 38 1849.21
21 39 1883.76
21 40 1908.13
21 41 1924.35
21 42 1934.33
21 43 1939.66
21 44 1941.73
21 45 1941.68
21 46 1940.43
21 47 1938.74
21 48 1937.15
21 49 1936.05
21 50 1935.65
21 51 1936.05
21 52 1937.15
21 53 1938.74
21 54 1940.43
21 55 1941.68
21 56 1941.73
21 57 1939.66
21 58 1934.33
21 59 1924.35
21 60 1908.13
21 61 1883.76
21 62 1849.21
21 63 1802.1
21 64 1739.97
21 65 1660.14
21 66 1560.03
21 67 1437.01
21 68 1288.79
21 69 1113.43
21 70 909.637
21 71 676.931
21 72 415.885
21 73 128.273
21 74 -182.694
21 75 -512.4
21 76 -854.694
21 77 -1202.09
21 78 -1545.93
21 79 -1876.76
21 80 -2184.74
21 81 -2460.19
21 82 -2694.16
21 83 -2879
21 84 -3008.83
21 85 -3080.01
21 86 -3091.43
21 87 -3044.42
21 88 -2942.79
21 89 -2792.39
21 90 -2600.71
21 91 -2376.21
21 92 -2127.64
21 93 -1863.41
21 94 -1591.01
21 95 -1316.46
21 96 -1044.04
21 97 -776.223
21 98 -513.682
21 99 -255.579
21 100 0

22 0 0
22 1 -285.239
22 2 -572.053
22 3 -861.381
22 4 -1153.04
22 5 -1445.31
22 6 -1734.59
22 7 -2015.54
22 8 -2281.15
22 9 -2523.21
22 10 -2732.81
22 11 -2901.13
22 12 -3020.03
22 13 -3082.89
22 14 -3085.08
22 15 -3024.44
22 16 -2901.56
22 17 -2719.71
22 18 -2484.64
22 19 -2204.19
22 20 -1887.83
22 21 -1545.93
22 22 -1189.14
22 23 -827.886
22 24 -471.681
22 25 -128.896
22 26 193.63
22 27 490.699
22 28 758.765
22 29 995.82
22 30 1201.31
22 31 1375.79
22 32 1520.81
22 33 1638.61
22 34 1731.83
22 35 1803.46
22 36 1856.45
22 37 1893.83
22 38 1918.35
22 39 1932.66
22 40 1939.02
22 41 1939.52
22 42 1935.9
22 43 1929.66
22 44 1922.03
22 45 1914.05
22 46 1906.5
22 47 1900.03
22 48 1895.09
22 49 1892
22 50 1890.95
22 51 1892
22 52 1895.09
22 53 1900.03
22 54 1906.5
22 55 1914.05
22 56 1922.03
22 57 1929.66
22 58 1935.9
22 59 1939.52
22 60 1939.02
22 61 1932.66
22 62 1918.35
22 63 1893.83
22 64 1856.45
22 65 1803.46
22 66 1731.83
22 67 1638.61
22 68 1520.81
22 69 1375.79
22 70 1201.31
22 71 995.82
22 72 758.765
22 73 490.699
22 74 193.63
22 75 -128.896
22 76 -471.681
22 77 -827.886
22 78 -1189.14
22 79 -1545.93
22 80 -1887.83
22 81 -2204.19
22 82 -2484.64
22 83 -2719.71
22 84 -2901.56
22 85 -3024.44
22 86 -3085.08
22 87 -3082.89
22 88 -3020.03
22 89 -2901.13
22 90 -2732.81
22 91 -2523.21
22 92 -2281.15
22 93 -2015.54
22 94 -1734.59
22 95 -1445.31
22 96 -1153.04
22 97 -861.381
22 98 -572.053
22 99 -285.239
22 100 0

23 0 0
23 1 -315.261
23 2 -630.934
23 3 -946.766
23 4 -1261.37
23 5 -1571.8
23 6 -1873.33
23 7 -2159.52
23 8 -2422.53
23 9 -2653.51
23 10 -2843.39
23 11 -2983.52
23 12 -3066.51
23 13 -3086.85
23 14 -3041.53
23 15 -2930.37
23 16 -2756.08
23 17 -2524.13
23 18 -2242.44
23 19 -1920.8
23 20 -1570.16
23 21 -1202.09
23 22 -827.886
23 23 -458.109
23 24 -102.057
23 25 232.601
23 26 539.958
23 27 816.033
23 28 1058.46
23 29 1266.65
23 30 1441.17
23 31 1583.81
23 32 1697.05
23 33 1783.93
23 34 1847.77
23 35 1891.93
23 36 1919.78
23 37 1934.38
23 38 1938.65
23 39 1935.09
23 40 1925.96
23 41 1913.12
23 42 1898.22
23 43 1882.51
23 44 1867.12
23 45 1852.84
23 46 1840.39
23 47 1830.2
23 48 1822.71
23 49 1818.09
23 50 1816.56
23 51 1818.09
23 52 1822.71
23 53 1830.2
23 54 1840.39
23 55 1852.84
23 56 1867.12
23 57 1882.51
23 58 1898.22
23 59 1913.12
23 60 1925.96
23 61 1935.09
23 62 1938.65
23 63 1934.38
23 64 1919.78
23 65 1891.93
23 66 1847.77
23 67 1783.93
23 68 1697.05
23 69 1583.81
23 70 1441.17
23 71 1266.65
23 72 1058.46
23 73 816.033
23 74 539.958
23 75 232.601
23 76 -102.057
23 77 -458.109
23 78 -827.886
23 79 -1202.09
23 80 -1570.16
23 81 -1920.8
23 82 -2242.44
23 83 -2524.13
23 84 -2756.08
23 85 -2930.37
23 86 -3041.53
23 87 -3086.85
23 88 -3066.51
23 89 -2983.52
23 90 -2843.39
23 91 -2653.51
23 92 -2422.53
23 93 -2159.52
23 94 -1873.33
23 95 -1571.8
23 96 -1261.37
23 97 -946.766
23 98 -630.934
23 99 -315.261
23 100 0

24 0 0
24 1 -345.213
24 2 -689.435
24 3 -1031.03
24 4 -1367.24
24 5 -1693.81
24 6 -2004.8
24 7 -2292.78
24 8 -2549.13
24 9 -2764.68
24 10 -2930.37
24 11 -3038.1
24 12 -3081.53
24 13 -3056.7
24 14 -2962.48
24 15 -2800.85
24 16 -2576.81
24 17 -2298.13
24 18 -1974.77
24 19 -1618.19
24 20 -1240.75
24 21 -854.696
24 22 -471.68
24 23 -102.057
24 24 245.555
24 25 564.394
24 26 849.885
24 27 1099.23
24 28 1311.64
24 29 1487.67
24 30 1629.24
24 31 1739.12
24 32 1820.68
24 33 1877.6
24 34 1913.68
24 35 1932.58
24 36 1937.79
24 37 1932.42
24 38 1919.29
24 39 1900.77
24 40 1878.93
24 41 1855.44
24 42 1831.68
24 43 1808.74
24 44 1787.49
24 45 1768.6
24 46 1752.55
24 47 1739.76
24 48 1730.42
24 49 1724.78
24 50 1722.87
24 51 1724.78
24 52 1730.42
24 53 1739.76
24 54 1752.55
24 55 1768.6
24 56 1787.49
24 57 1808.74
24 58 1831.68
24 59 1855.44
24 60 1878.93
24 61 1900.77
24 62 1919.29
24 63 1932.42
24 64 1937.79
24 65 1932.58
24 66 1913.68
24 67 1877.6
24 68 1820.68
24 69 1739.12
24 70 1629.24
24 71 1487.67
24 72 1311.64
24 73 1099.23
24 74 849.885
24 75 564.394
24 76 245.555
24 77 -102.057
24 78 -471.68
24 79 -854.696
24 80 -1240.75
24 81 -1618.19
24 82 -1974.77
24 83 -2298.13
24 84 -2576.81
24 85 -2800.85
24 86 -2962.48
24 87 -3056.7
24 88 -3081.53
24 89 -3038.1
24 90 -2930.37
24 91 -2764.68
24 92 -2549.13
24 93 -2292.78
24 94 -2004.8
24 95 -1693.81
24 96 -1367.24
24 97 -1031.03
24 98 -689.435
24 99 -345.213
24 100 0

25 0 0
25 1 -374.619
25 2 -746.633
25 3 -1112.83
25 4 -1468.94
25 5 -1809.3
25 6 -2126.79
25 7 -2413.02
25 8 -2658.8
25 9 -2854.8
25 10 -2992.36
25 11 -3064.23
25 12 -3065.48
25 13 -2993.94
25 14 -2850.64
25 15 -2639.91
25 16 -2369.11
25 17 -2048.19
25 18 -1689.02
25 19 -1304.59
25 20 -908.126
25 21 -512.399
25 22 -128.896
25 23 232.602
25 24 564.393
25 25 861.076
25 26 1119.31
25 27 1337.94
25 28 1517.42
25 29 1659.77
25 30 1767.93
25 31 1845.62
25 32 1896.89
25 33 1925.96
25 34 1936.86
25 35 1933.46
25 36 1919.16
25 37 1897.05
25 38 1869.69
25 39 1839.3
25 40 1807.63
25 41 1776.13
25 42 1745.91
25 43 1717.84
25 44 1692.58
25 45 1670.59
25 46 1652.24
25 47 1637.74
25 48 1627.31
25 49 1620.99
25 50 1618.89
25 51 1620.99
25 52 1627.31
25 53 1637.74
25 54 1652.24
25 55 1670.59
25 56 1692.58
25 57 1717.84
25 58 1745.91
25 59 1776.13
25 60 1807.63
25 61 1839.3
25 62 1869.69
25 63 1897.05
25 64 1919.16
25 65 1933.46
25 66 1936.86
25 67 1925.96
25 68 1896.89
25 69 1845.62
25 70 1767.93
25 71 1659.77
25 72 1517.42
25 73 1337.94
25 74 1119.31
25 75 861.076
25 76 564.393
25 77 232.602
25 78 -128.896
25 79 -512.399
25 80 -908.126
25 81 -1304.59
25 82 -1689.02
25 83 -2048.19
25 84 -2369.11
25 85 -2639.91
25 86 -2850.64
25 87 -2993.94
25 88 -3065.48
25 89 -3064.23
25 90 -2992.36
25 91 -2854.8
25 92 -2658.8
25 93 -2413.02
25 94 -2126.79
25 95 -1809.3
25 96 -1468.94
25 97 -1112.83
25 98 -746.633
25 99 -374.619
25 100 0

26 0 0
26 1 -403.018
26 2 -801.627
26 3 -1190.88
26 4 -1564.85
26 5 -1916.44
26 6 -2237.33
26 7 -2518.33
26 8 -2749.83
26 9 -2922.67
26 10 -3028.79
26 11 -3062.18
26 12 -3019.57
26 13 -2900.92
26 14 -2709.57
26 15 -2452.29
26 16 -2138.77
26 17 -1781.05
26 18 -1392.67
26 19 -987.744
26 20 -580.185
26 21 -182.694
26 22 193.63
26 23 539.957
26 24 849.885
26 25 1119.31
26 26 1346.6
26 27 1531.93
26 28 1677.3
26 29 1785.82
26 30 1861.48
26 31 1908.72
26 32 1932.16
26 33 1936.26
26 34 1925.26
26 35 1902.92
26 36 1872.61
26 37 1837.1
26 38 1798.76
26 39 1759.48
26 40 1720.75
26 41 1683.72
26 42 1649.24
26 43 1617.94
26 44 1590.27
26 45 1566.54
26 46 1546.94
26 47 1531.61
26 48 1520.62
26 49 1514
26 50 1511.8
26 51 1514
26 52 1520.62
26 53 1531.61
26 54 1546.94
26 55 1566.54
26 56 1590.27
26 57 1617.94
26 58 1649.24
26 59 1683.72
26 60 1720.75
26 61 1759.48
26 62 1798.76
26 63 1837.1
26 64 1872.61
26 65 1902.92
26 66 1925.26
26 67 1936.26
26 68 1932.16
26 69 1908.72
26 70 1861.48
26 71 1785.82
26 72 1677.3
26 73 1531.93
26 74 1346.6
26 75 1119.31
26 76 849.885
26 77 539.957
26 78 193.63
26 79 -182.694
26 80 -580.185
26 81 -987.744
26 82 -1392.67
26 83 -1781.05
26 84 -2138.77
26 85 -2452.29
26 86 -2709.57
26 87 -2900.92
26 88 -3019.57
26 89 -3062.18
26 90 -3028.79
26 91 -2922.67
26 92 -2749.83
26 93 -2518.33
26 94 -2237.33
26 95 -1916.44
26 96 -1564.85
26 97 -1190.88
26 98 -801.627
26 99 -403.018
26 100 0

27 0 0
27 1 -429.996
27 2 -853.602
27 3 -1263.99
27 4 -1653.52
27 5 -2013.6
27 6 -2334.82
27 7 -2607.25
27 8 -2821.15
27 9 -2967.68
27 10 -3039.79
27 11 -3032.96
27 12 -2945.88
27 13 -2780.77
27 14 -2543.5
27 15 -2243.23
27 16 -1891.88
27 17 -1503.4
27 18 -1092.71
27 19 -674.754
27 20 -263.598
27 21 128.274
27 22 490.698
27 23 816.034
27 24 1099.23
27 25 1337.94
27 26 1531.93
27 27 1683.01
27 28 1794.38
27 29 1870.22
27 30 1915.37
27 31 1934.85
27 32 1933.55
27 33 1916.16
27 34 1886.78
27 35 1849.12
27 36 1806.22
27 37 1760.62
27 38 1714.34
27 39 1668.96
27 40 1625.65
27 41 1585.27
27 42 1548.41
27 43 1515.51
27 44 1486.78
27 45 1462.41
27 46 1442.44
27 47 1426.93
27 48 1415.85
27 49 1409.21
27 50 1407
27 51 1409.21
27 52 1415.85
27 53 1426.93
27 54 1442.44
27 55 1462.41
27 56 1486.78
27 57 1515.51
27 58 1548.41
27 59 1585.27
27 60 1625.65
27 61 1668.96
27 62 1714.34
27 63 1760.62
27 64 1806.22
27 65 1849.12
27 66 1886.78
27 67 1916.16
27 68 1933.55
27 69 1934.85
27 70 1915.37
27 71 1870.22
27 72 1794.38
27 73 1683.01
27 74 1531.93
27 75 1337.94
27 76 1099.23
27 77 816.034
27 78 490.698
27 79 128.274
27 80 -263.598
27 81 -674.754
27 82 -1092.71
27 83 -1503.4
27 84 -1891.88
27 85 -2243.23
27 86 -2543.5
27 87 -2780.77
27 88 -2945.88
27 89 -3032.96
27 90 -3039.79
27 91 -2967.68
27 92 -2821.15
27 93 -2607.25
27 94 -2334.82
27 95 -2013.6
27 96 -1653.52
27 97 -1263.99
27 98 -853.602
27 99 -429.996
27 100 0

28 0 0
28 1 -455.137
28 2 -901.785
28 3 -1331.13
28 4 -1733.72
28 5 -2099.5
28 6 -2418.01
28 7 -2678.81
28 8 -2872.16
28 9 -2989.92
28 10 -3026.21
28 11 -2978.32
28 12 -2847.1
28 13 -2637.22
28 14 -2357.03
28 15 -2018.09
28 16 -1634.43
28 17 -1221.58
28 18 -795.522
28 19 -371.664
28 20 36.0337
28 21 415.883
28 22 758.765
28 23 1058.46
28 24 1311.64
28 25 1517.42
28 26 1677.3
28 27 1794.38
28 28 1873.02
28 29 1918.33
28 30 1935.78
28 31 1930.71
28 32 1908.24
28 33 1872.95
28 34 1828.86
28 35 1779.35
28 36 1727.16
28 37 1674.5
28 38 1623.02
28 39 1573.95
28 40 1528.17
28 41 1486.26
28 42 1448.59
28 43 1415.34
28 44 1386.64
28 45 1362.46
28 46 1342.81
28 47 1327.59
28 48 1316.79
28 49 1310.31
28 50 1308.17
28 51 1310.31
28 52 1316.79
28 53 1327.59
28 54 1342.81
28 55 1362.46
28 56 1386.64
