0 0 0
0 1 0
0 2 0
0 3 0
0 4 0
0 5 0
0 6 0
0 7 0
0 8 0
0 9 0
0 10 0
0 11 0
0 12 0
0 13 0
0 14 0
0 15 0
0 16 0
0 17 0
0 18 0
0 19 0
0 20 0
0 21 0
0 22 0
0 23 0
0 24 0
0 25 0
0 26 0
0 27 0
0 28 0
0 29 0
0 30 0
0 31 0
0 32 0
0 33 0
0 34 0
0 35 0
0 36 0
0 37 0
0 38 0
0 39 0
0 40 0
0 41 0
0 42 0
0 43 0
0 44 0
0 45 0
0 46 0
0 47 0
0 48 0
0 49 0
0 50 0
0 51 0
0 52 0
0 53 0
0 54 0
0 55 0
0 56 0
0 57 0
0 58 0
0 59 0
0 60 0
0 61 0
0 62 0
0 63 0
0 64 0
0 65 0
0 66 0
0 67 0
0 68 0
0 69 0
0 70 0
0 71 0
0 72 0
0 73 0
0 74 0
0 75 0
0 76 0
0 77 0
0 78 0
0 79 0
0 80 0
0 81 0
0 82 0
0 83 0
0 84 0
0 85 0
0 86 0
0 87 0
0 88 0
0 89 0
0 90 0
0 91 0
0 92 0
0 93 0
0 94 0
0 95 0
0 96 0
0 97 0
0 98 0
0 99 0
0 100 0

1 0 0
1 1 -32.609
1 2 -66.1542
1 3 -101.466
1 4 -139.128
1 5 -179.415
1 6 -222.19
1 7 -266.868
1 8 -312.407
1 9 -357.32
1 10 -399.757
1 11 -437.609
1 12 -468.654
1 13 -490.73
1 14 -501.94
1 15 -500.807
1 16 -486.464
1 17 -458.776
1 18 -418.364
1 19 -366.682
1 20 -305.854
1 21 -238.607
1 22 -168.039
1 23 -97.3956
1 24 -29.8267
1 25 31.8355
1 26 85.2874
1 27 128.883
1 28 161.682
1 29 183.504
1 30 194.817
1 31 196.656
1 32 190.463
1 33 177.934
1 34 160.826
1 35 140.853
1 36 119.57
1 37 98.2643
1 38 77.9501
1 39 59.3385
1 40 42.8699
1 41 28.7355
1 42 16.952
1 43 7.40181
1 44 -0.145422
1 45 -5.95022
1 46 -10.2471
1 47 -13.3151
1 48 -15.3468
1 49 -16.5103
1 50 -16.8847
1 51 -16.5103
1 52 -15.3468
1 53 -13.3151
1 54 -10.2471
1 55 -5.95022
1 56 -0.145422
1 57 7.40181
1 58 16.952
1 59 28.7355
1 60 42.8699
1 61 59.3385
1 62 77.9501
1 63 98.2643
1 64 119.57
1 65 140.853
1 66 160.826
1 67 177.934
1 68 190.463
1 69 196.656
1 70 194.817
1 71 183.504
1 72 161.682
1 73 128.883
1 74 85.2874
1 75 31.8355
1 76 -29.8267
1 77 -97.3956
1 78 -168.039
1 79 -238.607
1 80 -305.854
1 81 -366.682
1 82 -418.364
1 83 -458.776
1 84 -486.464
1 85 -500.807
1 86 -501.94
1 87 -490.73
1 88 -468.654
1 89 -437.609
1 90 -399.757
1 91 -357.32
1 92 -312.407
1 93 -266.868
1 94 -222.19
1 95 -179.415
1 96 -139.128
1 97 -101.466
1 98 -66.1542
1 99 -32.609
1 100 0

2 0 0
2 1 -66.1542
2 2 -134.089
2 3 -205.376
2 4 -281.111
2 5 -361.785
2 6 -447.095
2 7 -535.863
2 8 -626.028
2 9 -714.67
2 10 -798.171
2 11 -872.409
2 12 -933.064
2 13 -975.922
2 14 -997.301
2 15 -994.329
2 16 -965.344
2 17 -910.083
2 18 -829.806
2 19 -727.356
2 20 -606.93
2 21 -473.869
2 22 -334.266
2 23 -194.484
2 24 -60.7278
2 25 61.4322
2 26 167.43
2 27 254.007
2 28 319.285
2 29 362.89
2 30 385.712
2 31 389.766
2 32 377.865
2 33 353.339
2 34 319.662
2 35 280.234
2 36 238.121
2 37 195.88
2 38 155.525
2 39 118.5
2 40 85.7015
2 41 57.5049
2 42 33.9756
2 43 14.8418
2 44 -0.26386
2 45 -11.8842
2 46 -20.5441
2 47 -26.7018
2 48 -30.7871
2 49 -33.1301
2 50 -33.8889
2 51 -33.1301
2 52 -30.7871
2 53 -26.7018
2 54 -20.5441
2 55 -11.8842
2 56 -0.26386
2 57 14.8418
2 58 33.9756
2 59 57.5049
2 60 85.7015
2 61 118.5
2 62 155.525
2 63 195.88
2 64 238.121
2 65 280.234
2 66 319.662
2 67 353.339
2 68 377.865
2 69 389.766
2 70 385.712
2 71 362.89
2 72 319.285
2 73 254.007
2 74 167.43
2 75 61.4322
2 76 -60.7278
2 77 -194.484
2 78 -334.266
2 79 -473.869
2 80 -606.93
2 81 -727.356
2 82 -829.806
2 83 -910.083
2 84 -965.344
2 85 -994.329
2 86 -997.301
2 87 -975.922
2 88 -933.064
2 89 -872.409
2 90 -798.171
2 91 -714.67
2 92 -626.028
2 93 -535.863
2 94 -447.095
2 95 -361.785
2 96 -281.111
2 97 -205.376
2 98 -134.089
2 99 -66.1542
2 100 0

3 0 0
3 1 -101.466
3 2 -205.376
3 3 -313.868
3 4 -428.411
3 5 -549.607
3 6 -676.922
3 7 -808.591
3 8 -941.581
3 9 -1071.65
3 10 -1193.56
3 11 -1301.38
3 12 -1388.88
3 13 -1450.04
3 14 -1479.58
3 15 -1473.43
3 16 -1429.24
3 17 -1346.69
3 18 -1227.65
3 19 -1076.28
3 20 -898.674
3 21 -702.619
3 22 -496.965
3 23 -291.004
3 24 -93.7768
3 25 86.5579
3 26 243.318
3 27 371.673
3 28 468.831
3 29 534.138
3 30 568.841
3 31 575.816
3 32 559.159
3 33 523.707
3 34 474.549
3 35 416.666
3 36 354.594
3 37 292.143
3 38 232.33
3 39 177.304
3 40 128.417
3 41 86.3096
3 42 51.0691
3 43 22.4003
3 44 -0.335199
3 45 -17.8698
3 46 -30.908
3 47 -40.2392
3 48 -46.4342
3 49 -49.9807
3 50 -51.1274
3 51 -49.9807
3 52 -46.4342
3 53 -40.2392
3 54 -30.908
3 55 -17.8698
3 56 -0.335199
3 57 22.4003
3 58 51.0691
3 59 86.3096
3 60 128.417
3 61 177.304
3 62 232.33
3 63 292.143
3 64 354.594
3 65 416.666
3 66 474.549
3 67 523.707
3 68 559.159
3 69 575.816
3 70 568.841
3 71 534.138
3 72 468.831
3 73 371.673
3 74 243.318
3 75 86.5579
3 76 -93.7768
3 77 -291.004
3 78 -496.965
3 79 -702.619
3 80 -898.674
3 81 -1076.28
3 82 -1227.65
3 83 -1346.69
3 84 -1429.24
3 85 -1473.43
3 86 -1479.58
3 87 -1450.04
3 88 -1388.88
3 89 -1301.38
3 90 -1193.56
3 91 -1071.65
3 92 -941.581
3 93 -808.591
3 94 -676.922
3 95 -549.607
3 96 -428.411
3 97 -313.868
3 98 -205.376
3 99 -101.466
3 100 0

4 0 0
4 1 -139.128
4 2 -281.111
4 3 -428.411
4 4 -582.681
4 5 -744.473
4 6 -912.956
4 7 -1085.75
4 8 -1258.95
4 9 -1427.11
4 10 -1583.62
4 11 -1720.99
4 12 -1831.44
4 13 -1907.43
4 14 -1942.38
4 15 -1931.25
4 16 -1871.19
4 17 -1761.86
4 18 -1605.76
4 19 -1408.18
4 20 -1176.97
4 21 -922.048
4 22 -654.73
4 23 -386.884
4 24 -130.13
4 25 105.055
4 26 309.992
4 27 478.38
4 28 606.507
4 29 693.402
4 30 740.531
4 31 751.495
4 32 731.461
4 33 686.62
4 34 623.538
4 35 548.685
4 36 467.96
4 37 386.377
4 38 307.918
4 39 235.479
4 40 170.914
4 41 115.106
4 42 68.2781
4 43 30.0022
4 44 -0.397016
4 45 -23.889
4 46 -41.4755
4 47 -54.0385
4 48 -62.4177
4 49 -67.2099
4 50 -68.7668
4 51 -67.2099
4 52 -62.4177
4 53 -54.0385
4 54 -41.4755
4 55 -23.889
4 56 -0.397016
4 57 30.0022
4 58 68.2781
4 59 115.106
4 60 170.914
4 61 235.479
4 62 307.918
4 63 386.377
4 64 467.96
4 65 548.685
4 66 623.538
4 67 686.62
4 68 731.461
4 69 751.495
4 70 740.531
4 71 693.402
4 72 606.507
4 73 478.38
4 74 309.992
4 75 105.055
4 76 -130.13
4 77 -386.884
4 78 -654.73
4 79 -922.048
4 80 -1176.97
4 81 -1408.18
4 82 -1605.76
4 83 -1761.86
4 84 -1871.19
4 85 -1931.25
4 86 -1942.38
4 87 -1907.43
4 88 -1831.44
4 89 -1720.99
4 90 -1583.62
4 91 -1427.11
4 92 -1258.95
4 93 -1085.75
4 94 -912.956
4 95 -744.473
4 96 -582.681
4 97 -428.411
4 98 -281.111
4 99 -139.128
4 100 0

5 0 0
5 1 -179.415
5 2 -361.785
5 3 -549.607
5 4 -744.473
5 5 -946.718
5 6 -1155.1
5 7 -1366.67
5 8 -1576.68
5 9 -1778.74
5 10 -1965.11
5 11 -2127.13
5 12 -2255.76
5 13 -2342.4
5 14 -2379.48
5 15 -2361.34
5 16 -2284.75
5 17 -2149.51
5 18 -1958.66
5 19 -1718.5
5 20 -1438.31
5 21 -1129.83
5 22 -806.427
5 23 -482.2
5 24 -170.936
5 25 114.814
5 26 364.634
5 27 570.819
5 28 728.785
5 29 837.106
5 30 897.351
5 31 913.619
5 32 891.977
5 33 839.731
5 34 764.753
5 35 674.823
5 36 577.115
5 37 477.787
5 38 381.782
5 39 292.728
5 40 212.978
5 41 143.793
5 42 85.4551
5 43 37.6495
5 44 -0.517717
5 45 -30.1217
5 46 -52.3094
5 47 -68.2651
5 48 -78.9077
5 49 -85.0033
5 50 -86.9837
5 51 -85.0033
5 52 -78.9077
5 53 -68.2651
5 54 -52.3094
5 55 -30.1217
5 56 -0.517717
5 57 37.6495
5 58 85.4551
5 59 143.793
5 60 212.978
5 61 292.728
5 62 381.782
5 63 477.787
5 64 577.115
5 65 674.823
5 66 764.753
5 67 839.731
5 68 891.977
5 69 913.619
5 70 897.351
5 71 837.106
5 72 728.785
5 73 570.819
5 74 364.634
5 75 114.814
5 76 -170.936
5 77 -482.2
5 78 -806.427
5 79 -1129.83
5 80 -1438.31
5 81 -1718.5
5 82 -1958.66
5 83 -2149.51
5 84 -2284.75
5 85 -2361.34
5 86 -2379.48
5 87 -2342.4
5 88 -2255.76
5 89 -2127.13
5 90 -1965.11
5 91 -1778.74
5 92 -1576.68
5 93 -1366.67
5 94 -1155.1
5 95 -946.718
5 96 -744.473
5 97 -549.607
5 98 -361.785
5 99 -179.415
5 100 0

6 0 0
6 1 -222.19
6 2 -447.095
6 3 -676.922
6 4 -912.956
6 5 -1155.1
6 6 -1401.65
6 7 -1649.03
6 8 -1891.84
6 9 -2122.93
6 10 -2333.77
6 11 -2514.86
6 12 -2656.43
6 13 -2749.14
6 14 -2784.92
6 15 -2757.71
6 16 -2664.22
6 17 -2504.38
6 18 -2281.76
6 19 -2003.45
6 20 -1679.89
6 21 -1324.19
6 22 -951.365
6 23 -577.24
6 24 -217.415
6 25 113.883
6 26 404.681
6 27 646.04
6 28 832.464
6 29 962.021
6 30 1036.17
6 31 1059.32
6 32 1038.14
6 33 980.842
6 34 896.36
6 35 793.628
6 36 680.946
6 37 565.561
6 38 453.325
6 39 348.611
6 40 254.344
6 41 172.122
6 42 102.504
6 43 45.1233
6 44 -0.860926
6 45 -36.6695
6 46 -63.67
6 47 -83.0987
6 48 -96.1409
6 49 -103.595
6 50 -106.027
6 51 -103.595
6 52 -96.1409
6 53 -83.0987
6 54 -63.67
6 55 -36.6695
6 56 -0.860926
6 57 45.1233
6 58 102.504
6 59 172.122
6 60 254.344
6 61 348.611
6 62 453.325
6 63 565.561
6 64 680.946
6 65 793.628
6 66 896.36
6 67 980.842
6 68 1038.14
6 69 1059.32
6 70 1036.17
6 71 962.021
6 72 832.464
6 73 646.04
6 74 404.681
6 75 113.883
6 76 -217.415
6 77 -577.24
6 78 -951.365
6 79 -1324.19
6 80 -1679.89
6 81 -2003.45
6 82 -2281.76
6 83 -2504.38
6 84 -2664.22
6 85 -2757.71
6 86 -2784.92
6 87 -2749.14
6 88 -2656.43
6 89 -2514.86
6 90 -2333.77
6 91 -2122.93
6 92 -1891.84
6 93 -1649.03
6 94 -1401.65
6 95 -1155.1
6 96 -912.956
6 97 -676.922
6 98 -447.095
6 99 -222.19
6 100 0

7 0 0
7 1 -266.868
7 2 -535.863
7 3 -808.591
7 4 -1085.75
7 5 -1366.67
7 6 -1649.03
7 7 -1928.73
7 8 -2199.79
7 9 -2454.59
7 10 -2684.1
7 11 -2878.45
7 12 -3027.53
7 13 -3121.78
7 14 -3152.95
7 15 -3114.98
7 16 -3004.63
7 17 -2822.12
7 18 -2571.4
7 19 -2260.18
7 20 -1899.67
7 21 -1503.98
7 22 -1089.2
7 23 -672.494
7 24 -270.731
7 25 100.472
7 26 427.901
7 27 701.455
7 28 914.788
7 29 1065.32
7 30 1154.25
7 31 1186.01
7 32 1167.62
7 33 1107.9
7 34 1016.62
7 35 903.654
7 36 778.31
7 37 648.798
7 38 521.852
7 39 402.611
7 40 294.572
7 41 199.826
7 42 119.079
7 43 52.2177
7 44 -1.67347
7 45 -43.8407
7 46 -75.7569
7 47 -98.8725
7 48 -114.389
7 49 -123.299
7 50 -126.198
7 51 -123.299
7 52 -114.389
7 53 -98.8725
7 54 -75.7569
7 55 -43.8407
7 56 -1.67347
7 57 52.2177
7 58 119.079
7 59 199.826
7 60 294.572
7 61 402.611
7 62 521.852
7 63 648.798
7 64 778.31
7 65 903.654
7 66 1016.62
7 67 1107.9
7 68 1167.62
7 69 1186.01
7 70 1154.25
7 71 1065.32
7 72 914.788
7 73 701.455
7 74 427.901
7 75 100.472
7 76 -270.731
7 77 -672.494
7 78 -1089.2
7 79 -1503.98
7 80 -1899.67
7 81 -2260.18
7 82 -2571.4
7 83 -2822.12
7 84 -3004.63
7 85 -3114.98
7 86 -3152.95
7 87 -3121.78
7 88 -3027.53
7 89 -2878.45
7 90 -2684.1
7 91 -2454.59
7 92 -2199.79
7 93 -1928.73
7 94 -1649.03
7 95 -1366.67
7 96 -1085.75
7 97 -808.591
7 98 -535.863
7 99 -266.868
7 100 0

8 0 0
8 1 -312.407
8 2 -626.028
8 3 -941.581
8 4 -1258.95
8 5 -1576.68
8 6 -1891.84
8 7 -2199.79
8 8 -2494.17
8 9 -2767.11
8 10 -3009.47
8 11 -3211.37
8 12 -3362.83
8 13 -3454.44
8 14 -3478.2
8 15 -3428.3
8 16 -3301.81
8 17 -3099.21
8 18 -2824.82
8 19 -2486.63
8 20 -2096.34
8 21 -1668.52
8 22 -1219.94
8 23 -768.491
8 24 -331.969
8 25 73.0801
8 26 432.401
8 27 734.956
8 28 973.473
8 29 1144.68
8 30 1249.27
8 31 1291.46
8 32 1278.32
8 33 1219.03
8 34 1123.88
8 35 1003.5
8 36 867.999
8 37 726.498
8 38 586.566
8 39 454.074
8 40 333.173
8 41 226.376
8 42 134.842
8 43 58.5424
8 44 -3.2945
8 45 -51.9526
8 46 -88.9855
8 47 -115.881
8 48 -134.051
8 49 -144.473
8 50 -147.886
8 51 -144.473
8 52 -134.051
8 53 -115.881
8 54 -88.9855
8 55 -51.9526
8 56 -3.2945
8 57 58.5424
8 58 134.842
8 59 226.376
8 60 333.173
8 61 454.074
8 62 586.566
8 63 726.498
8 64 867.999
8 65 1003.5
8 66 1123.88
8 67 1219.03
8 68 1278.32
8 69 1291.46
8 70 1249.27
8 71 1144.68
8 72 973.473
8 73 734.956
8 74 432.401
8 75 73.0801
8 76 -331.969
8 77 -768.491
8 78 -1219.94
8 79 -1668.52
8 80 -2096.34
8 81 -2486.63
8 82 -2824.82
8 83 -3099.21
8 84 -3301.81
8 85 -3428.3
8 86 -3478.2
8 87 -3454.44
8 88 -3362.83
8 89 -3211.37
8 90 -3009.47
8 91 -2767.11
8 92 -2494.17
8 93 -2199.79
8 94 -1891.84
8 95 -1576.68
8 96 -1258.95
8 97 -941.581
8 98 -626.028
8 99 -312.407
8 100 0

9 0 0
9 1 -357.32
9 2 -714.67
9 3 -1071.65
9 4 -1427.11
9 5 -1778.74
9 6 -2122.93
9 7 -2454.59
9 8 -2767.11
9 9 -3052.64
9 10 -3302.23
9 11 -3506.41
9 12 -3655.67
9 13 -3741.2
9 14 -3755.56
9 15 -3693.45
9 16 -3552.36
9 17 -3333.1
9 18 -3040.11
9 19 -2681.58
9 20 -2269.18
9 21 -1817.62
9 22 -1343.78
9 23 -865.842
9 24 -402.001
9 25 30.5555
9 26 416.863
9 27 745
9 28 1006.85
9 29 1198.31
9 30 1319.41
9 31 1373.87
9 32 1368.54
9 33 1312.59
9 34 1216.63
9 35 1091.78
9 36 948.835
9 37 797.647
9 38 646.565
9 39 502.23
9 40 369.424
9 41 251.274
9 42 149.226
9 43 63.6181
9 44 -6.20778
9 45 -61.4749
9 46 -103.759
9 47 -134.654
9 48 -155.552
9 49 -167.616
9 50 -171.536
9 51 -167.616
9 52 -155.552
9 53 -134.654
9 54 -103.759
9 55 -61.4749
9 56 -6.20778
9 57 63.6181
9 58 149.226
9 59 251.274
9 60 369.424
9 61 502.23
9 62 646.565
9 63 797.647
9 64 948.835
9 65 1091.78
9 66 1216.63
9 67 1312.59
9 68 1368.54
9 69 1373.87
9 70 1319.41
9 71 1198.31
9 72 1006.85
9 73 745
9 74 416.863
9 75 30.5555
9 76 -402.001
9 77 -865.842
9 78 -1343.78
9 79 -1817.62
9 80 -2269.18
9 81 -2681.58
9 82 -3040.11
9 83 -3333.1
9 84 -3552.36
9 85 -3693.45
9 86 -3755.56
9 87 -3741.2
9 88 -3655.67
9 89 -3506.41
9 90 -3302.23
9 91 -3052.64
9 92 -2767.11
9 93 -2454.59
9 94 -2122.93
9 95 -1778.74
9 96 -1427.11
9 97 -1071.65
9 98 -714.67
9 99 -357.32
9 100 0

10 0 0
10 1 -399.757
10 2 -798.171
10 3 -1193.56
10 4 -1583.62
10 5 -1965.11
10 6 -2333.77
10 7 -2684.1
10 8 -3009.47
10 9 -3302.23
10 10 -3553.97
10 11 -3755.88
10 12 -3899.33
10 13 -3976.35
10 14 -3980.37
10 15 -3906.77
10 16 -3753.56
10 17 -3521.82
10 18 -3216.07
10 19 -2844.31
10 20 -2417.95
10 21 -1951.29
10 22 -1460.96
10 23 -964.893
10 24 -481.353
10 25 -27.7273
10 26 380.479
10 27 730.688
10 28 1013.88
10 29 1225.09
10 30 1363.42
10 31 1431.91
10 32 1436.86
10 33 1387.19
10 34 1293.53
10 35 1167.24
10 36 1019.62
10 37 861.134
10 38 700.883
10 39 546.204
10 40 402.619
10 41 273.74
10 42 161.622
10 43 66.8572
10 44 -10.957
10 45 -72.9545
10 46 -120.655
10 47 -155.662
10 48 -179.47
10 49 -193.215
10 50 -197.734
10 51 -193.215
10 52 -179.47
10 53 -155.662
10 54 -120.655
10 55 -72.9545
10 56 -10.957
10 57 66.8572
10 58 161.622
10 59 273.74
10 60 402.619
10 61 546.204
10 62 700.883
10 63 861.134
10 64 1019.62
10 65 1167.24
10 66 1293.53
10 67 1387.19
10 68 1436.86
10 69 1431.91
10 70 1363.42
10 71 1225.09
10 72 1013.88
10 73 730.688
10 74 380.479
10 75 -27.7273
10 76 -481.353
10 77 -964.893
10 78 -1460.96
10 79 -1951.29
10 80 -2417.95
10 81 -2844.31
10 82 -3216.07
10 83 -3521.82
10 84 -3753.56
10 85 -3906.77
10 86 -3980.37
10 87 -3976.35
10 88 -3899.33
10 89 -3755.88
10 90 -3553.97
10 91 -3302.23
10 92 -3009.47
10 93 -2684.1
10 94 -2333.77
10 95 -1965.11
10 96 -1583.62
10 97 -1193.56
10 98 -798.171
10 99 -399.757
10 100 0

11 0 0
11 1 -437.609
11 2 -872.409
11 3 -1301.38
11 4 -1720.99
11 5 -2127.13
11 6 -2514.86
11 7 -2878.45
11 8 -3211.37
11 9 -3506.41
11 10 -3755.88
11 11 -3951.97
11 12 -4087.09
11 13 -4154.42
11 14 -4148.34
11 15 -4065.12
11 16 -3903.25
11 17 -3664.08
11 18 -3351.96
11 19 -2974.54
11 20 -2542.54
11 21 -2069.58
11 22 -1571.52
11 23 -1065.71
11 24 -570.009
11 25 -101.785
11 26 323.245
11 27 691.882
11 28 994.308
11 29 1224.55
11 30 1380.7
11 31 1464.79
11 32 1482.38
11 33 1441.82
11 34 1353.47
11 35 1228.74
11 36 1079.24
11 37 915.917
11 38 748.509
11 39 585.095
11 40 431.832
11 41 293.059
11 42 171.283
11 43 67.5705
11 44 -18.2073
11 45 -87.0138
11 46 -140.266
11 47 -179.557
11 48 -206.365
11 49 -221.945
11 50 -227.01
11 51 -221.945
11 52 -206.365
11 53 -179.557
11 54 -140.266
11 55 -87.0138
11 56 -18.2073
11 57 67.5705
11 58 171.283
11 59 293.059
11 60 431.832
11 61 585.095
11 62 748.509
11 63 915.917
11 64 1079.24
11 65 1228.74
11 66 1353.47
11 67 1441.82
11 68 1482.38
11 69 1464.79
11 70 1380.7
11 71 1224.55
11 72 994.308
11 73 691.882
11 74 323.245
11 75 -101.785
11 76 -570.009
11 77 -1065.71
11 78 -1571.52
11 79 -2069.58
11 80 -2542.54
11 81 -2974.54
11 82 -3351.96
11 83 -3664.08
11 84 -3903.25
11 85 -4065.12
11 86 -4148.34
11 87 -4154.42
11 88 -4087.09
11 89 -3951.97
11 90 -3755.88
11 91 -3506.41
11 92 -3211.37
11 93 -2878.45
11 94 -2514.86
11 95 -2127.13
11 96 -1720.99
11 97 -1301.38
11 98 -872.409
11 99 -437.609
11 100 0

12 0 0
12 1 -468.654
12 2 -933.064
12 3 -1388.88
12 4 -1831.44
12 5 -2255.76
12 6 -2656.43
12 7 -3027.53
12 8 -3362.83
12 9 -3655.67
12 10 -3899.33
12 11 -4087.09
12 12 -4212.63
12 13 -4270.33
12 14 -4255.72
12 15 -4165.85
12 16 -3999.78
12 17 -3758.9
12 18 -3447.33
12 19 -3072.03
12 20 -2642.85
12 21 -2172.27
12 22 -1675.11
12 23 -1167.71
12 24 -667.282
12 25 -190.776
12 26 245.977
12 27 629.371
12 28 948.738
12 29 1197.11
12 30 1371.37
12 31 1472.41
12 32 1504.72
12 33 1475.88
12 34 1395.7
12 35 1275.42
12 36 1126.76
12 37 961.022
12 38 788.516
12 39 617.945
12 40 456.264
12 41 308.371
12 42 177.469
12 43 65.0486
12 44 -28.6442
12 45 -104.317
12 46 -163.24
12 47 -206.953
12 48 -236.921
12 49 -254.346
12 50 -260.094
12 51 -254.346
12 52 -236.921
12 53 -206.953
12 54 -163.24
12 55 -104.317
12 56 -28.6442
12 57 65.0486
12 58 177.469
12 59 308.371
12 60 456.264
12 61 617.945
12 62 788.516
12 63 961.022
12 64 1126.76
12 65 1275.42
12 66 1395.7
12 67 1475.88
12 68 1504.72
12 69 1472.41
12 70 1371.37
12 71 1197.11
12 72 948.738
12 73 629.371
12 74 245.977
12 75 -190.776
12 76 -667.282
12 77 -1167.71
12 78 -1675.11
12 79 -2172.27
12 80 -2642.85
12 81 -3072.03
12 82 -3447.33
12 83 -3758.9
12 84 -3999.78
12 85 -4165.85
12 86 -4255.72
12 87 -4270.33
12 88 -4212.63
12 89 -4087.09
12 90 -3899.33
12 91 -3655.67
12 92 -3362.83
12 93 -3027.53
12 94 -2656.43
12 95 -2255.76
12 96 -1831.44
12 97 -1388.88
12 98 -933.064
12 99 -468.654
12 100 0

13 0 0
13 1 -490.73
13 2 -975.922
13 3 -1450.04
13 4 -1907.43
13 5 -2342.4
13 6 -2749.14
13 7 -3121.78
13 8 -3454.44
13 9 -3741.2
13 10 -3976.35
13 11 -4154.42
13 12 -4270.33
13 13 -4319.78
13 14 -4299.32
13 15 -4206.84
13 16 -4041.76
13 17 -3805.51
13 18 -3501.69
13 19 -3136.44
13 20 -2718.36
13 21 -2258.66
13 22 -1770.68
13 23 -1269.57
13 24 -771.52
13 25 -292.94
13 26 150.526
13 27 544.884
13 28 878.769
13 29 1144.07
13 30 1336.44
13 31 1455.37
13 32 1504.17
13 33 1489.31
13 34 1419.92
13 35 1306.78
13 36 1161.53
13 37 995.711
13 38 820.087
13 39 644.038
13 40 475.103
13 41 318.988
13 42 179.472
13 43 58.6319
13 44 -42.8701
13 45 -125.458
13 46 -190.176
13 47 -238.427
13 48 -271.647
13 49 -291.082
13 50 -297.431
13 51 -291.082
13 52 -271.647
13 53 -238.427
13 54 -190.176
13 55 -125.458
13 56 -42.8701
13 57 58.6319
13 58 179.472
13 59 318.988
13 60 475.103
13 61 644.038
13 62 820.087
13 63 995.711
13 64 1161.53
13 65 1306.78
13 66 1419.92
13 67 1489.31
13 68 1504.17
13 69 1455.37
13 70 1336.44
13 71 1144.07
13 72 878.769
13 73 544.884
13 74 150.526
13 75 -292.94
13 76 -771.52
13 77 -1269.57
13 78 -1770.68
13 79 -2258.66
13 80 -2718.36
13 81 -3136.44
13 82 -3501.69
13 83 -3805.51
13 84 -4041.76
13 85 -4206.84
13 86 -4299.32
13 87 -4319.78
13 88 -4270.33
13 89 -4154.42
13 90 -3976.35
13 91 -3741.2
13 92 -3454.44
13 93 -3121.78
13 94 -2749.14
13 95 -2342.4
13 96 -1907.43
13 97 -1450.04
13 98 -975.922
13 99 -490.73
13 100 0

14 0 0
14 1 -501.94
14 2 -997.301
14 3 -1479.58
14 4 -1942.38
14 5 -2379.48
14 6 -2784.92
14 7 -3152.95
14 8 -3478.2
14 9 -3755.56
14 10 -3980.37
14 11 -4148.34
14 12 -4255.72
14 13 -4299.32
14 14 -4276.72
14 15 -4186.44
14 16 -4028.21
14 17 -3803.22
14 18 -3514.48
14 19 -3167
14 20 -2768.07
14 21 -2327.25
14 22 -1856.34
14 23 -1368.94
14 24 -880.078
14 25 -405.336
14 26 39.8824
14 27 441.407
14 28 787.12
14 29 1067.86
14 30 1277.87
14 31 1415.25
14 32 1481.82
14 33 1482.84
14 34 1426.44
14 35 1322.81
14 36 1183.33
14 37 1019.62
14 38 842.811
14 39 662.778
14 40 487.846
14 41 324.351
14 42 176.8
14 43 47.8389
14 44 -61.3933
14 45 -150.896
14 46 -221.481
14 47 -274.416
14 48 -311.042
14 49 -332.475
14 50 -339.559
14 51 -332.475
14 52 -311.042
14 53 -274.416
14 54 -221.481
14 55 -150.896
14 56 -61.3933
14 57 47.8389
14 58 176.8
14 59 324.351
14 60 487.846
14 61 662.778
14 62 842.811
14 63 1019.62
14 64 1183.33
14 65 1322.81
14 66 1426.44
14 67 1482.84
14 68 1481.82
14 69 1415.25
14 70 1277.87
14 71 1067.86
14 72 787.12
14 73 441.407
14 74 39.8824
14 75 -405.336
14 76 -880.078
14 77 -1368.94
14 78 -1856.34
14 79 -2327.25
14 80 -2768.07
14 81 -3167
14 82 -3514.48
14 83 -3803.22
14 84 -4028.21
14 85 -4186.44
14 86 -4276.72
14 87 -4299.32
14 88 -4255.72
14 89 -4148.34
14 90 -3980.37
14 91 -3755.56
14 92 -3478.2
14 93 -3152.95
14 94 -2784.92
14 95 -2379.48
14 96 -1942.38
14 97 -1479.58
14 98 -997.301
14 99 -501.94
14 100 0

15 0 0
15 1 -500.807
15 2 -994.329
15 3 -1473.43
15 4 -1931.25
15 5 -2361.34
15 6 -2757.71
15 7 -3114.98
15 8 -3428.3
15 9 -3693.45
15 10 -3906.77
15 11 -4065.12
15 12 -4165.85
15 13 -4206.84
15 14 -4186.44
15 15 -4103.69
15 16 -3958.37
15 17 -3751.35
15 18 -3484.78
15 19 -3162.5
15 20 -2790.21
15 21 -2375.79
15 22 -1929.17
15 23 -1462.39
15 24 -989.05
15 25 -523.85
15 26 -81.7038
15 27 323.051
15 28 677.72
15 29 972.005
15 30 1198.81
15 31 1354.63
15 32 1439.75
15 33 1458
15 34 1416.39
15 35 1324.28
15 36 1192.62
15 37 1032.97
15 38 856.679
15 39 674.196
15 40 494.376
15 41 324.361
15 42 169.306
15 43 32.5249
15 44 -84.2798
15 45 -180.722
15 46 -257.294
15 47 -315.023
15 48 -355.116
15 49 -378.713
15 50 -386.474
15 51 -378.713
15 52 -355.116
15 53 -315.023
15 54 -257.294
15 55 -180.722
15 56 -84.2798
15 57 32.5249
15 58 169.306
15 59 324.361
15 60 494.376
15 61 674.196
15 62 856.679
15 63 1032.97
15 64 1192.62
15 65 1324.28
15 66 1416.39
15 67 1458
15 68 1439.75
15 69 1354.63
15 70 1198.81
15 71 972.005
15 72 677.72
15 73 323.051
15 74 -81.7038
15 75 -523.85
15 76 -989.05
15 77 -1462.39
15 78 -1929.17
15 79 -2375.79
15 80 -2790.21
15 81 -3162.5
15 82 -3484.78
15 83 -3751.35
15 84 -3958.37
15 85 -4103.69
15 86 -4186.44
15 87 -4206.84
15 88 -4165.85
15 89 -4065.12
15 90 -3906.77
15 91 -3693.45
15 92 -3428.3
15 93 -3114.98
15 94 -2757.71
15 95 -2361.34
15 96 -1931.25
15 97 -1473.43
15 98 -994.329
15 99 -500.807
15 100 0

16 0 0
16 1 -486.464
16 2 -965.344
16 3 -1429.24
16 4 -1871.19
16 5 -2284.75
16 6 -2664.22
16 7 -3004.63
16 8 -3301.81
16 9 -3552.36
16 10 -3753.56
16 11 -3903.25
16 12 -3999.78
16 13 -4041.76
16 14 -4028.21
16 15 -3958.37
16 16 -3831.96
16 17 -3649.26
16 18 -3411.52
16 19 -3121.17
16 20 -2782.34
16 21 -2400.98
16 22 -1985.23
16 23 -1545.31
16 24 -1093.39
16 25 -643.051
16 26 -208.721
16 27 195.327
16 28 555.786
16 29 861.377
16 30 1103.57
16 31 1277.3
16 32 1381.15
16 33 1417.46
16 34 1391.89
16 35 1312.85
16 36 1190.68
16 37 1036.74
16 38 862.542
16 39 678.857
16 40 495.243
16 41 319.467
16 42 157.431
16 43 13.1371
16 44 -111.16
16 45 -214.551
16 46 -297.178
16 47 -359.819
16 48 -403.56
16 49 -429.319
16 50 -437.836
16 51 -429.319
16 52 -403.56
16 53 -359.819
16 54 -297.178
16 55 -214.551
16 56 -111.16
16 57 13.1371
16 58 157.431
16 59 319.467
16 60 495.243
16 61 678.857
16 62 862.542
16 63 1036.74
16 64 1190.68
16 65 1312.85
16 66 1391.89
16 67 1417.46
16 68 1381.15
16 69 1277.3
16 70 1103.57
16 71 861.377
16 72 555.786
16 73 195.327
16 74 -208.721
16 75 -643.051
16 76 -1093.39
16 77 -1545.31
16 78 -1985.23
16 79 -2400.98
16 80 -2782.34
16 81 -3121.17
16 82 -3411.52
16 83 -3649.26
16 84 -3831.96
16 85 -3958.37
16 86 -4028.21
16 87 -4041.76
16 88 -3999.78
16 89 -3903.25
16 90 -3753.56
16 91 -3552.36
16 92 -3301.81
16 93 -3004.63
16 94 -2664.22
16 95 -2284.75
16 96 -1871.19
16 97 -1429.24
16 98 -965.344
16 99 -486.464
16 100 0

17 0 0
17 1 -458.776
17 2 -910.083
17 3 -1346.69
17 4 -1761.86
17 5 -2149.51
17 6 -2504.38
17 7 -2822.12
17 8 -3099.21
17 9 -3333.1
17 10 -3521.82
17 11 -3664.08
17 12 -3758.9
17 13 -3805.51
17 14 -3803.22
17 15 -3751.35
17 16 -3649.26
17 17 -3496.6
17 18 -3293.46
17 19 -3040.93
17 20 -2741.34
17 21 -2398.85
17 22 -2019.61
17 23 -1612.1
17 24 -1186.85
17 25 -756.378
17 26 -334.37
17 27 64.9511
17 28 427.863
17 29 742.093
17 30 997.814
17 31 1188.31
17 32 1310.49
17 33 1365.06
17 34 1356.22
17 35 1291.29
17 36 1179.86
17 37 1032.98
17 38 862.083
17 39 678.361
17 40 491.823
17 41 310.983
17 42 142.43
17 43 -9.15572
17 44 -140.832
17 45 -251.205
17 46 -339.998
17 47 -407.72
17 48 -455.149
17 49 -483.219
17 50 -492.498
17 51 -483.219
17 52 -455.149
17 53 -407.72
17 54 -339.998
17 55 -251.205
17 56 -140.832
17 57 -9.15572
17 58 142.43
17 59 310.983
17 60 491.823
17 61 678.361
17 62 862.083
17 63 1032.98
17 64 1179.86
17 65 1291.29
17 66 1356.22
17 67 1365.06
17 68 1310.49
17 69 1188.31
17 70 997.814
17 71 742.093
17 72 427.863
17 73 64.9511
17 74 -334.37
17 75 -756.378
17 76 -1186.85
17 77 -1612.1
17 78 -2019.61
17 79 -2398.85
17 80 -2741.34
17 81 -3040.93
17 82 -3293.46
17 83 -3496.6
17 84 -3649.26
17 85 -3751.35
17 86 -3803.22
17 87 -3805.51
17 88 -3758.9
17 89 -3664.08
17 90 -3521.82
17 91 -3333.1
17 92 -3099.21
17 93 -2822.12
17 94 -2504.38
17 95 -2149.51
17 96 -1761.86
17 97 -1346.69
17 98 -910.083
17 99 -458.776
17 100 0

18 0 0
18 1 -418.364
18 2 -829.806
18 3 -1227.65
18 4 -1605.76
18 5 -1958.66
18 6 -2281.76
18 7 -2571.4
18 8 -2824.82
18 9 -3040.11
18 10 -3216.07
18 11 -3351.96
18 12 -3447.33
18 13 -3501.69
18 14 -3514.48
18 15 -3484.78
18 16 -3411.52
18 17 -3293.46
18 18 -3129.6
18 19 -2919.49
18 20 -2663.84
18 21 -2364.84
18 22 -2026.8
18 23 -1656.31
18 24 -1262.38
18 25 -856.23
18 26 -450.861
18 27 -60.2133
18 28 301.606
18 29 621.54
18 30 888.439
18 31 1094.05
18 32 1233.54
18 33 1305.95
18 34 1313.97
18 35 1263.68
18 36 1163.81
18 37 1024.87
18 38 858.267
18 39 675.341
18 40 486.663
18 41 301.297
18 42 126.563
18 43 -32.0915
18 44 -171.111
18 45 -288.532
18 46 -383.641
18 47 -456.528
18 48 -507.855
18 49 -538.281
18 50 -548.352
18 51 -538.281
18 52 -507.855
18 53 -456.528
18 54 -383.641
18 55 -288.532
18 56 -171.111
18 57 -32.0915
18 58 126.563
18 59 301.297
18 60 486.663
18 61 675.341
18 62 858.267
18 63 1024.87
18 64 1163.81
18 65 1263.68
18 66 1313.97
18 67 1305.95
18 68 1233.54
18 69 1094.05
18 70 888.439
18 71 621.54
18 72 301.606
18 73 -60.2133
18 74 -450.861
18 75 -856.23
18 76 -1262.38
18 77 -1656.31
18 78 -2026.8
18 79 -2364.84
18 80 -2663.84
18 81 -2919.49
18 82 -3129.6
18 83 -3293.46
18 84 -3411.52
18 85 -3484.78
18 86 -3514.48
18 87 -3501.69
18 88 -3447.33
18 89 -3351.96
18 90 -3216.07
18 91 -3040.11
18 92 -2824.82
18 93 -2571.4
18 94 -2281.76
18 95 -1958.66
18 96 -1605.76
18 97 -1227.65
18 98 -829.806
18 99 -418.364
18 100 0

19 0 0
19 1 -366.682
19 2 -727.356
19 3 -1076.28
19 4 -1408.18
19 5 -1718.5
19 6 -2003.45
19 7 -2260.18
19 8 -2486.63
19 9 -2681.58
19 10 -2844.31
19 11 -2974.54
19 12 -3072.03
19 13 -3136.44
19 14 -3167
19 15 -3162.5
19 16 -3121.17
19 17 -3040.93
19 18 -2919.49
19 19 -2755.04
19 20 -2546.51
19 21 -2294.37
19 22 -2000.98
19 23 -1671.18
19 24 -1312.35
19 25 -934.461
19 26 -549.618
19 27 -171.475
19 28 185.711
19 29 508.121
19 30 783.484
19 31 1002.03
19 32 1157.3
19 33 1246.6
19 34 1271.05
19 35 1235.4
19 36 1147.39
19 37 1016.97
19 38 855.262
19 39 673.798
19 40 483.469
19 41 293.983
19 42 113.374
19 43 -52.2601
19 44 -198.642
19 45 -323.224
19 46 -424.749
19 47 -503.045
19 48 -558.354
19 49 -591.256
19 50 -602.17
19 51 -591.256
19 52 -558.354
19 53 -503.045
19 54 -424.749
19 55 -323.224
19 56 -198.642
19 57 -52.2601
19 58 113.374
19 59 293.983
19 60 483.469
19 61 673.798
19 62 855.262
19 63 1016.97
19 64 1147.39
19 65 1235.4
19 66 1271.05
19 67 1246.6
19 68 1157.3
19 69 1002.03
19 70 783.484
19 71 508.121
19 72 185.711
19 73 -171.475
19 74 -549.618
19 75 -934.461
19 76 -1312.35
19 77 -1671.18
19 78 -2000.98
19 79 -2294.37
19 80 -2546.51
19 81 -2755.04
19 82 -2919.49
19 83 -3040.93
19 84 -3121.17
19 85 -3162.5
19 86 -3167
19 87 -3136.44
19 88 -3072.03
19 89 -2974.54
19 90 -2844.31
19 91 -2681.58
19 92 -2486.63
19 93 -2260.18
19 94 -2003.45
19 95 -1718.5
19 96 -1408.18
19 97 -1076.28
19 98 -727.356
19 99 -366.682
19 100 0

20 0 0
20 1 -305.854
20 2 -606.93
20 3 -898.674
20 4 -1176.97
20 5 -1438.31
20 6 -1679.89
20 7 -1899.67
20 8 -2096.34
20 9 -2269.18
20 10 -2417.95
20 11 -2542.54
20 12 -2642.85
20 13 -2718.36
20 14 -2768.07
20 15 -2790.21
20 16 -2782.34
20 17 -2741.34
20 18 -2663.84
20 19 -2546.51
20 20 -2386.79
20 21 -2183.32
20 22 -1936.76
20 23 -1650.13
20 24 -1329.26
20 25 -982.771
20 26 -621.878
20 27 -259.738
20 28 89.3165
20 29 410.938
20 30 691.811
20 31 920.812
20 32 1089.87
20 33 1194.61
20 34 1234.57
20 35 1213.11
20 36 1136.9
20 37 1015.12
20 38 858.655
20 39 678.978
20 40 487.372
20 41 294.046
20 42 107.658
20 43 -64.9038
20 44 -218.713
20 45 -350.567
20 46 -458.774
20 47 -542.585
20 48 -602.078
20 49 -637.561
20 50 -649.344
20 51 -637.561
20 52 -602.078
20 53 -542.585
20 54 -458.774
20 55 -350.567
20 56 -218.713
20 57 -64.9038
20 58 107.658
20 59 294.046
20 60 487.372
20 61 678.978
20 62 858.655
20 63 1015.12
20 64 1136.9
20 65 1213.11
20 66 1234.57
20 67 1194.61
20 68 1089.87
20 69 920.812
20 70 691.811
20 71 410.938
20 72 89.3165
20 73 -259.738
20 74 -621.878
20 75 -982.771
20 76 -1329.26
20 77 -1650.13
20 78 -1936.76
20 79 -2183.32
20 80 -2386.79
20 81 -2546.51
20 82 -2663.84
20 83 -2741.34
20 84 -2782.34
20 85 -2790.21
20 86 -2768.07
20 87 -2718.36
20 88 -2642.85
20 89 -2542.54
20 90 -2417.95
20 91 -2269.18
20 92 -2096.34
20 93 -1899.67
20 94 -1679.89
20 95 -1438.31
20 96 -1176.97
20 97 -898.674
20 98 -606.93
20 99 -305.854
20 100 0

21 0 0
21 1 -238.607
21 2 -473.869
21 3 -702.619
21 4 -922.048
21 5 -1129.83
21 6 -1324.19
21 7 -1503.98
21 8 -1668.52
21 9 -1817.62
21 10 -1951.29
21 11 -2069.58
21 12 -2172.27
21 13 -2258.66
21 14 -2327.25
21 15 -2375.79
21 16 -2400.98
21 17 -2398.85
21 18 -2364.84
21 19 -2294.37
21 20 -2183.32
21 21 -2028.81
21 22 -1829.73
21 23 -1587.49
21 24 -1306.31
21 25 -993.503
21 26 -659.243
21 27 -316.154
21 28 21.607
21 29 339.246
21 30 622.64
21 31 859.406
21 32 1040
21 33 1158.4
21 34 1212.59
21 35 1204.49
21 36 1139.6
21 37 1026.36
21 38 875.15
21 39 697.452
21 40 504.714
21 41 307.642
21 42 115.578
21 43 -63.9604
21 44 -225.314
21 45 -364.67
21 46 -479.669
21 47 -569.261
21 48 -633.101
21 49 -671.268
21 50 -683.967
21 51 -671.268
21 52 -633.101
21 53 -569.261
21 54 -479.669
21 55 -364.67
21 56 -225.314
21 57 -63.9604
21 58 115.578
21 59 307.642
21 60 504.714
21 61 697.452
21 62 875.15
21 63 1026.36
21 64 1139.6
21 65 1204.49
21 66 1212.59
21 67 1158.4
21 68 1040
21 69 859.406
21 70 622.64
21 71 339.246
21 72 21.607
21 73 -316.154
21 74 -659.243
21 75 -993.503
21 76 -1306.31
21 77 -1587.49
21 78 -1829.73
21 79 -2028.81
21 80 -2183.32
21 81 -2294.37
21 82 -2364.84
21 83 -2398.85
21 84 -2400.98
21 85 -2375.79
21 86 -2327.25
21 87 -2258.66
21 88 -2172.27
21 89 -2069.58
21 90 -1951.29
21 91 -1817.62
21 92 -1668.52
21 93 -1503.98
21 94 -1324.19
21 95 -1129.83
21 96 -922.048
21 97 -702.619
21 98 -473.869
21 99 -238.607
21 100 0

22 0 0
22 1 -168.039
22 2 -334.266
22 3 -496.965
22 4 -654.73
22 5 -806.427
22 6 -951.365
22 7 -1089.2
22 8 -1219.94
22 9 -1343.78
22 10 -1460.96
22 11 -1571.52
22 12 -1675.11
22 13 -1770.68
22 14 -1856.34
22 15 -1929.17
22 16 -1985.23
22 17 -2019.61
22 18 -2026.8
22 19 -2000.98
22 20 -1936.76
22 21 -1829.73
22 22 -1677.28
22 23 -1479.19
22 24 -1238.23
22 25 -960.29
22 26 -654.519
22 27 -332.785
22 28 -9.0124
22 29 301.812
22 30 584.878
22 31 826.765
22 32 1016.54
22 33 1146.69
22 34 1213.61
22 35 1217.8
22 36 1163.57
22 37 1058.47
22 38 912.415
22 39 736.65
22 40 542.818
22 41 342.083
22 42 144.293
22 43 -42.2808
22 44 -211.345
22 45 -358.317
22 46 -480.403
22 47 -575.941
22 48 -644.286
22 49 -685.268
22 50 -698.927
22 51 -685.268
22 52 -644.286
22 53 -575.941
22 54 -480.403
22 55 -358.317
22 56 -211.345
22 57 -42.2808
22 58 144.293
22 59 342.083
22 60 542.818
22 61 736.65
22 62 912.415
22 63 1058.47
22 64 1163.57
22 65 1217.8
22 66 1213.61
22 67 1146.69
22 68 1016.54
22 69 826.765
22 70 584.878
22 71 301.812
22 72 -9.0124
22 73 -332.785
22 74 -654.519
22 75 -960.29
22 76 -1238.23
22 77 -1479.19
22 78 -1677.28
22 79 -1829.73
22 80 -1936.76
22 81 -2000.98
22 82 -2026.8
22 83 -2019.61
22 84 -1985.23
22 85 -1929.17
22 86 -1856.34
22 87 -1770.68
22 88 -1675.11
22 89 -1571.52
22 90 -1460.96
22 91 -1343.78
22 92 -1219.94
22 93 -1089.2
22 94 -951.365
22 95 -806.427
22 96 -654.73
22 97 -496.965
22 98 -334.266
22 99 -168.039
22 100 0

23 0 0
23 1 -97.3956
23 2 -194.484
23 3 -291.004
23 4 -386.884
23 5 -482.2
23 6 -577.24
23 7 -672.494
23 8 -768.491
23 9 -865.842
23 10 -964.893
23 11 -1065.71
23 12 -1167.71
23 13 -1269.57
23 14 -1368.94
23 15 -1462.39
23 16 -1545.31
23 17 -1612.1
23 18 -1656.31
23 19 -1671.18
23 20 -1650.13
23 21 -1587.49
23 22 -1479.19
23 23 -1323.62
23 24 -1121.99
23 25 -878.926
23 26 -602.388
23 27 -303.467
23 28 4.36177
23 29 306.068
23 30 586.398
23 31 831.028
23 32 1027.81
23 33 1167.8
23 34 1245.93
23 35 1261.29
23 36 1216.94
23 37 1119.55
23 38 978.374
23 39 804.474
23 40 609.578
23 41 405.157
23 42 201.662
23 43 7.94511
23 44 -168.895
23 45 -323.717
23 46 -453.009
23 47 -554.7
23 48 -627.727
23 49 -671.61
23 50 -686.245
23 51 -671.61
23 52 -627.727
23 53 -554.7
23 54 -453.009
23 55 -323.717
23 56 -168.895
23 57 7.94511
23 58 201.662
23 59 405.157
23 60 609.578
23 61 804.474
23 62 978.374
23 63 1119.55
23 64 1216.94
23 65 1261.29
23 66 1245.93
23 67 1167.8
23 68 1027.81
23 69 831.028
23 70 586.398
23 71 306.068
23 72 4.36177
23 73 -303.467
23 74 -602.388
23 75 -878.926
23 76 -1121.99
23 77 -1323.62
23 78 -1479.19
23 79 -1587.49
23 80 -1650.13
23 81 -1671.18
23 82 -1656.31
23 83 -1612.1
23 84 -1545.31
23 85 -1462.39
23 86 -1368.94
23 87 -1269.57
23 88 -1167.71
23 89 -1065.71
23 90 -964.893
23 91 -865.842
23 92 -768.491
23 93 -672.494
23 94 -577.24
23 95 -482.2
23 96 -386.884
23 97 -291.004
23 98 -194.484
23 99 -97.3956
23 100 0

24 0 0
24 1 -29.8267
24 2 -60.7278
24 3 -93.7768
24 4 -130.13
24 5 -170.936
24 6 -217.415
24 7 -270.731
24 8 -331.969
24 9 -402.001
24 10 -481.353
24 11 -570.009
24 12 -667.282
24 13 -771.52
24 14 -880.078
24 15 -989.05
24 16 -1093.39
24 17 -1186.85
24 18 -1262.38
24 19 -1312.35
24 20 -1329.26
24 21 -1306.31
24 22 -1238.23
24 23 -1121.99
24 24 -957.494
24 25 -748
24 26 -500.322
24 27 -224.589
24 28 66.2481
24 29 357.35
24 30 633.146
24 31 878.621
24 32 1080.58
24 33 1228.8
24 34 1316.83
24 35 1342.33
24 36 1307.2
24 37 1217.07
24 38 1080.63
24 39 908.582
24 40 712.649
24 41 504.647
24 42 295.459
24 43 94.6708
24 44 -90.0448
24 45 -252.76
24 46 -389.421
24 47 -497.394
24 48 -575.189
24 49 -622.066
24 50 -637.726
24 51 -622.066
24 52 -575.189
24 53 -497.394
24 54 -389.421
24 55 -252.76
24 56 -90.0448
24 57 94.6708
24 58 295.459
24 59 504.647
24 60 712.649
24 61 908.582
24 62 1080.63
24 63 1217.07
24 64 1307.2
24 65 1342.33
24 66 1316.83
24 67 1228.8
24 68 1080.58
24 69 878.621
24 70 633.146
24 71 357.35
24 72 66.2481
24 73 -224.589
24 74 -500.322
24 75 -748
24 76 -957.494
24 77 -1121.99
24 78 -1238.23
24 79 -1306.31
24 80 -1329.26
24 81 -1312.35
24 82 -1262.38
24 83 -1186.85
24 84 -1093.39
24 85 -989.05
24 86 -880.078
24 87 -771.52
24 88 -667.282
24 89 -570.009
24 90 -481.353
24 91 -402.001
24 92 -331.969
24 93 -270.731
24 94 -217.415
24 95 -170.936
24 96 -130.13
24 97 -93.7768
24 98 -60.7278
24 99 -29.8267
24 100 0

25 0 0
25 1 31.8355
25 2 61.4322
25 3 86.5579
25 4 105.055
25 5 114.814
25 6 113.883
25 7 100.472
25 8 73.0801
25 9 30.5555
25 10 -27.7273
25 11 -101.785
25 12 -190.776
25 13 -292.94
25 14 -405.336
25 15 -523.85
25 16 -643.051
25 17 -756.378
25 18 -856.23
25 19 -934.461
25 20 -982.771
25 21 -993.503
25 22 -960.29
25 23 -878.926
25 24 -748
25 25 -569.505
25 26 -349.025
25 27 -95.7265
25 28 178.143
25 29 458.061
25 30 728.353
25 31 973.483
25 32 1179.4
25 33 1334.72
25 34 1431.66
25 35 1466.61
25 36 1440.24
25 37 1357.23
25 38 1225.51
25 39 1055.43
25 40 858.715
25 41 647.33
25 42 432.725
25 43 224.949
25 44 32.5054
25 45 -138.096
25 46 -282.125
25 47 -396.428
25 48 -479.062
25 49 -528.962
25 50 -545.635
25 51 -528.962
25 52 -479.062
25 53 -396.428
25 54 -282.125
25 55 -138.096
25 56 32.5054
25 57 224.949
25 58 432.725
25 59 647.33
25 60 858.715
25 61 1055.43
25 62 1225.51
25 63 1357.23
25 64 1440.24
25 65 1466.61
25 66 1431.66
25 67 1334.72
25 68 1179.4
25 69 973.483
25 70 728.353
25 71 458.061
25 72 178.143
25 73 -95.7265
25 74 -349.025
25 75 -569.505
25 76 -748
25 77 -878.926
25 78 -960.29
25 79 -993.503
25 80 -982.771
25 81 -934.461
25 82 -856.23
25 83 -756.378
25 84 -643.051
25 85 -523.85
25 86 -405.336
25 87 -292.94
25 88 -190.776
25 89 -101.785
25 90 -27.7273
25 91 30.5555
25 92 73.0801
25 93 100.472
25 94 113.883
25 95 114.814
25 96 105.055
25 97 86.5579
25 98 61.4322
25 99 31.8355
25 100 0

26 0 0
26 1 85.2874
26 2 167.43
26 3 243.318
26 4 309.992
26 5 364.634
26 6 404.681
26 7 427.901
26 8 432.401
26 9 416.863
26 10 380.479
26 11 323.245
26 12 245.977
26 13 150.526
26 14 39.8824
26 15 -81.7038
26 16 -208.721
26 17 -334.37
26 18 -450.861
26 19 -549.618
26 20 -621.878
26 21 -659.243
26 22 -654.519
26 23 -602.388
26 24 -500.322
26 25 -349.025
26 26 -152.924
26 27 79.8699
26 28 337.896
26 29 607.098
26 30 871.856
26 31 1116.3
26 32 1325.68
26 33 1487.57
26 34 1593.04
26 35 1637.2
26 36 1619.59
26 37 1543.81
26 38 1417.14
26 39 1249.49
26 40 1052.45
26 41 838.228
26 42 618.577
26 43 404.277
26 44 204.377
26 45 26.1018
26 46 -125.171
26 47 -245.714
26 48 -333.136
26 49 -386.045
26 50 -403.754
26 51 -386.045
26 52 -333.136
26 53 -245.714
26 54 -125.171
26 55 26.1018
26 56 204.377
26 57 404.277
26 58 618.577
26 59 838.228
26 60 1052.45
26 61 1249.49
26 62 1417.14
26 63 1543.81
26 64 1619.59
26 65 1637.2
26 66 1593.04
26 67 1487.57
26 68 1325.68
26 69 1116.3
26 70 871.856
26 71 607.098
26 72 337.896
26 73 79.8699
26 74 -152.924
26 75 -349.025
26 76 -500.322
26 77 -602.388
26 78 -654.519
26 79 -659.243
26 80 -621.878
26 81 -549.618
26 82 -450.861
26 83 -334.37
26 84 -208.721
26 85 -81.7038
26 86 39.8824
26 87 150.526
26 88 245.977
26 89 323.245
26 90 380.479
26 91 416.863
26 92 432.401
26 93 427.901
26 94 404.681
26 95 364.634
26 96 309.992
26 97 243.318
26 98 167.43
26 99 85.2874
26 100 0

27 0 0
27 1 128.883
27 2 254.007
27 3 371.673
27 4 478.38
27 5 570.819
27 6 646.04
27 7 701.455
27 8 734.956
27 9 745
27 10 730.688
27 11 691.882
27 12 629.371
27 13 544.884
27 14 441.407
27 15 323.051
27 16 195.327
27 17 64.9511
27 18 -60.2133
27 19 -171.475
27 20 -259.738
27 21 -316.154
27 22 -332.785
27 23 -303.467
27 24 -224.589
27 25 -95.7265
27 26 79.8699
27 27 295.138
27 28 539.52
27 29 799.506
27 30 1059.69
27 31 1304.01
27 32 1517.16
27 33 1685.86
27 34 1800.09
27 35 1853.83
27 36 1845.41
27 37 1777.51
27 38 1656.63
27 39 1492.22
27 40 1295.75
27 41 1079.44
27 42 855.603
27 43 635.407
27 44 428.606
27 45 243.11
27 46 84.936
27 47 -41.621
27 48 -133.685
27 49 -189.514
27 50 -208.211
27 51 -189.514
27 52 -133.685
27 53 -41.621
27 54 84.936
27 55 243.11
27 56 428.606
27 57 635.407
27 58 855.603
27 59 1079.44
27 60 1295.75
27 61 1492.22
27 62 1656.63
27 63 1777.51
27 64 1845.41
27 65 1853.83
27 66 1800.09
27 67 1685.86
27 68 1517.16
27 69 1304.01
27 70 1059.69
27 71 799.506
27 72 539.52
27 73 295.138
27 74 79.8699
27 75 -95.7265
27 76 -224.589
27 77 -303.467
27 78 -332.785
27 79 -316.154
27 80 -259.738
27 81 -171.475
27 82 -60.2133
27 83 64.9511
27 84 195.327
27 85 323.051
27 86 441.407
27 87 544.884
27 88 629.371
27 89 691.882
27 90 730.688
27 91 745
27 92 734.956
27 93 701.455
27 94 646.04
27 95 570.819
27 96 478.38
27 97 371.673
27 98 254.007
27 99 128.883
27 100 0

28 0 0
28 1 161.682
28 2 319.285
28 3 468.831
28 4 606.507
28 5 728.785
28 6 832.464
28 7 914.788
28 8 973.473
28 9 1006.85
28 10 1013.88
28 11 994.308
28 12 948.738
28 13 878.769
28 14 787.12
28 15 677.72
28 16 555.786
28 17 427.863
28 18 301.606
28 19 185.711
28 20 89.3165
28 21 21.607
28 22 -9.0124
28 23 4.36177
28 24 66.2481
28 25 178.143
28 26 337.896
28 27 539.52
28 28 773.356
28 29 1026.53
28 30 1283.98
28 31 1529.6
28 32 1747.66
28 33 1924.15
28 34 2048.09
28 35 2112.33
28 36 2114.16
28 37 2055.27
28 38 1941.39
28 39 1781.5
28 40 1586.77
28 41 1369.69
28 42 1142.73
28 43 917.649
28 44 704.814
28 45 512.8
28 46 348.264
28 47 216.125
28 48 119.706
28 49 61.1205
28 50 41.4688
28 51 61.1205
28 52 119.706
28 53 216.125
28 54 348.264
28 55 512.8
28 56 704.814
28 57 917.649
28 58 1142.73
28 59 1369.69
28 60 1586.77
28 61 1781.5
28 62 1941.39
28 63 2055.27
28 64 2114.16
28 65 2112.33
28 66 2048.09
28 67 1924.15
28 68 1747.66
28 69 1529.6
28 70 1283.98
28 71 1026.53
28 72 773.356
28 73 539.52
28 74 337.896
28 75 178.143
28 76 66.2481
28 77 4.36177
28 78 -9.0124
28 79 21.607
28 80 89.3165
28 81 185.711
28 82 301.606
28 83 427.863
28 84 555.786
28 85 677.72
28 86 787.12
28 87 878.769
28 88 948.738
28 89 994.308
28 90 1013.88
