0 0 0
0 1 0
0 2 0
0 3 0
0 4 0
0 5 0
0 6 0
0 7 0
0 8 0
0 9 0
0 10 0
0 11 0
0 12 0
0 13 0
0 14 0
0 15 0
0 16 0
0 17 0
0 18 0
0 19 0
0 20 0
0 21 0
0 22 0
0 23 0
0 24 0
0 25 0
0 26 0
0 27 0
0 28 0
0 29 0
0 30 0
0 31 0
0 32 0
0 33 0
0 34 0
0 35 0
0 36 0
0 37 0
0 38 0
0 39 0
0 40 0
0 41 0
0 42 0
0 43 0
0 44 0
0 45 0
0 46 0
0 47 0
0 48 0
0 49 0
0 50 0
0 51 0
0 52 0
0 53 0
0 54 0
0 55 0
0 56 0
0 57 0
0 58 0
0 59 0
0 60 0
0 61 0
0 62 0
0 63 0
0 64 0
0 65 0
0 66 0
0 67 0
0 68 0
0 69 0
0 70 0
0 71 0
0 72 0
0 73 0
0 74 0
0 75 0
0 76 0
0 77 0
0 78 0
0 79 0
0 80 0
0 81 0
0 82 0
0 83 0
0 84 0
0 85 0
0 86 0
0 87 0
0 88 0
0 89 0
0 90 0
0 91 0
0 92 0
0 93 0
0 94 0
0 95 0
0 96 0
0 97 0
0 98 0
0 99 0
0 100 0

1 0 0
1 1 37.4528
1 2 74.8695
1 3 112.09
1 4 148.818
1 5 184.491
1 6 218.324
1 7 249.344
1 8 276.4
1 9 298.354
1 10 314.124
1 11 322.822
1 12 323.895
1 13 317.12
1 14 302.721
1 15 281.314
1 16 253.873
1 17 221.653
1 18 186.094
1 19 148.695
1 20 110.91
1 21 74.0928
1 22 39.354
1 23 7.57223
1 24 -20.6404
1 25 -44.9658
1 26 -65.3047
1 27 -81.7661
1 28 -94.5972
1 29 -104.2
1 30 -110.989
1 31 -115.429
1 32 -117.954
1 33 -118.99
1 34 -118.896
1 35 -117.992
1 36 -116.538
1 37 -114.737
1 38 -112.762
1 39 -110.724
1 40 -108.721
1 41 -106.808
1 42 -105.063
1 43 -103.469
1 44 -102.07
1 45 -100.88
1 46 -99.899
1 47 -99.1351
1 48 -98.5949
1 49 -98.2638
1 50 -98.1597
1 51 -98.2638
1 52 -98.5949
1 53 -99.1351
1 54 -99.899
1 55 -100.88
1 56 -102.07
1 57 -103.469
1 58 -105.063
1 59 -106.808
1 60 -108.721
1 61 -110.724
1 62 -112.762
1 63 -114.737
1 64 -116.538
1 65 -117.992
1 66 -118.896
1 67 -118.99
1 68 -117.954
1 69 -115.429
1 70 -110.989
1 71 -104.2
1 72 -94.5972
1 73 -81.7661
1 74 -65.3047
1 75 -44.9658
1 76 -20.6404
1 77 7.57223
1 78 39.354
1 79 74.0928
1 80 110.91
1 81 148.695
1 82 186.094
1 83 221.653
1 84 253.873
1 85 281.314
1 86 302.721
1 87 317.12
1 88 323.895
1 89 322.822
1 90 314.124
1 91 298.354
1 92 276.4
1 93 249.344
1 94 218.324
1 95 184.491
1 96 148.818
1 97 112.09
1 98 74.8695
1 99 37.4528
1 100 0

2 0 0
2 1 74.8695
2 2 149.655
2 3 224.044
2 4 297.44
2 5 368.746
2 6 436.415
2 7 498.524
2 8 552.809
2 9 597.009
2 10 628.972
2 11 646.933
2 12 649.766
2 13 637.018
2 14 609.088
2 15 567.166
2 16 513.132
2 17 449.454
2 18 378.958
2 19 304.624
2 20 229.342
2 21 155.805
2 22 86.2309
2 23 22.3976
2 24 -34.4548
2 25 -83.6275
2 26 -124.904
2 27 -158.467
2 28 -184.814
2 29 -204.686
2 30 -218.9
2 31 -228.354
2 32 -233.948
2 33 -236.515
2 34 -236.762
2 35 -235.313
2 36 -232.721
2 37 -229.412
2 38 -225.69
2 39 -221.797
2 40 -217.953
2 41 -214.293
2 42 -210.877
2 43 -207.793
2 44 -205.085
2 45 -202.74
2 46 -200.841
2 47 -199.343
2 48 -198.282
2 49 -197.64
2 50 -197.43
2 51 -197.64
2 52 -198.282
2 53 -199.343
2 54 -200.841
2 55 -202.74
2 56 -205.085
2 57 -207.793
2 58 -210.877
2 59 -214.293
2 60 -217.953
2 61 -221.797
2 62 -225.69
2 63 -229.412
2 64 -232.721
2 65 -235.313
2 66 -236.762
2 67 -236.515
2 68 -233.948
2 69 -228.354
2 70 -218.9
2 71 -204.686
2 72 -184.814
2 73 -158.467
2 74 -124.904
2 75 -83.6275
2 76 -34.4548
2 77 22.3976
2 78 86.2309
2 79 155.805
2 80 229.342
2 81 304.624
2 82 378.958
2 83 449.454
2 84 513.132
2 85 567.166
2 86 609.088
2 87 637.018
2 88 649.766
2 89 646.933
2 90 628.972
2 91 597.009
2 92 552.809
2 93 498.524
2 94 436.415
2 95 368.746
2 96 297.44
2 97 224.044
2 98 149.655
2 99 74.8695
2 100 0

3 0 0
3 1 112.09
3 2 224.044
3 3 335.418
3 4 445.311
3 5 552.127
3 6 653.602
3 7 746.896
3 8 828.715
3 9 895.706
3 10 944.695
3 11 973.053
3 12 979.042
3 13 961.931
3 14 922.217
3 15 861.56
3 16 782.673
3 17 689.121
3 18 585.034
3 19 474.776
3 20 362.642
3 21 252.618
3 22 148.088
3 23 51.7434
3 24 -34.4881
3 25 -109.509
3 26 -172.889
3 27 -224.833
3 28 -265.985
3 29 -297.408
3 30 -320.29
3 31 -335.957
3 32 -345.691
3 33 -350.732
3 34 -352.162
3 35 -350.943
3 36 -347.869
3 37 -343.57
3 38 -338.574
3 39 -333.248
3 40 -327.903
3 41 -322.72
3 42 -317.921
3 43 -313.519
3 44 -309.624
3 45 -306.299
3 46 -303.54
3 47 -301.394
3 48 -299.863
3 49 -298.932
3 50 -298.633
3 51 -298.932
3 52 -299.863
3 53 -301.394
3 54 -303.54
3 55 -306.299
3 56 -309.624
3 57 -313.519
3 58 -317.921
3 59 -322.72
3 60 -327.903
3 61 -333.248
3 62 -338.574
3 63 -343.57
3 64 -347.869
3 65 -350.943
3 66 -352.162
3 67 -350.732
3 68 -345.691
3 69 -335.957
3 70 -320.29
3 71 -297.408
3 72 -265.985
3 73 -224.833
3 74 -172.889
3 75 -109.509
3 76 -34.4881
3 77 51.7434
3 78 148.088
3 79 252.618
3 80 362.642
3 81 474.776
3 82 585.034
3 83 689.121
3 84 782.673
3 85 861.56
3 86 922.217
3 87 961.931
3 88 979.042
3 89 973.053
3 90 944.695
3 91 895.706
3 92 828.715
3 93 746.896
3 94 653.602
3 95 552.127
3 96 445.311
3 97 335.418
3 98 224.044
3 99 112.09
3 100 0

4 0 0
4 1 148.818
4 2 297.44
4 3 445.311
4 4 591.246
4 5 733.212
4 6 868.302
4 7 992.837
4 8 1102.58
4 9 1193.16
4 10 1260.4
4 11 1300.83
4 12 1312.07
4 13 1293.04
4 14 1244.22
4 15 1167.6
4 16 1066.55
4 17 945.602
4 18 810.026
4 19 665.497
4 20 517.634
4 21 371.698
4 22 232.211
4 23 102.843
4 24 -13.7578
4 25 -115.938
4 26 -203.009
4 27 -275.069
4 28 -332.898
4 29 -377.726
4 30 -411.087
4 31 -434.641
4 32 -450.097
4 33 -459.052
4 34 -462.957
4 35 -463.071
4 36 -460.482
4 37 -456.075
4 38 -450.523
4 39 -444.368
4 40 -438.027
4 41 -431.834
4 42 -425.94
4 43 -420.55
4 44 -415.754
4 45 -411.59
4 46 -408.176
4 47 -405.481
4 48 -403.557
4 49 -402.4
4 50 -402.011
4 51 -402.4
4 52 -403.557
4 53 -405.481
4 54 -408.176
4 55 -411.59
4 56 -415.754
4 57 -420.55
4 58 -425.94
4 59 -431.834
4 60 -438.027
4 61 -444.368
4 62 -450.523
4 63 -456.075
4 64 -460.482
4 65 -463.071
4 66 -462.957
4 67 -459.052
4 68 -450.097
4 69 -434.641
4 70 -411.087
4 71 -377.726
4 72 -332.898
4 73 -275.069
4 74 -203.009
4 75 -115.938
4 76 -13.7578
4 77 102.843
4 78 232.211
4 79 371.698
4 80 517.634
4 81 665.497
4 82 810.026
4 83 945.602
4 84 1066.55
4 85 1167.6
4 86 1244.22
4 87 1293.04
4 88 1312.07
4 89 1300.83
4 90 1260.4
4 91 1193.16
4 92 1102.58
4 93 992.837
4 94 868.302
4 95 733.212
4 96 591.246
4 97 445.311
4 98 297.44
4 99 148.818
4 100 0

5 0 0
5 1 184.491
5 2 368.746
5 3 552.127
5 4 733.212
5 5 909.606
5 6 1077.85
5 7 1233.52
5 8 1371.58
5 9 1486.67
5 10 1573.73
5 11 1628.45
5 12 1647.72
5 13 1630.05
5 14 1575.74
5 15 1486.92
5 16 1367.45
5 17 1222.58
5 18 1058.58
5 19 882.239
5 20 700.446
5 21 519.631
5 22 345.517
5 23 182.748
5 24 34.8228
5 25 -96.0061
5 26 -208.613
5 27 -302.928
5 28 -379.677
5 29 -440.226
5 30 -486.323
5 31 -519.964
5 32 -543.165
5 33 -557.893
5 34 -565.938
5 35 -568.894
5 36 -568.116
5 37 -564.718
5 38 -559.607
5 39 -553.48
5 40 -546.902
5 41 -540.238
5 42 -533.842
5 43 -527.875
5 44 -522.498
5 45 -517.856
5 46 -513.957
5 47 -510.915
5 48 -508.716
5 49 -507.392
5 50 -506.954
5 51 -507.392
5 52 -508.716
5 53 -510.915
5 54 -513.957
5 55 -517.856
5 56 -522.498
5 57 -527.875
5 58 -533.842
5 59 -540.238
5 60 -546.902
5 61 -553.48
5 62 -559.607
5 63 -564.718
5 64 -568.116
5 65 -568.894
5 66 -565.938
5 67 -557.893
5 68 -543.165
5 69 -519.964
5 70 -486.323
5 71 -440.226
5 72 -379.677
5 73 -302.928
5 74 -208.613
5 75 -96.0061
5 76 34.8228
5 77 182.748
5 78 345.517
5 79 519.631
5 80 700.446
5 81 882.239
5 82 1058.58
5 83 1222.58
5 84 1367.45
5 85 1486.92
5 86 1575.74
5 87 1630.05
5 88 1647.72
5 89 1628.45
5 90 1573.73
5 91 1486.67
5 92 1371.58
5 93 1233.52
5 94 1077.85
5 95 909.606
5 96 733.212
5 97 552.127
5 98 368.746
5 99 184.491
5 100 0

6 0 0
6 1 218.324
6 2 436.415
6 3 653.602
6 4 868.302
6 5 1077.85
6 6 1278.35
6 7 1464.78
6 8 1631.4
6 9 1772.02
6 10 1880.73
6 11 1952.37
6 12 1983.1
6 13 1970.88
6 14 1915.63
6 15 1819.43
6 16 1686.34
6 17 1522.13
6 18 1333.8
6 19 1129.12
6 20 916.019
6 21 702.108
6 22 494.225
6 23 298.103
6 24 118.099
6 25 -42.7433
6 26 -182.809
6 27 -301.63
6 28 -399.815
6 29 -478.669
6 30 -540.141
6 31 -586.397
6 32 -619.763
6 33 -642.485
6 34 -656.716
6 35 -664.352
6 36 -667.007
6 37 -666.068
6 38 -662.644
6 39 -657.661
6 40 -651.742
6 41 -645.485
6 42 -639.212
6 43 -633.268
6 44 -627.827
6 45 -623.035
6 46 -619.026
6 47 -615.837
6 48 -613.537
6 49 -612.155
6 50 -611.681
6 51 -612.155
6 52 -613.537
6 53 -615.837
6 54 -619.026
6 55 -623.035
6 56 -627.827
6 57 -633.268
6 58 -639.212
6 59 -645.485
6 60 -651.742
6 61 -657.661
6 62 -662.644
6 63 -666.068
6 64 -667.007
6 65 -664.352
6 66 -656.716
6 67 -642.485
6 68 -619.763
6 69 -586.397
6 70 -540.141
6 71 -478.669
6 72 -399.815
6 73 -301.63
6 74 -182.809
6 75 -42.7433
6 76 118.099
6 77 298.103
6 78 494.225
6 79 702.108
6 80 916.019
6 81 1129.12
6 82 1333.8
6 83 1522.13
6 84 1686.34
6 85 1819.43
6 86 1915.63
6 87 1970.88
6 88 1983.1
6 89 1952.37
6 90 1880.73
6 91 1772.02
6 92 1631.4
6 93 1464.78
6 94 1278.35
6 95 1077.85
6 96 868.302
6 97 653.602
6 98 436.415
6 99 218.324
6 100 0

7 0 0
7 1 249.344
7 2 498.524
7 3 746.896
7 4 992.837
7 5 1233.52
7 6 1464.78
7 7 1681.17
7 8 1876.35
7 9 2043.45
7 10 2175.77
7 11 2267.32
7 12 2313.47
7 13 2311.47
7 14 2260.73
7 15 2162.96
7 16 2022.19
7 17 1844.34
7 18 1636.94
7 19 1408.44
7 20 1167.74
7 21 923.435
7 22 683.499
7 23 454.685
7 24 242.392
7 25 50.4871
7 26 -118.674
7 27 -264.184
7 28 -386.291
7 29 -486.204
7 30 -565.814
7 31 -627.454
7 32 -673.626
7 33 -706.885
7 34 -729.63
7 35 -744.049
7 36 -752.052
7 37 -755.281
7 38 -755.083
7 39 -752.516
7 40 -748.475
7 41 -743.57
7 42 -738.326
7 43 -733.118
7 44 -728.207
7 45 -723.821
7 46 -720.047
7 47 -717.059
7 48 -714.861
7 49 -713.537
7 50 -713.092
7 51 -713.537
7 52 -714.861
7 53 -717.059
7 54 -720.047
7 55 -723.821
7 56 -728.207
7 57 -733.118
7 58 -738.326
7 59 -743.57
7 60 -748.475
7 61 -752.516
7 62 -755.083
7 63 -755.281
7 64 -752.052
7 65 -744.049
7 66 -729.63
7 67 -706.885
7 68 -673.626
7 69 -627.454
7 70 -565.814
7 71 -486.204
7 72 -386.291
7 73 -264.184
7 74 -118.674
7 75 50.4871
7 76 242.392
7 77 454.685
7 78 683.499
7 79 923.435
7 80 1167.74
7 81 1408.44
7 82 1636.94
7 83 1844.34
7 84 2022.19
7 85 2162.96
7 86 2260.73
7 87 2311.47
7 88 2313.47
7 89 2267.32
7 90 2175.77
7 91 2043.45
7 92 1876.35
7 93 1681.17
7 94 1464.78
7 95 1233.52
7 96 992.837
7 97 746.896
7 98 498.524
7 99 249.344
7 100 0

8 0 0
8 1 276.4
8 2 552.809
8 3 828.715
8 4 1102.58
8 5 1371.58
8 6 1631.4
8 7 1876.35
8 8 2099.68
8 9 2293.96
8 10 2451.79
8 11 2566.4
8 12 2632.29
8 13 2645.87
8 14 2605.77
8 15 2513.14
8 16 2371.6
8 17 2186.98
8 18 1966.95
8 19 1720.44
8 20 1456.99
8 21 1186.15
8 22 916.848
8 23 656.987
8 24 412.965
8 25 189.658
8 26 -9.80725
8 27 -183.792
8 28 -332.106
8 29 -455.611
8 30 -556.125
8 31 -635.944
8 32 -697.712
8 33 -744.13
8 34 -777.878
8 35 -801.412
8 36 -816.884
8 37 -826.187
8 38 -830.887
8 39 -832.333
8 40 -831.447
8 41 -829.102
8 42 -825.889
8 43 -822.3
8 44 -818.667
8 45 -815.257
8 46 -812.265
8 47 -809.803
8 48 -807.996
8 49 -806.89
8 50 -806.511
8 51 -806.89
8 52 -807.996
8 53 -809.803
8 54 -812.265
8 55 -815.257
8 56 -818.667
8 57 -822.3
8 58 -825.889
8 59 -829.102
8 60 -831.447
8 61 -832.333
8 62 -830.887
8 63 -826.187
8 64 -816.884
8 65 -801.412
8 66 -777.878
8 67 -744.13
8 68 -697.712
8 69 -635.944
8 70 -556.125
8 71 -455.611
8 72 -332.106
8 73 -183.792
8 74 -9.80725
8 75 189.658
8 76 412.965
8 77 656.987
8 78 916.848
8 79 1186.15
8 80 1456.99
8 81 1720.44
8 82 1966.95
8 83 2186.98
8 84 2371.6
8 85 2513.14
8 86 2605.77
8 87 2645.87
8 88 2632.29
8 89 2566.4
8 90 2451.79
8 91 2293.96
8 92 2099.68
8 93 1876.35
8 94 1631.4
8 95 1371.58
8 96 1102.58
8 97 828.715
8 98 552.809
8 99 276.4
8 100 0

9 0 0
9 1 298.354
9 2 597.009
9 3 895.706
9 4 1193.16
9 5 1486.67
9 6 1772.02
9 7 2043.45
9 8 2293.96
9 9 2515.74
9 10 2700.77
9 11 2841.49
9 12 2931.55
9 13 2966.33
9 14 2943.55
9 15 2863.45
9 16 2728.94
9 17 2545.39
9 18 2320.31
9 19 2062.74
9 20 1782.69
9 21 1490.39
9 22 1195.73
9 23 907.561
9 24 633.46
9 25 379.279
9 26 149.19
9 27 -54.4167
9 28 -230.635
9 29 -379.948
9 30 -503.799
9 31 -604.413
9 32 -684.4
9 33 -746.624
9 34 -793.904
9 35 -828.903
9 36 -854.044
9 37 -871.446
9 38 -882.945
9 39 -889.961
9 40 -893.769
9 41 -895.274
9 42 -895.237
9 43 -894.245
9 44 -892.736
9 45 -891.02
9 46 -889.332
9 47 -887.878
9 48 -886.743
9 49 -886.041
9 50 -885.803
9 51 -886.041
9 52 -886.743
9 53 -887.878
9 54 -889.332
9 55 -891.02
9 56 -892.736
9 57 -894.245
9 58 -895.237
9 59 -895.274
9 60 -893.769
9 61 -889.961
9 62 -882.945
9 63 -871.446
9 64 -854.044
9 65 -828.903
9 66 -793.904
9 67 -746.624
9 68 -684.4
9 69 -604.413
9 70 -503.799
9 71 -379.948
9 72 -230.635
9 73 -54.4167
9 74 149.19
9 75 379.279
9 76 633.46
9 77 907.561
9 78 1195.73
9 79 1490.39
9 80 1782.69
9 81 2062.74
9 82 2320.31
9 83 2545.39
9 84 2728.94
9 85 2863.45
9 86 2943.55
9 87 2966.33
9 88 2931.55
9 89 2841.49
9 90 2700.77
9 91 2515.74
9 92 2293.96
9 93 2043.45
9 94 1772.02
9 95 1486.67
9 96 1193.16
9 97 895.706
9 98 597.009
9 99 298.354
9 100 0

10 0 0
10 1 314.124
10 2 628.972
10 3 944.695
10 4 1260.4
10 5 1573.73
10 6 1880.73
10 7 2175.77
10 8 2451.79
10 9 2700.77
10 10 2914.17
10 11 3083.74
10 12 3202.19
10 13 3263.82
10 14 3265.17
10 15 3205.37
10 16 3086.26
10 17 2912.43
10 18 2690.82
10 19 2430.3
10 20 2141
10 21 1833.68
10 22 1518.9
10 23 1206.55
10 24 905.225
10 25 621.947
10 26 361.909
10 27 128.529
10 28 -76.5504
10 29 -253.123
10 30 -402.232
10 31 -525.782
10 32 -626.335
10 33 -706.715
10 34 -769.857
10 35 -818.592
10 36 -855.549
10 37 -883.073
10 38 -903.143
10 39 -917.501
10 40 -927.473
10 41 -934.187
10 42 -938.543
10 43 -941.203
10 44 -942.699
10 45 -943.429
10 46 -943.689
10 47 -943.672
10 48 -943.58
10 49 -943.471
10 50 -943.434
10 51 -943.471
10 52 -943.58
10 53 -943.672
10 54 -943.689
10 55 -943.429
10 56 -942.699
10 57 -941.203
10 58 -938.543
10 59 -934.187
10 60 -927.473
10 61 -917.501
10 62 -903.143
10 63 -883.073
10 64 -855.549
10 65 -818.592
10 66 -769.857
10 67 -706.715
10 68 -626.335
10 69 -525.782
10 70 -402.232
10 71 -253.123
10 72 -76.5504
10 73 128.529
10 74 361.909
10 75 621.947
10 76 905.225
10 77 1206.55
10 78 1518.9
10 79 1833.68
10 80 2141
10 81 2430.3
10 82 2690.82
10 83 2912.43
10 84 3086.26
10 85 3205.37
10 86 3265.17
10 87 3263.82
10 88 3202.19
10 89 3083.74
10 90 2914.17
10 91 2700.77
10 92 2451.79
10 93 2175.77
10 94 1880.73
10 95 1573.73
10 96 1260.4
10 97 944.695
10 98 628.972
10 99 314.124
10 100 0

11 0 0
11 1 322.822
11 2 646.933
11 3 973.053
11 4 1300.83
11 5 1628.45
11 6 1952.37
11 7 2267.32
11 8 2566.4
11 9 2841.49
11 10 3083.74
11 11 3284.23
11 12 3434.78
11 13 3528.49
11 14 3560.61
11 15 3528.85
11 16 3433.74
11 17 3278.7
11 18 3069.8
11 19 2815.31
11 20 2525.24
11 21 2210.48
11 22 1882.21
11 23 1551.1
11 24 1226.86
11 25 917.542
11 26 629.568
11 27 367.36
11 28 133.599
11 29 -70.7982
11 30 -246.21
11 31 -394.201
11 32 -517.036
11 33 -617.457
11 34 -698.408
11 35 -762.826
11 36 -813.517
11 37 -852.933
11 38 -883.347
11 39 -906.557
11 40 -924.174
11 41 -937.424
11 42 -947.325
11 43 -954.668
11 44 -960.084
11 45 -964.005
11 46 -966.81
11 47 -968.752
11 48 -970.004
11 49 -970.716
11 50 -970.943
11 51 -970.716
11 52 -970.004
11 53 -968.752
11 54 -966.81
11 55 -964.005
11 56 -960.084
11 57 -954.668
11 58 -947.325
11 59 -937.424
11 60 -924.174
11 61 -906.557
11 62 -883.347
11 63 -852.933
11 64 -813.517
11 65 -762.826
11 66 -698.408
11 67 -617.457
11 68 -517.036
11 69 -394.201
11 70 -246.21
11 71 -70.7982
11 72 133.599
11 73 367.36
11 74 629.568
11 75 917.542
11 76 1226.86
11 77 1551.1
11 78 1882.21
11 79 2210.48
11 80 2525.24
11 81 2815.31
11 82 3069.8
11 83 3278.7
11 84 3433.74
11 85 3528.85
11 86 3560.61
11 87 3528.49
11 88 3434.78
11 89 3284.23
11 90 3083.74
11 91 2841.49
11 92 2566.4
11 93 2267.32
11 94 1952.37
11 95 1628.45
11 96 1300.83
11 97 973.053
11 98 646.933
11 99 322.822
11 100 0

12 0 0
12 1 323.895
12 2 649.766
12 3 979.042
12 4 1312.07
12 5 1647.72
12 6 1983.1
12 7 2313.47
12 8 2632.29
12 9 2931.55
12 10 3202.19
12 11 3434.78
12 12 3620.22
12 13 3750.47
12 14 3819.3
12 15 3822.89
12 16 3760.14
12 17 3633.02
12 18 3446.31
12 19 3207.41
12 20 2925.78
12 21 2612.26
12 22 2278.28
12 23 1935.24
12 24 1593.68
12 25 1262.85
12 26 950.276
12 27 661.626
12 28 400.547
12 29 168.957
12 30 -32.8421
12 31 -205.781
12 32 -351.817
12 33 -473.458
12 34 -573.577
12 35 -655.12
12 36 -720.962
12 37 -773.78
12 38 -815.879
12 39 -849.314
12 40 -875.799
12 41 -896.722
12 42 -913.222
12 43 -926.177
12 44 -936.296
12 45 -944.121
12 46 -950.042
12 47 -954.356
12 48 -957.309
12 49 -959.007
12 50 -959.576
12 51 -959.007
12 52 -957.309
12 53 -954.356
12 54 -950.042
12 55 -944.121
12 56 -936.296
12 57 -926.177
12 58 -913.222
12 59 -896.722
12 60 -875.799
12 61 -849.314
12 62 -815.879
12 63 -773.78
12 64 -720.962
12 65 -655.12
12 66 -573.577
12 67 -473.458
12 68 -351.817
12 69 -205.781
12 70 -32.8421
12 71 168.957
12 72 400.547
12 73 661.626
12 74 950.276
12 75 1262.85
12 76 1593.68
12 77 1935.24
12 78 2278.28
12 79 2612.26
12 80 2925.78
12 81 3207.41
12 82 3446.31
12 83 3633.02
12 84 3760.14
12 85 3822.89
12 86 3819.3
12 87 3750.47
12 88 3620.22
12 89 3434.78
12 90 3202.19
12 91 2931.55
12 92 2632.29
12 93 2313.47
12 94 1983.1
12 95 1647.72
12 96 1312.07
12 97 979.042
12 98 649.766
12 99 323.895
12 100 0

13 0 0
13 1 317.12
13 2 637.018
13 3 961.931
13 4 1293.04
13 5 1630.05
13 6 1970.88
13 7 2311.47
13 8 2645.87
13 9 2966.33
13 10 3263.82
13 11 3528.49
13 12 3750.47
13 13 3920.53
13 14 4031
13 15 4076.29
13 16 4053.57
13 17 3962.99
13 18 3807.83
13 19 3594.18
13 20 3330.68
13 21 3027.69
13 22 2696.76
13 23 2349.62
13 24 1997.69
13 25 1651.16
13 26 1318.79
13 27 1007.35
13 28 721.721
13 29 464.809
13 30 237.832
13 31 40.4684
13 32 -128.686
13 33 -271.823
13 34 -391.627
13 35 -491.006
13 36 -572.896
13 37 -639.947
13 38 -694.682
13 39 -739.253
13 40 -775.5
13 41 -804.939
13 42 -828.808
13 43 -848.088
13 44 -863.563
13 45 -875.811
13 46 -885.309
13 47 -892.379
13 48 -897.252
13 49 -900.129
13 50 -901.063
13 51 -900.129
13 52 -897.252
13 53 -892.379
13 54 -885.309
13 55 -875.811
13 56 -863.563
13 57 -848.088
13 58 -828.808
13 59 -804.939
13 60 -775.5
13 61 -739.253
13 62 -694.682
13 63 -639.947
13 64 -572.896
13 65 -491.006
13 66 -391.627
13 67 -271.823
13 68 -128.686
13 69 40.4684
13 70 237.832
13 71 464.809
13 72 721.721
13 73 1007.35
13 74 1318.79
13 75 1651.16
13 76 1997.69
13 77 2349.62
13 78 2696.76
13 79 3027.69
13 80 3330.68
13 81 3594.18
13 82 3807.83
13 83 3962.99
13 84 4053.57
13 85 4076.29
13 86 4031
13 87 3920.53
13 88 3750.47
13 89 3528.49
13 90 3263.82
13 91 2966.33
13 92 2645.87
13 93 2311.47
13 94 1970.88
13 95 1630.05
13 96 1293.04
13 97 961.931
13 98 637.018
13 99 317.12
13 100 0

14 0 0
14 1 302.721
14 2 609.088
14 3 922.217
14 4 1244.22
14 5 1575.74
14 6 1915.63
14 7 2260.73
14 8 2605.77
14 9 2943.55
14 10 3265.17
14 11 3560.61
14 12 3819.3
14 13 4031
14 14 4186.51
14 15 4278.53
14 16 4302.26
14 17 4255.93
14 18 4140.92
14 19 3961.85
14 20 3726.04
14 21 3443.21
14 22 3124.54
14 23 2782.05
14 24 2427.6
14 25 2072.41
14 26 1726.19
14 27 1397.02
14 28 1090.89
14 29 811.88
14 30 562.095
14 31 342.075
14 32 151.012
14 33 -12.8633
14 34 -151.965
14 35 -269.076
14 36 -366.994
14 37 -448.536
14 38 -516.205
14 39 -572.263
14 40 -618.67
14 41 -657.05
14 42 -688.701
14 43 -714.7
14 44 -735.88
14 45 -752.907
14 46 -766.245
14 47 -776.28
14 48 -783.277
14 49 -787.387
14 50 -788.764
14 51 -787.387
14 52 -783.277
14 53 -776.28
14 54 -766.245
14 55 -752.907
14 56 -735.88
14 57 -714.7
14 58 -688.701
14 59 -657.05
14 60 -618.67
14 61 -572.263
14 62 -516.205
14 63 -448.536
14 64 -366.994
14 65 -269.076
14 66 -151.965
14 67 -12.8633
14 68 151.012
14 69 342.075
14 70 562.095
14 71 811.88
14 72 1090.89
14 73 1397.02
14 74 1726.19
14 75 2072.41
14 76 2427.6
14 77 2782.05
14 78 3124.54
14 79 3443.21
14 80 3726.04
14 81 3961.85
14 82 4140.92
14 83 4255.93
14 84 4302.26
14 85 4278.53
14 86 4186.51
14 87 4031
14 88 3819.3
14 89 3560.61
14 90 3265.17
14 91 2943.55
14 92 2605.77
14 93 2260.73
14 94 1915.63
14 95 1575.74
14 96 1244.22
14 97 922.217
14 98 609.088
14 99 302.721
14 100 0

15 0 0
15 1 281.314
15 2 567.166
15 3 861.56
15 4 1167.6
15 5 1486.92
15 6 1819.43
15 7 2162.96
15 8 2513.14
15 9 2863.45
15 10 3205.37
15 11 3528.85
15 12 3822.89
15 13 4076.29
15 14 4278.53
15 15 4420.52
15 16 4495.56
15 17 4499.69
15 18 4432.33
15 19 4296.16
15 20 4097.1
15 21 3843.72
15 22 3546.7
15 23 3217.84
15 24 2869.45
15 25 2513.35
15 26 2160.34
15 27 1819.52
15 28 1498.17
15 29 1201.4
15 30 932.444
15 31 692.679
15 32 482.042
15 33 299.245
15 34 142.245
15 35 8.52751
15 36 -104.676
15 37 -200.079
15 38 -280.242
15 39 -347.521
15 40 -403.903
15 41 -451.089
15 42 -490.482
15 43 -523.192
15 44 -550.113
15 45 -571.926
15 46 -589.178
15 47 -602.223
15 48 -611.349
15 49 -616.767
15 50 -618.54
15 51 -616.767
15 52 -611.349
15 53 -602.223
15 54 -589.178
15 55 -571.926
15 56 -550.113
15 57 -523.192
15 58 -490.482
15 59 -451.089
15 60 -403.903
15 61 -347.521
15 62 -280.242
15 63 -200.079
15 64 -104.676
15 65 8.52751
15 66 142.245
15 67 299.245
15 68 482.042
15 69 692.679
15 70 932.444
15 71 1201.4
15 72 1498.17
15 73 1819.52
15 74 2160.34
15 75 2513.35
15 76 2869.45
15 77 3217.84
15 78 3546.7
15 79 3843.72
15 80 4097.1
15 81 4296.16
15 82 4432.33
15 83 4499.69
15 84 4495.56
15 85 4420.52
15 86 4278.53
15 87 4076.29
15 88 3822.89
15 89 3528.85
15 90 3205.37
15 91 2863.45
15 92 2513.14
15 93 2162.96
15 94 1819.43
15 95 1486.92
15 96 1167.6
15 97 861.56
15 98 567.166
15 99 281.314
15 100 0

16 0 0
16 1 253.873
16 2 513.132
16 3 782.673
16 4 1066.55
16 5 1367.45
16 6 1686.34
16 7 2022.19
16 8 2371.6
16 9 2728.94
16 10 3086.26
16 11 3433.74
16 12 3760.14
16 13 4053.57
16 14 4302.26
16 15 4495.56
16 16 4624.73
16 17 4683.74
16 18 4669.78
16 19 4583.55
16 20 4429.13
16 21 4213.8
16 22 3947.23
16 23 3640.94
16 24 3307.22
16 25 2958.49
16 26 2606.24
16 27 2260.7
16 28 1930.2
16 29 1621.08
16 30 1337.58
16 31 1082.05
16 32 855.17
16 33 656.28
16 34 483.805
16 35 335.446
16 36 208.68
16 37 100.828
16 38 9.32976
16 39 -68.1433
16 40 -133.663
16 41 -188.987
16 42 -235.538
16 43 -274.494
16 44 -306.779
16 45 -333.112
16 46 -354.02
16 47 -369.918
16 48 -381.089
16 49 -387.694
16 50 -389.911
16 51 -387.694
16 52 -381.089
16 53 -369.918
16 54 -354.02
16 55 -333.112
16 56 -306.779
16 57 -274.494
16 58 -235.538
16 59 -188.987
16 60 -133.663
16 61 -68.1433
16 62 9.32976
16 63 100.828
16 64 208.68
16 65 335.446
16 66 483.805
16 67 656.28
16 68 855.17
16 69 1082.05
16 70 1337.58
16 71 1621.08
16 72 1930.2
16 73 2260.7
16 74 2606.24
16 75 2958.49
16 76 3307.22
16 77 3640.94
16 78 3947.23
16 79 4213.8
16 80 4429.13
16 81 4583.55
16 82 4669.78
16 83 4683.74
16 84 4624.73
16 85 4495.56
16 86 4302.26
16 87 4053.57
16 88 3760.14
16 89 3433.74
16 90 3086.26
16 91 2728.94
16 92 2371.6
16 93 2022.19
16 94 1686.34
16 95 1367.45
16 96 1066.55
16 97 782.673
16 98 513.132
16 99 253.873
16 100 0

17 0 0
17 1 221.653
17 2 449.454
17 3 689.121
17 4 945.602
17 5 1222.58
17 6 1522.13
17 7 1844.34
17 8 2186.98
17 9 2545.39
17 10 2912.43
17 11 3278.7
17 12 3633.02
17 13 3962.99
17 14 4255.93
17 15 4499.69
17 16 4683.74
17 17 4799.9
17 18 4843.19
17 19 4812.04
17 20 4708.64
17 21 4538.57
17 22 4310.42
17 23 4034.9
17 24 3724.21
17 25 3390.9
17 26 3047.2
17 27 2704.13
17 28 2371.17
17 29 2055.66
17 30 1762.97
17 31 1496.4
17 32 1257.48
17 33 1046.19
17 34 861.405
17 35 701.263
17 36 563.412
17 37 445.277
17 38 344.379
17 39 258.369
17 40 185.173
17 41 123.008
17 42 70.3739
17 43 26.1027
17 44 -10.7678
17 45 -40.958
17 46 -65.0455
17 47 -83.3933
17 48 -96.3134
17 49 -104.004
17 50 -106.531
17 51 -104.004
17 52 -96.3134
17 53 -83.3933
17 54 -65.0455
17 55 -40.958
17 56 -10.7678
17 57 26.1027
17 58 70.3739
17 59 123.008
17 60 185.173
17 61 258.369
17 62 344.379
17 63 445.277
17 64 563.412
17 65 701.263
17 66 861.405
17 67 1046.19
17 68 1257.48
17 69 1496.4
17 70 1762.97
17 71 2055.66
17 72 2371.17
17 73 2704.13
17 74 3047.2
17 75 3390.9
17 76 3724.21
17 77 4034.9
17 78 4310.42
17 79 4538.57
17 80 4708.64
17 81 4812.04
17 82 4843.19
17 83 4799.9
17 84 4683.74
17 85 4499.69
17 86 4255.93
17 87 3962.99
17 88 3633.02
17 89 3278.7
17 90 2912.43
17 91 2545.39
17 92 2186.98
17 93 1844.34
17 94 1522.13
17 95 1222.58
17 96 945.602
17 97 689.121
17 98 449.454
17 99 221.653
17 100 0

18 0 0
18 1 186.094
18 2 378.958
18 3 585.034
18 4 810.026
18 5 1058.58
18 6 1333.8
18 7 1636.94
18 8 1966.95
18 9 2320.31
18 10 2690.82
18 11 3069.8
18 12 3446.31
18 13 3807.83
18 14 4140.92
18 15 4432.33
18 16 4669.78
18 17 4843.19
18 18 4945.27
18 19 4972.33
18 20 4924.36
18 21 4805.17
18 22 4621.84
18 23 4384.22
18 24 4103.93
18 25 3793.61
18 26 3465.82
18 27 3132.38
18 28 2803.6
18 29 2487.94
18 30 2191.77
18 31 1919.37
18 32 1673.09
18 33 1453.61
18 34 1260.38
18 35 1091.9
18 36 946.029
18 37 820.423
18 38 712.628
18 39 620.347
18 40 541.486
18 41 474.237
18 42 417.11
18 43 368.87
18 44 328.571
18 45 295.465
18 46 269.013
18 47 248.787
18 48 234.528
18 49 226.061
18 50 223.223
18 51 226.061
18 52 234.528
18 53 248.787
18 54 269.013
18 55 295.465
18 56 328.571
18 57 368.87
18 58 417.11
18 59 474.237
18 60 541.486
18 61 620.347
18 62 712.628
18 63 820.423
18 64 946.029
18 65 1091.9
18 66 1260.38
18 67 1453.61
18 68 1673.09
18 69 1919.37
18 70 2191.77
18 71 2487.94
18 72 2803.6
18 73 3132.38
18 74 3465.82
18 75 3793.61
18 76 4103.93
18 77 4384.22
18 78 4621.84
18 79 4805.17
18 80 4924.36
18 81 4972.33
18 82 4945.27
18 83 4843.19
18 84 4669.78
18 85 4432.33
18 86 4140.92
18 87 3807.83
18 88 3446.31
18 89 3069.8
18 90 2690.82
18 91 2320.31
18 92 1966.95
18 93 1636.94
18 94 1333.8
18 95 1058.58
18 96 810.026
18 97 585.034
18 98 378.958
18 99 186.094
18 100 0

19 0 0
19 1 148.695
19 2 304.624
19 3 474.776
19 4 665.497
19 5 882.239
19 6 1129.12
19 7 1408.44
19 8 1720.44
19 9 2062.74
19 10 2430.3
19 11 2815.31
19 12 3207.41
19 13 3594.18
19 14 3961.85
19 15 4296.16
19 16 4583.55
19 17 4812.04
19 18 4972.33
19 19 5058.41
19 20 5068.22
19 21 5003.47
19 22 4869.69
19 23 4675.44
19 24 4431.7
19 25 4150.79
19 26 3845.52
19 27 3528.19
19 28 3209.91
19 29 2900.1
19 30 2606.08
19 31 2333.08
19 32 2084.26
19 33 1861.08
19 34 1663.51
19 35 1490.42
19 36 1340.05
19 37 1210.13
19 38 1098.36
19 39 1002.45
19 40 920.336
19 41 850.179
19 42 790.456
19 43 739.944
19 44 697.671
19 45 662.884
19 46 635.031
19 47 613.725
19 48 598.686
19 49 589.711
19 50 586.764
19 51 589.711
19 52 598.686
19 53 613.725
19 54 635.031
19 55 662.884
19 56 697.671
19 57 739.944
19 58 790.456
19 59 850.179
19 60 920.336
19 61 1002.45
19 62 1098.36
19 63 1210.13
19 64 1340.05
19 65 1490.42
19 66 1663.51
19 67 1861.08
19 68 2084.26
19 69 2333.08
19 70 2606.08
19 71 2900.1
19 72 3209.91
19 73 3528.19
19 74 3845.52
19 75 4150.79
19 76 4431.7
19 77 4675.44
19 78 4869.69
19 79 5003.47
19 80 5068.22
19 81 5058.41
19 82 4972.33
19 83 4812.04
19 84 4583.55
19 85 4296.16
19 86 3961.85
19 87 3594.18
19 88 3207.41
19 89 2815.31
19 90 2430.3
19 91 2062.74
19 92 1720.44
19 93 1408.44
19 94 1129.12
19 95 882.239
19 96 665.497
19 97 474.776
19 98 304.624
19 99 148.695
19 100 0

20 0 0
20 1 110.91
20 2 229.342
20 3 362.642
20 4 517.634
20 5 700.446
20 6 916.019
20 7 1167.74
20 8 1456.99
20 9 1782.69
20 10 2141
20 11 2525.24
20 12 2925.78
20 13 3330.68
20 14 3726.04
20 15 4097.1
20 16 4429.13
20 17 4708.64
20 18 4924.36
20 19 5068.22
20 20 5135.88
20 21 5127.07
20 22 5045.48
20 23 4898.35
20 24 4695.59
20 25 4449.15
20 26 4171.72
20 27 3875.99
20 28 3573.69
20 29 3275.07
20 30 2988.32
20 31 2719.56
20 32 2472.83
20 33 2250.27
20 34 2052.37
20 35 1878.5
20 36 1727.11
20 37 1596.19
20 38 1483.5
20 39 1386.8
20 40 1304.02
20 41 1233.31
20 42 1173.14
20 43 1122.22
20 44 1079.61
20 45 1044.52
20 46 1016.43
20 47 994.903
20 48 979.709
20 49 970.663
20 50 967.638
20 51 970.663
20 52 979.709
20 53 994.903
20 54 1016.43
20 55 1044.52
20 56 1079.61
20 57 1122.22
20 58 1173.14
20 59 1233.31
20 60 1304.02
20 61 1386.8
20 62 1483.5
20 63 1596.19
20 64 1727.11
20 65 1878.5
20 66 2052.37
20 67 2250.27
20 68 2472.83
20 69 2719.56
20 70 2988.32
20 71 3275.07
20 72 3573.69
20 73 3875.99
20 74 4171.72
20 75 4449.15
20 76 4695.59
20 77 4898.35
20 78 5045.48
20 79 5127.07
20 80 5135.88
20 81 5068.22
20 82 4924.36
20 83 4708.64
20 84 4429.13
20 85 4097.1
20 86 3726.04
20 87 3330.68
20 88 2925.78
20 89 2525.24
20 90 2141
20 91 1782.69
20 92 1456.99
20 93 1167.74
20 94 916.019
20 95 700.446
20 96 517.634
20 97 362.642
20 98 229.342
20 99 110.91
20 100 0

21 0 0
21 1 74.0928
21 2 155.805
21 3 252.618
21 4 371.698
21 5 519.631
21 6 702.108
21 7 923.435
21 8 1186.15
21 9 1490.39
21 10 1833.68
21 11 2210.48
21 12 2612.26
21 13 3027.69
21 14 3443.21
21 15 3843.72
21 16 4213.8
21 17 4538.57
21 18 4805.17
21 19 5003.47
21 20 5127.07
21 21 5173.59
21 22 5144.89
21 23 5046.56
21 24 4887.47
21 25 4678.81
21 26 4433.08
21 27 4163.1
21 28 3881.09
21 29 3597.96
21 30 3322.74
21 31 3062.4
21 32 2821.73
21 33 2603.55
21 34 2409
21 35 2237.76
21 36 2088.67
21 37 1959.84
21 38 1849.15
21 39 1754.4
21 40 1673.51
21 41 1604.59
21 42 1546.08
21 43 1496.68
21 44 1455.4
21 45 1421.44
21 46 1394.27
21 47 1373.47
21 48 1358.78
21 49 1350.01
21 50 1347.13
21 51 1350.01
21 52 1358.78
21 53 1373.47
21 54 1394.27
21 55 1421.44
21 56 1455.4
21 57 1496.68
21 58 1546.08
21 59 1604.59
21 60 1673.51
21 61 1754.4
21 62 1849.15
21 63 1959.84
21 64 2088.67
21 65 2237.76
21 66 2409
21 67 2603.55
21 68 2821.73
21 69 3062.4
21 70 3322.74
21 71 3597.96
21 72 3881.09
21 73 4163.1
21 74 4433.08
21 75 4678.81
21 76 4887.47
21 77 5046.56
21 78 5144.89
21 79 5173.59
21 80 5127.07
21 81 5003.47
21 82 4805.17
21 83 4538.57
21 84 4213.8
21 85 3843.72
21 86 3443.21
21 87 3027.69
21 88 2612.26
21 89 2210.48
21 90 1833.68
21 91 1490.39
21 92 1186.15
21 93 923.435
21 94 702.108
21 95 519.631
21 96 371.698
21 97 252.618
21 98 155.805
21 99 74.0928
21 100 0

22 0 0
22 1 39.354
22 2 86.2309
22 3 148.088
22 4 232.211
22 5 345.517
22 6 494.225
22 7 683.499
22 8 916.848
22 9 1195.73
22 10 1518.9
22 11 1882.21
22 12 2278.28
22 13 2696.76
22 14 3124.54
22 15 3546.7
22 16 3947.23
22 17 4310.42
22 18 4621.84
22 19 4869.69
22 20 5045.48
22 21 5144.89
22 22 5167.75
22 23 5118.1
22 24 5003.45
22 25 4834.18
22 26 4622.33
22 27 4380.71
22 28 4121.89
22 29 3857.31
22 30 3596.75
22 31 3347.9
22 32 3116.35
22 33 2905.61
22 34 2717.26
22 35 2551.5
22 36 2407.4
22 37 2283.31
22 38 2177.16
22 39 2086.76
22 40 2010.01
22 41 1945.01
22 42 1890.12
22 43 1843.99
22 44 1805.59
22 45 1774.11
22 46 1748.98
22 47 1729.76
22 48 1716.21
22 49 1708.15
22 50 1705.45
22 51 1708.15
22 52 1716.21
22 53 1729.76
22 54 1748.98
22 55 1774.11
22 56 1805.59
22 57 1843.99
22 58 1890.12
22 59 1945.01
22 60 2010.01
22 61 2086.76
22 62 2177.16
22 63 2283.31
22 64 2407.4
22 65 2551.5
22 66 2717.26
22 67 2905.61
22 68 3116.35
22 69 3347.9
22 70 3596.75
22 71 3857.31
22 72 4121.89
22 73 4380.71
22 74 4622.33
22 75 4834.18
22 76 5003.45
22 77 5118.1
22 78 5167.75
22 79 5144.89
22 80 5045.48
22 81 4869.69
22 82 4621.84
22 83 4310.42
22 84 3947.23
22 85 3546.7
22 86 3124.54
22 87 2696.76
22 88 2278.28
22 89 1882.21
22 90 1518.9
22 91 1195.73
22 92 916.848
22 93 683.499
22 94 494.225
22 95 345.517
22 96 232.211
22 97 148.088
22 98 86.2309
22 99 39.354
22 100 0

23 0 0
23 1 7.57223
23 2 22.3976
23 3 51.7434
23 4 102.843
23 5 182.748
23 6 298.103
23 7 454.685
23 8 656.987
23 9 907.561
23 10 1206.55
23 11 1551.1
23 12 1935.24
23 13 2349.62
23 14 2782.05
23 15 3217.84
23 16 3640.94
23 17 4034.9
23 18 4384.22
23 19 4675.44
23 20 4898.35
23 21 5046.56
23 22 5118.1
23 23 5115.22
23 24 5044.13
23 25 4914.11
23 26 4736.69
23 27 4524.5
23 28 4290.27
23 29 4045.92
23 30 3801.81
23 31 3566.38
23 32 3345.94
23 33 3144.53
23 34 2964.39
23 35 2806.07
23 36 2668.94
23 37 2551.5
23 38 2451.76
23 39 2367.56
23 40 2296.75
23 41 2237.35
23 42 2187.65
23 43 2146.25
23 44 2112.03
23 45 2084.16
23 46 2062.01
23 47 2045.14
23 48 2033.26
23 49 2026.19
23 50 2023.87
23 51 2026.19
23 52 2033.26
23 53 2045.14
23 54 2062.01
23 55 2084.16
23 56 2112.03
23 57 2146.25
23 58 2187.65
23 59 2237.35
23 60 2296.75
23 61 2367.56
23 62 2451.76
23 63 2551.5
23 64 2668.94
23 65 2806.07
23 66 2964.39
23 67 3144.53
23 68 3345.94
23 69 3566.38
23 70 3801.81
23 71 4045.92
23 72 4290.27
23 73 4524.5
23 74 4736.69
23 75 4914.11
23 76 5044.13
23 77 5115.22
23 78 5118.1
23 79 5046.56
23 80 4898.35
23 81 4675.44
23 82 4384.22
23 83 4034.9
23 84 3640.94
23 85 3217.84
23 86 2782.05
23 87 2349.62
23 88 1935.24
23 89 1551.1
23 90 1206.55
23 91 907.561
23 92 656.987
23 93 454.685
23 94 298.103
23 95 182.748
23 96 102.843
23 97 51.7434
23 98 22.3976
23 99 7.57223
23 100 0

24 0 0
24 1 -20.6404
24 2 -34.4548
24 3 -34.4881
24 4 -13.7578
24 5 34.8228
24 6 118.099
24 7 242.392
24 8 412.965
24 9 633.46
24 10 905.225
24 11 1226.86
24 12 1593.68
24 13 1997.69
24 14 2427.6
24 15 2869.45
24 16 3307.22
24 17 3724.21
24 18 4103.93
24 19 4431.7
24 20 4695.59
24 21 4887.47
24 22 5003.45
24 23 5044.13
24 24 5014.19
24 25 4921.84
24 26 4777.92
24 27 4594.76
24 28 4385.13
24 29 4161.27
24 30 3934.13
24 31 3712.82
24 32 3504.17
24 33 3312.99
24 34 3141.94
24 35 2992.04
24 36 2862.89
24 37 2753.19
24 38 2660.99
24 39 2584.12
24 40 2520.36
24 41 2467.69
24 42 2424.26
24 43 2388.59
24 44 2359.5
24 45 2336.05
24 46 2317.58
24 47 2303.6
24 48 2293.81
24 49 2288.01
24 50 2286.07
24 51 2288.01
24 52 2293.81
24 53 2303.6
24 54 2317.58
24 55 2336.05
24 56 2359.5
24 57 2388.59
24 58 2424.26
24 59 2467.69
24 60 2520.36
24 61 2584.12
24 62 2660.99
24 63 2753.19
24 64 2862.89
24 65 2992.04
24 66 3141.94
24 67 3312.99
24 68 3504.17
24 69 3712.82
24 70 3934.13
24 71 4161.27
24 72 4385.13
24 73 4594.76
24 74 4777.92
24 75 4921.84
24 76 5014.19
24 77 5044.13
24 78 5003.45
24 79 4887.47
24 80 4695.59
24 81 4431.7
24 82 4103.93
24 83 3724.21
24 84 3307.22
24 85 2869.45
24 86 2427.6
24 87 1997.69
24 88 1593.68
24 89 1226.86
24 90 905.225
24 91 633.46
24 92 412.965
24 93 242.392
24 94 118.099
24 95 34.8228
24 96 -13.7578
24 97 -34.4881
24 98 -34.4548
24 99 -20.6404
24 100 0

25 0 0
25 1 -44.9658
25 2 -83.6275
25 3 -109.509
25 4 -115.938
25 5 -96.0061
25 6 -42.7433
25 7 50.4871
25 8 189.658
25 9 379.279
25 10 621.947
25 11 917.542
25 12 1262.85
25 13 1651.16
25 14 2072.41
25 15 2513.35
25 16 2958.49
25 17 3390.9
25 18 3793.61
25 19 4150.79
25 20 4449.15
25 21 4678.81
25 22 4834.18
25 23 4914.11
25 24 4921.84
25 25 4864.41
25 26 4751.86
25 27 4596.08
25 28 4409.78
25 29 4205.52
25 30 3994.71
25 31 3786.91
25 32 3589.73
25 33 3408.49
25 34 3246.42
25 35 3104.89
25 36 2983.81
25 37 2881.99
25 38 2797.59
25 39 2728.4
25 40 2672.13
25 41 2626.62
25 42 2589.97
25 43 2560.54
25 44 2537.03
25 45 2518.45
25 46 2504.05
25 47 2493.29
25 48 2485.83
25 49 2481.42
25 50 2479.98
25 51 2481.42
25 52 2485.83
25 53 2493.29
25 54 2504.05
25 55 2518.45
25 56 2537.03
25 57 2560.54
25 58 2589.97
25 59 2626.62
25 60 2672.13
25 61 2728.4
25 62 2797.59
25 63 2881.99
25 64 2983.81
25 65 3104.89
25 66 3246.42
25 67 3408.49
25 68 3589.73
25 69 3786.91
25 70 3994.71
25 71 4205.52
25 72 4409.78
25 73 4596.08
25 74 4751.86
25 75 4864.41
25 76 4921.84
25 77 4914.11
25 78 4834.18
25 79 4678.81
25 80 4449.15
25 81 4150.79
25 82 3793.61
25 83 3390.9
25 84 2958.49
25 85 2513.35
25 86 2072.41
25 87 1651.16
25 88 1262.85
25 89 917.542
25 90 621.947
25 91 379.279
25 92 189.658
25 93 50.4871
25 94 -42.7433
25 95 -96.0061
25 96 -115.938
25 97 -109.509
25 98 -83.6275
25 99 -44.9658
25 100 0

26 0 0
26 1 -65.3047
26 2 -124.904
26 3 -172.889
26 4 -203.009
26 5 -208.613
26 6 -182.809
26 7 -118.674
26 8 -9.80725
26 9 149.19
26 10 361.909
26 11 629.568
26 12 950.276
26 13 1318.79
26 14 1726.19
26 15 2160.34
26 16 2606.24
26 17 3047.2
26 18 3465.82
26 19 3845.52
26 20 4171.72
26 21 4433.08
26 22 4622.33
26 23 4736.69
26 24 4777.92
26 25 4751.86
26 26 4667.63
26 27 4536.66
26 28 4371.55
26 29 4185.03
26 30 3988.77
26 31 3793.04
26 32 3605.96
26 33 3433.47
26 34 3279.26
26 35 3145.14
26 36 3031.27
26 37 2936.66
26 38 2859.49
26 39 2797.54
26 40 2748.45
26 41 2709.93
26 42 2679.93
26 43 2656.69
26 44 2638.8
26 45 2625.13
26 46 2614.86
26 47 2607.39
26 48 2602.3
26 49 2599.34
26 50 2598.36
26 51 2599.34
26 52 2602.3
26 53 2607.39
26 54 2614.86
26 55 2625.13
26 56 2638.8
26 57 2656.69
26 58 2679.93
26 59 2709.93
26 60 2748.45
26 61 2797.54
26 62 2859.49
26 63 2936.66
26 64 3031.27
26 65 3145.14
26 66 3279.26
26 67 3433.47
26 68 3605.96
26 69 3793.04
26 70 3988.77
26 71 4185.03
26 72 4371.55
26 73 4536.66
26 74 4667.63
26 75 4751.86
26 76 4777.92
26 77 4736.69
26 78 4622.33
26 79 4433.08
26 80 4171.72
26 81 3845.52
26 82 3465.82
26 83 3047.2
26 84 2606.24
26 85 2160.34
26 86 1726.19
26 87 1318.79
26 88 950.276
26 89 629.568
26 90 361.909
26 91 149.19
26 92 -9.80725
26 93 -118.674
26 94 -182.809
26 95 -208.613
26 96 -203.009
26 97 -172.889
26 98 -124.904
26 99 -65.3047
26 100 0

27 0 0
27 1 -81.7661
27 2 -158.467
27 3 -224.833
27 4 -275.069
27 5 -302.928
27 6 -301.63
27 7 -264.184
27 8 -183.792
27 9 -54.4167
27 10 128.529
27 11 367.36
27 12 661.626
27 13 1007.35
27 14 1397.02
27 15 1819.52
27 16 2260.7
27 17 2704.13
27 18 3132.38
27 19 3528.19
27 20 3875.99
27 21 4163.1
27 22 4380.71
27 23 4524.5
27 24 4594.76
27 25 4596.08
27 26 4536.66
27 27 4427.4
27 28 4280.72
27 29 4109.28
27 30 3925.29
27 31 3739.39
27 32 3560.35
27 33 3394.6
27 34 3246.43
27 35 3117.98
27 36 3009.76
27 37 2920.91
27 38 2849.72
27 39 2793.91
27 40 2751.03
27 41 2718.69
27 42 2694.68
27 43 2677.1
27 44 2664.38
27 45 2655.3
27 46 2648.92
27 47 2644.54
27 48 2641.71
27 49 2640.12
27 50 2639.61
27 51 2640.12
27 52 2641.71
27 53 2644.54
27 54 2648.92
27 55 2655.3
27 56 2664.38
27 57 2677.1
27 58 2694.68
27 59 2718.69
27 60 2751.03
27 61 2793.91
27 62 2849.72
27 63 2920.91
27 64 3009.76
27 65 3117.98
27 66 3246.43
27 67 3394.6
27 68 3560.35
27 69 3739.39
27 70 3925.29
27 71 4109.28
27 72 4280.72
27 73 4427.4
27 74 4536.66
27 75 4596.08
27 76 4594.76
27 77 4524.5
27 78 4380.71
27 79 4163.1
27 80 3875.99
27 81 3528.19
27 82 3132.38
27 83 2704.13
27 84 2260.7
27 85 1819.52
27 86 1397.02
27 87 1007.35
27 88 661.626
27 89 367.36
27 90 128.529
27 91 -54.4167
27 92 -183.792
27 93 -264.184
27 94 -301.63
27 95 -302.928
27 96 -275.069
27 97 -224.833
27 98 -158.467
27 99 -81.7661
27 100 0

28 0 0
28 1 -94.5972
28 2 -184.814
28 3 -265.985
28 4 -332.898
28 5 -379.677
28 6 -399.815
28 7 -386.291
28 8 -332.106
28 9 -230.635
28 10 -76.5504
28 11 133.599
28 12 400.547
28 13 721.721
28 14 1090.89
28 15 1498.17
28 16 1930.2
28 17 2371.17
28 18 2803.6
28 19 3209.91
28 20 3573.69
28 21 3881.09
28 22 4121.89
28 23 4290.27
28 24 4385.13
28 25 4409.78
28 26 4371.55
28 27 4280.72
28 28 4149.29
28 29 3990.13
28 30 3815.63
28 31 3636.98
28 32 3463.42
28 33 3302.01
28 34 3157.49
28 35 3032.5
28 36 2927.8
28 37 2842.77
28 38 2775.71
28 39 2724.4
28 40 2686.28
28 41 2658.83
28 42 2639.69
28 43 2626.82
28 44 2618.49
28 45 2613.34
28 46 2610.31
28 47 2608.66
28 48 2607.8
28 49 2607.43
28 50 2607.31
28 51 2607.43
28 52 2607.8
28 53 2608.66
28 54 2610.31
28 55 2613.34
28 56 2618.49
28 57 2626.82
28 58 2639.69
28 59 2658.83
28 60 2686.28
28 61 2724.4
28 62 2775.71
28 63 2842.77
28 64 2927.8
28 65 3032.5
28 66 3157.49
28 67 3302.01
28 68 3463.42
28 69 3636.98
28 70 3815.63
28 71 3990.13
28 72 4149.29
28 73 4280.72
28 74 4371.55
28 75 4409.78
28 76 4385.13
28 77 4290.27
28 78 4121.89
28 79 3881.09
28 80 3573.69
28 81 3209.91
28 82 2803.6
28 83 2371.17
28 84 1930.2
28 85 1498.17
28 86 1090.89
28 87 721.721
28 88 400.547
28 89 133.599
28 90 -76.5504
28 91 -230.635
28 92 -332.106
28 93 -386.291
28 94 -399.815
28 95 -379.677
28 96 -332.898
28 97 -265.985
28 98 -184.814
28 99 -94.5972
28 100 0

29 0 0
29 1 -104.2
29 2 -204.686
29 3 -297.408
29 4 -377.726
29 5 -440.226
29 6 -478.669
29 7 -486.204
29 8 -455.611
29 9 -379.948
29 10 -253.123
29 11 -70.7982
29 12 168.957
29 13 464.809
29 14 811.88
29 15 1201.4
29 16 1621.08
29 17 2055.66
29 18 2487.94
29 19 2900.1
29 20 3275.07
29 21 3597.96
29 22 3857.31
29 23 4045.92
29 24 4161.27
29 25 4205.52
29 26 4185.03
29 27 4109.28
29 28 3990.13
29 29 3840.32
29 30 3672.56
29 31 3498.4
29 32 3327.65
29 33 3167.93
29 34 3024.53
29 35 2900.48
29 36 2796.91
29 37 2713.39
29 38 2648.37
29 39 2599.58
29 40 2564.41
29 41 2540.24
29 42 2524.55
29 43 2515.14
29 44 2510.12
29 45 2508.02
29 46 2507.65
29 47 2508.15
29 48 2508.9
29 49 2509.49
29 50 2509.71
29 51 2509.49
