0 0 0
0 1 0
0 2 0
0 3 0
0 4 0
0 5 0
0 6 0
0 7 0
0 8 0
0 9 0
0 10 0
0 11 0
0 12 0
0 13 0
0 14 0
0 15 0
0 16 0
0 17 0
0 18 0
0 19 0
0 20 0
0 21 0
0 22 0
0 23 0
0 24 0
0 25 0
0 26 0
0 27 0
0 28 0
0 29 0
0 30 0
0 31 0
0 32 0
0 33 0
0 34 0
0 35 0
0 36 0
0 37 0
0 38 0
0 39 0
0 40 0
0 41 0
0 42 0
0 43 0
0 44 0
0 45 0
0 46 0
0 47 0
0 48 0
0 49 0
0 50 0
0 51 0
0 52 0
0 53 0
0 54 0
0 55 0
0 56 0
0 57 0
0 58 0
0 59 0
0 60 0
0 61 0
0 62 0
0 63 0
0 64 0
0 65 0
0 66 0
0 67 0
0 68 0
0 69 0
0 70 0
0 71 0
0 72 0
0 73 0
0 74 0
0 75 0
0 76 0
0 77 0
0 78 0
0 79 0
0 80 0
0 81 0
0 82 0
0 83 0
0 84 0
0 85 0
0 86 0
0 87 0
0 88 0
0 89 0
0 90 0
0 91 0
0 92 0
0 93 0
0 94 0
0 95 0
0 96 0
0 97 0
0 98 0
0 99 0
0 100 0

1 0 0
1 1 2.624
1 2 5.29838
1 3 8.06494
1 4 10.9803
1 5 14.0851
1 6 17.4304
1 7 21.0586
1 8 25.003
1 9 29.2921
1 10 33.9273
1 11 38.8893
1 12 44.1172
1 13 49.5018
1 14 54.8657
1 15 59.9647
1 16 64.4495
1 17 67.8963
1 18 69.7695
1 19 69.4559
1 20 66.2887
1 21 59.5554
1 22 48.5983
1 23 32.836
1 24 11.8654
1 25 -14.4434
1 26 -45.8964
1 27 -81.8817
1 28 -121.316
1 29 -162.696
1 30 -204.061
1 31 -243.124
1 32 -277.429
1 33 -304.452
1 34 -321.885
1 35 -327.803
1 36 -320.862
1 37 -300.417
1 38 -266.689
1 39 -220.705
1 40 -164.294
1 41 -99.9246
1 42 -30.561
1 43 40.5571
1 44 110.11
1 45 174.933
1 46 232.146
1 47 279.276
1 48 314.359
1 49 335.986
1 50 343.294
1 51 335.986
1 52 314.359
1 53 279.276
1 54 232.146
1 55 174.933
1 56 110.11
1 57 40.5571
1 58 -30.561
1 59 -99.9246
1 60 -164.294
1 61 -220.705
1 62 -266.689
1 63 -300.417
1 64 -320.862
1 65 -327.803
1 66 -321.885
1 67 -304.452
1 68 -277.429
1 69 -243.124
1 70 -204.061
1 71 -162.696
1 72 -121.316
1 73 -81.8817
1 74 -45.8964
1 75 -14.4434
1 76 11.8654
1 77 32.836
1 78 48.5983
1 79 59.5554
1 80 66.2887
1 81 69.4559
1 82 69.7695
1 83 67.8963
1 84 64.4495
1 85 59.9647
1 86 54.8657
1 87 49.5018
1 88 44.1172
1 89 38.8893
1 90 33.9273
1 91 29.2921
1 92 25.003
1 93 21.0586
1 94 17.4304
1 95 14.0851
1 96 10.9803
1 97 8.06494
1 98 5.29838
1 99 2.624
1 100 0

2 0 0
2 1 5.29838
2 2 10.6965
2 3 16.2782
2 4 22.155
2 5 28.4072
2 6 35.1367
2 7 42.4241
2 8 50.3368
2 9 58.9244
2 10 68.1885
2 11 78.08
2 12 88.4727
2 13 99.1352
2 14 109.709
2 15 119.694
2 16 128.396
2 17 134.962
2 18 138.335
2 19 137.301
2 20 130.544
2 21 116.666
2 22 94.3862
2 23 62.5633
2 24 20.4571
2 25 -32.1904
2 26 -94.9304
2 27 -166.52
2 28 -244.834
2 29 -326.816
2 30 -408.636
2 31 -485.772
2 32 -553.33
2 33 -606.382
2 34 -640.38
2 35 -651.533
2 36 -637.201
2 37 -596.178
2 38 -528.873
2 39 -437.324
2 40 -325.152
2 41 -197.262
2 42 -59.5036
2 43 81.7202
2 44 219.831
2 45 348.554
2 46 462.175
2 47 555.795
2 48 625.485
2 49 668.446
2 50 682.957
2 51 668.446
2 52 625.485
2 53 555.795
2 54 462.175
2 55 348.554
2 56 219.831
2 57 81.7202
2 58 -59.5036
2 59 -197.262
2 60 -325.152
2 61 -437.324
2 62 -528.873
2 63 -596.178
2 64 -637.201
2 65 -651.533
2 66 -640.38
2 67 -606.382
2 68 -553.33
2 69 -485.772
2 70 -408.636
2 71 -326.816
2 72 -244.834
2 73 -166.52
2 74 -94.9304
2 75 -32.1904
2 76 20.4571
2 77 62.5633
2 78 94.3862
2 79 116.666
2 80 130.544
2 81 137.301
2 82 138.335
2 83 134.962
2 84 128.396
2 85 119.694
2 86 109.709
2 87 99.1352
2 88 88.4727
2 89 78.08
2 90 68.1885
2 91 58.9244
2 92 50.3368
2 93 42.4241
2 94 35.1367
2 95 28.4072
2 96 22.155
2 97 16.2782
2 98 10.6965
2 99 5.29838
2 100 0

3 0 0
3 1 8.06494
3 2 16.2782
3 3 24.7699
3 4 33.7
3 5 43.1926
3 6 53.3903
3 7 64.4107
3 8 76.3421
3 9 89.2488
3 10 103.115
3 11 117.856
3 12 133.26
3 13 148.969
3 14 164.426
3 15 178.871
3 16 191.256
3 17 200.305
3 18 204.445
3 19 201.888
3 20 190.705
3 21 168.877
3 22 134.547
3 23 86.1263
3 24 22.5559
3 25 -56.4151
3 26 -150.088
3 27 -256.556
3 28 -372.573
3 29 -493.684
3 30 -614.152
3 31 -727.337
3 32 -826.119
3 33 -903.248
3 34 -952.097
3 35 -967.169
3 36 -944.641
3 37 -882.739
3 38 -782.142
3 39 -645.881
3 40 -479.282
3 41 -289.54
3 42 -85.2855
3 43 124.037
3 44 328.743
3 45 519.553
3 46 688.006
3 47 826.818
3 48 930.184
3 49 993.914
3 50 1015.45
3 51 993.914
3 52 930.184
3 53 826.818
3 54 688.006
3 55 519.553
3 56 328.743
3 57 124.037
3 58 -85.2855
3 59 -289.54
3 60 -479.282
3 61 -645.881
3 62 -782.142
3 63 -882.739
3 64 -944.641
3 65 -967.169
3 66 -952.097
3 67 -903.248
3 68 -826.119
3 69 -727.337
3 70 -614.152
3 71 -493.684
3 72 -372.573
3 73 -256.556
3 74 -150.088
3 75 -56.4151
3 76 22.5559
3 77 86.1263
3 78 134.547
3 79 168.877
3 80 190.705
3 81 201.888
3 82 204.445
3 83 200.305
3 84 191.256
3 85 178.871
3 86 164.426
3 87 148.969
3 88 133.26
3 89 117.856
3 90 103.115
3 91 89.2488
3 92 76.3421
3 93 64.4107
3 94 53.3903
3 95 43.1926
3 96 33.7
3 97 24.7699
3 98 16.2782
3 99 8.06494
3 100 0

4 0 0
4 1 10.9803
4 2 22.155
4 3 33.7
4 4 45.8191
4 5 58.6765
4 6 72.4531
4 7 87.2909
4 8 103.298
4 9 120.533
4 10 138.956
4 11 158.418
4 12 178.609
4 13 199.011
4 14 218.861
4 15 237.108
4 16 252.364
4 17 262.922
4 18 266.732
4 19 261.47
4 20 244.65
4 21 213.713
4 22 166.329
4 23 100.523
4 24 15.1011
4 25 -90.1769
4 26 -214.202
4 27 -354.356
4 28 -506.389
4 29 -664.323
4 30 -820.771
4 31 -967.117
4 32 -1094.1
4 33 -1192.47
4 34 -1253.72
4 35 -1270.8
4 36 -1238.87
4 37 -1155.76
4 38 -1022.36
4 39 -842.649
4 40 -623.548
4 41 -374.434
4 42 -106.492
4 43 167.998
4 44 436.422
4 45 686.654
4 46 907.617
4 47 1089.77
4 48 1225.44
4 49 1309.1
4 50 1337.36
4 51 1309.1
4 52 1225.44
4 53 1089.77
4 54 907.617
4 55 686.654
4 56 436.422
4 57 167.998
4 58 -106.492
4 59 -374.434
4 60 -623.548
4 61 -842.649
4 62 -1022.36
4 63 -1155.76
4 64 -1238.87
4 65 -1270.8
4 66 -1253.72
4 67 -1192.47
4 68 -1094.1
4 69 -967.117
4 70 -820.771
4 71 -664.323
4 72 -506.389
4 73 -354.356
4 74 -214.202
4 75 -90.1769
4 76 15.1011
4 77 100.523
4 78 166.329
4 79 213.713
4 80 244.65
4 81 261.47
4 82 266.732
4 83 262.922
4 84 252.364
4 85 237.108
4 86 218.861
4 87 199.011
4 88 178.609
4 89 158.418
4 90 138.956
4 91 120.533
4 92 103.298
4 93 87.2909
4 94 72.4531
4 95 58.6765
4 96 45.8191
4 97 33.7
4 98 22.155
4 99 10.9803
4 100 0

5 0 0
5 1 14.0851
5 2 28.4072
5 3 43.1926
5 4 58.6765
5 5 75.0681
5 6 92.5674
5 7 111.338
5 8 131.483
5 9 153.042
5 10 175.923
5 11 199.896
5 12 224.518
5 13 249.101
5 14 272.643
5 15 293.805
5 16 310.843
5 17 321.64
5 18 323.692
5 19 314.201
5 20 290.195
5 21 248.697
5 22 186.992
5 23 102.925
5 24 -4.80036
5 25 -136.176
5 26 -289.687
5 27 -461.964
5 28 -647.63
5 29 -839.467
5 30 -1028.4
5 31 -1204.08
5 32 -1355.45
5 33 -1471.44
5 34 -1541.96
5 35 -1558.69
5 36 -1515.94
5 37 -1411.21
5 38 -1245.69
5 39 -1024.23
5 40 -755.205
5 41 -449.921
5 42 -121.917
5 43 213.94
5 44 542.371
5 45 848.601
5 46 1119.1
5 47 1342.16
5 48 1508.37
5 49 1610.88
5 50 1645.53
5 51 1610.88
5 52 1508.37
5 53 1342.16
5 54 1119.1
5 55 848.601
5 56 542.371
5 57 213.94
5 58 -121.917
5 59 -449.921
5 60 -755.205
5 61 -1024.23
5 62 -1245.69
5 63 -1411.21
5 64 -1515.94
5 65 -1558.69
5 66 -1541.96
5 67 -1471.44
5 68 -1355.45
5 69 -1204.08
5 70 -1028.4
5 71 -839.467
5 72 -647.63
5 73 -461.964
5 74 -289.687
5 75 -136.176
5 76 -4.80036
5 77 102.925
5 78 186.992
5 79 248.697
5 80 290.195
5 81 314.201
5 82 323.692
5 83 321.64
5 84 310.843
5 85 293.805
5 86 272.643
5 87 249.101
5 88 224.518
5 89 199.896
5 90 175.923
5 91 153.042
5 92 131.483
5 93 111.338
5 94 92.5674
5 95 75.0681
5 96 58.6765
5 97 43.1926
5 98 28.4072
5 99 14.0851
5 100 0

6 0 0
6 1 17.4304
6 2 35.1367
6 3 53.3903
6 4 72.4531
6 5 92.5674
6 6 113.947
6 7 136.754
6 8 161.081
6 9 186.911
6 10 214.09
6 11 242.263
6 12 270.839
6 13 298.917
6 14 325.251
6 15 348.181
6 16 365.631
6 17 375.08
6 18 373.633
6 19 358.081
6 20 325.077
6 21 271.336
6 22 193.942
6 23 90.6397
6 24 -39.7007
6 25 -196.824
6 26 -378.607
6 27 -580.879
6 28 -797.311
6 29 -1019.31
6 30 -1236.5
6 31 -1436.99
6 32 -1608.15
6 33 -1737.51
6 34 -1813.67
6 35 -1827.33
6 36 -1772.14
6 37 -1645.48
6 38 -1448.76
6 39 -1187.67
6 40 -871.833
6 41 -514.285
6 42 -130.593
6 43 262.084
6 44 646.07
6 45 1004.19
6 46 1320.65
6 47 1581.75
6 48 1776.39
6 49 1896.47
6 50 1937.05
6 51 1896.47
6 52 1776.39
6 53 1581.75
6 54 1320.65
6 55 1004.19
6 56 646.07
6 57 262.084
6 58 -130.593
6 59 -514.285
6 60 -871.833
6 61 -1187.67
6 62 -1448.76
6 63 -1645.48
6 64 -1772.14
6 65 -1827.33
6 66 -1813.67
6 67 -1737.51
6 68 -1608.15
6 69 -1436.99
6 70 -1236.5
6 71 -1019.31
6 72 -797.311
6 73 -580.879
6 74 -378.607
6 75 -196.824
6 76 -39.7007
6 77 90.6397
6 78 193.942
6 79 271.336
6 80 325.077
6 81 358.081
6 82 373.633
6 83 375.08
6 84 365.631
6 85 348.181
6 86 325.251
6 87 298.917
6 88 270.839
6 89 242.263
6 90 214.09
6 91 186.911
6 92 161.081
6 93 136.754
6 94 113.947
6 95 92.5674
6 96 72.4531
6 97 53.3903
6 98 35.1367
6 99 17.4304
6 100 0

7 0 0
7 1 21.0586
7 2 42.4241
7 3 64.4107
7 4 87.2909
7 5 111.338
7 6 136.754
7 7 163.69
7 8 192.197
7 9 222.186
7 10 253.396
7 11 285.331
7 12 317.206
7 13 347.899
7 14 375.878
7 15 399.181
7 16 415.387
7 17 421.632
7 18 414.668
7 19 390.988
7 20 346.974
7 21 279.206
7 22 184.679
7 23 61.3023
7 24 -91.8545
7 25 -274.005
7 26 -482.425
7 27 -712.129
7 28 -955.726
7 29 -1203.63
7 30 -1444.15
7 31 -1664.22
7 32 -1850.04
7 33 -1988.01
7 34 -2065.83
7 35 -2073.49
7 36 -2004.26
7 37 -1855.41
7 38 -1628.71
7 39 -1330.52
7 40 -971.537
7 41 -566.203
7 42 -131.837
7 43 312.459
7 44 746.936
7 45 1152.28
7 46 1510.66
7 47 1806.5
7 48 2027.18
7 49 2163.36
7 50 2209.39
7 51 2163.36
7 52 2027.18
7 53 1806.5
7 54 1510.66
7 55 1152.28
7 56 746.936
7 57 312.459
7 58 -131.837
7 59 -566.203
7 60 -971.537
7 61 -1330.52
7 62 -1628.71
7 63 -1855.41
7 64 -2004.26
7 65 -2073.49
7 66 -2065.83
7 67 -1988.01
7 68 -1850.04
7 69 -1664.22
7 70 -1444.15
7 71 -1203.63
7 72 -955.726
7 73 -712.129
7 74 -482.425
7 75 -274.005
7 76 -91.8545
7 77 61.3023
7 78 184.679
7 79 279.206
7 80 346.974
7 81 390.988
7 82 414.668
7 83 421.632
7 84 415.387
7 85 399.181
7 86 375.878
7 87 347.899
7 88 317.206
7 89 285.331
7 90 253.396
7 91 222.186
7 92 192.197
7 93 163.69
7 94 136.754
7 95 111.338
7 96 87.2909
7 97 64.4107
7 98 42.4241
7 99 21.0586
7 100 0

8 0 0
8 1 25.003
8 2 50.3368
8 3 76.3421
8 4 103.298
8 5 131.483
8 6 161.081
8 7 192.197
8 8 224.822
8 9 258.751
8 10 293.602
8 11 328.684
8 12 363.012
8 13 395.195
8 14 423.43
8 15 445.436
8 16 458.494
8 17 459.423
8 18 444.726
8 19 410.68
8 20 353.562
8 21 269.941
8 22 156.975
8 23 12.8088
8 24 -162.978
8 25 -369.088
8 26 -602.026
8 27 -855.967
8 28 -1122.68
8 29 -1391.51
8 30 -1649.93
8 31 -1883.9
8 32 -2078.78
8 33 -2220.33
8 34 -2295.63
8 35 -2294.33
8 36 -2209.49
8 37 -2038.46
8 38 -1783.29
8 39 -1450.93
8 40 -1052.91
8 41 -604.796
8 42 -125.283
8 43 364.924
8 44 844.332
8 45 1291.8
8 46 1687.65
8 47 2014.66
8 48 2258.72
8 49 2409.43
8 50 2460.37
8 51 2409.43
8 52 2258.72
8 53 2014.66
8 54 1687.65
8 55 1291.8
8 56 844.332
8 57 364.924
8 58 -125.283
8 59 -604.796
8 60 -1052.91
8 61 -1450.93
8 62 -1783.29
8 63 -2038.46
8 64 -2209.49
8 65 -2294.33
8 66 -2295.63
8 67 -2220.33
8 68 -2078.78
8 69 -1883.9
8 70 -1649.93
8 71 -1391.51
8 72 -1122.68
8 73 -855.967
8 74 -602.026
8 75 -369.088
8 76 -162.978
8 77 12.8088
8 78 156.975
8 79 269.941
8 80 353.562
8 81 410.68
8 82 444.726
8 83 459.423
8 84 458.494
8 85 445.436
8 86 423.43
8 87 395.195
8 88 363.012
8 89 328.684
8 90 293.602
8 91 258.751
8 92 224.822
8 93 192.197
8 94 161.081
8 95 131.483
8 96 103.298
8 97 76.3421
8 98 50.3368
8 99 25.003
8 100 0

9 0 0
9 1 29.2921
9 2 58.9244
9 3 89.2488
9 4 120.533
9 5 153.042
9 6 186.911
9 7 222.186
9 8 258.751
9 9 296.276
9 10 334.2
9 11 371.636
9 12 407.341
9 13 439.668
9 14 466.507
9 15 485.307
9 16 493.056
9 17 486.36
9 18 461.545
9 19 414.829
9 20 342.517
9 21 241.378
9 22 108.84
9 23 -56.4274
9 24 -254.33
9 25 -482.798
9 26 -737.592
9 27 -1012.09
9 28 -1297.19
9 29 -1581.58
9 30 -1851.96
9 31 -2093.79
9 32 -2291.96
9 33 -2431.91
9 34 -2500.55
9 35 -2487.4
9 36 -2385.61
9 37 -2192.66
9 38 -1910.89
9 39 -1547.65
9 40 -1115.09
9 41 -629.592
9 42 -110.861
9 43 419.175
9 44 937.61
9 45 1421.75
9 46 1850.39
9 47 2204.76
9 48 2469.45
9 49 2632.94
9 50 2688.23
9 51 2632.94
9 52 2469.45
9 53 2204.76
9 54 1850.39
9 55 1421.75
9 56 937.61
9 57 419.175
9 58 -110.861
9 59 -629.592
9 60 -1115.09
9 61 -1547.65
9 62 -1910.89
9 63 -2192.66
9 64 -2385.61
9 65 -2487.4
9 66 -2500.55
9 67 -2431.91
9 68 -2291.96
9 69 -2093.79
9 70 -1851.96
9 71 -1581.58
9 72 -1297.19
9 73 -1012.09
9 74 -737.592
9 75 -482.798
9 76 -254.33
9 77 -56.4274
9 78 108.84
9 79 241.378
9 80 342.517
9 81 414.829
9 82 461.545
9 83 486.36
9 84 493.056
9 85 485.307
9 86 466.507
9 87 439.668
9 88 407.341
9 89 371.636
9 90 334.2
9 91 296.276
9 92 258.751
9 93 222.186
9 94 186.911
9 95 153.042
9 96 120.533
9 97 89.2488
9 98 58.9244
9 99 29.2921
9 100 0

10 0 0
10 1 33.9273
10 2 68.1885
10 3 103.115
10 4 138.956
10 5 175.923
10 6 214.09
10 7 253.396
10 8 293.602
10 9 334.2
10 10 374.44
10 11 413.183
10 12 448.942
10 13 479.778
10 14 503.324
10 15 516.757
10 16 516.869
10 17 500.11
10 18 462.768
10 19 401.117
10 20 311.69
10 21 191.572
10 22 38.746
10 23 -147.562
10 24 -366.456
10 25 -615.14
10 26 -888.559
10 27 -1179.32
10 28 -1477.71
10 29 -1771.81
10 30 -2048
10 31 -2291.47
10 32 -2487.11
10 33 -2620.39
10 34 -2678.36
10 35 -2650.8
10 36 -2531.02
10 37 -2316.75
10 38 -2010.54
10 39 -1620.08
10 40 -1157.81
10 41 -640.603
10 42 -88.8354
10 43 474.705
10 44 1026.05
10 45 1541.3
10 46 1997.84
10 47 2375.64
10 48 2658.03
10 49 2832.6
10 50 2891.65
10 51 2832.6
10 52 2658.03
10 53 2375.64
10 54 1997.84
10 55 1541.3
10 56 1026.05
10 57 474.705
10 58 -88.8354
10 59 -640.603
10 60 -1157.81
10 61 -1620.08
10 62 -2010.54
10 63 -2316.75
10 64 -2531.02
10 65 -2650.8
10 66 -2678.36
10 67 -2620.39
10 68 -2487.11
10 69 -2291.47
10 70 -2048
10 71 -1771.81
10 72 -1477.71
10 73 -1179.32
10 74 -888.559
10 75 -615.14
10 76 -366.456
10 77 -147.562
10 78 38.746
10 79 191.572
10 80 311.69
10 81 401.117
10 82 462.768
10 83 500.11
10 84 516.869
10 85 516.757
10 86 503.324
10 87 479.778
10 88 448.942
10 89 413.183
10 90 374.44
10 91 334.2
10 92 293.602
10 93 253.396
10 94 214.09
10 95 175.923
10 96 138.956
10 97 103.115
10 98 68.1885
10 99 33.9273
10 100 0

11 0 0
11 1 38.8893
11 2 78.08
11 3 117.856
11 4 158.418
11 5 199.896
11 6 242.263
11 7 285.331
11 8 328.684
11 9 371.636
11 10 413.183
11 11 451.955
11 12 486.178
11 13 513.662
11 14 531.776
11 15 537.514
11 16 527.513
11 17 498.21
11 18 445.963
11 19 367.289
11 20 259.081
11 21 118.98
11 22 -54.4141
11 23 -261.048
11 24 -499.265
11 25 -765.389
11 26 -1053.6
11 27 -1355.88
11 28 -1661.96
11 29 -1959.7
11 30 -2235.38
11 31 -2474.37
11 32 -2661.8
11 33 -2783.6
11 34 -2827.32
11 35 -2783.11
11 36 -2644.71
11 37 -2410.1
11 38 -2082.03
11 39 -1668.23
11 40 -1181.3
11 41 -638.238
11 42 -59.7345
11 43 530.918
11 44 1109
11 45 1649.65
11 46 2129.22
11 47 2526.47
11 48 2823.68
11 49 3007.5
11 50 3069.71
11 51 3007.5
11 52 2823.68
11 53 2526.47
11 54 2129.22
11 55 1649.65
11 56 1109
11 57 530.918
11 58 -59.7345
11 59 -638.238
11 60 -1181.3
11 61 -1668.23
11 62 -2082.03
11 63 -2410.1
11 64 -2644.71
11 65 -2783.11
11 66 -2827.32
11 67 -2783.6
11 68 -2661.8
11 69 -2474.37
11 70 -2235.38
11 71 -1959.7
11 72 -1661.96
11 73 -1355.88
11 74 -1053.6
11 75 -765.389
11 76 -499.265
11 77 -261.048
11 78 -54.4141
11 79 118.98
11 80 259.081
11 81 367.289
11 82 445.963
11 83 498.21
11 84 527.513
11 85 537.514
11 86 531.776
11 87 513.662
11 88 486.178
11 89 451.955
11 90 413.183
11 91 371.636
11 92 328.684
11 93 285.331
11 94 242.263
11 95 199.896
11 96 158.418
11 97 117.856
11 98 78.08
11 99 38.8893
11 100 0

12 0 0
12 1 44.1172
12 2 88.4727
12 3 133.26
12 4 178.609
12 5 224.518
12 6 270.839
12 7 317.206
12 8 363.012
12 9 407.341
12 10 448.942
12 11 486.178
12 12 517.023
12 13 539.034
12 14 549.4
12 15 544.967
12 16 522.363
12 17 478.098
12 18 408.777
12 19 311.287
12 20 183.099
12 21 22.4876
12 22 -171.066
12 23 -396.72
12 24 -651.857
12 25 -932.002
12 26 -1230.64
12 27 -1539.19
12 28 -1847.15
12 29 -2142.33
12 30 -2411.28
12 31 -2639.8
12 32 -2813.76
12 33 -2919.76
12 34 -2946.07
12 35 -2883.57
12 36 -2726.4
12 37 -2472.85
12 38 -2125.75
12 39 -1692.77
12 40 -1186.32
12 41 -623.303
12 42 -24.3558
12 43 587.041
12 44 1185.74
12 45 1746.23
12 46 2243.96
12 47 2656.72
12 48 2965.83
12 49 3157.19
12 50 3221.96
12 51 3157.19
12 52 2965.83
12 53 2656.72
12 54 2243.96
12 55 1746.23
12 56 1185.74
12 57 587.041
12 58 -24.3558
12 59 -623.303
12 60 -1186.32
12 61 -1692.77
12 62 -2125.75
12 63 -2472.85
12 64 -2726.4
12 65 -2883.57
12 66 -2946.07
12 67 -2919.76
12 68 -2813.76
12 69 -2639.8
12 70 -2411.28
12 71 -2142.33
12 72 -1847.15
12 73 -1539.19
12 74 -1230.64
12 75 -932.002
12 76 -651.857
12 77 -396.72
12 78 -171.066
12 79 22.4876
12 80 183.099
12 81 311.287
12 82 408.777
12 83 478.098
12 84 522.363
12 85 544.967
12 86 549.4
12 87 539.034
12 88 517.023
12 89 486.178
12 90 448.942
12 91 407.341
12 92 363.012
12 93 317.206
12 94 270.839
12 95 224.518
12 96 178.609
12 97 133.26
12 98 88.4727
12 99 44.1172
12 100 0

13 0 0
13 1 49.5018
13 2 99.1352
13 3 148.969
13 4 199.011
13 5 249.101
13 6 298.917
13 7 347.899
13 8 395.195
13 9 439.668
13 10 479.778
13 11 513.662
13 12 539.034
13 13 553.274
13 14 553.435
13 15 536.342
13 16 498.7
13 17 437.264
13 18 349.01
13 19 231.392
13 20 82.5533
13 21 -98.3655
13 22 -311.024
13 23 -553.576
13 24 -822.559
13 25 -1112.69
13 26 -1416.84
13 27 -1726.13
13 28 -2029.98
13 29 -2316.47
13 30 -2572.69
13 31 -2785.27
13 32 -2940.96
13 33 -3027.43
13 34 -3033.92
13 35 -2951.99
13 36 -2776.45
13 37 -2505.76
13 38 -2142.78
13 39 -1694.87
13 40 -1174.12
13 41 -596.953
13 42 16.2911
13 43 642.262
13 44 1255.66
13 45 1830.55
13 46 2341.75
13 47 2766.2
13 48 3084.42
13 49 3281.55
13 50 3348.32
13 51 3281.55
13 52 3084.42
13 53 2766.2
13 54 2341.75
13 55 1830.55
13 56 1255.66
13 57 642.262
13 58 16.2911
13 59 -596.953
13 60 -1174.12
13 61 -1694.87
13 62 -2142.78
13 63 -2505.76
13 64 -2776.45
13 65 -2951.99
13 66 -3033.92
13 67 -3027.43
13 68 -2940.96
13 69 -2785.27
13 70 -2572.69
13 71 -2316.47
13 72 -2029.98
13 73 -1726.13
13 74 -1416.84
13 75 -1112.69
13 76 -822.559
13 77 -553.576
13 78 -311.024
13 79 -98.3655
13 80 82.5533
13 81 231.392
13 82 349.01
13 83 437.264
13 84 498.7
13 85 536.342
13 86 553.435
13 87 553.274
13 88 539.034
13 89 513.662
13 90 479.778
13 91 439.668
13 92 395.195
13 93 347.899
13 94 298.917
13 95 249.101
13 96 199.011
13 97 148.969
13 98 99.1352
13 99 49.5018
13 100 0

14 0 0
14 1 54.8657
14 2 109.709
14 3 164.426
14 4 218.861
14 5 272.643
14 6 325.251
14 7 375.878
14 8 423.43
14 9 466.507
14 10 503.324
14 11 531.776
14 12 549.4
14 13 553.435
14 14 540.921
14 15 508.741
14 16 453.848
14 17 373.354
14 18 264.796
14 19 126.304
14 20 -43.1083
14 21 -243.421
14 22 -473.248
14 23 -729.861
14 24 -1008.89
14 25 -1304.37
14 26 -1608.78
14 27 -1913.04
14 28 -2206.82
14 29 -2478.72
14 30 -2716.66
14 31 -2908.34
14 32 -3041.77
14 33 -3105.74
14 34 -3090.63
14 35 -2988.91
14 36 -2795.87
14 37 -2510.26
14 38 -2134.72
14 39 -1676.26
14 40 -1146.28
14 41 -560.608
14 42 61.0573
14 43 695.718
14 44 1318.19
14 45 1902.33
14 46 2422.5
14 47 2855.01
14 48 3179.64
14 49 3380.92
14 50 3449.11
14 51 3380.92
14 52 3179.64
14 53 2855.01
14 54 2422.5
14 55 1902.33
14 56 1318.19
14 57 695.718
14 58 61.0573
14 59 -560.608
14 60 -1146.28
14 61 -1676.26
14 62 -2134.72
14 63 -2510.26
14 64 -2795.87
14 65 -2988.91
14 66 -3090.63
14 67 -3105.74
14 68 -3041.77
14 69 -2908.34
14 70 -2716.66
14 71 -2478.72
14 72 -2206.82
14 73 -1913.04
14 74 -1608.78
14 75 -1304.37
14 76 -1008.89
14 77 -729.861
14 78 -473.248
14 79 -243.421
14 80 -43.1083
14 81 126.304
14 82 264.796
14 83 373.354
14 84 453.848
14 85 508.741
14 86 540.921
14 87 553.435
14 88 549.4
14 89 531.776
14 90 503.324
14 91 466.507
14 92 423.43
14 93 375.878
14 94 325.251
14 95 272.643
14 96 218.861
14 97 164.426
14 98 109.709
14 99 54.8657
14 100 0

15 0 0
15 1 59.9647
15 2 119.694
15 3 178.871
15 4 237.108
15 5 293.805
15 6 348.181
15 7 399.181
15 8 445.436
15 9 485.307
15 10 516.757
15 11 537.514
15 12 544.967
15 13 536.342
15 14 508.741
15 15 459.277
15 16 385.26
15 17 284.34
15 18 154.725
15 19 -4.60506
15 20 -193.748
15 21 -411.627
15 22 -655.936
15 23 -922.959
15 24 -1207.6
15 25 -1503.35
15 26 -1802.44
15 27 -2095.89
15 28 -2373.84
15 29 -2625.67
15 30 -2840.42
15 31 -3007.06
15 32 -3114.98
15 33 -3154.35
15 34 -3116.71
15 35 -2995.43
15 36 -2786.37
15 37 -2488.33
15 38 -2103.77
15 39 -1639.02
15 40 -1104.77
15 41 -515.893
15 42 108.649
15 43 746.509
15 44 1372.81
15 45 1961.42
15 46 2486.38
15 47 2923.51
15 48 3252.03
15 49 3455.9
15 50 3525.01
15 51 3455.9
15 52 3252.03
15 53 2923.51
15 54 2486.38
15 55 1961.42
15 56 1372.81
15 57 746.509
15 58 108.649
15 59 -515.893
15 60 -1104.77
15 61 -1639.02
15 62 -2103.77
15 63 -2488.33
15 64 -2786.37
15 65 -2995.43
15 66 -3116.71
15 67 -3154.35
15 68 -3114.98
15 69 -3007.06
15 70 -2840.42
15 71 -2625.67
15 72 -2373.84
15 73 -2095.89
15 74 -1802.44
15 75 -1503.35
15 76 -1207.6
15 77 -922.959
15 78 -655.936
15 79 -411.627
15 80 -193.748
15 81 -4.60506
15 82 154.725
15 83 284.34
15 84 385.26
15 85 459.277
15 86 508.741
15 87 536.342
15 88 544.967
15 89 537.514
15 90 516.757
15 91 485.307
15 92 445.436
15 93 399.181
15 94 348.181
15 95 293.805
15 96 237.108
15 97 178.871
15 98 119.694
15 99 59.9647
15 100 0

16 0 0
16 1 64.4495
16 2 128.396
16 3 191.256
16 4 252.364
16 5 310.843
16 6 365.631
16 7 415.387
16 8 458.494
16 9 493.056
16 10 516.869
16 11 527.513
16 12 522.363
16 13 498.7
16 14 453.848
16 15 385.26
16 16 290.77
16 17 168.679
16 18 18.0259
16 19 -161.314
16 20 -368.4
16 21 -601.202
16 22 -856.394
16 23 -1129.5
16 24 -1414.76
16 25 -1705.34
16 26 -1993.46
16 27 -2270.48
16 28 -2527.22
16 29 -2754.13
16 30 -2941.51
16 31 -3079.83
16 32 -3159.97
16 33 -3173.53
16 34 -3113.24
16 35 -2973.34
16 36 -2750.12
16 37 -2442.51
16 38 -2052.45
16 39 -1585.63
16 40 -1051.71
16 41 -464.61
16 42 157.787
16 43 793.836
16 44 1419.18
16 45 2007.83
16 46 2533.75
16 47 2972.38
16 48 3302.44
16 49 3507.44
16 50 3576.96
16 51 3507.44
16 52 3302.44
16 53 2972.38
16 54 2533.75
16 55 2007.83
16 56 1419.18
16 57 793.836
16 58 157.787
16 59 -464.61
16 60 -1051.71
16 61 -1585.63
16 62 -2052.45
16 63 -2442.51
16 64 -2750.12
16 65 -2973.34
16 66 -3113.24
16 67 -3173.53
16 68 -3159.97
16 69 -3079.83
16 70 -2941.51
16 71 -2754.13
16 72 -2527.22
16 73 -2270.48
16 74 -1993.46
16 75 -1705.34
16 76 -1414.76
16 77 -1129.5
16 78 -856.394
16 79 -601.202
16 80 -368.4
16 81 -161.314
16 82 18.0259
16 83 168.679
16 84 290.77
16 85 385.26
16 86 453.848
16 87 498.7
16 88 522.363
16 89 527.513
16 90 516.869
16 91 493.056
16 92 458.494
16 93 415.387
16 94 365.631
16 95 310.843
16 96 252.364
16 97 191.256
16 98 128.396
16 99 64.4495
16 100 0

17 0 0
17 1 67.8963
17 2 134.962
17 3 200.305
17 4 262.922
17 5 321.64
17 6 375.08
17 7 421.632
17 8 459.423
17 9 486.36
17 10 500.11
17 11 498.21
17 12 478.098
17 13 437.264
17 14 373.354
17 15 284.34
17 16 168.679
17 17 25.4869
17 18 -145.324
17 19 -342.859
17 20 -565.228
17 21 -809.357
17 22 -1071.15
17 23 -1345.37
17 24 -1625.87
17 25 -1905.71
17 26 -2177.28
17 27 -2432.57
17 28 -2663.34
17 29 -2861.21
17 30 -3018
17 31 -3125.71
17 32 -3176.78
17 33 -3164.23
17 34 -3081.93
17 35 -2924.94
17 36 -2689.94
17 37 -2375.67
17 38 -1983.69
17 39 -1518.73
17 40 -989.449
17 41 -408.529
17 42 207.132
17 43 836.9
17 44 1457.01
17 45 2041.8
17 46 2565.18
17 47 3002.43
17 48 3331.9
17 49 3536.74
17 50 3606.25
17 51 3536.74
17 52 3331.9
17 53 3002.43
17 54 2565.18
17 55 2041.8
17 56 1457.01
17 57 836.9
17 58 207.132
17 59 -408.529
17 60 -989.449
17 61 -1518.73
17 62 -1983.69
17 63 -2375.67
17 64 -2689.94
17 65 -2924.94
17 66 -3081.93
17 67 -3164.23
17 68 -3176.78
17 69 -3125.71
17 70 -3018
17 71 -2861.21
17 72 -2663.34
17 73 -2432.57
17 74 -2177.28
17 75 -1905.71
17 76 -1625.87
17 77 -1345.37
17 78 -1071.15
17 79 -809.357
17 80 -565.228
17 81 -342.859
17 82 -145.324
17 83 25.4869
17 84 168.679
17 85 284.34
17 86 373.354
17 87 437.264
17 88 478.098
17 89 498.21
17 90 500.11
17 91 486.36
17 92 459.423
17 93 421.632
17 94 375.08
17 95 321.64
17 96 262.922
17 97 200.305
17 98 134.962
17 99 67.8963
17 100 0

18 0 0
18 1 69.7695
18 2 138.335
18 3 204.445
18 4 266.732
18 5 323.692
18 6 373.633
18 7 414.668
18 8 444.726
18 9 461.545
18 10 462.768
18 11 445.963
18 12 408.777
18 13 349.01
18 14 264.796
18 15 154.725
18 16 18.0259
18 17 -145.324
18 18 -334.423
18 19 -547.439
18 20 -781.443
18 21 -1032.58
18 22 -1295.95
18 23 -1565.9
18 24 -1836.05
18 25 -2099.57
18 26 -2349.35
18 27 -2578.18
18 28 -2778.9
18 29 -2944.59
18 30 -3068.53
18 31 -3144.38
18 32 -3166.06
18 33 -3128
18 34 -3025.1
18 35 -2853.09
18 36 -2608.88
18 37 -2291.08
18 38 -1900.52
18 39 -1441.11
18 40 -920.281
18 41 -349.528
18 42 255.492
18 43 875.07
18 44 1486.2
18 45 2063.64
18 46 2581.44
18 47 3014.77
18 48 3341.74
18 49 3545.21
18 50 3614.28
18 51 3545.21
18 52 3341.74
18 53 3014.77
18 54 2581.44
18 55 2063.64
18 56 1486.2
18 57 875.07
18 58 255.492
18 59 -349.528
18 60 -920.281
18 61 -1441.11
18 62 -1900.52
18 63 -2291.08
18 64 -2608.88
18 65 -2853.09
18 66 -3025.1
18 67 -3128
18 68 -3166.06
18 69 -3144.38
18 70 -3068.53
18 71 -2944.59
18 72 -2778.9
18 73 -2578.18
18 74 -2349.35
18 75 -2099.57
18 76 -1836.05
18 77 -1565.9
18 78 -1295.95
18 79 -1032.58
18 80 -781.443
18 81 -547.439
18 82 -334.423
18 83 -145.324
18 84 18.0259
18 85 154.725
18 86 264.796
18 87 349.01
18 88 408.777
18 89 445.963
18 90 462.768
18 91 461.545
18 92 444.726
18 93 414.668
18 94 373.633
18 95 323.692
18 96 266.732
18 97 204.445
18 98 138.335
18 99 69.7695
18 100 0

19 0 0
19 1 69.4559
19 2 137.301
19 3 201.888
19 4 261.47
19 5 314.201
19 6 358.081
19 7 390.988
19 8 410.68
19 9 414.829
19 10 401.117
19 11 367.289
19 12 311.287
19 13 231.392
19 14 126.304
19 15 -4.60506
19 16 -161.314
19 17 -342.859
19 18 -547.439
19 19 -772.203
19 20 -1013.44
19 21 -1266.48
19 22 -1526
19 23 -1786
19 24 -2040.19
19 25 -2282.11
19 26 -2505.33
19 27 -2703.66
19 28 -2871.24
19 29 -3002.55
19 30 -3092.49
19 31 -3136.23
19 32 -3129.22
19 33 -3067.04
19 34 -2945.53
19 35 -2760.99
19 36 -2510.41
19 37 -2192.06
19 38 -1806.17
19 39 -1355.57
19 40 -846.533
19 41 -289.268
19 42 301.721
19 43 907.821
19 44 1506.79
19 45 2073.9
19 46 2583.46
19 47 3010.62
19 48 3333.39
19 49 3534.45
19 50 3602.74
19 51 3534.45
19 52 3333.39
19 53 3010.62
19 54 2583.46
19 55 2073.9
19 56 1506.79
19 57 907.821
19 58 301.721
19 59 -289.268
19 60 -846.533
19 61 -1355.57
19 62 -1806.17
19 63 -2192.06
19 64 -2510.41
19 65 -2760.99
19 66 -2945.53
19 67 -3067.04
19 68 -3129.22
19 69 -3136.23
19 70 -3092.49
19 71 -3002.55
19 72 -2871.24
19 73 -2703.66
19 74 -2505.33
19 75 -2282.11
19 76 -2040.19
19 77 -1786
19 78 -1526
19 79 -1266.48
19 80 -1013.44
19 81 -772.203
19 82 -547.439
19 83 -342.859
19 84 -161.314
19 85 -4.60506
19 86 126.304
19 87 231.392
19 88 311.287
19 89 367.289
19 90 401.117
19 91 414.829
19 92 410.68
19 93 390.988
19 94 358.081
19 95 314.201
19 96 261.47
19 97 201.888
19 98 137.301
19 99 69.4559
19 100 0

20 0 0
20 1 66.2887
20 2 130.544
20 3 190.705
20 4 244.65
20 5 290.195
20 6 325.077
20 7 346.974
20 8 353.562
20 9 342.517
20 10 311.69
20 11 259.081
20 12 183.099
20 13 82.5533
20 14 -43.1083
20 15 -193.748
20 16 -368.4
20 17 -565.228
20 18 -781.443
20 19 -1013.44
20 20 -1256.69
20 21 -1506.11
20 22 -1755.97
20 23 -2000.35
20 24 -2233.23
20 25 -2448.74
20 26 -2641.36
20 27 -2806.08
20 28 -2938.34
20 29 -3034.19
20 30 -3090.02
20 31 -3102.46
20 32 -3068.25
20 33 -2984.06
20 34 -2846.5
20 35 -2652.16
20 36 -2398.1
20 37 -2082.14
20 38 -1703.77
20 39 -1264.81
20 40 -770.348
20 41 -229.34
20 42 344.892
20 43 934.801
20 44 1518.96
20 45 2073.26
20 46 2572.3
20 47 2991.39
20 48 3308.47
20 49 3506.21
20 50 3573.38
20 51 3506.21
20 52 3308.47
20 53 2991.39
20 54 2572.3
20 55 2073.26
20 56 1518.96
20 57 934.801
20 58 344.892
20 59 -229.34
20 60 -770.348
20 61 -1264.81
20 62 -1703.77
20 63 -2082.14
20 64 -2398.1
20 65 -2652.16
20 66 -2846.5
20 67 -2984.06
20 68 -3068.25
20 69 -3102.46
20 70 -3090.02
20 71 -3034.19
20 72 -2938.34
20 73 -2806.08
20 74 -2641.36
20 75 -2448.74
20 76 -2233.23
20 77 -2000.35
20 78 -1755.97
20 79 -1506.11
20 80 -1256.69
20 81 -1013.44
20 82 -781.443
20 83 -565.228
20 84 -368.4
20 85 -193.748
20 86 -43.1083
20 87 82.5533
20 88 183.099
20 89 259.081
20 90 311.69
20 91 342.517
20 92 353.562
20 93 346.974
20 94 325.077
20 95 290.195
20 96 244.65
20 97 190.705
20 98 130.544
20 99 66.2887
20 100 0

21 0 0
21 1 59.5554
21 2 116.666
21 3 168.877
21 4 213.713
21 5 248.697
21 6 271.336
21 7 279.206
21 8 269.941
21 9 241.378
21 10 191.572
21 11 118.98
21 12 22.4876
21 13 -98.3655
21 14 -243.421
21 15 -411.627
21 16 -601.202
21 17 -809.357
21 18 -1032.58
21 19 -1266.48
21 20 -1506.11
21 21 -1745.98
21 22 -1980.42
21 23 -2203.71
21 24 -2410.35
21 25 -2595.34
21 26 -2754.19
21 27 -2883.15
21 28 -2979.08
21 29 -3039.45
21 30 -3062.05
21 31 -3044.87
21 32 -2985.76
21 33 -2882.25
21 34 -2731.47
21 35 -2530.32
21 36 -2275.58
21 37 -1964.7
21 38 -1596.33
21 39 -1171.36
21 40 -693.692
21 41 -171.117
21 42 384.258
21 43 955.844
21 44 1523.11
21 45 2062.52
21 46 2549.19
21 47 2958.56
21 48 3268.74
21 49 3462.31
21 50 3528.14
21 51 3462.31
21 52 3268.74
21 53 2958.56
21 54 2549.19
21 55 2062.52
21 56 1523.11
21 57 955.844
21 58 384.258
21 59 -171.117
21 60 -693.692
21 61 -1171.36
21 62 -1596.33
21 63 -1964.7
21 64 -2275.58
21 65 -2530.32
21 66 -2731.47
21 67 -2882.25
21 68 -2985.76
21 69 -3044.87
21 70 -3062.05
21 71 -3039.45
21 72 -2979.08
21 73 -2883.15
21 74 -2754.19
21 75 -2595.34
21 76 -2410.35
21 77 -2203.71
21 78 -1980.42
21 79 -1745.98
21 80 -1506.11
21 81 -1266.48
21 82 -1032.58
21 83 -809.357
21 84 -601.202
21 85 -411.627
21 86 -243.421
21 87 -98.3655
21 88 22.4876
21 89 118.98
21 90 191.572
21 91 241.378
21 92 269.941
21 93 279.206
21 94 271.336
21 95 248.697
21 96 213.713
21 97 168.877
21 98 116.666
21 99 59.5554
21 100 0

22 0 0
22 1 48.5983
22 2 94.3862
22 3 134.547
22 4 166.329
22 5 186.992
22 6 193.942
22 7 184.679
22 8 156.975
22 9 108.84
22 10 38.746
22 11 -54.4141
22 12 -171.066
22 13 -311.024
22 14 -473.248
22 15 -655.936
22 16 -856.394
22 17 -1071.15
22 18 -1295.95
22 19 -1526
22 20 -1755.97
22 21 -1980.42
22 22 -2193.84
22 23 -2391.03
22 24 -2567.28
22 25 -2718.49
22 26 -2841.43
22 27 -2933.58
22 28 -2993.21
22 29 -3019.08
22 30 -3010.34
22 31 -2966
22 32 -2884.88
22 33 -2765.1
22 34 -2604.22
22 35 -2399.1
22 36 -2146.4
22 37 -1842.92
22 38 -1486.67
22 39 -1077.48
22 40 -618.25
22 41 -115.633
22 42 419.294
22 43 971.001
22 44 1519.74
22 45 2042.72
22 46 2515.46
22 47 2913.81
22 48 3215.99
22 49 3404.77
22 50 3468.97
22 51 3404.77
22 52 3215.99
22 53 2913.81
22 54 2515.46
22 55 2042.72
22 56 1519.74
22 57 971.001
22 58 419.294
22 59 -115.633
22 60 -618.25
22 61 -1077.48
22 62 -1486.67
22 63 -1842.92
22 64 -2146.4
22 65 -2399.1
22 66 -2604.22
22 67 -2765.1
22 68 -2884.88
22 69 -2966
22 70 -3010.34
22 71 -3019.08
22 72 -2993.21
22 73 -2933.58
22 74 -2841.43
22 75 -2718.49
22 76 -2567.28
22 77 -2391.03
22 78 -2193.84
22 79 -1980.42
22 80 -1755.97
22 81 -1526
22 82 -1295.95
22 83 -1071.15
22 84 -856.394
22 85 -655.936
22 86 -473.248
22 87 -311.024
22 88 -171.066
22 89 -54.4141
22 90 38.746
22 91 108.84
22 92 156.975
22 93 184.679
22 94 193.942
22 95 186.992
22 96 166.329
22 97 134.547
22 98 94.3862
22 99 48.5983
22 100 0

23 0 0
23 1 32.836
23 2 62.5633
23 3 86.1263
23 4 100.523
23 5 102.925
23 6 90.6397
23 7 61.3023
23 8 12.8088
23 9 -56.4274
23 10 -147.562
23 11 -261.048
23 12 -396.72
23 13 -553.576
23 14 -729.861
23 15 -922.959
23 16 -1129.5
23 17 -1345.37
23 18 -1565.9
23 19 -1786
23 20 -2000.35
23 21 -2203.71
23 22 -2391.03
23 23 -2557.87
23 24 -2700.36
23 25 -2815.63
23 26 -2901.55
23 27 -2956.97
23 28 -2981.36
23 29 -2974.75
23 30 -2937.26
23 31 -2868.88
23 32 -2769.03
23 33 -2636.31
23 34 -2468.41
23 35 -2262.17
23 36 -2013.84
23 37 -1719.79
23 38 -1377.17
23 39 -985.067
23 40 -545.37
23 41 -63.7345
23 42 449.789
23 43 980.531
23 44 1509.63
23 45 2014.95
23 46 2472.61
23 47 2858.84
23 48 3152.21
23 49 3335.61
23 50 3398.02
23 51 3335.61
23 52 3152.21
23 53 2858.84
23 54 2472.61
23 55 2014.95
23 56 1509.63
23 57 980.531
23 58 449.789
23 59 -63.7345
23 60 -545.37
23 61 -985.067
23 62 -1377.17
23 63 -1719.79
23 64 -2013.84
23 65 -2262.17
23 66 -2468.41
23 67 -2636.31
23 68 -2769.03
23 69 -2868.88
23 70 -2937.26
23 71 -2974.75
23 72 -2981.36
23 73 -2956.97
23 74 -2901.55
23 75 -2815.63
23 76 -2700.36
23 77 -2557.87
23 78 -2391.03
23 79 -2203.71
23 80 -2000.35
23 81 -1786
23 82 -1565.9
23 83 -1345.37
23 84 -1129.5
23 85 -922.959
23 86 -729.861
23 87 -553.576
23 88 -396.72
23 89 -261.048
23 90 -147.562
23 91 -56.4274
23 92 12.8088
23 93 61.3023
23 94 90.6397
23 95 102.925
23 96 100.523
23 97 86.1263
23 98 62.5633
23 99 32.836
23 100 0

24 0 0
24 1 11.8654
24 2 20.4571
24 3 22.5559
24 4 15.1011
24 5 -4.80036
24 6 -39.7007
24 7 -91.8545
24 8 -162.978
24 9 -254.33
24 10 -366.456
24 11 -499.265
24 12 -651.857
24 13 -822.559
24 14 -1008.89
24 15 -1207.6
24 16 -1414.76
24 17 -1625.87
24 18 -1836.05
24 19 -2040.19
24 20 -2233.23
24 21 -2410.35
24 22 -2567.28
24 23 -2700.36
24 24 -2806.92
24 25 -2885.1
24 26 -2934.1
24 27 -2953.87
24 28 -2945.1
24 29 -2908.74
24 30 -2845.8
24 31 -2756.9
24 32 -2641.87
24 33 -2499.57
24 34 -2327.67
24 35 -2122.81
24 36 -1880.91
24 37 -1597.75
24 38 -1269.91
24 39 -895.63
24 40 -476.001
24 41 -15.8174
24 42 475.775
24 43 984.969
24 44 1493.7
24 45 1980.55
24 46 2422.25
24 47 2795.56
24 48 3079.42
24 49 3257
24 50 3317.45
24 51 3257
24 52 3079.42
24 53 2795.56
24 54 2422.25
24 55 1980.55
24 56 1493.7
24 57 984.969
24 58 475.775
24 59 -15.8174
24 60 -476.001
24 61 -895.63
24 62 -1269.91
24 63 -1597.75
24 64 -1880.91
24 65 -2122.81
24 66 -2327.67
24 67 -2499.57
24 68 -2641.87
24 69 -2756.9
24 70 -2845.8
24 71 -2908.74
24 72 -2945.1
24 73 -2953.87
24 74 -2934.1
24 75 -2885.1
24 76 -2806.92
24 77 -2700.36
24 78 -2567.28
24 79 -2410.35
24 80 -2233.23
24 81 -2040.19
24 82 -1836.05
24 83 -1625.87
24 84 -1414.76
24 85 -1207.6
24 86 -1008.89
24 87 -822.559
24 88 -651.857
24 89 -499.265
24 90 -366.456
24 91 -254.33
24 92 -162.978
24 93 -91.8545
24 94 -39.7007
24 95 -4.80036
24 96 15.1011
24 97 22.5559
24 98 20.4571
24 99 11.8654
24 100 0

25 0 0
25 1 -14.4434
25 2 -32.1904
25 3 -56.4151
25 4 -90.1769
25 5 -136.176
25 6 -196.824
25 7 -274.005
25 8 -369.088
25 9 -482.798
25 10 -615.14
25 11 -765.389
25 12 -932.002
25 13 -1112.69
25 14 -1304.37
25 15 -1503.35
25 16 -1705.34
25 17 -1905.71
25 18 -2099.57
25 19 -2282.11
25 20 -2448.74
25 21 -2595.34
25 22 -2718.49
25 23 -2815.63
25 24 -2885.1
25 25 -2926.31
25 26 -2939.51
25 27 -2925.77
25 28 -2886.67
25 29 -2823.99
25 30 -2739.31
25 31 -2633.64
25 32 -2507.05
25 33 -2358.4
25 34 -2185.25
25 35 -1983.96
25 36 -1750.06
25 37 -1478.88
25 38 -1166.35
25 39 -810.18
25 40 -410.691
25 41 28.0675
25 42 497.669
25 43 985.118
25 44 1473.12
25 45 1941.01
25 46 2366.16
25 47 2725.96
25 48 2999.8
25 49 3171.23
25 50 3229.59
25 51 3171.23
25 52 2999.8
25 53 2725.96
25 54 2366.16
25 55 1941.01
25 56 1473.12
25 57 985.118
25 58 497.669
25 59 28.0675
25 60 -410.691
25 61 -810.18
25 62 -1166.35
25 63 -1478.88
25 64 -1750.06
25 65 -1983.96
25 66 -2185.25
25 67 -2358.4
25 68 -2507.05
25 69 -2633.64
25 70 -2739.31
25 71 -2823.99
25 72 -2886.67
25 73 -2925.77
25 74 -2939.51
25 75 -2926.31
25 76 -2885.1
25 77 -2815.63
25 78 -2718.49
25 79 -2595.34
25 80 -2448.74
25 81 -2282.11
25 82 -2099.57
25 83 -1905.71
25 84 -1705.34
25 85 -1503.35
25 86 -1304.37
25 87 -1112.69
25 88 -932.002
25 89 -765.389
25 90 -615.14
25 91 -482.798
25 92 -369.088
25 93 -274.005
25 94 -196.824
25 95 -136.176
25 96 -90.1769
25 97 -56.4151
25 98 -32.1904
25 99 -14.4434
25 100 0

26 0 0
26 1 -45.8964
26 2 -94.9304
26 3 -150.088
26 4 -214.202
26 5 -289.687
26 6 -378.607
26 7 -482.425
26 8 -602.026
26 9 -737.592
26 10 -888.559
26 11 -1053.6
26 12 -1230.64
26 13 -1416.84
26 14 -1608.78
26 15 -1802.44
26 16 -1993.46
26 17 -2177.28
26 18 -2349.35
26 19 -2505.33
26 20 -2641.36
26 21 -2754.19
26 22 -2841.43
26 23 -2901.55
26 24 -2934.1
26 25 -2939.51
26 26 -2919.08
26 27 -2874.78
26 28 -2808.9
26 29 -2723.75
26 30 -2621.28
26 31 -2502.68
26 32 -2367.99
26 33 -2215.99
26 34 -2043.97
26 35 -1848.01
26 36 -1623.25
26 37 -1364.57
26 38 -1067.52
26 39 -729.191
26 40 -349.463
26 41 68.2528
26 42 516.191
26 43 982.067
26 44 1449.33
26 45 1898.04
26 46 2306.31
26 47 2652.19
26 48 2915.65
26 49 3080.68
26 50 3136.88
26 51 3080.68
26 52 2915.65
26 53 2652.19
26 54 2306.31
26 55 1898.04
26 56 1449.33
26 57 982.067
26 58 516.191
26 59 68.2528
26 60 -349.463
26 61 -729.191
26 62 -1067.52
26 63 -1364.57
26 64 -1623.25
26 65 -1848.01
26 66 -2043.97
26 67 -2215.99
26 68 -2367.99
26 69 -2502.68
26 70 -2621.28
26 71 -2723.75
26 72 -2808.9
26 73 -2874.78
26 74 -2919.08
26 75 -2939.51
26 76 -2934.1
26 77 -2901.55
26 78 -2841.43
26 79 -2754.19
26 80 -2641.36
26 81 -2505.33
26 82 -2349.35
26 83 -2177.28
26 84 -1993.46
26 85 -1802.44
26 86 -1608.78
26 87 -1416.84
26 88 -1230.64
26 89 -1053.6
26 90 -888.559
26 91 -737.592
26 92 -602.026
26 93 -482.425
26 94 -378.607
26 95 -289.687
26 96 -214.202
26 97 -150.088
26 98 -94.9304
26 99 -45.8964
26 100 0

27 0 0
27 1 -81.8817
27 2 -166.52
27 3 -256.556
27 4 -354.356
27 5 -461.964
27 6 -580.879
27 7 -712.129
27 8 -855.967
27 9 -1012.09
27 10 -1179.32
27 11 -1355.88
27 12 -1539.19
27 13 -1726.13
27 14 -1913.04
27 15 -2095.89
27 16 -2270.48
27 17 -2432.57
27 18 -2578.18
27 19 -2703.66
27 20 -2806.08
27 21 -2883.15
27 22 -2933.58
27 23 -2956.97
27 24 -2953.87
27 25 -2925.77
27 26 -2874.78
27 27 -2803.56
27 28 -2714.87
27 29 -2611.37
27 30 -2495.11
27 31 -2367.26
27 32 -2227.7
27 33 -2074.97
27 34 -1906.04
27 35 -1716.67
27 36 -1501.67
27 37 -1255.61
27 38 -973.647
27 39 -652.62
27 40 -291.871
27 41 105.56
27 42 532.489
27 43 977.252
27 44 1424.01
27 45 1853.57
27 46 2244.85
27 47 2576.62
27 48 2829.49
27 49 2987.93
27 50 3041.9
27 51 2987.93
27 52 2829.49
27 53 2576.62
27 54 2244.85
27 55 1853.57
27 56 1424.01
27 57 977.252
27 58 532.489
27 59 105.56
27 60 -291.871
27 61 -652.62
27 62 -973.647
27 63 -1255.61
27 64 -1501.67
27 65 -1716.67
27 66 -1906.04
27 67 -2074.97
27 68 -2227.7
27 69 -2367.26
27 70 -2495.11
27 71 -2611.37
27 72 -2714.87
27 73 -2803.56
27 74 -2874.78
27 75 -2925.77
27 76 -2953.87
27 77 -2956.97
27 78 -2933.58
27 79 -2883.15
27 80 -2806.08
27 81 -2703.66
27 82 -2578.18
27 83 -2432.57
27 84 -2270.48
27 85 -2095.89
27 86 -1913.04
27 87 -1726.13
27 88 -1539.19
27 89 -1355.88
27 90 -1179.32
27 91 -1012.09
27 92 -855.967
27 93 -712.129
27 94 -580.879
27 95 -461.964
27 96 -354.356
27 97 -256.556
27 98 -166.52
27 99 -81.8817
27 100 0

28 0 0
28 1 -121.316
28 2 -244.834
28 3 -372.573
28 4 -506.389
28 5 -647.63
28 6 -797.311
28 7 -955.726
28 8 -1122.68
28 9 -1297.19
28 10 -1477.71
28 11 -1661.96
28 12 -1847.15
28 13 -2029.98
28 14 -2206.82
28 15 -2373.84
28 16 -2527.22
28 17 -2663.34
28 18 -2778.9
28 19 -2871.24
28 20 -2938.34
28 21 -2979.08
28 22 -2993.21
28 23 -2981.36
28 24 -2945.1
28 25 -2886.67
28 26 -2808.9
28 27 -2714.87
28 28 -2607.66
28 29 -2489.97
28 30 -2363.82
28 31 -2230.14
28 32 -2088.56
28 33 -1937.23
28 34 -1772.87
28 35 -1590.89
28 36 -1385.83
28 37 -1152.05
28 38 -884.503
28 39 -579.743
28 40 -236.965
28 41 141.237
28 42 548.043
28 43 972.386
28 44 1399.11
28 45 1809.81
28 46 2184.17
28 47 2501.75
28 48 2743.92
28 49 2895.71
28 50 2947.43
28 51 2895.71
28 52 2743.92
28 53 2501.75
28 54 2184.17
28 55 1809.81
28 56 1399.11
28 57 972.386
28 58 548.043
28 59 141.237
28 60 -236.965
28 61 -579.743
28 62 -884.503
28 63 -1152.05
28 64 -1385.83
28 65 -1590.89
28 66 -1772.87
28 67 -1937.23
28 68 -2088.56
28 69 -2230.14
28 70 -2363.82
28 71 -2489.97
28 72 -2607.66
28 73 -2714.87
28 74 -2808.9
28 75 -2886.67
28 76 -2945.1
28 77 -2981.36
28 78 -2993.21
28 79 -2979.08
28 80 -2938.34
28 81 -2871.24
28 82 -2778.9
28 83 -2663.34
28 84 -2527.22
28 85 -2373.84
28 86 -2206.82
28 87 -2029.98
28 88 -1847.15
28 89 -1661.96
28 90 -1477.71
28 91 -1297.19
28 92 -1122.68
28 93 -955.726
28 94 -797.311
28 95 -647.63
28 96 -506.389
28 97 -372.573
28 98 -244.834
28 99 -121.316
28 100 0

29 0 0
29 1 -162.696
29 2 -326.816
29 3 -493.684
29 4 -664.323
29 5 -839.467
29 6 -1019.31
29 7 -1203.63
29 8 -1391.51
29 9 -1581.58
