0 0 0
0 1 0
0 2 0
0 3 0
0 4 0
0 5 0
0 6 0
0 7 0
0 8 0
0 9 0
0 10 0
0 11 0
0 12 0
0 13 0
0 14 0
0 15 0
0 16 0
0 17 0
0 18 0
0 19 0
0 20 0
0 21 0
0 22 0
0 23 0
0 24 0
0 25 0
0 26 0
0 27 0
0 28 0
0 29 0
0 30 0
0 31 0
0 32 0
0 33 0
0 34 0
0 35 0
0 36 0
0 37 0
0 38 0
0 39 0
0 40 0
0 41 0
0 42 0
0 43 0
0 44 0
0 45 0
0 46 0
0 47 0
0 48 0
0 49 0
0 50 0
0 51 0
0 52 0
0 53 0
0 54 0
0 55 0
0 56 0
0 57 0
0 58 0
0 59 0
0 60 0
0 61 0
0 62 0
0 63 0
0 64 0
0 65 0
0 66 0
0 67 0
0 68 0
0 69 0
0 70 0
0 71 0
0 72 0
0 73 0
0 74 0
0 75 0
0 76 0
0 77 0
0 78 0
0 79 0
0 80 0
0 81 0
0 82 0
0 83 0
0 84 0
0 85 0
0 86 0
0 87 0
0 88 0
0 89 0
0 90 0
0 91 0
0 92 0
0 93 0
0 94 0
0 95 0
0 96 0
0 97 0
0 98 0
0 99 0
0 100 0

1 0 0
1 1 90.7394
1 2 178.951
1 3 262.21
1 4 338.198
1 5 404.863
1 6 460.443
1 7 503.536
1 8 533.229
1 9 549.055
1 10 551.099
1 11 539.974
1 12 516.751
1 13 482.969
1 14 440.475
1 15 391.341
1 16 337.749
1 17 281.849
1 18 225.66
1 19 170.962
1 20 119.256
1 21 71.6546
1 22 28.9596
1 23 -8.38897
1 24 -40.2558
1 25 -66.7521
1 26 -88.1916
1 27 -105.039
1 28 -117.848
1 29 -127.174
1 30 -133.598
1 31 -137.672
1 32 -139.896
1 33 -140.687
1 34 -140.411
1 35 -139.382
1 36 -137.849
1 37 -135.995
1 38 -133.959
1 39 -131.877
1 40 -129.836
1 41 -127.877
1 42 -126.048
1 43 -124.403
1 44 -122.93
1 45 -121.683
1 46 -120.645
1 47 -119.838
1 48 -119.254
1 49 -118.906
1 50 -118.786
1 51 -118.906
1 52 -119.254
1 53 -119.838
1 54 -120.645
1 55 -121.683
1 56 -122.93
1 57 -124.403
1 58 -126.048
1 59 -127.877
1 60 -129.836
1 61 -131.877
1 62 -133.959
1 63 -135.995
1 64 -137.849
1 65 -139.382
1 66 -140.411
1 67 -140.687
1 68 -139.896
1 69 -137.672
1 70 -133.598
1 71 -127.174
1 72 -117.848
1 73 -105.039
1 74 -88.1916
1 75 -66.7521
1 76 -40.2558
1 77 -8.38897
1 78 28.9596
1 79 71.6546
1 80 119.256
1 81 170.962
1 82 225.66
1 83 281.849
1 84 337.749
1 85 391.341
1 86 440.475
1 87 482.969
1 88 516.751
1 89 539.974
1 90 551.099
1 91 549.055
1 92 533.229
1 93 503.536
1 94 460.443
1 95 404.863
1 96 338.198
1 97 262.21
1 98 178.951
1 99 90.7394
1 100 0

2 0 0
2 1 178.951
2 2 353.002
2 3 517.434
2 4 667.741
2 5 799.901
2 6 910.451
2 7 996.623
2 8 1056.57
2 9 1089.33
2 10 1095
2 11 1074.7
2 12 1030.45
2 13 965.215
2 14 882.548
2 15 786.492
2 16 681.314
2 17 571.249
2 18 460.267
2 19 351.909
2 20 249.153
2 21 154.271
2 22 68.892
2 23 -6.04041
2 24 -70.2295
2 25 -123.84
2 26 -167.463
2 27 -201.949
2 28 -228.375
2 29 -247.83
2 30 -261.479
2 31 -270.378
2 32 -275.506
2 33 -277.702
2 34 -277.726
2 35 -276.192
2 36 -273.56
2 37 -270.236
2 38 -266.523
2 39 -262.675
2 40 -258.816
2 41 -255.141
2 42 -251.682
2 43 -248.523
2 44 -245.737
2 45 -243.338
2 46 -241.35
2 47 -239.802
2 48 -238.677
2 49 -238.01
2 50 -237.78
2 51 -238.01
2 52 -238.677
2 53 -239.802
2 54 -241.35
2 55 -243.338
2 56 -245.737
2 57 -248.523
2 58 -251.682
2 59 -255.141
2 60 -258.816
2 61 -262.675
2 62 -266.523
2 63 -270.236
2 64 -273.56
2 65 -276.192
2 66 -277.726
2 67 -277.702
2 68 -275.506
2 69 -270.378
2 70 -261.479
2 71 -247.83
2 72 -228.375
2 73 -201.949
2 74 -167.463
2 75 -123.84
2 76 -70.2295
2 77 -6.04041
2 78 68.892
2 79 154.271
2 80 249.153
2 81 351.909
2 82 460.267
2 83 571.249
2 84 681.314
2 85 786.492
2 86 882.548
2 87 965.215
2 88 1030.45
2 89 1074.7
2 90 1095
2 91 1089.33
2 92 1056.57
2 93 996.623
2 94 910.451
2 95 799.901
2 96 667.741
2 97 517.434
2 98 353.002
2 99 178.951
2 100 0

3 0 0
3 1 262.21
3 2 517.434
3 3 758.907
3 4 980.192
3 5 1175.48
3 6 1339.73
3 7 1468.88
3 8 1560.13
3 9 1611.94
3 10 1624.28
3 11 1598.56
3 12 1537.58
3 13 1445.43
3 14 1327.18
3 15 1188.58
3 16 1035.81
3 17 875.005
3 18 712.022
3 19 552.101
3 20 399.708
3 21 258.291
3 22 130.368
3 23 17.4376
3 24 -79.8848
3 25 -161.742
3 26 -228.876
3 27 -282.501
3 28 -324.103
3 29 -355.268
3 30 -377.633
3 31 -392.782
3 32 -402.157
3 33 -407.016
3 34 -408.445
3 35 -407.375
3 36 -404.557
3 37 -400.564
3 38 -395.854
3 39 -390.807
3 40 -385.719
3 41 -380.732
3 42 -376.018
3 43 -371.717
3 44 -367.846
3 45 -364.536
3 46 -361.773
3 47 -359.609
3 48 -358.047
3 49 -357.109
3 50 -356.792
3 51 -357.109
3 52 -358.047
3 53 -359.609
3 54 -361.773
3 55 -364.536
3 56 -367.846
3 57 -371.717
3 58 -376.018
3 59 -380.732
3 60 -385.719
3 61 -390.807
3 62 -395.854
3 63 -400.564
3 64 -404.557
3 65 -407.375
3 66 -408.445
3 67 -407.016
3 68 -402.157
3 69 -392.782
3 70 -377.633
3 71 -355.268
3 72 -324.103
3 73 -282.501
3 74 -228.876
3 75 -161.742
3 76 -79.8848
3 77 17.4376
3 78 130.368
3 79 258.291
3 80 399.708
3 81 552.101
3 82 712.022
3 83 875.005
3 84 1035.81
3 85 1188.58
3 86 1327.18
3 87 1445.43
3 88 1537.58
3 89 1598.56
3 90 1624.28
3 91 1611.94
3 92 1560.13
3 93 1468.88
3 94 1339.73
3 95 1175.48
3 96 980.192
3 97 758.907
3 98 517.434
3 99 262.21
3 100 0

4 0 0
4 1 338.198
4 2 667.741
4 3 980.192
4 4 1267.52
4 5 1522.4
4 6 1738.38
4 7 1910.21
4 8 2034.1
4 9 2107.86
4 10 2131.12
4 11 2105.33
4 12 2033.75
4 13 1921.25
4 14 1774.03
4 15 1599.31
4 16 1404.83
4 17 1198.46
4 18 987.736
4 19 779.547
4 20 579.769
4 21 393.127
4 22 223.072
4 23 71.8242
4 24 -59.603
4 25 -171.157
4 26 -263.643
4 27 -338.436
4 28 -397.354
4 29 -442.383
4 30 -475.623
4 31 -499.072
4 32 -514.602
4 33 -523.866
4 34 -528.324
4 35 -529.201
4 36 -527.472
4 37 -523.954
4 38 -519.279
4 39 -513.972
4 40 -508.353
4 41 -502.777
4 42 -497.404
4 43 -492.392
4 44 -487.911
4 45 -483.992
4 46 -480.731
4 47 -478.16
4 48 -476.298
4 49 -475.18
4 50 -474.801
4 51 -475.18
4 52 -476.298
4 53 -478.16
4 54 -480.731
4 55 -483.992
4 56 -487.911
4 57 -492.392
4 58 -497.404
4 59 -502.777
4 60 -508.353
4 61 -513.972
4 62 -519.279
4 63 -523.954
4 64 -527.472
4 65 -529.201
4 66 -528.324
4 67 -523.866
4 68 -514.602
4 69 -499.072
4 70 -475.623
4 71 -442.383
4 72 -397.354
4 73 -338.436
4 74 -263.643
4 75 -171.157
4 76 -59.603
4 77 71.8242
4 78 223.072
4 79 393.127
4 80 579.769
4 81 779.547
4 82 987.736
4 83 1198.46
4 84 1404.83
4 85 1599.31
4 86 1774.03
4 87 1921.25
4 88 2033.75
4 89 2105.33
4 90 2131.12
4 91 2107.86
4 92 2034.1
4 93 1910.21
4 94 1738.38
4 95 1522.4
4 96 1267.52
4 97 980.192
4 98 667.741
4 99 338.198
4 100 0

5 0 0
5 1 404.863
5 2 799.901
5 3 1175.48
5 4 1522.4
5 5 1832.12
5 6 2097.06
5 7 2310.9
5 8 2468.85
5 9 2567.95
5 10 2607.26
5 11 2587.98
5 12 2513.42
5 13 2388.81
5 14 2221.1
5 15 2018.49
5 16 1789.98
5 17 1544.85
5 18 1292.15
5 19 1040.22
5 20 796.377
5 21 566.59
5 22 355.385
5 23 165.771
5 24 -0.600512
5 25 -143.382
5 26 -263.195
5 27 -361.501
5 28 -440.245
5 29 -501.76
5 30 -548.44
5 31 -582.69
5 32 -606.74
5 33 -622.638
5 34 -632.159
5 35 -636.808
5 36 -637.858
5 37 -636.311
5 38 -633.014
5 39 -628.565
5 40 -623.527
5 41 -618.208
5 42 -612.939
5 43 -607.941
5 44 -603.339
5 45 -599.313
5 46 -595.91
5 47 -593.207
5 48 -591.253
5 49 -590.062
5 50 -589.669
5 51 -590.062
5 52 -591.253
5 53 -593.207
5 54 -595.91
5 55 -599.313
5 56 -603.339
5 57 -607.941
5 58 -612.939
5 59 -618.208
5 60 -623.527
5 61 -628.565
5 62 -633.014
5 63 -636.311
5 64 -637.858
5 65 -636.808
5 66 -632.159
5 67 -622.638
5 68 -606.74
5 69 -582.69
5 70 -548.44
5 71 -501.76
5 72 -440.245
5 73 -361.501
5 74 -263.195
5 75 -143.382
5 76 -0.600512
5 77 165.771
5 78 355.385
5 79 566.59
5 80 796.377
5 81 1040.22
5 82 1292.15
5 83 1544.85
5 84 1789.98
5 85 2018.49
5 86 2221.1
5 87 2388.81
5 88 2513.42
5 89 2587.98
5 90 2607.26
5 91 2567.95
5 92 2468.85
5 93 2310.9
5 94 2097.06
5 95 1832.12
5 96 1522.4
5 97 1175.48
5 98 799.901
5 99 404.863
5 100 0

6 0 0
6 1 460.443
6 2 910.451
6 3 1339.73
6 4 1738.38
6 5 2097.06
6 6 2407.33
6 7 2661.94
6 8 2855.13
6 9 2983.09
6 10 3044.08
6 11 3038.66
6 12 2969.79
6 13 2842.62
6 14 2664.32
6 15 2443.64
6 16 2190.37
6 17 1914.87
6 18 1627.39
6 19 1337.64
6 20 1054.21
6 21 784.396
6 22 533.796
6 23 306.424
6 24 104.656
6 25 -70.5772
6 26 -219.617
6 27 -343.744
6 28 -444.967
6 29 -525.727
6 30 -588.676
6 31 -636.481
6 32 -671.731
6 33 -696.778
6 34 -713.697
6 35 -724.283
6 36 -730.061
6 37 -732.282
6 38 -731.919
6 39 -729.807
6 40 -726.535
6 41 -722.616
6 42 -718.42
6 43 -714.205
6 44 -710.249
6 45 -706.643
6 46 -703.581
6 47 -701.103
6 48 -699.298
6 49 -698.197
6 50 -697.828
6 51 -698.197
6 52 -699.298
6 53 -701.103
6 54 -703.581
6 55 -706.643
6 56 -710.249
6 57 -714.205
6 58 -718.42
6 59 -722.616
6 60 -726.535
6 61 -729.807
6 62 -731.919
6 63 -732.282
6 64 -730.061
6 65 -724.283
6 66 -713.697
6 67 -696.778
6 68 -671.731
6 69 -636.481
6 70 -588.676
6 71 -525.727
6 72 -444.967
6 73 -343.744
6 74 -219.617
6 75 -70.5772
6 76 104.656
6 77 306.424
6 78 533.796
6 79 784.396
6 80 1054.21
6 81 1337.64
6 82 1627.39
6 83 1914.87
6 84 2190.37
6 85 2443.64
6 86 2664.32
6 87 2842.62
6 88 2969.79
6 89 3038.66
6 90 3044.08
6 91 2983.09
6 92 2855.13
6 93 2661.94
6 94 2407.33
6 95 2097.06
6 96 1738.38
6 97 1339.73
6 98 910.451
6 99 460.443
6 100 0

7 0 0
7 1 503.536
7 2 996.623
7 3 1468.88
7 4 1910.21
7 5 2310.9
7 6 2661.94
7 7 2955.34
7 8 3184.47
7 9 3344.53
7 10 3432.79
7 11 3448.86
7 12 3394.92
7 13 3275.53
7 14 3097.57
7 15 2869.79
7 16 2602.36
7 17 2306.26
7 18 1992.68
7 19 1672.37
7 20 1355.18
7 21 1049.59
7 22 762.451
7 23 498.808
7 24 262.012
7 25 53.6468
7 26 -126.037
7 27 -278.028
7 28 -404.114
7 29 -506.795
7 30 -588.794
7 31 -652.995
7 32 -702.186
7 33 -739.008
7 34 -765.829
7 35 -784.684
7 36 -797.349
7 37 -805.253
7 38 -809.66
7 39 -811.431
7 40 -811.397
7 41 -810.121
7 42 -808.099
7 43 -805.674
7 44 -803.116
7 45 -800.671
7 46 -798.467
7 47 -796.647
7 48 -795.296
7 49 -794.453
7 50 -794.179
7 51 -794.453
7 52 -795.296
7 53 -796.647
7 54 -798.467
7 55 -800.671
7 56 -803.116
7 57 -805.674
7 58 -808.099
7 59 -810.121
7 60 -811.397
7 61 -811.431
7 62 -809.66
7 63 -805.253
7 64 -797.349
7 65 -784.684
7 66 -765.829
7 67 -739.008
7 68 -702.186
7 69 -652.995
7 70 -588.794
7 71 -506.795
7 72 -404.114
7 73 -278.028
7 74 -126.037
7 75 53.6468
7 76 262.012
7 77 498.808
7 78 762.451
7 79 1049.59
7 80 1355.18
7 81 1672.37
7 82 1992.68
7 83 2306.26
7 84 2602.36
7 85 2869.79
7 86 3097.57
7 87 3275.53
7 88 3394.92
7 89 3448.86
7 90 3432.79
7 91 3344.53
7 92 3184.47
7 93 2955.34
7 94 2661.94
7 95 2310.9
7 96 1910.21
7 97 1468.88
7 98 996.623
7 99 503.536
7 100 0

8 0 0
8 1 533.229
8 2 1056.57
8 3 1560.13
8 4 2034.1
8 5 2468.85
8 6 2855.13
8 7 3184.47
8 8 3449.45
8 9 3644.22
8 10 3764.88
8 11 3809.83
8 12 3780.02
8 13 3678.98
8 14 3512.76
8 15 3289.63
8 16 3019.57
8 17 2713.78
8 18 2383.96
8 19 2041.71
8 20 1697.9
8 21 1362.19
8 22 1042.6
8 23 745.385
8 24 474.899
8 25 233.716
8 26 22.7443
8 27 -158.418
8 28 -311.298
8 29 -438.141
8 30 -541.676
8 31 -624.823
8 32 -690.577
8 33 -741.757
8 34 -780.93
8 35 -810.38
8 36 -832.1
8 37 -847.787
8 38 -858.743
8 39 -866.138
8 40 -870.854
8 41 -873.602
8 42 -874.96
8 43 -875.356
8 44 -875.152
8 45 -874.571
8 46 -873.881
8 47 -873.181
8 48 -872.617
8 49 -872.25
8 50 -872.12
8 51 -872.25
8 52 -872.617
8 53 -873.181
8 54 -873.881
8 55 -874.571
8 56 -875.152
8 57 -875.356
8 58 -874.96
8 59 -873.602
8 60 -870.854
8 61 -866.138
8 62 -858.743
8 63 -847.787
8 64 -832.1
8 65 -810.38
8 66 -780.93
8 67 -741.757
8 68 -690.577
8 69 -624.823
8 70 -541.676
8 71 -438.141
8 72 -311.298
8 73 -158.418
8 74 22.7443
8 75 233.716
8 76 474.899
8 77 745.385
8 78 1042.6
8 79 1362.19
8 80 1697.9
8 81 2041.71
8 82 2383.96
8 83 2713.78
8 84 3019.57
8 85 3289.63
8 86 3512.76
8 87 3678.98
8 88 3780.02
8 89 3809.83
8 90 3764.88
8 91 3644.22
8 92 3449.45
8 93 3184.47
8 94 2855.13
8 95 2468.85
8 96 2034.1
8 97 1560.13
8 98 1056.57
8 99 533.229
8 100 0

9 0 0
9 1 549.055
9 2 1089.33
9 3 1611.94
9 4 2107.86
9 5 2567.95
9 6 2983.09
9 7 3344.53
9 8 3644.22
9 9 3875.3
9 10 4032.57
9 11 4112.97
9 12 4115.91
9 13 4043.43
9 14 3900.31
9 15 3693.75
9 16 3433.11
9 17 3129.27
9 18 2794.1
9 19 2439.68
9 20 2077.7
9 21 1718.81
9 22 1372.26
9 23 1045.48
9 24 744.013
9 25 471.451
9 26 229.662
9 27 18.8958
9 28 -161.788
9 29 -314.332
9 30 -441.253
9 31 -545.468
9 32 -629.975
9 33 -697.722
9 34 -751.46
9 35 -793.661
9 36 -826.515
9 37 -851.828
9 38 -871.21
9 39 -885.866
9 40 -896.844
9 41 -904.994
9 42 -910.967
9 43 -915.273
9 44 -918.32
9 45 -920.451
9 46 -921.869
9 47 -922.817
9 48 -923.393
9 49 -923.704
9 50 -923.806
9 51 -923.704
9 52 -923.393
9 53 -922.817
9 54 -921.869
9 55 -920.451
9 56 -918.32
9 57 -915.273
9 58 -910.967
9 59 -904.994
9 60 -896.844
9 61 -885.866
9 62 -871.21
9 63 -851.828
9 64 -826.515
9 65 -793.661
9 66 -751.46
9 67 -697.722
9 68 -629.975
9 69 -545.468
9 70 -441.253
9 71 -314.332
9 72 -161.788
9 73 18.8958
9 74 229.662
9 75 471.451
9 76 744.013
9 77 1045.48
9 78 1372.26
9 79 1718.81
9 80 2077.7
9 81 2439.68
9 82 2794.1
9 83 3129.27
9 84 3433.11
9 85 3693.75
9 86 3900.31
9 87 4043.43
9 88 4115.91
9 89 4112.97
9 90 4032.57
9 91 3875.3
9 92 3644.22
9 93 3344.53
9 94 2983.09
9 95 2567.95
9 96 2107.86
9 97 1611.94
9 98 1089.33
9 99 549.055
9 100 0

10 0 0
10 1 551.099
10 2 1095
10 3 1624.28
10 4 2131.12
10 5 2607.26
10 6 3044.08
10 7 3432.79
10 8 3764.88
10 9 4032.57
10 10 4229.33
10 11 4350.5
10 12 4393.65
10 13 4359.04
10 14 4249.67
10 15 4071.27
10 16 3832.03
10 17 3542.12
10 18 3213.07
10 19 2857.13
10 20 2486.47
10 21 2112.66
10 22 1745.97
10 23 1395.07
10 24 1066.67
10 25 765.606
10 26 494.708
10 27 255.189
10 28 46.7278
10 29 -132.036
10 30 -283.363
10 31 -409.947
10 32 -514.743
10 33 -600.733
10 34 -670.76
10 35 -727.464
10 36 -773.116
10 37 -809.793
10 38 -839.108
10 39 -862.522
10 40 -881.166
10 41 -895.975
10 42 -907.696
10 43 -916.941
10 44 -924.153
10 45 -929.703
10 46 -933.91
10 47 -936.955
10 48 -939.032
10 49 -940.239
10 50 -940.627
10 51 -940.239
10 52 -939.032
10 53 -936.955
10 54 -933.91
10 55 -929.703
10 56 -924.153
10 57 -916.941
10 58 -907.696
10 59 -895.975
10 60 -881.166
10 61 -862.522
10 62 -839.108
10 63 -809.793
10 64 -773.116
10 65 -727.464
10 66 -670.76
10 67 -600.733
10 68 -514.743
10 69 -409.947
10 70 -283.363
10 71 -132.036
10 72 46.7278
10 73 255.189
10 74 494.708
10 75 765.606
10 76 1066.67
10 77 1395.07
10 78 1745.97
10 79 2112.66
10 80 2486.47
10 81 2857.13
10 82 3213.07
10 83 3542.12
10 84 3832.03
10 85 4071.27
10 86 4249.67
10 87 4359.04
10 88 4393.65
10 89 4350.5
10 90 4229.33
10 91 4032.57
10 92 3764.88
10 93 3432.79
10 94 3044.08
10 95 2607.26
10 96 2131.12
10 97 1624.28
10 98 1095
10 99 551.099
10 100 0

11 0 0
11 1 539.974
11 2 1074.7
11 3 1598.56
11 4 2105.33
11 5 2587.98
11 6 3038.66
11 7 3448.86
11 8 3809.83
11 9 4112.97
11 10 4350.5
11 11 4516.06
11 12 4605.28
11 13 4616.32
11 14 4550.14
11 15 4410.53
11 16 4204.13
11 17 3939.84
11 18 3628.52
11 19 3282.13
11 20 2913.14
11 21 2533.63
11 22 2154.86
11 23 1786.56
11 24 1436.74
11 25 1111.39
11 26 814.584
11 27 548.448
11 28 313.573
11 29 109.189
11 30 -66.4282
11 31 -215.719
11 32 -341.45
11 33 -446.566
11 34 -533.929
11 35 -606.228
11 36 -665.916
11 37 -715.08
11 38 -755.558
11 39 -788.872
11 40 -816.254
11 41 -838.76
11 42 -857.19
11 43 -872.208
11 44 -884.338
11 45 -894.003
11 46 -901.487
11 47 -907.099
11 48 -910.967
11 49 -913.249
11 50 -914.002
11 51 -913.249
11 52 -910.967
11 53 -907.099
11 54 -901.487
11 55 -894.003
11 56 -884.338
11 57 -872.208
11 58 -857.19
11 59 -838.76
11 60 -816.254
11 61 -788.872
11 62 -755.558
11 63 -715.08
11 64 -665.916
11 65 -606.228
11 66 -533.929
11 67 -446.566
11 68 -341.45
11 69 -215.719
11 70 -66.4282
11 71 109.189
11 72 313.573
11 73 548.448
11 74 814.584
11 75 1111.39
11 76 1436.74
11 77 1786.56
11 78 2154.86
11 79 2533.63
11 80 2913.14
11 81 3282.13
11 82 3628.52
11 83 3939.84
11 84 4204.13
11 85 4410.53
11 86 4550.14
11 87 4616.32
11 88 4605.28
11 89 4516.06
11 90 4350.5
11 91 4112.97
11 92 3809.83
11 93 3448.86
11 94 3038.66
11 95 2587.98
11 96 2105.33
11 97 1598.56
11 98 1074.7
11 99 539.974
11 100 0

12 0 0
12 1 516.751
12 2 1030.45
12 3 1537.58
12 4 2033.75
12 5 2513.42
12 6 2969.79
12 7 3394.92
12 8 3780.02
12 9 4115.91
12 10 4393.65
12 11 4605.28
12 12 4744.42
12 13 4807.02
12 14 4791.68
12 15 4700.02
12 16 4536.66
12 17 4308.95
12 18 4026.56
12 19 3700.87
12 20 3344.12
12 21 2968.83
12 22 2586.87
12 23 2209.08
12 24 1844.52
12 25 1500.54
12 26 1182.28
12 27 893.084
12 28 634.438
12 29 406.408
12 30 207.787
12 31 36.5878
12 32 -109.688
12 33 -233.829
12 34 -338.66
12 35 -426.947
12 36 -501.079
12 37 -563.322
12 38 -615.562
12 39 -659.424
12 40 -696.226
12 41 -727.062
12 42 -752.816
12 43 -774.214
12 44 -791.79
12 45 -806.004
12 46 -817.217
12 47 -825.66
12 48 -831.576
12 49 -835.067
12 50 -836.221
12 51 -835.067
12 52 -831.576
12 53 -825.66
12 54 -817.217
12 55 -806.004
12 56 -791.79
12 57 -774.214
12 58 -752.816
12 59 -727.062
12 60 -696.226
12 61 -659.424
12 62 -615.562
12 63 -563.322
12 64 -501.079
12 65 -426.947
12 66 -338.66
12 67 -233.829
12 68 -109.688
12 69 36.5878
12 70 207.787
12 71 406.408
12 72 634.438
12 73 893.084
12 74 1182.28
12 75 1500.54
12 76 1844.52
12 77 2209.08
12 78 2586.87
12 79 2968.83
12 80 3344.12
12 81 3700.87
12 82 4026.56
12 83 4308.95
12 84 4536.66
12 85 4700.02
12 86 4791.68
12 87 4807.02
12 88 4744.42
12 89 4605.28
12 90 4393.65
12 91 4115.91
12 92 3780.02
12 93 3394.92
12 94 2969.79
12 95 2513.42
12 96 2033.75
12 97 1537.58
12 98 1030.45
12 99 516.751
12 100 0

13 0 0
13 1 482.969
13 2 965.215
13 3 1445.43
13 4 1921.25
13 5 2388.81
13 6 2842.62
13 7 3275.53
13 8 3678.98
13 9 4043.43
13 10 4359.04
13 11 4616.32
13 12 4807.02
13 13 4924.76
13 14 4965.79
13 15 4929.24
13 16 4817.5
13 17 4635.94
13 18 4392.76
13 19 4098.25
13 20 3764.24
13 21 3403.2
13 22 3027.55
13 23 2648.82
13 24 2277.26
13 25 1921.27
13 26 1587.33
13 27 1279.85
13 28 1001.41
13 29 752.873
13 30 533.792
13 31 342.681
13 32 177.392
13 33 35.3512
13 34 -86.1717
13 35 -189.789
13 36 -278.04
13 37 -353.152
13 38 -417.082
13 39 -471.513
13 40 -517.83
13 41 -557.165
13 42 -590.445
13 43 -618.409
13 44 -641.662
13 45 -660.65
13 46 -675.728
13 47 -687.208
13 48 -695.252
13 49 -700.035
13 50 -701.619
13 51 -700.035
13 52 -695.252
13 53 -687.208
13 54 -675.728
13 55 -660.65
13 56 -641.662
13 57 -618.409
13 58 -590.445
13 59 -557.165
13 60 -517.83
13 61 -471.513
13 62 -417.082
13 63 -353.152
13 64 -278.04
13 65 -189.789
13 66 -86.1717
13 67 35.3512
13 68 177.392
13 69 342.681
13 70 533.792
13 71 752.873
13 72 1001.41
13 73 1279.85
13 74 1587.33
13 75 1921.27
13 76 2277.26
13 77 2648.82
13 78 3027.55
13 79 3403.2
13 80 3764.24
13 81 4098.25
13 82 4392.76
13 83 4635.94
13 84 4817.5
13 85 4929.24
13 86 4965.79
13 87 4924.76
13 88 4807.02
13 89 4616.32
13 90 4359.04
13 91 4043.43
13 92 3678.98
13 93 3275.53
13 94 2842.62
13 95 2388.81
13 96 1921.25
13 97 1445.43
13 98 965.215
13 99 482.969
13 100 0

14 0 0
14 1 440.475
14 2 882.548
14 3 1327.18
14 4 1774.03
14 5 2221.1
14 6 2664.32
14 7 3097.57
14 8 3512.76
14 9 3900.31
14 10 4249.67
14 11 4550.14
14 12 4791.68
14 13 4965.79
14 14 5066.22
14 15 5089.67
14 16 5035.96
14 17 4908.37
14 18 4713.13
14 19 4459.27
14 20 4157.72
14 21 3820.7
14 22 3460.72
14 23 3090.01
14 24 2719.62
14 25 2359.11
14 26 2016.06
14 27 1696.12
14 28 1402.87
14 29 1138.15
14 30 902.264
14 31 694.337
14 32 512.625
14 33 354.863
14 34 218.542
14 35 101.053
14 36 -0.032184
14 37 -86.9544
14 38 -161.741
14 39 -226.071
14 40 -281.357
14 41 -328.769
14 42 -369.255
14 43 -403.574
14 44 -432.313
14 45 -455.954
14 46 -474.857
14 47 -489.276
14 48 -499.457
14 49 -505.501
14 50 -507.51
14 51 -505.501
14 52 -499.457
14 53 -489.276
14 54 -474.857
14 55 -455.954
14 56 -432.313
14 57 -403.574
14 58 -369.255
14 59 -328.769
14 60 -281.357
14 61 -226.071
14 62 -161.741
14 63 -86.9544
14 64 -0.032184
14 65 101.053
14 66 218.542
14 67 354.863
14 68 512.625
14 69 694.337
14 70 902.264
14 71 1138.15
14 72 1402.87
14 73 1696.12
14 74 2016.06
14 75 2359.11
14 76 2719.62
14 77 3090.01
14 78 3460.72
14 79 3820.7
14 80 4157.72
14 81 4459.27
14 82 4713.13
14 83 4908.37
14 84 5035.96
14 85 5089.67
14 86 5066.22
14 87 4965.79
14 88 4791.68
14 89 4550.14
14 90 4249.67
14 91 3900.31
14 92 3512.76
14 93 3097.57
14 94 2664.32
14 95 2221.1
14 96 1774.03
14 97 1327.18
14 98 882.548
14 99 440.475
14 100 0

15 0 0
15 1 391.341
15 2 786.492
15 3 1188.58
15 4 1599.31
15 5 2018.49
15 6 2443.64
15 7 2869.79
15 8 3289.63
15 9 3693.75
15 10 4071.27
15 11 4410.53
15 12 4700.02
15 13 4929.24
15 14 5089.67
15 15 5175.41
15 16 5183.83
15 17 5115.73
15 18 4975.35
15 19 4769.95
15 20 4509.4
15 21 4205.18
15 22 3869.81
15 23 3515.75
15 24 3154.85
15 25 2797.51
15 26 2452.51
15 27 2126.5
15 28 1824.23
15 29 1548.46
15 30 1300.32
15 31 1079.59
15 32 884.989
15 33 714.657
15 34 566.234
15 35 437.336
15 36 325.543
15 37 228.629
15 38 144.621
15 39 71.806
15 40 8.73942
15 41 -45.7294
15 42 -92.5552
15 43 -132.499
15 44 -166.158
15 45 -193.978
15 46 -216.309
15 47 -233.442
15 48 -245.525
15 49 -252.745
15 50 -255.132
15 51 -252.745
15 52 -245.525
15 53 -233.442
15 54 -216.309
15 55 -193.978
15 56 -166.158
15 57 -132.499
15 58 -92.5552
15 59 -45.7294
15 60 8.73942
15 61 71.806
15 62 144.621
15 63 228.629
15 64 325.543
15 65 437.336
15 66 566.234
15 67 714.657
15 68 884.989
15 69 1079.59
15 70 1300.32
15 71 1548.46
15 72 1824.23
15 73 2126.5
15 74 2452.51
15 75 2797.51
15 76 3154.85
15 77 3515.75
15 78 3869.81
15 79 4205.18
15 80 4509.4
15 81 4769.95
15 82 4975.35
15 83 5115.73
15 84 5183.83
15 85 5175.41
15 86 5089.67
15 87 4929.24
15 88 4700.02
15 89 4410.53
15 90 4071.27
15 91 3693.75
15 92 3289.63
15 93 2869.79
15 94 2443.64
15 95 2018.49
15 96 1599.31
15 97 1188.58
15 98 786.492
15 99 391.341
15 100 0

16 0 0
16 1 337.749
16 2 681.314
16 3 1035.81
16 4 1404.83
16 5 1789.98
16 6 2190.37
16 7 2602.36
16 8 3019.57
16 9 3433.11
16 10 3832.03
16 11 4204.13
16 12 4536.66
16 13 4817.5
16 14 5035.96
16 15 5183.83
16 16 5255.88
16 17 5250.48
16 18 5169.55
16 19 5018.52
16 20 4805.74
16 21 4541.87
16 22 4238.91
16 23 3909.5
16 24 3565.85
16 25 3219.25
16 26 2879.34
16 27 2553.95
16 28 2248.75
16 29 1967.53
16 30 1712.23
16 31 1483.33
16 32 1280.09
16 33 1100.96
16 34 943.952
16 35 806.78
16 36 687.11
16 37 582.802
16 38 491.864
16 39 412.604
16 40 343.6
16 41 283.668
16 42 231.882
16 43 187.492
16 44 149.936
16 45 118.751
16 46 93.6332
16 47 74.3328
16 48 60.6527
16 49 52.5024
16 50 49.7867
16 51 52.5024
16 52 60.6527
16 53 74.3328
16 54 93.6332
16 55 118.751
16 56 149.936
16 57 187.492
16 58 231.882
16 59 283.668
16 60 343.6
16 61 412.604
16 62 491.864
16 63 582.802
16 64 687.11
16 65 806.78
16 66 943.952
16 67 1100.96
16 68 1280.09
16 69 1483.33
16 70 1712.23
16 71 1967.53
16 72 2248.75
16 73 2553.95
16 74 2879.34
16 75 3219.25
16 76 3565.85
16 77 3909.5
16 78 4238.91
16 79 4541.87
16 80 4805.74
16 81 5018.52
16 82 5169.55
16 83 5250.48
16 84 5255.88
16 85 5183.83
16 86 5035.96
16 87 4817.5
16 88 4536.66
16 89 4204.13
16 90 3832.03
16 91 3433.11
16 92 3019.57
16 93 2602.36
16 94 2190.37
16 95 1789.98
16 96 1404.83
16 97 1035.81
16 98 681.314
16 99 337.749
16 100 0

17 0 0
17 1 281.849
17 2 571.249
17 3 875.005
17 4 1198.46
17 5 1544.85
17 6 1914.87
17 7 2306.26
17 8 2713.78
17 9 3129.27
17 10 3542.12
17 11 3939.84
17 12 4308.95
17 13 4635.94
17 14 4908.37
17 15 5115.73
17 16 5250.48
17 17 5308.44
17 18 5289.26
17 19 5196.22
17 20 5036.09
17 21 4818.23
17 22 4554.09
17 23 4256
17 24 3936.52
17 25 3607.45
17 26 3279.34
17 27 2960.86
17 28 2658.75
17 29 2377.71
17 30 2120.53
17 31 1888.35
17 32 1680.97
17 33 1497.33
17 34 1335.65
17 35 1193.81
17 36 1069.64
17 37 961.003
17 38 865.975
17 39 782.852
17 40 710.204
17 41 646.885
17 42 591.969
17 43 544.726
17 44 504.609
17 45 471.215
17 46 444.232
17 47 423.437
17 48 408.707
17 49 399.885
17 50 396.968
17 51 399.885
17 52 408.707
17 53 423.437
17 54 444.232
17 55 471.215
17 56 504.609
17 57 544.726
17 58 591.969
17 59 646.885
17 60 710.204
17 61 782.852
17 62 865.975
17 63 961.003
17 64 1069.64
17 65 1193.81
17 66 1335.65
17 67 1497.33
17 68 1680.97
17 69 1888.35
17 70 2120.53
17 71 2377.71
17 72 2658.75
17 73 2960.86
17 74 3279.34
17 75 3607.45
17 76 3936.52
17 77 4256
17 78 4554.09
17 79 4818.23
17 80 5036.09
17 81 5196.22
17 82 5289.26
17 83 5308.44
17 84 5250.48
17 85 5115.73
17 86 4908.37
17 87 4635.94
17 88 4308.95
17 89 3939.84
17 90 3542.12
17 91 3129.27
17 92 2713.78
17 93 2306.26
17 94 1914.87
17 95 1544.85
17 96 1198.46
17 97 875.005
17 98 571.249
17 99 281.849
17 100 0

18 0 0
18 1 225.66
18 2 460.267
18 3 712.022
18 4 987.736
18 5 1292.15
18 6 1627.39
18 7 1992.68
18 8 2383.96
18 9 2794.1
18 10 3213.07
18 11 3628.52
18 12 4026.56
18 13 4392.76
18 14 4713.13
18 15 4975.35
18 16 5169.55
18 17 5289.26
18 18 5331.69
18 19 5298.07
18 20 5193.19
18 21 5025.15
18 22 4804.34
18 23 4542.78
18 24 4252.97
18 25 3947.18
18 26 3636.52
18 27 3330.6
18 28 3037.02
18 29 2761.39
18 30 2507.29
18 31 2276.54
18 32 2069.57
18 33 1885.65
18 34 1723.29
18 35 1580.62
18 36 1455.51
18 37 1345.91
18 38 1249.89
18 39 1165.77
18 40 1092.13
18 41 1027.8
18 42 971.872
18 43 923.654
18 44 882.61
18 45 848.349
18 46 820.616
18 47 799.218
18 48 784.001
18 49 774.927
18 50 771.886
18 51 774.927
18 52 784.001
18 53 799.218
18 54 820.616
18 55 848.349
18 56 882.61
18 57 923.654
18 58 971.872
18 59 1027.8
18 60 1092.13
18 61 1165.77
18 62 1249.89
18 63 1345.91
18 64 1455.51
18 65 1580.62
18 66 1723.29
18 67 1885.65
18 68 2069.57
18 69 2276.54
18 70 2507.29
18 71 2761.39
18 72 3037.02
18 73 3330.6
18 74 3636.52
18 75 3947.18
18 76 4252.97
18 77 4542.78
18 78 4804.34
18 79 5025.15
18 80 5193.19
18 81 5298.07
18 82 5331.69
18 83 5289.26
18 84 5169.55
18 85 4975.35
18 86 4713.13
18 87 4392.76
18 88 4026.56
18 89 3628.52
18 90 3213.07
18 91 2794.1
18 92 2383.96
18 93 1992.68
18 94 1627.39
18 95 1292.15
18 96 987.736
18 97 712.022
18 98 460.267
18 99 225.66
18 100 0

19 0 0
19 1 170.962
19 2 351.909
19 3 552.101
19 4 779.547
19 5 1040.22
19 6 1337.64
19 7 1672.37
19 8 2041.71
19 9 2439.68
19 10 2857.13
19 11 3282.13
19 12 3700.87
19 13 4098.25
19 14 4459.27
19 15 4769.95
19 16 5018.52
19 17 5196.22
19 18 5298.07
19 19 5322.98
19 20 5273.91
19 21 5157.29
19 22 4982.51
19 23 4760.82
19 24 4504.64
19 25 4226.32
19 26 3937.6
19 27 3648.73
19 28 3368.19
19 29 3102.36
19 30 2855.63
19 31 2630.53
19 32 2427.99
19 33 2247.68
19 34 2088.46
19 35 1948.55
19 36 1825.98
19 37 1718.71
19 38 1624.84
19 39 1542.66
19 40 1470.72
19 41 1407.88
19 42 1353.19
19 43 1305.99
19 44 1265.75
19 45 1232.14
19 46 1204.86
19 47 1183.78
19 48 1168.8
19 49 1159.83
19 50 1156.85
19 51 1159.83
19 52 1168.8
19 53 1183.78
19 54 1204.86
19 55 1232.14
19 56 1265.75
19 57 1305.99
19 58 1353.19
19 59 1407.88
19 60 1470.72
19 61 1542.66
19 62 1624.84
19 63 1718.71
19 64 1825.98
19 65 1948.55
19 66 2088.46
19 67 2247.68
19 68 2427.99
19 69 2630.53
19 70 2855.63
19 71 3102.36
19 72 3368.19
19 73 3648.73
19 74 3937.6
19 75 4226.32
19 76 4504.64
19 77 4760.82
19 78 4982.51
19 79 5157.29
19 80 5273.91
19 81 5322.98
19 82 5298.07
19 83 5196.22
19 84 5018.52
19 85 4769.95
19 86 4459.27
19 87 4098.25
19 88 3700.87
19 89 3282.13
19 90 2857.13
19 91 2439.68
19 92 2041.71
19 93 1672.37
19 94 1337.64
19 95 1040.22
19 96 779.547
19 97 552.101
19 98 351.909
19 99 170.962
19 100 0

20 0 0
20 1 119.256
20 2 249.153
20 3 399.708
20 4 579.769
20 5 796.377
20 6 1054.21
20 7 1355.18
20 8 1697.9
20 9 2077.7
20 10 2486.47
20 11 2913.14
20 12 3344.12
20 13 3764.24
20 14 4157.72
20 15 4509.4
20 16 4805.74
20 17 5036.09
20 18 5193.19
20 19 5273.91
20 20 5279.12
20 21 5213.69
20 22 5085.57
20 23 4905.32
20 24 4684.88
20 25 4436.73
20 26 4172.88
20 27 3904.23
20 28 3639.95
20 29 3387.22
20 30 3151.18
20 31 2935
20 32 2740.13
20 33 2566.7
20 34 2413.74
20 35 2279.74
20 36 2162.75
20 37 2060.78
20 38 1971.89
20 39 1894.36
20 40 1826.69
20 41 1767.68
20 42 1716.41
20 43 1672.19
20 44 1634.48
20 45 1602.94
20 46 1577.35
20 47 1557.56
20 48 1543.46
20 49 1535.04
20 50 1532.21
20 51 1535.04
20 52 1543.46
20 53 1557.56
20 54 1577.35
20 55 1602.94
20 56 1634.48
20 57 1672.19
20 58 1716.41
20 59 1767.68
20 60 1826.69
20 61 1894.36
20 62 1971.89
20 63 2060.78
20 64 2162.75
20 65 2279.74
20 66 2413.74
20 67 2566.7
20 68 2740.13
20 69 2935
20 70 3151.18
20 71 3387.22
20 72 3639.95
20 73 3904.23
20 74 4172.88
20 75 4436.73
20 76 4684.88
20 77 4905.32
20 78 5085.57
20 79 5213.69
20 80 5279.12
20 81 5273.91
20 82 5193.19
20 83 5036.09
20 84 4805.74
20 85 4509.4
20 86 4157.72
20 87 3764.24
20 88 3344.12
20 89 2913.14
20 90 2486.47
20 91 2077.7
20 92 1697.9
20 93 1355.18
20 94 1054.21
20 95 796.377
20 96 579.769
20 97 399.708
20 98 249.153
20 99 119.256
20 100 0

21 0 0
21 1 71.6546
21 2 154.271
21 3 258.291
21 4 393.127
21 5 566.59
21 6 784.396
21 7 1049.59
21 8 1362.19
21 9 1718.81
21 10 2112.66
21 11 2533.63
21 12 2968.83
21 13 3403.2
21 14 3820.7
21 15 4205.18
21 16 4541.87
21 17 4818.23
21 18 5025.15
21 19 5157.29
21 20 5213.69
21 21 5197.3
21 22 5114.84
21 23 4975.78
21 24 4791.6
21 25 4574.57
21 26 4336.99
21 27 4090.2
21 28 3844.04
21 29 3606.42
21 30 3383.14
21 31 3178.01
21 32 2993.07
21 33 2828.73
21 34 2684.38
21 35 2558.6
21 36 2449.56
21 37 2355.23
21 38 2273.64
21 39 2202.99
21 40 2141.74
21 41 2088.62
21 42 2042.65
21 43 2003.11
21 44 1969.46
21 45 1941.35
21 46 1918.52
21 47 1900.87
21 48 1888.32
21 49 1880.78
21 50 1878.29
21 51 1880.78
21 52 1888.32
21 53 1900.87
21 54 1918.52
21 55 1941.35
21 56 1969.46
21 57 2003.11
21 58 2042.65
21 59 2088.62
21 60 2141.74
21 61 2202.99
21 62 2273.64
21 63 2355.23
21 64 2449.56
21 65 2558.6
21 66 2684.38
21 67 2828.73
21 68 2993.07
21 69 3178.01
21 70 3383.14
21 71 3606.42
21 72 3844.04
21 73 4090.2
21 74 4336.99
21 75 4574.57
21 76 4791.6
21 77 4975.78
21 78 5114.84
21 79 5197.3
21 80 5213.69
21 81 5157.29
21 82 5025.15
21 83 4818.23
21 84 4541.87
21 85 4205.18
21 86 3820.7
21 87 3403.2
21 88 2968.83
21 89 2533.63
21 90 2112.66
21 91 1718.81
21 92 1362.19
21 93 1049.59
21 94 784.396
21 95 566.59
21 96 393.127
21 97 258.291
21 98 154.271
21 99 71.6546
21 100 0

22 0 0
22 1 28.9596
22 2 68.892
22 3 130.368
22 4 223.072
22 5 355.385
22 6 533.796
22 7 762.451
22 8 1042.6
22 9 1372.26
22 10 1745.97
22 11 2154.86
22 12 2586.87
22 13 3027.55
22 14 3460.72
22 15 3869.81
22 16 4238.91
22 17 4554.09
22 18 4804.34
22 19 4982.51
22 20 5085.57
22 21 5114.84
22 22 5075.46
22 23 4975.91
22 24 4826.88
22 25 4640.49
22 26 4429.07
22 27 4204.38
22 28 3976.79
22 29 3754.88
22 30 3545.14
22 31 3352.04
22 32 3177.99
22 33 3023.91
22 34 2889.42
22 35 2773.26
22 36 2673.61
22 37 2588.43
22 38 2515.7
22 39 2453.53
22 40 2400.26
22 41 2354.54
22 42 2315.32
22 43 2281.8
22 44 2253.41
22 45 2229.76
22 46 2210.62
22 47 2195.82
22 48 2185.28
22 49 2178.99
22 50 2176.87
22 51 2178.99
22 52 2185.28
22 53 2195.82
22 54 2210.62
22 55 2229.76
22 56 2253.41
22 57 2281.8
22 58 2315.32
22 59 2354.54
22 60 2400.26
22 61 2453.53
22 62 2515.7
22 63 2588.43
22 64 2673.61
22 65 2773.26
22 66 2889.42
22 67 3023.91
22 68 3177.99
22 69 3352.04
22 70 3545.14
22 71 3754.88
22 72 3976.79
22 73 4204.38
22 74 4429.07
22 75 4640.49
22 76 4826.88
22 77 4975.91
22 78 5075.46
22 79 5114.84
22 80 5085.57
22 81 4982.51
22 82 4804.34
22 83 4554.09
22 84 4238.91
22 85 3869.81
22 86 3460.72
22 87 3027.55
22 88 2586.87
22 89 2154.86
22 90 1745.97
22 91 1372.26
22 92 1042.6
22 93 762.451
22 94 533.796
22 95 355.385
22 96 223.072
22 97 130.368
22 98 68.892
22 99 28.9596
22 100 0

23 0 0
23 1 -8.38897
23 2 -6.04041
23 3 17.4376
23 4 71.8242
23 5 165.771
23 6 306.424
23 7 498.808
23 8 745.385
23 9 1045.48
23 10 1395.07
23 11 1786.56
23 12 2209.08
23 13 2648.82
23 14 3090.01
23 15 3515.75
23 16 3909.5
23 17 4256
23 18 4542.78
23 19 4760.82
23 20 4905.32
23 21 4975.78
23 22 4975.91
23 23 4912.92
23 24 4796.79
23 25 4639.25
23 26 4452.64
23 27 4248.97
23 28 4039.12
23 29 3832.29
23 30 3635.67
23 31 3454.19
23 32 3290.93
23 33 3147.11
23 34 3022.64
23 35 2916.38
23 36 2826.6
23 37 2751.18
23 38 2688.03
23 39 2635.11
23 40 2590.68
23 41 2553.24
23 42 2521.63
23 43 2494.97
23 44 2472.63
23 45 2454.16
23 46 2439.27
23 47 2427.81
23 48 2419.67
23 49 2414.78
23 50 2413.19
23 51 2414.78
23 52 2419.67
23 53 2427.81
23 54 2439.27
23 55 2454.16
23 56 2472.63
23 57 2494.97
23 58 2521.63
23 59 2553.24
23 60 2590.68
23 61 2635.11
23 62 2688.03
23 63 2751.18
23 64 2826.6
23 65 2916.38
23 66 3022.64
23 67 3147.11
23 68 3290.93
23 69 3454.19
23 70 3635.67
23 71 3832.29
23 72 4039.12
23 73 4248.97
23 74 4452.64
23 75 4639.25
23 76 4796.79
23 77 4912.92
23 78 4975.91
23 79 4975.78
23 80 4905.32
23 81 4760.82
23 82 4542.78
23 83 4256
23 84 3909.5
23 85 3515.75
23 86 3090.01
23 87 2648.82
23 88 2209.08
23 89 1786.56
23 90 1395.07
23 91 1045.48
23 92 745.385
23 93 498.808
23 94 306.424
23 95 165.771
23 96 71.8242
23 97 17.4376
23 98 -6.04041
23 99 -8.38897
23 100 0

24 0 0
24 1 -40.2558
24 2 -70.2295
24 3 -79.8848
24 4 -59.603
24 5 -0.600512
24 6 104.656
24 7 262.012
24 8 474.899
24 9 744.013
24 10 1066.67
24 11 1436.74
24 12 1844.52
24 13 2277.26
24 14 2719.62
24 15 3154.85
24 16 3565.85
24 17 3936.52
24 18 4252.97
24 19 4504.64
24 20 4684.88
24 21 4791.6
24 22 4826.88
24 23 4796.79
24 24 4710.43
24 25 4579.07
24 26 4414.91
24 27 4230.16
24 28 4036.2
24 29 3842.82
24 30 3657.7
24 31 3486.51
24 32 3332.77
24 33 3198.16
24 34 3082.82
24 35 2985.79
24 36 2905.33
24 37 2839.33
24 38 2785.56
24 39 2741.88
24 40 2706.36
24 41 2677.38
24 42 2653.65
24 43 2634.15
24 44 2618.15
24 45 2605.15
24 46 2594.8
24 47 2586.89
24 48 2581.31
24 49 2578
24 50 2576.86
24 51 2578
24 52 2581.31
24 53 2586.89
24 54 2594.8
24 55 2605.15
24 56 2618.15
24 57 2634.15
24 58 2653.65
24 59 2677.38
24 60 2706.36
24 61 2741.88
24 62 2785.56
24 63 2839.33
24 64 2905.33
24 65 2985.79
24 66 3082.82
24 67 3198.16
24 68 3332.77
24 69 3486.51
24 70 3657.7
24 71 3842.82
24 72 4036.2
24 73 4230.16
24 74 4414.91
24 75 4579.07
24 76 4710.43
24 77 4796.79
24 78 4826.88
24 79 4791.6
24 80 4684.88
24 81 4504.64
24 82 4252.97
24 83 3936.52
24 84 3565.85
24 85 3154.85
24 86 2719.62
24 87 2277.26
24 88 1844.52
24 89 1436.74
24 90 1066.67
24 91 744.013
24 92 474.899
24 93 262.012
24 94 104.656
24 95 -0.600512
24 96 -59.603
24 97 -79.8848
24 98 -70.2295
24 99 -40.2558
24 100 0

25 0 0
25 1 -66.7521
25 2 -123.84
25 3 -161.742
25 4 -171.157
25 5 -143.382
25 6 -70.5772
25 7 53.6468
25 8 233.716
25 9 471.451
25 10 765.606
25 11 1111.39
25 12 1500.54
25 13 1921.27
25 14 2359.11
25 15 2797.51
25 16 3219.25
25 17 3607.45
25 18 3947.18
25 19 4226.32
25 20 4436.73
25 21 4574.57
25 22 4640.49
25 23 4639.25
25 24 4579.07
25 25 4470.61
25 26 4325.91
25 27 4157.38
25 28 3976.77
25 29 3794.28
25 30 3618.38
25 31 3455.22
25 32 3308.94
25 33 3181.57
25 34 3073.59
25 35 2984.17
25 36 2911.67
25 37 2853.89
25 38 2808.52
25 39 2773.25
25 40 2746.02
25 41 2725.02
25 42 2708.78
25 43 2696.18
25 44 2686.36
25 45 2678.72
25 46 2672.84
25 47 2668.47
25 48 2665.43
25 49 2663.62
25 50 2663.05
25 51 2663.62
25 52 2665.43
25 53 2668.47
25 54 2672.84
25 55 2678.72
25 56 2686.36
25 57 2696.18
25 58 2708.78
25 59 2725.02
25 60 2746.02
25 61 2773.25
25 62 2808.52
25 63 2853.89
25 64 2911.67
25 65 2984.17
25 66 3073.59
25 67 3181.57
25 68 3308.94
25 69 3455.22
25 70 3618.38
25 71 3794.28
25 72 3976.77
25 73 4157.38
25 74 4325.91
25 75 4470.61
25 76 4579.07
25 77 4639.25
25 78 4640.49
25 79 4574.57
25 80 4436.73
25 81 4226.32
25 82 3947.18
25 83 3607.45
25 84 3219.25
25 85 2797.51
25 86 2359.11
25 87 1921.27
25 88 1500.54
25 89 1111.39
25 90 765.606
25 91 471.451
25 92 233.716
25 93 53.6468
25 94 -70.5772
25 95 -143.382
25 96 -171.157
25 97 -161.742
25 98 -123.84
25 99 -66.7521
25 100 0

26 0 0
26 1 -88.1916
26 2 -167.463
26 3 -228.876
26 4 -263.643
26 5 -263.195
26 6 -219.617
26 7 -126.037
26 8 22.7443
26 9 229.662
26 10 494.708
26 11 814.584
26 12 1182.28
26 13 1587.33
26 14 2016.06
26 15 2452.51
26 16 2879.34
26 17 3279.34
26 18 3636.52
26 19 3937.6
26 20 4172.88
26 21 4336.99
26 22 4429.07
26 23 4452.64
26 24 4414.91
26 25 4325.91
26 26 4197.5
26 27 4042.16
26 28 3871.84
26 29 3697.44
26 30 3527.88
26 31 3370.04
26 32 3228.5
26 33 3105.83
26 34 3002.77
26 35 2918.72
26 36 2852.07
26 37 2800.66
26 38 2762.02
26 39 2733.73
26 40 2713.51
26 41 2699.4
26 42 2689.78
26 43 2683.33
26 44 2679.08
26 45 2676.32
26 46 2674.54
26 47 2673.41
26 48 2672.72
26 49 2672.37
26 50 2672.23
26 51 2672.37
26 52 2672.72
26 53 2673.41
26 54 2674.54
26 55 2676.32
26 56 2679.08
26 57 2683.33
26 58 2689.78
26 59 2699.4
26 60 2713.51
26 61 2733.73
26 62 2762.02
26 63 2800.66
26 64 2852.07
26 65 2918.72
26 66 3002.77
26 67 3105.83
26 68 3228.5
26 69 3370.04
26 70 3527.88
26 71 3697.44
26 72 3871.84
26 73 4042.16
26 74 4197.5
26 75 4325.91
26 76 4414.91
26 77 4452.64
26 78 4429.07
26 79 4336.99
26 80 4172.88
26 81 3937.6
26 82 3636.52
26 83 3279.34
26 84 2879.34
26 85 2452.51
26 86 2016.06
26 87 1587.33
26 88 1182.28
26 89 814.584
26 90 494.708
26 91 229.662
26 92 22.7443
26 93 -126.037
26 94 -219.617
26 95 -263.195
26 96 -263.643
26 97 -228.876
26 98 -167.463
26 99 -88.1916
26 100 0

27 0 0
27 1 -105.039
27 2 -201.949
27 3 -282.501
27 4 -338.436
27 5 -361.501
27 6 -343.744
27 7 -278.028
27 8 -158.418
27 9 18.8958
27 10 255.189
27 11 548.448
27 12 893.084
27 13 1279.85
27 14 1696.12
27 15 2126.5
27 16 2553.95
27 17 2960.86
27 18 3330.6
27 19 3648.73
27 20 3904.23
27 21 4090.2
27 22 4204.38
27 23 4248.97
27 24 4230.16
27 25 4157.38
27 26 4042.16
27 27 3896.87
27 28 3733.91
27 29 3564.55
27 30 3398.39
27 31 3242.85
27 32 3103.14
27 33 2982.24
27 34 2881.32
27 35 2799.96
27 36 2736.69
27 37 2689.29
27 38 2655.25
27 39 2631.99
27 40 2617.09
27 41 2608.37
27 42 2604.03
27 43 2602.62
27 44 2603
27 45 2604.33
27 46 2606.04
27 47 2607.69
27 48 2609.03
27 49 2609.87
27 50 2610.19
27 51 2609.87
27 52 2609.03
27 53 2607.69
27 54 2606.04
27 55 2604.33
27 56 2603
27 57 2602.62
27 58 2604.03
27 59 2608.37
27 60 2617.09
27 61 2631.99
27 62 2655.25
27 63 2689.29
27 64 2736.69
27 65 2799.96
27 66 2881.32
27 67 2982.24
27 68 3103.14
27 69 3242.85
27 70 3398.39
27 71 3564.55
27 72 3733.91
27 73 3896.87
27 74 4042.16
27 75 4157.38
27 76 4230.16
27 77 4248.97
27 78 4204.38
27 79 4090.2
27 80 3904.23
27 81 3648.73
27 82 3330.6
27 83 2960.86
27 84 2553.95
27 85 2126.5
27 86 1696.12
27 87 1279.85
27 88 893.084
27 89 548.448
27 90 255.189
27 91 18.8958
27 92 -158.418
27 93 -278.028
27 94 -343.744
27 95 -361.501
27 96 -338.436
27 97 -282.501
27 98 -201.949
27 99 -105.039
27 100 0

28 0 0
28 1 -117.848
28 2 -228.375
28 3 -324.103
28 4 -397.354
28 5 -440.245
28 6 -444.967
28 7 -404.114
28 8 -311.298
28 9 -161.788
28 10 46.7278
28 11 313.573
28 12 634.438
28 13 1001.41
28 14 1402.87
28 15 1824.23
28 16 2248.75
28 17 2658.75
28 18 3037.02
28 19 3368.19
28 20 3639.95
28 21 3844.04
28 22 3976.79
28 23 4039.12
28 24 4036.2
28 25 3976.77
28 26 3871.84
28 27 3733.91
28 28 3575.5
28 29 3408.43
28 30 3242.78
28 31 3086.65
28 32 2945.81
28 33 2823.8
28 34 2722.12
28 35 2640.66
28 36 2578.05
28 37 2532.14
28 38 2500.33
28 39 2479.93
28 40 2468.34
28 41 2463.23
28 42 2462.62
28 43 2464.86
28 44 2468.69
28 45 2473.15
28 46 2477.54
28 47 2481.35
28 48 2484.28
28 49 2486.12
28 50 2486.72
28 51 2486.12
28 52 2484.28
28 53 2481.35
28 54 2477.54
28 55 2473.15
28 56 2468.69
28 57 2464.86
28 58 2462.62
28 59 2463.23
28 60 2468.34
28 61 2479.93
28 62 2500.33
28 63 2532.14
28 64 2578.05
28 65 2640.66
28 66 2722.12
28 67 2823.8
28 68 2945.81
28 69 3086.65
28 70 3242.78
28 71 3408.43
28 72 3575.5
28 73 3733.91
28 74 3871.84
28 75 3976.77
28 76 4036.2
28 77 4039.12
28 78 3976.79
28 79 3844.04
28 80 3639.95
28 81 3368.19
28 82 3037.02
28 83 2658.75
28 84 2248.75
28 85 1824.23
28 86 1402.87
28 87 1001.41
28 88 634.438
28 89 313.573
28 90 46.7278
28 91 -161.788
28 92 -311.298
28 93 -404.114
28 94 -444.967
28 95 -440.245
28 96 -397.354
28 97 -324.103
28 98 -228.375
28 99 -117.848
28 100 0

29 0 0
29 1 -127.174
29 2 -247.83
29 3 -355.268
29 4 -442.383
29 5 -501.76
29 6 -525.727
29 7 -506.795
29 8 -438.141
29 9 -314.332
29 10 -132.036
29 11 109.189
29 12 406.408
29 13 752.873
29 14 1138.15
29 15 1548.46
29 16 1967.53
29 17 2377.71
29 18 2761.39
29 19 3102.36
29 20 3387.22
29 21 3606.42
29 22 3754.88
29 23 3832.29
29 24 3842.82
29 25 3794.28
29 26 3697.44
29 27 3564.55
29 28 3408.43
29 29 3241.2
29 30 3073.61
29 31 2914.3
29 32 2769.71
29 33 2643.85
29 34 2538.71
29 35 2454.43
29 36 2389.89
29 37 2342.92
29 38 2310.96
29 39 2291.17
29 40 2280.85
29 41 2277.48
29 42 2278.9
29 43 2283.32
29 44 2289.33
29 45 2295.84
29 46 2302.03
29 47 2307.34
29 48 2311.37
29 49 2313.86
