0 0 0
0 1 0
0 2 0
0 3 0
0 4 0
0 5 0
0 6 0
0 7 0
0 8 0
0 9 0
0 10 0
0 11 0
0 12 0
0 13 0
0 14 0
0 15 0
0 16 0
0 17 0
0 18 0
0 19 0
0 20 0
0 21 0
0 22 0
0 23 0
0 24 0
0 25 0
0 26 0
0 27 0
0 28 0
0 29 0
0 30 0
0 31 0
0 32 0
0 33 0
0 34 0
0 35 0
0 36 0
0 37 0
0 38 0
0 39 0
0 40 0
0 41 0
0 42 0
0 43 0
0 44 0
0 45 0
0 46 0
0 47 0
0 48 0
0 49 0
0 50 0
0 51 0
0 52 0
0 53 0
0 54 0
0 55 0
0 56 0
0 57 0
0 58 0
0 59 0
0 60 0
0 61 0
0 62 0
0 63 0
0 64 0
0 65 0
0 66 0
0 67 0
0 68 0
0 69 0
0 70 0
0 71 0
0 72 0
0 73 0
0 74 0
0 75 0
0 76 0
0 77 0
0 78 0
0 79 0
0 80 0
0 81 0
0 82 0
0 83 0
0 84 0
0 85 0
0 86 0
0 87 0
0 88 0
0 89 0
0 90 0
0 91 0
0 92 0
0 93 0
0 94 0
0 95 0
0 96 0
0 97 0
0 98 0
0 99 0
0 100 0

1 0 0
1 1 0.0484792
1 2 -0.0575289
1 3 -0.118272
1 4 -0.16346
1 5 -0.248755
1 6 -0.372617
1 7 -0.531316
1 8 -0.786799
1 9 -1.15521
1 10 -1.6215
1 11 -2.28069
1 12 -3.13972
1 13 -4.26089
1 14 -5.7381
1 15 -7.61211
1 16 -9.97469
1 17 -12.9256
1 18 -16.5095
1 19 -20.8647
1 20 -26.0377
1 21 -32.1268
1 22 -39.211
1 23 -47.3186
1 24 -56.5236
1 25 -66.8089
1 26 -78.1849
1 27 -90.6155
1 28 -104.022
1 29 -118.348
1 30 -133.443
1 31 -149.214
1 32 -165.472
1 33 -182.078
1 34 -198.842
1 35 -215.583
1 36 -232.131
1 37 -248.288
1 38 -263.911
1 39 -278.808
1 40 -292.869
1 41 -305.925
1 42 -317.899
1 43 -328.654
1 44 -338.142
1 45 -346.261
1 46 -352.986
1 47 -358.246
1 48 -362.035
1 49 -364.308
1 50 -365.075
1 51 -364.308
1 52 -362.035
1 53 -358.246
1 54 -352.986
1 55 -346.261
1 56 -338.142
1 57 -328.654
1 58 -317.899
1 59 -305.925
1 60 -292.869
1 61 -278.808
1 62 -263.911
1 63 -248.288
1 64 -232.131
1 65 -215.583
1 66 -198.842
1 67 -182.078
1 68 -165.472
1 69 -149.214
1 70 -133.443
1 71 -118.348
1 72 -104.022
1 73 -90.6155
1 74 -78.1849
1 75 -66.8089
1 76 -56.5236
1 77 -47.3186
1 78 -39.211
1 79 -32.1268
1 80 -26.0377
1 81 -20.8647
1 82 -16.5095
1 83 -12.9256
1 84 -9.97469
1 85 -7.61211
1 86 -5.7381
1 87 -4.26089
1 88 -3.13972
1 89 -2.28069
1 90 -1.6215
1 91 -1.15521
1 92 -0.786799
1 93 -0.531316
1 94 -0.372617
1 95 -0.248755
1 96 -0.16346
1 97 -0.118272
1 98 -0.0575289
1 99 0.0484792
1 100 0

2 0 0
2 1 -0.0575289
2 2 -0.0825308
2 3 -0.23045
2 4 -0.345534
2 5 -0.528815
2 6 -0.809224
2 7 -1.18026
2 8 -1.71966
2 9 -2.46322
2 10 -3.48312
2 11 -4.85984
2 12 -6.70518
2 13 -9.0982
2 14 -12.2136
2 15 -16.1565
2 16 -21.1163
2 17 -27.2572
2 18 -34.7534
2 19 -43.7912
2 20 -54.5399
2 21 -67.1437
2 22 -81.7597
2 23 -98.4573
2 24 -117.334
2 25 -138.383
2 26 -161.591
2 27 -186.874
2 28 -214.088
2 29 -243.067
2 30 -273.554
2 31 -305.296
2 32 -337.965
2 33 -371.235
2 34 -404.749
2 35 -438.143
2 36 -471.067
2 37 -503.158
2 38 -534.103
2 39 -563.574
2 40 -591.314
2 41 -617.05
2 42 -640.59
2 43 -661.724
2 44 -680.321
2 45 -696.236
2 46 -709.386
2 47 -719.681
2 48 -727.077
2 49 -731.525
2 50 -733.013
2 51 -731.525
2 52 -727.077
2 53 -719.681
2 54 -709.386
2 55 -696.236
2 56 -680.321
2 57 -661.724
2 58 -640.59
2 59 -617.05
2 60 -591.314
2 61 -563.574
2 62 -534.103
2 63 -503.158
2 64 -471.067
2 65 -438.143
2 66 -404.749
2 67 -371.235
2 68 -337.965
2 69 -305.296
2 70 -273.554
2 71 -243.067
2 72 -214.088
2 73 -186.874
2 74 -161.591
2 75 -138.383
2 76 -117.334
2 77 -98.4573
2 78 -81.7597
2 79 -67.1437
2 80 -54.5399
2 81 -43.7912
2 82 -34.7534
2 83 -27.2572
2 84 -21.1163
2 85 -16.1565
2 86 -12.2136
2 87 -9.0982
2 88 -6.70518
2 89 -4.85984
2 90 -3.48312
2 91 -2.46322
2 92 -1.71966
2 93 -1.18026
2 94 -0.809224
2 95 -0.528815
2 96 -0.345534
2 97 -0.23045
2 98 -0.0825308
2 99 -0.0575289
2 100 0

3 0 0
3 1 -0.118272
3 2 -0.23045
3 3 -0.319644
3 4 -0.600982
3 5 -0.914453
3 6 -1.35652
3 7 -2.02051
3 8 -2.90698
3 9 -4.14618
3 10 -5.84492
3 11 -8.13037
3 12 -11.1428
3 13 -15.1038
3 14 -20.1538
3 15 -26.585
3 16 -34.6026
3 17 -44.4903
3 18 -56.517
3 19 -70.9417
3 20 -88.0137
3 21 -107.969
3 22 -130.964
3 23 -157.168
3 24 -186.614
3 25 -219.338
3 26 -255.243
3 27 -294.188
3 28 -335.943
3 29 -380.189
3 30 -426.569
3 31 -474.631
3 32 -523.911
3 33 -573.884
3 34 -624.026
3 35 -673.8
3 36 -722.677
3 37 -770.161
3 38 -815.768
3 39 -859.08
3 40 -899.692
3 41 -937.284
3 42 -971.545
3 43 -1002.25
3 44 -1029.19
3 45 -1052.21
3 46 -1071.19
3 47 -1086.03
3 48 -1096.68
3 49 -1103.08
3 50 -1105.22
3 51 -1103.08
3 52 -1096.68
3 53 -1086.03
3 54 -1071.19
3 55 -1052.21
3 56 -1029.19
3 57 -1002.25
3 58 -971.545
3 59 -937.284
3 60 -899.692
3 61 -859.08
3 62 -815.768
3 63 -770.161
3 64 -722.677
3 65 -673.8
3 66 -624.026
3 67 -573.884
3 68 -523.911
3 69 -474.631
3 70 -426.569
3 71 -380.189
3 72 -335.943
3 73 -294.188
3 74 -255.243
3 75 -219.338
3 76 -186.614
3 77 -157.168
3 78 -130.964
3 79 -107.969
3 80 -88.0137
3 81 -70.9417
3 82 -56.517
3 83 -44.4903
3 84 -34.6026
3 85 -26.585
3 86 -20.1538
3 87 -15.1038
3 88 -11.1428
3 89 -8.13037
3 90 -5.84492
3 91 -4.14618
3 92 -2.90698
3 93 -2.02051
3 94 -1.35652
3 95 -0.914453
3 96 -0.600982
3 97 -0.319644
3 98 -0.23045
3 99 -0.118272
3 100 0

4 0 0
4 1 -0.16346
4 2 -0.345534
4 3 -0.600982
4 4 -0.911997
4 5 -1.44907
4 6 -2.12858
4 7 -3.12285
4 8 -4.52865
4 9 -6.41714
4 10 -9.02402
4 11 -12.461
4 12 -17.0013
4 13 -22.8916
4 14 -30.4257
4 15 -39.9133
4 16 -51.732
4 17 -66.1738
4 18 -83.6703
4 19 -104.498
4 20 -129.023
4 21 -157.502
4 22 -190.143
4 23 -227.107
4 24 -268.42
4 25 -314.046
4 26 -363.835
4 27 -417.502
4 28 -474.723
4 29 -534.99
4 30 -597.807
4 31 -662.522
4 32 -728.502
4 33 -795.036
4 34 -861.421
4 35 -926.971
4 36 -990.989
4 37 -1052.87
4 38 -1112.01
4 39 -1167.9
4 40 -1220.07
4 41 -1268.15
4 42 -1311.79
4 43 -1350.77
4 44 -1384.84
4 45 -1413.88
4 46 -1437.75
4 47 -1456.39
4 48 -1469.73
4 49 -1477.75
4 50 -1480.42
4 51 -1477.75
4 52 -1469.73
4 53 -1456.39
4 54 -1437.75
4 55 -1413.88
4 56 -1384.84
4 57 -1350.77
4 58 -1311.79
4 59 -1268.15
4 60 -1220.07
4 61 -1167.9
4 62 -1112.01
4 63 -1052.87
4 64 -990.989
4 65 -926.971
4 66 -861.421
4 67 -795.036
4 68 -728.502
4 69 -662.522
4 70 -597.807
4 71 -534.99
4 72 -474.723
4 73 -417.502
4 74 -363.835
4 75 -314.046
4 76 -268.42
4 77 -227.107
4 78 -190.143
4 79 -157.502
4 80 -129.023
4 81 -104.498
4 82 -83.6703
4 83 -66.1738
4 84 -51.732
4 85 -39.9133
4 86 -30.4257
4 87 -22.8916
4 88 -17.0013
4 89 -12.461
4 90 -9.02402
4 91 -6.41714
4 92 -4.52865
4 93 -3.12285
4 94 -2.12858
4 95 -1.44907
4 96 -0.911997
4 97 -0.600982
4 98 -0.345534
4 99 -0.16346
4 100 0

5 0 0
5 1 -0.248755
5 2 -0.528815
5 3 -0.914453
5 4 -1.44907
5 5 -2.14386
5 6 -3.23898
5 7 -4.70054
5 8 -6.74224
5 9 -9.56136
5 10 -13.3074
5 11 -18.3206
5 12 -24.8419
5 13 -33.2678
5 14 -43.9534
5 15 -57.351
5 16 -73.8641
5 17 -93.9905
5 18 -118.122
5 19 -146.726
5 20 -180.126
5 21 -218.661
5 22 -262.512
5 23 -311.809
5 24 -366.516
5 25 -426.502
5 26 -491.473
5 27 -561.025
5 28 -634.611
5 29 -711.591
5 30 -791.215
5 31 -872.68
5 32 -955.121
5 33 -1037.67
5 34 -1119.45
5 35 -1199.64
5 36 -1277.42
5 37 -1352.08
5 38 -1422.98
5 39 -1489.55
5 40 -1551.31
5 41 -1607.89
5 42 -1658.99
5 43 -1704.37
5 44 -1743.87
5 45 -1777.39
5 46 -1804.86
5 47 -1826.23
5 48 -1841.51
5 49 -1850.67
5 50 -1853.73
5 51 -1850.67
5 52 -1841.51
5 53 -1826.23
5 54 -1804.86
5 55 -1777.39
5 56 -1743.87
5 57 -1704.37
5 58 -1658.99
5 59 -1607.89
5 60 -1551.31
5 61 -1489.55
5 62 -1422.98
5 63 -1352.08
5 64 -1277.42
5 65 -1199.64
5 66 -1119.45
5 67 -1037.67
5 68 -955.121
5 69 -872.68
5 70 -791.215
5 71 -711.591
5 72 -634.611
5 73 -561.025
5 74 -491.473
5 75 -426.502
5 76 -366.516
5 77 -311.809
5 78 -262.512
5 79 -218.661
5 80 -180.126
5 81 -146.726
5 82 -118.122
5 83 -93.9905
5 84 -73.8641
5 85 -57.351
5 86 -43.9534
5 87 -33.2678
5 88 -24.8419
5 89 -18.3206
5 90 -13.3074
5 91 -9.56136
5 92 -6.74224
5 93 -4.70054
5 94 -3.23898
5 95 -2.14386
5 96 -1.44907
5 97 -0.914453
5 98 -0.528815
5 99 -0.248755
5 100 0

6 0 0
6 1 -0.372617
6 2 -0.809224
6 3 -1.35651
6 4 -2.12858
6 5 -3.23898
6 6 -4.75333
6 7 -6.91813
6 8 -9.83382
6 9 -13.8336
6 10 -19.1848
6 11 -26.2104
6 12 -35.3881
6 13 -47.0564
6 14 -61.8187
6 15 -80.1275
6 16 -102.569
6 17 -129.679
6 18 -161.979
6 19 -199.922
6 20 -243.938
6 21 -294.253
6 22 -351.108
6 23 -414.446
6 24 -484.194
6 25 -560.009
6 26 -641.444
6 27 -727.883
6 28 -818.545
6 29 -912.581
6 30 -1009
6 31 -1106.78
6 32 -1204.88
6 33 -1302.24
6 34 -1397.86
6 35 -1490.78
6 36 -1580.15
6 37 -1665.18
6 38 -1745.27
6 39 -1819.82
6 40 -1888.46
6 41 -1950.85
6 42 -2006.79
6 43 -2056.13
6 44 -2098.81
6 45 -2134.83
6 46 -2164.2
6 47 -2186.98
6 48 -2203.2
6 49 -2212.91
6 50 -2216.14
6 51 -2212.91
6 52 -2203.2
6 53 -2186.98
6 54 -2164.2
6 55 -2134.83
6 56 -2098.81
6 57 -2056.13
6 58 -2006.79
6 59 -1950.85
6 60 -1888.46
6 61 -1819.82
6 62 -1745.27
6 63 -1665.18
6 64 -1580.15
6 65 -1490.78
6 66 -1397.86
6 67 -1302.24
6 68 -1204.88
6 69 -1106.78
6 70 -1009
6 71 -912.581
6 72 -818.545
6 73 -727.883
6 74 -641.444
6 75 -560.009
6 76 -484.194
6 77 -414.446
6 78 -351.108
6 79 -294.253
6 80 -243.938
6 81 -199.922
6 82 -161.979
6 83 -129.679
6 84 -102.569
6 85 -80.1275
6 86 -61.8187
6 87 -47.0564
6 88 -35.3881
6 89 -26.2104
6 90 -19.1848
6 91 -13.8336
6 92 -9.83382
6 93 -6.91813
6 94 -4.75333
6 95 -3.23898
6 96 -2.12858
6 97 -1.35651
6 98 -0.809224
6 99 -0.372617
6 100 0

7 0 0
7 1 -0.531316
7 2 -1.18026
7 3 -2.02051
7 4 -3.12285
7 5 -4.70054
7 6 -6.91813
7 7 -9.92755
7 8 -14.1073
7 9 -19.6871
7 10 -27.1183
7 11 -36.8472
7 12 -49.3563
7 13 -65.2768
7 14 -85.1453
7 15 -109.686
7 16 -139.463
7 17 -175.174
7 18 -217.328
7 19 -266.462
7 20 -322.916
7 21 -386.945
7 22 -458.587
7 23 -537.739
7 24 -624.044
7 25 -717.018
7 26 -815.901
7 27 -919.857
7 28 -1027.81
7 29 -1138.65
7 30 -1251.14
7 31 -1364.06
7 32 -1476.15
7 33 -1586.22
7 34 -1693.16
7 35 -1795.97
7 36 -1893.78
7 37 -1985.85
7 38 -2071.62
7 39 -2150.62
7 40 -2222.59
7 41 -2287.35
7 42 -2344.84
7 43 -2395.08
7 44 -2438.18
7 45 -2474.26
7 46 -2503.49
7 47 -2526.02
7 48 -2542
7 49 -2551.54
7 50 -2554.71
7 51 -2551.54
7 52 -2542
7 53 -2526.02
7 54 -2503.49
7 55 -2474.26
7 56 -2438.18
7 57 -2395.08
7 58 -2344.84
7 59 -2287.35
7 60 -2222.59
7 61 -2150.62
7 62 -2071.62
7 63 -1985.85
7 64 -1893.78
7 65 -1795.97
7 66 -1693.16
7 67 -1586.22
7 68 -1476.15
7 69 -1364.06
7 70 -1251.14
7 71 -1138.65
7 72 -1027.81
7 73 -919.857
7 74 -815.901
7 75 -717.018
7 76 -624.044
7 77 -537.739
7 78 -458.587
7 79 -386.945
7 80 -322.916
7 81 -266.462
7 82 -217.328
7 83 -175.174
7 84 -139.463
7 85 -109.686
7 86 -85.1453
7 87 -65.2768
7 88 -49.3563
7 89 -36.8472
7 90 -27.1183
7 91 -19.6871
7 92 -14.1073
7 93 -9.92755
7 94 -6.91813
7 95 -4.70054
7 96 -3.12285
7 97 -2.02051
7 98 -1.18026
7 99 -0.531316
7 100 0

8 0 0
8 1 -0.786799
8 2 -1.71966
8 3 -2.90698
8 4 -4.52865
8 5 -6.74224
8 6 -9.83382
8 7 -14.1073
8 8 -19.8654
8 9 -27.5861
8 10 -37.721
8 11 -50.9105
8 12 -67.7552
8 13 -88.9727
8 14 -115.331
8 15 -147.496
8 16 -186.313
8 17 -232.344
8 18 -286.282
8 19 -348.52
8 20 -419.396
8 21 -498.997
8 22 -587.212
8 23 -683.677
8 24 -787.823
8 25 -898.79
8 26 -1015.6
8 27 -1137
8 28 -1261.7
8 29 -1388.21
8 30 -1515.12
8 31 -1640.94
8 32 -1764.29
8 33 -1883.87
8 34 -1998.53
8 35 -2107.3
8 36 -2209.35
8 37 -2304.1
8 38 -2391.1
8 39 -2470.13
8 40 -2541.09
8 41 -2604.06
8 42 -2659.18
8 43 -2706.72
8 44 -2746.99
8 45 -2780.32
8 46 -2807.05
8 47 -2827.48
8 48 -2841.87
8 49 -2850.42
8 50 -2853.25
8 51 -2850.42
8 52 -2841.87
8 53 -2827.48
8 54 -2807.05
8 55 -2780.32
8 56 -2746.99
8 57 -2706.72
8 58 -2659.18
8 59 -2604.06
8 60 -2541.09
8 61 -2470.13
8 62 -2391.1
8 63 -2304.1
8 64 -2209.35
8 65 -2107.3
8 66 -1998.53
8 67 -1883.87
8 68 -1764.29
8 69 -1640.94
8 70 -1515.12
8 71 -1388.21
8 72 -1261.7
8 73 -1137
8 74 -1015.6
8 75 -898.79
8 76 -787.823
8 77 -683.677
8 78 -587.212
8 79 -498.997
8 80 -419.396
8 81 -348.52
8 82 -286.282
8 83 -232.344
8 84 -186.313
8 85 -147.496
8 86 -115.331
8 87 -88.9727
8 88 -67.7552
8 89 -50.9105
8 90 -37.721
8 91 -27.5861
8 92 -19.8654
8 93 -14.1073
8 94 -9.83382
8 95 -6.74224
8 96 -4.52865
8 97 -2.90698
8 98 -1.71966
8 99 -0.786799
8 100 0

9 0 0
9 1 -1.15521
9 2 -2.46322
9 3 -4.14618
9 4 -6.41714
9 5 -9.56137
9 6 -13.8336
9 7 -19.6871
9 8 -27.5861
9 9 -38.0222
9 10 -51.699
9 11 -69.2804
9 12 -91.5884
9 13 -119.442
9 14 -153.701
9 15 -195.231
9 16 -244.793
9 17 -303.147
9 18 -370.772
9 19 -448.136
9 20 -535.285
9 21 -632.206
9 22 -738.434
9 23 -853.361
9 24 -976.011
9 25 -1105.21
9 26 -1239.55
9 27 -1377.46
9 28 -1517.27
9 29 -1657.26
9 30 -1795.7
9 31 -1931
9 32 -2061.63
9 33 -2186.31
9 34 -2303.89
9 35 -2413.54
9 36 -2514.58
9 37 -2606.67
9 38 -2689.59
9 39 -2763.42
9 40 -2828.37
9 41 -2884.78
9 42 -2933.15
9 43 -2973.98
9 44 -3007.88
9 45 -3035.38
9 46 -3057.07
9 47 -3073.38
9 48 -3084.74
9 49 -3091.42
9 50 -3093.64
9 51 -3091.42
9 52 -3084.74
9 53 -3073.38
9 54 -3057.07
9 55 -3035.38
9 56 -3007.88
9 57 -2973.98
9 58 -2933.15
9 59 -2884.78
9 60 -2828.37
9 61 -2763.42
9 62 -2689.59
9 63 -2606.67
9 64 -2514.58
9 65 -2413.54
9 66 -2303.89
9 67 -2186.31
9 68 -2061.63
9 69 -1931
9 70 -1795.7
9 71 -1657.26
9 72 -1517.27
9 73 -1377.46
9 74 -1239.55
9 75 -1105.21
9 76 -976.011
9 77 -853.361
9 78 -738.434
9 79 -632.206
9 80 -535.285
9 81 -448.136
9 82 -370.772
9 83 -303.147
9 84 -244.793
9 85 -195.231
9 86 -153.701
9 87 -119.442
9 88 -91.5884
9 89 -69.2804
9 90 -51.699
9 91 -38.0222
9 92 -27.5861
9 93 -19.6871
9 94 -13.8336
9 95 -9.56137
9 96 -6.41714
9 97 -4.14618
9 98 -2.46322
9 99 -1.15521
9 100 0

10 0 0
10 1 -1.6215
10 2 -3.48312
10 3 -5.84492
10 4 -9.02402
10 5 -13.3074
10 6 -19.1848
10 7 -27.1183
10 8 -37.721
10 9 -51.6991
10 10 -69.8033
10 11 -92.9178
10 12 -121.963
10 13 -157.943
10 14 -201.783
10 15 -254.443
10 16 -316.73
10 17 -389.284
10 18 -472.623
10 19 -566.859
10 20 -672.001
10 21 -787.53
10 22 -912.789
10 23 -1046.63
10 24 -1187.73
10 25 -1334.43
10 26 -1484.91
10 27 -1637.21
10 28 -1789.31
10 29 -1939.21
10 30 -2085.04
10 31 -2225.03
10 32 -2357.71
10 33 -2481.81
10 34 -2596.38
10 35 -2700.76
10 36 -2794.62
10 37 -2877.87
10 38 -2950.72
10 39 -3013.58
10 40 -3067.04
10 41 -3111.83
10 42 -3148.78
10 43 -3178.74
10 44 -3202.59
10 45 -3221.16
10 46 -3235.22
10 47 -3245.41
10 48 -3252.3
10 49 -3256.26
10 50 -3257.56
10 51 -3256.26
10 52 -3252.3
10 53 -3245.41
10 54 -3235.22
10 55 -3221.16
10 56 -3202.59
10 57 -3178.74
10 58 -3148.78
10 59 -3111.83
10 60 -3067.04
10 61 -3013.58
10 62 -2950.72
10 63 -2877.87
10 64 -2794.62
10 65 -2700.76
10 66 -2596.38
10 67 -2481.81
10 68 -2357.71
10 69 -2225.03
10 70 -2085.04
10 71 -1939.21
10 72 -1789.31
10 73 -1637.21
10 74 -1484.91
10 75 -1334.43
10 76 -1187.73
10 77 -1046.63
10 78 -912.789
10 79 -787.53
10 80 -672.001
10 81 -566.859
10 82 -472.623
10 83 -389.284
10 84 -316.73
10 85 -254.443
10 86 -201.783
10 87 -157.943
10 88 -121.963
10 89 -92.9178
10 90 -69.8033
10 91 -51.6991
10 92 -37.721
10 93 -27.1183
10 94 -19.1848
10 95 -13.3074
10 96 -9.02402
10 97 -5.84492
10 98 -3.48312
10 99 -1.6215
10 100 0

11 0 0
11 1 -2.28069
11 2 -4.85984
11 3 -8.13037
11 4 -12.461
11 5 -18.3206
11 6 -26.2104
11 7 -36.8472
11 8 -50.9105
11 9 -69.2804
11 10 -92.9178
11 11 -122.816
11 12 -160.091
11 13 -205.813
11 14 -261.043
11 15 -326.72
11 16 -403.633
11 17 -492.329
11 18 -593.084
11 19 -705.831
11 20 -830.103
11 21 -965.12
11 22 -1109.58
11 23 -1262.02
11 24 -1420.43
11 25 -1582.8
11 26 -1746.76
11 27 -1910.01
11 28 -2070.19
11 29 -2225.12
11 30 -2372.78
11 31 -2511.43
11 32 -2639.68
11 33 -2756.45
11 34 -2861.1
11 35 -2953.29
11 36 -3033.1
11 37 -3100.88
11 38 -3157.27
11 39 -3203.17
11 40 -3239.57
11 41 -3267.66
11 42 -3288.6
11 43 -3303.66
11 44 -3313.97
11 45 -3320.67
11 46 -3324.7
11 47 -3326.93
11 48 -3328.01
11 49 -3328.48
11 50 -3328.59
11 51 -3328.48
11 52 -3328.01
11 53 -3326.93
11 54 -3324.7
11 55 -3320.67
11 56 -3313.97
11 57 -3303.66
11 58 -3288.6
11 59 -3267.66
11 60 -3239.57
11 61 -3203.17
11 62 -3157.27
11 63 -3100.88
11 64 -3033.1
11 65 -2953.29
11 66 -2861.1
11 67 -2756.45
11 68 -2639.68
11 69 -2511.43
11 70 -2372.78
11 71 -2225.12
11 72 -2070.19
11 73 -1910.01
11 74 -1746.76
11 75 -1582.8
11 76 -1420.43
11 77 -1262.02
11 78 -1109.58
11 79 -965.12
11 80 -830.103
11 81 -705.831
11 82 -593.084
11 83 -492.329
11 84 -403.633
11 85 -326.72
11 86 -261.043
11 87 -205.813
11 88 -160.091
11 89 -122.816
11 90 -92.9178
11 91 -69.2804
11 92 -50.9105
11 93 -36.8472
11 94 -26.2104
11 95 -18.3206
11 96 -12.461
11 97 -8.13037
11 98 -4.85984
11 99 -2.28069
11 100 0

12 0 0
12 1 -3.13972
12 2 -6.70518
12 3 -11.1428
12 4 -17.0013
12 5 -24.8419
12 6 -35.3881
12 7 -49.3563
12 8 -67.7552
12 9 -91.5884
12 10 -121.963
12 11 -160.091
12 12 -207.176
12 13 -264.391
12 14 -332.834
12 15 -413.423
12 16 -506.799
12 17 -613.349
12 18 -733.004
12 19 -865.323
12 20 -1009.4
12 21 -1163.84
12 22 -1326.91
12 23 -1496.39
12 24 -1669.9
12 25 -1844.72
12 26 -2018.19
12 27 -2187.53
12 28 -2350.24
12 29 -2503.94
12 30 -2646.67
12 31 -2776.79
12 32 -2893.17
12 33 -2995.06
12 34 -3082.24
12 35 -3154.87
12 36 -3213.52
12 37 -3259.09
12 38 -3292.75
12 39 -3315.88
12 40 -3329.99
12 41 -3336.67
12 42 -3337.53
12 43 -3334.11
12 44 -3327.89
12 45 -3320.21
12 46 -3312.24
12 47 -3304.97
12 48 -3299.21
12 49 -3295.52
12 50 -3294.25
12 51 -3295.52
12 52 -3299.21
12 53 -3304.97
12 54 -3312.24
12 55 -3320.21
12 56 -3327.89
12 57 -3334.11
12 58 -3337.53
12 59 -3336.67
12 60 -3329.99
12 61 -3315.88
12 62 -3292.75
12 63 -3259.09
12 64 -3213.52
12 65 -3154.87
12 66 -3082.24
12 67 -2995.06
12 68 -2893.17
12 69 -2776.79
12 70 -2646.67
12 71 -2503.94
12 72 -2350.24
12 73 -2187.53
12 74 -2018.19
12 75 -1844.72
12 76 -1669.9
12 77 -1496.39
12 78 -1326.91
12 79 -1163.84
12 80 -1009.4
12 81 -865.323
12 82 -733.004
12 83 -613.349
12 84 -506.799
12 85 -413.423
12 86 -332.834
12 87 -264.391
12 88 -207.176
12 89 -160.091
12 90 -121.963
12 91 -91.5884
12 92 -67.7552
12 93 -49.3563
12 94 -35.3881
12 95 -24.8419
12 96 -17.0013
12 97 -11.1428
12 98 -6.70518
12 99 -3.13972
12 100 0

13 0 0
13 1 -4.26089
13 2 -9.0982
13 3 -15.1038
13 4 -22.8916
13 5 -33.2678
13 6 -47.0564
13 7 -65.2768
13 8 -88.9727
13 9 -119.442
13 10 -157.943
13 11 -205.813
13 12 -264.391
13 13 -334.891
13 14 -418.382
13 15 -515.653
13 16 -627.149
13 17 -752.899
13 18 -892.436
13 19 -1044.78
13 20 -1208.45
13 21 -1381.41
13 22 -1561.25
13 23 -1745.17
13 24 -1930.09
13 25 -2112.91
13 26 -2290.43
13 27 -2459.74
13 28 -2618.07
13 29 -2763.18
13 30 -2893.17
13 31 -3006.79
13 32 -3103.22
13 33 -3182.32
13 34 -3244.33
13 35 -3290.08
13 36 -3320.72
13 37 -3337.78
13 38 -3343
13 39 -3338.3
13 40 -3325.67
13 41 -3307.14
13 42 -3284.65
13 43 -3260.06
13 44 -3235.09
13 45 -3211.27
13 46 -3189.93
13 47 -3172.16
13 48 -3158.85
13 49 -3150.61
13 50 -3147.82
13 51 -3150.61
13 52 -3158.85
13 53 -3172.16
13 54 -3189.93
13 55 -3211.27
13 56 -3235.09
13 57 -3260.06
13 58 -3284.65
13 59 -3307.14
13 60 -3325.67
13 61 -3338.3
13 62 -3343
13 63 -3337.78
13 64 -3320.72
13 65 -3290.08
13 66 -3244.33
13 67 -3182.32
13 68 -3103.22
13 69 -3006.79
13 70 -2893.17
13 71 -2763.18
13 72 -2618.07
13 73 -2459.74
13 74 -2290.43
13 75 -2112.91
13 76 -1930.09
13 77 -1745.17
13 78 -1561.25
13 79 -1381.41
13 80 -1208.45
13 81 -1044.78
13 82 -892.436
13 83 -752.899
13 84 -627.149
13 85 -515.653
13 86 -418.382
13 87 -334.891
13 88 -264.391
13 89 -205.813
13 90 -157.943
13 91 -119.442
13 92 -88.9727
13 93 -65.2768
13 94 -47.0564
13 95 -33.2678
13 96 -22.8916
13 97 -15.1038
13 98 -9.0982
13 99 -4.26089
13 100 0

14 0 0
14 1 -5.7381
14 2 -12.2136
14 3 -20.1538
14 4 -30.4257
14 5 -43.9534
14 6 -61.8187
14 7 -85.1453
14 8 -115.331
14 9 -153.701
14 10 -201.783
14 11 -261.043
14 12 -332.834
14 13 -418.382
14 14 -518.634
14 15 -634.139
14 16 -765.022
14 17 -910.841
14 18 -1070.57
14 19 -1242.6
14 20 -1424.69
14 21 -1614.14
14 22 -1807.77
14 23 -2002.11
14 24 -2193.54
14 25 -2378.44
14 26 -2553.39
14 27 -2715.24
14 28 -2861.35
14 29 -2989.59
14 30 -3098.5
14 31 -3187.21
14 32 -3255.61
14 33 -3304.06
14 34 -3333.66
14 35 -3345.81
14 36 -3342.46
14 37 -3325.69
14 38 -3297.92
14 39 -3261.5
14 40 -3218.97
14 41 -3172.63
14 42 -3124.78
14 43 -3077.48
14 44 -3032.63
14 45 -2991.86
14 46 -2956.59
14 47 -2927.96
14 48 -2906.87
14 49 -2893.96
14 50 -2889.62
14 51 -2893.96
14 52 -2906.87
14 53 -2927.96
14 54 -2956.59
14 55 -2991.86
14 56 -3032.63
14 57 -3077.48
14 58 -3124.78
14 59 -3172.63
14 60 -3218.97
14 61 -3261.5
14 62 -3297.92
14 63 -3325.69
14 64 -3342.46
14 65 -3345.81
14 66 -3333.66
14 67 -3304.06
14 68 -3255.61
14 69 -3187.21
14 70 -3098.5
14 71 -2989.59
14 72 -2861.35
14 73 -2715.24
14 74 -2553.39
14 75 -2378.44
14 76 -2193.54
14 77 -2002.11
14 78 -1807.77
14 79 -1614.14
14 80 -1424.69
14 81 -1242.6
14 82 -1070.57
14 83 -910.841
14 84 -765.022
14 85 -634.139
14 86 -518.634
14 87 -418.382
14 88 -332.834
14 89 -261.043
14 90 -201.783
14 91 -153.701
14 92 -115.331
14 93 -85.1453
14 94 -61.8187
14 95 -43.9534
14 96 -30.4257
14 97 -20.1538
14 98 -12.2136
14 99 -5.7381
14 100 0

15 0 0
15 1 -7.61212
15 2 -16.1565
15 3 -26.585
15 4 -39.9133
15 5 -57.351
15 6 -80.1275
15 7 -109.686
15 8 -147.496
15 9 -195.231
15 10 -254.443
15 11 -326.72
15 12 -413.423
15 13 -515.653
15 14 -634.138
15 15 -769.092
15 16 -920.14
15 17 -1086.25
15 18 -1265.69
15 19 -1456.08
15 20 -1654.37
15 21 -1857.05
15 22 -2060.19
15 23 -2259.66
15 24 -2451.38
15 25 -2631.32
15 26 -2795.94
15 27 -2942.13
15 28 -3067.47
15 29 -3170.26
15 30 -3249.55
15 31 -3305.24
15 32 -3337.85
15 33 -3348.7
15 34 -3339.53
15 35 -3312.67
15 36 -3270.64
15 37 -3216.33
15 38 -3152.54
15 39 -3082.27
15 40 -3008.23
15 41 -2933.16
15 42 -2859.44
15 43 -2789.32
15 44 -2724.7
15 45 -2667.29
15 46 -2618.44
15 47 -2579.33
15 48 -2550.76
15 49 -2533.4
15 50 -2527.56
15 51 -2533.4
15 52 -2550.76
15 53 -2579.33
15 54 -2618.44
15 55 -2667.29
15 56 -2724.7
15 57 -2789.32
15 58 -2859.44
15 59 -2933.16
15 60 -3008.23
15 61 -3082.27
15 62 -3152.54
15 63 -3216.33
15 64 -3270.64
15 65 -3312.67
15 66 -3339.53
15 67 -3348.7
15 68 -3337.85
15 69 -3305.24
15 70 -3249.55
15 71 -3170.26
15 72 -3067.47
15 73 -2942.13
15 74 -2795.94
15 75 -2631.32
15 76 -2451.38
15 77 -2259.66
15 78 -2060.19
15 79 -1857.05
15 80 -1654.37
15 81 -1456.08
15 82 -1265.69
15 83 -1086.25
15 84 -920.14
15 85 -769.092
15 86 -634.138
15 87 -515.653
15 88 -413.423
15 89 -326.72
15 90 -254.443
15 91 -195.231
15 92 -147.496
15 93 -109.686
15 94 -80.1275
15 95 -57.351
15 96 -39.9133
15 97 -26.585
15 98 -16.1565
15 99 -7.61212
15 100 0

16 0 0
16 1 -9.97468
16 2 -21.1163
16 3 -34.6026
16 4 -51.732
16 5 -73.8641
16 6 -102.569
16 7 -139.463
16 8 -186.313
16 9 -244.793
16 10 -316.73
16 11 -403.633
16 12 -506.799
16 13 -627.149
16 14 -765.022
16 15 -920.14
16 16 -1091.52
16 17 -1277.34
16 18 -1475.09
16 19 -1681.45
16 20 -1892.53
16 21 -2103.97
16 22 -2311.11
16 23 -2509.29
16 24 -2693.95
16 25 -2860.98
16 26 -3006.82
16 27 -3128.66
16 28 -3224.53
16 29 -3293.39
16 30 -3335.08
16 31 -3350.33
16 32 -3340.63
16 33 -3308.14
16 34 -3255.55
16 35 -3185.91
16 36 -3102.55
16 37 -3008.8
16 38 -2908.12
16 39 -2803.67
16 40 -2698.58
16 41 -2595.57
16 42 -2497.21
16 43 -2405.61
16 44 -2322.76
16 45 -2250.11
16 46 -2189.07
16 47 -2140.54
16 48 -2105.39
16 49 -2084.05
16 50 -2076.94
16 51 -2084.05
16 52 -2105.39
16 53 -2140.54
16 54 -2189.07
16 55 -2250.11
16 56 -2322.76
16 57 -2405.61
16 58 -2497.21
16 59 -2595.57
16 60 -2698.58
16 61 -2803.67
16 62 -2908.12
16 63 -3008.8
16 64 -3102.55
16 65 -3185.91
16 66 -3255.55
16 67 -3308.14
16 68 -3340.63
16 69 -3350.33
16 70 -3335.08
16 71 -3293.39
16 72 -3224.53
16 73 -3128.66
16 74 -3006.82
16 75 -2860.98
16 76 -2693.95
16 77 -2509.29
16 78 -2311.11
16 79 -2103.97
16 80 -1892.53
16 81 -1681.45
16 82 -1475.09
16 83 -1277.34
16 84 -1091.52
16 85 -920.14
16 86 -765.022
16 87 -627.149
16 88 -506.799
16 89 -403.633
16 90 -316.73
16 91 -244.793
16 92 -186.313
16 93 -139.463
16 94 -102.569
16 95 -73.8641
16 96 -51.732
16 97 -34.6026
16 98 -21.1163
16 99 -9.97468
16 100 0

17 0 0
17 1 -12.9256
17 2 -27.2572
17 3 -44.4903
17 4 -66.1739
17 5 -93.9905
17 6 -129.679
17 7 -175.174
17 8 -232.344
17 9 -303.147
17 10 -389.284
17 11 -492.329
17 12 -613.349
17 13 -752.899
17 14 -910.841
17 15 -1086.25
17 16 -1277.34
17 17 -1481.45
17 18 -1695.06
17 19 -1913.93
17 20 -2133.24
17 21 -2347.83
17 22 -2552.39
17 23 -2741.81
17 24 -2911.34
17 25 -3056.9
17 26 -3175.25
17 27 -3264.09
17 28 -3322.22
17 29 -3349.42
17 30 -3346.58
17 31 -3315.42
17 32 -3258.47
17 33 -3178.89
17 34 -3080.21
17 35 -2966.32
17 36 -2841.08
17 37 -2708.43
17 38 -2572.02
17 39 -2435.36
17 40 -2301.52
17 41 -2173.33
17 42 -2053.13
17 43 -1943.03
17 44 -1844.63
17 45 -1759.38
17 46 -1688.27
17 47 -1632.22
17 48 -1591.75
17 49 -1567.33
17 50 -1559.14
17 51 -1567.33
17 52 -1591.75
17 53 -1632.22
17 54 -1688.27
17 55 -1759.38
17 56 -1844.63
17 57 -1943.03
17 58 -2053.13
17 59 -2173.33
17 60 -2301.52
17 61 -2435.36
17 62 -2572.02
17 63 -2708.43
17 64 -2841.08
17 65 -2966.32
17 66 -3080.21
17 67 -3178.89
17 68 -3258.47
17 69 -3315.42
17 70 -3346.58
17 71 -3349.42
17 72 -3322.22
17 73 -3264.09
17 74 -3175.25
17 75 -3056.9
17 76 -2911.34
17 77 -2741.81
17 78 -2552.39
17 79 -2347.83
17 80 -2133.24
17 81 -1913.93
17 82 -1695.06
17 83 -1481.45
17 84 -1277.34
17 85 -1086.25
17 86 -910.841
17 87 -752.899
17 88 -613.349
17 89 -492.329
17 90 -389.284
17 91 -303.147
17 92 -232.344
17 93 -175.174
17 94 -129.679
17 95 -93.9905
17 96 -66.1739
17 97 -44.4903
17 98 -27.2572
17 99 -12.9256
17 100 0

18 0 0
18 1 -16.5095
18 2 -34.7534
18 3 -56.517
18 4 -83.6703
18 5 -118.122
18 6 -161.979
18 7 -217.328
18 8 -286.282
18 9 -370.772
18 10 -472.623
18 11 -593.084
18 12 -733.004
18 13 -892.436
18 14 -1070.57
18 15 -1265.69
18 16 -1475.09
18 17 -1695.06
18 18 -1921.09
18 19 -2147.91
18 20 -2369.82
18 21 -2580.94
18 22 -2775.46
18 23 -2948.02
18 24 -3093.91
18 25 -3209.38
18 26 -3291.76
18 27 -3339.59
18 28 -3352.62
18 29 -3331.78
18 30 -3279.1
18 31 -3197.46
18 32 -3090.49
18 33 -2962.32
18 34 -2817.36
18 35 -2660.1
18 36 -2494.96
18 37 -2326.16
18 38 -2157.55
18 39 -1992.6
18 40 -1834.35
18 41 -1685.35
18 42 -1547.76
18 43 -1423.28
18 44 -1313.31
18 45 -1218.85
18 46 -1140.72
18 47 -1079.44
18 48 -1035.45
18 49 -1008.94
18 50 -1000.11
18 51 -1008.94
18 52 -1035.45
18 53 -1079.44
18 54 -1140.72
18 55 -1218.85
18 56 -1313.31
18 57 -1423.28
18 58 -1547.76
18 59 -1685.35
18 60 -1834.35
18 61 -1992.6
18 62 -2157.55
18 63 -2326.16
18 64 -2494.96
18 65 -2660.1
18 66 -2817.36
18 67 -2962.32
18 68 -3090.49
18 69 -3197.46
18 70 -3279.1
18 71 -3331.78
18 72 -3352.62
18 73 -3339.59
18 74 -3291.76
18 75 -3209.38
18 76 -3093.91
18 77 -2948.02
18 78 -2775.46
18 79 -2580.94
18 80 -2369.82
18 81 -2147.91
18 82 -1921.09
18 83 -1695.06
18 84 -1475.09
18 85 -1265.69
18 86 -1070.57
18 87 -892.436
18 88 -733.004
18 89 -593.084
18 90 -472.623
18 91 -370.772
18 92 -286.282
18 93 -217.328
18 94 -161.979
18 95 -118.122
18 96 -83.6703
18 97 -56.517
18 98 -34.7534
18 99 -16.5095
18 100 0

19 0 0
19 1 -20.8647
19 2 -43.7912
19 3 -70.9417
19 4 -104.498
19 5 -146.726
19 6 -199.922
19 7 -266.462
19 8 -348.52
19 9 -448.136
19 10 -566.859
19 11 -705.831
19 12 -865.323
19 13 -1044.78
19 14 -1242.6
19 15 -1456.08
19 16 -1681.45
19 17 -1913.93
19 18 -2147.91
19 19 -2377.14
19 20 -2595.15
19 21 -2795.44
19 22 -2971.91
19 23 -3119.24
19 24 -3233.03
19 25 -3310.17
19 26 -3348.88
19 27 -3348.8
19 28 -3310.91
19 29 -3237.45
19 30 -3131.73
19 31 -2997.85
19 32 -2840.55
19 33 -2664.85
19 34 -2475.9
19 35 -2278.7
19 36 -2077.98
19 37 -1878.06
19 38 -1682.76
19 39 -1495.37
19 40 -1318.58
19 41 -1154.62
19 42 -1005.18
19 43 -871.569
19 44 -754.684
19 45 -655.18
19 46 -573.44
19 47 -509.73
19 48 -464.156
19 49 -436.805
19 50 -427.68
19 51 -436.805
19 52 -464.156
19 53 -509.73
19 54 -573.44
19 55 -655.18
19 56 -754.684
19 57 -871.569
19 58 -1005.18
19 59 -1154.62
19 60 -1318.58
19 61 -1495.37
19 62 -1682.76
19 63 -1878.06
19 64 -2077.98
19 65 -2278.7
19 66 -2475.9
19 67 -2664.85
19 68 -2840.55
19 69 -2997.85
19 70 -3131.73
19 71 -3237.45
19 72 -3310.91
19 73 -3348.8
19 74 -3348.88
19 75 -3310.17
19 76 -3233.03
19 77 -3119.24
19 78 -2971.91
19 79 -2795.44
19 80 -2595.15
19 81 -2377.14
19 82 -2147.91
19 83 -1913.93
19 84 -1681.45
19 85 -1456.08
19 86 -1242.6
19 87 -1044.78
19 88 -865.323
19 89 -705.831
19 90 -566.859
19 91 -448.136
19 92 -348.52
19 93 -266.462
19 94 -199.922
19 95 -146.726
19 96 -104.498
19 97 -70.9417
19 98 -43.7912
19 99 -20.8647
19 100 0

20 0 0
20 1 -26.0377
20 2 -54.5399
20 3 -88.0137
20 4 -129.023
20 5 -180.126
20 6 -243.938
20 7 -322.916
20 8 -419.396
20 9 -535.285
20 10 -672.001
20 11 -830.103
20 12 -1009.4
20 13 -1208.45
20 14 -1424.69
20 15 -1654.37
20 16 -1892.53
20 17 -2133.24
20 18 -2369.82
20 19 -2595.15
20 20 -2802.06
20 21 -2983.69
20 22 -3133.96
20 23 -3247.82
20 24 -3321.57
20 25 -3353.05
20 26 -3341.67
20 27 -3288.42
20 28 -3195.74
20 29 -3067.3
20 30 -2907.76
20 31 -2722.43
20 32 -2517.05
20 33 -2297.42
20 34 -2069.25
20 35 -1837.81
20 36 -1607.94
20 37 -1383.84
20 38 -1169.03
20 39 -966.405
20 40 -778.185
20 41 -606.04
20 42 -451.104
20 43 -314.125
20 44 -195.484
20 45 -95.3479
20 46 -13.6881
20 47 49.5878
20 48 94.6493
20 49 121.612
20 50 130.594
20 51 121.612
20 52 94.6493
20 53 49.5878
20 54 -13.6881
20 55 -95.3479
20 56 -195.484
20 57 -314.125
20 58 -451.104
20 59 -606.04
20 60 -778.185
20 61 -966.405
20 62 -1169.03
20 63 -1383.84
20 64 -1607.94
20 65 -1837.81
20 66 -2069.25
20 67 -2297.42
20 68 -2517.05
20 69 -2722.43
20 70 -2907.76
20 71 -3067.3
20 72 -3195.74
20 73 -3288.42
20 74 -3341.67
20 75 -3353.05
20 76 -3321.57
20 77 -3247.82
20 78 -3133.96
20 79 -2983.69
20 80 -2802.06
20 81 -2595.15
20 82 -2369.82
20 83 -2133.24
20 84 -1892.53
20 85 -1654.37
20 86 -1424.69
20 87 -1208.45
20 88 -1009.4
20 89 -830.103
20 90 -672.001
20 91 -535.285
20 92 -419.396
20 93 -322.916
20 94 -243.938
20 95 -180.126
20 96 -129.023
20 97 -88.0137
20 98 -54.5399
20 99 -26.0377
20 100 0

21 0 0
21 1 -32.1268
21 2 -67.1438
21 3 -107.969
21 4 -157.502
21 5 -218.661
21 6 -294.253
21 7 -386.945
21 8 -498.997
21 9 -632.206
21 10 -787.53
21 11 -965.12
21 12 -1163.84
21 13 -1381.41
21 14 -1614.14
21 15 -1857.05
21 16 -2103.97
21 17 -2347.83
21 18 -2580.94
21 19 -2795.44
21 20 -2983.69
21 21 -3138.78
21 22 -3254.91
21 23 -3327.7
21 24 -3354.44
21 25 -3334.29
21 26 -3268.1
21 27 -3158.47
21 28 -3009.39
21 29 -2826.06
21 30 -2614.43
21 31 -2380.97
21 32 -2132.24
21 33 -1874.64
21 34 -1614.15
21 35 -1356.14
21 36 -1105.22
21 37 -865.249
21 38 -639.246
21 39 -429.494
21 40 -237.561
21 41 -64.4374
21 42 89.4018
21 43 223.85
21 44 339.089
21 45 435.476
21 46 513.462
21 47 573.521
21 48 616.072
21 49 641.463
21 50 649.898
21 51 641.463
21 52 616.072
21 53 573.521
21 54 513.462
21 55 435.476
21 56 339.089
21 57 223.85
21 58 89.4018
21 59 -64.4374
21 60 -237.561
21 61 -429.494
21 62 -639.246
21 63 -865.249
21 64 -1105.22
21 65 -1356.14
21 66 -1614.15
21 67 -1874.64
21 68 -2132.24
21 69 -2380.97
21 70 -2614.43
21 71 -2826.06
21 72 -3009.39
21 73 -3158.47
21 74 -3268.1
21 75 -3334.29
21 76 -3354.44
21 77 -3327.7
21 78 -3254.91
21 79 -3138.78
21 80 -2983.69
21 81 -2795.44
21 82 -2580.94
21 83 -2347.83
21 84 -2103.97
21 85 -1857.05
21 86 -1614.14
21 87 -1381.41
21 88 -1163.84
21 89 -965.12
21 90 -787.53
21 91 -632.206
21 92 -498.997
21 93 -386.945
21 94 -294.253
21 95 -218.661
21 96 -157.502
21 97 -107.969
21 98 -67.1438
21 99 -32.1268
21 100 0

22 0 0
22 1 -39.211
22 2 -81.7597
22 3 -130.964
22 4 -190.143
22 5 -262.512
22 6 -351.108
22 7 -458.587
22 8 -587.212
22 9 -738.434
22 10 -912.789
22 11 -1109.58
22 12 -1326.91
22 13 -1561.25
22 14 -1807.77
22 15 -2060.19
22 16 -2311.11
22 17 -2552.39
22 18 -2775.46
22 19 -2971.92
22 20 -3133.96
22 21 -3254.91
22 22 -3329.62
22 23 -3354.73
22 24 -3328.93
22 25 -3252.88
22 26 -3129.22
22 27 -2962.23
22 28 -2757.56
22 29 -2521.88
22 30 -2262.38
22 31 -1986.46
22 32 -1701.32
22 33 -1413.65
22 34 -1129.48
22 35 -853.896
22 36 -591.129
22 37 -344.374
22 38 -115.992
22 39 92.5502
22 40 280.434
22 41 447.467
22 42 593.885
22 43 720.24
22 44 827.323
22 45 915.962
22 46 987.074
22 47 1041.42
22 48 1079.73
22 49 1102.48
22 50 1110.05
22 51 1102.48
22 52 1079.73
22 53 1041.42
22 54 987.074
22 55 915.962
22 56 827.323
22 57 720.24
22 58 593.885
22 59 447.467
22 60 280.434
22 61 92.5502
22 62 -115.992
22 63 -344.374
22 64 -591.129
22 65 -853.896
22 66 -1129.48
22 67 -1413.65
22 68 -1701.32
22 69 -1986.46
22 70 -2262.38
22 71 -2521.88
22 72 -2757.56
22 73 -2962.23
22 74 -3129.22
22 75 -3252.88
22 76 -3328.93
22 77 -3354.73
22 78 -3329.62
22 79 -3254.91
22 80 -3133.96
22 81 -2971.92
22 82 -2775.46
22 83 -2552.39
22 84 -2311.11
22 85 -2060.19
22 86 -1807.77
22 87 -1561.25
22 88 -1326.91
22 89 -1109.58
22 90 -912.789
22 91 -738.434
22 92 -587.212
22 93 -458.587
22 94 -351.108
22 95 -262.512
22 96 -190.143
22 97 -130.964
22 98 -81.7597
22 99 -39.211
22 100 0

23 0 0
23 1 -47.3186
23 2 -98.4572
23 3 -157.168
23 4 -227.106
23 5 -311.809
23 6 -414.446
23 7 -537.739
23 8 -683.677
23 9 -853.361
23 10 -1046.63
23 11 -1262.02
23 12 -1496.39
23 13 -1745.17
23 14 -2002.11
23 15 -2259.66
23 16 -2509.29
23 17 -2741.81
23 18 -2948.02
23 19 -3119.23
23 20 -3247.82
23 21 -3327.7
23 22 -3354.73
23 23 -3326.97
23 24 -3244.77
23 25 -3110.62
23 26 -2929
23 27 -2706.02
23 28 -2448.95
23 29 -2165.82
23 30 -1864.84
23 31 -1554.14
23 32 -1241.2
23 33 -932.792
23 34 -634.593
23 35 -351.234
23 36 -86.1921
23 37 158.112
23 38 380.232
23 39 579.572
23 40 756.188
23 41 910.717
23 42 1044.09
23 43 1157.58
23 44 1252.43
23 45 1330.05
23 46 1391.62
23 47 1438.31
23 48 1470.96
23 49 1490.3
23 50 1496.68
23 51 1490.3
23 52 1470.96
23 53 1438.31
23 54 1391.62
23 55 1330.05
23 56 1252.43
23 57 1157.58
23 58 1044.09
23 59 910.717
23 60 756.188
23 61 579.572
23 62 380.232
23 63 158.112
23 64 -86.1921
23 65 -351.234
23 66 -634.593
23 67 -932.792
23 68 -1241.2
23 69 -1554.14
23 70 -1864.84
23 71 -2165.82
23 72 -2448.95
23 73 -2706.02
23 74 -2929
23 75 -3110.62
23 76 -3244.77
23 77 -3326.97
23 78 -3354.73
23 79 -3327.7
23 80 -3247.82
23 81 -3119.23
23 82 -2948.02
23 83 -2741.81
23 84 -2509.29
23 85 -2259.66
23 86 -2002.11
23 87 -1745.17
23 88 -1496.39
23 89 -1262.02
23 90 -1046.63
23 91 -853.361
23 92 -683.677
23 93 -537.739
23 94 -414.446
23 95 -311.809
23 96 -227.106
23 97 -157.168
23 98 -98.4572
23 99 -47.3186
23 100 0

24 0 0
24 1 -56.5235
24 2 -117.334
24 3 -186.614
24 4 -268.42
24 5 -366.516
24 6 -484.194
24 7 -624.044
24 8 -787.823
24 9 -976.011
24 10 -1187.73
24 11 -1420.43
24 12 -1669.9
24 13 -1930.09
24 14 -2193.54
24 15 -2451.38
24 16 -2693.95
24 17 -2911.34
24 18 -3093.91
24 19 -3233.03
24 20 -3321.57
24 21 -3354.44
24 22 -3328.92
24 23 -3244.77
24 24 -3104.25
24 25 -2911.85
24 26 -2674.05
24 27 -2398.7
24 28 -2094.59
24 29 -1770.88
24 30 -1436.61
24 31 -1100.23
24 32 -769.303
24 33 -450.212
24 34 -148.099
24 35 133.221
24 36 391.18
24 37 624.349
24 38 832.289
24 39 1015.34
24 40 1174.51
24 41 1311.16
24 42 1427.02
24 43 1523.83
24 44 1603.47
24 45 1667.6
24 46 1717.82
24 47 1755.41
24 48 1781.5
24 49 1796.82
24 50 1801.89
24 51 1796.82
24 52 1781.5
24 53 1755.41
24 54 1717.82
24 55 1667.6
24 56 1603.47
24 57 1523.83
24 58 1427.02
24 59 1311.16
24 60 1174.51
24 61 1015.34
24 62 832.289
24 63 624.349
24 64 391.18
24 65 133.221
24 66 -148.099
24 67 -450.212
24 68 -769.303
24 69 -1100.23
24 70 -1436.61
24 71 -1770.88
24 72 -2094.59
24 73 -2398.7
24 74 -2674.05
24 75 -2911.85
24 76 -3104.25
24 77 -3244.77
24 78 -3328.92
24 79 -3354.44
24 80 -3321.57
24 81 -3233.03
24 82 -3093.91
24 83 -2911.34
24 84 -2693.95
24 85 -2451.38
24 86 -2193.54
24 87 -1930.09
24 88 -1669.9
24 89 -1420.43
24 90 -1187.73
24 91 -976.011
24 92 -787.823
24 93 -624.044
24 94 -484.194
24 95 -366.516
24 96 -268.42
24 97 -186.614
24 98 -117.334
24 99 -56.5235
24 100 0

25 0 0
25 1 -66.8089
25 2 -138.383
25 3 -219.338
25 4 -314.046
25 5 -426.502
25 6 -560.009
25 7 -717.018
25 8 -898.79
25 9 -1105.21
25 10 -1334.43
25 11 -1582.8
25 12 -1844.72
25 13 -2112.91
25 14 -2378.44
25 15 -2631.32
25 16 -2860.98
25 17 -3056.9
25 18 -3209.38
25 19 -3310.17
25 20 -3353.04
25 21 -3334.29
25 22 -3252.89
25 23 -3110.62
25 24 -2911.85
25 25 -2663.21
25 26 -2373.08
25 27 -2050.98
25 28 -1706.99
25 29 -1351.18
25 30 -993.001
25 31 -640.974
25 32 -302.281
25 33 17.2822
25 34 313.487
25 35 583.517
25 36 825.897
25 37 1040.33
25 38 1227.39
25 39 1388.46
25 40 1525.31
25 41 1640.18
25 42 1735.27
25 43 1812.97
25 44 1875.41
25 45 1924.64
25 46 1962.42
25 47 1990.24
25 48 2009.25
25 49 2020.33
25 50 2023.95
25 51 2020.33
25 52 2009.25
25 53 1990.24
25 54 1962.42
25 55 1924.64
25 56 1875.41
25 57 1812.97
25 58 1735.27
25 59 1640.18
25 60 1525.31
25 61 1388.46
25 62 1227.39
25 63 1040.33
25 64 825.897
25 65 583.517
25 66 313.487
25 67 17.2822
25 68 -302.281
25 69 -640.974
25 70 -993.001
25 71 -1351.18
25 72 -1706.99
25 73 -2050.98
25 74 -2373.08
25 75 -2663.21
25 76 -2911.85
25 77 -3110.62
25 78 -3252.89
25 79 -3334.29
25 80 -3353.04
25 81 -3310.17
25 82 -3209.38
25 83 -3056.9
25 84 -2860.98
25 85 -2631.32
25 86 -2378.44
25 87 -2112.91
25 88 -1844.72
25 89 -1582.8
25 90 -1334.43
25 91 -1105.21
25 92 -898.79
25 93 -717.018
25 94 -560.009
25 95 -426.502
25 96 -314.046
25 97 -219.338
25 98 -138.383
25 99 -66.8089
25 100 0

26 0 0
26 1 -78.1849
26 2 -161.591
26 3 -255.243
26 4 -363.835
26 5 -491.473
26 6 -641.444
26 7 -815.901
26 8 -1015.6
26 9 -1239.55
26 10 -1484.91
26 11 -1746.75
26 12 -2018.19
26 13 -2290.43
26 14 -2553.39
26 15 -2795.94
26 16 -3006.82
26 17 -3175.25
26 18 -3291.76
26 19 -3348.88
26 20 -3341.66
26 21 -3268.1
26 22 -3129.22
26 23 -2929
26 24 -2674.05
26 25 -2373.08
26 26 -2036.3
26 27 -1674.69
26 28 -1299.37
26 29 -920.893
26 30 -548.851
26 31 -191.39
26 32 144.941
26 33 455.331
26 34 736.64
26 35 987.24
26 36 1206.92
26 37 1396.44
26 38 1557.55
26 39 1692.45
26 40 1803.81
26 41 1894.38
26 42 1966.99
26 43 2024.31
26 44 2068.79
26 45 2102.65
26 46 2127.76
26 47 2145.69
26 48 2157.62
26 49 2164.45
26 50 2166.66
26 51 2164.45
26 52 2157.62
26 53 2145.69
26 54 2127.76
26 55 2102.65
26 56 2068.79
26 57 2024.31
26 58 1966.99
26 59 1894.38
26 60 1803.81
26 61 1692.45
26 62 1557.55
26 63 1396.44
26 64 1206.92
26 65 987.24
26 66 736.64
26 67 455.331
26 68 144.941
26 69 -191.39
26 70 -548.851
26 71 -920.893
26 72 -1299.37
26 73 -1674.69
26 74 -2036.3
26 75 -2373.08
26 76 -2674.05
26 77 -2929
26 78 -3129.22
26 79 -3268.1
26 80 -3341.66
26 81 -3348.88
26 82 -3291.76
26 83 -3175.25
26 84 -3006.82
26 85 -2795.94
26 86 -2553.39
26 87 -2290.43
26 88 -2018.19
26 89 -1746.75
26 90 -1484.91
26 91 -1239.55
26 92 -1015.6
26 93 -815.901
26 94 -641.444
26 95 -491.473
26 96 -363.835
26 97 -255.243
26 98 -161.591
26 99 -78.1849
26 100 0

27 0 0
27 1 -90.6155
27 2 -186.874
27 3 -294.188
27 4 -417.503
27 5 -561.025
27 6 -727.883
27 7 -919.857
27 8 -1137
27 9 -1377.46
27 10 -1637.21
27 11 -1910.01
27 12 -2187.53
27 13 -2459.74
27 14 -2715.24
27 15 -2942.13
27 16 -3128.66
27 17 -3264.09
27 18 -3339.59
27 19 -3348.8
27 20 -3288.42
27 21 -3158.47
27 22 -2962.23
27 23 -2706.02
27 24 -2398.7
27 25 -2050.98
27 26 -1674.69
27 27 -1282
27 28 -884.669
27 29 -493.453
27 30 -117.598
27 31 235.396
27 32 560.013
27 33 852.621
27 34 1111.35
27 35 1335.96
27 36 1527.38
27 37 1687.66
27 38 1819.4
27 39 1925.74
27 40 2009.96
27 41 2075.33
27 42 2125.04
27 43 2161.99
27 44 2188.79
27 45 2207.7
27 46 2220.64
27 47 2229.13
27 48 2234.36
27 49 2237.18
27 50 2238.06
27 51 2237.18
27 52 2234.36
27 53 2229.13
27 54 2220.64
27 55 2207.7
27 56 2188.79
27 57 2161.99
27 58 2125.04
27 59 2075.33
27 60 2009.96
27 61 1925.74
27 62 1819.4
27 63 1687.66
27 64 1527.38
27 65 1335.96
27 66 1111.35
27 67 852.621
27 68 560.013
27 69 235.396
27 70 -117.598
27 71 -493.453
27 72 -884.669
27 73 -1282
27 74 -1674.69
27 75 -2050.98
27 76 -2398.7
27 77 -2706.02
27 78 -2962.23
27 79 -3158.47
27 80 -3288.42
27 81 -3348.8
27 82 -3339.59
27 83 -3264.09
27 84 -3128.66
27 85 -2942.13
27 86 -2715.24
27 87 -2459.74
27 88 -2187.53
27 89 -1910.01
27 90 -1637.21
27 91 -1377.46
27 92 -1137
27 93 -919.857
27 94 -727.883
27 95 -561.025
27 96 -417.503
27 97 -294.188
27 98 -186.874
27 99 -90.6155
27 100 0

28 0 0
28 1 -104.022
28 2 -214.088
28 3 -335.943
28 4 -474.723
28 5 -634.611
28 6 -818.545
28 7 -1027.81
28 8 -1261.7
28 9 -1517.27
28 10 -1789.31
28 11 -2070.2
28 12 -2350.24
28 13 -2618.07
28 14 -2861.35
28 15 -3067.47
28 16 -3224.53
28 17 -3322.22
28 18 -3352.62
28 19 -3310.91
28 20 -3195.74
28 21 -3009.39
28 22 -2757.56
