0 0 0
0 1 0
0 2 0
0 3 0
0 4 0
0 5 0
0 6 0
0 7 0
0 8 0
0 9 0
0 10 0
0 11 0
0 12 0
0 13 0
0 14 0
0 15 0
0 16 0
0 17 0
0 18 0
0 19 0
0 20 0
0 21 0
0 22 0
0 23 0
0 24 0
0 25 0
0 26 0
0 27 0
0 28 0
0 29 0
0 30 0
0 31 0
0 32 0
0 33 0
0 34 0
0 35 0
0 36 0
0 37 0
0 38 0
0 39 0
0 40 0
0 41 0
0 42 0
0 43 0
0 44 0
0 45 0
0 46 0
0 47 0
0 48 0
0 49 0
0 50 0
0 51 0
0 52 0
0 53 0
0 54 0
0 55 0
0 56 0
0 57 0
0 58 0
0 59 0
0 60 0
0 61 0
0 62 0
0 63 0
0 64 0
0 65 0
0 66 0
0 67 0
0 68 0
0 69 0
0 70 0
0 71 0
0 72 0
0 73 0
0 74 0
0 75 0
0 76 0
0 77 0
0 78 0
0 79 0
0 80 0
0 81 0
0 82 0
0 83 0
0 84 0
0 85 0
0 86 0
0 87 0
0 88 0
0 89 0
0 90 0
0 91 0
0 92 0
0 93 0
0 94 0
0 95 0
0 96 0
0 97 0
0 98 0
0 99 0
0 100 0

1 0 0
1 1 -0.195983
1 2 -0.450828
1 3 -0.770078
1 4 -1.20428
1 5 -1.70359
1 6 -2.43767
1 7 -3.48825
1 8 -4.85234
1 9 -6.62326
1 10 -8.94765
1 11 -11.906
1 12 -15.635
1 13 -20.2946
1 14 -25.9971
1 15 -32.9036
1 16 -41.1519
1 17 -50.8373
1 18 -62.1001
1 19 -74.9834
1 20 -89.55
1 21 -105.811
1 22 -123.708
1 23 -143.196
1 24 -164.116
1 25 -186.326
1 26 -209.609
1 27 -233.722
1 28 -258.421
1 29 -283.399
1 30 -308.403
1 31 -333.122
1 32 -357.311
1 33 -380.706
1 34 -403.091
1 35 -424.282
1 36 -444.114
1 37 -462.49
1 38 -479.309
1 39 -494.556
1 40 -508.191
1 41 -520.265
1 42 -530.785
1 43 -539.84
1 44 -547.47
1 45 -553.775
1 46 -558.803
1 47 -562.646
1 48 -565.337
1 49 -566.942
1 50 -567.467
1 51 -566.942
1 52 -565.337
1 53 -562.646
1 54 -558.803
1 55 -553.775
1 56 -547.47
1 57 -539.84
1 58 -530.785
1 59 -520.265
1 60 -508.191
1 61 -494.556
1 62 -479.309
1 63 -462.49
1 64 -444.114
1 65 -424.282
1 66 -403.091
1 67 -380.706
1 68 -357.311
1 69 -333.122
1 70 -308.403
1 71 -283.399
1 72 -258.421
1 73 -233.722
1 74 -209.609
1 75 -186.326
1 76 -164.116
1 77 -143.196
1 78 -123.708
1 79 -105.811
1 80 -89.55
1 81 -74.9834
1 82 -62.1001
1 83 -50.8373
1 84 -41.1519
1 85 -32.9036
1 86 -25.9971
1 87 -20.2946
1 88 -15.635
1 89 -11.906
1 90 -8.94765
1 91 -6.62326
1 92 -4.85234
1 93 -3.48825
1 94 -2.43767
1 95 -1.70359
1 96 -1.20428
1 97 -0.770078
1 98 -0.450828
1 99 -0.195983
1 100 0

2 0 0
2 1 -0.450828
2 2 -0.981118
2 3 -1.65275
2 4 -2.46537
2 5 -3.66966
2 6 -5.24174
2 7 -7.37436
2 8 -10.2369
2 9 -13.9558
2 10 -18.7842
2 11 -24.9568
2 12 -32.7087
2 13 -42.3476
2 14 -54.1142
2 15 -68.314
2 16 -85.206
2 17 -105.015
2 18 -127.957
2 19 -154.152
2 20 -183.677
2 21 -216.533
2 22 -252.606
2 23 -291.741
2 24 -333.643
2 25 -377.979
2 26 -424.318
2 27 -472.166
2 28 -521.015
2 29 -570.279
2 30 -619.424
2 31 -667.869
2 32 -715.112
2 33 -760.66
2 34 -804.095
2 35 -845.069
2 36 -883.286
2 37 -918.563
2 38 -950.743
2 39 -979.793
2 40 -1005.69
2 41 -1028.52
2 42 -1048.35
2 43 -1065.34
2 44 -1079.62
2 45 -1091.37
2 46 -1100.72
2 47 -1107.84
2 48 -1112.82
2 49 -1115.78
2 50 -1116.76
2 51 -1115.78
2 52 -1112.82
2 53 -1107.84
2 54 -1100.72
2 55 -1091.37
2 56 -1079.62
2 57 -1065.34
2 58 -1048.35
2 59 -1028.52
2 60 -1005.69
2 61 -979.793
2 62 -950.743
2 63 -918.563
2 64 -883.286
2 65 -845.069
2 66 -804.095
2 67 -760.66
2 68 -715.112
2 69 -667.869
2 70 -619.424
2 71 -570.279
2 72 -521.015
2 73 -472.166
2 74 -424.318
2 75 -377.979
2 76 -333.643
2 77 -291.741
2 78 -252.606
2 79 -216.533
2 80 -183.677
2 81 -154.152
2 82 -127.957
2 83 -105.015
2 84 -85.206
2 85 -68.314
2 86 -54.1142
2 87 -42.3476
2 88 -32.7087
2 89 -24.9568
2 90 -18.7842
2 91 -13.9558
2 92 -10.2369
2 93 -7.37436
2 94 -5.24174
2 95 -3.66966
2 96 -2.46537
2 97 -1.65275
2 98 -0.981118
2 99 -0.450828
2 100 0

3 0 0
3 1 -0.770078
3 2 -1.65275
3 3 -2.68992
3 4 -4.14737
3 5 -6.04278
3 6 -8.6608
3 7 -12.1254
3 8 -16.7172
3 9 -22.7445
3 10 -30.4902
3 11 -40.3294
3 12 -52.6731
3 13 -67.8945
3 14 -86.4439
3 15 -108.699
3 16 -135.05
3 17 -165.823
3 18 -201.271
3 19 -241.566
3 20 -286.768
3 21 -336.81
3 22 -391.512
3 23 -450.54
3 24 -513.456
3 25 -579.684
3 26 -648.555
3 27 -719.324
3 28 -791.174
3 29 -863.286
3 30 -934.811
3 31 -1004.96
3 32 -1072.97
3 33 -1138.17
3 34 -1199.99
3 35 -1257.94
3 36 -1311.68
3 37 -1360.95
3 38 -1405.62
3 39 -1445.66
3 40 -1481.13
3 41 -1512.16
3 42 -1538.94
3 43 -1561.72
3 44 -1580.74
3 45 -1596.29
3 46 -1608.6
3 47 -1617.91
3 48 -1624.42
3 49 -1628.27
3 50 -1629.54
3 51 -1628.27
3 52 -1624.42
3 53 -1617.91
3 54 -1608.6
3 55 -1596.29
3 56 -1580.74
3 57 -1561.72
3 58 -1538.94
3 59 -1512.16
3 60 -1481.13
3 61 -1445.66
3 62 -1405.62
3 63 -1360.95
3 64 -1311.68
3 65 -1257.94
3 66 -1199.99
3 67 -1138.17
3 68 -1072.97
3 69 -1004.96
3 70 -934.811
3 71 -863.286
3 72 -791.174
3 73 -719.324
3 74 -648.555
3 75 -579.684
3 76 -513.456
3 77 -450.54
3 78 -391.512
3 79 -336.81
3 80 -286.768
3 81 -241.566
3 82 -201.271
3 83 -165.823
3 84 -135.05
3 85 -108.699
3 86 -86.4439
3 87 -67.8945
3 88 -52.6731
3 89 -40.3294
3 90 -30.4902
3 91 -22.7445
3 92 -16.7172
3 93 -12.1254
3 94 -8.6608
3 95 -6.04278
3 96 -4.14737
3 97 -2.68992
3 98 -1.65275
3 99 -0.770078
3 100 0

4 0 0
4 1 -1.20428
4 2 -2.46537
4 3 -4.14737
4 4 -6.29427
4 5 -9.18527
4 6 -13.0211
4 7 -18.1822
4 8 -24.9498
4 9 -33.7645
4 10 -45.0372
4 11 -59.2721
4 12 -77.001
4 13 -98.7567
4 14 -125.092
4 15 -156.524
4 16 -193.482
4 17 -236.398
4 18 -285.495
4 19 -340.959
4 20 -402.771
4 21 -470.75
4 22 -544.581
4 23 -623.708
4 24 -707.486
4 25 -795.065
4 26 -885.501
4 27 -977.772
4 28 -1070.76
4 29 -1163.4
4 30 -1254.58
4 31 -1343.3
4 32 -1428.62
4 33 -1509.73
4 34 -1585.97
4 35 -1656.78
4 36 -1721.85
4 37 -1780.9
4 38 -1833.91
4 39 -1880.89
4 40 -1922.08
4 41 -1957.67
4 42 -1988.07
4 43 -2013.59
4 44 -2034.68
4 45 -2051.71
4 46 -2065.07
4 47 -2075.07
4 48 -2082.02
4 49 -2086.09
4 50 -2087.45
4 51 -2086.09
4 52 -2082.02
4 53 -2075.07
4 54 -2065.07
4 55 -2051.71
4 56 -2034.68
4 57 -2013.59
4 58 -1988.07
4 59 -1957.67
4 60 -1922.08
4 61 -1880.89
4 62 -1833.91
4 63 -1780.9
4 64 -1721.85
4 65 -1656.78
4 66 -1585.97
4 67 -1509.73
4 68 -1428.62
4 69 -1343.3
4 70 -1254.58
4 71 -1163.4
4 72 -1070.76
4 73 -977.772
4 74 -885.501
4 75 -795.065
4 76 -707.486
4 77 -623.708
4 78 -544.581
4 79 -470.75
4 80 -402.771
4 81 -340.959
4 82 -285.495
4 83 -236.398
4 84 -193.482
4 85 -156.524
4 86 -125.092
4 87 -98.7567
4 88 -77.001
4 89 -59.2721
4 90 -45.0372
4 91 -33.7645
4 92 -24.9498
4 93 -18.1822
4 94 -13.0211
4 95 -9.18527
4 96 -6.29427
4 97 -4.14737
4 98 -2.46537
4 99 -1.20428
4 100 0

5 0 0
5 1 -1.70359
5 2 -3.66966
5 3 -6.04278
5 4 -9.18527
5 5 -13.308
5 6 -18.8358
5 7 -26.0685
5 8 -35.5835
5 9 -47.8579
5 10 -63.4744
5 11 -83.0538
5 12 -107.272
5 13 -136.761
5 14 -172.202
5 15 -214.166
5 16 -263.175
5 17 -319.614
5 18 -383.728
5 19 -455.565
5 20 -535
5 21 -621.656
5 22 -714.981
5 23 -814.174
5 24 -918.277
5 25 -1026.15
5 26 -1136.54
5 27 -1248.12
5 28 -1359.51
5 29 -1469.37
5 30 -1576.4
5 31 -1679.44
5 32 -1777.42
5 33 -1869.48
5 34 -1954.95
5 35 -2033.32
5 36 -2104.31
5 37 -2167.81
5 38 -2223.91
5 39 -2272.83
5 40 -2314.93
5 41 -2350.65
5 42 -2380.52
5 43 -2405.12
5 44 -2425
5 45 -2440.73
5 46 -2452.81
5 47 -2461.71
5 48 -2467.79
5 49 -2471.33
5 50 -2472.48
5 51 -2471.33
5 52 -2467.79
5 53 -2461.71
5 54 -2452.81
5 55 -2440.73
5 56 -2425
5 57 -2405.12
5 58 -2380.52
5 59 -2350.65
5 60 -2314.93
5 61 -2272.83
5 62 -2223.91
5 63 -2167.81
5 64 -2104.31
5 65 -2033.32
5 66 -1954.95
5 67 -1869.48
5 68 -1777.42
5 69 -1679.44
5 70 -1576.4
5 71 -1469.37
5 72 -1359.51
5 73 -1248.12
5 74 -1136.54
5 75 -1026.15
5 76 -918.277
5 77 -814.174
5 78 -714.981
5 79 -621.656
5 80 -535
5 81 -455.565
5 82 -383.728
5 83 -319.614
5 84 -263.175
5 85 -214.166
5 86 -172.202
5 87 -136.761
5 88 -107.272
5 89 -83.0538
5 90 -63.4744
5 91 -47.8579
5 92 -35.5835
5 93 -26.0685
5 94 -18.8358
5 95 -13.308
5 96 -9.18527
5 97 -6.04278
5 98 -3.66966
5 99 -1.70359
5 100 0

6 0 0
6 1 -2.43767
6 2 -5.24174
6 3 -8.6608
6 4 -13.0211
6 5 -18.8358
6 6 -26.4281
6 7 -36.4405
6 8 -49.3733
6 9 -65.975
6 10 -86.9488
6 11 -113.053
6 12 -145.039
6 13 -183.731
6 14 -229.796
6 15 -283.907
6 16 -346.557
6 17 -418.073
6 18 -498.59
6 19 -587.996
6 20 -685.912
6 21 -791.738
6 22 -904.557
6 23 -1023.29
6 24 -1146.58
6 25 -1272.97
6 26 -1400.87
6 27 -1528.63
6 28 -1654.65
6 29 -1777.35
6 30 -1895.32
6 31 -2007.25
6 32 -2112.12
6 33 -2209.05
6 34 -2297.48
6 35 -2377.05
6 36 -2447.65
6 37 -2509.38
6 38 -2562.56
6 39 -2607.65
6 40 -2645.27
6 41 -2676.1
6 42 -2700.91
6 43 -2720.49
6 44 -2735.6
6 45 -2746.98
6 46 -2755.3
6 47 -2761.13
6 48 -2764.96
6 49 -2767.11
6 50 -2767.8
6 51 -2767.11
6 52 -2764.96
6 53 -2761.13
6 54 -2755.3
6 55 -2746.98
6 56 -2735.6
6 57 -2720.49
6 58 -2700.91
6 59 -2676.1
6 60 -2645.27
6 61 -2607.65
6 62 -2562.56
6 63 -2509.38
6 64 -2447.65
6 65 -2377.05
6 66 -2297.48
6 67 -2209.05
6 68 -2112.12
6 69 -2007.25
6 70 -1895.32
6 71 -1777.35
6 72 -1654.65
6 73 -1528.63
6 74 -1400.87
6 75 -1272.97
6 76 -1146.58
6 77 -1023.29
6 78 -904.557
6 79 -791.738
6 80 -685.912
6 81 -587.996
6 82 -498.59
6 83 -418.073
6 84 -346.557
6 85 -283.907
6 86 -229.796
6 87 -183.731
6 88 -145.039
6 89 -113.053
6 90 -86.9488
6 91 -65.975
6 92 -49.3733
6 93 -36.4405
6 94 -26.4281
6 95 -18.8358
6 96 -13.0211
6 97 -8.6608
6 98 -5.24174
6 99 -2.43767
6 100 0

7 0 0
7 1 -3.48825
7 2 -7.37436
7 3 -12.1254
7 4 -18.1822
7 5 -26.0685
7 6 -36.4405
7 7 -49.8569
7 8 -67.2049
7 9 -89.1492
7 10 -116.673
7 11 -150.649
7 12 -191.94
7 13 -241.414
7 14 -299.842
7 15 -367.791
7 16 -445.753
7 17 -533.851
7 18 -632.055
7 19 -739.966
7 20 -856.898
7 21 -981.881
7 22 -1113.62
7 23 -1250.6
7 24 -1391.12
7 25 -1533.29
7 26 -1675.23
7 27 -1814.99
7 28 -1950.75
7 29 -2080.79
7 30 -2203.63
7 31 -2318.01
7 32 -2422.94
7 33 -2517.75
7 34 -2602.03
7 35 -2675.72
7 36 -2738.95
7 37 -2792.18
7 38 -2835.99
7 39 -2871.2
7 40 -2898.69
7 41 -2919.49
7 42 -2934.59
7 43 -2945.03
7 44 -2951.8
7 45 -2955.82
7 46 -2957.9
7 47 -2958.76
7 48 -2958.96
7 49 -2958.91
7 50 -2958.87
7 51 -2958.91
7 52 -2958.96
7 53 -2958.76
7 54 -2957.9
7 55 -2955.82
7 56 -2951.8
7 57 -2945.03
7 58 -2934.59
7 59 -2919.49
7 60 -2898.69
7 61 -2871.2
7 62 -2835.99
7 63 -2792.18
7 64 -2738.95
7 65 -2675.72
7 66 -2602.03
7 67 -2517.75
7 68 -2422.94
7 69 -2318.01
7 70 -2203.63
7 71 -2080.79
7 72 -1950.75
7 73 -1814.99
7 74 -1675.23
7 75 -1533.29
7 76 -1391.12
7 77 -1250.6
7 78 -1113.62
7 79 -981.881
7 80 -856.898
7 81 -739.966
7 82 -632.055
7 83 -533.851
7 84 -445.753
7 85 -367.791
7 86 -299.842
7 87 -241.414
7 88 -191.94
7 89 -150.649
7 90 -116.673
7 91 -89.1492
7 92 -67.2049
7 93 -49.8569
7 94 -36.4405
7 95 -26.0685
7 96 -18.1822
7 97 -12.1254
7 98 -7.37436
7 99 -3.48825
7 100 0

8 0 0
8 1 -4.85234
8 2 -10.2369
8 3 -16.7172
8 4 -24.9498
8 5 -35.5835
8 6 -49.3733
8 7 -67.2049
8 8 -89.8576
8 9 -118.466
8 10 -153.909
8 11 -197.285
8 12 -249.547
8 13 -311.565
8 14 -384.061
8 15 -467.588
8 16 -562.365
8 17 -668.388
8 18 -785.224
8 19 -912.161
8 20 -1048.06
8 21 -1191.51
8 22 -1340.73
8 23 -1493.77
8 24 -1648.48
8 25 -1802.61
8 26 -1953.95
8 27 -2100.34
8 28 -2239.8
8 29 -2370.6
8 30 -2491.28
8 31 -2600.72
8 32 -2698.16
8 33 -2783.18
8 34 -2855.74
8 35 -2916.09
8 36 -2964.81
8 37 -3002.69
8 38 -3030.74
8 39 -3050.12
8 40 -3062.09
8 41 -3067.94
8 42 -3068.99
8 43 -3066.5
8 44 -3061.69
8 45 -3055.62
8 46 -3049.29
8 47 -3043.47
8 48 -3038.86
8 49 -3035.89
8 50 -3034.88
8 51 -3035.89
8 52 -3038.86
8 53 -3043.47
8 54 -3049.29
8 55 -3055.62
8 56 -3061.69
8 57 -3066.5
8 58 -3068.99
8 59 -3067.94
8 60 -3062.09
8 61 -3050.12
8 62 -3030.74
8 63 -3002.69
8 64 -2964.81
8 65 -2916.09
8 66 -2855.74
8 67 -2783.18
8 68 -2698.16
8 69 -2600.72
8 70 -2491.28
8 71 -2370.6
8 72 -2239.8
8 73 -2100.34
8 74 -1953.95
8 75 -1802.61
8 76 -1648.48
8 77 -1493.77
8 78 -1340.73
8 79 -1191.51
8 80 -1048.06
8 81 -912.161
8 82 -785.224
8 83 -668.388
8 84 -562.365
8 85 -467.588
8 86 -384.061
8 87 -311.565
8 88 -249.547
8 89 -197.285
8 90 -153.909
8 91 -118.466
8 92 -89.8576
8 93 -67.2049
8 94 -49.3733
8 95 -35.5835
8 96 -24.9498
8 97 -16.7172
8 98 -10.2369
8 99 -4.85234
8 100 0

9 0 0
9 1 -6.62326
9 2 -13.9558
9 3 -22.7445
9 4 -33.7645
9 5 -47.858
9 6 -65.975
9 7 -89.1492
9 8 -118.466
9 9 -154.969
9 10 -199.955
9 11 -254.372
9 12 -319.339
9 13 -395.652
9 14 -483.943
9 15 -584.562
9 16 -697.49
9 17 -822.321
9 18 -958.268
9 19 -1104.04
9 20 -1258.08
9 21 -1418.34
9 22 -1582.61
9 23 -1748.37
9 24 -1913.07
9 25 -2074.14
9 26 -2229.07
9 27 -2375.61
9 28 -2511.72
9 29 -2635.77
9 30 -2746.48
9 31 -2843.01
9 32 -2924.95
9 33 -2992.31
9 34 -3045.48
9 35 -3085.18
9 36 -3112.47
9 37 -3128.59
9 38 -3134.99
9 39 -3133.22
9 40 -3124.9
9 41 -3111.64
9 42 -3095
9 43 -3076.49
9 44 -3057.48
9 45 -3039.21
9 46 -3022.74
9 47 -3009
9 48 -2998.66
9 49 -2992.26
9 50 -2990.08
9 51 -2992.26
9 52 -2998.66
9 53 -3009
9 54 -3022.74
9 55 -3039.21
9 56 -3057.48
9 57 -3076.49
9 58 -3095
9 59 -3111.64
9 60 -3124.9
9 61 -3133.22
9 62 -3134.99
9 63 -3128.59
9 64 -3112.47
9 65 -3085.18
9 66 -3045.48
9 67 -2992.31
9 68 -2924.95
9 69 -2843.01
9 70 -2746.48
9 71 -2635.77
9 72 -2511.72
9 73 -2375.61
9 74 -2229.07
9 75 -2074.14
9 76 -1913.07
9 77 -1748.37
9 78 -1582.61
9 79 -1418.34
9 80 -1258.08
9 81 -1104.04
9 82 -958.268
9 83 -822.321
9 84 -697.49
9 85 -584.562
9 86 -483.943
9 87 -395.652
9 88 -319.339
9 89 -254.372
9 90 -199.955
9 91 -154.969
9 92 -118.466
9 93 -89.1492
9 94 -65.975
9 95 -47.858
9 96 -33.7645
9 97 -22.7445
9 98 -13.9558
9 99 -6.62326
9 100 0

10 0 0
10 1 -8.94766
10 2 -18.7842
10 3 -30.4902
10 4 -45.0372
10 5 -63.4744
10 6 -86.9488
10 7 -116.673
10 8 -153.909
10 9 -199.955
10 10 -255.962
10 11 -323.216
10 12 -402.594
10 13 -494.9
10 14 -600.507
10 15 -719.493
10 16 -851.412
10 17 -995.427
10 18 -1150.15
10 19 -1313.79
10 20 -1484.08
10 21 -1658.47
10 22 -1834.11
10 23 -2008.08
10 24 -2177.37
10 25 -2339.17
10 26 -2490.83
10 27 -2630.05
10 28 -2754.96
10 29 -2864.12
10 30 -2956.64
10 31 -3032.08
10 32 -3090.57
10 33 -3132.61
10 34 -3159.19
10 35 -3171.56
10 36 -3171.32
10 37 -3160.19
10 38 -3140.09
10 39 -3112.94
10 40 -3080.69
10 41 -3045.23
10 42 -3008.36
10 43 -2971.74
10 44 -2936.86
10 45 -2905.07
10 46 -2877.49
10 47 -2855.06
10 48 -2838.52
10 49 -2828.39
10 50 -2824.97
10 51 -2828.39
10 52 -2838.52
10 53 -2855.06
10 54 -2877.49
10 55 -2905.07
10 56 -2936.86
10 57 -2971.74
10 58 -3008.36
10 59 -3045.23
10 60 -3080.69
10 61 -3112.94
10 62 -3140.09
10 63 -3160.19
10 64 -3171.32
10 65 -3171.56
10 66 -3159.19
10 67 -3132.61
10 68 -3090.57
10 69 -3032.08
10 70 -2956.64
10 71 -2864.12
10 72 -2754.96
10 73 -2630.05
10 74 -2490.83
10 75 -2339.17
10 76 -2177.37
10 77 -2008.08
10 78 -1834.11
10 79 -1658.47
10 80 -1484.08
10 81 -1313.79
10 82 -1150.15
10 83 -995.427
10 84 -851.412
10 85 -719.493
10 86 -600.507
10 87 -494.9
10 88 -402.594
10 89 -323.216
10 90 -255.962
10 91 -199.955
10 92 -153.909
10 93 -116.673
10 94 -86.9488
10 95 -63.4744
10 96 -45.0372
10 97 -30.4902
10 98 -18.7842
10 99 -8.94766
10 100 0

11 0 0
11 1 -11.906
11 2 -24.9568
11 3 -40.3294
11 4 -59.2721
11 5 -83.0538
11 6 -113.053
11 7 -150.649
11 8 -197.285
11 9 -254.372
11 10 -323.216
11 11 -404.9
11 12 -500.388
11 13 -610.122
11 14 -734.273
11 15 -872.374
11 16 -1023.57
11 17 -1186.34
11 18 -1358.7
11 19 -1538.13
11 20 -1721.74
11 21 -1906.32
11 22 -2088.51
11 23 -2264.91
11 24 -2432.26
11 25 -2587.55
11 26 -2728.16
11 27 -2851.94
11 28 -2957.31
11 29 -3043.27
11 30 -3109.41
11 31 -3155.94
11 32 -3183.56
11 33 -3193.47
11 34 -3187.25
11 35 -3166.81
11 36 -3134.25
11 37 -3091.83
11 38 -3041.84
11 39 -2986.58
11 40 -2928.26
11 41 -2868.99
11 42 -2810.68
11 43 -2755.12
11 44 -2703.84
11 45 -2658.2
11 46 -2619.32
11 47 -2588.15
11 48 -2565.37
11 49 -2551.51
11 50 -2546.85
11 51 -2551.51
11 52 -2565.37
11 53 -2588.15
11 54 -2619.32
11 55 -2658.2
11 56 -2703.84
11 57 -2755.12
11 58 -2810.68
11 59 -2868.99
11 60 -2928.26
11 61 -2986.58
11 62 -3041.84
11 63 -3091.83
11 64 -3134.25
11 65 -3166.81
11 66 -3187.25
11 67 -3193.47
11 68 -3183.56
11 69 -3155.94
11 70 -3109.41
11 71 -3043.27
11 72 -2957.31
11 73 -2851.94
11 74 -2728.16
11 75 -2587.55
11 76 -2432.26
11 77 -2264.91
11 78 -2088.51
11 79 -1906.32
11 80 -1721.74
11 81 -1538.13
11 82 -1358.7
11 83 -1186.34
11 84 -1023.57
11 85 -872.374
11 86 -734.273
11 87 -610.122
11 88 -500.388
11 89 -404.9
11 90 -323.216
11 91 -254.372
11 92 -197.285
11 93 -150.649
11 94 -113.053
11 95 -83.0538
11 96 -59.2721
11 97 -40.3294
11 98 -24.9568
11 99 -11.906
11 100 0

12 0 0
12 1 -15.635
12 2 -32.7087
12 3 -52.6731
12 4 -77.001
12 5 -107.272
12 6 -145.039
12 7 -191.94
12 8 -249.547
12 9 -319.339
12 10 -402.594
12 11 -500.388
12 12 -613.335
12 13 -741.674
12 14 -885.036
12 15 -1042.49
12 16 -1212.4
12 17 -1392.67
12 18 -1580.42
12 19 -1772.51
12 20 -1965.28
12 21 -2154.94
12 22 -2337.64
12 23 -2509.64
12 24 -2667.55
12 25 -2808.34
12 26 -2929.6
12 27 -3029.54
12 28 -3107.06
12 29 -3161.79
12 30 -3193.98
12 31 -3204.61
12 32 -3195.09
12 33 -3167.39
12 34 -3123.73
12 35 -3066.66
12 36 -2998.79
12 37 -2922.83
12 38 -2841.44
12 39 -2757.14
12 40 -2672.38
12 41 -2589.3
12 42 -2509.93
12 43 -2435.98
12 44 -2369
12 45 -2310.24
12 46 -2260.8
12 47 -2221.47
12 48 -2192.96
12 49 -2175.65
12 50 -2169.87
12 51 -2175.65
12 52 -2192.96
12 53 -2221.47
12 54 -2260.8
12 55 -2310.24
12 56 -2369
12 57 -2435.98
12 58 -2509.93
12 59 -2589.3
12 60 -2672.38
12 61 -2757.14
12 62 -2841.44
12 63 -2922.83
12 64 -2998.79
12 65 -3066.66
12 66 -3123.73
12 67 -3167.39
12 68 -3195.09
12 69 -3204.61
12 70 -3193.98
12 71 -3161.79
12 72 -3107.06
12 73 -3029.54
12 74 -2929.6
12 75 -2808.34
12 76 -2667.55
12 77 -2509.64
12 78 -2337.64
12 79 -2154.94
12 80 -1965.28
12 81 -1772.51
12 82 -1580.42
12 83 -1392.67
12 84 -1212.4
12 85 -1042.49
12 86 -885.036
12 87 -741.674
12 88 -613.335
12 89 -500.388
12 90 -402.594
12 91 -319.339
12 92 -249.547
12 93 -191.94
12 94 -145.039
12 95 -107.272
12 96 -77.001
12 97 -52.6731
12 98 -32.7087
12 99 -15.635
12 100 0

13 0 0
13 1 -20.2946
13 2 -42.3475
13 3 -67.8945
13 4 -98.7567
13 5 -136.761
13 6 -183.731
13 7 -241.414
13 8 -311.565
13 9 -395.652
13 10 -494.9
13 11 -610.121
13 12 -741.674
13 13 -889.273
13 14 -1051.98
13 15 -1228.15
13 16 -1415.44
13 17 -1610.79
13 18 -1810.7
13 19 -2011.08
13 20 -2207.72
13 21 -2396.23
13 22 -2572.42
13 23 -2732.37
13 24 -2872.69
13 25 -2990.62
13 26 -3084.14
13 27 -3152.04
13 28 -3193.93
13 29 -3210.24
13 30 -3202.08
13 31 -3171.24
13 32 -3119.99
13 33 -3051.01
13 34 -2967.26
13 35 -2871.79
13 36 -2767.74
13 37 -2658.12
13 38 -2545.86
13 39 -2433.62
13 40 -2323.86
13 41 -2218.76
13 42 -2120.23
13 43 -2029.88
13 44 -1949.12
13 45 -1879.03
13 46 -1820.56
13 47 -1774.39
13 48 -1741.06
13 49 -1720.91
13 50 -1714.18
13 51 -1720.91
13 52 -1741.06
13 53 -1774.39
13 54 -1820.56
13 55 -1879.03
13 56 -1949.12
13 57 -2029.88
13 58 -2120.23
13 59 -2218.76
13 60 -2323.86
13 61 -2433.62
13 62 -2545.86
13 63 -2658.12
13 64 -2767.74
13 65 -2871.79
13 66 -2967.26
13 67 -3051.01
13 68 -3119.99
13 69 -3171.24
13 70 -3202.08
13 71 -3210.24
13 72 -3193.93
13 73 -3152.04
13 74 -3084.14
13 75 -2990.62
13 76 -2872.69
13 77 -2732.37
13 78 -2572.42
13 79 -2396.23
13 80 -2207.72
13 81 -2011.08
13 82 -1810.7
13 83 -1610.79
13 84 -1415.44
13 85 -1228.15
13 86 -1051.98
13 87 -889.273
13 88 -741.674
13 89 -610.121
13 90 -494.9
13 91 -395.652
13 92 -311.565
13 93 -241.414
13 94 -183.731
13 95 -136.761
13 96 -98.7567
13 97 -67.8945
13 98 -42.3475
13 99 -20.2946
13 100 0

14 0 0
14 1 -25.9971
14 2 -54.1142
14 3 -86.4439
14 4 -125.092
14 5 -172.202
14 6 -229.796
14 7 -299.842
14 8 -384.061
14 9 -483.943
14 10 -600.507
14 11 -734.273
14 12 -885.036
14 13 -1051.98
14 14 -1233.42
14 15 -1426.86
14 16 -1629.1
14 17 -1836.21
14 18 -2043.78
14 19 -2247.09
14 20 -2441.21
14 21 -2621.45
14 22 -2783.33
14 23 -2923.06
14 24 -3037.43
14 25 -3124.21
14 26 -3182.02
14 27 -3210.47
14 28 -3210.08
14 29 -3182.2
14 30 -3128.94
14 31 -3052.99
14 32 -2957.47
14 33 -2845.82
14 34 -2721.56
14 35 -2588.29
14 36 -2449.43
14 37 -2308.27
14 38 -2167.75
14 39 -2030.6
14 40 -1899.13
14 41 -1775.4
14 42 -1661.07
14 43 -1557.58
14 44 -1466.01
14 45 -1387.3
14 46 -1322.08
14 47 -1270.89
14 48 -1234.08
14 49 -1211.92
14 50 -1204.51
14 51 -1211.92
14 52 -1234.08
14 53 -1270.89
14 54 -1322.08
14 55 -1387.3
14 56 -1466.01
14 57 -1557.58
14 58 -1661.07
14 59 -1775.4
14 60 -1899.13
14 61 -2030.6
14 62 -2167.75
14 63 -2308.27
14 64 -2449.43
14 65 -2588.29
14 66 -2721.56
14 67 -2845.82
14 68 -2957.47
14 69 -3052.99
14 70 -3128.94
14 71 -3182.2
14 72 -3210.08
14 73 -3210.47
14 74 -3182.02
14 75 -3124.21
14 76 -3037.43
14 77 -2923.06
14 78 -2783.33
14 79 -2621.45
14 80 -2441.21
14 81 -2247.09
14 82 -2043.78
14 83 -1836.21
14 84 -1629.1
14 85 -1426.86
14 86 -1233.42
14 87 -1051.98
14 88 -885.036
14 89 -734.273
14 90 -600.507
14 91 -483.943
14 92 -384.061
14 93 -299.842
14 94 -229.796
14 95 -172.202
14 96 -125.092
14 97 -86.4439
14 98 -54.1142
14 99 -25.9971
14 100 0

15 0 0
15 1 -32.9036
15 2 -68.314
15 3 -108.699
15 4 -156.524
15 5 -214.166
15 6 -283.907
15 7 -367.791
15 8 -467.588
15 9 -584.562
15 10 -719.493
15 11 -872.374
15 12 -1042.49
15 13 -1228.15
15 14 -1426.86
15 15 -1635.22
15 16 -1848.99
15 17 -2063.41
15 18 -2273.22
15 19 -2473.02
15 20 -2657.49
15 21 -2821.63
15 22 -2961.1
15 23 -3072.29
15 24 -3152.65
15 25 -3200.58
15 26 -3215.7
15 27 -3198.56
15 28 -3150.83
15 29 -3074.88
15 30 -2973.91
15 31 -2851.48
15 32 -2711.56
15 33 -2558.22
15 34 -2395.51
15 35 -2227.35
15 36 -2057.33
15 37 -1888.79
15 38 -1724.61
15 39 -1567.32
15 40 -1419
15 41 -1281.39
15 42 -1155.85
15 43 -1043.42
15 44 -944.918
15 45 -860.896
15 46 -791.774
15 47 -737.794
15 48 -699.152
15 49 -675.924
15 50 -668.183
15 51 -675.924
15 52 -699.152
15 53 -737.794
15 54 -791.774
15 55 -860.896
15 56 -944.918
15 57 -1043.42
15 58 -1155.85
15 59 -1281.39
15 60 -1419
15 61 -1567.32
15 62 -1724.61
15 63 -1888.79
15 64 -2057.33
15 65 -2227.35
15 66 -2395.51
15 67 -2558.22
15 68 -2711.56
15 69 -2851.48
15 70 -2973.91
15 71 -3074.88
15 72 -3150.83
15 73 -3198.56
15 74 -3215.7
15 75 -3200.58
15 76 -3152.65
15 77 -3072.29
15 78 -2961.1
15 79 -2821.63
15 80 -2657.49
15 81 -2473.02
15 82 -2273.22
15 83 -2063.41
15 84 -1848.99
15 85 -1635.22
15 86 -1426.86
15 87 -1228.15
15 88 -1042.49
15 89 -872.374
15 90 -719.493
15 91 -584.562
15 92 -467.588
15 93 -367.791
15 94 -283.907
15 95 -214.166
15 96 -156.524
15 97 -108.699
15 98 -68.314
15 99 -32.9036
15 100 0

16 0 0
16 1 -41.1519
16 2 -85.206
16 3 -135.05
16 4 -193.482
16 5 -263.175
16 6 -346.557
16 7 -445.753
16 8 -562.365
16 9 -697.49
16 10 -851.412
16 11 -1023.57
16 12 -1212.4
16 13 -1415.44
16 14 -1629.1
16 15 -1848.99
16 16 -2069.96
16 17 -2286.25
16 18 -2491.98
16 19 -2681.16
16 20 -2848.24
16 21 -2988.27
16 22 -3097.18
16 23 -3172.02
16 24 -3210.95
16 25 -3213.53
16 26 -3180.34
16 27 -3113.33
16 28 -3015.19
16 29 -2889.6
16 30 -2740.63
16 31 -2572.86
16 32 -2390.87
16 33 -2199.31
16 34 -2002.51
16 35 -1804.55
16 36 -1609.04
16 37 -1419.13
16 38 -1237.45
16 39 -1066.2
16 40 -907.05
16 41 -761.311
16 42 -629.896
16 43 -513.441
16 44 -412.327
16 45 -326.764
16 46 -256.822
16 47 -202.507
16 48 -163.767
16 49 -140.552
16 50 -132.818
16 51 -140.552
16 52 -163.767
16 53 -202.507
16 54 -256.822
16 55 -326.764
16 56 -412.327
16 57 -513.441
16 58 -629.896
16 59 -761.311
16 60 -907.05
16 61 -1066.2
16 62 -1237.45
16 63 -1419.13
16 64 -1609.04
16 65 -1804.55
16 66 -2002.51
16 67 -2199.31
16 68 -2390.87
16 69 -2572.86
16 70 -2740.63
16 71 -2889.6
16 72 -3015.19
16 73 -3113.33
16 74 -3180.34
16 75 -3213.53
16 76 -3210.95
16 77 -3172.02
16 78 -3097.18
16 79 -2988.27
16 80 -2848.24
16 81 -2681.16
16 82 -2491.98
16 83 -2286.25
16 84 -2069.96
16 85 -1848.99
16 86 -1629.1
16 87 -1415.44
16 88 -1212.4
16 89 -1023.57
16 90 -851.412
16 91 -697.49
16 92 -562.365
16 93 -445.753
16 94 -346.557
16 95 -263.175
16 96 -193.482
16 97 -135.05
16 98 -85.206
16 99 -41.1519
16 100 0

17 0 0
17 1 -50.8373
17 2 -105.015
17 3 -165.823
17 4 -236.398
17 5 -319.614
17 6 -418.073
17 7 -533.851
17 8 -668.388
17 9 -822.321
17 10 -995.426
17 11 -1186.34
17 12 -1392.67
17 13 -1610.79
17 14 -1836.21
17 15 -2063.41
17 16 -2286.25
17 17 -2498.28
17 18 -2692.89
17 19 -2863.91
17 20 -3005.72
17 21 -3113.74
17 22 -3184.51
17 23 -3215.95
17 24 -3207.39
17 25 -3159.55
17 26 -3074.49
17 27 -2955.32
17 28 -2806.17
17 29 -2631.67
17 30 -2437.04
17 31 -2227.43
17 32 -2008.15
17 33 -1783.98
17 34 -1559.54
17 35 -1338.7
17 36 -1124.94
17 37 -921.001
17 38 -729.135
17 39 -550.97
17 40 -387.708
17 41 -240.085
17 42 -108.517
17 43 6.86213
17 44 106.113
17 45 189.419
17 46 257.054
17 47 309.279
17 48 346.382
17 49 368.542
17 50 375.922
17 51 368.542
17 52 346.382
17 53 309.279
17 54 257.054
17 55 189.419
17 56 106.113
17 57 6.86213
17 58 -108.517
17 59 -240.085
17 60 -387.708
17 61 -550.97
17 62 -729.135
17 63 -921.001
17 64 -1124.94
17 65 -1338.7
17 66 -1559.54
17 67 -1783.98
17 68 -2008.15
17 69 -2227.43
17 70 -2437.04
17 71 -2631.67
17 72 -2806.17
17 73 -2955.32
17 74 -3074.49
17 75 -3159.55
17 76 -3207.39
17 77 -3215.95
17 78 -3184.51
17 79 -3113.74
17 80 -3005.72
17 81 -2863.91
17 82 -2692.89
17 83 -2498.28
17 84 -2286.25
17 85 -2063.41
17 86 -1836.21
17 87 -1610.79
17 88 -1392.67
17 89 -1186.34
17 90 -995.426
17 91 -822.321
17 92 -668.388
17 93 -533.851
17 94 -418.073
17 95 -319.614
17 96 -236.398
17 97 -165.823
17 98 -105.015
17 99 -50.8373
17 100 0

18 0 0
18 1 -62.1001
18 2 -127.957
18 3 -201.271
18 4 -285.495
18 5 -383.728
18 6 -498.59
18 7 -632.055
18 8 -785.224
18 9 -958.268
18 10 -1150.15
18 11 -1358.7
18 12 -1580.42
18 13 -1810.7
18 14 -2043.78
18 15 -2273.22
18 16 -2491.98
18 17 -2692.89
18 18 -2869.08
18 19 -3014.24
18 20 -3123.17
18 21 -3191.85
18 22 -3217.83
18 23 -3200.2
18 24 -3139.66
18 25 -3038.43
18 26 -2899.96
18 27 -2728.85
18 28 -2530.35
18 29 -2310.3
18 30 -2074.55
18 31 -1829.02
18 32 -1579.13
18 33 -1329.95
18 34 -1085.79
18 35 -850.373
18 36 -626.603
18 37 -416.807
18 38 -222.527
18 39 -44.8719
18 40 115.687
18 41 258.928
18 42 385.079
18 43 494.453
18 44 587.621
18 45 665.119
18 46 727.572
18 47 775.497
18 48 809.384
18 49 829.562
18 50 836.268
18 51 829.562
18 52 809.384
18 53 775.497
18 54 727.572
18 55 665.119
18 56 587.621
18 57 494.453
18 58 385.079
18 59 258.928
18 60 115.687
18 61 -44.8719
18 62 -222.527
18 63 -416.807
18 64 -626.603
18 65 -850.373
18 66 -1085.79
18 67 -1329.95
18 68 -1579.13
18 69 -1829.02
18 70 -2074.55
18 71 -2310.3
18 72 -2530.35
18 73 -2728.85
18 74 -2899.96
18 75 -3038.43
18 76 -3139.66
18 77 -3200.2
18 78 -3217.83
18 79 -3191.85
18 80 -3123.17
18 81 -3014.24
18 82 -2869.08
18 83 -2692.89
18 84 -2491.98
18 85 -2273.22
18 86 -2043.78
18 87 -1810.7
18 88 -1580.42
18 89 -1358.7
18 90 -1150.15
18 91 -958.268
18 92 -785.224
18 93 -632.055
18 94 -498.59
18 95 -383.728
18 96 -285.495
18 97 -201.271
18 98 -127.957
18 99 -62.1001
18 100 0

19 0 0
19 1 -74.9834
19 2 -154.152
19 3 -241.566
19 4 -340.959
19 5 -455.565
19 6 -587.996
19 7 -739.966
19 8 -912.161
19 9 -1104.04
19 10 -1313.78
19 11 -1538.13
19 12 -1772.51
19 13 -2011.08
19 14 -2247.09
19 15 -2473.02
19 16 -2681.16
19 17 -2863.91
19 18 -3014.24
19 19 -3126.23
19 20 -3195.23
19 21 -3218.27
19 22 -3194.15
19 23 -3123.45
19 24 -3008.44
19 25 -2852.95
19 26 -2661.96
19 27 -2441.39
19 28 -2197.71
19 29 -1937.57
19 30 -1667.51
19 31 -1393.67
19 32 -1121.63
19 33 -856.177
19 34 -601.345
19 35 -360.215
19 36 -135.193
19 37 72.246
19 38 261.126
19 39 431.212
19 40 582.561
19 41 715.732
19 42 831.39
19 43 930.468
19 44 1013.87
19 45 1082.57
19 46 1137.42
19 47 1179.22
19 48 1208.6
19 49 1226.04
19 50 1231.82
19 51 1226.04
19 52 1208.6
19 53 1179.22
19 54 1137.42
19 55 1082.57
19 56 1013.87
19 57 930.468
19 58 831.39
19 59 715.732
19 60 582.561
19 61 431.212
19 62 261.126
19 63 72.246
19 64 -135.193
19 65 -360.215
19 66 -601.345
19 67 -856.177
19 68 -1121.63
19 69 -1393.67
19 70 -1667.51
19 71 -1937.57
19 72 -2197.71
19 73 -2441.39
19 74 -2661.96
19 75 -2852.95
19 76 -3008.44
19 77 -3123.45
19 78 -3194.15
19 79 -3218.27
19 80 -3195.23
19 81 -3126.23
19 82 -3014.24
19 83 -2863.91
19 84 -2681.16
19 85 -2473.02
19 86 -2247.09
19 87 -2011.08
19 88 -1772.51
19 89 -1538.13
19 90 -1313.78
19 91 -1104.04
19 92 -912.161
19 93 -739.966
19 94 -587.996
19 95 -455.565
19 96 -340.959
19 97 -241.566
19 98 -154.152
19 99 -74.9834
19 100 0

20 0 0
20 1 -89.5501
20 2 -183.677
20 3 -286.768
20 4 -402.771
20 5 -535
20 6 -685.912
20 7 -856.898
20 8 -1048.06
20 9 -1258.08
20 10 -1484.08
20 11 -1721.74
20 12 -1965.28
20 13 -2207.72
20 14 -2441.21
20 15 -2657.49
20 16 -2848.24
20 17 -3005.72
20 18 -3123.17
20 19 -3195.23
20 20 -3218.31
20 21 -3190.74
20 22 -3112.9
20 23 -2987.06
20 24 -2817.25
20 25 -2608.89
20 26 -2368.52
20 27 -2103.29
20 28 -1820.64
20 29 -1527.86
20 30 -1231.82
20 31 -938.726
20 32 -653.876
20 33 -381.658
20 34 -125.427
20 35 112.384
20 36 330.267
20 37 527.467
20 38 703.901
20 39 860.009
20 40 996.617
20 41 1114.84
20 42 1215.93
20 43 1301.23
20 44 1372.05
20 45 1429.64
20 46 1475.13
20 47 1509.47
20 48 1533.44
20 49 1547.59
20 50 1552.27
20 51 1547.59
20 52 1533.44
20 53 1509.47
20 54 1475.13
20 55 1429.64
20 56 1372.05
20 57 1301.23
20 58 1215.93
20 59 1114.84
20 60 996.617
20 61 860.009
20 62 703.901
20 63 527.467
20 64 330.267
20 65 112.384
20 66 -125.427
20 67 -381.658
20 68 -653.876
20 69 -938.726
20 70 -1231.82
20 71 -1527.86
20 72 -1820.64
20 73 -2103.29
20 74 -2368.52
20 75 -2608.89
20 76 -2817.25
20 77 -2987.06
20 78 -3112.9
20 79 -3190.74
20 80 -3218.31
20 81 -3195.23
20 82 -3123.17
20 83 -3005.72
20 84 -2848.24
20 85 -2657.49
20 86 -2441.21
20 87 -2207.72
20 88 -1965.28
20 89 -1721.74
20 90 -1484.08
20 91 -1258.08
20 92 -1048.06
20 93 -856.898
20 94 -685.912
20 95 -535
20 96 -402.771
20 97 -286.768
20 98 -183.677
20 99 -89.5501
20 100 0

21 0 0
21 1 -105.811
21 2 -216.533
21 3 -336.81
21 4 -470.75
21 5 -621.656
21 6 -791.738
21 7 -981.881
21 8 -1191.5
21 9 -1418.34
21 10 -1658.47
21 11 -1906.32
21 12 -2154.94
21 13 -2396.23
21 14 -2621.45
21 15 -2821.63
21 16 -2988.27
21 17 -3113.74
21 18 -3191.85
21 19 -3218.27
21 20 -3190.74
21 21 -3109.25
21 22 -2975.95
21 23 -2794.98
21 24 -2572.15
21 25 -2314.55
21 26 -2030.04
21 27 -1726.86
21 28 -1413.14
21 29 -1096.55
21 30 -783.974
21 31 -481.334
21 32 -193.416
21 33 76.0946
21 34 324.682
21 35 550.802
21 36 753.875
21 37 934.008
21 38 1091.99
21 39 1228.96
21 40 1346.45
21 41 1446.09
21 42 1529.64
21 43 1598.79
21 44 1655.16
21 45 1700.23
21 46 1735.28
21 47 1761.4
21 48 1779.44
21 49 1790.02
21 50 1793.5
21 51 1790.02
21 52 1779.44
21 53 1761.4
21 54 1735.28
21 55 1700.23
21 56 1655.16
21 57 1598.79
21 58 1529.64
21 59 1446.09
21 60 1346.45
21 61 1228.96
21 62 1091.99
21 63 934.008
21 64 753.875
21 65 550.802
21 66 324.682
21 67 76.0946
21 68 -193.416
21 69 -481.334
21 70 -783.974
21 71 -1096.55
21 72 -1413.14
21 73 -1726.86
21 74 -2030.04
21 75 -2314.55
21 76 -2572.15
21 77 -2794.98
21 78 -2975.95
21 79 -3109.25
21 80 -3190.74
21 81 -3218.27
21 82 -3191.85
21 83 -3113.74
21 84 -2988.27
21 85 -2821.63
21 86 -2621.45
21 87 -2396.23
21 88 -2154.94
21 89 -1906.32
21 90 -1658.47
21 91 -1418.34
21 92 -1191.5
21 93 -981.881
21 94 -791.738
21 95 -621.656
21 96 -470.75
21 97 -336.81
21 98 -216.533
21 99 -105.811
21 100 0

22 0 0
22 1 -123.708
22 2 -252.606
22 3 -391.512
22 4 -544.581
22 5 -714.981
22 6 -904.557
22 7 -1113.62
22 8 -1340.73
22 9 -1582.61
22 10 -1834.11
22 11 -2088.51
22 12 -2337.64
22 13 -2572.42
22 14 -2783.33
22 15 -2961.1
22 16 -3097.18
22 17 -3184.51
22 18 -3217.83
22 19 -3194.15
22 20 -3112.9
22 21 -2975.95
22 22 -2787.42
22 23 -2553.37
22 24 -2281.4
22 25 -1980.07
22 26 -1658.45
22 27 -1325.52
22 28 -989.84
22 29 -659.088
22 30 -339.852
22 31 -37.4595
22 32 244.066
22 33 502.007
22 34 734.792
22 35 941.959
22 36 1123.81
22 37 1281.47
22 38 1416.39
22 39 1530.55
22 40 1625.94
22 41 1704.76
22 42 1769.04
22 43 1820.82
22 44 1861.89
22 45 1893.87
22 46 1918.13
22 47 1935.83
22 48 1947.83
22 49 1954.78
22 50 1957.05
22 51 1954.78
22 52 1947.83
22 53 1935.83
22 54 1918.13
22 55 1893.87
22 56 1861.89
22 57 1820.82
22 58 1769.04
22 59 1704.76
22 60 1625.94
22 61 1530.55
22 62 1416.39
22 63 1281.47
22 64 1123.81
22 65 941.959
22 66 734.792
22 67 502.007
22 68 244.066
22 69 -37.4595
22 70 -339.852
22 71 -659.088
22 72 -989.84
22 73 -1325.52
22 74 -1658.45
22 75 -1980.07
22 76 -2281.4
22 77 -2553.37
22 78 -2787.42
22 79 -2975.95
22 80 -3112.9
22 81 -3194.15
22 82 -3217.83
22 83 -3184.51
22 84 -3097.18
22 85 -2961.1
22 86 -2783.33
22 87 -2572.42
22 88 -2337.64
22 89 -2088.51
22 90 -1834.11
22 91 -1582.61
22 92 -1340.73
22 93 -1113.62
22 94 -904.557
22 95 -714.981
22 96 -544.581
22 97 -391.512
22 98 -252.606
22 99 -123.708
22 100 0

23 0 0
23 1 -143.196
23 2 -291.741
23 3 -450.54
23 4 -623.708
23 5 -814.175
23 6 -1023.28
23 7 -1250.61
23 8 -1493.77
23 9 -1748.37
23 10 -2008.08
23 11 -2264.91
23 12 -2509.64
23 13 -2732.37
23 14 -2923.06
23 15 -3072.29
23 16 -3172.02
23 17 -3215.95
23 18 -3200.2
23 19 -3123.45
23 20 -2987.06
23 21 -2794.98
23 22 -2553.37
23 23 -2270.23
23 24 -1954.77
23 25 -1616.85
23 26 -1266.42
23 27 -912.934
23 28 -564.988
23 29 -229.942
23 30 86.2505
23 31 379.114
23 32 645.681
23 33 884.264
23 34 1094.5
23 35 1276.85
23 36 1432.76
23 37 1564.03
23 38 1673.03
23 39 1762.16
23 40 1834.03
23 41 1891.07
23 42 1935.66
23 43 1969.92
23 44 1995.79
23 45 2014.92
23 46 2028.7
23 47 2038.27
23 48 2044.49
23 49 2047.98
23 50 2049.09
23 51 2047.98
23 52 2044.49
23 53 2038.27
23 54 2028.7
23 55 2014.92
23 56 1995.79
23 57 1969.92
23 58 1935.66
23 59 1891.07
23 60 1834.03
23 61 1762.16
23 62 1673.03
23 63 1564.03
23 64 1432.76
23 65 1276.85
23 66 1094.5
23 67 884.264
23 68 645.681
23 69 379.114
23 70 86.2505
23 71 -229.942
23 72 -564.988
23 73 -912.934
23 74 -1266.42
23 75 -1616.85
23 76 -1954.77
23 77 -2270.23
23 78 -2553.37
23 79 -2794.98
23 80 -2987.06
23 81 -3123.45
23 82 -3200.2
23 83 -3215.95
23 84 -3172.02
23 85 -3072.29
23 86 -2923.06
23 87 -2732.37
23 88 -2509.64
23 89 -2264.91
23 90 -2008.08
23 91 -1748.37
23 92 -1493.77
23 93 -1250.61
23 94 -1023.28
23 95 -814.175
23 96 -623.708
23 97 -450.54
23 98 -291.741
23 99 -143.196
23 100 0

24 0 0
24 1 -164.116
24 2 -333.644
24 3 -513.456
24 4 -707.487
24 5 -918.277
24 6 -1146.58
24 7 -1391.12
24 8 -1648.48
24 9 -1913.07
24 10 -2177.37
24 11 -2432.26
24 12 -2667.55
24 13 -2872.69
24 14 -3037.43
24 15 -3152.65
24 16 -3210.95
24 17 -3207.39
24 18 -3139.67
24 19 -3008.44
24 20 -2817.25
24 21 -2572.15
24 22 -2281.4
24 23 -1954.77
24 24 -1602.9
24 25 -1236.66
24 26 -866.549
24 27 -502.118
24 28 -151.635
24 29 178.197
24 30 482.351
24 31 757.486
24 32 1001.75
24 33 1214.79
24 34 1397.23
24 35 1550.77
24 36 1677.58
24 37 1780.41
24 38 1862.1
24 39 1925.64
24 40 1973.88
24 41 2009.52
24 42 2035.04
24 43 2052.64
24 44 2064.23
24 45 2071.43
24 46 2075.57
24 47 2077.73
24 48 2078.69
24 49 2079.06
24 50 2079.14
24 51 2079.06
24 52 2078.69
24 53 2077.73
24 54 2075.57
24 55 2071.43
24 56 2064.23
24 57 2052.64
24 58 2035.04
24 59 2009.52
24 60 1973.88
24 61 1925.64
24 62 1862.1
24 63 1780.41
24 64 1677.58
24 65 1550.77
24 66 1397.23
24 67 1214.79
24 68 1001.75
24 69 757.486
24 70 482.351
24 71 178.197
24 72 -151.635
24 73 -502.118
24 74 -866.549
24 75 -1236.66
24 76 -1602.9
24 77 -1954.77
24 78 -2281.4
24 79 -2572.15
24 80 -2817.25
24 81 -3008.44
24 82 -3139.67
24 83 -3207.39
24 84 -3210.95
24 85 -3152.65
24 86 -3037.43
24 87 -2872.69
24 88 -2667.55
24 89 -2432.26
24 90 -2177.37
24 91 -1913.07
24 92 -1648.48
24 93 -1391.12
24 94 -1146.58
24 95 -918.277
24 96 -707.487
24 97 -513.456
24 98 -333.644
24 99 -164.116
24 100 0

25 0 0
25 1 -186.326
25 2 -377.978
25 3 -579.684
25 4 -795.065
25 5 -1026.15
25 6 -1272.97
25 7 -1533.29
25 8 -1802.61
25 9 -2074.14
25 10 -2339.17
25 11 -2587.55
25 12 -2808.34
25 13 -2990.62
25 14 -3124.21
25 15 -3200.58
25 16 -3213.52
25 17 -3159.55
25 18 -3038.43
25 19 -2852.95
25 20 -2608.89
25 21 -2314.55
25 22 -1980.07
25 23 -1616.85
25 24 -1236.66
25 25 -851.048
25 26 -470.668
25 27 -104.773
25 28 239.013
25 29 554.987
25 30 839.314
25 31 1089.87
25 32 1306.21
25 33 1489.1
25 34 1640.43
25 35 1762.76
25 36 1859.2
25 37 1933.04
25 38 1987.65
25 39 2026.3
25 40 2052.07
25 41 2067.72
25 42 2075.74
25 43 2078.26
25 44 2077.12
25 45 2073.8
25 46 2069.55
25 47 2065.28
25 48 2061.77
25 49 2059.45
25 50 2058.66
25 51 2059.45
25 52 2061.77
25 53 2065.28
25 54 2069.55
25 55 2073.8
25 56 2077.12
25 57 2078.26
25 58 2075.74
25 59 2067.72
25 60 2052.07
25 61 2026.3
25 62 1987.65
25 63 1933.04
25 64 1859.2
25 65 1762.76
25 66 1640.43
25 67 1489.1
25 68 1306.21
25 69 1089.87
25 70 839.314
25 71 554.987
25 72 239.013
25 73 -104.773
25 74 -470.668
25 75 -851.048
25 76 -1236.66
25 77 -1616.85
25 78 -1980.07
25 79 -2314.55
25 80 -2608.89
25 81 -2852.95
25 82 -3038.43
25 83 -3159.55
25 84 -3213.52
25 85 -3200.58
25 86 -3124.21
25 87 -2990.62
25 88 -2808.34
25 89 -2587.55
25 90 -2339.17
25 91 -2074.14
25 92 -1802.61
25 93 -1533.29
25 94 -1272.97
25 95 -1026.15
25 96 -795.065
25 97 -579.684
25 98 -377.978
25 99 -186.326
25 100 0

26 0 0
26 1 -209.609
26 2 -424.318
26 3 -648.555
26 4 -885.501
26 5 -1136.54
26 6 -1400.87
26 7 -1675.23
26 8 -1953.95
26 9 -2229.07
26 10 -2490.83
26 11 -2728.16
26 12 -2929.6
26 13 -3084.14
26 14 -3182.02
26 15 -3215.7
26 16 -3180.35
26 17 -3074.49
26 18 -2899.97
26 19 -2661.95
26 20 -2368.52
26 21 -2030.04
26 22 -1658.45
26 23 -1266.42
26 24 -866.55
26 25 -470.669
26 26 -89.1783
26 27 269.271
26 28 598.091
26 29 892.837
26 30 1150.95
26 31 1371.82
26 32 1556.23
26 33 1706.28
26 34 1824.83
26 35 1915.36
26 36 1981.63
26 37 2027.41
26 38 2056.39
26 39 2072.02
26 40 2077.38
26 41 2075.25
26 42 2067.96
26 43 2057.54
26 44 2045.6
26 45 2033.53
26 46 2022.33
26 47 2012.86
26 48 2005.67
26 49 2001.22
26 50 1999.7
26 51 2001.22
26 52 2005.67
26 53 2012.86
26 54 2022.33
26 55 2033.53
26 56 2045.6
26 57 2057.54
26 58 2067.96
26 59 2075.25
26 60 2077.38
26 61 2072.02
26 62 2056.39
26 63 2027.41
26 64 1981.63
26 65 1915.36
26 66 1824.83
26 67 1706.28
26 68 1556.23
26 69 1371.82
26 70 1150.95
26 71 892.837
26 72 598.091
26 73 269.271
26 74 -89.1783
26 75 -470.669
26 76 -866.55
26 77 -1266.42
26 78 -1658.45
26 79 -2030.04
26 80 -2368.52
26 81 -2661.95
26 82 -2899.97
26 83 -3074.49
26 84 -3180.35
26 85 -3215.7
26 86 -3182.02
26 87 -3084.14
26 88 -2929.6
26 89 -2728.16
26 90 -2490.83
26 91 -2229.07
26 92 -1953.95
26 93 -1675.23
26 94 -1400.87
26 95 -1136.54
26 96 -885.501
26 97 -648.555
26 98 -424.318
26 99 -209.609
26 100 0

27 0 0
27 1 -233.722
27 2 -472.167
27 3 -719.324
27 4 -977.772
27 5 -1248.12
27 6 -1528.63
27 7 -1814.99
27 8 -2100.34
27 9 -2375.61
27 10 -2630.05
27 11 -2851.94
27 12 -3029.54
27 13 -3152.04
27 14 -3210.47
27 15 -3198.56
27 16 -3113.33
27 17 -2955.32
27 18 -2728.85
27 19 -2441.4
27 20 -2103.29
27 21 -1726.86
27 22 -1325.52
27 23 -912.935
27 24 -502.117
27 25 -104.774
27 26 269.271
27 27 612.379
27 28 919.265
27 29 1186.82
27 30 1414.09
27 31 1601.81
27 32 1752.15
27 33 1868.29
27 34 1954.05
27 35 2013.63
27 36 2051.27
27 37 2071.06
27 38 2076.86
27 39 2072.09
27 40 2059.81
27 41 2042.57
27 42 2022.59
27 43 2001.59
27 44 1981.05
27 45 1962.06
27 46 1945.51
27 47 1932.02
27 48 1922.09
27 49 1916.01
27 50 1913.96
27 51 1916.01
27 52 1922.09
27 53 1932.02
27 54 1945.51
27 55 1962.06
27 56 1981.05
27 57 2001.59
27 58 2022.59
27 59 2042.57
27 60 2059.81
27 61 2072.09
27 62 2076.86
27 63 2071.06
27 64 2051.27
27 65 2013.63
27 66 1954.05
27 67 1868.29
27 68 1752.15
27 69 1601.81
27 70 1414.09
27 71 1186.82
27 72 919.265
27 73 612.379
27 74 269.271
27 75 -104.774
27 76 -502.117
27 77 -912.935
27 78 -1325.52
27 79 -1726.86
27 80 -2103.29
27 81 -2441.4
27 82 -2728.85
27 83 -2955.32
27 84 -3113.33
27 85 -3198.56
27 86 -3210.47
27 87 -3152.04
27 88 -3029.54
27 89 -2851.94
27 90 -2630.05
27 91 -2375.61
27 92 -2100.34
27 93 -1814.99
27 94 -1528.63
27 95 -1248.12
27 96 -977.772
27 97 -719.324
27 98 -472.167
27 99 -233.722
27 100 0

28 0 0
28 1 -258.421
28 2 -521.015
28 3 -791.174
28 4 -1070.76
28 5 -1359.51
28 6 -1654.65
28 7 -1950.75
28 8 -2239.8
28 9 -2511.72
28 10 -2754.96
28 11 -2957.31
28 12 -3107.06
28 13 -3193.93
28 14 -3210.08
28 15 -3150.83
28 16 -3015.19
28 17 -2806.16
28 18 -2530.35
28 19 -2197.71
28 20 -1820.64
28 21 -1413.14
28 22 -989.842
28 23 -564.988
28 24 -151.636
28 25 239.013
28 26 598.091
28 27 919.265
28 28 1198.64
28 29 1434.79
28 30 1628.18
28 31 1781.05
28 32 1896.73
28 33 1979.44
28 34 2033.76
28 35 2064.42
28 36 2075.97
28 37 2072.69
