0 0 0
0 1 0
0 2 0
0 3 0
0 4 0
0 5 0
0 6 0
0 7 0
0 8 0
0 9 0
0 10 0
0 11 0
0 12 0
0 13 0
0 14 0
0 15 0
0 16 0
0 17 0
0 18 0
0 19 0
0 20 0
0 21 0
0 22 0
0 23 0
0 24 0
0 25 0
0 26 0
0 27 0
0 28 0
0 29 0
0 30 0
0 31 0
0 32 0
0 33 0
0 34 0
0 35 0
0 36 0
0 37 0
0 38 0
0 39 0
0 40 0
0 41 0
0 42 0
0 43 0
0 44 0
0 45 0
0 46 0
0 47 0
0 48 0
0 49 0
0 50 0
0 51 0
0 52 0
0 53 0
0 54 0
0 55 0
0 56 0
0 57 0
0 58 0
0 59 0
0 60 0
0 61 0
0 62 0
0 63 0
0 64 0
0 65 0
0 66 0
0 67 0
0 68 0
0 69 0
0 70 0
0 71 0
0 72 0
0 73 0
0 74 0
0 75 0
0 76 0
0 77 0
0 78 0
0 79 0
0 80 0
0 81 0
0 82 0
0 83 0
0 84 0
0 85 0
0 86 0
0 87 0
0 88 0
0 89 0
0 90 0
0 91 0
0 92 0
0 93 0
0 94 0
0 95 0
0 96 0
0 97 0
0 98 0
0 99 0
0 100 0

1 0 0
1 1 64.7457
1 2 128.19
1 3 189.033
1 4 245.937
1 5 297.58
1 6 342.663
1 7 379.971
1 8 408.455
1 9 427.294
1 10 435.98
1 11 434.376
1 12 422.762
1 13 401.815
1 14 372.611
1 15 336.55
1 16 295.231
1 17 250.427
1 18 203.882
1 19 157.273
1 20 112.103
1 21 69.6129
1 22 30.7539
1 23 -3.82551
1 24 -33.767
1 25 -59.0003
1 26 -79.6411
1 27 -95.9948
1 28 -108.501
1 29 -117.651
1 30 -123.957
1 31 -127.918
1 32 -130.033
1 33 -130.712
1 34 -130.334
1 35 -129.19
1 36 -127.549
1 37 -125.602
1 38 -123.503
1 39 -121.355
1 40 -119.257
1 41 -117.283
1 42 -115.445
1 43 -113.783
1 44 -112.331
1 45 -111.079
1 46 -110.057
1 47 -109.259
1 48 -108.686
1 49 -108.344
1 50 -108.228
1 51 -108.344
1 52 -108.686
1 53 -109.259
1 54 -110.057
1 55 -111.079
1 56 -112.331
1 57 -113.783
1 58 -115.445
1 59 -117.283
1 60 -119.257
1 61 -121.355
1 62 -123.503
1 63 -125.602
1 64 -127.549
1 65 -129.19
1 66 -130.334
1 67 -130.712
1 68 -130.033
1 69 -127.918
1 70 -123.957
1 71 -117.651
1 72 -108.501
1 73 -95.9948
1 74 -79.6411
1 75 -59.0003
1 76 -33.767
1 77 -3.82551
1 78 30.7539
1 79 69.6129
1 80 112.103
1 81 157.273
1 82 203.882
1 83 250.427
1 84 295.231
1 85 336.55
1 86 372.611
1 87 401.815
1 88 422.762
1 89 434.376
1 90 435.98
1 91 427.294
1 92 408.455
1 93 379.971
1 94 342.663
1 95 297.58
1 96 245.937
1 97 189.033
1 98 128.19
1 99 64.7457
1 100 0

2 0 0
2 1 128.19
2 2 253.852
2 3 374.458
2 4 487.399
2 5 590.084
2 6 679.957
2 7 754.614
2 8 811.963
2 9 850.355
2 10 868.75
2 11 866.826
2 12 845.082
2 13 804.791
2 14 748.02
2 15 677.467
2 16 596.271
2 17 507.903
2 18 415.825
2 19 323.349
2 20 233.472
2 21 148.664
2 22 70.8669
2 23 1.40697
2 24 -58.9401
2 25 -110.002
2 26 -151.974
2 27 -185.446
2 28 -211.227
2 29 -230.275
2 30 -243.593
2 31 -252.202
2 32 -257.061
2 33 -258.98
2 34 -258.705
2 35 -256.861
2 36 -253.98
2 37 -250.41
2 38 -246.484
2 39 -242.44
2 40 -238.477
2 41 -234.668
2 42 -231.157
2 43 -227.969
2 44 -225.139
2 45 -222.74
2 46 -220.752
2 47 -219.203
2 48 -218.095
2 49 -217.427
2 50 -217.205
2 51 -217.427
2 52 -218.095
2 53 -219.203
2 54 -220.752
2 55 -222.74
2 56 -225.139
2 57 -227.969
2 58 -231.157
2 59 -234.668
2 60 -238.477
2 61 -242.44
2 62 -246.484
2 63 -250.41
2 64 -253.98
2 65 -256.861
2 66 -258.705
2 67 -258.98
2 68 -257.061
2 69 -252.202
2 70 -243.593
2 71 -230.275
2 72 -211.227
2 73 -185.446
2 74 -151.974
2 75 -110.002
2 76 -58.9401
2 77 1.40697
2 78 70.8669
2 79 148.664
2 80 233.472
2 81 323.349
2 82 415.825
2 83 507.903
2 84 596.271
2 85 677.467
2 86 748.02
2 87 804.791
2 88 845.082
2 89 866.826
2 90 868.75
2 91 850.355
2 92 811.963
2 93 754.614
2 94 679.957
2 95 590.084
2 96 487.399
2 97 374.458
2 98 253.852
2 99 128.19
2 100 0

3 0 0
3 1 189.033
3 2 374.458
3 3 552.642
3 4 719.845
3 5 872.311
3 6 1006.32
3 7 1118.35
3 8 1205.27
3 9 1264.61
3 10 1294.72
3 11 1295
3 12 1266.02
3 13 1209.52
3 14 1128.39
3 15 1026.47
3 16 908.3
3 17 778.903
3 18 643.345
3 19 506.536
3 20 372.919
3 21 246.252
3 22 129.474
3 23 24.6674
3 24 -66.9532
3 25 -144.97
3 26 -209.599
3 27 -261.593
3 28 -302.118
3 29 -332.529
3 30 -354.298
3 31 -368.871
3 32 -377.674
3 33 -381.941
3 34 -382.788
3 35 -381.124
3 36 -377.734
3 37 -373.224
3 38 -368.069
3 39 -362.624
3 40 -357.172
3 41 -351.952
3 42 -347.037
3 43 -342.556
3 44 -338.607
3 45 -335.188
3 46 -332.384
3 47 -330.185
3 48 -328.605
3 49 -327.659
3 50 -327.339
3 51 -327.659
3 52 -328.605
3 53 -330.185
3 54 -332.384
3 55 -335.188
3 56 -338.607
3 57 -342.556
3 58 -347.037
3 59 -351.952
3 60 -357.172
3 61 -362.624
3 62 -368.069
3 63 -373.224
3 64 -377.734
3 65 -381.124
3 66 -382.788
3 67 -381.941
3 68 -377.674
3 69 -368.871
3 70 -354.298
3 71 -332.529
3 72 -302.118
3 73 -261.593
3 74 -209.599
3 75 -144.97
3 76 -66.9532
3 77 24.6674
3 78 129.474
3 79 246.252
3 80 372.919
3 81 506.536
3 82 643.345
3 83 778.903
3 84 908.3
3 85 1026.47
3 86 1128.39
3 87 1209.52
3 88 1266.02
3 89 1295
3 90 1294.72
3 91 1264.61
3 92 1205.27
3 93 1118.35
3 94 1006.32
3 95 872.311
3 96 719.845
3 97 552.642
3 98 374.458
3 99 189.033
3 100 0

4 0 0
4 1 245.937
4 2 487.399
4 3 719.845
4 4 938.596
4 5 1138.89
4 6 1315.97
4 7 1465.27
4 8 1582.68
4 9 1664.86
4 10 1709.5
4 11 1715.58
4 12 1683.58
4 13 1615.48
4 14 1514.75
4 15 1386.12
4 16 1235.33
4 17 1068.73
4 18 892.891
4 19 714.194
4 20 538.506
4 21 370.833
4 22 215.205
4 23 74.5131
4 24 -49.4247
4 25 -155.871
4 26 -244.923
4 27 -317.441
4 28 -374.769
4 29 -418.611
4 30 -450.809
4 31 -473.268
4 32 -487.793
4 33 -496.028
4 34 -499.424
4 35 -499.236
4 36 -496.511
4 37 -492.047
4 38 -486.516
4 39 -480.423
4 40 -474.187
4 41 -468.026
4 42 -462.213
4 43 -456.861
4 44 -452.057
4 45 -447.941
4 46 -444.504
4 47 -441.815
4 48 -439.883
4 49 -438.715
4 50 -438.328
4 51 -438.715
4 52 -439.883
4 53 -441.815
4 54 -444.504
4 55 -447.941
4 56 -452.057
4 57 -456.861
4 58 -462.213
4 59 -468.026
4 60 -474.187
4 61 -480.423
4 62 -486.516
4 63 -492.047
4 64 -496.511
4 65 -499.236
4 66 -499.424
4 67 -496.028
4 68 -487.793
4 69 -473.268
4 70 -450.809
4 71 -418.611
4 72 -374.769
4 73 -317.441
4 74 -244.923
4 75 -155.871
4 76 -49.4247
4 77 74.5131
4 78 215.205
4 79 370.833
4 80 538.506
4 81 714.194
4 82 892.891
4 83 1068.73
4 84 1235.33
4 85 1386.12
4 86 1514.75
4 87 1615.48
4 88 1683.58
4 89 1715.58
4 90 1709.5
4 91 1664.86
4 92 1582.68
4 93 1465.27
4 94 1315.97
4 95 1138.89
4 96 938.596
4 97 719.845
4 98 487.399
4 99 245.937
4 100 0

5 0 0
5 1 297.58
5 2 590.084
5 3 872.311
5 4 1138.89
5 5 1384.26
5 6 1602.78
5 7 1789
5 8 1937.85
5 9 2045.13
5 10 2107.75
5 11 2124.15
5 12 2094.46
5 13 2020.65
5 14 1906.47
5 15 1757.25
5 16 1579.61
5 17 1381.02
5 18 1169.3
5 19 952.221
5 20 736.942
5 21 529.779
5 22 335.844
5 23 158.989
5 24 1.69137
5 25 -134.773
5 26 -250.301
5 27 -345.639
5 28 -422.256
5 29 -482.042
5 30 -527.183
5 31 -559.902
5 32 -582.383
5 33 -596.641
5 34 -604.48
5 35 -607.46
5 36 -606.871
5 37 -603.792
5 38 -599.051
5 39 -593.343
5 40 -587.132
5 41 -580.864
5 42 -574.76
5 43 -569.054
5 44 -563.919
5 45 -559.412
5 46 -555.673
5 47 -552.711
5 48 -550.576
5 49 -549.291
5 50 -548.856
5 51 -549.291
5 52 -550.576
5 53 -552.711
5 54 -555.673
5 55 -559.412
5 56 -563.919
5 57 -569.054
5 58 -574.76
5 59 -580.864
5 60 -587.132
5 61 -593.343
5 62 -599.051
5 63 -603.792
5 64 -606.871
5 65 -607.46
5 66 -604.48
5 67 -596.641
5 68 -582.383
5 69 -559.902
5 70 -527.183
5 71 -482.042
5 72 -422.256
5 73 -345.639
5 74 -250.301
5 75 -134.773
5 76 1.69137
5 77 158.989
5 78 335.844
5 79 529.779
5 80 736.942
5 81 952.221
5 82 1169.3
5 83 1381.02
5 84 1579.61
5 85 1757.25
5 86 1906.47
5 87 2020.65
5 88 2094.46
5 89 2124.15
5 90 2107.75
5 91 2045.13
5 92 1937.85
5 93 1789
5 94 1602.78
5 95 1384.26
5 96 1138.89
5 97 872.311
5 98 590.084
5 99 297.58
5 100 0

6 0 0
6 1 342.663
6 2 679.957
6 3 1006.32
6 4 1315.97
6 5 1602.78
6 6 1860.48
6 7 2082.82
6 8 2263.9
6 9 2398.63
6 10 2483.08
6 11 2514.93
6 12 2493.77
6 13 2421.21
6 14 2300.96
6 15 2138.59
6 16 1941.27
6 17 1717.23
6 18 1475.37
6 19 1224.55
6 20 973.231
6 21 728.929
6 22 497.947
6 23 285.113
6 24 93.7769
6 25 -74.1739
6 26 -218.165
6 27 -338.752
6 28 -437.296
6 29 -515.833
6 30 -576.694
6 31 -622.405
6 32 -655.414
6 33 -678.12
6 34 -692.624
6 35 -700.782
6 36 -704.155
6 37 -704.063
6 38 -701.57
6 39 -697.466
6 40 -692.447
6 41 -686.961
6 42 -681.42
6 43 -676.084
6 44 -671.145
6 45 -666.798
6 46 -663.101
6 47 -660.174
6 48 -658.05
6 49 -656.757
6 50 -656.332
6 51 -656.757
6 52 -658.05
6 53 -660.174
6 54 -663.101
6 55 -666.798
6 56 -671.145
6 57 -676.084
6 58 -681.42
6 59 -686.961
6 60 -692.447
6 61 -697.466
6 62 -701.57
6 63 -704.063
6 64 -704.155
6 65 -700.782
6 66 -692.624
6 67 -678.12
6 68 -655.414
6 69 -622.405
6 70 -576.694
6 71 -515.833
6 72 -437.296
6 73 -338.752
6 74 -218.165
6 75 -74.1739
6 76 93.7769
6 77 285.113
6 78 497.947
6 79 728.929
6 80 973.231
6 81 1224.55
6 82 1475.37
6 83 1717.23
6 84 1941.27
6 85 2138.59
6 86 2300.96
6 87 2421.21
6 88 2493.77
6 89 2514.93
6 90 2483.08
6 91 2398.63
6 92 2263.9
6 93 2082.82
6 94 1860.48
6 95 1602.78
6 96 1315.97
6 97 1006.32
6 98 679.957
6 99 342.663
6 100 0

7 0 0
7 1 379.971
7 2 754.614
7 3 1118.35
7 4 1465.27
7 5 1789
7 6 2082.82
7 7 2339.91
7 8 2553.6
7 9 2717.96
7 10 2828.13
7 11 2880.9
7 12 2875.03
7 13 2811.49
7 14 2693.54
7 15 2526.6
7 16 2317.98
7 17 2076.36
7 18 1811.34
7 19 1532.77
7 20 1250.13
7 21 972.166
7 22 706.286
7 23 458.477
7 24 233.021
7 25 32.6609
7 26 -141.489
7 27 -289.52
7 28 -412.604
7 29 -512.651
7 30 -592.115
7 31 -653.658
7 32 -700.003
7 33 -733.778
7 34 -757.384
7 35 -772.977
7 36 -782.375
7 37 -787.146
7 38 -788.51
7 39 -787.545
7 40 -784.968
7 41 -781.447
7 42 -777.439
7 43 -773.31
7 44 -769.336
7 45 -765.682
7 46 -762.555
7 47 -760.006
7 48 -758.151
7 49 -757.018
7 50 -756.635
7 51 -757.018
7 52 -758.151
7 53 -760.006
7 54 -762.555
7 55 -765.682
7 56 -769.336
7 57 -773.31
7 58 -777.439
7 59 -781.447
7 60 -784.968
7 61 -787.545
7 62 -788.51
7 63 -787.146
7 64 -782.375
7 65 -772.977
7 66 -757.384
7 67 -733.778
7 68 -700.003
7 69 -653.658
7 70 -592.115
7 71 -512.651
7 72 -412.604
7 73 -289.52
7 74 -141.489
7 75 32.6609
7 76 233.021
7 77 458.477
7 78 706.286
7 79 972.166
7 80 1250.13
7 81 1532.77
7 82 1811.34
7 83 2076.36
7 84 2317.98
7 85 2526.6
7 86 2693.54
7 87 2811.49
7 88 2875.03
7 89 2880.9
7 90 2828.13
7 91 2717.96
7 92 2553.6
7 93 2339.91
7 94 2082.82
7 95 1789
7 96 1465.27
7 97 1118.35
7 98 754.614
7 99 379.971
7 100 0

8 0 0
8 1 408.455
8 2 811.963
8 3 1205.27
8 4 1582.68
8 5 1937.85
8 6 2263.9
8 7 2553.6
8 8 2799.7
8 9 2995.42
8 10 3134.98
8 11 3214.09
8 12 3230.46
8 13 3184.08
8 14 3077.41
8 15 2915.3
8 16 2704.81
8 17 2454.63
8 18 2174.76
8 19 1875.66
8 20 1567.76
8 21 1260.82
8 22 963.443
8 23 682.713
8 24 424.047
8 25 191.065
8 26 -14.2445
8 27 -191.43
8 28 -341.204
8 29 -465.318
8 30 -566.093
8 31 -646.269
8 32 -708.676
8 33 -756.193
8 34 -791.461
8 35 -816.857
8 36 -834.462
8 37 -846.065
8 38 -853.177
8 39 -856.906
8 40 -858.263
8 41 -857.977
8 42 -856.64
8 43 -854.694
8 44 -852.481
8 45 -850.267
8 46 -848.213
8 47 -846.506
8 48 -845.215
8 49 -844.413
8 50 -844.15
8 51 -844.413
8 52 -845.215
8 53 -846.506
8 54 -848.213
8 55 -850.267
8 56 -852.481
8 57 -854.694
8 58 -856.64
8 59 -857.977
8 60 -858.263
8 61 -856.906
8 62 -853.177
8 63 -846.065
8 64 -834.462
8 65 -816.857
8 66 -791.461
8 67 -756.193
8 68 -708.676
8 69 -646.269
8 70 -566.093
8 71 -465.318
8 72 -341.204
8 73 -191.43
8 74 -14.2445
8 75 191.065
8 76 424.047
8 77 682.713
8 78 963.443
8 79 1260.82
8 80 1567.76
8 81 1875.66
8 82 2174.76
8 83 2454.63
8 84 2704.81
8 85 2915.3
8 86 3077.41
8 87 3184.08
8 88 3230.46
8 89 3214.09
8 90 3134.98
8 91 2995.42
8 92 2799.7
8 93 2553.6
8 94 2263.9
8 95 1937.85
8 96 1582.68
8 97 1205.27
8 98 811.963
8 99 408.455
8 100 0

9 0 0
9 1 427.294
9 2 850.355
9 3 1264.61
9 4 1664.86
9 5 2045.13
9 6 2398.63
9 7 2717.96
9 8 2995.42
9 9 3223.53
9 10 3395.5
9 11 3505.92
9 12 3551.23
9 13 3530.16
9 14 3443.99
9 15 3296.62
9 16 3094.35
9 17 2845.57
9 18 2560.19
9 19 2249.06
9 20 1923.24
9 21 1593.41
9 22 1269.21
9 23 958.925
9 24 669.087
9 25 404.451
9 26 167.895
9 27 -39.2883
9 28 -217.3
9 29 -367.408
9 30 -491.762
9 31 -592.98
9 32 -673.997
9 33 -737.754
9 34 -787.085
9 35 -824.595
9 36 -852.591
9 37 -873.091
9 38 -887.712
9 39 -897.896
9 40 -904.693
9 41 -909.003
9 42 -911.538
9 43 -912.835
9 44 -913.297
9 45 -913.237
9 46 -912.924
9 47 -912.493
9 48 -912.118
9 49 -911.858
9 50 -911.762
9 51 -911.858
9 52 -912.118
9 53 -912.493
9 54 -912.924
9 55 -913.237
9 56 -913.297
9 57 -912.835
9 58 -911.538
9 59 -909.003
9 60 -904.693
9 61 -897.896
9 62 -887.712
9 63 -873.091
9 64 -852.591
9 65 -824.595
9 66 -787.085
9 67 -737.754
9 68 -673.997
9 69 -592.98
9 70 -491.762
9 71 -367.408
9 72 -217.3
9 73 -39.2883
9 74 167.895
9 75 404.451
9 76 669.087
9 77 958.925
9 78 1269.21
9 79 1593.41
9 80 1923.24
9 81 2249.06
9 82 2560.19
9 83 2845.57
9 84 3094.35
9 85 3296.62
9 86 3443.99
9 87 3530.16
9 88 3551.23
9 89 3505.92
9 90 3395.5
9 91 3223.53
9 92 2995.42
9 93 2717.96
9 94 2398.63
9 95 2045.13
9 96 1664.86
9 97 1264.61
9 98 850.355
9 99 427.294
9 100 0

10 0 0
10 1 435.98
10 2 868.75
10 3 1294.72
10 4 1709.5
10 5 2107.75
10 6 2483.08
10 7 2828.13
10 8 3134.98
10 9 3395.5
10 10 3602.01
10 11 3747.88
10 12 3828.15
10 13 3840.04
10 14 3783.36
10 15 3660.61
10 16 3476.99
10 17 3240.08
10 18 2959.41
10 19 2645.76
10 20 2310.6
10 21 1965.23
10 22 1620.32
10 23 1285.21
10 24 967.68
10 25 673.58
10 26 406.959
10 27 169.967
10 28 -36.7772
10 29 -214.018
10 30 -363.47
10 31 -487.591
10 32 -589.207
10 33 -671.293
10 34 -736.802
10 35 -788.488
10 36 -828.872
10 37 -860.089
10 38 -884.06
10 39 -902.261
10 40 -915.987
10 41 -926.257
10 42 -933.861
10 43 -939.443
10 44 -943.496
10 45 -946.394
10 46 -948.401
10 47 -949.785
10 48 -950.65
10 49 -951.141
10 50 -951.297
10 51 -951.141
10 52 -950.65
10 53 -949.785
10 54 -948.401
10 55 -946.394
10 56 -943.496
10 57 -939.443
10 58 -933.861
10 59 -926.257
10 60 -915.987
10 61 -902.261
10 62 -884.06
10 63 -860.089
10 64 -828.872
10 65 -788.488
10 66 -736.802
10 67 -671.293
10 68 -589.207
10 69 -487.591
10 70 -363.47
10 71 -214.018
10 72 -36.7772
10 73 169.967
10 74 406.959
10 75 673.58
10 76 967.68
10 77 1285.21
10 78 1620.32
10 79 1965.23
10 80 2310.6
10 81 2645.76
10 82 2959.41
10 83 3240.08
10 84 3476.99
10 85 3660.61
10 86 3783.36
10 87 3840.04
10 88 3828.15
10 89 3747.88
10 90 3602.01
10 91 3395.5
10 92 3134.98
10 93 2828.13
10 94 2483.08
10 95 2107.75
10 96 1709.5
10 97 1294.72
10 98 868.75
10 99 435.98
10 100 0

11 0 0
11 1 434.376
11 2 866.826
11 3 1295
11 4 1715.58
11 5 2124.15
11 6 2514.93
11 7 2880.9
11 8 3214.09
11 9 3505.92
11 10 3747.88
11 11 3932.16
11 12 4052.28
11 13 4103.84
11 14 4084.84
11 15 3996.14
11 16 3841.4
11 17 3627.04
11 18 3361.68
11 19 3055.76
11 20 2720.75
11 21 2368.43
11 22 2010.18
11 23 1656.44
11 24 1316.05
11 25 996.178
11 26 701.963
11 27 436.718
11 28 201.881
11 29 -2.49039
11 30 -177.654
11 31 -325.643
11 32 -449.128
11 33 -550.992
11 34 -634.237
11 35 -701.719
11 36 -756.046
11 37 -799.598
11 38 -834.337
11 39 -862.004
11 40 -883.973
11 41 -901.384
11 42 -915.153
11 43 -926.011
11 44 -934.488
11 45 -941.051
11 46 -946.019
11 47 -949.634
11 48 -952.105
11 49 -953.54
11 50 -954.004
11 51 -953.54
11 52 -952.105
11 53 -949.634
11 54 -946.019
11 55 -941.051
11 56 -934.488
11 57 -926.011
11 58 -915.153
11 59 -901.384
11 60 -883.973
11 61 -862.004
11 62 -834.337
11 63 -799.598
11 64 -756.046
11 65 -701.719
11 66 -634.237
11 67 -550.992
11 68 -449.128
11 69 -325.643
11 70 -177.654
11 71 -2.49039
11 72 201.881
11 73 436.718
11 74 701.963
11 75 996.178
11 76 1316.05
11 77 1656.44
11 78 2010.18
11 79 2368.43
11 80 2720.75
11 81 3055.76
11 82 3361.68
11 83 3627.04
11 84 3841.4
11 85 3996.14
11 86 4084.84
11 87 4103.84
11 88 4052.28
11 89 3932.16
11 90 3747.88
11 91 3505.92
11 92 3214.09
11 93 2880.9
11 94 2514.93
11 95 2124.15
11 96 1715.58
11 97 1295
11 98 866.826
11 99 434.376
11 100 0

12 0 0
12 1 422.762
12 2 845.082
12 3 1266.02
12 4 1683.58
12 5 2094.46
12 6 2493.77
12 7 2875.03
12 8 3230.46
12 9 3551.23
12 10 3828.15
12 11 4052.28
12 12 4215.71
12 13 4312.22
12 14 4337.93
12 15 4291.69
12 16 4175.38
12 17 3993.77
12 18 3754.32
12 19 3466.65
12 20 3141.95
12 21 2792.07
12 22 2429.01
12 23 2063.99
12 24 1707.03
12 25 1366.42
12 26 1048.61
12 27 757.975
12 28 497.068
12 29 266.746
12 30 66.4976
12 31 -105.301
12 32 -250.972
12 33 -373.236
12 34 -475.017
12 35 -559.2
12 36 -628.546
12 37 -685.428
12 38 -732.029
12 39 -770.172
12 40 -801.372
12 41 -826.877
12 42 -847.67
12 43 -864.566
12 44 -878.189
12 45 -889.017
12 46 -897.414
12 47 -903.699
12 48 -908.025
12 49 -910.586
12 50 -911.422
12 51 -910.586
12 52 -908.025
12 53 -903.699
12 54 -897.414
12 55 -889.017
12 56 -878.189
12 57 -864.566
12 58 -847.67
12 59 -826.877
12 60 -801.372
12 61 -770.172
12 62 -732.029
12 63 -685.428
12 64 -628.546
12 65 -559.2
12 66 -475.017
12 67 -373.236
12 68 -250.972
12 69 -105.301
12 70 66.4976
12 71 266.746
12 72 497.068
12 73 757.975
12 74 1048.61
12 75 1366.42
12 76 1707.03
12 77 2063.99
12 78 2429.01
12 79 2792.07
12 80 3141.95
12 81 3466.65
12 82 3754.32
12 83 3993.77
12 84 4175.38
12 85 4291.69
12 86 4337.93
12 87 4312.22
12 88 4215.71
12 89 4052.28
12 90 3828.15
12 91 3551.23
12 92 3230.46
12 93 2875.03
12 94 2493.77
12 95 2094.46
12 96 1683.58
12 97 1266.02
12 98 845.082
12 99 422.762
12 100 0

13 0 0
13 1 401.815
13 2 804.791
13 3 1209.52
13 4 1615.48
13 5 2020.65
13 6 2421.21
13 7 2811.49
13 8 3184.08
13 9 3530.16
13 10 3840.04
13 11 4103.84
13 12 4312.22
13 13 4457.23
13 14 4532.94
13 15 4536.13
13 16 4466.51
13 17 4327.02
13 18 4123.49
13 19 3864.43
13 20 3560.27
13 21 3222.77
13 22 2864.1
13 23 2496.23
13 24 2130.05
13 25 1775.08
13 26 1438.9
13 27 1127.18
13 28 843.531
13 29 589.823
13 30 366.267
13 31 171.897
13 32 4.81647
13 33 -137.436
13 34 -257.652
13 35 -358.706
13 36 -443.266
13 37 -513.897
13 38 -572.815
13 39 -621.946
13 40 -662.904
13 41 -697.021
13 42 -725.363
13 43 -748.797
13 44 -767.987
13 45 -783.485
13 46 -795.672
13 47 -804.849
13 48 -811.27
13 49 -815.052
13 50 -816.309
13 51 -815.052
13 52 -811.27
13 53 -804.849
13 54 -795.672
13 55 -783.485
13 56 -767.987
13 57 -748.797
13 58 -725.363
13 59 -697.021
13 60 -662.904
13 61 -621.946
13 62 -572.815
13 63 -513.897
13 64 -443.266
13 65 -358.706
13 66 -257.652
13 67 -137.436
13 68 4.81647
13 69 171.897
13 70 366.267
13 71 589.823
13 72 843.531
13 73 1127.18
13 74 1438.9
13 75 1775.08
13 76 2130.05
13 77 2496.23
13 78 2864.1
13 79 3222.77
13 80 3560.27
13 81 3864.43
13 82 4123.49
13 83 4327.02
13 84 4466.51
13 85 4536.13
13 86 4532.94
13 87 4457.23
13 88 4312.22
13 89 4103.84
13 90 3840.04
13 91 3530.16
13 92 3184.08
13 93 2811.49
13 94 2421.21
13 95 2020.65
13 96 1615.48
13 97 1209.52
13 98 804.791
13 99 401.815
13 100 0

14 0 0
14 1 372.611
14 2 748.02
14 3 1128.39
14 4 1514.75
14 5 1906.47
14 6 2300.96
14 7 2693.54
14 8 3077.41
14 9 3443.99
14 10 3783.36
14 11 4084.84
14 12 4337.93
14 13 4532.94
14 14 4662.01
14 15 4719.64
14 16 4703.36
14 17 4613.87
14 18 4455.2
14 19 4234.29
14 20 3960.59
14 21 3645.29
14 22 3300.59
14 23 2938.78
14 24 2571.64
14 25 2209.59
14 26 1861.49
14 27 1534.12
14 28 1232.34
14 29 958.974
14 30 715.187
14 31 500.673
14 32 314.081
14 33 153.282
14 34 15.7116
14 35 -101.325
14 36 -200.581
14 37 -284.55
14 38 -355.521
14 39 -415.507
14 40 -466.19
14 41 -508.936
14 42 -544.891
14 43 -574.954
14 44 -599.857
14 45 -620.124
14 46 -636.206
14 47 -648.412
14 48 -656.961
14 49 -662.042
14 50 -663.718
14 51 -662.042
14 52 -656.961
14 53 -648.412
14 54 -636.206
14 55 -620.124
14 56 -599.857
14 57 -574.954
14 58 -544.891
14 59 -508.936
14 60 -466.19
14 61 -415.507
14 62 -355.521
14 63 -284.55
14 64 -200.581
14 65 -101.325
14 66 15.7116
14 67 153.282
14 68 314.081
14 69 500.673
14 70 715.187
14 71 958.974
14 72 1232.34
14 73 1534.12
14 74 1861.49
14 75 2209.59
14 76 2571.64
14 77 2938.78
14 78 3300.59
14 79 3645.29
14 80 3960.59
14 81 4234.29
14 82 4455.2
14 83 4613.87
14 84 4703.36
14 85 4719.64
14 86 4662.01
14 87 4532.94
14 88 4337.93
14 89 4084.84
14 90 3783.36
14 91 3443.99
14 92 3077.41
14 93 2693.54
14 94 2300.96
14 95 1906.47
14 96 1514.75
14 97 1128.39
14 98 748.02
14 99 372.611
14 100 0

15 0 0
15 1 336.55
15 2 677.467
15 3 1026.47
15 4 1386.12
15 5 1757.25
15 6 2138.59
15 7 2526.6
15 8 2915.3
15 9 3296.62
15 10 3660.61
15 11 3996.14
15 12 4291.69
15 13 4536.13
15 14 4719.64
15 15 4834.61
15 16 4876.15
15 17 4842.75
15 18 4736.23
15 19 4561.81
15 20 4327.51
15 21 4043.75
15 22 3722.29
15 23 3375.63
15 24 3016.03
15 25 2654.88
15 26 2301.98
15 27 1965.38
15 28 1651.02
15 29 1362.85
15 30 1102.94
15 31 871.801
15 32 668.647
15 33 491.785
15 34 338.991
15 35 207.669
15 36 95.2256
15 37 -0.847625
15 38 -82.8869
15 39 -152.88
15 40 -212.578
15 41 -263.406
15 42 -306.533
15 43 -342.877
15 44 -373.194
15 45 -398.05
15 46 -417.871
15 47 -432.97
15 48 -443.619
15 49 -449.92
15 50 -452.031
15 51 -449.92
15 52 -443.619
15 53 -432.97
15 54 -417.871
15 55 -398.05
15 56 -373.194
15 57 -342.877
15 58 -306.533
15 59 -263.406
15 60 -212.578
15 61 -152.88
15 62 -82.8869
15 63 -0.847625
15 64 95.2256
15 65 207.669
15 66 338.991
15 67 491.785
15 68 668.647
15 69 871.801
15 70 1102.94
15 71 1362.85
15 72 1651.02
15 73 1965.38
15 74 2301.98
15 75 2654.88
15 76 3016.03
15 77 3375.63
15 78 3722.29
15 79 4043.75
15 80 4327.51
15 81 4561.81
15 82 4736.23
15 83 4842.75
15 84 4876.15
15 85 4834.61
15 86 4719.64
15 87 4536.13
15 88 4291.69
15 89 3996.14
15 90 3660.61
15 91 3296.62
15 92 2915.3
15 93 2526.6
15 94 2138.59
15 95 1757.25
15 96 1386.12
15 97 1026.47
15 98 677.467
15 99 336.55
15 100 0

16 0 0
16 1 295.231
16 2 596.271
16 3 908.3
16 4 1235.33
16 5 1579.61
16 6 1941.27
16 7 2317.98
16 8 2704.81
16 9 3094.35
16 10 3476.99
16 11 3841.4
16 12 4175.38
16 13 4466.51
16 14 4703.36
16 15 4876.15
16 16 4977.79
16 17 5004.3
16 18 4955.32
16 19 4833.95
16 20 4646.65
16 21 4402.57
16 22 4112.93
16 23 3790
16 24 3446.43
16 25 3094.14
16 26 2743.98
16 27 2404.99
16 28 2084.3
16 29 1786.88
16 30 1515.81
16 31 1272.39
16 32 1056.51
16 33 867.006
16 34 701.916
16 35 558.958
16 36 435.617
16 37 329.433
16 38 238.127
16 39 159.662
16 40 92.2695
16 41 34.5293
16 42 -14.7798
16 43 -56.5806
16 44 -91.6395
16 45 -120.498
16 46 -143.626
16 47 -161.306
16 48 -173.776
16 49 -181.21
16 50 -183.665
16 51 -181.21
16 52 -173.776
16 53 -161.306
16 54 -143.626
16 55 -120.498
16 56 -91.6395
16 57 -56.5806
16 58 -14.7798
16 59 34.5293
16 60 92.2695
16 61 159.662
16 62 238.127
16 63 329.433
16 64 435.617
16 65 558.958
16 66 701.916
16 67 867.006
16 68 1056.51
16 69 1272.39
16 70 1515.81
16 71 1786.88
16 72 2084.3
16 73 2404.99
16 74 2743.98
16 75 3094.14
16 76 3446.43
16 77 3790
16 78 4112.93
16 79 4402.57
16 80 4646.65
16 81 4833.95
16 82 4955.32
16 83 5004.3
16 84 4977.79
16 85 4876.15
16 86 4703.36
16 87 4466.51
16 88 4175.38
16 89 3841.4
16 90 3476.99
16 91 3094.35
16 92 2704.81
16 93 2317.98
16 94 1941.27
16 95 1579.61
16 96 1235.33
16 97 908.3
16 98 596.271
16 99 295.231
16 100 0

17 0 0
17 1 250.427
17 2 507.903
17 3 778.903
17 4 1068.73
17 5 1381.02
17 6 1717.23
17 7 2076.36
17 8 2454.63
17 9 2845.57
17 10 3240.08
17 11 3627.04
17 12 3993.77
17 13 4327.02
17 14 4613.87
17 15 4842.75
17 16 5004.3
17 17 5092.29
17 18 5103.89
17 19 5040.11
17 20 4905.48
17 21 4707.8
17 22 4457.25
17 23 4165.76
17 24 3845.9
17 25 3510.16
17 26 3170.06
17 27 2835.66
17 28 2515.05
17 29 2214.32
17 30 1937.47
17 31 1686.7
17 32 1462.56
17 33 1264.37
17 34 1090.65
17 35 939.347
17 36 808.061
17 37 694.463
17 38 596.28
17 39 511.505
17 40 438.363
17 41 375.381
17 42 321.375
17 43 275.396
17 44 236.693
17 45 204.698
17 46 179.01
17 47 159.309
17 48 145.371
17 49 137.087
17 50 134.311
17 51 137.087
17 52 145.371
17 53 159.309
17 54 179.01
17 55 204.698
17 56 236.693
17 57 275.396
17 58 321.375
17 59 375.381
17 60 438.363
17 61 511.505
17 62 596.28
17 63 694.463
17 64 808.061
17 65 939.347
17 66 1090.65
17 67 1264.37
17 68 1462.56
17 69 1686.7
17 70 1937.47
17 71 2214.32
17 72 2515.05
17 73 2835.66
17 74 3170.06
17 75 3510.16
17 76 3845.9
17 77 4165.76
17 78 4457.25
17 79 4707.8
17 80 4905.48
17 81 5040.11
17 82 5103.89
17 83 5092.29
17 84 5004.3
17 85 4842.75
17 86 4613.87
17 87 4327.02
17 88 3993.77
17 89 3627.04
17 90 3240.08
17 91 2845.57
17 92 2454.63
17 93 2076.36
17 94 1717.23
17 95 1381.02
17 96 1068.73
17 97 778.903
17 98 507.903
17 99 250.427
17 100 0

18 0 0
18 1 203.882
18 2 415.825
18 3 643.345
18 4 892.891
18 5 1169.3
18 6 1475.37
18 7 1811.34
18 8 2174.76
18 9 2560.19
18 10 2959.41
18 11 3361.68
18 12 3754.32
18 13 4123.49
18 14 4455.2
18 15 4736.23
18 16 4955.32
18 17 5103.89
18 18 5176.86
18 19 5172.92
18 20 5094.65
18 21 4948.08
18 22 4742.32
18 23 4488.48
18 24 4199
18 25 3886.54
18 26 3563.23
18 27 3239.87
18 28 2925.56
18 29 2627.34
18 30 2350.2
18 31 2097.12
18 32 1869.36
18 33 1666.87
18 34 1488.54
18 35 1332.54
18 36 1196.75
18 37 1078.86
18 38 976.686
18 39 888.21
18 40 811.673
18 41 745.595
18 42 688.768
18 43 640.25
18 44 599.31
18 45 565.392
18 46 538.077
18 47 517.098
18 48 502.253
18 49 493.377
18 50 490.453
18 51 493.377
18 52 502.253
18 53 517.098
18 54 538.077
18 55 565.392
18 56 599.31
18 57 640.25
18 58 688.768
18 59 745.595
18 60 811.673
18 61 888.21
18 62 976.686
18 63 1078.86
18 64 1196.75
18 65 1332.54
18 66 1488.54
18 67 1666.87
18 68 1869.36
18 69 2097.12
18 70 2350.2
18 71 2627.34
18 72 2925.56
18 73 3239.87
18 74 3563.23
18 75 3886.54
18 76 4199
18 77 4488.48
18 78 4742.32
18 79 4948.08
18 80 5094.65
18 81 5172.92
18 82 5176.86
18 83 5103.89
18 84 4955.32
18 85 4736.23
18 86 4455.2
18 87 4123.49
18 88 3754.32
18 89 3361.68
18 90 2959.41
18 91 2560.19
18 92 2174.76
18 93 1811.34
18 94 1475.37
18 95 1169.3
18 96 892.891
18 97 643.345
18 98 415.825
18 99 203.882
18 100 0

19 0 0
19 1 157.273
19 2 323.349
19 3 506.536
19 4 714.194
19 5 952.221
19 6 1224.55
19 7 1532.77
19 8 1875.66
19 9 2249.06
19 10 2645.76
19 11 3055.76
19 12 3466.65
19 13 3864.43
19 14 4234.29
19 15 4561.81
19 16 4833.95
19 17 5040.11
19 18 5172.92
19 19 5228.87
19 20 5208.32
19 21 5115.61
19 22 4958.31
19 23 4746.73
19 24 4492.73
19 25 4209.06
19 26 3908.12
19 27 3601.45
19 28 3298.94
19 29 3008.57
19 30 2736.18
19 31 2485.57
19 32 2258.78
19 33 2056.26
19 34 1877.3
19 35 1720.43
19 36 1583.66
19 37 1464.8
19 38 1361.72
19 39 1272.42
19 40 1195.11
19 41 1128.29
19 42 1070.79
19 43 1021.62
19 44 980.076
19 45 945.596
19 46 917.813
19 47 896.427
19 48 881.269
19 49 872.239
19 50 869.21
19 51 872.239
19 52 881.269
19 53 896.427
19 54 917.813
19 55 945.596
19 56 980.076
19 57 1021.62
19 58 1070.79
19 59 1128.29
19 60 1195.11
19 61 1272.42
19 62 1361.72
19 63 1464.8
19 64 1583.66
19 65 1720.43
19 66 1877.3
19 67 2056.26
19 68 2258.78
19 69 2485.57
19 70 2736.18
19 71 3008.57
19 72 3298.94
19 73 3601.45
19 74 3908.12
19 75 4209.06
19 76 4492.73
19 77 4746.73
19 78 4958.31
19 79 5115.61
19 80 5208.32
19 81 5228.87
19 82 5172.92
19 83 5040.11
19 84 4833.95
19 85 4561.81
19 86 4234.29
19 87 3864.43
19 88 3466.65
19 89 3055.76
19 90 2645.76
19 91 2249.06
19 92 1875.66
19 93 1532.77
19 94 1224.55
19 95 952.221
19 96 714.194
19 97 506.536
19 98 323.349
19 99 157.273
19 100 0

20 0 0
20 1 112.103
20 2 233.472
20 3 372.919
20 4 538.506
20 5 736.942
20 6 973.231
20 7 1250.13
20 8 1567.76
20 9 1923.24
20 10 2310.6
20 11 2720.75
20 12 3141.95
20 13 3560.27
20 14 3960.59
20 15 4327.51
20 16 4646.65
20 17 4905.48
20 18 5094.65
20 19 5208.32
20 20 5244.84
20 21 5206.52
20 22 5099.49
20 23 4932.77
20 24 4717.69
20 25 4466.67
20 26 4192.38
20 27 3906.79
20 28 3620.55
20 29 3342.4
20 30 3079.04
20 31 2835.1
20 32 2613.28
20 33 2414.55
20 34 2238.69
20 35 2084.44
20 36 1950.06
20 37 1833.45
20 38 1732.49
20 39 1645.18
20 40 1569.73
20 41 1504.63
20 42 1448.62
20 43 1400.77
20 44 1360.34
20 45 1326.77
20 46 1299.69
20 47 1278.86
20 48 1264.08
20 49 1255.24
20 50 1252.32
20 51 1255.24
20 52 1264.08
20 53 1278.86
20 54 1299.69
20 55 1326.77
20 56 1360.34
20 57 1400.77
20 58 1448.62
20 59 1504.63
20 60 1569.73
20 61 1645.18
20 62 1732.49
20 63 1833.45
20 64 1950.06
20 65 2084.44
20 66 2238.69
20 67 2414.55
20 68 2613.28
20 69 2835.1
20 70 3079.04
20 71 3342.4
20 72 3620.55
20 73 3906.79
20 74 4192.38
20 75 4466.67
20 76 4717.69
20 77 4932.77
20 78 5099.49
20 79 5206.52
20 80 5244.84
20 81 5208.32
20 82 5094.65
20 83 4905.48
20 84 4646.65
20 85 4327.51
20 86 3960.59
20 87 3560.27
20 88 3141.95
20 89 2720.75
20 90 2310.6
20 91 1923.24
20 92 1567.76
20 93 1250.13
20 94 973.231
20 95 736.942
20 96 538.506
20 97 372.919
20 98 233.472
20 99 112.103
20 100 0

21 0 0
21 1 69.6129
21 2 148.664
21 3 246.252
21 4 370.833
21 5 529.779
21 6 728.929
21 7 972.166
21 8 1260.82
21 9 1593.41
21 10 1965.23
21 11 2368.43
21 12 2792.07
21 13 3222.77
21 14 3645.29
21 15 4043.75
21 16 4402.57
21 17 4707.8
21 18 4948.08
21 19 5115.61
21 20 5206.52
21 21 5221.29
21 22 5164.22
21 23 5043.19
21 24 4868.56
21 25 4652.45
21 26 4407.45
21 27 4145.91
21 28 3879.04
21 29 3616.32
21 30 3365.25
21 31 3131.18
21 32 2917.45
21 33 2725.65
21 34 2555.88
21 35 2407.26
21 36 2278.14
21 37 2166.56
21 38 2070.4
21 39 1987.65
21 40 1916.47
21 41 1855.31
21 42 1802.89
21 43 1758.21
21 44 1720.52
21 45 1689.28
21 46 1664.09
21 47 1644.7
21 48 1630.95
21 49 1622.75
21 50 1619.99
21 51 1622.75
21 52 1630.95
21 53 1644.7
21 54 1664.09
21 55 1689.28
21 56 1720.52
21 57 1758.21
21 58 1802.89
21 59 1855.31
21 60 1916.47
21 61 1987.65
21 62 2070.4
21 63 2166.56
21 64 2278.14
21 65 2407.26
21 66 2555.88
21 67 2725.65
21 68 2917.45
21 69 3131.18
21 70 3365.25
21 71 3616.32
21 72 3879.04
21 73 4145.91
21 74 4407.45
21 75 4652.45
21 76 4868.56
21 77 5043.19
21 78 5164.22
21 79 5221.29
21 80 5206.52
21 81 5115.61
21 82 4948.08
21 83 4707.8
21 84 4402.57
21 85 4043.75
21 86 3645.29
21 87 3222.77
21 88 2792.07
21 89 2368.43
21 90 1965.23
21 91 1593.41
21 92 1260.82
21 93 972.166
21 94 728.929
21 95 529.779
21 96 370.833
21 97 246.252
21 98 148.664
21 99 69.6129
21 100 0

22 0 0
22 1 30.7539
22 2 70.8669
22 3 129.474
22 4 215.205
22 5 335.844
22 6 497.947
22 7 706.286
22 8 963.443
22 9 1269.21
22 10 1620.32
22 11 2010.18
22 12 2429.01
22 13 2864.1
22 14 3300.59
22 15 3722.29
22 16 4112.93
22 17 4457.25
22 18 4742.32
22 19 4958.31
22 20 5099.49
22 21 5164.22
22 22 5155.22
22 23 5078.85
22 24 4944.59
22 25 4763.87
22 26 4549.22
22 27 4313.16
22 28 4067.36
22 29 3821.95
22 30 3585.11
22 31 3362.93
22 32 3159.42
22 33 2976.61
22 34 2815.08
22 35 2674.19
22 36 2552.5
22 37 2448.07
22 38 2358.81
22 39 2282.65
22 40 2217.72
22 41 2162.37
22 42 2115.25
22 43 2075.34
22 44 2041.82
22 45 2014.13
22 46 1991.84
22 47 1974.73
22 48 1962.6
22 49 1955.34
22 50 1952.96
22 51 1955.34
22 52 1962.6
22 53 1974.73
22 54 1991.84
22 55 2014.13
22 56 2041.82
22 57 2075.34
22 58 2115.25
22 59 2162.37
22 60 2217.72
22 61 2282.65
22 62 2358.81
22 63 2448.07
22 64 2552.5
22 65 2674.19
22 66 2815.08
22 67 2976.61
22 68 3159.42
22 69 3362.93
22 70 3585.11
22 71 3821.95
22 72 4067.36
22 73 4313.16
22 74 4549.22
22 75 4763.87
22 76 4944.59
22 77 5078.85
22 78 5155.22
22 79 5164.22
22 80 5099.49
22 81 4958.31
22 82 4742.32
22 83 4457.25
22 84 4112.93
22 85 3722.29
22 86 3300.59
22 87 2864.1
22 88 2429.01
22 89 2010.18
22 90 1620.32
22 91 1269.21
22 92 963.443
22 93 706.286
22 94 497.947
22 95 335.844
22 96 215.205
22 97 129.474
22 98 70.8669
22 99 30.7539
22 100 0

23 0 0
23 1 -3.82551
23 2 1.40697
23 3 24.6674
23 4 74.5131
23 5 158.989
23 6 285.113
23 7 458.477
23 8 682.713
23 9 958.925
23 10 1285.21
23 11 1656.44
23 12 2063.99
23 13 2496.23
23 14 2938.78
23 15 3375.63
23 16 3790
23 17 4165.76
23 18 4488.48
23 19 4746.73
23 20 4932.77
23 21 5043.19
23 22 5078.85
23 23 5044.75
23 24 4949.16
23 25 4802.87
23 26 4618.13
23 27 4407.53
23 28 4183.07
23 29 3955.45
23 30 3733.52
23 31 3524.06
23 32 3331.59
23 33 3158.79
23 34 3006.57
23 35 2874.59
23 36 2761.52
23 37 2665.54
23 38 2584.5
23 39 2516.3
23 40 2458.95
23 41 2410.72
23 42 2370.19
23 43 2336.2
23 44 2307.92
23 45 2284.72
23 46 2266.15
23 47 2251.92
23 48 2241.87
23 49 2235.88
23 50 2233.87
23 51 2235.88
23 52 2241.87
23 53 2251.92
23 54 2266.15
23 55 2284.72
23 56 2307.92
23 57 2336.2
23 58 2370.19
23 59 2410.72
23 60 2458.95
23 61 2516.3
23 62 2584.5
23 63 2665.54
23 64 2761.52
23 65 2874.59
23 66 3006.57
23 67 3158.79
23 68 3331.59
23 69 3524.06
23 70 3733.52
23 71 3955.45
23 72 4183.07
23 73 4407.53
23 74 4618.13
23 75 4802.87
23 76 4949.16
23 77 5044.75
23 78 5078.85
23 79 5043.19
23 80 4932.77
23 81 4746.73
23 82 4488.48
23 83 4165.76
23 84 3790
23 85 3375.63
23 86 2938.78
23 87 2496.23
23 88 2063.99
23 89 1656.44
23 90 1285.21
23 91 958.925
23 92 682.713
23 93 458.477
23 94 285.113
23 95 158.989
23 96 74.5131
23 97 24.6674
23 98 1.40697
23 99 -3.82551
23 100 0

24 0 0
24 1 -33.767
24 2 -58.9401
24 3 -66.9532
24 4 -49.4247
24 5 1.69137
24 6 93.7769
24 7 233.021
24 8 424.047
24 9 669.087
24 10 967.68
24 11 1316.05
24 12 1707.03
24 13 2130.05
24 14 2571.64
24 15 3016.03
24 16 3446.43
24 17 3845.9
24 18 4199
24 19 4492.73
24 20 4717.69
24 21 4868.56
24 22 4944.59
24 23 4949.16
24 24 4889.41
24 25 4775.36
24 26 4618.85
24 27 4432.41
24 28 4228.3
24 29 4017.74
24 30 3810.21
24 31 3612.99
24 32 3431.35
24 33 3268.4
24 34 3125.49
24 35 3002.51
24 36 2898.35
24 37 2811.15
24 38 2738.82
24 39 2679.11
24 40 2629.98
24 41 2589.54
24 42 2556.25
24 43 2528.87
24 44 2506.47
24 45 2488.32
24 46 2473.95
24 47 2463.02
24 48 2455.35
24 49 2450.76
24 50 2449.27
24 51 2450.76
24 52 2455.35
24 53 2463.02
24 54 2473.95
24 55 2488.32
24 56 2506.47
24 57 2528.87
24 58 2556.25
24 59 2589.54
24 60 2629.98
24 61 2679.11
24 62 2738.82
24 63 2811.15
24 64 2898.35
24 65 3002.51
24 66 3125.49
24 67 3268.4
24 68 3431.35
24 69 3612.99
24 70 3810.21
24 71 4017.74
24 72 4228.3
24 73 4432.41
24 74 4618.85
24 75 4775.36
24 76 4889.41
24 77 4949.16
24 78 4944.59
24 79 4868.56
24 80 4717.69
24 81 4492.73
24 82 4199
24 83 3845.9
24 84 3446.43
24 85 3016.03
24 86 2571.64
24 87 2130.05
24 88 1707.03
24 89 1316.05
24 90 967.68
24 91 669.087
24 92 424.047
24 93 233.021
24 94 93.7769
24 95 1.69137
24 96 -49.4247
24 97 -66.9532
24 98 -58.9401
24 99 -33.767
24 100 0

25 0 0
25 1 -59.0003
25 2 -110.002
25 3 -144.97
25 4 -155.871
25 5 -134.773
25 6 -74.1739
25 7 32.6609
25 8 191.065
25 9 404.451
25 10 673.58
25 11 996.178
25 12 1366.42
25 13 1775.08
25 14 2209.59
25 15 2654.88
25 16 3094.14
25 17 3510.16
25 18 3886.54
25 19 4209.06
25 20 4466.67
25 21 4652.45
25 22 4763.87
25 23 4802.87
25 24 4775.36
25 25 4690.5
25 26 4559.57
25 27 4395
25 28 4209.29
25 29 4014.09
25 30 3819.28
25 31 3632.93
25 32 3460.79
25 33 3306.56
25 34 3171.94
25 35 3057.13
25 36 2961.14
25 37 2882.22
25 38 2818.2
25 39 2766.76
25 40 2725.71
25 41 2693.05
25 42 2667.08
25 43 2646.42
25 44 2630.03
25 45 2617.12
25 46 2607.12
25 47 2599.63
25 48 2594.44
25 49 2591.38
25 50 2590.35
25 51 2591.38
25 52 2594.44
25 53 2599.63
25 54 2607.12
25 55 2617.12
25 56 2630.03
25 57 2646.42
25 58 2667.08
25 59 2693.05
25 60 2725.71
25 61 2766.76
25 62 2818.2
25 63 2882.22
25 64 2961.14
25 65 3057.13
25 66 3171.94
25 67 3306.56
25 68 3460.79
25 69 3632.93
25 70 3819.28
25 71 4014.09
25 72 4209.29
25 73 4395
25 74 4559.57
25 75 4690.5
25 76 4775.36
25 77 4802.87
25 78 4763.87
25 79 4652.45
25 80 4466.67
25 81 4209.06
25 82 3886.54
25 83 3510.16
25 84 3094.14
25 85 2654.88
25 86 2209.59
25 87 1775.08
25 88 1366.42
25 89 996.178
25 90 673.58
25 91 404.451
25 92 191.065
25 93 32.6609
25 94 -74.1739
25 95 -134.773
25 96 -155.871
25 97 -144.97
25 98 -110.002
25 99 -59.0003
25 100 0

26 0 0
26 1 -79.6411
26 2 -151.974
26 3 -209.599
26 4 -244.923
26 5 -250.301
26 6 -218.165
26 7 -141.489
26 8 -14.2445
26 9 167.895
26 10 406.959
26 11 701.963
26 12 1048.61
26 13 1438.9
26 14 1861.49
26 15 2301.98
26 16 2743.98
26 17 3170.06
26 18 3563.23
26 19 3908.12
26 20 4192.38
26 21 4407.45
26 22 4549.22
26 23 4618.13
26 24 4618.85
26 25 4559.57
26 26 4451.03
26 27 4305.5
26 28 4135.59
26 29 3953.17
26 30 3768.83
26 31 3591.11
26 32 3426.42
26 33 3278.91
26 34 3150.76
26 35 3042.44
26 36 2953.14
26 37 2881.15
26 38 2824.29
26 39 2780.14
26 40 2746.37
26 41 2720.82
26 42 2701.63
26 43 2687.3
26 44 2676.63
26 45 2668.72
26 46 2662.92
26 47 2658.78
26 48 2656
26 49 2654.38
26 50 2653.88
26 51 2654.38
26 52 2656
26 53 2658.78
26 54 2662.92
26 55 2668.72
26 56 2676.63
26 57 2687.3
26 58 2701.63
26 59 2720.82
26 60 2746.37
26 61 2780.14
26 62 2824.29
26 63 2881.15
26 64 2953.14
26 65 3042.44
26 66 3150.76
26 67 3278.91
26 68 3426.42
26 69 3591.11
26 70 3768.83
26 71 3953.17
26 72 4135.59
26 73 4305.5
26 74 4451.03
26 75 4559.57
26 76 4618.85
26 77 4618.13
26 78 4549.22
26 79 4407.45
26 80 4192.38
26 81 3908.12
26 82 3563.23
26 83 3170.06
26 84 2743.98
26 85 2301.98
26 86 1861.49
26 87 1438.9
26 88 1048.61
26 89 701.963
26 90 406.959
26 91 167.895
26 92 -14.2445
26 93 -141.489
26 94 -218.165
26 95 -250.301
26 96 -244.923
26 97 -209.599
26 98 -151.974
26 99 -79.6411
26 100 0

27 0 0
27 1 -95.9948
27 2 -185.446
27 3 -261.593
27 4 -317.441
27 5 -345.639
27 6 -338.752
27 7 -289.52
27 8 -191.43
27 9 -39.2883
27 10 169.967
27 11 436.718
27 12 757.975
27 13 1127.18
27 14 1534.12
27 15 1965.38
27 16 2404.99
27 17 2835.66
27 18 3239.87
27 19 3601.45
27 20 3906.79
27 21 4145.91
27 22 4313.16
27 23 4407.53
27 24 4432.41
27 25 4395
27 26 4305.5
27 27 4175.89
27 28 4018.72
27 29 3846.31
27 30 3669.65
27 31 3497.91
27 32 3338.04
27 33 3194.78
27 34 3070.69
27 35 2966.6
27 36 2881.86
27 37 2814.89
27 38 2763.42
27 39 2725
27 40 2697.12
27 41 2677.5
27 42 2664.08
27 43 2655.21
27 44 2649.55
27 45 2646.08
27 46 2644.04
27 47 2642.89
27 48 2642.29
27 49 2642.02
27 50 2641.92
27 51 2642.02
27 52 2642.29
27 53 2642.89
27 54 2644.04
27 55 2646.08
27 56 2649.55
27 57 2655.21
27 58 2664.08
27 59 2677.5
27 60 2697.12
27 61 2725
27 62 2763.42
27 63 2814.89
27 64 2881.86
27 65 2966.6
27 66 3070.69
27 67 3194.78
27 68 3338.04
27 69 3497.91
27 70 3669.65
27 71 3846.31
27 72 4018.72
27 73 4175.89
27 74 4305.5
27 75 4395
27 76 4432.41
27 77 4407.53
27 78 4313.16
27 79 4145.91
27 80 3906.79
27 81 3601.45
27 82 3239.87
27 83 2835.66
27 84 2404.99
27 85 1965.38
27 86 1534.12
27 87 1127.18
27 88 757.975
27 89 436.718
27 90 169.967
27 91 -39.2883
27 92 -191.43
27 93 -289.52
27 94 -338.752
27 95 -345.639
27 96 -317.441
27 97 -261.593
27 98 -185.446
27 99 -95.9948
27 100 0

28 0 0
28 1 -108.501
28 2 -211.227
28 3 -302.118
28 4 -374.769
28 5 -422.256
28 6 -437.296
28 7 -412.604
28 8 -341.204
28 9 -217.3
28 10 -36.7772
28 11 201.881
28 12 497.068
28 13 843.531
28 14 1232.34
28 15 1651.02
28 16 2084.3
28 17 2515.05
28 18 2925.56
28 19 3298.94
28 20 3620.55
28 21 3879.04
28 22 4067.36
28 23 4183.07
28 24 4228.3
28 25 4209.29
28 26 4135.59
28 27 4018.72
28 28 3871.37
28 29 3706.04
28 30 3534.23
28 31 3365.63
28 32 3207.8
28 33 3066
28 34 2943.3
28 35 2840.83
28 36 2758.2
28 37 2693.89
28 38 2645.69
28 39 2611.02
28 40 2587.28
28 41 2571.99
28 42 2562.97
28 43 2558.37
28 44 2556.71
28 45 2556.83
28 46 2557.88
28 47 2559.21
28 48 2560.43
28 49 2561.25
28 50 2561.55
28 51 2561.25
28 52 2560.43
28 53 2559.21
28 54 2557.88
28 55 2556.83
28 56 2556.71
28 57 2558.37
28 58 2562.97
28 59 2571.99
28 60 2587.28
28 61 2611.02
28 62 2645.69
28 63 2693.89
28 64 2758.2
28 65 2840.83
28 66 2943.3
28 67 3066
28 68 3207.8
28 69 3365.63
28 70 3534.23
28 71 3706.04
28 72 3871.37
28 73 4018.72
28 74 4135.59
28 75 4209.29
28 76 4228.3
28 77 4183.07
28 78 4067.36
28 79 3879.04
28 80 3620.55
28 81 3298.94
28 82 2925.56
28 83 2515.05
28 84 2084.3
28 85 1651.02
28 86 1232.34
28 87 843.531
28 88 497.068
28 89 201.881
28 90 -36.7772
28 91 -217.3
28 92 -341.204
28 93 -412.604
28 94 -437.296
28 95 -422.256
28 96 -374.769
28 97 -302.118
28 98 -211.227
28 99 -108.501
28 100 0

29 0 0
29 1 -117.651
29 2 -230.275
29 3 -332.529
29 4 -418.611
29 5 -482.042
29 6 -515.833
29 7 -512.651
29 8 -465.318
29 9 -367.408
29 10 -214.018
29 11 -2.49039
29 12 266.746
29 13 589.823
29 14 958.974
29 15 1362.85
29 16 1786.88
29 17 2214.32
29 18 2627.34
29 19 3008.57
29 20 3342.4
29 21 3616.32
29 22 3821.95
29 23 3955.45
29 24 4017.74
29 25 4014.09
29 26 3953.17
29 27 3846.31
29 28 3706.04
29 29 3545.15
29 30 3375.46
29 31 3207.3
29 32 3048.76
29 33 2905.72
29 34 2781.68
29 35 2678.18
29 36 2595.07
29 37 2530.98
29 38 2483.71
29 39 2450.63
29 40 2429.04
29 41 2416.31
29 42 2410.09
29 43 2408.36
29 44 2409.51
29 45 2412.21
29 46 2415.52
29 47 2418.72
29 48 2421.3
29 49 2422.97
29 50 2423.54
29 51 2422.97
29 52 2421.3
