0 0 0
0 1 0
0 2 0
0 3 0
0 4 0
0 5 0
0 6 0
0 7 0
0 8 0
0 9 0
0 10 0
0 11 0
0 12 0
0 13 0
0 14 0
0 15 0
0 16 0
0 17 0
0 18 0
0 19 0
0 20 0
0 21 0
0 22 0
0 23 0
0 24 0
0 25 0
0 26 0
0 27 0
0 28 0
0 29 0
0 30 0
0 31 0
0 32 0
0 33 0
0 34 0
0 35 0
0 36 0
0 37 0
0 38 0
0 39 0
0 40 0
0 41 0
0 42 0
0 43 0
0 44 0
0 45 0
0 46 0
0 47 0
0 48 0
0 49 0
0 50 0
0 51 0
0 52 0
0 53 0
0 54 0
0 55 0
0 56 0
0 57 0
0 58 0
0 59 0
0 60 0
0 61 0
0 62 0
0 63 0
0 64 0
0 65 0
0 66 0
0 67 0
0 68 0
0 69 0
0 70 0
0 71 0
0 72 0
0 73 0
0 74 0
0 75 0
0 76 0
0 77 0
0 78 0
0 79 0
0 80 0
0 81 0
0 82 0
0 83 0
0 84 0
0 85 0
0 86 0
0 87 0
0 88 0
0 89 0
0 90 0
0 91 0
0 92 0
0 93 0
0 94 0
0 95 0
0 96 0
0 97 0
0 98 0
0 99 0
0 100 0

1 0 0
1 1 -85.84
1 2 -170.11
1 3 -251.217
1 4 -327.456
1 5 -397.074
1 6 -458.238
1 7 -509.112
1 8 -547.984
1 9 -573.317
1 10 -583.969
1 11 -579.264
1 12 -559.132
1 13 -524.212
1 14 -475.833
1 15 -416.03
1 16 -347.432
1 17 -273.106
1 18 -196.382
1 19 -120.623
1 20 -48.9949
1 21 15.74
1 22 71.3716
1 23 116.418
1 24 150.094
1 25 172.365
1 26 183.843
1 27 185.667
1 28 179.358
1 29 166.673
1 30 149.426
1 31 129.338
1 32 107.979
1 33 86.6365
1 34 66.3232
1 35 47.7454
1 36 31.3516
1 37 17.3119
1 38 5.63616
1 39 -3.80833
1 40 -11.2396
1 41 -16.951
1 42 -21.2315
1 43 -24.3499
1 44 -26.557
1 45 -28.0875
1 46 -29.1178
1 47 -29.7853
1 48 -30.1808
1 49 -30.3866
1 50 -30.4671
1 51 -30.3866
1 52 -30.1808
1 53 -29.7853
1 54 -29.1178
1 55 -28.0875
1 56 -26.557
1 57 -24.3499
1 58 -21.2315
1 59 -16.951
1 60 -11.2396
1 61 -3.80833
1 62 5.63616
1 63 17.3119
1 64 31.3516
1 65 47.7454
1 66 66.3232
1 67 86.6365
1 68 107.979
1 69 129.338
1 70 149.426
1 71 166.673
1 72 179.358
1 73 185.667
1 74 183.843
1 75 172.365
1 76 150.094
1 77 116.418
1 78 71.3716
1 79 15.74
1 80 -48.9949
1 81 -120.623
1 82 -196.382
1 83 -273.106
1 84 -347.432
1 85 -416.03
1 86 -475.833
1 87 -524.212
1 88 -559.132
1 89 -579.264
1 90 -583.969
1 91 -573.317
1 92 -547.984
1 93 -509.112
1 94 -458.238
1 95 -397.074
1 96 -327.456
1 97 -251.217
1 98 -170.11
1 99 -85.84
1 100 0

2 0 0
2 1 -170.11
2 2 -337.084
2 3 -497.734
2 4 -648.677
2 5 -786.431
2 6 -907.375
2 7 -1007.91
2 8 -1084.66
2 9 -1134.64
2 10 -1155.63
2 11 -1146.33
2 12 -1106.61
2 13 -1037.75
2 14 -942.357
2 15 -824.438
2 16 -689.145
2 17 -542.513
2 18 -391.078
2 19 -241.457
2 20 -99.8707
2 21 28.2287
2 22 138.484
2 23 227.926
2 24 294.981
2 25 339.53
2 26 362.751
2 27 366.856
2 28 354.829
2 29 330.1
2 30 296.236
2 31 256.642
2 32 214.433
2 33 172.177
2 34 131.883
2 35 94.9625
2 36 62.3146
2 37 34.3247
2 38 11.0202
2 39 -7.85797
2 40 -22.7542
2 41 -34.2153
2 42 -42.8013
2 43 -49.0664
2 44 -53.5289
2 45 -56.6156
2 46 -58.6966
2 47 -60.0288
2 48 -60.8501
2 49 -61.2843
2 50 -61.3924
2 51 -61.2843
2 52 -60.8501
2 53 -60.0288
2 54 -58.6966
2 55 -56.6156
2 56 -53.5289
2 57 -49.0664
2 58 -42.8013
2 59 -34.2153
2 60 -22.7542
2 61 -7.85797
2 62 11.0202
2 63 34.3247
2 64 62.3146
2 65 94.9625
2 66 131.883
2 67 172.177
2 68 214.433
2 69 256.642
2 70 296.236
2 71 330.1
2 72 354.829
2 73 366.856
2 74 362.751
2 75 339.53
2 76 294.981
2 77 227.926
2 78 138.484
2 79 28.2287
2 80 -99.8707
2 81 -241.457
2 82 -391.078
2 83 -542.513
2 84 -689.145
2 85 -824.438
2 86 -942.357
2 87 -1037.75
2 88 -1106.61
2 89 -1146.33
2 90 -1155.63
2 91 -1134.64
2 92 -1084.66
2 93 -1007.91
2 94 -907.375
2 95 -786.431
2 96 -648.677
2 97 -497.734
2 98 -337.084
2 99 -170.11
2 100 0

3 0 0
3 1 -251.217
3 2 -497.734
3 3 -734.774
3 4 -957.327
3 5 -1160.24
3 6 -1338.21
3 7 -1485.99
3 8 -1598.69
3 9 -1672.03
3 10 -1702.78
3 11 -1689.13
3 12 -1630.95
3 13 -1530.09
3 14 -1390.42
3 15 -1217.73
3 16 -1019.53
3 17 -804.582
3 18 -582.407
3 19 -362.629
3 20 -154.357
3 21 34.4215
3 22 197.285
3 23 329.821
3 24 429.644
3 25 496.493
3 26 531.978
3 27 539.256
3 28 522.626
3 29 487.081
3 30 437.836
3 31 379.904
3 32 317.855
3 33 255.5
3 34 195.853
3 35 141.056
3 36 92.4771
3 37 50.7121
3 38 15.8437
3 39 -12.4739
3 40 -34.855
3 41 -52.1158
3 42 -65.095
3 43 -74.5921
3 44 -81.3495
3 45 -86.0497
3 46 -89.2173
3 47 -91.278
3 48 -92.5133
3 49 -93.158
3 50 -93.4005
3 51 -93.158
3 52 -92.5133
3 53 -91.278
3 54 -89.2173
3 55 -86.0497
3 56 -81.3495
3 57 -74.5921
3 58 -65.095
3 59 -52.1158
3 60 -34.855
3 61 -12.4739
3 62 15.8437
3 63 50.7121
3 64 92.4771
3 65 141.056
3 66 195.853
3 67 255.5
3 68 317.855
3 69 379.904
3 70 437.836
3 71 487.081
3 72 522.626
3 73 539.256
3 74 531.978
3 75 496.493
3 76 429.644
3 77 329.821
3 78 197.285
3 79 34.4215
3 80 -154.357
3 81 -362.629
3 82 -582.407
3 83 -804.582
3 84 -1019.53
3 85 -1217.73
3 86 -1390.42
3 87 -1530.09
3 88 -1630.95
3 89 -1689.13
3 90 -1702.78
3 91 -1672.03
3 92 -1598.69
3 93 -1485.99
3 94 -1338.21
3 95 -1160.24
3 96 -957.327
3 97 -734.774
3 98 -497.734
3 99 -251.217
3 100 0

4 0 0
4 1 -327.456
4 2 -648.677
4 3 -957.327
4 4 -1246.84
4 5 -1510.49
4 6 -1741.44
4 7 -1932.97
4 8 -2078.84
4 9 -2173.68
4 10 -2213.46
4 11 -2195.92
4 12 -2120.99
4 13 -1991.1
4 14 -1811.17
4 15 -1588.64
4 16 -1333.07
4 17 -1055.66
4 18 -768.551
4 19 -484.078
4 20 -213.931
4 21 31.5643
4 22 244.093
4 23 417.798
4 24 549.476
4 25 638.587
4 26 687.041
4 27 698.751
4 28 679.149
4 29 634.584
4 30 571.745
4 31 497.137
4 32 416.704
4 33 335.475
4 34 257.427
4 35 185.44
4 36 121.356
4 37 66.0828
4 38 19.7806
4 39 -17.9449
4 40 -47.8886
4 41 -71.0505
4 42 -88.5076
4 43 -101.323
4 44 -110.502
4 45 -116.886
4 46 -121.211
4 47 -124.001
4 48 -125.718
4 49 -126.642
4 50 -126.887
4 51 -126.642
4 52 -125.718
4 53 -124.001
4 54 -121.211
4 55 -116.886
4 56 -110.502
4 57 -101.323
4 58 -88.5076
4 59 -71.0505
4 60 -47.8886
4 61 -17.9449
4 62 19.7806
4 63 66.0828
4 64 121.356
4 65 185.44
4 66 257.427
4 67 335.475
4 68 416.704
4 69 497.137
4 70 571.745
4 71 634.584
4 72 679.149
4 73 698.751
4 74 687.041
4 75 638.587
4 76 549.476
4 77 417.798
4 78 244.093
4 79 31.5643
4 80 -213.931
4 81 -484.078
4 82 -768.551
4 83 -1055.66
4 84 -1333.07
4 85 -1588.64
4 86 -1811.17
4 87 -1991.1
4 88 -2120.99
4 89 -2195.92
4 90 -2213.46
4 91 -2173.68
4 92 -2078.84
4 93 -1932.97
4 94 -1741.44
4 95 -1510.49
4 96 -1246.84
4 97 -957.327
4 98 -648.677
4 99 -327.456
4 100 0

5 0 0
5 1 -397.074
5 2 -786.431
5 3 -1160.24
5 4 -1510.49
5 5 -1829.02
5 6 -2107.65
5 7 -2338.42
5 8 -2513.99
5 9 -2628.09
5 10 -2676.08
5 11 -2655.4
5 12 -2566.11
5 13 -2411.08
5 14 -2196.22
5 15 -1930.27
5 16 -1624.52
5 17 -1292.18
5 18 -947.621
5 19 -605.45
5 20 -279.622
5 21 17.4981
5 22 275.835
5 23 488.182
5 24 650.452
5 25 761.727
5 26 823.987
5 27 841.684
5 28 821.114
5 29 769.762
5 30 695.591
5 31 606.439
5 32 509.497
5 33 410.935
5 34 315.693
5 35 227.396
5 36 148.415
5 37 79.977
5 38 22.3986
5 39 -24.7279
5 40 -62.2811
5 41 -91.4477
5 42 -113.525
5 43 -129.813
5 44 -141.505
5 45 -149.692
5 46 -155.23
5 47 -158.858
5 48 -161.071
5 49 -162.234
5 50 -162.644
5 51 -162.234
5 52 -161.071
5 53 -158.858
5 54 -155.23
5 55 -149.692
5 56 -141.505
5 57 -129.813
5 58 -113.525
5 59 -91.4477
5 60 -62.2811
5 61 -24.7279
5 62 22.3986
5 63 79.977
5 64 148.415
5 65 227.396
5 66 315.693
5 67 410.935
5 68 509.497
5 69 606.439
5 70 695.591
5 71 769.762
5 72 821.114
5 73 841.684
5 74 823.987
5 75 761.727
5 76 650.452
5 77 488.182
5 78 275.835
5 79 17.4981
5 80 -279.622
5 81 -605.45
5 82 -947.621
5 83 -1292.18
5 84 -1624.52
5 85 -1930.27
5 86 -2196.22
5 87 -2411.08
5 88 -2566.11
5 89 -2655.4
5 90 -2676.08
5 91 -2628.09
5 92 -2513.99
5 93 -2338.42
5 94 -2107.65
5 95 -1829.02
5 96 -1510.49
5 97 -1160.24
5 98 -786.431
5 99 -397.074
5 100 0

6 0 0
6 1 -458.238
6 2 -907.375
6 3 -1338.21
6 4 -1741.44
6 5 -2107.65
6 6 -2427.55
6 7 -2692.19
6 8 -2893.38
6 9 -3024.24
6 10 -3079.68
6 11 -3057.01
6 12 -2956.37
6 13 -2781.07
6 14 -2537.72
6 15 -2236.11
6 16 -1888.79
6 17 -1510.56
6 18 -1117.46
6 19 -725.978
6 20 -351.864
6 21 -9.26012
6 22 290.238
6 23 538.107
6 24 729.37
6 25 862.549
6 26 939.494
6 27 964.901
6 28 945.663
6 29 890.107
6 30 807.238
6 31 706.032
6 32 594.782
6 33 480.733
6 34 369.74
6 35 266.203
6 36 173.03
6 37 91.8626
6 38 23.1996
6 39 -33.2796
6 40 -78.523
6 41 -113.828
6 42 -140.685
6 43 -160.593
6 44 -174.971
6 45 -185.058
6 46 -191.945
6 47 -196.444
6 48 -199.21
6 49 -200.723
6 50 -201.152
6 51 -200.723
6 52 -199.21
6 53 -196.444
6 54 -191.945
6 55 -185.058
6 56 -174.971
6 57 -160.593
6 58 -140.685
6 59 -113.828
6 60 -78.523
6 61 -33.2796
6 62 23.1996
6 63 91.8626
6 64 173.03
6 65 266.203
6 66 369.74
6 67 480.733
6 68 594.782
6 69 706.032
6 70 807.238
6 71 890.107
6 72 945.663
6 73 964.901
6 74 939.494
6 75 862.549
6 76 729.37
6 77 538.107
6 78 290.238
6 79 -9.26012
6 80 -351.864
6 81 -725.978
6 82 -1117.46
6 83 -1510.56
6 84 -1888.79
6 85 -2236.11
6 86 -2537.72
6 87 -2781.07
6 88 -2956.37
6 89 -3057.01
6 90 -3079.68
6 91 -3024.24
6 92 -2893.38
6 93 -2692.19
6 94 -2427.55
6 95 -2107.65
6 96 -1741.44
6 97 -1338.21
6 98 -907.375
6 99 -458.238
6 100 0

7 0 0
7 1 -509.112
7 2 -1007.91
7 3 -1485.99
7 4 -1932.97
7 5 -2338.42
7 6 -2692.19
7 7 -2984.61
7 8 -3206.94
7 9 -3351.9
7 10 -3414.2
7 11 -3391.07
7 12 -3282.79
7 13 -3092.91
7 14 -2828.55
7 15 -2500.12
7 16 -2121.05
7 17 -1707.13
7 18 -1275.64
7 19 -844.317
7 20 -430.356
7 21 -49.2635
7 22 286.01
7 23 565.762
7 24 784.026
7 25 938.64
7 26 1031.06
7 27 1065.97
7 28 1050.5
7 29 993.554
7 30 904.872
7 31 794.349
7 32 671.246
7 33 543.775
7 34 418.683
7 35 301.101
7 36 194.563
7 37 101.145
7 38 21.6546
7 39 -44.1371
7 40 -97.1461
7 41 -138.751
7 42 -170.562
7 43 -194.286
7 44 -211.506
7 45 -223.682
7 46 -231.989
7 47 -237.475
7 48 -240.882
7 49 -242.688
7 50 -243.288
7 51 -242.688
7 52 -240.882
7 53 -237.475
7 54 -231.989
7 55 -223.682
7 56 -211.506
7 57 -194.286
7 58 -170.562
7 59 -138.751
7 60 -97.1461
7 61 -44.1371
7 62 21.6546
7 63 101.145
7 64 194.563
7 65 301.101
7 66 418.683
7 67 543.775
7 68 671.246
7 69 794.349
7 70 904.872
7 71 993.554
7 72 1050.5
7 73 1065.97
7 74 1031.06
7 75 938.64
7 76 784.026
7 77 565.762
7 78 286.01
7 79 -49.2635
7 80 -430.356
7 81 -844.317
7 82 -1275.64
7 83 -1707.13
7 84 -2121.05
7 85 -2500.12
7 86 -2828.55
7 87 -3092.91
7 88 -3282.79
7 89 -3391.07
7 90 -3414.2
7 91 -3351.9
7 92 -3206.94
7 93 -2984.61
7 94 -2692.19
7 95 -2338.42
7 96 -1932.97
7 97 -1485.99
7 98 -1007.91
7 99 -509.112
7 100 0

8 0 0
8 1 -547.984
8 2 -1084.66
8 3 -1598.69
8 4 -2078.84
8 5 -2513.99
8 6 -2893.38
8 7 -3206.94
8 8 -3445.64
8 9 -3602.06
8 10 -3670.82
8 11 -3649.19
8 12 -3537.5
8 13 -3339.46
8 14 -3062.33
8 15 -2716.82
8 16 -2316.69
8 17 -1878.22
8 18 -1419.29
8 19 -958.465
8 20 -513.826
8 21 -101.956
8 22 263.111
8 23 570.558
8 24 813.437
8 25 988.72
8 26 1097.26
8 27 1143.35
8 28 1134.1
8 29 1078.6
8 30 987.098
8 31 870.153
8 32 737.808
8 33 599.123
8 34 461.669
8 35 331.364
8 36 212.365
8 37 107.265
8 38 17.1821
8 39 -57.8674
8 40 -118.723
8 41 -166.777
8 42 -203.772
8 43 -231.527
8 44 -251.803
8 45 -266.188
8 46 -276.11
8 47 -282.687
8 48 -286.746
8 49 -288.986
8 50 -289.66
8 51 -288.986
8 52 -286.746
8 53 -282.687
8 54 -276.11
8 55 -266.188
8 56 -251.803
8 57 -231.527
8 58 -203.772
8 59 -166.777
8 60 -118.723
8 61 -57.8674
8 62 17.1821
8 63 107.265
8 64 212.365
8 65 331.364
8 66 461.669
8 67 599.123
8 68 737.808
8 69 870.153
8 70 987.098
8 71 1078.6
8 72 1134.1
8 73 1143.35
8 74 1097.26
8 75 988.72
8 76 813.437
8 77 570.558
8 78 263.111
8 79 -101.956
8 80 -513.826
8 81 -958.465
8 82 -1419.29
8 83 -1878.22
8 84 -2316.69
8 85 -2716.82
8 86 -3062.33
8 87 -3339.46
8 88 -3537.5
8 89 -3649.19
8 90 -3670.82
8 91 -3602.06
8 92 -3445.64
8 93 -3206.94
8 94 -2893.38
8 95 -2513.99
8 96 -2078.84
8 97 -1598.69
8 98 -1084.66
8 99 -547.984
8 100 0

9 0 0
9 1 -573.317
9 2 -1134.64
9 3 -1672.03
9 4 -2173.68
9 5 -2628.09
9 6 -3024.24
9 7 -3351.9
9 8 -3602.06
9 9 -3767.3
9 10 -3842.35
9 11 -3824.5
9 12 -3714.09
9 13 -3514.75
9 14 -3233.65
9 15 -2881.28
9 16 -2471.31
9 17 -2019.91
9 18 -1545.08
9 19 -1065.58
9 20 -600.008
9 21 -165.573
9 22 222.791
9 23 553.327
9 24 818.007
9 25 1012.84
9 26 1137.79
9 27 1196.54
9 28 1195.78
9 29 1144.53
9 30 1053.17
9 31 932.686
9 32 793.739
9 33 646.105
9 34 498.138
9 35 356.467
9 36 225.954
9 37 109.717
9 38 9.34369
9 39 -74.9075
9 40 -143.712
9 41 -198.441
9 42 -240.839
9 43 -272.868
9 44 -296.413
9 45 -313.268
9 46 -324.927
9 47 -332.69
9 48 -337.583
9 49 -340.206
9 50 -341.051
9 51 -340.206
9 52 -337.583
9 53 -332.69
9 54 -324.927
9 55 -313.268
9 56 -296.413
9 57 -272.868
9 58 -240.839
9 59 -198.441
9 60 -143.712
9 61 -74.9075
9 62 9.34369
9 63 109.717
9 64 225.954
9 65 356.467
9 66 498.138
9 67 646.105
9 68 793.739
9 69 932.686
9 70 1053.17
9 71 1144.53
9 72 1195.78
9 73 1196.54
9 74 1137.79
9 75 1012.84
9 76 818.007
9 77 553.327
9 78 222.791
9 79 -165.573
9 80 -600.008
9 81 -1065.58
9 82 -1545.08
9 83 -2019.91
9 84 -2471.31
9 85 -2881.28
9 86 -3233.65
9 87 -3514.75
9 88 -3714.09
9 89 -3824.5
9 90 -3842.35
9 91 -3767.3
9 92 -3602.06
9 93 -3351.9
9 94 -3024.24
9 95 -2628.09
9 96 -2173.68
9 97 -1672.03
9 98 -1134.64
9 99 -573.317
9 100 0

10 0 0
10 1 -583.969
10 2 -1155.63
10 3 -1702.78
10 4 -2213.46
10 5 -2676.08
10 6 -3079.68
10 7 -3414.2
10 8 -3670.82
10 9 -3842.35
10 10 -3923.65
10 11 -3912.07
10 12 -3807.82
10 13 -3614.29
10 14 -3338.11
10 15 -2989.28
10 16 -2580.78
10 17 -2128.24
10 18 -1649.14
10 19 -1162.02
10 20 -685.445
10 21 -236.98
10 22 167.859
10 23 516.429
10 24 799.681
10 25 1012.49
10 26 1153.8
10 27 1226.3
10 28 1236.02
10 29 1191.52
10 30 1103.08
10 31 981.835
10 32 838.86
10 33 684.508
10 34 527.811
10 35 376.151
10 36 235.062
10 37 108.286
10 38 -2.13957
10 39 -95.5588
10 40 -172.447
10 41 -234.049
10 42 -282.151
10 43 -318.734
10 44 -345.842
10 45 -365.344
10 46 -378.963
10 47 -388.119
10 48 -393.837
10 49 -396.996
10 50 -397.986
10 51 -396.996
10 52 -393.837
10 53 -388.119
10 54 -378.963
10 55 -365.344
10 56 -345.842
10 57 -318.734
10 58 -282.151
10 59 -234.049
10 60 -172.447
10 61 -95.5588
10 62 -2.13957
10 63 108.286
10 64 235.062
10 65 376.151
10 66 527.811
10 67 684.508
10 68 838.86
10 69 981.835
10 70 1103.08
10 71 1191.52
10 72 1236.02
10 73 1226.3
10 74 1153.8
10 75 1012.49
10 76 799.681
10 77 516.429
10 78 167.859
10 79 -236.98
10 80 -685.445
10 81 -1162.02
10 82 -1649.14
10 83 -2128.24
10 84 -2580.78
10 85 -2989.28
10 86 -3338.11
10 87 -3614.29
10 88 -3807.82
10 89 -3912.07
10 90 -3923.65
10 91 -3842.35
10 92 -3670.82
10 93 -3414.2
10 94 -3079.68
10 95 -2676.08
10 96 -2213.46
10 97 -1702.78
10 98 -1155.63
10 99 -583.969
10 100 0

11 0 0
11 1 -579.264
11 2 -1146.33
11 3 -1689.13
11 4 -2195.92
11 5 -2655.4
11 6 -3057.01
11 7 -3391.07
11 8 -3649.19
11 9 -3824.5
11 10 -3912.07
11 11 -3909.25
11 12 -3815.99
11 13 -3635.14
11 14 -3372.6
11 15 -3037.36
11 16 -2641.38
11 17 -2199.12
11 18 -1727.16
11 19 -1243.26
11 20 -765.602
11 21 -311.684
11 22 102.572
11 23 463.839
11 24 762.01
11 25 990.801
11 26 1147.88
11 27 1234.77
11 28 1256.49
11 29 1220.89
11 30 1137.83
11 31 1018.34
11 32 873.72
11 33 714.73
11 34 551.028
11 35 390.668
11 36 239.913
11 37 103.105
11 38 -17.1306
11 39 -119.733
11 40 -204.866
11 41 -273.643
11 42 -327.757
11 43 -369.243
11 44 -400.195
11 45 -422.668
11 46 -438.481
11 47 -449.125
11 48 -455.914
11 49 -459.602
11 50 -460.784
11 51 -459.602
11 52 -455.914
11 53 -449.125
11 54 -438.481
11 55 -422.668
11 56 -400.195
11 57 -369.243
11 58 -327.757
11 59 -273.643
11 60 -204.866
11 61 -119.733
11 62 -17.1306
11 63 103.105
11 64 239.913
11 65 390.668
11 66 551.028
11 67 714.73
11 68 873.72
11 69 1018.34
11 70 1137.83
11 71 1220.89
11 72 1256.49
11 73 1234.77
11 74 1147.88
11 75 990.801
11 76 762.01
11 77 463.839
11 78 102.572
11 79 -311.684
11 80 -765.602
11 81 -1243.26
11 82 -1727.16
11 83 -2199.12
11 84 -2641.38
11 85 -3037.36
11 86 -3372.6
11 87 -3635.14
11 88 -3815.99
11 89 -3909.25
11 90 -3912.07
11 91 -3824.5
11 92 -3649.19
11 93 -3391.07
11 94 -3057.01
11 95 -2655.4
11 96 -2195.92
11 97 -1689.13
11 98 -1146.33
11 99 -579.264
11 100 0

12 0 0
12 1 -559.132
12 2 -1106.61
12 3 -1630.95
12 4 -2120.99
12 5 -2566.11
12 6 -2956.37
12 7 -3282.79
12 8 -3537.5
12 9 -3714.09
12 10 -3807.82
12 11 -3815.99
12 12 -3738.11
12 13 -3576.33
12 14 -3335.44
12 15 -3023.14
12 16 -2649.86
12 17 -2228.6
12 18 -1774.48
12 19 -1304.13
12 20 -834.905
12 21 -383.977
12 22 32.6567
12 23 401.058
12 24 710.181
12 25 952.463
12 26 1124.21
12 27 1225.55
12 28 1260.28
12 29 1235.22
12 30 1159.57
12 31 1043.99
12 32 899.794
12 33 738.042
12 34 568.871
12 35 401.004
12 36 241.351
12 37 94.9726
12 38 -34.93
12 39 -146.77
12 40 -240.41
12 41 -316.694
12 42 -377.229
12 43 -423.984
12 44 -459.197
12 45 -484.954
12 46 -503.202
12 47 -515.648
12 48 -523.546
12 49 -527.922
12 50 -529.32
12 51 -527.922
12 52 -523.546
12 53 -515.648
12 54 -503.202
12 55 -484.954
12 56 -459.197
12 57 -423.984
12 58 -377.229
12 59 -316.694
12 60 -240.41
12 61 -146.77
12 62 -34.93
12 63 94.9726
12 64 241.351
12 65 401.004
12 66 568.871
12 67 738.042
12 68 899.794
12 69 1043.99
12 70 1159.57
12 71 1235.22
12 72 1260.28
12 73 1225.55
12 74 1124.21
12 75 952.463
12 76 710.181
12 77 401.058
12 78 32.6567
12 79 -383.977
12 80 -834.905
12 81 -1304.13
12 82 -1774.48
12 83 -2228.6
12 84 -2649.86
12 85 -3023.14
12 86 -3335.44
12 87 -3576.33
12 88 -3738.11
12 89 -3815.99
12 90 -3807.82
12 91 -3714.09
12 92 -3537.5
12 93 -3282.79
12 94 -2956.37
12 95 -2566.11
12 96 -2120.99
12 97 -1630.95
12 98 -1106.61
12 99 -559.132
12 100 0

13 0 0
13 1 -524.212
13 2 -1037.75
13 3 -1530.09
13 4 -1991.1
13 5 -2411.08
13 6 -2781.07
13 7 -3092.91
13 8 -3339.46
13 9 -3514.75
13 10 -3614.29
13 11 -3635.14
13 12 -3576.33
13 13 -3439.01
13 14 -3226.69
13 15 -2945.41
13 16 -2603.83
13 17 -2213.03
13 18 -1786.4
13 19 -1338.99
13 20 -887.036
13 21 -447.041
13 22 -34.9084
13 23 335.035
13 24 650.837
13 25 903.724
13 26 1088.51
13 27 1203.8
13 28 1251.91
13 29 1238.45
13 30 1171.69
13 31 1061.74
13 32 919.7
13 33 756.738
13 34 583.407
13 35 408.99
13 36 241.114
13 37 85.4936
13 38 -54.0079
13 39 -175.29
13 40 -277.747
13 41 -361.966
13 42 -429.368
13 43 -481.922
13 44 -521.806
13 45 -551.234
13 46 -572.31
13 47 -586.72
13 48 -596.008
13 49 -601.136
13 50 -602.786
13 51 -601.136
13 52 -596.008
13 53 -586.72
13 54 -572.31
13 55 -551.234
13 56 -521.806
13 57 -481.922
13 58 -429.368
13 59 -361.966
13 60 -277.747
13 61 -175.29
13 62 -54.0079
13 63 85.4936
13 64 241.114
13 65 408.99
13 66 583.407
13 67 756.738
13 68 919.7
13 69 1061.74
13 70 1171.69
13 71 1238.45
13 72 1251.91
13 73 1203.8
13 74 1088.51
13 75 903.724
13 76 650.837
13 77 335.035
13 78 -34.9084
13 79 -447.041
13 80 -887.036
13 81 -1338.99
13 82 -1786.4
13 83 -2213.03
13 84 -2603.83
13 85 -2945.41
13 86 -3226.69
13 87 -3439.01
13 88 -3576.33
13 89 -3635.14
13 90 -3614.29
13 91 -3514.75
13 92 -3339.46
13 93 -3092.91
13 94 -2781.07
13 95 -2411.08
13 96 -1991.1
13 97 -1530.09
13 98 -1037.75
13 99 -524.212
13 100 0

14 0 0
14 1 -475.833
14 2 -942.357
14 3 -1390.42
14 4 -1811.17
14 5 -2196.22
14 6 -2537.72
14 7 -2828.55
14 8 -3062.33
14 9 -3233.65
14 10 -3338.11
14 11 -3372.6
14 12 -3335.44
14 13 -3226.69
14 14 -3048.32
14 15 -2804.58
14 16 -2501.98
14 17 -2149.54
14 18 -1758.5
14 19 -1342.16
14 20 -915.294
14 21 -493.499
14 22 -92.2919
14 23 273.729
14 24 591.884
14 25 852.16
14 26 1047.89
14 27 1176.03
14 28 1237.32
14 29 1235.94
14 30 1179.02
14 31 1075.9
14 32 937.28
14 33 774.327
14 34 597.854
14 35 417.678
14 36 242.02
14 37 77.3363
14 38 -71.8546
14 39 -202.828
14 40 -314.55
14 41 -407.236
14 42 -482.108
14 43 -540.973
14 44 -586.082
14 45 -619.7
14 46 -643.915
14 47 -660.693
14 48 -671.524
14 49 -677.579
14 50 -679.517
14 51 -677.579
14 52 -671.524
14 53 -660.693
14 54 -643.915
14 55 -619.7
14 56 -586.082
14 57 -540.973
14 58 -482.108
14 59 -407.236
14 60 -314.55
14 61 -202.828
14 62 -71.8546
14 63 77.3363
14 64 242.02
14 65 417.678
14 66 597.854
14 67 774.327
14 68 937.28
14 69 1075.9
14 70 1179.02
14 71 1235.94
14 72 1237.32
14 73 1176.03
14 74 1047.89
14 75 852.16
14 76 591.884
14 77 273.729
14 78 -92.2919
14 79 -493.499
14 80 -915.294
14 81 -1342.16
14 82 -1758.5
14 83 -2149.54
14 84 -2501.98
14 85 -2804.58
14 86 -3048.32
14 87 -3226.69
14 88 -3335.44
14 89 -3372.6
14 90 -3338.11
14 91 -3233.65
14 92 -3062.33
14 93 -2828.55
14 94 -2537.72
14 95 -2196.22
14 96 -1811.17
14 97 -1390.42
14 98 -942.357
14 99 -475.833
14 100 0

15 0 0
15 1 -416.03
15 2 -824.438
15 3 -1217.73
15 4 -1588.64
15 5 -1930.27
15 6 -2236.11
15 7 -2500.12
15 8 -2716.82
15 9 -2881.28
15 10 -2989.28
15 11 -3037.36
15 12 -3023.14
15 13 -2945.41
15 14 -2804.58
15 15 -2602.83
15 16 -2344.53
15 17 -2036.31
15 18 -1687.2
15 19 -1308.44
15 20 -913.157
15 21 -515.761
15 22 -131.247
15 23 225.784
15 24 542
15 25 806.299
15 26 1010.51
15 27 1149.97
15 28 1223.69
15 29 1234.29
15 30 1187.6
15 31 1092.02
15 32 957.683
15 33 795.576
15 34 616.698
15 35 431.243
15 36 248.096
15 37 74.3646
15 38 -84.7069
15 39 -225.817
15 40 -347.343
15 41 -449.134
15 42 -532.105
15 43 -598.009
15 44 -648.967
15 45 -687.256
15 46 -715.166
15 47 -734.615
15 48 -747.3
15 49 -754.414
15 50 -756.714
15 51 -754.414
15 52 -747.3
15 53 -734.615
15 54 -715.166
15 55 -687.256
15 56 -648.967
15 57 -598.009
15 58 -532.105
15 59 -449.134
15 60 -347.343
15 61 -225.817
15 62 -84.7069
15 63 74.3646
15 64 248.096
15 65 431.243
15 66 616.698
15 67 795.576
15 68 957.683
15 69 1092.02
15 70 1187.6
15 71 1234.29
15 72 1223.69
15 73 1149.97
15 74 1010.51
15 75 806.299
15 76 542
15 77 225.784
15 78 -131.247
15 79 -515.761
15 80 -913.157
15 81 -1308.44
15 82 -1687.2
15 83 -2036.31
15 84 -2344.53
15 85 -2602.83
15 86 -2804.58
15 87 -2945.41
15 88 -3023.14
15 89 -3037.36
15 90 -2989.28
15 91 -2881.28
15 92 -2716.82
15 93 -2500.12
15 94 -2236.11
15 95 -1930.27
15 96 -1588.64
15 97 -1217.73
15 98 -824.438
15 99 -416.03
15 100 0

16 0 0
16 1 -347.432
16 2 -689.145
16 3 -1019.53
16 4 -1333.07
16 5 -1624.52
16 6 -1888.79
16 7 -2121.05
16 8 -2316.69
16 9 -2471.31
16 10 -2580.78
16 11 -2641.38
16 12 -2649.86
16 13 -2603.83
16 14 -2501.98
16 15 -2344.53
16 16 -2133.5
16 17 -1873.2
16 18 -1570.23
16 19 -1233.69
16 20 -874.851
16 21 -506.81
16 22 -143.771
16 23 199.791
16 24 510.118
16 25 775.105
16 26 985.206
16 27 1134.11
16 28 1219.08
16 29 1241.1
16 30 1204.57
16 31 1116.81
16 32 987.207
16 33 826.472
16 34 645.609
16 35 455.186
16 36 264.62
16 37 81.7225
16 38 -87.5984
16 39 -239.349
16 40 -371.341
16 41 -482.961
16 42 -574.852
16 43 -648.518
16 44 -706.013
16 45 -749.692
16 46 -781.748
16 47 -804.345
16 48 -819.172
16 49 -827.556
16 50 -830.244
16 51 -827.556
16 52 -819.172
16 53 -804.345
16 54 -781.748
16 55 -749.692
16 56 -706.013
16 57 -648.518
16 58 -574.852
16 59 -482.961
16 60 -371.341
16 61 -239.349
16 62 -87.5984
16 63 81.7225
16 64 264.62
16 65 455.186
16 66 645.609
16 67 826.472
16 68 987.207
16 69 1116.81
16 70 1204.57
16 71 1241.1
16 72 1219.08
16 73 1134.11
16 74 985.206
16 75 775.105
16 76 510.118
16 77 199.791
16 78 -143.771
16 79 -506.81
16 80 -874.851
16 81 -1233.69
16 82 -1570.23
16 83 -1873.2
16 84 -2133.5
16 85 -2344.53
16 86 -2501.98
16 87 -2603.83
16 88 -2649.86
16 89 -2641.38
16 90 -2580.78
16 91 -2471.31
16 92 -2316.69
16 93 -2121.05
16 94 -1888.79
16 95 -1624.52
16 96 -1333.07
16 97 -1019.53
16 98 -689.145
16 99 -347.432
16 100 0

17 0 0
17 1 -273.106
17 2 -542.513
17 3 -804.582
17 4 -1055.66
17 5 -1292.18
17 6 -1510.56
17 7 -1707.13
17 8 -1878.22
17 9 -2019.91
17 10 -2128.24
17 11 -2199.12
17 12 -2228.6
17 13 -2213.03
17 14 -2149.54
17 15 -2036.31
17 16 -1873.2
17 17 -1662.08
17 18 -1407.21
17 19 -1115.43
17 20 -796.109
17 21 -460.831
17 22 -122.889
17 23 203.633
17 24 504.678
17 25 767.341
17 26 980.79
17 27 1137.15
17 28 1231.96
17 29 1264.54
17 30 1237.8
17 31 1157.78
17 32 1033.08
17 33 873.942
17 34 691.341
17 35 496.054
17 36 298.038
17 37 105.699
17 38 -74.3002
17 39 -237.303
17 40 -380.485
17 41 -502.781
17 42 -604.413
17 43 -686.69
17 44 -751.552
17 45 -801.238
17 46 -838.118
17 47 -864.307
17 48 -881.637
17 49 -891.473
17 50 -894.671
17 51 -891.473
17 52 -881.637
17 53 -864.307
17 54 -838.118
17 55 -801.238
17 56 -751.552
17 57 -686.69
17 58 -604.413
17 59 -502.781
17 60 -380.485
17 61 -237.303
17 62 -74.3002
17 63 105.699
17 64 298.038
17 65 496.054
17 66 691.341
17 67 873.942
17 68 1033.08
17 69 1157.78
17 70 1237.8
17 71 1264.54
17 72 1231.96
17 73 1137.15
17 74 980.79
17 75 767.341
17 76 504.678
17 77 203.633
17 78 -122.889
17 79 -460.831
17 80 -796.109
17 81 -1115.43
17 82 -1407.21
17 83 -1662.08
17 84 -1873.2
17 85 -2036.31
17 86 -2149.54
17 87 -2213.03
17 88 -2228.6
17 89 -2199.12
17 90 -2128.24
17 91 -2019.91
17 92 -1878.22
17 93 -1707.13
17 94 -1510.56
17 95 -1292.18
17 96 -1055.66
17 97 -804.582
17 98 -542.513
17 99 -273.106
17 100 0

18 0 0
18 1 -196.382
18 2 -391.078
18 3 -582.407
18 4 -768.551
18 5 -947.621
18 6 -1117.46
18 7 -1275.64
18 8 -1419.29
18 9 -1545.08
18 10 -1649.14
18 11 -1727.16
18 12 -1774.48
18 13 -1786.4
18 14 -1758.5
18 15 -1687.2
18 16 -1570.23
18 17 -1407.21
18 18 -1200.06
18 19 -953.46
18 20 -674.759
18 21 -373.983
18 22 -63.3058
18 23 243.682
18 24 532.87
18 25 790.712
18 26 1005.29
18 27 1167.27
18 28 1270.54
18 29 1312.73
18 30 1295.19
18 31 1222.7
18 32 1102.91
18 33 945.514
18 34 761.27
18 35 561.166
18 36 355.567
18 37 153.536
18 38 -37.6113
18 39 -212.494
18 40 -367.655
18 41 -501.44
18 42 -613.717
18 43 -705.498
18 44 -778.512
18 45 -835.02
18 46 -877.309
18 47 -907.627
18 48 -927.831
18 49 -939.37
18 50 -943.096
18 51 -939.37
18 52 -927.831
18 53 -907.627
18 54 -877.309
18 55 -835.02
18 56 -778.512
18 57 -705.498
18 58 -613.717
18 59 -501.44
18 60 -367.655
18 61 -212.494
18 62 -37.6113
18 63 153.536
18 64 355.567
18 65 561.166
18 66 761.27
18 67 945.514
18 68 1102.91
18 69 1222.7
18 70 1295.19
18 71 1312.73
18 72 1270.54
18 73 1167.27
18 74 1005.29
18 75 790.712
18 76 532.87
18 77 243.682
18 78 -63.3058
18 79 -373.983
18 80 -674.759
18 81 -953.46
18 82 -1200.06
18 83 -1407.21
18 84 -1570.23
18 85 -1687.2
18 86 -1758.5
18 87 -1786.4
18 88 -1774.48
18 89 -1727.16
18 90 -1649.14
18 91 -1545.08
18 92 -1419.29
18 93 -1275.64
18 94 -1117.46
18 95 -947.621
18 96 -768.551
18 97 -582.407
18 98 -391.078
18 99 -196.382
18 100 0

19 0 0
19 1 -120.623
19 2 -241.457
19 3 -362.629
19 4 -484.078
19 5 -605.45
19 6 -725.978
19 7 -844.317
19 8 -958.465
19 9 -1065.58
19 10 -1162.02
19 11 -1243.26
19 12 -1304.13
19 13 -1338.99
19 14 -1342.16
19 15 -1308.44
19 16 -1233.69
19 17 -1115.43
19 18 -953.46
19 19 -750.274
19 20 -511.336
19 21 -245.003
19 22 37.744
19 23 324.01
19 24 599.804
19 25 851.163
19 26 1065.24
19 27 1231.38
19 28 1341.94
19 29 1392.92
19 30 1384.13
19 31 1318.98
19 32 1204.14
19 33 1048.58
19 34 862.865
19 35 658.03
19 36 444.831
19 37 232.866
19 38 30.1629
19 39 -157.163
19 40 -324.977
19 41 -471.09
19 42 -594.885
19 43 -696.998
19 44 -779.028
19 45 -843.067
19 46 -891.462
19 47 -926.414
19 48 -949.879
19 49 -963.328
19 50 -967.725
19 51 -963.328
19 52 -949.879
19 53 -926.414
19 54 -891.462
19 55 -843.067
19 56 -779.028
19 57 -696.998
19 58 -594.885
19 59 -471.09
19 60 -324.977
19 61 -157.163
19 62 30.1629
19 63 232.866
19 64 444.831
19 65 658.03
19 66 862.865
19 67 1048.58
19 68 1204.14
19 69 1318.98
19 70 1384.13
19 71 1392.92
19 72 1341.94
19 73 1231.38
19 74 1065.24
19 75 851.163
19 76 599.804
19 77 324.01
19 78 37.744
19 79 -245.003
19 80 -511.336
19 81 -750.274
19 82 -953.46
19 83 -1115.43
19 84 -1233.69
19 85 -1308.44
19 86 -1342.16
19 87 -1338.99
19 88 -1304.13
19 89 -1243.26
19 90 -1162.02
19 91 -1065.58
19 92 -958.465
19 93 -844.317
19 94 -725.978
19 95 -605.45
19 96 -484.078
19 97 -362.629
19 98 -241.457
19 99 -120.623
19 100 0

20 0 0
20 1 -48.9949
20 2 -99.8707
20 3 -154.357
20 4 -213.931
20 5 -279.622
20 6 -351.864
20 7 -430.356
20 8 -513.826
20 9 -600.008
20 10 -685.445
20 11 -765.602
20 12 -834.905
20 13 -887.036
20 14 -915.294
20 15 -913.157
20 16 -874.851
20 17 -796.109
20 18 -674.759
20 19 -511.336
20 20 -309.412
20 21 -75.7394
20 22 180.024
20 23 445.764
20 24 707.828
20 25 952.011
20 26 1164.74
20 27 1334.22
20 28 1451.42
20 29 1510.76
20 30 1510.52
20 31 1452.8
20 32 1343.11
20 33 1189.77
20 34 1002.93
20 35 793.672
20 36 573
20 37 351.098
20 38 136.65
20 39 -63.5001
20 40 -244.56
20 41 -403.664
20 42 -539.691
20 43 -652.946
20 44 -744.733
20 45 -817.038
20 46 -872.114
20 47 -912.224
20 48 -939.312
20 49 -954.926
20 50 -960.002
20 51 -954.926
20 52 -939.312
20 53 -912.224
20 54 -872.114
20 55 -817.038
20 56 -744.733
20 57 -652.946
20 58 -539.691
20 59 -403.664
20 60 -244.56
20 61 -63.5001
20 62 136.65
20 63 351.098
20 64 573
20 65 793.672
20 66 1002.93
20 67 1189.77
20 68 1343.11
20 69 1452.8
20 70 1510.52
20 71 1510.76
20 72 1451.42
20 73 1334.22
20 74 1164.74
20 75 952.011
20 76 707.828
20 77 445.764
20 78 180.024
20 79 -75.7394
20 80 -309.412
20 81 -511.336
20 82 -674.759
20 83 -796.109
20 84 -874.851
20 85 -913.157
20 86 -915.294
20 87 -887.036
20 88 -834.905
20 89 -765.602
20 90 -685.445
20 91 -600.008
20 92 -513.826
20 93 -430.356
20 94 -351.864
20 95 -279.622
20 96 -213.931
20 97 -154.357
20 98 -99.8707
20 99 -48.9949
20 100 0

21 0 0
21 1 15.74
21 2 28.2287
21 3 34.4215
21 4 31.5643
21 5 17.4981
21 6 -9.26012
21 7 -49.2635
21 8 -101.956
21 9 -165.573
21 10 -236.98
21 11 -311.684
21 12 -383.977
21 13 -447.041
21 14 -493.499
21 15 -515.761
21 16 -506.81
21 17 -460.831
21 18 -373.983
21 19 -245.003
21 20 -75.7394
21 21 128.676
21 22 359.888
21 23 606.709
21 24 855.953
21 25 1093.37
21 26 1304.86
21 27 1477.68
21 28 1601.53
21 29 1669.38
21 30 1678.03
21 31 1628.22
21 32 1524.37
21 33 1373.97
21 34 1186.75
21 35 973.704
21 36 746.087
21 37 514.575
21 38 288.501
21 39 75.4157
21 40 -119.149
21 41 -291.67
21 42 -440.497
21 43 -565.478
21 44 -667.642
21 45 -748.789
21 46 -811.109
21 47 -856.788
21 48 -887.832
21 49 -905.786
21 50 -911.671
21 51 -905.786
21 52 -887.832
21 53 -856.788
21 54 -811.109
21 55 -748.789
21 56 -667.642
21 57 -565.478
21 58 -440.497
21 59 -291.67
21 60 -119.149
21 61 75.4157
21 62 288.501
21 63 514.575
21 64 746.087
21 65 973.704
21 66 1186.75
21 67 1373.97
21 68 1524.37
21 69 1628.22
21 70 1678.03
21 71 1669.38
21 72 1601.53
21 73 1477.68
21 74 1304.86
21 75 1093.37
21 76 855.953
21 77 606.709
21 78 359.888
21 79 128.676
21 80 -75.7394
21 81 -245.003
21 82 -373.983
21 83 -460.831
21 84 -506.81
21 85 -515.761
21 86 -493.499
21 87 -447.041
21 88 -383.977
21 89 -311.684
21 90 -236.98
21 91 -165.573
21 92 -101.956
21 93 -49.2635
21 94 -9.26012
21 95 17.4981
21 96 31.5643
21 97 34.4215
21 98 28.2287
21 99 15.74
21 100 0

22 0 0
22 1 71.3716
22 2 138.484
22 3 197.285
22 4 244.093
22 5 275.835
22 6 290.238
22 7 286.01
22 8 263.111
22 9 222.791
22 10 167.859
22 11 102.572
22 12 32.6567
22 13 -34.9084
22 14 -92.2919
22 15 -131.247
22 16 -143.771
22 17 -122.889
22 18 -63.3058
22 19 37.744
22 20 180.024
22 21 359.888
22 22 570.299
22 23 801.063
22 24 1039.6
22 25 1271.78
22 26 1483.15
22 27 1660.23
22 28 1791.55
22 29 1868.77
22 30 1887.29
22 31 1846.53
22 32 1749.71
22 33 1603.52
22 34 1417.16
22 35 1201.5
22 36 967.95
22 37 727.629
22 38 490.489
22 39 264.799
22 40 56.8444
22 41 -129.191
22 42 -291.033
22 43 -428.08
22 44 -541.019
22 45 -631.433
22 46 -701.34
22 47 -752.945
22 48 -788.181
22 49 -808.658
22 50 -815.347
22 51 -808.658
22 52 -788.181
22 53 -752.945
22 54 -701.34
22 55 -631.433
22 56 -541.019
22 57 -428.08
22 58 -291.033
22 59 -129.191
22 60 56.8444
22 61 264.799
22 62 490.489
22 63 727.629
22 64 967.95
22 65 1201.5
22 66 1417.16
22 67 1603.52
22 68 1749.71
22 69 1846.53
22 70 1887.29
22 71 1868.77
22 72 1791.55
22 73 1660.23
22 74 1483.15
22 75 1271.78
22 76 1039.6
22 77 801.063
22 78 570.299
22 79 359.888
22 80 180.024
22 81 37.744
22 82 -63.3058
22 83 -122.889
22 84 -143.771
22 85 -131.247
22 86 -92.2919
22 87 -34.9084
22 88 32.6567
22 89 102.572
22 90 167.859
22 91 222.791
22 92 263.111
22 93 286.01
22 94 290.238
22 95 275.835
22 96 244.093
22 97 197.285
22 98 138.484
22 99 71.3716
22 100 0

23 0 0
23 1 116.418
23 2 227.926
23 3 329.821
23 4 417.798
23 5 488.182
23 6 538.107
23 7 565.762
23 8 570.558
23 9 553.327
23 10 516.429
23 11 463.839
23 12 401.058
23 13 335.035
23 14 273.729
23 15 225.784
23 16 199.791
23 17 203.633
23 18 243.682
23 19 324.01
23 20 445.764
23 21 606.709
23 22 801.063
23 23 1019.69
23 24 1250.66
23 25 1480.13
23 26 1693.48
23 27 1876.58
23 28 2017.05
23 29 2105.31
23 30 2135.43
23 31 2105.48
23 32 2017.58
23 33 1877.49
23 34 1693.9
23 35 1477.38
23 36 1239.49
23 37 991.733
23 38 744.658
23 39 507.231
23 40 286.457
23 41 87.2732
23 42 -87.4105
23 43 -236.525
23 44 -360.342
23 45 -460.158
23 46 -537.874
23 47 -595.547
23 48 -635.136
23 49 -658.2
23 50 -665.78
23 51 -658.2
23 52 -635.136
23 53 -595.547
23 54 -537.874
23 55 -460.158
23 56 -360.342
23 57 -236.525
23 58 -87.4105
23 59 87.2732
23 60 286.457
23 61 507.231
23 62 744.658
23 63 991.733
23 64 1239.49
23 65 1477.38
23 66 1693.9
23 67 1877.49
23 68 2017.58
23 69 2105.48
23 70 2135.43
23 71 2105.31
23 72 2017.05
23 73 1876.58
23 74 1693.48
23 75 1480.13
23 76 1250.66
23 77 1019.69
23 78 801.063
23 79 606.709
23 80 445.764
23 81 324.01
23 82 243.682
23 83 203.633
23 84 199.791
23 85 225.784
23 86 273.729
23 87 335.035
23 88 401.058
23 89 463.839
23 90 516.429
23 91 553.327
23 92 570.558
23 93 565.762
23 94 538.107
23 95 488.182
23 96 417.798
23 97 329.821
23 98 227.926
23 99 116.418
23 100 0

24 0 0
24 1 150.094
24 2 294.981
24 3 429.644
24 4 549.476
24 5 650.452
24 6 729.37
24 7 784.026
24 8 813.437
24 9 818.007
24 10 799.681
24 11 762.01
24 12 710.181
24 13 650.837
24 14 591.884
24 15 542
24 16 510.118
24 17 504.678
24 18 532.87
24 19 599.804
24 20 707.828
24 21 855.953
24 22 1039.6
24 23 1250.66
24 24 1477.96
24 25 1708.03
24 26 1926.21
24 27 2117.93
24 28 2269.95
24 29 2371.62
24 30 2415.71
24 31 2399.06
24 32 2322.62
24 33 2191.22
24 34 2012.88
24 35 1797.93
24 36 1557.96
24 37 1304.79
24 38 1049.5
24 39 801.745
24 40 569.323
24 41 357.888
24 42 170.943
24 43 10.1908
24 44 -124.232
24 45 -233.335
24 46 -318.769
24 47 -382.523
24 48 -426.458
24 49 -452.148
24 50 -460.58
24 51 -452.148
24 52 -426.458
24 53 -382.523
24 54 -318.769
24 55 -233.335
24 56 -124.232
24 57 10.1908
24 58 170.943
24 59 357.888
24 60 569.323
24 61 801.745
24 62 1049.5
24 63 1304.79
24 64 1557.96
24 65 1797.93
24 66 2012.88
24 67 2191.22
24 68 2322.62
24 69 2399.06
24 70 2415.71
24 71 2371.62
24 72 2269.95
24 73 2117.93
24 74 1926.21
24 75 1708.03
24 76 1477.96
24 77 1250.66
24 78 1039.6
24 79 855.953
24 80 707.828
24 81 599.804
24 82 532.87
24 83 504.678
24 84 510.118
24 85 542
24 86 591.884
24 87 650.837
24 88 710.181
24 89 762.01
24 90 799.681
24 91 818.007
24 92 813.437
24 93 784.026
24 94 729.37
24 95 650.452
24 96 549.476
24 97 429.644
24 98 294.981
24 99 150.094
24 100 0

25 0 0
25 1 172.365
25 2 339.53
25 3 496.493
25 4 638.587
25 5 761.727
25 6 862.549
25 7 938.64
25 8 988.72
25 9 1012.84
25 10 1012.49
25 11 990.801
25 12 952.463
25 13 903.724
25 14 852.16
25 15 806.299
25 16 775.105
25 17 767.341
25 18 790.712
25 19 851.163
25 20 952.011
25 21 1093.37
25 22 1271.78
25 23 1480.13
25 24 1708.03
25 25 1942.47
25 26 2168.87
25 27 2372.29
25 28 2538.85
25 29 2656.84
25 30 2717.89
25 31 2717.58
25 32 2655.72
25 33 2536.13
25 34 2366.18
25 35 2155.83
25 36 1916.63
25 37 1660.66
25 38 1399.49
25 39 1143.48
25 40 901.12
25 41 678.775
25 42 480.724
25 43 309.192
25 44 164.775
25 45 46.8803
25 46 -45.9722
25 47 -115.563
25 48 -163.729
25 49 -191.941
25 50 -201.242
25 51 -191.941
25 52 -163.729
25 53 -115.563
25 54 -45.9722
25 55 46.8803
25 56 164.775
25 57 309.192
25 58 480.724
25 59 678.775
25 60 901.12
25 61 1143.48
25 62 1399.49
25 63 1660.66
25 64 1916.63
25 65 2155.83
25 66 2366.18
25 67 2536.13
25 68 2655.72
25 69 2717.58
25 70 2717.89
25 71 2656.84
25 72 2538.85
25 73 2372.29
25 74 2168.87
25 75 1942.47
25 76 1708.03
25 77 1480.13
25 78 1271.78
25 79 1093.37
25 80 952.011
25 81 851.163
25 82 790.712
25 83 767.341
25 84 775.105
25 85 806.299
25 86 852.16
25 87 903.724
25 88 952.463
25 89 990.801
25 90 1012.49
25 91 1012.84
25 92 988.72
25 93 938.64
25 94 862.549
25 95 761.727
25 96 638.587
25 97 496.493
25 98 339.53
25 99 172.365
25 100 0

26 0 0
26 1 183.843
26 2 362.751
26 3 531.978
26 4 687.041
26 5 823.987
26 6 939.494
26 7 1031.06
26 8 1097.26
26 9 1137.79
26 10 1153.8
26 11 1147.88
26 12 1124.21
26 13 1088.51
26 14 1047.89
26 15 1010.51
26 16 985.206
26 17 980.79
26 18 1005.29
26 19 1065.24
26 20 1164.74
26 21 1304.86
26 22 1483.15
26 23 1693.48
26 24 1926.21
26 25 2168.87
26 26 2407.01
26 27 2625.49
26 28 2809.79
26 29 2947.36
26 30 3028.67
26 31 3048.12
26 32 3004.32
26 33 2900.12
26 34 2742.14
26 35 2539.91
26 36 2304.85
26 37 2049.21
26 38 1785.06
26 39 1523.35
26 40 1273.25
26 41 1041.95
26 42 834.327
26 43 653.28
26 44 499.927
26 45 374
26 46 274.341
26 47 199.318
26 48 147.239
26 49 116.639
26 50 106.557
26 51 116.639
26 52 147.239
26 53 199.318
26 54 274.341
26 55 374
26 56 499.927
26 57 653.28
26 58 834.327
26 59 1041.95
26 60 1273.25
26 61 1523.35
26 62 1785.06
26 63 2049.21
26 64 2304.85
26 65 2539.91
26 66 2742.14
26 67 2900.12
26 68 3004.32
26 69 3048.12
26 70 3028.67
26 71 2947.36
26 72 2809.79
26 73 2625.49
26 74 2407.01
26 75 2168.87
26 76 1926.21
26 77 1693.48
26 78 1483.15
26 79 1304.86
26 80 1164.74
26 81 1065.24
26 82 1005.29
26 83 980.79
26 84 985.206
26 85 1010.51
26 86 1047.89
26 87 1088.51
26 88 1124.21
26 89 1147.88
26 90 1153.8
26 91 1137.79
26 92 1097.26
26 93 1031.06
26 94 939.494
26 95 823.987
26 96 687.041
26 97 531.978
26 98 362.751
26 99 183.843
26 100 0

27 0 0
27 1 185.667
27 2 366.856
27 3 539.256
27 4 698.751
27 5 841.684
27 6 964.901
27 7 1065.97
27 8 1143.35
27 9 1196.54
27 10 1226.3
27 11 1234.77
27 12 1225.55
27 13 1203.8
27 14 1176.03
27 15 1149.97
27 16 1134.11
27 17 1137.15
27 18 1167.27
27 19 1231.38
27 20 1334.22
27 21 1477.68
27 22 1660.23
27 23 1876.58
27 24 2117.93
27 25 2372.29
27 26 2625.49
27 27 2862.2
27 28 3067.45
27 29 3227.81
27 30 3332.72
27 31 3375.39
27 32 3353.3
27 33 3268.27
27 34 3126.06
27 35 2935.74
27 36 2708.48
27 37 2456.74
27 38 2192.88
27 39 1928.41
27 40 1673.27
27 41 1435.27
27 42 1220.06
27 43 1031.17
27 44 870.186
27 45 737.322
27 46 631.683
27 47 551.863
27 48 496.266
27 49 463.554
27 50 452.751
27 51 463.554
27 52 496.266
27 53 551.863
27 54 631.683
27 55 737.322
27 56 870.186
27 57 1031.17
27 58 1220.06
27 59 1435.27
27 60 1673.27
27 61 1928.41
27 62 2192.88
27 63 2456.74
27 64 2708.48
27 65 2935.74
27 66 3126.06
27 67 3268.27
27 68 3353.3
27 69 3375.39
27 70 3332.72
27 71 3227.81
27 72 3067.45
27 73 2862.2
27 74 2625.49
27 75 2372.29
27 76 2117.93
27 77 1876.58
27 78 1660.23
27 79 1477.68
27 80 1334.22
27 81 1231.38
27 82 1167.27
27 83 1137.15
27 84 1134.11
27 85 1149.97
27 86 1176.03
27 87 1203.8
27 88 1225.55
27 89 1234.77
27 90 1226.3
27 91 1196.54
27 92 1143.35
27 93 1065.97
27 94 964.901
27 95 841.684
27 96 698.751
27 97 539.256
27 98 366.856
27 99 185.667
27 100 0

28 0 0
28 1 179.358
28 2 354.829
28 3 522.626
28 4 679.149
28 5 821.114
28 6 945.663
28 7 1050.5
28 8 1134.1
28 9 1195.78
28 10 1236.02
28 11 1256.49
28 12 1260.28
28 13 1251.91
28 14 1237.32
28 15 1223.69
28 16 1219.08
28 17 1231.96
28 18 1270.54
28 19 1341.94
28 20 1451.42
28 21 1601.53
28 22 1791.55
28 23 2017.05
28 24 2269.95
28 25 2538.85
28 26 2809.79
28 27 3067.45
28 28 3296.36
28 29 3482.37
28 30 3613.93
28 31 3683.11
28 32 3686.19
28 33 3623.93
28 34 3501.29
28 35 3326.67
28 36 3111.05
28 37 2866.82
28 38 2606.69
28 39 2342.73
28 40 2085.39
28 41 1843.29
28 42 1622.74
28 43 1427.87
28 44 1260.89
28 45 1122.36
28 46 1011.76
28 47 927.891
28 48 869.346
28 49 834.802
28 50 823.399
28 51 834.802
28 52 869.346
28 53 927.891
28 54 1011.76
28 55 1122.36
28 56 1260.89
28 57 1427.87
28 58 1622.74
28 59 1843.29
28 60 2085.39
28 61 2342.73
28 62 2606.69
28 63 2866.82
28 64 3111.05
28 65 3326.67
28 66 3501.29
28 67 3623.93
28 68 3686.19
28 69 3683.11
28 70 3613.93
28 71 3482.37
28 72 3296.36
28 73 3067.45
28 74 2809.79
28 75 2538.85
28 76 2269.95
28 77 2017.05
28 78 1791.55
28 79 1601.53
28 80 1451.42
28 81 1341.94
28 82 1270.54
28 83 1231.96
28 84 1219.08
28 85 1223.69
28 86 1237.32
28 87 1251.91
28 88 1260.28
28 89 1256.49
28 90 1236.02
28 91 1195.78
28 92 1134.1
28 93 1050.5
28 94 945.663
28 95 821.114
28 96 679.149
28 97 522.626
28 98 354.829
28 99 179.358
28 100 0

29 0 0
29 1 166.673
29 2 330.1
29 3 487.081
29 4 634.584
