0 0 0
0 1 0
0 2 0
0 3 0
0 4 0
0 5 0
0 6 0
0 7 0
0 8 0
0 9 0
0 10 0
0 11 0
0 12 0
0 13 0
0 14 0
0 15 0
0 16 0
0 17 0
0 18 0
0 19 0
0 20 0
0 21 0
0 22 0
0 23 0
0 24 0
0 25 0
0 26 0
0 27 0
0 28 0
0 29 0
0 30 0
0 31 0
0 32 0
0 33 0
0 34 0
0 35 0
0 36 0
0 37 0
0 38 0
0 39 0
0 40 0
0 41 0
0 42 0
0 43 0
0 44 0
0 45 0
0 46 0
0 47 0
0 48 0
0 49 0
0 50 0
0 51 0
0 52 0
0 53 0
0 54 0
0 55 0
0 56 0
0 57 0
0 58 0
0 59 0
0 60 0
0 61 0
0 62 0
0 63 0
0 64 0
0 65 0
0 66 0
0 67 0
0 68 0
0 69 0
0 70 0
0 71 0
0 72 0
0 73 0
0 74 0
0 75 0
0 76 0
0 77 0
0 78 0
0 79 0
0 80 0
0 81 0
0 82 0
0 83 0
0 84 0
0 85 0
0 86 0
0 87 0
0 88 0
0 89 0
0 90 0
0 91 0
0 92 0
0 93 0
0 94 0
0 95 0
0 96 0
0 97 0
0 98 0
0 99 0
0 100 0

1 0 0
1 1 10.3561
1 2 20.155
1 3 28.8401
1 4 35.7988
1 5 40.4144
1 6 42.0168
1 7 39.9276
1 8 33.4938
1 9 22.0925
1 10 5.24743
1 11 -17.3656
1 12 -45.8068
1 13 -79.8076
1 14 -118.744
1 15 -161.543
1 16 -206.734
1 17 -252.433
1 18 -296.442
1 19 -336.353
1 20 -369.714
1 21 -394.195
1 22 -407.807
1 23 -409.079
1 24 -397.211
1 25 -372.22
1 26 -334.931
1 27 -286.993
1 28 -230.752
1 29 -169.067
1 30 -105.101
1 31 -42.072
1 32 17.0161
1 33 69.5928
1 34 113.671
1 35 147.995
1 36 172.044
1 37 185.992
1 38 190.631
1 39 187.252
1 40 177.399
1 41 162.83
1 42 145.266
1 43 126.325
1 44 107.428
1 45 89.7743
1 46 74.2735
1 47 61.6072
1 48 52.2606
1 49 46.5499
1 50 44.6312
1 51 46.5499
1 52 52.2606
1 53 61.6072
1 54 74.2735
1 55 89.7743
1 56 107.428
1 57 126.325
1 58 145.266
1 59 162.83
1 60 177.399
1 61 187.252
1 62 190.631
1 63 185.992
1 64 172.044
1 65 147.995
1 66 113.671
1 67 69.5928
1 68 17.0161
1 69 -42.072
1 70 -105.101
1 71 -169.067
1 72 -230.752
1 73 -286.993
1 74 -334.931
1 75 -372.22
1 76 -397.211
1 77 -409.079
1 78 -407.807
1 79 -394.195
1 80 -369.714
1 81 -336.353
1 82 -296.442
1 83 -252.433
1 84 -206.734
1 85 -161.543
1 86 -118.744
1 87 -79.8076
1 88 -45.8068
1 89 -17.3656
1 90 5.24743
1 91 22.0925
1 92 33.4938
1 93 39.9276
1 94 42.0168
1 95 40.4144
1 96 35.7988
1 97 28.8401
1 98 20.155
1 99 10.3561
1 100 0

2 0 0
2 1 20.155
2 2 39.1913
2 3 55.9866
2 4 69.3212
2 5 77.9606
2 6 80.5803
2 7 75.843
2 8 62.4696
2 9 39.2549
2 10 5.28475
2 11 -40.0449
2 12 -96.8138
2 13 -164.462
2 14 -241.719
2 15 -326.453
2 16 -415.738
2 17 -505.859
2 18 -592.477
2 19 -670.865
2 20 -736.201
2 21 -783.934
2 22 -810.171
2 23 -812.054
2 24 -788.023
2 25 -738.132
2 26 -664.009
2 27 -568.912
2 28 -457.451
2 29 -335.273
2 30 -208.596
2 31 -83.7637
2 32 33.3198
2 33 137.568
2 34 225.053
2 35 293.282
2 36 341.177
2 37 369.099
2 38 378.589
2 39 372.136
2 40 352.856
2 41 324.131
2 42 289.405
2 43 251.92
2 44 214.469
2 45 179.418
2 46 148.613
2 47 123.445
2 48 104.853
2 49 93.4872
2 50 89.6575
2 51 93.4872
2 52 104.853
2 53 123.445
2 54 148.613
2 55 179.418
2 56 214.469
2 57 251.92
2 58 289.405
2 59 324.131
2 60 352.856
2 61 372.136
2 62 378.589
2 63 369.099
2 64 341.177
2 65 293.282
2 66 225.053
2 67 137.568
2 68 33.3198
2 69 -83.7637
2 70 -208.596
2 71 -335.273
2 72 -457.451
2 73 -568.912
2 74 -664.009
2 75 -738.132
2 76 -788.023
2 77 -812.054
2 78 -810.171
2 79 -783.934
2 80 -736.201
2 81 -670.865
2 82 -592.477
2 83 -505.859
2 84 -415.738
2 85 -326.453
2 86 -241.719
2 87 -164.462
2 88 -96.8138
2 89 -40.0449
2 90 5.28475
2 91 39.2549
2 92 62.4696
2 93 75.843
2 94 80.5803
2 95 77.9606
2 96 69.3212
2 97 55.9866
2 98 39.1913
2 99 20.155
2 100 0

3 0 0
3 1 28.8401
3 2 55.9866
3 3 79.7355
3 4 98.2682
3 5 109.74
3 6 112.205
3 7 103.717
3 8 82.42
3 9 46.6118
3 10 -4.99735
3 11 -73.2035
3 12 -158.042
3 13 -258.606
3 14 -372.949
3 15 -497.882
3 16 -629.076
3 17 -761.072
3 18 -887.533
3 19 -1001.57
3 20 -1096.19
3 21 -1164.8
3 22 -1201.77
3 23 -1202.98
3 24 -1166.23
3 25 -1091.62
3 26 -981.588
3 27 -840.88
3 28 -676.251
3 29 -495.922
3 30 -309
3 31 -124.735
3 32 48.1923
3 33 202.329
3 34 331.894
3 35 433.173
3 36 504.579
3 37 546.531
3 38 561.245
3 39 552.388
3 40 524.413
3 41 482.403
3 42 431.374
3 43 376.072
3 44 320.702
3 45 268.804
3 46 223.125
3 47 185.73
3 48 158.099
3 49 141.187
3 50 135.502
3 51 141.187
3 52 158.099
3 53 185.73
3 54 223.125
3 55 268.804
3 56 320.702
3 57 376.072
3 58 431.374
3 59 482.403
3 60 524.413
3 61 552.388
3 62 561.245
3 63 546.531
3 64 504.579
3 65 433.173
3 66 331.894
3 67 202.329
3 68 48.1923
3 69 -124.735
3 70 -309
3 71 -495.922
3 72 -676.251
3 73 -840.88
3 74 -981.588
3 75 -1091.62
3 76 -1166.23
3 77 -1202.98
3 78 -1201.77
3 79 -1164.8
3 80 -1096.19
3 81 -1001.57
3 82 -887.533
3 83 -761.072
3 84 -629.076
3 85 -497.882
3 86 -372.949
3 87 -258.606
3 88 -158.042
3 89 -73.2035
3 90 -4.99735
3 91 46.6118
3 92 82.42
3 93 103.717
3 94 112.205
3 95 109.74
3 96 98.2682
3 97 79.7355
3 98 55.9866
3 99 28.8401
3 100 0

4 0 0
4 1 35.7988
4 2 69.3212
4 3 98.2682
4 4 120.238
4 5 132.787
4 6 133.394
4 7 119.563
4 8 88.9462
4 9 39.4496
4 10 -30.4818
4 11 -121.722
4 12 -234.157
4 13 -366.472
4 14 -515.997
4 15 -678.531
4 16 -848.399
4 17 -1018.55
4 18 -1180.82
4 19 -1326.42
4 20 -1446.42
4 21 -1532.47
4 22 -1577.45
4 23 -1576.2
4 24 -1525.99
4 25 -1427.01
4 26 -1282.43
4 27 -1098.4
4 28 -883.575
4 29 -648.533
4 30 -404.956
4 31 -164.761
4 32 60.8888
4 33 262.327
4 34 432.05
4 35 565.182
4 36 659.528
4 37 715.587
4 38 736.134
4 39 725.746
4 40 690.296
4 41 636.193
4 42 570.039
4 43 498.063
4 44 425.755
4 45 357.772
4 46 297.804
4 47 248.657
4 48 212.277
4 49 189.993
4 50 182.482
4 51 189.993
4 52 212.277
4 53 248.657
4 54 297.804
4 55 357.772
4 56 425.755
4 57 498.063
4 58 570.039
4 59 636.193
4 60 690.296
4 61 725.746
4 62 736.134
4 63 715.587
4 64 659.528
4 65 565.182
4 66 432.05
4 67 262.327
4 68 60.8888
4 69 -164.761
4 70 -404.956
4 71 -648.533
4 72 -883.575
4 73 -1098.4
4 74 -1282.43
4 75 -1427.01
4 76 -1525.99
4 77 -1576.2
4 78 -1577.45
4 79 -1532.47
4 80 -1446.42
4 81 -1326.42
4 82 -1180.82
4 83 -1018.55
4 84 -848.399
4 85 -678.531
4 86 -515.997
4 87 -366.472
4 88 -234.157
4 89 -121.722
4 90 -30.4818
4 91 39.4496
4 92 88.9462
4 93 119.563
4 94 133.394
4 95 132.787
4 96 120.238
4 97 98.2682
4 98 69.3212
4 99 35.7988
4 100 0

5 0 0
5 1 40.4144
5 2 77.9606
5 3 109.74
5 4 132.787
5 5 144.09
5 6 140.619
5 7 119.42
5 8 77.7537
5 9 13.276
5 10 -75.714
5 11 -190.022
5 12 -329.282
5 13 -491.687
5 14 -673.816
5 15 -870.482
5 16 -1074.78
5 17 -1278.24
5 18 -1471.15
5 19 -1643.08
5 20 -1783.55
5 21 -1882.75
5 22 -1932.4
5 23 -1926.51
5 24 -1861.99
5 25 -1739.16
5 26 -1561.91
5 27 -1337.54
5 28 -1076.39
5 29 -791.041
5 30 -495.423
5 31 -203.725
5 32 70.6439
5 33 316.079
5 34 523.506
5 35 686.907
5 36 803.554
5 37 873.822
5 38 900.899
5 39 890.238
5 40 848.7
5 41 784.138
5 42 704.449
5 43 617.202
5 44 529.189
5 45 446.157
5 46 372.718
5 47 312.366
5 48 267.648
5 49 240.197
5 50 230.959
5 51 240.197
5 52 267.648
5 53 312.366
5 54 372.718
5 55 446.157
5 56 529.189
5 57 617.202
5 58 704.449
5 59 784.138
5 60 848.7
5 61 890.238
5 62 900.899
5 63 873.822
5 64 803.554
5 65 686.907
5 66 523.506
5 67 316.079
5 68 70.6439
5 69 -203.725
5 70 -495.423
5 71 -791.041
5 72 -1076.39
5 73 -1337.54
5 74 -1561.91
5 75 -1739.16
5 76 -1861.99
5 77 -1926.51
5 78 -1932.4
5 79 -1882.75
5 80 -1783.55
5 81 -1643.08
5 82 -1471.15
5 83 -1278.24
5 84 -1074.78
5 85 -870.482
5 86 -673.816
5 87 -491.687
5 88 -329.282
5 89 -190.022
5 90 -75.714
5 91 13.276
5 92 77.7537
5 93 119.42
5 94 140.619
5 95 144.09
5 96 132.787
5 97 109.74
5 98 77.9606
5 99 40.4144
5 100 0

6 0 0
6 1 42.0168
6 2 80.5803
6 3 112.205
6 4 133.394
6 5 140.619
6 6 130.421
6 7 99.4891
6 8 44.8276
6 9 -36.0173
6 10 -144.73
6 11 -281.916
6 12 -446.823
6 13 -637.093
6 14 -848.522
6 15 -1075.02
6 16 -1308.58
6 17 -1539.53
6 18 -1756.92
6 19 -1949.06
6 20 -2104.26
6 21 -2211.68
6 22 -2262.2
6 23 -2249.27
6 24 -2169.62
6 25 -2023.75
6 26 -1816.12
6 27 -1555.07
6 28 -1252.22
6 29 -921.828
6 30 -579.62
6 31 -241.711
6 32 76.6673
6 33 362.196
6 34 604.412
6 35 796.272
6 36 934.383
6 37 1018.98
6 38 1053.5
6 39 1043.91
6 40 998.124
6 41 924.946
6 42 833.586
6 43 732.818
6 44 630.604
6 45 533.755
6 46 447.792
6 47 376.98
6 48 324.377
6 49 292.058
6 50 281.151
6 51 292.058
6 52 324.377
6 53 376.98
6 54 447.792
6 55 533.755
6 56 630.604
6 57 732.818
6 58 833.586
6 59 924.946
6 60 998.124
6 61 1043.91
6 62 1053.5
6 63 1018.98
6 64 934.383
6 65 796.272
6 66 604.412
6 67 362.196
6 68 76.6673
6 69 -241.711
6 70 -579.62
6 71 -921.828
6 72 -1252.22
6 73 -1555.07
6 74 -1816.12
6 75 -2023.75
6 76 -2169.62
6 77 -2249.27
6 78 -2262.2
6 79 -2211.68
6 80 -2104.26
6 81 -1949.06
6 82 -1756.92
6 83 -1539.53
6 84 -1308.58
6 85 -1075.02
6 86 -848.522
6 87 -637.093
6 88 -446.823
6 89 -281.916
6 90 -144.73
6 91 -36.0173
6 92 44.8276
6 93 99.4891
6 94 130.421
6 95 140.619
6 96 133.394
6 97 112.205
6 98 80.5803
6 99 42.0168
6 100 0

7 0 0
7 1 39.9276
7 2 75.843
7 3 103.717
7 4 119.563
7 5 119.42
7 6 99.4891
7 7 56.2317
7 8 -13.4661
7 9 -112.005
7 10 -240.903
7 11 -400.408
7 12 -589.291
7 13 -804.563
7 14 -1041.27
7 15 -1292.49
7 16 -1549.32
7 17 -1801.15
7 18 -2036.11
7 19 -2241.65
7 20 -2405.31
7 21 -2515.62
7 22 -2562.98
7 23 -2540.57
7 24 -2445.12
7 25 -2277.29
7 26 -2042.09
7 27 -1748.53
7 28 -1409.29
7 29 -1039.79
7 30 -657.169
7 31 -278.948
7 32 78.131
7 33 399.389
7 34 673.159
7 35 891.388
7 36 1050.08
7 37 1149.15
7 38 1192.04
7 39 1185.2
7 40 1137.07
7 41 1057.48
7 42 956.56
7 43 844.241
7 44 729.565
7 45 620.321
7 46 522.97
7 47 442.501
7 48 382.612
7 49 345.715
7 50 333.277
7 51 345.715
7 52 382.612
7 53 442.501
7 54 522.97
7 55 620.321
7 56 729.565
7 57 844.241
7 58 956.56
7 59 1057.48
7 60 1137.07
7 61 1185.2
7 62 1192.04
7 63 1149.15
7 64 1050.08
7 65 891.388
7 66 673.159
7 67 399.389
7 68 78.131
7 69 -278.948
7 70 -657.169
7 71 -1039.79
7 72 -1409.29
7 73 -1748.53
7 74 -2042.09
7 75 -2277.29
7 76 -2445.12
7 77 -2540.57
7 78 -2562.98
7 79 -2515.62
7 80 -2405.31
7 81 -2241.65
7 82 -2036.11
7 83 -1801.15
7 84 -1549.32
7 85 -1292.49
7 86 -1041.27
7 87 -804.563
7 88 -589.291
7 89 -400.408
7 90 -240.903
7 91 -112.005
7 92 -13.4661
7 93 56.2317
7 94 99.4891
7 95 119.42
7 96 119.563
7 97 103.717
7 98 75.843
7 99 39.9276
7 100 0

8 0 0
8 1 33.4938
8 2 62.4696
8 3 82.42
8 4 88.9462
8 5 77.7537
8 6 44.8276
8 7 -13.4661
8 8 -100.188
8 9 -217.55
8 10 -366.732
8 11 -547.524
8 12 -758.114
8 13 -994.875
8 14 -1252.13
8 15 -1522.27
8 16 -1795.68
8 17 -2061.14
8 18 -2306.24
8 19 -2517.97
8 20 -2683.56
8 21 -2791.31
8 22 -2831.51
8 23 -2797.35
8 24 -2685.66
8 25 -2497.36
8 26 -2237.77
8 27 -1916.43
8 28 -1546.59
8 29 -1144.47
8 30 -728.048
8 31 -315.896
8 32 74.2174
8 33 426.513
8 34 728.316
8 35 970.719
8 36 1149.02
8 37 1262.68
8 38 1315.06
8 39 1312.61
8 40 1264.36
8 41 1180.65
8 42 1072.56
8 43 950.859
8 44 825.611
8 45 705.59
8 46 598.101
8 47 508.94
8 48 442.362
8 49 401.3
8 50 387.412
8 51 401.3
8 52 442.362
8 53 508.94
8 54 598.101
8 55 705.59
8 56 825.611
8 57 950.859
8 58 1072.56
8 59 1180.65
8 60 1264.36
8 61 1312.61
8 62 1315.06
8 63 1262.68
8 64 1149.02
8 65 970.719
8 66 728.316
8 67 426.513
8 68 74.2174
8 69 -315.896
8 70 -728.048
8 71 -1144.47
8 72 -1546.59
8 73 -1916.43
8 74 -2237.77
8 75 -2497.36
8 76 -2685.66
8 77 -2797.35
8 78 -2831.51
8 79 -2791.31
8 80 -2683.56
8 81 -2517.97
8 82 -2306.24
8 83 -2061.14
8 84 -1795.68
8 85 -1522.27
8 86 -1252.13
8 87 -994.875
8 88 -758.114
8 89 -547.524
8 90 -366.732
8 91 -217.55
8 92 -100.188
8 93 -13.4661
8 94 44.8276
8 95 77.7537
8 96 88.9462
8 97 82.42
8 98 62.4696
8 99 33.4938
8 100 0

9 0 0
9 1 22.0925
9 2 39.2549
9 3 46.6118
9 4 39.4496
9 5 13.276
9 6 -36.0173
9 7 -112.005
9 8 -217.55
9 9 -354.522
9 10 -523.636
9 11 -724.111
9 12 -953.519
9 13 -1207.57
9 14 -1480.01
9 15 -1762.65
9 16 -2045.47
9 17 -2316.95
9 18 -2564.51
9 19 -2775.14
9 20 -2936.15
9 21 -3036.02
9 22 -3065.31
9 23 -3017.44
9 24 -2889.48
9 25 -2682.56
9 26 -2402.21
9 27 -2058.14
9 28 -1663.87
9 29 -1235.89
9 30 -792.63
9 31 -353.16
9 32 64.0641
9 33 442.534
9 34 768.764
9 35 1033.02
9 36 1229.89
9 37 1358.31
9 38 1421.2
9 39 1425.04
9 40 1378.89
9 41 1293.59
9 42 1180.75
9 43 1052.03
9 44 918.297
9 45 789.204
9 46 672.973
9 47 576.126
9 48 503.606
9 49 458.748
9 50 443.595
9 51 458.748
9 52 503.606
9 53 576.126
9 54 672.973
9 55 789.204
9 56 918.297
9 57 1052.03
9 58 1180.75
9 59 1293.59
9 60 1378.89
9 61 1425.04
9 62 1421.2
9 63 1358.31
9 64 1229.89
9 65 1033.02
9 66 768.764
9 67 442.534
9 68 64.0641
9 69 -353.16
9 70 -792.63
9 71 -1235.89
9 72 -1663.87
9 73 -2058.14
9 74 -2402.21
9 75 -2682.56
9 76 -2889.48
9 77 -3017.44
9 78 -3065.31
9 79 -3036.02
9 80 -2936.15
9 81 -2775.14
9 82 -2564.51
9 83 -2316.95
9 84 -2045.47
9 85 -1762.65
9 86 -1480.01
9 87 -1207.57
9 88 -953.519
9 89 -724.111
9 90 -523.636
9 91 -354.522
9 92 -217.55
9 93 -112.005
9 94 -36.0173
9 95 13.276
9 96 39.4496
9 97 46.6118
9 98 39.2549
9 99 22.0925
9 100 0

10 0 0
10 1 5.24743
10 2 5.28475
10 3 -4.99735
10 4 -30.4818
10 5 -75.714
10 6 -144.73
10 7 -240.903
10 8 -366.732
10 9 -523.636
10 10 -711.741
10 11 -929.664
10 12 -1174.34
10 13 -1440.9
10 14 -1722.6
10 15 -2010.93
10 16 -2295.71
10 17 -2565.48
10 18 -2807.87
10 19 -3010.29
10 20 -3160.54
10 21 -3247.68
10 22 -3262.77
10 23 -3199.73
10 24 -3055.9
10 25 -2832.63
10 26 -2535.45
10 27 -2174.01
10 28 -1761.64
10 29 -1314.75
10 30 -851.652
10 31 -391.554
10 32 46.86
10 33 446.609
10 34 793.579
10 35 1077.36
10 36 1291.78
10 37 1435.05
10 38 1509.62
10 39 1521.53
10 40 1479.82
10 41 1395.45
10 42 1280.51
10 43 1147.17
10 44 1007.1
10 45 870.811
10 46 747.289
10 47 643.898
10 48 566.169
10 49 518.013
10 50 501.686
10 51 518.013
10 52 566.169
10 53 643.898
10 54 747.289
10 55 870.811
10 56 1007.1
10 57 1147.17
10 58 1280.51
10 59 1395.45
10 60 1479.82
10 61 1521.53
10 62 1509.62
10 63 1435.05
10 64 1291.78
10 65 1077.36
10 66 793.579
10 67 446.609
10 68 46.86
10 69 -391.554
10 70 -851.652
10 71 -1314.75
10 72 -1761.64
10 73 -2174.01
10 74 -2535.45
10 75 -2832.63
10 76 -3055.9
10 77 -3199.73
10 78 -3262.77
10 79 -3247.68
10 80 -3160.54
10 81 -3010.29
10 82 -2807.87
10 83 -2565.48
10 84 -2295.71
10 85 -2010.93
10 86 -1722.6
10 87 -1440.9
10 88 -1174.34
10 89 -929.664
10 90 -711.741
10 91 -523.636
10 92 -366.732
10 93 -240.903
10 94 -144.73
10 95 -75.714
10 96 -30.4818
10 97 -4.99735
10 98 5.28475
10 99 5.24743
10 100 0

11 0 0
11 1 -17.3656
11 2 -40.0449
11 3 -73.2035
11 4 -121.722
11 5 -190.022
11 6 -281.916
11 7 -400.408
11 8 -547.524
11 9 -724.111
11 10 -929.664
11 11 -1162.16
11 12 -1417.97
11 13 -1691.73
11 14 -1976.42
11 15 -2263.41
11 16 -2542.7
11 17 -2803.2
11 18 -3033.18
11 19 -3220.79
11 20 -3354.73
11 21 -3424.91
11 22 -3423.2
11 23 -3344.09
11 24 -3185.34
11 25 -2948.37
11 26 -2638.59
11 27 -2265.23
11 28 -1841.17
11 29 -1382.19
11 30 -906.192
11 31 -431.994
11 32 21.7799
11 33 438.005
11 34 802.136
11 35 1103.13
11 36 1334.03
11 37 1492.3
11 38 1579.57
11 39 1601.41
11 40 1566.44
11 41 1485.61
11 42 1371.11
11 43 1235.68
11 44 1091.52
11 45 949.916
11 46 820.694
11 47 711.902
11 48 629.817
11 49 578.803
11 50 561.529
11 51 578.803
11 52 629.817
11 53 711.902
11 54 820.694
11 55 949.916
11 56 1091.52
11 57 1235.68
11 58 1371.11
11 59 1485.61
11 60 1566.44
11 61 1601.41
11 62 1579.57
11 63 1492.3
11 64 1334.03
11 65 1103.13
11 66 802.136
11 67 438.005
11 68 21.7799
11 69 -431.994
11 70 -906.192
11 71 -1382.19
11 72 -1841.17
11 73 -2265.23
11 74 -2638.59
11 75 -2948.37
11 76 -3185.34
11 77 -3344.09
11 78 -3423.2
11 79 -3424.91
11 80 -3354.73
11 81 -3220.79
11 82 -3033.18
11 83 -2803.2
11 84 -2542.7
11 85 -2263.41
11 86 -1976.42
11 87 -1691.73
11 88 -1417.97
11 89 -1162.16
11 90 -929.664
11 91 -724.111
11 92 -547.524
11 93 -400.408
11 94 -281.916
11 95 -190.022
11 96 -121.722
11 97 -73.2035
11 98 -40.0449
11 99 -17.3656
11 100 0

12 0 0
12 1 -45.8068
12 2 -96.8138
12 3 -158.042
12 4 -234.157
12 5 -329.282
12 6 -446.823
12 7 -589.291
12 8 -758.114
12 9 -953.519
12 10 -1174.34
12 11 -1417.97
12 12 -1680.28
12 13 -1955.61
12 14 -2236.85
12 15 -2515.55
12 16 -2782.17
12 17 -3026.35
12 18 -3237.3
12 19 -3404.33
12 20 -3517.25
12 21 -3567.14
12 22 -3546.81
12 23 -3451.48
12 24 -3279.26
12 25 -3031.64
12 26 -2713.62
12 27 -2333.84
12 28 -1904.3
12 29 -1439.88
12 30 -957.573
12 31 -475.54
12 32 -11.9414
12 33 416.184
12 34 794.024
12 35 1110
12 36 1356.38
12 37 1529.67
12 38 1630.71
12 39 1664.2
12 40 1638.23
12 41 1563.41
12 42 1452.03
12 43 1316.94
12 44 1170.97
12 45 1026.04
12 46 892.678
12 47 779.753
12 48 694.144
12 49 640.831
12 50 622.713
12 51 640.831
12 52 694.144
12 53 779.753
12 54 892.678
12 55 1026.04
12 56 1170.97
12 57 1316.94
12 58 1452.03
12 59 1563.41
12 60 1638.23
12 61 1664.2
12 62 1630.71
12 63 1529.67
12 64 1356.38
12 65 1110
12 66 794.024
12 67 416.184
12 68 -11.9414
12 69 -475.54
12 70 -957.573
12 71 -1439.88
12 72 -1904.3
12 73 -2333.84
12 74 -2713.62
12 75 -3031.64
12 76 -3279.26
12 77 -3451.48
12 78 -3546.81
12 79 -3567.14
12 80 -3517.25
12 81 -3404.33
12 82 -3237.3
12 83 -3026.35
12 84 -2782.17
12 85 -2515.55
12 86 -2236.85
12 87 -1955.61
12 88 -1680.28
12 89 -1417.97
12 90 -1174.34
12 91 -953.519
12 92 -758.114
12 93 -589.291
12 94 -446.823
12 95 -329.282
12 96 -234.157
12 97 -158.042
12 98 -96.8138
12 99 -45.8068
12 100 0

13 0 0
13 1 -79.8076
13 2 -164.462
13 3 -258.606
13 4 -366.472
13 5 -491.687
13 6 -637.093
13 7 -804.563
13 8 -994.875
13 9 -1207.57
13 10 -1440.9
13 11 -1691.73
13 12 -1955.61
13 13 -2226.75
13 14 -2498.24
13 15 -2762.05
13 16 -3009.43
13 17 -3231.03
13 18 -3417.34
13 19 -3559.02
13 20 -3647.34
13 21 -3674.62
13 22 -3634.81
13 23 -3523.83
13 24 -3340.17
13 25 -3085.18
13 26 -2763.39
13 27 -2382.51
13 28 -1953.46
13 29 -1489.8
13 30 -1007.39
13 31 -523.29
13 32 -55.0069
13 33 380.749
13 34 769.071
13 35 1097.92
13 36 1358.74
13 37 1547.15
13 38 1662.83
13 39 1709.62
13 40 1694.77
13 41 1628.43
13 42 1522.62
13 43 1390.4
13 44 1244.86
13 45 1098.55
13 46 962.721
13 47 846.89
13 48 758.695
13 49 703.563
13 50 684.841
13 51 703.563
13 52 758.695
13 53 846.89
13 54 962.721
13 55 1098.55
13 56 1244.86
13 57 1390.4
13 58 1522.62
13 59 1628.43
13 60 1694.77
13 61 1709.62
13 62 1662.83
13 63 1547.15
13 64 1358.74
13 65 1097.92
13 66 769.071
13 67 380.749
13 68 -55.0069
13 69 -523.29
13 70 -1007.39
13 71 -1489.8
13 72 -1953.46
13 73 -2382.51
13 74 -2763.39
13 75 -3085.18
13 76 -3340.17
13 77 -3523.83
13 78 -3634.81
13 79 -3674.62
13 80 -3647.34
13 81 -3559.02
13 82 -3417.34
13 83 -3231.03
13 84 -3009.43
13 85 -2762.05
13 86 -2498.24
13 87 -2226.75
13 88 -1955.61
13 89 -1691.73
13 90 -1440.9
13 91 -1207.57
13 92 -994.875
13 93 -804.563
13 94 -637.093
13 95 -491.687
13 96 -366.472
13 97 -258.606
13 98 -164.462
13 99 -79.8076
13 100 0

14 0 0
14 1 -118.744
14 2 -241.719
14 3 -372.949
14 4 -515.997
14 5 -673.816
14 6 -848.522
14 7 -1041.27
14 8 -1252.13
14 9 -1480.01
14 10 -1722.6
14 11 -1976.42
14 12 -2236.85
14 13 -2498.24
14 14 -2754.06
14 15 -2997.07
14 16 -3219.52
14 17 -3413.39
14 18 -3570.64
14 19 -3683.54
14 20 -3744.88
14 21 -3748.43
14 22 -3689.19
14 23 -3563.91
14 24 -3371.29
14 25 -3112.51
14 26 -2791.35
14 27 -2414.5
14 28 -1991.42
14 29 -1534.24
14 30 -1057.27
14 31 -576.373
14 32 -108.067
14 33 331.442
14 34 727.3
14 35 1067.04
14 36 1341.38
14 37 1544.8
14 38 1675.97
14 39 1737.51
14 40 1735.78
14 41 1680.2
14 42 1582.41
14 43 1455.36
14 44 1312.5
14 45 1166.79
14 46 1030.1
14 47 912.687
14 48 822.774
14 49 766.434
14 50 747.237
14 51 766.434
14 52 822.774
14 53 912.687
14 54 1030.1
14 55 1166.79
14 56 1312.5
14 57 1455.36
14 58 1582.41
14 59 1680.2
14 60 1735.78
14 61 1737.51
14 62 1675.97
14 63 1544.8
14 64 1341.38
14 65 1067.04
14 66 727.3
14 67 331.442
14 68 -108.067
14 69 -576.373
14 70 -1057.27
14 71 -1534.24
14 72 -1991.42
14 73 -2414.5
14 74 -2791.35
14 75 -3112.51
14 76 -3371.29
14 77 -3563.91
14 78 -3689.19
14 79 -3748.43
14 80 -3744.88
14 81 -3683.54
14 82 -3570.64
14 83 -3413.39
14 84 -3219.52
14 85 -2997.07
14 86 -2754.06
14 87 -2498.24
14 88 -2236.85
14 89 -1976.42
14 90 -1722.6
14 91 -1480.01
14 92 -1252.13
14 93 -1041.27
14 94 -848.522
14 95 -673.816
14 96 -515.997
14 97 -372.949
14 98 -241.719
14 99 -118.744
14 100 0

15 0 0
15 1 -161.543
15 2 -326.453
15 3 -497.882
15 4 -678.531
15 5 -870.482
15 6 -1075.02
15 7 -1292.49
15 8 -1522.27
15 9 -1762.65
15 10 -2010.93
15 11 -2263.41
15 12 -2515.55
15 13 -2762.05
15 14 -2997.07
15 15 -3214.34
15 16 -3407.4
15 17 -3569.73
15 18 -3694.97
15 19 -3777.05
15 20 -3810.44
15 21 -3790.29
15 22 -3712.76
15 23 -3575.21
15 24 -3376.58
15 25 -3117.66
15 26 -2801.45
15 27 -2433.31
15 28 -2021.22
15 29 -1575.55
15 30 -1108.98
15 31 -635.865
15 32 -171.622
15 33 268.205
15 34 668.925
15 35 1017.76
15 36 1304.62
15 37 1523.03
15 38 1670.32
15 39 1747.92
15 40 1761.08
15 41 1718.35
15 42 1630.82
15 43 1511.27
15 44 1373.19
15 45 1229.98
15 46 1094.07
15 47 976.342
15 48 885.711
15 49 828.647
15 50 809.198
15 51 828.647
15 52 885.711
15 53 976.342
15 54 1094.07
15 55 1229.98
15 56 1373.19
15 57 1511.27
15 58 1630.82
15 59 1718.35
15 60 1761.08
15 61 1747.92
15 62 1670.32
15 63 1523.03
15 64 1304.62
15 65 1017.76
15 66 668.925
15 67 268.205
15 68 -171.622
15 69 -635.865
15 70 -1108.98
15 71 -1575.55
15 72 -2021.22
15 73 -2433.31
15 74 -2801.45
15 75 -3117.66
15 76 -3376.58
15 77 -3575.21
15 78 -3712.76
15 79 -3790.29
15 80 -3810.44
15 81 -3777.05
15 82 -3694.97
15 83 -3569.73
15 84 -3407.4
15 85 -3214.34
15 86 -2997.07
15 87 -2762.05
15 88 -2515.55
15 89 -2263.41
15 90 -2010.93
15 91 -1762.65
15 92 -1522.27
15 93 -1292.49
15 94 -1075.02
15 95 -870.482
15 96 -678.531
15 97 -497.882
15 98 -326.453
15 99 -161.543
15 100 0

16 0 0
16 1 -206.734
16 2 -415.738
16 3 -629.076
16 4 -848.399
16 5 -1074.78
16 6 -1308.58
16 7 -1549.32
16 8 -1795.68
16 9 -2045.47
16 10 -2295.71
16 11 -2542.7
16 12 -2782.17
16 13 -3009.43
16 14 -3219.52
16 15 -3407.4
16 16 -3568.05
16 17 -3696.62
16 18 -3788.45
16 19 -3839.27
16 20 -3845.11
16 21 -3802.56
16 22 -3708.76
16 23 -3561.67
16 24 -3360.29
16 25 -3104.99
16 26 -2797.76
16 27 -2442.66
16 28 -2045.9
16 29 -1616.12
16 30 -1164.13
16 31 -702.725
16 32 -246.064
16 33 191.092
16 34 594.341
16 35 950.587
16 36 1249.12
16 37 1482.27
16 38 1646.19
16 39 1740.93
16 40 1770.55
16 41 1742.55
16 42 1667.36
16 43 1557.39
16 44 1426.15
16 45 1287.29
16 46 1153.76
16 47 1037.01
16 48 946.516
16 49 889.371
16 50 869.828
16 51 889.371
16 52 946.516
16 53 1037.01
16 54 1153.76
16 55 1287.29
16 56 1426.15
16 57 1557.39
16 58 1667.36
16 59 1742.55
16 60 1770.55
16 61 1740.93
16 62 1646.19
16 63 1482.27
16 64 1249.12
16 65 950.587
16 66 594.341
16 67 191.092
16 68 -246.064
16 69 -702.725
16 70 -1164.13
16 71 -1616.12
16 72 -2045.9
16 73 -2442.66
16 74 -2797.76
16 75 -3104.99
16 76 -3360.29
16 77 -3561.67
16 78 -3708.76
16 79 -3802.56
16 80 -3845.11
16 81 -3839.27
16 82 -3788.45
16 83 -3696.62
16 84 -3568.05
16 85 -3407.4
16 86 -3219.52
16 87 -3009.43
16 88 -2782.17
16 89 -2542.7
16 90 -2295.71
16 91 -2045.47
16 92 -1795.68
16 93 -1549.32
16 94 -1308.58
16 95 -1074.78
16 96 -848.399
16 97 -629.076
16 98 -415.738
16 99 -206.734
16 100 0

17 0 0
17 1 -252.433
17 2 -505.859
17 3 -761.072
17 4 -1018.55
17 5 -1278.24
17 6 -1539.53
17 7 -1801.15
17 8 -2061.14
17 9 -2316.95
17 10 -2565.48
17 11 -2803.2
17 12 -3026.35
17 13 -3231.03
17 14 -3413.39
17 15 -3569.73
17 16 -3696.62
17 17 -3790.87
17 18 -3849.63
17 19 -3870.26
17 20 -3850.42
17 21 -3787.88
17 22 -3680.74
17 23 -3527.38
17 24 -3326.81
17 25 -3078.79
17 26 -2784.34
17 27 -2446.02
17 28 -2068.37
17 29 -1658.08
17 30 -1224.15
17 31 -777.703
17 32 -331.557
17 33 100.404
17 34 504.102
17 35 866.304
17 36 1175.54
17 37 1423.19
17 38 1604.03
17 39 1716.78
17 40 1764.14
17 41 1752.54
17 42 1691.53
17 43 1593.08
17 44 1470.58
17 45 1337.85
17 46 1208.2
17 47 1093.68
17 48 1004.31
17 49 947.571
17 50 928.146
17 51 947.571
17 52 1004.31
17 53 1093.68
17 54 1208.2
17 55 1337.85
17 56 1470.58
17 57 1593.08
17 58 1691.53
17 59 1752.54
17 60 1764.14
17 61 1716.78
17 62 1604.03
17 63 1423.19
17 64 1175.54
17 65 866.304
17 66 504.102
17 67 100.404
17 68 -331.557
17 69 -777.703
17 70 -1224.15
17 71 -1658.08
17 72 -2068.37
17 73 -2446.02
17 74 -2784.34
17 75 -3078.79
17 76 -3326.81
17 77 -3527.38
17 78 -3680.74
17 79 -3787.88
17 80 -3850.42
17 81 -3870.26
17 82 -3849.63
17 83 -3790.87
17 84 -3696.62
17 85 -3569.73
17 86 -3413.39
17 87 -3231.03
17 88 -3026.35
17 89 -2803.2
17 90 -2565.48
17 91 -2316.95
17 92 -2061.14
17 93 -1801.15
17 94 -1539.53
17 95 -1278.24
17 96 -1018.55
17 97 -761.072
17 98 -505.859
17 99 -252.433
17 100 0

18 0 0
18 1 -296.442
18 2 -592.477
18 3 -887.533
18 4 -1180.82
18 5 -1471.15
18 6 -1756.92
18 7 -2036.11
18 8 -2306.24
18 9 -2564.51
18 10 -2807.87
18 11 -3033.18
18 12 -3237.3
18 13 -3417.34
18 14 -3570.64
18 15 -3694.97
18 16 -3788.45
18 17 -3849.63
18 18 -3877.29
18 19 -3870.4
18 20 -3827.98
18 21 -3748.96
18 22 -3632.15
18 23 -3476.32
18 24 -3280.23
18 25 -3043.1
18 26 -2764.83
18 27 -2446.56
18 28 -2091.07
18 29 -1703.24
18 30 -1290.13
18 31 -861.235
18 32 -427.98
18 33 -3.33665
18 34 399.056
18 35 765.774
18 36 1084.86
18 37 1346.57
18 38 1544.45
18 39 1675.8
18 40 1741.95
18 41 1748.09
18 42 1702.89
18 43 1617.73
18 44 1505.7
18 45 1380.73
18 46 1256.46
18 47 1145.37
18 48 1057.97
18 49 1002.25
18 50 983.09
18 51 1002.25
18 52 1057.97
18 53 1145.37
18 54 1256.46
18 55 1380.73
18 56 1505.7
18 57 1617.73
18 58 1702.89
18 59 1748.09
18 60 1741.95
18 61 1675.8
18 62 1544.45
18 63 1346.57
18 64 1084.86
18 65 765.774
18 66 399.056
18 67 -3.33665
18 68 -427.98
18 69 -861.235
18 70 -1290.13
18 71 -1703.24
18 72 -2091.07
18 73 -2446.56
18 74 -2764.83
18 75 -3043.1
18 76 -3280.23
18 77 -3476.32
18 78 -3632.15
18 79 -3748.96
18 80 -3827.98
18 81 -3870.4
18 82 -3877.29
18 83 -3849.63
18 84 -3788.45
18 85 -3694.97
18 86 -3570.64
18 87 -3417.34
18 88 -3237.3
18 89 -3033.18
18 90 -2807.87
18 91 -2564.51
18 92 -2306.24
18 93 -2036.11
18 94 -1756.92
18 95 -1471.15
18 96 -1180.82
18 97 -887.533
18 98 -592.477
18 99 -296.442
18 100 0

19 0 0
19 1 -336.353
19 2 -670.865
19 3 -1001.57
19 4 -1326.42
19 5 -1643.08
19 6 -1949.06
19 7 -2241.65
19 8 -2517.97
19 9 -2775.14
19 10 -3010.29
19 11 -3220.79
19 12 -3404.33
19 13 -3559.02
19 14 -3683.54
19 15 -3777.05
19 16 -3839.27
19 17 -3870.26
19 18 -3870.4
19 19 -3840.02
19 20 -3779.37
19 21 -3688.26
19 22 -3566.13
19 23 -3411.86
19 24 -3224.06
19 25 -3001.22
19 26 -2742.21
19 27 -2446.73
19 28 -2115.91
19 29 -1752.77
19 30 -1362.63
19 31 -953.291
19 32 -534.841
19 33 -119.266
19 34 280.216
19 35 650.238
19 36 978.17
19 37 1253.43
19 38 1468.22
19 39 1618.52
19 40 1704.18
19 41 1729.19
19 42 1701.16
19 43 1630.77
19 44 1530.8
19 45 1415.12
19 46 1297.58
19 47 1191.07
19 48 1106.51
19 49 1052.29
19 50 1033.64
19 51 1052.29
19 52 1106.51
19 53 1191.07
19 54 1297.58
19 55 1415.12
19 56 1530.8
19 57 1630.77
19 58 1701.16
19 59 1729.19
19 60 1704.18
19 61 1618.52
19 62 1468.22
19 63 1253.43
19 64 978.17
19 65 650.238
19 66 280.216
19 67 -119.266
19 68 -534.841
19 69 -953.291
19 70 -1362.63
19 71 -1752.77
19 72 -2115.91
19 73 -2446.73
19 74 -2742.21
19 75 -3001.22
19 76 -3224.06
19 77 -3411.86
19 78 -3566.13
19 79 -3688.26
19 80 -3779.37
19 81 -3840.02
19 82 -3870.4
19 83 -3870.26
19 84 -3839.27
19 85 -3777.05
19 86 -3683.54
19 87 -3559.02
19 88 -3404.33
19 89 -3220.79
19 90 -3010.29
19 91 -2775.14
19 92 -2517.97
19 93 -2241.65
19 94 -1949.06
19 95 -1643.08
19 96 -1326.42
19 97 -1001.57
19 98 -670.865
19 99 -336.353
19 100 0

20 0 0
20 1 -369.714
20 2 -736.201
20 3 -1096.19
20 4 -1446.42
20 5 -1783.55
20 6 -2104.26
20 7 -2405.31
20 8 -2683.56
20 9 -2936.15
20 10 -3160.54
20 11 -3354.73
20 12 -3517.25
20 13 -3647.34
20 14 -3744.88
20 15 -3810.44
20 16 -3845.11
20 17 -3850.42
20 18 -3827.98
20 19 -3779.37
20 20 -3705.74
20 21 -3607.69
20 22 -3484.98
20 23 -3336.63
20 24 -3160.85
20 25 -2955.55
20 26 -2718.47
20 27 -2448.04
20 28 -2143.79
20 29 -1807.08
20 30 -1441.49
20 31 -1053.25
20 32 -651.094
20 33 -246.072
20 34 149.163
20 35 521.168
20 36 856.983
20 37 1145.03
20 38 1376.44
20 39 1545.71
20 40 1651.36
20 41 1696
20 42 1686.22
20 43 1631.91
20 44 1545.36
20 45 1440.32
20 46 1330.77
20 47 1229.89
20 48 1149
20 49 1096.81
20 50 1078.77
20 51 1096.81
20 52 1149
20 53 1229.89
20 54 1330.77
20 55 1440.32
20 56 1545.36
20 57 1631.91
20 58 1686.22
20 59 1696
20 60 1651.36
20 61 1545.71
20 62 1376.44
20 63 1145.03
20 64 856.983
20 65 521.168
20 66 149.163
20 67 -246.072
20 68 -651.094
20 69 -1053.25
20 70 -1441.49
20 71 -1807.08
20 72 -2143.79
20 73 -2448.04
20 74 -2718.47
20 75 -2955.55
20 76 -3160.85
20 77 -3336.63
20 78 -3484.98
20 79 -3607.69
20 80 -3705.74
20 81 -3779.37
20 82 -3827.98
20 83 -3850.42
20 84 -3845.11
20 85 -3810.44
20 86 -3744.88
20 87 -3647.34
20 88 -3517.25
20 89 -3354.73
20 90 -3160.54
20 91 -2936.15
20 92 -2683.56
20 93 -2405.31
20 94 -2104.26
20 95 -1783.55
20 96 -1446.42
20 97 -1096.19
20 98 -736.201
20 99 -369.714
20 100 0

21 0 0
21 1 -394.195
21 2 -783.934
21 3 -1164.8
21 4 -1532.47
21 5 -1882.75
21 6 -2211.68
21 7 -2515.62
21 8 -2791.31
21 9 -3036.02
21 10 -3247.68
21 11 -3424.91
21 12 -3567.14
21 13 -3674.62
21 14 -3748.43
21 15 -3790.29
21 16 -3802.56
21 17 -3787.88
21 18 -3748.96
21 19 -3688.26
21 20 -3607.69
21 21 -3508.28
21 22 -3390.09
21 23 -3252
21 24 -3091.96
21 25 -2907.11
21 26 -2694.36
21 27 -2450.81
21 28 -2174.63
21 29 -1865.57
21 30 -1525.7
21 31 -1159.69
21 32 -775.041
21 33 -381.819
21 34 7.81689
21 35 380.632
21 36 723.161
21 37 1023.16
21 38 1270.55
21 39 1458.57
21 40 1584.31
21 41 1649.11
21 42 1658.38
21 43 1621.14
21 44 1549.17
21 45 1455.96
21 46 1355.54
21 47 1261.25
21 48 1184.75
21 49 1135.06
21 50 1117.87
21 51 1135.06
21 52 1184.75
21 53 1261.25
21 54 1355.54
21 55 1455.96
21 56 1549.17
21 57 1621.14
21 58 1658.38
21 59 1649.11
21 60 1584.31
21 61 1458.57
21 62 1270.55
21 63 1023.16
21 64 723.161
21 65 380.632
21 66 7.81689
21 67 -381.819
21 68 -775.041
21 69 -1159.69
21 70 -1525.7
21 71 -1865.57
21 72 -2174.63
21 73 -2450.81
21 74 -2694.36
21 75 -2907.11
21 76 -3091.96
21 77 -3252
21 78 -3390.09
21 79 -3508.28
21 80 -3607.69
21 81 -3688.26
21 82 -3748.96
21 83 -3787.88
21 84 -3802.56
21 85 -3790.29
21 86 -3748.43
21 87 -3674.62
21 88 -3567.14
21 89 -3424.91
21 90 -3247.68
21 91 -3036.02
21 92 -2791.31
21 93 -2515.62
21 94 -2211.68
21 95 -1882.75
21 96 -1532.47
21 97 -1164.8
21 98 -783.934
21 99 -394.195
21 100 0

22 0 0
22 1 -407.807
22 2 -810.171
22 3 -1201.77
22 4 -1577.45
22 5 -1932.4
22 6 -2262.2
22 7 -2562.98
22 8 -2831.51
22 9 -3065.31
22 10 -3262.77
22 11 -3423.2
22 12 -3546.81
22 13 -3634.81
22 14 -3689.19
22 15 -3712.76
22 16 -3708.76
22 17 -3680.74
22 18 -3632.15
22 19 -3566.13
22 20 -3484.98
22 21 -3390.09
22 22 -3281.5
22 23 -3158.04
22 24 -3017.21
22 25 -2855.58
22 26 -2669.13
22 27 -2453.98
22 28 -2206.95
22 29 -1926.47
22 30 -1613.13
22 31 -1270.25
22 32 -904.106
22 33 -523.868
22 34 -141.019
22 35 231.231
22 36 579.279
22 37 890.086
22 38 1152.64
22 39 1358.85
22 40 1504.52
22 41 1589.62
22 42 1618.41
22 43 1599.01
22 44 1542.53
22 45 1462.16
22 46 1371.8
22 47 1284.98
22 48 1213.57
22 49 1166.8
22 50 1150.54
22 51 1166.8
22 52 1213.57
22 53 1284.98
22 54 1371.8
22 55 1462.16
22 56 1542.53
22 57 1599.01
22 58 1618.41
22 59 1589.62
22 60 1504.52
22 61 1358.85
22 62 1152.64
22 63 890.086
22 64 579.279
22 65 231.231
22 66 -141.019
22 67 -523.868
22 68 -904.106
22 69 -1270.25
22 70 -1613.13
22 71 -1926.47
22 72 -2206.95
22 73 -2453.98
22 74 -2669.13
22 75 -2855.58
22 76 -3017.21
22 77 -3158.04
22 78 -3281.5
22 79 -3390.09
22 80 -3484.98
22 81 -3566.13
22 82 -3632.15
22 83 -3680.74
22 84 -3708.76
22 85 -3712.76
22 86 -3689.19
22 87 -3634.81
22 88 -3546.81
22 89 -3423.2
22 90 -3262.77
22 91 -3065.31
22 92 -2831.51
22 93 -2562.98
22 94 -2262.2
22 95 -1932.4
22 96 -1577.45
22 97 -1201.77
22 98 -810.171
22 99 -407.807
22 100 0

23 0 0
23 1 -409.079
23 2 -812.054
23 3 -1202.98
23 4 -1576.2
23 5 -1926.51
23 6 -2249.27
23 7 -2540.57
23 8 -2797.35
23 9 -3017.44
23 10 -3199.73
23 11 -3344.09
23 12 -3451.48
23 13 -3523.83
23 14 -3563.91
23 15 -3575.21
23 16 -3561.67
23 17 -3527.38
23 18 -3476.32
23 19 -3411.86
23 20 -3336.63
23 21 -3252
23 22 -3158.04
23 23 -3053.28
23 24 -2934.93
23 25 -2798.91
23 26 -2640.55
23 27 -2454.96
23 28 -2237.94
23 29 -1986.66
23 30 -1700.48
23 31 -1381.46
23 32 -1034.75
23 33 -668.552
23 34 -293.838
23 35 76.5178
23 36 428.613
23 37 748.938
23 38 1025.5
23 39 1249.09
23 40 1414.15
23 41 1519.4
23 42 1567.91
23 43 1566.78
23 44 1526.48
23 45 1459.7
23 46 1380.25
23 47 1301.61
23 48 1235.84
23 49 1192.38
23 50 1177.2
23 51 1192.38
23 52 1235.84
23 53 1301.61
23 54 1380.25
23 55 1459.7
23 56 1526.48
23 57 1566.78
23 58 1567.91
23 59 1519.4
23 60 1414.15
23 61 1249.09
23 62 1025.5
23 63 748.938
23 64 428.613
23 65 76.5178
23 66 -293.838
23 67 -668.552
23 68 -1034.75
23 69 -1381.46
23 70 -1700.48
23 71 -1986.66
23 72 -2237.94
23 73 -2454.96
23 74 -2640.55
23 75 -2798.91
23 76 -2934.93
23 77 -3053.28
23 78 -3158.04
23 79 -3252
23 80 -3336.63
23 81 -3411.86
23 82 -3476.32
23 83 -3527.38
23 84 -3561.67
23 85 -3575.21
23 86 -3563.91
23 87 -3523.83
23 88 -3451.48
23 89 -3344.09
23 90 -3199.73
23 91 -3017.44
23 92 -2797.35
23 93 -2540.57
23 94 -2249.27
23 95 -1926.51
23 96 -1576.2
23 97 -1202.98
23 98 -812.054
23 99 -409.079
23 100 0

24 0 0
24 1 -397.211
24 2 -788.023
24 3 -1166.23
24 4 -1525.99
24 5 -1861.99
24 6 -2169.62
24 7 -2445.12
24 8 -2685.66
24 9 -2889.48
24 10 -3055.9
24 11 -3185.34
24 12 -3279.26
24 13 -3340.17
24 14 -3371.29
24 15 -3376.58
24 16 -3360.29
24 17 -3326.81
24 18 -3280.23
24 19 -3224.06
24 20 -3160.85
24 21 -3091.96
24 22 -3017.21
24 23 -2934.93
24 24 -2841.89
24 25 -2733.61
24 26 -2604.73
24 27 -2449.68
24 28 -2263.27
24 29 -2041.72
24 30 -1783.2
24 31 -1488.68
24 32 -1162.24
24 33 -811.264
24 34 -445.985
24 35 -79.1189
24 36 275.489
24 37 603.769
24 38 892.962
24 39 1132.74
24 40 1316.39
24 41 1441.31
24 42 1509.37
24 43 1526.71
24 44 1502.96
24 45 1450.36
24 46 1382.39
24 47 1312.56
24 48 1252.92
24 49 1213.05
24 50 1199.08
24 51 1213.05
24 52 1252.92
24 53 1312.56
24 54 1382.39
24 55 1450.36
24 56 1502.96
24 57 1526.71
24 58 1509.37
24 59 1441.31
24 60 1316.39
24 61 1132.74
24 62 892.962
24 63 603.769
24 64 275.489
24 65 -79.1189
24 66 -445.985
24 67 -811.264
24 68 -1162.24
24 69 -1488.68
24 70 -1783.2
24 71 -2041.72
24 72 -2263.27
24 73 -2449.68
24 74 -2604.73
24 75 -2733.61
24 76 -2841.89
24 77 -2934.93
24 78 -3017.21
24 79 -3091.96
24 80 -3160.85
24 81 -3224.06
24 82 -3280.23
24 83 -3326.81
24 84 -3360.29
24 85 -3376.58
24 86 -3371.29
24 87 -3340.17
24 88 -3279.26
24 89 -3185.34
24 90 -3055.9
24 91 -2889.48
24 92 -2685.66
24 93 -2445.12
24 94 -2169.62
24 95 -1861.99
24 96 -1525.99
24 97 -1166.23
24 98 -788.023
24 99 -397.211
24 100 0

25 0 0
25 1 -372.22
25 2 -738.132
25 3 -1091.62
25 4 -1427.01
25 5 -1739.16
25 6 -2023.75
25 7 -2277.29
25 8 -2497.36
25 9 -2682.56
25 10 -2832.63
25 11 -2948.37
25 12 -3031.64
25 13 -3085.18
25 14 -3112.51
25 15 -3117.66
25 16 -3104.99
25 17 -3078.79
25 18 -3043.1
25 19 -3001.22
25 20 -2955.55
25 21 -2907.11
25 22 -2855.58
25 23 -2798.91
25 24 -2733.61
25 25 -2654.74
25 26 -2556.52
25 27 -2432.66
25 28 -2277.35
25 29 -2085.86
25 30 -1855.44
25 31 -1586.05
25 32 -1280.81
25 33 -946.178
25 34 -591.846
25 35 -230.051
25 36 125.255
25 37 459.723
25 38 759.867
25 39 1014.44
25 40 1215.52
25 41 1359.3
25 42 1446.48
25 43 1482.13
25 44 1475.09
25 45 1436.96
25 46 1380.94
25 47 1320.31
25 48 1267.2
25 49 1231.2
25 50 1218.46
25 51 1231.2
25 52 1267.2
25 53 1320.31
25 54 1380.94
25 55 1436.96
25 56 1475.09
25 57 1482.13
25 58 1446.48
25 59 1359.3
25 60 1215.52
25 61 1014.44
25 62 759.867
25 63 459.723
25 64 125.255
25 65 -230.051
25 66 -591.846
25 67 -946.178
25 68 -1280.81
25 69 -1586.05
25 70 -1855.44
25 71 -2085.86
25 72 -2277.35
25 73 -2432.66
25 74 -2556.52
25 75 -2654.74
25 76 -2733.61
25 77 -2798.91
25 78 -2855.58
25 79 -2907.11
25 80 -2955.55
25 81 -3001.22
25 82 -3043.1
25 83 -3078.79
25 84 -3104.99
25 85 -3117.66
25 86 -3112.51
25 87 -3085.18
25 88 -3031.64
25 89 -2948.37
25 90 -2832.63
25 91 -2682.56
25 92 -2497.36
25 93 -2277.29
25 94 -2023.75
25 95 -1739.16
25 96 -1427.01
25 97 -1091.62
25 98 -738.132
25 99 -372.22
25 100 0

26 0 0
26 1 -334.931
26 2 -664.009
26 3 -981.588
26 4 -1282.43
26 5 -1561.91
26 6 -1816.12
26 7 -2042.09
26 8 -2237.77
26 9 -2402.21
26 10 -2535.45
26 11 -2638.59
26 12 -2713.62
26 13 -2763.39
26 14 -2791.35
26 15 -2801.45
26 16 -2797.76
26 17 -2784.34
26 18 -2764.83
26 19 -2742.21
26 20 -2718.47
26 21 -2694.36
26 22 -2669.13
26 23 -2640.55
26 24 -2604.73
26 25 -2556.52
26 26 -2489.64
26 27 -2397.46
26 28 -2273.48
26 29 -2112.31
26 30 -1910.37
26 31 -1666.72
26 32 -1383.54
26 33 -1066.51
26 34 -724.598
26 35 -369.703
26 36 -15.591
26 37 323.11
26 38 632.349
26 39 900.009
26 40 1117.1
26 41 1278.66
26 42 1384.2
26 43 1437.77
26 44 1447.28
26 45 1423.73
26 46 1379.84
26 47 1328.75
26 48 1282.4
26 49 1250.42
26 50 1239.06
26 51 1250.42
26 52 1282.4
26 53 1328.75
26 54 1379.84
26 55 1423.73
26 56 1447.28
26 57 1437.77
26 58 1384.2
26 59 1278.66
26 60 1117.1
26 61 900.009
26 62 632.349
26 63 323.11
26 64 -15.591
26 65 -369.703
26 66 -724.598
26 67 -1066.51
26 68 -1383.54
26 69 -1666.72
26 70 -1910.37
26 71 -2112.31
26 72 -2273.48
26 73 -2397.46
26 74 -2489.64
26 75 -2556.52
26 76 -2604.73
26 77 -2640.55
26 78 -2669.13
26 79 -2694.36
26 80 -2718.47
26 81 -2742.21
26 82 -2764.83
26 83 -2784.34
26 84 -2797.76
26 85 -2801.45
26 86 -2791.35
26 87 -2763.39
26 88 -2713.62
26 89 -2638.59
26 90 -2535.45
26 91 -2402.21
26 92 -2237.77
26 93 -2042.09
26 94 -1816.12
26 95 -1561.91
26 96 -1282.43
26 97 -981.588
26 98 -664.009
26 99 -334.931
26 100 0

27 0 0
27 1 -286.993
27 2 -568.912
27 3 -840.88
27 4 -1098.4
27 5 -1337.54
27 6 -1555.07
27 7 -1748.53
27 8 -1916.43
27 9 -2058.14
27 10 -2174.01
27 11 -2265.23
27 12 -2333.84
27 13 -2382.51
27 14 -2414.5
27 15 -2433.31
27 16 -2442.66
27 17 -2446.02
27 18 -2446.56
27 19 -2446.73
27 20 -2448.04
27 21 -2450.81
27 22 -2453.98
27 23 -2454.96
27 24 -2449.68
27 25 -2432.66
27 26 -2397.46
27 27 -2336.99
27 28 -2244.39
27 29 -2113.62
27 30 -1940.42
27 31 -1723.02
27 32 -1462.79
27 33 -1164.56
27 34 -836.67
27 35 -490.451
27 36 -139.556
27 37 201.284
27 38 517.572
27 39 796.429
27 40 1027.89
27 41 1205.86
27 42 1328.79
27 43 1399.57
27 44 1425.29
27 45 1416.17
27 46 1384.5
27 47 1343.01
27 48 1303.6
27 49 1275.79
27 50 1265.8
27 51 1275.79
27 52 1303.6
27 53 1343.01
27 54 1384.5
27 55 1416.17
27 56 1425.29
27 57 1399.57
27 58 1328.79
27 59 1205.86
27 60 1027.89
27 61 796.429
27 62 517.572
27 63 201.284
27 64 -139.556
27 65 -490.451
27 66 -836.67
27 67 -1164.56
27 68 -1462.79
27 69 -1723.02
27 70 -1940.42
27 71 -2113.62
27 72 -2244.39
27 73 -2336.99
27 74 -2397.46
27 75 -2432.66
27 76 -2449.68
27 77 -2454.96
27 78 -2453.98
27 79 -2450.81
27 80 -2448.04
27 81 -2446.73
27 82 -2446.56
27 83 -2446.02
27 84 -2442.66
27 85 -2433.31
27 86 -2414.5
27 87 -2382.51
27 88 -2333.84
27 89 -2265.23
27 90 -2174.01
27 91 -2058.14
27 92 -1916.43
27 93 -1748.53
27 94 -1555.07
27 95 -1337.54
27 96 -1098.4
27 97 -840.88
27 98 -568.912
27 99 -286.993
27 100 0

28 0 0
28 1 -230.752
28 2 -457.451
28 3 -676.251
28 4 -883.575
28 5 -1076.39
28 6 -1252.22
28 7 -1409.29
28 8 -1546.59
28 9 -1663.87
28 10 -1761.64
28 11 -1841.17
28 12 -1904.3
28 13 -1953.46
28 14 -1991.42
28 15 -2021.22
28 16 -2045.9
28 17 -2068.37
28 18 -2091.07
28 19 -2115.91
28 20 -2143.79
28 21 -2174.63
28 22 -2206.95
28 23 -2237.94
28 24 -2263.27
28 25 -2277.35
28 26 -2273.48
28 27 -2244.39
28 28 -2182.82
28 29 -2082.26
28 30 -1937.86
28 31 -1747.09
28 32 -1510.54
28 33 -1232.26
28 34 -919.834
28 35 -584.109
28 36 -238.44
28 37 102.426
28 38 423.634
28 39 711.673
28 40 955.685
28 41 1148.58
28 42 1287.64
28 43 1374.78
28 44 1416.09
28 45 1421.1
28 46 1401.47
28 47 1369.62
28 48 1337.18
28 49 1313.57
28 50 1304.98
28 51 1313.57
28 52 1337.18
28 53 1369.62
28 54 1401.47
28 55 1421.1
28 56 1416.09
28 57 1374.78
28 58 1287.64
28 59 1148.58
28 60 955.685
28 61 711.673
28 62 423.634
28 63 102.426
28 64 -238.44
28 65 -584.109
28 66 -919.834
28 67 -1232.26
28 68 -1510.54
28 69 -1747.09
28 70 -1937.86
28 71 -2082.26
28 72 -2182.82
28 73 -2244.39
28 74 -2273.48
28 75 -2277.35
28 76 -2263.27
28 77 -2237.94
28 78 -2206.95
28 79 -2174.63
28 80 -2143.79
28 81 -2115.91
28 82 -2091.07
28 83 -2068.37
28 84 -2045.9
28 85 -2021.22
28 86 -1991.42
