0 0 0
0 1 0
0 2 0
0 3 0
0 4 0
0 5 0
0 6 0
0 7 0
0 8 0
0 9 0
0 10 0
0 11 0
0 12 0
0 13 0
0 14 0
0 15 0
0 16 0
0 17 0
0 18 0
0 19 0
0 20 0
0 21 0
0 22 0
0 23 0
0 24 0
0 25 0
0 26 0
0 27 0
0 28 0
0 29 0
0 30 0
0 31 0
0 32 0
0 33 0
0 34 0
0 35 0
0 36 0
0 37 0
0 38 0
0 39 0
0 40 0
0 41 0
0 42 0
0 43 0
0 44 0
0 45 0
0 46 0
0 47 0
0 48 0
0 49 0
0 50 0
0 51 0
0 52 0
0 53 0
0 54 0
0 55 0
0 56 0
0 57 0
0 58 0
0 59 0
0 60 0
0 61 0
0 62 0
0 63 0
0 64 0
0 65 0
0 66 0
0 67 0
0 68 0
0 69 0
0 70 0
0 71 0
0 72 0
0 73 0
0 74 0
0 75 0
0 76 0
0 77 0
0 78 0
0 79 0
0 80 0
0 81 0
0 82 0
0 83 0
0 84 0
0 85 0
0 86 0
0 87 0
0 88 0
0 89 0
0 90 0
0 91 0
0 92 0
0 93 0
0 94 0
0 95 0
0 96 0
0 97 0
0 98 0
0 99 0
0 100 0

1 0 0
1 1 -0.107285
1 2 -0.30933
1 3 -0.559748
1 4 -0.775923
1 5 -1.17307
1 6 -1.73963
1 7 -2.45316
1 8 -3.44586
1 9 -4.76915
1 10 -6.49296
1 11 -8.75069
1 12 -11.6029
1 13 -15.1981
1 14 -19.6674
1 15 -25.1183
1 16 -31.7139
1 17 -39.5594
1 18 -48.762
1 19 -59.4404
1 20 -71.6251
1 21 -85.3915
1 22 -100.721
1 23 -117.584
1 24 -135.923
1 25 -155.593
1 26 -176.479
1 27 -198.361
1 28 -221.045
1 29 -244.284
1 30 -267.82
1 31 -291.412
1 32 -314.777
1 33 -337.699
1 34 -359.917
1 35 -381.255
1 36 -401.509
1 37 -420.548
1 38 -438.245
1 39 -454.515
1 40 -469.309
1 41 -482.584
1 42 -494.353
1 43 -504.604
1 44 -513.39
1 45 -520.717
1 46 -526.656
1 47 -531.212
1 48 -534.454
1 49 -536.373
1 50 -537.023
1 51 -536.373
1 52 -534.454
1 53 -531.212
1 54 -526.656
1 55 -520.717
1 56 -513.39
1 57 -504.604
1 58 -494.353
1 59 -482.584
1 60 -469.309
1 61 -454.515
1 62 -438.245
1 63 -420.548
1 64 -401.509
1 65 -381.255
1 66 -359.917
1 67 -337.699
1 68 -314.777
1 69 -291.412
1 70 -267.82
1 71 -244.284
1 72 -221.045
1 73 -198.361
1 74 -176.479
1 75 -155.593
1 76 -135.923
1 77 -117.584
1 78 -100.721
1 79 -85.3915
1 80 -71.6251
1 81 -59.4404
1 82 -48.762
1 83 -39.5594
1 84 -31.7139
1 85 -25.1183
1 86 -19.6674
1 87 -15.1981
1 88 -11.6029
1 89 -8.75069
1 90 -6.49296
1 91 -4.76915
1 92 -3.44586
1 93 -2.45316
1 94 -1.73963
1 95 -1.17307
1 96 -0.775923
1 97 -0.559748
1 98 -0.30933
1 99 -0.107285
1 100 0

2 0 0
2 1 -0.30933
2 2 -0.693985
2 3 -1.09218
2 4 -1.70653
2 5 -2.52754
2 6 -3.67209
2 7 -5.23824
2 8 -7.3295
2 9 -10.0902
2 10 -13.7105
2 11 -18.3951
2 12 -24.3579
2 13 -31.8331
2 14 -41.0976
2 15 -52.3731
2 16 -65.9525
2 17 -82.0548
2 18 -100.901
2 19 -122.679
2 20 -147.495
2 21 -175.429
2 22 -206.462
2 23 -240.502
2 24 -277.398
2 25 -316.878
2 26 -358.647
2 27 -402.297
2 28 -447.399
2 29 -493.47
2 30 -539.995
2 31 -586.481
2 32 -632.396
2 33 -677.291
2 34 -720.693
2 35 -762.236
2 36 -801.56
2 37 -838.407
2 38 -872.554
2 39 -903.859
2 40 -932.231
2 41 -957.627
2 42 -980.064
2 43 -999.571
2 44 -1016.23
2 45 -1030.11
2 46 -1041.32
2 47 -1049.92
2 48 -1056.02
2 49 -1059.64
2 50 -1060.85
2 51 -1059.64
2 52 -1056.02
2 53 -1049.92
2 54 -1041.32
2 55 -1030.11
2 56 -1016.23
2 57 -999.571
2 58 -980.064
2 59 -957.627
2 60 -932.231
2 61 -903.859
2 62 -872.554
2 63 -838.407
2 64 -801.56
2 65 -762.236
2 66 -720.693
2 67 -677.291
2 68 -632.396
2 69 -586.481
2 70 -539.995
2 71 -493.47
2 72 -447.399
2 73 -402.297
2 74 -358.647
2 75 -316.878
2 76 -277.398
2 77 -240.502
2 78 -206.462
2 79 -175.429
2 80 -147.495
2 81 -122.679
2 82 -100.901
2 83 -82.0548
2 84 -65.9525
2 85 -52.3731
2 86 -41.0976
2 87 -31.8331
2 88 -24.3579
2 89 -18.3951
2 90 -13.7105
2 91 -10.0902
2 92 -7.3295
2 93 -5.23824
2 94 -3.67209
2 95 -2.52754
2 96 -1.70653
2 97 -1.09218
2 98 -0.693985
2 99 -0.30933
2 100 0

3 0 0
3 1 -0.559748
3 2 -1.09218
3 3 -1.86261
3 4 -2.85097
3 5 -4.23355
3 6 -6.0974
3 7 -8.64481
3 8 -12.0521
3 9 -16.5465
3 10 -22.3986
3 11 -29.9268
3 12 -39.4649
3 13 -51.389
3 14 -66.0528
3 15 -83.8758
3 16 -105.196
3 17 -130.385
3 18 -159.729
3 19 -193.462
3 20 -231.741
3 21 -274.608
3 22 -322.007
3 23 -373.762
3 24 -429.568
3 25 -489.026
3 26 -551.6
3 27 -616.693
3 28 -683.615
3 29 -751.634
3 30 -819.998
3 31 -887.937
3 32 -954.732
3 33 -1019.68
3 34 -1082.17
3 35 -1141.64
3 36 -1197.67
3 37 -1249.87
3 38 -1298
3 39 -1341.89
3 40 -1381.45
3 41 -1416.69
3 42 -1447.65
3 43 -1474.45
3 44 -1497.22
3 45 -1516.13
3 46 -1531.32
3 47 -1542.96
3 48 -1551.18
3 49 -1556.06
3 50 -1557.68
3 51 -1556.06
3 52 -1551.18
3 53 -1542.96
3 54 -1531.32
3 55 -1516.13
3 56 -1497.22
3 57 -1474.45
3 58 -1447.65
3 59 -1416.69
3 60 -1381.45
3 61 -1341.89
3 62 -1298
3 63 -1249.87
3 64 -1197.67
3 65 -1141.64
3 66 -1082.17
3 67 -1019.68
3 68 -954.732
3 69 -887.937
3 70 -819.998
3 71 -751.634
3 72 -683.615
3 73 -616.693
3 74 -551.6
3 75 -489.026
3 76 -429.568
3 77 -373.762
3 78 -322.007
3 79 -274.608
3 80 -231.741
3 81 -193.462
3 82 -159.729
3 83 -130.385
3 84 -105.196
3 85 -83.8758
3 86 -66.0528
3 87 -51.389
3 88 -39.4649
3 89 -29.9268
3 90 -22.3986
3 91 -16.5465
3 92 -12.0521
3 93 -8.64481
3 94 -6.0974
3 95 -4.23355
3 96 -2.85097
3 97 -1.86261
3 98 -1.09218
3 99 -0.559748
3 100 0

4 0 0
4 1 -0.775923
4 2 -1.70653
4 3 -2.85097
4 4 -4.42719
4 5 -6.45761
4 6 -9.26722
4 7 -13.0622
4 8 -18.107
4 9 -24.7484
4 10 -33.3713
4 11 -44.3398
4 12 -58.1856
4 13 -75.3607
4 14 -96.3781
4 15 -121.755
4 16 -151.952
4 17 -187.389
4 18 -228.442
4 19 -275.313
4 20 -328.181
4 21 -386.995
4 22 -451.61
4 23 -521.711
4 24 -596.796
4 25 -676.276
4 26 -759.356
4 27 -845.204
4 28 -932.858
4 29 -1021.33
4 30 -1109.63
4 31 -1196.74
4 32 -1281.77
4 33 -1363.83
4 34 -1442.19
4 35 -1516.2
4 36 -1585.37
4 37 -1649.31
4 38 -1707.78
4 39 -1760.67
4 40 -1807.94
4 41 -1849.72
4 42 -1886.12
4 43 -1917.39
4 44 -1943.75
4 45 -1965.5
4 46 -1982.86
4 47 -1996.1
4 48 -2005.39
4 49 -2010.92
4 50 -2012.73
4 51 -2010.92
4 52 -2005.39
4 53 -1996.1
4 54 -1982.86
4 55 -1965.5
4 56 -1943.75
4 57 -1917.39
4 58 -1886.12
4 59 -1849.72
4 60 -1807.94
4 61 -1760.67
4 62 -1707.78
4 63 -1649.31
4 64 -1585.37
4 65 -1516.2
4 66 -1442.19
4 67 -1363.83
4 68 -1281.77
4 69 -1196.74
4 70 -1109.63
4 71 -1021.33
4 72 -932.858
4 73 -845.204
4 74 -759.356
4 75 -676.276
4 76 -596.796
4 77 -521.711
4 78 -451.61
4 79 -386.995
4 80 -328.181
4 81 -275.313
4 82 -228.442
4 83 -187.389
4 84 -151.952
4 85 -121.755
4 86 -96.3781
4 87 -75.3607
4 88 -58.1856
4 89 -44.3398
4 90 -33.3713
4 91 -24.7484
4 92 -18.107
4 93 -13.0622
4 94 -9.26722
4 95 -6.45761
4 96 -4.42719
4 97 -2.85097
4 98 -1.70653
4 99 -0.775923
4 100 0

5 0 0
5 1 -1.17307
5 2 -2.52754
5 3 -4.23355
5 4 -6.45761
5 5 -9.49262
5 6 -13.4909
5 7 -18.912
5 8 -26.0726
5 9 -35.4179
5 10 -47.4499
5 11 -62.723
5 12 -81.8006
5 13 -105.346
5 14 -133.932
5 15 -168.199
5 16 -208.665
5 17 -255.817
5 18 -310
5 19 -371.432
5 20 -440.156
5 21 -516.04
5 22 -598.736
5 23 -687.727
5 24 -782.274
5 25 -881.499
5 26 -984.354
5 27 -1089.7
5 28 -1196.31
5 29 -1302.94
5 30 -1408.37
5 31 -1511.41
5 32 -1610.98
5 33 -1706.12
5 34 -1796.03
5 35 -1880.03
5 36 -1957.67
5 37 -2028.62
5 38 -2092.74
5 39 -2150.03
5 40 -2200.63
5 41 -2244.76
5 42 -2282.74
5 43 -2314.95
5 44 -2341.79
5 45 -2363.66
5 46 -2380.96
5 47 -2394.02
5 48 -2403.12
5 49 -2408.5
5 50 -2410.28
5 51 -2408.5
5 52 -2403.12
5 53 -2394.02
5 54 -2380.96
5 55 -2363.66
5 56 -2341.79
5 57 -2314.95
5 58 -2282.74
5 59 -2244.76
5 60 -2200.63
5 61 -2150.03
5 62 -2092.74
5 63 -2028.62
5 64 -1957.67
5 65 -1880.03
5 66 -1796.03
5 67 -1706.12
5 68 -1610.98
5 69 -1511.41
5 70 -1408.37
5 71 -1302.94
5 72 -1196.31
5 73 -1089.7
5 74 -984.354
5 75 -881.499
5 76 -782.274
5 77 -687.727
5 78 -598.736
5 79 -516.04
5 80 -440.156
5 81 -371.432
5 82 -310
5 83 -255.817
5 84 -208.665
5 85 -168.199
5 86 -133.932
5 87 -105.346
5 88 -81.8006
5 89 -62.723
5 90 -47.4499
5 91 -35.4179
5 92 -26.0726
5 93 -18.912
5 94 -13.4909
5 95 -9.49262
5 96 -6.45761
5 97 -4.23355
5 98 -2.52754
5 99 -1.17307
5 100 0

6 0 0
6 1 -1.73963
6 2 -3.67209
6 3 -6.0974
6 4 -9.26722
6 5 -13.4909
6 6 -19.1995
6 7 -26.6589
6 8 -36.5346
6 9 -49.3266
6 10 -65.6493
6 11 -86.2196
6 12 -111.756
6 13 -142.952
6 14 -180.599
6 15 -225.29
6 16 -277.671
6 17 -338.168
6 18 -407.09
6 19 -484.553
6 20 -570.43
6 21 -664.378
6 22 -765.819
6 23 -873.908
6 24 -987.646
6 25 -1105.78
6 26 -1226.99
6 27 -1349.79
6 28 -1472.7
6 29 -1594.25
6 30 -1712.98
6 31 -1827.61
6 32 -1936.95
6 33 -2040.04
6 34 -2136.07
6 35 -2224.48
6 36 -2304.9
6 37 -2377.2
6 38 -2441.39
6 39 -2497.7
6 40 -2546.47
6 41 -2588.14
6 42 -2623.27
6 43 -2652.42
6 44 -2676.2
6 45 -2695.17
6 46 -2709.88
6 47 -2720.79
6 48 -2728.29
6 49 -2732.68
6 50 -2734.12
6 51 -2732.68
6 52 -2728.29
6 53 -2720.79
6 54 -2709.88
6 55 -2695.17
6 56 -2676.2
6 57 -2652.42
6 58 -2623.27
6 59 -2588.14
6 60 -2546.47
6 61 -2497.7
6 62 -2441.39
6 63 -2377.2
6 64 -2304.9
6 65 -2224.48
6 66 -2136.07
6 67 -2040.04
6 68 -1936.95
6 69 -1827.61
6 70 -1712.98
6 71 -1594.25
6 72 -1472.7
6 73 -1349.79
6 74 -1226.99
6 75 -1105.78
6 76 -987.646
6 77 -873.908
6 78 -765.819
6 79 -664.378
6 80 -570.43
6 81 -484.553
6 82 -407.09
6 83 -338.168
6 84 -277.671
6 85 -225.29
6 86 -180.599
6 87 -142.952
6 88 -111.756
6 89 -86.2196
6 90 -65.6493
6 91 -49.3266
6 92 -36.5346
6 93 -26.6589
6 94 -19.1995
6 95 -13.4909
6 96 -9.26722
6 97 -6.0974
6 98 -3.67209
6 99 -1.73963
6 100 0

7 0 0
7 1 -2.45316
7 2 -5.23824
7 3 -8.64481
7 4 -13.0622
7 5 -18.912
7 6 -26.6589
7 7 -36.9121
7 8 -50.1893
7 9 -67.3342
7 10 -89.028
7 11 -116.127
7 12 -149.462
7 13 -189.885
7 14 -238.181
7 15 -295.073
7 16 -361.09
7 17 -436.67
7 18 -521.911
7 19 -616.787
7 20 -720.887
7 21 -833.589
7 22 -953.964
7 23 -1080.81
7 24 -1212.75
7 25 -1348.17
7 26 -1485.39
7 27 -1622.63
7 28 -1758.12
7 29 -1890.22
7 30 -2017.33
7 31 -2138.1
7 32 -2251.36
7 33 -2356.2
7 34 -2451.98
7 35 -2538.29
7 36 -2615.03
7 37 -2682.27
7 38 -2740.37
7 39 -2789.77
7 40 -2831.16
7 41 -2865.21
7 42 -2892.79
7 43 -2914.67
7 44 -2931.7
7 45 -2944.61
7 46 -2954.16
7 47 -2960.9
7 48 -2965.36
7 49 -2967.88
7 50 -2968.71
7 51 -2967.88
7 52 -2965.36
7 53 -2960.9
7 54 -2954.16
7 55 -2944.61
7 56 -2931.7
7 57 -2914.67
7 58 -2892.79
7 59 -2865.21
7 60 -2831.16
7 61 -2789.77
7 62 -2740.37
7 63 -2682.27
7 64 -2615.03
7 65 -2538.29
7 66 -2451.98
7 67 -2356.2
7 68 -2251.36
7 69 -2138.1
7 70 -2017.33
7 71 -1890.22
7 72 -1758.12
7 73 -1622.63
7 74 -1485.39
7 75 -1348.17
7 76 -1212.75
7 77 -1080.81
7 78 -953.964
7 79 -833.589
7 80 -720.887
7 81 -616.787
7 82 -521.911
7 83 -436.67
7 84 -361.09
7 85 -295.073
7 86 -238.181
7 87 -189.885
7 88 -149.462
7 89 -116.127
7 90 -89.028
7 91 -67.3342
7 92 -50.1893
7 93 -36.9121
7 94 -26.6589
7 95 -18.912
7 96 -13.0622
7 97 -8.64481
7 98 -5.23824
7 99 -2.45316
7 100 0

8 0 0
8 1 -3.44586
8 2 -7.3295
8 3 -12.0521
8 4 -18.107
8 5 -26.0726
8 6 -36.5346
8 7 -50.1893
8 8 -67.8907
8 9 -90.375
8 10 -118.692
8 11 -153.718
8 12 -196.441
8 13 -247.761
8 14 -308.519
8 15 -379.368
8 16 -460.816
8 17 -553.046
8 18 -656.043
8 19 -769.375
8 20 -892.37
8 21 -1023.95
8 22 -1162.78
8 23 -1307.23
8 24 -1455.47
8 25 -1605.52
8 26 -1755.31
8 27 -1902.79
8 28 -2045.99
8 29 -2183.11
8 30 -2312.53
8 31 -2432.93
8 32 -2543.27
8 33 -2642.82
8 34 -2731.2
8 35 -2808.32
8 36 -2874.38
8 37 -2929.83
8 38 -2975.37
8 39 -3011.83
8 40 -3040.19
8 41 -3061.52
8 42 -3076.9
8 43 -3087.44
8 44 -3094.16
8 45 -3098.06
8 46 -3099.97
8 47 -3100.67
8 48 -3100.73
8 49 -3100.59
8 50 -3100.51
8 51 -3100.59
8 52 -3100.73
8 53 -3100.67
8 54 -3099.97
8 55 -3098.06
8 56 -3094.16
8 57 -3087.44
8 58 -3076.9
8 59 -3061.52
8 60 -3040.19
8 61 -3011.83
8 62 -2975.37
8 63 -2929.83
8 64 -2874.38
8 65 -2808.32
8 66 -2731.2
8 67 -2642.82
8 68 -2543.27
8 69 -2432.93
8 70 -2312.53
8 71 -2183.11
8 72 -2045.99
8 73 -1902.79
8 74 -1755.31
8 75 -1605.52
8 76 -1455.47
8 77 -1307.23
8 78 -1162.78
8 79 -1023.95
8 80 -892.37
8 81 -769.375
8 82 -656.043
8 83 -553.046
8 84 -460.816
8 85 -379.368
8 86 -308.519
8 87 -247.761
8 88 -196.441
8 89 -153.718
8 90 -118.692
8 91 -90.375
8 92 -67.8907
8 93 -50.1893
8 94 -36.5346
8 95 -26.0726
8 96 -18.107
8 97 -12.0521
8 98 -7.3295
8 99 -3.44586
8 100 0

9 0 0
9 1 -4.76915
9 2 -10.0902
9 3 -16.5465
9 4 -24.7484
9 5 -35.4179
9 6 -49.3266
9 7 -67.3342
9 8 -90.375
9 9 -119.529
9 10 -155.809
9 11 -200.358
9 12 -254.139
9 13 -318.17
9 14 -393.163
9 15 -479.756
9 16 -578.212
9 17 -688.507
9 18 -810.242
9 19 -942.636
9 20 -1084.49
9 21 -1234.31
9 22 -1390.19
9 23 -1550.06
9 24 -1711.57
9 25 -1872.39
9 26 -2030.1
9 27 -2182.43
9 28 -2327.28
9 29 -2462.79
9 30 -2587.46
9 31 -2700.09
9 32 -2799.94
9 33 -2886.59
9 34 -2960.03
9 35 -3020.58
9 36 -3068.89
9 37 -3105.85
9 38 -3132.56
9 39 -3150.3
9 40 -3160.39
9 41 -3164.27
9 42 -3163.3
9 43 -3158.86
9 44 -3152.21
9 45 -3144.5
9 46 -3136.74
9 47 -3129.79
9 48 -3124.34
9 49 -3120.86
9 50 -3119.67
9 51 -3120.86
9 52 -3124.34
9 53 -3129.79
9 54 -3136.74
9 55 -3144.5
9 56 -3152.21
9 57 -3158.86
9 58 -3163.3
9 59 -3164.27
9 60 -3160.39
9 61 -3150.3
9 62 -3132.56
9 63 -3105.85
9 64 -3068.89
9 65 -3020.58
9 66 -2960.03
9 67 -2886.59
9 68 -2799.94
9 69 -2700.09
9 70 -2587.46
9 71 -2462.79
9 72 -2327.28
9 73 -2182.43
9 74 -2030.1
9 75 -1872.39
9 76 -1711.57
9 77 -1550.06
9 78 -1390.19
9 79 -1234.31
9 80 -1084.49
9 81 -942.636
9 82 -810.242
9 83 -688.507
9 84 -578.212
9 85 -479.756
9 86 -393.163
9 87 -318.17
9 88 -254.139
9 89 -200.358
9 90 -155.809
9 91 -119.529
9 92 -90.375
9 93 -67.3342
9 94 -49.3266
9 95 -35.4179
9 96 -24.7484
9 97 -16.5465
9 98 -10.0902
9 99 -4.76915
9 100 0

10 0 0
10 1 -6.49296
10 2 -13.7105
10 3 -22.3986
10 4 -33.3713
10 5 -47.4499
10 6 -65.6493
10 7 -89.028
10 8 -118.692
10 9 -155.809
10 10 -201.649
10 11 -257.328
10 12 -323.963
10 13 -402.426
10 14 -493.446
10 15 -597.33
10 16 -714.156
10 17 -843.447
10 18 -984.401
10 19 -1135.67
10 20 -1295.56
10 21 -1461.93
10 22 -1632.37
10 23 -1804.24
10 24 -1974.8
10 25 -2141.27
10 26 -2301.05
10 27 -2451.66
10 28 -2591.04
10 29 -2717.41
10 30 -2829.49
10 31 -2926.43
10 32 -3007.84
10 33 -3073.79
10 34 -3124.76
10 35 -3161.61
10 36 -3185.47
10 37 -3197.78
10 38 -3200.06
10 39 -3194.05
10 40 -3181.43
10 41 -3163.99
10 42 -3143.35
10 43 -3121.13
10 44 -3098.76
10 45 -3077.56
10 46 -3058.63
10 47 -3042.94
10 48 -3031.18
10 49 -3023.93
10 50 -3021.47
10 51 -3023.93
10 52 -3031.18
10 53 -3042.94
10 54 -3058.63
10 55 -3077.56
10 56 -3098.76
10 57 -3121.13
10 58 -3143.35
10 59 -3163.99
10 60 -3181.43
10 61 -3194.05
10 62 -3200.06
10 63 -3197.78
10 64 -3185.47
10 65 -3161.61
10 66 -3124.76
10 67 -3073.79
10 68 -3007.84
10 69 -2926.43
10 70 -2829.49
10 71 -2717.41
10 72 -2591.04
10 73 -2451.66
10 74 -2301.05
10 75 -2141.27
10 76 -1974.8
10 77 -1804.24
10 78 -1632.37
10 79 -1461.93
10 80 -1295.56
10 81 -1135.67
10 82 -984.401
10 83 -843.447
10 84 -714.156
10 85 -597.33
10 86 -493.446
10 87 -402.426
10 88 -323.963
10 89 -257.328
10 90 -201.649
10 91 -155.809
10 92 -118.692
10 93 -89.028
10 94 -65.6493
10 95 -47.4499
10 96 -33.3713
10 97 -22.3986
10 98 -13.7105
10 99 -6.49296
10 100 0

11 0 0
11 1 -8.75069
11 2 -18.3951
11 3 -29.9268
11 4 -44.3398
11 5 -62.723
11 6 -86.2196
11 7 -116.127
11 8 -153.718
11 9 -200.358
11 10 -257.328
11 11 -325.883
11 12 -407.086
11 13 -501.718
11 14 -610.226
11 15 -732.73
11 16 -868.724
11 17 -1017.4
11 18 -1177.23
11 19 -1346.36
11 20 -1522.36
11 21 -1702.51
11 22 -1883.78
11 23 -2063.04
11 24 -2237.1
11 25 -2402.94
11 26 -2557.76
11 27 -2699.16
11 28 -2825.12
11 29 -2934.22
11 30 -3025.51
11 31 -3098.64
11 32 -3153.78
11 33 -3191.59
11 34 -3213.15
11 35 -3219.89
11 36 -3213.57
11 37 -3196.09
11 38 -3169.52
11 39 -3135.92
11 40 -3097.41
11 41 -3055.98
11 42 -3013.55
11 43 -2971.84
11 44 -2932.46
11 45 -2896.76
11 46 -2865.95
11 47 -2840.98
11 48 -2822.61
11 49 -2811.36
11 50 -2807.58
11 51 -2811.36
11 52 -2822.61
11 53 -2840.98
11 54 -2865.95
11 55 -2896.76
11 56 -2932.46
11 57 -2971.84
11 58 -3013.55
11 59 -3055.98
11 60 -3097.41
11 61 -3135.92
11 62 -3169.52
11 63 -3196.09
11 64 -3213.57
11 65 -3219.89
11 66 -3213.15
11 67 -3191.59
11 68 -3153.78
11 69 -3098.64
11 70 -3025.51
11 71 -2934.22
11 72 -2825.12
11 73 -2699.16
11 74 -2557.76
11 75 -2402.94
11 76 -2237.1
11 77 -2063.04
11 78 -1883.78
11 79 -1702.51
11 80 -1522.36
11 81 -1346.36
11 82 -1177.23
11 83 -1017.4
11 84 -868.724
11 85 -732.73
11 86 -610.226
11 87 -501.718
11 88 -407.086
11 89 -325.883
11 90 -257.328
11 91 -200.358
11 92 -153.718
11 93 -116.127
11 94 -86.2196
11 95 -62.723
11 96 -44.3398
11 97 -29.9268
11 98 -18.3951
11 99 -8.75069
11 100 0

12 0 0
12 1 -11.6029
12 2 -24.3579
12 3 -39.4649
12 4 -58.1856
12 5 -81.8006
12 6 -111.756
12 7 -149.462
12 8 -196.441
12 9 -254.139
12 10 -323.963
12 11 -407.086
12 12 -504.481
12 13 -616.737
12 14 -743.962
12 15 -885.783
12 16 -1041.26
12 17 -1208.81
12 18 -1386.37
12 19 -1571.21
12 20 -1760.33
12 21 -1950.22
12 22 -2137.38
12 23 -2318.14
12 24 -2489.04
12 25 -2646.9
12 26 -2788.91
12 27 -2912.86
12 28 -3017.09
12 29 -3100.59
12 30 -3163.02
12 31 -3204.65
12 32 -3226.36
12 33 -3229.45
12 34 -3215.75
12 35 -3187.31
12 36 -3146.46
12 37 -3095.63
12 38 -3037.32
12 39 -2973.96
12 40 -2907.92
12 41 -2841.41
12 42 -2776.46
12 43 -2714.92
12 44 -2658.38
12 45 -2608.25
12 46 -2565.67
12 47 -2531.61
12 48 -2506.75
12 49 -2491.65
12 50 -2486.57
12 51 -2491.65
12 52 -2506.75
12 53 -2531.61
12 54 -2565.67
12 55 -2608.25
12 56 -2658.38
12 57 -2714.92
12 58 -2776.46
12 59 -2841.41
12 60 -2907.92
12 61 -2973.96
12 62 -3037.32
12 63 -3095.63
12 64 -3146.46
12 65 -3187.31
12 66 -3215.75
12 67 -3229.45
12 68 -3226.36
12 69 -3204.65
12 70 -3163.02
12 71 -3100.59
12 72 -3017.09
12 73 -2912.86
12 74 -2788.91
12 75 -2646.9
12 76 -2489.04
12 77 -2318.14
12 78 -2137.38
12 79 -1950.22
12 80 -1760.33
12 81 -1571.21
12 82 -1386.37
12 83 -1208.81
12 84 -1041.26
12 85 -885.783
12 86 -743.962
12 87 -616.737
12 88 -504.481
12 89 -407.086
12 90 -323.963
12 91 -254.139
12 92 -196.441
12 93 -149.462
12 94 -111.756
12 95 -81.8006
12 96 -58.1856
12 97 -39.4649
12 98 -24.3579
12 99 -11.6029
12 100 0

13 0 0
13 1 -15.1981
13 2 -31.8331
13 3 -51.389
13 4 -75.3607
13 5 -105.346
13 6 -142.952
13 7 -189.885
13 8 -247.761
13 9 -318.17
13 10 -402.426
13 11 -501.718
13 12 -616.737
13 13 -747.718
13 14 -894.388
13 15 -1055.72
13 16 -1230.09
13 17 -1415.24
13 18 -1608.18
13 19 -1805.56
13 20 -2003.48
13 21 -2197.96
13 22 -2384.82
13 23 -2560.16
13 24 -2720.3
13 25 -2862.09
13 26 -2982.95
13 27 -3081.04
13 28 -3155.24
13 29 -3205.22
13 30 -3231.37
13 31 -3234.76
13 32 -3217.05
13 33 -3180.35
13 34 -3127.15
13 35 -3060.21
13 36 -2982.37
13 37 -2896.54
13 38 -2805.54
13 39 -2712.1
13 40 -2618.73
13 41 -2527.73
13 42 -2441.16
13 43 -2360.84
13 44 -2288.29
13 45 -2224.84
13 46 -2171.54
13 47 -2129.25
13 48 -2098.59
13 49 -2080.03
13 50 -2073.8
13 51 -2080.03
13 52 -2098.59
13 53 -2129.25
13 54 -2171.54
13 55 -2224.84
13 56 -2288.29
13 57 -2360.84
13 58 -2441.16
13 59 -2527.73
13 60 -2618.73
13 61 -2712.1
13 62 -2805.54
13 63 -2896.54
13 64 -2982.37
13 65 -3060.21
13 66 -3127.15
13 67 -3180.35
13 68 -3217.05
13 69 -3234.76
13 70 -3231.37
13 71 -3205.22
13 72 -3155.24
13 73 -3081.04
13 74 -2982.95
13 75 -2862.09
13 76 -2720.3
13 77 -2560.16
13 78 -2384.82
13 79 -2197.96
13 80 -2003.48
13 81 -1805.56
13 82 -1608.18
13 83 -1415.24
13 84 -1230.09
13 85 -1055.72
13 86 -894.388
13 87 -747.718
13 88 -616.737
13 89 -501.718
13 90 -402.426
13 91 -318.17
13 92 -247.761
13 93 -189.885
13 94 -142.952
13 95 -105.346
13 96 -75.3607
13 97 -51.389
13 98 -31.8331
13 99 -15.1981
13 100 0

14 0 0
14 1 -19.6674
14 2 -41.0976
14 3 -66.0528
14 4 -96.3781
14 5 -133.932
14 6 -180.599
14 7 -238.181
14 8 -308.519
14 9 -393.163
14 10 -493.446
14 11 -610.226
14 12 -743.962
14 13 -894.388
14 14 -1060.56
14 15 -1240.82
14 16 -1432.67
14 17 -1633
14 18 -1838.02
14 19 -2043.49
14 20 -2244.89
14 21 -2437.54
14 22 -2617.05
14 23 -2779.16
14 24 -2920.36
14 25 -3037.63
14 26 -3128.96
14 27 -3193.04
14 28 -3229.56
14 29 -3239.03
14 30 -3222.73
14 31 -3182.66
14 32 -3121.31
14 33 -3041.64
14 34 -2946.81
14 35 -2840.19
14 36 -2725.08
14 37 -2604.74
14 38 -2482.24
14 39 -2360.39
14 40 -2241.77
14 41 -2128.61
14 42 -2022.89
14 43 -1926.23
14 44 -1840.03
14 45 -1765.41
14 46 -1703.26
14 47 -1654.25
14 48 -1618.91
14 49 -1597.57
14 50 -1590.44
14 51 -1597.57
14 52 -1618.91
14 53 -1654.25
14 54 -1703.26
14 55 -1765.41
14 56 -1840.03
14 57 -1926.23
14 58 -2022.89
14 59 -2128.61
14 60 -2241.77
14 61 -2360.39
14 62 -2482.24
14 63 -2604.74
14 64 -2725.08
14 65 -2840.19
14 66 -2946.81
14 67 -3041.64
14 68 -3121.31
14 69 -3182.66
14 70 -3222.73
14 71 -3239.03
14 72 -3229.56
14 73 -3193.04
14 74 -3128.96
14 75 -3037.63
14 76 -2920.36
14 77 -2779.16
14 78 -2617.05
14 79 -2437.54
14 80 -2244.89
14 81 -2043.49
14 82 -1838.02
14 83 -1633
14 84 -1432.67
14 85 -1240.82
14 86 -1060.56
14 87 -894.388
14 88 -743.962
14 89 -610.226
14 90 -493.446
14 91 -393.163
14 92 -308.519
14 93 -238.181
14 94 -180.599
14 95 -133.932
14 96 -96.3781
14 97 -66.0528
14 98 -41.0976
14 99 -19.6674
14 100 0

15 0 0
15 1 -25.1183
15 2 -52.3731
15 3 -83.8758
15 4 -121.755
15 5 -168.199
15 6 -225.29
15 7 -295.073
15 8 -379.368
15 9 -479.756
15 10 -597.33
15 11 -732.73
15 12 -885.783
15 13 -1055.72
15 14 -1240.82
15 15 -1438.5
15 16 -1645.47
15 17 -1857.57
15 18 -2070.2
15 19 -2278.3
15 20 -2476.71
15 21 -2660.4
15 22 -2824.63
15 23 -2965.33
15 24 -3079.13
15 25 -3163.68
15 26 -3217.52
15 27 -3240.33
15 28 -3232.67
15 29 -3196.14
15 30 -3132.98
15 31 -3046.21
15 32 -2939.19
15 33 -2815.65
15 34 -2679.39
15 35 -2534.25
15 36 -2383.9
15 37 -2231.77
15 38 -2081.02
15 39 -1934.41
15 40 -1794.4
15 41 -1663
15 42 -1541.98
15 43 -1432.67
15 44 -1336.21
15 45 -1253.42
15 46 -1184.98
15 47 -1131.31
15 48 -1092.78
15 49 -1069.57
15 50 -1061.83
15 51 -1069.57
15 52 -1092.78
15 53 -1131.31
15 54 -1184.98
15 55 -1253.42
15 56 -1336.21
15 57 -1432.67
15 58 -1541.98
15 59 -1663
15 60 -1794.4
15 61 -1934.41
15 62 -2081.02
15 63 -2231.77
15 64 -2383.9
15 65 -2534.25
15 66 -2679.39
15 67 -2815.65
15 68 -2939.19
15 69 -3046.21
15 70 -3132.98
15 71 -3196.14
15 72 -3232.67
15 73 -3240.33
15 74 -3217.52
15 75 -3163.68
15 76 -3079.13
15 77 -2965.33
15 78 -2824.63
15 79 -2660.4
15 80 -2476.71
15 81 -2278.3
15 82 -2070.2
15 83 -1857.57
15 84 -1645.47
15 85 -1438.5
15 86 -1240.82
15 87 -1055.72
15 88 -885.783
15 89 -732.73
15 90 -597.33
15 91 -479.756
15 92 -379.368
15 93 -295.073
15 94 -225.29
15 95 -168.199
15 96 -121.755
15 97 -83.8758
15 98 -52.3731
15 99 -25.1183
15 100 0

16 0 0
16 1 -31.7139
16 2 -65.9525
16 3 -105.196
16 4 -151.952
16 5 -208.665
16 6 -277.671
16 7 -361.09
16 8 -460.816
16 9 -578.212
16 10 -714.156
16 11 -868.724
16 12 -1041.26
16 13 -1230.09
16 14 -1432.67
16 15 -1645.47
16 16 -1864.11
16 17 -2083.57
16 18 -2298.31
16 19 -2502.63
16 20 -2690.86
16 21 -2857.72
16 22 -2998.54
16 23 -3109.52
16 24 -3187.91
16 25 -3232.06
16 26 -3241.59
16 27 -3217.14
16 28 -3160.55
16 29 -3074.42
16 30 -2962.22
16 31 -2827.82
16 32 -2675.53
16 33 -2509.66
16 34 -2334.61
16 35 -2154.48
16 36 -1973.14
16 37 -1794.02
16 38 -1620.16
16 39 -1454.13
16 40 -1298.07
16 41 -1153.69
16 42 -1022.32
16 43 -904.985
16 44 -802.401
16 45 -715.087
16 46 -643.363
16 47 -587.448
16 48 -547.447
16 49 -523.434
16 50 -515.422
16 51 -523.434
16 52 -547.447
16 53 -587.448
16 54 -643.363
16 55 -715.087
16 56 -802.401
16 57 -904.985
16 58 -1022.32
16 59 -1153.69
16 60 -1298.07
16 61 -1454.13
16 62 -1620.16
16 63 -1794.02
16 64 -1973.14
16 65 -2154.48
16 66 -2334.61
16 67 -2509.66
16 68 -2675.53
16 69 -2827.82
16 70 -2962.22
16 71 -3074.42
16 72 -3160.55
16 73 -3217.14
16 74 -3241.59
16 75 -3232.06
16 76 -3187.91
16 77 -3109.52
16 78 -2998.54
16 79 -2857.72
16 80 -2690.86
16 81 -2502.63
16 82 -2298.31
16 83 -2083.57
16 84 -1864.11
16 85 -1645.47
16 86 -1432.67
16 87 -1230.09
16 88 -1041.26
16 89 -868.724
16 90 -714.156
16 91 -578.212
16 92 -460.816
16 93 -361.09
16 94 -277.671
16 95 -208.665
16 96 -151.952
16 97 -105.196
16 98 -65.9525
16 99 -31.7139
16 100 0

17 0 0
17 1 -39.5594
17 2 -82.0548
17 3 -130.385
17 4 -187.389
17 5 -255.817
17 6 -338.168
17 7 -436.67
17 8 -553.046
17 9 -688.507
17 10 -843.447
17 11 -1017.4
17 12 -1208.81
17 13 -1415.24
17 14 -1633
17 15 -1857.57
17 16 -2083.57
17 17 -2304.97
17 18 -2515.53
17 19 -2708.93
17 20 -2879.28
17 21 -3021.28
17 22 -3130.6
17 23 -3204.04
17 24 -3239.72
17 25 -3237.07
17 26 -3196.88
17 27 -3121.13
17 28 -3012.84
17 29 -2875.93
17 30 -2714.83
17 31 -2534.45
17 32 -2339.7
17 33 -2135.55
17 34 -1926.6
17 35 -1717.18
17 36 -1511.02
17 37 -1311.45
17 38 -1121.14
17 39 -942.32
17 40 -776.633
17 41 -625.367
17 42 -489.336
17 43 -369.118
17 44 -264.976
17 45 -177.048
17 46 -105.303
17 47 -49.6741
17 48 -10.0425
17 49 13.6861
17 50 21.589
17 51 13.6861
17 52 -10.0425
17 53 -49.6741
17 54 -105.303
17 55 -177.048
17 56 -264.976
17 57 -369.118
17 58 -489.336
17 59 -625.367
17 60 -776.633
17 61 -942.32
17 62 -1121.14
17 63 -1311.45
17 64 -1511.02
17 65 -1717.18
17 66 -1926.6
17 67 -2135.55
17 68 -2339.7
17 69 -2534.45
17 70 -2714.83
17 71 -2875.93
17 72 -3012.84
17 73 -3121.13
17 74 -3196.88
17 75 -3237.07
17 76 -3239.72
17 77 -3204.04
17 78 -3130.6
17 79 -3021.28
17 80 -2879.28
17 81 -2708.93
17 82 -2515.53
17 83 -2304.97
17 84 -2083.57
17 85 -1857.57
17 86 -1633
17 87 -1415.24
17 88 -1208.81
17 89 -1017.4
17 90 -843.447
17 91 -688.507
17 92 -553.046
17 93 -436.67
17 94 -338.168
17 95 -255.817
17 96 -187.389
17 97 -130.385
17 98 -82.0548
17 99 -39.5594
17 100 0

18 0 0
18 1 -48.762
18 2 -100.901
18 3 -159.729
18 4 -228.442
18 5 -310
18 6 -407.09
18 7 -521.911
18 8 -656.043
18 9 -810.242
18 10 -984.401
18 11 -1177.23
18 12 -1386.37
18 13 -1608.18
18 14 -1838.02
18 15 -2070.2
18 16 -2298.31
18 17 -2515.53
18 18 -2714.93
18 19 -2889.91
18 20 -3034.51
18 21 -3143.8
18 22 -3214.05
18 23 -3243.05
18 24 -3230.01
18 25 -3175.76
18 26 -3082.44
18 27 -2953.45
18 28 -2793.16
18 29 -2606.64
18 30 -2399.38
18 31 -2177
18 32 -1945.07
18 33 -1708.76
18 34 -1472.86
18 35 -1241.5
18 36 -1018.27
18 37 -805.975
18 38 -606.905
18 39 -422.645
18 40 -254.357
18 41 -102.654
18 42 32.1152
18 43 149.981
18 44 251.073
18 45 335.744
18 46 404.312
18 47 457.195
18 48 494.682
18 49 517.08
18 50 524.512
18 51 517.08
18 52 494.682
18 53 457.195
18 54 404.312
18 55 335.744
18 56 251.073
18 57 149.981
18 58 32.1152
18 59 -102.654
18 60 -254.357
18 61 -422.645
18 62 -606.905
18 63 -805.975
18 64 -1018.27
18 65 -1241.5
18 66 -1472.86
18 67 -1708.76
18 68 -1945.07
18 69 -2177
18 70 -2399.38
18 71 -2606.64
18 72 -2793.16
18 73 -2953.45
18 74 -3082.44
18 75 -3175.76
18 76 -3230.01
18 77 -3243.05
18 78 -3214.05
18 79 -3143.8
18 80 -3034.51
18 81 -2889.91
18 82 -2714.93
18 83 -2515.53
18 84 -2298.31
18 85 -2070.2
18 86 -1838.02
18 87 -1608.18
18 88 -1386.37
18 89 -1177.23
18 90 -984.401
18 91 -810.242
18 92 -656.043
18 93 -521.911
18 94 -407.09
18 95 -310
18 96 -228.442
18 97 -159.729
18 98 -100.901
18 99 -48.762
18 100 0

19 0 0
19 1 -59.4404
19 2 -122.679
19 3 -193.462
19 4 -275.313
19 5 -371.432
19 6 -484.553
19 7 -616.787
19 8 -769.375
19 9 -942.636
19 10 -1135.67
19 11 -1346.36
19 12 -1571.21
19 13 -1805.56
19 14 -2043.49
19 15 -2278.3
19 16 -2502.63
19 17 -2708.93
19 18 -2889.91
19 19 -3038.85
19 20 -3150.13
19 21 -3219.45
19 22 -3244.09
19 23 -3223.04
19 24 -3157.02
19 25 -3048.3
19 26 -2900.64
19 27 -2718.85
19 28 -2508.64
19 29 -2276.16
19 30 -2027.78
19 31 -1769.69
19 32 -1507.76
19 33 -1247.24
19 34 -992.756
19 35 -748.124
19 36 -516.371
19 37 -299.811
19 38 -99.9844
19 39 82.0983
19 40 246.055
19 41 391.805
19 42 519.713
19 43 630.229
19 44 724.081
19 45 801.905
19 46 864.481
19 47 912.375
19 48 946.206
19 49 966.305
19 50 973.001
19 51 966.305
19 52 946.206
19 53 912.375
19 54 864.481
19 55 801.905
19 56 724.081
19 57 630.229
19 58 519.713
19 59 391.805
19 60 246.055
19 61 82.0983
19 62 -99.9844
19 63 -299.811
19 64 -516.371
19 65 -748.124
19 66 -992.756
19 67 -1247.24
19 68 -1507.76
19 69 -1769.69
19 70 -2027.78
19 71 -2276.16
19 72 -2508.64
19 73 -2718.85
19 74 -2900.64
19 75 -3048.3
19 76 -3157.02
19 77 -3223.04
19 78 -3244.09
19 79 -3219.45
19 80 -3150.13
19 81 -3038.85
19 82 -2889.91
19 83 -2708.93
19 84 -2502.63
19 85 -2278.3
19 86 -2043.49
19 87 -1805.56
19 88 -1571.21
19 89 -1346.36
19 90 -1135.67
19 91 -942.636
19 92 -769.375
19 93 -616.787
19 94 -484.553
19 95 -371.432
19 96 -275.313
19 97 -193.462
19 98 -122.679
19 99 -59.4404
19 100 0

20 0 0
20 1 -71.6251
20 2 -147.495
20 3 -231.741
20 4 -328.181
20 5 -440.156
20 6 -570.43
20 7 -720.887
20 8 -892.37
20 9 -1084.49
20 10 -1295.56
20 11 -1522.36
20 12 -1760.33
20 13 -2003.48
20 14 -2244.89
20 15 -2476.71
20 16 -2690.86
20 17 -2879.28
20 18 -3034.51
20 19 -3150.13
20 20 -3221.14
20 21 -3244.26
20 22 -3218.07
20 23 -3143.12
20 24 -3021.73
20 25 -2857.93
20 26 -2656.98
20 27 -2425.23
20 28 -2169.52
20 29 -1896.98
20 30 -1614.54
20 31 -1328.79
20 32 -1045.57
20 33 -769.976
20 34 -506.174
20 35 -257.414
20 36 -26.0479
20 37 186.394
20 38 379.102
20 39 551.882
20 40 705.01
20 41 839.143
20 42 955.164
20 43 1054.12
20 44 1137.11
20 45 1205.21
20 46 1259.41
20 47 1300.6
20 48 1329.49
20 49 1346.61
20 50 1352.28
20 51 1346.61
20 52 1329.49
20 53 1300.6
20 54 1259.41
20 55 1205.21
20 56 1137.11
20 57 1054.12
20 58 955.164
20 59 839.143
20 60 705.01
20 61 551.882
20 62 379.102
20 63 186.394
20 64 -26.0479
20 65 -257.414
20 66 -506.174
20 67 -769.976
20 68 -1045.57
20 69 -1328.79
20 70 -1614.54
20 71 -1896.98
20 72 -2169.52
20 73 -2425.23
20 74 -2656.98
20 75 -2857.93
20 76 -3021.73
20 77 -3143.12
20 78 -3218.07
20 79 -3244.26
20 80 -3221.14
20 81 -3150.13
20 82 -3034.51
20 83 -2879.28
20 84 -2690.86
20 85 -2476.71
20 86 -2244.89
20 87 -2003.48
20 88 -1760.33
20 89 -1522.36
20 90 -1295.56
20 91 -1084.49
20 92 -892.37
20 93 -720.887
20 94 -570.43
20 95 -440.156
20 96 -328.181
20 97 -231.741
20 98 -147.495
20 99 -71.6251
20 100 0

21 0 0
21 1 -85.3915
21 2 -175.429
21 3 -274.608
21 4 -386.995
21 5 -516.04
21 6 -664.378
21 7 -833.589
21 8 -1023.95
21 9 -1234.31
21 10 -1461.93
21 11 -1702.51
21 12 -1950.22
21 13 -2197.96
21 14 -2437.54
21 15 -2660.4
21 16 -2857.72
21 17 -3021.28
21 18 -3143.8
21 19 -3219.45
21 20 -3244.26
21 21 -3216.28
21 22 -3135.74
21 23 -3004.91
21 24 -2827.98
21 25 -2610.65
21 26 -2359.82
21 27 -2083.09
21 28 -1788.37
21 29 -1483.44
21 30 -1175.62
21 31 -871.44
21 32 -576.572
21 33 -295.55
21 34 -31.9227
21 35 211.896
21 36 434.36
21 37 634.853
21 38 813.381
21 39 970.574
21 40 1107.41
21 41 1225.21
21 42 1325.4
21 43 1409.48
21 44 1478.94
21 45 1535.15
21 46 1579.35
21 47 1612.59
21 48 1635.72
21 49 1649.35
21 50 1653.85
21 51 1649.35
21 52 1635.72
21 53 1612.59
21 54 1579.35
21 55 1535.15
21 56 1478.94
21 57 1409.48
21 58 1325.4
21 59 1225.21
21 60 1107.41
21 61 970.574
21 62 813.381
21 63 634.853
21 64 434.36
21 65 211.896
21 66 -31.9227
21 67 -295.55
21 68 -576.572
21 69 -871.44
21 70 -1175.62
21 71 -1483.44
21 72 -1788.37
21 73 -2083.09
21 74 -2359.82
21 75 -2610.65
21 76 -2827.98
21 77 -3004.91
21 78 -3135.74
21 79 -3216.28
21 80 -3244.26
21 81 -3219.45
21 82 -3143.8
21 83 -3021.28
21 84 -2857.72
21 85 -2660.4
21 86 -2437.54
21 87 -2197.96
21 88 -1950.22
21 89 -1702.51
21 90 -1461.93
21 91 -1234.31
21 92 -1023.95
21 93 -833.589
21 94 -664.378
21 95 -516.04
21 96 -386.995
21 97 -274.608
21 98 -175.429
21 99 -85.3915
21 100 0

22 0 0
22 1 -100.721
22 2 -206.462
22 3 -322.007
22 4 -451.61
22 5 -598.736
22 6 -765.819
22 7 -953.964
22 8 -1162.78
22 9 -1390.19
22 10 -1632.37
22 11 -1883.78
22 12 -2137.38
22 13 -2384.82
22 14 -2617.05
22 15 -2824.63
22 16 -2998.54
22 17 -3130.6
22 18 -3214.05
22 19 -3244.09
22 20 -3218.07
22 21 -3135.74
22 22 -2999.17
22 23 -2812.57
22 24 -2581.99
22 25 -2314.87
22 26 -2019.54
22 27 -1704.75
22 28 -1379.12
22 29 -1050.84
22 30 -727.209
22 31 -414.527
22 32 -117.832
22 33 159.026
22 34 413.454
22 35 643.925
22 36 849.928
22 37 1031.72
22 38 1190.24
22 39 1326.84
22 40 1443.24
22 41 1541.27
22 42 1622.88
22 43 1689.92
22 44 1744.19
22 45 1787.25
22 46 1820.54
22 47 1845.19
22 48 1862.14
22 49 1872.04
22 50 1875.3
22 51 1872.04
22 52 1862.14
22 53 1845.19
22 54 1820.54
22 55 1787.25
22 56 1744.19
22 57 1689.92
22 58 1622.88
22 59 1541.27
22 60 1443.24
22 61 1326.84
22 62 1190.24
22 63 1031.72
22 64 849.928
22 65 643.925
22 66 413.454
22 67 159.026
22 68 -117.832
22 69 -414.527
22 70 -727.209
22 71 -1050.84
22 72 -1379.12
22 73 -1704.75
22 74 -2019.54
22 75 -2314.87
22 76 -2581.99
22 77 -2812.57
22 78 -2999.17
22 79 -3135.74
22 80 -3218.07
22 81 -3244.09
22 82 -3214.05
22 83 -3130.6
22 84 -2998.54
22 85 -2824.63
22 86 -2617.05
22 87 -2384.82
22 88 -2137.38
22 89 -1883.78
22 90 -1632.37
22 91 -1390.19
22 92 -1162.78
22 93 -953.964
22 94 -765.819
22 95 -598.736
22 96 -451.61
22 97 -322.007
22 98 -206.462
22 99 -100.721
22 100 0

23 0 0
23 1 -117.584
23 2 -240.502
23 3 -373.762
23 4 -521.711
23 5 -687.727
23 6 -873.908
23 7 -1080.81
23 8 -1307.23
23 9 -1550.06
23 10 -1804.24
23 11 -2063.04
23 12 -2318.14
23 13 -2560.16
23 14 -2779.16
23 15 -2965.33
23 16 -3109.52
23 17 -3204.04
23 18 -3243.05
23 19 -3223.04
23 20 -3143.12
23 21 -3004.91
23 22 -2812.57
23 23 -2572.29
23 24 -2292
23 25 -1980.71
23 26 -1648.01
23 27 -1303.46
23 28 -956.142
23 29 -614.258
23 30 -284.811
23 31 26.5476
23 32 315.579
23 33 579.453
23 34 816.588
23 35 1026.57
23 36 1209.87
23 37 1367.74
23 38 1501.88
23 39 1614.45
23 40 1707.69
23 41 1783.96
23 42 1845.52
23 43 1894.55
23 44 1932.97
23 45 1962.54
23 46 1984.7
23 47 2000.71
23 48 2011.45
23 49 2017.65
23 50 2019.65
23 51 2017.65
23 52 2011.45
23 53 2000.71
23 54 1984.7
23 55 1962.54
23 56 1932.97
23 57 1894.55
23 58 1845.52
23 59 1783.96
23 60 1707.69
23 61 1614.45
23 62 1501.88
23 63 1367.74
23 64 1209.87
23 65 1026.57
23 66 816.588
23 67 579.453
23 68 315.579
23 69 26.5476
23 70 -284.811
23 71 -614.258
23 72 -956.142
23 73 -1303.46
23 74 -1648.01
23 75 -1980.71
23 76 -2292
23 77 -2572.29
23 78 -2812.57
23 79 -3004.91
23 80 -3143.12
23 81 -3223.04
23 82 -3243.05
23 83 -3204.04
23 84 -3109.52
23 85 -2965.33
23 86 -2779.16
23 87 -2560.16
23 88 -2318.14
23 89 -2063.04
23 90 -1804.24
23 91 -1550.06
23 92 -1307.23
23 93 -1080.81
23 94 -873.908
23 95 -687.727
23 96 -521.711
23 97 -373.762
23 98 -240.502
23 99 -117.584
23 100 0

24 0 0
24 1 -135.923
24 2 -277.398
24 3 -429.568
24 4 -596.796
24 5 -782.274
24 6 -987.646
24 7 -1212.75
24 8 -1455.47
24 9 -1711.57
24 10 -1974.8
24 11 -2237.1
24 12 -2489.04
24 13 -2720.3
24 14 -2920.36
24 15 -3079.13
24 16 -3187.91
24 17 -3239.72
24 18 -3230.01
24 19 -3157.02
24 20 -3021.73
24 21 -2827.98
24 22 -2581.99
24 23 -2292
24 24 -1967.66
24 25 -1619.36
24 26 -1257.63
24 27 -892.56
24 28 -533.291
24 29 -187.706
24 30 137.863
24 31 438.644
24 32 711.502
24 33 954.722
24 34 1167.93
24 35 1351.8
24 36 1507.84
24 37 1638.16
24 38 1745.3
24 39 1831.93
24 40 1900.84
24 41 1954.7
24 42 1996.03
24 43 2027.13
24 44 2050.05
24 45 2066.53
24 46 2078.06
24 47 2085.81
24 48 2090.71
24 49 2093.39
24 50 2094.25
24 51 2093.39
24 52 2090.71
24 53 2085.81
24 54 2078.06
24 55 2066.53
24 56 2050.05
24 57 2027.13
24 58 1996.03
24 59 1954.7
24 60 1900.84
24 61 1831.93
24 62 1745.3
24 63 1638.16
24 64 1507.84
24 65 1351.8
24 66 1167.93
24 67 954.722
24 68 711.502
24 69 438.644
24 70 137.863
24 71 -187.706
24 72 -533.291
24 73 -892.56
24 74 -1257.63
24 75 -1619.36
24 76 -1967.66
24 77 -2292
24 78 -2581.99
24 79 -2827.98
24 80 -3021.73
24 81 -3157.02
24 82 -3230.01
24 83 -3239.72
24 84 -3187.91
24 85 -3079.13
24 86 -2920.36
24 87 -2720.3
24 88 -2489.04
24 89 -2237.1
24 90 -1974.8
24 91 -1711.57
24 92 -1455.47
24 93 -1212.75
24 94 -987.646
24 95 -782.274
24 96 -596.796
24 97 -429.568
24 98 -277.398
24 99 -135.923
24 100 0

25 0 0
25 1 -155.593
25 2 -316.878
25 3 -489.026
25 4 -676.276
25 5 -881.499
25 6 -1105.78
25 7 -1348.17
25 8 -1605.52
25 9 -1872.39
25 10 -2141.27
25 11 -2402.94
25 12 -2646.9
25 13 -2862.09
25 14 -3037.63
25 15 -3163.68
25 16 -3232.06
25 17 -3237.07
25 18 -3175.76
25 19 -3048.3
25 20 -2857.93
25 21 -2610.65
25 22 -2314.87
25 23 -1980.71
25 24 -1619.36
25 25 -1242.28
25 26 -860.643
25 27 -484.64
25 28 -123.136
25 29 216.689
25 30 529.439
25 31 811.518
25 32 1061.02
25 33 1277.51
25 34 1461.82
25 35 1615.72
25 36 1741.68
25 37 1842.63
25 38 1921.69
25 39 1982.07
25 40 2026.84
25 41 2058.91
25 42 2080.89
25 43 2095.14
25 44 2103.64
25 45 2108.14
25 46 2109.99
25 47 2110.34
25 48 2109.99
25 49 2109.56
25 50 2109.37
25 51 2109.56
25 52 2109.99
25 53 2110.34
25 54 2109.99
25 55 2108.14
25 56 2103.64
25 57 2095.14
25 58 2080.89
25 59 2058.91
25 60 2026.84
25 61 1982.07
25 62 1921.69
25 63 1842.63
25 64 1741.68
25 65 1615.72
25 66 1461.82
25 67 1277.51
25 68 1061.02
25 69 811.518
25 70 529.439
25 71 216.689
25 72 -123.136
25 73 -484.64
25 74 -860.643
25 75 -1242.28
25 76 -1619.36
25 77 -1980.71
25 78 -2314.87
25 79 -2610.65
25 80 -2857.93
25 81 -3048.3
25 82 -3175.76
25 83 -3237.07
25 84 -3232.06
25 85 -3163.68
25 86 -3037.63
25 87 -2862.09
25 88 -2646.9
25 89 -2402.94
25 90 -2141.27
25 91 -1872.39
25 92 -1605.52
25 93 -1348.17
25 94 -1105.78
25 95 -881.499
25 96 -676.276
25 97 -489.026
25 98 -316.878
25 99 -155.593
25 100 0

26 0 0
26 1 -176.479
26 2 -358.647
26 3 -551.6
26 4 -759.356
26 5 -984.354
26 6 -1226.99
26 7 -1485.39
26 8 -1755.31
26 9 -2030.1
26 10 -2301.05
26 11 -2557.76
26 12 -2788.91
26 13 -2982.95
26 14 -3128.96
26 15 -3217.52
26 16 -3241.59
26 17 -3196.88
26 18 -3082.44
26 19 -2900.64
26 20 -2656.98
26 21 -2359.82
26 22 -2019.54
26 23 -1648.01
26 24 -1257.63
26 25 -860.643
26 26 -468.421
26 27 -90.9222
26 28 263.673
26 29 589.168
26 30 881.397
26 31 1138.09
26 32 1358.71
26 33 1544.13
26 34 1696.37
26 35 1818.22
26 36 1913.02
26 37 1984.33
26 38 2035.79
26 39 2070.89
26 40 2092.92
26 41 2104.82
26 42 2109.22
26 43 2108.38
26 44 2104.19
26 45 2098.24
26 46 2091.77
26 47 2085.78
26 48 2081.01
26 49 2077.94
26 50 2076.89
26 51 2077.94
26 52 2081.01
26 53 2085.78
26 54 2091.77
26 55 2098.24
26 56 2104.19
26 57 2108.38
26 58 2109.22
26 59 2104.82
26 60 2092.92
26 61 2070.89
26 62 2035.79
26 63 1984.33
26 64 1913.02
26 65 1818.22
26 66 1696.37
26 67 1544.13
26 68 1358.71
26 69 1138.09
26 70 881.397
26 71 589.168
26 72 263.673
26 73 -90.9222
26 74 -468.421
26 75 -860.643
26 76 -1257.63
26 77 -1648.01
26 78 -2019.54
26 79 -2359.82
26 80 -2656.98
26 81 -2900.64
26 82 -3082.44
26 83 -3196.88
26 84 -3241.59
26 85 -3217.52
26 86 -3128.96
26 87 -2982.95
26 88 -2788.91
26 89 -2557.76
26 90 -2301.05
26 91 -2030.1
26 92 -1755.31
26 93 -1485.39
26 94 -1226.99
26 95 -984.354
26 96 -759.356
26 97 -551.6
26 98 -358.647
26 99 -176.479
26 100 0

27 0 0
27 1 -198.361
27 2 -402.297
27 3 -616.693
27 4 -845.204
27 5 -1089.7
27 6 -1349.79
27 7 -1622.63
27 8 -1902.79
27 9 -2182.43
27 10 -2451.66
27 11 -2699.16
27 12 -2912.86
27 13 -3081.04
27 14 -3193.04
27 15 -3240.33
27 16 -3217.14
27 17 -3121.13
27 18 -2953.45
27 19 -2718.85
27 20 -2425.23
27 21 -2083.09
27 22 -1704.75
27 23 -1303.46
27 24 -892.56
27 25 -484.64
27 26 -90.9222
27 27 279.284
27 28 618.78
27 29 922.659
27 30 1188.14
27 31 1414.44
27 32 1602.41
27 33 1754.21
27 34 1872.95
27 35 1962.35
27 36 2026.44
27 37 2069.28
27 38 2094.81
27 39 2106.7
27 40 2108.25
27 41 2102.38
27 42 2091.56
27 43 2077.89
27 44 2063.07
27 45 2048.51
27 46 2035.27
27 47 2024.19
27 48 2015.86
27 49 2010.71
27 50 2008.96
27 51 2010.71
27 52 2015.86
27 53 2024.19
27 54 2035.27
27 55 2048.51
27 56 2063.07
27 57 2077.89
27 58 2091.56
27 59 2102.38
27 60 2108.25
27 61 2106.7
27 62 2094.81
27 63 2069.28
27 64 2026.44
27 65 1962.35
27 66 1872.95
27 67 1754.21
27 68 1602.41
27 69 1414.44
27 70 1188.14
27 71 922.659
27 72 618.78
27 73 279.284
27 74 -90.9222
27 75 -484.64
27 76 -892.56
27 77 -1303.46
27 78 -1704.75
27 79 -2083.09
27 80 -2425.23
27 81 -2718.85
27 82 -2953.45
27 83 -3121.13
27 84 -3217.14
27 85 -3240.33
27 86 -3193.04
27 87 -3081.04
27 88 -2912.86
27 89 -2699.16
27 90 -2451.66
27 91 -2182.43
27 92 -1902.79
27 93 -1622.63
27 94 -1349.79
27 95 -1089.7
27 96 -845.204
27 97 -616.693
27 98 -402.297
27 99 -198.361
27 100 0

28 0 0
28 1 -221.045
28 2 -447.399
28 3 -683.615
28 4 -932.858
28 5 -1196.31
28 6 -1472.7
28 7 -1758.12
28 8 -2045.99
28 9 -2327.28
28 10 -2591.04
28 11 -2825.12
28 12 -3017.09
28 13 -3155.24
28 14 -3229.56
28 15 -3232.67
28 16 -3160.55
28 17 -3012.84
28 18 -2793.16
28 19 -2508.64
28 20 -2169.52
28 21 -1788.37
28 22 -1379.12
28 23 -956.142
28 24 -533.291
28 25 -123.136
28 26 263.673
28 27 618.78
28 28 936.292
28 29 1212.76
28 30 1446.95
28 31 1639.57
28 32 1792.86
28 33 1910.16
28 34 1995.58
28 35 2053.57
28 36 2088.68
