0 0 0
0 1 0
0 2 0
0 3 0
0 4 0
0 5 0
0 6 0
0 7 0
0 8 0
0 9 0
0 10 0
0 11 0
0 12 0
0 13 0
0 14 0
0 15 0
0 16 0
0 17 0
0 18 0
0 19 0
0 20 0
0 21 0
0 22 0
0 23 0
0 24 0
0 25 0
0 26 0
0 27 0
0 28 0
0 29 0
0 30 0
0 31 0
0 32 0
0 33 0
0 34 0
0 35 0
0 36 0
0 37 0
0 38 0
0 39 0
0 40 0
0 41 0
0 42 0
0 43 0
0 44 0
0 45 0
0 46 0
0 47 0
0 48 0
0 49 0
0 50 0
0 51 0
0 52 0
0 53 0
0 54 0
0 55 0
0 56 0
0 57 0
0 58 0
0 59 0
0 60 0
0 61 0
0 62 0
0 63 0
0 64 0
0 65 0
0 66 0
0 67 0
0 68 0
0 69 0
0 70 0
0 71 0
0 72 0
0 73 0
0 74 0
0 75 0
0 76 0
0 77 0
0 78 0
0 79 0
0 80 0
0 81 0
0 82 0
0 83 0
0 84 0
0 85 0
0 86 0
0 87 0
0 88 0
0 89 0
0 90 0
0 91 0
0 92 0
0 93 0
0 94 0
0 95 0
0 96 0
0 97 0
0 98 0
0 99 0
0 100 0

1 0 0
1 1 -16.0453
1 2 -29.864
1 3 -39.4311
1 4 -43.1934
1 5 -40.1493
1 6 -29.996
1 7 -13.1514
1 8 9.34928
1 9 35.8843
1 10 64.4898
1 11 93.0245
1 12 119.351
1 13 141.594
1 14 158.225
1 15 168.216
1 16 171.09
1 17 166.901
1 18 156.197
1 19 139.923
1 20 119.31
1 21 95.6991
1 22 70.4979
1 23 44.9867
1 24 20.2891
1 25 -2.68682
1 26 -23.2946
1 27 -41.1472
1 28 -56.0821
1 29 -68.1099
1 30 -77.4177
1 31 -84.2704
1 32 -89.0047
1 33 -91.9796
1 34 -93.5546
1 35 -94.0417
1 36 -93.7248
1 37 -92.862
1 38 -91.6509
1 39 -90.2372
1 40 -88.7369
1 41 -87.2535
1 42 -85.8414
1 43 -84.5401
1 44 -83.3915
1 45 -82.4009
1 46 -81.569
1 47 -80.9347
1 48 -80.4695
1 49 -80.1976
1 50 -80.1048
1 51 -80.1976
1 52 -80.4695
1 53 -80.9347
1 54 -81.569
1 55 -82.4009
1 56 -83.3915
1 57 -84.5401
1 58 -85.8414
1 59 -87.2535
1 60 -88.7369
1 61 -90.2372
1 62 -91.6509
1 63 -92.862
1 64 -93.7248
1 65 -94.0417
1 66 -93.5546
1 67 -91.9796
1 68 -89.0047
1 69 -84.2704
1 70 -77.4177
1 71 -68.1099
1 72 -56.0821
1 73 -41.1472
1 74 -23.2946
1 75 -2.68682
1 76 20.2891
1 77 44.9867
1 78 70.4979
1 79 95.6991
1 80 119.31
1 81 139.923
1 82 156.197
1 83 166.901
1 84 171.09
1 85 168.216
1 86 158.225
1 87 141.594
1 88 119.351
1 89 93.0245
1 90 64.4898
1 91 35.8843
1 92 9.34928
1 93 -13.1514
1 94 -29.996
1 95 -40.1493
1 96 -43.1934
1 97 -39.4311
1 98 -29.864
1 99 -16.0453
1 100 0

2 0 0
2 1 -29.864
2 2 -55.4087
2 3 -72.7185
2 4 -78.7768
2 5 -71.6549
2 6 -50.7727
2 7 -16.943
2 8 27.8077
2 9 80.3306
2 10 136.795
2 11 193.018
2 12 244.824
2 13 288.53
2 14 321.134
2 15 340.616
2 16 346.026
2 17 337.463
2 18 315.987
2 19 283.445
2 20 242.237
2 21 195.026
2 22 144.583
2 23 93.4701
2 24 43.9122
2 25 -2.27768
2 26 -43.8155
2 27 -79.8884
2 28 -110.153
2 29 -134.605
2 30 -153.626
2 31 -167.727
2 32 -177.57
2 33 -183.837
2 34 -187.264
2 35 -188.49
2 36 -188.082
2 37 -186.525
2 38 -184.228
2 39 -181.526
2 40 -178.627
2 41 -175.721
2 42 -172.938
2 43 -170.412
2 44 -168.122
2 45 -166.162
2 46 -164.54
2 47 -163.261
2 48 -162.351
2 49 -161.811
2 50 -161.622
2 51 -161.811
2 52 -162.351
2 53 -163.261
2 54 -164.54
2 55 -166.162
2 56 -168.122
2 57 -170.412
2 58 -172.938
2 59 -175.721
2 60 -178.627
2 61 -181.526
2 62 -184.228
2 63 -186.525
2 64 -188.082
2 65 -188.49
2 66 -187.264
2 67 -183.837
2 68 -177.57
2 69 -167.727
2 70 -153.626
2 71 -134.605
2 72 -110.153
2 73 -79.8884
2 74 -43.8155
2 75 -2.27768
2 76 43.9122
2 77 93.4701
2 78 144.583
2 79 195.026
2 80 242.237
2 81 283.445
2 82 315.987
2 83 337.463
2 84 346.026
2 85 340.616
2 86 321.134
2 87 288.53
2 88 244.824
2 89 193.018
2 90 136.795
2 91 80.3306
2 92 27.8077
2 93 -16.943
2 94 -50.7727
2 95 -71.6549
2 96 -78.7768
2 97 -72.7185
2 98 -55.4087
2 99 -29.864
2 100 0

3 0 0
3 1 -39.4311
3 2 -72.7185
3 3 -94.3123
3 4 -99.9054
3 5 -86.7667
3 6 -54.0764
3 7 -2.99198
3 8 63.5537
3 9 141.052
3 10 223.979
3 11 306.298
3 12 381.996
3 13 445.717
3 14 493.108
3 15 521.201
3 16 528.574
3 17 515.327
3 18 482.979
3 19 434.2
3 20 372.489
3 21 301.752
3 22 226.052
3 23 149.165
3 24 74.429
3 25 4.54858
3 26 -58.4999
3 27 -113.488
3 28 -159.846
3 29 -197.562
3 30 -227.1
3 31 -249.22
3 32 -264.875
3 33 -275.119
3 34 -280.997
3 35 -283.463
3 36 -283.373
3 37 -281.496
3 38 -278.44
3 39 -274.668
3 40 -270.553
3 41 -266.397
3 42 -262.399
3 43 -258.676
3 44 -255.367
3 45 -252.496
3 46 -250.09
3 47 -248.236
3 48 -246.883
3 49 -246.084
3 50 -245.815
3 51 -246.084
3 52 -246.883
3 53 -248.236
3 54 -250.09
3 55 -252.496
3 56 -255.367
3 57 -258.676
3 58 -262.399
3 59 -266.397
3 60 -270.553
3 61 -274.668
3 62 -278.44
3 63 -281.496
3 64 -283.373
3 65 -283.463
3 66 -280.997
3 67 -275.119
3 68 -264.875
3 69 -249.22
3 70 -227.1
3 71 -197.562
3 72 -159.846
3 73 -113.488
3 74 -58.4999
3 75 4.54858
3 76 74.429
3 77 149.165
3 78 226.052
3 79 301.752
3 80 372.489
3 81 434.2
3 82 482.979
3 83 515.327
3 84 528.574
3 85 521.201
3 86 493.108
3 87 445.717
3 88 381.996
3 89 306.298
3 90 223.979
3 91 141.052
3 92 63.5537
3 93 -2.99198
3 94 -54.0764
3 95 -86.7667
3 96 -99.9054
3 97 -94.3123
3 98 -72.7185
3 99 -39.4311
3 100 0

4 0 0
4 1 -43.1934
4 2 -78.7768
4 3 -99.9054
4 4 -101.227
4 5 -79.3891
4 6 -33.3907
4 7 35.3206
4 8 123.037
4 9 224.126
4 10 331.627
4 11 437.919
4 12 535.405
4 13 617.249
4 14 677.886
4 15 713.485
4 16 722.153
4 17 703.96
4 18 660.776
4 19 595.977
4 20 514.012
4 21 419.947
4 22 319.017
4 23 216.204
4 24 115.894
4 25 21.6978
4 26 -63.7345
4 27 -138.664
4 28 -202.259
4 29 -254.413
4 30 -295.678
4 31 -326.991
4 32 -349.586
4 33 -364.798
4 34 -374.012
4 35 -378.507
4 36 -379.44
4 37 -377.805
4 38 -374.433
4 39 -370.004
4 40 -365.008
4 41 -359.85
4 42 -354.8
4 43 -350.121
4 44 -345.863
4 45 -342.175
4 46 -339.113
4 47 -336.683
4 48 -334.956
4 49 -333.914
4 50 -333.56
4 51 -333.914
4 52 -334.956
4 53 -336.683
4 54 -339.113
4 55 -342.175
4 56 -345.863
4 57 -350.121
4 58 -354.8
4 59 -359.85
4 60 -365.008
4 61 -370.004
4 62 -374.433
4 63 -377.805
4 64 -379.44
4 65 -378.507
4 66 -374.012
4 67 -364.798
4 68 -349.586
4 69 -326.991
4 70 -295.678
4 71 -254.413
4 72 -202.259
4 73 -138.664
4 74 -63.7345
4 75 21.6978
4 76 115.894
4 77 216.204
4 78 319.017
4 79 419.947
4 80 514.012
4 81 595.977
4 82 660.776
4 83 703.96
4 84 722.153
4 85 713.485
4 86 677.886
4 87 617.249
4 88 535.405
4 89 437.919
4 90 331.627
4 91 224.126
4 92 123.037
4 93 35.3206
4 94 -33.3907
4 95 -79.3891
4 96 -101.227
4 97 -99.9054
4 98 -78.7768
4 99 -43.1934
4 100 0

5 0 0
5 1 -40.1493
5 2 -71.6549
5 3 -86.7667
5 4 -79.3891
5 5 -45.7351
5 6 15.3113
5 7 102.082
5 8 210.264
5 9 333.361
5 10 463.287
5 11 591.146
5 12 708.072
5 13 805.975
5 14 878.264
5 15 920.314
5 16 929.767
5 17 906.578
5 18 852.864
5 19 772.542
5 20 670.875
5 21 553.924
5 22 428.005
5 23 299.185
5 24 172.908
5 25 53.6453
5 26 -55.184
5 27 -151.334
5 28 -233.599
5 29 -301.765
5 30 -356.326
5 31 -398.391
5 32 -429.379
5 33 -450.94
5 34 -464.723
5 35 -472.338
5 36 -475.223
5 37 -474.643
5 38 -471.664
5 39 -467.126
5 40 -461.72
5 41 -455.94
5 42 -450.209
5 43 -444.74
5 44 -439.796
5 45 -435.453
5 46 -431.807
5 47 -428.951
5 48 -426.875
5 49 -425.632
5 50 -425.22
5 51 -425.632
5 52 -426.875
5 53 -428.951
5 54 -431.807
5 55 -435.453
5 56 -439.796
5 57 -444.74
5 58 -450.209
5 59 -455.94
5 60 -461.72
5 61 -467.126
5 62 -471.664
5 63 -474.643
5 64 -475.223
5 65 -472.338
5 66 -464.723
5 67 -450.94
5 68 -429.379
5 69 -398.391
5 70 -356.326
5 71 -301.765
5 72 -233.599
5 73 -151.334
5 74 -55.184
5 75 53.6453
5 76 172.908
5 77 299.185
5 78 428.005
5 79 553.924
5 80 670.875
5 81 772.542
5 82 852.864
5 83 906.578
5 84 929.767
5 85 920.314
5 86 878.264
5 87 805.975
5 88 708.072
5 89 591.146
5 90 463.287
5 91 333.361
5 92 210.264
5 93 102.082
5 94 15.3113
5 95 -45.7351
5 96 -79.3891
5 97 -86.7667
5 98 -71.6549
5 99 -40.1493
5 100 0

6 0 0
6 1 -29.996
6 2 -50.7727
6 3 -54.0764
6 4 -33.3907
6 5 15.3113
6 6 93.203
6 7 198.464
6 8 326.374
6 9 469.85
6 10 620.013
6 11 767.048
6 12 901.126
6 13 1013.18
6 14 1095.75
6 15 1143.52
6 16 1153.63
6 17 1125.86
6 18 1062.4
6 19 967.542
6 20 847.168
6 21 708.187
6 22 557.818
6 23 403.163
6 24 250.621
6 25 105.593
6 26 -27.7578
6 27 -146.547
6 28 -249.188
6 29 -335.19
6 30 -404.978
6 31 -459.675
6 32 -500.905
6 33 -530.516
6 34 -550.449
6 35 -562.577
6 36 -568.656
6 37 -570.208
6 38 -568.526
6 39 -564.671
6 40 -559.493
6 41 -553.668
6 42 -547.644
6 43 -541.828
6 44 -536.442
6 45 -531.682
6 46 -527.683
6 47 -524.481
6 48 -522.193
6 49 -520.792
6 50 -520.331
6 51 -520.792
6 52 -522.193
6 53 -524.481
6 54 -527.683
6 55 -531.682
6 56 -536.442
6 57 -541.828
6 58 -547.644
6 59 -553.668
6 60 -559.493
6 61 -564.671
6 62 -568.526
6 63 -570.208
6 64 -568.656
6 65 -562.577
6 66 -550.449
6 67 -530.516
6 68 -500.905
6 69 -459.675
6 70 -404.978
6 71 -335.19
6 72 -249.188
6 73 -146.547
6 74 -27.7578
6 75 105.593
6 76 250.621
6 77 403.163
6 78 557.818
6 79 708.187
6 80 847.168
6 81 967.542
6 82 1062.4
6 83 1125.86
6 84 1153.63
6 85 1143.52
6 86 1095.75
6 87 1013.18
6 88 901.126
6 89 767.048
6 90 620.013
6 91 469.85
6 92 326.374
6 93 198.464
6 94 93.203
6 95 15.3113
6 96 -33.3907
6 97 -54.0764
6 98 -50.7727
6 99 -29.996
6 100 0

7 0 0
7 1 -13.1514
7 2 -16.943
7 3 -2.99198
7 4 35.3206
7 5 102.082
7 6 198.464
7 7 322.56
7 8 469.455
7 9 631.758
7 10 800.143
7 11 964.231
7 12 1113.54
7 13 1238.28
7 14 1330.29
7 15 1383.61
7 16 1394.91
7 17 1363.63
7 18 1291.9
7 19 1184.18
7 20 1046.75
7 21 887.127
7 22 713.35
7 23 533.39
7 24 354.614
7 25 183.263
7 26 24.357
7 27 -118.585
7 28 -243.396
7 29 -349.279
7 30 -436.426
7 31 -505.98
7 32 -559.591
7 33 -599.298
7 34 -627.243
7 35 -645.616
7 36 -656.429
7 37 -661.447
7 38 -662.228
7 39 -660.053
7 40 -655.998
7 41 -650.793
7 42 -645.14
7 43 -639.426
7 44 -634.048
7 45 -629.2
7 46 -625.074
7 47 -621.776
7 48 -619.366
7 49 -617.909
7 50 -617.423
7 51 -617.909
7 52 -619.366
7 53 -621.776
7 54 -625.074
7 55 -629.2
7 56 -634.048
7 57 -639.426
7 58 -645.14
7 59 -650.793
7 60 -655.998
7 61 -660.053
7 62 -662.228
7 63 -661.447
7 64 -656.429
7 65 -645.616
7 66 -627.243
7 67 -599.298
7 68 -559.591
7 69 -505.98
7 70 -436.426
7 71 -349.279
7 72 -243.396
7 73 -118.585
7 74 24.357
7 75 183.263
7 76 354.614
7 77 533.39
7 78 713.35
7 79 887.127
7 80 1046.75
7 81 1184.18
7 82 1291.9
7 83 1363.63
7 84 1394.91
7 85 1383.61
7 86 1330.29
7 87 1238.28
7 88 1113.54
7 89 964.231
7 90 800.143
7 91 631.758
7 92 469.455
7 93 322.56
7 94 198.464
7 95 102.082
7 96 35.3206
7 97 -2.99198
7 98 -16.943
7 99 -13.1514
7 100 0

8 0 0
8 1 9.34928
8 2 27.8077
8 3 63.5537
8 4 123.037
8 5 210.264
8 6 326.374
8 7 469.455
8 8 634.607
8 9 814.379
8 10 999.319
8 11 1178.81
8 12 1342
8 13 1478.63
8 14 1579.98
8 15 1639.53
8 16 1653.37
8 17 1620.54
8 18 1542.86
8 19 1424.77
8 20 1272.71
8 21 1094.63
8 22 899.149
8 23 695.03
8 24 490.457
8 25 292.617
8 26 107.338
8 27 -61.0538
8 28 -209.831
8 29 -337.67
8 30 -444.509
8 31 -531.265
8 32 -599.635
8 33 -651.721
8 34 -689.886
8 35 -716.491
8 36 -733.822
8 37 -743.931
8 38 -748.612
8 39 -749.375
8 40 -747.447
8 41 -743.858
8 42 -739.298
8 43 -734.374
8 44 -729.519
8 45 -725.038
8 46 -721.147
8 47 -717.98
8 48 -715.673
8 49 -714.245
8 50 -713.779
8 51 -714.245
8 52 -715.673
8 53 -717.98
8 54 -721.147
8 55 -725.038
8 56 -729.519
8 57 -734.374
8 58 -739.298
8 59 -743.858
8 60 -747.447
8 61 -749.375
8 62 -748.612
8 63 -743.931
8 64 -733.822
8 65 -716.491
8 66 -689.886
8 67 -651.721
8 68 -599.635
8 69 -531.265
8 70 -444.509
8 71 -337.67
8 72 -209.831
8 73 -61.0538
8 74 107.338
8 75 292.617
8 76 490.457
8 77 695.03
8 78 899.149
8 79 1094.63
8 80 1272.71
8 81 1424.77
8 82 1542.86
8 83 1620.54
8 84 1653.37
8 85 1639.53
8 86 1579.98
8 87 1478.63
8 88 1342
8 89 1178.81
8 90 999.319
8 91 814.379
8 92 634.607
8 93 469.455
8 94 326.374
8 95 210.264
8 96 123.037
8 97 63.5537
8 98 27.8077
8 99 9.34928
8 100 0

9 0 0
9 1 35.8843
9 2 80.3306
9 3 141.052
9 4 224.126
9 5 333.361
9 6 469.85
9 7 631.758
9 8 814.379
9 9 1010.44
9 10 1210.67
9 11 1404.5
9 12 1580.94
9 13 1729.48
9 14 1840.98
9 15 1908.33
9 16 1927.06
9 17 1895.59
9 18 1815.32
9 19 1690.34
9 20 1527.07
9 21 1333.58
9 22 1118.96
9 23 892.554
9 24 663.363
9 25 439.407
9 26 227.433
9 27 32.5515
9 28 -141.715
9 29 -293.487
9 30 -422.23
9 31 -528.646
9 32 -614.251
9 33 -681.188
9 34 -731.89
9 35 -768.947
9 36 -794.851
9 37 -811.886
9 38 -822.098
9 39 -827.231
9 40 -828.781
9 41 -827.823
9 42 -825.341
9 43 -822.004
9 44 -818.352
9 45 -814.771
9 46 -811.554
9 47 -808.877
9 48 -806.868
9 49 -805.645
9 50 -805.218
9 51 -805.645
9 52 -806.868
9 53 -808.877
9 54 -811.554
9 55 -814.771
9 56 -818.352
9 57 -822.004
9 58 -825.341
9 59 -827.823
9 60 -828.781
9 61 -827.231
9 62 -822.098
9 63 -811.886
9 64 -794.851
9 65 -768.947
9 66 -731.89
9 67 -681.188
9 68 -614.251
9 69 -528.646
9 70 -422.23
9 71 -293.487
9 72 -141.715
9 73 32.5515
9 74 227.433
9 75 439.407
9 76 663.363
9 77 892.554
9 78 1118.96
9 79 1333.58
9 80 1527.07
9 81 1690.34
9 82 1815.32
9 83 1895.59
9 84 1927.06
9 85 1908.33
9 86 1840.98
9 87 1729.48
9 88 1580.94
9 89 1404.5
9 90 1210.67
9 91 1010.44
9 92 814.379
9 93 631.758
9 94 469.85
9 95 333.361
9 96 224.126
9 97 141.052
9 98 80.3306
9 99 35.8843
9 100 0

10 0 0
10 1 64.4898
10 2 136.795
10 3 223.979
10 4 331.627
10 5 463.287
10 6 620.013
10 7 800.143
10 8 999.319
10 9 1210.67
10 10 1425.31
10 11 1632.98
10 12 1822.78
10 13 1984.11
10 14 2107.44
10 15 2185.15
10 16 2212.08
10 17 2185.95
10 18 2107.44
10 19 1980.13
10 20 1810.07
10 21 1605.3
10 22 1375.08
10 23 1129.25
10 24 877.45
10 25 628.586
10 26 390.232
10 27 168.477
10 28 -32.3824
10 29 -209.669
10 30 -362.364
10 31 -490.686
10 32 -595.957
10 33 -680.182
10 34 -745.868
10 35 -795.688
10 36 -832.312
10 37 -858.272
10 38 -875.827
10 39 -886.993
10 40 -893.363
10 41 -896.374
10 42 -897.032
10 43 -896.21
10 44 -894.55
10 45 -892.542
10 46 -890.501
10 47 -888.706
10 48 -887.311
10 49 -886.418
10 50 -886.128
10 51 -886.418
10 52 -887.311
10 53 -888.706
10 54 -890.501
10 55 -892.542
10 56 -894.55
10 57 -896.21
10 58 -897.032
10 59 -896.374
10 60 -893.363
10 61 -886.993
10 62 -875.827
10 63 -858.272
10 64 -832.312
10 65 -795.688
10 66 -745.868
10 67 -680.182
10 68 -595.957
10 69 -490.686
10 70 -362.364
10 71 -209.669
10 72 -32.3824
10 73 168.477
10 74 390.232
10 75 628.586
10 76 877.45
10 77 1129.25
10 78 1375.08
10 79 1605.3
10 80 1810.07
10 81 1980.13
10 82 2107.44
10 83 2185.95
10 84 2212.08
10 85 2185.15
10 86 2107.44
10 87 1984.11
10 88 1822.78
10 89 1632.98
10 90 1425.31
10 91 1210.67
10 92 999.319
10 93 800.143
10 94 620.013
10 95 463.287
10 96 331.627
10 97 223.979
10 98 136.795
10 99 64.4898
10 100 0

11 0 0
11 1 93.0245
11 2 193.018
11 3 306.298
11 4 437.919
11 5 591.146
11 6 767.048
11 7 964.231
11 8 1178.81
11 9 1404.5
11 10 1632.98
11 11 1854.48
11 12 2058.35
11 13 2234.02
11 14 2371.69
11 15 2463.15
11 16 2502.54
11 17 2486.62
11 18 2415.24
11 19 2291.14
11 20 2119.83
11 21 1908.96
11 22 1667.83
11 23 1406.5
11 24 1135.2
11 25 863.562
11 26 600.126
11 27 351.873
11 28 124.095
11 29 -79.7644
11 30 -257.912
11 31 -410.067
11 32 -537.117
11 33 -640.933
11 34 -723.903
11 35 -788.754
11 36 -838.268
11 37 -875.18
11 38 -901.976
11 39 -920.817
11 40 -933.615
11 41 -941.883
11 42 -946.886
11 43 -949.619
11 44 -950.82
11 45 -951.084
11 46 -950.836
11 47 -950.363
11 48 -949.877
11 49 -949.552
11 50 -949.407
11 51 -949.552
11 52 -949.877
11 53 -950.363
11 54 -950.836
11 55 -951.084
11 56 -950.82
11 57 -949.619
11 58 -946.886
11 59 -941.883
11 60 -933.615
11 61 -920.817
11 62 -901.976
11 63 -875.18
11 64 -838.268
11 65 -788.754
11 66 -723.903
11 67 -640.933
11 68 -537.117
11 69 -410.067
11 70 -257.912
11 71 -79.7644
11 72 124.095
11 73 351.873
11 74 600.126
11 75 863.562
11 76 1135.2
11 77 1406.5
11 78 1667.83
11 79 1908.96
11 80 2119.83
11 81 2291.14
11 82 2415.24
11 83 2486.62
11 84 2502.54
11 85 2463.15
11 86 2371.69
11 87 2234.02
11 88 2058.35
11 89 1854.48
11 90 1632.98
11 91 1404.5
11 92 1178.81
11 93 964.231
11 94 767.048
11 95 591.146
11 96 437.919
11 97 306.298
11 98 193.018
11 99 93.0245
11 100 0

12 0 0
12 1 119.351
12 2 244.824
12 3 381.996
12 4 535.405
12 5 708.072
12 6 901.126
12 7 1113.54
12 8 1342
12 9 1580.94
12 10 1822.78
12 11 2058.35
12 12 2277.42
12 13 2469.51
12 14 2624.56
12 15 2733.81
12 16 2790.53
12 17 2790.49
12 18 2732.41
12 19 2618.03
12 20 2451.95
12 21 2241.27
12 22 1994.97
12 23 1723.24
12 24 1436.67
12 25 1145.64
12 26 859.453
12 27 586.159
12 28 331.99
12 29 101.419
12 30 -102.996
12 31 -280.243
12 32 -430.761
12 33 -556.024
12 34 -658.267
12 35 -740.169
12 36 -804.588
12 37 -854.389
12 38 -892.178
12 39 -920.417
12 40 -941.1
12 41 -956.022
12 42 -966.569
12 43 -973.894
12 44 -978.864
12 45 -982.175
12 46 -984.296
12 47 -985.636
12 48 -986.415
12 49 -986.805
12 50 -986.944
12 51 -986.805
12 52 -986.415
12 53 -985.636
12 54 -984.296
12 55 -982.175
12 56 -978.864
12 57 -973.894
12 58 -966.569
12 59 -956.022
12 60 -941.1
12 61 -920.417
12 62 -892.178
12 63 -854.389
12 64 -804.588
12 65 -740.169
12 66 -658.267
12 67 -556.024
12 68 -430.761
12 69 -280.243
12 70 -102.996
12 71 101.419
12 72 331.99
12 73 586.159
12 74 859.453
12 75 1145.64
12 76 1436.67
12 77 1723.24
12 78 1994.97
12 79 2241.27
12 80 2451.95
12 81 2618.03
12 82 2732.41
12 83 2790.49
12 84 2790.53
12 85 2733.81
12 86 2624.56
12 87 2469.51
12 88 2277.42
12 89 2058.35
12 90 1822.78
12 91 1580.94
12 92 1342
12 93 1113.54
12 94 901.126
12 95 708.072
12 96 535.405
12 97 381.996
12 98 244.824
12 99 119.351
12 100 0

13 0 0
13 1 141.594
13 2 288.53
13 3 445.717
13 4 617.249
13 5 805.975
13 6 1013.18
13 7 1238.28
13 8 1478.63
13 9 1729.48
13 10 1984.11
13 11 2234.02
13 12 2469.51
13 13 2680.22
13 14 2855.93
13 15 2987.27
13 16 3066.59
13 17 3088.5
13 18 3050.46
13 19 2952.91
13 20 2799.37
13 21 2596.04
13 22 2351.42
13 23 2075.51
13 24 1779.16
13 25 1473.23
13 26 1167.93
13 27 872.201
13 28 593.405
13 29 336.95
13 30 106.433
13 31 -96.3871
13 32 -271.242
13 33 -419.207
13 34 -542.204
13 35 -642.769
13 36 -723.732
13 37 -788.014
13 38 -838.446
13 39 -877.51
13 40 -907.487
13 41 -930.3
13 42 -947.527
13 43 -960.438
13 44 -970.036
13 45 -977.097
13 46 -982.22
13 47 -985.801
13 48 -988.164
13 49 -989.517
13 50 -989.929
13 51 -989.517
13 52 -988.164
13 53 -985.801
13 54 -982.22
13 55 -977.097
13 56 -970.036
13 57 -960.438
13 58 -947.527
13 59 -930.3
13 60 -907.487
13 61 -877.51
13 62 -838.446
13 63 -788.014
13 64 -723.732
13 65 -642.769
13 66 -542.204
13 67 -419.207
13 68 -271.242
13 69 -96.3871
13 70 106.433
13 71 336.95
13 72 593.405
13 73 872.201
13 74 1167.93
13 75 1473.23
13 76 1779.16
13 77 2075.51
13 78 2351.42
13 79 2596.04
13 80 2799.37
13 81 2952.91
13 82 3050.46
13 83 3088.5
13 84 3066.59
13 85 2987.27
13 86 2855.93
13 87 2680.22
13 88 2469.51
13 89 2234.02
13 90 1984.11
13 91 1729.48
13 92 1478.63
13 93 1238.28
13 94 1013.18
13 95 805.975
13 96 617.249
13 97 445.717
13 98 288.53
13 99 141.594
13 100 0

14 0 0
14 1 158.225
14 2 321.134
14 3 493.108
14 4 677.886
14 5 878.264
14 6 1095.75
14 7 1330.29
14 8 1579.98
14 9 1840.98
14 10 2107.44
14 11 2371.69
14 12 2624.56
14 13 2855.93
14 14 3055.37
14 15 3212.99
14 16 3320.09
14 17 3370.1
14 18 3358.96
14 19 3285.73
14 20 3152.49
14 21 2964.4
14 22 2729.09
14 23 2456.23
14 24 2156.64
14 25 1841.61
14 26 1522.02
14 27 1207.8
14 28 907.277
14 29 627.049
14 30 371.682
14 31 143.919
14 32 -55.2903
14 33 -226.364
14 34 -370.846
14 35 -491.017
14 36 -589.626
14 37 -669.61
14 38 -733.78
14 39 -784.856
14 40 -825.226
14 41 -856.951
14 42 -881.777
14 43 -901.114
14 44 -916.067
14 45 -927.517
14 46 -936.113
14 47 -942.371
14 48 -946.606
14 49 -949.045
14 50 -949.871
14 51 -949.045
14 52 -946.606
14 53 -942.371
14 54 -936.113
14 55 -927.517
14 56 -916.067
14 57 -901.114
14 58 -881.777
14 59 -856.951
14 60 -825.226
14 61 -784.856
14 62 -733.78
14 63 -669.61
14 64 -589.626
14 65 -491.017
14 66 -370.846
14 67 -226.364
14 68 -55.2903
14 69 143.919
14 70 371.682
14 71 627.049
14 72 907.277
14 73 1207.8
14 74 1522.02
14 75 1841.61
14 76 2156.64
14 77 2456.23
14 78 2729.09
14 79 2964.4
14 80 3152.49
14 81 3285.73
14 82 3358.96
14 83 3370.1
14 84 3320.09
14 85 3212.99
14 86 3055.37
14 87 2855.93
14 88 2624.56
14 89 2371.69
14 90 2107.44
14 91 1840.98
14 92 1579.98
14 93 1330.29
14 94 1095.75
14 95 878.264
14 96 677.886
14 97 493.108
14 98 321.134
14 99 158.225
14 100 0

15 0 0
15 1 168.216
15 2 340.616
15 3 521.201
15 4 713.485
15 5 920.314
15 6 1143.52
15 7 1383.61
15 8 1639.53
15 9 1908.33
15 10 2185.15
15 11 2463.15
15 12 2733.81
15 13 2987.27
15 14 3212.99
15 15 3400.46
15 16 3540.05
15 17 3623.84
15 18 3646.26
15 19 3604.67
15 20 3499.66
15 21 3334.92
15 22 3117.13
15 23 2855.24
15 24 2559.93
15 25 2242.59
15 26 1914.78
15 27 1587.15
15 28 1269.17
15 29 968.46
15 30 690.771
15 31 439.771
15 32 217.333
15 33 23.7257
15 34 -142.078
15 35 -282.02
15 36 -398.678
15 37 -494.827
15 38 -573.418
15 39 -637.159
15 40 -688.575
15 41 -729.88
15 42 -762.94
15 43 -789.256
15 44 -810.079
15 45 -826.349
15 46 -838.821
15 47 -848.011
15 48 -854.33
15 49 -858.033
15 50 -859.226
15 51 -858.033
15 52 -854.33
15 53 -848.011
15 54 -838.821
15 55 -826.349
15 56 -810.079
15 57 -789.256
15 58 -762.94
15 59 -729.88
15 60 -688.575
15 61 -637.159
15 62 -573.418
15 63 -494.827
15 64 -398.678
15 65 -282.02
15 66 -142.078
15 67 23.7257
15 68 217.333
15 69 439.771
15 70 690.771
15 71 968.46
15 72 1269.17
15 73 1587.15
15 74 1914.78
15 75 2242.59
15 76 2559.93
15 77 2855.24
15 78 3117.13
15 79 3334.92
15 80 3499.66
15 81 3604.67
15 82 3646.26
15 83 3623.84
15 84 3540.05
15 85 3400.46
15 86 3212.99
15 87 2987.27
15 88 2733.81
15 89 2463.15
15 90 2185.15
15 91 1908.33
15 92 1639.53
15 93 1383.61
15 94 1143.52
15 95 920.314
15 96 713.485
15 97 521.201
15 98 340.616
15 99 168.216
15 100 0

16 0 0
16 1 171.09
16 2 346.026
16 3 528.574
16 4 722.153
16 5 929.767
16 6 1153.63
16 7 1394.91
16 8 1653.37
16 9 1927.06
16 10 2212.08
16 11 2502.54
16 12 2790.53
16 13 3066.59
16 14 3320.09
16 15 3540.05
16 16 3715.86
16 17 3838.29
16 18 3900.11
16 19 3896.98
16 20 3827.67
16 21 3694.36
16 22 3502.37
16 23 3259.82
16 24 2976.82
16 25 2664.84
16 26 2335.72
16 27 2000.96
16 28 1670.86
16 29 1354.25
16 30 1057.88
16 31 786.583
16 32 543.147
16 33 328.665
16 34 142.687
16 35 -16.2867
16 36 -150.489
16 37 -262.631
16 38 -355.544
16 39 -432.008
16 40 -494.633
16 41 -545.692
16 42 -587.168
16 43 -620.704
16 44 -647.591
16 45 -668.884
16 46 -685.369
16 47 -697.663
16 48 -706.158
16 49 -711.142
16 50 -712.807
16 51 -711.142
16 52 -706.158
16 53 -697.663
16 54 -685.369
16 55 -668.884
16 56 -647.591
16 57 -620.704
16 58 -587.168
16 59 -545.692
16 60 -494.633
16 61 -432.008
16 62 -355.544
16 63 -262.631
16 64 -150.489
16 65 -16.2867
16 66 142.687
16 67 328.665
16 68 543.147
16 69 786.583
16 70 1057.88
16 71 1354.25
16 72 1670.86
16 73 2000.96
16 74 2335.72
16 75 2664.84
16 76 2976.82
16 77 3259.82
16 78 3502.37
16 79 3694.36
16 80 3827.67
16 81 3896.98
16 82 3900.11
16 83 3838.29
16 84 3715.86
16 85 3540.05
16 86 3320.09
16 87 3066.59
16 88 2790.53
16 89 2502.54
16 90 2212.08
16 91 1927.06
16 92 1653.37
16 93 1394.91
16 94 1153.63
16 95 929.767
16 96 722.153
16 97 528.574
16 98 346.026
16 99 171.09
16 100 0

17 0 0
17 1 166.901
17 2 337.463
17 3 515.327
17 4 703.96
17 5 906.578
17 6 1125.86
17 7 1363.63
17 8 1620.54
17 9 1895.59
17 10 2185.95
17 11 2486.62
17 12 2790.49
17 13 3088.5
17 14 3370.1
17 15 3623.84
17 16 3838.29
17 17 4002.87
17 18 4108.79
17 19 4149.82
17 20 4122.93
17 21 4028.45
17 22 3870.26
17 23 3655.22
17 24 3392.82
17 25 3094.2
17 26 2771.45
17 27 2436.52
17 28 2100.66
17 29 1773.63
17 30 1463.4
17 31 1175.82
17 32 914.716
17 33 682.03
17 34 478.04
17 35 301.794
17 36 151.348
17 37 24.2867
17 38 -82.1408
17 39 -170.717
17 40 -244.043
17 41 -304.496
17 42 -354.128
17 43 -394.641
17 44 -427.451
17 45 -453.645
17 46 -474.081
17 47 -489.392
17 48 -500.036
17 49 -506.32
17 50 -508.372
17 51 -506.32
17 52 -500.036
17 53 -489.392
17 54 -474.081
17 55 -453.645
17 56 -427.451
17 57 -394.641
17 58 -354.128
17 59 -304.496
17 60 -244.043
17 61 -170.717
17 62 -82.1408
17 63 24.2867
17 64 151.348
17 65 301.794
17 66 478.04
17 67 682.03
17 68 914.716
17 69 1175.82
17 70 1463.4
17 71 1773.63
17 72 2100.66
17 73 2436.52
17 74 2771.45
17 75 3094.2
17 76 3392.82
17 77 3655.22
17 78 3870.26
17 79 4028.45
17 80 4122.93
17 81 4149.82
17 82 4108.79
17 83 4002.87
17 84 3838.29
17 85 3623.84
17 86 3370.1
17 87 3088.5
17 88 2790.49
17 89 2486.62
17 90 2185.95
17 91 1895.59
17 92 1620.54
17 93 1363.63
17 94 1125.86
17 95 906.578
17 96 703.96
17 97 515.327
17 98 337.463
17 99 166.901
17 100 0

18 0 0
18 1 156.197
18 2 315.987
18 3 482.979
18 4 660.776
18 5 852.864
18 6 1062.4
18 7 1291.9
18 8 1542.86
18 9 1815.32
18 10 2107.44
18 11 2415.24
18 12 2732.41
18 13 3050.46
18 14 3358.96
18 15 3646.26
18 16 3900.11
18 17 4108.79
18 18 4261.9
18 19 4351.42
18 20 4372.29
18 21 4323.04
18 22 4205.72
18 23 4025.92
18 24 3792.05
18 25 3514.84
18 26 3206.22
18 27 2878.59
18 28 2543.84
18 29 2212.71
18 30 1894.17
18 31 1595.2
18 32 1320.67
18 33 1073.42
18 34 854.519
18 35 663.541
18 36 499.084
18 37 358.959
18 38 240.555
18 39 141.201
18 40 58.2759
18 41 -10.6169
18 42 -67.5886
18 43 -114.441
18 44 -152.6
18 45 -183.25
18 46 -207.272
18 47 -225.349
18 48 -237.948
18 49 -245.384
18 50 -247.859
18 51 -245.384
18 52 -237.948
18 53 -225.349
18 54 -207.272
18 55 -183.25
18 56 -152.6
18 57 -114.441
18 58 -67.5886
18 59 -10.6169
18 60 58.2759
18 61 141.201
18 62 240.555
18 63 358.959
18 64 499.084
18 65 663.541
18 66 854.519
18 67 1073.42
18 68 1320.67
18 69 1595.2
18 70 1894.17
18 71 2212.71
18 72 2543.84
18 73 2878.59
18 74 3206.22
18 75 3514.84
18 76 3792.05
18 77 4025.92
18 78 4205.72
18 79 4323.04
18 80 4372.29
18 81 4351.42
18 82 4261.9
18 83 4108.79
18 84 3900.11
18 85 3646.26
18 86 3358.96
18 87 3050.46
18 88 2732.41
18 89 2415.24
18 90 2107.44
18 91 1815.32
18 92 1542.86
18 93 1291.9
18 94 1062.4
18 95 852.864
18 96 660.776
18 97 482.979
18 98 315.987
18 99 156.197
18 100 0

19 0 0
19 1 139.923
19 2 283.445
19 3 434.2
19 4 595.977
19 5 772.542
19 6 967.542
19 7 1184.18
19 8 1424.77
19 9 1690.34
19 10 1980.13
19 11 2291.14
19 12 2618.03
19 13 2952.91
19 14 3285.73
19 15 3604.67
19 16 3896.98
19 17 4149.82
19 18 4351.42
19 19 4491.89
19 20 4564.29
19 21 4565.09
19 22 4494.54
19 23 4356.55
19 24 4158.45
19 25 3910.08
19 26 3623.18
19 27 3310.22
19 28 2983.69
19 29 2655.04
19 30 2334.28
19 31 2029.41
19 32 1746.35
19 33 1488.86
19 34 1258.81
19 35 1056.49
19 36 880.917
19 37 730.233
19 38 602.105
19 39 493.918
19 40 403.102
19 41 327.253
19 42 264.213
19 43 212.164
19 44 169.564
19 45 135.248
19 46 108.26
19 47 87.9112
19 48 73.6932
19 49 65.2828
19 50 62.5086
19 51 65.2828
19 52 73.6932
19 53 87.9112
19 54 108.26
19 55 135.248
19 56 169.564
19 57 212.164
19 58 264.213
19 59 327.253
19 60 403.102
19 61 493.918
19 62 602.105
19 63 730.233
19 64 880.917
19 65 1056.49
19 66 1258.81
19 67 1488.86
19 68 1746.35
19 69 2029.41
19 70 2334.28
19 71 2655.04
19 72 2983.69
19 73 3310.22
19 74 3623.18
19 75 3910.08
19 76 4158.45
19 77 4356.55
19 78 4494.54
19 79 4565.09
19 80 4564.29
19 81 4491.89
19 82 4351.42
19 83 4149.82
19 84 3896.98
19 85 3604.67
19 86 3285.73
19 87 2952.91
19 88 2618.03
19 89 2291.14
19 90 1980.13
19 91 1690.34
19 92 1424.77
19 93 1184.18
19 94 967.542
19 95 772.542
19 96 595.977
19 97 434.2
19 98 283.445
19 99 139.923
19 100 0

20 0 0
20 1 119.31
20 2 242.237
20 3 372.489
20 4 514.012
20 5 670.875
20 6 847.168
20 7 1046.75
20 8 1272.71
20 9 1527.07
20 10 1810.07
20 11 2119.83
20 12 2451.95
20 13 2799.37
20 14 3152.49
20 15 3499.66
20 16 3827.67
20 17 4122.93
20 18 4372.29
20 19 4564.29
20 20 4689.99
20 21 4743.93
20 22 4724.3
20 23 4633.36
20 24 4476.92
20 25 4263.93
20 26 4005.53
20 27 3714.19
20 28 3402.62
20 29 3082.99
20 30 2766.14
20 31 2461.08
20 32 2174.68
20 33 1911.65
20 34 1674.73
20 35 1464.85
20 36 1281.56
20 37 1123.41
20 38 988.256
20 39 873.674
20 40 777.141
20 41 696.266
20 42 628.862
20 43 573.062
20 44 527.32
20 45 490.388
20 46 461.296
20 47 439.341
20 48 423.978
20 49 414.898
20 50 411.877
20 51 414.898
20 52 423.978
20 53 439.341
20 54 461.296
20 55 490.388
20 56 527.32
20 57 573.062
20 58 628.862
20 59 696.266
20 60 777.141
20 61 873.674
20 62 988.256
20 63 1123.41
20 64 1281.56
20 65 1464.85
20 66 1674.73
20 67 1911.65
20 68 2174.68
20 69 2461.08
20 70 2766.14
20 71 3082.99
20 72 3402.62
20 73 3714.19
20 74 4005.53
20 75 4263.93
20 76 4476.92
20 77 4633.36
20 78 4724.3
20 79 4743.93
20 80 4689.99
20 81 4564.29
20 82 4372.29
20 83 4122.93
20 84 3827.67
20 85 3499.66
20 86 3152.49
20 87 2799.37
20 88 2451.95
20 89 2119.83
20 90 1810.07
20 91 1527.07
20 92 1272.71
20 93 1046.75
20 94 847.168
20 95 670.875
20 96 514.012
20 97 372.489
20 98 242.237
20 99 119.31
20 100 0

21 0 0
21 1 95.6991
21 2 195.026
21 3 301.752
21 4 419.947
21 5 553.924
21 6 708.187
21 7 887.127
21 8 1094.63
21 9 1333.58
21 10 1605.3
21 11 1908.96
21 12 2241.27
21 13 2596.04
21 14 2964.4
21 15 3334.92
21 16 3694.36
21 17 4028.45
21 18 4323.04
21 19 4565.09
21 20 4743.93
21 21 4852.01
21 22 4885.63
21 23 4845.11
21 24 4734.77
21 25 4562.25
21 26 4338.03
21 27 4074.2
21 28 3783.67
21 29 3479.04
21 30 3171.9
21 31 2872.11
21 32 2587.47
21 33 2323.68
21 34 2084.23
21 35 1870.77
21 36 1683.4
21 37 1521.06
21 38 1381.9
21 39 1263.65
21 40 1163.86
21 41 1080.16
21 42 1010.36
21 43 952.57
21 44 905.154
21 45 866.884
21 46 836.734
21 47 813.965
21 48 798.043
21 49 788.62
21 50 785.498
21 51 788.62
21 52 798.043
21 53 813.965
21 54 836.734
21 55 866.884
21 56 905.154
21 57 952.57
21 58 1010.36
21 59 1080.16
21 60 1163.86
21 61 1263.65
21 62 1381.9
21 63 1521.06
21 64 1683.4
21 65 1870.77
21 66 2084.23
21 67 2323.68
21 68 2587.47
21 69 2872.11
21 70 3171.9
21 71 3479.04
21 72 3783.67
21 73 4074.2
21 74 4338.03
21 75 4562.25
21 76 4734.77
21 77 4845.11
21 78 4885.63
21 79 4852.01
21 80 4743.93
21 81 4565.09
21 82 4323.04
21 83 4028.45
21 84 3694.36
21 85 3334.92
21 86 2964.4
21 87 2596.04
21 88 2241.27
21 89 1908.96
21 90 1605.3
21 91 1333.58
21 92 1094.63
21 93 887.127
21 94 708.187
21 95 553.924
21 96 419.947
21 97 301.752
21 98 195.026
21 99 95.6991
21 100 0

22 0 0
22 1 70.4979
22 2 144.583
22 3 226.052
22 4 319.017
22 5 428.005
22 6 557.818
22 7 713.35
22 8 899.149
22 9 1118.96
22 10 1375.08
22 11 1667.83
22 12 1994.97
22 13 2351.42
22 14 2729.09
22 15 3117.13
22 16 3502.37
22 17 3870.26
22 18 4205.72
22 19 4494.54
22 20 4724.3
22 21 4885.63
22 22 4972.79
22 23 4984.23
22 24 4922.49
22 25 4793.94
22 26 4608.02
22 27 4376.4
22 28 4111.84
22 29 3827.27
22 30 3534.84
22 31 3245.19
22 32 2967.02
22 33 2706.83
22 34 2468.95
22 35 2255.75
22 36 2067.82
22 37 1904.57
22 38 1764.41
22 39 1645.25
22 40 1544.74
22 41 1460.52
22 42 1390.39
22 43 1332.42
22 44 1284.96
22 45 1246.7
22 46 1216.6
22 47 1193.91
22 48 1178.04
22 49 1168.66
22 50 1165.56
22 51 1168.66
22 52 1178.04
22 53 1193.91
22 54 1216.6
22 55 1246.7
22 56 1284.96
22 57 1332.42
22 58 1390.39
22 59 1460.52
22 60 1544.74
22 61 1645.25
22 62 1764.41
22 63 1904.57
22 64 2067.82
22 65 2255.75
22 66 2468.95
22 67 2706.83
22 68 2967.02
22 69 3245.19
22 70 3534.84
22 71 3827.27
22 72 4111.84
22 73 4376.4
22 74 4608.02
22 75 4793.94
22 76 4922.49
22 77 4984.23
22 78 4972.79
22 79 4885.63
22 80 4724.3
22 81 4494.54
22 82 4205.72
22 83 3870.26
22 84 3502.37
22 85 3117.13
22 86 2729.09
22 87 2351.42
22 88 1994.97
22 89 1667.83
22 90 1375.08
22 91 1118.96
22 92 899.149
22 93 713.35
22 94 557.818
22 95 428.005
22 96 319.017
22 97 226.052
22 98 144.583
22 99 70.4979
22 100 0

23 0 0
23 1 44.9867
23 2 93.4701
23 3 149.165
23 4 216.204
23 5 299.185
23 6 403.163
23 7 533.39
23 8 695.03
23 9 892.554
23 10 1129.25
23 11 1406.5
23 12 1723.24
23 13 2075.51
23 14 2456.23
23 15 2855.24
23 16 3259.82
23 17 3655.22
23 18 4025.92
23 19 4356.55
23 20 4633.36
23 21 4845.11
23 22 4984.23
23 23 5047.17
23 24 5034.74
23 25 4951.79
23 26 4806.68
23 27 4610.34
23 28 4375.31
23 29 4114.62
23 30 3840.84
23 31 3565.29
23 32 3297.41
23 33 3044.54
23 34 2811.81
23 35 2602.15
23 36 2416.83
23 37 2255.59
23 38 2117.2
23 39 1999.7
23 40 1900.82
23 41 1818.25
23 42 1749.78
23 43 1693.4
23 44 1647.44
23 45 1610.53
23 46 1581.6
23 47 1559.82
23 48 1544.65
23 49 1535.68
23 50 1532.72
23 51 1535.68
23 52 1544.65
23 53 1559.82
23 54 1581.6
23 55 1610.53
23 56 1647.44
23 57 1693.4
23 58 1749.78
23 59 1818.25
23 60 1900.82
23 61 1999.7
23 62 2117.2
23 63 2255.59
23 64 2416.83
23 65 2602.15
23 66 2811.81
23 67 3044.54
23 68 3297.41
23 69 3565.29
23 70 3840.84
23 71 4114.62
23 72 4375.31
23 73 4610.34
23 74 4806.68
23 75 4951.79
23 76 5034.74
23 77 5047.17
23 78 4984.23
23 79 4845.11
23 80 4633.36
23 81 4356.55
23 82 4025.92
23 83 3655.22
23 84 3259.82
23 85 2855.24
23 86 2456.23
23 87 2075.51
23 88 1723.24
23 89 1406.5
23 90 1129.25
23 91 892.554
23 92 695.03
23 93 533.39
23 94 403.163
23 95 299.185
23 96 216.204
23 97 149.165
23 98 93.4701
23 99 44.9867
23 100 0

24 0 0
24 1 20.2891
24 2 43.9122
24 3 74.429
24 4 115.894
24 5 172.908
24 6 250.621
24 7 354.614
24 8 490.457
24 9 663.363
24 10 877.45
24 11 1135.2
24 12 1436.67
24 13 1779.16
24 14 2156.64
24 15 2559.93
24 16 2976.82
24 17 3392.82
24 18 3792.05
24 19 4158.45
24 20 4476.92
24 21 4734.77
24 22 4922.49
24 23 5034.74
24 24 5070.47
24 25 5033.04
24 26 4929.47
24 27 4769.88
24 28 4566.38
24 29 4331.97
24 30 4079.5
24 31 3820.8
24 32 3566.03
24 33 3323.29
24 34 3098.33
24 35 2894.86
24 36 2714.61
24 37 2557.78
24 38 2423.37
24 39 2309.64
24 40 2214.4
24 41 2135.33
24 42 2070.2
24 43 2016.95
24 44 1973.87
24 45 1939.48
24 46 1912.69
24 47 1892.64
24 48 1878.7
24 49 1870.49
24 50 1867.78
24 51 1870.49
24 52 1878.7
24 53 1892.64
24 54 1912.69
24 55 1939.48
24 56 1973.87
24 57 2016.95
24 58 2070.2
24 59 2135.33
24 60 2214.4
24 61 2309.64
24 62 2423.37
24 63 2557.78
24 64 2714.61
24 65 2894.86
24 66 3098.33
24 67 3323.29
24 68 3566.03
24 69 3820.8
24 70 4079.5
24 71 4331.97
24 72 4566.38
24 73 4769.88
24 74 4929.47
24 75 5033.04
24 76 5070.47
24 77 5034.74
24 78 4922.49
24 79 4734.77
24 80 4476.92
24 81 4158.45
24 82 3792.05
24 83 3392.82
24 84 2976.82
24 85 2559.93
24 86 2156.64
24 87 1779.16
24 88 1436.67
24 89 1135.2
24 90 877.45
24 91 663.363
24 92 490.457
24 93 354.614
24 94 250.621
24 95 172.908
24 96 115.894
24 97 74.429
24 98 43.9122
24 99 20.2891
24 100 0

25 0 0
25 1 -2.68682
25 2 -2.27768
25 3 4.54858
25 4 21.6978
25 5 53.6453
25 6 105.593
25 7 183.263
25 8 292.617
25 9 439.407
25 10 628.586
25 11 863.562
25 12 1145.64
25 13 1473.23
25 14 1841.61
25 15 2242.59
25 16 2664.84
25 17 3094.2
25 18 3514.84
25 19 3910.08
25 20 4263.93
25 21 4562.25
25 22 4793.94
25 23 4951.79
25 24 5033.04
25 25 5039.34
25 26 4976.43
25 27 4853.48
25 28 4682.01
25 29 4474.82
25 30 4244.9
25 31 4004.55
25 32 3764.55
25 33 3533.54
25 34 3318.09
25 35 3122.45
25 36 2948.94
25 37 2798.08
25 38 2669.24
25 39 2560.76
25 40 2470.58
25 41 2396.36
25 42 2335.85
25 43 2286.91
25 44 2247.73
25 45 2216.8
25 46 2192.93
25 47 2175.19
25 48 2162.95
25 49 2155.77
25 50 2153.39
25 51 2155.77
25 52 2162.95
25 53 2175.19
25 54 2192.93
25 55 2216.8
25 56 2247.73
25 57 2286.91
25 58 2335.85
25 59 2396.36
25 60 2470.58
25 61 2560.76
25 62 2669.24
25 63 2798.08
25 64 2948.94
25 65 3122.45
25 66 3318.09
25 67 3533.54
25 68 3764.55
25 69 4004.55
25 70 4244.9
25 71 4474.82
25 72 4682.01
25 73 4853.48
25 74 4976.43
25 75 5039.34
25 76 5033.04
25 77 4951.79
25 78 4793.94
25 79 4562.25
25 80 4263.93
25 81 3910.08
25 82 3514.84
25 83 3094.2
25 84 2664.84
25 85 2242.59
25 86 1841.61
25 87 1473.23
25 88 1145.64
25 89 863.562
25 90 628.586
25 91 439.407
25 92 292.617
25 93 183.263
25 94 105.593
25 95 53.6453
25 96 21.6978
25 97 4.54858
25 98 -2.27768
25 99 -2.68682
25 100 0

26 0 0
26 1 -23.2946
26 2 -43.8155
26 3 -58.4999
26 4 -63.7345
26 5 -55.184
26 6 -27.7578
26 7 24.357
26 8 107.338
26 9 227.433
26 10 390.232
26 11 600.126
26 12 859.453
26 13 1167.93
26 14 1522.02
26 15 1914.78
26 16 2335.72
26 17 2771.45
26 18 3206.22
26 19 3623.18
26 20 4005.53
26 21 4338.03
26 22 4608.02
26 23 4806.68
26 24 4929.47
26 25 4976.43
26 26 4951.95
26 27 4864.11
26 28 4723.74
26 29 4543.32
26 30 4335.95
26 31 4114.23
26 32 3889.33
26 33 3670.64
26 34 3465.3
26 35 3278.21
26 36 3112.1
26 37 2967.99
26 38 2845.41
26 39 2742.98
26 40 2658.61
26 41 2590.01
26 42 2534.84
26 43 2490.91
26 44 2456.3
26 45 2429.4
26 46 2408.92
26 47 2393.93
26 48 2383.67
26 49 2377.69
26 50 2375.74
26 51 2377.69
26 52 2383.67
26 53 2393.93
26 54 2408.92
26 55 2429.4
26 56 2456.3
26 57 2490.91
26 58 2534.84
26 59 2590.01
26 60 2658.61
26 61 2742.98
26 62 2845.41
26 63 2967.99
26 64 3112.1
26 65 3278.21
26 66 3465.3
26 67 3670.64
26 68 3889.33
26 69 4114.23
26 70 4335.95
26 71 4543.32
26 72 4723.74
26 73 4864.11
26 74 4951.95
26 75 4976.43
26 76 4929.47
26 77 4806.68
26 78 4608.02
26 79 4338.03
26 80 4005.53
26 81 3623.18
26 82 3206.22
26 83 2771.45
26 84 2335.72
26 85 1914.78
26 86 1522.02
26 87 1167.93
26 88 859.453
26 89 600.126
26 90 390.232
26 91 227.433
26 92 107.338
26 93 24.357
26 94 -27.7578
26 95 -55.184
26 96 -63.7345
26 97 -58.4999
26 98 -43.8155
26 99 -23.2946
26 100 0

27 0 0
27 1 -41.1472
27 2 -79.8884
27 3 -113.488
27 4 -138.664
27 5 -151.334
27 6 -146.547
27 7 -118.585
27 8 -61.0538
27 9 32.5515
27 10 168.477
27 11 351.873
27 12 586.159
27 13 872.201
27 14 1207.8
27 15 1587.15
27 16 2000.96
27 17 2436.52
27 18 2878.59
27 19 3310.22
27 20 3714.19
27 21 4074.2
27 22 4376.4
27 23 4610.34
27 24 4769.88
27 25 4853.48
27 26 4864.11
27 27 4808.72
27 28 4697.36
27 29 4542.18
27 30 4356.19
27 31 4152.11
27 32 3941.7
27 33 3734.81
27 34 3539.22
27 35 3360.34
27 36 3201.46
27 37 3063.93
27 38 2947.59
27 39 2851.17
27 40 2772.69
27 41 2709.82
27 42 2660.15
27 43 2621.41
27 44 2591.56
27 45 2568.9
27 46 2552.04
27 47 2539.9
27 48 2531.77
27 49 2527.08
27 50 2525.53
27 51 2527.08
27 52 2531.77
27 53 2539.9
27 54 2552.04
27 55 2568.9
27 56 2591.56
27 57 2621.41
27 58 2660.15
27 59 2709.82
27 60 2772.69
27 61 2851.17
27 62 2947.59
27 63 3063.93
27 64 3201.46
27 65 3360.34
27 66 3539.22
27 67 3734.81
27 68 3941.7
27 69 4152.11
27 70 4356.19
27 71 4542.18
27 72 4697.36
27 73 4808.72
27 74 4864.11
27 75 4853.48
27 76 4769.88
27 77 4610.34
27 78 4376.4
27 79 4074.2
27 80 3714.19
27 81 3310.22
27 82 2878.59
27 83 2436.52
27 84 2000.96
27 85 1587.15
27 86 1207.8
27 87 872.201
27 88 586.159
27 89 351.873
27 90 168.477
27 91 32.5515
27 92 -61.0538
27 93 -118.585
27 94 -146.547
27 95 -151.334
27 96 -138.664
27 97 -113.488
27 98 -79.8884
27 99 -41.1472
27 100 0

28 0 0
28 1 -56.0821
28 2 -110.153
28 3 -159.846
28 4 -202.259
28 5 -233.599
28 6 -249.188
28 7 -243.396
28 8 -209.831
28 9 -141.715
28 10 -32.3824
28 11 124.095
28 12 331.99
28 13 593.405
28 14 907.277
28 15 1269.17
28 16 1670.86
28 17 2100.66
28 18 2543.84
28 19 2983.69
28 20 3402.62
28 21 3783.67
28 22 4111.84
28 23 4375.31
28 24 4566.38
28 25 4682.01
28 26 4723.74
28 27 4697.36
28 28 4612.15
28 29 4479.8
28 30 4313.03
28 31 4124.88
28 32 3927.36
28 33 3730.91
28 34 3543.79
28 35 3372.03
28 36 3219.34
28 37 3087.49
28 38 2976.56
28 39 2885.47
28 40 2812.27
28 41 2754.63
28 42 2710.07
28 43 2676.2
28 44 2650.89
28 45 2632.27
28 46 2618.88
28 47 2609.57
28 48 2603.47
28 49 2600.03
28 50 2598.93
28 51 2600.03
28 52 2603.47
28 53 2609.57
28 54 2618.88
28 55 2632.27
28 56 2650.89
28 57 2676.2
28 58 2710.07
28 59 2754.63
28 60 2812.27
28 61 2885.47
28 62 2976.56
28 63 3087.49
28 64 3219.34
28 65 3372.03
28 66 3543.79
28 67 3730.91
28 68 3927.36
28 69 4124.88
28 70 4313.03
28 71 4479.8
28 72 4612.15
28 73 4697.36
28 74 4723.74
28 75 4682.01
28 76 4566.38
28 77 4375.31
28 78 4111.84
28 79 3783.67
28 80 3402.62
28 81 2983.69
28 82 2543.84
28 83 2100.66
28 84 1670.86
28 85 1269.17
28 86 907.277
28 87 593.405
28 88 331.99
28 89 124.095
28 90 -32.3824
28 91 -141.715
28 92 -209.831
28 93 -243.396
28 94 -249.188
28 95 -233.599
28 96 -202.259
28 97 -159.846
28 98 -110.153
28 99 -56.0821
28 100 0

29 0 0
29 1 -68.1099
29 2 -134.605
29 3 -197.562
29 4 -254.413
29 5 -301.765
29 6 -335.19
29 7 -349.279
29 8 -337.67
29 9 -293.487
29 10 -209.669
29 11 -79.7644
29 12 101.419
29 13 336.95
29 14 627.049
29 15 968.46
29 16 1354.25
29 17 1773.63
29 18 2212.71
29 19 2655.04
29 20 3082.99
29 21 3479.04
29 22 3827.27
29 23 4114.62
29 24 4331.97
29 25 4474.82
29 26 4543.32
29 27 4542.18
29 28 4479.8
29 29 4367.19
29 30 4217.06
29 31 4042.42
29 32 3855.65
29 33 3667.59
29 34 3487.1
29 35 3320.66
29 36 3172.54
29 37 3044.81
29 38 2937.9
29 39 2850.83
29 40 2781.78
29 41 2728.35
29 42 2688.01
29 43 2658.26
