0 0 0
0 1 0
0 2 0
0 3 0
0 4 0
0 5 0
0 6 0
0 7 0
0 8 0
0 9 0
0 10 0
0 11 0
0 12 0
0 13 0
0 14 0
0 15 0
0 16 0
0 17 0
0 18 0
0 19 0
0 20 0
0 21 0
0 22 0
0 23 0
0 24 0
0 25 0
0 26 0
0 27 0
0 28 0
0 29 0
0 30 0
0 31 0
0 32 0
0 33 0
0 34 0
0 35 0
0 36 0
0 37 0
0 38 0
0 39 0
0 40 0
0 41 0
0 42 0
0 43 0
0 44 0
0 45 0
0 46 0
0 47 0
0 48 0
0 49 0
0 50 0
0 51 0
0 52 0
0 53 0
0 54 0
0 55 0
0 56 0
0 57 0
0 58 0
0 59 0
0 60 0
0 61 0
0 62 0
0 63 0
0 64 0
0 65 0
0 66 0
0 67 0
0 68 0
0 69 0
0 70 0
0 71 0
0 72 0
0 73 0
0 74 0
0 75 0
0 76 0
0 77 0
0 78 0
0 79 0
0 80 0
0 81 0
0 82 0
0 83 0
0 84 0
0 85 0
0 86 0
0 87 0
0 88 0
0 89 0
0 90 0
0 91 0
0 92 0
0 93 0
0 94 0
0 95 0
0 96 0
0 97 0
0 98 0
0 99 0
0 100 0

1 0 0
1 1 1.83561
1 2 3.70545
1 3 5.63232
1 4 7.66146
1 5 9.81499
1 6 12.1392
1 7 14.669
1 8 17.4411
1 9 20.5052
1 10 23.8845
1 11 27.6227
1 12 31.7275
1 13 36.1976
1 14 41.0043
1 15 46.0601
1 16 51.2465
1 17 56.3521
1 18 61.1013
1 19 65.1184
1 20 67.9356
1 21 68.9856
1 22 67.6415
1 23 63.2029
1 24 54.9957
1 25 42.3984
1 26 24.906
1 27 2.28558
1 28 -25.4366
1 29 -57.8081
1 30 -93.9189
1 31 -132.396
1 32 -171.395
1 33 -208.661
1 34 -241.677
1 35 -267.811
1 36 -284.542
1 37 -289.702
1 38 -281.699
1 39 -259.728
1 40 -223.92
1 41 -175.426
1 42 -116.414
1 43 -49.9707
1 44 20.1178
1 45 89.5939
1 46 154.06
1 47 209.319
1 48 251.702
1 49 278.337
1 50 287.421
1 51 278.337
1 52 251.702
1 53 209.319
1 54 154.06
1 55 89.5939
1 56 20.1178
1 57 -49.9707
1 58 -116.414
1 59 -175.426
1 60 -223.92
1 61 -259.728
1 62 -281.699
1 63 -289.702
1 64 -284.542
1 65 -267.811
1 66 -241.677
1 67 -208.661
1 68 -171.395
1 69 -132.396
1 70 -93.9189
1 71 -57.8081
1 72 -25.4366
1 73 2.28558
1 74 24.906
1 75 42.3984
1 76 54.9957
1 77 63.2029
1 78 67.6415
1 79 68.9856
1 80 67.9356
1 81 65.1184
1 82 61.1013
1 83 56.3521
1 84 51.2465
1 85 46.0601
1 86 41.0043
1 87 36.1976
1 88 31.7275
1 89 27.6227
1 90 23.8845
1 91 20.5052
1 92 17.4411
1 93 14.669
1 94 12.1392
1 95 9.81499
1 96 7.66146
1 97 5.63232
1 98 3.70545
1 99 1.83561
1 100 0

2 0 0
2 1 3.70545
2 2 7.47778
2 3 11.3655
2 4 15.4548
2 5 19.7952
2 6 24.4757
2 7 29.5694
2 8 35.1479
2 9 41.3087
2 10 48.0963
2 11 55.5924
2 12 63.8064
2 13 72.732
2 14 82.3003
2 15 92.3362
2 16 102.59
2 17 112.639
2 18 121.923
2 19 129.693
2 20 135.005
2 21 136.749
2 22 133.656
2 23 124.384
2 24 107.59
2 25 82.0587
2 26 46.8654
2 27 1.51218
2 28 -53.8738
2 29 -118.358
2 30 -190.155
2 31 -266.484
2 32 -343.679
2 33 -417.287
2 34 -482.349
2 35 -533.643
2 36 -566.226
2 37 -575.845
2 38 -559.372
2 39 -515.226
2 40 -443.711
2 41 -347.141
2 42 -229.815
2 43 -97.8348
2 44 41.3012
2 45 179.151
2 46 307.017
2 47 416.593
2 48 500.63
2 49 553.435
2 50 571.447
2 51 553.435
2 52 500.63
2 53 416.593
2 54 307.017
2 55 179.151
2 56 41.3012
2 57 -97.8348
2 58 -229.815
2 59 -347.141
2 60 -443.711
2 61 -515.226
2 62 -559.372
2 63 -575.845
2 64 -566.226
2 65 -533.643
2 66 -482.349
2 67 -417.287
2 68 -343.679
2 69 -266.484
2 70 -190.155
2 71 -118.358
2 72 -53.8738
2 73 1.51218
2 74 46.8654
2 75 82.0587
2 76 107.59
2 77 124.384
2 78 133.656
2 79 136.749
2 80 135.005
2 81 129.693
2 82 121.923
2 83 112.639
2 84 102.59
2 85 92.3362
2 86 82.3003
2 87 72.732
2 88 63.8064
2 89 55.5924
2 90 48.0963
2 91 41.3087
2 92 35.1479
2 93 29.5694
2 94 24.4757
2 95 19.7952
2 96 15.4548
2 97 11.3655
2 98 7.47778
2 99 3.70545
2 100 0

3 0 0
3 1 5.63232
3 2 11.3655
3 3 17.2789
3 4 23.4963
3 5 30.0975
3 6 37.2109
3 7 44.9424
3 8 53.4014
3 9 62.7182
3 10 72.9665
3 11 84.2468
3 12 96.5738
3 13 109.917
3 14 124.159
3 15 139.019
3 16 154.101
3 17 168.757
3 18 182.136
3 19 193.106
3 20 200.274
3 21 201.975
3 22 196.38
3 23 181.485
3 24 155.371
3 25 116.31
3 26 62.9412
3 27 -5.3061
3 28 -88.2094
3 29 -184.325
3 30 -290.885
3 31 -403.795
3 32 -517.612
3 33 -625.76
3 34 -720.915
3 35 -795.484
3 36 -842.206
3 37 -854.887
3 38 -829.003
3 39 -762.335
3 40 -655.368
3 41 -511.549
3 42 -337.261
3 43 -141.536
3 44 64.5584
3 45 268.601
3 46 457.767
3 47 619.821
3 48 744.06
3 49 822.125
3 50 848.746
3 51 822.125
3 52 744.06
3 53 619.821
3 54 457.767
3 55 268.601
3 56 64.5584
3 57 -141.536
3 58 -337.261
3 59 -511.549
3 60 -655.368
3 61 -762.335
3 62 -829.003
3 63 -854.887
3 64 -842.206
3 65 -795.484
3 66 -720.915
3 67 -625.76
3 68 -517.612
3 69 -403.795
3 70 -290.885
3 71 -184.325
3 72 -88.2094
3 73 -5.3061
3 74 62.9412
3 75 116.31
3 76 155.371
3 77 181.485
3 78 196.38
3 79 201.975
3 80 200.274
3 81 193.106
3 82 182.136
3 83 168.757
3 84 154.101
3 85 139.019
3 86 124.159
3 87 109.917
3 88 96.5738
3 89 84.2468
3 90 72.9665
3 91 62.7182
3 92 53.4014
3 93 44.9424
3 94 37.2109
3 95 30.0975
3 96 23.4963
3 97 17.2789
3 98 11.3655
3 99 5.63232
3 100 0

4 0 0
4 1 7.66146
4 2 15.4548
4 3 23.4963
4 4 31.9381
4 5 40.9019
4 6 50.5458
4 7 61.0162
4 8 72.4526
4 9 85.0148
4 10 98.7952
4 11 113.902
4 12 130.334
4 13 148.027
4 14 166.783
4 15 186.214
4 16 205.743
4 17 224.494
4 18 241.305
4 19 254.671
4 20 262.732
4 21 263.344
4 22 254.079
4 23 232.435
4 24 195.944
4 25 142.436
4 26 70.3537
4 27 -21.0279
4 28 -131.186
4 29 -258.096
4 30 -398.101
4 31 -545.704
4 32 -693.778
4 33 -833.767
4 34 -956.209
4 35 -1051.25
4 36 -1109.62
4 37 -1123.39
4 38 -1086.81
4 39 -997.097
4 40 -855.045
4 41 -665.241
4 42 -436.045
4 43 -179.225
4 44 90.7914
4 45 357.826
4 46 605.212
4 47 817.027
4 48 979.365
4 49 1081.34
4 50 1116.12
4 51 1081.34
4 52 979.365
4 53 817.027
4 54 605.212
4 55 357.826
4 56 90.7914
4 57 -179.225
4 58 -436.045
4 59 -665.241
4 60 -855.045
4 61 -997.097
4 62 -1086.81
4 63 -1123.39
4 64 -1109.62
4 65 -1051.25
4 66 -956.209
4 67 -833.767
4 68 -693.778
4 69 -545.704
4 70 -398.101
4 71 -258.096
4 72 -131.186
4 73 -21.0279
4 74 70.3537
4 75 142.436
4 76 195.944
4 77 232.435
4 78 254.079
4 79 263.344
4 80 262.732
4 81 254.671
4 82 241.305
4 83 224.494
4 84 205.743
4 85 186.214
4 86 166.783
4 87 148.027
4 88 130.334
4 89 113.902
4 90 98.7952
4 91 85.0148
4 92 72.4526
4 93 61.0162
4 94 50.5458
4 95 40.9019
4 96 31.9381
4 97 23.4963
4 98 15.4548
4 99 7.66146
4 100 0

5 0 0
5 1 9.81499
5 2 19.7952
5 3 30.0975
5 4 40.9019
5 5 52.3701
5 6 64.6901
5 7 78.036
5 8 92.5814
5 9 108.491
5 10 125.883
5 11 144.839
5 12 165.344
5 13 187.262
5 14 210.303
5 15 233.934
5 16 257.381
5 17 279.511
5 18 298.849
5 19 313.503
5 20 321.205
5 21 319.302
5 22 304.938
5 23 275.085
5 24 226.896
5 25 157.918
5 26 66.3755
5 27 -48.2782
5 28 -185.24
5 29 -341.847
5 30 -513.397
5 31 -693.166
5 32 -872.41
5 33 -1040.77
5 34 -1186.81
5 35 -1298.8
5 36 -1365.66
5 37 -1377.99
5 38 -1329.07
5 39 -1215.79
5 40 -1039.24
5 41 -805.127
5 42 -523.683
5 43 -209.223
5 44 120.736
5 45 446.628
5 46 748.253
5 47 1006.35
5 48 1204.05
5 49 1328.23
5 50 1370.57
5 51 1328.23
5 52 1204.05
5 53 1006.35
5 54 748.253
5 55 446.628
5 56 120.736
5 57 -209.223
5 58 -523.683
5 59 -805.127
5 60 -1039.24
5 61 -1215.79
5 62 -1329.07
5 63 -1377.99
5 64 -1365.66
5 65 -1298.8
5 66 -1186.81
5 67 -1040.77
5 68 -872.41
5 69 -693.166
5 70 -513.397
5 71 -341.847
5 72 -185.24
5 73 -48.2782
5 74 66.3755
5 75 157.918
5 76 226.896
5 77 275.085
5 78 304.938
5 79 319.302
5 80 321.205
5 81 313.503
5 82 298.849
5 83 279.511
5 84 257.381
5 85 233.934
5 86 210.303
5 87 187.262
5 88 165.344
5 89 144.839
5 90 125.883
5 91 108.491
5 92 92.5814
5 93 78.036
5 94 64.6901
5 95 52.3701
5 96 40.9019
5 97 30.0975
5 98 19.7952
5 99 9.81499
5 100 0

6 0 0
6 1 12.1392
6 2 24.4757
6 3 37.2109
6 4 50.5458
6 5 64.6901
6 6 79.849
6 7 96.2305
6 8 114.024
6 9 133.399
6 10 154.47
6 11 177.288
6 12 201.78
6 13 227.734
6 14 254.715
6 15 282.039
6 16 308.688
6 17 333.276
6 18 353.986
6 19 368.572
6 20 374.337
6 21 368.259
6 22 347.01
6 23 307.274
6 24 245.885
6 25 160.214
6 26 48.5939
6 27 -89.4286
6 28 -252.494
6 29 -437.23
6 30 -638.003
6 31 -846.779
6 32 -1053.4
6 33 -1245.89
6 34 -1411.17
6 35 -1535.87
6 36 -1607.51
6 37 -1615.5
6 38 -1552.46
6 39 -1415.03
6 40 -1204.79
6 41 -928.489
6 42 -598.09
6 43 -230.189
6 44 154.947
6 45 534.709
6 46 885.81
6 47 1186
6 48 1415.83
6 49 1560.14
6 50 1609.34
6 51 1560.14
6 52 1415.83
6 53 1186
6 54 885.81
6 55 534.709
6 56 154.947
6 57 -230.189
6 58 -598.09
6 59 -928.489
6 60 -1204.79
6 61 -1415.03
6 62 -1552.46
6 63 -1615.5
6 64 -1607.51
6 65 -1535.87
6 66 -1411.17
6 67 -1245.89
6 68 -1053.4
6 69 -846.779
6 70 -638.003
6 71 -437.23
6 72 -252.494
6 73 -89.4286
6 74 48.5939
6 75 160.214
6 76 245.885
6 77 307.274
6 78 347.01
6 79 368.259
6 80 374.337
6 81 368.572
6 82 353.986
6 83 333.276
6 84 308.688
6 85 282.039
6 86 254.715
6 87 227.734
6 88 201.78
6 89 177.288
6 90 154.47
6 91 133.399
6 92 114.024
6 93 96.2305
6 94 79.849
6 95 64.6901
6 96 50.5458
6 97 37.2109
6 98 24.4757
6 99 12.1392
6 100 0

7 0 0
7 1 14.669
7 2 29.5694
7 3 44.9424
7 4 61.0162
7 5 78.036
7 6 96.2305
7 7 115.822
7 8 137.017
7 9 159.96
7 10 184.762
7 11 211.395
7 12 239.728
7 13 269.414
7 14 299.867
7 15 330.201
7 16 359.147
7 17 385.03
7 18 405.712
7 19 418.575
7 20 420.601
7 21 408.36
7 22 378.294
7 23 326.788
7 24 250.584
7 25 147.09
7 26 14.7435
7 27 -146.436
7 28 -334.574
7 29 -545.505
7 30 -772.559
7 31 -1006.61
7 32 -1236.16
7 33 -1447.94
7 34 -1627.45
7 35 -1760.16
7 36 -1832.44
7 37 -1832.97
7 38 -1753.88
7 39 -1591.88
7 40 -1349.01
7 41 -1033.07
7 42 -657.567
7 43 -241.081
7 44 193.728
7 45 621.683
7 46 1016.81
7 47 1354.35
7 48 1612.6
7 49 1774.72
7 50 1829.97
7 51 1774.72
7 52 1612.6
7 53 1354.35
7 54 1016.81
7 55 621.683
7 56 193.728
7 57 -241.081
7 58 -657.567
7 59 -1033.07
7 60 -1349.01
7 61 -1591.88
7 62 -1753.88
7 63 -1832.97
7 64 -1832.44
7 65 -1760.16
7 66 -1627.45
7 67 -1447.94
7 68 -1236.16
7 69 -1006.61
7 70 -772.559
7 71 -545.505
7 72 -334.574
7 73 -146.436
7 74 14.7435
7 75 147.09
7 76 250.584
7 77 326.788
7 78 378.294
7 79 408.36
7 80 420.601
7 81 418.575
7 82 405.712
7 83 385.03
7 84 359.147
7 85 330.201
7 86 299.867
7 87 269.414
7 88 239.728
7 89 211.395
7 90 184.762
7 91 159.96
7 92 137.017
7 93 115.822
7 94 96.2305
7 95 78.036
7 96 61.0162
7 97 44.9424
7 98 29.5694
7 99 14.669
7 100 0

8 0 0
8 1 17.4411
8 2 35.1479
8 3 53.4014
8 4 72.4526
8 5 92.5814
8 6 114.024
8 7 137.017
8 8 161.752
8 9 188.352
8 10 216.873
8 11 247.214
8 12 279.124
8 13 312.116
8 14 345.399
8 15 377.874
8 16 407.98
8 17 433.762
8 18 452.74
8 19 462.003
8 20 458.19
8 21 437.674
8 22 396.636
8 23 331.446
8 24 238.851
8 25 116.422
8 26 -36.9628
8 27 -220.865
8 28 -432.626
8 29 -667.269
8 30 -917.186
8 31 -1172.15
8 32 -1419.67
8 33 -1645.31
8 34 -1833.66
8 35 -1969.26
8 36 -2037.86
8 37 -2027.66
8 38 -1930.69
8 39 -1743.84
8 40 -1469.74
8 41 -1117.14
8 42 -700.882
8 43 -241.242
8 44 237.167
8 45 707.031
8 46 1140.24
8 47 1509.91
8 48 1792.56
8 49 1969.91
8 50 2030.37
8 51 1969.91
8 52 1792.56
8 53 1509.91
8 54 1140.24
8 55 707.031
8 56 237.167
8 57 -241.242
8 58 -700.882
8 59 -1117.14
8 60 -1469.74
8 61 -1743.84
8 62 -1930.69
8 63 -2027.66
8 64 -2037.86
8 65 -1969.26
8 66 -1833.66
8 67 -1645.31
8 68 -1419.67
8 69 -1172.15
8 70 -917.186
8 71 -667.269
8 72 -432.626
8 73 -220.865
8 74 -36.9628
8 75 116.422
8 76 238.851
8 77 331.446
8 78 396.636
8 79 437.674
8 80 458.19
8 81 462.003
8 82 452.74
8 83 433.762
8 84 407.98
8 85 377.874
8 86 345.399
8 87 312.116
8 88 279.124
8 89 247.214
8 90 216.873
8 91 188.352
8 92 161.752
8 93 137.017
8 94 114.024
8 95 92.5814
8 96 72.4526
8 97 53.4014
8 98 35.1479
8 99 17.4411
8 100 0

9 0 0
9 1 20.5052
9 2 41.3087
9 3 62.7182
9 4 85.0148
9 5 108.491
9 6 133.399
9 7 159.96
9 8 188.352
9 9 218.637
9 10 250.808
9 11 284.638
9 12 319.744
9 13 355.44
9 14 390.725
9 15 424.233
9 16 454.127
9 17 478.147
9 18 493.529
9 19 497.058
9 20 485.192
9 21 454.081
9 22 399.934
9 23 319.128
9 24 208.659
9 25 66.4992
9 26 -108.016
9 27 -313.696
9 28 -547.162
9 29 -802.542
9 30 -1071.32
9 31 -1342.4
9 32 -1602.37
9 33 -1836.12
9 34 -2027.56
9 35 -2160.8
9 36 -2221.3
9 37 -2197.21
9 38 -2080.68
9 39 -1868.98
9 40 -1565.37
9 41 -1179.5
9 42 -727.312
9 43 -230.4
9 44 285.068
9 45 790.164
9 46 1255.08
9 47 1651.39
9 48 1954.16
9 49 2144.06
9 50 2208.76
9 51 2144.06
9 52 1954.16
9 53 1651.39
9 54 1255.08
9 55 790.164
9 56 285.068
9 57 -230.4
9 58 -727.312
9 59 -1179.5
9 60 -1565.37
9 61 -1868.98
9 62 -2080.68
9 63 -2197.21
9 64 -2221.3
9 65 -2160.8
9 66 -2027.56
9 67 -1836.12
9 68 -1602.37
9 69 -1342.4
9 70 -1071.32
9 71 -802.542
9 72 -547.162
9 73 -313.696
9 74 -108.016
9 75 66.4992
9 76 208.659
9 77 319.128
9 78 399.934
9 79 454.081
9 80 485.192
9 81 497.058
9 82 493.529
9 83 478.147
9 84 454.127
9 85 424.233
9 86 390.725
9 87 355.44
9 88 319.744
9 89 284.638
9 90 250.808
9 91 218.637
9 92 188.352
9 93 159.96
9 94 133.399
9 95 108.491
9 96 85.0148
9 97 62.7182
9 98 41.3087
9 99 20.5052
9 100 0

10 0 0
10 1 23.8845
10 2 48.0963
10 3 72.9665
10 4 98.7952
10 5 125.883
10 6 154.47
10 7 184.762
10 8 216.873
10 9 250.808
10 10 286.433
10 11 323.399
10 12 361.128
10 13 398.734
10 14 434.954
10 15 468.159
10 16 496.213
10 17 516.582
10 18 526.22
10 19 521.736
10 20 499.404
10 21 455.414
10 22 386.005
10 23 287.85
10 24 158.328
10 25 -4.0696
10 26 -199.271
10 27 -425.356
10 28 -678.044
10 29 -950.638
10 30 -1233.78
10 31 -1515.65
10 32 -1782.3
10 33 -2018.11
10 34 -2206.82
10 35 -2332.44
10 36 -2380.57
10 37 -2339.59
10 38 -2202.12
10 39 -1965.93
10 40 -1634.95
10 41 -1219.57
10 42 -736.604
10 43 -208.669
10 44 337.021
10 45 870.372
10 46 1360.44
10 47 1777.66
10 48 2096.17
10 49 2295.84
10 50 2363.87
10 51 2295.84
10 52 2096.17
10 53 1777.66
10 54 1360.44
10 55 870.372
10 56 337.021
10 57 -208.669
10 58 -736.604
10 59 -1219.57
10 60 -1634.95
10 61 -1965.93
10 62 -2202.12
10 63 -2339.59
10 64 -2380.57
10 65 -2332.44
10 66 -2206.82
10 67 -2018.11
10 68 -1782.3
10 69 -1515.65
10 70 -1233.78
10 71 -950.638
10 72 -678.044
10 73 -425.356
10 74 -199.271
10 75 -4.0696
10 76 158.328
10 77 287.85
10 78 386.005
10 79 455.414
10 80 499.404
10 81 521.736
10 82 526.22
10 83 516.582
10 84 496.213
10 85 468.159
10 86 434.954
10 87 398.734
10 88 361.128
10 89 323.399
10 90 286.433
10 91 250.808
10 92 216.873
10 93 184.762
10 94 154.47
10 95 125.883
10 96 98.7952
10 97 72.9665
10 98 48.0963
10 99 23.8845
10 100 0

11 0 0
11 1 27.6227
11 2 55.5924
11 3 84.2468
11 4 113.902
11 5 144.839
11 6 177.288
11 7 211.395
11 8 247.214
11 9 284.638
11 10 323.399
11 11 362.969
11 12 402.567
11 13 441.048
11 14 476.902
11 15 508.194
11 16 532.539
11 17 547.119
11 18 548.722
11 19 533.787
11 20 498.623
11 21 439.462
11 22 352.866
11 23 235.883
11 24 86.4713
11 25 -96.1343
11 26 -311.097
11 27 -555.57
11 28 -824.446
11 29 -1110.17
11 30 -1402.73
11 31 -1689.79
11 32 -1957.02
11 33 -2188.84
11 34 -2369.03
11 35 -2481.97
11 36 -2513.72
11 37 -2453.3
11 38 -2293.89
11 39 -2033.97
11 40 -1678.09
11 41 -1237.3
11 42 -729.04
11 43 -176.526
11 44 392.367
11 45 946.904
11 46 1455.46
11 47 1887.89
11 48 2217.7
11 49 2424.35
11 50 2494.71
11 51 2424.35
11 52 2217.7
11 53 1887.89
11 54 1455.46
11 55 946.904
11 56 392.367
11 57 -176.526
11 58 -729.04
11 59 -1237.3
11 60 -1678.09
11 61 -2033.97
11 62 -2293.89
11 63 -2453.3
11 64 -2513.72
11 65 -2481.97
11 66 -2369.03
11 67 -2188.84
11 68 -1957.02
11 69 -1689.79
11 70 -1402.73
11 71 -1110.17
11 72 -824.446
11 73 -555.57
11 74 -311.097
11 75 -96.1343
11 76 86.4713
11 77 235.883
11 78 352.866
11 79 439.462
11 80 498.623
11 81 533.787
11 82 548.722
11 83 547.119
11 84 532.539
11 85 508.194
11 86 476.902
11 87 441.048
11 88 402.567
11 89 362.969
11 90 323.399
11 91 284.638
11 92 247.214
11 93 211.395
11 94 177.288
11 95 144.839
11 96 113.902
11 97 84.2468
11 98 55.5924
11 99 27.6227
11 100 0

12 0 0
12 1 31.7275
12 2 63.8064
12 3 96.5738
12 4 130.334
12 5 165.344
12 6 201.78
12 7 239.728
12 8 279.124
12 9 319.744
12 10 361.128
12 11 402.567
12 12 443.017
12 13 481.095
12 14 515.001
12 15 542.533
12 16 561.054
12 17 567.553
12 18 558.668
12 19 530.864
12 20 480.49
12 21 404.12
12 22 298.67
12 23 161.811
12 24 -7.7618
12 25 -210
12 26 -443.122
12 27 -703.372
12 28 -984.78
12 29 -1279.09
12 30 -1575.72
12 31 -1862.07
12 32 -2123.86
12 33 -2345.65
12 34 -2511.82
12 35 -2607.39
12 36 -2619.25
12 37 -2537.24
12 38 -2355.42
12 39 -2072.97
12 40 -1695.08
12 41 -1233.26
12 42 -705.338
12 43 -134.811
12 44 450.267
12 45 1018.94
12 46 1539.44
12 47 1981.37
12 48 2318.16
12 49 2529.04
12 50 2600.85
12 51 2529.04
12 52 2318.16
12 53 1981.37
12 54 1539.44
12 55 1018.94
12 56 450.267
12 57 -134.811
12 58 -705.338
12 59 -1233.26
12 60 -1695.08
12 61 -2072.97
12 62 -2355.42
12 63 -2537.24
12 64 -2619.25
12 65 -2607.39
12 66 -2511.82
12 67 -2345.65
12 68 -2123.86
12 69 -1862.07
12 70 -1575.72
12 71 -1279.09
12 72 -984.78
12 73 -703.372
12 74 -443.122
12 75 -210
12 76 -7.7618
12 77 161.811
12 78 298.67
12 79 404.12
12 80 480.49
12 81 530.864
12 82 558.668
12 83 567.553
12 84 561.054
12 85 542.533
12 86 515.001
12 87 481.095
12 88 443.017
12 89 402.567
12 90 361.128
12 91 319.744
12 92 279.124
12 93 239.728
12 94 201.78
12 95 165.344
12 96 130.334
12 97 96.5738
12 98 63.8064
12 99 31.7275
12 100 0

13 0 0
13 1 36.1976
13 2 72.732
13 3 109.917
13 4 148.027
13 5 187.262
13 6 227.734
13 7 269.414
13 8 312.116
13 9 355.44
13 10 398.734
13 11 441.048
13 12 481.095
13 13 517.206
13 14 547.336
13 15 569.008
13 16 579.418
13 17 575.388
13 18 553.575
13 19 510.491
13 20 442.8
13 21 347.431
13 22 221.936
13 23 64.7067
13 24 -124.709
13 25 -345.284
13 26 -594.29
13 27 -867.044
13 28 -1156.79
13 29 -1454.65
13 30 -1749.78
13 31 -2029.5
13 32 -2279.79
13 33 -2485.9
13 34 -2632.94
13 35 -2707
13 36 -2696.01
13 37 -2590.95
13 38 -2386.75
13 39 -2083.45
13 40 -1686.75
13 41 -1208.52
13 42 -666.664
13 43 -84.6362
13 44 509.717
13 45 1085.68
13 46 1611.74
13 47 2057.76
13 48 2397.32
13 49 2609.83
13 50 2682.16
13 51 2609.83
13 52 2397.32
13 53 2057.76
13 54 1611.74
13 55 1085.68
13 56 509.717
13 57 -84.6362
13 58 -666.664
13 59 -1208.52
13 60 -1686.75
13 61 -2083.45
13 62 -2386.75
13 63 -2590.95
13 64 -2696.01
13 65 -2707
13 66 -2632.94
13 67 -2485.9
13 68 -2279.79
13 69 -2029.5
13 70 -1749.78
13 71 -1454.65
13 72 -1156.79
13 73 -867.044
13 74 -594.29
13 75 -345.284
13 76 -124.709
13 77 64.7067
13 78 221.936
13 79 347.431
13 80 442.8
13 81 510.491
13 82 553.575
13 83 575.388
13 84 579.418
13 85 569.008
13 86 547.336
13 87 517.206
13 88 481.095
13 89 441.048
13 90 398.734
13 91 355.44
13 92 312.116
13 93 269.414
13 94 227.734
13 95 187.262
13 96 148.027
13 97 109.917
13 98 72.732
13 99 36.1976
13 100 0

14 0 0
14 1 41.0043
14 2 82.3003
14 3 124.159
14 4 166.783
14 5 210.303
14 6 254.715
14 7 299.867
14 8 345.399
14 9 390.725
14 10 434.954
14 11 476.902
14 12 515.001
14 13 547.336
14 14 571.602
14 15 585.138
14 16 584.995
14 17 567.984
14 18 530.82
14 19 470.31
14 20 383.446
14 21 267.812
14 22 121.627
14 23 -55.8194
14 24 -263.998
14 25 -500.894
14 26 -762.801
14 27 -1044.14
14 28 -1337.51
14 29 -1633.62
14 30 -1921.47
14 31 -2188.69
14 32 -2421.83
14 33 -2606.96
14 34 -2730.42
14 35 -2779.48
14 36 -2743.45
14 37 -2614.46
14 38 -2388.56
14 39 -2066.52
14 40 -1654.54
14 41 -1164.62
14 42 -614.542
14 43 -27.3676
14 44 569.609
14 45 1146.33
14 46 1671.92
14 47 2116.87
14 48 2455.3
14 49 2666.94
14 50 2738.96
14 51 2666.94
14 52 2455.3
14 53 2116.87
14 54 1671.92
14 55 1146.33
14 56 569.609
14 57 -27.3676
14 58 -614.542
14 59 -1164.62
14 60 -1654.54
14 61 -2066.52
14 62 -2388.56
14 63 -2614.46
14 64 -2743.45
14 65 -2779.48
14 66 -2730.42
14 67 -2606.96
14 68 -2421.83
14 69 -2188.69
14 70 -1921.47
14 71 -1633.62
14 72 -1337.51
14 73 -1044.14
14 74 -762.801
14 75 -500.894
14 76 -263.998
14 77 -55.8194
14 78 121.627
14 79 267.812
14 80 383.446
14 81 470.31
14 82 530.82
14 83 567.984
14 84 584.995
14 85 585.138
14 86 571.602
14 87 547.336
14 88 515.001
14 89 476.902
14 90 434.954
14 91 390.725
14 92 345.399
14 93 299.867
14 94 254.715
14 95 210.303
14 96 166.783
14 97 124.159
14 98 82.3003
14 99 41.0043
14 100 0

15 0 0
15 1 46.0601
15 2 92.3362
15 3 139.019
15 4 186.214
15 5 233.934
15 6 282.039
15 7 330.201
15 8 377.874
15 9 424.233
15 10 468.159
15 11 508.194
15 12 542.533
15 13 569.008
15 14 585.138
15 15 588.111
15 16 574.967
15 17 542.562
15 18 487.885
15 19 408.059
15 20 300.711
15 21 164.068
15 22 -2.73516
15 23 -199.449
15 24 -424.532
15 25 -674.947
15 26 -946.03
15 27 -1231.5
15 28 -1523.39
15 29 -1812.19
15 30 -2087.09
15 31 -2336.19
15 32 -2546.88
15 33 -2706.47
15 34 -2802.55
15 35 -2824
15 36 -2761.46
15 37 -2608.47
15 38 -2362.07
15 39 -2023.86
15 40 -1600.33
15 41 -1103.51
15 42 -550.784
15 43 35.441
15 44 628.786
15 45 1200.15
15 46 1719.68
15 47 2158.82
15 48 2492.47
15 49 2701.01
15 50 2771.96
15 51 2701.01
15 52 2492.47
15 53 2158.82
15 54 1719.68
15 55 1200.15
15 56 628.786
15 57 35.441
15 58 -550.784
15 59 -1103.51
15 60 -1600.33
15 61 -2023.86
15 62 -2362.07
15 63 -2608.47
15 64 -2761.46
15 65 -2824
15 66 -2802.55
15 67 -2706.47
15 68 -2546.88
15 69 -2336.19
15 70 -2087.09
15 71 -1812.19
15 72 -1523.39
15 73 -1231.5
15 74 -946.03
15 75 -674.947
15 76 -424.532
15 77 -199.449
15 78 -2.73516
15 79 164.068
15 80 300.711
15 81 408.059
15 82 487.885
15 83 542.562
15 84 574.967
15 85 588.111
15 86 585.138
15 87 569.008
15 88 542.533
15 89 508.194
15 90 468.159
15 91 424.233
15 92 377.874
15 93 330.201
15 94 282.039
15 95 233.934
15 96 186.214
15 97 139.019
15 98 92.3362
15 99 46.0601
15 100 0

16 0 0
16 1 51.2465
16 2 102.59
16 3 154.101
16 4 205.743
16 5 257.381
16 6 308.688
16 7 359.147
16 8 407.98
16 9 454.127
16 10 496.213
16 11 532.539
16 12 561.054
16 13 579.418
16 14 584.995
16 15 574.967
16 16 546.406
16 17 496.437
16 18 422.349
16 19 321.885
16 20 193.273
16 21 35.6704
16 22 -150.891
16 23 -365.111
16 24 -604.413
16 25 -864.772
16 26 -1140.74
16 27 -1425.34
16 28 -1710.37
16 29 -1986.3
16 30 -2242.73
16 31 -2468.51
16 32 -2652.17
16 33 -2782.32
16 34 -2848.22
16 35 -2840.2
16 36 -2750.59
16 37 -2574.16
16 38 -2309.11
16 39 -1957.6
16 40 -1526.46
16 41 -1027.45
16 42 -477.413
16 43 102.189
16 44 686.097
16 45 1246.53
16 46 1754.94
16 47 2183.98
16 48 2509.62
16 49 2713
16 50 2782.17
16 51 2713
16 52 2509.62
16 53 2183.98
16 54 1754.94
16 55 1246.53
16 56 686.097
16 57 102.189
16 58 -477.413
16 59 -1027.45
16 60 -1526.46
16 61 -1957.6
16 62 -2309.11
16 63 -2574.16
16 64 -2750.59
16 65 -2840.2
16 66 -2848.22
16 67 -2782.32
16 68 -2652.17
16 69 -2468.51
16 70 -2242.73
16 71 -1986.3
16 72 -1710.37
16 73 -1425.34
16 74 -1140.74
16 75 -864.772
16 76 -604.413
16 77 -365.111
16 78 -150.891
16 79 35.6704
16 80 193.273
16 81 321.885
16 82 422.349
16 83 496.437
16 84 546.406
16 85 574.967
16 86 584.995
16 87 579.418
16 88 561.054
16 89 532.539
16 90 496.213
16 91 454.127
16 92 407.98
16 93 359.147
16 94 308.688
16 95 257.381
16 96 205.743
16 97 154.101
16 98 102.59
16 99 51.2465
16 100 0

17 0 0
17 1 56.3521
17 2 112.639
17 3 168.757
17 4 224.494
17 5 279.511
17 6 333.276
17 7 385.03
17 8 433.762
17 9 478.147
17 10 516.582
17 11 547.119
17 12 567.553
17 13 575.388
17 14 567.984
17 15 542.562
17 16 496.437
17 17 427.033
17 18 332.228
17 19 210.333
17 20 60.5149
17 21 -117.244
17 22 -321.813
17 23 -550.894
17 24 -800.899
17 25 -1066.96
17 26 -1342.88
17 27 -1621.37
17 28 -1894.03
17 29 -2151.68
17 30 -2384.52
17 31 -2582.4
17 32 -2735.15
17 33 -2832.95
17 34 -2866.65
17 35 -2828.38
17 36 -2711.89
17 37 -2513.36
17 38 -2231.92
17 39 -1870.35
17 40 -1435.53
17 41 -938.913
17 42 -396.567
17 43 171.18
17 44 740.449
17 45 1285
17 46 1777.79
17 47 2192.97
17 48 2507.71
17 49 2704.19
17 50 2770.97
17 51 2704.19
17 52 2507.71
17 53 2192.97
17 54 1777.79
17 55 1285
17 56 740.449
17 57 171.18
17 58 -396.567
17 59 -938.913
17 60 -1435.53
17 61 -1870.35
17 62 -2231.92
17 63 -2513.36
17 64 -2711.89
17 65 -2828.38
17 66 -2866.65
17 67 -2832.95
17 68 -2735.15
17 69 -2582.4
17 70 -2384.52
17 71 -2151.68
17 72 -1894.03
17 73 -1621.37
17 74 -1342.88
17 75 -1066.96
17 76 -800.899
17 77 -550.894
17 78 -321.813
17 79 -117.244
17 80 60.5149
17 81 210.333
17 82 332.228
17 83 427.033
17 84 496.437
17 85 542.562
17 86 567.984
17 87 575.388
17 88 567.553
17 89 547.119
17 90 516.582
17 91 478.147
17 92 433.762
17 93 385.03
17 94 333.276
17 95 279.511
17 96 224.494
17 97 168.757
17 98 112.639
17 99 56.3521
17 100 0

18 0 0
18 1 61.1013
18 2 121.923
18 3 182.136
18 4 241.305
18 5 298.849
18 6 353.986
18 7 405.712
18 8 452.74
18 9 493.529
18 10 526.22
18 11 548.722
18 12 558.668
18 13 553.575
18 14 530.82
18 15 487.885
18 16 422.349
18 17 332.228
18 18 215.936
18 19 72.7024
18 20 -97.5137
18 21 -293.642
18 22 -513.579
18 23 -754.017
18 24 -1010.48
18 25 -1277.34
18 26 -1547.99
18 27 -1814.87
18 28 -2069.79
18 29 -2304.06
18 30 -2508.74
18 31 -2674.89
18 32 -2793.78
18 33 -2857.24
18 34 -2857.84
18 35 -2789.31
18 36 -2647.01
18 37 -2428.29
18 38 -2133.19
18 39 -1764.91
18 40 -1330.36
18 41 -840.475
18 42 -310.375
18 43 240.855
18 44 790.916
18 45 1315.23
18 46 1788.59
18 47 2186.66
18 48 2488.12
18 49 2676.12
18 50 2740.04
18 51 2676.12
18 52 2488.12
18 53 2186.66
18 54 1788.59
18 55 1315.23
18 56 790.916
18 57 240.855
18 58 -310.375
18 59 -840.475
18 60 -1330.36
18 61 -1764.91
18 62 -2133.19
18 63 -2428.29
18 64 -2647.01
18 65 -2789.31
18 66 -2857.84
18 67 -2857.24
18 68 -2793.78
18 69 -2674.89
18 70 -2508.74
18 71 -2304.06
18 72 -2069.79
18 73 -1814.87
18 74 -1547.99
18 75 -1277.34
18 76 -1010.48
18 77 -754.017
18 78 -513.579
18 79 -293.642
18 80 -97.5137
18 81 72.7024
18 82 215.936
18 83 332.228
18 84 422.349
18 85 487.885
18 86 530.82
18 87 553.575
18 88 558.668
18 89 548.722
18 90 526.22
18 91 493.529
18 92 452.74
18 93 405.712
18 94 353.986
18 95 298.849
18 96 241.305
18 97 182.136
18 98 121.923
18 99 61.1013
18 100 0

19 0 0
19 1 65.1184
19 2 129.693
19 3 193.106
19 4 254.671
19 5 313.503
19 6 368.572
19 7 418.575
19 8 462.003
19 9 497.058
19 10 521.736
19 11 533.787
19 12 530.864
19 13 510.491
19 14 470.31
19 15 408.059
19 16 321.885
19 17 210.333
19 18 72.7024
19 19 -91.0192
19 20 -279.78
19 21 -491.608
19 22 -723.362
19 23 -970.853
19 24 -1228.86
19 25 -1491.25
19 26 -1751.1
19 27 -2000.97
19 28 -2233.03
19 29 -2439.34
19 30 -2612.04
19 31 -2743.5
19 32 -2826.6
19 33 -2854.72
19 34 -2822.23
19 35 -2724.43
19 36 -2558.04
19 37 -2321.59
19 38 -2015.87
19 39 -1644.36
19 40 -1213.85
19 41 -734.665
19 42 -220.919
19 43 309.772
19 44 836.699
19 45 1337.22
19 46 1787.88
19 47 2166.22
19 48 2452.33
19 49 2630.68
19 50 2691.25
19 51 2630.68
19 52 2452.33
19 53 2166.22
19 54 1787.88
19 55 1337.22
19 56 836.699
19 57 309.772
19 58 -220.919
19 59 -734.665
19 60 -1213.85
19 61 -1644.36
19 62 -2015.87
19 63 -2321.59
19 64 -2558.04
19 65 -2724.43
19 66 -2822.23
19 67 -2854.72
19 68 -2826.6
19 69 -2743.5
19 70 -2612.04
19 71 -2439.34
19 72 -2233.03
19 73 -2000.97
19 74 -1751.1
19 75 -1491.25
19 76 -1228.86
19 77 -970.853
19 78 -723.362
19 79 -491.608
19 80 -279.78
19 81 -91.0192
19 82 72.7024
19 83 210.333
19 84 321.885
19 85 408.059
19 86 470.31
19 87 510.491
19 88 530.864
19 89 533.787
19 90 521.736
19 91 497.058
19 92 462.003
19 93 418.575
19 94 368.572
19 95 313.503
19 96 254.671
19 97 193.106
19 98 129.693
19 99 65.1184
19 100 0

20 0 0
20 1 67.9356
20 2 135.005
20 3 200.274
20 4 262.732
20 5 321.205
20 6 374.337
20 7 420.601
20 8 458.19
20 9 485.192
20 10 499.404
20 11 498.623
20 12 480.49
20 13 442.8
20 14 383.446
20 15 300.711
20 16 193.273
20 17 60.5149
20 18 -97.5137
20 19 -279.78
20 20 -484.348
20 21 -708.241
20 22 -947.421
20 23 -1197.01
20 24 -1451.17
20 25 -1703.49
20 26 -1947.06
20 27 -2174.73
20 28 -2379.31
20 29 -2553.82
20 30 -2691.57
20 31 -2786.4
20 32 -2832.7
20 33 -2825.6
20 34 -2760.95
20 35 -2635.6
20 36 -2447.53
20 37 -2196.24
20 38 -1883.08
20 39 -1511.78
20 40 -1088.85
20 41 -623.954
20 42 -130.041
20 43 376.68
20 44 877.332
20 45 1351.09
20 46 1776.54
20 47 2132.98
20 48 2402.23
20 49 2569.89
20 50 2626.84
20 51 2569.89
20 52 2402.23
20 53 2132.98
20 54 1776.54
20 55 1351.09
20 56 877.332
20 57 376.68
20 58 -130.041
20 59 -623.954
20 60 -1088.85
20 61 -1511.78
20 62 -1883.08
20 63 -2196.24
20 64 -2447.53
20 65 -2635.6
20 66 -2760.95
20 67 -2825.6
20 68 -2832.7
20 69 -2786.4
20 70 -2691.57
20 71 -2553.82
20 72 -2379.31
20 73 -2174.73
20 74 -1947.06
20 75 -1703.49
20 76 -1451.17
20 77 -1197.01
20 78 -947.421
20 79 -708.241
20 80 -484.348
20 81 -279.78
20 82 -97.5137
20 83 60.5149
20 84 193.273
20 85 300.711
20 86 383.446
20 87 442.8
20 88 480.49
20 89 498.623
20 90 499.404
20 91 485.192
20 92 458.19
20 93 420.601
20 94 374.337
20 95 321.205
20 96 262.732
20 97 200.274
20 98 135.005
20 99 67.9356
20 100 0

21 0 0
21 1 68.9856
21 2 136.749
21 3 201.975
21 4 263.344
21 5 319.302
21 6 368.259
21 7 408.36
21 8 437.674
21 9 454.081
21 10 455.414
21 11 439.462
21 12 404.12
21 13 347.431
21 14 267.812
21 15 164.068
21 16 35.6704
21 17 -117.244
21 18 -293.642
21 19 -491.608
21 20 -708.241
21 21 -939.687
21 22 -1181.24
21 23 -1427.37
21 24 -1672.02
21 25 -1908.68
21 26 -2130.7
21 27 -2331.45
21 28 -2504.62
21 29 -2644.28
21 30 -2745.1
21 31 -2802.35
21 32 -2812
21 33 -2770.62
21 34 -2675.65
21 35 -2525.16
21 36 -2318.27
21 37 -2055.27
21 38 -1737.97
21 39 -1370.17
21 40 -958.042
21 41 -510.494
21 42 -39.3368
21 43 440.737
21 44 912.579
21 45 1357.37
21 46 1755.65
21 47 2088.67
21 48 2339.83
21 49 2496.11
21 50 2549.14
21 51 2496.11
21 52 2339.83
21 53 2088.67
21 54 1755.65
21 55 1357.37
21 56 912.579
21 57 440.737
21 58 -39.3368
21 59 -510.494
21 60 -958.042
21 61 -1370.17
21 62 -1737.97
21 63 -2055.27
21 64 -2318.27
21 65 -2525.16
21 66 -2675.65
21 67 -2770.62
21 68 -2812
21 69 -2802.35
21 70 -2745.1
21 71 -2644.28
21 72 -2504.62
21 73 -2331.45
21 74 -2130.7
21 75 -1908.68
21 76 -1672.02
21 77 -1427.37
21 78 -1181.24
21 79 -939.687
21 80 -708.241
21 81 -491.608
21 82 -293.642
21 83 -117.244
21 84 35.6704
21 85 164.068
21 86 267.812
21 87 347.431
21 88 404.12
21 89 439.462
21 90 455.414
21 91 454.081
21 92 437.674
21 93 408.36
21 94 368.259
21 95 319.302
21 96 263.344
21 97 201.975
21 98 136.749
21 99 68.9856
21 100 0

22 0 0
22 1 67.6415
22 2 133.656
22 3 196.38
22 4 254.079
22 5 304.938
22 6 347.01
22 7 378.294
22 8 396.636
22 9 399.934
22 10 386.005
22 11 352.866
22 12 298.67
22 13 221.936
22 14 121.627
22 15 -2.73516
22 16 -150.891
22 17 -321.813
22 18 -513.579
22 19 -723.362
22 20 -947.421
22 21 -1181.24
22 22 -1419.48
22 23 -1656.4
22 24 -1885.78
22 25 -2101.36
22 26 -2296.98
22 27 -2466.77
22 28 -2605.41
22 29 -2708.2
22 30 -2771.14
22 31 -2790.92
22 32 -2764.94
22 33 -2691.22
22 34 -2568.41
22 35 -2395.76
22 36 -2173.26
22 37 -1901.81
22 38 -1583.59
22 39 -1222.3
22 40 -823.776
22 41 -396.117
22 42 49.9796
22 43 501.348
22 44 942.618
22 45 1356.88
22 46 1726.66
22 47 2035.14
22 48 2267.46
22 49 2411.84
22 50 2460.83
22 51 2411.84
22 52 2267.46
22 53 2035.14
22 54 1726.66
22 55 1356.88
22 56 942.618
22 57 501.348
22 58 49.9796
22 59 -396.117
22 60 -823.776
22 61 -1222.3
22 62 -1583.59
22 63 -1901.81
22 64 -2173.26
22 65 -2395.76
22 66 -2568.41
22 67 -2691.22
22 68 -2764.94
22 69 -2790.92
22 70 -2771.14
22 71 -2708.2
22 72 -2605.41
22 73 -2466.77
22 74 -2296.98
22 75 -2101.36
22 76 -1885.78
22 77 -1656.4
22 78 -1419.48
22 79 -1181.24
22 80 -947.421
22 81 -723.362
22 82 -513.579
22 83 -321.813
22 84 -150.891
22 85 -2.73516
22 86 121.627
22 87 221.936
22 88 298.67
22 89 352.866
22 90 386.005
22 91 399.934
22 92 396.636
22 93 378.294
22 94 347.01
22 95 304.938
22 96 254.079
22 97 196.38
22 98 133.656
22 99 67.6415
22 100 0

23 0 0
23 1 63.2029
23 2 124.384
23 3 181.485
23 4 232.435
23 5 275.085
23 6 307.274
23 7 326.788
23 8 331.446
23 9 319.128
23 10 287.85
23 11 235.883
23 12 161.811
23 13 64.7067
23 14 -55.8194
23 15 -199.449
23 16 -365.111
23 17 -550.894
23 18 -754.017
23 19 -970.853
23 20 -1197.01
23 21 -1427.37
23 22 -1656.4
23 23 -1878.18
23 24 -2086.75
23 25 -2276.28
23 26 -2441.31
23 27 -2576.92
23 28 -2678.91
23 29 -2743.81
23 30 -2768.92
23 31 -2752.33
23 32 -2692.68
23 33 -2589.23
23 34 -2441.68
23 35 -2250.18
23 36 -2015.43
23 37 -1738.82
23 38 -1422.64
23 39 -1070.59
23 40 -687.997
23 41 -282.222
23 42 137.197
23 43 558.486
23 44 968.015
23 45 1350.78
23 46 1691.3
23 47 1974.66
23 48 2187.65
23 49 2319.89
23 50 2364.72
23 51 2319.89
23 52 2187.65
23 53 1974.66
23 54 1691.3
23 55 1350.78
23 56 968.015
23 57 558.486
23 58 137.197
23 59 -282.222
23 60 -687.997
23 61 -1070.59
23 62 -1422.64
23 63 -1738.82
23 64 -2015.43
23 65 -2250.18
23 66 -2441.68
23 67 -2589.23
23 68 -2692.68
23 69 -2752.33
23 70 -2768.92
23 71 -2743.81
23 72 -2678.91
23 73 -2576.92
23 74 -2441.31
23 75 -2276.28
23 76 -2086.75
23 77 -1878.18
23 78 -1656.4
23 79 -1427.37
23 80 -1197.01
23 81 -970.853
23 82 -754.017
23 83 -550.894
23 84 -365.111
23 85 -199.449
23 86 -55.8194
23 87 64.7067
23 88 161.811
23 89 235.883
23 90 287.85
23 91 319.128
23 92 331.446
23 93 326.788
23 94 307.274
23 95 275.085
23 96 232.435
23 97 181.485
23 98 124.384
23 99 63.2029
23 100 0

24 0 0
24 1 54.9957
24 2 107.59
24 3 155.371
24 4 195.944
24 5 226.896
24 6 245.885
24 7 250.584
24 8 238.851
24 9 208.659
24 10 158.328
24 11 86.4713
24 12 -7.7618
24 13 -124.709
24 14 -263.998
24 15 -424.532
24 16 -604.413
24 17 -800.899
24 18 -1010.48
24 19 -1228.86
24 20 -1451.17
24 21 -1672.02
24 22 -1885.78
24 23 -2086.75
24 24 -2269.39
24 25 -2428.55
24 26 -2559.65
24 27 -2658.84
24 28 -2723.07
24 29 -2750.09
24 30 -2738.49
24 31 -2687.48
24 32 -2596.87
24 33 -2466.88
24 34 -2298.06
24 35 -2091.25
24 36 -1847.64
24 37 -1568.92
24 38 -1257.54
24 39 -916.966
24 40 -552.117
24 41 -169.611
24 42 222.052
24 43 612.519
24 44 989.78
24 45 1340.67
24 46 1651.64
24 47 1909.66
24 48 2103.22
24 49 2223.2
24 50 2263.87
24 51 2223.2
24 52 2103.22
24 53 1909.66
24 54 1651.64
24 55 1340.67
24 56 989.78
24 57 612.519
24 58 222.052
24 59 -169.611
24 60 -552.117
24 61 -916.966
24 62 -1257.54
24 63 -1568.92
24 64 -1847.64
24 65 -2091.25
24 66 -2298.06
24 67 -2466.88
24 68 -2596.87
24 69 -2687.48
24 70 -2738.49
24 71 -2750.09
24 72 -2723.07
24 73 -2658.84
24 74 -2559.65
24 75 -2428.55
24 76 -2269.39
24 77 -2086.75
24 78 -1885.78
24 79 -1672.02
24 80 -1451.17
24 81 -1228.86
24 82 -1010.48
24 83 -800.899
24 84 -604.413
24 85 -424.532
24 86 -263.998
24 87 -124.709
24 88 -7.7618
24 89 86.4713
24 90 158.328
24 91 208.659
24 92 238.851
24 93 250.584
24 94 245.885
24 95 226.896
24 96 195.944
24 97 155.371
24 98 107.59
24 99 54.9957
24 100 0

25 0 0
25 1 42.3984
25 2 82.0587
25 3 116.31
25 4 142.436
25 5 157.918
25 6 160.214
25 7 147.09
25 8 116.422
25 9 66.4992
25 10 -4.0696
25 11 -96.1343
25 12 -210
25 13 -345.284
25 14 -500.894
25 15 -674.947
25 16 -864.772
25 17 -1066.96
25 18 -1277.34
25 19 -1491.25
25 20 -1703.49
25 21 -1908.68
25 22 -2101.36
25 23 -2276.28
25 24 -2428.55
25 25 -2553.88
25 26 -2648.69
25 27 -2710.26
25 28 -2736.66
25 29 -2726.88
25 30 -2680.51
25 31 -2597.85
25 32 -2479.55
25 33 -2326.61
25 34 -2140.19
25 35 -1921.6
25 36 -1672.39
25 37 -1394.39
25 38 -1090.09
25 39 -762.79
25 40 -416.971
25 41 -58.5615
25 42 304.904
25 43 664.36
25 44 1009.34
25 45 1328.49
25 46 1610.08
25 47 1842.94
25 48 2017.16
25 49 2125.02
25 50 2161.53
25 51 2125.02
25 52 2017.16
25 53 1842.94
25 54 1610.08
25 55 1328.49
25 56 1009.34
25 57 664.36
25 58 304.904
25 59 -58.5615
25 60 -416.971
25 61 -762.79
25 62 -1090.09
25 63 -1394.39
25 64 -1672.39
25 65 -1921.6
25 66 -2140.19
25 67 -2326.61
25 68 -2479.55
25 69 -2597.85
25 70 -2680.51
25 71 -2726.88
25 72 -2736.66
25 73 -2710.26
25 74 -2648.69
25 75 -2553.88
25 76 -2428.55
25 77 -2276.28
25 78 -2101.36
25 79 -1908.68
25 80 -1703.49
25 81 -1491.25
25 82 -1277.34
25 83 -1066.96
25 84 -864.772
25 85 -674.947
25 86 -500.894
25 87 -345.284
25 88 -210
25 89 -96.1343
25 90 -4.0696
25 91 66.4992
25 92 116.422
25 93 147.09
25 94 160.214
25 95 157.918
25 96 142.436
25 97 116.31
25 98 82.0587
25 99 42.3984
25 100 0

26 0 0
26 1 24.906
26 2 46.8654
26 3 62.9412
26 4 70.3537
26 5 66.3755
26 6 48.5939
26 7 14.7435
26 8 -36.9628
26 9 -108.016
26 10 -199.271
26 11 -311.097
26 12 -443.122
26 13 -594.29
26 14 -762.801
26 15 -946.03
26 16 -1140.74
26 17 -1342.88
26 18 -1547.99
26 19 -1751.1
26 20 -1947.06
26 21 -2130.7
26 22 -2296.98
26 23 -2441.31
26 24 -2559.65
26 25 -2648.69
26 26 -2705.93
26 27 -2729.75
26 28 -2719.33
26 29 -2674.66
26 30 -2596.3
26 31 -2485.29
26 32 -2342.99
26 33 -2170.89
26 34 -1970.57
26 35 -1743.62
26 36 -1491.74
26 37 -1216.91
26 38 -921.554
26 39 -608.782
26 40 -282.743
26 41 51.2677
26 42 386.611
26 43 715.402
26 44 1028.6
26 45 1316.54
26 46 1569.3
26 47 1777.46
26 48 1932.73
26 49 2028.66
26 50 2061.11
26 51 2028.66
26 52 1932.73
26 53 1777.46
26 54 1569.3
26 55 1316.54
26 56 1028.6
26 57 715.402
26 58 386.611
26 59 51.2677
26 60 -282.743
26 61 -608.782
26 62 -921.554
26 63 -1216.91
26 64 -1491.74
26 65 -1743.62
26 66 -1970.57
26 67 -2170.89
26 68 -2342.99
26 69 -2485.29
26 70 -2596.3
26 71 -2674.66
26 72 -2719.33
26 73 -2729.75
26 74 -2705.93
26 75 -2648.69
26 76 -2559.65
26 77 -2441.31
26 78 -2296.98
26 79 -2130.7
26 80 -1947.06
26 81 -1751.1
26 82 -1547.99
26 83 -1342.88
26 84 -1140.74
26 85 -946.03
26 86 -762.801
26 87 -594.29
26 88 -443.122
26 89 -311.097
26 90 -199.271
26 91 -108.016
26 92 -36.9628
26 93 14.7435
26 94 48.5939
26 95 66.3755
26 96 70.3537
26 97 62.9412
26 98 46.8654
26 99 24.906
26 100 0

27 0 0
27 1 2.28558
27 2 1.51218
27 3 -5.3061
27 4 -21.0279
27 5 -48.2782
27 6 -89.4286
27 7 -146.436
27 8 -220.865
27 9 -313.696
27 10 -425.356
27 11 -555.57
27 12 -703.372
27 13 -867.044
27 14 -1044.14
27 15 -1231.5
27 16 -1425.34
27 17 -1621.37
27 18 -1814.87
27 19 -2000.97
27 20 -2174.73
27 21 -2331.45
27 22 -2466.77
27 23 -2576.92
27 24 -2658.84
27 25 -2710.26
27 26 -2729.75
27 27 -2716.75
27 28 -2671.42
27 29 -2594.61
27 30 -2487.59
27 31 -2351.98
27 32 -2189.56
27 33 -2002.13
27 34 -1791.43
27 35 -1559.22
27 36 -1307.29
27 37 -1037.59
27 38 -752.535
27 39 -455.075
27 40 -149.022
27 41 160.8
27 42 468.578
27 43 767.457
27 44 1049.78
27 45 1307.42
27 46 1532.21
27 47 1716.4
27 48 1853.28
27 49 1937.61
27 50 1966.11
27 51 1937.61
27 52 1853.28
27 53 1716.4
27 54 1532.21
27 55 1307.42
27 56 1049.78
27 57 767.457
27 58 468.578
27 59 160.8
27 60 -149.022
27 61 -455.075
27 62 -752.535
27 63 -1037.59
27 64 -1307.29
27 65 -1559.22
27 66 -1791.43
27 67 -2002.13
27 68 -2189.56
27 69 -2351.98
27 70 -2487.59
27 71 -2594.61
27 72 -2671.42
27 73 -2716.75
27 74 -2729.75
27 75 -2710.26
27 76 -2658.84
27 77 -2576.92
27 78 -2466.77
27 79 -2331.45
27 80 -2174.73
27 81 -2000.97
27 82 -1814.87
27 83 -1621.37
27 84 -1425.34
27 85 -1231.5
27 86 -1044.14
27 87 -867.044
27 88 -703.372
27 89 -555.57
27 90 -425.356
27 91 -313.696
27 92 -220.865
27 93 -146.436
27 94 -89.4286
27 95 -48.2782
27 96 -21.0279
27 97 -5.3061
27 98 1.51218
27 99 2.28558
27 100 0

28 0 0
28 1 -25.4366
28 2 -53.8738
28 3 -88.2094
28 4 -131.186
28 5 -185.24
28 6 -252.494
28 7 -334.574
28 8 -432.626
28 9 -547.162
28 10 -678.044
28 11 -824.446
28 12 -984.78
28 13 -1156.79
28 14 -1337.51
28 15 -1523.39
28 16 -1710.37
28 17 -1894.03
28 18 -2069.79
28 19 -2233.03
28 20 -2379.31
28 21 -2504.62
28 22 -2605.41
28 23 -2678.91
28 24 -2723.07
28 25 -2736.66
28 26 -2719.33
28 27 -2671.42
28 28 -2593.93
28 29 -2488.32
28 30 -2356.43
28 31 -2200.15
28 32 -2021.51
28 33 -1822.38
28 34 -1604.6
28 35 -1369.88
28 36 -1120.01
28 37 -856.945
28 38 -583.031
28 39 -301.137
28 40 -14.8713
28 41 271.43
28 42 552.57
28 43 822.694
28 44 1075.35
28 45 1303.93
28 46 1501.82
28 47 1662.97
28 48 1782.14
28 49 1855.35
28 50 1880.04
28 51 1855.35
28 52 1782.14
28 53 1662.97
28 54 1501.82
28 55 1303.93
28 56 1075.35
28 57 822.694
28 58 552.57
28 59 271.43
28 60 -14.8713
28 61 -301.137
28 62 -583.031
28 63 -856.945
28 64 -1120.01
28 65 -1369.88
28 66 -1604.6
28 67 -1822.38
28 68 -2021.51
28 69 -2200.15
28 70 -2356.43
28 71 -2488.32
28 72 -2593.93
28 73 -2671.42
28 74 -2719.33
28 75 -2736.66
28 76 -2723.07
28 77 -2678.91
28 78 -2605.41
28 79 -2504.62
28 80 -2379.31
28 81 -2233.03
28 82 -2069.79
28 83 -1894.03
28 84 -1710.37
28 85 -1523.39
28 86 -1337.51
28 87 -1156.79
28 88 -984.78
28 89 -824.446
28 90 -678.044
28 91 -547.162
28 92 -432.626
28 93 -334.574
28 94 -252.494
28 95 -185.24
28 96 -131.186
28 97 -88.2094
28 98 -53.8738
28 99 -25.4366
28 100 0

29 0 0
29 1 -57.8081
29 2 -118.358
29 3 -184.325
29 4 -258.096
29 5 -341.847
29 6 -437.23
29 7 -545.505
29 8 -667.269
29 9 -802.542
29 10 -950.638
29 11 -1110.17
29 12 -1279.09
29 13 -1454.65
29 14 -1633.62
29 15 -1812.19
