0 0 0
0 1 0
0 2 0
0 3 0
0 4 0
0 5 0
0 6 0
0 7 0
0 8 0
0 9 0
0 10 0
0 11 0
0 12 0
0 13 0
0 14 0
0 15 0
0 16 0
0 17 0
0 18 0
0 19 0
0 20 0
0 21 0
0 22 0
0 23 0
0 24 0
0 25 0
0 26 0
0 27 0
0 28 0
0 29 0
0 30 0
0 31 0
0 32 0
0 33 0
0 34 0
0 35 0
0 36 0
0 37 0
0 38 0
0 39 0
0 40 0
0 41 0
0 42 0
0 43 0
0 44 0
0 45 0
0 46 0
0 47 0
0 48 0
0 49 0
0 50 0
0 51 0
0 52 0
0 53 0
0 54 0
0 55 0
0 56 0
0 57 0
0 58 0
0 59 0
0 60 0
0 61 0
0 62 0
0 63 0
0 64 0
0 65 0
0 66 0
0 67 0
0 68 0
0 69 0
0 70 0
0 71 0
0 72 0
0 73 0
0 74 0
0 75 0
0 76 0
0 77 0
0 78 0
0 79 0
0 80 0
0 81 0
0 82 0
0 83 0
0 84 0
0 85 0
0 86 0
0 87 0
0 88 0
0 89 0
0 90 0
0 91 0
0 92 0
0 93 0
0 94 0
0 95 0
0 96 0
0 97 0
0 98 0
0 99 0
0 100 0

1 0 0
1 1 155.971
1 2 306.962
1 3 448.292
1 4 575.791
1 5 686.059
1 6 776.588
1 7 845.849
1 8 893.307
1 9 919.36
1 10 925.218
1 11 912.75
1 12 884.33
1 13 842.609
1 14 790.362
1 15 730.358
1 16 665.145
1 17 597.071
1 18 528.148
1 19 460.042
1 20 394.093
1 21 331.304
1 22 272.38
1 23 217.76
1 24 167.711
1 25 122.303
1 26 81.4601
1 27 45.0281
1 28 12.7809
1 29 -15.5433
1 30 -40.2658
1 31 -61.692
1 32 -80.1401
1 33 -95.9043
1 34 -109.3
1 35 -120.619
1 36 -130.094
1 37 -137.969
1 38 -144.489
1 39 -149.826
1 40 -154.173
1 41 -157.684
1 42 -160.485
1 43 -162.705
1 44 -164.433
1 45 -165.765
1 46 -166.76
1 47 -167.483
1 48 -167.966
1 49 -168.248
1 50 -168.337
1 51 -168.248
1 52 -167.966
1 53 -167.483
1 54 -166.76
1 55 -165.765
1 56 -164.433
1 57 -162.705
1 58 -160.485
1 59 -157.684
1 60 -154.173
1 61 -149.826
1 62 -144.489
1 63 -137.969
1 64 -130.094
1 65 -120.619
1 66 -109.3
1 67 -95.9043
1 68 -80.1401
1 69 -61.692
1 70 -40.2658
1 71 -15.5433
1 72 12.7809
1 73 45.0281
1 74 81.4601
1 75 122.303
1 76 167.711
1 77 217.76
1 78 272.38
1 79 331.304
1 80 394.093
1 81 460.042
1 82 528.148
1 83 597.071
1 84 665.145
1 85 730.358
1 86 790.362
1 87 842.609
1 88 884.33
1 89 912.75
1 90 925.218
1 91 919.36
1 92 893.307
1 93 845.849
1 94 776.588
1 95 686.059
1 96 575.791
1 97 448.292
1 98 306.962
1 99 155.971
1 100 0

2 0 0
2 1 306.962
2 2 604.171
2 3 882.449
2 4 1133.63
2 5 1351.03
2 6 1529.74
2 7 1666.73
2 8 1760.95
2 9 1813.17
2 10 1825.74
2 11 1802.33
2 12 1747.59
2 13 1666.67
2 14 1565.03
2 15 1448.05
2 16 1320.78
2 17 1187.78
2 18 1053.02
2 19 919.745
2 20 790.579
2 21 667.478
2 22 551.859
2 23 444.579
2 24 346.156
2 25 256.706
2 26 176.117
2 27 104.108
2 28 40.2465
2 29 -16.004
2 30 -65.2511
2 31 -108.038
2 32 -144.997
2 33 -176.719
2 34 -203.811
2 35 -226.748
2 36 -246.085
2 37 -262.268
2 38 -275.694
2 39 -286.808
2 40 -295.905
2 41 -303.31
2 42 -309.277
2 43 -314.042
2 44 -317.791
2 45 -320.707
2 46 -322.904
2 47 -324.515
2 48 -325.597
2 49 -326.233
2 50 -326.434
2 51 -326.233
2 52 -325.597
2 53 -324.515
2 54 -322.904
2 55 -320.707
2 56 -317.791
2 57 -314.042
2 58 -309.277
2 59 -303.31
2 60 -295.905
2 61 -286.808
2 62 -275.694
2 63 -262.268
2 64 -246.085
2 65 -226.748
2 66 -203.811
2 67 -176.719
2 68 -144.997
2 69 -108.038
2 70 -65.2511
2 71 -16.004
2 72 40.2465
2 73 104.108
2 74 176.117
2 75 256.706
2 76 346.156
2 77 444.579
2 78 551.859
2 79 667.478
2 80 790.579
2 81 919.745
2 82 1053.02
2 83 1187.78
2 84 1320.78
2 85 1448.05
2 86 1565.03
2 87 1666.67
2 88 1747.59
2 89 1802.33
2 90 1825.74
2 91 1813.17
2 92 1760.95
2 93 1666.73
2 94 1529.74
2 95 1351.03
2 96 1133.63
2 97 882.449
2 98 604.171
2 99 306.962
2 100 0

3 0 0
3 1 448.292
3 2 882.449
3 3 1289.15
3 4 1656.56
3 5 1974.98
3 6 2237.25
3 7 2438.98
3 8 2578.61
3 9 2657.19
3 10 2678.12
3 11 2646.69
3 12 2569.56
3 13 2454.27
3 14 2308.67
3 15 2140.59
3 16 1957.3
3 17 1765.47
3 18 1570.78
3 19 1378
3 20 1190.92
3 21 1012.38
3 22 844.406
3 23 688.281
3 24 544.732
3 25 413.988
3 26 295.886
3 27 190.022
3 28 95.7894
3 29 12.4727
3 30 -60.7527
3 31 -124.723
3 32 -180.28
3 33 -228.246
3 34 -269.427
3 35 -304.622
3 36 -334.476
3 37 -359.651
3 38 -380.803
3 39 -398.412
3 40 -413.017
3 41 -425.031
3 42 -434.823
3 43 -442.743
3 44 -449.055
3 45 -454.016
3 46 -457.809
3 47 -460.606
3 48 -462.514
3 49 -463.63
3 50 -463.993
3 51 -463.63
3 52 -462.514
3 53 -460.606
3 54 -457.809
3 55 -454.016
3 56 -449.055
3 57 -442.743
3 58 -434.823
3 59 -425.031
3 60 -413.017
3 61 -398.412
3 62 -380.803
3 63 -359.651
3 64 -334.476
3 65 -304.622
3 66 -269.427
3 67 -228.246
3 68 -180.28
3 69 -124.723
3 70 -60.7527
3 71 12.4727
3 72 95.7894
3 73 190.022
3 74 295.886
3 75 413.988
3 76 544.732
3 77 688.281
3 78 844.406
3 79 1012.38
3 80 1190.92
3 81 1378
3 82 1570.78
3 83 1765.47
3 84 1957.3
3 85 2140.59
3 86 2308.67
3 87 2454.27
3 88 2569.56
3 89 2646.69
3 90 2678.12
3 91 2657.19
3 92 2578.61
3 93 2438.98
3 94 2237.25
3 95 1974.98
3 96 1656.56
3 97 1289.15
3 98 882.449
3 99 448.292
3 100 0

4 0 0
4 1 575.791
4 2 1133.63
4 3 1656.56
4 4 2129.55
4 5 2540.22
4 6 2879.43
4 7 3141.56
4 8 3324.53
4 9 3429.64
4 10 3461.14
4 11 3425.69
4 12 3331.74
4 13 3188.8
4 14 3006.89
4 15 2795.87
4 16 2565.08
4 17 2322.92
4 18 2076.69
4 19 1832.41
4 20 1594.92
4 21 1367.82
4 22 1153.73
4 23 954.269
4 24 770.386
4 25 602.363
4 26 450.06
4 27 312.986
4 28 190.423
4 29 81.486
4 30 -14.8117
4 31 -99.4545
4 32 -173.479
4 33 -237.879
4 34 -293.664
4 35 -341.687
4 36 -382.859
4 37 -417.972
4 38 -447.716
4 39 -472.844
4 40 -493.893
4 41 -511.435
4 42 -525.934
4 43 -537.799
4 44 -547.393
4 45 -555.019
4 46 -560.925
4 47 -565.318
4 48 -568.344
4 49 -570.12
4 50 -570.702
4 51 -570.12
4 52 -568.344
4 53 -565.318
4 54 -560.925
4 55 -555.019
4 56 -547.393
4 57 -537.799
4 58 -525.934
4 59 -511.435
4 60 -493.893
4 61 -472.844
4 62 -447.716
4 63 -417.972
4 64 -382.859
4 65 -341.687
4 66 -293.664
4 67 -237.879
4 68 -173.479
4 69 -99.4545
4 70 -14.8117
4 71 81.486
4 72 190.423
4 73 312.986
4 74 450.06
4 75 602.363
4 76 770.386
4 77 954.269
4 78 1153.73
4 79 1367.82
4 80 1594.92
4 81 1832.41
4 82 2076.69
4 83 2322.92
4 84 2565.08
4 85 2795.87
4 86 3006.89
4 87 3188.8
4 88 3331.74
4 89 3425.69
4 90 3461.14
4 91 3429.64
4 92 3324.53
4 93 3141.56
4 94 2879.43
4 95 2540.22
4 96 2129.55
4 97 1656.56
4 98 1133.63
4 99 575.791
4 100 0

5 0 0
5 1 686.059
5 2 1351.03
5 3 1974.98
5 4 2540.22
5 5 3032.16
5 6 3439.98
5 7 3756.98
5 8 3980.6
5 9 4112.28
5 10 4156.89
5 11 4122.2
5 12 4018.03
5 13 3855.56
5 14 3646.5
5 15 3402.48
5 16 3134.46
5 17 2852.37
5 18 2564.76
5 19 2278.8
5 20 2000.12
5 21 1733.05
5 22 1480.59
5 23 1244.76
5 24 1026.61
5 25 826.554
5 26 644.439
5 27 479.748
5 28 331.684
5 29 199.265
5 30 81.4511
5 31 -22.8995
5 32 -114.879
5 33 -195.637
5 34 -266.179
5 35 -327.577
5 36 -380.745
5 37 -426.569
5 38 -465.919
5 39 -499.476
5 40 -527.995
5 41 -552.037
5 42 -572.166
5 43 -588.849
5 44 -602.505
5 45 -613.478
5 46 -622.072
5 47 -628.509
5 48 -632.988
5 49 -635.616
5 50 -636.49
5 51 -635.616
5 52 -632.988
5 53 -628.509
5 54 -622.072
5 55 -613.478
5 56 -602.505
5 57 -588.849
5 58 -572.166
5 59 -552.037
5 60 -527.995
5 61 -499.476
5 62 -465.919
5 63 -426.569
5 64 -380.745
5 65 -327.577
5 66 -266.179
5 67 -195.637
5 68 -114.879
5 69 -22.8995
5 70 81.4511
5 71 199.265
5 72 331.684
5 73 479.748
5 74 644.439
5 75 826.554
5 76 1026.61
5 77 1244.76
5 78 1480.59
5 79 1733.05
5 80 2000.12
5 81 2278.8
5 82 2564.76
5 83 2852.37
5 84 3134.46
5 85 3402.48
5 86 3646.5
5 87 3855.56
5 88 4018.03
5 89 4122.2
5 90 4156.89
5 91 4112.28
5 92 3980.6
5 93 3756.98
5 94 3439.98
5 95 3032.16
5 96 2540.22
5 97 1974.98
5 98 1351.03
5 99 686.059
5 100 0

6 0 0
6 1 776.588
6 2 1529.74
6 3 2237.25
6 4 2879.43
6 5 3439.98
6 6 3906.74
6 7 4272.12
6 8 4533.12
6 9 4691.15
6 10 4751.5
6 11 4722.63
6 12 4615.43
6 13 4442.24
6 14 4216.12
6 15 3949.98
6 16 3656.11
6 17 3345.54
6 18 3027.89
6 19 2711.16
6 20 2401.71
6 21 2104.32
6 22 1822.43
6 23 1558.24
6 24 1312.98
6 25 1087.13
6 26 880.591
6 27 692.79
6 28 522.921
6 29 369.995
6 30 232.927
6 31 110.545
6 32 1.68539
6 33 -94.7313
6 34 -179.835
6 35 -254.642
6 36 -320.143
6 37 -377.264
6 38 -426.825
6 39 -469.661
6 40 -506.436
6 41 -537.837
6 42 -564.43
6 43 -586.714
6 44 -605.156
6 45 -620.117
6 46 -631.936
6 47 -640.857
6 48 -647.094
6 49 -650.774
6 50 -651.996
6 51 -650.774
6 52 -647.094
6 53 -640.857
6 54 -631.936
6 55 -620.117
6 56 -605.156
6 57 -586.714
6 58 -564.43
6 59 -537.837
6 60 -506.436
6 61 -469.661
6 62 -426.825
6 63 -377.264
6 64 -320.143
6 65 -254.642
6 66 -179.835
6 67 -94.7313
6 68 1.68539
6 69 110.545
6 70 232.927
6 71 369.995
6 72 522.921
6 73 692.79
6 74 880.591
6 75 1087.13
6 76 1312.98
6 77 1558.24
6 78 1822.43
6 79 2104.32
6 80 2401.71
6 81 2711.16
6 82 3027.89
6 83 3345.54
6 84 3656.11
6 85 3949.98
6 86 4216.12
6 87 4442.24
6 88 4615.43
6 89 4722.63
6 90 4751.5
6 91 4691.15
6 92 4533.12
6 93 4272.12
6 94 3906.74
6 95 3439.98
6 96 2879.43
6 97 2237.25
6 98 1529.74
6 99 776.588
6 100 0

7 0 0
7 1 845.849
7 2 1666.73
7 3 2438.98
7 4 3141.56
7 5 3756.98
7 6 4272.12
7 7 4678.69
7 8 4973.23
7 9 5157.03
7 10 5235.49
7 11 5217.49
7 12 5114.45
7 13 4939.52
7 14 4706.57
7 15 4429.45
7 16 4121.3
7 17 3794.06
7 18 3458.05
7 19 3121.95
7 20 2792.55
7 21 2475.09
7 22 2173.22
7 23 1889.41
7 24 1624.92
7 25 1380.32
7 26 1155.52
7 27 949.974
7 28 762.897
7 29 593.276
7 30 440.06
7 31 302.095
7 32 178.318
7 33 67.5672
7 34 -31.13
7 35 -118.798
7 36 -196.399
7 37 -264.799
7 38 -324.847
7 39 -377.259
7 40 -422.814
7 41 -462.085
7 42 -495.707
7 43 -524.16
7 44 -547.917
7 45 -567.354
7 46 -582.82
7 47 -594.561
7 48 -602.812
7 49 -607.691
7 50 -609.318
7 51 -607.691
7 52 -602.812
7 53 -594.561
7 54 -582.82
7 55 -567.354
7 56 -547.917
7 57 -524.16
7 58 -495.707
7 59 -462.085
7 60 -422.814
7 61 -377.259
7 62 -324.847
7 63 -264.799
7 64 -196.399
7 65 -118.798
7 66 -31.13
7 67 67.5672
7 68 178.318
7 69 302.095
7 70 440.06
7 71 593.276
7 72 762.897
7 73 949.974
7 74 1155.52
7 75 1380.32
7 76 1624.92
7 77 1889.41
7 78 2173.22
7 79 2475.09
7 80 2792.55
7 81 3121.95
7 82 3458.05
7 83 3794.06
7 84 4121.3
7 85 4429.45
7 86 4706.57
7 87 4939.52
7 88 5114.45
7 89 5217.49
7 90 5235.49
7 91 5157.03
7 92 4973.23
7 93 4678.69
7 94 4272.12
7 95 3756.98
7 96 3141.56
7 97 2438.98
7 98 1666.73
7 99 845.849
7 100 0

8 0 0
8 1 893.307
8 2 1760.95
8 3 2578.61
8 4 3324.53
8 5 3980.6
8 6 4533.12
8 7 4973.23
8 8 5297.1
8 9 5505.67
8 10 5604.23
8 11 5601.62
8 12 5509.5
8 13 5341.24
8 14 5111.22
8 15 4833.73
8 16 4522.49
8 17 4189.91
8 18 3846.89
8 19 3502.43
8 20 3163.79
8 21 2836.4
8 22 2524.17
8 23 2229.58
8 24 1954.08
8 25 1698.2
8 26 1461.91
8 27 1244.65
8 28 1045.64
8 29 863.952
8 30 698.549
8 31 548.384
8 32 412.372
8 33 289.599
8 34 179.075
8 35 79.886
8 36 -8.80294
8 37 -87.8055
8 38 -157.86
8 39 -219.686
8 40 -273.89
8 41 -321.129
8 42 -361.905
8 43 -396.726
8 44 -426.023
8 45 -450.166
8 46 -469.484
8 47 -484.235
8 48 -494.625
8 49 -500.802
8 50 -502.85
8 51 -500.802
8 52 -494.625
8 53 -484.235
8 54 -469.484
8 55 -450.166
8 56 -426.023
8 57 -396.726
8 58 -361.905
8 59 -321.129
8 60 -273.89
8 61 -219.686
8 62 -157.86
8 63 -87.8055
8 64 -8.80294
8 65 79.886
8 66 179.075
8 67 289.599
8 68 412.372
8 69 548.384
8 70 698.549
8 71 863.952
8 72 1045.64
8 73 1244.65
8 74 1461.91
8 75 1698.2
8 76 1954.08
8 77 2229.58
8 78 2524.17
8 79 2836.4
8 80 3163.79
8 81 3502.43
8 82 3846.89
8 83 4189.91
8 84 4522.49
8 85 4833.73
8 86 5111.22
8 87 5341.24
8 88 5509.5
8 89 5601.62
8 90 5604.23
8 91 5505.67
8 92 5297.1
8 93 4973.23
8 94 4533.12
8 95 3980.6
8 96 3324.53
8 97 2578.61
8 98 1760.95
8 99 893.307
8 100 0

9 0 0
9 1 919.36
9 2 1813.17
9 3 2657.19
9 4 3429.64
9 5 4112.28
9 6 4691.15
9 7 5157.03
9 8 5505.67
9 9 5737.58
9 10 5857.57
9 11 5874.21
9 12 5798.84
9 13 5644.79
9 14 5426.35
9 15 5158.05
9 16 4853.71
9 17 4526.09
9 18 4186.28
9 19 3843.64
9 20 3505.58
9 21 3177.78
9 22 2864.2
9 23 2567.46
9 24 2289
9 25 2029.41
9 26 1788.57
9 27 1566.01
9 28 1360.94
9 29 1172.45
9 30 999.562
9 31 841.294
9 32 696.762
9 33 565.043
9 34 445.337
9 35 336.891
9 36 238.948
9 37 150.847
9 38 71.966
9 39 1.72015
9 40 -60.4791
9 41 -115.099
9 42 -162.665
9 43 -203.58
9 44 -238.235
9 45 -266.976
9 46 -290.083
9 47 -307.806
9 48 -320.329
9 49 -327.788
9 50 -330.266
9 51 -327.788
9 52 -320.329
9 53 -307.806
9 54 -290.083
9 55 -266.976
9 56 -238.235
9 57 -203.58
9 58 -162.665
9 59 -115.099
9 60 -60.4791
9 61 1.72015
9 62 71.966
9 63 150.847
9 64 238.948
9 65 336.891
9 66 445.337
9 67 565.043
9 68 696.762
9 69 841.294
9 70 999.562
9 71 1172.45
9 72 1360.94
9 73 1566.01
9 74 1788.57
9 75 2029.41
9 76 2289
9 77 2567.46
9 78 2864.2
9 79 3177.78
9 80 3505.58
9 81 3843.64
9 82 4186.28
9 83 4526.09
9 84 4853.71
9 85 5158.05
9 86 5426.35
9 87 5644.79
9 88 5798.84
9 89 5874.21
9 90 5857.57
9 91 5737.58
9 92 5505.67
9 93 5157.03
9 94 4691.15
9 95 4112.28
9 96 3429.64
9 97 2657.19
9 98 1813.17
9 99 919.36
9 100 0

10 0 0
10 1 925.218
10 2 1825.74
10 3 2678.12
10 4 3461.14
10 5 4156.89
10 6 4751.5
10 7 5235.49
10 8 5604.23
10 9 5857.57
10 10 5999.71
10 11 6038.47
10 12 5984.61
10 13 5850.9
10 14 5651.35
10 15 5400.16
10 16 5111.18
10 17 4797.12
10 18 4469.29
10 19 4137.07
10 20 3808.12
10 21 3488.15
10 22 3181.29
10 23 2890.15
10 24 2616.24
10 25 2360.06
10 26 2121.51
10 27 1900.1
10 28 1695.01
10 29 1505.37
10 30 1330.19
10 31 1168.66
10 32 1019.89
10 33 883.15
10 34 757.764
10 35 643.088
10 36 538.589
10 37 443.719
10 38 358.01
10 39 280.993
10 40 212.286
10 41 151.407
10 42 98.0603
10 43 51.8307
10 44 12.4518
10 45 -20.3857
10 46 -46.9006
10 47 -67.3198
10 48 -81.7763
10 49 -90.4163
10 50 -93.2776
10 51 -90.4163
10 52 -81.7763
10 53 -67.3198
10 54 -46.9006
10 55 -20.3857
10 56 12.4518
10 57 51.8307
10 58 98.0603
10 59 151.407
10 60 212.286
10 61 280.993
10 62 358.01
10 63 443.719
10 64 538.589
10 65 643.088
10 66 757.764
10 67 883.15
10 68 1019.89
10 69 1168.66
10 70 1330.19
10 71 1505.37
10 72 1695.01
10 73 1900.1
10 74 2121.51
10 75 2360.06
10 76 2616.24
10 77 2890.15
10 78 3181.29
10 79 3488.15
10 80 3808.12
10 81 4137.07
10 82 4469.29
10 83 4797.12
10 84 5111.18
10 85 5400.16
10 86 5651.35
10 87 5850.9
10 88 5984.61
10 89 6038.47
10 90 5999.71
10 91 5857.57
10 92 5604.23
10 93 5235.49
10 94 4751.5
10 95 4156.89
10 96 3461.14
10 97 2678.12
10 98 1825.74
10 99 925.218
10 100 0

11 0 0
11 1 912.75
11 2 1802.33
11 3 2646.69
11 4 3425.69
11 5 4122.2
11 6 4722.63
11 7 5217.49
11 8 5601.62
11 9 5874.21
11 10 6038.47
11 11 6101.27
11 12 6072.35
11 13 5963.69
11 14 5788.52
11 15 5560.65
11 16 5293.53
11 17 4999.82
11 18 4690.69
11 19 4375.7
11 20 4062.54
11 21 3757.11
11 22 3463.54
11 23 3184.54
11 24 2921.56
11 25 2675.14
11 26 2445.11
11 27 2230.91
11 28 2031.7
11 29 1846.53
11 30 1674.53
11 31 1514.8
11 32 1366.62
11 33 1229.32
11 34 1102.34
11 35 985.215
11 36 877.537
11 37 778.938
11 38 689.114
11 39 607.746
11 40 534.554
11 41 469.293
11 42 411.663
11 43 361.456
11 44 318.435
11 45 282.395
11 46 253.173
11 47 230.602
11 48 214.572
11 49 204.988
11 50 201.801
11 51 204.988
11 52 214.572
11 53 230.602
11 54 253.173
11 55 282.395
11 56 318.435
11 57 361.456
11 58 411.663
11 59 469.293
11 60 534.554
11 61 607.746
11 62 689.114
11 63 778.938
11 64 877.537
11 65 985.215
11 66 1102.34
11 67 1229.32
11 68 1366.62
11 69 1514.8
11 70 1674.53
11 71 1846.53
11 72 2031.7
11 73 2230.91
11 74 2445.11
11 75 2675.14
11 76 2921.56
11 77 3184.54
11 78 3463.54
11 79 3757.11
11 80 4062.54
11 81 4375.7
11 82 4690.69
11 83 4999.82
11 84 5293.53
11 85 5560.65
11 86 5788.52
11 87 5963.69
11 88 6072.35
11 89 6101.27
11 90 6038.47
11 91 5874.21
11 92 5601.62
11 93 5217.49
11 94 4722.63
11 95 4122.2
11 96 3425.69
11 97 2646.69
11 98 1802.33
11 99 912.75
11 100 0

12 0 0
12 1 884.33
12 2 1747.59
12 3 2569.56
12 4 3331.74
12 5 4018.03
12 6 4615.43
12 7 5114.45
12 8 5509.5
12 9 5798.84
12 10 5984.61
12 11 6072.35
12 12 6070.61
12 13 5990.11
12 14 5843.21
12 15 5642.88
12 16 5402.18
12 17 5133.39
12 18 4847.7
12 19 4554.62
12 20 4262.03
12 21 3975.84
12 22 3700.39
12 23 3438.41
12 24 3191.42
12 25 2959.87
12 26 2743.56
12 27 2541.85
12 28 2353.81
12 29 2178.46
12 30 2014.78
12 31 1861.97
12 32 1719.3
12 33 1586.12
12 34 1462
12 35 1346.58
12 36 1239.61
12 37 1140.85
12 38 1050.15
12 39 967.351
12 40 892.348
12 41 824.964
12 42 765.14
12 43 712.681
12 44 667.521
12 45 629.517
12 46 598.585
12 47 574.622
12 48 557.568
12 49 547.351
12 50 543.955
12 51 547.351
12 52 557.568
12 53 574.622
12 54 598.585
12 55 629.517
12 56 667.521
12 57 712.681
12 58 765.14
12 59 824.964
12 60 892.348
12 61 967.351
12 62 1050.15
12 63 1140.85
12 64 1239.61
12 65 1346.58
12 66 1462
12 67 1586.12
12 68 1719.3
12 69 1861.97
12 70 2014.78
12 71 2178.46
12 72 2353.81
12 73 2541.85
12 74 2743.56
12 75 2959.87
12 76 3191.42
12 77 3438.41
12 78 3700.39
12 79 3975.84
12 80 4262.03
12 81 4554.62
12 82 4847.7
12 83 5133.39
12 84 5402.18
12 85 5642.88
12 86 5843.21
12 87 5990.11
12 88 6070.61
12 89 6072.35
12 90 5984.61
12 91 5798.84
12 92 5509.5
12 93 5114.45
12 94 4615.43
12 95 4018.03
12 96 3331.74
12 97 2569.56
12 98 1747.59
12 99 884.33
12 100 0

13 0 0
13 1 842.609
13 2 1666.67
13 3 2454.27
13 4 3188.8
13 5 3855.56
13 6 4442.24
13 7 4939.52
13 8 5341.24
13 9 5644.79
13 10 5850.9
13 11 5963.69
13 12 5990.11
13 13 5939.56
13 14 5823.08
13 15 5652.81
13 16 5441.08
13 17 5199.91
13 18 4940.25
13 19 4671.76
13 20 4402.33
13 21 4138.17
13 22 3883.71
13 23 3641.85
13 24 3414.13
13 25 3201.04
13 26 3002.33
13 27 2817.22
13 28 2644.69
13 29 2483.58
13 30 2332.9
13 31 2191.66
13 32 2059.09
13 33 1934.62
13 34 1817.8
13 35 1708.35
13 36 1606.12
13 37 1511.01
13 38 1422.97
13 39 1342.01
13 40 1268.12
13 41 1201.35
13 42 1141.64
13 43 1089.05
13 44 1043.52
13 45 1005.06
13 46 973.63
13 47 949.224
13 48 931.804
13 49 921.367
13 50 917.882
13 51 921.367
13 52 931.804
13 53 949.224
13 54 973.63
13 55 1005.06
13 56 1043.52
13 57 1089.05
13 58 1141.64
13 59 1201.35
13 60 1268.12
13 61 1342.01
13 62 1422.97
13 63 1511.01
13 64 1606.12
13 65 1708.35
13 66 1817.8
13 67 1934.62
13 68 2059.09
13 69 2191.66
13 70 2332.9
13 71 2483.58
13 72 2644.69
13 73 2817.22
13 74 3002.33
13 75 3201.04
13 76 3414.13
13 77 3641.85
13 78 3883.71
13 79 4138.17
13 80 4402.33
13 81 4671.76
13 82 4940.25
13 83 5199.91
13 84 5441.08
13 85 5652.81
13 86 5823.08
13 87 5939.56
13 88 5990.11
13 89 5963.69
13 90 5850.9
13 91 5644.79
13 92 5341.24
13 93 4939.52
13 94 4442.24
13 95 3855.56
13 96 3188.8
13 97 2454.27
13 98 1666.67
13 99 842.609
13 100 0

14 0 0
14 1 790.362
14 2 1565.03
14 3 2308.67
14 4 3006.89
14 5 3646.5
14 6 4216.12
14 7 4706.57
14 8 5111.22
14 9 5426.35
14 10 5651.35
14 11 5788.52
14 12 5843.21
14 13 5823.08
14 14 5737.86
14 15 5598.54
14 16 5416.76
14 17 5204.01
14 18 4971.2
14 19 4727.95
14 20 4482.42
14 21 4241.03
14 22 4008.55
14 23 3787.98
14 24 3581.06
14 25 3388.31
14 26 3209.46
14 27 3043.6
14 28 2889.57
14 29 2746.13
14 30 2612.02
14 31 2486.16
14 32 2367.7
14 33 2255.95
14 34 2150.45
14 35 2050.97
14 36 1957.35
14 37 1869.6
14 38 1787.75
14 39 1711.92
14 40 1642.23
14 41 1578.8
14 42 1521.79
14 43 1471.25
14 44 1427.3
14 45 1390.01
14 46 1359.44
14 47 1335.62
14 48 1318.59
14 49 1308.36
14 50 1304.96
14 51 1308.36
14 52 1318.59
14 53 1335.62
14 54 1359.44
14 55 1390.01
14 56 1427.3
14 57 1471.25
14 58 1521.79
14 59 1578.8
14 60 1642.23
14 61 1711.92
14 62 1787.75
14 63 1869.6
14 64 1957.35
14 65 2050.97
14 66 2150.45
14 67 2255.95
14 68 2367.7
14 69 2486.16
14 70 2612.02
14 71 2746.13
14 72 2889.57
14 73 3043.6
14 74 3209.46
14 75 3388.31
14 76 3581.06
14 77 3787.98
14 78 4008.55
14 79 4241.03
14 80 4482.42
14 81 4727.95
14 82 4971.2
14 83 5204.01
14 84 5416.76
14 85 5598.54
14 86 5737.86
14 87 5823.08
14 88 5843.21
14 89 5788.52
14 90 5651.35
14 91 5426.35
14 92 5111.22
14 93 4706.57
14 94 4216.12
14 95 3646.5
14 96 3006.89
14 97 2308.67
14 98 1565.03
14 99 790.362
14 100 0

15 0 0
15 1 730.358
15 2 1448.05
15 3 2140.59
15 4 2795.87
15 5 3402.48
15 6 3949.98
15 7 4429.45
15 8 4833.73
15 9 5158.05
15 10 5400.16
15 11 5560.65
15 12 5642.88
15 13 5652.81
15 14 5598.54
15 15 5489.9
15 16 5337.59
15 17 5152.72
15 18 4945.93
15 19 4727.06
15 20 4504.43
15 21 4284.91
15 22 4073.52
15 23 3873.66
15 24 3687.27
15 25 3515.01
15 26 3356.58
15 27 3211
15 28 3077.02
15 29 2953.16
15 30 2837.96
15 31 2730.19
15 32 2628.75
15 33 2532.88
15 34 2442.01
15 35 2355.83
15 36 2274.18
15 37 2197.09
15 38 2124.62
15 39 2056.98
15 40 1994.34
15 41 1936.96
15 42 1885.01
15 43 1838.74
15 44 1798.26
15 45 1763.78
15 46 1735.4
15 47 1713.23
15 48 1697.33
15 49 1687.78
15 50 1684.59
15 51 1687.78
15 52 1697.33
15 53 1713.23
15 54 1735.4
15 55 1763.78
15 56 1798.26
15 57 1838.74
15 58 1885.01
15 59 1936.96
15 60 1994.34
15 61 2056.98
15 62 2124.62
15 63 2197.09
15 64 2274.18
15 65 2355.83
15 66 2442.01
15 67 2532.88
15 68 2628.75
15 69 2730.19
15 70 2837.96
15 71 2953.16
15 72 3077.02
15 73 3211
15 74 3356.58
15 75 3515.01
15 76 3687.27
15 77 3873.66
15 78 4073.52
15 79 4284.91
15 80 4504.43
15 81 4727.06
15 82 4945.93
15 83 5152.72
15 84 5337.59
15 85 5489.9
15 86 5598.54
15 87 5652.81
15 88 5642.88
15 89 5560.65
15 90 5400.16
15 91 5158.05
15 92 4833.73
15 93 4429.45
15 94 3949.98
15 95 3402.48
15 96 2795.87
15 97 2140.59
15 98 1448.05
15 99 730.358
15 100 0

16 0 0
16 1 665.145
16 2 1320.78
16 3 1957.3
16 4 2565.08
16 5 3134.46
16 6 3656.11
16 7 4121.3
16 8 4522.49
16 9 4853.71
16 10 5111.18
16 11 5293.53
16 12 5402.18
16 13 5441.08
16 14 5416.76
16 15 5337.59
16 16 5213.44
16 17 5054.78
16 18 4872.21
16 19 4675.54
16 20 4473.57
16 21 4273.5
16 22 4080.93
16 23 3899.64
16 24 3731.91
16 25 3578.6
16 26 3439.5
16 27 3313.66
16 28 3199.64
16 29 3095.76
16 30 3000.4
16 31 2912.01
16 32 2829.32
16 33 2751.34
16 34 2677.35
16 35 2606.9
16 36 2539.76
16 37 2475.9
16 38 2415.41
16 39 2358.48
16 40 2305.33
16 41 2256.25
16 42 2211.54
16 43 2171.41
16 44 2136.15
16 45 2105.93
16 46 2080.97
16 47 2061.4
16 48 2047.34
16 49 2038.87
16 50 2036.05
16 51 2038.87
16 52 2047.34
16 53 2061.4
16 54 2080.97
16 55 2105.93
16 56 2136.15
16 57 2171.41
16 58 2211.54
16 59 2256.25
16 60 2305.33
16 61 2358.48
16 62 2415.41
16 63 2475.9
16 64 2539.76
16 65 2606.9
16 66 2677.35
16 67 2751.34
16 68 2829.32
16 69 2912.01
16 70 3000.4
16 71 3095.76
16 72 3199.64
16 73 3313.66
16 74 3439.5
16 75 3578.6
16 76 3731.91
16 77 3899.64
16 78 4080.93
16 79 4273.5
16 80 4473.57
16 81 4675.54
16 82 4872.21
16 83 5054.78
16 84 5213.44
16 85 5337.59
16 86 5416.76
16 87 5441.08
16 88 5402.18
16 89 5293.53
16 90 5111.18
16 91 4853.71
16 92 4522.49
16 93 4121.3
16 94 3656.11
16 95 3134.46
16 96 2565.08
16 97 1957.3
16 98 1320.78
16 99 665.145
16 100 0

17 0 0
17 1 597.071
17 2 1187.78
17 3 1765.47
17 4 2322.92
17 5 2852.37
17 6 3345.54
17 7 3794.06
17 8 4189.91
17 9 4526.09
17 10 4797.12
17 11 4999.82
17 12 5133.39
17 13 5199.91
17 14 5204.01
17 15 5152.72
17 16 5054.78
17 17 4920.19
17 18 4759.2
17 19 4581.91
17 20 4397.42
17 21 4213.54
17 22 4036.36
17 23 3870.3
17 24 3718.04
17 25 3580.79
17 26 3458.53
17 27 3350.32
17 28 3254.64
17 29 3169.72
17 30 3093.57
17 31 3024.47
17 32 2960.85
17 33 2901.48
17 34 2845.41
17 35 2791.99
17 36 2740.88
17 37 2691.93
17 38 2645.15
17 39 2600.7
17 40 2558.82
17 41 2519.79
17 42 2483.89
17 43 2451.47
17 44 2422.73
17 45 2397.99
17 46 2377.43
17 47 2361.25
17 48 2349.59
17 49 2342.56
17 50 2340.21
17 51 2342.56
17 52 2349.59
17 53 2361.25
17 54 2377.43
17 55 2397.99
17 56 2422.73
17 57 2451.47
17 58 2483.89
17 59 2519.79
17 60 2558.82
17 61 2600.7
17 62 2645.15
17 63 2691.93
17 64 2740.88
17 65 2791.99
17 66 2845.41
17 67 2901.48
17 68 2960.85
17 69 3024.47
17 70 3093.57
17 71 3169.72
17 72 3254.64
17 73 3350.32
17 74 3458.53
17 75 3580.79
17 76 3718.04
17 77 3870.3
17 78 4036.36
17 79 4213.54
17 80 4397.42
17 81 4581.91
17 82 4759.2
17 83 4920.19
17 84 5054.78
17 85 5152.72
17 86 5204.01
17 87 5199.91
17 88 5133.39
17 89 4999.82
17 90 4797.12
17 91 4526.09
17 92 4189.91
17 93 3794.06
17 94 3345.54
17 95 2852.37
17 96 2322.92
17 97 1765.47
17 98 1187.78
17 99 597.071
17 100 0

18 0 0
18 1 528.148
18 2 1053.02
18 3 1570.78
18 4 2076.69
18 5 2564.76
18 6 3027.89
18 7 3458.05
18 8 3846.89
18 9 4186.28
18 10 4469.29
18 11 4690.69
18 12 4847.7
18 13 4940.25
18 14 4971.2
18 15 4945.93
18 16 4872.21
18 17 4759.2
18 18 4617.06
18 19 4455.95
18 20 4285.43
18 21 4113.87
18 22 3948.07
18 23 3793.11
18 24 3652.23
18 25 3527.12
18 26 3418.02
18 27 3324.13
18 28 3243.96
18 29 3175.47
18 30 3116.63
18 31 3065.33
18 32 3019.78
18 33 2978.41
18 34 2940.05
18 35 2903.79
18 36 2869.09
18 37 2835.64
18 38 2803.37
18 39 2772.32
18 40 2742.67
18 41 2714.68
18 42 2688.64
18 43 2664.82
18 44 2643.55
18 45 2625.04
18 46 2609.58
18 47 2597.34
18 48 2588.48
18 49 2583.12
18 50 2581.33
18 51 2583.12
18 52 2588.48
18 53 2597.34
18 54 2609.58
18 55 2625.04
18 56 2643.55
18 57 2664.82
18 58 2688.64
18 59 2714.68
18 60 2742.67
18 61 2772.32
18 62 2803.37
18 63 2835.64
18 64 2869.09
18 65 2903.79
18 66 2940.05
18 67 2978.41
18 68 3019.78
18 69 3065.33
18 70 3116.63
18 71 3175.47
18 72 3243.96
18 73 3324.13
18 74 3418.02
18 75 3527.12
18 76 3652.23
18 77 3793.11
18 78 3948.07
18 79 4113.87
18 80 4285.43
18 81 4455.95
18 82 4617.06
18 83 4759.2
18 84 4872.21
18 85 4945.93
18 86 4971.2
18 87 4940.25
18 88 4847.7
18 89 4690.69
18 90 4469.29
18 91 4186.28
18 92 3846.89
18 93 3458.05
18 94 3027.89
18 95 2564.76
18 96 2076.69
18 97 1570.78
18 98 1053.02
18 99 528.148
18 100 0

19 0 0
19 1 460.042
19 2 919.745
19 3 1378
19 4 1832.41
19 5 2278.8
19 6 2711.16
19 7 3121.95
19 8 3502.43
19 9 3843.64
19 10 4137.07
19 11 4375.7
19 12 4554.62
19 13 4671.76
19 14 4727.95
19 15 4727.06
19 16 4675.54
19 17 4581.91
19 18 4455.95
19 19 4307.96
19 20 4147.88
19 21 3984.73
19 22 3826.08
19 23 3677.78
19 24 3543.75
19 25 3426.2
19 26 3325.84
19 27 3242.13
19 28 3173.52
19 29 3118.03
19 30 3073.37
19 31 3037.25
19 32 3007.54
19 33 2982.41
19 34 2960.34
19 35 2940.2
19 36 2921.21
19 37 2902.84
19 38 2884.85
19 39 2867.18
19 40 2849.9
19 41 2833.19
19 42 2817.28
19 43 2802.48
19 44 2788.97
19 45 2777.1
19 46 2767.02
19 47 2758.99
19 48 2753.12
19 49 2749.56
19 50 2748.36
19 51 2749.56
19 52 2753.12
19 53 2758.99
19 54 2767.02
19 55 2777.1
19 56 2788.97
19 57 2802.48
19 58 2817.28
19 59 2833.19
19 60 2849.9
19 61 2867.18
19 62 2884.85
19 63 2902.84
19 64 2921.21
19 65 2940.2
19 66 2960.34
19 67 2982.41
19 68 3007.54
19 69 3037.25
19 70 3073.37
19 71 3118.03
19 72 3173.52
19 73 3242.13
19 74 3325.84
19 75 3426.2
19 76 3543.75
19 77 3677.78
19 78 3826.08
19 79 3984.73
19 80 4147.88
19 81 4307.96
19 82 4455.95
19 83 4581.91
19 84 4675.54
19 85 4727.06
19 86 4727.95
19 87 4671.76
19 88 4554.62
19 89 4375.7
19 90 4137.07
19 91 3843.64
19 92 3502.43
19 93 3121.95
19 94 2711.16
19 95 2278.8
19 96 1832.41
19 97 1378
19 98 919.745
19 99 460.042
19 100 0

20 0 0
20 1 394.093
20 2 790.579
20 3 1190.92
20 4 1594.92
20 5 2000.12
20 6 2401.71
20 7 2792.55
20 8 3163.79
20 9 3505.58
20 10 3808.12
20 11 4062.54
20 12 4262.03
20 13 4402.33
20 14 4482.42
20 15 4504.43
20 16 4473.57
20 17 4397.42
20 18 4285.43
20 19 4147.88
20 20 3995.11
20 21 3836.81
20 22 3681.33
20 23 3535.31
20 24 3403.5
20 25 3288.81
20 26 3192.49
20 27 3114.2
20 28 3052.71
20 29 3005.98
20 30 2971.64
20 31 2947.15
20 32 2930.13
20 33 2918.45
20 34 2910.31
20 35 2904.28
20 36 2899.28
20 37 2894.6
20 38 2889.79
20 39 2884.61
20 40 2879.02
20 41 2873.09
20 42 2866.98
20 43 2860.88
20 44 2855.04
20 45 2849.64
20 46 2844.93
20 47 2841.05
20 48 2838.18
20 49 2836.41
20 50 2835.82
20 51 2836.41
20 52 2838.18
20 53 2841.05
20 54 2844.93
20 55 2849.64
20 56 2855.04
20 57 2860.88
20 58 2866.98
20 59 2873.09
20 60 2879.02
20 61 2884.61
20 62 2889.79
20 63 2894.6
20 64 2899.28
20 65 2904.28
20 66 2910.31
20 67 2918.45
20 68 2930.13
20 69 2947.15
20 70 2971.64
20 71 3005.98
20 72 3052.71
20 73 3114.2
20 74 3192.49
20 75 3288.81
20 76 3403.5
20 77 3535.31
20 78 3681.33
20 79 3836.81
20 80 3995.11
20 81 4147.88
20 82 4285.43
20 83 4397.42
20 84 4473.57
20 85 4504.43
20 86 4482.42
20 87 4402.33
20 88 4262.03
20 89 4062.54
20 90 3808.12
20 91 3505.58
20 92 3163.79
20 93 2792.55
20 94 2401.71
20 95 2000.12
20 96 1594.92
20 97 1190.92
20 98 790.579
20 99 394.093
20 100 0

21 0 0
21 1 331.304
21 2 667.478
21 3 1012.38
21 4 1367.82
21 5 1733.05
21 6 2104.32
21 7 2475.09
21 8 2836.4
21 9 3177.78
21 10 3488.15
21 11 3757.11
21 12 3975.84
21 13 4138.17
21 14 4241.03
21 15 4284.91
21 16 4273.5
21 17 4213.54
21 18 4113.87
21 19 3984.73
21 20 3836.81
21 21 3680.38
21 22 3524.59
21 23 3376.95
21 24 3243.12
21 25 3126.81
21 26 3029.74
21 27 2952.21
21 28 2893.14
21 29 2850.64
21 30 2822.25
21 31 2805.34
21 32 2797.26
21 33 2795.6
21 34 2798.27
21 35 2803.55
21 36 2810.12
21 37 2816.97
21 38 2823.46
21 39 2829.18
21 40 2833.92
21 41 2837.6
21 42 2840.31
21 43 2842.17
21 44 2843.3
21 45 2843.91
21 46 2844.13
21 47 2844.14
21 48 2844.05
21 49 2843.96
21 50 2843.92
21 51 2843.96
21 52 2844.05
21 53 2844.14
21 54 2844.13
21 55 2843.91
21 56 2843.3
21 57 2842.17
21 58 2840.31
21 59 2837.6
21 60 2833.92
21 61 2829.18
21 62 2823.46
21 63 2816.97
21 64 2810.12
21 65 2803.55
21 66 2798.27
21 67 2795.6
21 68 2797.26
21 69 2805.34
21 70 2822.25
21 71 2850.64
21 72 2893.14
21 73 2952.21
21 74 3029.74
21 75 3126.81
21 76 3243.12
21 77 3376.95
21 78 3524.59
21 79 3680.38
21 80 3836.81
21 81 3984.73
21 82 4113.87
21 83 4213.54
21 84 4273.5
21 85 4284.91
21 86 4241.03
21 87 4138.17
21 88 3975.84
21 89 3757.11
21 90 3488.15
21 91 3177.78
21 92 2836.4
21 93 2475.09
21 94 2104.32
21 95 1733.05
21 96 1367.82
21 97 1012.38
21 98 667.478
21 99 331.304
21 100 0

22 0 0
22 1 272.38
22 2 551.859
22 3 844.406
22 4 1153.73
22 5 1480.59
22 6 1822.43
22 7 2173.22
22 8 2524.17
22 9 2864.2
22 10 3181.29
22 11 3463.54
22 12 3700.39
22 13 3883.71
22 14 4008.55
22 15 4073.52
22 16 4080.93
22 17 4036.36
22 18 3948.07
22 19 3826.08
22 20 3681.33
22 21 3524.59
22 22 3365.77
22 23 3213.36
22 24 3073.94
22 25 2951.93
22 26 2849.92
22 27 2768.67
22 28 2707.52
22 29 2664.74
22 30 2637.93
22 31 2624.34
22 32 2621.15
22 33 2625.72
22 34 2635.7
22 35 2649.07
22 36 2664.24
22 37 2679.96
22 38 2695.38
22 39 2709.85
22 40 2723.03
22 41 2734.7
22 42 2744.82
22 43 2753.38
22 44 2760.5
22 45 2766.23
22 46 2770.75
22 47 2774.11
22 48 2776.45
22 49 2777.81
22 50 2778.27
22 51 2777.81
22 52 2776.45
22 53 2774.11
22 54 2770.75
22 55 2766.23
22 56 2760.5
22 57 2753.38
22 58 2744.82
22 59 2734.7
22 60 2723.03
22 61 2709.85
22 62 2695.38
22 63 2679.96
22 64 2664.24
22 65 2649.07
22 66 2635.7
22 67 2625.72
22 68 2621.15
22 69 2624.34
22 70 2637.93
22 71 2664.74
22 72 2707.52
22 73 2768.67
22 74 2849.92
22 75 2951.93
22 76 3073.94
22 77 3213.36
22 78 3365.77
22 79 3524.59
22 80 3681.33
22 81 3826.08
22 82 3948.07
22 83 4036.36
22 84 4080.93
22 85 4073.52
22 86 4008.55
22 87 3883.71
22 88 3700.39
22 89 3463.54
22 90 3181.29
22 91 2864.2
22 92 2524.17
22 93 2173.22
22 94 1822.43
22 95 1480.59
22 96 1153.73
22 97 844.406
22 98 551.859
22 99 272.38
22 100 0

23 0 0
23 1 217.76
23 2 444.579
23 3 688.281
23 4 954.269
23 5 1244.76
23 6 1558.24
23 7 1889.41
23 8 2229.58
23 9 2567.46
23 10 2890.15
23 11 3184.54
23 12 3438.41
23 13 3641.85
23 14 3787.98
23 15 3873.66
23 16 3899.64
23 17 3870.3
23 18 3793.11
23 19 3677.78
23 20 3535.31
23 21 3376.95
23 22 3213.36
23 23 3053.94
23 24 2906.04
23 25 2775.16
23 26 2664.59
23 27 2575.79
23 28 2508.5
23 29 2461.32
23 30 2431.92
23 31 2417.57
23 32 2415.32
23 33 2422.33
23 34 2435.99
23 35 2454.06
23 36 2474.69
23 37 2496.37
23 38 2518.03
23 39 2538.85
23 40 2558.29
23 41 2575.99
23 42 2591.79
23 43 2605.59
23 44 2617.38
23 45 2627.22
23 46 2635.12
23 47 2641.19
23 48 2645.47
23 49 2648.02
23 50 2648.86
23 51 2648.02
23 52 2645.47
23 53 2641.19
23 54 2635.12
23 55 2627.22
23 56 2617.38
23 57 2605.59
23 58 2591.79
23 59 2575.99
23 60 2558.29
23 61 2538.85
23 62 2518.03
23 63 2496.37
23 64 2474.69
23 65 2454.06
23 66 2435.99
23 67 2422.33
23 68 2415.32
23 69 2417.57
23 70 2431.92
23 71 2461.32
23 72 2508.5
23 73 2575.79
23 74 2664.59
23 75 2775.16
23 76 2906.04
23 77 3053.94
23 78 3213.36
23 79 3376.95
23 80 3535.31
23 81 3677.78
23 82 3793.11
23 83 3870.3
23 84 3899.64
23 85 3873.66
23 86 3787.98
23 87 3641.85
23 88 3438.41
23 89 3184.54
23 90 2890.15
23 91 2567.46
23 92 2229.58
23 93 1889.41
23 94 1558.24
23 95 1244.76
23 96 954.269
23 97 688.281
23 98 444.579
23 99 217.76
23 100 0

24 0 0
24 1 167.711
24 2 346.156
24 3 544.732
24 4 770.386
24 5 1026.61
24 6 1312.98
24 7 1624.92
24 8 1954.08
24 9 2289
24 10 2616.24
24 11 2921.56
24 12 3191.42
24 13 3414.13
24 14 3581.06
24 15 3687.27
24 16 3731.91
24 17 3718.04
24 18 3652.23
24 19 3543.75
24 20 3403.5
24 21 3243.12
24 22 3073.94
24 23 2906.04
24 24 2747.88
24 25 2605.79
24 26 2483.97
24 27 2384.5
24 28 2307.76
24 29 2252.63
24 30 2217.04
24 31 2198.27
24 32 2193.33
24 33 2199.21
24 34 2213.15
24 35 2232.65
24 36 2255.62
24 37 2280.37
24 38 2305.57
24 39 2330.23
24 40 2353.66
24 41 2375.35
24 42 2394.98
24 43 2412.39
24 44 2427.49
24 45 2440.2
24 46 2450.58
24 47 2458.59
24 48 2464.29
24 49 2467.7
24 50 2468.83
24 51 2467.7
24 52 2464.29
24 53 2458.59
24 54 2450.58
24 55 2440.2
24 56 2427.49
24 57 2412.39
24 58 2394.98
24 59 2375.35
24 60 2353.66
24 61 2330.23
24 62 2305.57
24 63 2280.37
24 64 2255.62
24 65 2232.65
24 66 2213.15
24 67 2199.21
24 68 2193.33
24 69 2198.27
24 70 2217.04
24 71 2252.63
24 72 2307.76
24 73 2384.5
24 74 2483.97
24 75 2605.79
24 76 2747.88
24 77 2906.04
24 78 3073.94
24 79 3243.12
24 80 3403.5
24 81 3543.75
24 82 3652.23
24 83 3718.04
24 84 3731.91
24 85 3687.27
24 86 3581.06
24 87 3414.13
24 88 3191.42
24 89 2921.56
24 90 2616.24
24 91 2289
24 92 1954.08
24 93 1624.92
24 94 1312.98
24 95 1026.61
24 96 770.386
24 97 544.732
24 98 346.156
24 99 167.711
24 100 0

25 0 0
25 1 122.303
25 2 256.706
25 3 413.988
25 4 602.363
25 5 826.554
25 6 1087.13
25 7 1380.32
25 8 1698.2
25 9 2029.41
25 10 2360.06
25 11 2675.14
25 12 2959.87
25 13 3201.04
25 14 3388.31
25 15 3515.01
25 16 3578.6
25 17 3580.79
25 18 3527.12
25 19 3426.2
25 20 3288.81
25 21 3126.81
25 22 2951.93
25 23 2775.16
25 24 2605.79
25 25 2451.12
25 26 2316.19
25 27 2203.89
25 28 2115.15
25 29 2049.33
25 30 2004.6
25 31 1978.39
25 32 1967.68
25 33 1969.39
25 34 1980.57
25 35 1998.58
25 36 2021.09
25 37 2046.21
25 38 2072.43
25 39 2098.6
25 40 2123.82
25 41 2147.5
25 42 2169.2
25 43 2188.64
25 44 2205.62
25 45 2220.08
25 46 2231.91
25 47 2241.14
25 48 2247.71
25 49 2251.65
25 50 2252.97
25 51 2251.65
25 52 2247.71
25 53 2241.14
25 54 2231.91
25 55 2220.08
25 56 2205.62
25 57 2188.64
25 58 2169.2
25 59 2147.5
25 60 2123.82
25 61 2098.6
25 62 2072.43
25 63 2046.21
25 64 2021.09
25 65 1998.58
25 66 1980.57
25 67 1969.39
25 68 1967.68
25 69 1978.39
25 70 2004.6
25 71 2049.33
25 72 2115.15
25 73 2203.89
25 74 2316.19
25 75 2451.12
25 76 2605.79
25 77 2775.16
25 78 2951.93
25 79 3126.81
25 80 3288.81
25 81 3426.2
25 82 3527.12
25 83 3580.79
25 84 3578.6
25 85 3515.01
25 86 3388.31
25 87 3201.04
25 88 2959.87
25 89 2675.14
25 90 2360.06
25 91 2029.41
25 92 1698.2
25 93 1380.32
25 94 1087.13
25 95 826.554
25 96 602.363
25 97 413.988
25 98 256.706
25 99 122.303
25 100 0

26 0 0
26 1 81.4601
26 2 176.117
26 3 295.886
26 4 450.06
26 5 644.439
26 6 880.591
26 7 1155.52
26 8 1461.91
26 9 1788.57
26 10 2121.51
26 11 2445.11
26 12 2743.56
26 13 3002.33
26 14 3209.46
26 15 3356.58
26 16 3439.5
26 17 3458.53
26 18 3418.02
26 19 3325.84
26 20 3192.49
26 21 3029.74
26 22 2849.92
26 23 2664.59
26 24 2483.97
26 25 2316.19
26 26 2167.23
26 27 2040.76
26 28 1938.38
26 29 1859.93
26 30 1803.92
26 31 1767.94
26 32 1749.06
26 33 1744.14
26 34 1750.12
26 35 1764.19
26 36 1783.86
26 37 1807.08
26 38 1832.14
26 39 1857.73
26 40 1882.85
26 41 1906.74
26 42 1928.88
26 43 1948.88
26 44 1966.53
26 45 1981.59
26 46 1994.04
26 47 2003.73
26 48 2010.7
26 49 2014.87
26 50 2016.27
26 51 2014.87
26 52 2010.7
26 53 2003.73
26 54 1994.04
26 55 1981.59
26 56 1966.53
26 57 1948.88
26 58 1928.88
26 59 1906.74
26 60 1882.85
26 61 1857.73
26 62 1832.14
26 63 1807.08
26 64 1783.86
26 65 1764.19
26 66 1750.12
26 67 1744.14
26 68 1749.06
26 69 1767.94
26 70 1803.92
26 71 1859.93
26 72 1938.38
26 73 2040.76
26 74 2167.23
26 75 2316.19
26 76 2483.97
26 77 2664.59
26 78 2849.92
26 79 3029.74
26 80 3192.49
26 81 3325.84
26 82 3418.02
26 83 3458.53
26 84 3439.5
26 85 3356.58
26 86 3209.46
26 87 3002.33
26 88 2743.56
26 89 2445.11
26 90 2121.51
26 91 1788.57
26 92 1461.91
26 93 1155.52
26 94 880.591
26 95 644.439
26 96 450.06
26 97 295.886
26 98 176.117
26 99 81.4601
26 100 0

27 0 0
27 1 45.0281
27 2 104.108
27 3 190.022
27 4 312.986
27 5 479.748
27 6 692.79
27 7 949.974
27 8 1244.65
27 9 1566.01
27 10 1900.1
27 11 2230.91
27 12 2541.85
27 13 2817.22
27 14 3043.6
27 15 3211
27 16 3313.66
27 17 3350.32
27 18 3324.13
27 19 3242.13
27 20 3114.2
27 21 2952.21
27 22 2768.67
27 23 2575.79
27 24 2384.5
27 25 2203.89
27 26 2040.76
27 27 1899.62
27 28 1782.73
27 29 1690.52
27 30 1621.85
27 31 1574.57
27 32 1545.81
27 33 1532.47
27 34 1531.41
27 35 1539.7
27 36 1554.71
27 37 1574.2
27 38 1596.37
27 39 1619.73
27 40 1643.16
27 41 1665.79
27 42 1687.03
27 43 1706.4
27 44 1723.59
27 45 1738.4
27 46 1750.64
27 47 1760.26
27 48 1767.15
27 49 1771.3
27 50 1772.69
27 51 1771.3
27 52 1767.15
27 53 1760.26
27 54 1750.64
27 55 1738.4
27 56 1723.59
27 57 1706.4
27 58 1687.03
27 59 1665.79
27 60 1643.16
27 61 1619.73
27 62 1596.37
27 63 1574.2
27 64 1554.71
27 65 1539.7
27 66 1531.41
27 67 1532.47
27 68 1545.81
27 69 1574.57
27 70 1621.85
27 71 1690.52
27 72 1782.73
27 73 1899.62
27 74 2040.76
27 75 2203.89
27 76 2384.5
27 77 2575.79
27 78 2768.67
27 79 2952.21
27 80 3114.2
27 81 3242.13
27 82 3324.13
27 83 3350.32
27 84 3313.66
27 85 3211
27 86 3043.6
27 87 2817.22
27 88 2541.85
27 89 2230.91
27 90 1900.1
27 91 1566.01
27 92 1244.65
27 93 949.974
27 94 692.79
27 95 479.748
27 96 312.986
27 97 190.022
27 98 104.108
27 99 45.0281
27 100 0

28 0 0
28 1 12.7809
28 2 40.2465
28 3 95.7894
28 4 190.423
28 5 331.684
28 6 522.921
28 7 762.897
28 8 1045.64
28 9 1360.94
28 10 1695.01
28 11 2031.7
28 12 2353.81
28 13 2644.69
28 14 2889.57
28 15 3077.02
28 16 3199.64
28 17 3254.64
28 18 3243.96
28 19 3173.52
28 20 3052.71
28 21 2893.14
28 22 2707.52
28 23 2508.5
28 24 2307.76
28 25 2115.15
28 26 1938.38
28 27 1782.73
28 28 1651.24
28 29 1544.84
28 30 1462.86
28 31 1403.4
28 32 1363.78
28 33 1340.89
28 34 1331.59
28 35 1332.82
28 36 1341.89
28 37 1356.39
28 38 1374.38
28 39 1394.28
28 40 1414.86
28 41 1435.14
28 42 1454.44
28 43 1472.24
28 44 1488.17
28 45 1501.95
28 46 1513.45
28 47 1522.46
28 48 1528.97
28 49 1532.88
28 50 1534.19
28 51 1532.88
28 52 1528.97
28 53 1522.46
28 54 1513.45
28 55 1501.95
28 56 1488.17
28 57 1472.24
28 58 1454.44
28 59 1435.14
28 60 1414.86
28 61 1394.28
28 62 1374.38
28 63 1356.39
28 64 1341.89
28 65 1332.82
28 66 1331.59
28 67 1340.89
28 68 1363.78
28 69 1403.4
28 70 1462.86
28 71 1544.84
28 72 1651.24
28 73 1782.73
28 74 1938.38
28 75 2115.15
28 76 2307.76
28 77 2508.5
28 78 2707.52
28 79 2893.14
28 80 3052.71
28 81 3173.52
28 82 3243.96
28 83 3254.64
28 84 3199.64
28 85 3077.02
28 86 2889.57
28 87 2644.69
28 88 2353.81
28 89 2031.7
28 90 1695.01
28 91 1360.94
28 92 1045.64
28 93 762.897
28 94 522.921
28 95 331.684
28 96 190.423
28 97 95.7894
28 98 40.2465
28 99 12.7809
28 100 0

29 0 0
29 1 -15.5433
29 2 -16.004
29 3 12.4727
29 4 81.486
29 5 199.265
29 6 369.995
29 7 593.276
29 8 863.952
29 9 1172.45
29 10 1505.37
29 11 1846.53
29 12 2178.46
29 13 2483.58
29 14 2746.13
29 15 2953.16
29 16 3095.76
29 17 3169.72
29 18 3175.47
29 19 3118.03
29 20 3005.98
29 21 2850.64
29 22 2664.74
29 23 2461.32
29 24 2252.63
29 25 2049.33
29 26 1859.93
29 27 1690.52
29 28 1544.84
29 29 1424.45
29 30 1329.11
29 31 1257.24
29 32 1206.32
29 33 1173.36
29 34 1155.17
29 35 1148.67
29 36 1151.02
29 37 1159.75
29 38 1172.79
29 39 1188.44
29 40 1205.37
29 41 1222.57
29 42 1239.24
29 43 1254.83
29 44 1268.91
29 45 1281.21
29 46 1291.47
29 47 1299.61
29 48 1305.45
29 49 1309
29 50 1310.17
29 51 1309
29 52 1305.45
29 53 1299.61
29 54 1291.47
29 55 1281.21
29 56 1268.91
29 57 1254.83
29 58 1239.24
29 59 1222.57
29 60 1205.37
29 61 1188.44
29 62 1172.79
29 63 1159.75
29 64 1151.02
29 65 1148.67
29 66 1155.17
29 67 1173.36
29 68 1206.32
29 69 1257.24
29 70 1329.11
29 71 1424.45
29 72 1544.84
29 73 1690.52
29 74 1859.93
29 75 2049.33
29 76 2252.63
29 77 2461.32
29 78 2664.74
29 79 2850.64
29 80 3005.98
29 81 3118.03
29 82 3175.47
29 83 3169.72
