0 0 0
0 1 0
0 2 0
0 3 0
0 4 0
0 5 0
0 6 0
0 7 0
0 8 0
0 9 0
0 10 0
0 11 0
0 12 0
0 13 0
0 14 0
0 15 0
0 16 0
0 17 0
0 18 0
0 19 0
0 20 0
0 21 0
0 22 0
0 23 0
0 24 0
0 25 0
0 26 0
0 27 0
0 28 0
0 29 0
0 30 0
0 31 0
0 32 0
0 33 0
0 34 0
0 35 0
0 36 0
0 37 0
0 38 0
0 39 0
0 40 0
0 41 0
0 42 0
0 43 0
0 44 0
0 45 0
0 46 0
0 47 0
0 48 0
0 49 0
0 50 0
0 51 0
0 52 0
0 53 0
0 54 0
0 55 0
0 56 0
0 57 0
0 58 0
0 59 0
0 60 0
0 61 0
0 62 0
0 63 0
0 64 0
0 65 0
0 66 0
0 67 0
0 68 0
0 69 0
0 70 0
0 71 0
0 72 0
0 73 0
0 74 0
0 75 0
0 76 0
0 77 0
0 78 0
0 79 0
0 80 0
0 81 0
0 82 0
0 83 0
0 84 0
0 85 0
0 86 0
0 87 0
0 88 0
0 89 0
0 90 0
0 91 0
0 92 0
0 93 0
0 94 0
0 95 0
0 96 0
0 97 0
0 98 0
0 99 0
0 100 0

1 0 0
1 1 -65.015
1 2 -129.737
1 3 -193.744
1 4 -256.452
1 5 -316.973
1 6 -374.145
1 7 -426.518
1 8 -472.392
1 9 -509.971
1 10 -537.434
1 11 -553.145
1 12 -555.811
1 13 -544.61
1 14 -519.389
1 15 -480.681
1 16 -429.782
1 17 -368.689
1 18 -299.999
1 19 -226.735
1 20 -152.157
1 21 -79.5091
1 22 -11.7949
1 23 48.398
1 24 99.1163
1 25 139.086
1 26 167.776
1 27 185.372
1 28 192.666
1 29 190.931
1 30 181.771
1 31 166.968
1 32 148.291
1 33 127.427
1 34 105.827
1 35 84.6789
1 36 64.8584
1 37 46.984
1 38 31.382
1 39 18.1631
1 40 7.26505
1 41 -1.47783
1 42 -8.31895
1 43 -13.5446
1 44 -17.4353
1 45 -20.2683
1 46 -22.2567
1 47 -23.606
1 48 -24.475
1 49 -24.94
1 50 -25.0874
1 51 -24.94
1 52 -24.475
1 53 -23.606
1 54 -22.2567
1 55 -20.2683
1 56 -17.4353
1 57 -13.5446
1 58 -8.31895
1 59 -1.47783
1 60 7.26505
1 61 18.1631
1 62 31.382
1 63 46.984
1 64 64.8584
1 65 84.6789
1 66 105.827
1 67 127.427
1 68 148.291
1 69 166.968
1 70 181.771
1 71 190.931
1 72 192.666
1 73 185.372
1 74 167.776
1 75 139.086
1 76 99.1163
1 77 48.398
1 78 -11.7949
1 79 -79.5091
1 80 -152.157
1 81 -226.735
1 82 -299.999
1 83 -368.689
1 84 -429.782
1 85 -480.681
1 86 -519.389
1 87 -544.61
1 88 -555.811
1 89 -553.145
1 90 -537.434
1 91 -509.971
1 92 -472.392
1 93 -426.518
1 94 -374.145
1 95 -316.973
1 96 -256.452
1 97 -193.744
1 98 -129.737
1 99 -65.015
1 100 0

2 0 0
2 1 -129.737
2 2 -258.817
2 3 -386.348
2 4 -511.113
2 5 -631.332
2 6 -744.69
2 7 -848.331
2 8 -938.922
2 9 -1012.95
2 10 -1066.88
2 11 -1097.52
2 12 -1102.37
2 13 -1079.87
2 14 -1029.73
2 15 -953.031
2 16 -852.328
2 17 -731.553
2 18 -595.79
2 19 -450.991
2 20 -303.551
2 21 -159.865
2 22 -25.84
2 23 93.4168
2 24 194.049
2 25 273.517
2 26 330.748
2 27 366.056
2 28 380.972
2 29 377.98
2 30 360.238
2 31 331.244
2 32 294.487
2 33 253.29
2 34 210.536
2 35 168.599
2 36 129.24
2 37 93.6878
2 38 62.5935
2 39 36.2061
2 40 14.4314
2 41 -3.05546
2 42 -16.7702
2 43 -27.2634
2 44 -35.0971
2 45 -40.7664
2 46 -44.7902
2 47 -47.5331
2 48 -49.2531
2 49 -50.214
2 50 -50.5129
2 51 -50.214
2 52 -49.2531
2 53 -47.5331
2 54 -44.7902
2 55 -40.7664
2 56 -35.0971
2 57 -27.2634
2 58 -16.7702
2 59 -3.05546
2 60 14.4314
2 61 36.2061
2 62 62.5935
2 63 93.6878
2 64 129.24
2 65 168.599
2 66 210.536
2 67 253.29
2 68 294.487
2 69 331.244
2 70 360.238
2 71 377.98
2 72 380.972
2 73 366.056
2 74 330.748
2 75 273.517
2 76 194.049
2 77 93.4168
2 78 -25.84
2 79 -159.865
2 80 -303.551
2 81 -450.991
2 82 -595.79
2 83 -731.553
2 84 -852.328
2 85 -953.031
2 86 -1029.73
2 87 -1079.87
2 88 -1102.37
2 89 -1097.52
2 90 -1066.88
2 91 -1012.95
2 92 -938.922
2 93 -848.331
2 94 -744.69
2 95 -631.332
2 96 -511.113
2 97 -386.348
2 98 -258.817
2 99 -129.737
2 100 0

3 0 0
3 1 -193.744
3 2 -386.348
3 3 -576.357
3 4 -761.837
3 5 -940.096
3 6 -1107.69
3 7 -1260.42
3 8 -1393.48
3 9 -1501.77
3 10 -1580.23
3 11 -1624.32
3 12 -1630.49
3 13 -1596.54
3 14 -1522.14
3 15 -1408.9
3 16 -1260.58
3 17 -1082.89
3 18 -883.273
3 19 -670.361
3 20 -453.477
3 21 -241.921
3 22 -44.3496
3 23 131.777
3 24 280.737
3 25 398.766
3 26 484.204
3 27 537.442
3 28 560.635
3 29 557.358
3 30 532.17
3 31 490.169
3 32 436.485
3 33 376.011
3 34 313.017
3 35 251.015
3 36 192.653
3 37 139.782
3 38 93.4413
3 39 54.0221
3 40 21.4056
3 41 -4.86887
3 42 -25.5072
3 43 -41.3328
3 44 -53.1563
3 45 -61.7951
3 46 -67.887
3 47 -72.0335
3 48 -74.7027
3 49 -76.1434
3 50 -76.6069
3 51 -76.1434
3 52 -74.7027
3 53 -72.0335
3 54 -67.887
3 55 -61.7951
3 56 -53.1563
3 57 -41.3328
3 58 -25.5072
3 59 -4.86887
3 60 21.4056
3 61 54.0221
3 62 93.4413
3 63 139.782
3 64 192.653
3 65 251.015
3 66 313.017
3 67 376.011
3 68 436.485
3 69 490.169
3 70 532.17
3 71 557.358
3 72 560.635
3 73 537.442
3 74 484.204
3 75 398.766
3 76 280.737
3 77 131.777
3 78 -44.3496
3 79 -241.921
3 80 -453.477
3 81 -670.361
3 82 -883.273
3 83 -1082.89
3 84 -1260.58
3 85 -1408.9
3 86 -1522.14
3 87 -1596.54
3 88 -1630.49
3 89 -1624.32
3 90 -1580.23
3 91 -1501.77
3 92 -1393.48
3 93 -1260.42
3 94 -1107.69
3 95 -940.096
3 96 -761.837
3 97 -576.357
3 98 -386.348
3 99 -193.744
3 100 0

4 0 0
4 1 -256.452
4 2 -511.113
4 3 -761.837
4 4 -1005.87
4 5 -1239.6
4 6 -1458.5
4 7 -1657.14
4 8 -1829.4
4 9 -1968.86
4 10 -2069.18
4 11 -2124.72
4 12 -2131.07
4 13 -2085.63
4 14 -1988.05
4 15 -1840.52
4 16 -1647.86
4 17 -1417.41
4 18 -1158.65
4 19 -882.627
4 20 -601.248
4 21 -326.451
4 22 -69.3591
4 23 160.395
4 24 355.364
4 25 510.574
4 26 623.754
4 27 695.222
4 28 727.614
4 29 725.41
4 30 694.416
4 31 641.147
4 32 572.238
4 33 494.019
4 34 412.083
4 35 331.069
4 36 254.516
4 37 184.9
4 38 123.652
4 39 71.3703
4 40 27.9766
4 41 -7.09014
4 42 -34.7391
4 43 -56
4 44 -71.9638
4 45 -83.5997
4 46 -91.8839
4 47 -97.5482
4 48 -101.136
4 49 -103.143
4 50 -103.766
4 51 -103.143
4 52 -101.136
4 53 -97.5482
4 54 -91.8839
4 55 -83.5997
4 56 -71.9638
4 57 -56
4 58 -34.7391
4 59 -7.09014
4 60 27.9766
4 61 71.3703
4 62 123.652
4 63 184.9
4 64 254.516
4 65 331.069
4 66 412.083
4 67 494.019
4 68 572.238
4 69 641.147
4 70 694.416
4 71 725.41
4 72 727.614
4 73 695.222
4 74 623.754
4 75 510.574
4 76 355.364
4 77 160.395
4 78 -69.3591
4 79 -326.451
4 80 -601.248
4 81 -882.627
4 82 -1158.65
4 83 -1417.41
4 84 -1647.86
4 85 -1840.52
4 86 -1988.05
4 87 -2085.63
4 88 -2131.07
4 89 -2124.72
4 90 -2069.18
4 91 -1968.86
4 92 -1829.4
4 93 -1657.14
4 94 -1458.5
4 95 -1239.6
4 96 -1005.87
4 97 -761.837
4 98 -511.113
4 99 -256.452
4 100 0

5 0 0
5 1 -316.973
5 2 -631.332
5 3 -940.096
5 4 -1239.6
5 5 -1525.29
5 6 -1791.6
5 7 -2032.04
5 8 -2239.42
5 9 -2406.23
5 10 -2525.19
5 11 -2589.84
5 12 -2595.23
5 13 -2538.49
5 14 -2419.38
5 15 -2240.61
5 16 -2007.97
5 17 -1730.16
5 18 -1418.39
5 19 -1085.73
5 20 -746.266
5 21 -414.167
5 22 -102.735
5 23 176.509
5 24 414.486
5 25 605.088
5 26 745.341
5 27 835.389
5 28 878.13
5 29 878.746
5 30 844.025
5 31 781.691
5 32 699.712
5 33 605.723
5 34 506.552
5 35 407.902
5 36 314.199
5 37 228.558
5 38 152.879
5 39 87.9966
5 40 33.9157
5 41 -9.98931
5 42 -44.7316
5 43 -71.5683
5 44 -91.759
5 45 -106.604
5 46 -117.161
5 47 -124.387
5 48 -129.045
5 49 -131.591
5 50 -132.426
5 51 -131.591
5 52 -129.045
5 53 -124.387
5 54 -117.161
5 55 -106.604
5 56 -91.759
5 57 -71.5683
5 58 -44.7316
5 59 -9.98931
5 60 33.9157
5 61 87.9966
5 62 152.879
5 63 228.558
5 64 314.199
5 65 407.902
5 66 506.552
5 67 605.723
5 68 699.712
5 69 781.691
5 70 844.025
5 71 878.746
5 72 878.13
5 73 835.389
5 74 745.341
5 75 605.088
5 76 414.486
5 77 176.509
5 78 -102.735
5 79 -414.167
5 80 -746.266
5 81 -1085.73
5 82 -1418.39
5 83 -1730.16
5 84 -2007.97
5 85 -2240.61
5 86 -2419.38
5 87 -2538.49
5 88 -2595.23
5 89 -2589.84
5 90 -2525.19
5 91 -2406.23
5 92 -2239.42
5 93 -2032.04
5 94 -1791.6
5 95 -1525.29
5 96 -1239.6
5 97 -940.096
5 98 -631.332
5 99 -316.973
5 100 0

6 0 0
6 1 -374.145
6 2 -744.69
6 3 -1107.69
6 4 -1458.5
6 5 -1791.6
6 6 -2100.51
6 7 -2377.83
6 8 -2615.55
6 9 -2805.4
6 10 -2939.49
6 11 -3010.89
6 12 -3014.33
6 13 -2946.91
6 14 -2808.57
6 15 -2602.52
6 16 -2335.32
6 17 -2016.75
6 18 -1659.36
6 19 -1277.81
6 20 -887.891
6 21 -505.591
6 22 -145.969
6 23 177.791
6 24 455.191
6 25 678.988
6 26 845.487
6 27 954.451
6 28 1008.86
6 29 1014.29
6 30 978.266
6 31 909.461
6 32 816.969
6 33 709.556
6 34 595.175
6 35 480.544
6 36 370.954
6 37 270.194
6 38 180.658
6 39 103.498
6 40 38.8457
6 41 -13.9016
6 42 -55.8579
6 43 -88.3869
6 44 -113.029
6 45 -131.171
6 46 -144.166
6 47 -153.099
6 48 -158.827
6 49 -162.043
6 50 -163.043
6 51 -162.043
6 52 -158.827
6 53 -153.099
6 54 -144.166
6 55 -131.171
6 56 -113.029
6 57 -88.3869
6 58 -55.8579
6 59 -13.9016
6 60 38.8457
6 61 103.498
6 62 180.658
6 63 270.194
6 64 370.954
6 65 480.544
6 66 595.175
6 67 709.556
6 68 816.969
6 69 909.461
6 70 978.266
6 71 1014.29
6 72 1008.86
6 73 954.451
6 74 845.487
6 75 678.988
6 76 455.191
6 77 177.791
6 78 -145.969
6 79 -505.591
6 80 -887.891
6 81 -1277.81
6 82 -1659.36
6 83 -2016.75
6 84 -2335.32
6 85 -2602.52
6 86 -2808.57
6 87 -2946.91
6 88 -3014.33
6 89 -3010.89
6 90 -2939.49
6 91 -2805.4
6 92 -2615.55
6 93 -2377.83
6 94 -2100.51
6 95 -1791.6
6 96 -1458.5
6 97 -1107.69
6 98 -744.69
6 99 -374.145
6 100 0

7 0 0
7 1 -426.518
7 2 -848.331
7 3 -1260.42
7 4 -1657.14
7 5 -2032.04
7 6 -2377.83
7 7 -2686.41
7 8 -2949.23
7 9 -3157.58
7 10 -3303.27
7 11 -3379.22
7 12 -3380.14
7 13 -3303.25
7 14 -3148.75
7 15 -2920.26
7 16 -2624.93
7 17 -2273.26
7 18 -1878.76
7 19 -1457.13
7 20 -1025.42
7 21 -600.923
7 22 -200.111
7 23 162.528
7 24 475.213
7 25 729.673
7 26 921.367
7 27 1049.55
7 28 1116.98
7 29 1129.38
7 30 1094.72
7 31 1022.34
7 32 922.188
7 33 803.991
7 34 676.694
7 35 547.965
7 36 423.954
7 37 309.125
7 38 206.423
7 39 117.359
7 40 42.303
7 41 -19.2922
7 42 -68.543
7 43 -106.979
7 44 -136.194
7 45 -157.86
7 46 -173.427
7 47 -184.169
7 48 -191.129
7 49 -194.979
7 50 -196.255
7 51 -194.979
7 52 -191.129
7 53 -184.169
7 54 -173.427
7 55 -157.86
7 56 -136.194
7 57 -106.979
7 58 -68.543
7 59 -19.2922
7 60 42.303
7 61 117.359
7 62 206.423
7 63 309.125
7 64 423.954
7 65 547.965
7 66 676.694
7 67 803.991
7 68 922.188
7 69 1022.34
7 70 1094.72
7 71 1129.38
7 72 1116.98
7 73 1049.55
7 74 921.367
7 75 729.673
7 76 475.213
7 77 162.528
7 78 -200.111
7 79 -600.923
7 80 -1025.42
7 81 -1457.13
7 82 -1878.76
7 83 -2273.26
7 84 -2624.93
7 85 -2920.26
7 86 -3148.75
7 87 -3303.25
7 88 -3380.14
7 89 -3379.22
7 90 -3303.27
7 91 -3157.58
7 92 -2949.23
7 93 -2686.41
7 94 -2377.83
7 95 -2032.04
7 96 -1657.14
7 97 -1260.42
7 98 -848.331
7 99 -426.518
7 100 0

8 0 0
8 1 -472.392
8 2 -938.922
8 3 -1393.48
8 4 -1829.4
8 5 -2239.42
8 6 -2615.55
8 7 -2949.23
8 8 -3231.6
8 9 -3453.85
8 10 -3607.82
8 11 -3686.55
8 12 -3684.96
8 13 -3600.55
8 14 -3433.76
8 15 -3188.56
8 16 -2872.41
8 17 -2496.22
8 18 -2073.96
8 19 -1621.94
8 20 -1157.9
8 21 -699.984
8 22 -265.589
8 23 129.726
8 24 473.152
8 25 755.37
8 26 970.981
8 27 1118.52
8 28 1200.32
8 29 1221.94
8 30 1191.42
8 31 1118.49
8 32 1013.73
8 33 887.595
8 34 749.895
8 35 609.157
8 36 472.322
8 37 344.596
8 38 229.506
8 39 129.018
8 40 43.7462
8 41 -26.6788
8 42 -83.3634
8 43 -127.809
8 44 -161.851
8 45 -187.206
8 46 -205.53
8 47 -218.235
8 48 -226.473
8 49 -231.118
8 50 -232.574
8 51 -231.118
8 52 -226.473
8 53 -218.235
8 54 -205.53
8 55 -187.206
8 56 -161.851
8 57 -127.809
8 58 -83.3634
8 59 -26.6788
8 60 43.7462
8 61 129.018
8 62 229.506
8 63 344.596
8 64 472.322
8 65 609.157
8 66 749.895
8 67 887.595
8 68 1013.73
8 69 1118.49
8 70 1191.42
8 71 1221.94
8 72 1200.32
8 73 1118.52
8 74 970.981
8 75 755.37
8 76 473.152
8 77 129.726
8 78 -265.589
8 79 -699.984
8 80 -1157.9
8 81 -1621.94
8 82 -2073.96
8 83 -2496.22
8 84 -2872.41
8 85 -3188.56
8 86 -3433.76
8 87 -3600.55
8 88 -3684.96
8 89 -3686.55
8 90 -3607.82
8 91 -3453.85
8 92 -3231.6
8 93 -2949.23
8 94 -2615.55
8 95 -2239.42
8 96 -1829.4
8 97 -1393.48
8 98 -938.922
8 99 -472.392
8 100 0

9 0 0
9 1 -509.971
9 2 -1012.95
9 3 -1501.77
9 4 -1968.86
9 5 -2406.23
9 6 -2805.4
9 7 -3157.58
9 8 -3453.85
9 9 -3685.59
9 10 -3844.91
9 11 -3925.22
9 12 -3921.86
9 13 -3832.61
9 14 -3658.24
9 15 -3402.83
9 16 -3073.95
9 17 -2682.52
9 18 -2242.54
9 19 -1770.38
9 20 -1284
9 21 -801.892
9 22 -342.015
9 23 79.3701
9 24 448.568
9 25 755.345
9 26 993.317
9 27 1160.18
9 28 1257.55
9 29 1290.49
9 30 1266.87
9 31 1196.5
9 32 1090.24
9 33 959.131
9 34 813.638
9 35 663.066
9 36 515.151
9 37 375.812
9 38 249.204
9 39 137.774
9 40 42.5336
9 41 -36.6855
9 42 -100.852
9 43 -151.562
9 44 -190.591
9 45 -219.852
9 46 -241.116
9 47 -255.937
9 48 -265.614
9 49 -271.021
9 50 -272.808
9 51 -271.021
9 52 -265.614
9 53 -255.937
9 54 -241.116
9 55 -219.852
9 56 -190.591
9 57 -151.562
9 58 -100.852
9 59 -36.6855
9 60 42.5336
9 61 137.774
9 62 249.204
9 63 375.812
9 64 515.151
9 65 663.066
9 66 813.638
9 67 959.131
9 68 1090.24
9 69 1196.5
9 70 1266.87
9 71 1290.49
9 72 1257.55
9 73 1160.18
9 74 993.317
9 75 755.345
9 76 448.568
9 77 79.3701
9 78 -342.015
9 79 -801.892
9 80 -1284
9 81 -1770.38
9 82 -2242.54
9 83 -2682.52
9 84 -3073.95
9 85 -3402.83
9 86 -3658.24
9 87 -3832.61
9 88 -3921.86
9 89 -3925.22
9 90 -3844.91
9 91 -3685.59
9 92 -3453.85
9 93 -3157.58
9 94 -2805.4
9 95 -2406.23
9 96 -1968.86
9 97 -1501.77
9 98 -1012.95
9 99 -509.971
9 100 0

10 0 0
10 1 -537.434
10 2 -1066.88
10 3 -1580.23
10 4 -2069.18
10 5 -2525.19
10 6 -2939.49
10 7 -3303.27
10 8 -3607.82
10 9 -3844.91
10 10 -4007.15
10 11 -4088.52
10 12 -4084.81
10 13 -3994.21
10 14 -3817.64
10 15 -3559.18
10 16 -3226.19
10 17 -2829.27
10 18 -2381.96
10 19 -1900.27
10 20 -1401.83
10 21 -905.074
10 22 -428.058
10 23 12.4811
10 24 402.227
10 25 730.018
10 26 988.501
10 27 1174.33
10 28 1288.2
10 29 1334.41
10 30 1320.31
10 31 1255.47
10 32 1150.79
10 33 1017.64
10 34 867.012
10 35 708.868
10 36 551.65
10 37 402.034
10 38 264.814
10 39 143.021
10 40 38.0695
10 41 -49.8759
10 42 -121.675
10 43 -178.756
10 44 -223.025
10 45 -256.419
10 46 -280.82
10 47 -297.934
10 48 -309.129
10 49 -315.472
10 50 -317.482
10 51 -315.472
10 52 -309.129
10 53 -297.934
10 54 -280.82
10 55 -256.419
10 56 -223.025
10 57 -178.756
10 58 -121.675
10 59 -49.8759
10 60 38.0695
10 61 143.021
10 62 264.814
10 63 402.034
10 64 551.65
10 65 708.868
10 66 867.012
10 67 1017.64
10 68 1150.79
10 69 1255.47
10 70 1320.31
10 71 1334.41
10 72 1288.2
10 73 1174.33
10 74 988.501
10 75 730.018
10 76 402.227
10 77 12.4811
10 78 -428.058
10 79 -905.074
10 80 -1401.83
10 81 -1900.27
10 82 -2381.96
10 83 -2829.27
10 84 -3226.19
10 85 -3559.18
10 86 -3817.64
10 87 -3994.21
10 88 -4084.81
10 89 -4088.52
10 90 -4007.15
10 91 -3844.91
10 92 -3607.82
10 93 -3303.27
10 94 -2939.49
10 95 -2525.19
10 96 -2069.18
10 97 -1580.23
10 98 -1066.88
10 99 -537.434
10 100 0

11 0 0
11 1 -553.145
11 2 -1097.52
11 3 -1624.32
11 4 -2124.72
11 5 -2589.84
11 6 -3010.89
11 7 -3379.22
11 8 -3686.55
11 9 -3925.22
11 10 -4088.52
11 11 -4171.03
11 12 -4169.11
11 13 -4081.21
11 14 -3908.38
11 15 -3654.44
11 16 -3326.26
11 17 -2933.74
11 18 -2489.61
11 19 -2008.98
11 20 -1508.81
11 21 -1006.95
11 22 -521.271
11 23 -68.6215
11 24 336.166
11 25 681.157
11 26 957.926
11 27 1162.03
11 28 1292.97
11 29 1354.04
11 30 1351.76
11 31 1295.18
11 32 1194.99
11 33 1062.64
11 34 909.458
11 35 745.948
11 36 581.231
11 37 422.685
11 38 275.807
11 39 144.21
11 40 29.8501
11 41 -66.7915
11 42 -146.255
11 43 -209.961
11 44 -259.674
11 45 -297.429
11 46 -325.205
11 47 -344.78
11 48 -357.676
11 49 -364.945
11 50 -367.324
11 51 -364.945
11 52 -357.676
11 53 -344.78
11 54 -325.205
11 55 -297.429
11 56 -259.674
11 57 -209.961
11 58 -146.255
11 59 -66.7915
11 60 29.8501
11 61 144.21
11 62 275.807
11 63 422.685
11 64 581.231
11 65 745.948
11 66 909.458
11 67 1062.64
11 68 1194.99
11 69 1295.18
11 70 1351.76
11 71 1354.04
11 72 1292.97
11 73 1162.03
11 74 957.926
11 75 681.157
11 76 336.166
11 77 -68.6215
11 78 -521.271
11 79 -1006.95
11 80 -1508.81
11 81 -2008.98
11 82 -2489.61
11 83 -2933.74
11 84 -3326.26
11 85 -3654.44
11 86 -3908.38
11 87 -4081.21
11 88 -4169.11
11 89 -4171.03
11 90 -4088.52
11 91 -3925.22
11 92 -3686.55
11 93 -3379.22
11 94 -3010.89
11 95 -2589.84
11 96 -2124.72
11 97 -1624.32
11 98 -1097.52
11 99 -553.145
11 100 0

12 0 0
12 1 -555.811
12 2 -1102.37
12 3 -1630.49
12 4 -2131.07
12 5 -2595.23
12 6 -3014.33
12 7 -3380.14
12 8 -3684.96
12 9 -3921.86
12 10 -4084.81
12 11 -4169.11
12 12 -4171.56
12 13 -4090.86
12 14 -3927.93
12 15 -3686.18
12 16 -3371.69
12 17 -2993.34
12 18 -2562.6
12 19 -2093.41
12 20 -1601.52
12 21 -1103.93
12 22 -617.946
12 23 -160.313
12 24 253.875
12 25 611.929
12 26 904.423
12 27 1125.64
12 28 1273.76
12 29 1350.8
12 30 1362.24
12 31 1316.31
12 32 1223.2
12 33 1094.25
12 34 940.93
12 35 774.168
12 36 603.676
12 37 437.539
12 38 281.916
12 39 141.1
12 40 17.5855
12 41 -87.6492
12 42 -174.94
12 43 -245.424
12 44 -300.853
12 45 -343.241
12 46 -374.603
12 47 -396.882
12 48 -411.575
12 49 -419.94
12 50 -422.617
12 51 -419.94
12 52 -411.575
12 53 -396.882
12 54 -374.603
12 55 -343.241
12 56 -300.853
12 57 -245.424
12 58 -174.94
12 59 -87.6492
12 60 17.5855
12 61 141.1
12 62 281.916
12 63 437.539
12 64 603.676
12 65 774.168
12 66 940.93
12 67 1094.25
12 68 1223.2
12 69 1316.31
12 70 1362.24
12 71 1350.8
12 72 1273.76
12 73 1125.64
12 74 904.423
12 75 611.929
12 76 253.875
12 77 -160.313
12 78 -617.946
12 79 -1103.93
12 80 -1601.52
12 81 -2093.41
12 82 -2562.6
12 83 -2993.34
12 84 -3371.69
12 85 -3686.18
12 86 -3927.93
12 87 -4090.86
12 88 -4171.56
12 89 -4169.11
12 90 -4084.81
12 91 -3921.86
12 92 -3684.96
12 93 -3380.14
12 94 -3014.33
12 95 -2595.23
12 96 -2131.07
12 97 -1630.49
12 98 -1102.37
12 99 -555.811
12 100 0

13 0 0
13 1 -544.61
13 2 -1079.87
13 3 -1596.54
13 4 -2085.63
13 5 -2538.49
13 6 -2946.91
13 7 -3303.25
13 8 -3600.55
13 9 -3832.61
13 10 -3994.21
13 11 -4081.21
13 12 -4090.86
13 13 -4021.89
13 14 -3875
13 15 -3652.85
13 16 -3360.53
13 17 -3005.54
13 18 -2597.87
13 19 -2149.84
13 20 -1675.77
13 21 -1191.4
13 22 -713.229
13 23 -257.585
13 24 160.259
13 25 527.042
13 26 832.276
13 27 1068.97
13 28 1233.82
13 29 1327.45
13 30 1353.96
13 31 1320.57
13 32 1236.74
13 33 1113.44
13 34 962.157
13 35 794.069
13 36 619.413
13 37 446.886
13 38 283.395
13 39 133.888
13 40 1.51264
13 41 -112.35
13 42 -207.554
13 43 -285.078
13 44 -346.485
13 45 -393.783
13 46 -429.056
13 47 -454.198
13 48 -470.917
13 49 -480.415
13 50 -483.505
13 51 -480.415
13 52 -470.917
13 53 -454.198
13 54 -429.056
13 55 -393.783
13 56 -346.485
13 57 -285.078
13 58 -207.554
13 59 -112.35
13 60 1.51264
13 61 133.888
13 62 283.395
13 63 446.886
13 64 619.413
13 65 794.069
13 66 962.157
13 67 1113.44
13 68 1236.74
13 69 1320.57
13 70 1353.96
13 71 1327.45
13 72 1233.82
13 73 1068.97
13 74 832.276
13 75 527.042
13 76 160.259
13 77 -257.585
13 78 -713.229
13 79 -1191.4
13 80 -1675.77
13 81 -2149.84
13 82 -2597.87
13 83 -3005.54
13 84 -3360.53
13 85 -3652.85
13 86 -3875
13 87 -4021.89
13 88 -4090.86
13 89 -4081.21
13 90 -3994.21
13 91 -3832.61
13 92 -3600.55
13 93 -3303.25
13 94 -2946.91
13 95 -2538.49
13 96 -2085.63
13 97 -1596.54
13 98 -1079.87
13 99 -544.61
13 100 0

14 0 0
14 1 -519.389
14 2 -1029.73
14 3 -1522.14
14 4 -1988.05
14 5 -2419.38
14 6 -2808.57
14 7 -3148.75
14 8 -3433.76
14 9 -3658.24
14 10 -3817.64
14 11 -3908.38
14 12 -3927.93
14 13 -3875
14 14 -3749.71
14 15 -3553.94
14 16 -3291.42
14 17 -2968.12
14 18 -2592.21
14 19 -2174.2
14 20 -1726.61
14 21 -1263.76
14 22 -801.007
14 23 -354.134
14 24 61.6656
14 25 432.605
14 26 747.276
14 27 997.314
14 28 1177.91
14 29 1288.06
14 30 1330.4
14 31 1310.87
14 32 1238.02
14 33 1122.23
14 34 974.786
14 35 807.029
14 36 629.595
14 37 451.801
14 38 281.202
14 39 123.48
14 40 -17.6221
14 41 -140.068
14 42 -243.396
14 43 -328.206
14 44 -395.934
14 45 -448.493
14 46 -487.908
14 47 -516.25
14 48 -535.129
14 49 -545.923
14 50 -549.411
14 51 -545.923
14 52 -535.129
14 53 -516.25
14 54 -487.908
14 55 -448.493
14 56 -395.934
14 57 -328.206
14 58 -243.396
14 59 -140.068
14 60 -17.6221
14 61 123.48
14 62 281.202
14 63 451.801
14 64 629.595
14 65 807.029
14 66 974.786
14 67 1122.23
14 68 1238.02
14 69 1310.87
14 70 1330.4
14 71 1288.06
14 72 1177.91
14 73 997.314
14 74 747.276
14 75 432.605
14 76 61.6656
14 77 -354.134
14 78 -801.007
14 79 -1263.76
14 80 -1726.61
14 81 -2174.2
14 82 -2592.21
14 83 -2968.12
14 84 -3291.42
14 85 -3553.94
14 86 -3749.71
14 87 -3875
14 88 -3927.93
14 89 -3908.38
14 90 -3817.64
14 91 -3658.24
14 92 -3433.76
14 93 -3148.75
14 94 -2808.57
14 95 -2419.38
14 96 -1988.05
14 97 -1522.14
14 98 -1029.73
14 99 -519.389
14 100 0

15 0 0
15 1 -480.681
15 2 -953.031
15 3 -1408.9
15 4 -1840.52
15 5 -2240.61
15 6 -2602.52
15 7 -2920.26
15 8 -3188.56
15 9 -3402.83
15 10 -3559.18
15 11 -3654.44
15 12 -3686.18
15 13 -3652.85
15 14 -3553.94
15 15 -3390.19
15 16 -3163.95
15 17 -2879.33
15 18 -2542.61
15 19 -2162.19
15 20 -1748.71
15 21 -1314.73
15 22 -874.373
15 23 -442.583
15 24 -34.3892
15 25 336.109
15 26 656.586
15 27 917.392
15 28 1112.15
15 29 1238.15
15 30 1296.44
15 31 1291.48
15 32 1230.74
15 33 1123.81
15 34 981.631
15 35 815.547
15 36 636.505
15 37 454.317
15 38 277.24
15 39 111.635
15 40 -38.0284
15 41 -169.211
15 42 -280.873
15 43 -373.318
15 44 -447.734
15 45 -505.896
15 46 -549.895
15 47 -581.633
15 48 -602.942
15 49 -615.137
15 50 -619.113
15 51 -615.137
15 52 -602.942
15 53 -581.633
15 54 -549.895
15 55 -505.896
15 56 -447.734
15 57 -373.318
15 58 -280.873
15 59 -169.211
15 60 -38.0284
15 61 111.635
15 62 277.24
15 63 454.317
15 64 636.505
15 65 815.547
15 66 981.631
15 67 1123.81
15 68 1230.74
15 69 1291.48
15 70 1296.44
15 71 1238.15
15 72 1112.15
15 73 917.392
15 74 656.586
15 75 336.109
15 76 -34.3892
15 77 -442.583
15 78 -874.373
15 79 -1314.73
15 80 -1748.71
15 81 -2162.19
15 82 -2542.61
15 83 -2879.33
15 84 -3163.95
15 85 -3390.19
15 86 -3553.94
15 87 -3652.85
15 88 -3686.18
15 89 -3654.44
15 90 -3559.18
15 91 -3402.83
15 92 -3188.56
15 93 -2920.26
15 94 -2602.52
15 95 -2240.61
15 96 -1840.52
15 97 -1408.9
15 98 -953.031
15 99 -480.681
15 100 0

16 0 0
16 1 -429.782
16 2 -852.328
16 3 -1260.58
16 4 -1647.86
16 5 -2007.97
16 6 -2335.32
16 7 -2624.93
16 8 -2872.41
16 9 -3073.95
16 10 -3226.19
16 11 -3326.26
16 12 -3371.69
16 13 -3360.53
16 14 -3291.42
16 15 -3163.95
16 16 -2978.81
16 17 -2738.29
16 18 -2446.52
16 19 -2109.78
16 20 -1736.6
16 21 -1337.74
16 22 -925.81
16 23 -514.85
16 24 -119.455
16 25 246.021
16 26 568.525
16 27 837.138
16 28 1043.97
16 29 1184.59
16 30 1258.29
16 31 1268.02
16 32 1219.92
16 33 1122.7
16 34 986.773
16 35 823.355
16 36 643.548
16 37 457.664
16 38 274.548
16 39 101.309
16 40 -56.9771
16 41 -197.025
16 42 -317.364
16 43 -417.829
16 44 -499.371
16 45 -563.632
16 46 -612.507
16 47 -648.06
16 48 -672.012
16 49 -685.783
16 50 -690.267
16 51 -685.783
16 52 -672.012
16 53 -648.06
16 54 -612.507
16 55 -563.632
16 56 -499.371
16 57 -417.829
16 58 -317.364
16 59 -197.025
16 60 -56.9771
16 61 101.309
16 62 274.548
16 63 457.664
16 64 643.548
16 65 823.355
16 66 986.773
16 67 1122.7
16 68 1219.92
16 69 1268.02
16 70 1258.29
16 71 1184.59
16 72 1043.97
16 73 837.138
16 74 568.525
16 75 246.021
16 76 -119.455
16 77 -514.85
16 78 -925.81
16 79 -1337.74
16 80 -1736.6
16 81 -2109.78
16 82 -2446.52
16 83 -2738.29
16 84 -2978.81
16 85 -3163.95
16 86 -3291.42
16 87 -3360.53
16 88 -3371.69
16 89 -3326.26
16 90 -3226.19
16 91 -3073.95
16 92 -2872.41
16 93 -2624.93
16 94 -2335.32
16 95 -2007.97
16 96 -1647.86
16 97 -1260.58
16 98 -852.328
16 99 -429.782
16 100 0

17 0 0
17 1 -368.689
17 2 -731.553
17 3 -1082.89
17 4 -1417.41
17 5 -1730.16
17 6 -2016.75
17 7 -2273.26
17 8 -2496.22
17 9 -2682.52
17 10 -2829.27
17 11 -2933.74
17 12 -2993.34
17 13 -3005.54
17 14 -2968.12
17 15 -2879.33
17 16 -2738.29
17 17 -2545.28
17 18 -2302.38
17 19 -2013.59
17 20 -1685.33
17 21 -1326.4
17 22 -947.854
17 23 -562.598
17 24 -184.718
17 25 171.427
17 26 492.136
17 27 765.408
17 28 981.852
17 29 1135.32
17 30 1223.37
17 31 1247.3
17 32 1211.88
17 33 1124.73
17 34 995.612
17 35 835.456
17 36 655.47
17 37 466.326
17 38 277.469
17 39 96.6251
17 40 -70.354
17 41 -219.59
17 42 -348.969
17 43 -457.942
17 44 -547.15
17 45 -617.927
17 46 -672.225
17 47 -711.899
17 48 -738.799
17 49 -754.312
17 50 -759.39
17 51 -754.312
17 52 -738.799
17 53 -711.899
17 54 -672.225
17 55 -617.927
17 56 -547.15
17 57 -457.942
17 58 -348.969
17 59 -219.59
17 60 -70.354
17 61 96.6251
17 62 277.469
17 63 466.326
17 64 655.47
17 65 835.456
17 66 995.612
17 67 1124.73
17 68 1211.88
17 69 1247.3
17 70 1223.37
17 71 1135.32
17 72 981.852
17 73 765.408
17 74 492.136
17 75 171.427
17 76 -184.718
17 77 -562.598
17 78 -947.854
17 79 -1326.4
17 80 -1685.33
17 81 -2013.59
17 82 -2302.38
17 83 -2545.28
17 84 -2738.29
17 85 -2879.33
17 86 -2968.12
17 87 -3005.54
17 88 -2993.34
17 89 -2933.74
17 90 -2829.27
17 91 -2682.52
17 92 -2496.22
17 93 -2273.26
17 94 -2016.75
17 95 -1730.16
17 96 -1417.41
17 97 -1082.89
17 98 -731.553
17 99 -368.689
17 100 0

18 0 0
18 1 -299.999
18 2 -595.79
18 3 -883.273
18 4 -1158.65
18 5 -1418.39
18 6 -1659.36
18 7 -1878.76
18 8 -2073.96
18 9 -2242.54
18 10 -2381.96
18 11 -2489.61
18 12 -2562.6
18 13 -2597.87
18 14 -2592.21
18 15 -2542.61
18 16 -2446.52
18 17 -2302.38
18 18 -2110.1
18 19 -1871.56
18 20 -1591
18 21 -1275.25
18 22 -933.686
18 23 -578.012
18 24 -221.559
18 25 121.396
18 26 436.729
18 27 711.455
18 28 934.829
18 29 1099.06
18 30 1199.98
18 31 1237.22
18 32 1214.01
18 33 1136.85
18 34 1014.7
18 35 858.119
18 36 678.257
18 37 486.096
18 38 291.554
18 39 103.08
18 40 -72.8458
18 41 -231.593
18 42 -370.525
18 43 -488.565
18 44 -585.939
18 45 -663.878
18 46 -724.011
18 47 -768.272
18 48 -798.416
18 49 -815.881
18 50 -821.589
18 51 -815.881
18 52 -798.416
18 53 -768.272
18 54 -724.011
18 55 -663.878
18 56 -585.939
18 57 -488.565
18 58 -370.525
18 59 -231.593
18 60 -72.8458
18 61 103.08
18 62 291.554
18 63 486.096
18 64 678.257
18 65 858.119
18 66 1014.7
18 67 1136.85
18 68 1214.01
18 69 1237.22
18 70 1199.98
18 71 1099.06
18 72 934.829
18 73 711.455
18 74 436.729
18 75 121.396
18 76 -221.559
18 77 -578.012
18 78 -933.686
18 79 -1275.25
18 80 -1591
18 81 -1871.56
18 82 -2110.1
18 83 -2302.38
18 84 -2446.52
18 85 -2542.61
18 86 -2592.21
18 87 -2597.87
18 88 -2562.6
18 89 -2489.61
18 90 -2381.96
18 91 -2242.54
18 92 -2073.96
18 93 -1878.76
18 94 -1659.36
18 95 -1418.39
18 96 -1158.65
18 97 -883.273
18 98 -595.79
18 99 -299.999
18 100 0

19 0 0
19 1 -226.735
19 2 -450.991
19 3 -670.361
19 4 -882.627
19 5 -1085.73
19 6 -1277.81
19 7 -1457.13
19 8 -1621.94
19 9 -1770.38
19 10 -1900.27
19 11 -2008.98
19 12 -2093.41
19 13 -2149.84
19 14 -2174.2
19 15 -2162.19
19 16 -2109.78
19 17 -2013.59
19 18 -1871.56
19 19 -1683.46
19 20 -1451.45
19 21 -1180.36
19 22 -877.892
19 23 -554.376
19 24 -222.344
19 25 104.264
19 26 411.04
19 27 684.255
19 28 911.912
19 29 1084.71
19 30 1196.79
19 31 1246.08
19 32 1234.34
19 33 1166.8
19 34 1051.53
19 35 898.548
19 36 718.916
19 37 523.789
19 38 323.587
19 39 127.29
19 40 -57.848
19 41 -226.579
19 42 -375.557
19 43 -503.216
19 44 -609.458
19 45 -695.055
19 46 -761.607
19 47 -810.877
19 48 -844.614
19 49 -864.22
19 50 -870.656
19 51 -864.22
19 52 -844.614
19 53 -810.877
19 54 -761.607
19 55 -695.055
19 56 -609.458
19 57 -503.216
19 58 -375.557
19 59 -226.579
19 60 -57.848
19 61 127.29
19 62 323.587
19 63 523.789
19 64 718.916
19 65 898.548
19 66 1051.53
19 67 1166.8
19 68 1234.34
19 69 1246.08
19 70 1196.79
19 71 1084.71
19 72 911.912
19 73 684.255
19 74 411.04
19 75 104.264
19 76 -222.344
19 77 -554.376
19 78 -877.892
19 79 -1180.36
19 80 -1451.45
19 81 -1683.46
19 82 -1871.56
19 83 -2013.59
19 84 -2109.78
19 85 -2162.19
19 86 -2174.2
19 87 -2149.84
19 88 -2093.41
19 89 -2008.98
19 90 -1900.27
19 91 -1770.38
19 92 -1621.94
19 93 -1457.13
19 94 -1277.81
19 95 -1085.73
19 96 -882.627
19 97 -670.361
19 98 -450.991
19 99 -226.735
19 100 0

20 0 0
20 1 -152.157
20 2 -303.551
20 3 -453.477
20 4 -601.248
20 5 -746.266
20 6 -887.891
20 7 -1025.42
20 8 -1157.9
20 9 -1284
20 10 -1401.83
20 11 -1508.81
20 12 -1601.52
20 13 -1675.77
20 14 -1726.61
20 15 -1748.71
20 16 -1736.6
20 17 -1685.33
20 18 -1591
20 19 -1451.45
20 20 -1266.82
20 21 -1040.07
20 22 -777.143
20 23 -486.999
20 24 -181.174
20 25 126.844
20 26 422.61
20 27 691.794
20 28 921.357
20 29 1100.63
20 30 1222.14
20 31 1282.21
20 32 1281.05
20 33 1222.59
20 34 1113.92
20 35 964.467
20 36 785.069
20 37 586.998
20 38 381.017
20 39 176.741
20 40 -17.9411
20 41 -197.038
20 42 -356.608
20 43 -494.545
20 44 -610.155
20 45 -704.079
20 46 -777.572
20 47 -832.315
20 48 -869.967
20 49 -891.952
20 50 -899.163
20 51 -891.952
20 52 -869.967
20 53 -832.315
20 54 -777.572
20 55 -704.079
20 56 -610.155
20 57 -494.545
20 58 -356.608
20 59 -197.038
20 60 -17.9411
20 61 176.741
20 62 381.017
20 63 586.998
20 64 785.069
20 65 964.467
20 66 1113.92
20 67 1222.59
20 68 1281.05
20 69 1282.21
20 70 1222.14
20 71 1100.63
20 72 921.357
20 73 691.794
20 74 422.61
20 75 126.844
20 76 -181.174
20 77 -486.999
20 78 -777.143
20 79 -1040.07
20 80 -1266.82
20 81 -1451.45
20 82 -1591
20 83 -1685.33
20 84 -1736.6
20 85 -1748.71
20 86 -1726.61
20 87 -1675.77
20 88 -1601.52
20 89 -1508.81
20 90 -1401.83
20 91 -1284
20 92 -1157.9
20 93 -1025.42
20 94 -887.891
20 95 -746.266
20 96 -601.248
20 97 -453.477
20 98 -303.551
20 99 -152.157
20 100 0

21 0 0
21 1 -79.5091
21 2 -159.865
21 3 -241.921
21 4 -326.451
21 5 -414.167
21 6 -505.591
21 7 -600.923
21 8 -699.984
21 9 -801.892
21 10 -905.074
21 11 -1006.95
21 12 -1103.93
21 13 -1191.4
21 14 -1263.76
21 15 -1314.73
21 16 -1337.74
21 17 -1326.4
21 18 -1275.25
21 19 -1180.36
21 20 -1040.07
21 21 -855.476
21 22 -630.901
21 23 -373.799
21 24 -94.6767
21 25 193.648
21 26 476.84
21 27 740.188
21 28 969.811
21 29 1153.83
21 30 1283.32
21 31 1353
21 32 1361.62
21 33 1311.74
21 34 1209.44
21 35 1063.46
21 36 884.343
21 37 683.342
21 38 471.597
21 39 259.207
21 40 54.777
21 41 -135.082
21 42 -305.724
21 43 -454.374
21 44 -580.023
21 45 -682.783
21 46 -763.731
21 47 -824.378
21 48 -866.308
21 49 -890.84
21 50 -898.919
21 51 -890.84
21 52 -866.308
21 53 -824.378
21 54 -763.731
21 55 -682.783
21 56 -580.023
21 57 -454.374
21 58 -305.724
21 59 -135.082
21 60 54.777
21 61 259.207
21 62 471.597
21 63 683.342
21 64 884.343
21 65 1063.46
21 66 1209.44
21 67 1311.74
21 68 1361.62
21 69 1353
21 70 1283.32
21 71 1153.83
21 72 969.811
21 73 740.188
21 74 476.84
21 75 193.648
21 76 -94.6767
21 77 -373.799
21 78 -630.901
21 79 -855.476
21 80 -1040.07
21 81 -1180.36
21 82 -1275.25
21 83 -1326.4
21 84 -1337.74
21 85 -1314.73
21 86 -1263.76
21 87 -1191.4
21 88 -1103.93
21 89 -1006.95
21 90 -905.074
21 91 -801.892
21 92 -699.984
21 93 -600.923
21 94 -505.591
21 95 -414.167
21 96 -326.451
21 97 -241.921
21 98 -159.865
21 99 -79.5091
21 100 0

22 0 0
22 1 -11.7949
22 2 -25.84
22 3 -44.3496
22 4 -69.3591
22 5 -102.735
22 6 -145.969
22 7 -200.111
22 8 -265.589
22 9 -342.015
22 10 -428.058
22 11 -521.271
22 12 -617.946
22 13 -713.229
22 14 -801.007
22 15 -874.373
22 16 -925.81
22 17 -947.854
22 18 -933.686
22 19 -877.892
22 20 -777.143
22 21 -630.901
22 22 -441.816
22 23 -215.932
22 24 37.4172
22 25 306.16
22 26 576.289
22 27 832.902
22 28 1061.5
22 29 1249.16
22 30 1385.62
22 31 1464.14
22 32 1482.01
22 33 1440.48
22 34 1344.53
22 35 1202.17
22 36 1023.53
22 37 819.848
22 38 602.489
22 39 382.093
22 40 167.812
22 41 -32.9938
22 42 -214.969
22 43 -374.824
22 44 -510.881
22 45 -622.963
22 46 -711.825
22 47 -778.757
22 48 -825.215
22 49 -852.517
22 50 -861.511
22 51 -852.517
22 52 -825.215
22 53 -778.757
22 54 -711.825
22 55 -622.963
22 56 -510.881
22 57 -374.824
22 58 -214.969
22 59 -32.9938
22 60 167.812
22 61 382.093
22 62 602.489
22 63 819.848
22 64 1023.53
22 65 1202.17
22 66 1344.53
22 67 1440.48
22 68 1482.01
22 69 1464.14
22 70 1385.62
22 71 1249.16
22 72 1061.5
22 73 832.902
22 74 576.289
22 75 306.16
22 76 37.4172
22 77 -215.932
22 78 -441.816
22 79 -630.901
22 80 -777.143
22 81 -877.892
22 82 -933.686
22 83 -947.854
22 84 -925.81
22 85 -874.373
22 86 -801.007
22 87 -713.229
22 88 -617.946
22 89 -521.271
22 90 -428.058
22 91 -342.015
22 92 -265.589
22 93 -200.111
22 94 -145.969
22 95 -102.735
22 96 -69.3591
22 97 -44.3496
22 98 -25.84
22 99 -11.7949
22 100 0

23 0 0
23 1 48.398
23 2 93.4168
23 3 131.777
23 4 160.395
23 5 176.509
23 6 177.791
23 7 162.528
23 8 129.726
23 9 79.3701
23 10 12.4811
23 11 -68.6215
23 12 -160.313
23 13 -257.585
23 14 -354.134
23 15 -442.583
23 16 -514.85
23 17 -562.598
23 18 -578.012
23 19 -554.376
23 20 -486.999
23 21 -373.799
23 22 -215.932
23 23 -18.0139
23 24 211.815
23 25 462.378
23 26 720.124
23 27 970.161
23 28 1197.55
23 29 1388.49
23 30 1531.59
23 31 1618.75
23 32 1645.86
23 33 1612.85
23 34 1523.61
23 35 1385.35
23 36 1207.76
23 37 1001.94
23 38 779.476
23 39 551.394
23 40 327.51
23 41 115.859
23 42 -77.5811
23 43 -248.741
23 44 -395.523
23 45 -517.234
23 46 -614.301
23 47 -687.791
23 48 -739.046
23 49 -769.218
23 50 -779.186
23 51 -769.218
23 52 -739.046
23 53 -687.791
23 54 -614.301
23 55 -517.234
23 56 -395.523
23 57 -248.741
23 58 -77.5811
23 59 115.859
23 60 327.51
23 61 551.394
23 62 779.476
23 63 1001.94
23 64 1207.76
23 65 1385.35
23 66 1523.61
23 67 1612.85
23 68 1645.86
23 69 1618.75
23 70 1531.59
23 71 1388.49
23 72 1197.55
23 73 970.161
23 74 720.124
23 75 462.378
23 76 211.815
23 77 -18.0139
23 78 -215.932
23 79 -373.799
23 80 -486.999
23 81 -554.376
23 82 -578.012
23 83 -562.598
23 84 -514.85
23 85 -442.583
23 86 -354.134
23 87 -257.585
23 88 -160.313
23 89 -68.6215
23 90 12.4811
23 91 79.3701
23 92 129.726
23 93 162.528
23 94 177.791
23 95 176.509
23 96 160.395
23 97 131.777
23 98 93.4168
23 99 48.398
23 100 0

24 0 0
24 1 99.1163
24 2 194.049
24 3 280.737
24 4 355.364
24 5 414.486
24 6 455.191
24 7 475.213
24 8 473.152
24 9 448.568
24 10 402.227
24 11 336.166
24 12 253.875
24 13 160.259
24 14 61.6656
24 15 -34.3892
24 16 -119.455
24 17 -184.718
24 18 -221.559
24 19 -222.344
24 20 -181.174
24 21 -94.6767
24 22 37.4172
24 23 211.815
24 24 421.624
24 25 656.594
24 26 903.766
24 27 1148.44
24 28 1375.4
24 29 1570.19
24 30 1720.4
24 31 1816.71
24 32 1853.65
24 33 1829.9
24 34 1748.26
24 35 1615.11
24 36 1439.58
24 37 1232.62
24 38 1005.94
24 39 770.992
24 40 538.115
24 41 316
24 42 111.432
24 43 -70.9706
24 44 -228.456
24 45 -359.882
24 46 -465.298
24 47 -545.505
24 48 -601.628
24 49 -634.798
24 50 -645.76
24 51 -634.798
24 52 -601.628
24 53 -545.505
24 54 -465.298
24 55 -359.882
24 56 -228.456
24 57 -70.9706
24 58 111.432
24 59 316
24 60 538.115
24 61 770.992
24 62 1005.94
24 63 1232.62
24 64 1439.58
24 65 1615.11
24 66 1748.26
24 67 1829.9
24 68 1853.65
24 69 1816.71
24 70 1720.4
24 71 1570.19
24 72 1375.4
24 73 1148.44
24 74 903.766
24 75 656.594
24 76 421.624
24 77 211.815
24 78 37.4172
24 79 -94.6767
24 80 -181.174
24 81 -222.344
24 82 -221.559
24 83 -184.718
24 84 -119.455
24 85 -34.3892
24 86 61.6656
24 87 160.259
24 88 253.875
24 89 336.166
24 90 402.227
24 91 448.568
24 92 473.152
24 93 475.213
24 94 455.191
24 95 414.486
24 96 355.364
24 97 280.737
24 98 194.049
24 99 99.1163
24 100 0

25 0 0
25 1 139.086
25 2 273.517
25 3 398.766
25 4 510.574
25 5 605.088
25 6 678.988
25 7 729.673
25 8 755.37
25 9 755.345
25 10 730.018
25 11 681.157
25 12 611.929
25 13 527.042
25 14 432.605
25 15 336.109
25 16 246.021
25 17 171.427
25 18 121.396
25 19 104.264
25 20 126.844
25 21 193.648
25 22 306.16
25 23 462.378
25 24 656.594
25 25 879.544
25 26 1118.96
25 27 1360.47
25 28 1588.75
25 29 1788.82
25 30 1947.42
25 31 2054.11
25 32 2102.19
25 33 2089.11
25 34 2016.57
25 35 1890.06
25 36 1718.16
25 37 1511.6
25 38 1282.15
25 39 1041.57
25 40 800.76
25 41 569.121
25 42 354.051
25 43 160.899
25 44 -6.98568
25 45 -147.94
25 46 -261.603
25 47 -348.477
25 48 -409.514
25 49 -445.653
25 50 -457.616
25 51 -445.653
25 52 -409.514
25 53 -348.477
25 54 -261.603
25 55 -147.94
25 56 -6.98568
25 57 160.899
25 58 354.051
25 59 569.121
25 60 800.76
25 61 1041.57
25 62 1282.15
25 63 1511.6
25 64 1718.16
25 65 1890.06
25 66 2016.57
25 67 2089.11
25 68 2102.19
25 69 2054.11
25 70 1947.42
25 71 1788.82
25 72 1588.75
25 73 1360.47
25 74 1118.96
25 75 879.544
25 76 656.594
25 77 462.378
25 78 306.16
25 79 193.648
25 80 126.844
25 81 104.264
25 82 121.396
25 83 171.427
25 84 246.021
25 85 336.109
25 86 432.605
25 87 527.042
25 88 611.929
25 89 681.157
25 90 730.018
25 91 755.345
25 92 755.37
25 93 729.673
25 94 678.988
25 95 605.088
25 96 510.574
25 97 398.766
25 98 273.517
25 99 139.086
25 100 0

26 0 0
26 1 167.776
26 2 330.748
26 3 484.204
26 4 623.754
26 5 745.341
26 6 845.487
26 7 921.367
26 8 970.981
26 9 993.317
26 10 988.501
26 11 957.926
26 12 904.423
26 13 832.276
26 14 747.276
26 15 656.586
26 16 568.525
26 17 492.136
26 18 436.729
26 19 411.04
26 20 422.61
26 21 476.84
26 22 576.289
26 23 720.124
26 24 903.766
26 25 1118.96
26 26 1354.2
26 27 1595.54
26 28 1827.64
26 29 2035.2
26 30 2204.2
26 31 2323.24
26 32 2384.42
26 33 2384.05
26 34 2322.7
26 35 2204.96
26 36 2038.85
26 37 1834.77
26 38 1604.5
26 39 1360.08
26 40 1112.96
26 41 873.107
26 42 648.662
26 43 445.636
26 44 268.038
26 45 118.043
26 46 -3.51589
26 47 -96.8429
26 48 -162.605
26 49 -201.668
26 50 -214.606
26 51 -201.668
26 52 -162.605
26 53 -96.8429
26 54 -3.51589
26 55 118.043
26 56 268.038
26 57 445.636
26 58 648.662
26 59 873.107
26 60 1112.96
26 61 1360.08
26 62 1604.5
26 63 1834.77
26 64 2038.85
26 65 2204.96
26 66 2322.7
26 67 2384.05
26 68 2384.42
26 69 2323.24
26 70 2204.2
26 71 2035.2
26 72 1827.64
26 73 1595.54
26 74 1354.2
26 75 1118.96
26 76 903.766
26 77 720.124
26 78 576.289
26 79 476.84
26 80 422.61
26 81 411.04
26 82 436.729
26 83 492.136
26 84 568.525
26 85 656.586
26 86 747.276
26 87 832.276
26 88 904.423
26 89 957.926
26 90 988.501
26 91 993.317
26 92 970.981
26 93 921.367
26 94 845.487
26 95 745.341
26 96 623.754
26 97 484.204
26 98 330.748
26 99 167.776
26 100 0

27 0 0
27 1 185.372
27 2 366.056
27 3 537.442
27 4 695.222
27 5 835.389
27 6 954.451
27 7 1049.55
27 8 1118.52
27 9 1160.18
27 10 1174.33
27 11 1162.03
27 12 1125.64
27 13 1068.97
27 14 997.314
27 15 917.392
27 16 837.138
27 17 765.408
27 18 711.455
27 19 684.255
27 20 691.794
27 21 740.188
27 22 832.902
27 23 970.161
27 24 1148.44
27 25 1360.47
27 26 1595.54
27 27 1840.16
27 28 2079.14
27 29 2296.94
27 30 2478.95
27 31 2612.83
27 32 2689.65
27 33 2704.53
27 34 2656.96
27 35 2550.68
27 36 2393.01
27 37 2193.99
27 38 1965.35
27 39 1719.41
27 40 1468.03
27 41 1221.79
27 42 989.509
27 43 777.9
27 44 591.607
27 45 433.402
27 46 304.551
27 47 205.233
27 48 134.999
27 49 93.2132
27 50 79.3511
27 51 93.2132
27 52 134.999
27 53 205.233
27 54 304.551
27 55 433.402
27 56 591.607
27 57 777.9
27 58 989.509
27 59 1221.79
27 60 1468.03
27 61 1719.41
27 62 1965.35
27 63 2193.99
27 64 2393.01
27 65 2550.68
27 66 2656.96
27 67 2704.53
27 68 2689.65
27 69 2612.83
27 70 2478.95
27 71 2296.94
27 72 2079.14
27 73 1840.16
27 74 1595.54
27 75 1360.47
27 76 1148.44
27 77 970.161
27 78 832.902
27 79 740.188
27 80 691.794
27 81 684.255
27 82 711.455
27 83 765.408
27 84 837.138
27 85 917.392
27 86 997.314
27 87 1068.97
27 88 1125.64
27 89 1162.03
27 90 1174.33
27 91 1160.18
27 92 1118.52
27 93 1049.55
27 94 954.451
27 95 835.389
27 96 695.222
27 97 537.442
27 98 366.056
27 99 185.372
27 100 0

28 0 0
28 1 192.666
28 2 380.972
28 3 560.635
28 4 727.614
28 5 878.13
28 6 1008.86
28 7 1116.98
28 8 1200.32
28 9 1257.55
28 10 1288.2
28 11 1292.97
28 12 1273.76
28 13 1233.82
28 14 1177.91
28 15 1112.15
28 16 1043.97
28 17 981.852
28 18 934.829
28 19 911.912
28 20 921.357
28 21 969.811
28 22 1061.5
28 23 1197.55
28 24 1375.4
28 25 1588.75
28 26 1827.64
28 27 2079.14
28 28 2328.29
28 29 2559.37
28 30 2757.24
28 31 2908.79
28 32 3004.07
28 33 3037.1
28 34 3006.32
28 35 2914.49
28 36 2768.28
28 37 2577.29
28 38 2353.19
28 39 2108.42
28 40 1855.24
28 41 1604.83
28 42 1366.66
28 43 1148.11
28 44 954.51
28 45 789.185
28 46 653.906
28 47 549.219
28 48 474.981
28 49 430.705
28 50 416.003
28 51 430.705
28 52 474.981
28 53 549.219
28 54 653.906
28 55 789.185
28 56 954.51
28 57 1148.11
28 58 1366.66
28 59 1604.83
28 60 1855.24
28 61 2108.42
28 62 2353.19
28 63 2577.29
28 64 2768.28
28 65 2914.49
28 66 3006.32
28 67 3037.1
28 68 3004.07
28 69 2908.79
28 70 2757.24
28 71 2559.37
28 72 2328.29
28 73 2079.14
28 74 1827.64
28 75 1588.75
28 76 1375.4
28 77 1197.55
28 78 1061.5
28 79 969.811
28 80 921.357
28 81 911.912
28 82 934.829
28 83 981.852
28 84 1043.97
28 85 1112.15
28 86 1177.91
28 87 1233.82
28 88 1273.76
28 89 1292.97
28 90 1288.2
28 91 1257.55
28 92 1200.32
28 93 1116.98
28 94 1008.86
28 95 878.13
28 96 727.614
28 97 560.635
