0 0 0
0 1 0
0 2 0
0 3 0
0 4 0
0 5 0
0 6 0
0 7 0
0 8 0
0 9 0
0 10 0
0 11 0
0 12 0
0 13 0
0 14 0
0 15 0
0 16 0
0 17 0
0 18 0
0 19 0
0 20 0
0 21 0
0 22 0
0 23 0
0 24 0
0 25 0
0 26 0
0 27 0
0 28 0
0 29 0
0 30 0
0 31 0
0 32 0
0 33 0
0 34 0
0 35 0
0 36 0
0 37 0
0 38 0
0 39 0
0 40 0
0 41 0
0 42 0
0 43 0
0 44 0
0 45 0
0 46 0
0 47 0
0 48 0
0 49 0
0 50 0
0 51 0
0 52 0
0 53 0
0 54 0
0 55 0
0 56 0
0 57 0
0 58 0
0 59 0
0 60 0
0 61 0
0 62 0
0 63 0
0 64 0
0 65 0
0 66 0
0 67 0
0 68 0
0 69 0
0 70 0
0 71 0
0 72 0
0 73 0
0 74 0
0 75 0
0 76 0
0 77 0
0 78 0
0 79 0
0 80 0
0 81 0
0 82 0
0 83 0
0 84 0
0 85 0
0 86 0
0 87 0
0 88 0
0 89 0
0 90 0
0 91 0
0 92 0
0 93 0
0 94 0
0 95 0
0 96 0
0 97 0
0 98 0
0 99 0
0 100 0

1 0 0
1 1 -8.01479
1 2 -17.2919
1 3 -29.0421
1 4 -44.3071
1 5 -63.9496
1 6 -88.5323
1 7 -118.275
1 8 -153.018
1 9 -192.123
1 10 -234.538
1 11 -278.734
1 12 -322.8
1 13 -364.532
1 14 -401.521
1 15 -431.368
1 16 -451.823
1 17 -460.991
1 18 -457.521
1 19 -440.741
1 20 -410.763
1 21 -368.528
1 22 -315.764
1 23 -254.858
1 24 -188.737
1 25 -120.574
1 26 -53.6132
1 27 9.11761
1 28 65.0111
1 29 112.061
1 30 148.951
1 31 175.126
1 32 190.732
1 33 196.518
1 34 193.738
1 35 183.958
1 36 168.908
1 37 150.317
1 38 129.808
1 39 108.756
1 40 88.3003
1 41 69.2636
1 42 52.2222
1 43 37.4619
1 44 25.0764
1 45 15.0423
1 46 7.20882
1 47 1.37602
1 48 -2.62445
1 49 -4.95081
1 50 -5.70934
1 51 -4.95081
1 52 -2.62445
1 53 1.37602
1 54 7.20882
1 55 15.0423
1 56 25.0764
1 57 37.4619
1 58 52.2222
1 59 69.2636
1 60 88.3003
1 61 108.756
1 62 129.808
1 63 150.317
1 64 168.908
1 65 183.958
1 66 193.738
1 67 196.518
1 68 190.732
1 69 175.126
1 70 148.951
1 71 112.061
1 72 65.0111
1 73 9.11761
1 74 -53.6132
1 75 -120.574
1 76 -188.737
1 77 -254.858
1 78 -315.764
1 79 -368.528
1 80 -410.763
1 81 -440.741
1 82 -457.521
1 83 -460.991
1 84 -451.823
1 85 -431.368
1 86 -401.521
1 87 -364.532
1 88 -322.8
1 89 -278.734
1 90 -234.538
1 91 -192.123
1 92 -153.018
1 93 -118.275
1 94 -88.5323
1 95 -63.9496
1 96 -44.3071
1 97 -29.0421
1 98 -17.2919
1 99 -8.01479
1 100 0

2 0 0
2 1 -17.2919
2 2 -37.0471
2 3 -61.6209
2 4 -93.0413
2 5 -132.974
2 6 -182.497
2 7 -242.018
2 8 -311.187
2 9 -388.743
2 10 -472.59
2 11 -559.728
2 12 -646.397
2 13 -728.279
2 14 -800.653
2 15 -858.833
2 16 -898.418
2 17 -915.728
2 18 -908.13
2 19 -874.334
2 20 -814.573
2 21 -730.708
2 22 -626.123
2 23 -505.523
2 24 -374.646
2 25 -239.75
2 26 -107.202
2 27 17.0251
2 28 127.806
2 29 221.164
2 30 294.495
2 31 346.655
2 32 377.915
2 33 389.725
2 34 384.554
2 35 365.467
2 36 335.872
2 37 299.169
2 38 258.578
2 39 216.856
2 40 176.234
2 41 138.399
2 42 104.452
2 43 75.0006
2 44 50.308
2 45 30.2435
2 46 14.5564
2 47 2.88306
2 48 -5.13474
2 49 -9.80041
2 50 -11.3283
2 51 -9.80041
2 52 -5.13474
2 53 2.88306
2 54 14.5564
2 55 30.2435
2 56 50.308
2 57 75.0006
2 58 104.452
2 59 138.399
2 60 176.234
2 61 216.856
2 62 258.578
2 63 299.169
2 64 335.872
2 65 365.467
2 66 384.554
2 67 389.725
2 68 377.915
2 69 346.655
2 70 294.495
2 71 221.164
2 72 127.806
2 73 17.0251
2 74 -107.202
2 75 -239.75
2 76 -374.646
2 77 -505.523
2 78 -626.123
2 79 -730.708
2 80 -814.573
2 81 -874.334
2 82 -908.13
2 83 -915.728
2 84 -898.418
2 85 -858.833
2 86 -800.653
2 87 -728.279
2 88 -646.397
2 89 -559.728
2 90 -472.59
2 91 -388.743
2 92 -311.187
2 93 -242.018
2 94 -182.497
2 95 -132.974
2 96 -93.0413
2 97 -61.6209
2 98 -37.0471
2 99 -17.2919
2 100 0

3 0 0
3 1 -29.0421
3 2 -61.6209
3 3 -101.099
3 4 -150.387
3 5 -211.835
3 6 -286.958
3 7 -376.285
3 8 -479.242
3 9 -593.946
3 10 -717.301
3 11 -844.915
3 12 -971.326
3 13 -1090.25
3 14 -1194.89
3 15 -1278.46
3 16 -1334.64
3 17 -1358.12
3 18 -1345.16
3 19 -1293.9
3 20 -1204.76
3 21 -1080.44
3 22 -925.9
3 23 -747.994
3 24 -555.072
3 25 -356.24
3 26 -160.799
3 27 22.5376
3 28 186.231
3 29 324.438
3 30 433.288
3 31 511.064
3 32 558.08
3 33 576.414
3 34 569.598
3 35 542.115
3 36 498.936
3 37 445.087
3 38 385.293
3 39 323.616
3 40 263.426
3 41 207.195
3 42 156.657
3 43 112.736
3 44 75.7652
3 45 45.714
3 46 22.1776
3 47 4.62088
3 48 -7.44742
3 49 -14.4812
3 50 -16.7819
3 51 -14.4812
3 52 -7.44742
3 53 4.62088
3 54 22.1776
3 55 45.714
3 56 75.7652
3 57 112.736
3 58 156.657
3 59 207.195
3 60 263.426
3 61 323.616
3 62 385.293
3 63 445.087
3 64 498.936
3 65 542.115
3 66 569.598
3 67 576.414
3 68 558.08
3 69 511.064
3 70 433.288
3 71 324.438
3 72 186.231
3 73 22.5376
3 74 -160.799
3 75 -356.24
3 76 -555.072
3 77 -747.994
3 78 -925.9
3 79 -1080.44
3 80 -1204.76
3 81 -1293.9
3 82 -1345.16
3 83 -1358.12
3 84 -1334.64
3 85 -1278.46
3 86 -1194.89
3 87 -1090.25
3 88 -971.326
3 89 -844.915
3 90 -717.301
3 91 -593.946
3 92 -479.242
3 93 -376.285
3 94 -286.958
3 95 -211.835
3 96 -150.387
3 97 -101.099
3 98 -61.6209
3 99 -29.0421
3 100 0

4 0 0
4 1 -44.3071
4 2 -93.0413
4 3 -150.387
4 4 -219.968
4 5 -304.662
4 6 -406.286
4 7 -525.406
4 8 -661.156
4 9 -811.065
4 10 -971.082
4 11 -1135.58
4 12 -1297.59
4 13 -1449.11
4 14 -1581.53
4 15 -1686.29
4 16 -1755.43
4 17 -1782.33
4 18 -1762.26
4 19 -1693.01
4 20 -1575.14
4 21 -1412.17
4 22 -1210.43
4 23 -978.716
4 24 -727.666
4 25 -468.98
4 26 -214.554
4 27 24.3863
4 28 238.134
4 29 419.076
4 30 562.155
4 31 665.007
4 32 727.922
4 33 753.466
4 34 746.117
4 35 711.581
4 36 656.266
4 37 586.658
4 38 508.902
4 39 428.374
4 40 349.456
4 41 275.519
4 42 208.808
4 43 150.64
4 44 101.606
4 45 61.5836
4 46 30.1628
4 47 6.69949
4 48 -9.4722
4 49 -18.9064
4 50 -22.0048
4 51 -18.9064
4 52 -9.4722
4 53 6.69949
4 54 30.1628
4 55 61.5836
4 56 101.606
4 57 150.64
4 58 208.808
4 59 275.519
4 60 349.456
4 61 428.374
4 62 508.902
4 63 586.658
4 64 656.266
4 65 711.581
4 66 746.117
4 67 753.466
4 68 727.922
4 69 665.007
4 70 562.155
4 71 419.076
4 72 238.134
4 73 24.3863
4 74 -214.554
4 75 -468.98
4 76 -727.666
4 77 -978.716
4 78 -1210.43
4 79 -1412.17
4 80 -1575.14
4 81 -1693.01
4 82 -1762.26
4 83 -1782.33
4 84 -1755.43
4 85 -1686.29
4 86 -1581.53
4 87 -1449.11
4 88 -1297.59
4 89 -1135.58
4 90 -971.082
4 91 -811.065
4 92 -661.156
4 93 -525.406
4 94 -406.286
4 95 -304.662
4 96 -219.968
4 97 -150.387
4 98 -93.0413
4 99 -44.3071
4 100 0

5 0 0
5 1 -63.9496
5 2 -132.974
5 3 -211.835
5 4 -304.662
5 5 -414.654
5 6 -543.784
5 7 -692.539
5 8 -859.715
5 9 -1042.27
5 10 -1235.29
5 11 -1432.1
5 12 -1624.45
5 13 -1802.94
5 14 -1957.56
5 15 -2078.31
5 16 -2155.99
5 17 -2182.93
5 18 -2153.76
5 19 -2065.95
5 20 -1920.32
5 21 -1721.06
5 22 -1475.71
5 23 -1194.67
5 24 -890.552
5 25 -577.201
5 26 -268.781
5 27 21.3452
5 28 281.497
5 29 502.493
5 30 678.111
5 31 805.359
5 32 884.353
5 33 918.023
5 34 911.535
5 35 871.663
5 36 806.029
5 37 722.467
5 38 628.404
5 39 530.394
5 40 433.905
5 41 343.055
5 42 260.77
5 43 188.773
5 44 127.785
5 45 77.8925
5 46 38.5833
5 47 9.14587
5 48 -11.1754
5 49 -23.066
5 50 -26.9711
5 51 -23.066
5 52 -11.1754
5 53 9.14587
5 54 38.5833
5 55 77.8925
5 56 127.785
5 57 188.773
5 58 260.77
5 59 343.055
5 60 433.905
5 61 530.394
5 62 628.404
5 63 722.467
5 64 806.029
5 65 871.663
5 66 911.535
5 67 918.023
5 68 884.353
5 69 805.359
5 70 678.111
5 71 502.493
5 72 281.497
5 73 21.3452
5 74 -268.781
5 75 -577.201
5 76 -890.552
5 77 -1194.67
5 78 -1475.71
5 79 -1721.06
5 80 -1920.32
5 81 -2065.95
5 82 -2153.76
5 83 -2182.93
5 84 -2155.99
5 85 -2078.31
5 86 -1957.56
5 87 -1802.94
5 88 -1624.45
5 89 -1432.1
5 90 -1235.29
5 91 -1042.27
5 92 -859.715
5 93 -692.539
5 94 -543.784
5 95 -414.654
5 96 -304.662
5 97 -211.835
5 98 -132.974
5 99 -63.9496
5 100 0

6 0 0
6 1 -88.5323
6 2 -182.497
6 3 -286.958
6 4 -406.286
6 5 -543.784
6 6 -701.394
6 7 -879.411
6 8 -1076.23
6 9 -1288.3
6 10 -1509.95
6 11 -1733.66
6 12 -1950.23
6 13 -2149.24
6 14 -2319.64
6 15 -2450.49
6 16 -2531.72
6 17 -2555.03
6 18 -2514.61
6 19 -2407.87
6 20 -2235.79
6 21 -2003.22
6 22 -1718.59
6 23 -1393.62
6 24 -1042.38
6 25 -680.523
6 26 -323.966
6 27 12.1077
6 28 314.391
6 29 572.267
6 30 778.47
6 31 929.291
6 32 1024.59
6 33 1067.43
6 34 1063.48
6 35 1020.3
6 36 946.545
6 37 851.171
6 38 742.745
6 39 628.973
6 40 516.228
6 41 409.538
6 42 312.39
6 43 226.969
6 44 154.344
6 45 94.6265
6 46 47.4309
6 47 11.9834
6 48 -12.5697
6 49 -26.9551
6 50 -31.6957
6 51 -26.9551
6 52 -12.5697
6 53 11.9834
6 54 47.4309
6 55 94.6265
6 56 154.344
6 57 226.969
6 58 312.39
6 59 409.538
6 60 516.228
6 61 628.973
6 62 742.745
6 63 851.171
6 64 946.545
6 65 1020.3
6 66 1063.48
6 67 1067.43
6 68 1024.59
6 69 929.291
6 70 778.47
6 71 572.267
6 72 314.391
6 73 12.1077
6 74 -323.966
6 75 -680.523
6 76 -1042.38
6 77 -1393.62
6 78 -1718.59
6 79 -2003.22
6 80 -2235.79
6 81 -2407.87
6 82 -2514.61
6 83 -2555.03
6 84 -2531.72
6 85 -2450.49
6 86 -2319.64
6 87 -2149.24
6 88 -1950.23
6 89 -1733.66
6 90 -1509.95
6 91 -1288.3
6 92 -1076.23
6 93 -879.411
6 94 -701.394
6 95 -543.784
6 96 -406.286
6 97 -286.958
6 98 -182.497
6 99 -88.5323
6 100 0

7 0 0
7 1 -118.275
7 2 -242.018
7 3 -376.285
7 4 -525.406
7 5 -692.539
7 6 -879.411
7 7 -1085.99
7 8 -1310.27
7 9 -1548.17
7 10 -1793.5
7 11 -2038.11
7 12 -2272.2
7 13 -2484.7
7 14 -2664.06
7 15 -2798.76
7 16 -2878.39
7 17 -2894.33
7 18 -2840.69
7 19 -2714.87
7 20 -2518.16
7 21 -2255.78
7 22 -1936.9
7 23 -1574.06
7 24 -1182.46
7 25 -778.942
7 26 -380.821
7 27 -4.60983
7 28 335.01
7 29 626.261
7 30 860.839
7 31 1034.34
7 32 1146.17
7 33 1199.36
7 34 1199.8
7 35 1155.62
7 36 1076.21
7 37 971.46
7 38 850.926
7 39 723.286
7 40 595.913
7 41 474.546
7 42 363.381
7 43 265.118
7 44 181.101
7 45 111.737
7 46 56.6455
7 47 15.129
7 48 -13.702
7 49 -30.6509
7 50 -36.2339
7 51 -30.6509
7 52 -13.702
7 53 15.129
7 54 56.6455
7 55 111.737
7 56 181.101
7 57 265.118
7 58 363.381
7 59 474.546
7 60 595.913
7 61 723.286
7 62 850.926
7 63 971.46
7 64 1076.21
7 65 1155.62
7 66 1199.8
7 67 1199.36
7 68 1146.17
7 69 1034.34
7 70 860.839
7 71 626.261
7 72 335.01
7 73 -4.60983
7 74 -380.821
7 75 -778.942
7 76 -1182.46
7 77 -1574.06
7 78 -1936.9
7 79 -2255.78
7 80 -2518.16
7 81 -2714.87
7 82 -2840.69
7 83 -2894.33
7 84 -2878.39
7 85 -2798.76
7 86 -2664.06
7 87 -2484.7
7 88 -2272.2
7 89 -2038.11
7 90 -1793.5
7 91 -1548.17
7 92 -1310.27
7 93 -1085.99
7 94 -879.411
7 95 -692.539
7 96 -525.406
7 97 -376.285
7 98 -242.018
7 99 -118.275
7 100 0

8 0 0
8 1 -153.018
8 2 -311.187
8 3 -479.242
8 4 -661.156
8 5 -859.715
8 6 -1076.23
8 7 -1310.27
8 8 -1559.36
8 9 -1819.04
8 10 -2082.69
8 11 -2341.87
8 12 -2586.49
8 13 -2805.33
8 14 -2986.69
8 15 -3119.09
8 16 -3192.11
8 17 -3197.27
8 18 -3128.76
8 19 -2984.22
8 20 -2765.11
8 21 -2477
8 22 -2129.39
8 23 -1735.36
8 24 -1310.65
8 25 -872.896
8 26 -440.203
8 27 -30.0903
8 28 341.787
8 29 662.615
8 30 923.211
8 31 1118.37
8 32 1247
8 33 1311.8
8 34 1318.65
8 35 1275.92
8 36 1193.54
8 37 1082.07
8 38 951.88
8 39 812.557
8 40 672.25
8 41 537.576
8 42 413.379
8 43 302.886
8 44 207.882
8 45 128.983
8 46 66.0679
8 47 18.4442
8 48 -14.741
8 49 -34.289
8 50 -40.7508
8 51 -34.289
8 52 -14.741
8 53 18.4442
8 54 66.0679
8 55 128.983
8 56 207.882
8 57 302.886
8 58 413.379
8 59 537.576
8 60 672.25
8 61 812.557
8 62 951.88
8 63 1082.07
8 64 1193.54
8 65 1275.92
8 66 1318.65
8 67 1311.8
8 68 1247
8 69 1118.37
8 70 923.211
8 71 662.615
8 72 341.787
8 73 -30.0903
8 74 -440.203
8 75 -872.896
8 76 -1310.65
8 77 -1735.36
8 78 -2129.39
8 79 -2477
8 80 -2765.11
8 81 -2984.22
8 82 -3128.76
8 83 -3197.27
8 84 -3192.11
8 85 -3119.09
8 86 -2986.69
8 87 -2805.33
8 88 -2586.49
8 89 -2341.87
8 90 -2082.69
8 91 -1819.04
8 92 -1559.36
8 93 -1310.27
8 94 -1076.23
8 95 -859.715
8 96 -661.156
8 97 -479.242
8 98 -311.187
8 99 -153.018
8 100 0

9 0 0
9 1 -192.123
9 2 -388.743
9 3 -593.946
9 4 -811.065
9 5 -1042.27
9 6 -1288.3
9 7 -1548.17
9 8 -1819.04
9 9 -2096.07
9 10 -2372.51
9 11 -2639.83
9 12 -2888.09
9 13 -3106.3
9 14 -3283.13
9 15 -3407.48
9 16 -3469.44
9 17 -3460.91
9 18 -3376.51
9 19 -3214.14
9 20 -2975.48
9 21 -2666.2
9 22 -2295.9
9 23 -1877.68
9 24 -1427.49
9 25 -963.134
9 26 -503.154
9 27 -65.5594
9 28 333.273
9 29 679.792
9 30 963.938
9 31 1179.74
9 32 1325.38
9 33 1403.07
9 34 1418.39
9 35 1379.72
9 36 1297.19
9 37 1181.81
9 38 1044.6
9 39 895.846
9 40 744.564
9 41 598.059
9 42 461.894
9 43 339.9
9 44 234.32
9 45 146.15
9 46 75.4364
9 47 21.6965
9 48 -15.8941
9 49 -38.0962
9 50 -45.4259
9 51 -38.0962
9 52 -15.8941
9 53 21.6965
9 54 75.4364
9 55 146.15
9 56 234.32
9 57 339.9
9 58 461.894
9 59 598.059
9 60 744.564
9 61 895.846
9 62 1044.6
9 63 1181.81
9 64 1297.19
9 65 1379.72
9 66 1418.39
9 67 1403.07
9 68 1325.38
9 69 1179.74
9 70 963.938
9 71 679.792
9 72 333.273
9 73 -65.5594
9 74 -503.154
9 75 -963.134
9 76 -1427.49
9 77 -1877.68
9 78 -2295.9
9 79 -2666.2
9 80 -2975.48
9 81 -3214.14
9 82 -3376.51
9 83 -3460.91
9 84 -3469.44
9 85 -3407.48
9 86 -3283.13
9 87 -3106.3
9 88 -2888.09
9 89 -2639.83
9 90 -2372.51
9 91 -2096.07
9 92 -1819.04
9 93 -1548.17
9 94 -1288.3
9 95 -1042.27
9 96 -811.065
9 97 -593.946
9 98 -388.743
9 99 -192.123
9 100 0

10 0 0
10 1 -234.538
10 2 -472.59
10 3 -717.301
10 4 -971.082
10 5 -1235.29
10 6 -1509.95
10 7 -1793.5
10 8 -2082.69
10 9 -2372.51
10 10 -2656.2
10 11 -2925.52
10 12 -3170.96
10 13 -3382.19
10 14 -3548.63
10 15 -3660.07
10 16 -3707.33
10 17 -3683.12
10 18 -3582.57
10 19 -3403.97
10 20 -3149.14
10 21 -2823.7
10 22 -2437.01
10 23 -2001.89
10 24 -1533.93
10 25 -1050.74
10 26 -570.741
10 27 -112.138
10 28 308.381
10 29 676.621
10 30 981.826
10 31 1217.15
10 32 1380.01
10 33 1471.84
10 34 1497.74
10 35 1465.72
10 36 1385.9
10 37 1269.52
10 38 1128
10 39 972.272
10 40 811.987
10 41 655.241
10 42 508.305
10 43 375.621
10 44 259.971
10 45 162.764
10 46 84.3951
10 47 24.5173
10 48 -17.4991
10 49 -42.3843
10 50 -50.6308
10 51 -42.3843
10 52 -17.4991
10 53 24.5173
10 54 84.3951
10 55 162.764
10 56 259.971
10 57 375.621
10 58 508.305
10 59 655.241
10 60 811.987
10 61 972.272
10 62 1128
10 63 1269.52
10 64 1385.9
10 65 1465.72
10 66 1497.74
10 67 1471.84
10 68 1380.01
10 69 1217.15
10 70 981.826
10 71 676.621
10 72 308.381
10 73 -112.138
10 74 -570.741
10 75 -1050.74
10 76 -1533.93
10 77 -2001.89
10 78 -2437.01
10 79 -2823.7
10 80 -3149.14
10 81 -3403.97
10 82 -3582.57
10 83 -3683.12
10 84 -3707.33
10 85 -3660.07
10 86 -3548.63
10 87 -3382.19
10 88 -3170.96
10 89 -2925.52
10 90 -2656.2
10 91 -2372.51
10 92 -2082.69
10 93 -1793.5
10 94 -1509.95
10 95 -1235.29
10 96 -971.082
10 97 -717.301
10 98 -472.59
10 99 -234.538
10 100 0

11 0 0
11 1 -278.734
11 2 -559.728
11 3 -844.915
11 4 -1135.58
11 5 -1432.1
11 6 -1733.66
11 7 -2038.11
11 8 -2341.87
11 9 -2639.83
11 10 -2925.52
11 11 -3191.19
11 12 -3428.11
11 13 -3626.97
11 14 -3778.3
11 15 -3873.05
11 16 -3903.19
11 17 -3862.32
11 18 -3746.33
11 19 -3553.87
11 20 -3286.85
11 21 -2950.63
11 22 -2554.1
11 23 -2109.35
11 24 -1631.32
11 25 -1136.88
11 26 -644.043
11 27 -170.727
11 28 266.25
11 29 652.342
11 30 976.082
11 31 1229.83
11 32 1410.01
11 33 1517.18
11 34 1555.64
11 35 1532.85
11 36 1458.6
11 37 1344.1
11 38 1201.07
11 39 1040.8
11 40 873.634
11 41 708.336
11 42 551.876
11 43 409.383
11 44 284.24
11 45 178.337
11 46 92.4267
11 47 26.4875
11 48 -20.0052
11 49 -47.5942
11 50 -56.73
11 51 -47.5942
11 52 -20.0052
11 53 26.4875
11 54 92.4267
11 55 178.337
11 56 284.24
11 57 409.383
11 58 551.876
11 59 708.336
11 60 873.634
11 61 1040.8
11 62 1201.07
11 63 1344.1
11 64 1458.6
11 65 1532.85
11 66 1555.64
11 67 1517.18
11 68 1410.01
11 69 1229.83
11 70 976.082
11 71 652.342
11 72 266.25
11 73 -170.727
11 74 -644.043
11 75 -1136.88
11 76 -1631.32
11 77 -2109.35
11 78 -2554.1
11 79 -2950.63
11 80 -3286.85
11 81 -3553.87
11 82 -3746.33
11 83 -3862.32
11 84 -3903.19
11 85 -3873.05
11 86 -3778.3
11 87 -3626.97
11 88 -3428.11
11 89 -3191.19
11 90 -2925.52
11 91 -2639.83
11 92 -2341.87
11 93 -2038.11
11 94 -1733.66
11 95 -1432.1
11 96 -1135.58
11 97 -844.915
11 98 -559.728
11 99 -278.734
11 100 0

12 0 0
12 1 -322.8
12 2 -646.397
12 3 -971.326
12 4 -1297.59
12 5 -1624.45
12 6 -1950.23
12 7 -2272.2
12 8 -2586.49
12 9 -2888.09
12 10 -3170.96
12 11 -3428.11
12 12 -3651.87
12 13 -3834.23
12 14 -3967.09
12 15 -4042.85
12 16 -4054.75
12 17 -3997.53
12 18 -3867.82
12 19 -3664.69
12 20 -3390
12 21 -3048.72
12 22 -2648.93
12 23 -2201.79
12 24 -1721.11
12 25 -1222.78
12 26 -723.919
12 27 -241.976
12 28 206.481
12 29 606.616
12 30 946.449
12 31 1217.42
12 32 1414.97
12 33 1538.51
12 34 1591.41
12 35 1580.27
12 36 1514.35
12 37 1404.6
12 38 1262.74
12 39 1100.45
12 40 928.528
12 41 756.405
12 42 591.767
12 43 440.425
12 44 306.41
12 45 192.203
12 46 98.9679
12 47 26.9903
12 48 -23.923
12 49 -54.2326
12 50 -64.2945
12 51 -54.2326
12 52 -23.923
12 53 26.9903
12 54 98.9679
12 55 192.203
12 56 306.41
12 57 440.425
12 58 591.767
12 59 756.405
12 60 928.528
12 61 1100.45
12 62 1262.74
12 63 1404.6
12 64 1514.35
12 65 1580.27
12 66 1591.41
12 67 1538.51
12 68 1414.97
12 69 1217.42
12 70 946.449
12 71 606.616
12 72 206.481
12 73 -241.976
12 74 -723.919
12 75 -1222.78
12 76 -1721.11
12 77 -2201.79
12 78 -2648.93
12 79 -3048.72
12 80 -3390
12 81 -3664.69
12 82 -3867.82
12 83 -3997.53
12 84 -4054.75
12 85 -4042.85
12 86 -3967.09
12 87 -3834.23
12 88 -3651.87
12 89 -3428.11
12 90 -3170.96
12 91 -2888.09
12 92 -2586.49
12 93 -2272.2
12 94 -1950.23
12 95 -1624.45
12 96 -1297.59
12 97 -971.326
12 98 -646.397
12 99 -322.8
12 100 0

13 0 0
13 1 -364.532
13 2 -728.279
13 3 -1090.25
13 4 -1449.11
13 5 -1802.94
13 6 -2149.24
13 7 -2484.7
13 8 -2805.33
13 9 -3106.3
13 10 -3382.19
13 11 -3626.97
13 12 -3834.23
13 13 -3997.41
13 14 -4110.03
13 15 -4166.03
13 16 -4160.11
13 17 -4088.12
13 18 -3947.54
13 19 -3737.69
13 20 -3460.38
13 21 -3119.91
13 22 -2723.45
13 23 -2280.88
13 24 -1804.68
13 25 -1309.36
13 26 -810.954
13 27 -326.048
13 28 129.122
13 29 539.699
13 30 893.152
13 31 1180.12
13 32 1394.88
13 33 1535.69
13 34 1604.67
13 35 1607.42
13 36 1552.39
13 37 1450.07
13 38 1312.09
13 39 1150.2
13 40 975.654
13 41 798.48
13 42 627.029
13 43 467.861
13 44 325.701
13 45 203.601
13 46 103.269
13 47 25.4211
13 48 -29.9186
13 49 -62.9316
13 50 -73.9105
13 51 -62.9316
13 52 -29.9186
13 53 25.4211
13 54 103.269
13 55 203.601
13 56 325.701
13 57 467.861
13 58 627.029
13 59 798.48
13 60 975.654
13 61 1150.2
13 62 1312.09
13 63 1450.07
13 64 1552.39
13 65 1607.42
13 66 1604.67
13 67 1535.69
13 68 1394.88
13 69 1180.12
13 70 893.152
13 71 539.699
13 72 129.122
13 73 -326.048
13 74 -810.954
13 75 -1309.36
13 76 -1804.68
13 77 -2280.88
13 78 -2723.45
13 79 -3119.91
13 80 -3460.38
13 81 -3737.69
13 82 -3947.54
13 83 -4088.12
13 84 -4160.11
13 85 -4166.03
13 86 -4110.03
13 87 -3997.41
13 88 -3834.23
13 89 -3626.97
13 90 -3382.19
13 91 -3106.3
13 92 -2805.33
13 93 -2484.7
13 94 -2149.24
13 95 -1802.94
13 96 -1449.11
13 97 -1090.25
13 98 -728.279
13 99 -364.532
13 100 0

14 0 0
14 1 -401.521
14 2 -800.653
14 3 -1194.89
14 4 -1581.53
14 5 -1957.56
14 6 -2319.64
14 7 -2664.06
14 8 -2986.69
14 9 -3283.13
14 10 -3548.63
14 11 -3778.3
14 12 -3967.09
14 13 -4110.03
14 14 -4202.28
14 15 -4239.43
14 16 -4217.58
14 17 -4133.75
14 18 -3986.09
14 19 -3774.26
14 20 -3499.74
14 21 -3166.15
14 22 -2779.46
14 23 -2348.14
14 24 -1883.03
14 25 -1397.15
14 26 -905.13
14 27 -422.587
14 28 34.8637
14 29 452.382
14 30 817.08
14 31 1118.69
14 32 1350.39
14 33 1509.05
14 34 1595.49
14 35 1614.07
14 36 1572.27
14 37 1479.93
14 38 1348.27
14 39 1189.14
14 40 1014.07
14 41 833.592
14 42 656.749
14 43 490.811
14 44 341.224
14 45 211.757
14 46 104.636
14 47 21.0236
14 48 -38.6405
14 49 -74.3526
14 50 -86.222
14 51 -74.3526
14 52 -38.6405
14 53 21.0236
14 54 104.636
14 55 211.757
14 56 341.224
14 57 490.811
14 58 656.749
14 59 833.592
14 60 1014.07
14 61 1189.14
14 62 1348.27
14 63 1479.93
14 64 1572.27
14 65 1614.07
14 66 1595.49
14 67 1509.05
14 68 1350.39
14 69 1118.69
14 70 817.08
14 71 452.382
14 72 34.8637
14 73 -422.587
14 74 -905.13
14 75 -1397.15
14 76 -1883.03
14 77 -2348.14
14 78 -2779.46
14 79 -3166.15
14 80 -3499.74
14 81 -3774.26
14 82 -3986.09
14 83 -4133.75
14 84 -4217.58
14 85 -4239.43
14 86 -4202.28
14 87 -4110.03
14 88 -3967.09
14 89 -3778.3
14 90 -3548.63
14 91 -3283.13
14 92 -2986.69
14 93 -2664.06
14 94 -2319.64
14 95 -1957.56
14 96 -1581.53
14 97 -1194.89
14 98 -800.653
14 99 -401.521
14 100 0

15 0 0
15 1 -431.368
15 2 -858.833
15 3 -1278.46
15 4 -1686.29
15 5 -2078.31
15 6 -2450.49
15 7 -2798.76
15 8 -3119.09
15 9 -3407.48
15 10 -3660.07
15 11 -3873.05
15 12 -4042.85
15 13 -4166.03
15 14 -4239.43
15 15 -4260.14
15 16 -4225.69
15 17 -4134.09
15 18 -3984.14
15 19 -3775.61
15 20 -3509.64
15 21 -3188.93
15 22 -2818.23
15 23 -2404.37
15 24 -1956.52
15 25 -1485.94
15 26 -1005.79
15 27 -530.442
15 28 -74.8921
15 29 346.284
15 30 719.781
15 31 1034.58
15 32 1282.63
15 33 1459.47
15 34 1564.4
15 35 1600.43
15 36 1573.88
15 37 1493.7
15 38 1370.7
15 39 1216.53
15 40 1042.92
15 41 860.865
15 42 680.018
15 43 508.398
15 44 352.213
15 45 215.877
15 46 102.29
15 47 13.1401
15 48 -50.7616
15 49 -89.1167
15 50 -101.926
15 51 -89.1167
15 52 -50.7616
15 53 13.1401
15 54 102.29
15 55 215.877
15 56 352.213
15 57 508.398
15 58 680.018
15 59 860.865
15 60 1042.92
15 61 1216.53
15 62 1370.7
15 63 1493.7
15 64 1573.88
15 65 1600.43
15 66 1564.4
15 67 1459.47
15 68 1282.63
15 69 1034.58
15 70 719.781
15 71 346.284
15 72 -74.8921
15 73 -530.442
15 74 -1005.79
15 75 -1485.94
15 76 -1956.52
15 77 -2404.37
15 78 -2818.23
15 79 -3188.93
15 80 -3509.64
15 81 -3775.61
15 82 -3984.14
15 83 -4134.09
15 84 -4225.69
15 85 -4260.14
15 86 -4239.43
15 87 -4166.03
15 88 -4042.85
15 89 -3873.05
15 90 -3660.07
15 91 -3407.48
15 92 -3119.09
15 93 -2798.76
15 94 -2450.49
15 95 -2078.31
15 96 -1686.29
15 97 -1278.46
15 98 -858.833
15 99 -431.368
15 100 0

16 0 0
16 1 -451.823
16 2 -898.418
16 3 -1334.64
16 4 -1755.43
16 5 -2155.99
16 6 -2531.72
16 7 -2878.39
16 8 -3192.11
16 9 -3469.44
16 10 -3707.33
16 11 -3903.19
16 12 -4054.75
16 13 -4160.11
16 14 -4217.58
16 15 -4225.69
16 16 -4183.13
16 17 -4088.84
16 18 -3942.04
16 19 -3742.56
16 20 -3490.96
16 21 -3189.09
16 22 -2840.23
16 23 -2449.64
16 24 -2024.6
16 25 -1574.64
16 26 -1111.25
16 27 -647.592
16 28 -197.796
16 29 223.801
16 30 603.678
16 31 929.998
16 32 1193.59
16 33 1388.52
16 34 1512.57
16 35 1567.25
16 36 1557.57
16 37 1491.5
16 38 1379.15
16 39 1231.94
16 40 1061.66
16 41 879.652
16 42 696.186
16 43 519.972
16 44 357.96
16 45 215.343
16 46 95.6785
16 47 1.20375
16 48 -66.8232
16 49 -107.794
16 50 -121.434
16 51 -107.794
16 52 -66.8232
16 53 1.20375
16 54 95.6785
16 55 215.343
16 56 357.96
16 57 519.972
16 58 696.186
16 59 879.652
16 60 1061.66
16 61 1231.94
16 62 1379.15
16 63 1491.5
16 64 1557.57
16 65 1567.25
16 66 1512.57
16 67 1388.52
16 68 1193.59
16 69 929.998
16 70 603.678
16 71 223.801
16 72 -197.796
16 73 -647.592
16 74 -1111.25
16 75 -1574.64
16 76 -2024.6
16 77 -2449.64
16 78 -2840.23
16 79 -3189.09
16 80 -3490.96
16 81 -3742.56
16 82 -3942.04
16 83 -4088.84
16 84 -4183.13
16 85 -4225.69
16 86 -4217.58
16 87 -4160.11
16 88 -4054.75
16 89 -3903.19
16 90 -3707.33
16 91 -3469.44
16 92 -3192.11
16 93 -2878.39
16 94 -2531.72
16 95 -2155.99
16 96 -1755.43
16 97 -1334.64
16 98 -898.418
16 99 -451.823
16 100 0

17 0 0
17 1 -460.991
17 2 -915.728
17 3 -1358.12
17 4 -1782.33
17 5 -2182.93
17 6 -2555.03
17 7 -2894.33
17 8 -3197.27
17 9 -3460.91
17 10 -3683.12
17 11 -3862.32
17 12 -3997.53
17 13 -4088.12
17 14 -4133.75
17 15 -4134.09
17 16 -4088.84
17 17 -3997.57
17 18 -3859.84
17 19 -3675.27
17 20 -3443.9
17 21 -3166.46
17 22 -2844.94
17 23 -2482.81
17 24 -2085.61
17 25 -1660.98
17 26 -1218.81
17 27 -770.891
17 28 -330.524
17 29 88.3985
17 30 472.094
17 31 808.096
17 32 1086.04
17 33 1298.6
17 34 1441.93
17 35 1516
17 36 1524.41
17 37 1473.94
17 38 1373.96
17 39 1235.45
17 40 1070.16
17 41 889.734
17 42 704.94
17 43 525.166
17 44 358.156
17 45 209.832
17 46 84.4757
17 47 -15.0861
17 48 -87.0755
17 49 -130.559
17 50 -145.122
17 51 -130.559
17 52 -87.0755
17 53 -15.0861
17 54 84.4757
17 55 209.832
17 56 358.156
17 57 525.166
17 58 704.94
17 59 889.734
17 60 1070.16
17 61 1235.45
17 62 1373.96
17 63 1473.94
17 64 1524.41
17 65 1516
17 66 1441.93
17 67 1298.6
17 68 1086.04
17 69 808.096
17 70 472.094
17 71 88.3985
17 72 -330.524
17 73 -770.891
17 74 -1218.81
17 75 -1660.98
17 76 -2085.61
17 77 -2482.81
17 78 -2844.94
17 79 -3166.46
17 80 -3443.9
17 81 -3675.27
17 82 -3859.84
17 83 -3997.57
17 84 -4088.84
17 85 -4134.09
17 86 -4133.75
17 87 -4088.12
17 88 -3997.53
17 89 -3862.32
17 90 -3683.12
17 91 -3460.91
17 92 -3197.27
17 93 -2894.33
17 94 -2555.03
17 95 -2182.93
17 96 -1782.33
17 97 -1358.12
17 98 -915.728
17 99 -460.991
17 100 0

18 0 0
18 1 -457.521
18 2 -908.13
18 3 -1345.16
18 4 -1762.26
18 5 -2153.76
18 6 -2514.61
18 7 -2840.69
18 8 -3128.76
18 9 -3376.51
18 10 -3582.57
18 11 -3746.33
18 12 -3867.82
18 13 -3947.54
18 14 -3986.09
18 15 -3984.14
18 16 -3942.04
18 17 -3859.84
18 18 -3737.12
18 19 -3573.3
18 20 -3367.65
18 21 -3119.92
18 22 -2830.61
18 23 -2501.61
18 24 -2136.6
18 25 -1741.51
18 26 -1324.51
18 27 -896.091
18 28 -468.554
18 29 -55.4191
18 30 329.487
18 31 673.011
18 32 963.789
18 33 1193.04
18 34 1355.35
18 35 1449.07
18 36 1476.26
18 37 1442.49
18 38 1356.19
18 39 1227.83
18 40 1069
18 41 891.471
18 42 706.531
18 43 524.209
18 44 352.969
18 45 199.506
18 46 68.8566
18 47 -35.5056
18 48 -111.324
18 49 -157.282
18 50 -172.635
18 51 -157.282
18 52 -111.324
18 53 -35.5056
18 54 68.8566
18 55 199.506
18 56 352.969
18 57 524.209
18 58 706.531
18 59 891.471
18 60 1069
18 61 1227.83
18 62 1356.19
18 63 1442.49
18 64 1476.26
18 65 1449.07
18 66 1355.35
18 67 1193.04
18 68 963.789
18 69 673.011
18 70 329.487
18 71 -55.4191
18 72 -468.554
18 73 -896.091
18 74 -1324.51
18 75 -1741.51
18 76 -2136.6
18 77 -2501.61
18 78 -2830.61
18 79 -3119.92
18 80 -3367.65
18 81 -3573.3
18 82 -3737.12
18 83 -3859.84
18 84 -3942.04
18 85 -3984.14
18 86 -3986.09
18 87 -3947.54
18 88 -3867.82
18 89 -3746.33
18 90 -3582.57
18 91 -3376.51
18 92 -3128.76
18 93 -2840.69
18 94 -2514.61
18 95 -2153.76
18 96 -1762.26
18 97 -1345.16
18 98 -908.13
18 99 -457.521
18 100 0

19 0 0
19 1 -440.741
19 2 -874.334
19 3 -1293.9
19 4 -1693.01
19 5 -2065.95
19 6 -2407.87
19 7 -2714.87
19 8 -2984.22
19 9 -3214.14
19 10 -3403.97
19 11 -3553.87
19 12 -3664.69
19 13 -3737.69
19 14 -3774.26
19 15 -3775.61
19 16 -3742.56
19 17 -3675.27
19 18 -3573.3
19 19 -3435.56
19 20 -3260.67
19 21 -3047.22
19 22 -2794.41
19 23 -2502.47
19 24 -2173.47
19 25 -1811.48
19 26 -1423.17
19 27 -1017.62
19 28 -606.213
19 29 -201.913
19 30 181.391
19 31 530.087
19 32 831.766
19 33 1076.33
19 34 1256.79
19 35 1369.84
19 36 1416.04
19 37 1399.58
19 38 1327.9
19 39 1210.78
19 40 1059.54
19 41 886.089
19 42 702.064
19 43 518.064
19 44 343.296
19 45 185.262
19 46 49.7192
19 47 -59.2115
19 48 -138.703
19 49 -186.998
19 50 -203.204
19 51 -186.998
19 52 -138.703
19 53 -59.2115
19 54 49.7192
19 55 185.262
19 56 343.296
19 57 518.064
19 58 702.064
19 59 886.089
19 60 1059.54
19 61 1210.78
19 62 1327.9
19 63 1399.58
19 64 1416.04
19 65 1369.84
19 66 1256.79
19 67 1076.33
19 68 831.766
19 69 530.087
19 70 181.391
19 71 -201.913
19 72 -606.213
19 73 -1017.62
19 74 -1423.17
19 75 -1811.48
19 76 -2173.47
19 77 -2502.47
19 78 -2794.41
19 79 -3047.22
19 80 -3260.67
19 81 -3435.56
19 82 -3573.3
19 83 -3675.27
19 84 -3742.56
19 85 -3775.61
19 86 -3774.26
19 87 -3737.69
19 88 -3664.69
19 89 -3553.87
19 90 -3403.97
19 91 -3214.14
19 92 -2984.22
19 93 -2714.87
19 94 -2407.87
19 95 -2065.95
19 96 -1693.01
19 97 -1293.9
19 98 -874.334
19 99 -440.741
19 100 0

20 0 0
20 1 -410.763
20 2 -814.573
20 3 -1204.76
20 4 -1575.14
20 5 -1920.32
20 6 -2235.79
20 7 -2518.16
20 8 -2765.11
20 9 -2975.48
20 10 -3149.14
20 11 -3286.85
20 12 -3390
20 13 -3460.38
20 14 -3499.74
20 15 -3509.64
20 16 -3490.96
20 17 -3443.9
20 18 -3367.65
20 19 -3260.67
20 20 -3120.71
20 21 -2945.37
20 22 -2732.48
20 23 -2480.87
20 24 -2190.89
20 25 -1865.07
20 26 -1508.47
20 27 -1128.9
20 28 -736.675
20 29 -344.274
20 30 34.5739
20 31 385.768
20 32 696.07
20 33 954.097
20 34 1151.38
20 35 1282.99
20 36 1347.87
20 37 1348.87
20 38 1292.27
20 39 1187.11
20 40 1044.36
20 41 875.886
20 42 693.608
20 43 508.711
20 44 331.084
20 45 168.962
20 46 28.8637
20 47 -84.3765
20 48 -167.361
20 49 -217.957
20 50 -234.94
20 51 -217.957
20 52 -167.361
20 53 -84.3765
20 54 28.8637
20 55 168.962
20 56 331.084
20 57 508.711
20 58 693.608
20 59 875.886
20 60 1044.36
20 61 1187.11
20 62 1292.27
20 63 1348.87
20 64 1347.87
20 65 1282.99
20 66 1151.38
20 67 954.097
20 68 696.07
20 69 385.768
20 70 34.5739
20 71 -344.274
20 72 -736.675
20 73 -1128.9
20 74 -1508.47
20 75 -1865.07
20 76 -2190.89
20 77 -2480.87
20 78 -2732.48
20 79 -2945.37
20 80 -3120.71
20 81 -3260.67
20 82 -3367.65
20 83 -3443.9
20 84 -3490.96
20 85 -3509.64
20 86 -3499.74
20 87 -3460.38
20 88 -3390
20 89 -3286.85
20 90 -3149.14
20 91 -2975.48
20 92 -2765.11
20 93 -2518.16
20 94 -2235.79
20 95 -1920.32
20 96 -1575.14
20 97 -1204.76
20 98 -814.573
20 99 -410.763
20 100 0

21 0 0
21 1 -368.528
21 2 -730.708
21 3 -1080.44
21 4 -1412.17
21 5 -1721.06
21 6 -2003.22
21 7 -2255.78
21 8 -2477
21 9 -2666.2
21 10 -2823.7
21 11 -2950.63
21 12 -3048.72
21 13 -3119.91
21 14 -3166.15
21 15 -3188.93
21 16 -3189.09
21 17 -3166.46
21 18 -3119.92
21 19 -3047.22
21 20 -2945.37
21 21 -2810.89
21 22 -2640.47
21 23 -2431.5
21 24 -2182.89
21 25 -1895.59
21 26 -1573.25
21 27 -1222.32
21 28 -852.183
21 29 -474.618
21 30 -103.229
21 31 247.643
21 32 563.954
21 33 833.226
21 34 1045.54
21 35 1194.39
21 36 1277.17
21 37 1295.27
21 38 1253.8
21 39 1160.97
21 40 1027.23
21 41 864.37
21 42 684.53
21 43 499.359
21 44 319.376
21 45 153.605
21 46 9.28509
21 47 -108.033
21 48 -194.417
21 49 -247.195
21 50 -264.938
21 51 -247.195
21 52 -194.417
21 53 -108.033
21 54 9.28509
21 55 153.605
21 56 319.376
21 57 499.359
21 58 684.53
21 59 864.37
21 60 1027.23
21 61 1160.97
21 62 1253.8
21 63 1295.27
21 64 1277.17
21 65 1194.39
21 66 1045.54
21 67 833.226
21 68 563.954
21 69 247.643
21 70 -103.229
21 71 -474.618
21 72 -852.183
21 73 -1222.32
21 74 -1573.25
21 75 -1895.59
21 76 -2182.89
21 77 -2431.5
21 78 -2640.47
21 79 -2810.89
21 80 -2945.37
21 81 -3047.22
21 82 -3119.92
21 83 -3166.46
21 84 -3189.09
21 85 -3188.93
21 86 -3166.15
21 87 -3119.91
21 88 -3048.72
21 89 -2950.63
21 90 -2823.7
21 91 -2666.2
21 92 -2477
21 93 -2255.78
21 94 -2003.22
21 95 -1721.06
21 96 -1412.17
21 97 -1080.44
21 98 -730.708
21 99 -368.528
21 100 0

22 0 0
22 1 -315.764
22 2 -626.123
22 3 -925.9
22 4 -1210.43
22 5 -1475.71
22 6 -1718.59
22 7 -1936.9
22 8 -2129.39
22 9 -2295.9
22 10 -2437.01
22 11 -2554.1
22 12 -2648.93
22 13 -2723.45
22 14 -2779.46
22 15 -2818.23
22 16 -2840.23
22 17 -2844.94
22 18 -2830.61
22 19 -2794.41
22 20 -2732.48
22 21 -2640.47
22 22 -2513.89
22 23 -2348.95
22 24 -2143.12
22 25 -1896.03
22 26 -1609.85
22 27 -1289.85
22 28 -944.331
22 29 -584.44
22 30 -223.429
22 31 124.145
22 32 443.665
22 33 721.635
22 34 946.797
22 35 1111.18
22 36 1210.59
22 37 1245.03
22 38 1218.33
22 39 1137.78
22 40 1013.29
22 41 856.446
22 42 679.489
22 43 494.498
22 44 312.615
22 45 143.529
22 46 -4.74228
22 47 -125.984
22 48 -215.578
22 49 -270.5
22 50 -289.007
22 51 -270.5
22 52 -215.578
22 53 -125.984
22 54 -4.74228
22 55 143.529
22 56 312.615
22 57 494.498
22 58 679.489
22 59 856.446
22 60 1013.29
22 61 1137.78
22 62 1218.33
22 63 1245.03
22 64 1210.59
22 65 1111.18
22 66 946.797
22 67 721.635
22 68 443.665
22 69 124.145
22 70 -223.429
22 71 -584.44
22 72 -944.331
22 73 -1289.85
22 74 -1609.85
22 75 -1896.03
22 76 -2143.12
22 77 -2348.95
22 78 -2513.89
22 79 -2640.47
22 80 -2732.48
22 81 -2794.41
22 82 -2830.61
22 83 -2844.94
22 84 -2840.23
22 85 -2818.23
22 86 -2779.46
22 87 -2723.45
22 88 -2648.93
22 89 -2554.1
22 90 -2437.01
22 91 -2295.9
22 92 -2129.39
22 93 -1936.9
22 94 -1718.59
22 95 -1475.71
22 96 -1210.43
22 97 -925.9
22 98 -626.123
22 99 -315.764
22 100 0

23 0 0
23 1 -254.858
23 2 -505.523
23 3 -747.994
23 4 -978.716
23 5 -1194.67
23 6 -1393.62
23 7 -1574.06
23 8 -1735.36
23 9 -1877.68
23 10 -2001.89
23 11 -2109.35
23 12 -2201.79
23 13 -2280.88
23 14 -2348.14
23 15 -2404.37
23 16 -2449.64
23 17 -2482.81
23 18 -2501.61
23 19 -2502.47
23 20 -2480.87
23 21 -2431.5
23 22 -2348.95
23 23 -2228.25
23 24 -2065.7
23 25 -1859.58
23 26 -1610.83
23 27 -1323.43
23 28 -1004.7
23 29 -664.959
23 30 -317.13
23 31 24.2521
23 32 344.071
23 33 627.997
23 34 863.59
23 35 1041.44
23 36 1155.93
23 37 1205.55
23 38 1192.89
23 39 1124.3
23 40 1009.01
23 41 858.308
23 42 684.5
23 43 500.016
23 44 316.52
23 45 144.411
23 46 -7.6189
23 47 -132.576
23 48 -225.331
23 49 -282.33
23 50 -301.535
23 51 -282.33
23 52 -225.331
23 53 -132.576
23 54 -7.6189
23 55 144.411
23 56 316.52
23 57 500.016
23 58 684.5
23 59 858.308
23 60 1009.01
23 61 1124.3
23 62 1192.89
23 63 1205.55
23 64 1155.93
23 65 1041.44
23 66 863.59
23 67 627.997
23 68 344.071
23 69 24.2521
23 70 -317.13
23 71 -664.959
23 72 -1004.7
23 73 -1323.43
23 74 -1610.83
23 75 -1859.58
23 76 -2065.7
23 77 -2228.25
23 78 -2348.95
23 79 -2431.5
23 80 -2480.87
23 81 -2502.47
23 82 -2501.61
23 83 -2482.81
23 84 -2449.64
23 85 -2404.37
23 86 -2348.14
23 87 -2280.88
23 88 -2201.79
23 89 -2109.35
23 90 -2001.89
23 91 -1877.68
23 92 -1735.36
23 93 -1574.06
23 94 -1393.62
23 95 -1194.67
23 96 -978.716
23 97 -747.994
23 98 -505.523
23 99 -254.858
23 100 0

24 0 0
24 1 -188.737
24 2 -374.646
24 3 -555.072
24 4 -727.666
24 5 -890.552
24 6 -1042.38
24 7 -1182.46
24 8 -1310.65
24 9 -1427.49
24 10 -1533.93
24 11 -1631.32
24 12 -1721.11
24 13 -1804.68
24 14 -1883.03
24 15 -1956.52
24 16 -2024.6
24 17 -2085.61
24 18 -2136.6
24 19 -2173.47
24 20 -2190.89
24 21 -2182.89
24 22 -2143.12
24 23 -2065.7
24 24 -1945.79
24 25 -1780.52
24 26 -1569.56
24 27 -1315.75
24 28 -1025.33
24 29 -707.823
24 30 -375.62
24 31 -43.171
24 32 274.156
24 33 561.31
24 34 804.786
24 35 993.921
24 36 1121.63
24 37 1185.04
24 38 1185.48
24 39 1128.23
24 40 1021.85
24 41 877.227
24 42 706.688
24 43 522.891
24 44 338.021
24 45 163.05
24 46 7.48662
24 47 -121.094
24 48 -216.882
24 49 -275.907
24 50 -295.847
24 51 -275.907
24 52 -216.882
24 53 -121.094
24 54 7.48662
24 55 163.05
24 56 338.021
24 57 522.891
24 58 706.688
24 59 877.227
24 60 1021.85
24 61 1128.23
24 62 1185.48
24 63 1185.04
24 64 1121.63
24 65 993.921
24 66 804.786
24 67 561.31
24 68 274.156
24 69 -43.171
24 70 -375.62
24 71 -707.823
24 72 -1025.33
24 73 -1315.75
24 74 -1569.56
24 75 -1780.52
24 76 -1945.79
24 77 -2065.7
24 78 -2143.12
24 79 -2182.89
24 80 -2190.89
24 81 -2173.47
24 82 -2136.6
24 83 -2085.61
24 84 -2024.6
24 85 -1956.52
24 86 -1883.03
24 87 -1804.68
24 88 -1721.11
24 89 -1631.32
24 90 -1533.93
24 91 -1427.49
24 92 -1310.65
24 93 -1182.46
24 94 -1042.38
24 95 -890.552
24 96 -727.666
24 97 -555.072
24 98 -374.646
24 99 -188.737
24 100 0

25 0 0
25 1 -120.574
25 2 -239.75
25 3 -356.24
25 4 -468.98
25 5 -577.201
25 6 -680.523
25 7 -778.942
25 8 -872.896
25 9 -963.134
25 10 -1050.74
25 11 -1136.88
25 12 -1222.78
25 13 -1309.36
25 14 -1397.15
25 15 -1485.94
25 16 -1574.64
25 17 -1660.98
25 18 -1741.51
25 19 -1811.48
25 20 -1865.07
25 21 -1895.59
25 22 -1896.03
25 23 -1859.58
25 24 -1780.52
25 25 -1654.84
25 26 -1481.11
25 27 -1261
25 28 -999.708
25 29 -705.836
25 30 -391.202
25 31 -69.9587
25 32 242.365
25 33 530.165
25 34 779.095
25 35 977.277
25 36 1116.36
25 37 1192.06
25 38 1204.46
25 39 1157.82
25 40 1059.9
25 41 921.209
25 42 753.921
25 43 570.925
25 44 384.796
25 45 207.207
25 46 48.2154
25 47 -83.8375
25 48 -182.59
25 49 -243.599
25 50 -264.215
25 51 -243.599
25 52 -182.59
25 53 -83.8375
25 54 48.2154
25 55 207.207
25 56 384.796
25 57 570.925
25 58 753.921
25 59 921.209
25 60 1059.9
25 61 1157.82
25 62 1204.46
25 63 1192.06
25 64 1116.36
25 65 977.277
25 66 779.095
25 67 530.165
25 68 242.365
25 69 -69.9587
25 70 -391.202
25 71 -705.836
25 72 -999.708
25 73 -1261
25 74 -1481.11
25 75 -1654.84
25 76 -1780.52
25 77 -1859.58
25 78 -1896.03
25 79 -1895.59
25 80 -1865.07
25 81 -1811.48
25 82 -1741.51
25 83 -1660.98
25 84 -1574.64
25 85 -1485.94
25 86 -1397.15
25 87 -1309.36
25 88 -1222.78
25 89 -1136.88
25 90 -1050.74
25 91 -963.134
25 92 -872.896
25 93 -778.942
25 94 -680.523
25 95 -577.201
25 96 -468.98
25 97 -356.24
25 98 -239.75
25 99 -120.574
25 100 0

26 0 0
26 1 -53.6132
26 2 -107.202
26 3 -160.799
26 4 -214.554
26 5 -268.781
26 6 -323.966
26 7 -380.821
26 8 -440.203
26 9 -503.154
26 10 -570.741
26 11 -644.043
26 12 -723.919
26 13 -810.954
26 14 -905.13
26 15 -1005.79
26 16 -1111.25
26 17 -1218.81
26 18 -1324.51
26 19 -1423.17
26 20 -1508.47
26 21 -1573.25
26 22 -1609.85
26 23 -1610.83
26 24 -1569.56
26 25 -1481.11
26 26 -1342.96
26 27 -1155.71
26 28 -923.402
26 29 -653.792
26 30 -357.919
26 31 -49.5865
26 32 255.716
26 33 542.015
26 34 794.221
26 35 999.465
26 36 1148.12
26 37 1234.65
26 38 1257.94
26 39 1221.13
26 40 1131.23
26 41 998.22
26 42 834.162
26 43 652.032
26 44 464.862
26 45 284.755
26 46 122.54
26 47 -12.8444
26 48 -114.466
26 49 -177.388
26 50 -198.692
26 51 -177.388
26 52 -114.466
26 53 -12.8444
26 54 122.54
26 55 284.755
26 56 464.862
26 57 652.032
26 58 834.162
26 59 998.22
26 60 1131.23
26 61 1221.13
26 62 1257.94
26 63 1234.65
26 64 1148.12
26 65 999.465
26 66 794.221
26 67 542.015
26 68 255.716
26 69 -49.5865
26 70 -357.919
26 71 -653.792
26 72 -923.402
26 73 -1155.71
26 74 -1342.96
26 75 -1481.11
26 76 -1569.56
26 77 -1610.83
26 78 -1609.85
26 79 -1573.25
26 80 -1508.47
26 81 -1423.17
26 82 -1324.51
26 83 -1218.81
26 84 -1111.25
26 85 -1005.79
26 86 -905.13
26 87 -810.954
26 88 -723.919
26 89 -644.043
26 90 -570.741
26 91 -503.154
26 92 -440.203
26 93 -380.821
26 94 -323.966
26 95 -268.781
26 96 -214.554
26 97 -160.799
26 98 -107.202
26 99 -53.6132
26 100 0

27 0 0
27 1 9.11761
27 2 17.0251
27 3 22.5376
27 4 24.3863
27 5 21.3452
27 6 12.1077
27 7 -4.60983
27 8 -30.0903
27 9 -65.5594
27 10 -112.138
27 11 -170.727
27 12 -241.976
27 13 -326.048
27 14 -422.587
27 15 -530.442
27 16 -647.592
27 17 -770.891
27 18 -896.091
27 19 -1017.62
27 20 -1128.9
27 21 -1222.32
27 22 -1289.85
27 23 -1323.43
27 24 -1315.75
27 25 -1261
27 26 -1155.71
27 27 -999.341
27 28 -794.927
27 29 -549.204
27 30 -272.448
27 31 22.077
27 32 319.034
27 33 602.245
27 34 856.081
27 35 1066.72
27 36 1223.49
27 37 1319.64
27 38 1352.84
27 39 1325.23
27 40 1242.94
27 41 1115.49
27 42 954.67
27 43 773.596
27 44 585.51
27 45 403.193
27 46 237.961
27 47 99.4058
27 48 -4.9405
27 49 -69.6921
27 50 -91.6368
27 51 -69.6921
27 52 -4.9405
27 53 99.4058
27 54 237.961
27 55 403.193
27 56 585.51
27 57 773.596
27 58 954.67
27 59 1115.49
27 60 1242.94
27 61 1325.23
27 62 1352.84
27 63 1319.64
27 64 1223.49
27 65 1066.72
27 66 856.081
27 67 602.245
27 68 319.034
27 69 22.077
27 70 -272.448
27 71 -549.204
27 72 -794.927
27 73 -999.341
27 74 -1155.71
27 75 -1261
27 76 -1315.75
27 77 -1323.43
27 78 -1289.85
27 79 -1222.32
27 80 -1128.9
27 81 -1017.62
27 82 -896.091
27 83 -770.891
27 84 -647.592
27 85 -530.442
27 86 -422.587
27 87 -326.048
27 88 -241.976
27 89 -170.727
27 90 -112.138
27 91 -65.5594
27 92 -30.0903
27 93 -4.60983
27 94 12.1077
27 95 21.3452
27 96 24.3863
27 97 22.5376
27 98 17.0251
27 99 9.11761
27 100 0

28 0 0
28 1 65.0111
28 2 127.806
28 3 186.231
28 4 238.134
28 5 281.497
28 6 314.391
28 7 335.01
28 8 341.787
28 9 333.273
28 10 308.381
28 11 266.25
28 12 206.481
28 13 129.122
28 14 34.8637
28 15 -74.8921
28 16 -197.796
28 17 -330.524
28 18 -468.554
28 19 -606.213
28 20 -736.675
28 21 -852.183
28 22 -944.331
28 23 -1004.7
28 24 -1025.33
28 25 -999.708
28 26 -923.402
28 27 -794.927
28 28 -616.212
28 29 -393.025
28 30 -134.729
28 31 146.001
28 32 434.131
28 33 713.445
28 34 967.837
28 35 1182.81
28 36 1346.68
28 37 1451.59
28 38 1494.08
28 39 1475.22
28 40 1400.4
28 41 1278.52
28 42 1121.14
28 43 941.325
28 44 752.743
28 45 568.512
28 46 400.561
28 47 259.122
28 48 152.243
28 49 85.7787
28 50 63.2227
28 51 85.7787
28 52 152.243
28 53 259.122
28 54 400.561
28 55 568.512
28 56 752.743
28 57 941.325
28 58 1121.14
28 59 1278.52
28 60 1400.4
28 61 1475.22
28 62 1494.08
28 63 1451.59
28 64 1346.68
28 65 1182.81
28 66 967.837
28 67 713.445
28 68 434.131
28 69 146.001
28 70 -134.729
28 71 -393.025
28 72 -616.212
28 73 -794.927
28 74 -923.402
28 75 -999.708
28 76 -1025.33
28 77 -1004.7
28 78 -944.331
28 79 -852.183
28 80 -736.675
28 81 -606.213
28 82 -468.554
28 83 -330.524
28 84 -197.796
28 85 -74.8921
28 86 34.8637
28 87 129.122
