0 0 0
0 1 0
0 2 0
0 3 0
0 4 0
0 5 0
0 6 0
0 7 0
0 8 0
0 9 0
0 10 0
0 11 0
0 12 0
0 13 0
0 14 0
0 15 0
0 16 0
0 17 0
0 18 0
0 19 0
0 20 0
0 21 0
0 22 0
0 23 0
0 24 0
0 25 0
0 26 0
0 27 0
0 28 0
0 29 0
0 30 0
0 31 0
0 32 0
0 33 0
0 34 0
0 35 0
0 36 0
0 37 0
0 38 0
0 39 0
0 40 0
0 41 0
0 42 0
0 43 0
0 44 0
0 45 0
0 46 0
0 47 0
0 48 0
0 49 0
0 50 0
0 51 0
0 52 0
0 53 0
0 54 0
0 55 0
0 56 0
0 57 0
0 58 0
0 59 0
0 60 0
0 61 0
0 62 0
0 63 0
0 64 0
0 65 0
0 66 0
0 67 0
0 68 0
0 69 0
0 70 0
0 71 0
0 72 0
0 73 0
0 74 0
0 75 0
0 76 0
0 77 0
0 78 0
0 79 0
0 80 0
0 81 0
0 82 0
0 83 0
0 84 0
0 85 0
0 86 0
0 87 0
0 88 0
0 89 0
0 90 0
0 91 0
0 92 0
0 93 0
0 94 0
0 95 0
0 96 0
0 97 0
0 98 0
0 99 0
0 100 0

1 0 0
1 1 -19.4615
1 2 -39.4739
1 3 -60.4808
1 4 -82.9299
1 5 -107.144
1 6 -133.279
1 7 -161.417
1 8 -191.458
1 9 -223.059
1 10 -255.8
1 11 -289.049
1 12 -322.067
1 13 -353.978
1 14 -383.843
1 15 -410.703
1 16 -433.615
1 17 -451.686
1 18 -464.106
1 19 -470.271
1 20 -469.714
1 21 -462.11
1 22 -447.409
1 23 -425.717
1 24 -397.341
1 25 -362.78
1 26 -322.643
1 27 -277.695
1 28 -228.754
1 29 -176.707
1 30 -122.455
1 31 -66.8761
1 32 -10.8352
1 33 44.8974
1 34 99.5811
1 35 152.61
1 36 203.419
1 37 251.584
1 38 296.723
1 39 338.58
1 40 376.94
1 41 411.68
1 42 442.713
1 43 470.009
1 44 493.566
1 45 513.401
1 46 529.555
1 47 542.06
1 48 550.964
1 49 556.289
1 50 558.065
1 51 556.289
1 52 550.964
1 53 542.06
1 54 529.555
1 55 513.401
1 56 493.566
1 57 470.009
1 58 442.713
1 59 411.68
1 60 376.94
1 61 338.58
1 62 296.723
1 63 251.584
1 64 203.419
1 65 152.61
1 66 99.5811
1 67 44.8974
1 68 -10.8352
1 69 -66.8761
1 70 -122.455
1 71 -176.707
1 72 -228.754
1 73 -277.695
1 74 -322.643
1 75 -362.78
1 76 -397.341
1 77 -425.717
1 78 -447.409
1 79 -462.11
1 80 -469.714
1 81 -470.271
1 82 -464.106
1 83 -451.686
1 84 -433.615
1 85 -410.703
1 86 -383.843
1 87 -353.978
1 88 -322.067
1 89 -289.049
1 90 -255.8
1 91 -223.059
1 92 -191.458
1 93 -161.417
1 94 -133.279
1 95 -107.144
1 96 -82.9299
1 97 -60.4808
1 98 -39.4739
1 99 -19.4615
1 100 0

2 0 0
2 1 -39.4739
2 2 -79.9775
2 3 -122.414
2 4 -167.621
2 5 -216.239
2 6 -268.56
2 7 -324.693
2 8 -384.351
2 9 -446.912
2 10 -511.466
2 11 -576.795
2 12 -641.334
2 13 -703.405
2 14 -761.158
2 15 -812.786
2 16 -856.363
2 17 -890.163
2 18 -912.805
2 19 -922.984
2 20 -919.889
2 21 -903.021
2 22 -872.254
2 23 -827.915
2 24 -770.636
2 25 -701.442
2 26 -621.567
2 27 -532.531
2 28 -435.945
2 29 -333.554
2 30 -227.102
2 31 -118.308
2 32 -8.82109
2 33 99.8557
2 34 206.33
2 35 309.422
2 36 408.085
2 37 501.494
2 38 588.957
2 39 669.978
2 40 744.178
2 41 811.321
2 42 871.27
2 43 923.966
2 44 969.424
2 45 1007.68
2 46 1038.84
2 47 1062.94
2 48 1080.11
2 49 1090.37
2 50 1093.79
2 51 1090.37
2 52 1080.11
2 53 1062.94
2 54 1038.84
2 55 1007.68
2 56 969.424
2 57 923.966
2 58 871.27
2 59 811.321
2 60 744.178
2 61 669.978
2 62 588.957
2 63 501.494
2 64 408.085
2 65 309.422
2 66 206.33
2 67 99.8557
2 68 -8.82109
2 69 -118.308
2 70 -227.102
2 71 -333.554
2 72 -435.945
2 73 -532.531
2 74 -621.567
2 75 -701.442
2 76 -770.636
2 77 -827.915
2 78 -872.254
2 79 -903.021
2 80 -919.889
2 81 -922.984
2 82 -912.805
2 83 -890.163
2 84 -856.363
2 85 -812.786
2 86 -761.158
2 87 -703.405
2 88 -641.334
2 89 -576.795
2 90 -511.466
2 91 -446.912
2 92 -384.351
2 93 -324.693
2 94 -268.56
2 95 -216.239
2 96 -167.621
2 97 -122.414
2 98 -79.9775
2 99 -39.4739
2 100 0

3 0 0
3 1 -60.4808
3 2 -122.414
3 3 -187.121
3 4 -255.747
3 5 -329.106
3 6 -407.653
3 7 -491.384
3 8 -579.859
3 9 -672.067
3 10 -766.614
3 11 -861.581
3 12 -954.763
3 13 -1043.61
3 14 -1125.5
3 15 -1197.68
3 16 -1257.57
3 17 -1302.79
3 18 -1331.23
3 19 -1341.36
3 20 -1332.06
3 21 -1302.73
3 22 -1253.44
3 23 -1184.71
3 24 -1097.66
3 25 -993.82
3 26 -875.111
3 27 -743.738
3 28 -602.108
3 29 -452.714
3 30 -298.082
3 31 -140.648
3 32 17.2587
3 33 173.521
3 34 326.217
3 35 473.7
3 36 614.552
3 37 747.64
3 38 872.048
3 39 987.112
3 40 1092.35
3 41 1187.46
3 42 1272.29
3 43 1346.8
3 44 1411.01
3 45 1465.03
3 46 1508.98
3 47 1542.99
3 48 1567.18
3 49 1581.66
3 50 1586.47
3 51 1581.66
3 52 1567.18
3 53 1542.99
3 54 1508.98
3 55 1465.03
3 56 1411.01
3 57 1346.8
3 58 1272.29
3 59 1187.46
3 60 1092.35
3 61 987.112
3 62 872.048
3 63 747.64
3 64 614.552
3 65 473.7
3 66 326.217
3 67 173.521
3 68 17.2587
3 69 -140.648
3 70 -298.082
3 71 -452.714
3 72 -602.108
3 73 -743.738
3 74 -875.111
3 75 -993.82
3 76 -1097.66
3 77 -1184.71
3 78 -1253.44
3 79 -1302.73
3 80 -1332.06
3 81 -1341.36
3 82 -1331.23
3 83 -1302.79
3 84 -1257.57
3 85 -1197.68
3 86 -1125.5
3 87 -1043.61
3 88 -954.763
3 89 -861.581
3 90 -766.614
3 91 -672.067
3 92 -579.859
3 93 -491.384
3 94 -407.653
3 95 -329.106
3 96 -255.747
3 97 -187.121
3 98 -122.414
3 99 -60.4808
3 100 0

4 0 0
4 1 -82.9299
4 2 -167.621
4 3 -255.747
4 4 -348.617
4 5 -447.184
4 6 -551.903
4 7 -662.648
4 8 -778.624
4 9 -898.521
4 10 -1020.27
4 11 -1141.4
4 12 -1258.94
4 13 -1369.69
4 14 -1470.19
4 15 -1557.07
4 16 -1627.15
4 17 -1677.52
4 18 -1705.85
4 19 -1710.29
4 20 -1689.74
4 21 -1643.78
4 22 -1572.67
4 23 -1477.42
4 24 -1359.62
4 25 -1221.42
4 26 -1065.39
4 27 -894.421
4 28 -711.609
4 29 -520.125
4 30 -323.105
4 31 -123.591
4 32 75.6042
4 33 271.88
4 34 462.981
4 35 646.915
4 36 822.069
4 37 987.1
4 38 1141.01
4 39 1283.04
4 40 1412.69
4 41 1529.67
4 42 1633.85
4 43 1725.23
4 44 1803.9
4 45 1870.02
4 46 1923.77
4 47 1965.34
4 48 1994.9
4 49 2012.58
4 50 2018.47
4 51 2012.58
4 52 1994.9
4 53 1965.34
4 54 1923.77
4 55 1870.02
4 56 1803.9
4 57 1725.23
4 58 1633.85
4 59 1529.67
4 60 1412.69
4 61 1283.04
4 62 1141.01
4 63 987.1
4 64 822.069
4 65 646.915
4 66 462.981
4 67 271.88
4 68 75.6042
4 69 -123.591
4 70 -323.105
4 71 -520.125
4 72 -711.609
4 73 -894.421
4 74 -1065.39
4 75 -1221.42
4 76 -1359.62
4 77 -1477.42
4 78 -1572.67
4 79 -1643.78
4 80 -1689.74
4 81 -1710.29
4 82 -1705.85
4 83 -1677.52
4 84 -1627.15
4 85 -1557.07
4 86 -1470.19
4 87 -1369.69
4 88 -1258.94
4 89 -1141.4
4 90 -1020.27
4 91 -898.521
4 92 -778.624
4 93 -662.648
4 94 -551.903
4 95 -447.184
4 96 -348.617
4 97 -255.747
4 98 -167.621
4 99 -82.9299
4 100 0

5 0 0
5 1 -107.144
5 2 -216.239
5 3 -329.106
5 4 -447.184
5 5 -571.387
5 6 -702.118
5 7 -838.902
5 8 -980.64
5 9 -1125.46
5 10 -1270.82
5 11 -1413.52
5 12 -1550.03
5 13 -1676.38
5 14 -1788.66
5 15 -1882.95
5 16 -1955.68
5 17 -2003.81
5 18 -2024.79
5 19 -2016.98
5 20 -1979.39
5 21 -1912.01
5 22 -1815.62
5 23 -1691.68
5 24 -1542.48
5 25 -1370.74
5 26 -1179.74
5 27 -972.95
5 28 -754.07
5 29 -526.783
5 30 -294.704
5 31 -61.2566
5 32 170.418
5 33 397.478
5 34 617.477
5 35 828.309
5 36 1028.28
5 37 1216.04
5 38 1390.58
5 39 1551.19
5 40 1697.44
5 41 1829.1
5 42 1946.12
5 43 2048.59
5 44 2136.67
5 45 2210.63
5 46 2270.68
5 47 2317.09
5 48 2350.06
5 49 2369.79
5 50 2376.34
5 51 2369.79
5 52 2350.06
5 53 2317.09
5 54 2270.68
5 55 2210.63
5 56 2136.67
5 57 2048.59
5 58 1946.12
5 59 1829.1
5 60 1697.44
5 61 1551.19
5 62 1390.58
5 63 1216.04
5 64 1028.28
5 65 828.309
5 66 617.477
5 67 397.478
5 68 170.418
5 69 -61.2566
5 70 -294.704
5 71 -526.783
5 72 -754.07
5 73 -972.95
5 74 -1179.74
5 75 -1370.74
5 76 -1542.48
5 77 -1691.68
5 78 -1815.62
5 79 -1912.01
5 80 -1979.39
5 81 -2016.98
5 82 -2024.79
5 83 -2003.81
5 84 -1955.68
5 85 -1882.95
5 86 -1788.66
5 87 -1676.38
5 88 -1550.03
5 89 -1413.52
5 90 -1270.82
5 91 -1125.46
5 92 -980.64
5 93 -838.902
5 94 -702.118
5 95 -571.387
5 96 -447.184
5 97 -329.106
5 98 -216.239
5 99 -107.144
5 100 0

6 0 0
6 1 -133.279
6 2 -268.56
6 3 -407.653
6 4 -551.903
6 5 -702.118
6 6 -858.326
6 7 -1019.81
6 8 -1184.91
6 9 -1351.31
6 10 -1515.75
6 11 -1674.56
6 12 -1823.51
6 13 -1958.28
6 14 -2074.45
6 15 -2167.87
6 16 -2234.92
6 17 -2272.56
6 18 -2278.53
6 19 -2251.45
6 20 -2190.95
6 21 -2097.52
6 22 -1972.59
6 23 -1818.39
6 24 -1637.79
6 25 -1434.25
6 26 -1211.57
6 27 -973.811
6 28 -725.084
6 29 -469.461
6 30 -210.798
6 31 47.2776
6 32 301.538
6 33 549.09
6 34 787.52
6 35 1014.78
6 36 1229.28
6 37 1429.79
6 38 1615.45
6 39 1785.68
6 40 1940.19
6 41 2078.9
6 42 2201.88
6 43 2309.34
6 44 2401.54
6 45 2478.83
6 46 2541.52
6 47 2589.91
6 48 2624.27
6 49 2644.81
6 50 2651.64
6 51 2644.81
6 52 2624.27
6 53 2589.91
6 54 2541.52
6 55 2478.83
6 56 2401.54
6 57 2309.34
6 58 2201.88
6 59 2078.9
6 60 1940.19
6 61 1785.68
6 62 1615.45
6 63 1429.79
6 64 1229.28
6 65 1014.78
6 66 787.52
6 67 549.09
6 68 301.538
6 69 47.2776
6 70 -210.798
6 71 -469.461
6 72 -725.084
6 73 -973.811
6 74 -1211.57
6 75 -1434.25
6 76 -1637.79
6 77 -1818.39
6 78 -1972.59
6 79 -2097.52
6 80 -2190.95
6 81 -2251.45
6 82 -2278.53
6 83 -2272.56
6 84 -2234.92
6 85 -2167.87
6 86 -2074.45
6 87 -1958.28
6 88 -1823.51
6 89 -1674.56
6 90 -1515.75
6 91 -1351.31
6 92 -1184.91
6 93 -1019.81
6 94 -858.326
6 95 -702.118
6 96 -551.903
6 97 -407.653
6 98 -268.56
6 99 -133.279
6 100 0

7 0 0
7 1 -161.417
7 2 -324.693
7 3 -491.384
7 4 -662.648
7 5 -838.902
7 6 -1019.81
7 7 -1204.09
7 8 -1389.68
7 9 -1573.46
7 10 -1751.82
7 11 -1920.38
7 12 -2074.62
7 13 -2209.78
7 14 -2321.33
7 15 -2405.2
7 16 -2457.9
7 17 -2476.76
7 18 -2460.09
7 19 -2407.17
7 20 -2318.32
7 21 -2194.9
7 22 -2039.11
7 23 -1853.95
7 24 -1643.05
7 25 -1410.44
7 26 -1160.5
7 27 -897.641
7 28 -626.289
7 29 -350.643
7 30 -74.6572
7 31 198.129
7 32 464.549
7 33 721.943
7 34 968.058
7 35 1201.14
7 36 1419.83
7 37 1623.16
7 38 1810.51
7 39 1981.55
7 40 2136.18
7 41 2274.52
7 42 2396.8
7 43 2503.36
7 44 2594.59
7 45 2670.91
7 46 2732.72
7 47 2780.38
7 48 2814.19
7 49 2834.38
7 50 2841.1
7 51 2834.38
7 52 2814.19
7 53 2780.38
7 54 2732.72
7 55 2670.91
7 56 2594.59
7 57 2503.36
7 58 2396.8
7 59 2274.52
7 60 2136.18
7 61 1981.55
7 62 1810.51
7 63 1623.16
7 64 1419.83
7 65 1201.14
7 66 968.058
7 67 721.943
7 68 464.549
7 69 198.129
7 70 -74.6572
7 71 -350.643
7 72 -626.289
7 73 -897.641
7 74 -1160.5
7 75 -1410.44
7 76 -1643.05
7 77 -1853.95
7 78 -2039.11
7 79 -2194.9
7 80 -2318.32
7 81 -2407.17
7 82 -2460.09
7 83 -2476.76
7 84 -2457.9
7 85 -2405.2
7 86 -2321.33
7 87 -2209.78
7 88 -2074.62
7 89 -1920.38
7 90 -1751.82
7 91 -1573.46
7 92 -1389.68
7 93 -1204.09
7 94 -1019.81
7 95 -838.902
7 96 -662.648
7 97 -491.384
7 98 -324.693
7 99 -161.417
7 100 0

8 0 0
8 1 -191.458
8 2 -384.351
8 3 -579.859
8 4 -778.624
8 5 -980.64
8 6 -1184.91
8 7 -1389.68
8 8 -1592.09
8 9 -1788.58
8 10 -1974.89
8 11 -2146.42
8 12 -2298.17
8 13 -2425.4
8 14 -2523.72
8 15 -2589.36
8 16 -2619.33
8 17 -2611.66
8 18 -2565.49
8 19 -2481.02
8 20 -2359.59
8 21 -2203.44
8 22 -2015.74
8 23 -1800.33
8 24 -1561.45
8 25 -1303.79
8 26 -1032.03
8 27 -750.877
8 28 -464.803
8 29 -177.991
8 30 105.794
8 31 383.25
8 32 651.551
8 33 908.389
8 34 1151.92
8 35 1380.78
8 36 1593.98
8 37 1790.94
8 38 1971.36
8 39 2135.19
8 40 2282.62
8 41 2413.94
8 42 2529.6
8 43 2630.04
8 44 2715.82
8 45 2787.39
8 46 2845.26
8 47 2889.79
8 48 2921.37
8 49 2940.2
8 50 2946.47
8 51 2940.2
8 52 2921.37
8 53 2889.79
8 54 2845.26
8 55 2787.39
8 56 2715.82
8 57 2630.04
8 58 2529.6
8 59 2413.94
8 60 2282.62
8 61 2135.19
8 62 1971.36
8 63 1790.94
8 64 1593.98
8 65 1380.78
8 66 1151.92
8 67 908.389
8 68 651.551
8 69 383.25
8 70 105.794
8 71 -177.991
8 72 -464.803
8 73 -750.877
8 74 -1032.03
8 75 -1303.79
8 76 -1561.45
8 77 -1800.33
8 78 -2015.74
8 79 -2203.44
8 80 -2359.59
8 81 -2481.02
8 82 -2565.49
8 83 -2611.66
8 84 -2619.33
8 85 -2589.36
8 86 -2523.72
8 87 -2425.4
8 88 -2298.17
8 89 -2146.42
8 90 -1974.89
8 91 -1788.58
8 92 -1592.09
8 93 -1389.68
8 94 -1184.91
8 95 -980.64
8 96 -778.624
8 97 -579.859
8 98 -384.351
8 99 -191.458
8 100 0

9 0 0
9 1 -223.059
9 2 -446.912
9 3 -672.067
9 4 -898.521
9 5 -1125.46
9 6 -1351.31
9 7 -1573.46
9 8 -1788.58
9 9 -1992.44
9 10 -2180.48
9 11 -2347.65
9 12 -2489.04
9 13 -2600.11
9 14 -2676.87
9 15 -2716.13
9 16 -2715.81
9 17 -2674.92
9 18 -2593.71
9 19 -2473.52
9 20 -2316.79
9 21 -2126.9
9 22 -1907.89
9 23 -1664.41
9 24 -1401.38
9 25 -1123.8
9 26 -836.672
9 27 -544.677
9 28 -252.217
9 29 36.8392
9 30 319.055
9 31 591.62
9 32 852.179
9 33 1098.99
9 34 1330.7
9 35 1546.47
9 36 1745.8
9 37 1928.52
9 38 2094.7
9 39 2244.66
9 40 2378.8
9 41 2497.69
9 42 2601.9
9 43 2692.06
9 44 2768.78
9 45 2832.62
9 46 2884.1
9 47 2923.66
9 48 2951.65
9 49 2968.34
9 50 2973.89
9 51 2968.34
9 52 2951.65
9 53 2923.66
9 54 2884.1
9 55 2832.62
9 56 2768.78
9 57 2692.06
9 58 2601.9
9 59 2497.69
9 60 2378.8
9 61 2244.66
9 62 2094.7
9 63 1928.52
9 64 1745.8
9 65 1546.47
9 66 1330.7
9 67 1098.99
9 68 852.179
9 69 591.62
9 70 319.055
9 71 36.8392
9 72 -252.217
9 73 -544.677
9 74 -836.672
9 75 -1123.8
9 76 -1401.38
9 77 -1664.41
9 78 -1907.89
9 79 -2126.9
9 80 -2316.79
9 81 -2473.52
9 82 -2593.71
9 83 -2674.92
9 84 -2715.81
9 85 -2716.13
9 86 -2676.87
9 87 -2600.11
9 88 -2489.04
9 89 -2347.65
9 90 -2180.48
9 91 -1992.44
9 92 -1788.58
9 93 -1573.46
9 94 -1351.31
9 95 -1125.46
9 96 -898.521
9 97 -672.067
9 98 -446.912
9 99 -223.059
9 100 0

10 0 0
10 1 -255.8
10 2 -511.466
10 3 -766.614
10 4 -1020.27
10 5 -1270.82
10 6 -1515.75
10 7 -1751.82
10 8 -1974.89
10 9 -2180.48
10 10 -2363.51
10 11 -2519.04
10 12 -2642.41
10 13 -2729.5
10 14 -2777.05
10 15 -2782.91
10 16 -2746.07
10 17 -2666.85
10 18 -2546.76
10 19 -2388.53
10 20 -2195.76
10 21 -1972.9
10 22 -1724.98
10 23 -1457.26
10 24 -1175.14
10 25 -883.931
10 26 -588.553
10 27 -293.604
10 28 -3.07132
10 29 279.572
10 30 551.522
10 31 810.517
10 32 1054.92
10 33 1283.56
10 34 1495.78
10 35 1691.24
10 36 1870.02
10 37 2032.35
10 38 2178.75
10 39 2309.79
10 40 2426.19
10 41 2528.68
10 42 2618.02
10 43 2694.92
10 44 2760.08
10 45 2814.09
10 46 2857.52
10 47 2890.81
10 48 2914.34
10 49 2928.34
10 50 2933
10 51 2928.34
10 52 2914.34
10 53 2890.81
10 54 2857.52
10 55 2814.09
10 56 2760.08
10 57 2694.92
10 58 2618.02
10 59 2528.68
10 60 2426.19
10 61 2309.79
10 62 2178.75
10 63 2032.35
10 64 1870.02
10 65 1691.24
10 66 1495.78
10 67 1283.56
10 68 1054.92
10 69 810.517
10 70 551.522
10 71 279.572
10 72 -3.07132
10 73 -293.604
10 74 -588.553
10 75 -883.931
10 76 -1175.14
10 77 -1457.26
10 78 -1724.98
10 79 -1972.9
10 80 -2195.76
10 81 -2388.53
10 82 -2546.76
10 83 -2666.85
10 84 -2746.07
10 85 -2782.91
10 86 -2777.05
10 87 -2729.5
10 88 -2642.41
10 89 -2519.04
10 90 -2363.51
10 91 -2180.48
10 92 -1974.89
10 93 -1751.82
10 94 -1515.75
10 95 -1270.82
10 96 -1020.27
10 97 -766.614
10 98 -511.466
10 99 -255.8
10 100 0

11 0 0
11 1 -289.049
11 2 -576.795
11 3 -861.581
11 4 -1141.4
11 5 -1413.52
11 6 -1674.56
11 7 -1920.38
11 8 -2146.42
11 9 -2347.65
11 10 -2519.04
11 11 -2655.88
11 12 -2754.04
11 13 -2810.14
11 14 -2822.05
11 15 -2788.84
11 16 -2710.97
11 17 -2590.18
11 18 -2429.49
11 19 -2232.92
11 20 -2005.41
11 21 -1752.38
11 22 -1479.6
11 23 -1192.92
11 24 -898.016
11 25 -600.135
11 26 -304.1
11 27 -14.0227
11 28 266.584
11 29 534.942
11 30 788.929
11 31 1027.05
11 32 1248.39
11 33 1452.51
11 34 1639.36
11 35 1809.26
11 36 1962.72
11 37 2100.5
11 38 2223.39
11 39 2332.33
11 40 2428.2
11 41 2511.94
11 42 2584.38
11 43 2646.35
11 44 2698.53
11 45 2741.62
11 46 2776.09
11 47 2802.46
11 48 2821.03
11 49 2832.09
11 50 2835.74
11 51 2832.09
11 52 2821.03
11 53 2802.46
11 54 2776.09
11 55 2741.62
11 56 2698.53
11 57 2646.35
11 58 2584.38
11 59 2511.94
11 60 2428.2
11 61 2332.33
11 62 2223.39
11 63 2100.5
11 64 1962.72
11 65 1809.26
11 66 1639.36
11 67 1452.51
11 68 1248.39
11 69 1027.05
11 70 788.929
11 71 534.942
11 72 266.584
11 73 -14.0227
11 74 -304.1
11 75 -600.135
11 76 -898.016
11 77 -1192.92
11 78 -1479.6
11 79 -1752.38
11 80 -2005.41
11 81 -2232.92
11 82 -2429.49
11 83 -2590.18
11 84 -2710.97
11 85 -2788.84
11 86 -2822.05
11 87 -2810.14
11 88 -2754.04
11 89 -2655.88
11 90 -2519.04
11 91 -2347.65
11 92 -2146.42
11 93 -1920.38
11 94 -1674.56
11 95 -1413.52
11 96 -1141.4
11 97 -861.581
11 98 -576.795
11 99 -289.049
11 100 0

12 0 0
12 1 -322.067
12 2 -641.334
12 3 -954.763
12 4 -1258.94
12 5 -1550.03
12 6 -1823.51
12 7 -2074.62
12 8 -2298.17
12 9 -2489.04
12 10 -2642.41
12 11 -2754.04
12 12 -2820.58
12 13 -2839.9
12 14 -2811.15
12 15 -2735.02
12 16 -2613.5
12 17 -2450.03
12 18 -2249.09
12 19 -2016.12
12 20 -1757.12
12 21 -1478.45
12 22 -1186.48
12 23 -887.297
12 24 -586.636
12 25 -289.558
12 26 -0.360304
12 27 277.336
12 28 540.841
12 29 788.084
12 30 1017.83
12 31 1229.35
12 32 1422.54
12 33 1597.64
12 34 1755.3
12 35 1896.34
12 36 2021.79
12 37 2132.74
12 38 2230.35
12 39 2315.73
12 40 2389.97
12 41 2454.08
12 42 2508.99
12 43 2555.53
12 44 2594.42
12 45 2626.3
12 46 2651.69
12 47 2671
12 48 2684.57
12 49 2692.62
12 50 2695.29
12 51 2692.62
12 52 2684.57
12 53 2671
12 54 2651.69
12 55 2626.3
12 56 2594.42
12 57 2555.53
12 58 2508.99
12 59 2454.08
12 60 2389.97
12 61 2315.73
12 62 2230.35
12 63 2132.74
12 64 2021.79
12 65 1896.34
12 66 1755.3
12 67 1597.64
12 68 1422.54
12 69 1229.35
12 70 1017.83
12 71 788.084
12 72 540.841
12 73 277.336
12 74 -0.360304
12 75 -289.558
12 76 -586.636
12 77 -887.297
12 78 -1186.48
12 79 -1478.45
12 80 -1757.12
12 81 -2016.12
12 82 -2249.09
12 83 -2450.03
12 84 -2613.5
12 85 -2735.02
12 86 -2811.15
12 87 -2839.9
12 88 -2820.58
12 89 -2754.04
12 90 -2642.41
12 91 -2489.04
12 92 -2298.17
12 93 -2074.62
12 94 -1823.51
12 95 -1550.03
12 96 -1258.94
12 97 -954.763
12 98 -641.334
12 99 -322.067
12 100 0

13 0 0
13 1 -353.978
13 2 -703.405
13 3 -1043.61
13 4 -1369.69
13 5 -1676.38
13 6 -1958.28
13 7 -2209.78
13 8 -2425.4
13 9 -2600.11
13 10 -2729.5
13 11 -2810.14
13 12 -2839.9
13 13 -2818.03
13 14 -2745.39
13 15 -2624.34
13 16 -2458.73
13 17 -2253.55
13 18 -2014.85
13 19 -1749.29
13 20 -1463.89
13 21 -1165.63
13 22 -861.204
13 23 -556.804
13 24 -257.845
13 25 31.0629
13 26 306.215
13 27 564.885
13 28 805.113
13 29 1025.84
13 30 1226.6
13 31 1407.59
13 32 1569.38
13 33 1712.97
13 34 1839.53
13 35 1950.41
13 36 2047
13 37 2130.74
13 38 2202.94
13 39 2264.94
13 40 2317.87
13 41 2362.82
13 42 2400.72
13 43 2432.41
13 44 2458.54
13 45 2479.74
13 46 2496.46
13 47 2509.1
13 48 2517.92
13 49 2523.14
13 50 2524.86
13 51 2523.14
13 52 2517.92
13 53 2509.1
13 54 2496.46
13 55 2479.74
13 56 2458.54
13 57 2432.41
13 58 2400.72
13 59 2362.82
13 60 2317.87
13 61 2264.94
13 62 2202.94
13 63 2130.74
13 64 2047
13 65 1950.41
13 66 1839.53
13 67 1712.97
13 68 1569.38
13 69 1407.59
13 70 1226.6
13 71 1025.84
13 72 805.113
13 73 564.885
13 74 306.215
13 75 31.0629
13 76 -257.845
13 77 -556.804
13 78 -861.204
13 79 -1165.63
13 80 -1463.89
13 81 -1749.29
13 82 -2014.85
13 83 -2253.55
13 84 -2458.73
13 85 -2624.34
13 86 -2745.39
13 87 -2818.03
13 88 -2839.9
13 89 -2810.14
13 90 -2729.5
13 91 -2600.11
13 92 -2425.4
13 93 -2209.78
13 94 -1958.28
13 95 -1676.38
13 96 -1369.69
13 97 -1043.61
13 98 -703.405
13 99 -353.978
13 100 0

14 0 0
14 1 -383.843
14 2 -761.158
14 3 -1125.5
14 4 -1470.19
14 5 -1788.66
14 6 -2074.45
14 7 -2321.33
14 8 -2523.72
14 9 -2676.87
14 10 -2777.05
14 11 -2822.05
14 12 -2811.15
14 13 -2745.39
14 14 -2627.44
14 15 -2461.54
14 16 -2253.33
14 17 -2009.49
14 18 -1737.4
14 19 -1444.83
14 20 -1139.47
14 21 -828.764
14 22 -519.402
14 23 -217.312
14 24 72.5447
14 25 346.3
14 26 601.1
14 27 835.079
14 28 1047.31
14 29 1237.58
14 30 1406.37
14 31 1554.62
14 32 1683.66
14 33 1795.02
14 34 1890.42
14 35 1971.53
14 36 2040.1
14 37 2097.69
14 38 2145.86
14 39 2185.89
14 40 2219.05
14 41 2246.33
14 42 2268.7
14 43 2286.85
14 44 2301.48
14 45 2313.05
14 46 2322.02
14 47 2328.66
14 48 2333.26
14 49 2335.95
14 50 2336.84
14 51 2335.95
14 52 2333.26
14 53 2328.66
14 54 2322.02
14 55 2313.05
14 56 2301.48
14 57 2286.85
14 58 2268.7
14 59 2246.33
14 60 2219.05
14 61 2185.89
14 62 2145.86
14 63 2097.69
14 64 2040.1
14 65 1971.53
14 66 1890.42
14 67 1795.02
14 68 1683.66
14 69 1554.62
14 70 1406.37
14 71 1237.58
14 72 1047.31
14 73 835.079
14 74 601.1
14 75 346.3
14 76 72.5447
14 77 -217.312
14 78 -519.402
14 79 -828.764
14 80 -1139.47
14 81 -1444.83
14 82 -1737.4
14 83 -2009.49
14 84 -2253.33
14 85 -2461.54
14 86 -2627.44
14 87 -2745.39
14 88 -2811.15
14 89 -2822.05
14 90 -2777.05
14 91 -2676.87
14 92 -2523.72
14 93 -2321.33
14 94 -2074.45
14 95 -1788.66
14 96 -1470.19
14 97 -1125.5
14 98 -761.158
14 99 -383.843
14 100 0

15 0 0
15 1 -410.703
15 2 -812.786
15 3 -1197.68
15 4 -1557.07
15 5 -1882.95
15 6 -2167.87
15 7 -2405.2
15 8 -2589.36
15 9 -2716.13
15 10 -2782.91
15 11 -2788.84
15 12 -2735.02
15 13 -2624.34
15 14 -2461.54
15 15 -2252.76
15 16 -2005.44
15 17 -1727.72
15 18 -1428.21
15 19 -1115.46
15 20 -797.634
15 21 -482.179
15 22 -175.603
15 23 116.734
15 24 390.644
15 25 643.127
15 26 872.292
15 27 1077.35
15 28 1258.26
15 29 1415.82
15 30 1551.27
15 31 1666.32
15 32 1762.84
15 33 1842.9
15 34 1908.54
15 35 1961.74
15 36 2004.38
15 37 2038.17
15 38 2064.64
15 39 2085.15
15 40 2100.85
15 41 2112.73
15 42 2121.59
15 43 2128.14
15 44 2132.89
15 45 2136.3
15 46 2138.67
15 47 2140.28
15 48 2141.3
15 49 2141.88
15 50 2142.05
15 51 2141.88
15 52 2141.3
15 53 2140.28
15 54 2138.67
15 55 2136.3
15 56 2132.89
15 57 2128.14
15 58 2121.59
15 59 2112.73
15 60 2100.85
15 61 2085.15
15 62 2064.64
15 63 2038.17
15 64 2004.38
15 65 1961.74
15 66 1908.54
15 67 1842.9
15 68 1762.84
15 69 1666.32
15 70 1551.27
15 71 1415.82
15 72 1258.26
15 73 1077.35
15 74 872.292
15 75 643.127
15 76 390.644
15 77 116.734
15 78 -175.603
15 79 -482.179
15 80 -797.634
15 81 -1115.46
15 82 -1428.21
15 83 -1727.72
15 84 -2005.44
15 85 -2252.76
15 86 -2461.54
15 87 -2624.34
15 88 -2735.02
15 89 -2788.84
15 90 -2782.91
15 91 -2716.13
15 92 -2589.36
15 93 -2405.2
15 94 -2167.87
15 95 -1882.95
15 96 -1557.07
15 97 -1197.68
15 98 -812.786
15 99 -410.703
15 100 0

16 0 0
16 1 -433.615
16 2 -856.363
16 3 -1257.57
16 4 -1627.15
16 5 -1955.68
16 6 -2234.92
16 7 -2457.9
16 8 -2619.33
16 9 -2715.81
16 10 -2746.07
16 11 -2710.97
16 12 -2613.5
16 13 -2458.73
16 14 -2253.33
16 15 -2005.44
16 16 -1724.05
16 17 -1418.73
16 18 -1098.9
16 19 -773.659
16 20 -451.268
16 21 -138.95
16 22 157.393
16 23 433.162
16 24 685.112
16 25 911.315
16 26 1110.96
16 27 1284.21
16 28 1432.11
16 29 1556.19
16 30 1658.53
16 31 1741.33
16 32 1807.04
16 33 1857.98
16 34 1896.48
16 35 1924.63
16 36 1944.4
16 37 1957.48
16 38 1965.37
16 39 1969.32
16 40 1970.42
16 41 1969.51
16 42 1967.32
16 43 1964.39
16 44 1961.18
16 45 1958
16 46 1955.11
16 47 1952.7
16 48 1950.9
16 49 1949.78
16 50 1949.41
16 51 1949.78
16 52 1950.9
16 53 1952.7
16 54 1955.11
16 55 1958
16 56 1961.18
16 57 1964.39
16 58 1967.32
16 59 1969.51
16 60 1970.42
16 61 1969.32
16 62 1965.37
16 63 1957.48
16 64 1944.4
16 65 1924.63
16 66 1896.48
16 67 1857.98
16 68 1807.04
16 69 1741.33
16 70 1658.53
16 71 1556.19
16 72 1432.11
16 73 1284.21
16 74 1110.96
16 75 911.315
16 76 685.112
16 77 433.162
16 78 157.393
16 79 -138.95
16 80 -451.268
16 81 -773.659
16 82 -1098.9
16 83 -1418.73
16 84 -1724.05
16 85 -2005.44
16 86 -2253.33
16 87 -2458.73
16 88 -2613.5
16 89 -2710.97
16 90 -2746.07
16 91 -2715.81
16 92 -2619.33
16 93 -2457.9
16 94 -2234.92
16 95 -1955.68
16 96 -1627.15
16 97 -1257.57
16 98 -856.363
16 99 -433.615
16 100 0

17 0 0
17 1 -451.686
17 2 -890.163
17 3 -1302.79
17 4 -1677.52
17 5 -2003.81
17 6 -2272.56
17 7 -2476.76
17 8 -2611.66
17 9 -2674.92
17 10 -2666.85
17 11 -2590.18
17 12 -2450.03
17 13 -2253.55
17 14 -2009.49
17 15 -1727.72
17 16 -1418.73
17 17 -1093.01
17 18 -760.725
17 19 -431.026
17 20 -112.01
17 21 189.719
17 22 469.019
17 23 722.329
17 24 947.542
17 25 1143.78
17 26 1311.39
17 27 1451.54
17 28 1566.09
17 29 1657.43
17 30 1728.11
17 31 1780.92
17 32 1818.51
17 33 1843.51
17 34 1858.24
17 35 1864.93
17 36 1865.39
17 37 1861.32
17 38 1854.03
17 39 1844.69
17 40 1834.18
17 41 1823.28
17 42 1812.5
17 43 1802.33
17 44 1793.04
17 45 1784.91
17 46 1778.07
17 47 1772.66
17 48 1768.75
17 49 1766.39
17 50 1765.6
17 51 1766.39
17 52 1768.75
17 53 1772.66
17 54 1778.07
17 55 1784.91
17 56 1793.04
17 57 1802.33
17 58 1812.5
17 59 1823.28
17 60 1834.18
17 61 1844.69
17 62 1854.03
17 63 1861.32
17 64 1865.39
17 65 1864.93
17 66 1858.24
17 67 1843.51
17 68 1818.51
17 69 1780.92
17 70 1728.11
17 71 1657.43
17 72 1566.09
17 73 1451.54
17 74 1311.39
17 75 1143.78
17 76 947.542
17 77 722.329
17 78 469.019
17 79 189.719
17 80 -112.01
17 81 -431.026
17 82 -760.725
17 83 -1093.01
17 84 -1418.73
17 85 -1727.72
17 86 -2009.49
17 87 -2253.55
17 88 -2450.03
17 89 -2590.18
17 90 -2666.85
17 91 -2674.92
17 92 -2611.66
17 93 -2476.76
17 94 -2272.56
17 95 -2003.81
17 96 -1677.52
17 97 -1302.79
17 98 -890.163
17 99 -451.686
17 100 0

18 0 0
18 1 -464.106
18 2 -912.805
18 3 -1331.23
18 4 -1705.85
18 5 -2024.79
18 6 -2278.53
18 7 -2460.09
18 8 -2565.49
18 9 -2593.71
18 10 -2546.76
18 11 -2429.49
18 12 -2249.09
18 13 -2014.85
18 14 -1737.4
18 15 -1428.21
18 16 -1098.9
18 17 -760.725
18 18 -424.006
18 19 -97.8189
18 20 210.376
18 21 494.74
18 22 751.259
18 23 977.45
18 24 1172.42
18 25 1336.49
18 26 1470.99
18 27 1578.04
18 28 1660.32
18 29 1720.73
18 30 1762.36
18 31 1788.23
18 32 1801.22
18 33 1803.96
18 34 1798.82
18 35 1787.86
18 36 1772.85
18 37 1755.23
18 38 1736.24
18 39 1716.79
18 40 1697.67
18 41 1679.4
18 42 1662.45
18 43 1647.07
18 44 1633.54
18 45 1621.92
18 46 1612.38
18 47 1604.89
18 48 1599.56
18 49 1596.33
18 50 1595.28
18 51 1596.33
18 52 1599.56
18 53 1604.89
18 54 1612.38
18 55 1621.92
18 56 1633.54
18 57 1647.07
18 58 1662.45
18 59 1679.4
18 60 1697.67
18 61 1716.79
18 62 1736.24
18 63 1755.23
18 64 1772.85
18 65 1787.86
18 66 1798.82
18 67 1803.96
18 68 1801.22
18 69 1788.23
18 70 1762.36
18 71 1720.73
18 72 1660.32
18 73 1578.04
18 74 1470.99
18 75 1336.49
18 76 1172.42
18 77 977.45
18 78 751.259
18 79 494.74
18 80 210.376
18 81 -97.8189
18 82 -424.006
18 83 -760.725
18 84 -1098.9
18 85 -1428.21
18 86 -1737.4
18 87 -2014.85
18 88 -2249.09
18 89 -2429.49
18 90 -2546.76
18 91 -2593.71
18 92 -2565.49
18 93 -2460.09
18 94 -2278.53
18 95 -2024.79
18 96 -1705.85
18 97 -1331.23
18 98 -912.805
18 99 -464.106
18 100 0

19 0 0
19 1 -470.271
19 2 -922.984
19 3 -1341.36
19 4 -1710.29
19 5 -2016.98
19 6 -2251.45
19 7 -2407.17
19 8 -2481.02
19 9 -2473.52
19 10 -2388.53
19 11 -2232.92
19 12 -2016.12
19 13 -1749.29
19 14 -1444.83
19 15 -1115.46
19 16 -773.659
19 17 -431.026
19 18 -97.8189
19 19 217.46
19 20 508.133
19 21 769.485
19 22 998.619
19 23 1194.4
19 24 1357.08
19 25 1488.08
19 26 1589.76
19 27 1665
19 28 1717.06
19 29 1749.37
19 30 1765.23
19 31 1767.86
19 32 1760.1
19 33 1744.59
19 34 1723.52
19 35 1698.81
19 36 1672
19 37 1644.37
19 38 1616.89
19 39 1590.33
19 40 1565.24
19 41 1542.04
19 42 1520.99
19 43 1502.29
19 44 1486.03
19 45 1472.27
19 46 1461.03
19 47 1452.32
19 48 1446.1
19 49 1442.38
19 50 1441.14
19 51 1442.38
19 52 1446.1
19 53 1452.32
19 54 1461.03
19 55 1472.27
19 56 1486.03
19 57 1502.29
19 58 1520.99
19 59 1542.04
19 60 1565.24
19 61 1590.33
19 62 1616.89
19 63 1644.37
19 64 1672
19 65 1698.81
19 66 1723.52
19 67 1744.59
19 68 1760.1
19 69 1767.86
19 70 1765.23
19 71 1749.37
19 72 1717.06
19 73 1665
19 74 1589.76
19 75 1488.08
19 76 1357.08
19 77 1194.4
19 78 998.619
19 79 769.485
19 80 508.133
19 81 217.46
19 82 -97.8189
19 83 -431.026
19 84 -773.659
19 85 -1115.46
19 86 -1444.83
19 87 -1749.29
19 88 -2016.12
19 89 -2232.92
19 90 -2388.53
19 91 -2473.52
19 92 -2481.02
19 93 -2407.17
19 94 -2251.45
19 95 -2016.98
19 96 -1710.29
19 97 -1341.36
19 98 -922.984
19 99 -470.271
19 100 0

20 0 0
20 1 -469.714
20 2 -919.889
20 3 -1332.06
20 4 -1689.74
20 5 -1979.39
20 6 -2190.95
20 7 -2318.32
20 8 -2359.59
20 9 -2316.79
20 10 -2195.76
20 11 -2005.41
20 12 -1757.12
20 13 -1463.89
20 14 -1139.47
20 15 -797.634
20 16 -451.268
20 17 -112.01
20 18 210.376
20 19 508.133
20 20 775.689
20 21 1009.56
20 22 1208.16
20 23 1371.57
20 24 1501.24
20 25 1599.63
20 26 1669.87
20 27 1715.53
20 28 1740.33
20 29 1747.9
20 30 1741.77
20 31 1725.04
20 32 1700.58
20 33 1670.74
20 34 1637.6
20 35 1602.76
20 36 1567.59
20 37 1533.07
20 38 1499.99
20 39 1468.89
20 40 1440.16
20 41 1414.05
20 42 1390.7
20 43 1370.17
20 44 1352.5
20 45 1337.65
20 46 1325.59
20 47 1316.26
20 48 1309.65
20 49 1305.69
20 50 1304.37
20 51 1305.69
20 52 1309.65
20 53 1316.26
20 54 1325.59
20 55 1337.65
20 56 1352.5
20 57 1370.17
20 58 1390.7
20 59 1414.05
20 60 1440.16
20 61 1468.89
20 62 1499.99
20 63 1533.07
20 64 1567.59
20 65 1602.76
20 66 1637.6
20 67 1670.74
20 68 1700.58
20 69 1725.04
20 70 1741.77
20 71 1747.9
20 72 1740.33
20 73 1715.53
20 74 1669.87
20 75 1599.63
20 76 1501.24
20 77 1371.57
20 78 1208.16
20 79 1009.56
20 80 775.689
20 81 508.133
20 82 210.376
20 83 -112.01
20 84 -451.268
20 85 -797.634
20 86 -1139.47
20 87 -1463.89
20 88 -1757.12
20 89 -2005.41
20 90 -2195.76
20 91 -2316.79
20 92 -2359.59
20 93 -2318.32
20 94 -2190.95
20 95 -1979.39
20 96 -1689.74
20 97 -1332.06
20 98 -919.889
20 99 -469.714
20 100 0

21 0 0
21 1 -462.11
21 2 -903.021
21 3 -1302.73
21 4 -1643.78
21 5 -1912.01
21 6 -2097.52
21 7 -2194.9
21 8 -2203.44
21 9 -2126.9
21 10 -1972.9
21 11 -1752.38
21 12 -1478.45
21 13 -1165.63
21 14 -828.764
21 15 -482.179
21 16 -138.95
21 17 189.719
21 18 494.74
21 19 769.485
21 20 1009.56
21 21 1212.84
21 22 1379.04
21 23 1509.48
21 24 1606.66
21 25 1673.9
21 26 1715.06
21 27 1734.1
21 28 1735.06
21 29 1721.69
21 30 1697.42
21 31 1665.33
21 32 1627.97
21 33 1587.56
21 34 1545.8
21 35 1504.13
21 36 1463.53
21 37 1424.84
21 38 1388.55
21 39 1355.07
21 40 1324.56
21 41 1297.19
21 42 1272.92
21 43 1251.78
21 44 1233.68
21 45 1218.56
21 46 1206.31
21 47 1196.9
21 48 1190.21
21 49 1186.23
21 50 1184.9
21 51 1186.23
21 52 1190.21
21 53 1196.9
21 54 1206.31
21 55 1218.56
21 56 1233.68
21 57 1251.78
21 58 1272.92
21 59 1297.19
21 60 1324.56
21 61 1355.07
21 62 1388.55
21 63 1424.84
21 64 1463.53
21 65 1504.13
21 66 1545.8
21 67 1587.56
21 68 1627.97
21 69 1665.33
21 70 1697.42
21 71 1721.69
21 72 1735.06
21 73 1734.1
21 74 1715.06
21 75 1673.9
21 76 1606.66
21 77 1509.48
21 78 1379.04
21 79 1212.84
21 80 1009.56
21 81 769.485
21 82 494.74
21 83 189.719
21 84 -138.95
21 85 -482.179
21 86 -828.764
21 87 -1165.63
21 88 -1478.45
21 89 -1752.38
21 90 -1972.9
21 91 -2126.9
21 92 -2203.44
21 93 -2194.9
21 94 -2097.52
21 95 -1912.01
21 96 -1643.78
21 97 -1302.73
21 98 -903.021
21 99 -462.11
21 100 0

22 0 0
22 1 -447.409
22 2 -872.254
22 3 -1253.44
22 4 -1572.67
22 5 -1815.62
22 6 -1972.59
22 7 -2039.11
22 8 -2015.74
22 9 -1907.89
22 10 -1724.98
22 11 -1479.6
22 12 -1186.48
22 13 -861.204
22 14 -519.402
22 15 -175.603
22 16 157.393
22 17 469.019
22 18 751.259
22 19 998.619
22 20 1208.16
22 21 1379.04
22 22 1512.29
22 23 1610.3
22 24 1676.53
22 25 1715.01
22 26 1730.02
22 27 1725.91
22 28 1706.73
22 29 1676.22
22 30 1637.7
22 31 1593.93
22 32 1547.27
22 33 1499.55
22 34 1452.26
22 35 1406.46
22 36 1362.95
22 37 1322.24
22 38 1284.7
22 39 1250.46
22 40 1219.65
22 41 1192.2
22 42 1168.09
22 43 1147.18
22 44 1129.4
22 45 1114.57
22 46 1102.63
22 47 1093.44
22 48 1086.96
22 49 1083.08
22 50 1081.8
22 51 1083.08
22 52 1086.96
22 53 1093.44
22 54 1102.63
22 55 1114.57
22 56 1129.4
22 57 1147.18
22 58 1168.09
22 59 1192.2
22 60 1219.65
22 61 1250.46
22 62 1284.7
22 63 1322.24
22 64 1362.95
22 65 1406.46
22 66 1452.26
22 67 1499.55
22 68 1547.27
22 69 1593.93
22 70 1637.7
22 71 1676.22
22 72 1706.73
22 73 1725.91
22 74 1730.02
22 75 1715.01
22 76 1676.53
22 77 1610.3
22 78 1512.29
22 79 1379.04
22 80 1208.16
22 81 998.619
22 82 751.259
22 83 469.019
22 84 157.393
22 85 -175.603
22 86 -519.402
22 87 -861.204
22 88 -1186.48
22 89 -1479.6
22 90 -1724.98
22 91 -1907.89
22 92 -2015.74
22 93 -2039.11
22 94 -1972.59
22 95 -1815.62
22 96 -1572.67
22 97 -1253.44
22 98 -872.254
22 99 -447.409
22 100 0

23 0 0
23 1 -425.717
23 2 -827.915
23 3 -1184.71
23 4 -1477.42
23 5 -1691.68
23 6 -1818.39
23 7 -1853.95
23 8 -1800.33
23 9 -1664.41
23 10 -1457.26
23 11 -1192.92
23 12 -887.297
23 13 -556.804
23 14 -217.312
23 15 116.734
23 16 433.162
23 17 722.329
23 18 977.45
23 19 1194.4
23 20 1371.57
23 21 1509.48
23 22 1610.3
23 23 1677.44
23 24 1715.04
23 25 1727.7
23 26 1720
23 27 1696.33
23 28 1660.78
23 29 1616.86
23 30 1567.62
23 31 1515.57
23 32 1462.7
23 33 1410.54
23 34 1360.22
23 35 1312.55
23 36 1268.05
23 37 1227.03
23 38 1189.64
23 39 1155.92
23 40 1125.79
23 41 1099.18
23 42 1075.9
23 43 1055.85
23 44 1038.82
23 45 1024.71
23 46 1013.34
23 47 1004.64
23 48 998.476
23 49 994.821
23 50 993.592
23 51 994.821
23 52 998.476
23 53 1004.64
23 54 1013.34
23 55 1024.71
23 56 1038.82
23 57 1055.85
23 58 1075.9
23 59 1099.18
23 60 1125.79
23 61 1155.92
23 62 1189.64
23 63 1227.03
23 64 1268.05
23 65 1312.55
23 66 1360.22
23 67 1410.54
23 68 1462.7
23 69 1515.57
23 70 1567.62
23 71 1616.86
23 72 1660.78
23 73 1696.33
23 74 1720
23 75 1727.7
23 76 1715.04
23 77 1677.44
23 78 1610.3
23 79 1509.48
23 80 1371.57
23 81 1194.4
23 82 977.45
23 83 722.329
23 84 433.162
23 85 116.734
23 86 -217.312
23 87 -556.804
23 88 -887.297
23 89 -1192.92
23 90 -1457.26
23 91 -1664.41
23 92 -1800.33
23 93 -1853.95
23 94 -1818.39
23 95 -1691.68
23 96 -1477.42
23 97 -1184.71
23 98 -827.915
23 99 -425.717
23 100 0

24 0 0
24 1 -397.341
24 2 -770.636
24 3 -1097.66
24 4 -1359.62
24 5 -1542.48
24 6 -1637.79
24 7 -1643.05
24 8 -1561.45
24 9 -1401.38
24 10 -1175.14
24 11 -898.016
24 12 -586.636
24 13 -257.845
24 14 72.5447
24 15 390.644
24 16 685.112
24 17 947.542
24 18 1172.42
24 19 1357.08
24 20 1501.24
24 21 1606.66
24 22 1676.53
24 23 1715.04
24 24 1726.93
24 25 1717.07
24 26 1690.19
24 27 1650.64
24 28 1602.28
24 29 1548.37
24 30 1491.66
24 31 1434.23
24 32 1377.79
24 33 1323.47
24 34 1272.14
24 35 1224.31
24 36 1180.28
24 37 1140.16
24 38 1103.95
24 39 1071.55
24 40 1042.82
24 41 1017.57
24 42 995.6
24 43 976.735
24 44 960.778
24 45 947.574
24 46 936.968
24 47 928.85
24 48 923.115
24 49 919.706
24 50 918.571
24 51 919.706
24 52 923.115
24 53 928.85
24 54 936.968
24 55 947.574
24 56 960.778
24 57 976.735
24 58 995.6
24 59 1017.57
24 60 1042.82
24 61 1071.55
24 62 1103.95
24 63 1140.16
24 64 1180.28
24 65 1224.31
24 66 1272.14
24 67 1323.47
24 68 1377.79
24 69 1434.23
24 70 1491.66
24 71 1548.37
24 72 1602.28
24 73 1650.64
24 74 1690.19
24 75 1717.07
24 76 1726.93
24 77 1715.04
24 78 1676.53
24 79 1606.66
24 80 1501.24
24 81 1357.08
24 82 1172.42
24 83 947.542
24 84 685.112
24 85 390.644
24 86 72.5447
24 87 -257.845
24 88 -586.636
24 89 -898.016
24 90 -1175.14
24 91 -1401.38
24 92 -1561.45
24 93 -1643.05
24 94 -1637.79
24 95 -1542.48
24 96 -1359.62
24 97 -1097.66
24 98 -770.636
24 99 -397.341
24 100 0

25 0 0
25 1 -362.78
25 2 -701.442
25 3 -993.82
25 4 -1221.42
25 5 -1370.74
25 6 -1434.25
25 7 -1410.44
25 8 -1303.79
25 9 -1123.8
25 10 -883.931
25 11 -600.135
25 12 -289.558
25 13 31.0629
25 14 346.3
25 15 643.127
25 16 911.315
25 17 1143.78
25 18 1336.49
25 19 1488.08
25 20 1599.63
25 21 1673.9
25 22 1715.01
25 23 1727.7
25 24 1717.07
25 25 1688.15
25 26 1645.62
25 27 1593.62
25 28 1535.75
25 29 1474.91
25 30 1413.43
25 31 1353.09
25 32 1295.15
25 33 1240.5
25 34 1189.65
25 35 1142.92
25 36 1100.36
25 37 1061.97
25 38 1027.59
25 39 997.039
25 40 970.086
25 41 946.517
25 42 926.085
25 43 908.594
25 44 893.831
25 45 881.641
25 46 871.86
25 47 864.385
25 48 859.105
25 49 855.97
25 50 854.924
25 51 855.97
25 52 859.105
25 53 864.385
25 54 871.86
25 55 881.641
25 56 893.831
25 57 908.594
25 58 926.085
25 59 946.517
25 60 970.086
25 61 997.039
25 62 1027.59
25 63 1061.97
25 64 1100.36
25 65 1142.92
25 66 1189.65
25 67 1240.5
25 68 1295.15
25 69 1353.09
25 70 1413.43
25 71 1474.91
25 72 1535.75
25 73 1593.62
25 74 1645.62
25 75 1688.15
25 76 1717.07
25 77 1727.7
25 78 1715.01
25 79 1673.9
25 80 1599.63
25 81 1488.08
25 82 1336.49
25 83 1143.78
25 84 911.315
25 85 643.127
25 86 346.3
25 87 31.0629
25 88 -289.558
25 89 -600.135
25 90 -883.931
25 91 -1123.8
25 92 -1303.79
25 93 -1410.44
25 94 -1434.25
25 95 -1370.74
25 96 -1221.42
25 97 -993.82
25 98 -701.442
25 99 -362.78
25 100 0

26 0 0
26 1 -322.643
26 2 -621.567
26 3 -875.111
26 4 -1065.39
26 5 -1179.74
26 6 -1211.57
26 7 -1160.5
26 8 -1032.03
26 9 -836.672
26 10 -588.553
26 11 -304.1
26 12 -0.360304
26 13 306.215
26 14 601.1
26 15 872.292
26 16 1110.96
26 17 1311.39
26 18 1470.99
26 19 1589.76
26 20 1669.87
26 21 1715.06
26 22 1730.02
26 23 1720
26 24 1690.19
26 25 1645.62
26 26 1590.74
26 27 1529.49
26 28 1464.97
26 29 1399.8
26 30 1335.85
26 31 1274.5
26 32 1216.72
26 33 1163.03
26 34 1113.77
26 35 1068.95
26 36 1028.55
26 37 992.353
26 38 960.178
26 39 931.716
26 40 906.745
26 41 884.96
26 42 866.154
26 43 850.068
26 44 836.536
26 45 825.356
26 46 816.414
26 47 809.566
26 48 804.748
26 49 801.874
26 50 800.927
26 51 801.874
26 52 804.748
26 53 809.566
26 54 816.414
26 55 825.356
26 56 836.536
26 57 850.068
26 58 866.154
26 59 884.96
26 60 906.745
26 61 931.716
26 62 960.178
26 63 992.353
26 64 1028.55
26 65 1068.95
26 66 1113.77
26 67 1163.03
26 68 1216.72
26 69 1274.5
26 70 1335.85
26 71 1399.8
26 72 1464.97
26 73 1529.49
26 74 1590.74
26 75 1645.62
26 76 1690.19
26 77 1720
26 78 1730.02
26 79 1715.06
26 80 1669.87
26 81 1589.76
26 82 1470.99
26 83 1311.39
26 84 1110.96
26 85 872.292
26 86 601.1
26 87 306.215
26 88 -0.360304
26 89 -304.1
26 90 -588.553
26 91 -836.672
26 92 -1032.03
26 93 -1160.5
26 94 -1211.57
26 95 -1179.74
26 96 -1065.39
26 97 -875.111
26 98 -621.567
26 99 -322.643
26 100 0

27 0 0
27 1 -277.695
27 2 -532.531
27 3 -743.738
27 4 -894.421
27 5 -972.95
27 6 -973.811
27 7 -897.641
27 8 -750.877
27 9 -544.677
27 10 -293.604
27 11 -14.0227
27 12 277.336
27 13 564.885
27 14 835.079
27 15 1077.35
27 16 1284.21
27 17 1451.54
27 18 1578.04
27 19 1665
27 20 1715.53
27 21 1734.1
27 22 1725.91
27 23 1696.33
27 24 1650.64
27 25 1593.62
27 26 1529.49
27 27 1461.69
27 28 1393.07
27 29 1325.65
27 30 1261.02
27 31 1200.15
27 32 1143.69
27 33 1091.91
27 34 1044.9
27 35 1002.53
27 36 964.613
27 37 930.878
27 38 901.027
27 39 874.756
27 40 851.762
27 41 831.78
27 42 814.542
27 43 799.845
27 44 787.469
27 45 777.28
27 46 769.108
27 47 762.878
27 48 758.471
27 49 755.865
27 50 754.988
27 51 755.865
27 52 758.471
27 53 762.878
27 54 769.108
27 55 777.28
27 56 787.469
27 57 799.845
27 58 814.542
27 59 831.78
27 60 851.762
27 61 874.756
27 62 901.027
27 63 930.878
27 64 964.613
27 65 1002.53
27 66 1044.9
27 67 1091.91
27 68 1143.69
27 69 1200.15
27 70 1261.02
27 71 1325.65
27 72 1393.07
27 73 1461.69
27 74 1529.49
27 75 1593.62
27 76 1650.64
27 77 1696.33
27 78 1725.91
27 79 1734.1
27 80 1715.53
27 81 1665
27 82 1578.04
27 83 1451.54
27 84 1284.21
27 85 1077.35
27 86 835.079
27 87 564.885
27 88 277.336
27 89 -14.0227
27 90 -293.604
27 91 -544.677
27 92 -750.877
27 93 -897.641
27 94 -973.811
27 95 -972.95
27 96 -894.421
27 97 -743.738
27 98 -532.531
27 99 -277.695
27 100 0

28 0 0
28 1 -228.754
28 2 -435.945
28 3 -602.108
28 4 -711.609
28 5 -754.07
28 6 -725.084
28 7 -626.289
28 8 -464.803
28 9 -252.217
28 10 -3.07132
28 11 266.584
28 12 540.841
28 13 805.113
28 14 1047.31
28 15 1258.26
28 16 1432.11
28 17 1566.09
28 18 1660.32
28 19 1717.06
28 20 1740.33
28 21 1735.06
28 22 1706.73
28 23 1660.78
28 24 1602.28
28 25 1535.75
28 26 1464.97
28 27 1393.07
28 28 1322.26
28 29 1254.36
28 30 1190.38
28 31 1131.08
28 32 1076.74
28 33 1027.45
28 34 983.084
28 35 943.421
28 36 908.131
28 37 876.905
28 38 849.376
28 39 825.232
28 40 804.15
28 41 785.861
28 42 770.11
28 43 756.685
28 44 745.398
28 45 736.094
28 46 728.649
28 47 722.958
28 48 718.949
28 49 716.562
28 50 715.772
28 51 716.562
28 52 718.949
28 53 722.958
28 54 728.649
28 55 736.094
28 56 745.398
28 57 756.685
28 58 770.11
28 59 785.861
28 60 804.15
28 61 825.232
28 62 849.376
28 63 876.905
28 64 908.131
28 65 943.421
28 66 983.084
28 67 1027.45
28 68 1076.74
28 69 1131.08
28 70 1190.38
28 71 1254.36
28 72 1322.26
28 73 1393.07
28 74 1464.97
28 75 1535.75
28 76 1602.28
28 77 1660.78
28 78 1706.73
28 79 1735.06
28 80 1740.33
28 81 1717.06
28 82 1660.32
28 83 1566.09
28 84 1432.11
28 85 1258.26
28 86 1047.31
28 87 805.113
28 88 540.841
28 89 266.584
28 90 -3.07132
28 91 -252.217
28 92 -464.803
28 93 -626.289
28 94 -725.084
28 95 -754.07
28 96 -711.609
28 97 -602.108
28 98 -435.945
28 99 -228.754
28 100 0

29 0 0
29 1 -176.707
29 2 -333.554
29 3 -452.714
29 4 -520.125
29 5 -526.783
29 6 -469.461
29 7 -350.643
29 8 -177.991
29 9 36.8392
29 10 279.572
29 11 534.942
29 12 788.084
29 13 1025.84
29 14 1237.58
29 15 1415.82
29 16 1556.19
29 17 1657.43
29 18 1720.73
29 19 1749.37
29 20 1747.9
