0 0 0
0 1 0
0 2 0
0 3 0
0 4 0
0 5 0
0 6 0
0 7 0
0 8 0
0 9 0
0 10 0
0 11 0
0 12 0
0 13 0
0 14 0
0 15 0
0 16 0
0 17 0
0 18 0
0 19 0
0 20 0
0 21 0
0 22 0
0 23 0
0 24 0
0 25 0
0 26 0
0 27 0
0 28 0
0 29 0
0 30 0
0 31 0
0 32 0
0 33 0
0 34 0
0 35 0
0 36 0
0 37 0
0 38 0
0 39 0
0 40 0
0 41 0
0 42 0
0 43 0
0 44 0
0 45 0
0 46 0
0 47 0
0 48 0
0 49 0
0 50 0
0 51 0
0 52 0
0 53 0
0 54 0
0 55 0
0 56 0
0 57 0
0 58 0
0 59 0
0 60 0
0 61 0
0 62 0
0 63 0
0 64 0
0 65 0
0 66 0
0 67 0
0 68 0
0 69 0
0 70 0
0 71 0
0 72 0
0 73 0
0 74 0
0 75 0
0 76 0
0 77 0
0 78 0
0 79 0
0 80 0
0 81 0
0 82 0
0 83 0
0 84 0
0 85 0
0 86 0
0 87 0
0 88 0
0 89 0
0 90 0
0 91 0
0 92 0
0 93 0
0 94 0
0 95 0
0 96 0
0 97 0
0 98 0
0 99 0
0 100 0

1 0 0
1 1 -0.122266
1 2 -0.116842
1 3 -0.191451
1 4 -0.370737
1 5 -0.55099
1 6 -0.809787
1 7 -1.20051
1 8 -1.69757
1 9 -2.38461
1 10 -3.32105
1 11 -4.54588
1 12 -6.15963
1 13 -8.24633
1 14 -10.8645
1 15 -14.163
1 16 -18.2075
1 17 -23.1268
1 18 -29.0412
1 19 -36.0245
1 20 -44.2017
1 21 -53.6245
1 22 -64.3481
1 23 -76.418
1 24 -89.7979
1 25 -104.494
1 26 -120.406
1 27 -137.458
1 28 -155.514
1 29 -174.409
1 30 -193.988
1 31 -214.019
1 32 -234.33
1 33 -254.669
1 34 -274.853
1 35 -294.651
1 36 -313.877
1 37 -332.348
1 38 -349.894
1 39 -366.389
1 40 -381.692
1 41 -395.731
1 42 -408.399
1 43 -419.669
1 44 -429.467
1 45 -437.798
1 46 -444.611
1 47 -449.929
1 48 -453.715
1 49 -455.999
1 50 -456.75
1 51 -455.999
1 52 -453.715
1 53 -449.929
1 54 -444.611
1 55 -437.798
1 56 -429.467
1 57 -419.669
1 58 -408.399
1 59 -395.731
1 60 -381.692
1 61 -366.389
1 62 -349.894
1 63 -332.348
1 64 -313.877
1 65 -294.651
1 66 -274.853
1 67 -254.669
1 68 -234.33
1 69 -214.019
1 70 -193.988
1 71 -174.409
1 72 -155.514
1 73 -137.458
1 74 -120.406
1 75 -104.494
1 76 -89.7979
1 77 -76.418
1 78 -64.3481
1 79 -53.6245
1 80 -44.2017
1 81 -36.0245
1 82 -29.0412
1 83 -23.1268
1 84 -18.2075
1 85 -14.163
1 86 -10.8645
1 87 -8.24633
1 88 -6.15963
1 89 -4.54588
1 90 -3.32105
1 91 -2.38461
1 92 -1.69757
1 93 -1.20051
1 94 -0.809787
1 95 -0.55099
1 96 -0.370737
1 97 -0.191451
1 98 -0.116842
1 99 -0.122266
1 100 0

2 0 0
2 1 -0.116842
2 2 -0.293515
2 3 -0.482374
2 4 -0.774291
2 5 -1.2003
2 6 -1.75442
2 7 -2.538
2 8 -3.62493
2 9 -5.09021
2 10 -7.07881
2 11 -9.67231
2 12 -13.0635
2 13 -17.4068
2 14 -22.8955
2 15 -29.7457
2 16 -38.1698
2 17 -48.3746
2 18 -60.5992
2 19 -75.0056
2 20 -91.8017
2 21 -111.103
2 22 -133.014
2 23 -157.582
2 24 -184.774
2 25 -214.529
2 26 -246.681
2 27 -281.031
2 28 -317.307
2 29 -355.173
2 30 -394.283
2 31 -434.21
2 32 -474.56
2 33 -514.883
2 34 -554.772
2 35 -593.809
2 36 -631.616
2 37 -667.849
2 38 -702.189
2 39 -734.389
2 40 -764.206
2 41 -791.49
2 42 -816.074
2 43 -837.891
2 44 -856.842
2 45 -872.916
2 46 -886.059
2 47 -896.293
2 48 -903.586
2 49 -907.972
2 50 -909.424
2 51 -907.972
2 52 -903.586
2 53 -896.293
2 54 -886.059
2 55 -872.916
2 56 -856.842
2 57 -837.891
2 58 -816.074
2 59 -791.49
2 60 -764.206
2 61 -734.389
2 62 -702.189
2 63 -667.849
2 64 -631.616
2 65 -593.809
2 66 -554.772
2 67 -514.883
2 68 -474.56
2 69 -434.21
2 70 -394.283
2 71 -355.173
2 72 -317.307
2 73 -281.031
2 74 -246.681
2 75 -214.529
2 76 -184.774
2 77 -157.582
2 78 -133.014
2 79 -111.103
2 80 -91.8017
2 81 -75.0056
2 82 -60.5992
2 83 -48.3746
2 84 -38.1698
2 85 -29.7457
2 86 -22.8955
2 87 -17.4068
2 88 -13.0635
2 89 -9.67231
2 90 -7.07881
2 91 -5.09021
2 92 -3.62493
2 93 -2.538
2 94 -1.75442
2 95 -1.2003
2 96 -0.774291
2 97 -0.482374
2 98 -0.293515
2 99 -0.116842
2 100 0

3 0 0
3 1 -0.191451
3 2 -0.482374
3 3 -0.861926
3 4 -1.32187
3 5 -1.99519
3 6 -2.95663
3 7 -4.2516
3 8 -6.03799
3 9 -8.47602
3 10 -11.6929
3 11 -15.9549
3 12 -21.4442
3 13 -28.4652
3 14 -37.3019
3 15 -48.269
3 16 -61.6882
3 17 -77.8986
3 18 -97.1807
3 19 -119.855
3 20 -146.127
3 21 -176.205
3 22 -210.188
3 23 -248.105
3 24 -289.901
3 25 -335.403
3 26 -384.365
3 27 -436.426
3 28 -491.149
3 29 -548.031
3 30 -606.49
3 31 -665.932
3 32 -725.709
3 33 -785.203
3 34 -843.784
3 35 -900.874
3 36 -955.929
3 37 -1008.46
3 38 -1058.07
3 39 -1104.37
3 40 -1147.11
3 41 -1186.05
3 42 -1221.04
3 43 -1251.97
3 44 -1278.78
3 45 -1301.43
3 46 -1319.94
3 47 -1334.3
3 48 -1344.55
3 49 -1350.68
3 50 -1352.73
3 51 -1350.68
3 52 -1344.55
3 53 -1334.3
3 54 -1319.94
3 55 -1301.43
3 56 -1278.78
3 57 -1251.97
3 58 -1221.04
3 59 -1186.05
3 60 -1147.11
3 61 -1104.37
3 62 -1058.07
3 63 -1008.46
3 64 -955.929
3 65 -900.874
3 66 -843.784
3 67 -785.203
3 68 -725.709
3 69 -665.932
3 70 -606.49
3 71 -548.031
3 72 -491.149
3 73 -436.426
3 74 -384.365
3 75 -335.403
3 76 -289.901
3 77 -248.105
3 78 -210.188
3 79 -176.205
3 80 -146.127
3 81 -119.855
3 82 -97.1807
3 83 -77.8986
3 84 -61.6882
3 85 -48.269
3 86 -37.3019
3 87 -28.4652
3 88 -21.4442
3 89 -15.9549
3 90 -11.6929
3 91 -8.47602
3 92 -6.03799
3 93 -4.2516
3 94 -2.95663
3 95 -1.99519
3 96 -1.32187
3 97 -0.861926
3 98 -0.482374
3 99 -0.191451
3 100 0

4 0 0
4 1 -0.370737
4 2 -0.774291
4 3 -1.32187
4 4 -2.06202
4 5 -3.09431
4 6 -4.55494
4 7 -6.54219
4 8 -9.25269
4 9 -12.884
4 10 -17.7038
4 11 -24.0079
4 12 -32.1478
4 13 -42.443
4 14 -55.3674
4 15 -71.268
4 16 -90.632
4 17 -113.861
4 18 -141.347
4 19 -173.459
4 20 -210.464
4 21 -252.553
4 22 -299.839
4 23 -352.253
4 24 -409.688
4 25 -471.813
4 26 -538.25
4 27 -608.45
4 28 -681.776
4 29 -757.523
4 30 -834.873
4 31 -913.042
4 32 -991.151
4 33 -1068.41
4 34 -1144.01
4 35 -1217.23
4 36 -1287.41
4 37 -1353.97
4 38 -1416.44
4 39 -1474.41
4 40 -1527.62
4 41 -1575.83
4 42 -1618.94
4 43 -1656.85
4 44 -1689.57
4 45 -1717.11
4 46 -1739.54
4 47 -1756.88
4 48 -1769.23
4 49 -1776.61
4 50 -1779.07
4 51 -1776.61
4 52 -1769.23
4 53 -1756.88
4 54 -1739.54
4 55 -1717.11
4 56 -1689.57
4 57 -1656.85
4 58 -1618.94
4 59 -1575.83
4 60 -1527.62
4 61 -1474.41
4 62 -1416.44
4 63 -1353.97
4 64 -1287.41
4 65 -1217.23
4 66 -1144.01
4 67 -1068.41
4 68 -991.151
4 69 -913.042
4 70 -834.873
4 71 -757.523
4 72 -681.776
4 73 -608.45
4 74 -538.25
4 75 -471.813
4 76 -409.688
4 77 -352.253
4 78 -299.839
4 79 -252.553
4 80 -210.464
4 81 -173.459
4 82 -141.347
4 83 -113.861
4 84 -90.632
4 85 -71.268
4 86 -55.3674
4 87 -42.443
4 88 -32.1478
4 89 -24.0079
4 90 -17.7038
4 91 -12.884
4 92 -9.25269
4 93 -6.54219
4 94 -4.55494
4 95 -3.09431
4 96 -2.06202
4 97 -1.32187
4 98 -0.774291
4 99 -0.370737
4 100 0

5 0 0
5 1 -0.55099
5 2 -1.2003
5 3 -1.99519
5 4 -3.09431
5 5 -4.62596
5 6 -6.73592
5 7 -9.63957
5 8 -13.5554
5 9 -18.7945
5 10 -25.6724
5 11 -34.6241
5 12 -46.0551
5 13 -60.491
5 14 -78.4036
5 15 -100.375
5 16 -126.891
5 17 -158.501
5 18 -195.628
5 19 -238.686
5 20 -287.933
5 21 -343.547
5 22 -405.534
5 23 -473.761
5 24 -547.92
5 25 -627.553
5 26 -712.032
5 27 -800.609
5 28 -892.401
5 29 -986.458
5 30 -1081.75
5 31 -1177.25
5 32 -1271.92
5 33 -1364.78
5 34 -1454.9
5 35 -1541.45
5 36 -1623.73
5 37 -1701.12
5 38 -1773.16
5 39 -1839.48
5 40 -1899.87
5 41 -1954.16
5 42 -2002.35
5 43 -2044.43
5 44 -2080.52
5 45 -2110.72
5 46 -2135.18
5 47 -2154.02
5 48 -2167.39
5 49 -2175.36
5 50 -2178.02
5 51 -2175.36
5 52 -2167.39
5 53 -2154.02
5 54 -2135.18
5 55 -2110.72
5 56 -2080.52
5 57 -2044.43
5 58 -2002.35
5 59 -1954.16
5 60 -1899.87
5 61 -1839.48
5 62 -1773.16
5 63 -1701.12
5 64 -1623.73
5 65 -1541.45
5 66 -1454.9
5 67 -1364.78
5 68 -1271.92
5 69 -1177.25
5 70 -1081.75
5 71 -986.458
5 72 -892.401
5 73 -800.609
5 74 -712.032
5 75 -627.553
5 76 -547.92
5 77 -473.761
5 78 -405.534
5 79 -343.547
5 80 -287.933
5 81 -238.686
5 82 -195.628
5 83 -158.501
5 84 -126.891
5 85 -100.375
5 86 -78.4036
5 87 -60.491
5 88 -46.0551
5 89 -34.6241
5 90 -25.6724
5 91 -18.7945
5 92 -13.5554
5 93 -9.63957
5 94 -6.73592
5 95 -4.62596
5 96 -3.09431
5 97 -1.99519
5 98 -1.2003
5 99 -0.55099
5 100 0

6 0 0
6 1 -0.809787
6 2 -1.75442
6 3 -2.95663
6 4 -4.55494
6 5 -6.73592
6 6 -9.7281
6 7 -13.8462
6 8 -19.3803
6 9 -26.684
6 10 -36.2749
6 11 -48.5766
6 12 -64.2228
6 13 -83.7959
6 14 -107.939
6 15 -137.281
6 16 -172.474
6 17 -214.024
6 18 -262.497
6 19 -318.188
6 20 -381.39
6 21 -452.135
6 22 -530.308
6 23 -615.601
6 24 -707.478
6 25 -805.243
6 26 -908.007
6 27 -1014.73
6 28 -1124.3
6 29 -1235.45
6 30 -1346.97
6 31 -1457.59
6 32 -1566.15
6 33 -1671.5
6 34 -1772.68
6 35 -1868.81
6 36 -1959.18
6 37 -2043.27
6 38 -2120.66
6 39 -2191.15
6 40 -2254.59
6 41 -2311.04
6 42 -2360.58
6 43 -2403.44
6 44 -2439.82
6 45 -2470.02
6 46 -2494.26
6 47 -2512.84
6 48 -2525.94
6 49 -2533.74
6 50 -2536.32
6 51 -2533.74
6 52 -2525.94
6 53 -2512.84
6 54 -2494.26
6 55 -2470.02
6 56 -2439.82
6 57 -2403.44
6 58 -2360.58
6 59 -2311.04
6 60 -2254.59
6 61 -2191.15
6 62 -2120.66
6 63 -2043.27
6 64 -1959.18
6 65 -1868.81
6 66 -1772.68
6 67 -1671.5
6 68 -1566.15
6 69 -1457.59
6 70 -1346.97
6 71 -1235.45
6 72 -1124.3
6 73 -1014.73
6 74 -908.007
6 75 -805.243
6 76 -707.478
6 77 -615.601
6 78 -530.308
6 79 -452.135
6 80 -381.39
6 81 -318.188
6 82 -262.497
6 83 -214.024
6 84 -172.474
6 85 -137.281
6 86 -107.939
6 87 -83.7959
6 88 -64.2228
6 89 -48.5766
6 90 -36.2749
6 91 -26.684
6 92 -19.3803
6 93 -13.8462
6 94 -9.7281
6 95 -6.73592
6 96 -4.55494
6 97 -2.95663
6 98 -1.75442
6 99 -0.809787
6 100 0

7 0 0
7 1 -1.20051
7 2 -2.538
7 3 -4.2516
7 4 -6.54219
7 5 -9.63957
7 6 -13.8462
7 7 -19.5396
7 8 -27.1679
7 9 -37.1926
7 10 -50.186
7 11 -66.8283
7 12 -87.7407
7 13 -113.744
7 14 -145.504
7 15 -183.815
7 16 -229.321
7 17 -282.64
7 18 -344.225
7 19 -414.405
7 20 -493.257
7 21 -580.723
7 22 -676.403
7 23 -779.774
7 24 -889.975
7 25 -1006.02
7 26 -1126.68
7 27 -1250.62
7 28 -1376.42
7 29 -1502.56
7 30 -1627.61
7 31 -1750.13
7 32 -1868.82
7 33 -1982.52
7 34 -2090.22
7 35 -2191.13
7 36 -2284.62
7 37 -2370.33
7 38 -2448.01
7 39 -2517.65
7 40 -2579.35
7 41 -2633.37
7 42 -2680.03
7 43 -2719.76
7 44 -2752.99
7 45 -2780.17
7 46 -2801.74
7 47 -2818.07
7 48 -2829.49
7 49 -2836.25
7 50 -2838.48
7 51 -2836.25
7 52 -2829.49
7 53 -2818.07
7 54 -2801.74
7 55 -2780.17
7 56 -2752.99
7 57 -2719.76
7 58 -2680.03
7 59 -2633.37
7 60 -2579.35
7 61 -2517.65
7 62 -2448.01
7 63 -2370.33
7 64 -2284.62
7 65 -2191.13
7 66 -2090.22
7 67 -1982.52
7 68 -1868.82
7 69 -1750.13
7 70 -1627.61
7 71 -1502.56
7 72 -1376.42
7 73 -1250.62
7 74 -1126.68
7 75 -1006.02
7 76 -889.975
7 77 -779.774
7 78 -676.403
7 79 -580.723
7 80 -493.257
7 81 -414.405
7 82 -344.225
7 83 -282.64
7 84 -229.321
7 85 -183.815
7 86 -145.504
7 87 -113.744
7 88 -87.7407
7 89 -66.8283
7 90 -50.186
7 91 -37.1926
7 92 -27.1679
7 93 -19.5396
7 94 -13.8462
7 95 -9.63957
7 96 -6.54219
7 97 -4.2516
7 98 -2.538
7 99 -1.20051
7 100 0

8 0 0
8 1 -1.69757
8 2 -3.62493
8 3 -6.03799
8 4 -9.25269
8 5 -13.5554
8 6 -19.3803
8 7 -27.1679
8 8 -37.469
8 9 -50.9851
8 10 -68.3509
8 11 -90.3531
8 12 -117.882
8 13 -151.688
8 14 -192.727
8 15 -241.713
8 16 -299.407
8 17 -366.348
8 18 -442.943
8 19 -529.331
8 20 -625.454
8 21 -730.899
8 22 -845.069
8 23 -966.983
8 24 -1095.51
8 25 -1229.21
8 26 -1366.54
8 27 -1505.8
8 28 -1645.25
8 29 -1783.17
8 30 -1917.89
8 31 -2047.91
8 32 -2171.85
8 33 -2288.59
8 34 -2397.23
8 35 -2497.11
8 36 -2587.85
8 37 -2669.27
8 38 -2741.45
8 39 -2804.65
8 40 -2859.26
8 41 -2905.85
8 42 -2945.03
8 43 -2977.48
8 44 -3003.89
8 45 -3024.93
8 46 -3041.2
8 47 -3053.26
8 48 -3061.54
8 49 -3066.37
8 50 -3067.96
8 51 -3066.37
8 52 -3061.54
8 53 -3053.26
8 54 -3041.2
8 55 -3024.93
8 56 -3003.89
8 57 -2977.48
8 58 -2945.03
8 59 -2905.85
8 60 -2859.26
8 61 -2804.65
8 62 -2741.45
8 63 -2669.27
8 64 -2587.85
8 65 -2497.11
8 66 -2397.23
8 67 -2288.59
8 68 -2171.85
8 69 -2047.91
8 70 -1917.89
8 71 -1783.17
8 72 -1645.25
8 73 -1505.8
8 74 -1366.54
8 75 -1229.21
8 76 -1095.51
8 77 -966.983
8 78 -845.069
8 79 -730.899
8 80 -625.454
8 81 -529.331
8 82 -442.943
8 83 -366.348
8 84 -299.407
8 85 -241.713
8 86 -192.727
8 87 -151.688
8 88 -117.882
8 89 -90.3531
8 90 -68.3509
8 91 -50.9851
8 92 -37.469
8 93 -27.1679
8 94 -19.3803
8 95 -13.5554
8 96 -9.25269
8 97 -6.03799
8 98 -3.62493
8 99 -1.69757
8 100 0

9 0 0
9 1 -2.38461
9 2 -5.09021
9 3 -8.47602
9 4 -12.884
9 5 -18.7945
9 6 -26.684
9 7 -37.1926
9 8 -50.9851
9 9 -68.8456
9 10 -91.6771
9 11 -120.346
9 12 -155.85
9 13 -199.167
9 14 -251.162
9 15 -312.745
9 16 -384.481
9 17 -466.946
9 18 -560.27
9 19 -664.439
9 20 -779.033
9 21 -903.333
9 22 -1036.29
9 23 -1176.54
9 24 -1322.46
9 25 -1472.24
9 26 -1623.87
9 27 -1775.38
9 28 -1924.68
9 29 -2069.9
9 30 -2209.22
9 31 -2341.12
9 32 -2464.29
9 33 -2577.73
9 34 -2680.77
9 35 -2773
9 36 -2854.38
9 37 -2925.05
9 38 -2985.5
9 39 -3036.3
9 40 -3078.28
9 41 -3112.31
9 42 -3139.35
9 43 -3160.37
9 44 -3176.35
9 45 -3188.15
9 46 -3196.62
9 47 -3202.44
9 48 -3206.18
9 49 -3208.25
9 50 -3208.91
9 51 -3208.25
9 52 -3206.18
9 53 -3202.44
9 54 -3196.62
9 55 -3188.15
9 56 -3176.35
9 57 -3160.37
9 58 -3139.35
9 59 -3112.31
9 60 -3078.28
9 61 -3036.3
9 62 -2985.5
9 63 -2925.05
9 64 -2854.38
9 65 -2773
9 66 -2680.77
9 67 -2577.73
9 68 -2464.29
9 69 -2341.12
9 70 -2209.22
9 71 -2069.9
9 72 -1924.68
9 73 -1775.38
9 74 -1623.87
9 75 -1472.24
9 76 -1322.46
9 77 -1176.54
9 78 -1036.29
9 79 -903.333
9 80 -779.033
9 81 -664.439
9 82 -560.27
9 83 -466.946
9 84 -384.481
9 85 -312.745
9 86 -251.162
9 87 -199.167
9 88 -155.85
9 89 -120.346
9 90 -91.6771
9 91 -68.8456
9 92 -50.9851
9 93 -37.1926
9 94 -26.684
9 95 -18.7945
9 96 -12.884
9 97 -8.47602
9 98 -5.09021
9 99 -2.38461
9 100 0

10 0 0
10 1 -3.32105
10 2 -7.07881
10 3 -11.6929
10 4 -17.7038
10 5 -25.6724
10 6 -36.2749
10 7 -50.186
10 8 -68.3509
10 9 -91.6771
10 10 -121.164
10 11 -157.962
10 12 -203.073
10 13 -257.578
10 14 -322.445
10 15 -398.4
10 16 -486.094
10 17 -585.715
10 18 -697.306
10 19 -820.369
10 20 -954.165
10 21 -1097.45
10 22 -1248.72
10 23 -1406.07
10 24 -1567.41
10 25 -1730.44
10 26 -1892.8
10 27 -2052.13
10 28 -2206.21
10 29 -2352.95
10 30 -2490.6
10 31 -2617.66
10 32 -2733.04
10 33 -2836
10 34 -2926.2
10 35 -3003.64
10 36 -3068.68
10 37 -3121.94
10 38 -3164.31
10 39 -3196.85
10 40 -3220.77
10 41 -3237.34
10 42 -3247.87
10 43 -3253.65
10 44 -3255.89
10 45 -3255.72
10 46 -3254.14
10 47 -3252.01
10 48 -3249.98
10 49 -3248.58
10 50 -3248.07
10 51 -3248.58
10 52 -3249.98
10 53 -3252.01
10 54 -3254.14
10 55 -3255.72
10 56 -3255.89
10 57 -3253.65
10 58 -3247.87
10 59 -3237.34
10 60 -3220.77
10 61 -3196.85
10 62 -3164.31
10 63 -3121.94
10 64 -3068.68
10 65 -3003.64
10 66 -2926.2
10 67 -2836
10 68 -2733.04
10 69 -2617.66
10 70 -2490.6
10 71 -2352.95
10 72 -2206.21
10 73 -2052.13
10 74 -1892.8
10 75 -1730.44
10 76 -1567.41
10 77 -1406.07
10 78 -1248.72
10 79 -1097.45
10 80 -954.165
10 81 -820.369
10 82 -697.306
10 83 -585.715
10 84 -486.094
10 85 -398.4
10 86 -322.445
10 87 -257.578
10 88 -203.073
10 89 -157.962
10 90 -121.164
10 91 -91.6771
10 92 -68.3509
10 93 -50.186
10 94 -36.2749
10 95 -25.6724
10 96 -17.7038
10 97 -11.6929
10 98 -7.07881
10 99 -3.32105
10 100 0

11 0 0
11 1 -4.54588
11 2 -9.67231
11 3 -15.9549
11 4 -24.0079
11 5 -34.6241
11 6 -48.5766
11 7 -66.8283
11 8 -90.3531
11 9 -120.346
11 10 -157.962
11 11 -204.389
11 12 -260.84
11 13 -328.346
11 14 -407.867
11 15 -500.056
11 16 -605.271
11 17 -723.538
11 18 -854.347
11 19 -996.92
11 20 -1149.81
11 21 -1311.37
11 22 -1479.38
11 23 -1651.48
11 24 -1824.98
11 25 -1997.17
11 26 -2165.31
11 27 -2326.8
11 28 -2479.26
11 29 -2620.65
11 30 -2749.28
11 31 -2863.93
11 32 -2963.79
11 33 -3048.59
11 34 -3118.4
11 35 -3173.79
11 36 -3215.58
11 37 -3244.97
11 38 -3263.33
11 39 -3272.22
11 40 -3273.25
11 41 -3268.11
11 42 -3258.43
11 43 -3245.79
11 44 -3231.66
11 45 -3217.34
11 46 -3204.01
11 47 -3192.6
11 48 -3183.92
11 49 -3178.47
11 50 -3176.63
11 51 -3178.47
11 52 -3183.92
11 53 -3192.6
11 54 -3204.01
11 55 -3217.34
11 56 -3231.66
11 57 -3245.79
11 58 -3258.43
11 59 -3268.11
11 60 -3273.25
11 61 -3272.22
11 62 -3263.33
11 63 -3244.97
11 64 -3215.58
11 65 -3173.79
11 66 -3118.4
11 67 -3048.59
11 68 -2963.79
11 69 -2863.93
11 70 -2749.28
11 71 -2620.65
11 72 -2479.26
11 73 -2326.8
11 74 -2165.31
11 75 -1997.17
11 76 -1824.98
11 77 -1651.48
11 78 -1479.38
11 79 -1311.37
11 80 -1149.81
11 81 -996.92
11 82 -854.347
11 83 -723.538
11 84 -605.271
11 85 -500.056
11 86 -407.867
11 87 -328.346
11 88 -260.84
11 89 -204.389
11 90 -157.962
11 91 -120.346
11 92 -90.3531
11 93 -66.8283
11 94 -48.5766
11 95 -34.6241
11 96 -24.0079
11 97 -15.9549
11 98 -9.67231
11 99 -4.54588
11 100 0

12 0 0
12 1 -6.15963
12 2 -13.0635
12 3 -21.4442
12 4 -32.1478
12 5 -46.0551
12 6 -64.2228
12 7 -87.7407
12 8 -117.882
12 9 -155.85
12 10 -203.073
12 11 -260.84
12 12 -330.331
12 13 -412.664
12 14 -508.578
12 15 -618.566
12 16 -742.662
12 17 -880.421
12 18 -1030.93
12 19 -1192.68
12 20 -1363.76
12 21 -1541.69
12 22 -1723.8
12 23 -1906.95
12 24 -2088.09
12 25 -2263.99
12 26 -2431.7
12 27 -2588.44
12 28 -2731.87
12 29 -2860.07
12 30 -2971.65
12 31 -3065.79
12 32 -3142.17
12 33 -3201.06
12 34 -3243.15
12 35 -3269.59
12 36 -3281.86
12 37 -3281.67
12 38 -3270.98
12 39 -3251.77
12 40 -3226.14
12 41 -3196.06
12 42 -3163.53
12 43 -3130.3
12 44 -3098.07
12 45 -3068.25
12 46 -3042.14
12 47 -3020.73
12 48 -3004.87
12 49 -2995.11
12 50 -2991.83
12 51 -2995.11
12 52 -3004.87
12 53 -3020.73
12 54 -3042.14
12 55 -3068.25
12 56 -3098.07
12 57 -3130.3
12 58 -3163.53
12 59 -3196.06
12 60 -3226.14
12 61 -3251.77
12 62 -3270.98
12 63 -3281.67
12 64 -3281.86
12 65 -3269.59
12 66 -3243.15
12 67 -3201.06
12 68 -3142.17
12 69 -3065.79
12 70 -2971.65
12 71 -2860.07
12 72 -2731.87
12 73 -2588.44
12 74 -2431.7
12 75 -2263.99
12 76 -2088.09
12 77 -1906.95
12 78 -1723.8
12 79 -1541.69
12 80 -1363.76
12 81 -1192.68
12 82 -1030.93
12 83 -880.421
12 84 -742.662
12 85 -618.566
12 86 -508.578
12 87 -412.664
12 88 -330.331
12 89 -260.84
12 90 -203.073
12 91 -155.85
12 92 -117.882
12 93 -87.7407
12 94 -64.2228
12 95 -46.0551
12 96 -32.1478
12 97 -21.4442
12 98 -13.0635
12 99 -6.15963
12 100 0

13 0 0
13 1 -8.24633
13 2 -17.4068
13 3 -28.4652
13 4 -42.443
13 5 -60.491
13 6 -83.7959
13 7 -113.744
13 8 -151.688
13 9 -199.167
13 10 -257.578
13 11 -328.346
13 12 -412.664
13 13 -511.45
13 14 -625.298
13 15 -754.306
13 16 -898.099
13 17 -1055.66
13 18 -1225.43
13 19 -1405.23
13 20 -1592.36
13 21 -1783.74
13 22 -1975.86
13 23 -2165.2
13 24 -2348.06
13 25 -2521.06
13 26 -2680.98
13 27 -2825.14
13 28 -2951.33
13 29 -3058.01
13 30 -3144.25
13 31 -3209.79
13 32 -3254.98
13 33 -3280.76
13 34 -3288.54
13 35 -3280.16
13 36 -3257.72
13 37 -3223.55
13 38 -3180.1
13 39 -3129.82
13 40 -3075.14
13 41 -3018.36
13 42 -2961.63
13 43 -2906.93
13 44 -2856
13 45 -2810.35
13 46 -2771.26
13 47 -2739.8
13 48 -2716.74
13 49 -2702.69
13 50 -2697.96
13 51 -2702.69
13 52 -2716.74
13 53 -2739.8
13 54 -2771.26
13 55 -2810.35
13 56 -2856
13 57 -2906.93
13 58 -2961.63
13 59 -3018.36
13 60 -3075.14
13 61 -3129.82
13 62 -3180.1
13 63 -3223.55
13 64 -3257.72
13 65 -3280.16
13 66 -3288.54
13 67 -3280.76
13 68 -3254.98
13 69 -3209.79
13 70 -3144.25
13 71 -3058.01
13 72 -2951.33
13 73 -2825.14
13 74 -2680.98
13 75 -2521.06
13 76 -2348.06
13 77 -2165.2
13 78 -1975.86
13 79 -1783.74
13 80 -1592.36
13 81 -1405.23
13 82 -1225.43
13 83 -1055.66
13 84 -898.099
13 85 -754.306
13 86 -625.298
13 87 -511.45
13 88 -412.664
13 89 -328.346
13 90 -257.578
13 91 -199.167
13 92 -151.688
13 93 -113.744
13 94 -83.7959
13 95 -60.491
13 96 -42.443
13 97 -28.4652
13 98 -17.4068
13 99 -8.24633
13 100 0

14 0 0
14 1 -10.8645
14 2 -22.8955
14 3 -37.3019
14 4 -55.3674
14 5 -78.4036
14 6 -107.939
14 7 -145.504
14 8 -192.727
14 9 -251.162
14 10 -322.445
14 11 -407.867
14 12 -508.578
14 13 -625.298
14 14 -758.217
14 15 -907.025
14 16 -1070.69
14 17 -1247.56
14 18 -1435.27
14 19 -1630.85
14 20 -1830.84
14 21 -2031.35
14 22 -2228.3
14 23 -2417.58
14 24 -2595.24
14 25 -2757.62
14 26 -2901.66
14 27 -3024.77
14 28 -3125.27
14 29 -3202.04
14 30 -3254.92
14 31 -3284.33
14 32 -3291.48
14 33 -3278.05
14 34 -3246.28
14 35 -3198.67
14 36 -3138.01
14 37 -3067.19
14 38 -2989.07
14 39 -2906.52
14 40 -2822.18
14 41 -2738.57
14 42 -2657.92
14 43 -2582.26
14 44 -2513.32
14 45 -2452.59
14 46 -2401.28
14 47 -2360.4
14 48 -2330.66
14 49 -2312.63
14 50 -2306.57
14 51 -2312.63
14 52 -2330.66
14 53 -2360.4
14 54 -2401.28
14 55 -2452.59
14 56 -2513.32
14 57 -2582.26
14 58 -2657.92
14 59 -2738.57
14 60 -2822.18
14 61 -2906.52
14 62 -2989.07
14 63 -3067.19
14 64 -3138.01
14 65 -3198.67
14 66 -3246.28
14 67 -3278.05
14 68 -3291.48
14 69 -3284.33
14 70 -3254.92
14 71 -3202.04
14 72 -3125.27
14 73 -3024.77
14 74 -2901.66
14 75 -2757.62
14 76 -2595.24
14 77 -2417.58
14 78 -2228.3
14 79 -2031.35
14 80 -1830.84
14 81 -1630.85
14 82 -1435.27
14 83 -1247.56
14 84 -1070.69
14 85 -907.025
14 86 -758.217
14 87 -625.298
14 88 -508.578
14 89 -407.867
14 90 -322.445
14 91 -251.162
14 92 -192.727
14 93 -145.504
14 94 -107.939
14 95 -78.4036
14 96 -55.3674
14 97 -37.3019
14 98 -22.8955
14 99 -10.8645
14 100 0

15 0 0
15 1 -14.163
15 2 -29.7457
15 3 -48.269
15 4 -71.268
15 5 -100.375
15 6 -137.281
15 7 -183.815
15 8 -241.713
15 9 -312.745
15 10 -398.4
15 11 -500.056
15 12 -618.566
15 13 -754.306
15 14 -907.025
15 15 -1075.74
15 16 -1258.72
15 17 -1453.45
15 18 -1656.74
15 19 -1864.72
15 20 -2073.13
15 21 -2277.34
15 22 -2472.73
15 23 -2654.77
15 24 -2819.32
15 25 -2962.82
15 26 -3082.36
15 27 -3175.96
15 28 -3242.41
15 29 -3281.51
15 30 -3293.82
15 31 -3280.8
15 32 -3244.44
15 33 -3187.41
15 34 -3112.64
15 35 -3023.43
15 36 -2923.08
15 37 -2815.01
15 38 -2702.41
15 39 -2588.38
15 40 -2475.69
15 41 -2366.91
15 42 -2264.24
15 43 -2169.61
15 44 -2084.64
15 45 -2010.68
15 46 -1948.8
15 47 -1899.85
15 48 -1864.46
15 49 -1843.05
15 50 -1835.89
15 51 -1843.05
15 52 -1864.46
15 53 -1899.85
15 54 -1948.8
15 55 -2010.68
15 56 -2084.64
15 57 -2169.61
15 58 -2264.24
15 59 -2366.91
15 60 -2475.69
15 61 -2588.38
15 62 -2702.41
15 63 -2815.01
15 64 -2923.08
15 65 -3023.43
15 66 -3112.64
15 67 -3187.41
15 68 -3244.44
15 69 -3280.8
15 70 -3293.82
15 71 -3281.51
15 72 -3242.41
15 73 -3175.96
15 74 -3082.36
15 75 -2962.82
15 76 -2819.32
15 77 -2654.77
15 78 -2472.73
15 79 -2277.34
15 80 -2073.13
15 81 -1864.72
15 82 -1656.74
15 83 -1453.45
15 84 -1258.72
15 85 -1075.74
15 86 -907.025
15 87 -754.306
15 88 -618.566
15 89 -500.056
15 90 -398.4
15 91 -312.745
15 92 -241.713
15 93 -183.815
15 94 -137.281
15 95 -100.375
15 96 -71.268
15 97 -48.269
15 98 -29.7457
15 99 -14.163
15 100 0

16 0 0
16 1 -18.2075
16 2 -38.1698
16 3 -61.6882
16 4 -90.632
16 5 -126.891
16 6 -172.474
16 7 -229.321
16 8 -299.407
16 9 -384.481
16 10 -486.094
16 11 -605.271
16 12 -742.662
16 13 -898.099
16 14 -1070.69
16 15 -1258.72
16 16 -1459.53
16 17 -1669.74
16 18 -1885.15
16 19 -2101.05
16 20 -2312.32
16 21 -2513.75
16 22 -2700.24
16 23 -2867.08
16 24 -3010.16
16 25 -3126.2
16 26 -3212.85
16 27 -3268.79
16 28 -3293.75
16 29 -3288.44
16 30 -3254.52
16 31 -3194.36
16 32 -3111.07
16 33 -3008.06
16 34 -2889.17
16 35 -2758.19
16 36 -2619.05
16 37 -2475.36
16 38 -2330.65
16 39 -2187.96
16 40 -2050.16
16 41 -1919.59
16 42 -1798.36
16 43 -1688.11
16 44 -1590.28
16 45 -1505.92
16 46 -1435.9
16 47 -1380.85
16 48 -1341.23
16 49 -1317.33
16 50 -1309.36
16 51 -1317.33
16 52 -1341.23
16 53 -1380.85
16 54 -1435.9
16 55 -1505.92
16 56 -1590.28
16 57 -1688.11
16 58 -1798.36
16 59 -1919.59
16 60 -2050.16
16 61 -2187.96
16 62 -2330.65
16 63 -2475.36
16 64 -2619.05
16 65 -2758.19
16 66 -2889.17
16 67 -3008.06
16 68 -3111.07
16 69 -3194.36
16 70 -3254.52
16 71 -3288.44
16 72 -3293.75
16 73 -3268.79
16 74 -3212.85
16 75 -3126.2
16 76 -3010.16
16 77 -2867.08
16 78 -2700.24
16 79 -2513.75
16 80 -2312.32
16 81 -2101.05
16 82 -1885.15
16 83 -1669.74
16 84 -1459.53
16 85 -1258.72
16 86 -1070.69
16 87 -898.099
16 88 -742.662
16 89 -605.271
16 90 -486.094
16 91 -384.481
16 92 -299.407
16 93 -229.321
16 94 -172.474
16 95 -126.891
16 96 -90.632
16 97 -61.6882
16 98 -38.1698
16 99 -18.2075
16 100 0

17 0 0
17 1 -23.1268
17 2 -48.3746
17 3 -77.8986
17 4 -113.861
17 5 -158.501
17 6 -214.024
17 7 -282.64
17 8 -366.348
17 9 -466.946
17 10 -585.715
17 11 -723.538
17 12 -880.421
17 13 -1055.66
17 14 -1247.56
17 15 -1453.45
17 16 -1669.74
17 17 -1891.98
17 18 -2115.02
17 19 -2333.27
17 20 -2540.91
17 21 -2732.21
17 22 -2901.86
17 23 -3045.15
17 24 -3158.33
17 25 -3238.66
17 26 -3284.6
17 27 -3295.81
17 28 -3273.11
17 29 -3218.37
17 30 -3134.39
17 31 -3024.67
17 32 -2893.22
17 33 -2744.38
17 34 -2582.58
17 35 -2412.21
17 36 -2237.41
17 37 -2062.07
17 38 -1889.6
17 39 -1723.08
17 40 -1565.03
17 41 -1417.63
17 42 -1282.56
17 43 -1161.21
17 44 -1054.56
17 45 -963.428
17 46 -888.286
17 47 -829.577
17 48 -787.468
17 49 -762.18
17 50 -753.718
17 51 -762.18
17 52 -787.468
17 53 -829.577
17 54 -888.286
17 55 -963.428
17 56 -1054.56
17 57 -1161.21
17 58 -1282.56
17 59 -1417.63
17 60 -1565.03
17 61 -1723.08
17 62 -1889.6
17 63 -2062.07
17 64 -2237.41
17 65 -2412.21
17 66 -2582.58
17 67 -2744.38
17 68 -2893.22
17 69 -3024.67
17 70 -3134.39
17 71 -3218.37
17 72 -3273.11
17 73 -3295.81
17 74 -3284.6
17 75 -3238.66
17 76 -3158.33
17 77 -3045.15
17 78 -2901.86
17 79 -2732.21
17 80 -2540.91
17 81 -2333.27
17 82 -2115.02
17 83 -1891.98
17 84 -1669.74
17 85 -1453.45
17 86 -1247.56
17 87 -1055.66
17 88 -880.421
17 89 -723.538
17 90 -585.715
17 91 -466.946
17 92 -366.348
17 93 -282.64
17 94 -214.024
17 95 -158.501
17 96 -113.861
17 97 -77.8986
17 98 -48.3746
17 99 -23.1268
17 100 0

18 0 0
18 1 -29.0412
18 2 -60.5992
18 3 -97.1807
18 4 -141.347
18 5 -195.628
18 6 -262.497
18 7 -344.225
18 8 -442.943
18 9 -560.27
18 10 -697.306
18 11 -854.347
18 12 -1030.93
18 13 -1225.43
18 14 -1435.27
18 15 -1656.74
18 16 -1885.15
18 17 -2115.02
18 18 -2340.24
18 19 -2554.42
18 20 -2751.19
18 21 -2924.52
18 22 -3069.11
18 23 -3180.61
18 24 -3255.84
18 25 -3292.99
18 26 -3291.56
18 27 -3252.47
18 28 -3177.78
18 29 -3070.69
18 30 -2935.16
18 31 -2775.83
18 32 -2597.59
18 33 -2405.52
18 34 -2204.57
18 35 -1999.42
18 36 -1794.38
18 37 -1593.23
18 38 -1399.28
18 39 -1215.19
18 40 -1043.22
18 41 -884.99
18 42 -741.832
18 43 -614.569
18 44 -503.848
18 45 -409.955
18 46 -333.134
18 47 -273.383
18 48 -230.767
18 49 -205.19
18 50 -196.69
18 51 -205.19
18 52 -230.767
18 53 -273.383
18 54 -333.134
18 55 -409.955
18 56 -503.848
18 57 -614.569
18 58 -741.832
18 59 -884.99
18 60 -1043.22
18 61 -1215.19
18 62 -1399.28
18 63 -1593.23
18 64 -1794.38
18 65 -1999.42
18 66 -2204.57
18 67 -2405.52
18 68 -2597.59
18 69 -2775.83
18 70 -2935.16
18 71 -3070.69
18 72 -3177.78
18 73 -3252.47
18 74 -3291.56
18 75 -3292.99
18 76 -3255.84
18 77 -3180.61
18 78 -3069.11
18 79 -2924.52
18 80 -2751.19
18 81 -2554.42
18 82 -2340.24
18 83 -2115.02
18 84 -1885.15
18 85 -1656.74
18 86 -1435.27
18 87 -1225.43
18 88 -1030.93
18 89 -854.347
18 90 -697.306
18 91 -560.27
18 92 -442.943
18 93 -344.225
18 94 -262.497
18 95 -195.628
18 96 -141.347
18 97 -97.1807
18 98 -60.5992
18 99 -29.0412
18 100 0

19 0 0
19 1 -36.0245
19 2 -75.0056
19 3 -119.855
19 4 -173.459
19 5 -238.686
19 6 -318.188
19 7 -414.405
19 8 -529.331
19 9 -664.439
19 10 -820.369
19 11 -996.92
19 12 -1192.68
19 13 -1405.23
19 14 -1630.85
19 15 -1864.72
19 16 -2101.05
19 17 -2333.27
19 18 -2554.42
19 19 -2757.48
19 20 -2935.69
19 21 -3083.05
19 22 -3194.55
19 23 -3266.5
19 24 -3296.69
19 25 -3284.44
19 26 -3230.65
19 27 -3137.59
19 28 -3008.82
19 29 -2848.81
19 30 -2662.77
19 31 -2456.3
19 32 -2235.12
19 33 -2004.83
19 34 -1770.69
19 35 -1537.48
19 36 -1309.39
19 37 -1089.93
19 38 -881.989
19 39 -687.786
19 40 -508.975
19 41 -346.669
19 42 -201.568
19 43 -74.0104
19 44 35.9227
19 45 128.33
19 46 203.429
19 47 261.47
19 48 302.717
19 49 327.368
19 50 335.574
19 51 327.368
19 52 302.717
19 53 261.47
19 54 203.429
19 55 128.33
19 56 35.9227
19 57 -74.0104
19 58 -201.568
19 59 -346.669
19 60 -508.975
19 61 -687.786
19 62 -881.989
19 63 -1089.93
19 64 -1309.39
19 65 -1537.48
19 66 -1770.69
19 67 -2004.83
19 68 -2235.12
19 69 -2456.3
19 70 -2662.77
19 71 -2848.81
19 72 -3008.82
19 73 -3137.59
19 74 -3230.65
19 75 -3284.44
19 76 -3296.69
19 77 -3266.5
19 78 -3194.55
19 79 -3083.05
19 80 -2935.69
19 81 -2757.48
19 82 -2554.42
19 83 -2333.27
19 84 -2101.05
19 85 -1864.72
19 86 -1630.85
19 87 -1405.23
19 88 -1192.68
19 89 -996.92
19 90 -820.369
19 91 -664.439
19 92 -529.331
19 93 -414.405
19 94 -318.188
19 95 -238.686
19 96 -173.459
19 97 -119.855
19 98 -75.0056
19 99 -36.0245
19 100 0

20 0 0
20 1 -44.2017
20 2 -91.8017
20 3 -146.127
20 4 -210.464
20 5 -287.933
20 6 -381.39
20 7 -493.257
20 8 -625.454
20 9 -779.033
20 10 -954.165
20 11 -1149.81
20 12 -1363.76
20 13 -1592.36
20 14 -1830.84
20 15 -2073.13
20 16 -2312.32
20 17 -2540.91
20 18 -2751.19
20 19 -2935.69
20 20 -3087.61
20 21 -3201.24
20 22 -3272.23
20 23 -3297.89
20 24 -3277.26
20 25 -3211.12
20 26 -3101.93
20 27 -2953.52
20 28 -2770.91
20 29 -2559.93
20 30 -2326.87
20 31 -2078.19
20 32 -1820.18
20 33 -1558.77
20 34 -1299.24
20 35 -1046.25
20 36 -803.586
20 37 -574.315
20 38 -360.681
20 39 -164.287
20 40 13.9242
20 41 173.481
20 42 314.342
20 43 436.748
20 44 541.151
20 45 628.112
20 46 698.229
20 47 752.079
20 48 790.154
20 49 812.841
20 50 820.374
20 51 812.841
20 52 790.154
20 53 752.079
20 54 698.229
20 55 628.112
20 56 541.151
20 57 436.748
20 58 314.342
20 59 173.481
20 60 13.9242
20 61 -164.287
20 62 -360.681
20 63 -574.315
20 64 -803.586
20 65 -1046.25
20 66 -1299.24
20 67 -1558.77
20 68 -1820.18
20 69 -2078.19
20 70 -2326.87
20 71 -2559.93
20 72 -2770.91
20 73 -2953.52
20 74 -3101.93
20 75 -3211.12
20 76 -3277.26
20 77 -3297.89
20 78 -3272.23
20 79 -3201.24
20 80 -3087.61
20 81 -2935.69
20 82 -2751.19
20 83 -2540.91
20 84 -2312.32
20 85 -2073.13
20 86 -1830.84
20 87 -1592.36
20 88 -1363.76
20 89 -1149.81
20 90 -954.165
20 91 -779.033
20 92 -625.454
20 93 -493.257
20 94 -381.39
20 95 -287.933
20 96 -210.464
20 97 -146.127
20 98 -91.8017
20 99 -44.2017
20 100 0

21 0 0
21 1 -53.6245
21 2 -111.103
21 3 -176.205
21 4 -252.553
21 5 -343.547
21 6 -452.135
21 7 -580.723
21 8 -730.899
21 9 -903.333
21 10 -1097.45
21 11 -1311.37
21 12 -1541.69
21 13 -1783.74
21 14 -2031.35
21 15 -2277.34
21 16 -2513.75
21 17 -2732.21
21 18 -2924.52
21 19 -3083.05
21 20 -3201.24
21 21 -3274.04
21 22 -3298.1
21 23 -3272.09
21 24 -3196.58
21 25 -3074.06
21 26 -2908.66
21 27 -2705.86
21 28 -2472.13
21 29 -2214.49
21 30 -1940.2
21 31 -1656.32
21 32 -1369.48
21 33 -1085.61
21 34 -809.82
21 35 -546.271
21 36 -298.215
21 37 -67.9739
21 38 142.922
21 39 333.7
21 40 504.135
21 41 654.528
21 42 785.458
21 43 897.802
21 44 992.486
21 45 1070.55
21 46 1132.9
21 47 1180.45
21 48 1213.85
21 49 1233.7
21 50 1240.26
21 51 1233.7
21 52 1213.85
21 53 1180.45
21 54 1132.9
21 55 1070.55
21 56 992.486
21 57 897.802
21 58 785.458
21 59 654.528
21 60 504.135
21 61 333.7
21 62 142.922
21 63 -67.9739
21 64 -298.215
21 65 -546.271
21 66 -809.82
21 67 -1085.61
21 68 -1369.48
21 69 -1656.32
21 70 -1940.2
21 71 -2214.49
21 72 -2472.13
21 73 -2705.86
21 74 -2908.66
21 75 -3074.06
21 76 -3196.58
21 77 -3272.09
21 78 -3298.1
21 79 -3274.04
21 80 -3201.24
21 81 -3083.05
21 82 -2924.52
21 83 -2732.21
21 84 -2513.75
21 85 -2277.34
21 86 -2031.35
21 87 -1783.74
21 88 -1541.69
21 89 -1311.37
21 90 -1097.45
21 91 -903.333
21 92 -730.899
21 93 -580.723
21 94 -452.135
21 95 -343.547
21 96 -252.553
21 97 -176.205
21 98 -111.103
21 99 -53.6245
21 100 0

22 0 0
22 1 -64.3481
22 2 -133.014
22 3 -210.188
22 4 -299.839
22 5 -405.534
22 6 -530.308
22 7 -676.403
22 8 -845.069
22 9 -1036.29
22 10 -1248.72
22 11 -1479.38
22 12 -1723.8
22 13 -1975.86
22 14 -2228.3
22 15 -2472.73
22 16 -2700.24
22 17 -2901.86
22 18 -3069.11
22 19 -3194.55
22 20 -3272.23
22 21 -3298.1
22 22 -3270.22
22 23 -3188.84
22 24 -3056.38
22 25 -2877.14
22 26 -2657.03
22 27 -2403.12
22 28 -2123.22
22 29 -1825.38
22 30 -1517.54
22 31 -1207.12
22 32 -900.74
22 33 -604.09
22 34 -321.737
22 35 -57.2041
22 36 187.106
22 37 409.686
22 38 609.946
22 39 787.91
22 40 944.224
22 41 1079.85
22 42 1196.09
22 43 1294.3
22 44 1375.94
22 45 1442.37
22 46 1494.86
22 47 1534.48
22 48 1562.14
22 49 1578.47
22 50 1583.87
22 51 1578.47
22 52 1562.14
22 53 1534.48
22 54 1494.86
22 55 1442.37
22 56 1375.94
22 57 1294.3
22 58 1196.09
22 59 1079.85
22 60 944.224
22 61 787.91
22 62 609.946
22 63 409.686
22 64 187.106
22 65 -57.2041
22 66 -321.737
22 67 -604.09
22 68 -900.74
22 69 -1207.12
22 70 -1517.54
22 71 -1825.38
22 72 -2123.22
22 73 -2403.12
22 74 -2657.03
22 75 -2877.14
22 76 -3056.38
22 77 -3188.84
22 78 -3270.22
22 79 -3298.1
22 80 -3272.23
22 81 -3194.55
22 82 -3069.11
22 83 -2901.86
22 84 -2700.24
22 85 -2472.73
22 86 -2228.3
22 87 -1975.86
22 88 -1723.8
22 89 -1479.38
22 90 -1248.72
22 91 -1036.29
22 92 -845.069
22 93 -676.403
22 94 -530.308
22 95 -405.534
22 96 -299.839
22 97 -210.188
22 98 -133.014
22 99 -64.3481
22 100 0

23 0 0
23 1 -76.418
23 2 -157.582
23 3 -248.105
23 4 -352.253
23 5 -473.761
23 6 -615.601
23 7 -779.774
23 8 -966.983
23 9 -1176.54
23 10 -1406.07
23 11 -1651.48
23 12 -1906.95
23 13 -2165.2
23 14 -2417.58
23 15 -2654.77
23 16 -2867.08
23 17 -3045.15
23 18 -3180.61
23 19 -3266.5
23 20 -3297.89
23 21 -3272.09
23 22 -3188.84
23 23 -3050.33
23 24 -2860.9
23 25 -2626.79
23 26 -2355.64
23 27 -2056
23 28 -1736.83
23 29 -1406.93
23 30 -1074.64
23 31 -747.363
23 32 -431.45
23 33 -131.981
23 34 147.209
23 35 403.538
23 36 635.536
23 37 842.718
23 38 1025.4
23 39 1184.54
23 40 1321.52
23 41 1438.06
23 42 1535.97
23 43 1617.14
23 44 1683.38
23 45 1736.39
23 46 1777.62
23 47 1808.36
23 48 1829.58
23 49 1842.03
23 50 1846.13
23 51 1842.03
23 52 1829.58
23 53 1808.36
23 54 1777.62
23 55 1736.39
23 56 1683.38
23 57 1617.14
23 58 1535.97
23 59 1438.06
23 60 1321.52
23 61 1184.54
23 62 1025.4
23 63 842.718
23 64 635.536
23 65 403.538
23 66 147.209
23 67 -131.981
23 68 -431.45
23 69 -747.363
23 70 -1074.64
23 71 -1406.93
23 72 -1736.83
23 73 -2056
23 74 -2355.64
23 75 -2626.79
23 76 -2860.9
23 77 -3050.33
23 78 -3188.84
23 79 -3272.09
23 80 -3297.89
23 81 -3266.5
23 82 -3180.61
23 83 -3045.15
23 84 -2867.08
23 85 -2654.77
23 86 -2417.58
23 87 -2165.2
23 88 -1906.95
23 89 -1651.48
23 90 -1406.07
23 91 -1176.54
23 92 -966.983
23 93 -779.774
23 94 -615.601
23 95 -473.761
23 96 -352.253
23 97 -248.105
23 98 -157.582
23 99 -76.418
23 100 0

24 0 0
24 1 -89.7979
24 2 -184.774
24 3 -289.901
24 4 -409.688
24 5 -547.92
24 6 -707.478
24 7 -889.975
24 8 -1095.51
24 9 -1322.46
24 10 -1567.41
24 11 -1824.98
24 12 -2088.09
24 13 -2348.06
24 14 -2595.24
24 15 -2819.32
24 16 -3010.16
24 17 -3158.33
24 18 -3255.84
24 19 -3296.69
24 20 -3277.26
24 21 -3196.58
24 22 -3056.38
24 23 -2860.9
24 24 -2616.55
24 25 -2331.46
24 26 -2014.9
24 27 -1676.69
24 28 -1326.63
24 29 -973.997
24 30 -627.124
24 31 -293.113
24 32 22.3251
24 33 314.95
24 34 581.941
24 35 821.773
24 36 1034.08
24 37 1219.4
24 38 1379.02
24 39 1514.73
24 40 1628.69
24 41 1723.15
24 42 1800.47
24 43 1862.89
24 44 1912.52
24 45 1951.21
24 46 1980.63
24 47 2002.08
24 48 2016.66
24 49 2025.09
24 50 2027.86
24 51 2025.09
24 52 2016.66
24 53 2002.08
24 54 1980.63
24 55 1951.21
24 56 1912.52
24 57 1862.89
24 58 1800.47
24 59 1723.15
24 60 1628.69
24 61 1514.73
24 62 1379.02
24 63 1219.4
24 64 1034.08
24 65 821.773
24 66 581.941
24 67 314.95
24 68 22.3251
24 69 -293.113
24 70 -627.124
24 71 -973.997
24 72 -1326.63
24 73 -1676.69
24 74 -2014.9
24 75 -2331.46
24 76 -2616.55
24 77 -2860.9
24 78 -3056.38
24 79 -3196.58
24 80 -3277.26
24 81 -3296.69
24 82 -3255.84
24 83 -3158.33
24 84 -3010.16
24 85 -2819.32
24 86 -2595.24
24 87 -2348.06
24 88 -2088.09
24 89 -1824.98
24 90 -1567.41
24 91 -1322.46
24 92 -1095.51
24 93 -889.975
24 94 -707.478
24 95 -547.92
24 96 -409.688
24 97 -289.901
24 98 -184.774
24 99 -89.7979
24 100 0

25 0 0
25 1 -104.494
25 2 -214.529
25 3 -335.403
25 4 -471.813
25 5 -627.553
25 6 -805.243
25 7 -1006.02
25 8 -1229.21
25 9 -1472.24
25 10 -1730.44
25 11 -1997.17
25 12 -2263.99
25 13 -2521.06
25 14 -2757.62
25 15 -2962.82
25 16 -3126.2
25 17 -3238.66
25 18 -3292.99
25 19 -3284.44
25 20 -3211.12
25 21 -3074.06
25 22 -2877.14
25 23 -2626.79
25 24 -2331.46
25 25 -2001.07
25 26 -1646.31
25 27 -1277.97
25 28 -906.374
25 29 -540.876
25 30 -189.492
25 31 141.355
25 32 446.862
25 33 723.898
25 34 970.794
25 35 1187.24
25 36 1373.97
25 37 1532.6
25 38 1665.3
25 39 1774.64
25 40 1863.39
25 41 1934.32
25 42 1990.11
25 43 2033.29
25 44 2066.1
25 45 2090.53
25 46 2108.26
25 47 2120.64
25 48 2128.74
25 49 2133.3
25 50 2134.77
25 51 2133.3
25 52 2128.74
25 53 2120.64
25 54 2108.26
25 55 2090.53
25 56 2066.1
25 57 2033.29
25 58 1990.11
25 59 1934.32
25 60 1863.39
25 61 1774.64
25 62 1665.3
25 63 1532.6
25 64 1373.97
25 65 1187.24
25 66 970.794
25 67 723.898
25 68 446.862
25 69 141.355
25 70 -189.492
25 71 -540.876
25 72 -906.374
25 73 -1277.97
25 74 -1646.31
25 75 -2001.07
25 76 -2331.46
25 77 -2626.79
25 78 -2877.14
25 79 -3074.06
25 80 -3211.12
25 81 -3284.44
25 82 -3292.99
25 83 -3238.66
25 84 -3126.2
25 85 -2962.82
25 86 -2757.62
25 87 -2521.06
25 88 -2263.99
25 89 -1997.17
25 90 -1730.44
25 91 -1472.24
25 92 -1229.21
25 93 -1006.02
25 94 -805.243
25 95 -627.553
25 96 -471.813
25 97 -335.403
25 98 -214.529
25 99 -104.494
25 100 0

26 0 0
26 1 -120.406
26 2 -246.681
26 3 -384.365
26 4 -538.25
26 5 -712.032
26 6 -908.007
26 7 -1126.68
26 8 -1366.54
26 9 -1623.87
26 10 -1892.8
26 11 -2165.31
26 12 -2431.7
26 13 -2680.98
26 14 -2901.66
26 15 -3082.36
26 16 -3212.85
26 17 -3284.6
26 18 -3291.56
26 19 -3230.65
26 20 -3101.93
26 21 -2908.66
26 22 -2657.03
26 23 -2355.64
26 24 -2014.9
26 25 -1646.31
26 26 -1261.66
26 27 -872.417
26 28 -489.033
26 29 -120.566
26 30 225.665
26 31 544.195
26 32 831.411
26 33 1085.44
26 34 1305.91
26 35 1493.74
26 36 1650.79
26 37 1779.63
26 38 1883.28
26 39 1964.94
26 40 2027.86
26 41 2075.16
26 42 2109.76
26 43 2134.27
26 44 2151.02
26 45 2161.98
26 46 2168.79
26 47 2172.76
26 48 2174.91
26 49 2175.91
26 50 2176.21
26 51 2175.91
26 52 2174.91
26 53 2172.76
26 54 2168.79
26 55 2161.98
26 56 2151.02
26 57 2134.27
26 58 2109.76
26 59 2075.16
26 60 2027.86
26 61 1964.94
26 62 1883.28
26 63 1779.63
26 64 1650.79
26 65 1493.74
26 66 1305.91
26 67 1085.44
26 68 831.411
26 69 544.195
26 70 225.665
26 71 -120.566
26 72 -489.033
26 73 -872.417
26 74 -1261.66
26 75 -1646.31
26 76 -2014.9
26 77 -2355.64
26 78 -2657.03
26 79 -2908.66
26 80 -3101.93
26 81 -3230.65
26 82 -3291.56
26 83 -3284.6
26 84 -3212.85
26 85 -3082.36
26 86 -2901.66
26 87 -2680.98
26 88 -2431.7
26 89 -2165.31
26 90 -1892.8
26 91 -1623.87
26 92 -1366.54
26 93 -1126.68
26 94 -908.007
26 95 -712.032
26 96 -538.25
26 97 -384.365
26 98 -246.681
26 99 -120.406
26 100 0

27 0 0
27 1 -137.458
27 2 -281.031
27 3 -436.426
27 4 -608.45
27 5 -800.609
27 6 -1014.73
27 7 -1250.62
27 8 -1505.8
27 9 -1775.38
27 10 -2052.13
27 11 -2326.8
27 12 -2588.44
27 13 -2825.14
27 14 -3024.77
27 15 -3175.96
27 16 -3268.79
27 17 -3295.81
27 18 -3252.47
27 19 -3137.59
27 20 -2953.52
27 21 -2705.86
27 22 -2403.12
27 23 -2056
27 24 -1676.69
27 25 -1277.97
27 26 -872.417
27 27 -471.747
27 28 -86.1742
27 29 275.921
27 30 608.222
27 31 906.508
27 32 1168.52
27 33 1393.78
27 34 1583.24
27 35 1739.04
27 36 1864.08
27 37 1961.82
27 38 2035.91
27 39 2090.09
27 40 2127.91
27 41 2152.69
27 42 2167.44
27 43 2174.77
27 44 2176.94
27 45 2175.83
27 46 2172.97
27 47 2169.56
27 48 2166.5
27 49 2164.42
27 50 2163.68
27 51 2164.42
27 52 2166.5
27 53 2169.56
27 54 2172.97
27 55 2175.83
27 56 2176.94
27 57 2174.77
27 58 2167.44
27 59 2152.69
27 60 2127.91
27 61 2090.09
27 62 2035.91
27 63 1961.82
27 64 1864.08
27 65 1739.04
27 66 1583.24
27 67 1393.78
27 68 1168.52
27 69 906.508
27 70 608.222
27 71 275.921
27 72 -86.1742
27 73 -471.747
27 74 -872.417
27 75 -1277.97
27 76 -1676.69
27 77 -2056
27 78 -2403.12
27 79 -2705.86
27 80 -2953.52
27 81 -3137.59
27 82 -3252.47
27 83 -3295.81
27 84 -3268.79
27 85 -3175.96
27 86 -3024.77
27 87 -2825.14
27 88 -2588.44
27 89 -2326.8
27 90 -2052.13
27 91 -1775.38
27 92 -1505.8
27 93 -1250.62
27 94 -1014.73
27 95 -800.609
27 96 -608.45
27 97 -436.426
27 98 -281.031
27 99 -137.458
27 100 0

28 0 0
28 1 -155.514
28 2 -317.307
28 3 -491.149
28 4 -681.776
28 5 -892.401
28 6 -1124.3
28 7 -1376.42
28 8 -1645.25
28 9 -1924.68
28 10 -2206.21
28 11 -2479.26
28 12 -2731.87
28 13 -2951.33
28 14 -3125.27
28 15 -3242.41
28 16 -3293.75
28 17 -3273.11
28 18 -3177.78
28 19 -3008.82
28 20 -2770.91
28 21 -2472.13
28 22 -2123.22
28 23 -1736.83
28 24 -1326.63
28 25 -906.374
28 26 -489.033
28 27 -86.1742
28 28 292.619
28 29 639.962
