0 0 0
0 1 0
0 2 0
0 3 0
0 4 0
0 5 0
0 6 0
0 7 0
0 8 0
0 9 0
0 10 0
0 11 0
0 12 0
0 13 0
0 14 0
0 15 0
0 16 0
0 17 0
0 18 0
0 19 0
0 20 0
0 21 0
0 22 0
0 23 0
0 24 0
0 25 0
0 26 0
0 27 0
0 28 0
0 29 0
0 30 0
0 31 0
0 32 0
0 33 0
0 34 0
0 35 0
0 36 0
0 37 0
0 38 0
0 39 0
0 40 0
0 41 0
0 42 0
0 43 0
0 44 0
0 45 0
0 46 0
0 47 0
0 48 0
0 49 0
0 50 0
0 51 0
0 52 0
0 53 0
0 54 0
0 55 0
0 56 0
0 57 0
0 58 0
0 59 0
0 60 0
0 61 0
0 62 0
0 63 0
0 64 0
0 65 0
0 66 0
0 67 0
0 68 0
0 69 0
0 70 0
0 71 0
0 72 0
0 73 0
0 74 0
0 75 0
0 76 0
0 77 0
0 78 0
0 79 0
0 80 0
0 81 0
0 82 0
0 83 0
0 84 0
0 85 0
0 86 0
0 87 0
0 88 0
0 89 0
0 90 0
0 91 0
0 92 0
0 93 0
0 94 0
0 95 0
0 96 0
0 97 0
0 98 0
0 99 0
0 100 0

1 0 0
1 1 87.82
1 2 174.474
1 3 258.829
1 4 339.754
1 5 416.184
1 6 487.107
1 7 551.59
1 8 608.802
1 9 658.033
1 10 698.715
1 11 730.433
1 12 752.972
1 13 766.295
1 14 770.537
1 15 766.075
1 16 753.39
1 17 733.173
1 18 706.244
1 19 673.51
1 20 635.952
1 21 594.579
1 22 550.409
1 23 504.398
1 24 457.478
1 25 410.483
1 26 364.121
1 27 319.012
1 28 275.675
1 29 234.52
1 30 195.805
1 31 159.731
1 32 126.422
1 33 95.9026
1 34 68.1424
1 35 43.0944
1 36 20.6126
1 37 0.581465
1 38 -17.1464
1 39 -32.7414
1 40 -46.3486
1 41 -58.1412
1 42 -68.2549
1 43 -76.8429
1 44 -84.0169
1 45 -89.9022
1 46 -94.5796
1 47 -98.1421
1 48 -100.636
1 49 -102.121
1 50 -102.608
1 51 -102.121
1 52 -100.636
1 53 -98.1421
1 54 -94.5796
1 55 -89.9022
1 56 -84.0169
1 57 -76.8429
1 58 -68.2549
1 59 -58.1412
1 60 -46.3486
1 61 -32.7414
1 62 -17.1464
1 63 0.581465
1 64 20.6126
1 65 43.0944
1 66 68.1424
1 67 95.9026
1 68 126.422
1 69 159.731
1 70 195.805
1 71 234.52
1 72 275.675
1 73 319.012
1 74 364.121
1 75 410.483
1 76 457.478
1 77 504.398
1 78 550.409
1 79 594.579
1 80 635.952
1 81 673.51
1 82 706.244
1 83 733.173
1 84 753.39
1 85 766.075
1 86 770.537
1 87 766.295
1 88 752.972
1 89 730.433
1 90 698.715
1 91 658.033
1 92 608.802
1 93 551.59
1 94 487.107
1 95 416.184
1 96 339.754
1 97 258.829
1 98 174.474
1 99 87.82
1 100 0

2 0 0
2 1 174.474
2 2 346.547
2 3 513.886
2 4 674.195
2 5 825.311
2 6 965.231
2 7 1092.12
2 8 1204.39
2 9 1300.71
2 10 1380.06
2 11 1441.73
2 12 1485.38
2 13 1511
2 14 1518.96
2 15 1509.99
2 16 1485.13
2 17 1445.73
2 18 1393.39
2 19 1329.84
2 20 1256.98
2 21 1176.76
2 22 1091.14
2 23 1001.93
2 24 910.907
2 25 819.663
2 26 729.592
2 27 641.892
2 28 557.512
2 29 477.264
2 30 401.689
2 31 331.192
2 32 265.935
2 33 206.071
2 34 151.556
2 35 102.209
2 36 57.8903
2 37 18.3069
2 38 -16.7971
2 39 -47.7258
2 40 -74.7739
2 41 -98.2537
2 42 -118.43
2 43 -135.59
2 44 -149.949
2 45 -161.744
2 46 -171.132
2 47 -178.288
2 48 -183.304
2 49 -186.29
2 50 -187.271
2 51 -186.29
2 52 -183.304
2 53 -178.288
2 54 -171.132
2 55 -161.744
2 56 -149.949
2 57 -135.59
2 58 -118.43
2 59 -98.2537
2 60 -74.7739
2 61 -47.7258
2 62 -16.7971
2 63 18.3069
2 64 57.8903
2 65 102.209
2 66 151.556
2 67 206.071
2 68 265.935
2 69 331.192
2 70 401.689
2 71 477.264
2 72 557.512
2 73 641.892
2 74 729.592
2 75 819.663
2 76 910.907
2 77 1001.93
2 78 1091.14
2 79 1176.76
2 80 1256.98
2 81 1329.84
2 82 1393.39
2 83 1445.73
2 84 1485.13
2 85 1509.99
2 86 1518.96
2 87 1511
2 88 1485.38
2 89 1441.73
2 90 1380.06
2 91 1300.71
2 92 1204.39
2 93 1092.12
2 94 965.231
2 95 825.311
2 96 674.195
2 97 513.886
2 98 346.547
2 99 174.474
2 100 0

3 0 0
3 1 258.829
3 2 513.886
3 3 761.509
3 4 998.157
3 5 1220.55
3 6 1425.71
3 7 1611.01
3 8 1774.21
3 9 1913.56
3 10 2027.73
3 11 2115.95
3 12 2177.9
3 13 2213.83
3 14 2224.41
3 15 2210.88
3 16 2174.78
3 17 2118.11
3 18 2043.16
3 19 1952.44
3 20 1848.6
3 21 1734.36
3 22 1612.42
3 23 1485.36
3 24 1355.63
3 25 1225.46
3 26 1096.77
3 27 971.239
3 28 850.278
3 29 734.988
3 30 626.164
3 31 524.356
3 32 429.956
3 33 343.077
3 34 263.692
3 35 191.707
3 36 126.789
3 37 68.6645
3 38 16.9536
3 39 -28.7548
3 40 -68.8477
3 41 -103.752
3 42 -133.839
3 43 -159.487
3 44 -181.015
3 45 -198.726
3 46 -212.862
3 47 -223.643
3 48 -231.221
3 49 -235.726
3 50 -237.216
3 51 -235.726
3 52 -231.221
3 53 -223.643
3 54 -212.862
3 55 -198.726
3 56 -181.015
3 57 -159.487
3 58 -133.839
3 59 -103.752
3 60 -68.8477
3 61 -28.7548
3 62 16.9536
3 63 68.6645
3 64 126.789
3 65 191.707
3 66 263.692
3 67 343.077
3 68 429.956
3 69 524.356
3 70 626.164
3 71 734.988
3 72 850.278
3 73 971.239
3 74 1096.77
3 75 1225.46
3 76 1355.63
3 77 1485.36
3 78 1612.42
3 79 1734.36
3 80 1848.6
3 81 1952.44
3 82 2043.16
3 83 2118.11
3 84 2174.78
3 85 2210.88
3 86 2224.41
3 87 2213.83
3 88 2177.9
3 89 2115.95
3 90 2027.73
3 91 1913.56
3 92 1774.21
3 93 1611.01
3 94 1425.71
3 95 1220.55
3 96 998.157
3 97 761.509
3 98 513.886
3 99 258.829
3 100 0

4 0 0
4 1 339.754
4 2 674.195
4 3 998.157
4 4 1306.77
4 5 1595.59
4 6 1860.69
4 7 2098.74
4 8 2307.07
4 9 2483.69
4 10 2627.3
4 11 2737.26
4 12 2813.62
4 13 2857.02
4 14 2868.68
4 15 2850.32
4 16 2804.17
4 17 2732.78
4 18 2639.06
4 19 2526.1
4 20 2397.15
4 21 2255.48
4 22 2104.35
4 23 1946.86
4 24 1785.92
4 25 1624.19
4 26 1464.03
4 27 1307.48
4 28 1156.23
4 29 1011.64
4 30 874.732
4 31 746.271
4 32 626.668
4 33 516.204
4 34 414.921
4 35 322.621
4 36 239.126
4 37 164.023
4 38 96.9321
4 39 37.401
4 40 -15.0452
4 41 -60.8694
4 42 -100.526
4 43 -134.445
4 44 -163.01
4 45 -186.576
4 46 -205.436
4 47 -219.846
4 48 -229.995
4 49 -236.031
4 50 -238.031
4 51 -236.031
4 52 -229.995
4 53 -219.846
4 54 -205.436
4 55 -186.576
4 56 -163.01
4 57 -134.445
4 58 -100.526
4 59 -60.8694
4 60 -15.0452
4 61 37.401
4 62 96.9321
4 63 164.023
4 64 239.126
4 65 322.621
4 66 414.921
4 67 516.204
4 68 626.668
4 69 746.271
4 70 874.732
4 71 1011.64
4 72 1156.23
4 73 1307.48
4 74 1464.03
4 75 1624.19
4 76 1785.92
4 77 1946.86
4 78 2104.35
4 79 2255.48
4 80 2397.15
4 81 2526.1
4 82 2639.06
4 83 2732.78
4 84 2804.17
4 85 2850.32
4 86 2868.68
4 87 2857.02
4 88 2813.62
4 89 2737.26
4 90 2627.3
4 91 2483.69
4 92 2307.07
4 93 2098.74
4 94 1860.69
4 95 1595.59
4 96 1306.77
4 97 998.157
4 98 674.195
4 99 339.754
4 100 0

5 0 0
5 1 416.184
5 2 825.311
5 3 1220.55
5 4 1595.59
5 5 1944.77
5 6 2263.25
5 7 2547.16
5 8 2793.56
5 9 3000.52
5 10 3167.01
5 11 3292.94
5 12 3378.91
5 13 3426.29
5 14 3436.98
5 15 3413.41
5 16 3358.42
5 17 3275.17
5 18 3167.01
5 19 3037.53
5 20 2890.31
5 21 2728.99
5 22 2557.06
5 23 2377.93
5 24 2194.74
5 25 2010.35
5 26 1827.39
5 27 1648.05
5 28 1474.25
5 29 1307.47
5 30 1148.99
5 31 999.601
5 32 859.957
5 33 730.363
5 34 610.923
5 35 501.625
5 36 402.179
5 37 312.339
5 38 231.659
5 39 159.719
5 40 96.0373
5 41 40.1408
5 42 -8.45343
5 43 -50.1751
5 44 -85.4582
5 45 -114.649
5 46 -138.093
5 47 -156.034
5 48 -168.707
5 49 -176.24
5 50 -178.748
5 51 -176.24
5 52 -168.707
5 53 -156.034
5 54 -138.093
5 55 -114.649
5 56 -85.4582
5 57 -50.1751
5 58 -8.45343
5 59 40.1408
5 60 96.0373
5 61 159.719
5 62 231.659
5 63 312.339
5 64 402.179
5 65 501.625
5 66 610.923
5 67 730.363
5 68 859.957
5 69 999.601
5 70 1148.99
5 71 1307.47
5 72 1474.25
5 73 1648.05
5 74 1827.39
5 75 2010.35
5 76 2194.74
5 77 2377.93
5 78 2557.06
5 79 2728.99
5 80 2890.31
5 81 3037.53
5 82 3167.01
5 83 3275.17
5 84 3358.42
5 85 3413.41
5 86 3436.98
5 87 3426.29
5 88 3378.91
5 89 3292.94
5 90 3167.01
5 91 3000.52
5 92 2793.56
5 93 2547.16
5 94 2263.25
5 95 1944.77
5 96 1595.59
5 97 1220.55
5 98 825.311
5 99 416.184
5 100 0

6 0 0
6 1 487.107
6 2 965.231
6 3 1425.71
6 4 1860.69
6 5 2263.25
6 6 2627.73
6 7 2949.78
6 8 3226.46
6 9 3456.11
6 10 3638.36
6 11 3773.84
6 12 3864.13
6 13 3911.51
6 14 3918.86
6 15 3889.37
6 16 3826.61
6 17 3734.25
6 18 3616.09
6 19 3475.95
6 20 3317.64
6 21 3144.81
6 22 2961.01
6 23 2769.65
6 24 2573.87
6 25 2376.52
6 26 2180.22
6 27 1987.23
6 28 1799.5
6 29 1618.65
6 30 1445.92
6 31 1282.36
6 32 1128.65
6 33 985.217
6 34 852.306
6 35 729.925
6 36 618.011
6 37 516.268
6 38 424.409
6 39 342.041
6 40 268.725
6 41 204.049
6 42 147.544
6 43 98.8102
6 44 57.4325
6 45 23.0677
6 46 -4.61085
6 47 -25.8536
6 48 -40.881
6 49 -49.832
6 50 -52.8092
6 51 -49.832
6 52 -40.881
6 53 -25.8536
6 54 -4.61085
6 55 23.0677
6 56 57.4325
6 57 98.8102
6 58 147.544
6 59 204.049
6 60 268.725
6 61 342.041
6 62 424.409
6 63 516.268
6 64 618.011
6 65 729.925
6 66 852.306
6 67 985.217
6 68 1128.65
6 69 1282.36
6 70 1445.92
6 71 1618.65
6 72 1799.5
6 73 1987.23
6 74 2180.22
6 75 2376.52
6 76 2573.87
6 77 2769.65
6 78 2961.01
6 79 3144.81
6 80 3317.64
6 81 3475.95
6 82 3616.09
6 83 3734.25
6 84 3826.61
6 85 3889.37
6 86 3918.86
6 87 3911.51
6 88 3864.13
6 89 3773.84
6 90 3638.36
6 91 3456.11
6 92 3226.46
6 93 2949.78
6 94 2627.73
6 95 2263.25
6 96 1860.69
6 97 1425.71
6 98 965.231
6 99 487.107
6 100 0

7 0 0
7 1 551.59
7 2 1092.12
7 3 1611.01
7 4 2098.74
7 5 2547.16
7 6 2949.78
7 7 3301.97
7 8 3600.88
7 9 3845.45
7 10 4036.13
7 11 4174.69
7 12 4263.86
7 13 4307.15
7 14 4308.49
7 15 4272.08
7 16 4202.21
7 17 4103.14
7 18 3978.96
7 19 3833.65
7 20 3670.95
7 21 3494.43
7 22 3307.43
7 23 3113.1
7 24 2914.31
7 25 2713.68
7 26 2513.69
7 27 2316.42
7 28 2123.77
7 29 1937.23
7 30 1758.23
7 31 1587.73
7 32 1426.53
7 33 1275.2
7 34 1134.06
7 35 1003.3
7 36 882.905
7 37 772.819
7 38 672.764
7 39 582.517
7 40 501.721
7 41 430.043
7 42 367.102
7 43 312.556
7 44 266.041
7 45 227.268
7 46 195.931
7 47 171.823
7 48 154.728
7 49 144.537
7 50 141.141
7 51 144.537
7 52 154.728
7 53 171.823
7 54 195.931
7 55 227.268
7 56 266.041
7 57 312.556
7 58 367.102
7 59 430.043
7 60 501.721
7 61 582.517
7 62 672.764
7 63 772.819
7 64 882.905
7 65 1003.3
7 66 1134.06
7 67 1275.2
7 68 1426.53
7 69 1587.73
7 70 1758.23
7 71 1937.23
7 72 2123.77
7 73 2316.42
7 74 2513.69
7 75 2713.68
7 76 2914.31
7 77 3113.1
7 78 3307.43
7 79 3494.43
7 80 3670.95
7 81 3833.65
7 82 3978.96
7 83 4103.14
7 84 4202.21
7 85 4272.08
7 86 4308.49
7 87 4307.15
7 88 4263.86
7 89 4174.69
7 90 4036.13
7 91 3845.45
7 92 3600.88
7 93 3301.97
7 94 2949.78
7 95 2547.16
7 96 2098.74
7 97 1611.01
7 98 1092.12
7 99 551.59
7 100 0

8 0 0
8 1 608.802
8 2 1204.39
8 3 1774.21
8 4 2307.07
8 5 2793.56
8 6 3226.46
8 7 3600.88
8 8 3914.31
8 9 4166.36
8 10 4358.61
8 11 4494.07
8 12 4576.94
8 13 4612.06
8 14 4604.68
8 15 4560.06
8 16 4483.32
8 17 4379.22
8 18 4252.21
8 19 4106.24
8 20 3944.95
8 21 3771.56
8 22 3589.03
8 23 3400.02
8 24 3206.95
8 25 3012.08
8 26 2817.43
8 27 2624.83
8 28 2435.89
8 29 2252.1
8 30 2074.65
8 31 1904.59
8 32 1742.77
8 33 1589.78
8 34 1446.1
8 35 1312.04
8 36 1187.79
8 37 1073.33
8 38 968.663
8 39 873.607
8 40 787.997
8 41 711.599
8 42 644.158
8 43 585.412
8 44 535.108
8 45 492.995
8 46 458.865
8 47 432.519
8 48 413.817
8 49 402.636
8 50 398.92
8 51 402.636
8 52 413.817
8 53 432.519
8 54 458.865
8 55 492.995
8 56 535.108
8 57 585.412
8 58 644.158
8 59 711.599
8 60 787.997
8 61 873.607
8 62 968.663
8 63 1073.33
8 64 1187.79
8 65 1312.04
8 66 1446.1
8 67 1589.78
8 68 1742.77
8 69 1904.59
8 70 2074.65
8 71 2252.1
8 72 2435.89
8 73 2624.83
8 74 2817.43
8 75 3012.08
8 76 3206.95
8 77 3400.02
8 78 3589.03
8 79 3771.56
8 80 3944.95
8 81 4106.24
8 82 4252.21
8 83 4379.22
8 84 4483.32
8 85 4560.06
8 86 4604.68
8 87 4612.06
8 88 4576.94
8 89 4494.07
8 90 4358.61
8 91 4166.36
8 92 3914.31
8 93 3600.88
8 94 3226.46
8 95 2793.56
8 96 2307.07
8 97 1774.21
8 98 1204.39
8 99 608.802
8 100 0

9 0 0
9 1 658.033
9 2 1300.71
9 3 1913.56
9 4 2483.69
9 5 3000.52
9 6 3456.11
9 7 3845.45
9 8 4166.36
9 9 4419.34
9 10 4607.07
9 11 4734.08
9 12 4806.03
9 13 4829.35
9 14 4810.6
9 15 4756.28
9 16 4672.32
9 17 4564.12
9 18 4436.35
9 19 4293
9 20 4137.42
9 21 3972.46
9 22 3800.48
9 23 3623.57
9 24 3443.54
9 25 3262.05
9 26 3080.58
9 27 2900.53
9 28 2723.21
9 29 2549.76
9 30 2381.29
9 31 2218.75
9 32 2062.92
9 33 1914.52
9 34 1774.09
9 35 1642.06
9 36 1518.73
9 37 1404.33
9 38 1298.92
9 39 1202.58
9 40 1115.23
9 41 1036.81
9 42 967.202
9 43 906.256
9 44 853.833
9 45 809.776
9 46 773.945
9 47 746.217
9 48 726.488
9 49 714.683
9 50 710.752
9 51 714.683
9 52 726.488
9 53 746.217
9 54 773.945
9 55 809.776
9 56 853.833
9 57 906.256
9 58 967.202
9 59 1036.81
9 60 1115.23
9 61 1202.58
9 62 1298.92
9 63 1404.33
9 64 1518.73
9 65 1642.06
9 66 1774.09
9 67 1914.52
9 68 2062.92
9 69 2218.75
9 70 2381.29
9 71 2549.76
9 72 2723.21
9 73 2900.53
9 74 3080.58
9 75 3262.05
9 76 3443.54
9 77 3623.57
9 78 3800.48
9 79 3972.46
9 80 4137.42
9 81 4293
9 82 4436.35
9 83 4564.12
9 84 4672.32
9 85 4756.28
9 86 4810.6
9 87 4829.35
9 88 4806.03
9 89 4734.08
9 90 4607.07
9 91 4419.34
9 92 4166.36
9 93 3845.45
9 94 3456.11
9 95 3000.52
9 96 2483.69
9 97 1913.56
9 98 1300.71
9 99 658.033
9 100 0

10 0 0
10 1 698.715
10 2 1380.06
10 3 2027.73
10 4 2627.3
10 5 3167.01
10 6 3638.36
10 7 4036.13
10 8 4358.61
10 9 4607.07
10 10 4785.47
10 11 4899.72
10 12 4957.13
10 13 4965.6
10 14 4933.2
10 15 4867.56
10 16 4775.61
10 17 4663.33
10 18 4535.74
10 19 4396.75
10 20 4249.51
10 21 4096.36
10 22 3939.09
10 23 3779.09
10 24 3617.45
10 25 3455.14
10 26 3292.98
10 27 3131.89
10 28 2972.61
10 29 2816.05
10 30 2662.99
10 31 2514.21
10 32 2370.5
10 33 2232.49
10 34 2100.81
10 35 1975.97
10 36 1858.43
10 37 1748.48
10 38 1646.47
10 39 1552.5
10 40 1466.76
10 41 1389.28
10 42 1320.12
10 43 1259.24
10 44 1206.64
10 45 1162.25
10 46 1126.03
10 47 1097.92
10 48 1077.89
10 49 1065.87
10 50 1061.88
10 51 1065.87
10 52 1077.89
10 53 1097.92
10 54 1126.03
10 55 1162.25
10 56 1206.64
10 57 1259.24
10 58 1320.12
10 59 1389.28
10 60 1466.76
10 61 1552.5
10 62 1646.47
10 63 1748.48
10 64 1858.43
10 65 1975.97
10 66 2100.81
10 67 2232.49
10 68 2370.5
10 69 2514.21
10 70 2662.99
10 71 2816.05
10 72 2972.61
10 73 3131.89
10 74 3292.98
10 75 3455.14
10 76 3617.45
10 77 3779.09
10 78 3939.09
10 79 4096.36
10 80 4249.51
10 81 4396.75
10 82 4535.74
10 83 4663.33
10 84 4775.61
10 85 4867.56
10 86 4933.2
10 87 4965.6
10 88 4957.13
10 89 4899.72
10 90 4785.47
10 91 4607.07
10 92 4358.61
10 93 4036.13
10 94 3638.36
10 95 3167.01
10 96 2627.3
10 97 2027.73
10 98 1380.06
10 99 698.715
10 100 0

11 0 0
11 1 730.433
11 2 1441.73
11 3 2115.95
11 4 2737.26
11 5 3292.94
11 6 3773.84
11 7 4174.69
11 8 4494.07
11 9 4734.08
11 10 4899.72
11 11 4998.35
11 12 5038.66
11 13 5030.15
11 14 4982.23
11 15 4903.82
11 16 4802.76
11 17 4685.73
11 18 4558.03
11 19 4423.7
11 20 4285.62
11 21 4145.74
11 22 4005.21
11 23 3864.7
11 24 3724.6
11 25 3585.11
11 26 3446.4
11 27 3308.64
11 28 3172.19
11 29 3037.45
11 30 2904.86
11 31 2775
11 32 2648.47
11 33 2525.89
11 34 2407.85
11 35 2294.91
11 36 2187.6
11 37 2086.41
11 38 1991.68
11 39 1903.8
11 40 1822.99
11 41 1749.5
11 42 1683.49
11 43 1625.08
11 44 1574.36
11 45 1531.38
11 46 1496.19
11 47 1468.81
11 48 1449.24
11 49 1437.5
11 50 1433.58
11 51 1437.5
11 52 1449.24
11 53 1468.81
11 54 1496.19
11 55 1531.38
11 56 1574.36
11 57 1625.08
11 58 1683.49
11 59 1749.5
11 60 1822.99
11 61 1903.8
11 62 1991.68
11 63 2086.41
11 64 2187.6
11 65 2294.91
11 66 2407.85
11 67 2525.89
11 68 2648.47
11 69 2775
11 70 2904.86
11 71 3037.45
11 72 3172.19
11 73 3308.64
11 74 3446.4
11 75 3585.11
11 76 3724.6
11 77 3864.7
11 78 4005.21
11 79 4145.74
11 80 4285.62
11 81 4423.7
11 82 4558.03
11 83 4685.73
11 84 4802.76
11 85 4903.82
11 86 4982.23
11 87 5030.15
11 88 5038.66
11 89 4998.35
11 90 4899.72
11 91 4734.08
11 92 4494.07
11 93 4174.69
11 94 3773.84
11 95 3292.94
11 96 2737.26
11 97 2115.95
11 98 1441.73
11 99 730.433
11 100 0

12 0 0
12 1 752.972
12 2 1485.38
12 3 2177.9
12 4 2813.62
12 5 3378.91
12 6 3864.13
12 7 4263.86
12 8 4576.94
12 9 4806.03
12 10 4957.13
12 11 5038.66
12 12 5060.72
12 13 5034.09
12 14 4969.56
12 15 4877.14
12 16 4765.72
12 17 4642.63
12 18 4513.64
12 19 4382.9
12 20 4253.2
12 21 4126.09
12 22 4002.22
12 23 3881.65
12 24 3764.01
12 25 3648.77
12 26 3535.34
12 27 3423.36
12 28 3312.51
12 29 3202.68
12 30 3093.99
12 31 2986.68
12 32 2881.16
12 33 2777.88
12 34 2677.4
12 35 2580.27
12 36 2487.04
12 37 2398.24
12 38 2314.4
12 39 2235.89
12 40 2163.16
12 41 2096.52
12 42 2036.26
12 43 1982.63
12 44 1935.82
12 45 1895.98
12 46 1863.25
12 47 1837.69
12 48 1819.39
12 49 1808.39
12 50 1804.73
12 51 1808.39
12 52 1819.39
12 53 1837.69
12 54 1863.25
12 55 1895.98
12 56 1935.82
12 57 1982.63
12 58 2036.26
12 59 2096.52
12 60 2163.16
12 61 2235.89
12 62 2314.4
12 63 2398.24
12 64 2487.04
12 65 2580.27
12 66 2677.4
12 67 2777.88
12 68 2881.16
12 69 2986.68
12 70 3093.99
12 71 3202.68
12 72 3312.51
12 73 3423.36
12 74 3535.34
12 75 3648.77
12 76 3764.01
12 77 3881.65
12 78 4002.22
12 79 4126.09
12 80 4253.2
12 81 4382.9
12 82 4513.64
12 83 4642.63
12 84 4765.72
12 85 4877.14
12 86 4969.56
12 87 5034.09
12 88 5060.72
12 89 5038.66
12 90 4957.13
12 91 4806.03
12 92 4576.94
12 93 4263.86
12 94 3864.13
12 95 3378.91
12 96 2813.62
12 97 2177.9
12 98 1485.38
12 99 752.972
12 100 0

13 0 0
13 1 766.295
13 2 1511
13 3 2213.83
13 4 2857.02
13 5 3426.29
13 6 3911.51
13 7 4307.15
13 8 4612.06
13 9 4829.35
13 10 4965.6
13 11 5030.15
13 12 5034.09
13 13 4989.38
13 14 4907.89
13 15 4800.79
13 16 4677.81
13 17 4547.12
13 18 4414.92
13 19 4285.69
13 20 4162.17
13 21 4045.73
13 22 3936.65
13 23 3834.42
13 24 3738.05
13 25 3646.29
13 26 3557.99
13 27 3472.02
13 28 3387.49
13 29 3303.84
13 30 3220.67
13 31 3137.89
13 32 3055.65
13 33 2974.23
13 34 2894.01
13 35 2815.5
13 36 2739.23
13 37 2665.75
13 38 2595.56
13 39 2529.25
13 40 2467.19
13 41 2409.88
13 42 2357.65
13 43 2310.86
13 44 2269.78
13 45 2234.66
13 46 2205.66
13 47 2182.96
13 48 2166.66
13 49 2156.86
13 50 2153.58
13 51 2156.86
13 52 2166.66
13 53 2182.96
13 54 2205.66
13 55 2234.66
13 56 2269.78
13 57 2310.86
13 58 2357.65
13 59 2409.88
13 60 2467.19
13 61 2529.25
13 62 2595.56
13 63 2665.75
13 64 2739.23
13 65 2815.5
13 66 2894.01
13 67 2974.23
13 68 3055.65
13 69 3137.89
13 70 3220.67
13 71 3303.84
13 72 3387.49
13 73 3472.02
13 74 3557.99
13 75 3646.29
13 76 3738.05
13 77 3834.42
13 78 3936.65
13 79 4045.73
13 80 4162.17
13 81 4285.69
13 82 4414.92
13 83 4547.12
13 84 4677.81
13 85 4800.79
13 86 4907.89
13 87 4989.38
13 88 5034.09
13 89 5030.15
13 90 4965.6
13 91 4829.35
13 92 4612.06
13 93 4307.15
13 94 3911.51
13 95 3426.29
13 96 2857.02
13 97 2213.83
13 98 1511
13 99 766.295
13 100 0

14 0 0
14 1 770.537
14 2 1518.96
14 3 2224.41
14 4 2868.68
14 5 3436.98
14 6 3918.86
14 7 4308.49
14 8 4604.68
14 9 4810.6
14 10 4933.2
14 11 4982.23
14 12 4969.56
14 13 4907.89
14 14 4810.08
14 15 4688.16
14 16 4552.84
14 17 4412.93
14 18 4275.3
14 19 4144.77
14 20 4024.3
14 21 3915.21
14 22 3817.57
14 23 3730.45
14 24 3652.36
14 25 3581.55
14 26 3516.21
14 27 3454.59
14 28 3395.28
14 29 3337.12
14 30 3279.31
14 31 3221.39
14 32 3163.12
14 33 3104.58
14 34 3045.97
14 35 2987.66
14 36 2930.08
14 37 2873.76
14 38 2819.24
14 39 2767
14 40 2717.59
14 41 2671.44
14 42 2629.01
14 43 2590.68
14 44 2556.8
14 45 2527.64
14 46 2503.47
14 47 2484.46
14 48 2470.79
14 49 2462.53
14 50 2459.78
14 51 2462.53
14 52 2470.79
14 53 2484.46
14 54 2503.47
14 55 2527.64
14 56 2556.8
14 57 2590.68
14 58 2629.01
14 59 2671.44
14 60 2717.59
14 61 2767
14 62 2819.24
14 63 2873.76
14 64 2930.08
14 65 2987.66
14 66 3045.97
14 67 3104.58
14 68 3163.12
14 69 3221.39
14 70 3279.31
14 71 3337.12
14 72 3395.28
14 73 3454.59
14 74 3516.21
14 75 3581.55
14 76 3652.36
14 77 3730.45
14 78 3817.57
14 79 3915.21
14 80 4024.3
14 81 4144.77
14 82 4275.3
14 83 4412.93
14 84 4552.84
14 85 4688.16
14 86 4810.08
14 87 4907.89
14 88 4969.56
14 89 4982.23
14 90 4933.2
14 91 4810.6
14 92 4604.68
14 93 4308.49
14 94 3918.86
14 95 3436.98
14 96 2868.68
14 97 2224.41
14 98 1518.96
14 99 770.537
14 100 0

15 0 0
15 1 766.075
15 2 1509.99
15 3 2210.88
15 4 2850.32
15 5 3413.41
15 6 3889.37
15 7 4272.08
15 8 4560.06
15 9 4756.28
15 10 4867.56
15 11 4903.82
15 12 4877.14
15 13 4800.79
15 14 4688.16
15 15 4552.12
15 16 4404.06
15 17 4253.61
15 18 4108.28
15 19 3973.45
15 20 3852.37
15 21 3746.53
15 22 3655.97
15 23 3579.57
15 24 3515.54
15 25 3461.64
15 26 3415.54
15 27 3375.06
15 28 3338.15
15 29 3303.22
15 30 3269
15 31 3234.6
15 32 3199.47
15 33 3163.38
15 34 3126.3
15 35 3088.44
15 36 3050.09
15 37 3011.69
15 38 2973.67
15 39 2936.59
15 40 2900.86
15 41 2867.02
15 42 2835.48
15 43 2806.67
15 44 2780.95
15 45 2758.65
15 46 2740.03
15 47 2725.32
15 48 2714.69
15 49 2708.26
15 50 2706.11
15 51 2708.26
15 52 2714.69
15 53 2725.32
15 54 2740.03
15 55 2758.65
15 56 2780.95
15 57 2806.67
15 58 2835.48
15 59 2867.02
15 60 2900.86
15 61 2936.59
15 62 2973.67
15 63 3011.69
15 64 3050.09
15 65 3088.44
15 66 3126.3
15 67 3163.38
15 68 3199.47
15 69 3234.6
15 70 3269
15 71 3303.22
15 72 3338.15
15 73 3375.06
15 74 3415.54
15 75 3461.64
15 76 3515.54
15 77 3579.57
15 78 3655.97
15 79 3746.53
15 80 3852.37
15 81 3973.45
15 82 4108.28
15 83 4253.61
15 84 4404.06
15 85 4552.12
15 86 4688.16
15 87 4800.79
15 88 4877.14
15 89 4903.82
15 90 4867.56
15 91 4756.28
15 92 4560.06
15 93 4272.08
15 94 3889.37
15 95 3413.41
15 96 2850.32
15 97 2210.88
15 98 1509.99
15 99 766.075
15 100 0

16 0 0
16 1 753.39
16 2 1485.13
16 3 2174.78
16 4 2804.17
16 5 3358.42
16 6 3826.61
16 7 4202.21
16 8 4483.32
16 9 4672.32
16 10 4775.61
16 11 4802.76
16 12 4765.72
16 13 4677.81
16 14 4552.84
16 15 4404.06
16 16 4243.6
16 17 4081.78
16 18 3926.84
16 19 3784.74
16 20 3659.3
16 21 3552.34
16 22 3464.05
16 23 3393.36
16 24 3338.24
16 25 3296.25
16 26 3264.7
16 27 3240.86
16 28 3222.34
16 29 3207.05
16 30 3193.29
16 31 3179.76
16 32 3165.56
16 33 3150.15
16 34 3133.26
16 35 3114.83
16 36 3095.04
16 37 3074.14
16 38 3052.53
16 39 3030.57
16 40 3008.78
16 41 2987.51
16 42 2967.25
16 43 2948.36
16 44 2931.23
16 45 2916.18
16 46 2903.48
16 47 2893.36
16 48 2886.01
16 49 2881.54
16 50 2880.05
16 51 2881.54
16 52 2886.01
16 53 2893.36
16 54 2903.48
16 55 2916.18
16 56 2931.23
16 57 2948.36
16 58 2967.25
16 59 2987.51
16 60 3008.78
16 61 3030.57
16 62 3052.53
16 63 3074.14
16 64 3095.04
16 65 3114.83
16 66 3133.26
16 67 3150.15
16 68 3165.56
16 69 3179.76
16 70 3193.29
16 71 3207.05
16 72 3222.34
16 73 3240.86
16 74 3264.7
16 75 3296.25
16 76 3338.24
16 77 3393.36
16 78 3464.05
16 79 3552.34
16 80 3659.3
16 81 3784.74
16 82 3926.84
16 83 4081.78
16 84 4243.6
16 85 4404.06
16 86 4552.84
16 87 4677.81
16 88 4765.72
16 89 4802.76
16 90 4775.61
16 91 4672.32
16 92 4483.32
16 93 4202.21
16 94 3826.61
16 95 3358.42
16 96 2804.17
16 97 2174.78
16 98 1485.13
16 99 753.39
16 100 0

17 0 0
17 1 733.173
17 2 1445.73
17 3 2118.11
17 4 2732.78
17 5 3275.17
17 6 3734.25
17 7 4103.14
17 8 4379.22
17 9 4564.12
17 10 4663.33
17 11 4685.73
17 12 4642.63
17 13 4547.12
17 14 4412.93
17 15 4253.61
17 16 4081.78
17 17 3908.43
17 18 3742.47
17 19 3590.64
17 20 3457.39
17 21 3345.09
17 22 3254.28
17 23 3184.05
17 24 3132.48
17 25 3096.98
17 26 3074.55
17 27 3062.25
17 28 3057.28
17 29 3057.12
17 30 3059.72
17 31 3063.38
17 32 3066.86
17 33 3069.27
17 34 3070.09
17 35 3069.04
17 36 3066.07
17 37 3061.27
17 38 3054.89
17 39 3047.25
17 40 3038.64
17 41 3029.5
17 42 3020.14
17 43 3010.97
17 44 3002.28
17 45 2994.41
17 46 2987.59
17 47 2982.07
17 48 2977.99
17 49 2975.51
17 50 2974.66
17 51 2975.51
17 52 2977.99
17 53 2982.07
17 54 2987.59
17 55 2994.41
17 56 3002.28
17 57 3010.97
17 58 3020.14
17 59 3029.5
17 60 3038.64
17 61 3047.25
17 62 3054.89
17 63 3061.27
17 64 3066.07
17 65 3069.04
17 66 3070.09
17 67 3069.27
17 68 3066.86
17 69 3063.38
17 70 3059.72
17 71 3057.12
17 72 3057.28
17 73 3062.25
17 74 3074.55
17 75 3096.98
17 76 3132.48
17 77 3184.05
17 78 3254.28
17 79 3345.09
17 80 3457.39
17 81 3590.64
17 82 3742.47
17 83 3908.43
17 84 4081.78
17 85 4253.61
17 86 4412.93
17 87 4547.12
17 88 4642.63
17 89 4685.73
17 90 4663.33
17 91 4564.12
17 92 4379.22
17 93 4103.14
17 94 3734.25
17 95 3275.17
17 96 2732.78
17 97 2118.11
17 98 1445.73
17 99 733.173
17 100 0

18 0 0
18 1 706.244
18 2 1393.39
18 3 2043.16
18 4 2639.06
18 5 3167.01
18 6 3616.09
18 7 3978.96
18 8 4252.21
18 9 4436.35
18 10 4535.74
18 11 4558.03
18 12 4513.64
18 13 4414.92
18 14 4275.3
18 15 4108.28
18 16 3926.84
18 17 3742.47
18 18 3564.84
18 19 3401.48
18 20 3257.61
18 21 3136.28
18 22 3038.51
18 23 2963.87
18 24 2910.62
18 25 2876.11
18 26 2857.39
18 27 2851.23
18 28 2854.58
18 29 2864.61
18 30 2878.9
18 31 2895.42
18 32 2912.58
18 33 2929.22
18 34 2944.51
18 35 2957.93
18 36 2969.21
18 37 2978.29
18 38 2985.22
18 39 2990.17
18 40 2993.41
18 41 2995.16
18 42 2995.75
18 43 2995.47
18 44 2994.58
18 45 2993.37
18 46 2992.05
18 47 2990.82
18 48 2989.83
18 49 2989.19
18 50 2988.97
18 51 2989.19
18 52 2989.83
18 53 2990.82
18 54 2992.05
18 55 2993.37
18 56 2994.58
18 57 2995.47
18 58 2995.75
18 59 2995.16
18 60 2993.41
18 61 2990.17
18 62 2985.22
18 63 2978.29
18 64 2969.21
18 65 2957.93
18 66 2944.51
18 67 2929.22
18 68 2912.58
18 69 2895.42
18 70 2878.9
18 71 2864.61
18 72 2854.58
18 73 2851.23
18 74 2857.39
18 75 2876.11
18 76 2910.62
18 77 2963.87
18 78 3038.51
18 79 3136.28
18 80 3257.61
18 81 3401.48
18 82 3564.84
18 83 3742.47
18 84 3926.84
18 85 4108.28
18 86 4275.3
18 87 4414.92
18 88 4513.64
18 89 4558.03
18 90 4535.74
18 91 4436.35
18 92 4252.21
18 93 3978.96
18 94 3616.09
18 95 3167.01
18 96 2639.06
18 97 2043.16
18 98 1393.39
18 99 706.244
18 100 0

19 0 0
19 1 673.51
19 2 1329.84
19 3 1952.44
19 4 2526.1
19 5 3037.53
19 6 3475.95
19 7 3833.65
19 8 4106.24
19 9 4293
19 10 4396.75
19 11 4423.7
19 12 4382.9
19 13 4285.69
19 14 4144.77
19 15 3973.45
19 16 3784.74
19 17 3590.64
19 18 3401.48
19 19 3225.61
19 20 3069.09
19 21 2935.73
19 22 2827.37
19 23 2744.06
19 24 2684.33
19 25 2645.86
19 26 2625.66
19 27 2620.46
19 28 2627
19 29 2642.21
19 30 2663.37
19 31 2688.18
19 32 2714.74
19 33 2741.57
19 34 2767.61
19 35 2792.1
19 36 2814.54
19 37 2834.67
19 38 2852.39
19 39 2867.73
19 40 2880.78
19 41 2891.75
19 42 2900.77
19 43 2908.12
19 44 2913.96
19 45 2918.54
19 46 2922.01
19 47 2924.55
19 48 2926.26
19 49 2927.26
19 50 2927.58
19 51 2927.26
19 52 2926.26
19 53 2924.55
19 54 2922.01
19 55 2918.54
19 56 2913.96
19 57 2908.12
19 58 2900.77
19 59 2891.75
19 60 2880.78
19 61 2867.73
19 62 2852.39
19 63 2834.67
19 64 2814.54
19 65 2792.1
19 66 2767.61
19 67 2741.57
19 68 2714.74
19 69 2688.18
19 70 2663.37
19 71 2642.21
19 72 2627
19 73 2620.46
19 74 2625.66
19 75 2645.86
19 76 2684.33
19 77 2744.06
19 78 2827.37
19 79 2935.73
19 80 3069.09
19 81 3225.61
19 82 3401.48
19 83 3590.64
19 84 3784.74
19 85 3973.45
19 86 4144.77
19 87 4285.69
19 88 4382.9
19 89 4423.7
19 90 4396.75
19 91 4293
19 92 4106.24
19 93 3833.65
19 94 3475.95
19 95 3037.53
19 96 2526.1
19 97 1952.44
19 98 1329.84
19 99 673.51
19 100 0

20 0 0
20 1 635.952
20 2 1256.98
20 3 1848.6
20 4 2397.15
20 5 2890.31
20 6 3317.64
20 7 3670.95
20 8 3944.95
20 9 4137.42
20 10 4249.51
20 11 4285.62
20 12 4253.2
20 13 4162.17
20 14 4024.3
20 15 3852.37
20 16 3659.3
20 17 3457.39
20 18 3257.61
20 19 3069.09
20 20 2898.77
20 21 2751.44
20 22 2629.72
20 23 2534.22
20 24 2464.13
20 25 2417.38
20 26 2391.16
20 27 2382.23
20 28 2387.23
20 29 2402.93
20 30 2426.38
20 31 2455.01
20 32 2486.67
20 33 2519.65
20 34 2552.6
20 35 2584.54
20 36 2614.8
20 37 2642.9
20 38 2668.58
20 39 2691.72
20 40 2712.32
20 41 2730.38
20 42 2746.07
20 43 2759.44
20 44 2770.68
20 45 2779.91
20 46 2787.27
20 47 2792.86
20 48 2796.8
20 49 2799.12
20 50 2799.9
20 51 2799.12
20 52 2796.8
20 53 2792.86
20 54 2787.27
20 55 2779.91
20 56 2770.68
20 57 2759.44
20 58 2746.07
20 59 2730.38
20 60 2712.32
20 61 2691.72
20 62 2668.58
20 63 2642.9
20 64 2614.8
20 65 2584.54
20 66 2552.6
20 67 2519.65
20 68 2486.67
20 69 2455.01
20 70 2426.38
20 71 2402.93
20 72 2387.23
20 73 2382.23
20 74 2391.16
20 75 2417.38
20 76 2464.13
20 77 2534.22
20 78 2629.72
20 79 2751.44
20 80 2898.77
20 81 3069.09
20 82 3257.61
20 83 3457.39
20 84 3659.3
20 85 3852.37
20 86 4024.3
20 87 4162.17
20 88 4253.2
20 89 4285.62
20 90 4249.51
20 91 4137.42
20 92 3944.95
20 93 3670.95
20 94 3317.64
20 95 2890.31
20 96 2397.15
20 97 1848.6
20 98 1256.98
20 99 635.952
20 100 0

21 0 0
21 1 594.579
21 2 1176.76
21 3 1734.36
21 4 2255.48
21 5 2728.99
21 6 3144.81
21 7 3494.43
21 8 3771.56
21 9 3972.46
21 10 4096.36
21 11 4145.74
21 12 4126.09
21 13 4045.73
21 14 3915.21
21 15 3746.53
21 16 3552.34
21 17 3345.09
21 18 3136.28
21 19 2935.73
21 20 2751.44
21 21 2589.1
21 22 2452.12
21 23 2342.04
21 24 2258.58
21 25 2200.16
21 26 2164.2
21 27 2147.63
21 28 2147.03
21 29 2159.11
21 30 2180.74
21 31 2209.16
21 32 2241.99
21 33 2277.27
21 34 2313.47
21 35 2349.39
21 36 2384.15
21 37 2417.11
21 38 2447.88
21 39 2476.17
21 40 2501.85
21 41 2524.87
21 42 2545.19
21 43 2562.9
21 44 2578.03
21 45 2590.66
21 46 2600.88
21 47 2608.74
21 48 2614.31
21 49 2617.64
21 50 2618.74
21 51 2617.64
21 52 2614.31
21 53 2608.74
21 54 2600.88
21 55 2590.66
21 56 2578.03
21 57 2562.9
21 58 2545.19
21 59 2524.87
21 60 2501.85
21 61 2476.17
21 62 2447.88
21 63 2417.11
21 64 2384.15
21 65 2349.39
21 66 2313.47
21 67 2277.27
21 68 2241.99
21 69 2209.16
21 70 2180.74
21 71 2159.11
21 72 2147.03
21 73 2147.63
21 74 2164.2
21 75 2200.16
21 76 2258.58
21 77 2342.04
21 78 2452.12
21 79 2589.1
21 80 2751.44
21 81 2935.73
21 82 3136.28
21 83 3345.09
21 84 3552.34
21 85 3746.53
21 86 3915.21
21 87 4045.73
21 88 4126.09
21 89 4145.74
21 90 4096.36
21 91 3972.46
21 92 3771.56
21 93 3494.43
21 94 3144.81
21 95 2728.99
21 96 2255.48
21 97 1734.36
21 98 1176.76
21 99 594.579
21 100 0

22 0 0
22 1 550.409
22 2 1091.14
22 3 1612.42
22 4 2104.35
22 5 2557.06
22 6 2961.01
22 7 3307.43
22 8 3589.03
22 9 3800.48
22 10 3939.09
22 11 4005.21
22 12 4002.22
22 13 3936.65
22 14 3817.57
22 15 3655.97
22 16 3464.05
22 17 3254.28
22 18 3038.51
22 19 2827.37
22 20 2629.72
22 21 2452.12
22 22 2299.08
22 23 2172.93
22 24 2074.12
22 25 2001.58
22 26 1953.11
22 27 1925.83
22 28 1916.44
22 29 1921.56
22 30 1937.97
22 31 1962.75
22 32 1993.35
22 33 2027.6
22 34 2063.78
22 35 2100.51
22 36 2136.76
22 37 2171.72
22 38 2204.86
22 39 2235.76
22 40 2264.21
22 41 2289.99
22 42 2313.08
22 43 2333.37
22 44 2350.9
22 45 2365.66
22 46 2377.7
22 47 2387.01
22 48 2393.65
22 49 2397.62
22 50 2398.95
22 51 2397.62
22 52 2393.65
22 53 2387.01
22 54 2377.7
22 55 2365.66
22 56 2350.9
22 57 2333.37
22 58 2313.08
22 59 2289.99
22 60 2264.21
22 61 2235.76
22 62 2204.86
22 63 2171.72
22 64 2136.76
22 65 2100.51
22 66 2063.78
22 67 2027.6
22 68 1993.35
22 69 1962.75
22 70 1937.97
22 71 1921.56
22 72 1916.44
22 73 1925.83
22 74 1953.11
22 75 2001.58
22 76 2074.12
22 77 2172.93
22 78 2299.08
22 79 2452.12
22 80 2629.72
22 81 2827.37
22 82 3038.51
22 83 3254.28
22 84 3464.05
22 85 3655.97
22 86 3817.57
22 87 3936.65
22 88 4002.22
22 89 4005.21
22 90 3939.09
22 91 3800.48
22 92 3589.03
22 93 3307.43
22 94 2961.01
22 95 2557.06
22 96 2104.35
22 97 1612.42
22 98 1091.14
22 99 550.409
22 100 0

23 0 0
23 1 504.398
23 2 1001.93
23 3 1485.36
23 4 1946.86
23 5 2377.93
23 6 2769.65
23 7 3113.1
23 8 3400.02
23 9 3623.57
23 10 3779.09
23 11 3864.7
23 12 3881.65
23 13 3834.42
23 14 3730.45
23 15 3579.57
23 16 3393.36
23 17 3184.05
23 18 2963.87
23 19 2744.06
23 20 2534.22
23 21 2342.04
23 22 2172.93
23 23 2030.14
23 24 1914.88
23 25 1826.73
23 26 1763.92
23 27 1723.82
23 28 1703.28
23 29 1698.94
23 30 1707.53
23 31 1726
23 32 1751.65
23 33 1782.16
23 34 1815.65
23 35 1850.57
23 36 1885.73
23 37 1920.22
23 38 1953.36
23 39 1984.66
23 40 2013.75
23 41 2040.43
23 42 2064.46
23 43 2085.81
23 44 2104.34
23 45 2120.06
23 46 2132.92
23 47 2142.94
23 48 2150.08
23 49 2154.38
23 50 2155.8
23 51 2154.38
23 52 2150.08
23 53 2142.94
23 54 2132.92
23 55 2120.06
23 56 2104.34
23 57 2085.81
23 58 2064.46
23 59 2040.43
23 60 2013.75
23 61 1984.66
23 62 1953.36
23 63 1920.22
23 64 1885.73
23 65 1850.57
23 66 1815.65
23 67 1782.16
23 68 1751.65
23 69 1726
23 70 1707.53
23 71 1698.94
23 72 1703.28
23 73 1723.82
23 74 1763.92
23 75 1826.73
23 76 1914.88
23 77 2030.14
23 78 2172.93
23 79 2342.04
23 80 2534.22
23 81 2744.06
23 82 2963.87
23 83 3184.05
23 84 3393.36
23 85 3579.57
23 86 3730.45
23 87 3834.42
23 88 3881.65
23 89 3864.7
23 90 3779.09
23 91 3623.57
23 92 3400.02
23 93 3113.1
23 94 2769.65
23 95 2377.93
23 96 1946.86
23 97 1485.36
23 98 1001.93
23 99 504.398
23 100 0

24 0 0
24 1 457.478
24 2 910.907
24 3 1355.63
24 4 1785.92
24 5 2194.74
24 6 2573.87
24 7 2914.31
24 8 3206.95
24 9 3443.54
24 10 3617.45
24 11 3724.6
24 12 3764.01
24 13 3738.05
24 14 3652.36
24 15 3515.54
24 16 3338.24
24 17 3132.48
24 18 2910.62
24 19 2684.33
24 20 2464.13
24 21 2258.58
24 22 2074.12
24 23 1914.88
24 24 1782.96
24 25 1678.55
24 26 1600.4
24 27 1546.22
24 28 1513.04
24 29 1497.59
24 30 1496.54
24 31 1506.8
24 32 1525.53
24 33 1550.3
24 34 1579.03
24 35 1610.1
24 36 1642.18
24 37 1674.23
24 38 1705.47
24 39 1735.34
24 40 1763.39
24 41 1789.29
24 42 1812.86
24 43 1833.88
24 44 1852.27
24 45 1867.91
24 46 1880.78
24 47 1890.82
24 48 1898.02
24 49 1902.33
24 50 1903.78
24 51 1902.33
24 52 1898.02
24 53 1890.82
24 54 1880.78
24 55 1867.91
24 56 1852.27
24 57 1833.88
24 58 1812.86
24 59 1789.29
24 60 1763.39
24 61 1735.34
24 62 1705.47
24 63 1674.23
24 64 1642.18
24 65 1610.1
24 66 1579.03
24 67 1550.3
24 68 1525.53
24 69 1506.8
24 70 1496.54
24 71 1497.59
24 72 1513.04
24 73 1546.22
24 74 1600.4
24 75 1678.55
24 76 1782.96
24 77 1914.88
24 78 2074.12
24 79 2258.58
24 80 2464.13
24 81 2684.33
24 82 2910.62
24 83 3132.48
24 84 3338.24
24 85 3515.54
24 86 3652.36
24 87 3738.05
24 88 3764.01
24 89 3724.6
24 90 3617.45
24 91 3443.54
24 92 3206.95
24 93 2914.31
24 94 2573.87
24 95 2194.74
24 96 1785.92
24 97 1355.63
24 98 910.907
24 99 457.478
24 100 0

25 0 0
25 1 410.483
25 2 819.663
25 3 1225.46
25 4 1624.19
25 5 2010.35
25 6 2376.52
25 7 2713.68
25 8 3012.08
25 9 3262.05
25 10 3455.14
25 11 3585.11
25 12 3648.77
25 13 3646.29
25 14 3581.55
25 15 3461.64
25 16 3296.25
25 17 3096.98
25 18 2876.11
25 19 2645.86
25 20 2417.38
25 21 2200.16
25 22 2001.58
25 23 1826.73
25 24 1678.55
25 25 1557.95
25 26 1464.22
25 27 1395.44
25 28 1348.89
25 29 1321.4
25 30 1309.68
25 31 1310.55
25 32 1321.09
25 33 1338.77
25 34 1361.4
25 35 1387.2
25 36 1414.76
25 37 1442.96
25 38 1470.93
25 39 1498
25 40 1523.69
25 41 1547.65
25 42 1569.55
25 43 1589.25
25 44 1606.54
25 45 1621.33
25 46 1633.53
25 47 1643.07
25 48 1649.92
25 49 1654.04
25 50 1655.42
25 51 1654.04
25 52 1649.92
25 53 1643.07
25 54 1633.53
25 55 1621.33
25 56 1606.54
25 57 1589.25
25 58 1569.55
25 59 1547.65
25 60 1523.69
25 61 1498
25 62 1470.93
25 63 1442.96
25 64 1414.76
25 65 1387.2
25 66 1361.4
25 67 1338.77
25 68 1321.09
25 69 1310.55
25 70 1309.68
25 71 1321.4
25 72 1348.89
25 73 1395.44
25 74 1464.22
25 75 1557.95
25 76 1678.55
25 77 1826.73
25 78 2001.58
25 79 2200.16
25 80 2417.38
25 81 2645.86
25 82 2876.11
25 83 3096.98
25 84 3296.25
25 85 3461.64
25 86 3581.55
25 87 3646.29
25 88 3648.77
25 89 3585.11
25 90 3455.14
25 91 3262.05
25 92 3012.08
25 93 2713.68
25 94 2376.52
25 95 2010.35
25 96 1624.19
25 97 1225.46
25 98 819.663
25 99 410.483
25 100 0

26 0 0
26 1 364.121
26 2 729.592
26 3 1096.77
26 4 1464.03
26 5 1827.39
26 6 2180.22
26 7 2513.69
26 8 2817.43
26 9 3080.58
26 10 3292.98
26 11 3446.4
26 12 3535.34
26 13 3557.99
26 14 3516.21
26 15 3415.54
26 16 3264.7
26 17 3074.55
26 18 2857.39
26 19 2625.66
26 20 2391.16
26 21 2164.2
26 22 1953.11
26 23 1763.92
26 24 1600.4
26 25 1464.22
26 26 1355.23
26 27 1271.96
26 28 1211.93
26 29 1172.13
26 30 1149.3
26 31 1140.25
26 32 1141.98
26 33 1151.85
26 34 1167.58
26 35 1187.31
26 36 1209.5
26 37 1232.95
26 38 1256.74
26 39 1280.14
26 40 1302.62
26 41 1323.75
26 42 1343.27
26 43 1360.87
26 44 1376.44
26 45 1389.78
26 46 1400.84
26 47 1409.5
26 48 1415.73
26 49 1419.48
26 50 1420.74
26 51 1419.48
26 52 1415.73
26 53 1409.5
26 54 1400.84
26 55 1389.78
26 56 1376.44
26 57 1360.87
26 58 1343.27
26 59 1323.75
26 60 1302.62
26 61 1280.14
26 62 1256.74
26 63 1232.95
26 64 1209.5
26 65 1187.31
26 66 1167.58
26 67 1151.85
26 68 1141.98
26 69 1140.25
26 70 1149.3
26 71 1172.13
26 72 1211.93
26 73 1271.96
26 74 1355.23
26 75 1464.22
26 76 1600.4
26 77 1763.92
26 78 1953.11
26 79 2164.2
26 80 2391.16
26 81 2625.66
26 82 2857.39
26 83 3074.55
26 84 3264.7
26 85 3415.54
26 86 3516.21
26 87 3557.99
26 88 3535.34
26 89 3446.4
26 90 3292.98
26 91 3080.58
26 92 2817.43
26 93 2513.69
26 94 2180.22
26 95 1827.39
26 96 1464.03
26 97 1096.77
26 98 729.592
26 99 364.121
26 100 0

27 0 0
27 1 319.012
27 2 641.892
27 3 971.239
27 4 1307.48
27 5 1648.05
27 6 1987.23
27 7 2316.42
27 8 2624.83
27 9 2900.53
27 10 3131.89
27 11 3308.64
27 12 3423.36
27 13 3472.02
27 14 3454.59
27 15 3375.06
27 16 3240.86
27 17 3062.25
27 18 2851.23
27 19 2620.46
27 20 2382.23
27 21 2147.63
27 22 1925.83
27 23 1723.82
27 24 1546.22
27 25 1395.44
27 26 1271.96
27 27 1174.72
27 28 1101.58
27 29 1049.67
27 30 1015.83
27 31 996.813
27 32 989.614
27 33 991.484
27 34 1000.06
27 35 1013.36
27 36 1029.8
27 37 1048.1
27 38 1067.27
27 39 1086.53
27 40 1105.33
27 41 1123.21
27 42 1139.83
27 43 1154.97
27 44 1168.37
27 45 1179.95
27 46 1189.55
27 47 1197.11
27 48 1202.54
27 49 1205.82
27 50 1206.92
27 51 1205.82
27 52 1202.54
27 53 1197.11
27 54 1189.55
27 55 1179.95
27 56 1168.37
27 57 1154.97
27 58 1139.83
27 59 1123.21
27 60 1105.33
27 61 1086.53
27 62 1067.27
27 63 1048.1
27 64 1029.8
27 65 1013.36
27 66 1000.06
27 67 991.484
27 68 989.614
27 69 996.813
27 70 1015.83
27 71 1049.67
27 72 1101.58
27 73 1174.72
27 74 1271.96
27 75 1395.44
27 76 1546.22
27 77 1723.82
27 78 1925.83
27 79 2147.63
27 80 2382.23
27 81 2620.46
27 82 2851.23
27 83 3062.25
27 84 3240.86
27 85 3375.06
27 86 3454.59
27 87 3472.02
27 88 3423.36
27 89 3308.64
27 90 3131.89
27 91 2900.53
27 92 2624.83
27 93 2316.42
27 94 1987.23
27 95 1648.05
27 96 1307.48
27 97 971.239
27 98 641.892
27 99 319.012
27 100 0

28 0 0
28 1 275.675
28 2 557.512
28 3 850.278
28 4 1156.23
28 5 1474.25
28 6 1799.5
28 7 2123.77
28 8 2435.89
28 9 2723.21
28 10 2972.61
28 11 3172.19
28 12 3312.51
28 13 3387.49
28 14 3395.28
28 15 3338.15
28 16 3222.34
28 17 3057.28
28 18 2854.58
28 19 2627
28 20 2387.23
28 21 2147.03
28 22 1916.44
28 23 1703.28
28 24 1513.04
28 25 1348.89
28 26 1211.93
28 27 1101.58
28 28 1016
28 29 952.545
28 30 908.113
28 31 879.507
28 32 863.636
28 33 857.7
28 34 859.231
28 35 866.2
28 36 876.895
28 37 890.006
28 38 904.47
28 39 919.501
28 40 934.46
28 41 948.915
28 42 962.514
28 43 974.963
28 44 986.099
28 45 995.728
28 46 1003.75
28 47 1010.08
28 48 1014.65
28 49 1017.41
28 50 1018.33
28 51 1017.41
28 52 1014.65
28 53 1010.08
28 54 1003.75
28 55 995.728
28 56 986.099
28 57 974.963
28 58 962.514
28 59 948.915
28 60 934.46
28 61 919.501
28 62 904.47
28 63 890.006
28 64 876.895
28 65 866.2
28 66 859.231
28 67 857.7
28 68 863.636
28 69 879.507
28 70 908.113
28 71 952.545
28 72 1016
28 73 1101.58
28 74 1211.93
28 75 1348.89
28 76 1513.04
28 77 1703.28
28 78 1916.44
28 79 2147.03
28 80 2387.23
28 81 2627
28 82 2854.58
28 83 3057.28
28 84 3222.34
28 85 3338.15
28 86 3395.28
28 87 3387.49
28 88 3312.51
28 89 3172.19
28 90 2972.61
28 91 2723.21
28 92 2435.89
28 93 2123.77
28 94 1799.5
28 95 1474.25
28 96 1156.23
28 97 850.278
28 98 557.512
28 99 275.675
28 100 0

29 0 0
29 1 234.52
29 2 477.264
29 3 734.988
29 4 1011.64
29 5 1307.47
29 6 1618.65
29 7 1937.23
29 8 2252.1
29 9 2549.76
29 10 2816.05
29 11 3037.45
29 12 3202.68
29 13 3303.84
29 14 3337.12
29 15 3303.22
29 16 3207.05
29 17 3057.12
29 18 2864.61
29 19 2642.21
29 20 2402.93
29 21 2159.11
29 22 1921.56
29 23 1698.94
29 24 1497.59
29 25 1321.4
29 26 1172.13
29 27 1049.67
29 28 952.545
29 29 878.314
29 30 823.975
29 31 786.355
29 32 762.332
29 33 749.051
29 34 743.953
29 35 744.909
29 36 750.167
29 37 758.336
29 38 768.302
29 39 779.234
29 40 790.501
29 41 801.619
29 42 812.222
29 43 822.07
29 44 830.906
29 45 838.62
29 46 845.063
29 47 850.16
29 48 853.848
29 49 856.075
29 50 856.823
29 51 856.075
29 52 853.848
29 53 850.16
29 54 845.063
29 55 838.62
29 56 830.906
29 57 822.07
29 58 812.222
29 59 801.619
29 60 790.501
29 61 779.234
29 62 768.302
29 63 758.336
29 64 750.167
29 65 744.909
29 66 743.953
29 67 749.051
29 68 762.332
29 69 786.355
29 70 823.975
29 71 878.314
29 72 952.545
29 73 1049.67
29 74 1172.13
29 75 1321.4
29 76 1497.59
29 77 1698.94
29 78 1921.56
29 79 2159.11
29 80 2402.93
29 81 2642.21
29 82 2864.61
29 83 3057.12
29 84 3207.05
29 85 3303.22
29 86 3337.12
29 87 3303.84
29 88 3202.68
29 89 3037.45
29 90 2816.05
29 91 2549.76
29 92 2252.1
29 93 1937.23
29 94 1618.65
29 95 1307.47
29 96 1011.64
