0 0 0
0 1 0
0 2 0
0 3 0
0 4 0
0 5 0
0 6 0
0 7 0
0 8 0
0 9 0
0 10 0
0 11 0
0 12 0
0 13 0
0 14 0
0 15 0
0 16 0
0 17 0
0 18 0
0 19 0
0 20 0
0 21 0
0 22 0
0 23 0
0 24 0
0 25 0
0 26 0
0 27 0
0 28 0
0 29 0
0 30 0
0 31 0
0 32 0
0 33 0
0 34 0
0 35 0
0 36 0
0 37 0
0 38 0
0 39 0
0 40 0
0 41 0
0 42 0
0 43 0
0 44 0
0 45 0
0 46 0
0 47 0
0 48 0
0 49 0
0 50 0
0 51 0
0 52 0
0 53 0
0 54 0
0 55 0
0 56 0
0 57 0
0 58 0
0 59 0
0 60 0
0 61 0
0 62 0
0 63 0
0 64 0
0 65 0
0 66 0
0 67 0
0 68 0
0 69 0
0 70 0
0 71 0
0 72 0
0 73 0
0 74 0
0 75 0
0 76 0
0 77 0
0 78 0
0 79 0
0 80 0
0 81 0
0 82 0
0 83 0
0 84 0
0 85 0
0 86 0
0 87 0
0 88 0
0 89 0
0 90 0
0 91 0
0 92 0
0 93 0
0 94 0
0 95 0
0 96 0
0 97 0
0 98 0
0 99 0
0 100 0

1 0 0
1 1 -7.70047
1 2 -15.8483
1 3 -24.7974
1 4 -34.9612
1 5 -46.7102
1 6 -60.3265
1 7 -76.1087
1 8 -94.2977
1 9 -114.946
1 10 -138.107
1 11 -163.709
1 12 -191.577
1 13 -221.367
1 14 -252.59
1 15 -284.807
1 16 -317.339
1 17 -349.461
1 18 -380.465
1 19 -409.533
1 20 -435.947
1 21 -458.989
1 22 -478.027
1 23 -492.549
1 24 -502.128
1 25 -506.524
1 26 -505.594
1 27 -499.377
1 28 -488.035
1 29 -471.851
1 30 -451.251
1 31 -426.707
1 32 -398.818
1 33 -368.174
1 34 -335.452
1 35 -301.284
1 36 -266.337
1 37 -231.222
1 38 -196.533
1 39 -162.812
1 40 -130.547
1 41 -100.185
1 42 -72.0975
1 43 -46.6286
1 44 -24.0389
1 45 -4.57789
1 46 11.5897
1 47 24.2971
1 48 33.458
1 49 38.9747
1 50 40.8261
1 51 38.9747
1 52 33.458
1 53 24.2971
1 54 11.5897
1 55 -4.57789
1 56 -24.0389
1 57 -46.6286
1 58 -72.0975
1 59 -100.185
1 60 -130.547
1 61 -162.812
1 62 -196.533
1 63 -231.222
1 64 -266.337
1 65 -301.284
1 66 -335.452
1 67 -368.174
1 68 -398.818
1 69 -426.707
1 70 -451.251
1 71 -471.851
1 72 -488.035
1 73 -499.377
1 74 -505.594
1 75 -506.524
1 76 -502.128
1 77 -492.549
1 78 -478.027
1 79 -458.989
1 80 -435.947
1 81 -409.533
1 82 -380.465
1 83 -349.461
1 84 -317.339
1 85 -284.807
1 86 -252.59
1 87 -221.367
1 88 -191.577
1 89 -163.709
1 90 -138.107
1 91 -114.946
1 92 -94.2977
1 93 -76.1087
1 94 -60.3265
1 95 -46.7102
1 96 -34.9612
1 97 -24.7974
1 98 -15.8483
1 99 -7.70047
1 100 0

2 0 0
2 1 -15.8483
2 2 -32.5381
2 3 -50.8376
2 4 -71.5459
2 5 -95.4233
2 6 -123.026
2 7 -154.919
2 8 -191.479
2 9 -232.907
2 10 -279.23
2 11 -330.281
2 12 -385.586
2 13 -444.511
2 14 -506.189
2 15 -569.461
2 16 -633.132
2 17 -695.77
2 18 -755.866
2 19 -811.927
2 20 -862.487
2 21 -906.194
2 22 -941.835
2 23 -968.448
2 24 -985.255
2 25 -991.823
2 26 -987.938
2 27 -973.719
2 28 -949.526
2 29 -915.974
2 30 -873.9
2 31 -824.289
2 32 -768.299
2 33 -707.13
2 34 -642.076
2 35 -574.402
2 36 -505.376
2 37 -436.202
2 38 -368.008
2 39 -301.846
2 40 -238.641
2 41 -179.248
2 42 -124.372
2 43 -74.6621
2 44 -30.6149
2 45 7.30723
2 46 38.7881
2 47 63.5239
2 48 81.3452
2 49 92.0791
2 50 95.6772
2 51 92.0791
2 52 81.3452
2 53 63.5239
2 54 38.7881
2 55 7.30723
2 56 -30.6149
2 57 -74.6621
2 58 -124.372
2 59 -179.248
2 60 -238.641
2 61 -301.846
2 62 -368.008
2 63 -436.202
2 64 -505.376
2 65 -574.402
2 66 -642.076
2 67 -707.13
2 68 -768.299
2 69 -824.289
2 70 -873.9
2 71 -915.974
2 72 -949.526
2 73 -973.719
2 74 -987.938
2 75 -991.823
2 76 -985.255
2 77 -968.448
2 78 -941.835
2 79 -906.194
2 80 -862.487
2 81 -811.927
2 82 -755.866
2 83 -695.77
2 84 -633.132
2 85 -569.461
2 86 -506.189
2 87 -444.511
2 88 -385.586
2 89 -330.281
2 90 -279.23
2 91 -232.907
2 92 -191.479
2 93 -154.919
2 94 -123.026
2 95 -95.4233
2 96 -71.5459
2 97 -50.8376
2 98 -32.5381
2 99 -15.8483
2 100 0

3 0 0
3 1 -24.7974
3 2 -50.8376
3 3 -79.319
3 4 -111.403
3 5 -148.115
3 6 -190.389
3 7 -238.932
3 8 -294.298
3 9 -356.695
3 10 -426.118
3 11 -502.164
3 12 -584.151
3 13 -671.019
3 14 -761.32
3 15 -853.485
3 16 -945.536
3 17 -1035.39
3 18 -1120.92
3 19 -1199.87
3 20 -1270.2
3 21 -1329.98
3 22 -1377.57
3 23 -1411.64
3 24 -1431.22
3 25 -1435.75
3 26 -1425.11
3 27 -1399.55
3 28 -1359.74
3 29 -1306.64
3 30 -1241.55
3 31 -1165.98
3 32 -1081.62
3 33 -990.263
3 34 -893.76
3 35 -793.945
3 36 -692.626
3 37 -591.499
3 38 -492.167
3 39 -396.078
3 40 -304.544
3 41 -218.714
3 42 -139.59
3 43 -68.0209
3 44 -4.71919
3 45 49.7339
3 46 94.8699
3 47 130.328
3 48 155.838
3 49 171.217
3 50 176.354
3 51 171.217
3 52 155.838
3 53 130.328
3 54 94.8699
3 55 49.7339
3 56 -4.71919
3 57 -68.0209
3 58 -139.59
3 59 -218.714
3 60 -304.544
3 61 -396.078
3 62 -492.167
3 63 -591.499
3 64 -692.626
3 65 -793.945
3 66 -893.76
3 67 -990.263
3 68 -1081.62
3 69 -1165.98
3 70 -1241.55
3 71 -1306.64
3 72 -1359.74
3 73 -1399.55
3 74 -1425.11
3 75 -1435.75
3 76 -1431.22
3 77 -1411.64
3 78 -1377.57
3 79 -1329.98
3 80 -1270.2
3 81 -1199.87
3 82 -1120.92
3 83 -1035.39
3 84 -945.536
3 85 -853.485
3 86 -761.32
3 87 -671.019
3 88 -584.151
3 89 -502.164
3 90 -426.118
3 91 -356.695
3 92 -294.298
3 93 -238.932
3 94 -190.389
3 95 -148.115
3 96 -111.403
3 97 -79.319
3 98 -50.8376
3 99 -24.7974
3 100 0

4 0 0
4 1 -34.9612
4 2 -71.5459
4 3 -111.403
4 4 -155.976
4 5 -206.612
4 6 -264.475
4 7 -330.478
4 8 -405.131
4 9 -488.732
4 10 -581.009
4 11 -681.373
4 12 -788.749
4 13 -901.559
4 14 -1017.96
4 15 -1135.6
4 16 -1251.98
4 17 -1364.35
4 18 -1469.89
4 19 -1565.9
4 20 -1649.74
4 21 -1719.14
4 22 -1772.13
4 23 -1807.22
4 24 -1823.41
4 25 -1820.21
4 26 -1797.68
4 27 -1756.38
4 28 -1697.31
4 29 -1621.94
4 30 -1532
4 31 -1429.55
4 32 -1316.77
4 33 -1196
4 34 -1069.57
4 35 -939.801
4 36 -808.908
4 37 -679.002
4 38 -552.006
4 39 -429.678
4 40 -313.576
4 41 -205.059
4 42 -105.302
4 43 -15.2846
4 44 64.1657
4 45 132.395
4 46 188.866
4 47 233.183
4 48 265.035
4 49 284.231
4 50 290.638
4 51 284.231
4 52 265.035
4 53 233.183
4 54 188.866
4 55 132.395
4 56 64.1657
4 57 -15.2846
4 58 -105.302
4 59 -205.059
4 60 -313.576
4 61 -429.678
4 62 -552.006
4 63 -679.002
4 64 -808.908
4 65 -939.801
4 66 -1069.57
4 67 -1196
4 68 -1316.77
4 69 -1429.55
4 70 -1532
4 71 -1621.94
4 72 -1697.31
4 73 -1756.38
4 74 -1797.68
4 75 -1820.21
4 76 -1823.41
4 77 -1807.22
4 78 -1772.13
4 79 -1719.14
4 80 -1649.74
4 81 -1565.9
4 82 -1469.89
4 83 -1364.35
4 84 -1251.98
4 85 -1135.6
4 86 -1017.96
4 87 -901.559
4 88 -788.749
4 89 -681.373
4 90 -581.009
4 91 -488.732
4 92 -405.131
4 93 -330.478
4 94 -264.475
4 95 -206.612
4 96 -155.976
4 97 -111.403
4 98 -71.5459
4 99 -34.9612
4 100 0

5 0 0
5 1 -46.7102
5 2 -95.4233
5 3 -148.115
5 4 -206.612
5 5 -272.477
5 6 -347.124
5 7 -431.427
5 8 -525.951
5 9 -630.781
5 10 -745.505
5 11 -869.063
5 12 -999.903
5 13 -1136.04
5 14 -1274.93
5 15 -1413.67
5 16 -1549.05
5 17 -1677.84
5 18 -1796.67
5 19 -1902.35
5 20 -1992.01
5 21 -2063.07
5 22 -2113.57
5 23 -2142
5 24 -2147.57
5 25 -2130.02
5 26 -2089.79
5 27 -2027.85
5 28 -1945.7
5 29 -1845.28
5 30 -1728.85
5 31 -1598.95
5 32 -1458.26
5 33 -1309.55
5 34 -1155.54
5 35 -998.893
5 36 -842.149
5 37 -687.633
5 38 -537.5
5 39 -393.632
5 40 -257.734
5 41 -131.216
5 42 -15.3404
5 43 88.9145
5 44 180.673
5 45 259.312
5 46 324.265
5 47 375.178
5 48 411.72
5 49 433.737
5 50 441.074
5 51 433.737
5 52 411.72
5 53 375.178
5 54 324.265
5 55 259.312
5 56 180.673
5 57 88.9145
5 58 -15.3404
5 59 -131.216
5 60 -257.734
5 61 -393.632
5 62 -537.5
5 63 -687.633
5 64 -842.149
5 65 -998.893
5 66 -1155.54
5 67 -1309.55
5 68 -1458.26
5 69 -1598.95
5 70 -1728.85
5 71 -1845.28
5 72 -1945.7
5 73 -2027.85
5 74 -2089.79
5 75 -2130.02
5 76 -2147.57
5 77 -2142
5 78 -2113.57
5 79 -2063.07
5 80 -1992.01
5 81 -1902.35
5 82 -1796.67
5 83 -1677.84
5 84 -1549.05
5 85 -1413.67
5 86 -1274.93
5 87 -1136.04
5 88 -999.903
5 89 -869.063
5 90 -745.505
5 91 -630.781
5 92 -525.951
5 93 -431.427
5 94 -347.124
5 95 -272.477
5 96 -206.612
5 97 -148.115
5 98 -95.4233
5 99 -46.7102
5 100 0

6 0 0
6 1 -60.3265
6 2 -123.026
6 3 -190.389
6 4 -264.475
6 5 -347.124
6 6 -439.7
6 7 -543.206
6 8 -658.004
6 9 -783.98
6 10 -920.25
6 11 -1065.33
6 12 -1217.19
6 13 -1373.14
6 14 -1530.04
6 15 -1684.38
6 16 -1832.44
6 17 -1970.38
6 18 -2094.56
6 19 -2201.54
6 20 -2288.24
6 21 -2352.22
6 22 -2391.56
6 23 -2405.13
6 24 -2392.44
6 25 -2353.78
6 26 -2290.05
6 27 -2202.81
6 28 -2094.09
6 29 -1966.4
6 30 -1822.5
6 31 -1665.4
6 32 -1498.17
6 33 -1323.91
6 34 -1145.62
6 35 -966.18
6 36 -788.241
6 37 -614.251
6 38 -446.372
6 39 -286.526
6 40 -136.352
6 41 2.74993
6 42 129.627
6 43 243.328
6 44 343.103
6 45 428.355
6 46 498.637
6 47 553.606
6 48 593.028
6 49 616.74
6 50 624.655
6 51 616.74
6 52 593.028
6 53 553.606
6 54 498.637
6 55 428.355
6 56 343.103
6 57 243.328
6 58 129.627
6 59 2.74993
6 60 -136.352
6 61 -286.526
6 62 -446.372
6 63 -614.251
6 64 -788.241
6 65 -966.18
6 66 -1145.62
6 67 -1323.91
6 68 -1498.17
6 69 -1665.4
6 70 -1822.5
6 71 -1966.4
6 72 -2094.09
6 73 -2202.81
6 74 -2290.05
6 75 -2353.78
6 76 -2392.44
6 77 -2405.13
6 78 -2391.56
6 79 -2352.22
6 80 -2288.24
6 81 -2201.54
6 82 -2094.56
6 83 -1970.38
6 84 -1832.44
6 85 -1684.38
6 86 -1530.04
6 87 -1373.14
6 88 -1217.19
6 89 -1065.33
6 90 -920.25
6 91 -783.98
6 92 -658.004
6 93 -543.206
6 94 -439.7
6 95 -347.124
6 96 -264.475
6 97 -190.389
6 98 -123.026
6 99 -60.3265
6 100 0

7 0 0
7 1 -76.1087
7 2 -154.919
7 3 -238.932
7 4 -330.478
7 5 -431.427
7 6 -543.206
7 7 -666.627
7 8 -801.942
7 9 -948.475
7 10 -1104.93
7 11 -1269.33
7 12 -1438.89
7 13 -1610.34
7 14 -1779.89
7 15 -1943.46
7 16 -2096.84
7 17 -2235.92
7 18 -2356.79
7 19 -2455.96
7 20 -2530.57
7 21 -2578.34
7 22 -2597.87
7 23 -2588.46
7 24 -2550.3
7 25 -2484.27
7 26 -2392
7 27 -2275.65
7 28 -2137.93
7 29 -1981.83
7 30 -1810.65
7 31 -1627.72
7 32 -1436.47
7 33 -1240.16
7 34 -1041.94
7 35 -844.714
7 36 -651.133
7 37 -463.542
7 38 -284.009
7 39 -114.292
7 40 44.1266
7 41 190.03
7 42 322.436
7 43 440.57
7 44 543.839
7 45 631.792
7 46 704.105
7 47 760.545
7 48 800.957
7 49 825.24
7 50 833.34
7 51 825.24
7 52 800.957
7 53 760.545
7 54 704.105
7 55 631.792
7 56 543.839
7 57 440.57
7 58 322.436
7 59 190.03
7 60 44.1266
7 61 -114.292
7 62 -284.009
7 63 -463.542
7 64 -651.133
7 65 -844.714
7 66 -1041.94
7 67 -1240.16
7 68 -1436.47
7 69 -1627.72
7 70 -1810.65
7 71 -1981.83
7 72 -2137.93
7 73 -2275.65
7 74 -2392
7 75 -2484.27
7 76 -2550.3
7 77 -2588.46
7 78 -2597.87
7 79 -2578.34
7 80 -2530.57
7 81 -2455.96
7 82 -2356.79
7 83 -2235.92
7 84 -2096.84
7 85 -1943.46
7 86 -1779.89
7 87 -1610.34
7 88 -1438.89
7 89 -1269.33
7 90 -1104.93
7 91 -948.475
7 92 -801.942
7 93 -666.627
7 94 -543.206
7 95 -431.427
7 96 -330.478
7 97 -238.932
7 98 -154.919
7 99 -76.1087
7 100 0

8 0 0
8 1 -94.2977
8 2 -191.479
8 3 -294.298
8 4 -405.131
8 5 -525.951
8 6 -658.004
8 7 -801.942
8 8 -957.489
8 9 -1123.53
8 10 -1298.26
8 11 -1478.96
8 12 -1662.17
8 13 -1843.96
8 14 -2019.96
8 15 -2185.63
8 16 -2336.43
8 17 -2468
8 18 -2576.56
8 19 -2658.79
8 20 -2712.18
8 21 -2735.1
8 22 -2726.68
8 23 -2687.11
8 24 -2617.26
8 25 -2518.91
8 26 -2394.4
8 27 -2246.65
8 28 -2078.94
8 29 -1894.83
8 30 -1697.97
8 31 -1492.02
8 32 -1280.51
8 33 -1066.81
8 34 -853.984
8 35 -644.843
8 36 -441.815
8 37 -247.059
8 38 -62.323
8 39 110.866
8 40 271.368
8 41 418.195
8 42 550.689
8 43 668.272
8 44 770.624
8 45 857.445
8 46 928.625
8 47 984.021
8 48 1023.63
8 49 1047.38
8 50 1055.32
8 51 1047.38
8 52 1023.63
8 53 984.021
8 54 928.625
8 55 857.445
8 56 770.624
8 57 668.272
8 58 550.689
8 59 418.195
8 60 271.368
8 61 110.866
8 62 -62.323
8 63 -247.059
8 64 -441.815
8 65 -644.843
8 66 -853.984
8 67 -1066.81
8 68 -1280.51
8 69 -1492.02
8 70 -1697.97
8 71 -1894.83
8 72 -2078.94
8 73 -2246.65
8 74 -2394.4
8 75 -2518.91
8 76 -2617.26
8 77 -2687.11
8 78 -2726.68
8 79 -2735.1
8 80 -2712.18
8 81 -2658.79
8 82 -2576.56
8 83 -2468
8 84 -2336.43
8 85 -2185.63
8 86 -2019.96
8 87 -1843.96
8 88 -1662.17
8 89 -1478.96
8 90 -1298.26
8 91 -1123.53
8 92 -957.489
8 93 -801.942
8 94 -658.004
8 95 -525.951
8 96 -405.131
8 97 -294.298
8 98 -191.479
8 99 -94.2977
8 100 0

9 0 0
9 1 -114.946
9 2 -232.907
9 3 -356.695
9 4 -488.732
9 5 -630.781
9 6 -783.98
9 7 -948.475
9 8 -1123.53
9 9 -1307.53
9 10 -1497.85
9 11 -1691.07
9 12 -1883.11
9 13 -2069.36
9 14 -2244.96
9 15 -2405.02
9 16 -2544.88
9 17 -2660.27
9 18 -2747.6
9 19 -2804.13
9 20 -2827.98
9 21 -2818.27
9 22 -2775.13
9 23 -2699.59
9 24 -2593.57
9 25 -2459.67
9 26 -2301.12
9 27 -2121.5
9 28 -1924.71
9 29 -1714.69
9 30 -1495.41
9 31 -1270.63
9 32 -1043.91
9 33 -818.475
9 34 -597.213
9 35 -382.603
9 36 -176.777
9 37 18.5326
9 38 201.917
9 39 372.303
9 40 528.872
9 41 671.062
9 42 798.485
9 43 910.928
9 44 1008.27
9 45 1090.51
9 46 1157.66
9 47 1209.79
9 48 1246.96
9 49 1269.24
9 50 1276.66
9 51 1269.24
9 52 1246.96
9 53 1209.79
9 54 1157.66
9 55 1090.51
9 56 1008.27
9 57 910.928
9 58 798.485
9 59 671.062
9 60 528.872
9 61 372.303
9 62 201.917
9 63 18.5326
9 64 -176.777
9 65 -382.603
9 66 -597.213
9 67 -818.475
9 68 -1043.91
9 69 -1270.63
9 70 -1495.41
9 71 -1714.69
9 72 -1924.71
9 73 -2121.5
9 74 -2301.12
9 75 -2459.67
9 76 -2593.57
9 77 -2699.59
9 78 -2775.13
9 79 -2818.27
9 80 -2827.98
9 81 -2804.13
9 82 -2747.6
9 83 -2660.27
9 84 -2544.88
9 85 -2405.02
9 86 -2244.96
9 87 -2069.36
9 88 -1883.11
9 89 -1691.07
9 90 -1497.85
9 91 -1307.53
9 92 -1123.53
9 93 -948.475
9 94 -783.98
9 95 -630.781
9 96 -488.732
9 97 -356.695
9 98 -232.907
9 99 -114.946
9 100 0

10 0 0
10 1 -138.107
10 2 -279.23
10 3 -426.118
10 4 -581.009
10 5 -745.505
10 6 -920.25
10 7 -1104.93
10 8 -1298.26
10 9 -1497.85
10 10 -1700.35
10 11 -1901.62
10 12 -2096.91
10 13 -2281.11
10 14 -2448.97
10 15 -2595.5
10 16 -2716.06
10 17 -2806.8
10 18 -2864.66
10 19 -2887.6
10 20 -2874.75
10 21 -2826.25
10 22 -2743.27
10 23 -2628.01
10 24 -2483.35
10 25 -2312.89
10 26 -2120.61
10 27 -1910.79
10 28 -1687.73
10 29 -1455.74
10 30 -1218.82
10 31 -980.764
10 32 -744.903
10 33 -514.213
10 34 -291.167
10 35 -77.8471
10 36 124.124
10 37 313.476
10 38 489.314
10 39 651.013
10 40 798.219
10 41 930.759
10 42 1048.63
10 43 1151.92
10 44 1240.81
10 45 1315.51
10 46 1376.25
10 47 1423.23
10 48 1456.65
10 49 1476.64
10 50 1483.3
10 51 1476.64
10 52 1456.65
10 53 1423.23
10 54 1376.25
10 55 1315.51
10 56 1240.81
10 57 1151.92
10 58 1048.63
10 59 930.759
10 60 798.219
10 61 651.013
10 62 489.314
10 63 313.476
10 64 124.124
10 65 -77.8471
10 66 -291.167
10 67 -514.213
10 68 -744.903
10 69 -980.764
10 70 -1218.82
10 71 -1455.74
10 72 -1687.73
10 73 -1910.79
10 74 -2120.61
10 75 -2312.89
10 76 -2483.35
10 77 -2628.01
10 78 -2743.27
10 79 -2826.25
10 80 -2874.75
10 81 -2887.6
10 82 -2864.66
10 83 -2806.8
10 84 -2716.06
10 85 -2595.5
10 86 -2448.97
10 87 -2281.11
10 88 -2096.91
10 89 -1901.62
10 90 -1700.35
10 91 -1497.85
10 92 -1298.26
10 93 -1104.93
10 94 -920.25
10 95 -745.505
10 96 -581.009
10 97 -426.118
10 98 -279.23
10 99 -138.107
10 100 0

11 0 0
11 1 -163.709
11 2 -330.281
11 3 -502.164
11 4 -681.373
11 5 -869.063
11 6 -1065.33
11 7 -1269.33
11 8 -1478.96
11 9 -1691.07
11 10 -1901.62
11 11 -2105.74
11 12 -2298.16
11 13 -2473.35
11 14 -2625.94
11 15 -2751.02
11 16 -2844.36
11 17 -2902.67
11 18 -2923.77
11 19 -2906.7
11 20 -2851.67
11 21 -2760.07
11 22 -2634.37
11 23 -2477.81
11 24 -2294.44
11 25 -2088.68
11 26 -1865.25
11 27 -1628.92
11 28 -1384.33
11 29 -1135.84
11 30 -887.439
11 31 -642.629
11 32 -404.45
11 33 -175.353
11 34 42.6344
11 35 248.065
11 36 439.816
11 37 617.261
11 38 779.973
11 39 927.911
11 40 1061.12
11 41 1179.9
11 42 1284.56
11 43 1375.56
11 44 1453.29
11 45 1518.22
11 46 1570.73
11 47 1611.19
11 48 1639.86
11 49 1656.99
11 50 1662.68
11 51 1656.99
11 52 1639.86
11 53 1611.19
11 54 1570.73
11 55 1518.22
11 56 1453.29
11 57 1375.56
11 58 1284.56
11 59 1179.9
11 60 1061.12
11 61 927.911
11 62 779.973
11 63 617.261
11 64 439.816
11 65 248.065
11 66 42.6344
11 67 -175.353
11 68 -404.45
11 69 -642.629
11 70 -887.439
11 71 -1135.84
11 72 -1384.33
11 73 -1628.92
11 74 -1865.25
11 75 -2088.68
11 76 -2294.44
11 77 -2477.81
11 78 -2634.37
11 79 -2760.07
11 80 -2851.67
11 81 -2906.7
11 82 -2923.77
11 83 -2902.67
11 84 -2844.36
11 85 -2751.02
11 86 -2625.94
11 87 -2473.35
11 88 -2298.16
11 89 -2105.74
11 90 -1901.62
11 91 -1691.07
11 92 -1478.96
11 93 -1269.33
11 94 -1065.33
11 95 -869.063
11 96 -681.373
11 97 -502.164
11 98 -330.281
11 99 -163.709
11 100 0

12 0 0
12 1 -191.577
12 2 -385.586
12 3 -584.151
12 4 -788.749
12 5 -999.903
12 6 -1217.19
12 7 -1438.89
12 8 -1662.17
12 9 -1883.11
12 10 -2096.91
12 11 -2298.16
12 12 -2481.13
12 13 -2640.2
12 14 -2770.07
12 15 -2866.2
12 16 -2925.06
12 17 -2944.3
12 18 -2922.86
12 19 -2861
12 20 -2760.36
12 21 -2623.64
12 22 -2454.56
12 23 -2257.63
12 24 -2037.76
12 25 -1800.24
12 26 -1550.27
12 27 -1293
12 28 -1033.11
12 29 -774.897
12 30 -522.032
12 31 -277.641
12 32 -44.1844
12 33 176.424
12 34 382.86
12 35 574.253
12 36 750.188
12 37 910.567
12 38 1055.6
12 39 1185.68
12 40 1301.37
12 41 1403.29
12 42 1492.16
12 43 1568.64
12 44 1633.42
12 45 1687.09
12 46 1730.24
12 47 1763.29
12 48 1786.64
12 49 1800.53
12 50 1805.15
12 51 1800.53
12 52 1786.64
12 53 1763.29
12 54 1730.24
12 55 1687.09
12 56 1633.42
12 57 1568.64
12 58 1492.16
12 59 1403.29
12 60 1301.37
12 61 1185.68
12 62 1055.6
12 63 910.567
12 64 750.188
12 65 574.253
12 66 382.86
12 67 176.424
12 68 -44.1844
12 69 -277.641
12 70 -522.032
12 71 -774.897
12 72 -1033.11
12 73 -1293
12 74 -1550.27
12 75 -1800.24
12 76 -2037.76
12 77 -2257.63
12 78 -2454.56
12 79 -2623.64
12 80 -2760.36
12 81 -2861
12 82 -2922.86
12 83 -2944.3
12 84 -2925.06
12 85 -2866.2
12 86 -2770.07
12 87 -2640.2
12 88 -2481.13
12 89 -2298.16
12 90 -2096.91
12 91 -1883.11
12 92 -1662.17
12 93 -1438.89
12 94 -1217.19
12 95 -999.903
12 96 -788.749
12 97 -584.151
12 98 -385.586
12 99 -191.577
12 100 0

13 0 0
13 1 -221.367
13 2 -444.511
13 3 -671.019
13 4 -901.559
13 5 -1136.04
13 6 -1373.14
13 7 -1610.34
13 8 -1843.96
13 9 -2069.36
13 10 -2281.11
13 11 -2473.35
13 12 -2640.2
13 13 -2776.09
13 14 -2876.2
13 15 -2936.65
13 16 -2954.92
13 17 -2929.86
13 18 -2861.78
13 19 -2752.47
13 20 -2604.92
13 21 -2423.35
13 22 -2212.7
13 23 -1978.51
13 24 -1726.63
13 25 -1462.81
13 26 -1192.72
13 27 -921.45
13 28 -653.652
13 29 -393.204
13 30 -143.365
13 31 93.3996
13 32 315.247
13 33 521.015
13 34 710.054
13 35 882.22
13 36 1037.72
13 37 1177.08
13 38 1301.01
13 39 1410.41
13 40 1506.21
13 41 1589.4
13 42 1660.93
13 43 1721.73
13 44 1772.62
13 45 1814.39
13 46 1847.64
13 47 1872.96
13 48 1890.72
13 49 1901.27
13 50 1904.76
13 51 1901.27
13 52 1890.72
13 53 1872.96
13 54 1847.64
13 55 1814.39
13 56 1772.62
13 57 1721.73
13 58 1660.93
13 59 1589.4
13 60 1506.21
13 61 1410.41
13 62 1301.01
13 63 1177.08
13 64 1037.72
13 65 882.22
13 66 710.054
13 67 521.015
13 68 315.247
13 69 93.3996
13 70 -143.365
13 71 -393.204
13 72 -653.652
13 73 -921.45
13 74 -1192.72
13 75 -1462.81
13 76 -1726.63
13 77 -1978.51
13 78 -2212.7
13 79 -2423.35
13 80 -2604.92
13 81 -2752.47
13 82 -2861.78
13 83 -2929.86
13 84 -2954.92
13 85 -2936.65
13 86 -2876.2
13 87 -2776.09
13 88 -2640.2
13 89 -2473.35
13 90 -2281.11
13 91 -2069.36
13 92 -1843.96
13 93 -1610.34
13 94 -1373.14
13 95 -1136.04
13 96 -901.559
13 97 -671.019
13 98 -444.511
13 99 -221.367
13 100 0

14 0 0
14 1 -252.59
14 2 -506.189
14 3 -761.32
14 4 -1017.96
14 5 -1274.93
14 6 -1530.04
14 7 -1779.89
14 8 -2019.96
14 9 -2244.96
14 10 -2448.97
14 11 -2625.94
14 12 -2770.07
14 13 -2876.2
14 14 -2940.23
14 15 -2959.35
14 16 -2932.3
14 17 -2859.43
14 18 -2742.61
14 19 -2585.22
14 20 -2391.82
14 21 -2167.9
14 22 -1919.64
14 23 -1653.47
14 24 -1375.8
14 25 -1092.82
14 26 -810.163
14 27 -532.823
14 28 -264.986
14 29 -10.0612
14 30 229.449
14 31 451.736
14 32 655.823
14 33 841.232
14 34 1008.15
14 35 1157.03
14 36 1288.79
14 37 1404.43
14 38 1505.22
14 39 1592.36
14 40 1667.19
14 41 1730.88
14 42 1784.65
14 43 1829.54
14 44 1866.51
14 45 1896.38
14 46 1919.88
14 47 1937.56
14 48 1949.88
14 49 1957.14
14 50 1959.54
14 51 1957.14
14 52 1949.88
14 53 1937.56
14 54 1919.88
14 55 1896.38
14 56 1866.51
14 57 1829.54
14 58 1784.65
14 59 1730.88
14 60 1667.19
14 61 1592.36
14 62 1505.22
14 63 1404.43
14 64 1288.79
14 65 1157.03
14 66 1008.15
14 67 841.232
14 68 655.823
14 69 451.736
14 70 229.449
14 71 -10.0612
14 72 -264.986
14 73 -532.823
14 74 -810.163
14 75 -1092.82
14 76 -1375.8
14 77 -1653.47
14 78 -1919.64
14 79 -2167.9
14 80 -2391.82
14 81 -2585.22
14 82 -2742.61
14 83 -2859.43
14 84 -2932.3
14 85 -2959.35
14 86 -2940.23
14 87 -2876.2
14 88 -2770.07
14 89 -2625.94
14 90 -2448.97
14 91 -2244.96
14 92 -2019.96
14 93 -1779.89
14 94 -1530.04
14 95 -1274.93
14 96 -1017.96
14 97 -761.32
14 98 -506.189
14 99 -252.59
14 100 0

15 0 0
15 1 -284.807
15 2 -569.461
15 3 -853.485
15 4 -1135.6
15 5 -1413.67
15 6 -1684.38
15 7 -1943.46
15 8 -2185.63
15 9 -2405.02
15 10 -2595.5
15 11 -2751.02
15 12 -2866.2
15 13 -2936.65
15 14 -2959.35
15 15 -2932.84
15 16 -2857.41
15 17 -2735.09
15 18 -2569.5
15 19 -2365.61
15 20 -2129.44
15 21 -1867.8
15 22 -1587.77
15 23 -1296.46
15 24 -1000.69
15 25 -706.607
15 26 -419.699
15 27 -144.459
15 28 115.493
15 29 357.556
15 30 579.983
15 31 781.886
15 32 963.045
15 33 1123.86
15 34 1265.16
15 35 1388.15
15 36 1494.19
15 37 1584.86
15 38 1661.71
15 39 1726.34
15 40 1780.22
15 41 1824.8
15 42 1861.31
15 43 1890.95
15 44 1914.66
15 45 1933.35
15 46 1947.68
15 47 1958.27
15 48 1965.51
15 49 1969.75
15 50 1971.12
15 51 1969.75
15 52 1965.51
15 53 1958.27
15 54 1947.68
15 55 1933.35
15 56 1914.66
15 57 1890.95
15 58 1861.31
15 59 1824.8
15 60 1780.22
15 61 1726.34
15 62 1661.71
15 63 1584.86
15 64 1494.19
15 65 1388.15
15 66 1265.16
15 67 1123.86
15 68 963.045
15 69 781.886
15 70 579.983
15 71 357.556
15 72 115.493
15 73 -144.459
15 74 -419.699
15 75 -706.607
15 76 -1000.69
15 77 -1296.46
15 78 -1587.77
15 79 -1867.8
15 80 -2129.44
15 81 -2365.61
15 82 -2569.5
15 83 -2735.09
15 84 -2857.41
15 85 -2932.84
15 86 -2959.35
15 87 -2936.65
15 88 -2866.2
15 89 -2751.02
15 90 -2595.5
15 91 -2405.02
15 92 -2185.63
15 93 -1943.46
15 94 -1684.38
15 95 -1413.67
15 96 -1135.6
15 97 -853.485
15 98 -569.461
15 99 -284.807
15 100 0

16 0 0
16 1 -317.339
16 2 -633.132
16 3 -945.536
16 4 -1251.98
16 5 -1549.05
16 6 -1832.44
16 7 -2096.84
16 8 -2336.43
16 9 -2544.88
16 10 -2716.06
16 11 -2844.36
16 12 -2925.06
16 13 -2954.92
16 14 -2932.3
16 15 -2857.41
16 16 -2732.33
16 17 -2560.88
16 18 -2348.45
16 19 -2101.6
16 20 -1827.74
16 21 -1534.64
16 22 -1230.16
16 23 -921.786
16 24 -616.298
16 25 -319.712
16 26 -36.8894
16 27 228.267
16 28 473.044
16 29 695.683
16 30 895.401
16 31 1072.18
16 32 1226.67
16 33 1360.01
16 34 1473.73
16 35 1569.56
16 36 1649.37
16 37 1715.05
16 38 1768.48
16 39 1811.4
16 40 1845.47
16 41 1872.13
16 42 1892.76
16 43 1908.44
16 44 1920.2
16 45 1928.83
16 46 1935.04
16 47 1939.31
16 48 1942.1
16 49 1943.65
16 50 1944.16
16 51 1943.65
16 52 1942.1
16 53 1939.31
16 54 1935.04
16 55 1928.83
16 56 1920.2
16 57 1908.44
16 58 1892.76
16 59 1872.13
16 60 1845.47
16 61 1811.4
16 62 1768.48
16 63 1715.05
16 64 1649.37
16 65 1569.56
16 66 1473.73
16 67 1360.01
16 68 1226.67
16 69 1072.18
16 70 895.401
16 71 695.683
16 72 473.044
16 73 228.267
16 74 -36.8894
16 75 -319.712
16 76 -616.298
16 77 -921.786
16 78 -1230.16
16 79 -1534.64
16 80 -1827.74
16 81 -2101.6
16 82 -2348.45
16 83 -2560.88
16 84 -2732.33
16 85 -2857.41
16 86 -2932.3
16 87 -2954.92
16 88 -2925.06
16 89 -2844.36
16 90 -2716.06
16 91 -2544.88
16 92 -2336.43
16 93 -2096.84
16 94 -1832.44
16 95 -1549.05
16 96 -1251.98
16 97 -945.536
16 98 -633.132
16 99 -317.339
16 100 0

17 0 0
17 1 -349.461
17 2 -695.77
17 3 -1035.39
17 4 -1364.35
17 5 -1677.84
17 6 -1970.38
17 7 -2235.92
17 8 -2468
17 9 -2660.27
17 10 -2806.8
17 11 -2902.67
17 12 -2944.3
17 13 -2929.86
17 14 -2859.43
17 15 -2735.09
17 16 -2560.88
17 17 -2342.49
17 18 -2087.03
17 19 -1802.53
17 20 -1497.49
17 21 -1180.56
17 22 -859.89
17 23 -543.064
17 24 -236.598
17 25 54.1276
17 26 324.896
17 27 572.836
17 28 796.098
17 29 994.026
17 30 1166.72
17 31 1315.13
17 32 1440.65
17 33 1545.17
17 34 1630.73
17 35 1699.56
17 36 1753.84
17 37 1795.74
17 38 1827.25
17 39 1850.24
17 40 1866.37
17 41 1877.11
17 42 1883.72
17 43 1887.31
17 44 1888.76
17 45 1888.84
17 46 1888.14
17 47 1887.14
17 48 1886.18
17 49 1885.51
17 50 1885.27
17 51 1885.51
17 52 1886.18
17 53 1887.14
17 54 1888.14
17 55 1888.84
17 56 1888.76
17 57 1887.31
17 58 1883.72
17 59 1877.11
17 60 1866.37
17 61 1850.24
17 62 1827.25
17 63 1795.74
17 64 1753.84
17 65 1699.56
17 66 1630.73
17 67 1545.17
17 68 1440.65
17 69 1315.13
17 70 1166.72
17 71 994.026
17 72 796.098
17 73 572.836
17 74 324.896
17 75 54.1276
17 76 -236.598
17 77 -543.064
17 78 -859.89
17 79 -1180.56
17 80 -1497.49
17 81 -1802.53
17 82 -2087.03
17 83 -2342.49
17 84 -2560.88
17 85 -2735.09
17 86 -2859.43
17 87 -2929.86
17 88 -2944.3
17 89 -2902.67
17 90 -2806.8
17 91 -2660.27
17 92 -2468
17 93 -2235.92
17 94 -1970.38
17 95 -1677.84
17 96 -1364.35
17 97 -1035.39
17 98 -695.77
17 99 -349.461
17 100 0

18 0 0
18 1 -380.465
18 2 -755.866
18 3 -1120.92
18 4 -1469.89
18 5 -1796.67
18 6 -2094.56
18 7 -2356.79
18 8 -2576.56
18 9 -2747.6
18 10 -2864.66
18 11 -2923.77
18 12 -2922.86
18 13 -2861.78
18 14 -2742.61
18 15 -2569.5
18 16 -2348.45
18 17 -2087.03
18 18 -1793.93
18 19 -1478.44
18 20 -1149.94
18 21 -817.465
18 22 -489.34
18 23 -172.737
18 24 126.358
18 25 403.379
18 26 655.162
18 27 879.801
18 28 1076.63
18 29 1245.94
18 30 1388.88
18 31 1507.15
18 32 1602.95
18 33 1678.67
18 34 1736.87
18 35 1780.02
18 36 1810.6
18 37 1830.81
18 38 1842.77
18 39 1848.25
18 40 1848.92
18 41 1846.1
18 42 1841.01
18 43 1834.58
18 44 1827.64
18 45 1820.79
18 46 1814.59
18 47 1809.37
18 48 1805.47
18 49 1803.04
18 50 1802.23
18 51 1803.04
18 52 1805.47
18 53 1809.37
18 54 1814.59
18 55 1820.79
18 56 1827.64
18 57 1834.58
18 58 1841.01
18 59 1846.1
18 60 1848.92
18 61 1848.25
18 62 1842.77
18 63 1830.81
18 64 1810.6
18 65 1780.02
18 66 1736.87
18 67 1678.67
18 68 1602.95
18 69 1507.15
18 70 1388.88
18 71 1245.94
18 72 1076.63
18 73 879.801
18 74 655.162
18 75 403.379
18 76 126.358
18 77 -172.737
18 78 -489.34
18 79 -817.465
18 80 -1149.94
18 81 -1478.44
18 82 -1793.93
18 83 -2087.03
18 84 -2348.45
18 85 -2569.5
18 86 -2742.61
18 87 -2861.78
18 88 -2922.86
18 89 -2923.77
18 90 -2864.66
18 91 -2747.6
18 92 -2576.56
18 93 -2356.79
18 94 -2094.56
18 95 -1796.67
18 96 -1469.89
18 97 -1120.92
18 98 -755.866
18 99 -380.465
18 100 0

19 0 0
19 1 -409.533
19 2 -811.927
19 3 -1199.87
19 4 -1565.9
19 5 -1902.35
19 6 -2201.54
19 7 -2455.96
19 8 -2658.79
19 9 -2804.13
19 10 -2887.6
19 11 -2906.7
19 12 -2861
19 13 -2752.47
19 14 -2585.22
19 15 -2365.61
19 16 -2101.6
19 17 -1802.53
19 18 -1478.44
19 19 -1139.59
19 20 -795.938
19 21 -456.6
19 22 -129.565
19 23 178.526
19 24 462.645
19 25 719.245
19 26 946.292
19 27 1143.08
19 28 1310.01
19 29 1448.44
19 30 1560.36
19 31 1648.28
19 32 1714.92
19 33 1763.18
19 34 1795.84
19 35 1815.66
19 36 1825.09
19 37 1826.45
19 38 1821.66
19 39 1812.53
19 40 1800.46
19 41 1786.74
19 42 1772.33
19 43 1758.11
19 44 1744.68
19 45 1732.61
19 46 1722.24
19 47 1713.92
19 48 1707.81
19 49 1704.11
19 50 1702.85
19 51 1704.11
19 52 1707.81
19 53 1713.92
19 54 1722.24
19 55 1732.61
19 56 1744.68
19 57 1758.11
19 58 1772.33
19 59 1786.74
19 60 1800.46
19 61 1812.53
19 62 1821.66
19 63 1826.45
19 64 1825.09
19 65 1815.66
19 66 1795.84
19 67 1763.18
19 68 1714.92
19 69 1648.28
19 70 1560.36
19 71 1448.44
19 72 1310.01
19 73 1143.08
19 74 946.292
19 75 719.245
19 76 462.645
19 77 178.526
19 78 -129.565
19 79 -456.6
19 80 -795.938
19 81 -1139.59
19 82 -1478.44
19 83 -1802.53
19 84 -2101.6
19 85 -2365.61
19 86 -2585.22
19 87 -2752.47
19 88 -2861
19 89 -2906.7
19 90 -2887.6
19 91 -2804.13
19 92 -2658.79
19 93 -2455.96
19 94 -2201.54
19 95 -1902.35
19 96 -1565.9
19 97 -1199.87
19 98 -811.927
19 99 -409.533
19 100 0

20 0 0
20 1 -435.947
20 2 -862.487
20 3 -1270.2
20 4 -1649.74
20 5 -1992.01
20 6 -2288.24
20 7 -2530.57
20 8 -2712.18
20 9 -2827.98
20 10 -2874.75
20 11 -2851.67
20 12 -2760.36
20 13 -2604.92
20 14 -2391.82
20 15 -2129.44
20 16 -1827.74
20 17 -1497.49
20 18 -1149.94
20 19 -795.938
20 20 -445.613
20 21 -107.839
20 22 209.996
20 23 502.235
20 24 764.891
20 25 995.653
20 26 1193.76
20 27 1359.63
20 28 1494.82
20 29 1601.58
20 30 1682.71
20 31 1741.31
20 32 1780.57
20 33 1803.65
20 34 1813.52
20 35 1812.96
20 36 1804.4
20 37 1790.01
20 38 1771.65
20 39 1750.86
20 40 1728.93
20 41 1706.89
20 42 1685.59
20 43 1665.66
20 44 1647.63
20 45 1631.85
20 46 1618.64
20 47 1608.17
20 48 1600.61
20 49 1596.03
20 50 1594.51
20 51 1596.03
20 52 1600.61
20 53 1608.17
20 54 1618.64
20 55 1631.85
20 56 1647.63
20 57 1665.66
20 58 1685.59
20 59 1706.89
20 60 1728.93
20 61 1750.86
20 62 1771.65
20 63 1790.01
20 64 1804.4
20 65 1812.96
20 66 1813.52
20 67 1803.65
20 68 1780.57
20 69 1741.31
20 70 1682.71
20 71 1601.58
20 72 1494.82
20 73 1359.63
20 74 1193.76
20 75 995.653
20 76 764.891
20 77 502.235
20 78 209.996
20 79 -107.839
20 80 -445.613
20 81 -795.938
20 82 -1149.94
20 83 -1497.49
20 84 -1827.74
20 85 -2129.44
20 86 -2391.82
20 87 -2604.92
20 88 -2760.36
20 89 -2851.67
20 90 -2874.75
20 91 -2827.98
20 92 -2712.18
20 93 -2530.57
20 94 -2288.24
20 95 -1992.01
20 96 -1649.74
20 97 -1270.2
20 98 -862.487
20 99 -435.947
20 100 0

21 0 0
21 1 -458.989
21 2 -906.194
21 3 -1329.98
21 4 -1719.14
21 5 -2063.07
21 6 -2352.22
21 7 -2578.34
21 8 -2735.1
21 9 -2818.27
21 10 -2826.25
21 11 -2760.07
21 12 -2623.64
21 13 -2423.35
21 14 -2167.9
21 15 -1867.8
21 16 -1534.64
21 17 -1180.56
21 18 -817.465
21 19 -456.6
21 20 -107.839
21 21 220.509
21 22 522.034
21 23 792.155
21 24 1028.24
21 25 1229.27
21 26 1395.7
21 27 1529.2
21 28 1632.24
21 29 1707.96
21 30 1759.75
21 31 1791.18
21 32 1805.71
21 33 1806.64
21 34 1796.97
21 35 1779.39
21 36 1756.2
21 37 1729.38
21 38 1700.55
21 39 1671.06
21 40 1641.96
21 41 1614.08
21 42 1588.05
21 43 1564.36
21 44 1543.36
21 45 1525.29
21 46 1510.33
21 47 1498.6
21 48 1490.17
21 49 1485.11
21 50 1483.41
21 51 1485.11
21 52 1490.17
21 53 1498.6
21 54 1510.33
21 55 1525.29
21 56 1543.36
21 57 1564.36
21 58 1588.05
21 59 1614.08
21 60 1641.96
21 61 1671.06
21 62 1700.55
21 63 1729.38
21 64 1756.2
21 65 1779.39
21 66 1796.97
21 67 1806.64
21 68 1805.71
21 69 1791.18
21 70 1759.75
21 71 1707.96
21 72 1632.24
21 73 1529.2
21 74 1395.7
21 75 1229.27
21 76 1028.24
21 77 792.155
21 78 522.034
21 79 220.509
21 80 -107.839
21 81 -456.6
21 82 -817.465
21 83 -1180.56
21 84 -1534.64
21 85 -1867.8
21 86 -2167.9
21 87 -2423.35
21 88 -2623.64
21 89 -2760.07
21 90 -2826.25
21 91 -2818.27
21 92 -2735.1
21 93 -2578.34
21 94 -2352.22
21 95 -2063.07
21 96 -1719.14
21 97 -1329.98
21 98 -906.194
21 99 -458.989
21 100 0

22 0 0
22 1 -478.027
22 2 -941.835
22 3 -1377.57
22 4 -1772.13
22 5 -2113.57
22 6 -2391.56
22 7 -2597.87
22 8 -2726.68
22 9 -2775.13
22 10 -2743.27
22 11 -2634.37
22 12 -2454.56
22 13 -2212.7
22 14 -1919.64
22 15 -1587.77
22 16 -1230.16
22 17 -859.89
22 18 -489.34
22 19 -129.565
22 20 209.996
22 21 522.034
22 22 801.209
22 23 1044.42
22 24 1250.26
22 25 1419.16
22 26 1552.78
22 27 1653.8
22 28 1725.66
22 29 1772.06
22 30 1796.95
22 31 1804.1
22 32 1797.16
22 33 1779.38
22 34 1753.69
22 35 1722.56
22 36 1688.1
22 37 1652.01
22 38 1615.69
22 39 1580.2
22 40 1546.37
22 41 1514.82
22 42 1485.99
22 43 1460.18
22 44 1437.6
22 45 1418.39
22 46 1402.61
22 47 1390.33
22 48 1381.55
22 49 1376.28
22 50 1374.52
22 51 1376.28
22 52 1381.55
22 53 1390.33
22 54 1402.61
22 55 1418.39
22 56 1437.6
22 57 1460.18
22 58 1485.99
22 59 1514.82
22 60 1546.37
22 61 1580.2
22 62 1615.69
22 63 1652.01
22 64 1688.1
22 65 1722.56
22 66 1753.69
22 67 1779.38
22 68 1797.16
22 69 1804.1
22 70 1796.95
22 71 1772.06
22 72 1725.66
22 73 1653.8
22 74 1552.78
22 75 1419.16
22 76 1250.26
22 77 1044.42
22 78 801.209
22 79 522.034
22 80 209.996
22 81 -129.565
22 82 -489.34
22 83 -859.89
22 84 -1230.16
22 85 -1587.77
22 86 -1919.64
22 87 -2212.7
22 88 -2454.56
22 89 -2634.37
22 90 -2743.27
22 91 -2775.13
22 92 -2726.68
22 93 -2597.87
22 94 -2391.56
22 95 -2113.57
22 96 -1772.13
22 97 -1377.57
22 98 -941.835
22 99 -478.027
22 100 0

23 0 0
23 1 -492.549
23 2 -968.448
23 3 -1411.64
23 4 -1807.22
23 5 -2142
23 6 -2405.13
23 7 -2588.46
23 8 -2687.11
23 9 -2699.59
23 10 -2628.01
23 11 -2477.81
23 12 -2257.63
23 13 -1978.51
23 14 -1653.47
23 15 -1296.46
23 16 -921.786
23 17 -543.064
23 18 -172.737
23 19 178.526
23 20 502.235
23 21 792.155
23 22 1044.42
23 23 1257.2
23 24 1430.71
23 25 1566.5
23 26 1667.47
23 27 1737.21
23 28 1779.83
23 29 1799.57
23 30 1800.62
23 31 1786.93
23 32 1762.06
23 33 1729.18
23 34 1690.96
23 35 1649.66
23 36 1607.07
23 37 1564.64
23 38 1523.44
23 39 1484.33
23 40 1447.86
23 41 1414.47
23 42 1384.37
23 43 1357.79
23 44 1334.74
23 45 1315.3
23 46 1299.43
23 47 1287.14
23 48 1278.38
23 49 1273.14
23 50 1271.39
23 51 1273.14
23 52 1278.38
23 53 1287.14
23 54 1299.43
23 55 1315.3
23 56 1334.74
23 57 1357.79
23 58 1384.37
23 59 1414.47
23 60 1447.86
23 61 1484.33
23 62 1523.44
23 63 1564.64
23 64 1607.07
23 65 1649.66
23 66 1690.96
23 67 1729.18
23 68 1762.06
23 69 1786.93
23 70 1800.62
23 71 1799.57
23 72 1779.83
23 73 1737.21
23 74 1667.47
23 75 1566.5
23 76 1430.71
23 77 1257.2
23 78 1044.42
23 79 792.155
23 80 502.235
23 81 178.526
23 82 -172.737
23 83 -543.064
23 84 -921.786
23 85 -1296.46
23 86 -1653.47
23 87 -1978.51
23 88 -2257.63
23 89 -2477.81
23 90 -2628.01
23 91 -2699.59
23 92 -2687.11
23 93 -2588.46
23 94 -2405.13
23 95 -2142
23 96 -1807.22
23 97 -1411.64
23 98 -968.448
23 99 -492.549
23 100 0

24 0 0
24 1 -502.128
24 2 -985.255
24 3 -1431.22
24 4 -1823.41
24 5 -2147.57
24 6 -2392.44
24 7 -2550.3
24 8 -2617.26
24 9 -2593.57
24 10 -2483.35
24 11 -2294.44
24 12 -2037.76
24 13 -1726.63
24 14 -1375.8
24 15 -1000.69
24 16 -616.298
24 17 -236.598
24 18 126.358
24 19 462.645
24 20 764.891
24 21 1028.24
24 22 1250.26
24 23 1430.71
24 24 1571
24 25 1674.09
24 26 1743.7
24 27 1784.3
24 28 1800.45
24 29 1796.74
24 30 1777.46
24 31 1746.53
24 32 1707.36
24 33 1662.87
24 34 1615.45
24 35 1567.04
24 36 1519.14
24 37 1472.86
24 38 1429.05
24 39 1388.24
24 40 1350.83
24 41 1317
24 42 1286.9
24 43 1260.51
24 44 1237.85
24 45 1218.83
24 46 1203.41
24 47 1191.49
24 48 1183.03
24 49 1177.97
24 50 1176.3
24 51 1177.97
24 52 1183.03
24 53 1191.49
24 54 1203.41
24 55 1218.83
24 56 1237.85
24 57 1260.51
24 58 1286.9
24 59 1317
24 60 1350.83
24 61 1388.24
24 62 1429.05
24 63 1472.86
24 64 1519.14
24 65 1567.04
24 66 1615.45
24 67 1662.87
24 68 1707.36
24 69 1746.53
24 70 1777.46
24 71 1796.74
24 72 1800.45
24 73 1784.3
24 74 1743.7
24 75 1674.09
24 76 1571
24 77 1430.71
24 78 1250.26
24 79 1028.24
24 80 764.891
24 81 462.645
24 82 126.358
24 83 -236.598
24 84 -616.298
24 85 -1000.69
24 86 -1375.8
24 87 -1726.63
24 88 -2037.76
24 89 -2294.44
24 90 -2483.35
24 91 -2593.57
24 92 -2617.26
24 93 -2550.3
24 94 -2392.44
24 95 -2147.57
24 96 -1823.41
24 97 -1431.22
24 98 -985.255
24 99 -502.128
24 100 0

25 0 0
25 1 -506.524
25 2 -991.823
25 3 -1435.75
25 4 -1820.21
25 5 -2130.02
25 6 -2353.78
25 7 -2484.27
25 8 -2518.91
25 9 -2459.67
25 10 -2312.89
25 11 -2088.68
25 12 -1800.24
25 13 -1462.81
25 14 -1092.82
25 15 -706.607
25 16 -319.712
25 17 54.1276
25 18 403.379
25 19 719.245
25 20 995.653
25 21 1229.27
25 22 1419.16
25 23 1566.5
25 24 1674.09
25 25 1745.79
25 26 1786.32
25 27 1800.58
25 28 1793.55
25 29 1769.9
25 30 1733.93
25 31 1689.33
25 32 1639.32
25 33 1586.44
25 34 1532.82
25 35 1479.98
25 36 1429.15
25 37 1381.12
25 38 1336.46
25 39 1295.5
25 40 1258.41
25 41 1225.25
25 42 1195.98
25 43 1170.55
25 44 1148.82
25 45 1130.69
25 46 1116.03
25 47 1104.76
25 48 1096.77
25 49 1092.01
25 50 1090.42
25 51 1092.01
25 52 1096.77
25 53 1104.76
25 54 1116.03
25 55 1130.69
25 56 1148.82
25 57 1170.55
25 58 1195.98
25 59 1225.25
25 60 1258.41
25 61 1295.5
25 62 1336.46
25 63 1381.12
25 64 1429.15
25 65 1479.98
25 66 1532.82
25 67 1586.44
25 68 1639.32
25 69 1689.33
25 70 1733.93
25 71 1769.9
25 72 1793.55
25 73 1800.58
25 74 1786.32
25 75 1745.79
25 76 1674.09
25 77 1566.5
25 78 1419.16
25 79 1229.27
25 80 995.653
25 81 719.245
25 82 403.379
25 83 54.1276
25 84 -319.712
25 85 -706.607
25 86 -1092.82
25 87 -1462.81
25 88 -1800.24
25 89 -2088.68
25 90 -2312.89
25 91 -2459.67
25 92 -2518.91
25 93 -2484.27
25 94 -2353.78
25 95 -2130.02
25 96 -1820.21
25 97 -1435.75
25 98 -991.823
25 99 -506.524
25 100 0

26 0 0
26 1 -505.594
26 2 -987.938
26 3 -1425.11
26 4 -1797.68
26 5 -2089.79
26 6 -2290.05
26 7 -2392
26 8 -2394.4
26 9 -2301.12
26 10 -2120.61
26 11 -1865.25
26 12 -1550.27
26 13 -1192.72
26 14 -810.163
26 15 -419.699
26 16 -36.8894
26 17 324.896
26 18 655.162
26 19 946.292
26 20 1193.76
26 21 1395.7
26 22 1552.78
26 23 1667.47
26 24 1743.7
26 25 1786.32
26 26 1800.56
26 27 1791.78
26 28 1765.06
26 29 1725.09
26 30 1675.94
26 31 1621.09
26 32 1563.34
26 33 1504.98
26 34 1447.66
26 35 1392.65
26 36 1340.79
26 37 1292.64
26 38 1248.49
26 39 1208.5
26 40 1172.65
26 41 1140.88
26 42 1113.04
26 43 1089.01
26 44 1068.57
26 45 1051.6
26 46 1037.92
26 47 1027.44
26 48 1020.01
26 49 1015.59
26 50 1014.11
26 51 1015.59
26 52 1020.01
26 53 1027.44
26 54 1037.92
26 55 1051.6
26 56 1068.57
26 57 1089.01
26 58 1113.04
26 59 1140.88
26 60 1172.65
26 61 1208.5
26 62 1248.49
26 63 1292.64
26 64 1340.79
26 65 1392.65
26 66 1447.66
26 67 1504.98
26 68 1563.34
26 69 1621.09
26 70 1675.94
26 71 1725.09
26 72 1765.06
26 73 1791.78
26 74 1800.56
26 75 1786.32
26 76 1743.7
26 77 1667.47
26 78 1552.78
26 79 1395.7
26 80 1193.76
26 81 946.292
26 82 655.162
26 83 324.896
26 84 -36.8894
26 85 -419.699
26 86 -810.163
26 87 -1192.72
26 88 -1550.27
26 89 -1865.25
26 90 -2120.61
26 91 -2301.12
26 92 -2394.4
26 93 -2392
26 94 -2290.05
26 95 -2089.79
26 96 -1797.68
26 97 -1425.11
26 98 -987.938
26 99 -505.594
26 100 0

27 0 0
27 1 -499.377
27 2 -973.719
27 3 -1399.55
27 4 -1756.38
27 5 -2027.85
27 6 -2202.81
27 7 -2275.65
27 8 -2246.65
27 9 -2121.5
27 10 -1910.79
27 11 -1628.92
27 12 -1293
27 13 -921.45
27 14 -532.823
27 15 -144.459
27 16 228.267
27 17 572.836
27 18 879.801
27 19 1143.08
27 20 1359.63
27 21 1529.2
27 22 1653.8
27 23 1737.21
27 24 1784.3
27 25 1800.58
27 26 1791.78
27 27 1763.4
27 28 1720.54
27 29 1667.7
27 30 1608.67
27 31 1546.58
27 32 1483.87
27 33 1422.39
27 34 1363.5
27 35 1308.05
27 36 1256.66
27 37 1209.56
27 38 1166.92
27 39 1128.63
27 40 1094.64
27 41 1064.7
27 42 1038.66
27 43 1016.24
27 44 997.305
27 45 981.597
27 46 969.005
27 47 959.336
27 48 952.531
27 49 948.46
27 50 947.125
27 51 948.46
27 52 952.531
27 53 959.336
27 54 969.005
27 55 981.597
27 56 997.305
27 57 1016.24
27 58 1038.66
27 59 1064.7
27 60 1094.64
27 61 1128.63
27 62 1166.92
27 63 1209.56
27 64 1256.66
27 65 1308.05
27 66 1363.5
27 67 1422.39
27 68 1483.87
27 69 1546.58
27 70 1608.67
27 71 1667.7
27 72 1720.54
27 73 1763.4
27 74 1791.78
27 75 1800.58
27 76 1784.3
27 77 1737.21
27 78 1653.8
27 79 1529.2
27 80 1359.63
27 81 1143.08
27 82 879.801
27 83 572.836
27 84 228.267
27 85 -144.459
27 86 -532.823
27 87 -921.45
27 88 -1293
27 89 -1628.92
27 90 -1910.79
27 91 -2121.5
27 92 -2246.65
27 93 -2275.65
27 94 -2202.81
27 95 -2027.85
27 96 -1756.38
27 97 -1399.55
27 98 -973.719
27 99 -499.377
27 100 0

28 0 0
28 1 -488.035
28 2 -949.526
28 3 -1359.74
28 4 -1697.31
28 5 -1945.7
28 6 -2094.09
28 7 -2137.93
28 8 -2078.94
28 9 -1924.71
28 10 -1687.73
28 11 -1384.33
28 12 -1033.11
28 13 -653.652
28 14 -264.986
28 15 115.493
28 16 473.044
28 17 796.098
28 18 1076.63
28 19 1310.01
28 20 1494.82
28 21 1632.24
28 22 1725.66
28 23 1779.83
28 24 1800.45
28 25 1793.55
28 26 1765.06
28 27 1720.54
28 28 1664.91
28 29 1602.38
28 30 1536.41
28 31 1469.71
28 32 1404.32
28 33 1341.69
28 34 1282.82
28 35 1228.29
28 36 1178.39
28 37 1133.2
28 38 1092.65
28 39 1056.58
28 40 1024.74
28 41 996.887
28 42 972.748
28 43 952.093
28 44 934.66
28 45 920.279
28 46 908.734
28 47 899.923
28 48 893.691
28 49 890.002
28 50 888.762
28 51 890.002
28 52 893.691
28 53 899.923
28 54 908.734
28 55 920.279
28 56 934.66
28 57 952.093
28 58 972.748
28 59 996.887
28 60 1024.74
28 61 1056.58
28 62 1092.65
28 63 1133.2
28 64 1178.39
28 65 1228.29
28 66 1282.82
28 67 1341.69
28 68 1404.32
28 69 1469.71
28 70 1536.41
28 71 1602.38
28 72 1664.91
28 73 1720.54
28 74 1765.06
28 75 1793.55
28 76 1800.45
28 77 1779.83
28 78 1725.66
28 79 1632.24
28 80 1494.82
28 81 1310.01
28 82 1076.63
28 83 796.098
28 84 473.044
28 85 115.493
28 86 -264.986
28 87 -653.652
28 88 -1033.11
28 89 -1384.33
28 90 -1687.73
28 91 -1924.71
28 92 -2078.94
28 93 -2137.93
28 94 -2094.09
