0 0 0
0 1 0
0 2 0
0 3 0
0 4 0
0 5 0
0 6 0
0 7 0
0 8 0
0 9 0
0 10 0
0 11 0
0 12 0
0 13 0
0 14 0
0 15 0
0 16 0
0 17 0
0 18 0
0 19 0
0 20 0
0 21 0
0 22 0
0 23 0
0 24 0
0 25 0
0 26 0
0 27 0
0 28 0
0 29 0
0 30 0
0 31 0
0 32 0
0 33 0
0 34 0
0 35 0
0 36 0
0 37 0
0 38 0
0 39 0
0 40 0
0 41 0
0 42 0
0 43 0
0 44 0
0 45 0
0 46 0
0 47 0
0 48 0
0 49 0
0 50 0
0 51 0
0 52 0
0 53 0
0 54 0
0 55 0
0 56 0
0 57 0
0 58 0
0 59 0
0 60 0
0 61 0
0 62 0
0 63 0
0 64 0
0 65 0
0 66 0
0 67 0
0 68 0
0 69 0
0 70 0
0 71 0
0 72 0
0 73 0
0 74 0
0 75 0
0 76 0
0 77 0
0 78 0
0 79 0
0 80 0
0 81 0
0 82 0
0 83 0
0 84 0
0 85 0
0 86 0
0 87 0
0 88 0
0 89 0
0 90 0
0 91 0
0 92 0
0 93 0
0 94 0
0 95 0
0 96 0
0 97 0
0 98 0
0 99 0
0 100 0

1 0 0
1 1 2.32467
1 2 4.68755
1 3 7.13957
1 4 9.71162
1 5 12.46
1 6 15.4208
1 7 18.6401
1 8 22.1638
1 9 26.0136
1 10 30.2265
1 11 34.7894
1 12 39.6865
1 13 44.8492
1 14 50.1556
1 15 55.433
1 16 60.4091
1 17 64.7424
1 18 67.9827
1 19 69.5899
1 20 68.9423
1 21 65.3586
1 22 58.139
1 23 46.623
1 24 30.2638
1 25 8.68982
1 26 -18.1723
1 27 -50.0579
1 28 -86.2757
1 29 -125.663
1 30 -166.601
1 31 -207.057
1 32 -244.653
1 33 -276.867
1 34 -301.169
1 35 -315.261
1 36 -317.256
1 37 -305.904
1 38 -280.734
1 39 -242.142
1 40 -191.401
1 41 -130.622
1 42 -62.6238
1 43 9.279
1 44 81.4534
1 45 150.207
1 46 211.997
1 47 263.658
1 48 302.546
1 49 326.702
1 50 334.891
1 51 326.702
1 52 302.546
1 53 263.658
1 54 211.997
1 55 150.207
1 56 81.4534
1 57 9.279
1 58 -62.6238
1 59 -130.622
1 60 -191.401
1 61 -242.142
1 62 -280.734
1 63 -305.904
1 64 -317.256
1 65 -315.261
1 66 -301.169
1 67 -276.867
1 68 -244.653
1 69 -207.057
1 70 -166.601
1 71 -125.663
1 72 -86.2757
1 73 -50.0579
1 74 -18.1723
1 75 8.68982
1 76 30.2638
1 77 46.623
1 78 58.139
1 79 65.3586
1 80 68.9423
1 81 69.5899
1 82 67.9827
1 83 64.7424
1 84 60.4091
1 85 55.433
1 86 50.1556
1 87 44.8492
1 88 39.6865
1 89 34.7894
1 90 30.2265
1 91 26.0136
1 92 22.1638
1 93 18.6401
1 94 15.4208
1 95 12.46
1 96 9.71162
1 97 7.13957
1 98 4.68755
1 99 2.32467
1 100 0

2 0 0
2 1 4.68755
2 2 9.45355
2 3 14.3985
2 4 19.5869
2 5 25.1281
2 6 31.0931
2 7 37.5728
2 8 44.6516
2 9 52.3752
2 10 60.8062
2 11 69.9208
2 12 79.6757
2 13 89.9312
2 14 100.433
2 15 110.83
2 16 120.57
2 17 128.967
2 18 135.122
2 19 137.964
2 20 136.263
2 21 128.682
2 22 113.838
2 23 90.4646
2 24 57.4685
2 25 14.1761
2 26 -39.5368
2 27 -103.136
2 28 -175.164
2 29 -253.35
2 30 -334.46
2 31 -414.439
2 32 -488.635
2 33 -552.053
2 34 -599.695
2 35 -627.038
2 36 -630.411
2 37 -607.334
2 38 -556.908
2 39 -479.94
2 40 -378.966
2 41 -258.143
2 42 -123.047
2 43 19.7364
2 44 163.011
2 45 299.476
2 46 422.129
2 47 524.677
2 48 601.87
2 49 649.806
2 50 666.058
2 51 649.806
2 52 601.87
2 53 524.677
2 54 422.129
2 55 299.476
2 56 163.011
2 57 19.7364
2 58 -123.047
2 59 -258.143
2 60 -378.966
2 61 -479.94
2 62 -556.908
2 63 -607.334
2 64 -630.411
2 65 -627.038
2 66 -599.695
2 67 -552.053
2 68 -488.635
2 69 -414.439
2 70 -334.46
2 71 -253.35
2 72 -175.164
2 73 -103.136
2 74 -39.5368
2 75 14.1761
2 76 57.4685
2 77 90.4646
2 78 113.838
2 79 128.682
2 80 136.263
2 81 137.964
2 82 135.122
2 83 128.967
2 84 120.57
2 85 110.83
2 86 100.433
2 87 89.9312
2 88 79.6757
2 89 69.9208
2 90 60.8062
2 91 52.3752
2 92 44.6516
2 93 37.5728
2 94 31.0931
2 95 25.1281
2 96 19.5869
2 97 14.3985
2 98 9.45355
2 99 4.68755
2 100 0

3 0 0
3 1 7.13957
3 2 14.3985
3 3 21.92
3 4 29.8099
3 5 38.221
3 6 47.2666
3 7 57.0748
3 8 67.7673
3 9 79.4068
3 10 92.0702
3 11 105.711
3 12 120.245
3 13 135.44
3 14 150.908
3 15 166.092
3 16 180.167
3 17 192.09
3 18 200.523
3 19 203.873
3 20 200.33
3 21 187.929
3 22 164.684
3 23 128.74
3 24 78.6029
3 25 13.313
3 26 -67.224
3 27 -162.095
3 28 -269.172
3 29 -384.966
3 30 -504.7
3 31 -622.422
3 32 -731.23
3 33 -823.821
3 34 -892.912
3 35 -931.905
3 36 -935.419
3 37 -899.913
3 38 -824.101
3 39 -709.195
3 40 -558.949
3 41 -379.54
3 42 -179.179
3 43 32.4473
3 44 244.737
3 45 446.897
3 46 628.561
3 47 780.443
3 48 894.779
3 49 965.798
3 50 989.873
3 51 965.798
3 52 894.779
3 53 780.443
3 54 628.561
3 55 446.897
3 56 244.737
3 57 32.4473
3 58 -179.179
3 59 -379.54
3 60 -558.949
3 61 -709.195
3 62 -824.101
3 63 -899.913
3 64 -935.419
3 65 -931.905
3 66 -892.912
3 67 -823.821
3 68 -731.23
3 69 -622.422
3 70 -504.7
3 71 -384.966
3 72 -269.172
3 73 -162.095
3 74 -67.224
3 75 13.313
3 76 78.6029
3 77 128.74
3 78 164.684
3 79 187.929
3 80 200.33
3 81 203.873
3 82 200.523
3 83 192.09
3 84 180.167
3 85 166.092
3 86 150.908
3 87 135.44
3 88 120.245
3 89 105.711
3 90 92.0702
3 91 79.4068
3 92 67.7673
3 93 57.0748
3 94 47.2666
3 95 38.221
3 96 29.8099
3 97 21.92
3 98 14.3985
3 99 7.13957
3 100 0

4 0 0
4 1 9.71162
4 2 19.5869
4 3 29.8099
4 4 40.5308
4 5 51.9401
4 6 64.1879
4 7 77.4359
4 8 91.8237
4 9 107.434
4 10 124.327
4 11 142.436
4 12 161.605
4 13 181.501
4 14 201.571
4 15 221.042
4 16 238.795
4 17 253.429
4 18 263.171
4 19 265.938
4 20 259.376
4 21 240.975
4 22 208.189
4 23 158.735
4 24 90.7261
4 25 3.10578
4 26 -104.125
4 27 -229.667
4 28 -370.526
4 29 -522.153
4 30 -678.237
4 31 -830.976
4 32 -971.506
4 33 -1090.36
4 34 -1178.15
4 35 -1226.43
4 36 -1228.36
4 37 -1179.42
4 38 -1078.04
4 39 -925.881
4 40 -727.875
4 41 -492.036
4 42 -229.05
4 43 48.4468
4 44 326.651
4 45 591.501
4 46 829.497
4 47 1028.47
4 48 1178.27
4 49 1271.29
4 50 1302.84
4 51 1271.29
4 52 1178.27
4 53 1028.47
4 54 829.497
4 55 591.501
4 56 326.651
4 57 48.4468
4 58 -229.05
4 59 -492.036
4 60 -727.875
4 61 -925.881
4 62 -1078.04
4 63 -1179.42
4 64 -1228.36
4 65 -1226.43
4 66 -1178.15
4 67 -1090.36
4 68 -971.506
4 69 -830.976
4 70 -678.237
4 71 -522.153
4 72 -370.526
4 73 -229.667
4 74 -104.125
4 75 3.10578
4 76 90.7261
4 77 158.735
4 78 208.189
4 79 240.975
4 80 259.376
4 81 265.938
4 82 263.171
4 83 253.429
4 84 238.795
4 85 221.042
4 86 201.571
4 87 181.501
4 88 161.605
4 89 142.436
4 90 124.327
4 91 107.434
4 92 91.8237
4 93 77.4359
4 94 64.1879
4 95 51.9401
4 96 40.5308
4 97 29.8099
4 98 19.5869
4 99 9.71162
4 100 0

5 0 0
5 1 12.46
5 2 25.1281
5 3 38.221
5 4 51.9401
5 5 66.5005
5 6 82.0951
5 7 98.9039
5 8 117.081
5 9 136.709
5 10 157.819
5 11 180.292
5 12 203.883
5 13 228.121
5 14 252.28
5 15 275.329
5 16 295.868
5 17 312.12
5 18 321.904
5 19 322.672
5 20 311.593
5 21 285.664
5 22 241.944
5 23 177.748
5 24 91.058
5 25 -19.2488
5 26 -152.936
5 27 -308.135
5 28 -481.153
5 29 -666.202
5 30 -855.595
5 31 -1039.91
5 32 -1208.38
5 33 -1349.7
5 34 -1452.7
5 35 -1507.33
5 36 -1505.48
5 37 -1441.91
5 38 -1314.84
5 39 -1126.37
5 40 -882.537
5 41 -593.096
5 42 -270.981
5 43 68.5176
5 44 408.668
5 45 732.385
5 46 1023.22
5 47 1266.38
5 48 1449.45
5 49 1563.15
5 50 1601.7
5 51 1563.15
5 52 1449.45
5 53 1266.38
5 54 1023.22
5 55 732.385
5 56 408.668
5 57 68.5176
5 58 -270.981
5 59 -593.096
5 60 -882.537
5 61 -1126.37
5 62 -1314.84
5 63 -1441.91
5 64 -1505.48
5 65 -1507.33
5 66 -1452.7
5 67 -1349.7
5 68 -1208.38
5 69 -1039.91
5 70 -855.595
5 71 -666.202
5 72 -481.153
5 73 -308.135
5 74 -152.936
5 75 -19.2488
5 76 91.058
5 77 177.748
5 78 241.944
5 79 285.664
5 80 311.593
5 81 322.672
5 82 321.904
5 83 312.12
5 84 295.868
5 85 275.329
5 86 252.28
5 87 228.121
5 88 203.883
5 89 180.292
5 90 157.819
5 91 136.709
5 92 117.081
5 93 98.9039
5 94 82.0951
5 95 66.5005
5 96 51.9401
5 97 38.221
5 98 25.1281
5 99 12.46
5 100 0

6 0 0
6 1 15.4208
6 2 31.0931
6 3 47.2666
6 4 64.1879
6 5 82.0951
6 6 101.209
6 7 121.724
6 8 143.781
6 9 167.459
6 10 192.717
6 11 219.381
6 12 247.068
6 13 275.158
6 14 302.709
6 15 328.428
6 16 350.606
6 17 367.106
6 18 375.352
6 19 372.395
6 20 354.984
6 21 319.766
6 22 263.461
6 23 183.244
6 24 76.9785
6 25 -56.2568
6 26 -215.891
6 27 -399.499
6 28 -602.438
6 29 -817.931
6 30 -1036.93
6 31 -1248.52
6 32 -1440.45
6 33 -1599.77
6 34 -1713.87
6 35 -1771.38
6 36 -1763.29
6 37 -1683.76
6 38 -1530.95
6 39 -1307.41
6 40 -1020.21
6 41 -680.607
6 42 -303.542
6 43 93.3098
6 44 490.618
6 45 868.577
6 46 1208.12
6 47 1491.98
6 48 1705.73
6 49 1838.49
6 50 1883.51
6 51 1838.49
6 52 1705.73
6 53 1491.98
6 54 1208.12
6 55 868.577
6 56 490.618
6 57 93.3098
6 58 -303.542
6 59 -680.607
6 60 -1020.21
6 61 -1307.41
6 62 -1530.95
6 63 -1683.76
6 64 -1763.29
6 65 -1771.38
6 66 -1713.87
6 67 -1599.77
6 68 -1440.45
6 69 -1248.52
6 70 -1036.93
6 71 -817.931
6 72 -602.438
6 73 -399.499
6 74 -215.891
6 75 -56.2568
6 76 76.9785
6 77 183.244
6 78 263.461
6 79 319.766
6 80 354.984
6 81 372.395
6 82 375.352
6 83 367.106
6 84 350.606
6 85 328.428
6 86 302.709
6 87 275.158
6 88 247.068
6 89 219.381
6 90 192.717
6 91 167.459
6 92 143.781
6 93 121.724
6 94 101.209
6 95 82.0951
6 96 64.1879
6 97 47.2666
6 98 31.0931
6 99 15.4208
6 100 0

7 0 0
7 1 18.6401
7 2 37.5728
7 3 57.0748
7 4 77.4359
7 5 98.9039
7 6 121.724
7 7 146.079
7 8 172.094
7 9 199.801
7 10 229.081
7 11 259.654
7 12 290.99
7 13 322.264
7 14 352.318
7 15 379.554
7 16 401.972
7 17 417.068
7 18 421.93
7 19 413.248
7 20 387.476
7 21 340.986
7 22 270.391
7 23 172.766
7 24 46.1778
7 25 -110.054
7 26 -294.869
7 27 -505.084
7 28 -735.309
7 29 -977.612
7 30 -1221.84
7 31 -1455.85
7 32 -1666.05
7 33 -1838.34
7 34 -1958.94
7 35 -2015.6
7 36 -1998.58
7 37 -1901.77
7 38 -1723.33
7 39 -1466.3
7 40 -1138.6
7 41 -752.859
7 42 -325.687
7 43 123.195
7 44 572.201
7 45 999.167
7 46 1382.67
7 47 1703.31
7 48 1944.78
7 49 2094.76
7 50 2145.61
7 51 2094.76
7 52 1944.78
7 53 1703.31
7 54 1382.67
7 55 999.167
7 56 572.201
7 57 123.195
7 58 -325.687
7 59 -752.859
7 60 -1138.6
7 61 -1466.3
7 62 -1723.33
7 63 -1901.77
7 64 -1998.58
7 65 -2015.6
7 66 -1958.94
7 67 -1838.34
7 68 -1666.05
7 69 -1455.85
7 70 -1221.84
7 71 -977.612
7 72 -735.309
7 73 -505.084
7 74 -294.869
7 75 -110.054
7 76 46.1778
7 77 172.766
7 78 270.391
7 79 340.986
7 80 387.476
7 81 413.248
7 82 421.93
7 83 417.068
7 84 401.972
7 85 379.554
7 86 352.318
7 87 322.264
7 88 290.99
7 89 259.654
7 90 229.081
7 91 199.801
7 92 172.094
7 93 146.079
7 94 121.724
7 95 98.9039
7 96 77.4359
7 97 57.0748
7 98 37.5728
7 99 18.6401
7 100 0

8 0 0
8 1 22.1638
8 2 44.6516
8 3 67.7673
8 4 91.8237
8 5 117.081
8 6 143.781
8 7 172.094
8 8 202.089
8 9 233.742
8 10 266.812
8 11 300.893
8 12 335.253
8 13 368.861
8 14 400.289
8 15 427.652
8 16 448.637
8 17 460.429
8 18 459.806
8 19 443.207
8 20 406.863
8 21 347.075
8 22 260.409
8 23 144.164
8 24 -3.36584
8 25 -182.344
8 26 -391.104
8 27 -625.758
8 28 -879.961
8 29 -1144.92
8 30 -1409.44
8 31 -1660.39
8 32 -1883.27
8 33 -2063.05
8 34 -2185.31
8 35 -2237.15
8 36 -2208.55
8 37 -2093.23
8 38 -1889.53
8 39 -1600.89
8 40 -1236.02
8 41 -808.632
8 42 -336.738
8 43 158.288
8 44 653.008
8 45 1123.23
8 46 1545.54
8 47 1898.63
8 48 2164.59
8 49 2329.79
8 50 2385.83
8 51 2329.79
8 52 2164.59
8 53 1898.63
8 54 1545.54
8 55 1123.23
8 56 653.008
8 57 158.288
8 58 -336.738
8 59 -808.632
8 60 -1236.02
8 61 -1600.89
8 62 -1889.53
8 63 -2093.23
8 64 -2208.55
8 65 -2237.15
8 66 -2185.31
8 67 -2063.05
8 68 -1883.27
8 69 -1660.39
8 70 -1409.44
8 71 -1144.92
8 72 -879.961
8 73 -625.758
8 74 -391.104
8 75 -182.344
8 76 -3.36584
8 77 144.164
8 78 260.409
8 79 347.075
8 80 406.863
8 81 443.207
8 82 459.806
8 83 460.429
8 84 448.637
8 85 427.652
8 86 400.289
8 87 368.861
8 88 335.253
8 89 300.893
8 90 266.812
8 91 233.742
8 92 202.089
8 93 172.094
8 94 143.781
8 95 117.081
8 96 91.8237
8 97 67.7673
8 98 44.6516
8 99 22.1638
8 100 0

9 0 0
9 1 26.0136
9 2 52.3752
9 3 79.4068
9 4 107.434
9 5 136.709
9 6 167.459
9 7 199.801
9 8 233.742
9 9 269.147
9 10 305.645
9 11 342.644
9 12 379.216
9 13 414.065
9 14 445.505
9 15 471.342
9 16 488.986
9 17 495.328
9 18 486.93
9 19 460.054
9 20 410.885
9 21 335.74
9 22 231.428
9 23 95.5048
9 24 -73.1861
9 25 -274.246
9 26 -505.293
9 27 -761.581
9 28 -1036.02
9 29 -1318.88
9 30 -1598.25
9 31 -1860.27
9 32 -2089.84
9 33 -2271.5
9 34 -2390.42
9 35 -2433.57
9 36 -2390.81
9 37 -2255.98
9 38 -2027.62
9 39 -1709.65
9 40 -1311.34
9 41 -847.241
9 42 -336.404
9 43 198.486
9 44 732.506
9 45 1239.87
9 46 1695.5
9 47 2076.5
9 48 2363.51
9 49 2541.84
9 50 2602.3
9 51 2541.84
9 52 2363.51
9 53 2076.5
9 54 1695.5
9 55 1239.87
9 56 732.506
9 57 198.486
9 58 -336.404
9 59 -847.241
9 60 -1311.34
9 61 -1709.65
9 62 -2027.62
9 63 -2255.98
9 64 -2390.81
9 65 -2433.57
9 66 -2390.42
9 67 -2271.5
9 68 -2089.84
9 69 -1860.27
9 70 -1598.25
9 71 -1318.88
9 72 -1036.02
9 73 -761.581
9 74 -505.293
9 75 -274.246
9 76 -73.1861
9 77 95.5048
9 78 231.428
9 79 335.74
9 80 410.885
9 81 460.054
9 82 486.93
9 83 495.328
9 84 488.986
9 85 471.342
9 86 445.505
9 87 414.065
9 88 379.216
9 89 342.644
9 90 305.645
9 91 269.147
9 92 233.742
9 93 199.801
9 94 167.459
9 95 136.709
9 96 107.434
9 97 79.4068
9 98 52.3752
9 99 26.0136
9 100 0

10 0 0
10 1 30.2265
10 2 60.8062
10 3 92.0702
10 4 124.327
10 5 157.819
10 6 192.717
10 7 229.081
10 8 266.812
10 9 305.645
10 10 345.033
10 11 384.185
10 12 421.919
10 13 456.69
10 14 486.508
10 15 508.924
10 16 521.068
10 17 519.639
10 18 501.042
10 19 461.513
10 20 397.285
10 21 304.935
10 22 181.569
10 23 25.3344
10 24 -164.355
10 25 -386.325
10 26 -637.375
10 27 -912.011
10 28 -1202.29
10 29 -1497.9
10 30 -1786.29
10 31 -2053.24
10 32 -2283.42
10 33 -2461.24
10 34 -2571.98
10 35 -2602.69
10 36 -2543.48
10 37 -2388.45
10 38 -2136.47
10 39 -1791.74
10 40 -1364.04
10 41 -868.466
10 42 -324.812
10 43 243.368
10 44 810.078
10 45 1348.27
10 46 1831.56
10 47 2235.73
10 48 2540.29
10 49 2729.53
10 50 2793.73
10 51 2729.53
10 52 2540.29
10 53 2235.73
10 54 1831.56
10 55 1348.27
10 56 810.078
10 57 243.368
10 58 -324.812
10 59 -868.466
10 60 -1364.04
10 61 -1791.74
10 62 -2136.47
10 63 -2388.45
10 64 -2543.48
10 65 -2602.69
10 66 -2571.98
10 67 -2461.24
10 68 -2283.42
10 69 -2053.24
10 70 -1786.29
10 71 -1497.9
10 72 -1202.29
10 73 -912.011
10 74 -637.375
10 75 -386.325
10 76 -164.355
10 77 25.3344
10 78 181.569
10 79 304.935
10 80 397.285
10 81 461.513
10 82 501.042
10 83 519.639
10 84 521.068
10 85 508.924
10 86 486.508
10 87 456.69
10 88 421.919
10 89 384.185
10 90 345.033
10 91 305.645
10 92 266.812
10 93 229.081
10 94 192.717
10 95 157.819
10 96 124.327
10 97 92.0702
10 98 60.8062
10 99 30.2265
10 100 0

11 0 0
11 1 34.7894
11 2 69.9208
11 3 105.711
11 4 142.436
11 5 180.292
11 6 219.381
11 7 259.654
11 8 300.893
11 9 342.644
11 10 384.185
11 11 424.465
11 12 462.066
11 13 495.153
11 14 521.479
11 15 538.337
11 16 542.657
11 17 531.001
11 18 499.751
11 19 445.215
11 20 363.896
11 21 252.708
11 22 109.365
11 23 -67.385
11 24 -277.292
11 25 -518.372
11 26 -786.6
11 27 -1075.66
11 28 -1376.99
11 29 -1679.73
11 30 -1971.09
11 31 -2236.71
11 32 -2461.41
11 33 -2629.93
11 34 -2727.86
11 35 -2742.8
11 36 -2665.25
11 37 -2489.74
11 38 -2215.45
11 39 -1846.95
11 40 -1394.22
11 41 -872.656
11 42 -302.434
11 43 292.354
11 44 885
11 45 1447.64
11 46 1952.87
11 47 2375.5
11 48 2694.01
11 49 2892
11 50 2959.16
11 51 2892
11 52 2694.01
11 53 2375.5
11 54 1952.87
11 55 1447.64
11 56 885
11 57 292.354
11 58 -302.434
11 59 -872.656
11 60 -1394.22
11 61 -1846.95
11 62 -2215.45
11 63 -2489.74
11 64 -2665.25
11 65 -2742.8
11 66 -2727.86
11 67 -2629.93
11 68 -2461.41
11 69 -2236.71
11 70 -1971.09
11 71 -1679.73
11 72 -1376.99
11 73 -1075.66
11 74 -786.6
11 75 -518.372
11 76 -277.292
11 77 -67.385
11 78 109.365
11 79 252.708
11 80 363.896
11 81 445.215
11 82 499.751
11 83 531.001
11 84 542.657
11 85 538.337
11 86 521.479
11 87 495.153
11 88 462.066
11 89 424.465
11 90 384.185
11 91 342.644
11 92 300.893
11 93 259.654
11 94 219.381
11 95 180.292
11 96 142.436
11 97 105.711
11 98 69.9208
11 99 34.7894
11 100 0

12 0 0
12 1 39.6865
12 2 79.6757
12 3 120.245
12 4 161.605
12 5 203.883
12 6 247.068
12 7 290.99
12 8 335.253
12 9 379.216
12 10 421.919
12 11 462.066
12 12 497.963
12 13 527.525
12 14 548.237
12 15 557.223
12 16 551.252
12 17 526.889
12 18 480.583
12 19 408.907
12 20 308.73
12 21 177.567
12 22 13.7696
12 23 -183.033
12 24 -411.756
12 25 -669.514
12 26 -951.412
12 27 -1250.48
12 28 -1557.6
12 29 -1861.64
12 30 -2149.77
12 31 -2407.92
12 32 -2621.32
12 33 -2775.35
12 34 -2856.39
12 35 -2852.65
12 36 -2755.38
12 37 -2559.56
12 38 -2264.79
12 39 -1875.74
12 40 -1402.53
12 41 -860.57
12 42 -270.114
12 43 344.603
12 44 956.529
12 45 1537.28
12 46 2058.83
12 47 2495.21
12 48 2824.21
12 49 3028.75
12 50 3098.16
12 51 3028.75
12 52 2824.21
12 53 2495.21
12 54 2058.83
12 55 1537.28
12 56 956.529
12 57 344.603
12 58 -270.114
12 59 -860.57
12 60 -1402.53
12 61 -1875.74
12 62 -2264.79
12 63 -2559.56
12 64 -2755.38
12 65 -2852.65
12 66 -2856.39
12 67 -2775.35
12 68 -2621.32
12 69 -2407.92
12 70 -2149.77
12 71 -1861.64
12 72 -1557.6
12 73 -1250.48
12 74 -951.412
12 75 -669.514
12 76 -411.756
12 77 -183.033
12 78 13.7696
12 79 177.567
12 80 308.73
12 81 408.907
12 82 480.583
12 83 526.889
12 84 551.252
12 85 557.223
12 86 548.237
12 87 527.525
12 88 497.963
12 89 462.066
12 90 421.919
12 91 379.216
12 92 335.253
12 93 290.99
12 94 247.068
12 95 203.883
12 96 161.605
12 97 120.245
12 98 79.6757
12 99 39.6865
12 100 0

13 0 0
13 1 44.8492
13 2 89.9312
13 3 135.44
13 4 181.501
13 5 228.121
13 6 275.158
13 7 322.264
13 8 368.861
13 9 414.065
13 10 456.69
13 11 495.153
13 12 527.525
13 13 551.461
13 14 564.263
13 15 562.92
13 16 544.175
13 17 504.678
13 18 441.129
13 19 350.466
13 20 230.166
13 21 78.3812
13 22 -105.617
13 23 -321.352
13 24 -566.753
13 25 -838.028
13 26 -1129.53
13 27 -1433.69
13 28 -1741.02
13 29 -2040.38
13 30 -2319.22
13 31 -2563.95
13 32 -2760.66
13 33 -2895.63
13 34 -2956.19
13 35 -2931.59
13 36 -2813.78
13 37 -2598.36
13 38 -2285.22
13 39 -1879.17
13 40 -1390.17
13 41 -833.43
13 42 -228.96
13 43 399.155
13 44 1023.86
13 45 1616.62
13 46 2149.03
13 47 2594.66
13 48 2930.72
13 49 3139.75
13 50 3210.67
13 51 3139.75
13 52 2930.72
13 53 2594.66
13 54 2149.03
13 55 1616.62
13 56 1023.86
13 57 399.155
13 58 -228.96
13 59 -833.43
13 60 -1390.17
13 61 -1879.17
13 62 -2285.22
13 63 -2598.36
13 64 -2813.78
13 65 -2931.59
13 66 -2956.19
13 67 -2895.63
13 68 -2760.66
13 69 -2563.95
13 70 -2319.22
13 71 -2040.38
13 72 -1741.02
13 73 -1433.69
13 74 -1129.53
13 75 -838.028
13 76 -566.753
13 77 -321.352
13 78 -105.617
13 79 78.3812
13 80 230.166
13 81 350.466
13 82 441.129
13 83 504.678
13 84 544.175
13 85 562.92
13 86 564.263
13 87 551.461
13 88 527.525
13 89 495.153
13 90 456.69
13 91 414.065
13 92 368.861
13 93 322.264
13 94 275.158
13 95 228.121
13 96 181.501
13 97 135.44
13 98 89.9312
13 99 44.8492
13 100 0

14 0 0
14 1 50.1556
14 2 100.433
14 3 150.908
14 4 201.571
14 5 252.28
14 6 302.709
14 7 352.318
14 8 400.289
14 9 445.505
14 10 486.508
14 11 521.479
14 12 548.237
14 13 564.263
14 14 566.714
14 15 552.568
14 16 518.627
14 17 461.794
14 18 379.123
14 19 268.134
14 20 126.969
14 21 -45.3181
14 22 -248.578
14 23 -481.297
14 24 -740.469
14 25 -1021.46
14 26 -1317.92
14 27 -1621.86
14 28 -1923.68
14 29 -2212.44
14 30 -2476.11
14 31 -2701.99
14 32 -2877.18
14 33 -2989.17
14 34 -3026.51
14 35 -2979.49
14 36 -2841
14 37 -2607.16
14 38 -2278.21
14 39 -1858.84
14 40 -1358.81
14 41 -792.797
14 42 -180.349
14 43 454.921
14 44 1086.23
14 45 1685.18
14 46 2223.29
14 47 2673.85
14 48 3013.8
14 49 3225.3
14 50 3297.09
14 51 3225.3
14 52 3013.8
14 53 2673.85
14 54 2223.29
14 55 1685.18
14 56 1086.23
14 57 454.921
14 58 -180.349
14 59 -792.797
14 60 -1358.81
14 61 -1858.84
14 62 -2278.21
14 63 -2607.16
14 64 -2841
14 65 -2979.49
14 66 -3026.51
14 67 -2989.17
14 68 -2877.18
14 69 -2701.99
14 70 -2476.11
14 71 -2212.44
14 72 -1923.68
14 73 -1621.86
14 74 -1317.92
14 75 -1021.46
14 76 -740.469
14 77 -481.297
14 78 -248.578
14 79 -45.3181
14 80 126.969
14 81 268.134
14 82 379.123
14 83 461.794
14 84 518.627
14 85 552.568
14 86 566.714
14 87 564.263
14 88 548.237
14 89 521.479
14 90 486.508
14 91 445.505
14 92 400.289
14 93 352.318
14 94 302.709
14 95 252.28
14 96 201.571
14 97 150.908
14 98 100.433
14 99 50.1556
14 100 0

15 0 0
15 1 55.433
15 2 110.83
15 3 166.092
15 4 221.042
15 5 275.329
15 6 328.428
15 7 379.554
15 8 427.652
15 9 471.342
15 10 508.924
15 11 538.337
15 12 557.223
15 13 562.92
15 14 552.568
15 15 523.203
15 16 471.864
15 17 395.808
15 18 292.649
15 19 160.566
15 20 -1.40959
15 21 -193.356
15 22 -414.043
15 23 -661.02
15 24 -930.344
15 25 -1216.6
15 26 -1512.94
15 27 -1811.12
15 28 -2101.66
15 29 -2374.1
15 30 -2617.21
15 31 -2819.37
15 32 -2969
15 33 -3054.94
15 34 -3067.06
15 35 -2996.9
15 36 -2838.17
15 37 -2587.67
15 38 -2245.71
15 39 -1816.9
15 40 -1310.46
15 41 -740.511
15 42 -125.788
15 43 510.752
15 44 1142.92
15 45 1742.65
15 46 2281.64
15 47 2733.17
15 48 3073.99
15 49 3286.13
15 50 3358.14
15 51 3286.13
15 52 3073.99
15 53 2733.17
15 54 2281.64
15 55 1742.65
15 56 1142.92
15 57 510.752
15 58 -125.788
15 59 -740.511
15 60 -1310.46
15 61 -1816.9
15 62 -2245.71
15 63 -2587.67
15 64 -2838.17
15 65 -2996.9
15 66 -3067.06
15 67 -3054.94
15 68 -2969
15 69 -2819.37
15 70 -2617.21
15 71 -2374.1
15 72 -2101.66
15 73 -1811.12
15 74 -1512.94
15 75 -1216.6
15 76 -930.344
15 77 -661.02
15 78 -414.043
15 79 -193.356
15 80 -1.40959
15 81 160.566
15 82 292.649
15 83 395.808
15 84 471.864
15 85 523.203
15 86 552.568
15 87 562.92
15 88 557.223
15 89 538.337
15 90 508.924
15 91 471.342
15 92 427.652
15 93 379.554
15 94 328.428
15 95 275.329
15 96 221.042
15 97 166.092
15 98 110.83
15 99 55.433
15 100 0

16 0 0
16 1 60.4091
16 2 120.57
16 3 180.167
16 4 238.795
16 5 295.868
16 6 350.606
16 7 401.972
16 8 448.637
16 9 488.986
16 10 521.068
16 11 542.657
16 12 551.252
16 13 544.175
16 14 518.627
16 15 471.864
16 16 401.275
16 17 304.645
16 18 180.237
16 19 27.0927
16 20 -154.892
16 21 -364.704
16 22 -600.182
16 23 -857.859
16 24 -1132.98
16 25 -1419.55
16 26 -1710.35
16 27 -1997.15
16 28 -2270.84
16 29 -2521.65
16 30 -2739.4
16 31 -2913.78
16 32 -3034.65
16 33 -3092.36
16 34 -3078.23
16 35 -2984.92
16 36 -2807.14
16 37 -2542.05
16 38 -2190.18
16 39 -1755.78
16 40 -1247.52
16 41 -678.61
16 42 -66.9298
16 43 565.503
16 44 1193.24
16 45 1788.84
16 46 2324.33
16 47 2773.17
16 48 3112.16
16 49 3323.24
16 50 3394.92
16 51 3323.24
16 52 3112.16
16 53 2773.17
16 54 2324.33
16 55 1788.84
16 56 1193.24
16 57 565.503
16 58 -66.9298
16 59 -678.61
16 60 -1247.52
16 61 -1755.78
16 62 -2190.18
16 63 -2542.05
16 64 -2807.14
16 65 -2984.92
16 66 -3078.23
16 67 -3092.36
16 68 -3034.65
16 69 -2913.78
16 70 -2739.4
16 71 -2521.65
16 72 -2270.84
16 73 -1997.15
16 74 -1710.35
16 75 -1419.55
16 76 -1132.98
16 77 -857.859
16 78 -600.182
16 79 -364.704
16 80 -154.892
16 81 27.0927
16 82 180.237
16 83 304.645
16 84 401.275
16 85 471.864
16 86 518.627
16 87 544.175
16 88 551.252
16 89 542.657
16 90 521.068
16 91 488.986
16 92 448.637
16 93 401.972
16 94 350.606
16 95 295.868
16 96 238.795
16 97 180.167
16 98 120.57
16 99 60.4091
16 100 0

17 0 0
17 1 64.7424
17 2 128.967
17 3 192.09
17 4 253.429
17 5 312.12
17 6 367.106
17 7 417.068
17 8 460.429
17 9 495.328
17 10 519.639
17 11 531.001
17 12 526.889
17 13 504.678
17 14 461.794
17 15 395.808
17 16 304.645
17 17 186.705
17 18 41.0972
17 19 -132.282
17 20 -332.472
17 21 -557.53
17 22 -804.242
17 23 -1068.34
17 24 -1344.37
17 25 -1625.89
17 26 -1905.62
17 27 -2175.54
17 28 -2427.12
17 29 -2651.57
17 30 -2839.93
17 31 -2983.36
17 32 -3073.27
17 33 -3101.56
17 34 -3060.96
17 35 -2945.34
17 36 -2750.13
17 37 -2473.05
17 38 -2114.47
17 39 -1678.32
17 40 -1172.47
17 41 -609.254
17 42 -5.39995
17 43 618.071
17 44 1236.69
17 45 1823.74
17 46 2351.83
17 47 2794.75
17 48 3129.45
17 49 3337.94
17 50 3408.75
17 51 3337.94
17 52 3129.45
17 53 2794.75
17 54 2351.83
17 55 1823.74
17 56 1236.69
17 57 618.071
17 58 -5.39995
17 59 -609.254
17 60 -1172.47
17 61 -1678.32
17 62 -2114.47
17 63 -2473.05
17 64 -2750.13
17 65 -2945.34
17 66 -3060.96
17 67 -3101.56
17 68 -3073.27
17 69 -2983.36
17 70 -2839.93
17 71 -2651.57
17 72 -2427.12
17 73 -2175.54
17 74 -1905.62
17 75 -1625.89
17 76 -1344.37
17 77 -1068.34
17 78 -804.242
17 79 -557.53
17 80 -332.472
17 81 -132.282
17 82 41.0972
17 83 186.705
17 84 304.645
17 85 395.808
17 86 461.794
17 87 504.678
17 88 526.889
17 89 531.001
17 90 519.639
17 91 495.328
17 92 460.429
17 93 417.068
17 94 367.106
17 95 312.12
17 96 253.429
17 97 192.09
17 98 128.967
17 99 64.7424
17 100 0

18 0 0
18 1 67.9827
18 2 135.122
18 3 200.523
18 4 263.171
18 5 321.904
18 6 375.352
18 7 421.93
18 8 459.806
18 9 486.93
18 10 501.042
18 11 499.751
18 12 480.583
18 13 441.129
18 14 379.123
18 15 292.649
18 16 180.237
18 17 41.0972
18 18 -124.826
18 19 -316.588
18 20 -532.336
18 21 -769.029
18 22 -1022.7
18 23 -1288.26
18 24 -1559.84
18 25 -1830.8
18 26 -2093.95
18 27 -2341.77
18 28 -2566.59
18 29 -2760.7
18 30 -2916.56
18 31 -3026.86
18 32 -3084.61
18 33 -3083.26
18 34 -3016.87
18 35 -2880.38
18 36 -2670.02
18 37 -2383.66
18 38 -2021.69
18 39 -1587.43
18 40 -1087.99
18 41 -534.577
18 42 57.1776
18 43 667.452
18 44 1272.85
18 45 1847.54
18 46 2364.81
18 47 2798.93
18 48 3127.21
18 49 3331.78
18 50 3401.29
18 51 3331.78
18 52 3127.21
18 53 2798.93
18 54 2364.81
18 55 1847.54
18 56 1272.85
18 57 667.452
18 58 57.1776
18 59 -534.577
18 60 -1087.99
18 61 -1587.43
18 62 -2021.69
18 63 -2383.66
18 64 -2670.02
18 65 -2880.38
18 66 -3016.87
18 67 -3083.26
18 68 -3084.61
18 69 -3026.86
18 70 -2916.56
18 71 -2760.7
18 72 -2566.59
18 73 -2341.77
18 74 -2093.95
18 75 -1830.8
18 76 -1559.84
18 77 -1288.26
18 78 -1022.7
18 79 -769.029
18 80 -532.336
18 81 -316.588
18 82 -124.826
18 83 41.0972
18 84 180.237
18 85 292.649
18 86 379.123
18 87 441.129
18 88 480.583
18 89 499.751
18 90 501.042
18 91 486.93
18 92 459.806
18 93 421.93
18 94 375.352
18 95 321.904
18 96 263.171
18 97 200.523
18 98 135.122
18 99 67.9827
18 100 0

19 0 0
19 1 69.5899
19 2 137.964
19 3 203.873
19 4 265.938
19 5 322.672
19 6 372.395
19 7 413.248
19 8 443.207
19 9 460.054
19 10 461.513
19 11 445.215
19 12 408.907
19 13 350.466
19 14 268.134
19 15 160.566
19 16 27.0927
19 17 -132.282
19 18 -316.588
19 19 -524.007
19 20 -751.617
19 21 -995.615
19 22 -1251.2
19 23 -1512.85
19 24 -1774.39
19 25 -2029.24
19 26 -2270.58
19 27 -2491.64
19 28 -2685.72
19 29 -2846.42
19 30 -2967.66
19 31 -3043.71
19 32 -3069.11
19 33 -3038.81
19 34 -2948.11
19 35 -2792.87
19 36 -2569.88
19 37 -2277.27
19 38 -1915.1
19 39 -1486.18
19 40 -996.669
19 41 -456.704
19 42 119.32
19 43 712.808
19 44 1301.5
19 45 1860.57
19 46 2364.1
19 47 2787.02
19 48 3107.01
19 49 3306.54
19 50 3374.32
19 51 3306.54
19 52 3107.01
19 53 2787.02
19 54 2364.1
19 55 1860.57
19 56 1301.5
19 57 712.808
19 58 119.32
19 59 -456.704
19 60 -996.669
19 61 -1486.18
19 62 -1915.1
19 63 -2277.27
19 64 -2569.88
19 65 -2792.87
19 66 -2948.11
19 67 -3038.81
19 68 -3069.11
19 69 -3043.71
19 70 -2967.66
19 71 -2846.42
19 72 -2685.72
19 73 -2491.64
19 74 -2270.58
19 75 -2029.24
19 76 -1774.39
19 77 -1512.85
19 78 -1251.2
19 79 -995.615
19 80 -751.617
19 81 -524.007
19 82 -316.588
19 83 -132.282
19 84 27.0927
19 85 160.566
19 86 268.134
19 87 350.466
19 88 408.907
19 89 445.215
19 90 461.513
19 91 460.054
19 92 443.207
19 93 413.248
19 94 372.395
19 95 322.672
19 96 265.938
19 97 203.873
19 98 137.964
19 99 69.5899
19 100 0

20 0 0
20 1 68.9423
20 2 136.263
20 3 200.33
20 4 259.376
20 5 311.593
20 6 354.984
20 7 387.476
20 8 406.863
20 9 410.885
20 10 397.285
20 11 363.896
20 12 308.73
20 13 230.166
20 14 126.969
20 15 -1.40959
20 16 -154.892
20 17 -332.472
20 18 -532.336
20 19 -751.617
20 20 -986.66
20 21 -1232.81
20 22 -1484.84
20 23 -1736.88
20 24 -1982.75
20 25 -2216.2
20 26 -2431.01
20 27 -2621.31
20 28 -2781.57
20 29 -2906.78
20 30 -2992.33
20 31 -3034.03
20 32 -3027.91
20 33 -2970.22
20 34 -2857.31
20 35 -2685.91
20 36 -2453.16
20 37 -2157.27
20 38 -1798
20 39 -1377.51
20 40 -901.011
20 41 -377.54
20 42 179.746
20 43 753.47
20 44 1322.62
20 45 1863.37
20 46 2350.78
20 47 2760.44
20 48 3070.64
20 49 3264.1
20 50 3329.87
20 51 3264.1
20 52 3070.64
20 53 2760.44
20 54 2350.78
20 55 1863.37
20 56 1322.62
20 57 753.47
20 58 179.746
20 59 -377.54
20 60 -901.011
20 61 -1377.51
20 62 -1798
20 63 -2157.27
20 64 -2453.16
20 65 -2685.91
20 66 -2857.31
20 67 -2970.22
20 68 -3027.91
20 69 -3034.03
20 70 -2992.33
20 71 -2906.78
20 72 -2781.57
20 73 -2621.31
20 74 -2431.01
20 75 -2216.2
20 76 -1982.75
20 77 -1736.88
20 78 -1484.84
20 79 -1232.81
20 80 -986.66
20 81 -751.617
20 82 -532.336
20 83 -332.472
20 84 -154.892
20 85 -1.40959
20 86 126.969
20 87 230.166
20 88 308.73
20 89 363.896
20 90 397.285
20 91 410.885
20 92 406.863
20 93 387.476
20 94 354.984
20 95 311.593
20 96 259.376
20 97 200.33
20 98 136.263
20 99 68.9423
20 100 0

21 0 0
21 1 65.3586
21 2 128.682
21 3 187.929
21 4 240.975
21 5 285.664
21 6 319.766
21 7 340.986
21 8 347.075
21 9 335.74
21 10 304.935
21 11 252.708
21 12 177.567
21 13 78.3812
21 14 -45.3181
21 15 -193.356
21 16 -364.704
21 17 -557.53
21 18 -769.029
21 19 -995.615
21 20 -1232.81
21 21 -1475.54
21 22 -1718.2
21 23 -1954.88
21 24 -2179.71
21 25 -2386.91
21 26 -2571.13
21 27 -2727.54
21 28 -2851.92
21 29 -2940.6
21 30 -2990.49
21 31 -2998.76
21 32 -2962.8
21 33 -2879.98
21 34 -2747.61
21 35 -2562.9
21 36 -2323.4
21 37 -2027.16
21 38 -1673.62
21 39 -1264.23
21 40 -803.318
21 41 -298.785
21 42 237.349
21 43 789.02
21 44 1336.35
21 45 1856.72
21 46 2326.05
21 47 2720.84
21 48 3019.92
21 49 3206.6
21 50 3270.04
21 51 3206.6
21 52 3019.92
21 53 2720.84
21 54 2326.05
21 55 1856.72
21 56 1336.35
21 57 789.02
21 58 237.349
21 59 -298.785
21 60 -803.318
21 61 -1264.23
21 62 -1673.62
21 63 -2027.16
21 64 -2323.4
21 65 -2562.9
21 66 -2747.61
21 67 -2879.98
21 68 -2962.8
21 69 -2998.76
21 70 -2990.49
21 71 -2940.6
21 72 -2851.92
21 73 -2727.54
21 74 -2571.13
21 75 -2386.91
21 76 -2179.71
21 77 -1954.88
21 78 -1718.2
21 79 -1475.54
21 80 -1232.81
21 81 -995.615
21 82 -769.029
21 83 -557.53
21 84 -364.704
21 85 -193.356
21 86 -45.3181
21 87 78.3812
21 88 177.567
21 89 252.708
21 90 304.935
21 91 335.74
21 92 347.075
21 93 340.986
21 94 319.766
21 95 285.664
21 96 240.975
21 97 187.929
21 98 128.682
21 99 65.3586
21 100 0

22 0 0
22 1 58.139
22 2 113.838
22 3 164.684
22 4 208.189
22 5 241.944
22 6 263.461
22 7 270.391
22 8 260.409
22 9 231.428
22 10 181.569
22 11 109.365
22 12 13.7696
22 13 -105.617
22 14 -248.578
22 15 -414.043
22 16 -600.182
22 17 -804.242
22 18 -1022.7
22 19 -1251.2
22 20 -1484.84
22 21 -1718.2
22 22 -1945.61
22 23 -2161.45
22 24 -2360.25
22 25 -2537.08
22 26 -2687.51
22 27 -2807.93
22 28 -2895.37
22 29 -2947.6
22 30 -2962.8
22 31 -2939.48
22 32 -2876.13
22 33 -2771.08
22 34 -2622.26
22 35 -2427.4
22 36 -2184.06
22 37 -1890.24
22 38 -1544.91
22 39 -1148.87
22 40 -705.555
22 41 -221.854
22 42 291.412
22 43 819.314
22 44 1343.19
22 45 1841.53
22 46 2291.36
22 47 2669.98
22 48 2957.01
22 49 3136.2
22 50 3197.14
22 51 3136.2
22 52 2957.01
22 53 2669.98
22 54 2291.36
22 55 1841.53
22 56 1343.19
22 57 819.314
22 58 291.412
22 59 -221.854
22 60 -705.555
22 61 -1148.87
22 62 -1544.91
22 63 -1890.24
22 64 -2184.06
22 65 -2427.4
22 66 -2622.26
22 67 -2771.08
22 68 -2876.13
22 69 -2939.48
22 70 -2962.8
22 71 -2947.6
22 72 -2895.37
22 73 -2807.93
22 74 -2687.51
22 75 -2537.08
22 76 -2360.25
22 77 -2161.45
22 78 -1945.61
22 79 -1718.2
22 80 -1484.84
22 81 -1251.2
22 82 -1022.7
22 83 -804.242
22 84 -600.182
22 85 -414.043
22 86 -248.578
22 87 -105.617
22 88 13.7696
22 89 109.365
22 90 181.569
22 91 231.428
22 92 260.409
22 93 270.391
22 94 263.461
22 95 241.944
22 96 208.189
22 97 164.684
22 98 113.838
22 99 58.139
22 100 0

23 0 0
23 1 46.623
23 2 90.4646
23 3 128.74
23 4 158.735
23 5 177.748
23 6 183.244
23 7 172.766
23 8 144.164
23 9 95.5048
23 10 25.3344
23 11 -67.385
23 12 -183.033
23 13 -321.352
23 14 -481.297
23 15 -661.02
23 16 -857.859
23 17 -1068.34
23 18 -1288.26
23 19 -1512.85
23 20 -1736.88
23 21 -1954.88
23 22 -2161.45
23 23 -2351.35
23 24 -2519.92
23 25 -2663.06
23 26 -2777.53
23 27 -2860.88
23 28 -2911.47
23 29 -2928.29
23 30 -2910.77
23 31 -2858.47
23 32 -2770.79
23 33 -2646.75
23 34 -2484.8
23 35 -2282.85
23 36 -2038.55
23 37 -1749.59
23 38 -1414.55
23 39 -1033.6
23 40 -609.339
23 41 -147.725
23 42 341.474
23 43 844.473
23 44 1343.79
23 45 1819.03
23 46 2248.27
23 47 2609.8
23 48 2884.01
23 49 3055.29
23 50 3113.54
23 51 3055.29
23 52 2884.01
23 53 2609.8
23 54 2248.27
23 55 1819.03
23 56 1343.79
23 57 844.473
23 58 341.474
23 59 -147.725
23 60 -609.339
23 61 -1033.6
23 62 -1414.55
23 63 -1749.59
23 64 -2038.55
23 65 -2282.85
23 66 -2484.8
23 67 -2646.75
23 68 -2770.79
23 69 -2858.47
23 70 -2910.77
23 71 -2928.29
23 72 -2911.47
23 73 -2860.88
23 74 -2777.53
23 75 -2663.06
23 76 -2519.92
23 77 -2351.35
23 78 -2161.45
23 79 -1954.88
23 80 -1736.88
23 81 -1512.85
23 82 -1288.26
23 83 -1068.34
23 84 -857.859
23 85 -661.02
23 86 -481.297
23 87 -321.352
23 88 -183.033
23 89 -67.385
23 90 25.3344
23 91 95.5048
23 92 144.164
23 93 172.766
23 94 183.244
23 95 177.748
23 96 158.735
23 97 128.74
23 98 90.4646
23 99 46.623
23 100 0

24 0 0
24 1 30.2638
24 2 57.4685
24 3 78.6029
24 4 90.7261
24 5 91.058
24 6 76.9785
24 7 46.1778
24 8 -3.36584
24 9 -73.1861
24 10 -164.355
24 11 -277.292
24 12 -411.756
24 13 -566.753
24 14 -740.469
24 15 -930.344
24 16 -1132.98
24 17 -1344.37
24 18 -1559.84
24 19 -1774.39
24 20 -1982.75
24 21 -2179.71
24 22 -2360.25
24 23 -2519.92
24 24 -2654.85
24 25 -2762.07
24 26 -2839.46
24 27 -2885.78
24 28 -2900.6
24 29 -2884.03
24 30 -2836.51
24 31 -2758.44
24 32 -2649.91
24 33 -2510.38
24 34 -2338.62
24 35 -2132.61
24 36 -1889.87
24 37 -1607.88
24 38 -1284.76
24 39 -920.089
24 40 -515.83
24 41 -77.0232
24 42 387.509
24 43 865.026
24 44 1339.13
24 45 1790.6
24 46 2198.61
24 47 2542.43
24 48 2803.33
24 49 2966.33
24 50 3021.78
24 51 2966.33
24 52 2803.33
24 53 2542.43
24 54 2198.61
24 55 1790.6
24 56 1339.13
24 57 865.026
24 58 387.509
24 59 -77.0232
24 60 -515.83
24 61 -920.089
24 62 -1284.76
24 63 -1607.88
24 64 -1889.87
24 65 -2132.61
24 66 -2338.62
24 67 -2510.38
24 68 -2649.91
24 69 -2758.44
24 70 -2836.51
24 71 -2884.03
24 72 -2900.6
24 73 -2885.78
24 74 -2839.46
24 75 -2762.07
24 76 -2654.85
24 77 -2519.92
24 78 -2360.25
24 79 -2179.71
24 80 -1982.75
24 81 -1774.39
24 82 -1559.84
24 83 -1344.37
24 84 -1132.98
24 85 -930.344
24 86 -740.469
24 87 -566.753
24 88 -411.756
24 89 -277.292
24 90 -164.355
24 91 -73.1861
24 92 -3.36584
24 93 46.1778
24 94 76.9785
24 95 91.058
24 96 90.7261
24 97 78.6029
24 98 57.4685
24 99 30.2638
24 100 0

25 0 0
25 1 8.68982
25 2 14.1761
25 3 13.313
25 4 3.10578
25 5 -19.2488
25 6 -56.2568
25 7 -110.054
25 8 -182.344
25 9 -274.246
25 10 -386.325
25 11 -518.372
25 12 -669.514
25 13 -838.028
25 14 -1021.46
25 15 -1216.6
25 16 -1419.55
25 17 -1625.89
25 18 -1830.8
25 19 -2029.24
25 20 -2216.2
25 21 -2386.91
25 22 -2537.08
25 23 -2663.06
25 24 -2762.07
25 25 -2832.2
25 26 -2872.52
25 27 -2882.92
25 28 -2864.01
25 29 -2816.86
25 30 -2742.67
25 31 -2642.48
25 32 -2516.79
25 33 -2365.33
25 34 -2186.95
25 35 -1979.62
25 36 -1740.65
25 37 -1467.26
25 38 -1157.19
25 39 -809.546
25 40 -425.643
25 41 -9.85174
25 42 429.89
25 43 881.787
25 44 1330.52
25 45 1757.95
25 46 2144.38
25 47 2470.16
25 48 2717.44
25 49 2871.96
25 50 2924.53
25 51 2871.96
25 52 2717.44
25 53 2470.16
25 54 2144.38
25 55 1757.95
25 56 1330.52
25 57 881.787
25 58 429.89
25 59 -9.85174
25 60 -425.643
25 61 -809.546
25 62 -1157.19
25 63 -1467.26
25 64 -1740.65
25 65 -1979.62
25 66 -2186.95
25 67 -2365.33
25 68 -2516.79
25 69 -2642.48
25 70 -2742.67
25 71 -2816.86
25 72 -2864.01
25 73 -2882.92
25 74 -2872.52
25 75 -2832.2
25 76 -2762.07
25 77 -2663.06
25 78 -2537.08
25 79 -2386.91
25 80 -2216.2
25 81 -2029.24
25 82 -1830.8
25 83 -1625.89
25 84 -1419.55
25 85 -1216.6
25 86 -1021.46
25 87 -838.028
25 88 -669.514
25 89 -518.372
25 90 -386.325
25 91 -274.246
25 92 -182.344
25 93 -110.054
25 94 -56.2568
25 95 -19.2488
25 96 3.10578
25 97 13.313
25 98 14.1761
25 99 8.68982
25 100 0

26 0 0
26 1 -18.1723
26 2 -39.5368
26 3 -67.224
26 4 -104.125
26 5 -152.936
26 6 -215.891
26 7 -294.869
26 8 -391.104
26 9 -505.293
26 10 -637.375
26 11 -786.6
26 12 -951.412
26 13 -1129.53
26 14 -1317.92
26 15 -1512.94
26 16 -1710.35
26 17 -1905.62
26 18 -2093.95
26 19 -2270.58
26 20 -2431.01
26 21 -2571.13
26 22 -2687.51
26 23 -2777.53
26 24 -2839.46
26 25 -2872.52
26 26 -2876.88
26 27 -2853.4
26 28 -2803.62
26 29 -2729.31
26 30 -2632.23
26 31 -2513.79
26 32 -2374.68
26 33 -2214.7
26 34 -2032.66
26 35 -1826.35
26 36 -1592.92
26 37 -1329.33
26 38 -1032.94
26 39 -702.525
26 40 -338.898
26 41 54.1585
26 42 469.43
26 43 895.986
26 44 1319.54
26 45 1723.01
26 46 2087.85
26 47 2395.45
26 48 2629
26 49 2774.94
26 50 2824.61
26 51 2774.94
26 52 2629
26 53 2395.45
26 54 2087.85
26 55 1723.01
26 56 1319.54
26 57 895.986
26 58 469.43
26 59 54.1585
26 60 -338.898
26 61 -702.525
26 62 -1032.94
26 63 -1329.33
26 64 -1592.92
26 65 -1826.35
26 66 -2032.66
26 67 -2214.7
26 68 -2374.68
26 69 -2513.79
26 70 -2632.23
26 71 -2729.31
26 72 -2803.62
26 73 -2853.4
26 74 -2876.88
26 75 -2872.52
26 76 -2839.46
26 77 -2777.53
26 78 -2687.51
26 79 -2571.13
26 80 -2431.01
26 81 -2270.58
26 82 -2093.95
26 83 -1905.62
26 84 -1710.35
26 85 -1512.94
26 86 -1317.92
26 87 -1129.53
26 88 -951.412
26 89 -786.6
26 90 -637.375
26 91 -505.293
26 92 -391.104
26 93 -294.869
26 94 -215.891
26 95 -152.936
26 96 -104.125
26 97 -67.224
26 98 -39.5368
26 99 -18.1723
26 100 0

27 0 0
27 1 -50.0579
27 2 -103.136
27 3 -162.095
27 4 -229.667
27 5 -308.135
27 6 -399.499
27 7 -505.084
27 8 -625.758
27 9 -761.581
27 10 -912.011
27 11 -1075.66
27 12 -1250.48
27 13 -1433.69
27 14 -1621.86
27 15 -1811.12
27 16 -1997.15
27 17 -2175.54
27 18 -2341.77
27 19 -2491.64
27 20 -2621.31
27 21 -2727.54
27 22 -2807.93
27 23 -2860.88
27 24 -2885.78
27 25 -2882.92
27 26 -2853.4
27 27 -2798.97
27 28 -2721.83
27 29 -2624.22
27 30 -2508.25
27 31 -2375.44
27 32 -2226.51
27 33 -2061.17
27 34 -1878.02
27 35 -1674.69
27 36 -1448.09
27 37 -1194.94
27 38 -912.431
27 39 -598.98
27 40 -255.129
27 41 115.854
27 42 507.35
27 43 909.22
27 44 1308.09
27 45 1687.97
27 46 2031.42
27 47 2320.99
27 48 2540.82
27 49 2678.2
27 50 2724.94
27 51 2678.2
27 52 2540.82
27 53 2320.99
27 54 2031.42
27 55 1687.97
27 56 1308.09
27 57 909.22
27 58 507.35
27 59 115.854
27 60 -255.129
27 61 -598.98
27 62 -912.431
27 63 -1194.94
27 64 -1448.09
27 65 -1674.69
27 66 -1878.02
27 67 -2061.17
27 68 -2226.51
27 69 -2375.44
27 70 -2508.25
27 71 -2624.22
27 72 -2721.83
27 73 -2798.97
27 74 -2853.4
27 75 -2882.92
27 76 -2885.78
27 77 -2860.88
27 78 -2807.93
27 79 -2727.54
27 80 -2621.31
27 81 -2491.64
27 82 -2341.77
27 83 -2175.54
27 84 -1997.15
27 85 -1811.12
27 86 -1621.86
27 87 -1433.69
27 88 -1250.48
27 89 -1075.66
27 90 -912.011
27 91 -761.581
27 92 -625.758
27 93 -505.084
27 94 -399.499
27 95 -308.135
27 96 -229.667
27 97 -162.095
27 98 -103.136
27 99 -50.0579
27 100 0

28 0 0
28 1 -86.2757
28 2 -175.164
28 3 -269.172
28 4 -370.526
28 5 -481.153
28 6 -602.438
28 7 -735.309
28 8 -879.961
28 9 -1036.02
28 10 -1202.29
28 11 -1376.99
28 12 -1557.6
28 13 -1741.02
28 14 -1923.68
28 15 -2101.66
28 16 -2270.84
28 17 -2427.12
28 18 -2566.59
28 19 -2685.72
28 20 -2781.57
28 21 -2851.92
28 22 -2895.37
28 23 -2911.47
28 24 -2900.6
28 25 -2864.01
28 26 -2803.62
28 27 -2721.83
28 28 -2621.25
28 29 -2504.47
28 30 -2373.63
28 31 -2230.22
28 32 -2074.8
28 33 -1906.84
28 34 -1724.7
28 35 -1525.77
28 36 -1306.8
28 37 -1064.33
28 38 -795.39
28 39 -498.306
28 40 -173.31
28 41 176.603
28 42 545.31
28 43 923.407
28 44 1298.38
28 45 1655.27
28 46 1977.76
28 47 2249.58
28 48 2455.87
28 49 2584.77
28 50 2628.6
28 51 2584.77
28 52 2455.87
28 53 2249.58
28 54 1977.76
28 55 1655.27
28 56 1298.38
28 57 923.407
28 58 545.31
28 59 176.603
28 60 -173.31
28 61 -498.306
28 62 -795.39
28 63 -1064.33
28 64 -1306.8
28 65 -1525.77
28 66 -1724.7
28 67 -1906.84
28 68 -2074.8
28 69 -2230.22
28 70 -2373.63
28 71 -2504.47
28 72 -2621.25
28 73 -2721.83
28 74 -2803.62
28 75 -2864.01
28 76 -2900.6
28 77 -2911.47
28 78 -2895.37
28 79 -2851.92
28 80 -2781.57
28 81 -2685.72
28 82 -2566.59
28 83 -2427.12
28 84 -2270.84
28 85 -2101.66
28 86 -1923.68
28 87 -1741.02
28 88 -1557.6
28 89 -1376.99
28 90 -1202.29
28 91 -1036.02
28 92 -879.961
28 93 -735.309
28 94 -602.438
28 95 -481.153
28 96 -370.526
28 97 -269.172
28 98 -175.164
28 99 -86.2757
28 100 0

29 0 0
29 1 -125.663
29 2 -253.35
29 3 -384.966
29 4 -522.153
29 5 -666.202
29 6 -817.931
29 7 -977.612
29 8 -1144.92
29 9 -1318.88
