0 0 0
0 1 0
0 2 0
0 3 0
0 4 0
0 5 0
0 6 0
0 7 0
0 8 0
0 9 0
0 10 0
0 11 0
0 12 0
0 13 0
0 14 0
0 15 0
0 16 0
0 17 0
0 18 0
0 19 0
0 20 0
0 21 0
0 22 0
0 23 0
0 24 0
0 25 0
0 26 0
0 27 0
0 28 0
0 29 0
0 30 0
0 31 0
0 32 0
0 33 0
0 34 0
0 35 0
0 36 0
0 37 0
0 38 0
0 39 0
0 40 0
0 41 0
0 42 0
0 43 0
0 44 0
0 45 0
0 46 0
0 47 0
0 48 0
0 49 0
0 50 0
0 51 0
0 52 0
0 53 0
0 54 0
0 55 0
0 56 0
0 57 0
0 58 0
0 59 0
0 60 0
0 61 0
0 62 0
0 63 0
0 64 0
0 65 0
0 66 0
0 67 0
0 68 0
0 69 0
0 70 0
0 71 0
0 72 0
0 73 0
0 74 0
0 75 0
0 76 0
0 77 0
0 78 0
0 79 0
0 80 0
0 81 0
0 82 0
0 83 0
0 84 0
0 85 0
0 86 0
0 87 0
0 88 0
0 89 0
0 90 0
0 91 0
0 92 0
0 93 0
0 94 0
0 95 0
0 96 0
0 97 0
0 98 0
0 99 0
0 100 0

1 0 0
1 1 4.37011
1 2 8.81022
1 3 13.3776
1 4 18.1377
1 5 23.1272
1 6 28.3768
1 7 33.886
1 8 39.6164
1 9 45.4901
1 10 51.3626
1 11 57.0239
1 12 62.179
1 13 66.4434
1 14 69.3335
1 15 70.2879
1 16 68.6524
1 17 63.7484
1 18 54.8807
1 19 41.4124
1 20 22.8491
1 21 -1.12192
1 22 -30.4949
1 23 -64.9221
1 24 -103.626
1 25 -145.377
1 26 -188.519
1 27 -231.003
1 28 -270.514
1 29 -304.606
1 30 -330.908
1 31 -347.313
1 32 -352.184
1 33 -344.537
1 34 -324.146
1 35 -291.589
1 36 -248.257
1 37 -196.205
1 38 -138.01
1 39 -76.5039
1 40 -14.5525
1 41 45.2102
1 42 100.56
1 43 149.847
1 44 192.029
1 45 226.685
1 46 253.901
1 47 274.108
1 48 287.908
1 49 295.9
1 50 298.513
1 51 295.9
1 52 287.908
1 53 274.108
1 54 253.901
1 55 226.685
1 56 192.029
1 57 149.847
1 58 100.56
1 59 45.2102
1 60 -14.5525
1 61 -76.5039
1 62 -138.01
1 63 -196.205
1 64 -248.257
1 65 -291.589
1 66 -324.146
1 67 -344.537
1 68 -352.184
1 69 -347.313
1 70 -330.908
1 71 -304.606
1 72 -270.514
1 73 -231.003
1 74 -188.519
1 75 -145.377
1 76 -103.626
1 77 -64.9221
1 78 -30.4949
1 79 -1.12192
1 80 22.8491
1 81 41.4124
1 82 54.8807
1 83 63.7484
1 84 68.6524
1 85 70.2879
1 86 69.3335
1 87 66.4434
1 88 62.179
1 89 57.0239
1 90 51.3626
1 91 45.4901
1 92 39.6164
1 93 33.886
1 94 28.3768
1 95 23.1272
1 96 18.1377
1 97 13.3776
1 98 8.81022
1 99 4.37011
1 100 0

2 0 0
2 1 8.81022
2 2 17.7561
2 3 26.9495
2 4 36.5152
2 5 46.5228
2 6 57.0287
2 7 68.0246
2 8 79.4301
2 9 91.0799
2 10 102.681
2 11 113.805
2 12 123.858
2 13 132.068
2 14 137.474
2 15 138.958
2 16 135.236
2 17 124.97
2 18 106.81
2 19 79.5163
2 20 42.1398
2 21 -5.90473
2 22 -64.5768
2 23 -133.153
2 24 -210.066
2 25 -292.868
2 26 -378.25
2 27 -462.191
2 28 -540.09
2 29 -607.166
2 30 -658.757
2 31 -690.686
2 32 -699.814
2 33 -684.161
2 34 -643.311
2 35 -578.457
2 36 -492.32
2 37 -388.95
2 38 -273.445
2 39 -151.39
2 40 -28.4101
2 41 90.2671
2 42 200.233
2 43 298.227
2 44 382.2
2 45 451.279
2 46 505.586
2 47 545.953
2 48 573.559
2 49 589.575
2 50 594.816
2 51 589.575
2 52 573.559
2 53 545.953
2 54 505.586
2 55 451.279
2 56 382.2
2 57 298.227
2 58 200.233
2 59 90.2671
2 60 -28.4101
2 61 -151.39
2 62 -273.445
2 63 -388.95
2 64 -492.32
2 65 -578.457
2 66 -643.311
2 67 -684.161
2 68 -699.814
2 69 -690.686
2 70 -658.757
2 71 -607.166
2 72 -540.09
2 73 -462.191
2 74 -378.25
2 75 -292.868
2 76 -210.066
2 77 -133.153
2 78 -64.5768
2 79 -5.90473
2 80 42.1398
2 81 79.5163
2 82 106.81
2 83 124.97
2 84 135.236
2 85 138.958
2 86 137.474
2 87 132.068
2 88 123.858
2 89 113.805
2 90 102.681
2 91 91.0799
2 92 79.4301
2 93 68.0246
2 94 57.0287
2 95 46.5228
2 96 36.5152
2 97 26.9495
2 98 17.7561
2 99 8.81022
2 100 0

3 0 0
3 1 13.3776
3 2 26.9495
3 3 40.8793
3 4 55.3384
3 5 70.4248
3 6 86.2038
3 7 102.649
3 8 119.618
3 9 136.845
3 10 153.871
3 11 170.042
3 12 184.457
3 13 195.962
3 14 203.13
3 15 204.31
3 16 197.622
3 17 181.119
3 18 152.846
3 19 111.045
3 20 54.3768
3 21 -17.9246
3 22 -105.721
3 23 -207.862
3 24 -321.972
3 25 -444.393
3 26 -570.254
3 27 -693.594
3 28 -807.723
3 29 -905.607
3 30 -980.448
3 31 -1026.25
3 32 -1038.37
3 33 -1014.04
3 34 -952.689
3 35 -856.035
3 36 -728.125
3 37 -574.913
3 38 -403.838
3 39 -223.085
3 40 -40.9452
3 41 134.944
3 42 298.116
3 43 443.728
3 44 568.691
3 45 671.685
3 46 752.846
3 47 813.319
3 48 854.756
3 49 878.818
3 50 886.697
3 51 878.818
3 52 854.756
3 53 813.319
3 54 752.846
3 55 671.685
3 56 568.691
3 57 443.728
3 58 298.116
3 59 134.944
3 60 -40.9452
3 61 -223.085
3 62 -403.838
3 63 -574.913
3 64 -728.125
3 65 -856.035
3 66 -952.689
3 67 -1014.04
3 68 -1038.37
3 69 -1026.25
3 70 -980.448
3 71 -905.607
3 72 -807.723
3 73 -693.594
3 74 -570.254
3 75 -444.393
3 76 -321.972
3 77 -207.862
3 78 -105.721
3 79 -17.9246
3 80 54.3768
3 81 111.045
3 82 152.846
3 83 181.119
3 84 197.622
3 85 204.31
3 86 203.13
3 87 195.962
3 88 184.457
3 89 170.042
3 90 153.871
3 91 136.845
3 92 119.618
3 93 102.649
3 94 86.2038
3 95 70.4248
3 96 55.3384
3 97 40.8793
3 98 26.9495
3 99 13.3776
3 100 0

4 0 0
4 1 18.1377
4 2 36.5152
4 3 55.3384
4 4 74.8083
4 5 95.0383
4 6 116.087
4 7 137.887
4 8 160.224
4 9 182.705
4 10 204.692
4 11 225.285
4 12 243.274
4 13 257.113
4 14 264.934
4 15 264.575
4 16 253.629
4 17 229.602
4 18 190.045
4 19 132.778
4 20 56.1887
4 21 -40.5622
4 22 -157.156
4 23 -291.945
4 24 -441.721
4 25 -601.651
4 26 -765.335
4 27 -925.082
4 28 -1072.21
4 29 -1197.73
4 30 -1292.94
4 31 -1350.15
4 32 -1363.56
4 33 -1329.61
4 34 -1247.64
4 35 -1119.99
4 36 -951.869
4 37 -750.967
4 38 -526.888
4 39 -290.204
4 40 -51.5718
4 41 179.081
4 42 393.355
4 43 584.927
4 44 749.748
4 45 885.972
4 46 993.624
4 47 1074.07
4 48 1129.36
4 49 1161.54
4 50 1172.1
4 51 1161.54
4 52 1129.36
4 53 1074.07
4 54 993.624
4 55 885.972
4 56 749.748
4 57 584.927
4 58 393.355
4 59 179.081
4 60 -51.5718
4 61 -290.204
4 62 -526.888
4 63 -750.967
4 64 -951.869
4 65 -1119.99
4 66 -1247.64
4 67 -1329.61
4 68 -1363.56
4 69 -1350.15
4 70 -1292.94
4 71 -1197.73
4 72 -1072.21
4 73 -925.082
4 74 -765.335
4 75 -601.651
4 76 -441.721
4 77 -291.945
4 78 -157.156
4 79 -40.5622
4 80 56.1887
4 81 132.778
4 82 190.045
4 83 229.602
4 84 253.629
4 85 264.575
4 86 264.934
4 87 257.113
4 88 243.274
4 89 225.285
4 90 204.692
4 91 182.705
4 92 160.224
4 93 137.887
4 94 116.087
4 95 95.0383
4 96 74.8083
4 97 55.3384
4 98 36.5152
4 99 18.1377
4 100 0

5 0 0
5 1 23.1272
5 2 46.5228
5 3 70.4248
5 4 95.0383
5 5 120.48
5 6 146.771
5 7 173.783
5 8 201.198
5 9 228.471
5 10 254.76
5 11 278.908
5 12 299.38
5 13 314.267
5 14 321.273
5 15 317.785
5 16 300.936
5 17 267.789
5 18 215.505
5 19 141.632
5 20 44.4079
5 21 -76.9281
5 22 -221.769
5 23 -387.892
5 24 -571.236
5 25 -765.824
5 26 -963.894
5 27 -1156.11
5 28 -1332.15
5 29 -1481.26
5 30 -1593.12
5 31 -1658.76
5 32 -1671.22
5 33 -1626.54
5 34 -1523.98
5 35 -1366.41
5 36 -1160.12
5 37 -914.362
5 38 -640.599
5 39 -351.492
5 40 -59.8737
5 41 222.361
5 42 485.073
5 43 720.541
5 44 923.725
5 45 1092.24
5 46 1225.92
5 47 1326.21
5 48 1395.38
5 49 1435.74
5 50 1448.99
5 51 1435.74
5 52 1395.38
5 53 1326.21
5 54 1225.92
5 55 1092.24
5 56 923.725
5 57 720.541
5 58 485.073
5 59 222.361
5 60 -59.8737
5 61 -351.492
5 62 -640.599
5 63 -914.362
5 64 -1160.12
5 65 -1366.41
5 66 -1523.98
5 67 -1626.54
5 68 -1671.22
5 69 -1658.76
5 70 -1593.12
5 71 -1481.26
5 72 -1332.15
5 73 -1156.11
5 74 -963.894
5 75 -765.824
5 76 -571.236
5 77 -387.892
5 78 -221.769
5 79 -76.9281
5 80 44.4079
5 81 141.632
5 82 215.505
5 83 267.789
5 84 300.936
5 85 317.785
5 86 321.273
5 87 314.267
5 88 299.38
5 89 278.908
5 90 254.76
5 91 228.471
5 92 201.198
5 93 173.783
5 94 146.771
5 95 120.48
5 96 95.0383
5 97 70.4248
5 98 46.5228
5 99 23.1272
5 100 0

6 0 0
6 1 28.3768
6 2 57.0287
6 3 86.2038
6 4 116.087
6 5 146.771
6 6 178.214
6 7 210.193
6 8 242.263
6 9 273.691
6 10 303.42
6 11 330.008
6 12 351.609
6 13 365.948
6 14 370.359
6 15 361.828
6 16 337.137
6 17 293.009
6 18 226.38
6 19 134.67
6 20 16.1405
6 21 -129.745
6 22 -301.972
6 23 -497.668
6 24 -711.902
6 25 -937.64
6 26 -1165.83
6 27 -1385.84
6 28 -1585.84
6 29 -1753.75
6 30 -1877.99
6 31 -1948.47
6 32 -1957.62
6 33 -1900.97
6 34 -1777.93
6 35 -1591.85
6 36 -1349.93
6 37 -1062.73
6 38 -743.28
6 39 -406.015
6 40 -65.5319
6 41 264.513
6 42 572.461
6 43 849.313
6 44 1089.1
6 45 1288.81
6 46 1447.96
6 47 1567.89
6 48 1650.95
6 49 1699.58
6 50 1715.56
6 51 1699.58
6 52 1650.95
6 53 1567.89
6 54 1447.96
6 55 1288.81
6 56 1089.1
6 57 849.313
6 58 572.461
6 59 264.513
6 60 -65.5319
6 61 -406.015
6 62 -743.28
6 63 -1062.73
6 64 -1349.93
6 65 -1591.85
6 66 -1777.93
6 67 -1900.97
6 68 -1957.62
6 69 -1948.47
6 70 -1877.99
6 71 -1753.75
6 72 -1585.84
6 73 -1385.84
6 74 -1165.83
6 75 -937.64
6 76 -711.902
6 77 -497.668
6 78 -301.972
6 79 -129.745
6 80 16.1405
6 81 134.67
6 82 226.38
6 83 293.009
6 84 337.137
6 85 361.828
6 86 370.359
6 87 365.948
6 88 351.609
6 89 330.008
6 90 303.42
6 91 273.691
6 92 242.263
6 93 210.193
6 94 178.214
6 95 146.771
6 96 116.087
6 97 86.2038
6 98 57.0287
6 99 28.3768
6 100 0

7 0 0
7 1 33.886
7 2 68.0246
7 3 102.649
7 4 137.887
7 5 173.783
7 6 210.193
7 7 246.772
7 8 282.908
7 9 317.661
7 10 349.728
7 11 377.384
7 12 398.467
7 13 410.382
7 14 410.126
7 15 394.391
7 16 359.697
7 17 302.595
7 18 219.938
7 19 109.211
7 20 -31.1374
7 21 -201.256
7 22 -399.608
7 23 -622.6
7 24 -864.452
7 25 -1117.13
7 26 -1370.54
7 27 -1612.88
7 28 -1831.32
7 29 -2012.69
7 30 -2144.51
7 31 -2216.1
7 32 -2219.27
7 33 -2149.53
7 34 -2006.31
7 35 -1793.45
7 36 -1518.9
7 37 -1194.22
7 38 -833.671
7 39 -453.053
7 40 -68.4291
7 41 305.16
7 42 654.725
7 43 970.145
7 44 1244.53
7 45 1474.17
7 46 1658.13
7 47 1797.47
7 48 1894.43
7 49 1951.39
7 50 1970.16
7 51 1951.39
7 52 1894.43
7 53 1797.47
7 54 1658.13
7 55 1474.17
7 56 1244.53
7 57 970.145
7 58 654.725
7 59 305.16
7 60 -68.4291
7 61 -453.053
7 62 -833.671
7 63 -1194.22
7 64 -1518.9
7 65 -1793.45
7 66 -2006.31
7 67 -2149.53
7 68 -2219.27
7 69 -2216.1
7 70 -2144.51
7 71 -2012.69
7 72 -1831.32
7 73 -1612.88
7 74 -1370.54
7 75 -1117.13
7 76 -864.452
7 77 -622.6
7 78 -399.608
7 79 -201.256
7 80 -31.1374
7 81 109.211
7 82 219.938
7 83 302.595
7 84 359.697
7 85 394.391
7 86 410.126
7 87 410.382
7 88 398.467
7 89 377.384
7 90 349.728
7 91 317.661
7 92 282.908
7 93 246.772
7 94 210.193
7 95 173.783
7 96 137.887
7 97 102.649
7 98 68.0246
7 99 33.886
7 100 0

8 0 0
8 1 39.6164
8 2 79.4301
8 3 119.618
8 4 160.224
8 5 201.198
8 6 242.263
8 7 282.908
8 8 322.332
8 9 359.347
8 10 392.403
8 11 419.477
8 12 438.129
8 13 445.47
8 14 438.257
8 15 412.97
8 16 366.021
8 17 293.926
8 18 193.649
8 19 62.9034
8 20 -99.4796
8 21 -293.122
8 22 -515.843
8 23 -763.296
8 24 -1028.86
8 25 -1303.68
8 26 -1576.75
8 27 -1835.51
8 28 -2066.32
8 29 -2255.43
8 30 -2389.9
8 31 -2458.6
8 32 -2453.3
8 33 -2369.39
8 34 -2206.6
8 35 -1969.05
8 36 -1665.26
8 37 -1307.52
8 38 -910.913
8 39 -492.238
8 40 -68.5988
8 41 343.863
8 42 731.13
8 43 1082.05
8 44 1388.83
8 45 1647.01
8 46 1855.03
8 47 2013.53
8 48 2124.37
8 49 2189.73
8 50 2211.3
8 51 2189.73
8 52 2124.37
8 53 2013.53
8 54 1855.03
8 55 1647.01
8 56 1388.83
8 57 1082.05
8 58 731.13
8 59 343.863
8 60 -68.5988
8 61 -492.238
8 62 -910.913
8 63 -1307.52
8 64 -1665.26
8 65 -1969.05
8 66 -2206.6
8 67 -2369.39
8 68 -2453.3
8 69 -2458.6
8 70 -2389.9
8 71 -2255.43
8 72 -2066.32
8 73 -1835.51
8 74 -1576.75
8 75 -1303.68
8 76 -1028.86
8 77 -763.296
8 78 -515.843
8 79 -293.122
8 80 -99.4796
8 81 62.9034
8 82 193.649
8 83 293.926
8 84 366.021
8 85 412.97
8 86 438.257
8 87 445.47
8 88 438.129
8 89 419.477
8 90 392.403
8 91 359.347
8 92 322.332
8 93 282.908
8 94 242.263
8 95 201.198
8 96 160.224
8 97 119.618
8 98 79.4301
8 99 39.6164
8 100 0

9 0 0
9 1 45.4901
9 2 91.0799
9 3 136.845
9 4 182.705
9 5 228.471
9 6 273.691
9 7 317.661
9 8 359.347
9 9 397.315
9 10 429.742
9 11 454.343
9 12 468.41
9 13 468.846
9 14 452.23
9 15 414.979
9 16 353.516
9 17 264.521
9 18 145.236
9 19 -6.19264
9 20 -190.392
9 21 -406.326
9 22 -651.088
9 23 -919.56
9 24 -1204.38
9 25 -1495.94
9 26 -1782.68
9 27 -2051.47
9 28 -2288.37
9 29 -2479.37
9 30 -2611.41
9 31 -2673.44
9 32 -2657.24
9 33 -2558.46
9 34 -2376.93
9 35 -2117.14
9 36 -1787.89
9 37 -1401.86
9 38 -974.617
9 39 -523.488
9 40 -66.249
9 41 380.216
9 42 801.014
9 43 1184.17
9 44 1521.03
9 45 1806.27
9 46 2037.55
9 47 2214.85
9 48 2339.52
9 49 2413.34
9 50 2437.76
9 51 2413.34
9 52 2339.52
9 53 2214.85
9 54 2037.55
9 55 1806.27
9 56 1521.03
9 57 1184.17
9 58 801.014
9 59 380.216
9 60 -66.249
9 61 -523.488
9 62 -974.617
9 63 -1401.86
9 64 -1787.89
9 65 -2117.14
9 66 -2376.93
9 67 -2558.46
9 68 -2657.24
9 69 -2673.44
9 70 -2611.41
9 71 -2479.37
9 72 -2288.37
9 73 -2051.47
9 74 -1782.68
9 75 -1495.94
9 76 -1204.38
9 77 -919.56
9 78 -651.088
9 79 -406.326
9 80 -190.392
9 81 -6.19264
9 82 145.236
9 83 264.521
9 84 353.516
9 85 414.979
9 86 452.23
9 87 468.846
9 88 468.41
9 89 454.343
9 90 429.742
9 91 397.315
9 92 359.347
9 93 317.661
9 94 273.691
9 95 228.471
9 96 182.705
9 97 136.845
9 98 91.0799
9 99 45.4901
9 100 0

10 0 0
10 1 51.3626
10 2 102.681
10 3 153.871
10 4 204.692
10 5 254.76
10 6 303.42
10 7 349.728
10 8 392.403
10 9 429.742
10 10 459.67
10 11 479.648
10 12 486.78
10 13 477.819
10 14 449.306
10 15 397.71
10 16 319.649
10 17 212.123
10 18 72.8468
10 19 -99.452
10 20 -304.691
10 21 -541.083
10 22 -804.93
10 23 -1090.38
10 24 -1389.4
10 25 -1691.9
10 26 -1985.92
10 27 -2258.22
10 28 -2494.83
10 29 -2681.91
10 30 -2806.72
10 31 -2858.47
10 32 -2829.35
10 33 -2715.24
10 34 -2516.27
10 35 -2237.01
10 36 -1886.37
10 37 -1477.11
10 38 -1024.81
10 39 -547.012
10 40 -61.751
10 41 413.658
10 42 863.778
10 43 1275.85
10 44 1640.36
10 45 1951.07
10 46 2204.75
10 47 2400.49
10 48 2538.9
10 49 2621.2
10 50 2648.49
10 51 2621.2
10 52 2538.9
10 53 2400.49
10 54 2204.75
10 55 1951.07
10 56 1640.36
10 57 1275.85
10 58 863.778
10 59 413.658
10 60 -61.751
10 61 -547.012
10 62 -1024.81
10 63 -1477.11
10 64 -1886.37
10 65 -2237.01
10 66 -2516.27
10 67 -2715.24
10 68 -2829.35
10 69 -2858.47
10 70 -2806.72
10 71 -2681.91
10 72 -2494.83
10 73 -2258.22
10 74 -1985.92
10 75 -1691.9
10 76 -1389.4
10 77 -1090.38
10 78 -804.93
10 79 -541.083
10 80 -304.691
10 81 -99.452
10 82 72.8468
10 83 212.123
10 84 319.649
10 85 397.71
10 86 449.306
10 87 477.819
10 88 486.78
10 89 479.648
10 90 459.67
10 91 429.742
10 92 392.403
10 93 349.728
10 94 303.42
10 95 254.76
10 96 204.692
10 97 153.871
10 98 102.681
10 99 51.3626
10 100 0

11 0 0
11 1 57.0239
11 2 113.805
11 3 170.042
11 4 225.285
11 5 278.908
11 6 330.008
11 7 377.384
11 8 419.477
11 9 454.343
11 10 479.648
11 11 492.681
11 12 490.4
11 13 469.536
11 14 426.694
11 15 358.565
11 16 262.107
11 17 134.839
11 18 -24.9036
11 19 -217.639
11 20 -442.47
11 21 -696.789
11 22 -976.108
11 23 -1273.9
11 24 -1581.63
11 25 -1888.89
11 26 -2183.68
11 27 -2452.91
11 28 -2683
11 29 -2860.67
11 30 -2973.74
11 31 -3012.11
11 32 -2968.46
11 33 -2839.08
11 34 -2624.26
11 35 -2328.63
11 36 -1960.92
11 37 -1533.58
11 38 -1061.97
11 39 -563.326
11 40 -55.6028
11 41 443.763
11 42 918.924
11 43 1356.55
11 44 1746.28
11 45 2080.87
11 46 2356
11 47 2569.74
11 48 2721.76
11 49 2812.54
11 50 2842.7
11 51 2812.54
11 52 2721.76
11 53 2569.74
11 54 2356
11 55 2080.87
11 56 1746.28
11 57 1356.55
11 58 918.924
11 59 443.763
11 60 -55.6028
11 61 -563.326
11 62 -1061.97
11 63 -1533.58
11 64 -1960.92
11 65 -2328.63
11 66 -2624.26
11 67 -2839.08
11 68 -2968.46
11 69 -3012.11
11 70 -2973.74
11 71 -2860.67
11 72 -2683
11 73 -2452.91
11 74 -2183.68
11 75 -1888.89
11 76 -1581.63
11 77 -1273.9
11 78 -976.108
11 79 -696.789
11 80 -442.47
11 81 -217.639
11 82 -24.9036
11 83 134.839
11 84 262.107
11 85 358.565
11 86 426.694
11 87 469.536
11 88 490.4
11 89 492.681
11 90 479.648
11 91 454.343
11 92 419.477
11 93 377.384
11 94 330.008
11 95 278.908
11 96 225.285
11 97 170.042
11 98 113.805
11 99 57.0239
11 100 0

12 0 0
12 1 62.179
12 2 123.858
12 3 184.457
12 4 243.274
12 5 299.38
12 6 351.609
12 7 398.467
12 8 438.129
12 9 468.41
12 10 486.78
12 11 490.4
12 12 476.203
12 13 440.987
12 14 381.596
12 15 295.067
12 16 178.896
12 17 31.2497
12 18 -148.742
12 19 -360.749
12 20 -602.97
12 21 -871.969
12 22 -1162.49
12 23 -1467.48
12 24 -1778.03
12 25 -2083.72
12 26 -2372.75
12 27 -2632.55
12 28 -2850.28
12 29 -3013.48
12 30 -3110.95
12 31 -3133.37
12 32 -3074.16
12 33 -2930
12 34 -2701.39
12 35 -2392.71
12 36 -2012.37
12 37 -1572.21
12 38 -1086.91
12 39 -573.144
12 40 -48.4168
12 41 469.978
12 42 966.06
12 43 1425.94
12 44 1838.45
12 45 2195.27
12 46 2490.89
12 47 2722.13
12 48 2887.56
12 49 2986.77
12 50 3019.81
12 51 2986.77
12 52 2887.56
12 53 2722.13
12 54 2490.89
12 55 2195.27
12 56 1838.45
12 57 1425.94
12 58 966.06
12 59 469.978
12 60 -48.4168
12 61 -573.144
12 62 -1086.91
12 63 -1572.21
12 64 -2012.37
12 65 -2392.71
12 66 -2701.39
12 67 -2930
12 68 -3074.16
12 69 -3133.37
12 70 -3110.95
12 71 -3013.48
12 72 -2850.28
12 73 -2632.55
12 74 -2372.75
12 75 -2083.72
12 76 -1778.03
12 77 -1467.48
12 78 -1162.49
12 79 -871.969
12 80 -602.97
12 81 -360.749
12 82 -148.742
12 83 31.2497
12 84 178.896
12 85 295.067
12 86 381.596
12 87 440.987
12 88 476.203
12 89 490.4
12 90 486.78
12 91 468.41
12 92 438.129
12 93 398.467
12 94 351.609
12 95 299.38
12 96 243.274
12 97 184.457
12 98 123.858
12 99 62.179
12 100 0

13 0 0
13 1 66.4434
13 2 132.068
13 3 195.962
13 4 257.113
13 5 314.267
13 6 365.948
13 7 410.382
13 8 445.47
13 9 468.846
13 10 477.819
13 11 469.536
13 12 440.987
13 13 389.202
13 14 311.381
13 15 205.092
13 16 68.4966
13 17 -99.4278
13 18 -298.669
13 19 -527.954
13 20 -784.573
13 21 -1064.27
13 22 -1361.16
13 23 -1667.73
13 24 -1975.04
13 25 -2272.78
13 26 -2549.76
13 27 -2794.18
13 28 -2994.23
13 29 -3138.64
13 30 -3217.3
13 31 -3221.94
13 32 -3146.74
13 33 -2988.85
13 34 -2748.76
13 35 -2430.65
13 36 -2042.17
13 37 -1594.31
13 38 -1100.82
13 39 -577.41
13 40 -40.886
13 41 491.872
13 42 1004.87
13 43 1483.84
13 44 1916.74
13 45 2294.16
13 46 2609.24
13 47 2857.42
13 48 3036
13 49 3143.54
13 50 3179.46
13 51 3143.54
13 52 3036
13 53 2857.42
13 54 2609.24
13 55 2294.16
13 56 1916.74
13 57 1483.84
13 58 1004.87
13 59 491.872
13 60 -40.886
13 61 -577.41
13 62 -1100.82
13 63 -1594.31
13 64 -2042.17
13 65 -2430.65
13 66 -2748.76
13 67 -2988.85
13 68 -3146.74
13 69 -3221.94
13 70 -3217.3
13 71 -3138.64
13 72 -2994.23
13 73 -2794.18
13 74 -2549.76
13 75 -2272.78
13 76 -1975.04
13 77 -1667.73
13 78 -1361.16
13 79 -1064.27
13 80 -784.573
13 81 -527.954
13 82 -298.669
13 83 -99.4278
13 84 68.4966
13 85 205.092
13 86 311.381
13 87 389.202
13 88 440.987
13 89 469.536
13 90 477.819
13 91 468.846
13 92 445.47
13 93 410.382
13 94 365.948
13 95 314.267
13 96 257.113
13 97 195.962
13 98 132.068
13 99 66.4434
13 100 0

14 0 0
14 1 69.3335
14 2 137.474
14 3 203.13
14 4 264.934
14 5 321.273
14 6 370.359
14 7 410.126
14 8 438.257
14 9 452.23
14 10 449.306
14 11 426.694
14 12 381.596
14 13 311.381
14 14 213.781
14 15 87.0085
14 16 -69.9525
14 17 -257.235
14 18 -473.848
14 19 -717.566
14 20 -984.791
14 21 -1270.55
14 22 -1568.42
14 23 -1870.74
14 24 -2168.61
14 25 -2452.28
14 26 -2711.3
14 27 -2934.99
14 28 -3112.83
14 29 -3234.88
14 30 -3292.4
14 31 -3278.19
14 32 -3187.26
14 33 -3017.12
14 34 -2768.29
14 35 -2444.36
14 36 -2052.19
14 37 -1601.6
14 38 -1105.1
14 39 -577.203
14 40 -33.7323
14 41 509.016
14 42 1035.22
14 43 1530.23
14 44 1981.23
14 45 2377.61
14 46 2711.09
14 47 2975.59
14 48 3166.98
14 49 3282.72
14 50 3321.45
14 51 3282.72
14 52 3166.98
14 53 2975.59
14 54 2711.09
14 55 2377.61
14 56 1981.23
14 57 1530.23
14 58 1035.22
14 59 509.016
14 60 -33.7323
14 61 -577.203
14 62 -1105.1
14 63 -1601.6
14 64 -2052.19
14 65 -2444.36
14 66 -2768.29
14 67 -3017.12
14 68 -3187.26
14 69 -3278.19
14 70 -3292.4
14 71 -3234.88
14 72 -3112.83
14 73 -2934.99
14 74 -2711.3
14 75 -2452.28
14 76 -2168.61
14 77 -1870.74
14 78 -1568.42
14 79 -1270.55
14 80 -984.791
14 81 -717.566
14 82 -473.848
14 83 -257.235
14 84 -69.9525
14 85 87.0085
14 86 213.781
14 87 311.381
14 88 381.596
14 89 426.694
14 90 449.306
14 91 452.23
14 92 438.257
14 93 410.126
14 94 370.359
14 95 321.273
14 96 264.934
14 97 203.13
14 98 137.474
14 99 69.3335
14 100 0

15 0 0
15 1 70.2879
15 2 138.958
15 3 204.31
15 4 264.575
15 5 317.785
15 6 361.828
15 7 394.391
15 8 412.97
15 9 414.979
15 10 397.71
15 11 358.565
15 12 295.067
15 13 205.092
15 14 87.0085
15 15 -60.1704
15 16 -236.567
15 17 -441.338
15 18 -672.518
15 19 -926.951
15 20 -1200.25
15 21 -1486.85
15 22 -1780.02
15 23 -2072.07
15 24 -2354.55
15 25 -2618.34
15 26 -2854.13
15 27 -3052.54
15 28 -3204.49
15 29 -3301.64
15 30 -3336.54
15 31 -3303.22
15 32 -3197.43
15 33 -3017.05
15 34 -2762.35
15 35 -2436.37
15 36 -2044.78
15 37 -1596.12
15 38 -1101.37
15 39 -573.678
15 40 -27.711
15 41 521.038
15 42 1057.01
15 43 1565.26
15 44 2032.16
15 45 2445.89
15 46 2796.67
15 47 3076.77
15 48 3280.59
15 49 3404.32
15 50 3445.82
15 51 3404.32
15 52 3280.59
15 53 3076.77
15 54 2796.67
15 55 2445.89
15 56 2032.16
15 57 1565.26
15 58 1057.01
15 59 521.038
15 60 -27.711
15 61 -573.678
15 62 -1101.37
15 63 -1596.12
15 64 -2044.78
15 65 -2436.37
15 66 -2762.35
15 67 -3017.05
15 68 -3197.43
15 69 -3303.22
15 70 -3336.54
15 71 -3301.64
15 72 -3204.49
15 73 -3052.54
15 74 -2854.13
15 75 -2618.34
15 76 -2354.55
15 77 -2072.07
15 78 -1780.02
15 79 -1486.85
15 80 -1200.25
15 81 -926.951
15 82 -672.518
15 83 -441.338
15 84 -236.567
15 85 -60.1704
15 86 87.0085
15 87 205.092
15 88 295.067
15 89 358.565
15 90 397.71
15 91 414.979
15 92 412.97
15 93 394.391
15 94 361.828
15 95 317.785
15 96 264.575
15 97 204.31
15 98 138.958
15 99 70.2879
15 100 0

16 0 0
16 1 68.6524
16 2 135.236
16 3 197.622
16 4 253.629
16 5 300.936
16 6 337.137
16 7 359.697
16 8 366.021
16 9 353.516
16 10 319.649
16 11 262.107
16 12 178.896
16 13 68.4966
16 14 -69.9525
16 15 -236.567
16 16 -430.509
16 17 -649.961
16 18 -892.008
16 19 -1152.66
16 20 -1426.87
16 21 -1708.67
16 22 -1991.24
16 23 -2267.16
16 24 -2528.54
16 25 -2767.31
16 26 -2975.39
16 27 -3144.86
16 28 -3268.33
16 29 -3338.92
16 30 -3350.72
16 31 -3298.81
16 32 -3179.68
16 33 -2991.39
16 34 -2733.95
16 35 -2409.49
16 36 -2022.54
16 37 -1580.04
16 38 -1091.37
16 39 -568.087
16 40 -23.525
16 41 527.669
16 42 1070.3
16 43 1589.19
16 44 2069.94
16 45 2499.44
16 46 2866.36
16 47 3161.31
16 48 3377.07
16 49 3508.54
16 50 3552.7
16 51 3508.54
16 52 3377.07
16 53 3161.31
16 54 2866.36
16 55 2499.44
16 56 2069.94
16 57 1589.19
16 58 1070.3
16 59 527.669
16 60 -23.525
16 61 -568.087
16 62 -1091.37
16 63 -1580.04
16 64 -2022.54
16 65 -2409.49
16 66 -2733.95
16 67 -2991.39
16 68 -3179.68
16 69 -3298.81
16 70 -3350.72
16 71 -3338.92
16 72 -3268.33
16 73 -3144.86
16 74 -2975.39
16 75 -2767.31
16 76 -2528.54
16 77 -2267.16
16 78 -1991.24
16 79 -1708.67
16 80 -1426.87
16 81 -1152.66
16 82 -892.008
16 83 -649.961
16 84 -430.509
16 85 -236.567
16 86 -69.9525
16 87 68.4966
16 88 178.896
16 89 262.107
16 90 319.649
16 91 353.516
16 92 366.021
16 93 359.697
16 94 337.137
16 95 300.936
16 96 253.629
16 97 197.622
16 98 135.236
16 99 68.6524
16 100 0

17 0 0
17 1 63.7484
17 2 124.97
17 3 181.119
17 4 229.602
17 5 267.789
17 6 293.009
17 7 302.595
17 8 293.926
17 9 264.521
17 10 212.123
17 11 134.839
17 12 31.2497
17 13 -99.4278
17 14 -257.235
17 15 -441.338
17 16 -649.961
17 17 -880.334
17 18 -1128.7
17 19 -1390.39
17 20 -1659.89
17 21 -1931.03
17 22 -2197.16
17 23 -2451.35
17 24 -2686.58
17 25 -2895.92
17 26 -3072.72
17 27 -3210.71
17 28 -3304.07
17 29 -3347.61
17 30 -3336.68
17 31 -3267.47
17 32 -3137
17 33 -2943.47
17 34 -2686.38
17 35 -2366.96
17 36 -1988.31
17 37 -1555.76
17 38 -1076.89
17 39 -561.606
17 40 -21.8777
17 41 528.68
17 42 1075.23
17 43 1602.42
17 44 2095.06
17 45 2538.81
17 46 2920.71
17 47 3229.66
17 48 3456.8
17 49 3595.7
17 50 3642.44
17 51 3595.7
17 52 3456.8
17 53 3229.66
17 54 2920.71
17 55 2538.81
17 56 2095.06
17 57 1602.42
17 58 1075.23
17 59 528.68
17 60 -21.8777
17 61 -561.606
17 62 -1076.89
17 63 -1555.76
17 64 -1988.31
17 65 -2366.96
17 66 -2686.38
17 67 -2943.47
17 68 -3137
17 69 -3267.47
17 70 -3336.68
17 71 -3347.61
17 72 -3304.07
17 73 -3210.71
17 74 -3072.72
17 75 -2895.92
17 76 -2686.58
17 77 -2451.35
17 78 -2197.16
17 79 -1931.03
17 80 -1659.89
17 81 -1390.39
17 82 -1128.7
17 83 -880.334
17 84 -649.961
17 85 -441.338
17 86 -257.235
17 87 -99.4278
17 88 31.2497
17 89 134.839
17 90 212.123
17 91 264.521
17 92 293.926
17 93 302.595
17 94 293.009
17 95 267.789
17 96 229.602
17 97 181.119
17 98 124.97
17 99 63.7484
17 100 0

18 0 0
18 1 54.8807
18 2 106.81
18 3 152.846
18 4 190.045
18 5 215.505
18 6 226.38
18 7 219.938
18 8 193.649
18 9 145.236
18 10 72.8468
18 11 -24.9036
18 12 -148.742
18 13 -298.669
18 14 -473.848
18 15 -672.518
18 16 -892.008
18 17 -1128.7
18 18 -1378.16
18 19 -1635.21
18 20 -1894.1
18 21 -2148.74
18 22 -2392.87
18 23 -2620.29
18 24 -2825.02
18 25 -3001.48
18 26 -3144.54
18 27 -3249.55
18 28 -3312.38
18 29 -3329.25
18 30 -3296.87
18 31 -3212.26
18 32 -3072.92
18 33 -2876.94
18 34 -2623.3
18 35 -2312.1
18 36 -1945.02
18 37 -1525.62
18 38 -1059.72
18 39 -555.452
18 40 -23.3472
18 41 523.929
18 42 1072.03
18 43 1605.42
18 44 2108.17
18 45 2564.64
18 46 2960.32
18 47 3282.37
18 48 3520.28
18 49 3666.22
18 50 3715.41
18 51 3666.22
18 52 3520.28
18 53 3282.37
18 54 2960.32
18 55 2564.64
18 56 2108.17
18 57 1605.42
18 58 1072.03
18 59 523.929
18 60 -23.3472
18 61 -555.452
18 62 -1059.72
18 63 -1525.62
18 64 -1945.02
18 65 -2312.1
18 66 -2623.3
18 67 -2876.94
18 68 -3072.92
18 69 -3212.26
18 70 -3296.87
18 71 -3329.25
18 72 -3312.38
18 73 -3249.55
18 74 -3144.54
18 75 -3001.48
18 76 -2825.02
18 77 -2620.29
18 78 -2392.87
18 79 -2148.74
18 80 -1894.1
18 81 -1635.21
18 82 -1378.16
18 83 -1128.7
18 84 -892.008
18 85 -672.518
18 86 -473.848
18 87 -298.669
18 88 -148.742
18 89 -24.9036
18 90 72.8468
18 91 145.236
18 92 193.649
18 93 219.938
18 94 226.38
18 95 215.505
18 96 190.045
18 97 152.846
18 98 106.81
18 99 54.8807
18 100 0

19 0 0
19 1 41.4124
19 2 79.5163
19 3 111.045
19 4 132.778
19 5 141.632
19 6 134.67
19 7 109.211
19 8 62.9034
19 9 -6.19264
19 10 -99.452
19 11 -217.639
19 12 -360.749
19 13 -527.954
19 14 -717.566
19 15 -926.951
19 16 -1152.66
19 17 -1390.39
19 18 -1635.21
19 19 -1881.69
19 20 -2124.09
19 21 -2356.64
19 22 -2573.73
19 23 -2770.06
19 24 -2940.91
19 25 -3082.11
19 26 -3190.06
19 27 -3261.79
19 28 -3294.61
19 29 -3286.22
19 30 -3234.36
19 31 -3136.79
19 32 -2991.3
19 33 -2795.78
19 34 -2548.48
19 35 -2248.35
19 36 -1895.59
19 37 -1492
19 38 -1041.55
19 39 -550.703
19 40 -28.5271
19 41 513.364
19 42 1060.99
19 43 1598.74
19 44 2109.9
19 45 2577.67
19 46 2985.9
19 47 3320.1
19 48 3568.05
19 49 3720.64
19 50 3772.12
19 51 3720.64
19 52 3568.05
19 53 3320.1
19 54 2985.9
19 55 2577.67
19 56 2109.9
19 57 1598.74
19 58 1060.99
19 59 513.364
19 60 -28.5271
19 61 -550.703
19 62 -1041.55
19 63 -1492
19 64 -1895.59
19 65 -2248.35
19 66 -2548.48
19 67 -2795.78
19 68 -2991.3
19 69 -3136.79
19 70 -3234.36
19 71 -3286.22
19 72 -3294.61
19 73 -3261.79
19 74 -3190.06
19 75 -3082.11
19 76 -2940.91
19 77 -2770.06
19 78 -2573.73
19 79 -2356.64
19 80 -2124.09
19 81 -1881.69
19 82 -1635.21
19 83 -1390.39
19 84 -1152.66
19 85 -926.951
19 86 -717.566
19 87 -527.954
19 88 -360.749
19 89 -217.639
19 90 -99.452
19 91 -6.19264
19 92 62.9034
19 93 109.211
19 94 134.67
19 95 141.632
19 96 132.778
19 97 111.045
19 98 79.5163
19 99 41.4124
19 100 0

20 0 0
20 1 22.8491
20 2 42.1398
20 3 54.3768
20 4 56.1887
20 5 44.4079
20 6 16.1405
20 7 -31.1374
20 8 -99.4796
20 9 -190.392
20 10 -304.691
20 11 -442.47
20 12 -602.97
20 13 -784.573
20 14 -984.791
20 15 -1200.25
20 16 -1426.87
20 17 -1659.89
20 18 -1894.1
20 19 -2124.09
20 20 -2344.39
20 21 -2549.81
20 22 -2735.54
20 23 -2897.47
20 24 -3032.12
20 25 -3136.81
20 26 -3209.48
20 27 -3248.63
20 28 -3253.04
20 29 -3221.54
20 30 -3152.79
20 31 -3045.1
20 32 -2896.34
20 33 -2704.07
20 34 -2465.73
20 35 -2179.14
20 36 -1842.91
20 37 -1457.14
20 38 -1024.05
20 39 -548.38
20 40 -37.8254
20 41 496.942
20 42 1042.46
20 43 1582.92
20 44 2101
20 45 2578.63
20 46 2998.2
20 47 3343.49
20 48 3600.75
20 49 3759.49
20 50 3813.16
20 51 3759.49
20 52 3600.75
20 53 3343.49
20 54 2998.2
20 55 2578.63
20 56 2101
20 57 1582.92
20 58 1042.46
20 59 496.942
20 60 -37.8254
20 61 -548.38
20 62 -1024.05
20 63 -1457.14
20 64 -1842.91
20 65 -2179.14
20 66 -2465.73
20 67 -2704.07
20 68 -2896.34
20 69 -3045.1
20 70 -3152.79
20 71 -3221.54
20 72 -3253.04
20 73 -3248.63
20 74 -3209.48
20 75 -3136.81
20 76 -3032.12
20 77 -2897.47
20 78 -2735.54
20 79 -2549.81
20 80 -2344.39
20 81 -2124.09
20 82 -1894.1
20 83 -1659.89
20 84 -1426.87
20 85 -1200.25
20 86 -984.791
20 87 -784.573
20 88 -602.97
20 89 -442.47
20 90 -304.691
20 91 -190.392
20 92 -99.4796
20 93 -31.1374
20 94 16.1405
20 95 44.4079
20 96 56.1887
20 97 54.3768
20 98 42.1398
20 99 22.8491
20 100 0

21 0 0
21 1 -1.12192
21 2 -5.90473
21 3 -17.9246
21 4 -40.5622
21 5 -76.9281
21 6 -129.745
21 7 -201.256
21 8 -293.122
21 9 -406.326
21 10 -541.083
21 11 -696.789
21 12 -871.969
21 13 -1064.27
21 14 -1270.55
21 15 -1486.85
21 16 -1708.67
21 17 -1931.03
21 18 -2148.74
21 19 -2356.64
21 20 -2549.81
21 21 -2723.8
21 22 -2874.9
21 23 -3000.13
21 24 -3097.46
21 25 -3165.57
21 26 -3203.87
21 27 -3212.24
21 28 -3190.61
21 29 -3138.84
21 30 -3056.25
21 31 -2941.46
21 32 -2792.32
21 33 -2605.92
21 34 -2378.86
21 35 -2107.71
21 36 -1789.67
21 37 -1423.14
21 38 -1008.65
21 39 -549.394
21 40 -51.6838
21 41 474.721
21 42 1016.77
21 43 1558.6
21 44 2082.14
21 45 2568.28
21 46 2997.91
21 47 3353.28
21 48 3619.03
21 49 3783.43
21 50 3839.06
21 51 3783.43
21 52 3619.03
21 53 3353.28
21 54 2997.91
21 55 2568.28
21 56 2082.14
21 57 1558.6
21 58 1016.77
21 59 474.721
21 60 -51.6838
21 61 -549.394
21 62 -1008.65
21 63 -1423.14
21 64 -1789.67
21 65 -2107.71
21 66 -2378.86
21 67 -2605.92
21 68 -2792.32
21 69 -2941.46
21 70 -3056.25
21 71 -3138.84
21 72 -3190.61
21 73 -3212.24
21 74 -3203.87
21 75 -3165.57
21 76 -3097.46
21 77 -3000.13
21 78 -2874.9
21 79 -2723.8
21 80 -2549.81
21 81 -2356.64
21 82 -2148.74
21 83 -1931.03
21 84 -1708.67
21 85 -1486.85
21 86 -1270.55
21 87 -1064.27
21 88 -871.969
21 89 -696.789
21 90 -541.083
21 91 -406.326
21 92 -293.122
21 93 -201.256
21 94 -129.745
21 95 -76.9281
21 96 -40.5622
21 97 -17.9246
21 98 -5.90473
21 99 -1.12192
21 100 0

22 0 0
22 1 -30.4949
22 2 -64.5768
22 3 -105.721
22 4 -157.156
22 5 -221.769
22 6 -301.972
22 7 -399.608
22 8 -515.843
22 9 -651.088
22 10 -804.93
22 11 -976.108
22 12 -1162.49
22 13 -1361.16
22 14 -1568.42
22 15 -1780.02
22 16 -1991.24
22 17 -2197.16
22 18 -2392.87
22 19 -2573.73
22 20 -2735.54
22 21 -2874.9
22 22 -2989.16
22 23 -3076.7
22 24 -3136.74
22 25 -3169.38
22 26 -3175.3
22 27 -3155.49
22 28 -3110.95
22 29 -3042.21
22 30 -2949.07
22 31 -2830.31
22 32 -2683.56
22 33 -2505.34
22 34 -2291.4
22 35 -2037.16
22 36 -1738.35
22 37 -1391.89
22 38 -996.711
22 39 -554.492
22 40 -70.3877
22 41 446.778
22 42 984.328
22 43 1526.28
22 44 2054.03
22 45 2547.38
22 46 2985.85
22 47 3350.15
22 48 3623.54
22 49 3793.07
22 50 3850.52
22 51 3793.07
22 52 3623.54
22 53 3350.15
22 54 2985.85
22 55 2547.38
22 56 2054.03
22 57 1526.28
22 58 984.328
22 59 446.778
22 60 -70.3877
22 61 -554.492
22 62 -996.711
22 63 -1391.89
22 64 -1738.35
22 65 -2037.16
22 66 -2291.4
22 67 -2505.34
22 68 -2683.56
22 69 -2830.31
22 70 -2949.07
22 71 -3042.21
22 72 -3110.95
22 73 -3155.49
22 74 -3175.3
22 75 -3169.38
22 76 -3136.74
22 77 -3076.7
22 78 -2989.16
22 79 -2874.9
22 80 -2735.54
22 81 -2573.73
22 82 -2392.87
22 83 -2197.16
22 84 -1991.24
22 85 -1780.02
22 86 -1568.42
22 87 -1361.16
22 88 -1162.49
22 89 -976.108
22 90 -804.93
22 91 -651.088
22 92 -515.843
22 93 -399.608
22 94 -301.972
22 95 -221.769
22 96 -157.156
22 97 -105.721
22 98 -64.5768
22 99 -30.4949
22 100 0

23 0 0
23 1 -64.9221
23 2 -133.153
23 3 -207.862
23 4 -291.945
23 5 -387.892
23 6 -497.668
23 7 -622.6
23 8 -763.296
23 9 -919.56
23 10 -1090.38
23 11 -1273.9
23 12 -1467.48
23 13 -1667.73
23 14 -1870.74
23 15 -2072.07
23 16 -2267.16
23 17 -2451.35
23 18 -2620.29
23 19 -2770.06
23 20 -2897.47
23 21 -3000.13
23 22 -3076.7
23 23 -3126.73
23 24 -3150.78
23 25 -3150.12
23 26 -3126.52
23 27 -3081.95
23 28 -3018.08
23 29 -2936
23 30 -2835.72
23 31 -2716.01
23 32 -2574.13
23 33 -2406.07
23 34 -2206.66
23 35 -1970.21
23 36 -1691.16
23 37 -1365.04
23 38 -989.302
23 39 -564.361
23 40 -94.1427
23 41 413.192
23 42 945.48
23 43 1486.58
23 44 2017.35
23 45 2516.6
23 46 2962.68
23 47 3334.84
23 48 3615.01
23 49 3789.08
23 50 3848.13
23 51 3789.08
23 52 3615.01
23 53 3334.84
23 54 2962.68
23 55 2516.6
23 56 2017.35
23 57 1486.58
23 58 945.48
23 59 413.192
23 60 -94.1427
23 61 -564.361
23 62 -989.302
23 63 -1365.04
23 64 -1691.16
23 65 -1970.21
23 66 -2206.66
23 67 -2406.07
23 68 -2574.13
23 69 -2716.01
23 70 -2835.72
23 71 -2936
23 72 -3018.08
23 73 -3081.95
23 74 -3126.52
23 75 -3150.12
23 76 -3150.78
23 77 -3126.73
23 78 -3076.7
23 79 -3000.13
23 80 -2897.47
23 81 -2770.06
23 82 -2620.29
23 83 -2451.35
23 84 -2267.16
23 85 -2072.07
23 86 -1870.74
23 87 -1667.73
23 88 -1467.48
23 89 -1273.9
23 90 -1090.38
23 91 -919.56
23 92 -763.296
23 93 -622.6
23 94 -497.668
23 95 -387.892
23 96 -291.945
23 97 -207.862
23 98 -133.153
23 99 -64.9221
23 100 0

24 0 0
24 1 -103.626
24 2 -210.066
24 3 -321.972
24 4 -441.721
24 5 -571.236
24 6 -711.902
24 7 -864.452
24 8 -1028.86
24 9 -1204.38
24 10 -1389.4
24 11 -1581.63
24 12 -1778.03
24 13 -1975.04
24 14 -2168.61
24 15 -2354.55
24 16 -2528.54
24 17 -2686.58
24 18 -2825.02
24 19 -2940.91
24 20 -3032.12
24 21 -3097.46
24 22 -3136.74
24 23 -3150.78
24 24 -3141.23
24 25 -3110.39
24 26 -3060.96
24 27 -2995.51
24 28 -2916.31
24 29 -2824.61
24 30 -2720.56
24 31 -2602.66
24 32 -2467.88
24 33 -2311.47
24 34 -2127.52
24 35 -1909.24
24 36 -1649.98
24 37 -1343.93
24 38 -987.365
24 39 -579.424
24 40 -123.152
24 41 374.192
24 42 900.61
24 43 1440.02
24 44 1972.72
24 45 2476.72
24 46 2929.14
24 47 3308.06
24 48 3594.11
24 49 3772.18
24 50 3832.63
24 51 3772.18
24 52 3594.11
24 53 3308.06
24 54 2929.14
24 55 2476.72
24 56 1972.72
24 57 1440.02
24 58 900.61
24 59 374.192
24 60 -123.152
24 61 -579.424
24 62 -987.365
24 63 -1343.93
24 64 -1649.98
24 65 -1909.24
24 66 -2127.52
24 67 -2311.47
24 68 -2467.88
24 69 -2602.66
24 70 -2720.56
24 71 -2824.61
24 72 -2916.31
24 73 -2995.51
24 74 -3060.96
24 75 -3110.39
24 76 -3141.23
24 77 -3150.78
24 78 -3136.74
24 79 -3097.46
24 80 -3032.12
24 81 -2940.91
24 82 -2825.02
24 83 -2686.58
24 84 -2528.54
24 85 -2354.55
24 86 -2168.61
24 87 -1975.04
24 88 -1778.03
24 89 -1581.63
24 90 -1389.4
24 91 -1204.38
24 92 -1028.86
24 93 -864.452
24 94 -711.902
24 95 -571.236
24 96 -441.721
24 97 -321.972
24 98 -210.066
24 99 -103.626
24 100 0

25 0 0
25 1 -145.377
25 2 -292.868
25 3 -444.393
25 4 -601.651
25 5 -765.824
25 6 -937.64
25 7 -1117.13
25 8 -1303.68
25 9 -1495.94
25 10 -1691.9
25 11 -1888.89
25 12 -2083.72
25 13 -2272.78
25 14 -2452.28
25 15 -2618.34
25 16 -2767.31
25 17 -2895.92
25 18 -3001.48
25 19 -3082.11
25 20 -3136.81
25 21 -3165.57
25 22 -3169.38
25 23 -3150.12
25 24 -3110.39
25 25 -3053.38
25 26 -2982.3
25 27 -2900.33
25 28 -2809.82
25 29 -2712.26
25 30 -2607.54
25 31 -2494.02
25 32 -2368.05
25 33 -2224.42
25 34 -2056.32
25 35 -1856.16
25 36 -1616.18
25 37 -1329.6
25 38 -991.482
25 39 -600.028
25 40 -157.294
25 41 329.943
25 42 850.192
25 43 1387.17
25 44 1920.84
25 45 2428.42
25 46 2886.04
25 47 3270.6
25 48 3561.64
25 49 3743.13
25 50 3804.79
25 51 3743.13
25 52 3561.64
25 53 3270.6
25 54 2886.04
25 55 2428.42
25 56 1920.84
25 57 1387.17
25 58 850.192
25 59 329.943
25 60 -157.294
25 61 -600.028
25 62 -991.482
25 63 -1329.6
25 64 -1616.18
25 65 -1856.16
25 66 -2056.32
25 67 -2224.42
25 68 -2368.05
25 69 -2494.02
25 70 -2607.54
25 71 -2712.26
25 72 -2809.82
25 73 -2900.33
25 74 -2982.3
25 75 -3053.38
25 76 -3110.39
25 77 -3150.12
25 78 -3169.38
25 79 -3165.57
25 80 -3136.81
25 81 -3082.11
25 82 -3001.48
25 83 -2895.92
25 84 -2767.31
25 85 -2618.34
25 86 -2452.28
25 87 -2272.78
25 88 -2083.72
25 89 -1888.89
25 90 -1691.9
25 91 -1495.94
25 92 -1303.68
25 93 -1117.13
25 94 -937.64
25 95 -765.824
25 96 -601.651
25 97 -444.393
25 98 -292.868
25 99 -145.377
25 100 0

26 0 0
26 1 -188.519
26 2 -378.25
26 3 -570.254
26 4 -765.335
26 5 -963.894
26 6 -1165.83
26 7 -1370.54
26 8 -1576.75
26 9 -1782.68
26 10 -1985.92
26 11 -2183.68
26 12 -2372.75
26 13 -2549.76
26 14 -2711.3
26 15 -2854.13
26 16 -2975.39
26 17 -3072.72
26 18 -3144.54
26 19 -3190.06
26 20 -3209.48
26 21 -3203.87
26 22 -3175.3
26 23 -3126.52
26 24 -3060.96
26 25 -2982.3
26 26 -2894.3
26 27 -2800.18
26 28 -2702.55
26 29 -2602.61
26 30 -2500.16
26 31 -2393.06
26 32 -2277.32
26 33 -2147.04
26 34 -1994.83
26 35 -1812.25
26 36 -1590.77
26 37 -1322.6
26 38 -1001.96
26 39 -626.131
26 40 -196.471
26 41 280.923
26 42 794.702
26 43 1328.71
26 44 1862.47
26 45 2372.54
26 46 2834.2
26 47 3223.34
26 48 3518.52
26 49 3702.84
26 50 3765.51
26 51 3702.84
26 52 3518.52
26 53 3223.34
26 54 2834.2
26 55 2372.54
26 56 1862.47
26 57 1328.71
26 58 794.702
26 59 280.923
26 60 -196.471
26 61 -626.131
26 62 -1001.96
26 63 -1322.6
26 64 -1590.77
26 65 -1812.25
26 66 -1994.83
26 67 -2147.04
26 68 -2277.32
26 69 -2393.06
26 70 -2500.16
26 71 -2602.61
26 72 -2702.55
26 73 -2800.18
26 74 -2894.3
26 75 -2982.3
26 76 -3060.96
26 77 -3126.52
26 78 -3175.3
26 79 -3203.87
26 80 -3209.48
26 81 -3190.06
26 82 -3144.54
26 83 -3072.72
26 84 -2975.39
26 85 -2854.13
26 86 -2711.3
26 87 -2549.76
26 88 -2372.75
26 89 -2183.68
26 90 -1985.92
26 91 -1782.68
26 92 -1576.75
26 93 -1370.54
26 94 -1165.83
26 95 -963.894
26 96 -765.335
26 97 -570.254
26 98 -378.25
26 99 -188.519
26 100 0

27 0 0
27 1 -231.003
27 2 -462.191
27 3 -693.594
27 4 -925.082
27 5 -1156.11
27 6 -1385.84
27 7 -1612.88
27 8 -1835.51
27 9 -2051.47
27 10 -2258.22
27 11 -2452.91
27 12 -2632.55
27 13 -2794.18
27 14 -2934.99
27 15 -3052.54
27 16 -3144.86
27 17 -3210.71
27 18 -3249.55
27 19 -3261.79
27 20 -3248.63
27 21 -3212.24
27 22 -3155.49
27 23 -3081.95
27 24 -2995.51
27 25 -2900.33
27 26 -2800.18
27 27 -2698.52
27 28 -2597.63
27 29 -2498.63
27 30 -2400.9
27 31 -2301.98
27 32 -2197.35
27 33 -2080.68
27 34 -1943.95
27 35 -1778.14
27 36 -1573.97
27 37 -1322.98
27 38 -1018.62
27 39 -657.411
27 40 -240.078
27 41 227.73
27 42 735.007
27 43 1265.51
27 44 1798.55
27 45 2310.13
27 46 2774.72
27 47 3167.41
27 48 3465.87
27 49 3652.49
27 50 3715.96
27 51 3652.49
27 52 3465.87
27 53 3167.41
27 54 2774.72
27 55 2310.13
27 56 1798.55
27 57 1265.51
27 58 735.007
27 59 227.73
27 60 -240.078
27 61 -657.411
27 62 -1018.62
27 63 -1322.98
27 64 -1573.97
27 65 -1778.14
27 66 -1943.95
27 67 -2080.68
27 68 -2197.35
27 69 -2301.98
27 70 -2400.9
27 71 -2498.63
27 72 -2597.63
27 73 -2698.52
27 74 -2800.18
27 75 -2900.33
27 76 -2995.51
27 77 -3081.95
27 78 -3155.49
27 79 -3212.24
27 80 -3248.63
27 81 -3261.79
27 82 -3249.55
27 83 -3210.71
27 84 -3144.86
27 85 -3052.54
27 86 -2934.99
27 87 -2794.18
27 88 -2632.55
27 89 -2452.91
27 90 -2258.22
27 91 -2051.47
27 92 -1835.51
27 93 -1612.88
27 94 -1385.84
27 95 -1156.11
27 96 -925.082
27 97 -693.594
27 98 -462.191
27 99 -231.003
27 100 0

28 0 0
28 1 -270.514
28 2 -540.09
28 3 -807.723
28 4 -1072.21
28 5 -1332.15
28 6 -1585.84
28 7 -1831.32
28 8 -2066.32
28 9 -2288.37
28 10 -2494.83
28 11 -2683
28 12 -2850.28
28 13 -2994.23
28 14 -3112.83
28 15 -3204.49
28 16 -3268.33
28 17 -3304.07
28 18 -3312.38
28 19 -3294.61
28 20 -3253.04
28 21 -3190.61
28 22 -3110.95
28 23 -3018.08
28 24 -2916.31
28 25 -2809.82
28 26 -2702.55
28 27 -2597.63
28 28 -2497.24
28 29 -2402.08
28 30 -2311.22
28 31 -2221.75
28 32 -2128.83
28 33 -2025.61
28 34 -1903.68
28 35 -1753.53
28 36 -1565.36
28 37 -1330.12
28 38 -1040.67
28 39 -692.968
28 40 -287.173
28 41 171.466
28 42 672.181
28 43 1198.82
28 44 1730.41
28 45 2242.53
28 46 2709.05
28 47 3104.28
28 48 3405.21
28 49 3593.59
28 50 3657.73
28 51 3593.59
28 52 3405.21
28 53 3104.28
28 54 2709.05
28 55 2242.53
28 56 1730.41
28 57 1198.82
28 58 672.181
28 59 171.466
28 60 -287.173
28 61 -692.968
28 62 -1040.67
28 63 -1330.12
28 64 -1565.36
28 65 -1753.53
28 66 -1903.68
28 67 -2025.61
28 68 -2128.83
28 69 -2221.75
28 70 -2311.22
28 71 -2402.08
28 72 -2497.24
28 73 -2597.63
28 74 -2702.55
28 75 -2809.82
28 76 -2916.31
28 77 -3018.08
28 78 -3110.95
28 79 -3190.61
28 80 -3253.04
28 81 -3294.61
28 82 -3312.38
28 83 -3304.07
28 84 -3268.33
28 85 -3204.49
28 86 -3112.83
28 87 -2994.23
28 88 -2850.28
28 89 -2683
28 90 -2494.83
28 91 -2288.37
28 92 -2066.32
28 93 -1831.32
28 94 -1585.84
