0 0 0
0 1 0
0 2 0
0 3 0
0 4 0
0 5 0
0 6 0
0 7 0
0 8 0
0 9 0
0 10 0
0 11 0
0 12 0
0 13 0
0 14 0
0 15 0
0 16 0
0 17 0
0 18 0
0 19 0
0 20 0
0 21 0
0 22 0
0 23 0
0 24 0
0 25 0
0 26 0
0 27 0
0 28 0
0 29 0
0 30 0
0 31 0
0 32 0
0 33 0
0 34 0
0 35 0
0 36 0
0 37 0
0 38 0
0 39 0
0 40 0
0 41 0
0 42 0
0 43 0
0 44 0
0 45 0
0 46 0
0 47 0
0 48 0
0 49 0
0 50 0
0 51 0
0 52 0
0 53 0
0 54 0
0 55 0
0 56 0
0 57 0
0 58 0
0 59 0
0 60 0
0 61 0
0 62 0
0 63 0
0 64 0
0 65 0
0 66 0
0 67 0
0 68 0
0 69 0
0 70 0
0 71 0
0 72 0
0 73 0
0 74 0
0 75 0
0 76 0
0 77 0
0 78 0
0 79 0
0 80 0
0 81 0
0 82 0
0 83 0
0 84 0
0 85 0
0 86 0
0 87 0
0 88 0
0 89 0
0 90 0
0 91 0
0 92 0
0 93 0
0 94 0
0 95 0
0 96 0
0 97 0
0 98 0
0 99 0
0 100 0

1 0 0
1 1 10.6412
1 2 20.8622
1 3 30.2333
1 4 38.2698
1 5 44.4551
1 6 48.2071
1 7 48.9007
1 8 45.888
1 9 38.5194
1 10 26.2056
1 11 8.46809
1 12 -14.9871
1 13 -44.1995
1 14 -78.8702
1 15 -118.332
1 16 -161.471
1 17 -206.766
1 18 -252.3
1 19 -295.828
1 20 -334.948
1 21 -367.197
1 22 -390.295
1 23 -402.315
1 24 -401.872
1 25 -388.289
1 26 -361.697
1 27 -323.059
1 28 -274.136
1 29 -217.375
1 30 -155.682
1 31 -92.2561
1 32 -30.2718
1 33 27.3286
1 34 78.0714
1 35 120.106
1 36 152.313
1 37 174.312
1 38 186.418
1 39 189.515
1 40 184.975
1 41 174.414
1 42 159.601
1 43 142.301
1 44 124.126
1 45 106.488
1 46 90.5714
1 47 77.3219
1 48 67.3998
1 49 61.2672
1 50 59.188
1 51 61.2672
1 52 67.3998
1 53 77.3219
1 54 90.5714
1 55 106.488
1 56 124.126
1 57 142.301
1 58 159.601
1 59 174.414
1 60 184.975
1 61 189.515
1 62 186.418
1 63 174.312
1 64 152.313
1 65 120.106
1 66 78.0714
1 67 27.3286
1 68 -30.2718
1 69 -92.2561
1 70 -155.682
1 71 -217.375
1 72 -274.136
1 73 -323.059
1 74 -361.697
1 75 -388.289
1 76 -401.872
1 77 -402.315
1 78 -390.295
1 79 -367.197
1 80 -334.948
1 81 -295.828
1 82 -252.3
1 83 -206.766
1 84 -161.471
1 85 -118.332
1 86 -78.8702
1 87 -44.1995
1 88 -14.9871
1 89 8.46809
1 90 26.2056
1 91 38.5194
1 92 45.888
1 93 48.9007
1 94 48.2071
1 95 44.4551
1 96 38.2698
1 97 30.2333
1 98 20.8622
1 99 10.6412
1 100 0

2 0 0
2 1 20.8622
2 2 40.8732
2 3 59.1619
2 4 74.7554
2 5 86.6183
2 6 93.5933
2 7 94.4451
2 8 87.8986
2 9 72.6872
2 10 47.6692
2 11 11.932
2 12 -35.0699
2 13 -93.3722
2 14 -162.352
2 15 -240.654
2 16 -326.066
2 17 -415.563
2 18 -505.365
2 19 -591.051
2 20 -667.893
2 21 -731.058
2 22 -776.083
2 23 -799.196
2 24 -797.707
2 25 -770.303
2 26 -717.263
2 27 -640.486
2 28 -543.445
2 29 -430.952
2 30 -308.747
2 31 -183.117
2 32 -60.3326
2 33 53.8168
2 34 154.458
2 35 237.903
2 36 301.952
2 37 345.807
2 38 370.049
2 39 376.49
2 40 367.735
2 41 347.016
2 42 317.823
2 43 283.624
2 44 247.633
2 45 212.686
2 46 181.13
2 47 154.803
2 48 135.084
2 49 122.907
2 50 118.796
2 51 122.907
2 52 135.084
2 53 154.803
2 54 181.13
2 55 212.686
2 56 247.633
2 57 283.624
2 58 317.823
2 59 347.016
2 60 367.735
2 61 376.49
2 62 370.049
2 63 345.807
2 64 301.952
2 65 237.903
2 66 154.458
2 67 53.8168
2 68 -60.3326
2 69 -183.117
2 70 -308.747
2 71 -430.952
2 72 -543.445
2 73 -640.486
2 74 -717.263
2 75 -770.303
2 76 -797.707
2 77 -799.196
2 78 -776.083
2 79 -731.058
2 80 -667.893
2 81 -591.051
2 82 -505.365
2 83 -415.563
2 84 -326.066
2 85 -240.654
2 86 -162.352
2 87 -93.3722
2 88 -35.0699
2 89 11.932
2 90 47.6692
2 91 72.6872
2 92 87.8986
2 93 94.4451
2 94 93.5933
2 95 86.6183
2 96 74.7554
2 97 59.1619
2 98 40.8732
2 99 20.8622
2 100 0

3 0 0
3 1 30.2333
3 2 59.1619
3 3 85.4494
3 4 107.629
3 5 124.142
3 6 133.276
3 7 133.216
3 8 122.112
3 9 98.142
3 10 59.6907
3 11 5.48673
3 12 -65.1843
3 13 -152.289
3 14 -254.828
3 15 -370.731
3 16 -496.691
3 17 -628.237
3 18 -759.803
3 19 -884.94
3 20 -996.747
3 21 -1088.23
3 22 -1152.9
3 23 -1185.34
3 24 -1181.65
3 25 -1139.98
3 26 -1060.77
3 27 -946.837
3 28 -803.267
3 29 -637.099
3 30 -456.708
3 31 -271.289
3 32 -89.9992
3 33 78.6615
3 34 227.513
3 35 351.162
3 36 446.292
3 37 511.712
3 38 548.262
3 39 558.432
3 40 546.138
3 41 516.048
3 42 473.293
3 43 423.018
3 44 369.965
3 45 318.318
3 46 271.597
3 47 232.614
3 48 203.378
3 49 185.296
3 50 179.167
3 51 185.296
3 52 203.378
3 53 232.614
3 54 271.597
3 55 318.318
3 56 369.965
3 57 423.018
3 58 473.293
3 59 516.048
3 60 546.138
3 61 558.432
3 62 548.262
3 63 511.712
3 64 446.292
3 65 351.162
3 66 227.513
3 67 78.6615
3 68 -89.9992
3 69 -271.289
3 70 -456.708
3 71 -637.099
3 72 -803.267
3 73 -946.837
3 74 -1060.77
3 75 -1139.98
3 76 -1181.65
3 77 -1185.34
3 78 -1152.9
3 79 -1088.23
3 80 -996.747
3 81 -884.94
3 82 -759.803
3 83 -628.237
3 84 -496.691
3 85 -370.731
3 86 -254.828
3 87 -152.289
3 88 -65.1843
3 89 5.48673
3 90 59.6907
3 91 98.142
3 92 122.112
3 93 133.216
3 94 133.276
3 95 124.142
3 96 107.629
3 97 85.4494
3 98 59.1619
3 99 30.2333
3 100 0

4 0 0
4 1 38.2698
4 2 74.7554
4 3 107.629
4 4 134.923
4 5 154.558
4 6 164.289
4 7 161.773
4 8 144.642
4 9 110.619
4 10 57.7139
4 11 -15.5795
4 12 -110.034
4 13 -225.435
4 14 -360.345
4 15 -511.933
4 16 -675.842
4 17 -846.219
4 18 -1015.87
4 19 -1176.51
4 20 -1319.3
4 21 -1435.33
4 22 -1516.39
4 23 -1555.58
4 24 -1548.07
4 25 -1491.55
4 26 -1386.67
4 27 -1237.07
4 28 -1049.34
4 29 -832.481
4 30 -597.308
4 31 -355.604
4 32 -119.191
4 33 100.979
4 34 295.627
4 35 457.697
4 36 582.851
4 37 669.439
4 38 718.396
4 39 732.997
4 40 718.093
4 41 679.791
4 42 624.72
4 43 559.533
4 44 490.471
4 45 423.073
4 46 361.978
4 47 310.857
4 48 272.485
4 49 248.744
4 50 240.72
4 51 248.744
4 52 272.485
4 53 310.857
4 54 361.978
4 55 423.073
4 56 490.471
4 57 559.533
4 58 624.72
4 59 679.791
4 60 718.093
4 61 732.997
4 62 718.396
4 63 669.439
4 64 582.851
4 65 457.697
4 66 295.627
4 67 100.979
4 68 -119.191
4 69 -355.604
4 70 -597.308
4 71 -832.481
4 72 -1049.34
4 73 -1237.07
4 74 -1386.67
4 75 -1491.55
4 76 -1548.07
4 77 -1555.58
4 78 -1516.39
4 79 -1435.33
4 80 -1319.3
4 81 -1176.51
4 82 -1015.87
4 83 -846.219
4 84 -675.842
4 85 -511.933
4 86 -360.345
4 87 -225.435
4 88 -110.034
4 89 -15.5795
4 90 57.7139
4 91 110.619
4 92 144.642
4 93 161.773
4 94 164.289
4 95 154.558
4 96 134.923
4 97 107.629
4 98 74.7554
4 99 38.2698
4 100 0

5 0 0
5 1 44.4551
5 2 86.6183
5 3 124.142
5 4 154.558
5 5 175.27
5 6 183.545
5 7 176.572
5 8 151.565
5 9 105.905
5 10 37.3656
5 11 -55.6592
5 12 -173.858
5 13 -316.73
5 14 -482.314
5 15 -667
5 16 -865.403
5 17 -1070.42
5 18 -1273.38
5 19 -1464.45
5 20 -1633.14
5 21 -1768.97
5 22 -1862.31
5 23 -1905.15
5 24 -1891.85
5 25 -1819.85
5 26 -1689.98
5 27 -1506.71
5 28 -1277.87
5 29 -1014.23
5 30 -728.634
5 31 -435.163
5 32 -147.918
5 33 119.963
5 34 357.277
5 35 555.528
5 36 709.31
5 37 816.516
5 38 878.18
5 39 897.943
5 40 881.707
5 41 836.669
5 42 770.832
5 43 692.282
5 44 608.627
5 45 526.659
5 46 452.124
5 47 389.653
5 48 342.665
5 49 313.558
5 50 303.693
5 51 313.558
5 52 342.665
5 53 389.653
5 54 452.124
5 55 526.659
5 56 608.627
5 57 692.282
5 58 770.832
5 59 836.669
5 60 881.707
5 61 897.943
5 62 878.18
5 63 816.516
5 64 709.31
5 65 555.528
5 66 357.277
5 67 119.963
5 68 -147.918
5 69 -435.163
5 70 -728.634
5 71 -1014.23
5 72 -1277.87
5 73 -1506.71
5 74 -1689.98
5 75 -1819.85
5 76 -1891.85
5 77 -1905.15
5 78 -1862.31
5 79 -1768.97
5 80 -1633.14
5 81 -1464.45
5 82 -1273.38
5 83 -1070.42
5 84 -865.403
5 85 -667
5 86 -482.314
5 87 -316.73
5 88 -173.858
5 89 -55.6592
5 90 37.3656
5 91 105.905
5 92 151.565
5 93 176.572
5 94 183.545
5 95 175.27
5 96 154.558
5 97 124.142
5 98 86.6183
5 99 44.4551
5 100 0

6 0 0
6 1 48.2071
6 2 93.5933
6 3 133.276
6 4 164.289
6 5 183.545
6 6 187.873
6 7 174.08
6 8 139.065
6 9 80.0137
6 10 -5.39557
6 11 -118.697
6 12 -260.357
6 13 -429.457
6 14 -623.445
6 15 -837.908
6 16 -1066.52
6 17 -1301.03
6 18 -1531.59
6 19 -1747.06
6 20 -1935.67
6 21 -2085.78
6 22 -2186.71
6 23 -2229.61
6 24 -2208.39
6 25 -2120.31
6 26 -1966.47
6 27 -1751.99
6 28 -1485.79
6 29 -1179.99
6 30 -849.209
6 31 -509.308
6 32 -176.341
6 33 134.723
6 34 411.057
6 35 642.787
6 36 823.585
6 37 950.817
6 38 1025.37
6 39 1051.35
6 40 1035.19
6 41 985.2
6 42 910.496
6 43 820.405
6 44 723.825
6 45 628.74
6 46 541.979
6 47 469.016
6 48 414.052
6 49 379.937
6 50 368.392
6 51 379.937
6 52 414.052
6 53 469.016
6 54 541.979
6 55 628.74
6 56 723.825
6 57 820.405
6 58 910.496
6 59 985.2
6 60 1035.19
6 61 1051.35
6 62 1025.37
6 63 950.817
6 64 823.585
6 65 642.787
6 66 411.057
6 67 134.723
6 68 -176.341
6 69 -509.308
6 70 -849.209
6 71 -1179.99
6 72 -1485.79
6 73 -1751.99
6 74 -1966.47
6 75 -2120.31
6 76 -2208.39
6 77 -2229.61
6 78 -2186.71
6 79 -2085.78
6 80 -1935.67
6 81 -1747.06
6 82 -1531.59
6 83 -1301.03
6 84 -1066.52
6 85 -837.908
6 86 -623.445
6 87 -429.457
6 88 -260.357
6 89 -118.697
6 90 -5.39557
6 91 80.0137
6 92 139.065
6 93 174.08
6 94 187.873
6 95 183.545
6 96 164.289
6 97 133.276
6 98 93.5933
6 99 48.2071
6 100 0

7 0 0
7 1 48.9007
7 2 94.4451
7 3 133.216
7 4 161.773
7 5 176.572
7 6 174.08
7 7 150.816
7 8 103.497
7 9 29.2551
7 10 -74.1537
7 11 -208.039
7 12 -372.484
7 13 -566.055
7 14 -785.529
7 15 -1025.73
7 16 -1279.44
7 17 -1537.52
7 18 -1789.12
7 19 -2022.22
7 20 -2224.14
7 21 -2382.47
7 22 -2485.89
7 23 -2525.12
7 24 -2493.81
7 25 -2389.22
7 26 -2212.74
7 27 -1970.01
7 28 -1670.73
7 29 -1328.12
7 30 -958.021
7 31 -577.731
7 32 -204.769
7 33 144.424
7 34 455.639
7 35 717.879
7 36 923.866
7 37 1070.39
7 38 1158.19
7 39 1191.38
7 40 1177.04
7 41 1124.07
7 42 1042.63
7 43 943.102
7 44 835.516
7 45 728.991
7 46 631.343
7 47 548.962
7 48 486.721
7 49 448.059
7 50 434.945
7 51 448.059
7 52 486.721
7 53 548.962
7 54 631.343
7 55 728.991
7 56 835.516
7 57 943.102
7 58 1042.63
7 59 1124.07
7 60 1177.04
7 61 1191.38
7 62 1158.19
7 63 1070.39
7 64 923.866
7 65 717.879
7 66 455.639
7 67 144.424
7 68 -204.769
7 69 -577.731
7 70 -958.021
7 71 -1328.12
7 72 -1670.73
7 73 -1970.01
7 74 -2212.74
7 75 -2389.22
7 76 -2493.81
7 77 -2525.12
7 78 -2485.89
7 79 -2382.47
7 80 -2224.14
7 81 -2022.22
7 82 -1789.12
7 83 -1537.52
7 84 -1279.44
7 85 -1025.73
7 86 -785.529
7 87 -566.055
7 88 -372.484
7 89 -208.039
7 90 -74.1537
7 91 29.2551
7 92 103.497
7 93 150.816
7 94 174.08
7 95 176.572
7 96 161.773
7 97 133.216
7 98 94.4451
7 99 48.9007
7 100 0

8 0 0
8 1 45.888
8 2 87.8986
8 3 122.112
8 4 144.642
8 5 151.565
8 6 139.065
8 7 103.497
8 8 41.5303
8 9 -49.5899
8 10 -171.877
8 11 -326.247
8 12 -512.287
8 13 -727.942
8 14 -969.314
8 15 -1230.48
8 16 -1503.5
8 17 -1778.51
8 18 -2044.03
8 19 -2287.45
8 20 -2495.65
8 21 -2655.89
8 22 -2756.62
8 23 -2788.45
8 24 -2745.05
8 25 -2623.81
8 26 -2426.37
8 27 -2158.75
8 28 -1831.21
8 29 -1457.61
8 30 -1054.62
8 31 -640.443
8 32 -233.656
8 33 148.218
8 34 489.917
8 35 779.413
8 36 1008.61
8 37 1173.71
8 38 1275.01
8 39 1316.68
8 40 1305.87
8 41 1252.15
8 42 1166.3
8 43 1059.63
8 44 943.184
8 45 827.035
8 46 720.026
8 47 629.383
8 48 560.737
8 49 517.961
8 50 503.458
8 51 517.961
8 52 560.737
8 53 629.383
8 54 720.026
8 55 827.035
8 56 943.184
8 57 1059.63
8 58 1166.3
8 59 1252.15
8 60 1305.87
8 61 1316.68
8 62 1275.01
8 63 1173.71
8 64 1008.61
8 65 779.413
8 66 489.917
8 67 148.218
8 68 -233.656
8 69 -640.443
8 70 -1054.62
8 71 -1457.61
8 72 -1831.21
8 73 -2158.75
8 74 -2426.37
8 75 -2623.81
8 76 -2745.05
8 77 -2788.45
8 78 -2756.62
8 79 -2655.89
8 80 -2495.65
8 81 -2287.45
8 82 -2044.03
8 83 -1778.51
8 84 -1503.5
8 85 -1230.48
8 86 -969.314
8 87 -727.942
8 88 -512.287
8 89 -326.247
8 90 -171.877
8 91 -49.5899
8 92 41.5303
8 93 103.497
8 94 139.065
8 95 151.565
8 96 144.642
8 97 122.112
8 98 87.8986
8 99 45.888
8 100 0

9 0 0
9 1 38.5194
9 2 72.6872
9 3 98.142
9 4 110.619
9 5 105.905
9 6 80.0137
9 7 29.2551
9 8 -49.5899
9 9 -159.029
9 10 -300.675
9 11 -474.935
9 12 -680.772
9 13 -915.477
9 14 -1174.45
9 15 -1451.15
9 16 -1737.06
9 17 -2021.86
9 18 -2293.74
9 19 -2539.95
9 20 -2747.32
9 21 -2903.19
9 22 -2996.18
9 23 -3017.13
9 24 -2959.94
9 25 -2822.27
9 26 -2605.95
9 27 -2317.25
9 28 -1966.62
9 29 -1568.22
9 30 -1139.05
9 31 -697.802
9 32 -263.622
9 33 145.277
9 34 512.841
9 35 826.257
9 36 1076.65
9 37 1259.49
9 38 1374.66
9 39 1425.96
9 40 1420.65
9 41 1368.43
9 42 1280.67
9 43 1169.31
9 44 1046.24
9 45 922.499
9 46 807.774
9 47 710.153
9 48 635.938
9 49 589.65
9 50 573.916
9 51 589.65
9 52 635.938
9 53 710.153
9 54 807.774
9 55 922.499
9 56 1046.24
9 57 1169.31
9 58 1280.67
9 59 1368.43
9 60 1420.65
9 61 1425.96
9 62 1374.66
9 63 1259.49
9 64 1076.65
9 65 826.257
9 66 512.841
9 67 145.277
9 68 -263.622
9 69 -697.802
9 70 -1139.05
9 71 -1568.22
9 72 -1966.62
9 73 -2317.25
9 74 -2605.95
9 75 -2822.27
9 76 -2959.94
9 77 -3017.13
9 78 -2996.18
9 79 -2903.19
9 80 -2747.32
9 81 -2539.95
9 82 -2293.74
9 83 -2021.86
9 84 -1737.06
9 85 -1451.15
9 86 -1174.45
9 87 -915.477
9 88 -680.772
9 89 -474.935
9 90 -300.675
9 91 -159.029
9 92 -49.5899
9 93 29.2551
9 94 80.0137
9 95 105.905
9 96 110.619
9 97 98.142
9 98 72.6872
9 99 38.5194
9 100 0

10 0 0
10 1 26.2056
10 2 47.6692
10 3 59.6907
10 4 57.7139
10 5 37.3656
10 6 -5.39557
10 7 -74.1537
10 8 -171.877
10 9 -300.675
10 10 -461.638
10 11 -654.546
10 12 -877.701
10 13 -1127.71
10 14 -1399.37
10 15 -1685.6
10 16 -1977.54
10 17 -2264.69
10 18 -2535.29
10 19 -2776.77
10 20 -2976.36
10 21 -3121.88
10 22 -3202.48
10 23 -3209.52
10 24 -3137.35
10 25 -2983.89
10 26 -2751.18
10 27 -2445.48
10 28 -2077.21
10 29 -1660.38
10 30 -1211.91
10 31 -750.487
10 32 -295.396
10 33 134.821
10 34 523.635
10 35 857.577
10 36 1127.05
10 37 1326.86
10 38 1456.18
10 39 1518.4
10 40 1520.46
10 41 1472.14
10 42 1384.98
10 43 1271.5
10 44 1144.22
10 45 1014.94
10 46 894.246
10 47 791.002
10 48 712.25
10 49 662.953
10 50 646.201
10 51 662.953
10 52 712.25
10 53 791.002
10 54 894.246
10 55 1014.94
10 56 1144.22
10 57 1271.5
10 58 1384.98
10 59 1472.14
10 60 1520.46
10 61 1518.4
10 62 1456.18
10 63 1326.86
10 64 1127.05
10 65 857.577
10 66 523.635
10 67 134.821
10 68 -295.396
10 69 -750.487
10 70 -1211.91
10 71 -1660.38
10 72 -2077.21
10 73 -2445.48
10 74 -2751.18
10 75 -2983.89
10 76 -3137.35
10 77 -3209.52
10 78 -3202.48
10 79 -3121.88
10 80 -2976.36
10 81 -2776.77
10 82 -2535.29
10 83 -2264.69
10 84 -1977.54
10 85 -1685.6
10 86 -1399.37
10 87 -1127.71
10 88 -877.701
10 89 -654.546
10 90 -461.638
10 91 -300.675
10 92 -171.877
10 93 -74.1537
10 94 -5.39557
10 95 37.3656
10 96 57.7139
10 97 59.6907
10 98 47.6692
10 99 26.2056
10 100 0

11 0 0
11 1 8.46809
11 2 11.932
11 3 5.48673
11 4 -15.5795
11 5 -55.6592
11 6 -118.697
11 7 -208.039
11 8 -326.247
11 9 -474.935
11 10 -654.546
11 11 -864.202
11 12 -1101.5
11 13 -1362.44
11 14 -1641.28
11 15 -1930.64
11 16 -2221.51
11 17 -2503.54
11 18 -2765.32
11 19 -2994.89
11 20 -3180.23
11 21 -3310
11 22 -3374.2
11 23 -3364.94
11 24 -3277.11
11 25 -3109.03
11 26 -2862.76
11 27 -2544.45
11 28 -2164.08
11 29 -1735.23
11 30 -1274.26
11 31 -799.465
11 32 -329.84
11 33 116.11
11 34 521.615
11 35 872.74
11 36 1159.28
11 37 1375.2
11 38 1518.99
11 39 1593.33
11 40 1604.71
11 41 1562.6
11 42 1478.67
11 43 1365.62
11 44 1236.54
11 45 1103.93
11 46 979.069
11 47 871.638
11 48 789.301
11 49 737.678
11 50 720.075
11 51 737.678
11 52 789.301
11 53 871.638
11 54 979.069
11 55 1103.93
11 56 1236.54
11 57 1365.62
11 58 1478.67
11 59 1562.6
11 60 1604.71
11 61 1593.33
11 62 1518.99
11 63 1375.2
11 64 1159.28
11 65 872.74
11 66 521.615
11 67 116.11
11 68 -329.84
11 69 -799.465
11 70 -1274.26
11 71 -1735.23
11 72 -2164.08
11 73 -2544.45
11 74 -2862.76
11 75 -3109.03
11 76 -3277.11
11 77 -3364.94
11 78 -3374.2
11 79 -3310
11 80 -3180.23
11 81 -2994.89
11 82 -2765.32
11 83 -2503.54
11 84 -2221.51
11 85 -1930.64
11 86 -1641.28
11 87 -1362.44
11 88 -1101.5
11 89 -864.202
11 90 -654.546
11 91 -474.935
11 92 -326.247
11 93 -208.039
11 94 -118.697
11 95 -55.6592
11 96 -15.5795
11 97 5.48673
11 98 11.932
11 99 8.46809
11 100 0

12 0 0
12 1 -14.9871
12 2 -35.0699
12 3 -65.1843
12 4 -110.034
12 5 -173.858
12 6 -260.357
12 7 -372.484
12 8 -512.287
12 9 -680.772
12 10 -877.701
12 11 -1101.5
12 12 -1349.15
12 13 -1616.08
12 14 -1896.24
12 15 -2182.08
12 16 -2464.79
12 17 -2734.43
12 18 -2980.32
12 19 -3191.4
12 20 -3356.78
12 21 -3466.21
12 22 -3510.82
12 23 -3483.61
12 24 -3380.16
12 25 -3199.07
12 26 -2942.45
12 27 -2616
12 28 -2229.11
12 29 -1794.48
12 30 -1327.61
12 31 -845.949
12 32 -367.876
12 33 88.457
12 34 506.301
12 35 871.435
12 36 1173
12 37 1404.27
12 38 1562.77
12 39 1650.39
12 40 1672.91
12 41 1639.37
12 42 1561.14
12 43 1451.14
12 44 1322.72
12 45 1188.93
12 46 1061.78
12 47 951.603
12 48 866.786
12 49 813.406
12 50 795.216
12 51 813.406
12 52 866.786
12 53 951.603
12 54 1061.78
12 55 1188.93
12 56 1322.72
12 57 1451.14
12 58 1561.14
12 59 1639.37
12 60 1672.91
12 61 1650.39
12 62 1562.77
12 63 1404.27
12 64 1173
12 65 871.435
12 66 506.301
12 67 88.457
12 68 -367.876
12 69 -845.949
12 70 -1327.61
12 71 -1794.48
12 72 -2229.11
12 73 -2616
12 74 -2942.45
12 75 -3199.07
12 76 -3380.16
12 77 -3483.61
12 78 -3510.82
12 79 -3466.21
12 80 -3356.78
12 81 -3191.4
12 82 -2980.32
12 83 -2734.43
12 84 -2464.79
12 85 -2182.08
12 86 -1896.24
12 87 -1616.08
12 88 -1349.15
12 89 -1101.5
12 90 -877.701
12 91 -680.772
12 92 -512.287
12 93 -372.484
12 94 -260.357
12 95 -173.858
12 96 -110.034
12 97 -65.1843
12 98 -35.0699
12 99 -14.9871
12 100 0

13 0 0
13 1 -44.1995
13 2 -93.3722
13 3 -152.289
13 4 -225.435
13 5 -316.73
13 6 -429.457
13 7 -566.055
13 8 -727.942
13 9 -915.477
13 10 -1127.71
13 11 -1362.44
13 12 -1616.08
13 13 -1883.71
13 14 -2159.1
13 15 -2434.88
13 16 -2702.62
13 17 -2953.15
13 18 -3176.78
13 19 -3363.7
13 20 -3504.36
13 21 -3589.9
13 22 -3612.67
13 23 -3566.76
13 24 -3448.35
13 25 -3256.43
13 26 -2992.85
13 27 -2662.83
13 28 -2274.8
13 29 -1840.37
13 30 -1373.78
13 31 -891.346
13 32 -410.489
13 33 51.2684
13 34 477.406
13 35 853.504
13 36 1168.26
13 37 1414.02
13 38 1587.46
13 39 1689.45
13 40 1724.86
13 41 1702.02
13 42 1632.01
13 43 1527.53
13 44 1402.18
13 45 1269.42
13 46 1141.81
13 47 1030.41
13 48 944.144
13 49 889.712
13 50 871.088
13 51 889.712
13 52 944.144
13 53 1030.41
13 54 1141.81
13 55 1269.42
13 56 1402.18
13 57 1527.53
13 58 1632.01
13 59 1702.02
13 60 1724.86
13 61 1689.45
13 62 1587.46
13 63 1414.02
13 64 1168.26
13 65 853.504
13 66 477.406
13 67 51.2684
13 68 -410.489
13 69 -891.346
13 70 -1373.78
13 71 -1840.37
13 72 -2274.8
13 73 -2662.83
13 74 -2992.85
13 75 -3256.43
13 76 -3448.35
13 77 -3566.76
13 78 -3612.67
13 79 -3589.9
13 80 -3504.36
13 81 -3363.7
13 82 -3176.78
13 83 -2953.15
13 84 -2702.62
13 85 -2434.88
13 86 -2159.1
13 87 -1883.71
13 88 -1616.08
13 89 -1362.44
13 90 -1127.71
13 91 -915.477
13 92 -727.942
13 93 -566.055
13 94 -429.457
13 95 -316.73
13 96 -225.435
13 97 -152.289
13 98 -93.3722
13 99 -44.1995
13 100 0

14 0 0
14 1 -78.8702
14 2 -162.352
14 3 -254.828
14 4 -360.345
14 5 -482.314
14 6 -623.445
14 7 -785.529
14 8 -969.314
14 9 -1174.45
14 10 -1399.37
14 11 -1641.28
14 12 -1896.24
14 13 -2159.1
14 14 -2423.78
14 15 -2683.24
14 16 -2929.8
14 17 -3155.29
14 18 -3351.32
14 19 -3509.53
14 20 -3621.95
14 21 -3681.19
14 22 -3681
14 23 -3616.46
14 24 -3484.52
14 25 -3284.28
14 26 -3017.39
14 27 -2688.26
14 28 -2304.25
14 29 -1875.52
14 30 -1414.87
14 31 -937.18
14 32 -458.662
14 33 4.00613
14 34 434.712
14 35 819.062
14 36 1145.18
14 37 1404.73
14 38 1593.23
14 39 1710.51
14 40 1760.39
14 41 1750.37
14 42 1690.83
14 43 1594.31
14 44 1474.35
14 45 1344.76
14 46 1218.58
14 47 1107.38
14 48 1020.8
14 49 965.923
14 50 947.16
14 51 965.923
14 52 1020.8
14 53 1107.38
14 54 1218.58
14 55 1344.76
14 56 1474.35
14 57 1594.31
14 58 1690.83
14 59 1750.37
14 60 1760.39
14 61 1710.51
14 62 1593.23
14 63 1404.73
14 64 1145.18
14 65 819.062
14 66 434.712
14 67 4.00613
14 68 -458.662
14 69 -937.18
14 70 -1414.87
14 71 -1875.52
14 72 -2304.25
14 73 -2688.26
14 74 -3017.39
14 75 -3284.28
14 76 -3484.52
14 77 -3616.46
14 78 -3681
14 79 -3681.19
14 80 -3621.95
14 81 -3509.53
14 82 -3351.32
14 83 -3155.29
14 84 -2929.8
14 85 -2683.24
14 86 -2423.78
14 87 -2159.1
14 88 -1896.24
14 89 -1641.28
14 90 -1399.37
14 91 -1174.45
14 92 -969.314
14 93 -785.529
14 94 -623.445
14 95 -482.314
14 96 -360.345
14 97 -254.828
14 98 -162.352
14 99 -78.8702
14 100 0

15 0 0
15 1 -118.332
15 2 -240.654
15 3 -370.731
15 4 -511.933
15 5 -667
15 6 -837.908
15 7 -1025.73
15 8 -1230.48
15 9 -1451.15
15 10 -1685.6
15 11 -1930.64
15 12 -2182.08
15 13 -2434.88
15 14 -2683.24
15 15 -2920.81
15 16 -3140.89
15 17 -3336.56
15 18 -3500.9
15 19 -3627.22
15 20 -3709.15
15 21 -3740.98
15 22 -3717.75
15 23 -3635.66
15 24 -3492.18
15 25 -3286.58
15 26 -3020.04
15 27 -2696.12
15 28 -2320.82
15 29 -1902.8
15 30 -1453.11
15 31 -985.031
15 32 -513.365
15 33 -53.7585
15 34 378.271
15 35 768.325
15 36 1104.23
15 37 1376.74
15 38 1580.4
15 39 1713.79
15 40 1779.56
15 41 1784.17
15 42 1737.3
15 43 1650.96
15 44 1538.65
15 45 1414.28
15 46 1291.29
15 47 1181.83
15 48 1095.96
15 49 1041.35
15 50 1022.59
15 51 1041.35
15 52 1095.96
15 53 1181.83
15 54 1291.29
15 55 1414.28
15 56 1538.65
15 57 1650.96
15 58 1737.3
15 59 1784.17
15 60 1779.56
15 61 1713.79
15 62 1580.4
15 63 1376.74
15 64 1104.23
15 65 768.325
15 66 378.271
15 67 -53.7585
15 68 -513.365
15 69 -985.031
15 70 -1453.11
15 71 -1902.8
15 72 -2320.82
15 73 -2696.12
15 74 -3020.04
15 75 -3286.58
15 76 -3492.18
15 77 -3635.66
15 78 -3717.75
15 79 -3740.98
15 80 -3709.15
15 81 -3627.22
15 82 -3500.9
15 83 -3336.56
15 84 -3140.89
15 85 -2920.81
15 86 -2683.24
15 87 -2434.88
15 88 -2182.08
15 89 -1930.64
15 90 -1685.6
15 91 -1451.15
15 92 -1230.48
15 93 -1025.73
15 94 -837.908
15 95 -667
15 96 -511.933
15 97 -370.731
15 98 -240.654
15 99 -118.332
15 100 0

16 0 0
16 1 -161.471
16 2 -326.066
16 3 -496.691
16 4 -675.842
16 5 -865.403
16 6 -1066.52
16 7 -1279.44
16 8 -1503.5
16 9 -1737.06
16 10 -1977.54
16 11 -2221.51
16 12 -2464.79
16 13 -2702.62
16 14 -2929.8
16 15 -3140.89
16 16 -3330.37
16 17 -3492.76
16 18 -3622.81
16 19 -3715.5
16 20 -3766.23
16 21 -3770.8
16 22 -3725.65
16 23 -3627.85
16 24 -3475.46
16 25 -3267.66
16 26 -3005.17
16 27 -2690.45
16 28 -2328.16
16 29 -1925.17
16 30 -1490.78
16 31 -1036.44
16 32 -575.471
16 33 -122.327
16 34 308.128
16 35 701.743
16 36 1045.89
16 37 1330.66
16 38 1549.45
16 39 1699.58
16 40 1782.44
16 41 1803.35
16 42 1771.06
16 43 1697.01
16 44 1594.4
16 45 1477.25
16 46 1359.22
16 47 1252.87
16 48 1168.83
16 49 1115.06
16 50 1096.6
16 51 1115.06
16 52 1168.83
16 53 1252.87
16 54 1359.22
16 55 1477.25
16 56 1594.4
16 57 1697.01
16 58 1771.06
16 59 1803.35
16 60 1782.44
16 61 1699.58
16 62 1549.45
16 63 1330.66
16 64 1045.89
16 65 701.743
16 66 308.128
16 67 -122.327
16 68 -575.471
16 69 -1036.44
16 70 -1490.78
16 71 -1925.17
16 72 -2328.16
16 73 -2690.45
16 74 -3005.17
16 75 -3267.66
16 76 -3475.46
16 77 -3627.85
16 78 -3725.65
16 79 -3770.8
16 80 -3766.23
16 81 -3715.5
16 82 -3622.81
16 83 -3492.76
16 84 -3330.37
16 85 -3140.89
16 86 -2929.8
16 87 -2702.62
16 88 -2464.79
16 89 -2221.51
16 90 -1977.54
16 91 -1737.06
16 92 -1503.5
16 93 -1279.44
16 94 -1066.52
16 95 -865.403
16 96 -675.842
16 97 -496.691
16 98 -326.066
16 99 -161.471
16 100 0

17 0 0
17 1 -206.766
17 2 -415.563
17 3 -628.237
17 4 -846.219
17 5 -1070.42
17 6 -1301.03
17 7 -1537.52
17 8 -1778.51
17 9 -2021.86
17 10 -2264.69
17 11 -2503.54
17 12 -2734.43
17 13 -2953.15
17 14 -3155.29
17 15 -3336.56
17 16 -3492.76
17 17 -3620.03
17 18 -3714.76
17 19 -3773.72
17 20 -3793.93
17 21 -3772.76
17 22 -3707.78
17 23 -3596.98
17 24 -3438.72
17 25 -3232.12
17 26 -2977.21
17 27 -2675.42
17 28 -2329.8
17 29 -1945.54
17 30 -1530
17 31 -1092.84
17 32 -645.722
17 33 -201.902
17 34 224.612
17 35 619.799
17 36 970.898
17 37 1267.15
17 38 1500.94
17 39 1668.27
17 40 1769.21
17 41 1807.82
17 42 1791.82
17 43 1731.94
17 44 1641
17 45 1532.85
17 46 1421.43
17 47 1319.61
17 48 1238.36
17 49 1186.14
17 50 1168.12
17 51 1186.14
17 52 1238.36
17 53 1319.61
17 54 1421.43
17 55 1532.85
17 56 1641
17 57 1731.94
17 58 1791.82
17 59 1807.82
17 60 1769.21
17 61 1668.27
17 62 1500.94
17 63 1267.15
17 64 970.898
17 65 619.799
17 66 224.612
17 67 -201.902
17 68 -645.722
17 69 -1092.84
17 70 -1530
17 71 -1945.54
17 72 -2329.8
17 73 -2675.42
17 74 -2977.21
17 75 -3232.12
17 76 -3438.72
17 77 -3596.98
17 78 -3707.78
17 79 -3772.76
17 80 -3793.93
17 81 -3773.72
17 82 -3714.76
17 83 -3620.03
17 84 -3492.76
17 85 -3336.56
17 86 -3155.29
17 87 -2953.15
17 88 -2734.43
17 89 -2503.54
17 90 -2264.69
17 91 -2021.86
17 92 -1778.51
17 93 -1537.52
17 94 -1301.03
17 95 -1070.42
17 96 -846.219
17 97 -628.237
17 98 -415.563
17 99 -206.766
17 100 0

18 0 0
18 1 -252.3
18 2 -505.365
18 3 -759.803
18 4 -1015.87
18 5 -1273.38
18 6 -1531.59
18 7 -1789.12
18 8 -2044.03
18 9 -2293.74
18 10 -2535.29
18 11 -2765.32
18 12 -2980.32
18 13 -3176.78
18 14 -3351.32
18 15 -3500.9
18 16 -3622.81
18 17 -3714.76
18 18 -3774.89
18 19 -3801.57
18 20 -3793.46
18 21 -3749.21
18 22 -3667.53
18 23 -3547.02
18 24 -3386.39
18 25 -3184.41
18 26 -2940.5
18 27 -2654.85
18 28 -2329.06
18 29 -1966.51
18 30 -1572.68
18 31 -1155.38
18 32 -724.658
18 33 -292.423
18 34 128.085
18 35 523.259
18 36 880.011
18 37 1187.02
18 38 1435.55
18 39 1620.36
18 40 1740.11
18 41 1797.56
18 42 1799.32
18 43 1755.26
18 44 1677.7
18 45 1580.31
18 46 1477.02
18 47 1380.98
18 48 1303.57
18 49 1253.44
18 50 1236.12
18 51 1253.44
18 52 1303.57
18 53 1380.98
18 54 1477.02
18 55 1580.31
18 56 1677.7
18 57 1755.26
18 58 1799.32
18 59 1797.56
18 60 1740.11
18 61 1620.36
18 62 1435.55
18 63 1187.02
18 64 880.011
18 65 523.259
18 66 128.085
18 67 -292.423
18 68 -724.658
18 69 -1155.38
18 70 -1572.68
18 71 -1966.51
18 72 -2329.06
18 73 -2654.85
18 74 -2940.5
18 75 -3184.41
18 76 -3386.39
18 77 -3547.02
18 78 -3667.53
18 79 -3749.21
18 80 -3793.46
18 81 -3801.57
18 82 -3774.89
18 83 -3714.76
18 84 -3622.81
18 85 -3500.9
18 86 -3351.32
18 87 -3176.78
18 88 -2980.32
18 89 -2765.32
18 90 -2535.29
18 91 -2293.74
18 92 -2044.03
18 93 -1789.12
18 94 -1531.59
18 95 -1273.38
18 96 -1015.87
18 97 -759.803
18 98 -505.365
18 99 -252.3
18 100 0

19 0 0
19 1 -295.828
19 2 -591.051
19 3 -884.94
19 4 -1176.51
19 5 -1464.45
19 6 -1747.06
19 7 -2022.22
19 8 -2287.45
19 9 -2539.95
19 10 -2776.77
19 11 -2994.89
19 12 -3191.4
19 13 -3363.7
19 14 -3509.53
19 15 -3627.22
19 16 -3715.5
19 17 -3773.72
19 18 -3801.57
19 19 -3799.01
19 20 -3766.05
19 21 -3702.57
19 22 -3608.1
19 23 -3481.82
19 24 -3322.48
19 25 -3128.62
19 26 -2898.8
19 27 -2632.16
19 28 -2328.75
19 29 -1990.26
19 30 -1620.3
19 31 -1224.9
19 32 -812.458
19 33 -393.645
19 34 19.2634
19 35 412.916
19 36 774.242
19 37 1091.2
19 38 1354.11
19 39 1556.42
19 40 1695.48
19 41 1772.65
19 42 1793.36
19 43 1766.57
19 44 1703.91
19 45 1618.76
19 46 1525.04
19 47 1436.04
19 48 1363.34
19 49 1315.92
19 50 1299.45
19 51 1315.92
19 52 1363.34
19 53 1436.04
19 54 1525.04
19 55 1618.76
19 56 1703.91
19 57 1766.57
19 58 1793.36
19 59 1772.65
19 60 1695.48
19 61 1556.42
19 62 1354.11
19 63 1091.2
19 64 774.242
19 65 412.916
19 66 19.2634
19 67 -393.645
19 68 -812.458
19 69 -1224.9
19 70 -1620.3
19 71 -1990.26
19 72 -2328.75
19 73 -2632.16
19 74 -2898.8
19 75 -3128.62
19 76 -3322.48
19 77 -3481.82
19 78 -3608.1
19 79 -3702.57
19 80 -3766.05
19 81 -3799.01
19 82 -3801.57
19 83 -3773.72
19 84 -3715.5
19 85 -3627.22
19 86 -3509.53
19 87 -3363.7
19 88 -3191.4
19 89 -2994.89
19 90 -2776.77
19 91 -2539.95
19 92 -2287.45
19 93 -2022.22
19 94 -1747.06
19 95 -1464.45
19 96 -1176.51
19 97 -884.94
19 98 -591.051
19 99 -295.828
19 100 0

20 0 0
20 1 -334.948
20 2 -667.893
20 3 -996.747
20 4 -1319.3
20 5 -1633.14
20 6 -1935.67
20 7 -2224.14
20 8 -2495.65
20 9 -2747.32
20 10 -2976.36
20 11 -3180.23
20 12 -3356.78
20 13 -3504.36
20 14 -3621.95
20 15 -3709.15
20 16 -3766.23
20 17 -3793.93
20 18 -3793.46
20 19 -3766.05
20 20 -3712.95
20 21 -3634.95
20 22 -3532.32
20 23 -3404.53
20 24 -3250.38
20 25 -3067.97
20 26 -2855.18
20 27 -2609.93
20 28 -2330.94
20 29 -2018.22
20 30 -1673.69
20 31 -1301.64
20 32 -908.928
20 33 -504.88
20 34 -100.98
20 35 289.987
20 36 654.743
20 37 980.822
20 38 1257.56
20 39 1477.26
20 40 1635.83
20 41 1733.32
20 42 1773.9
20 43 1765.5
20 44 1719.08
20 45 1647.54
20 46 1564.65
20 47 1483.77
20 48 1416.65
20 49 1372.46
20 50 1357.08
20 51 1372.46
20 52 1416.65
20 53 1483.77
20 54 1564.65
20 55 1647.54
20 56 1719.08
20 57 1765.5
20 58 1773.9
20 59 1733.32
20 60 1635.83
20 61 1477.26
20 62 1257.56
20 63 980.822
20 64 654.743
20 65 289.987
20 66 -100.98
20 67 -504.88
20 68 -908.928
20 69 -1301.64
20 70 -1673.69
20 71 -2018.22
20 72 -2330.94
20 73 -2609.93
20 74 -2855.18
20 75 -3067.97
20 76 -3250.38
20 77 -3404.53
20 78 -3532.32
20 79 -3634.95
20 80 -3712.95
20 81 -3766.05
20 82 -3793.46
20 83 -3793.93
20 84 -3766.23
20 85 -3709.15
20 86 -3621.95
20 87 -3504.36
20 88 -3356.78
20 89 -3180.23
20 90 -2976.36
20 91 -2747.32
20 92 -2495.65
20 93 -2224.14
20 94 -1935.67
20 95 -1633.14
20 96 -1319.3
20 97 -996.747
20 98 -667.893
20 99 -334.948
20 100 0

21 0 0
21 1 -367.197
21 2 -731.058
21 3 -1088.23
21 4 -1435.33
21 5 -1768.97
21 6 -2085.78
21 7 -2382.47
21 8 -2655.89
21 9 -2903.19
21 10 -3121.88
21 11 -3310
21 12 -3466.21
21 13 -3589.9
21 14 -3681.19
21 15 -3740.98
21 16 -3770.8
21 17 -3772.76
21 18 -3749.21
21 19 -3702.57
21 20 -3634.95
21 21 -3547.94
21 22 -3442.21
21 23 -3317.5
21 24 -3172.43
21 25 -3004.75
21 26 -2811.52
21 27 -2589.71
21 28 -2336.68
21 29 -2050.99
21 30 -1732.93
21 31 -1385.21
21 32 -1013.2
21 33 -625.017
21 34 -231.176
21 35 155.896
21 36 523.058
21 37 857.313
21 38 1147.22
21 39 1383.88
21 40 1561.94
21 41 1680.05
21 42 1741.13
21 43 1752.05
21 44 1722.91
21 45 1666.12
21 46 1595.18
21 47 1523.41
21 48 1462.64
21 49 1422.19
21 50 1408
21 51 1422.19
21 52 1462.64
21 53 1523.41
21 54 1595.18
21 55 1666.12
21 56 1722.91
21 57 1752.05
21 58 1741.13
21 59 1680.05
21 60 1561.94
21 61 1383.88
21 62 1147.22
21 63 857.313
21 64 523.058
21 65 155.896
21 66 -231.176
21 67 -625.017
21 68 -1013.2
21 69 -1385.21
21 70 -1732.93
21 71 -2050.99
21 72 -2336.68
21 73 -2589.71
21 74 -2811.52
21 75 -3004.75
21 76 -3172.43
21 77 -3317.5
21 78 -3442.21
21 79 -3547.94
21 80 -3634.95
21 81 -3702.57
21 82 -3749.21
21 83 -3772.76
21 84 -3770.8
21 85 -3740.98
21 86 -3681.19
21 87 -3589.9
21 88 -3466.21
21 89 -3310
21 90 -3121.88
21 91 -2903.19
21 92 -2655.89
21 93 -2382.47
21 94 -2085.78
21 95 -1768.97
21 96 -1435.33
21 97 -1088.23
21 98 -731.058
21 99 -367.197
21 100 0

22 0 0
22 1 -390.295
22 2 -776.083
22 3 -1152.9
22 4 -1516.39
22 5 -1862.31
22 6 -2186.71
22 7 -2485.89
22 8 -2756.62
22 9 -2996.18
22 10 -3202.48
22 11 -3374.2
22 12 -3510.82
22 13 -3612.67
22 14 -3681
22 15 -3717.75
22 16 -3725.65
22 17 -3707.78
22 18 -3667.53
22 19 -3608.1
22 20 -3532.32
22 21 -3442.21
22 22 -3338.79
22 23 -3221.78
22 24 -3089.69
22 25 -2939.77
22 26 -2768.45
22 27 -2571.72
22 28 -2345.84
22 29 -2087.99
22 30 -1797.08
22 31 -1474.32
22 32 -1123.72
22 33 -752.192
22 34 -369.455
22 35 12.7267
22 36 381.148
22 37 722.565
22 38 1024.73
22 39 1277.76
22 40 1474.96
22 41 1613.71
22 42 1695.65
22 43 1726.48
22 44 1715.45
22 45 1674.34
22 46 1616.31
22 47 1554.5
22 48 1500.73
22 49 1464.46
22 50 1451.68
22 51 1464.46
22 52 1500.73
22 53 1554.5
22 54 1616.31
22 55 1674.34
22 56 1715.45
22 57 1726.48
22 58 1695.65
22 59 1613.71
22 60 1474.96
22 61 1277.76
22 62 1024.73
22 63 722.565
22 64 381.148
22 65 12.7267
22 66 -369.455
22 67 -752.192
22 68 -1123.72
22 69 -1474.32
22 70 -1797.08
22 71 -2087.99
22 72 -2345.84
22 73 -2571.72
22 74 -2768.45
22 75 -2939.77
22 76 -3089.69
22 77 -3221.78
22 78 -3338.79
22 79 -3442.21
22 80 -3532.32
22 81 -3608.1
22 82 -3667.53
22 83 -3707.78
22 84 -3725.65
22 85 -3717.75
22 86 -3681
22 87 -3612.67
22 88 -3510.82
22 89 -3374.2
22 90 -3202.48
22 91 -2996.18
22 92 -2756.62
22 93 -2485.89
22 94 -2186.71
22 95 -1862.31
22 96 -1516.39
22 97 -1152.9
22 98 -776.083
22 99 -390.295
22 100 0

23 0 0
23 1 -402.315
23 2 -799.196
23 3 -1185.34
23 4 -1555.58
23 5 -1905.15
23 6 -2229.61
23 7 -2525.12
23 8 -2788.45
23 9 -3017.13
23 10 -3209.52
23 11 -3364.94
23 12 -3483.61
23 13 -3566.76
23 14 -3616.46
23 15 -3635.66
23 16 -3627.85
23 17 -3596.98
23 18 -3547.02
23 19 -3481.82
23 20 -3404.53
23 21 -3317.5
23 22 -3221.78
23 23 -3117.1
23 24 -3001.66
23 25 -2872.37
23 26 -2724.98
23 27 -2554.75
23 28 -2356.87
23 29 -2127.42
23 30 -1864.03
23 31 -1566.63
23 32 -1237.95
23 33 -883.836
23 34 -513.025
23 35 -136.878
23 36 231.671
23 37 579.045
23 38 892.43
23 39 1160.9
23 40 1376.67
23 41 1535.79
23 42 1638.59
23 43 1689.68
23 44 1697.32
23 45 1672.63
23 46 1628.23
23 47 1577.07
23 48 1530.94
23 49 1499.19
23 50 1487.91
23 51 1499.19
23 52 1530.94
23 53 1577.07
23 54 1628.23
23 55 1672.63
23 56 1697.32
23 57 1689.68
23 58 1638.59
23 59 1535.79
23 60 1376.67
23 61 1160.9
23 62 892.43
23 63 579.045
23 64 231.671
23 65 -136.878
23 66 -513.025
23 67 -883.836
23 68 -1237.95
23 69 -1566.63
23 70 -1864.03
23 71 -2127.42
23 72 -2356.87
23 73 -2554.75
23 74 -2724.98
23 75 -2872.37
23 76 -3001.66
23 77 -3117.1
23 78 -3221.78
23 79 -3317.5
23 80 -3404.53
23 81 -3481.82
23 82 -3547.02
23 83 -3596.98
23 84 -3627.85
23 85 -3635.66
23 86 -3616.46
23 87 -3566.76
23 88 -3483.61
23 89 -3364.94
23 90 -3209.52
23 91 -3017.13
23 92 -2788.45
23 93 -2525.12
23 94 -2229.61
23 95 -1905.15
23 96 -1555.58
23 97 -1185.34
23 98 -799.196
23 99 -402.315
23 100 0

24 0 0
24 1 -401.872
24 2 -797.707
24 3 -1181.65
24 4 -1548.07
24 5 -1891.85
24 6 -2208.39
24 7 -2493.81
24 8 -2745.05
24 9 -2959.94
24 10 -3137.35
24 11 -3277.11
24 12 -3380.16
24 13 -3448.35
24 14 -3484.52
24 15 -3492.18
24 16 -3475.46
24 17 -3438.72
24 18 -3386.39
24 19 -3322.48
24 20 -3250.38
24 21 -3172.43
24 22 -3089.69
24 23 -3001.66
24 24 -2906.37
24 25 -2800.24
24 26 -2678.59
24 27 -2535.93
24 28 -2366.73
24 29 -2166.02
24 30 -1930.42
24 31 -1658.64
24 32 -1352.33
24 33 -1016.22
24 34 -658.316
24 35 -289.284
24 36 78.0634
24 37 430.08
24 38 753.377
24 39 1036.21
24 40 1269.64
24 41 1448.52
24 42 1571.96
24 43 1643.33
24 44 1669.95
24 45 1662.09
24 46 1631.92
24 47 1591.98
24 48 1553.9
24 49 1527
24 50 1517.34
24 51 1527
24 52 1553.9
24 53 1591.98
24 54 1631.92
24 55 1662.09
24 56 1669.95
24 57 1643.33
24 58 1571.96
24 59 1448.52
24 60 1269.64
24 61 1036.21
24 62 753.377
24 63 430.08
24 64 78.0634
24 65 -289.284
24 66 -658.316
24 67 -1016.22
24 68 -1352.33
24 69 -1658.64
24 70 -1930.42
24 71 -2166.02
24 72 -2366.73
24 73 -2535.93
24 74 -2678.59
24 75 -2800.24
24 76 -2906.37
24 77 -3001.66
24 78 -3089.69
24 79 -3172.43
24 80 -3250.38
24 81 -3322.48
24 82 -3386.39
24 83 -3438.72
24 84 -3475.46
24 85 -3492.18
24 86 -3484.52
24 87 -3448.35
24 88 -3380.16
24 89 -3277.11
24 90 -3137.35
24 91 -2959.94
24 92 -2745.05
24 93 -2493.81
24 94 -2208.39
24 95 -1891.85
24 96 -1548.07
24 97 -1181.65
24 98 -797.707
24 99 -401.872
24 100 0

25 0 0
25 1 -388.289
25 2 -770.303
25 3 -1139.98
25 4 -1491.55
25 5 -1819.85
25 6 -2120.31
25 7 -2389.22
25 8 -2623.81
25 9 -2822.27
25 10 -2983.89
25 11 -3109.03
25 12 -3199.07
25 13 -3256.43
25 14 -3284.28
25 15 -3286.58
25 16 -3267.66
25 17 -3232.12
25 18 -3184.41
25 19 -3128.62
25 20 -3067.97
25 21 -3004.75
25 22 -2939.77
25 23 -2872.37
25 24 -2800.24
25 25 -2719.53
25 26 -2625.1
25 27 -2510.98
25 28 -2370.9
25 29 -2199.2
25 30 -1991.5
25 31 -1745.59
25 32 -1462.04
25 33 -1144.7
25 34 -800.605
25 35 -439.965
25 36 -75.1936
25 37 279.941
25 38 611.659
25 39 907.438
25 40 1157.4
25 41 1355.19
25 42 1498.67
25 43 1590.09
25 44 1635.68
25 45 1644.93
25 46 1629.3
25 47 1600.97
25 48 1571.29
25 49 1549.47
25 50 1541.52
25 51 1549.47
25 52 1571.29
25 53 1600.97
25 54 1629.3
25 55 1644.93
25 56 1635.68
25 57 1590.09
25 58 1498.67
25 59 1355.19
25 60 1157.4
25 61 907.438
25 62 611.659
25 63 279.941
25 64 -75.1936
25 65 -439.965
25 66 -800.605
25 67 -1144.7
25 68 -1462.04
25 69 -1745.59
25 70 -1991.5
25 71 -2199.2
25 72 -2370.9
25 73 -2510.98
25 74 -2625.1
25 75 -2719.53
25 76 -2800.24
25 77 -2872.37
25 78 -2939.77
25 79 -3004.75
25 80 -3067.97
25 81 -3128.62
25 82 -3184.41
25 83 -3232.12
25 84 -3267.66
25 85 -3286.58
25 86 -3284.28
25 87 -3256.43
25 88 -3199.07
25 89 -3109.03
25 90 -2983.89
25 91 -2822.27
25 92 -2623.81
25 93 -2389.22
25 94 -2120.31
25 95 -1819.85
25 96 -1491.55
25 97 -1139.98
25 98 -770.303
25 99 -388.289
25 100 0

26 0 0
26 1 -361.697
26 2 -717.263
26 3 -1060.77
26 4 -1386.67
26 5 -1689.98
26 6 -1966.47
26 7 -2212.74
26 8 -2426.37
26 9 -2605.95
26 10 -2751.18
26 11 -2862.76
26 12 -2942.45
26 13 -2992.85
26 14 -3017.39
26 15 -3020.04
26 16 -3005.17
26 17 -2977.21
26 18 -2940.5
26 19 -2898.8
26 20 -2855.18
26 21 -2811.52
26 22 -2768.45
26 23 -2724.98
26 24 -2678.59
26 25 -2625.1
26 26 -2559.09
26 27 -2474.14
26 28 -2363.55
26 29 -2220.98
26 30 -2041.33
26 31 -1821.51
26 32 -1561.21
26 33 -1263.3
26 34 -934.125
26 35 -583.17
26 36 -222.553
26 37 134.018
26 38 472.446
26 39 779.602
26 40 1044.67
26 41 1260.19
26 42 1422.89
26 43 1533.8
26 44 1598.16
26 45 1624.44
26 46 1623.52
26 47 1607
26 48 1585.96
26 49 1569.38
26 50 1563.14
26 51 1569.38
26 52 1585.96
26 53 1607
26 54 1623.52
26 55 1624.44
26 56 1598.16
26 57 1533.8
26 58 1422.89
26 59 1260.19
26 60 1044.67
26 61 779.602
26 62 472.446
26 63 134.018
26 64 -222.553
26 65 -583.17
26 66 -934.125
26 67 -1263.3
26 68 -1561.21
26 69 -1821.51
26 70 -2041.33
26 71 -2220.98
26 72 -2363.55
26 73 -2474.14
26 74 -2559.09
26 75 -2625.1
26 76 -2678.59
26 77 -2724.98
26 78 -2768.45
26 79 -2811.52
26 80 -2855.18
26 81 -2898.8
26 82 -2940.5
26 83 -2977.21
26 84 -3005.17
26 85 -3020.04
26 86 -3017.39
26 87 -2992.85
26 88 -2942.45
26 89 -2862.76
26 90 -2751.18
26 91 -2605.95
26 92 -2426.37
26 93 -2212.74
26 94 -1966.47
26 95 -1689.98
26 96 -1386.67
26 97 -1060.77
26 98 -717.263
26 99 -361.697
26 100 0

27 0 0
27 1 -323.059
27 2 -640.486
27 3 -946.837
27 4 -1237.07
27 5 -1506.71
27 6 -1751.99
27 7 -1970.01
27 8 -2158.75
27 9 -2317.25
27 10 -2445.48
27 11 -2544.45
27 12 -2616
27 13 -2662.83
27 14 -2688.26
27 15 -2696.12
27 16 -2690.45
27 17 -2675.42
27 18 -2654.85
27 19 -2632.16
27 20 -2609.93
27 21 -2589.71
27 22 -2571.72
27 23 -2554.75
27 24 -2535.93
27 25 -2510.98
27 26 -2474.14
27 27 -2418.79
27 28 -2337.83
27 29 -2224.44
27 30 -2072.91
27 31 -1879.43
27 32 -1642.82
27 33 -1365.18
27 34 -1052
27 35 -712.171
27 36 -357.365
27 37 -1.16368
27 38 342.116
27 39 658.839
27 40 937.355
27 41 1169.25
27 42 1350.04
27 43 1479.68
27 44 1562.23
27 45 1605.35
27 46 1619.03
27 47 1614.42
27 48 1602.07
27 49 1590.79
27 50 1586.38
27 51 1590.79
27 52 1602.07
27 53 1614.42
27 54 1619.03
27 55 1605.35
27 56 1562.23
27 57 1479.68
27 58 1350.04
27 59 1169.25
27 60 937.355
27 61 658.839
27 62 342.116
27 63 -1.16368
27 64 -357.365
27 65 -712.171
27 66 -1052
27 67 -1365.18
27 68 -1642.82
27 69 -1879.43
27 70 -2072.91
27 71 -2224.44
27 72 -2337.83
27 73 -2418.79
27 74 -2474.14
27 75 -2510.98
27 76 -2535.93
27 77 -2554.75
27 78 -2571.72
27 79 -2589.71
27 80 -2609.93
27 81 -2632.16
27 82 -2654.85
27 83 -2675.42
27 84 -2690.45
27 85 -2696.12
27 86 -2688.26
27 87 -2662.83
27 88 -2616
27 89 -2544.45
27 90 -2445.48
27 91 -2317.25
27 92 -2158.75
27 93 -1970.01
27 94 -1751.99
27 95 -1506.71
27 96 -1237.07
27 97 -946.837
27 98 -640.486
27 99 -323.059
27 100 0

28 0 0
28 1 -274.136
28 2 -543.445
28 3 -803.267
28 4 -1049.34
28 5 -1277.87
28 6 -1485.79
28 7 -1670.73
28 8 -1831.21
28 9 -1966.62
28 10 -2077.21
28 11 -2164.08
28 12 -2229.11
28 13 -2274.8
28 14 -2304.25
28 15 -2320.82
28 16 -2328.16
28 17 -2329.8
28 18 -2329.06
28 19 -2328.75
28 20 -2330.94
28 21 -2336.68
28 22 -2345.84
28 23 -2356.87
28 24 -2366.73
28 25 -2370.9
28 26 -2363.55
28 27 -2337.83
28 28 -2286.39
28 29 -2202.08
28 30 -2078.64
28 31 -1911.66
28 32 -1699.23
28 33 -1442.61
28 34 -1146.58
28 35 -819.306
28 36 -472.01
28 37 -118.08
28 38 228.081
28 39 552.426
28 40 842.605
28 41 1089.24
28 42 1286.83
28 43 1434.14
28 44 1534.2
28 45 1593.64
28 46 1621.71
28 47 1628.84
28 48 1625.19
28 49 1619.25
28 50 1616.6
28 51 1619.25
28 52 1625.19
28 53 1628.84
28 54 1621.71
28 55 1593.64
28 56 1534.2
28 57 1434.14
28 58 1286.83
28 59 1089.24
28 60 842.605
28 61 552.426
28 62 228.081
28 63 -118.08
28 64 -472.01
28 65 -819.306
28 66 -1146.58
28 67 -1442.61
28 68 -1699.23
28 69 -1911.66
28 70 -2078.64
28 71 -2202.08
28 72 -2286.39
28 73 -2337.83
28 74 -2363.55
28 75 -2370.9
28 76 -2366.73
28 77 -2356.87
28 78 -2345.84
28 79 -2336.68
28 80 -2330.94
28 81 -2328.75
28 82 -2329.06
28 83 -2329.8
28 84 -2328.16
28 85 -2320.82
28 86 -2304.25
28 87 -2274.8
