0 0 0
0 1 0
0 2 0
0 3 0
0 4 0
0 5 0
0 6 0
0 7 0
0 8 0
0 9 0
0 10 0
0 11 0
0 12 0
0 13 0
0 14 0
0 15 0
0 16 0
0 17 0
0 18 0
0 19 0
0 20 0
0 21 0
0 22 0
0 23 0
0 24 0
0 25 0
0 26 0
0 27 0
0 28 0
0 29 0
0 30 0
0 31 0
0 32 0
0 33 0
0 34 0
0 35 0
0 36 0
0 37 0
0 38 0
0 39 0
0 40 0
0 41 0
0 42 0
0 43 0
0 44 0
0 45 0
0 46 0
0 47 0
0 48 0
0 49 0
0 50 0
0 51 0
0 52 0
0 53 0
0 54 0
0 55 0
0 56 0
0 57 0
0 58 0
0 59 0
0 60 0
0 61 0
0 62 0
0 63 0
0 64 0
0 65 0
0 66 0
0 67 0
0 68 0
0 69 0
0 70 0
0 71 0
0 72 0
0 73 0
0 74 0
0 75 0
0 76 0
0 77 0
0 78 0
0 79 0
0 80 0
0 81 0
0 82 0
0 83 0
0 84 0
0 85 0
0 86 0
0 87 0
0 88 0
0 89 0
0 90 0
0 91 0
0 92 0
0 93 0
0 94 0
0 95 0
0 96 0
0 97 0
0 98 0
0 99 0
0 100 0

1 0 0
1 1 -33.5367
1 2 -67.3455
1 3 -101.678
1 4 -136.652
1 5 -172.266
1 6 -208.35
1 7 -244.545
1 8 -280.292
1 9 -314.861
1 10 -347.402
1 11 -376.955
1 12 -402.47
1 13 -422.975
1 14 -437.461
1 15 -445.085
1 16 -445.183
1 17 -437.277
1 18 -421.091
1 19 -396.608
1 20 -364.101
1 21 -324
1 22 -277.004
1 23 -223.976
1 24 -165.854
1 25 -103.747
1 26 -38.7491
1 27 28.0106
1 28 95.4484
1 29 162.562
1 30 228.42
1 31 292.241
1 32 353.329
1 33 411.163
1 34 465.316
1 35 515.515
1 36 561.584
1 37 603.457
1 38 641.157
1 39 674.769
1 40 704.451
1 41 730.377
1 42 752.775
1 43 771.852
1 44 787.853
1 45 800.971
1 46 811.423
1 47 819.357
1 48 824.932
1 49 828.227
1 50 829.326
1 51 828.227
1 52 824.932
1 53 819.357
1 54 811.423
1 55 800.971
1 56 787.853
1 57 771.852
1 58 752.775
1 59 730.377
1 60 704.451
1 61 674.769
1 62 641.157
1 63 603.457
1 64 561.584
1 65 515.515
1 66 465.316
1 67 411.163
1 68 353.329
1 69 292.241
1 70 228.42
1 71 162.562
1 72 95.4484
1 73 28.0106
1 74 -38.7491
1 75 -103.747
1 76 -165.854
1 77 -223.976
1 78 -277.004
1 79 -324
1 80 -364.101
1 81 -396.608
1 82 -421.091
1 83 -437.277
1 84 -445.183
1 85 -445.085
1 86 -437.461
1 87 -422.975
1 88 -402.47
1 89 -376.955
1 90 -347.402
1 91 -314.861
1 92 -280.292
1 93 -244.545
1 94 -208.35
1 95 -172.266
1 96 -136.652
1 97 -101.678
1 98 -67.3455
1 99 -33.5367
1 100 0

2 0 0
2 1 -67.3455
2 2 -135.189
2 3 -203.959
2 4 -273.855
2 5 -344.803
2 6 -416.429
2 7 -487.97
2 8 -558.341
2 9 -626.092
2 10 -689.558
2 11 -746.803
2 12 -795.827
2 13 -834.695
2 14 -861.581
2 15 -874.827
2 16 -873.197
2 17 -855.783
2 18 -822.234
2 19 -772.539
2 20 -707.191
2 21 -627.27
2 22 -534.067
2 23 -429.301
2 24 -314.906
2 25 -192.978
2 26 -65.7021
2 27 64.7544
2 28 196.288
2 29 326.971
2 30 455.02
2 31 578.939
2 32 697.416
2 33 809.46
2 34 914.277
2 35 1011.36
2 36 1100.39
2 37 1181.26
2 38 1254.03
2 39 1318.88
2 40 1376.13
2 41 1426.12
2 42 1469.29
2 43 1506.06
2 44 1536.89
2 45 1562.18
2 46 1582.31
2 47 1597.6
2 48 1608.34
2 49 1614.69
2 50 1616.8
2 51 1614.69
2 52 1608.34
2 53 1597.6
2 54 1582.31
2 55 1562.18
2 56 1536.89
2 57 1506.06
2 58 1469.29
2 59 1426.12
2 60 1376.13
2 61 1318.88
2 62 1254.03
2 63 1181.26
2 64 1100.39
2 65 1011.36
2 66 914.277
2 67 809.46
2 68 697.416
2 69 578.939
2 70 455.02
2 71 326.971
2 72 196.288
2 73 64.7544
2 74 -65.7021
2 75 -192.978
2 76 -314.906
2 77 -429.301
2 78 -534.067
2 79 -627.27
2 80 -707.191
2 81 -772.539
2 82 -822.234
2 83 -855.783
2 84 -873.197
2 85 -874.827
2 86 -861.581
2 87 -834.695
2 88 -795.827
2 89 -746.803
2 90 -689.558
2 91 -626.092
2 92 -558.341
2 93 -487.97
2 94 -416.429
2 95 -344.803
2 96 -273.855
2 97 -203.959
2 98 -135.189
2 99 -67.3455
2 100 0

3 0 0
3 1 -101.678
3 2 -203.959
3 3 -307.325
3 4 -411.945
3 5 -517.626
3 6 -623.692
3 7 -728.979
3 8 -831.788
3 9 -930.011
3 10 -1021.13
3 11 -1102.44
3 12 -1171.07
3 13 -1224.3
3 14 -1259.51
3 15 -1274.55
3 16 -1267.71
3 17 -1237.95
3 18 -1184.78
3 19 -1108.44
3 20 -1009.91
3 21 -890.665
3 22 -752.85
3 23 -598.983
3 24 -431.877
3 25 -254.626
3 26 -70.3331
3 27 117.886
3 28 307.078
3 29 494.508
3 30 677.721
3 31 854.612
3 32 1023.42
3 33 1182.76
3 34 1331.6
3 35 1469.26
3 36 1595.35
3 37 1709.77
3 38 1812.64
3 39 1904.24
3 40 1985.05
3 41 2055.58
3 42 2116.47
3 43 2168.32
3 44 2211.77
3 45 2247.41
3 46 2275.78
3 47 2297.33
3 48 2312.45
3 49 2321.41
3 50 2324.38
3 51 2321.41
3 52 2312.45
3 53 2297.33
3 54 2275.78
3 55 2247.41
3 56 2211.77
3 57 2168.32
3 58 2116.47
3 59 2055.58
3 60 1985.05
3 61 1904.24
3 62 1812.64
3 63 1709.77
3 64 1595.35
3 65 1469.26
3 66 1331.6
3 67 1182.76
3 68 1023.42
3 69 854.612
3 70 677.721
3 71 494.508
3 72 307.078
3 73 117.886
3 74 -70.3331
3 75 -254.626
3 76 -431.877
3 77 -598.983
3 78 -752.85
3 79 -890.665
3 80 -1009.91
3 81 -1108.44
3 82 -1184.78
3 83 -1237.95
3 84 -1267.71
3 85 -1274.55
3 86 -1259.51
3 87 -1224.3
3 88 -1171.07
3 89 -1102.44
3 90 -1021.13
3 91 -930.011
3 92 -831.788
3 93 -728.979
3 94 -623.692
3 95 -517.626
3 96 -411.945
3 97 -307.325
3 98 -203.959
3 99 -101.678
3 100 0

4 0 0
4 1 -136.652
4 2 -273.855
4 3 -411.945
4 4 -550.955
4 5 -690.403
4 6 -829.252
4 7 -965.821
4 8 -1097.87
4 9 -1222.57
4 10 -1336.76
4 11 -1436.94
4 12 -1519.67
4 13 -1581.49
4 14 -1619.43
4 15 -1630.93
4 16 -1614.2
4 17 -1568.09
4 18 -1492.4
4 19 -1387.78
4 20 -1255.61
4 21 -1098.15
4 22 -918.198
4 23 -719.089
4 24 -504.539
4 25 -278.381
4 26 -44.5895
4 27 193.02
4 28 430.807
4 29 665.45
4 30 894.018
4 31 1113.99
4 32 1323.33
4 33 1520.43
4 34 1704.13
4 35 1873.7
4 36 2028.75
4 37 2169.23
4 38 2295.37
4 39 2407.58
4 40 2506.47
4 41 2592.73
4 42 2667.14
4 43 2730.5
4 44 2783.56
4 45 2827.09
4 46 2861.72
4 47 2888.04
4 48 2906.5
4 49 2917.44
4 50 2921.06
4 51 2917.44
4 52 2906.5
4 53 2888.04
4 54 2861.72
4 55 2827.09
4 56 2783.56
4 57 2730.5
4 58 2667.14
4 59 2592.73
4 60 2506.47
4 61 2407.58
4 62 2295.37
4 63 2169.23
4 64 2028.75
4 65 1873.7
4 66 1704.13
4 67 1520.43
4 68 1323.33
4 69 1113.99
4 70 894.018
4 71 665.45
4 72 430.807
4 73 193.02
4 74 -44.5895
4 75 -278.381
4 76 -504.539
4 77 -719.089
4 78 -918.198
4 79 -1098.15
4 80 -1255.61
4 81 -1387.78
4 82 -1492.4
4 83 -1568.09
4 84 -1614.2
4 85 -1630.93
4 86 -1619.43
4 87 -1581.49
4 88 -1519.67
4 89 -1436.94
4 90 -1336.76
4 91 -1222.57
4 92 -1097.87
4 93 -965.821
4 94 -829.252
4 95 -690.403
4 96 -550.955
4 97 -411.945
4 98 -273.855
4 99 -136.652
4 100 0

5 0 0
5 1 -172.266
5 2 -344.803
5 3 -517.626
5 4 -690.403
5 5 -862.257
5 6 -1031.6
5 7 -1196.26
5 8 -1353.36
5 9 -1499.53
5 10 -1630.93
5 11 -1743.6
5 12 -1833.55
5 13 -1897.07
5 14 -1930.93
5 15 -1932.66
5 16 -1900.44
5 17 -1833.55
5 18 -1732.2
5 19 -1597.59
5 20 -1431.84
5 21 -1237.81
5 22 -1019.18
5 23 -779.957
5 24 -524.596
5 25 -257.654
5 26 16.3662
5 27 293.07
5 28 568.432
5 29 838.757
5 30 1100.89
5 31 1352.12
5 32 1590.33
5 33 1813.86
5 34 2021.59
5 35 2212.83
5 36 2387.31
5 37 2545.08
5 38 2686.49
5 39 2812.13
5 40 2922.71
5 41 3019.09
5 42 3102.16
5 43 3172.85
5 44 3232.03
5 45 3280.57
5 46 3319.17
5 47 3348.52
5 48 3369.09
5 49 3381.29
5 50 3385.32
5 51 3381.29
5 52 3369.09
5 53 3348.52
5 54 3319.17
5 55 3280.57
5 56 3232.03
5 57 3172.85
5 58 3102.16
5 59 3019.09
5 60 2922.71
5 61 2812.13
5 62 2686.49
5 63 2545.08
5 64 2387.31
5 65 2212.83
5 66 2021.59
5 67 1813.86
5 68 1590.33
5 69 1352.12
5 70 1100.89
5 71 838.757
5 72 568.432
5 73 293.07
5 74 16.3662
5 75 -257.654
5 76 -524.596
5 77 -779.957
5 78 -1019.18
5 79 -1237.81
5 80 -1431.84
5 81 -1597.59
5 82 -1732.2
5 83 -1833.55
5 84 -1900.44
5 85 -1932.66
5 86 -1930.93
5 87 -1897.07
5 88 -1833.55
5 89 -1743.6
5 90 -1630.93
5 91 -1499.53
5 92 -1353.36
5 93 -1196.26
5 94 -1031.6
5 95 -862.257
5 96 -690.403
5 97 -517.626
5 98 -344.803
5 99 -172.266
5 100 0

6 0 0
6 1 -208.35
6 2 -416.429
6 3 -623.692
6 4 -829.252
6 5 -1031.6
6 6 -1228.6
6 7 -1417.42
6 8 -1594.65
6 9 -1756.31
6 10 -1898.21
6 11 -2015.97
6 12 -2105.52
6 13 -2163.03
6 14 -2185.52
6 15 -2170.67
6 16 -2117.29
6 17 -2025.19
6 18 -1895.25
6 19 -1729.46
6 20 -1530.74
6 21 -1302.74
6 22 -1049.8
6 23 -776.691
6 24 -488.413
6 25 -189.974
6 26 113.688
6 27 417.983
6 28 718.669
6 29 1012.01
6 30 1294.84
6 31 1564.52
6 32 1819.02
6 33 2056.86
6 34 2277.06
6 35 2479.12
6 36 2662.93
6 37 2828.74
6 38 2977.03
6 39 3108.55
6 40 3224.13
6 41 3324.75
6 42 3411.39
6 43 3485.08
6 44 3546.74
6 45 3597.28
6 46 3637.49
6 47 3668.04
6 48 3689.45
6 49 3702.15
6 50 3706.35
6 51 3702.15
6 52 3689.45
6 53 3668.04
6 54 3637.49
6 55 3597.28
6 56 3546.74
6 57 3485.08
6 58 3411.39
6 59 3324.75
6 60 3224.13
6 61 3108.55
6 62 2977.03
6 63 2828.74
6 64 2662.93
6 65 2479.12
6 66 2277.06
6 67 2056.86
6 68 1819.02
6 69 1564.52
6 70 1294.84
6 71 1012.01
6 72 718.669
6 73 417.983
6 74 113.688
6 75 -189.974
6 76 -488.413
6 77 -776.691
6 78 -1049.8
6 79 -1302.74
6 80 -1530.74
6 81 -1729.46
6 82 -1895.25
6 83 -2025.19
6 84 -2117.29
6 85 -2170.67
6 86 -2185.52
6 87 -2163.03
6 88 -2105.52
6 89 -2015.97
6 90 -1898.21
6 91 -1756.31
6 92 -1594.65
6 93 -1417.42
6 94 -1228.6
6 95 -1031.6
6 96 -829.252
6 97 -623.692
6 98 -416.429
6 99 -208.35
6 100 0

7 0 0
7 1 -244.545
7 2 -487.97
7 3 -728.979
7 4 -965.821
7 5 -1196.26
7 6 -1417.42
7 7 -1625.85
7 8 -1817.53
7 9 -1988.16
7 10 -2133.19
7 11 -2248.29
7 12 -2329.35
7 13 -2373.04
7 14 -2376.69
7 15 -2338.82
7 16 -2258.91
7 17 -2137.67
7 18 -1976.97
7 19 -1779.68
7 20 -1549.55
7 21 -1291.09
7 22 -1009.3
7 23 -709.458
7 24 -396.996
7 25 -77.2024
7 26 244.929
7 27 564.74
7 28 878.146
7 29 1181.58
7 30 1472.11
7 31 1747.41
7 32 2005.73
7 33 2245.91
7 34 2467.27
7 35 2669.56
7 36 2852.93
7 37 3017.82
7 38 3164.91
7 39 3295.06
7 40 3409.25
7 41 3508.5
7 42 3593.88
7 43 3666.42
7 44 3727.09
7 45 3776.8
7 46 3816.34
7 47 3846.37
7 48 3867.43
7 49 3879.91
7 50 3884.05
7 51 3879.91
7 52 3867.43
7 53 3846.37
7 54 3816.34
7 55 3776.8
7 56 3727.09
7 57 3666.42
7 58 3593.88
7 59 3508.5
7 60 3409.25
7 61 3295.06
7 62 3164.91
7 63 3017.82
7 64 2852.93
7 65 2669.56
7 66 2467.27
7 67 2245.91
7 68 2005.73
7 69 1747.41
7 70 1472.11
7 71 1181.58
7 72 878.146
7 73 564.74
7 74 244.929
7 75 -77.2024
7 76 -396.996
7 77 -709.458
7 78 -1009.3
7 79 -1291.09
7 80 -1549.55
7 81 -1779.68
7 82 -1976.97
7 83 -2137.67
7 84 -2258.91
7 85 -2338.82
7 86 -2376.69
7 87 -2373.04
7 88 -2329.35
7 89 -2248.29
7 90 -2133.19
7 91 -1988.16
7 92 -1817.53
7 93 -1625.85
7 94 -1417.42
7 95 -1196.26
7 96 -965.821
7 97 -728.979
7 98 -487.97
7 99 -244.545
7 100 0

8 0 0
8 1 -280.292
8 2 -558.341
8 3 -831.788
8 4 -1097.87
8 5 -1353.36
8 6 -1594.65
8 7 -1817.53
8 8 -2017.59
8 9 -2190.19
8 10 -2330.87
8 11 -2435.36
8 12 -2500.13
8 13 -2522.38
8 14 -2500.48
8 15 -2433.76
8 16 -2322.91
8 17 -2169.75
8 18 -1977.21
8 19 -1749.21
8 20 -1490.41
8 21 -1206.06
8 22 -901.702
8 23 -583.063
8 24 -255.68
8 25 75.1064
8 26 404.397
8 27 727.885
8 28 1041.76
8 29 1342.95
8 30 1628.93
8 31 1897.9
8 32 2148.55
8 33 2380.15
8 34 2592.4
8 35 2785.42
8 36 2959.62
8 37 3115.66
8 38 3254.41
8 39 3376.85
8 40 3484.03
8 41 3577.02
8 42 3656.91
8 43 3724.71
8 44 3781.39
8 45 3827.8
8 46 3864.71
8 47 3892.74
8 48 3912.4
8 49 3924.04
8 50 3927.9
8 51 3924.04
8 52 3912.4
8 53 3892.74
8 54 3864.71
8 55 3827.8
8 56 3781.39
8 57 3724.71
8 58 3656.91
8 59 3577.02
8 60 3484.03
8 61 3376.85
8 62 3254.41
8 63 3115.66
8 64 2959.62
8 65 2785.42
8 66 2592.4
8 67 2380.15
8 68 2148.55
8 69 1897.9
8 70 1628.93
8 71 1342.95
8 72 1041.76
8 73 727.885
8 74 404.397
8 75 75.1064
8 76 -255.68
8 77 -583.063
8 78 -901.702
8 79 -1206.06
8 80 -1490.41
8 81 -1749.21
8 82 -1977.21
8 83 -2169.75
8 84 -2322.91
8 85 -2433.76
8 86 -2500.48
8 87 -2522.38
8 88 -2500.13
8 89 -2435.36
8 90 -2330.87
8 91 -2190.19
8 92 -2017.59
8 93 -1817.53
8 94 -1594.65
8 95 -1353.36
8 96 -1097.87
8 97 -831.788
8 98 -558.341
8 99 -280.292
8 100 0

9 0 0
9 1 -314.861
9 2 -626.092
9 3 -930.011
9 4 -1222.57
9 5 -1499.53
9 6 -1756.31
9 7 -1988.16
9 8 -2190.19
9 9 -2357.83
9 10 -2486.64
9 11 -2573.06
9 12 -2614.22
9 13 -2608.49
9 14 -2555.24
9 15 -2455.18
9 16 -2310.36
9 17 -2123.91
9 18 -1899.91
9 19 -1643.37
9 20 -1359.81
9 21 -1055.14
9 22 -735.295
9 23 -406.143
9 24 -73.2583
9 25 258.311
9 26 584.049
9 27 900.103
9 28 1203.32
9 29 1491.19
9 30 1761.89
9 31 2014.17
9 32 2247.34
9 33 2461.15
9 34 2655.79
9 35 2831.7
9 36 2989.62
9 37 3130.4
9 38 3255.1
9 39 3364.76
9 40 3460.49
9 41 3543.37
9 42 3614.46
9 43 3674.71
9 44 3725.04
9 45 3766.23
9 46 3798.98
9 47 3823.84
9 48 3841.28
9 49 3851.61
9 50 3855.04
9 51 3851.61
9 52 3841.28
9 53 3823.84
9 54 3798.98
9 55 3766.23
9 56 3725.04
9 57 3674.71
9 58 3614.46
9 59 3543.37
9 60 3460.49
9 61 3364.76
9 62 3255.1
9 63 3130.4
9 64 2989.62
9 65 2831.7
9 66 2655.79
9 67 2461.15
9 68 2247.34
9 69 2014.17
9 70 1761.89
9 71 1491.19
9 72 1203.32
9 73 900.103
9 74 584.049
9 75 258.311
9 76 -73.2583
9 77 -406.143
9 78 -735.295
9 79 -1055.14
9 80 -1359.81
9 81 -1643.37
9 82 -1899.91
9 83 -2123.91
9 84 -2310.36
9 85 -2455.18
9 86 -2555.24
9 87 -2608.49
9 88 -2614.22
9 89 -2573.06
9 90 -2486.64
9 91 -2357.83
9 92 -2190.19
9 93 -1988.16
9 94 -1756.31
9 95 -1499.53
9 96 -1222.57
9 97 -930.011
9 98 -626.092
9 99 -314.861
9 100 0

10 0 0
10 1 -347.402
10 2 -689.558
10 3 -1021.13
10 4 -1336.76
10 5 -1630.93
10 6 -1898.21
10 7 -2133.19
10 8 -2330.87
10 9 -2486.64
10 10 -2596.77
10 11 -2658.34
10 12 -2669.79
10 13 -2630.62
10 14 -2541.79
10 15 -2405.58
10 16 -2225.48
10 17 -2006
10 18 -1752.54
10 19 -1471.05
10 20 -1167.84
10 21 -849.243
10 22 -521.467
10 23 -190.299
10 24 139.018
10 25 461.835
10 26 774.275
10 27 1073.22
10 28 1356.21
10 29 1621.59
10 30 1868.23
10 31 2095.61
10 32 2303.66
10 33 2492.69
10 34 2663.31
10 35 2816.36
10 36 2952.82
10 37 3073.79
10 38 3180.38
10 39 3273.73
10 40 3354.94
10 41 3425.06
10 42 3485.07
10 43 3535.87
10 44 3578.25
10 45 3612.92
10 46 3640.47
10 47 3661.39
10 48 3676.06
10 49 3684.76
10 50 3687.64
10 51 3684.76
10 52 3676.06
10 53 3661.39
10 54 3640.47
10 55 3612.92
10 56 3578.25
10 57 3535.87
10 58 3485.07
10 59 3425.06
10 60 3354.94
10 61 3273.73
10 62 3180.38
10 63 3073.79
10 64 2952.82
10 65 2816.36
10 66 2663.31
10 67 2492.69
10 68 2303.66
10 69 2095.61
10 70 1868.23
10 71 1621.59
10 72 1356.21
10 73 1073.22
10 74 774.275
10 75 461.835
10 76 139.018
10 77 -190.299
10 78 -521.467
10 79 -849.243
10 80 -1167.84
10 81 -1471.05
10 82 -1752.54
10 83 -2006
10 84 -2225.48
10 85 -2405.58
10 86 -2541.79
10 87 -2630.62
10 88 -2669.79
10 89 -2658.34
10 90 -2596.77
10 91 -2486.64
10 92 -2330.87
10 93 -2133.19
10 94 -1898.21
10 95 -1630.93
10 96 -1336.76
10 97 -1021.13
10 98 -689.558
10 99 -347.402
10 100 0

11 0 0
11 1 -376.955
11 2 -746.803
11 3 -1102.44
11 4 -1436.94
11 5 -1743.6
11 6 -2015.97
11 7 -2248.29
11 8 -2435.36
11 9 -2573.06
11 10 -2658.34
11 11 -2689.6
11 12 -2666.45
11 13 -2590.14
11 14 -2463.33
11 15 -2289.98
11 16 -2075.12
11 17 -1824.75
11 18 -1545.38
11 19 -1243.86
11 20 -927.064
11 21 -601.611
11 22 -273.632
11 23 51.3649
11 24 368.622
11 25 674.233
11 26 965.092
11 27 1238.9
11 28 1494.18
11 29 1730.02
11 30 1946.19
11 31 2142.83
11 32 2320.54
11 33 2480.14
11 34 2622.68
11 35 2749.31
11 36 2861.24
11 37 2959.71
11 38 3045.91
11 39 3120.99
11 40 3186.01
11 41 3241.96
11 42 3289.72
11 43 3330.06
11 44 3363.68
11 45 3391.17
11 46 3413
11 47 3429.58
11 48 3441.2
11 49 3448.09
11 50 3450.38
11 51 3448.09
11 52 3441.2
11 53 3429.58
11 54 3413
11 55 3391.17
11 56 3363.68
11 57 3330.06
11 58 3289.72
11 59 3241.96
11 60 3186.01
11 61 3120.99
11 62 3045.91
11 63 2959.71
11 64 2861.24
11 65 2749.31
11 66 2622.68
11 67 2480.14
11 68 2320.54
11 69 2142.83
11 70 1946.19
11 71 1730.02
11 72 1494.18
11 73 1238.9
11 74 965.092
11 75 674.233
11 76 368.622
11 77 51.3649
11 78 -273.632
11 79 -601.611
11 80 -927.064
11 81 -1243.86
11 82 -1545.38
11 83 -1824.75
11 84 -2075.12
11 85 -2289.98
11 86 -2463.33
11 87 -2590.14
11 88 -2666.45
11 89 -2689.6
11 90 -2658.34
11 91 -2573.06
11 92 -2435.36
11 93 -2248.29
11 94 -2015.97
11 95 -1743.6
11 96 -1436.94
11 97 -1102.44
11 98 -746.803
11 99 -376.955
11 100 0

12 0 0
12 1 -402.47
12 2 -795.827
12 3 -1171.07
12 4 -1519.67
12 5 -1833.55
12 6 -2105.52
12 7 -2329.35
12 8 -2500.13
12 9 -2614.22
12 10 -2669.79
12 11 -2666.45
12 12 -2605.6
12 13 -2490.33
12 14 -2325.08
12 15 -2115.54
12 16 -1868.39
12 17 -1590.87
12 18 -1290.63
12 19 -975.092
12 20 -651.528
12 21 -326.515
12 22 -5.95561
12 23 305.223
12 24 603.006
12 25 884.283
12 26 1146.95
12 27 1389.66
12 28 1611.82
12 29 1813.48
12 30 1995.12
12 31 2157.66
12 32 2302.21
12 33 2430.11
12 34 2542.72
12 35 2641.5
12 36 2727.77
12 37 2802.9
12 38 2868.06
12 39 2924.39
12 40 2972.86
12 41 3014.37
12 42 3049.66
12 43 3079.41
12 44 3104.15
12 45 3124.36
12 46 3140.41
12 47 3152.59
12 48 3161.14
12 49 3166.21
12 50 3167.88
12 51 3166.21
12 52 3161.14
12 53 3152.59
12 54 3140.41
12 55 3124.36
12 56 3104.15
12 57 3079.41
12 58 3049.66
12 59 3014.37
12 60 2972.86
12 61 2924.39
12 62 2868.06
12 63 2802.9
12 64 2727.77
12 65 2641.5
12 66 2542.72
12 67 2430.11
12 68 2302.21
12 69 2157.66
12 70 1995.12
12 71 1813.48
12 72 1611.82
12 73 1389.66
12 74 1146.95
12 75 884.283
12 76 603.006
12 77 305.223
12 78 -5.95561
12 79 -326.515
12 80 -651.528
12 81 -975.092
12 82 -1290.63
12 83 -1590.87
12 84 -1868.39
12 85 -2115.54
12 86 -2325.08
12 87 -2490.33
12 88 -2605.6
12 89 -2666.45
12 90 -2669.79
12 91 -2614.22
12 92 -2500.13
12 93 -2329.35
12 94 -2105.52
12 95 -1833.55
12 96 -1519.67
12 97 -1171.07
12 98 -795.827
12 99 -402.47
12 100 0

13 0 0
13 1 -422.975
13 2 -834.695
13 3 -1224.3
13 4 -1581.49
13 5 -1897.07
13 6 -2163.03
13 7 -2373.04
13 8 -2522.38
13 9 -2608.49
13 10 -2630.62
13 11 -2590.14
13 12 -2490.33
13 13 -2336.13
13 14 -2133.88
13 15 -1891.07
13 16 -1615.76
13 17 -1316.45
13 18 -1001.46
13 19 -678.766
13 20 -355.594
13 21 -38.3247
13 22 267.748
13 23 558.372
13 24 830.466
13 25 1081.95
13 26 1311.67
13 27 1519.3
13 28 1705.22
13 29 1870.24
13 30 2015.67
13 31 2142.96
13 32 2253.77
13 33 2349.78
13 34 2432.66
13 35 2503.97
13 36 2565.2
13 37 2617.66
13 38 2662.54
13 39 2700.86
13 40 2733.52
13 41 2761.26
13 42 2784.72
13 43 2804.4
13 44 2820.74
13 45 2834.06
13 46 2844.64
13 47 2852.66
13 48 2858.3
13 49 2861.64
13 50 2862.75
13 51 2861.64
13 52 2858.3
13 53 2852.66
13 54 2844.64
13 55 2834.06
13 56 2820.74
13 57 2804.4
13 58 2784.72
13 59 2761.26
13 60 2733.52
13 61 2700.86
13 62 2662.54
13 63 2617.66
13 64 2565.2
13 65 2503.97
13 66 2432.66
13 67 2349.78
13 68 2253.77
13 69 2142.96
13 70 2015.67
13 71 1870.24
13 72 1705.22
13 73 1519.3
13 74 1311.67
13 75 1081.95
13 76 830.466
13 77 558.372
13 78 267.748
13 79 -38.3247
13 80 -355.594
13 81 -678.766
13 82 -1001.46
13 83 -1316.45
13 84 -1615.76
13 85 -1891.07
13 86 -2133.88
13 87 -2336.13
13 88 -2490.33
13 89 -2590.14
13 90 -2630.62
13 91 -2608.49
13 92 -2522.38
13 93 -2373.04
13 94 -2163.03
13 95 -1897.07
13 96 -1581.49
13 97 -1224.3
13 98 -834.695
13 99 -422.975
13 100 0

14 0 0
14 1 -437.461
14 2 -861.581
14 3 -1259.51
14 4 -1619.43
14 5 -1930.93
14 6 -2185.52
14 7 -2376.69
14 8 -2500.48
14 9 -2555.24
14 10 -2541.79
14 11 -2463.33
14 12 -2325.08
14 13 -2133.88
14 14 -1898.01
14 15 -1626.45
14 16 -1328.67
14 17 -1013.97
14 18 -691.265
14 19 -368.591
14 20 -53.0001
14 21 249.701
14 22 534.932
14 23 799.447
14 24 1041.12
14 25 1258.96
14 26 1452.86
14 27 1623.47
14 28 1771.98
14 29 1900.07
14 30 2009.55
14 31 2102.47
14 32 2180.8
14 33 2246.52
14 34 2301.43
14 35 2347.2
14 36 2385.29
14 37 2416.99
14 38 2443.4
14 39 2465.42
14 40 2483.81
14 41 2499.19
14 42 2512.03
14 43 2522.71
14 44 2531.53
14 45 2538.7
14 46 2544.39
14 47 2548.71
14 48 2551.74
14 49 2553.55
14 50 2554.14
14 51 2553.55
14 52 2551.74
14 53 2548.71
14 54 2544.39
14 55 2538.7
14 56 2531.53
14 57 2522.71
14 58 2512.03
14 59 2499.19
14 60 2483.81
14 61 2465.42
14 62 2443.4
14 63 2416.99
14 64 2385.29
14 65 2347.2
14 66 2301.43
14 67 2246.52
14 68 2180.8
14 69 2102.47
14 70 2009.55
14 71 1900.07
14 72 1771.98
14 73 1623.47
14 74 1452.86
14 75 1258.96
14 76 1041.12
14 77 799.447
14 78 534.932
14 79 249.701
14 80 -53.0001
14 81 -368.591
14 82 -691.265
14 83 -1013.97
14 84 -1328.67
14 85 -1626.45
14 86 -1898.01
14 87 -2133.88
14 88 -2325.08
14 89 -2463.33
14 90 -2541.79
14 91 -2555.24
14 92 -2500.48
14 93 -2376.69
14 94 -2185.52
14 95 -1930.93
14 96 -1619.43
14 97 -1259.51
14 98 -861.581
14 99 -437.461
14 100 0

15 0 0
15 1 -445.085
15 2 -874.827
15 3 -1274.55
15 4 -1630.93
15 5 -1932.66
15 6 -2170.67
15 7 -2338.82
15 8 -2433.76
15 9 -2455.18
15 10 -2405.58
15 11 -2289.98
15 12 -2115.54
15 13 -1891.07
15 14 -1626.45
15 15 -1332.18
15 16 -1018.61
15 17 -695.783
15 18 -372.686
15 19 -57.2984
15 20 243.945
15 21 525.948
15 22 785.118
15 23 1019.22
15 24 1227.27
15 25 1409.34
15 26 1566.29
15 27 1699.7
15 28 1811.53
15 29 1904.01
15 30 1979.57
15 31 2040.48
15 32 2089.07
15 33 2127.37
15 34 2157.3
15 35 2180.45
15 36 2198.27
15 37 2211.92
15 38 2222.38
15 39 2230.4
15 40 2236.61
15 41 2241.45
15 42 2245.28
15 43 2248.33
15 44 2250.79
15 45 2252.76
15 46 2254.32
15 47 2255.5
15 48 2256.34
15 49 2256.84
15 50 2257
15 51 2256.84
15 52 2256.34
15 53 2255.5
15 54 2254.32
15 55 2252.76
15 56 2250.79
15 57 2248.33
15 58 2245.28
15 59 2241.45
15 60 2236.61
15 61 2230.4
15 62 2222.38
15 63 2211.92
15 64 2198.27
15 65 2180.45
15 66 2157.3
15 67 2127.37
15 68 2089.07
15 69 2040.48
15 70 1979.57
15 71 1904.01
15 72 1811.53
15 73 1699.7
15 74 1566.29
15 75 1409.34
15 76 1227.27
15 77 1019.22
15 78 785.118
15 79 525.948
15 80 243.945
15 81 -57.2984
15 82 -372.686
15 83 -695.783
15 84 -1018.61
15 85 -1332.18
15 86 -1626.45
15 87 -1891.07
15 88 -2115.54
15 89 -2289.98
15 90 -2405.58
15 91 -2455.18
15 92 -2433.76
15 93 -2338.82
15 94 -2170.67
15 95 -1932.66
15 96 -1630.93
15 97 -1274.55
15 98 -874.827
15 99 -445.085
15 100 0

16 0 0
16 1 -445.183
16 2 -873.197
16 3 -1267.71
16 4 -1614.2
16 5 -1900.44
16 6 -2117.29
16 7 -2258.91
16 8 -2322.91
16 9 -2310.36
16 10 -2225.48
16 11 -2075.12
16 12 -1868.39
16 13 -1615.76
16 14 -1328.67
16 15 -1018.61
16 16 -696.778
16 17 -373.331
16 18 -57.2566
16 19 244.08
16 20 524.866
16 21 781.077
16 22 1010.14
16 23 1211.01
16 24 1383.74
16 25 1529.44
16 26 1649.93
16 27 1747.49
16 28 1824.75
16 29 1884.42
16 30 1929.18
16 31 1961.64
16 32 1984.13
16 33 1998.77
16 34 2007.37
16 35 2011.49
16 36 2012.41
16 37 2011.17
16 38 2008.55
16 39 2005.2
16 40 2001.53
16 41 1997.9
16 42 1994.47
16 43 1991.42
16 44 1988.78
16 45 1986.6
16 46 1984.84
16 47 1983.53
16 48 1982.6
16 49 1982.06
16 50 1981.87
16 51 1982.06
16 52 1982.6
16 53 1983.53
16 54 1984.84
16 55 1986.6
16 56 1988.78
16 57 1991.42
16 58 1994.47
16 59 1997.9
16 60 2001.53
16 61 2005.2
16 62 2008.55
16 63 2011.17
16 64 2012.41
16 65 2011.49
16 66 2007.37
16 67 1998.77
16 68 1984.13
16 69 1961.64
16 70 1929.18
16 71 1884.42
16 72 1824.75
16 73 1747.49
16 74 1649.93
16 75 1529.44
16 76 1383.74
16 77 1211.01
16 78 1010.14
16 79 781.077
16 80 524.866
16 81 244.08
16 82 -57.2566
16 83 -373.331
16 84 -696.778
16 85 -1018.61
16 86 -1328.67
16 87 -1615.76
16 88 -1868.39
16 89 -2075.12
16 90 -2225.48
16 91 -2310.36
16 92 -2322.91
16 93 -2258.91
16 94 -2117.29
16 95 -1900.44
16 96 -1614.2
16 97 -1267.71
16 98 -873.197
16 99 -445.183
16 100 0

17 0 0
17 1 -437.277
17 2 -855.783
17 3 -1237.95
17 4 -1568.09
17 5 -1833.55
17 6 -2025.19
17 7 -2137.67
17 8 -2169.75
17 9 -2123.91
17 10 -2006
17 11 -1824.75
17 12 -1590.87
17 13 -1316.45
17 14 -1013.97
17 15 -695.783
17 16 -373.331
17 17 -56.7904
17 18 245.377
17 19 526.467
17 20 781.755
17 21 1008.2
17 22 1204.5
17 23 1370.62
17 24 1507.77
17 25 1617.93
17 26 1703.7
17 27 1768.01
17 28 1813.9
17 29 1844.4
17 30 1862.42
17 31 1870.55
17 32 1871.17
17 33 1866.27
17 34 1857.58
17 35 1846.45
17 36 1834.02
17 37 1821.12
17 38 1808.39
17 39 1796.28
17 40 1785.1
17 41 1775.01
17 42 1766.13
17 43 1758.45
17 44 1751.98
17 45 1746.65
17 46 1742.42
17 47 1739.2
17 48 1736.96
17 49 1735.63
17 50 1735.19
17 51 1735.63
17 52 1736.96
17 53 1739.2
17 54 1742.42
17 55 1746.65
17 56 1751.98
17 57 1758.45
17 58 1766.13
17 59 1775.01
17 60 1785.1
17 61 1796.28
17 62 1808.39
17 63 1821.12
17 64 1834.02
17 65 1846.45
17 66 1857.58
17 67 1866.27
17 68 1871.17
17 69 1870.55
17 70 1862.42
17 71 1844.4
17 72 1813.9
17 73 1768.01
17 74 1703.7
17 75 1617.93
17 76 1507.77
17 77 1370.62
17 78 1204.5
17 79 1008.2
17 80 781.755
17 81 526.467
17 82 245.377
17 83 -56.7904
17 84 -373.331
17 85 -695.783
17 86 -1013.97
17 87 -1316.45
17 88 -1590.87
17 89 -1824.75
17 90 -2006
17 91 -2123.91
17 92 -2169.75
17 93 -2137.67
17 94 -2025.19
17 95 -1833.55
17 96 -1568.09
17 97 -1237.95
17 98 -855.783
17 99 -437.277
17 100 0

18 0 0
18 1 -421.091
18 2 -822.234
18 3 -1184.78
18 4 -1492.4
18 5 -1732.2
18 6 -1895.25
18 7 -1976.97
18 8 -1977.21
18 9 -1899.91
18 10 -1752.54
18 11 -1545.38
18 12 -1290.63
18 13 -1001.46
18 14 -691.265
18 15 -372.686
18 16 -57.2566
18 17 245.377
18 18 527.394
18 19 783.141
18 20 1008.92
18 21 1202.96
18 22 1365.06
18 23 1496.32
18 24 1598.83
18 25 1675.42
18 26 1729.25
18 27 1763.72
18 28 1782.16
18 29 1787.75
18 30 1783.36
18 31 1771.63
18 32 1754.7
18 33 1734.49
18 34 1712.45
18 35 1689.8
18 36 1667.42
18 37 1645.97
18 38 1625.91
18 39 1607.53
18 40 1591
18 41 1576.36
18 42 1563.62
18 43 1552.71
18 44 1543.56
18 45 1536.04
18 46 1530.06
18 47 1525.53
18 48 1522.35
18 49 1520.47
18 50 1519.85
18 51 1520.47
18 52 1522.35
18 53 1525.53
18 54 1530.06
18 55 1536.04
18 56 1543.56
18 57 1552.71
18 58 1563.62
18 59 1576.36
18 60 1591
18 61 1607.53
18 62 1625.91
18 63 1645.97
18 64 1667.42
18 65 1689.8
18 66 1712.45
18 67 1734.49
18 68 1754.7
18 69 1771.63
18 70 1783.36
18 71 1787.75
18 72 1782.16
18 73 1763.72
18 74 1729.25
18 75 1675.42
18 76 1598.83
18 77 1496.32
18 78 1365.06
18 79 1202.96
18 80 1008.92
18 81 783.141
18 82 527.394
18 83 245.377
18 84 -57.2566
18 85 -372.686
18 86 -691.265
18 87 -1001.46
18 88 -1290.63
18 89 -1545.38
18 90 -1752.54
18 91 -1899.91
18 92 -1977.21
18 93 -1976.97
18 94 -1895.25
18 95 -1732.2
18 96 -1492.4
18 97 -1184.78
18 98 -822.234
18 99 -421.091
18 100 0

19 0 0
19 1 -396.608
19 2 -772.539
19 3 -1108.44
19 4 -1387.78
19 5 -1597.59
19 6 -1729.46
19 7 -1779.68
19 8 -1749.21
19 9 -1643.37
19 10 -1471.05
19 11 -1243.86
19 12 -975.092
19 13 -678.766
19 14 -368.591
19 15 -57.2984
19 16 244.08
19 17 526.467
19 18 783.141
19 19 1009.48
19 20 1203.09
19 21 1363.29
19 22 1491.04
19 23 1588.4
19 24 1658.3
19 25 1704.11
19 26 1729.48
19 27 1738.08
19 28 1733.31
19 29 1718.37
19 30 1696.07
19 31 1668.78
19 32 1638.56
19 33 1606.96
19 34 1575.3
19 35 1544.49
19 36 1515.26
19 37 1488.02
19 38 1463.11
19 39 1440.62
19 40 1420.65
19 41 1403.09
19 42 1387.92
19 43 1374.96
19 44 1364.11
19 45 1355.2
19 46 1348.14
19 47 1342.76
19 48 1339
19 49 1336.76
19 50 1336.03
19 51 1336.76
19 52 1339
19 53 1342.76
19 54 1348.14
19 55 1355.2
19 56 1364.11
19 57 1374.96
19 58 1387.92
19 59 1403.09
19 60 1420.65
19 61 1440.62
19 62 1463.11
19 63 1488.02
19 64 1515.26
19 65 1544.49
19 66 1575.3
19 67 1606.96
19 68 1638.56
19 69 1668.78
19 70 1696.07
19 71 1718.37
19 72 1733.31
19 73 1738.08
19 74 1729.48
19 75 1704.11
19 76 1658.3
19 77 1588.4
19 78 1491.04
19 79 1363.29
19 80 1203.09
19 81 1009.48
19 82 783.141
19 83 526.467
19 84 244.08
19 85 -57.2984
19 86 -368.591
19 87 -678.766
19 88 -975.092
19 89 -1243.86
19 90 -1471.05
19 91 -1643.37
19 92 -1749.21
19 93 -1779.68
19 94 -1729.46
19 95 -1597.59
19 96 -1387.78
19 97 -1108.44
19 98 -772.539
19 99 -396.608
19 100 0

20 0 0
20 1 -364.101
20 2 -707.191
20 3 -1009.91
20 4 -1255.61
20 5 -1431.84
20 6 -1530.74
20 7 -1549.55
20 8 -1490.41
20 9 -1359.81
20 10 -1167.84
20 11 -927.064
20 12 -651.528
20 13 -355.594
20 14 -53.0001
20 15 243.945
20 16 524.866
20 17 781.755
20 18 1008.92
20 19 1203.09
20 20 1362.95
20 21 1489.12
20 22 1583.44
20 23 1648.85
20 24 1688.86
20 25 1707.34
20 26 1708.14
20 27 1695.01
20 28 1671.38
20 29 1640.25
20 30 1604.23
20 31 1565.49
20 32 1525.72
20 33 1486.31
20 34 1448.23
20 35 1412.23
20 36 1378.74
20 37 1348.08
20 38 1320.34
20 39 1295.57
20 40 1273.68
20 41 1254.58
20 42 1238.09
20 43 1224.07
20 44 1212.31
20 45 1202.69
20 46 1195.03
20 47 1189.22
20 48 1185.13
20 49 1182.72
20 50 1181.92
20 51 1182.72
20 52 1185.13
20 53 1189.22
20 54 1195.03
20 55 1202.69
20 56 1212.31
20 57 1224.07
20 58 1238.09
20 59 1254.58
20 60 1273.68
20 61 1295.57
20 62 1320.34
20 63 1348.08
20 64 1378.74
20 65 1412.23
20 66 1448.23
20 67 1486.31
20 68 1525.72
20 69 1565.49
20 70 1604.23
20 71 1640.25
20 72 1671.38
20 73 1695.01
20 74 1708.14
20 75 1707.34
20 76 1688.86
20 77 1648.85
20 78 1583.44
20 79 1489.12
20 80 1362.95
20 81 1203.09
20 82 1008.92
20 83 781.755
20 84 524.866
20 85 243.945
20 86 -53.0001
20 87 -355.594
20 88 -651.528
20 89 -927.064
20 90 -1167.84
20 91 -1359.81
20 92 -1490.41
20 93 -1549.55
20 94 -1530.74
20 95 -1431.84
20 96 -1255.61
20 97 -1009.91
20 98 -707.191
20 99 -364.101
20 100 0

21 0 0
21 1 -324
21 2 -627.27
21 3 -890.665
21 4 -1098.15
21 5 -1237.81
21 6 -1302.74
21 7 -1291.09
21 8 -1206.06
21 9 -1055.14
21 10 -849.243
21 11 -601.611
21 12 -326.515
21 13 -38.3247
21 14 249.701
21 15 525.948
21 16 781.077
21 17 1008.2
21 18 1202.96
21 19 1363.29
21 20 1489.12
21 21 1581.99
21 22 1644.72
21 23 1680.8
21 24 1694.25
21 25 1689.09
21 26 1669.36
21 27 1638.67
21 28 1600.29
21 29 1557
21 30 1511.1
21 31 1464.44
21 32 1418.47
21 33 1374.22
21 34 1332.45
21 35 1293.63
21 36 1258.03
21 37 1225.78
21 38 1196.86
21 39 1171.19
21 40 1148.63
21 41 1128.99
21 42 1112.09
21 43 1097.71
21 44 1085.69
21 45 1075.82
21 46 1067.99
21 47 1062.02
21 48 1057.84
21 49 1055.36
21 50 1054.54
21 51 1055.36
21 52 1057.84
21 53 1062.02
21 54 1067.99
21 55 1075.82
21 56 1085.69
21 57 1097.71
21 58 1112.09
21 59 1128.99
21 60 1148.63
21 61 1171.19
21 62 1196.86
21 63 1225.78
21 64 1258.03
21 65 1293.63
21 66 1332.45
21 67 1374.22
21 68 1418.47
21 69 1464.44
21 70 1511.1
21 71 1557
21 72 1600.29
21 73 1638.67
21 74 1669.36
21 75 1689.09
21 76 1694.25
21 77 1680.8
21 78 1644.72
21 79 1581.99
21 80 1489.12
21 81 1363.29
21 82 1202.96
21 83 1008.2
21 84 781.077
21 85 525.948
21 86 249.701
21 87 -38.3247
21 88 -326.515
21 89 -601.611
21 90 -849.243
21 91 -1055.14
21 92 -1206.06
21 93 -1291.09
21 94 -1302.74
21 95 -1237.81
21 96 -1098.15
21 97 -890.665
21 98 -627.27
21 99 -324
21 100 0

22 0 0
22 1 -277.004
22 2 -534.067
22 3 -752.85
22 4 -918.198
22 5 -1019.18
22 6 -1049.8
22 7 -1009.3
22 8 -901.702
22 9 -735.295
22 10 -521.467
22 11 -273.632
22 12 -5.95561
22 13 267.748
22 14 534.932
22 15 785.118
22 16 1010.14
22 17 1204.5
22 18 1365.06
22 19 1491.04
22 20 1583.44
22 21 1644.72
22 22 1678.29
22 23 1688.18
22 24 1678.59
22 25 1653.7
22 26 1617.33
22 27 1573
22 28 1523.66
22 29 1471.77
22 30 1419.31
22 31 1367.8
22 32 1318.31
22 33 1271.68
22 34 1228.32
22 35 1188.57
22 36 1152.48
22 37 1120.05
22 38 1091.15
22 39 1065.63
22 40 1043.26
22 41 1023.84
22 42 1007.14
22 43 992.958
22 44 981.087
22 45 971.355
22 46 963.605
22 47 957.712
22 48 953.575
22 49 951.121
22 50 950.309
22 51 951.121
22 52 953.575
22 53 957.712
22 54 963.605
22 55 971.355
22 56 981.087
22 57 992.958
22 58 1007.14
22 59 1023.84
22 60 1043.26
22 61 1065.63
22 62 1091.15
22 63 1120.05
22 64 1152.48
22 65 1188.57
22 66 1228.32
22 67 1271.68
22 68 1318.31
22 69 1367.8
22 70 1419.31
22 71 1471.77
22 72 1523.66
22 73 1573
22 74 1617.33
22 75 1653.7
22 76 1678.59
22 77 1688.18
22 78 1678.29
22 79 1644.72
22 80 1583.44
22 81 1491.04
22 82 1365.06
22 83 1204.5
22 84 1010.14
22 85 785.118
22 86 534.932
22 87 267.748
22 88 -5.95561
22 89 -273.632
22 90 -521.467
22 91 -735.295
22 92 -901.702
22 93 -1009.3
22 94 -1049.8
22 95 -1019.18
22 96 -918.198
22 97 -752.85
22 98 -534.067
22 99 -277.004
22 100 0

23 0 0
23 1 -223.976
23 2 -429.301
23 3 -598.983
23 4 -719.089
23 5 -779.957
23 6 -776.691
23 7 -709.458
23 8 -583.063
23 9 -406.143
23 10 -190.299
23 11 51.3649
23 12 305.223
23 13 558.372
23 14 799.447
23 15 1019.22
23 16 1211.01
23 17 1370.62
23 18 1496.32
23 19 1588.4
23 20 1648.85
23 21 1680.8
23 22 1688.18
23 23 1675.25
23 24 1646.29
23 25 1605.33
23 26 1556.06
23 27 1501.62
23 28 1444.64
23 29 1387.22
23 30 1330.95
23 31 1276.99
23 32 1226.18
23 33 1178.97
23 34 1135.69
23 35 1096.34
23 36 1060.95
23 37 1029.31
23 38 1001.28
23 39 976.588
23 40 955.025
23 41 936.316
23 42 920.259
23 43 906.605
23 44 895.189
23 45 885.81
23 46 878.35
23 47 872.66
23 48 868.675
23 49 866.299
23 50 865.521
23 51 866.299
23 52 868.675
23 53 872.66
23 54 878.35
23 55 885.81
23 56 895.189
23 57 906.605
23 58 920.259
23 59 936.316
23 60 955.025
23 61 976.588
23 62 1001.28
23 63 1029.31
23 64 1060.95
23 65 1096.34
23 66 1135.69
23 67 1178.97
23 68 1226.18
23 69 1276.99
23 70 1330.95
23 71 1387.22
23 72 1444.64
23 73 1501.62
23 74 1556.06
23 75 1605.33
23 76 1646.29
23 77 1675.25
23 78 1688.18
23 79 1680.8
23 80 1648.85
23 81 1588.4
23 82 1496.32
23 83 1370.62
23 84 1211.01
23 85 1019.22
23 86 799.447
23 87 558.372
23 88 305.223
23 89 51.3649
23 90 -190.299
23 91 -406.143
23 92 -583.063
23 93 -709.458
23 94 -776.691
23 95 -779.957
23 96 -719.089
23 97 -598.983
23 98 -429.301
23 99 -223.976
23 100 0

24 0 0
24 1 -165.854
24 2 -314.906
24 3 -431.877
24 4 -504.539
24 5 -524.596
24 6 -488.413
24 7 -396.996
24 8 -255.68
24 9 -73.2583
24 10 139.018
24 11 368.622
24 12 603.006
24 13 830.466
24 14 1041.12
24 15 1227.27
24 16 1383.74
24 17 1507.77
24 18 1598.83
24 19 1658.3
24 20 1688.86
24 21 1694.25
24 22 1678.59
24 23 1646.29
24 24 1601.47
24 25 1547.97
24 26 1489.1
24 27 1427.64
24 28 1365.85
24 29 1305.36
24 30 1247.48
24 31 1192.99
24 32 1142.43
24 33 1096.06
24 34 1053.91
24 35 1015.96
24 36 981.995
24 37 951.833
24 38 925.165
24 39 901.778
24 40 881.348
24 41 863.68
24 42 848.479
24 43 835.591
24 44 824.771
24 45 815.912
24 46 808.824
24 47 803.447
24 48 799.645
24 49 797.409
24 50 796.651
24 51 797.409
24 52 799.645
24 53 803.447
24 54 808.824
24 55 815.912
24 56 824.771
24 57 835.591
24 58 848.479
24 59 863.68
24 60 881.348
24 61 901.778
24 62 925.165
24 63 951.833
24 64 981.995
24 65 1015.96
24 66 1053.91
24 67 1096.06
24 68 1142.43
24 69 1192.99
24 70 1247.48
24 71 1305.36
24 72 1365.85
24 73 1427.64
24 74 1489.1
24 75 1547.97
24 76 1601.47
24 77 1646.29
24 78 1678.59
24 79 1694.25
24 80 1688.86
24 81 1658.3
24 82 1598.83
24 83 1507.77
24 84 1383.74
24 85 1227.27
24 86 1041.12
24 87 830.466
24 88 603.006
24 89 368.622
24 90 139.018
24 91 -73.2583
24 92 -255.68
24 93 -396.996
24 94 -488.413
24 95 -524.596
24 96 -504.539
24 97 -431.877
24 98 -314.906
24 99 -165.854
24 100 0

25 0 0
25 1 -103.747
25 2 -192.978
25 3 -254.626
25 4 -278.381
25 5 -257.654
25 6 -189.974
25 7 -77.2024
25 8 75.1064
25 9 258.311
25 10 461.835
25 11 674.233
25 12 884.283
25 13 1081.95
25 14 1258.96
25 15 1409.34
25 16 1529.44
25 17 1617.93
25 18 1675.42
25 19 1704.11
25 20 1707.34
25 21 1689.09
25 22 1653.7
25 23 1605.33
25 24 1547.97
25 25 1485.03
25 26 1419.48
25 27 1353.61
25 28 1289.27
25 29 1227.74
25 30 1169.89
25 31 1116.26
25 32 1067.09
25 33 1022.44
25 34 982.208
25 35 946.198
25 36 914.156
25 37 885.793
25 38 860.809
25 39 838.916
25 40 819.837
25 41 803.317
25 42 789.131
25 43 777.067
25 44 766.961
25 45 758.649
25 46 752.022
25 47 746.96
25 48 743.409
25 49 741.29
25 50 740.595
25 51 741.29
25 52 743.409
25 53 746.96
25 54 752.022
25 55 758.649
25 56 766.961
25 57 777.067
25 58 789.131
25 59 803.317
25 60 819.837
25 61 838.916
25 62 860.809
25 63 885.793
25 64 914.156
25 65 946.198
25 66 982.208
25 67 1022.44
25 68 1067.09
25 69 1116.26
25 70 1169.89
25 71 1227.74
25 72 1289.27
25 73 1353.61
25 74 1419.48
25 75 1485.03
25 76 1547.97
25 77 1605.33
25 78 1653.7
25 79 1689.09
25 80 1707.34
25 81 1704.11
25 82 1675.42
25 83 1617.93
25 84 1529.44
25 85 1409.34
25 86 1258.96
25 87 1081.95
25 88 884.283
25 89 674.233
25 90 461.835
25 91 258.311
25 92 75.1064
25 93 -77.2024
25 94 -189.974
25 95 -257.654
25 96 -278.381
25 97 -254.626
25 98 -192.978
25 99 -103.747
25 100 0

26 0 0
26 1 -38.7491
26 2 -65.7021
26 3 -70.3331
26 4 -44.5895
26 5 16.3662
26 6 113.688
26 7 244.929
26 8 404.397
26 9 584.049
26 10 774.275
26 11 965.092
26 12 1146.95
26 13 1311.67
26 14 1452.86
26 15 1566.29
26 16 1649.93
26 17 1703.7
26 18 1729.25
26 19 1729.48
26 20 1708.14
26 21 1669.36
26 22 1617.33
26 23 1556.06
26 24 1489.1
26 25 1419.48
26 26 1349.63
26 27 1281.5
26 28 1216.4
26 29 1155.28
26 30 1098.69
26 31 1046.86
26 32 999.828
26 33 957.479
26 34 919.568
26 35 885.827
26 36 855.917
26 37 829.524
26 38 806.32
26 39 786.013
26 40 768.321
26 41 753.006
26 42 739.841
26 43 728.645
26 44 719.247
26 45 711.52
26 46 705.34
26 47 700.629
26 48 697.308
26 49 695.338
26 50 694.681
26 51 695.338
26 52 697.308
26 53 700.629
26 54 705.34
26 55 711.52
26 56 719.247
26 57 728.645
26 58 739.841
26 59 753.006
26 60 768.321
26 61 786.013
26 62 806.32
26 63 829.524
26 64 855.917
26 65 885.827
26 66 919.568
26 67 957.479
26 68 999.828
26 69 1046.86
26 70 1098.69
26 71 1155.28
26 72 1216.4
26 73 1281.5
26 74 1349.63
26 75 1419.48
26 76 1489.1
26 77 1556.06
26 78 1617.33
26 79 1669.36
26 80 1708.14
26 81 1729.48
26 82 1729.25
26 83 1703.7
26 84 1649.93
26 85 1566.29
26 86 1452.86
26 87 1311.67
26 88 1146.95
26 89 965.092
26 90 774.275
26 91 584.049
26 92 404.397
26 93 244.929
26 94 113.688
26 95 16.3662
26 96 -44.5895
26 97 -70.3331
26 98 -65.7021
26 99 -38.7491
26 100 0

27 0 0
27 1 28.0106
27 2 64.7544
27 3 117.886
27 4 193.02
27 5 293.07
27 6 417.983
27 7 564.74
27 8 727.885
27 9 900.103
27 10 1073.22
27 11 1238.9
27 12 1389.66
27 13 1519.3
27 14 1623.47
27 15 1699.7
27 16 1747.49
27 17 1768.01
27 18 1763.72
27 19 1738.08
27 20 1695.01
27 21 1638.67
27 22 1573
27 23 1501.62
27 24 1427.64
27 25 1353.61
27 26 1281.5
27 27 1212.7
27 28 1148.21
27 29 1088.58
27 30 1034.04
27 31 984.621
27 32 940.166
27 33 900.387
27 34 865.005
27 35 833.614
27 36 805.9
27 37 781.476
27 38 760.044
27 39 741.289
27 40 724.955
27 41 710.804
27 42 698.633
27 43 688.269
27 44 679.561
27 45 672.392
27 46 666.653
27 47 662.273
27 48 659.183
27 49 657.35
27 50 656.738
27 51 657.35
27 52 659.183
27 53 662.273
27 54 666.653
27 55 672.392
27 56 679.561
27 57 688.269
27 58 698.633
27 59 710.804
27 60 724.955
27 61 741.289
27 62 760.044
27 63 781.476
27 64 805.9
27 65 833.614
27 66 865.005
27 67 900.387
27 68 940.166
27 69 984.621
27 70 1034.04
27 71 1088.58
27 72 1148.21
27 73 1212.7
27 74 1281.5
27 75 1353.61
27 76 1427.64
27 77 1501.62
27 78 1573
27 79 1638.67
27 80 1695.01
27 81 1738.08
27 82 1763.72
27 83 1768.01
27 84 1747.49
27 85 1699.7
27 86 1623.47
27 87 1519.3
27 88 1389.66
27 89 1238.9
27 90 1073.22
27 91 900.103
27 92 727.885
27 93 564.74
27 94 417.983
27 95 293.07
27 96 193.02
27 97 117.886
27 98 64.7544
27 99 28.0106
27 100 0

28 0 0
28 1 95.4484
28 2 196.288
28 3 307.078
28 4 430.807
28 5 568.432
28 6 718.669
28 7 878.146
28 8 1041.76
28 9 1203.32
28 10 1356.21
28 11 1494.18
28 12 1611.82
28 13 1705.22
28 14 1771.98
28 15 1811.53
28 16 1824.75
28 17 1813.9
28 18 1782.16
28 19 1733.31
28 20 1671.38
28 21 1600.29
28 22 1523.66
28 23 1444.64
28 24 1365.85
28 25 1289.27
28 26 1216.4
28 27 1148.21
28 28 1085.28
28 29 1027.81
28 30 975.856
28 31 929.154
28 32 887.452
28 33 850.364
28 34 817.484
28 35 788.446
28 36 762.828
28 37 740.314
28 38 720.542
28 39 703.264
28 40 688.188
28 41 675.136
28 42 663.879
28 43 654.301
28 44 646.226
28 45 639.585
28 46 634.249
28 47 630.186
28 48 627.305
28 49 625.606
28 50 625.029
28 51 625.606
28 52 627.305
28 53 630.186
28 54 634.249
28 55 639.585
28 56 646.226
28 57 654.301
28 58 663.879
28 59 675.136
28 60 688.188
28 61 703.264
28 62 720.542
28 63 740.314
28 64 762.828
28 65 788.446
28 66 817.484
28 67 850.364
28 68 887.452
28 69 929.154
28 70 975.856
28 71 1027.81
28 72 1085.28
28 73 1148.21
28 74 1216.4
28 75 1289.27
28 76 1365.85
28 77 1444.64
28 78 1523.66
28 79 1600.29
28 80 1671.38
28 81 1733.31
28 82 1782.16
28 83 1813.9
28 84 1824.75
28 85 1811.53
28 86 1771.98
28 87 1705.22
28 88 1611.82
28 89 1494.18
28 90 1356.21
28 91 1203.32
28 92 1041.76
28 93 878.146
28 94 718.669
28 95 568.432
28 96 430.807
28 97 307.078
28 98 196.288
28 99 95.4484
28 100 0

29 0 0
29 1 162.562
29 2 326.971
29 3 494.508
29 4 665.45
29 5 838.757
29 6 1012.01
29 7 1181.58
29 8 1342.95
29 9 1491.19
29 10 1621.59
29 11 1730.02
29 12 1813.48
29 13 1870.24
29 14 1900.07
29 15 1904.01
29 16 1884.42
29 17 1844.4
29 18 1787.75
29 19 1718.37
29 20 1640.25
29 21 1557
29 22 1471.77
29 23 1387.22
29 24 1305.36
29 25 1227.74
29 26 1155.28
29 27 1088.58
29 28 1027.81
29 29 972.99
29 30 923.804
29 31 879.987
29 32 841.045
29 33 806.58
29 34 776.137
29 35 749.287
29 36 725.661
29 37 704.882
