0 0 0
0 1 0
0 2 0
0 3 0
0 4 0
0 5 0
0 6 0
0 7 0
0 8 0
0 9 0
0 10 0
0 11 0
0 12 0
0 13 0
0 14 0
0 15 0
0 16 0
0 17 0
0 18 0
0 19 0
0 20 0
0 21 0
0 22 0
0 23 0
0 24 0
0 25 0
0 26 0
0 27 0
0 28 0
0 29 0
0 30 0
0 31 0
0 32 0
0 33 0
0 34 0
0 35 0
0 36 0
0 37 0
0 38 0
0 39 0
0 40 0
0 41 0
0 42 0
0 43 0
0 44 0
0 45 0
0 46 0
0 47 0
0 48 0
0 49 0
0 50 0
0 51 0
0 52 0
0 53 0
0 54 0
0 55 0
0 56 0
0 57 0
0 58 0
0 59 0
0 60 0
0 61 0
0 62 0
0 63 0
0 64 0
0 65 0
0 66 0
0 67 0
0 68 0
0 69 0
0 70 0
0 71 0
0 72 0
0 73 0
0 74 0
0 75 0
0 76 0
0 77 0
0 78 0
0 79 0
0 80 0
0 81 0
0 82 0
0 83 0
0 84 0
0 85 0
0 86 0
0 87 0
0 88 0
0 89 0
0 90 0
0 91 0
0 92 0
0 93 0
0 94 0
0 95 0
0 96 0
0 97 0
0 98 0
0 99 0
0 100 0

1 0 0
1 1 5.63033
1 2 11.319
1 3 17.1267
1 4 23.0831
1 5 29.2112
1 6 35.4871
1 7 41.8482
1 8 48.1761
1 9 54.2776
1 10 59.8841
1 11 64.6346
1 12 68.0734
1 13 69.6549
1 14 68.7591
1 15 64.7029
1 16 56.8073
1 17 44.416
1 18 26.9903
1 19 4.17967
1 20 -24.1214
1 21 -57.6466
1 22 -95.7548
1 23 -137.343
1 24 -180.872
1 25 -224.403
1 26 -265.686
1 27 -302.296
1 28 -331.829
1 29 -352.066
1 30 -361.208
1 31 -358.058
1 32 -342.131
1 33 -313.811
1 34 -274.258
1 35 -225.416
1 36 -169.794
1 37 -110.281
1 38 -49.8687
1 39 8.56814
1 40 62.5531
1 41 110.192
1 42 150.282
1 43 182.338
1 44 206.582
1 45 223.804
1 46 235.177
1 47 242.069
1 48 245.835
1 49 247.602
1 50 248.107
1 51 247.602
1 52 245.835
1 53 242.069
1 54 235.177
1 55 223.804
1 56 206.582
1 57 182.338
1 58 150.282
1 59 110.192
1 60 62.5531
1 61 8.56814
1 62 -49.8687
1 63 -110.281
1 64 -169.794
1 65 -225.416
1 66 -274.258
1 67 -313.811
1 68 -342.131
1 69 -358.058
1 70 -361.208
1 71 -352.066
1 72 -331.829
1 73 -302.296
1 74 -265.686
1 75 -224.403
1 76 -180.872
1 77 -137.343
1 78 -95.7548
1 79 -57.6466
1 80 -24.1214
1 81 4.17967
1 82 26.9903
1 83 44.416
1 84 56.8073
1 85 64.7029
1 86 68.7591
1 87 69.6549
1 88 68.0734
1 89 64.6346
1 90 59.8841
1 91 54.2776
1 92 48.1761
1 93 41.8482
1 94 35.4871
1 95 29.2112
1 96 23.0831
1 97 17.1267
1 98 11.319
1 99 5.63033
1 100 0

2 0 0
2 1 11.319
2 2 22.7496
2 3 34.4053
2 4 46.3411
2 5 58.5929
2 6 71.1067
2 7 83.7468
2 8 96.2687
2 9 108.277
2 10 119.233
2 11 128.41
2 12 134.905
2 13 137.637
2 14 135.384
2 15 126.806
2 16 110.572
2 17 85.4066
2 18 50.2718
2 19 4.50301
2 20 -52.0672
2 21 -118.881
2 22 -194.634
2 23 -277.123
2 24 -363.292
2 25 -449.307
2 26 -530.732
2 27 -602.798
2 28 -660.757
2 29 -700.282
2 30 -717.819
2 31 -711.049
2 32 -679.069
2 33 -622.581
2 34 -543.962
2 35 -446.999
2 36 -336.631
2 37 -218.588
2 38 -98.7695
2 39 17.1782
2 40 124.358
2 41 219.007
2 42 298.768
2 43 362.664
2 44 411.092
2 45 445.59
2 46 468.49
2 47 482.477
2 48 490.187
2 49 493.827
2 50 494.868
2 51 493.827
2 52 490.187
2 53 482.477
2 54 468.49
2 55 445.59
2 56 411.092
2 57 362.664
2 58 298.768
2 59 219.007
2 60 124.358
2 61 17.1782
2 62 -98.7695
2 63 -218.588
2 64 -336.631
2 65 -446.999
2 66 -543.962
2 67 -622.581
2 68 -679.069
2 69 -711.049
2 70 -717.819
2 71 -700.282
2 72 -660.757
2 73 -602.798
2 74 -530.732
2 75 -449.307
2 76 -363.292
2 77 -277.123
2 78 -194.634
2 79 -118.881
2 80 -52.0672
2 81 4.50301
2 82 50.2718
2 83 85.4066
2 84 110.572
2 85 126.806
2 86 135.384
2 87 137.637
2 88 134.905
2 89 128.41
2 90 119.233
2 91 108.277
2 92 96.2687
2 93 83.7468
2 94 71.1067
2 95 58.5929
2 96 46.3411
2 97 34.4053
2 98 22.7496
2 99 11.319
2 100 0

3 0 0
3 1 17.1267
3 2 34.4053
3 3 51.9848
3 4 69.934
3 5 88.2845
3 6 106.937
3 7 125.672
3 8 144.101
3 9 161.621
3 10 177.411
3 11 190.383
3 12 199.19
3 13 202.235
3 14 197.72
3 15 183.703
3 16 158.258
3 17 119.57
3 18 66.1823
3 19 -2.80331
3 20 -87.542
3 21 -187.139
3 22 -299.597
3 23 -421.621
3 24 -548.675
3 25 -675.113
3 26 -794.428
3 27 -899.645
3 28 -983.875
3 29 -1040.8
3 30 -1065.31
3 31 -1054.05
3 32 -1005.72
3 33 -921.456
3 34 -804.673
3 35 -660.993
3 36 -497.673
3 37 -323.046
3 38 -145.767
3 39 25.8627
3 40 184.668
3 41 325.136
3 42 443.727
3 43 538.99
3 44 611.488
3 45 663.433
3 46 698.164
3 47 719.584
3 48 731.565
3 49 737.337
3 50 739.017
3 51 737.337
3 52 731.565
3 53 719.584
3 54 698.164
3 55 663.433
3 56 611.488
3 57 538.99
3 58 443.727
3 59 325.136
3 60 184.668
3 61 25.8627
3 62 -145.767
3 63 -323.046
3 64 -497.673
3 65 -660.993
3 66 -804.673
3 67 -921.456
3 68 -1005.72
3 69 -1054.05
3 70 -1065.31
3 71 -1040.8
3 72 -983.875
3 73 -899.645
3 74 -794.428
3 75 -675.113
3 76 -548.675
3 77 -421.621
3 78 -299.597
3 79 -187.139
3 80 -87.542
3 81 -2.80331
3 82 66.1823
3 83 119.57
3 84 158.258
3 85 183.703
3 86 197.72
3 87 202.235
3 88 199.19
3 89 190.383
3 90 177.411
3 91 161.621
3 92 144.101
3 93 125.672
3 94 106.937
3 95 88.2845
3 96 69.934
3 97 51.9848
3 98 34.4053
3 99 17.1267
3 100 0

4 0 0
4 1 23.0831
4 2 46.3411
4 3 69.934
4 4 93.9303
4 5 118.328
4 6 142.965
4 7 167.508
4 8 191.406
4 9 213.83
4 10 233.666
4 11 249.466
4 12 259.458
4 13 261.563
4 14 253.466
4 15 232.693
4 16 196.809
4 17 143.568
4 18 71.2032
4 19 -21.312
4 20 -134.007
4 21 -265.583
4 22 -413.3
4 23 -572.784
4 24 -738.098
4 25 -901.906
4 26 -1055.81
4 27 -1190.87
4 28 -1298.22
4 29 -1369.87
4 30 -1399.3
4 31 -1382.29
4 32 -1317.3
4 33 -1205.78
4 34 -1052.29
4 35 -863.999
4 36 -650.282
4 37 -421.918
4 38 -190.07
4 39 34.5825
4 40 242.744
4 41 427.231
4 42 583.45
4 43 709.45
4 44 805.846
4 45 875.406
4 46 922.405
4 47 951.825
4 48 968.581
4 49 976.797
4 50 979.214
4 51 976.797
4 52 968.581
4 53 951.825
4 54 922.405
4 55 875.406
4 56 805.846
4 57 709.45
4 58 583.45
4 59 427.231
4 60 242.744
4 61 34.5825
4 62 -190.07
4 63 -421.918
4 64 -650.282
4 65 -863.999
4 66 -1052.29
4 67 -1205.78
4 68 -1317.3
4 69 -1382.29
4 70 -1399.3
4 71 -1369.87
4 72 -1298.22
4 73 -1190.87
4 74 -1055.81
4 75 -901.906
4 76 -738.098
4 77 -572.784
4 78 -413.3
4 79 -265.583
4 80 -134.007
4 81 -21.312
4 82 71.2032
4 83 143.568
4 84 196.809
4 85 232.693
4 86 253.466
4 87 261.563
4 88 259.458
4 89 249.466
4 90 233.666
4 91 213.83
4 92 191.406
4 93 167.508
4 94 142.965
4 95 118.328
4 96 93.9303
4 97 69.934
4 98 46.3411
4 99 23.0831
4 100 0

5 0 0
5 1 29.2112
5 2 58.5929
5 3 88.2845
5 4 118.328
5 5 148.656
5 6 179.014
5 7 208.933
5 8 237.67
5 9 264.159
5 10 286.981
5 11 304.339
5 12 314.055
5 13 313.616
5 14 300.251
5 15 271.058
5 16 223.205
5 17 154.158
5 18 61.9826
5 19 -54.3305
5 20 -194.564
5 21 -356.938
5 22 -537.927
5 23 -732.114
5 24 -932.246
5 25 -1129.46
5 26 -1313.7
5 27 -1474.31
5 28 -1600.84
5 29 -1683.8
5 30 -1715.62
5 31 -1691.38
5 32 -1609.34
5 33 -1471.43
5 34 -1283.03
5 35 -1052.87
5 36 -792.157
5 37 -513.73
5 38 -230.986
5 39 43.2598
5 40 297.845
5 41 524.11
5 42 716.392
5 43 872.261
5 44 992.336
5 45 1079.8
5 46 1139.63
5 47 1177.7
5 48 1199.85
5 49 1210.97
5 50 1214.3
5 51 1210.97
5 52 1199.85
5 53 1177.7
5 54 1139.63
5 55 1079.8
5 56 992.336
5 57 872.261
5 58 716.392
5 59 524.11
5 60 297.845
5 61 43.2598
5 62 -230.986
5 63 -513.73
5 64 -792.157
5 65 -1052.87
5 66 -1283.03
5 67 -1471.43
5 68 -1609.34
5 69 -1691.38
5 70 -1715.62
5 71 -1683.8
5 72 -1600.84
5 73 -1474.31
5 74 -1313.7
5 75 -1129.46
5 76 -932.246
5 77 -732.114
5 78 -537.927
5 79 -356.938
5 80 -194.564
5 81 -54.3305
5 82 61.9826
5 83 154.158
5 84 223.205
5 85 271.058
5 86 300.251
5 87 313.616
5 88 314.055
5 89 304.339
5 90 286.981
5 91 264.159
5 92 237.67
5 93 208.933
5 94 179.014
5 95 148.656
5 96 118.328
5 97 88.2845
5 98 58.5929
5 99 29.2112
5 100 0

6 0 0
6 1 35.4871
6 2 71.1067
6 3 106.937
6 4 142.965
6 5 179.014
6 6 214.71
6 7 249.409
6 8 282.153
6 9 311.619
6 10 336.084
6 11 353.409
6 12 361.056
6 13 356.135
6 14 335.516
6 15 295.981
6 16 234.451
6 17 148.256
6 18 35.4652
6 19 -104.766
6 20 -271.832
6 21 -463.387
6 22 -675.088
6 23 -900.514
6 24 -1131.23
6 25 -1357.06
6 26 -1566.55
6 27 -1747.7
6 28 -1888.72
6 29 -1979.1
6 30 -2010.41
6 31 -1977.26
6 32 -1877.95
6 33 -1714.66
6 34 -1493.75
6 35 -1225.05
6 36 -921.355
6 37 -597.278
6 38 -268.055
6 39 51.7183
6 40 349.265
6 41 614.582
6 42 841.096
6 43 1025.84
6 44 1169.33
6 45 1274.98
6 46 1348.3
6 47 1395.83
6 48 1424.12
6 49 1438.64
6 50 1443.06
6 51 1438.64
6 52 1424.12
6 53 1395.83
6 54 1348.3
6 55 1274.98
6 56 1169.33
6 57 1025.84
6 58 841.096
6 59 614.582
6 60 349.265
6 61 51.7183
6 62 -268.055
6 63 -597.278
6 64 -921.355
6 65 -1225.05
6 66 -1493.75
6 67 -1714.66
6 68 -1877.95
6 69 -1977.26
6 70 -2010.41
6 71 -1979.1
6 72 -1888.72
6 73 -1747.7
6 74 -1566.55
6 75 -1357.06
6 76 -1131.23
6 77 -900.514
6 78 -675.088
6 79 -463.387
6 80 -271.832
6 81 -104.766
6 82 35.4652
6 83 148.256
6 84 234.451
6 85 295.981
6 86 335.516
6 87 356.135
6 88 361.056
6 89 353.409
6 90 336.084
6 91 311.619
6 92 282.153
6 93 249.409
6 94 214.71
6 95 179.014
6 96 142.965
6 97 106.937
6 98 71.1067
6 99 35.4871
6 100 0

7 0 0
7 1 41.8482
7 2 83.7468
7 3 125.672
7 4 167.508
7 5 208.933
7 6 249.409
7 7 288.089
7 8 323.77
7 9 354.866
7 10 379.345
7 11 394.762
7 12 398.26
7 13 386.663
7 14 356.586
7 15 304.643
7 16 227.658
7 17 123.012
7 18 -11.0519
7 19 -175.041
7 20 -367.838
7 21 -586.442
7 22 -825.684
7 23 -1078.22
7 24 -1334.57
7 25 -1583.49
7 26 -1812.48
7 27 -2008.5
7 28 -2158.91
7 29 -2252.42
7 30 -2280.16
7 31 -2236.49
7 32 -2119.71
7 33 -1932.52
7 34 -1681.79
7 35 -1378.45
7 36 -1036.43
7 37 -671.704
7 38 -300.986
7 39 59.7091
7 40 396.285
7 41 697.632
7 42 956.291
7 43 1168.78
7 44 1335.37
7 45 1459.54
7 46 1547.08
7 47 1604.97
7 48 1640.22
7 49 1658.72
7 50 1664.42
7 51 1658.72
7 52 1640.22
7 53 1604.97
7 54 1547.08
7 55 1459.54
7 56 1335.37
7 57 1168.78
7 58 956.291
7 59 697.632
7 60 396.285
7 61 59.7091
7 62 -300.986
7 63 -671.704
7 64 -1036.43
7 65 -1378.45
7 66 -1681.79
7 67 -1932.52
7 68 -2119.71
7 69 -2236.49
7 70 -2280.16
7 71 -2252.42
7 72 -2158.91
7 73 -2008.5
7 74 -1812.48
7 75 -1583.49
7 76 -1334.57
7 77 -1078.22
7 78 -825.684
7 79 -586.442
7 80 -367.838
7 81 -175.041
7 82 -11.0519
7 83 123.012
7 84 227.658
7 85 304.643
7 86 356.586
7 87 386.663
7 88 398.26
7 89 394.762
7 90 379.345
7 91 354.866
7 92 323.77
7 93 288.089
7 94 249.409
7 95 208.933
7 96 167.508
7 97 125.672
7 98 83.7468
7 99 41.8482
7 100 0

8 0 0
8 1 48.1761
8 2 96.2687
8 3 144.101
8 4 191.406
8 5 237.67
8 6 282.153
8 7 323.77
8 8 361.058
8 9 392.16
8 10 414.758
8 11 426.134
8 12 423.19
8 13 402.547
8 14 360.709
8 15 294.257
8 16 200.117
8 17 75.8919
8 18 -79.8057
8 19 -266.99
8 20 -483.91
8 21 -726.852
8 22 -989.842
8 23 -1264.7
8 24 -1541.12
8 25 -1807.06
8 26 -2049.27
8 27 -2254.14
8 28 -2408.49
8 29 -2500.75
8 30 -2521.84
8 31 -2466.09
8 32 -2332.04
8 33 -2122.59
8 34 -1845.29
8 35 -1511.6
8 36 -1136.38
8 37 -736.51
8 38 -329.726
8 39 66.8958
8 40 438.27
8 41 772.343
8 42 1060.9
8 43 1299.88
8 44 1489.23
8 45 1632.27
8 46 1734.82
8 47 1804.01
8 48 1847.09
8 49 1870.19
8 50 1877.42
8 51 1870.19
8 52 1847.09
8 53 1804.01
8 54 1734.82
8 55 1632.27
8 56 1489.23
8 57 1299.88
8 58 1060.9
8 59 772.343
8 60 438.27
8 61 66.8958
8 62 -329.726
8 63 -736.51
8 64 -1136.38
8 65 -1511.6
8 66 -1845.29
8 67 -2122.59
8 68 -2332.04
8 69 -2466.09
8 70 -2521.84
8 71 -2500.75
8 72 -2408.49
8 73 -2254.14
8 74 -2049.27
8 75 -1807.06
8 76 -1541.12
8 77 -1264.7
8 78 -989.842
8 79 -726.852
8 80 -483.91
8 81 -266.99
8 82 -79.8057
8 83 75.8919
8 84 200.117
8 85 294.257
8 86 360.709
8 87 402.547
8 88 423.19
8 89 426.134
8 90 414.758
8 91 392.16
8 92 361.058
8 93 323.77
8 94 282.153
8 95 237.67
8 96 191.406
8 97 144.101
8 98 96.2687
8 99 48.1761
8 100 0

9 0 0
9 1 54.2776
9 2 108.277
9 3 161.621
9 4 213.83
9 5 264.159
9 6 311.619
9 7 354.866
9 8 392.16
9 9 421.38
9 10 439.946
9 11 444.936
9 12 433.085
9 13 400.947
9 14 345.048
9 15 262.121
9 16 149.365
9 17 4.79593
9 18 -172.445
9 19 -381.723
9 20 -620.576
9 21 -884.53
9 22 -1166.86
9 23 -1458.67
9 24 -1749.07
9 25 -2025.5
9 26 -2274.4
9 27 -2481.88
9 28 -2634.76
9 29 -2721.42
9 30 -2732.95
9 31 -2663.88
9 32 -2512.93
9 33 -2283.39
9 34 -1983.01
9 35 -1623.74
9 36 -1220.76
9 37 -791.562
9 38 -354.446
9 39 72.8726
9 40 474.576
9 41 837.918
9 42 1154.01
9 43 1418.21
9 44 1629.93
9 45 1792.15
9 46 1910.49
9 47 1991.99
9 48 2043.82
9 49 2072.14
9 50 2081.1
9 51 2072.14
9 52 2043.82
9 53 1991.99
9 54 1910.49
9 55 1792.15
9 56 1629.93
9 57 1418.21
9 58 1154.01
9 59 837.918
9 60 474.576
9 61 72.8726
9 62 -354.446
9 63 -791.562
9 64 -1220.76
9 65 -1623.74
9 66 -1983.01
9 67 -2283.39
9 68 -2512.93
9 69 -2663.88
9 70 -2732.95
9 71 -2721.42
9 72 -2634.76
9 73 -2481.88
9 74 -2274.4
9 75 -2025.5
9 76 -1749.07
9 77 -1458.67
9 78 -1166.86
9 79 -884.53
9 80 -620.576
9 81 -381.723
9 82 -172.445
9 83 4.79593
9 84 149.365
9 85 262.121
9 86 345.048
9 87 400.947
9 88 433.085
9 89 444.936
9 90 439.946
9 91 421.38
9 92 392.16
9 93 354.866
9 94 311.619
9 95 264.159
9 96 213.83
9 97 161.621
9 98 108.277
9 99 54.2776
9 100 0

10 0 0
10 1 59.8841
10 2 119.233
10 3 177.411
10 4 233.666
10 5 286.981
10 6 336.084
10 7 379.345
10 8 414.758
10 9 439.946
10 10 452.138
10 11 448.261
10 12 425.009
10 13 378.983
10 14 306.9
10 15 205.801
10 16 73.3552
10 17 -91.846
10 18 -289.962
10 19 -519.602
10 20 -777.529
10 21 -1058.51
10 22 -1355.17
10 23 -1658.1
10 24 -1956.02
10 25 -2236.22
10 26 -2485.14
10 27 -2689.1
10 28 -2835.18
10 29 -2912.2
10 30 -2911.61
10 31 -2828.3
10 32 -2661.32
10 33 -2414.08
10 34 -2094.54
10 35 -1714.6
10 36 -1289.63
10 37 -837.086
10 38 -375.487
10 39 77.1552
10 40 504.668
10 41 893.774
10 42 1234.99
10 43 1523.01
10 44 1756.7
10 45 1938.45
10 46 2073.38
10 47 2168.1
10 48 2229.58
10 49 2263.78
10 50 2274.72
10 51 2263.78
10 52 2229.58
10 53 2168.1
10 54 2073.38
10 55 1938.45
10 56 1756.7
10 57 1523.01
10 58 1234.99
10 59 893.774
10 60 504.668
10 61 77.1552
10 62 -375.487
10 63 -837.086
10 64 -1289.63
10 65 -1714.6
10 66 -2094.54
10 67 -2414.08
10 68 -2661.32
10 69 -2828.3
10 70 -2911.61
10 71 -2912.2
10 72 -2835.18
10 73 -2689.1
10 74 -2485.14
10 75 -2236.22
10 76 -1956.02
10 77 -1658.1
10 78 -1355.17
10 79 -1058.51
10 80 -777.529
10 81 -519.602
10 82 -289.962
10 83 -91.846
10 84 73.3552
10 85 205.801
10 86 306.9
10 87 378.983
10 88 425.009
10 89 448.261
10 90 452.138
10 91 439.946
10 92 414.758
10 93 379.345
10 94 336.084
10 95 286.981
10 96 233.666
10 97 177.411
10 98 119.233
10 99 59.8841
10 100 0

11 0 0
11 1 64.6346
11 2 128.41
11 3 190.383
11 4 249.466
11 5 304.339
11 6 353.409
11 7 394.762
11 8 426.134
11 9 444.936
11 10 448.261
11 11 432.995
11 12 395.894
11 13 333.772
11 14 243.683
11 15 123.169
11 16 -29.4806
11 17 -214.933
11 18 -432.545
11 19 -680.084
11 20 -953.532
11 21 -1246.95
11 22 -1552.44
11 23 -1860.25
11 24 -2159.03
11 25 -2436.22
11 26 -2678.66
11 27 -2873.2
11 28 -3007.62
11 29 -3071.4
11 30 -3056.61
11 31 -2958.66
11 32 -2776.84
11 33 -2514.74
11 34 -2180.11
11 35 -1784.73
11 36 -1343.48
11 37 -873.645
11 38 -393.426
11 39 79.2531
11 40 528.056
11 41 939.411
11 42 1303.33
11 43 1613.87
11 44 1869.07
11 45 2070.59
11 46 2222.82
11 47 2331.75
11 48 2403.74
11 49 2444.4
11 50 2457.51
11 51 2444.4
11 52 2403.74
11 53 2331.75
11 54 2222.82
11 55 2070.59
11 56 1869.07
11 57 1613.87
11 58 1303.33
11 59 939.411
11 60 528.056
11 61 79.2531
11 62 -393.426
11 63 -873.645
11 64 -1343.48
11 65 -1784.73
11 66 -2180.11
11 67 -2514.74
11 68 -2776.84
11 69 -2958.66
11 70 -3056.61
11 71 -3071.4
11 72 -3007.62
11 73 -2873.2
11 74 -2678.66
11 75 -2436.22
11 76 -2159.03
11 77 -1860.25
11 78 -1552.44
11 79 -1246.95
11 80 -953.532
11 81 -680.084
11 82 -432.545
11 83 -214.933
11 84 -29.4806
11 85 123.169
11 86 243.683
11 87 333.772
11 88 395.894
11 89 432.995
11 90 448.261
11 91 444.936
11 92 426.134
11 93 394.762
11 94 353.409
11 95 304.339
11 96 249.466
11 97 190.383
11 98 128.41
11 99 64.6346
11 100 0

12 0 0
12 1 68.0734
12 2 134.905
12 3 199.19
12 4 259.458
12 5 314.055
12 6 361.056
12 7 398.26
12 8 423.19
12 9 433.085
12 10 425.009
12 11 395.894
12 12 342.714
12 13 262.631
12 14 153.206
12 15 12.628
12 16 -160.036
12 17 -364.606
12 18 -599.541
12 19 -861.755
12 20 -1146.47
12 21 -1447.15
12 22 -1755.54
12 23 -2061.79
12 24 -2354.75
12 25 -2622.36
12 26 -2852.16
12 27 -3031.93
12 28 -3150.38
12 29 -3197.94
12 30 -3167.5
12 31 -3054.98
12 32 -2860.02
12 33 -2586.11
12 34 -2240.74
12 35 -1835.04
12 36 -1383.34
12 37 -902.073
12 38 -408.923
12 39 78.6009
12 40 544.344
12 41 974.567
12 42 1358.83
12 43 1690.49
12 44 1966.75
12 45 2188.27
12 46 2358.47
12 47 2482.41
12 48 2565.73
12 49 2613.43
12 50 2628.93
12 51 2613.43
12 52 2565.73
12 53 2482.41
12 54 2358.47
12 55 2188.27
12 56 1966.75
12 57 1690.49
12 58 1358.83
12 59 974.567
12 60 544.344
12 61 78.6009
12 62 -408.923
12 63 -902.073
12 64 -1383.34
12 65 -1835.04
12 66 -2240.74
12 67 -2586.11
12 68 -2860.02
12 69 -3054.98
12 70 -3167.5
12 71 -3197.94
12 72 -3150.38
12 73 -3031.93
12 74 -2852.16
12 75 -2622.36
12 76 -2354.75
12 77 -2061.79
12 78 -1755.54
12 79 -1447.15
12 80 -1146.47
12 81 -861.755
12 82 -599.541
12 83 -364.606
12 84 -160.036
12 85 12.628
12 86 153.206
12 87 262.631
12 88 342.714
12 89 395.894
12 90 425.009
12 91 433.085
12 92 423.19
12 93 398.26
12 94 361.056
12 95 314.055
12 96 259.458
12 97 199.19
12 98 134.905
12 99 68.0734
12 100 0

13 0 0
13 1 69.6549
13 2 137.637
13 3 202.235
13 4 261.563
13 5 313.616
13 6 356.135
13 7 386.663
13 8 402.547
13 9 400.947
13 10 378.983
13 11 333.772
13 12 262.631
13 13 163.229
13 14 33.7663
13 15 -126.767
13 16 -318.44
13 17 -540.129
13 18 -789.384
13 19 -1062.28
13 20 -1353.37
13 21 -1655.67
13 22 -1960.76
13 23 -2258.97
13 24 -2539.63
13 25 -2791.48
13 26 -3003.07
13 27 -3163.36
13 28 -3262.3
13 29 -3291.44
13 30 -3244.52
13 31 -3118.16
13 32 -2912.11
13 33 -2629.75
13 34 -2277.98
13 35 -1867.15
13 36 -1410.47
13 37 -923.482
13 38 -422.813
13 39 74.6983
13 40 553.239
13 41 999.102
13 42 1401.45
13 43 1752.91
13 44 2049.7
13 45 2291.36
13 46 2480.07
13 47 2619.79
13 48 2715.14
13 49 2770.39
13 50 2788.44
13 51 2770.39
13 52 2715.14
13 53 2619.79
13 54 2480.07
13 55 2291.36
13 56 2049.7
13 57 1752.91
13 58 1401.45
13 59 999.102
13 60 553.239
13 61 74.6983
13 62 -422.813
13 63 -923.482
13 64 -1410.47
13 65 -1867.15
13 66 -2277.98
13 67 -2629.75
13 68 -2912.11
13 69 -3118.16
13 70 -3244.52
13 71 -3291.44
13 72 -3262.3
13 73 -3163.36
13 74 -3003.07
13 75 -2791.48
13 76 -2539.63
13 77 -2258.97
13 78 -1960.76
13 79 -1655.67
13 80 -1353.37
13 81 -1062.28
13 82 -789.384
13 83 -540.129
13 84 -318.44
13 85 -126.767
13 86 33.7663
13 87 163.229
13 88 262.631
13 89 333.772
13 90 378.983
13 91 400.947
13 92 402.547
13 93 386.663
13 94 356.135
13 95 313.616
13 96 261.563
13 97 202.235
13 98 137.637
13 99 69.6549
13 100 0

14 0 0
14 1 68.7591
14 2 135.384
14 3 197.72
14 4 253.466
14 5 300.251
14 6 335.516
14 7 356.586
14 8 360.709
14 9 345.048
14 10 306.9
14 11 243.683
14 12 153.206
14 13 33.7663
14 14 -115.654
14 15 -295.182
14 16 -503.934
14 17 -739.84
14 18 -999.558
14 19 -1278.42
14 20 -1570.45
14 21 -1868.4
14 22 -2163.94
14 23 -2447.79
14 24 -2710.06
14 25 -2940.57
14 26 -3129.13
14 27 -3266.14
14 28 -3342.91
14 29 -3352.21
14 30 -3288.81
14 31 -3149.79
14 32 -2935.13
14 33 -2647.82
14 34 -2294.02
14 35 -1882.95
14 36 -1426.63
14 37 -939.121
14 38 -435.957
14 39 67.0172
14 40 554.543
14 41 1013.03
14 42 1431.33
14 43 1801.3
14 44 2118.09
14 45 2379.9
14 46 2587.55
14 47 2743.67
14 48 2851.67
14 49 2914.88
14 50 2935.66
14 51 2914.88
14 52 2851.67
14 53 2743.67
14 54 2587.55
14 55 2379.9
14 56 2118.09
14 57 1801.3
14 58 1431.33
14 59 1013.03
14 60 554.543
14 61 67.0172
14 62 -435.957
14 63 -939.121
14 64 -1426.63
14 65 -1882.95
14 66 -2294.02
14 67 -2647.82
14 68 -2935.13
14 69 -3149.79
14 70 -3288.81
14 71 -3352.21
14 72 -3342.91
14 73 -3266.14
14 74 -3129.13
14 75 -2940.57
14 76 -2710.06
14 77 -2447.79
14 78 -2163.94
14 79 -1868.4
14 80 -1570.45
14 81 -1278.42
14 82 -999.558
14 83 -739.84
14 84 -503.934
14 85 -295.182
14 86 -115.654
14 87 33.7663
14 88 153.206
14 89 243.683
14 90 306.9
14 91 345.048
14 92 360.709
14 93 356.586
14 94 335.516
14 95 300.251
14 96 253.466
14 97 197.72
14 98 135.384
14 99 68.7591
14 100 0

15 0 0
15 1 64.7029
15 2 126.806
15 3 183.703
15 4 232.693
15 5 271.058
15 6 295.981
15 7 304.643
15 8 294.257
15 9 262.121
15 10 205.801
15 11 123.169
15 12 12.628
15 13 -126.767
15 14 -295.182
15 15 -491.792
15 16 -714.766
15 17 -961.108
15 18 -1226.68
15 19 -1506.2
15 20 -1793.34
15 21 -2080.83
15 22 -2360.63
15 23 -2624.19
15 24 -2862.6
15 25 -3066.98
15 26 -3228.65
15 27 -3339.53
15 28 -3392.42
15 29 -3381.4
15 30 -3302.11
15 31 -3152.26
15 32 -2931.72
15 33 -2643.05
15 34 -2291.42
15 35 -1884.79
15 36 -1433.59
15 37 -950.418
15 38 -449.263
15 39 55.0944
15 40 548.158
15 41 1016.55
15 42 1448.8
15 43 1836.04
15 44 2172.21
15 45 2454.13
15 46 2681.01
15 47 2853.98
15 48 2975.1
15 49 3046.63
15 50 3070.26
15 51 3046.63
15 52 2975.1
15 53 2853.98
15 54 2681.01
15 55 2454.13
15 56 2172.21
15 57 1836.04
15 58 1448.8
15 59 1016.55
15 60 548.158
15 61 55.0944
15 62 -449.263
15 63 -950.418
15 64 -1433.59
15 65 -1884.79
15 66 -2291.42
15 67 -2643.05
15 68 -2931.72
15 69 -3152.26
15 70 -3302.11
15 71 -3381.4
15 72 -3392.42
15 73 -3339.53
15 74 -3228.65
15 75 -3066.98
15 76 -2862.6
15 77 -2624.19
15 78 -2360.63
15 79 -2080.83
15 80 -1793.34
15 81 -1506.2
15 82 -1226.68
15 83 -961.108
15 84 -714.766
15 85 -491.792
15 86 -295.182
15 87 -126.767
15 88 12.628
15 89 123.169
15 90 205.801
15 91 262.121
15 92 294.257
15 93 304.643
15 94 295.981
15 95 271.058
15 96 232.693
15 97 183.703
15 98 126.806
15 99 64.7029
15 100 0

16 0 0
16 1 56.8073
16 2 110.572
16 3 158.258
16 4 196.809
16 5 223.205
16 6 234.451
16 7 227.658
16 8 200.117
16 9 149.365
16 10 73.3552
16 11 -29.4806
16 12 -160.036
16 13 -318.44
16 14 -503.934
16 15 -714.766
16 16 -948.176
16 17 -1200.35
16 18 -1466.49
16 19 -1740.91
16 20 -2017.14
16 21 -2288.12
16 22 -2546.4
16 23 -2784.31
16 24 -2994.19
16 25 -3168.64
16 26 -3300.56
16 27 -3383.53
16 28 -3411.85
16 29 -3380.83
16 30 -3287.06
16 31 -3128.53
16 32 -2905.1
16 33 -2618.61
16 34 -2273.16
16 35 -1875.19
16 36 -1433.49
16 37 -958.813
16 38 -463.668
16 39 38.5473
16 40 534.095
16 41 1009.92
16 42 1454.33
16 43 1857.63
16 44 2212.56
16 45 2514.37
16 46 2760.62
16 47 2950.74
16 48 3085.32
16 49 3165.42
16 50 3192
16 51 3165.42
16 52 3085.32
16 53 2950.74
16 54 2760.62
16 55 2514.37
16 56 2212.56
16 57 1857.63
16 58 1454.33
16 59 1009.92
16 60 534.095
16 61 38.5473
16 62 -463.668
16 63 -958.813
16 64 -1433.49
16 65 -1875.19
16 66 -2273.16
16 67 -2618.61
16 68 -2905.1
16 69 -3128.53
16 70 -3287.06
16 71 -3380.83
16 72 -3411.85
16 73 -3383.53
16 74 -3300.56
16 75 -3168.64
16 76 -2994.19
16 77 -2784.31
16 78 -2546.4
16 79 -2288.12
16 80 -2017.14
16 81 -1740.91
16 82 -1466.49
16 83 -1200.35
16 84 -948.176
16 85 -714.766
16 86 -503.934
16 87 -318.44
16 88 -160.036
16 89 -29.4806
16 90 73.3552
16 91 149.365
16 92 200.117
16 93 227.658
16 94 234.451
16 95 223.205
16 96 196.809
16 97 158.258
16 98 110.572
16 99 56.8073
16 100 0

17 0 0
17 1 44.416
17 2 85.4066
17 3 119.57
17 4 143.568
17 5 154.158
17 6 148.256
17 7 123.012
17 8 75.8919
17 9 4.79593
17 10 -91.846
17 11 -214.933
17 12 -364.606
17 13 -540.129
17 14 -739.84
17 15 -961.108
17 16 -1200.35
17 17 -1453.09
17 18 -1714.08
17 19 -1977.41
17 20 -2236.75
17 21 -2485.49
17 22 -2716.98
17 23 -2924.69
17 24 -3102.36
17 25 -3244.11
17 26 -3344.6
17 27 -3398.96
17 28 -3402.97
17 29 -3353.16
17 30 -3246.77
17 31 -3082.17
17 32 -2858.9
17 33 -2578.03
17 34 -2242.4
17 35 -1856.87
17 36 -1428.35
17 37 -965.823
17 38 -480.005
17 39 16.9825
17 40 512.428
17 41 993.569
17 42 1448.47
17 43 1866.69
17 44 2239.68
17 45 2561.07
17 46 2826.65
17 47 3034.06
17 48 3182.27
17 49 3271.11
17 50 3300.68
17 51 3271.11
17 52 3182.27
17 53 3034.06
17 54 2826.65
17 55 2561.07
17 56 2239.68
17 57 1866.69
17 58 1448.47
17 59 993.569
17 60 512.428
17 61 16.9825
17 62 -480.005
17 63 -965.823
17 64 -1428.35
17 65 -1856.87
17 66 -2242.4
17 67 -2578.03
17 68 -2858.9
17 69 -3082.17
17 70 -3246.77
17 71 -3353.16
17 72 -3402.97
17 73 -3398.96
17 74 -3344.6
17 75 -3244.11
17 76 -3102.36
17 77 -2924.69
17 78 -2716.98
17 79 -2485.49
17 80 -2236.75
17 81 -1977.41
17 82 -1714.08
17 83 -1453.09
17 84 -1200.35
17 85 -961.108
17 86 -739.84
17 87 -540.129
17 88 -364.606
17 89 -214.933
17 90 -91.846
17 91 4.79593
17 92 75.8919
17 93 123.012
17 94 148.256
17 95 154.158
17 96 143.568
17 97 119.57
17 98 85.4066
17 99 44.416
17 100 0

18 0 0
18 1 26.9903
18 2 50.2718
18 3 66.1823
18 4 71.2032
18 5 61.9826
18 6 35.4652
18 7 -11.0519
18 8 -79.8057
18 9 -172.445
18 10 -289.962
18 11 -432.545
18 12 -599.541
18 13 -789.384
18 14 -999.558
18 15 -1226.68
18 16 -1466.49
18 17 -1714.08
18 18 -1963.93
18 19 -2210.23
18 20 -2447
18 21 -2668.34
18 22 -2868.59
18 23 -3042.52
18 24 -3185.36
18 25 -3292.87
18 26 -3361.33
18 27 -3387.45
18 28 -3368.37
18 29 -3301.59
18 30 -3185.05
18 31 -3017.16
18 32 -2797.11
18 33 -2525.04
18 34 -2202.48
18 35 -1832.56
18 36 -1420.34
18 37 -972.871
18 38 -499.167
18 39 -9.81897
18 40 483.309
18 41 967.914
18 42 1431.87
18 43 1863.89
18 44 2254.19
18 45 2594.71
18 46 2879.43
18 47 3104.06
18 48 3265.97
18 49 3363.57
18 50 3396.19
18 51 3363.57
18 52 3265.97
18 53 3104.06
18 54 2879.43
18 55 2594.71
18 56 2254.19
18 57 1863.89
18 58 1431.87
18 59 967.914
18 60 483.309
18 61 -9.81897
18 62 -499.167
18 63 -972.871
18 64 -1420.34
18 65 -1832.56
18 66 -2202.48
18 67 -2525.04
18 68 -2797.11
18 69 -3017.16
18 70 -3185.05
18 71 -3301.59
18 72 -3368.37
18 73 -3387.45
18 74 -3361.33
18 75 -3292.87
18 76 -3185.36
18 77 -3042.52
18 78 -2868.59
18 79 -2668.34
18 80 -2447
18 81 -2210.23
18 82 -1963.93
18 83 -1714.08
18 84 -1466.49
18 85 -1226.68
18 86 -999.558
18 87 -789.384
18 88 -599.541
18 89 -432.545
18 90 -289.962
18 91 -172.445
18 92 -79.8057
18 93 -11.0519
18 94 35.4652
18 95 61.9826
18 96 71.2032
18 97 66.1823
18 98 50.2718
18 99 26.9903
18 100 0

19 0 0
19 1 4.17967
19 2 4.50301
19 3 -2.80331
19 4 -21.312
19 5 -54.3305
19 6 -104.766
19 7 -175.041
19 8 -266.99
19 9 -381.723
19 10 -519.602
19 11 -680.084
19 12 -861.755
19 13 -1062.28
19 14 -1278.42
19 15 -1506.2
19 16 -1740.91
19 17 -1977.41
19 18 -2210.23
19 19 -2433.86
19 20 -2642.95
19 21 -2832.52
19 22 -2998.07
19 23 -3135.76
19 24 -3242.37
19 25 -3315.24
19 26 -3352.22
19 27 -3351.46
19 28 -3311.26
19 29 -3230.02
19 30 -3106.05
19 31 -2937.79
19 32 -2723.87
19 33 -2463.48
19 34 -2156.7
19 35 -1805
19 36 -1411.5
19 37 -981.385
19 38 -521.854
19 39 -42.1498
19 40 446.953
19 41 933.483
19 42 1405.16
19 43 1849.95
19 44 2256.73
19 45 2615.84
19 46 2919.29
19 47 3160.97
19 48 3336.42
19 49 3442.79
19 50 3478.41
19 51 3442.79
19 52 3336.42
19 53 3160.97
19 54 2919.29
19 55 2615.84
19 56 2256.73
19 57 1849.95
19 58 1405.16
19 59 933.483
19 60 446.953
19 61 -42.1498
19 62 -521.854
19 63 -981.385
19 64 -1411.5
19 65 -1805
19 66 -2156.7
19 67 -2463.48
19 68 -2723.87
19 69 -2937.79
19 70 -3106.05
19 71 -3230.02
19 72 -3311.26
19 73 -3351.46
19 74 -3352.22
19 75 -3315.24
19 76 -3242.37
19 77 -3135.76
19 78 -2998.07
19 79 -2832.52
19 80 -2642.95
19 81 -2433.86
19 82 -2210.23
19 83 -1977.41
19 84 -1740.91
19 85 -1506.2
19 86 -1278.42
19 87 -1062.28
19 88 -861.755
19 89 -680.084
19 90 -519.602
19 91 -381.723
19 92 -266.99
19 93 -175.041
19 94 -104.766
19 95 -54.3305
19 96 -21.312
19 97 -2.80331
19 98 4.50301
19 99 4.17967
19 100 0

20 0 0
20 1 -24.1214
20 2 -52.0672
20 3 -87.542
20 4 -134.007
20 5 -194.564
20 6 -271.832
20 7 -367.838
20 8 -483.91
20 9 -620.576
20 10 -777.529
20 11 -953.532
20 12 -1146.47
20 13 -1353.37
20 14 -1570.45
20 15 -1793.34
20 16 -2017.14
20 17 -2236.75
20 18 -2447
20 19 -2642.95
20 20 -2820.12
20 21 -2974.55
20 22 -3103.08
20 23 -3203.3
20 24 -3273.47
20 25 -3312.47
20 26 -3319.58
20 27 -3294.15
20 28 -3235.53
20 29 -3142.68
20 30 -3014.26
20 31 -2848.5
20 32 -2643.41
20 33 -2397.12
20 34 -2108.34
20 35 -1776.8
20 36 -1403.79
20 37 -992.633
20 38 -548.822
20 39 -80.1382
20 40 403.538
20 41 890.752
20 42 1369.03
20 43 1825.54
20 44 2247.96
20 45 2624.91
20 46 2946.61
20 47 3204.92
20 48 3393.72
20 49 3508.66
20 50 3547.28
20 51 3508.66
20 52 3393.72
20 53 3204.92
20 54 2946.61
20 55 2624.91
20 56 2247.96
20 57 1825.54
20 58 1369.03
20 59 890.752
20 60 403.538
20 61 -80.1382
20 62 -548.822
20 63 -992.633
20 64 -1403.79
20 65 -1776.8
20 66 -2108.34
20 67 -2397.12
20 68 -2643.41
20 69 -2848.5
20 70 -3014.26
20 71 -3142.68
20 72 -3235.53
20 73 -3294.15
20 74 -3319.58
20 75 -3312.47
20 76 -3273.47
20 77 -3203.3
20 78 -3103.08
20 79 -2974.55
20 80 -2820.12
20 81 -2642.95
20 82 -2447
20 83 -2236.75
20 84 -2017.14
20 85 -1793.34
20 86 -1570.45
20 87 -1353.37
20 88 -1146.47
20 89 -953.532
20 90 -777.529
20 91 -620.576
20 92 -483.91
20 93 -367.838
20 94 -271.832
20 95 -194.564
20 96 -134.007
20 97 -87.542
20 98 -52.0672
20 99 -24.1214
20 100 0

21 0 0
21 1 -57.6466
21 2 -118.881
21 3 -187.139
21 4 -265.583
21 5 -356.938
21 6 -463.387
21 7 -586.442
21 8 -726.852
21 9 -884.53
21 10 -1058.51
21 11 -1246.95
21 12 -1447.15
21 13 -1655.67
21 14 -1868.4
21 15 -2080.83
21 16 -2288.12
21 17 -2485.49
21 18 -2668.34
21 19 -2832.52
21 20 -2974.55
21 21 -3091.72
21 22 -3182.19
21 23 -3244.95
21 24 -3279.73
21 25 -3286.72
21 26 -3266.45
21 27 -3219.32
21 28 -3145.4
21 29 -3044.18
21 30 -2914.3
21 31 -2753.76
21 32 -2559.84
21 33 -2329.65
21 34 -2060.46
21 35 -1750.41
21 36 -1399.03
21 37 -1007.82
21 38 -580.655
21 39 -123.969
21 40 353.343
21 41 840.207
21 42 1324.04
21 43 1791.33
21 44 2228.44
21 45 2622.48
21 46 2961.7
21 47 3236.14
21 48 3437.86
21 49 3561.22
21 50 3602.71
21 51 3561.22
21 52 3437.86
21 53 3236.14
21 54 2961.7
21 55 2622.48
21 56 2228.44
21 57 1791.33
21 58 1324.04
21 59 840.207
21 60 353.343
21 61 -123.969
21 62 -580.655
21 63 -1007.82
21 64 -1399.03
21 65 -1750.41
21 66 -2060.46
21 67 -2329.65
21 68 -2559.84
21 69 -2753.76
21 70 -2914.3
21 71 -3044.18
21 72 -3145.4
21 73 -3219.32
21 74 -3266.45
21 75 -3286.72
21 76 -3279.73
21 77 -3244.95
21 78 -3182.19
21 79 -3091.72
21 80 -2974.55
21 81 -2832.52
21 82 -2668.34
21 83 -2485.49
21 84 -2288.12
21 85 -2080.83
21 86 -1868.4
21 87 -1655.67
21 88 -1447.15
21 89 -1246.95
21 90 -1058.51
21 91 -884.53
21 92 -726.852
21 93 -586.442
21 94 -463.387
21 95 -356.938
21 96 -265.583
21 97 -187.139
21 98 -118.881
21 99 -57.6466
21 100 0

22 0 0
22 1 -95.7548
22 2 -194.634
22 3 -299.597
22 4 -413.3
22 5 -537.927
22 6 -675.088
22 7 -825.684
22 8 -989.842
22 9 -1166.86
22 10 -1355.17
22 11 -1552.44
22 12 -1755.54
22 13 -1960.76
22 14 -2163.94
22 15 -2360.63
22 16 -2546.4
22 17 -2716.98
22 18 -2868.59
22 19 -2998.07
22 20 -3103.08
22 21 -3182.19
22 22 -3234.88
22 23 -3261.49
22 24 -3263
22 25 -3240.85
22 26 -3196.49
22 27 -3131.16
22 28 -3045.47
22 29 -2939.11
22 30 -2810.73
22 31 -2657.85
22 32 -2477.08
22 33 -2264.43
22 34 -2015.9
22 35 -1728.07
22 36 -1398.8
22 37 -1027.98
22 38 -617.908
22 39 -173.739
22 40 296.522
22 41 782.282
22 42 1270.78
22 43 1747.86
22 44 2198.76
22 45 2608.92
22 46 2964.88
22 47 3254.77
22 48 3468.98
22 49 3600.37
22 50 3644.67
22 51 3600.37
22 52 3468.98
22 53 3254.77
22 54 2964.88
22 55 2608.92
22 56 2198.76
22 57 1747.86
22 58 1270.78
22 59 782.282
22 60 296.522
22 61 -173.739
22 62 -617.908
22 63 -1027.98
22 64 -1398.8
22 65 -1728.07
22 66 -2015.9
22 67 -2264.43
22 68 -2477.08
22 69 -2657.85
22 70 -2810.73
22 71 -2939.11
22 72 -3045.47
22 73 -3131.16
22 74 -3196.49
22 75 -3240.85
22 76 -3263
22 77 -3261.49
22 78 -3234.88
22 79 -3182.19
22 80 -3103.08
22 81 -2998.07
22 82 -2868.59
22 83 -2716.98
22 84 -2546.4
22 85 -2360.63
22 86 -2163.94
22 87 -1960.76
22 88 -1755.54
22 89 -1552.44
22 90 -1355.17
22 91 -1166.86
22 92 -989.842
22 93 -825.684
22 94 -675.088
22 95 -537.927
22 96 -413.3
22 97 -299.597
22 98 -194.634
22 99 -95.7548
22 100 0

23 0 0
23 1 -137.343
23 2 -277.123
23 3 -421.621
23 4 -572.784
23 5 -732.114
23 6 -900.514
23 7 -1078.22
23 8 -1264.7
23 9 -1458.67
23 10 -1658.1
23 11 -1860.25
23 12 -2061.79
23 13 -2258.97
23 14 -2447.79
23 15 -2624.19
23 16 -2784.31
23 17 -2924.69
23 18 -3042.52
23 19 -3135.76
23 20 -3203.3
23 21 -3244.95
23 22 -3261.49
23 23 -3254.43
23 24 -3225.9
23 25 -3178.23
23 26 -3113.69
23 27 -3034.06
23 28 -2940.25
23 29 -2832.04
23 30 -2707.86
23 31 -2564.77
23 32 -2398.65
23 33 -2204.51
23 34 -1977.12
23 35 -1711.66
23 36 -1404.52
23 37 -1053.99
23 38 -661.016
23 39 -229.532
23 40 233.326
23 41 717.355
23 42 1209.76
23 43 1695.7
23 44 2159.34
23 45 2584.67
23 46 2956.43
23 47 3261
23 48 3487.05
23 49 3626.18
23 50 3673.13
23 51 3626.18
23 52 3487.05
23 53 3261
23 54 2956.43
23 55 2584.67
23 56 2159.34
23 57 1695.7
23 58 1209.76
23 59 717.355
23 60 233.326
23 61 -229.532
23 62 -661.016
23 63 -1053.99
23 64 -1404.52
23 65 -1711.66
23 66 -1977.12
23 67 -2204.51
23 68 -2398.65
23 69 -2564.77
23 70 -2707.86
23 71 -2832.04
23 72 -2940.25
23 73 -3034.06
23 74 -3113.69
23 75 -3178.23
23 76 -3225.9
23 77 -3254.43
23 78 -3261.49
23 79 -3244.95
23 80 -3203.3
23 81 -3135.76
23 82 -3042.52
23 83 -2924.69
23 84 -2784.31
23 85 -2624.19
23 86 -2447.79
23 87 -2258.97
23 88 -2061.79
23 89 -1860.25
23 90 -1658.1
23 91 -1458.67
23 92 -1264.7
23 93 -1078.22
23 94 -900.514
23 95 -732.114
23 96 -572.784
23 97 -421.621
23 98 -277.123
23 99 -137.343
23 100 0

24 0 0
24 1 -180.872
24 2 -363.292
24 3 -548.675
24 4 -738.098
24 5 -932.246
24 6 -1131.23
24 7 -1334.57
24 8 -1541.12
24 9 -1749.07
24 10 -1956.02
24 11 -2159.03
24 12 -2354.75
24 13 -2539.63
24 14 -2710.06
24 15 -2862.6
24 16 -2994.19
24 17 -3102.36
24 18 -3185.36
24 19 -3242.37
24 20 -3273.47
24 21 -3279.73
24 22 -3263
24 23 -3225.9
24 24 -3171.39
24 25 -3102.54
24 26 -3022.15
24 27 -2932.29
24 28 -2834.06
24 29 -2727.08
24 30 -2609.55
24 31 -2477.99
24 32 -2327.58
24 33 -2152.4
24 34 -1946.15
24 35 -1702.73
24 36 -1417.22
24 37 -1086.51
24 38 -710.278
24 39 -291.334
24 40 163.966
24 41 645.855
24 42 1141.39
24 43 1635.32
24 44 2110.69
24 45 2550.09
24 46 2936.65
24 47 3255.01
24 48 3492.26
24 49 3638.65
24 50 3688.13
24 51 3638.65
24 52 3492.26
24 53 3255.01
24 54 2936.65
24 55 2550.09
24 56 2110.69
24 57 1635.32
24 58 1141.39
24 59 645.855
24 60 163.966
24 61 -291.334
24 62 -710.278
24 63 -1086.51
24 64 -1417.22
24 65 -1702.73
24 66 -1946.15
24 67 -2152.4
24 68 -2327.58
24 69 -2477.99
24 70 -2609.55
24 71 -2727.08
24 72 -2834.06
24 73 -2932.29
24 74 -3022.15
24 75 -3102.54
24 76 -3171.39
24 77 -3225.9
24 78 -3263
24 79 -3279.73
24 80 -3273.47
24 81 -3242.37
24 82 -3185.36
24 83 -3102.36
24 84 -2994.19
24 85 -2862.6
24 86 -2710.06
24 87 -2539.63
24 88 -2354.75
24 89 -2159.03
24 90 -1956.02
24 91 -1749.07
24 92 -1541.12
24 93 -1334.57
24 94 -1131.23
24 95 -932.246
24 96 -738.098
24 97 -548.675
24 98 -363.292
24 99 -180.872
24 100 0

25 0 0
25 1 -224.403
25 2 -449.307
25 3 -675.113
25 4 -901.906
25 5 -1129.46
25 6 -1357.06
25 7 -1583.49
25 8 -1807.06
25 9 -2025.5
25 10 -2236.22
25 11 -2436.22
25 12 -2622.36
25 13 -2791.48
25 14 -2940.57
25 15 -3066.98
25 16 -3168.64
25 17 -3244.11
25 18 -3292.87
25 19 -3315.24
25 20 -3312.47
25 21 -3286.72
25 22 -3240.85
25 23 -3178.23
25 24 -3102.54
25 25 -3017.31
25 26 -2925.63
25 27 -2829.75
25 28 -2730.61
25 29 -2627.78
25 30 -2518.97
25 31 -2400.28
25 32 -2266.18
25 33 -2110.02
25 34 -1924.44
25 35 -1702.37
25 36 -1437.6
25 37 -1125.91
25 38 -765.756
25 39 -359.018
25 40 88.7628
25 41 568.142
25 42 1066.26
25 43 1567.22
25 44 2053.28
25 45 2505.62
25 46 2905.89
25 47 3237.08
25 48 3484.78
25 49 3637.98
25 50 3689.82
25 51 3637.98
25 52 3484.78
25 53 3237.08
25 54 2905.89
25 55 2505.62
25 56 2053.28
25 57 1567.22
25 58 1066.26
25 59 568.142
25 60 88.7628
25 61 -359.018
25 62 -765.756
25 63 -1125.91
25 64 -1437.6
25 65 -1702.37
25 66 -1924.44
25 67 -2110.02
25 68 -2266.18
25 69 -2400.28
25 70 -2518.97
25 71 -2627.78
25 72 -2730.61
25 73 -2829.75
25 74 -2925.63
25 75 -3017.31
25 76 -3102.54
25 77 -3178.23
25 78 -3240.85
25 79 -3286.72
25 80 -3312.47
25 81 -3315.24
25 82 -3292.87
25 83 -3244.11
25 84 -3168.64
25 85 -3066.98
25 86 -2940.57
25 87 -2791.48
25 88 -2622.36
25 89 -2436.22
25 90 -2236.22
25 91 -2025.5
25 92 -1807.06
25 93 -1583.49
25 94 -1357.06
25 95 -1129.46
25 96 -901.906
25 97 -675.113
25 98 -449.307
25 99 -224.403
25 100 0

26 0 0
26 1 -265.686
26 2 -530.732
26 3 -794.428
26 4 -1055.81
26 5 -1313.7
26 6 -1566.55
26 7 -1812.48
26 8 -2049.27
26 9 -2274.4
26 10 -2485.14
26 11 -2678.66
26 12 -2852.16
26 13 -3003.07
26 14 -3129.13
26 15 -3228.65
26 16 -3300.56
26 17 -3344.6
26 18 -3361.33
26 19 -3352.22
26 20 -3319.58
26 21 -3266.45
26 22 -3196.49
26 23 -3113.69
26 24 -3022.15
26 25 -2925.63
26 26 -2827.38
26 27 -2729.48
26 28 -2632.87
26 29 -2536.66
26 30 -2438.36
26 31 -2333.46
26 32 -2215.97
26 33 -2078.41
26 34 -1912.79
26 35 -1710.97
26 36 -1465.86
26 37 -1172.12
26 38 -827.264
26 39 -432.172
26 40 8.22096
26 41 484.907
26 42 984.933
26 43 1492.11
26 44 1987.71
26 45 2451.87
26 46 2864.7
26 47 3207.71
26 48 3465.04
26 49 3624.55
26 50 3678.6
26 51 3624.55
26 52 3465.04
26 53 3207.71
26 54 2864.7
26 55 2451.87
26 56 1987.71
26 57 1492.11
26 58 984.933
26 59 484.907
26 60 8.22096
26 61 -432.172
26 62 -827.264
26 63 -1172.12
26 64 -1465.86
26 65 -1710.97
26 66 -1912.79
26 67 -2078.41
26 68 -2215.97
26 69 -2333.46
26 70 -2438.36
26 71 -2536.66
26 72 -2632.87
26 73 -2729.48
26 74 -2827.38
26 75 -2925.63
26 76 -3022.15
26 77 -3113.69
26 78 -3196.49
26 79 -3266.45
26 80 -3319.58
26 81 -3352.22
26 82 -3361.33
26 83 -3344.6
26 84 -3300.56
26 85 -3228.65
26 86 -3129.13
26 87 -3003.07
26 88 -2852.16
26 89 -2678.66
26 90 -2485.14
26 91 -2274.4
26 92 -2049.27
26 93 -1812.48
26 94 -1566.55
26 95 -1313.7
26 96 -1055.81
26 97 -794.428
26 98 -530.732
26 99 -265.686
26 100 0

27 0 0
27 1 -302.296
27 2 -602.798
27 3 -899.645
27 4 -1190.87
27 5 -1474.31
27 6 -1747.7
27 7 -2008.5
27 8 -2254.14
27 9 -2481.88
27 10 -2689.1
27 11 -2873.2
27 12 -3031.93
27 13 -3163.36
27 14 -3266.14
27 15 -3339.53
27 16 -3383.53
27 17 -3398.96
27 18 -3387.45
27 19 -3351.46
27 20 -3294.15
27 21 -3219.32
27 22 -3131.16
27 23 -3034.06
27 24 -2932.29
27 25 -2829.75
27 26 -2729.48
27 27 -2633.56
27 28 -2542.48
27 29 -2455.24
27 30 -2368.77
27 31 -2278.33
27 32 -2177.29
27 33 -2057.8
27 34 -1911.05
27 35 -1728.31
27 36 -1501.54
27 37 -1224.61
27 38 -894.04
27 39 -510.024
27 40 -76.7966
27 41 396.964
27 42 898.394
27 43 1410.85
27 44 1914.97
27 45 2389.7
27 46 2813.92
27 47 3167.7
27 48 3433.85
27 49 3599.13
27 50 3655.18
27 51 3599.13
27 52 3433.85
27 53 3167.7
27 54 2813.92
27 55 2389.7
27 56 1914.97
27 57 1410.85
27 58 898.394
27 59 396.964
27 60 -76.7966
27 61 -510.024
27 62 -894.04
27 63 -1224.61
27 64 -1501.54
27 65 -1728.31
27 66 -1911.05
27 67 -2057.8
27 68 -2177.29
27 69 -2278.33
27 70 -2368.77
27 71 -2455.24
27 72 -2542.48
27 73 -2633.56
27 74 -2729.48
27 75 -2829.75
27 76 -2932.29
27 77 -3034.06
27 78 -3131.16
27 79 -3219.32
27 80 -3294.15
27 81 -3351.46
27 82 -3387.45
27 83 -3398.96
27 84 -3383.53
27 85 -3339.53
27 86 -3266.14
27 87 -3163.36
27 88 -3031.93
27 89 -2873.2
27 90 -2689.1
27 91 -2481.88
27 92 -2254.14
27 93 -2008.5
27 94 -1747.7
27 95 -1474.31
27 96 -1190.87
27 97 -899.645
27 98 -602.798
27 99 -302.296
27 100 0

28 0 0
28 1 -331.829
28 2 -660.757
28 3 -983.875
28 4 -1298.22
28 5 -1600.84
28 6 -1888.72
28 7 -2158.91
28 8 -2408.49
28 9 -2634.76
28 10 -2835.18
28 11 -3007.62
28 12 -3150.38
28 13 -3262.3
28 14 -3342.91
28 15 -3392.42
28 16 -3411.85
28 17 -3402.97
28 18 -3368.37
28 19 -3311.26
28 20 -3235.53
28 21 -3145.4
28 22 -3045.47
28 23 -2940.25
28 24 -2834.06
28 25 -2730.61
28 26 -2632.87
28 27 -2542.48
28 28 -2459.82
28 29 -2383.35
28 30 -2309.88
28 31 -2234.18
28 32 -2149.38
28 33 -2047.09
28 34 -1918.14
28 35 -1753.1
28 36 -1543.35
28 37 -1281.96
28 38 -964.765
28 39 -591.177
28 40 -164.89
28 41 305.794
28 42 808.04
28 43 1324.93
28 44 1836.41
28 45 2320.56
28 46 2754.94
28 47 3118.4
28 48 3392.52
28 49 3563.02
28 50 3620.9
28 51 3563.02
28 52 3392.52
28 53 3118.4
28 54 2754.94
28 55 2320.56
28 56 1836.41
28 57 1324.93
28 58 808.04
28 59 305.794
28 60 -164.89
28 61 -591.177
28 62 -964.765
28 63 -1281.96
28 64 -1543.35
28 65 -1753.1
28 66 -1918.14
28 67 -2047.09
28 68 -2149.38
28 69 -2234.18
28 70 -2309.88
28 71 -2383.35
28 72 -2459.82
28 73 -2542.48
28 74 -2632.87
28 75 -2730.61
28 76 -2834.06
28 77 -2940.25
28 78 -3045.47
28 79 -3145.4
28 80 -3235.53
28 81 -3311.26
28 82 -3368.37
28 83 -3402.97
28 84 -3411.85
28 85 -3392.42
28 86 -3342.91
28 87 -3262.3
28 88 -3150.38
28 89 -3007.62
28 90 -2835.18
28 91 -2634.76
28 92 -2408.49
28 93 -2158.91
