0 0 0
0 1 0
0 2 0
0 3 0
0 4 0
0 5 0
0 6 0
0 7 0
0 8 0
0 9 0
0 10 0
0 11 0
0 12 0
0 13 0
0 14 0
0 15 0
0 16 0
0 17 0
0 18 0
0 19 0
0 20 0
0 21 0
0 22 0
0 23 0
0 24 0
0 25 0
0 26 0
0 27 0
0 28 0
0 29 0
0 30 0
0 31 0
0 32 0
0 33 0
0 34 0
0 35 0
0 36 0
0 37 0
0 38 0
0 39 0
0 40 0
0 41 0
0 42 0
0 43 0
0 44 0
0 45 0
0 46 0
0 47 0
0 48 0
0 49 0
0 50 0
0 51 0
0 52 0
0 53 0
0 54 0
0 55 0
0 56 0
0 57 0
0 58 0
0 59 0
0 60 0
0 61 0
0 62 0
0 63 0
0 64 0
0 65 0
0 66 0
0 67 0
0 68 0
0 69 0
0 70 0
0 71 0
0 72 0
0 73 0
0 74 0
0 75 0
0 76 0
0 77 0
0 78 0
0 79 0
0 80 0
0 81 0
0 82 0
0 83 0
0 84 0
0 85 0
0 86 0
0 87 0
0 88 0
0 89 0
0 90 0
0 91 0
0 92 0
0 93 0
0 94 0
0 95 0
0 96 0
0 97 0
0 98 0
0 99 0
0 100 0

1 0 0
1 1 109.223
1 2 216.214
1 3 318.79
1 4 414.989
1 5 503.044
1 6 581.484
1 7 649.203
1 8 705.392
1 9 749.62
1 10 781.795
1 11 802.08
1 12 810.965
1 13 809.122
1 14 797.427
1 15 776.895
1 16 748.638
1 17 713.81
1 18 673.588
1 19 629.167
1 20 581.668
1 21 532.166
1 22 481.663
1 23 431.027
1 24 381.046
1 25 332.385
1 26 285.615
1 27 241.133
1 28 199.263
1 29 160.243
1 30 124.202
1 31 91.1738
1 32 61.1186
1 33 34.0078
1 34 9.69272
1 35 -11.9668
1 36 -31.1313
1 37 -47.9997
1 38 -62.7555
1 39 -75.57
1 40 -86.639
1 41 -96.1159
1 42 -104.17
1 43 -110.936
1 44 -116.545
1 45 -121.104
1 46 -124.709
1 47 -127.433
1 48 -129.337
1 49 -130.463
1 50 -130.836
1 51 -130.463
1 52 -129.337
1 53 -127.433
1 54 -124.709
1 55 -121.104
1 56 -116.545
1 57 -110.936
1 58 -104.17
1 59 -96.1159
1 60 -86.639
1 61 -75.57
1 62 -62.7555
1 63 -47.9997
1 64 -31.1313
1 65 -11.9668
1 66 9.69272
1 67 34.0078
1 68 61.1186
1 69 91.1738
1 70 124.202
1 71 160.243
1 72 199.263
1 73 241.133
1 74 285.615
1 75 332.385
1 76 381.046
1 77 431.027
1 78 481.663
1 79 532.166
1 80 581.668
1 81 629.167
1 82 673.588
1 83 713.81
1 84 748.638
1 85 776.895
1 86 797.427
1 87 809.122
1 88 810.965
1 89 802.08
1 90 781.795
1 91 749.62
1 92 705.392
1 93 649.203
1 94 581.484
1 95 503.044
1 96 414.989
1 97 318.79
1 98 216.214
1 99 109.223
1 100 0

2 0 0
2 1 216.214
2 2 427.943
2 3 630.837
2 4 820.96
2 5 994.822
2 6 1149.52
2 7 1282.89
2 8 1393.37
2 9 1480.18
2 10 1543.17
2 11 1582.76
2 12 1599.98
2 13 1596.23
2 14 1573.25
2 15 1533.07
2 16 1477.89
2 17 1409.99
2 18 1331.67
2 19 1245.25
2 20 1152.88
2 21 1056.63
2 22 958.408
2 23 859.925
2 24 762.672
2 25 667.91
2 26 576.718
2 27 489.904
2 28 408.111
2 29 331.751
2 30 261.09
2 31 196.229
2 32 137.143
2 33 83.6753
2 34 35.6413
2 35 -7.20357
2 36 -45.26
2 37 -78.7923
2 38 -108.206
2 39 -133.821
2 40 -155.987
2 41 -175.021
2 42 -191.23
2 43 -204.878
2 44 -216.218
2 45 -225.451
2 46 -232.766
2 47 -238.3
2 48 -242.175
2 49 -244.465
2 50 -245.225
2 51 -244.465
2 52 -242.175
2 53 -238.3
2 54 -232.766
2 55 -225.451
2 56 -216.218
2 57 -204.878
2 58 -191.23
2 59 -175.021
2 60 -155.987
2 61 -133.821
2 62 -108.206
2 63 -78.7923
2 64 -45.26
2 65 -7.20357
2 66 35.6413
2 67 83.6753
2 68 137.143
2 69 196.229
2 70 261.09
2 71 331.751
2 72 408.111
2 73 489.904
2 74 576.718
2 75 667.91
2 76 762.672
2 77 859.925
2 78 958.408
2 79 1056.63
2 80 1152.88
2 81 1245.25
2 82 1331.67
2 83 1409.99
2 84 1477.89
2 85 1533.07
2 86 1573.25
2 87 1596.23
2 88 1599.98
2 89 1582.76
2 90 1543.17
2 91 1480.18
2 92 1393.37
2 93 1282.89
2 94 1149.52
2 95 994.822
2 96 820.96
2 97 630.837
2 98 427.943
2 99 216.214
2 100 0

3 0 0
3 1 318.79
3 2 630.837
3 3 929.64
3 4 1209.3
3 5 1464.62
3 6 1691.37
3 7 1886.37
3 8 2047.48
3 9 2173.65
3 10 2264.86
3 11 2321.89
3 12 2346.37
3 13 2340.51
3 14 2306.99
3 15 2248.83
3 16 2169.29
3 17 2071.67
3 18 1959.3
3 19 1835.44
3 20 1703.19
3 21 1565.44
3 22 1424.89
3 23 1283.87
3 24 1144.5
3 25 1008.55
3 26 877.538
3 27 752.587
3 28 634.584
3 29 524.184
3 30 421.763
3 31 327.482
3 32 241.288
3 33 163.107
3 34 92.6179
3 35 29.457
3 36 -26.7558
3 37 -76.5419
3 38 -120.347
3 39 -158.645
3 40 -191.921
3 41 -220.599
3 42 -245.109
3 43 -265.824
3 44 -283.086
3 45 -297.189
3 46 -308.384
3 47 -316.879
3 48 -322.831
3 49 -326.359
3 50 -327.525
3 51 -326.359
3 52 -322.831
3 53 -316.879
3 54 -308.384
3 55 -297.189
3 56 -283.086
3 57 -265.824
3 58 -245.109
3 59 -220.599
3 60 -191.921
3 61 -158.645
3 62 -120.347
3 63 -76.5419
3 64 -26.7558
3 65 29.457
3 66 92.6179
3 67 163.107
3 68 241.288
3 69 327.482
3 70 421.763
3 71 524.184
3 72 634.584
3 73 752.587
3 74 877.538
3 75 1008.55
3 76 1144.5
3 77 1283.87
3 78 1424.89
3 79 1565.44
3 80 1703.19
3 81 1835.44
3 82 1959.3
3 83 2071.67
3 84 2169.29
3 85 2248.83
3 86 2306.99
3 87 2340.51
3 88 2346.37
3 89 2321.89
3 90 2264.86
3 91 2173.65
3 92 2047.48
3 93 1886.37
3 94 1691.37
3 95 1464.62
3 96 1209.3
3 97 929.64
3 98 630.837
3 99 318.79
3 100 0

4 0 0
4 1 414.989
4 2 820.96
4 3 1209.3
4 4 1572.13
4 5 1902.69
4 6 2195.48
4 7 2446.45
4 8 2653.01
4 9 2814.07
4 10 2929.81
4 11 3001.62
4 12 3031.84
4 13 3023.58
4 14 2980.49
4 15 2906.62
4 16 2806.15
4 17 2683.37
4 18 2542.46
4 19 2387.49
4 20 2222.26
4 21 2050.3
4 22 1874.83
4 23 1698.74
4 24 1524.52
4 25 1354.33
4 26 1189.96
4 27 1032.82
4 28 884.032
4 29 744.354
4 30 614.307
4 31 494.116
4 32 383.858
4 33 283.341
4 34 192.32
4 35 110.424
4 36 37.1026
4 37 -28.0888
4 38 -85.7587
4 39 -136.437
4 40 -180.67
4 41 -218.992
4 42 -251.89
4 43 -279.819
4 44 -303.188
4 45 -322.349
4 46 -337.613
4 47 -349.221
4 48 -357.377
4 49 -362.212
4 50 -363.816
4 51 -362.212
4 52 -357.377
4 53 -349.221
4 54 -337.613
4 55 -322.349
4 56 -303.188
4 57 -279.819
4 58 -251.89
4 59 -218.992
4 60 -180.67
4 61 -136.437
4 62 -85.7587
4 63 -28.0888
4 64 37.1026
4 65 110.424
4 66 192.32
4 67 283.341
4 68 383.858
4 69 494.116
4 70 614.307
4 71 744.354
4 72 884.032
4 73 1032.82
4 74 1189.96
4 75 1354.33
4 76 1524.52
4 77 1698.74
4 78 1874.83
4 79 2050.3
4 80 2222.26
4 81 2387.49
4 82 2542.46
4 83 2683.37
4 84 2806.15
4 85 2906.62
4 86 2980.49
4 87 3023.58
4 88 3031.84
4 89 3001.62
4 90 2929.81
4 91 2814.07
4 92 2653.01
4 93 2446.45
4 94 2195.48
4 95 1902.69
4 96 1572.13
4 97 1209.3
4 98 820.96
4 99 414.989
4 100 0

5 0 0
5 1 503.044
5 2 994.822
5 3 1464.62
5 4 1902.69
5 5 2300.73
5 6 2652.12
5 7 2952.08
5 8 3197.8
5 9 3388.25
5 10 3524.09
5 11 3607.42
5 12 3641.48
5 13 3630.36
5 14 3578.78
5 15 3491.72
5 16 3374.34
5 17 3231.71
5 18 3068.76
5 19 2890.08
5 20 2700.03
5 21 2502.5
5 22 2301.04
5 23 2098.8
5 24 1898.52
5 25 1702.54
5 26 1512.77
5 27 1330.85
5 28 1157.97
5 29 995.061
5 30 842.686
5 31 701.234
5 32 570.773
5 33 451.248
5 34 342.416
5 35 243.872
5 36 155.229
5 37 75.868
5 38 5.30264
5 39 -57.0899
5 40 -111.863
5 41 -159.577
5 42 -200.758
5 43 -235.898
5 44 -265.431
5 45 -289.754
5 46 -309.192
5 47 -324.026
5 48 -334.465
5 49 -340.67
5 50 -342.726
5 51 -340.67
5 52 -334.465
5 53 -324.026
5 54 -309.192
5 55 -289.754
5 56 -265.431
5 57 -235.898
5 58 -200.758
5 59 -159.577
5 60 -111.863
5 61 -57.0899
5 62 5.30264
5 63 75.868
5 64 155.229
5 65 243.872
5 66 342.416
5 67 451.248
5 68 570.773
5 69 701.234
5 70 842.686
5 71 995.061
5 72 1157.97
5 73 1330.85
5 74 1512.77
5 75 1702.54
5 76 1898.52
5 77 2098.8
5 78 2301.04
5 79 2502.5
5 80 2700.03
5 81 2890.08
5 82 3068.76
5 83 3231.71
5 84 3374.34
5 85 3491.72
5 86 3578.78
5 87 3630.36
5 88 3641.48
5 89 3607.42
5 90 3524.09
5 91 3388.25
5 92 3197.8
5 93 2952.08
5 94 2652.12
5 95 2300.73
5 96 1902.69
5 97 1464.62
5 98 994.822
5 99 503.044
5 100 0

6 0 0
6 1 581.484
6 2 1149.52
6 3 1691.37
6 4 2195.48
6 5 2652.12
6 6 3053.67
6 7 3394.82
6 8 3672.62
6 9 3886.39
6 10 4037.39
6 11 4128.65
6 12 4164.38
6 13 4149.83
6 14 4090.73
6 15 3993.1
6 16 3862.92
6 17 3706.01
6 18 3527.79
6 19 3333.28
6 20 3127.06
6 21 2913.25
6 22 2695.41
6 23 2476.77
6 24 2260.04
6 25 2047.59
6 26 1841.37
6 27 1642.99
6 28 1453.74
6 29 1274.56
6 30 1106.16
6 31 948.916
6 32 803.094
6 33 668.658
6 34 545.464
6 35 433.226
6 36 331.535
6 37 239.968
6 38 157.963
6 39 85.0108
6 40 20.5616
6 41 -35.9284
6 42 -84.9601
6 43 -127.021
6 44 -162.55
6 45 -191.931
6 46 -215.508
6 47 -233.547
6 48 -246.282
6 49 -253.853
6 50 -256.372
6 51 -253.853
6 52 -246.282
6 53 -233.547
6 54 -215.508
6 55 -191.931
6 56 -162.55
6 57 -127.021
6 58 -84.9601
6 59 -35.9284
6 60 20.5616
6 61 85.0108
6 62 157.963
6 63 239.968
6 64 331.535
6 65 433.226
6 66 545.464
6 67 668.658
6 68 803.094
6 69 948.916
6 70 1106.16
6 71 1274.56
6 72 1453.74
6 73 1642.99
6 74 1841.37
6 75 2047.59
6 76 2260.04
6 77 2476.77
6 78 2695.41
6 79 2913.25
6 80 3127.06
6 81 3333.28
6 82 3527.79
6 83 3706.01
6 84 3862.92
6 85 3993.1
6 86 4090.73
6 87 4149.83
6 88 4164.38
6 89 4128.65
6 90 4037.39
6 91 3886.39
6 92 3672.62
6 93 3394.82
6 94 3053.67
6 95 2652.12
6 96 2195.48
6 97 1691.37
6 98 1149.52
6 99 581.484
6 100 0

7 0 0
7 1 649.203
7 2 1282.89
7 3 1886.37
7 4 2446.45
7 5 2952.08
7 6 3394.82
7 7 3768.91
7 8 4071.51
7 9 4302.34
7 10 4463.49
7 11 4558.93
7 12 4594.1
7 13 4575.34
7 14 4509.58
7 15 4403.73
7 16 4264.64
7 17 4098.66
7 18 3911.7
7 19 3708.93
7 20 3495.05
7 21 3274.03
7 22 3049.36
7 23 2824.05
7 24 2600.66
7 25 2381.35
7 26 2167.89
7 27 1961.85
7 28 1764.44
7 29 1576.61
7 30 1399.01
7 31 1232.24
7 32 1076.56
7 33 932.042
7 34 798.699
7 35 676.327
7 36 564.707
7 37 463.422
7 38 372.139
7 39 290.341
7 40 217.609
7 41 153.46
7 42 97.4441
7 43 49.1301
7 44 8.11973
7 45 -25.9492
7 46 -53.3831
7 47 -74.4475
7 48 -89.3429
7 49 -98.222
7 50 -101.171
7 51 -98.222
7 52 -89.3429
7 53 -74.4475
7 54 -53.3831
7 55 -25.9492
7 56 8.11973
7 57 49.1301
7 58 97.4441
7 59 153.46
7 60 217.609
7 61 290.341
7 62 372.139
7 63 463.422
7 64 564.707
7 65 676.327
7 66 798.699
7 67 932.042
7 68 1076.56
7 69 1232.24
7 70 1399.01
7 71 1576.61
7 72 1764.44
7 73 1961.85
7 74 2167.89
7 75 2381.35
7 76 2600.66
7 77 2824.05
7 78 3049.36
7 79 3274.03
7 80 3495.05
7 81 3708.93
7 82 3911.7
7 83 4098.66
7 84 4264.64
7 85 4403.73
7 86 4509.58
7 87 4575.34
7 88 4594.1
7 89 4558.93
7 90 4463.49
7 91 4302.34
7 92 4071.51
7 93 3768.91
7 94 3394.82
7 95 2952.08
7 96 2446.45
7 97 1886.37
7 98 1282.89
7 99 649.203
7 100 0

8 0 0
8 1 705.392
8 2 1393.37
8 3 2047.48
8 4 2653.01
8 5 3197.8
8 6 3672.62
8 7 4071.51
8 8 4391.73
8 9 4633.6
8 10 4800.05
8 11 4896.17
8 12 4928.56
8 13 4904.82
8 14 4832.92
8 15 4720.83
8 16 4576.07
8 17 4405.62
8 18 4215.56
8 19 4011.26
8 20 3797.22
8 21 3577.25
8 22 3354.48
8 23 3131.57
8 24 2910.67
8 25 2693.61
8 26 2481.92
8 27 2276.86
8 28 2079.52
8 29 1890.72
8 30 1711.21
8 31 1541.47
8 32 1381.9
8 33 1232.72
8 34 1094.01
8 35 965.768
8 36 847.866
8 37 740.142
8 38 642.273
8 39 554.007
8 40 474.962
8 41 404.804
8 42 343.175
8 43 289.727
8 44 244.13
8 45 206.094
8 46 175.343
8 47 151.67
8 48 134.882
8 49 124.868
8 50 121.533
8 51 124.868
8 52 134.882
8 53 151.67
8 54 175.343
8 55 206.094
8 56 244.13
8 57 289.727
8 58 343.175
8 59 404.804
8 60 474.962
8 61 554.007
8 62 642.273
8 63 740.142
8 64 847.866
8 65 965.768
8 66 1094.01
8 67 1232.72
8 68 1381.9
8 69 1541.47
8 70 1711.21
8 71 1890.72
8 72 2079.52
8 73 2276.86
8 74 2481.92
8 75 2693.61
8 76 2910.67
8 77 3131.57
8 78 3354.48
8 79 3577.25
8 80 3797.22
8 81 4011.26
8 82 4215.56
8 83 4405.62
8 84 4576.07
8 85 4720.83
8 86 4832.92
8 87 4904.82
8 88 4928.56
8 89 4896.17
8 90 4800.05
8 91 4633.6
8 92 4391.73
8 93 4071.51
8 94 3672.62
8 95 3197.8
8 96 2653.01
8 97 2047.48
8 98 1393.37
8 99 705.392
8 100 0

9 0 0
9 1 749.62
9 2 1480.18
9 3 2173.65
9 4 2814.07
9 5 3388.25
9 6 3886.39
9 7 4302.34
9 8 4633.6
9 9 4881.05
9 10 5048.55
9 11 5142.22
9 12 5169.91
9 13 5140.35
9 14 5062.65
9 15 4945.7
9 16 4797.81
9 17 4626.32
9 18 4437.66
9 19 4237.12
9 20 4029.04
9 21 3816.85
9 22 3603.3
9 23 3390.46
9 24 3180.01
9 25 2973.3
9 26 2771.43
9 27 2575.33
9 28 2385.77
9 29 2203.5
9 30 2029.05
9 31 1862.98
9 32 1705.7
9 33 1557.5
9 34 1418.61
9 35 1289.17
9 36 1169.22
9 37 1058.74
9 38 957.669
9 39 865.795
9 40 782.984
9 41 708.995
9 42 643.611
9 43 586.596
9 44 537.725
9 45 496.772
9 46 463.558
9 47 437.897
9 48 419.676
9 49 408.775
9 50 405.155
9 51 408.775
9 52 419.676
9 53 437.897
9 54 463.558
9 55 496.772
9 56 537.725
9 57 586.596
9 58 643.611
9 59 708.995
9 60 782.984
9 61 865.795
9 62 957.669
9 63 1058.74
9 64 1169.22
9 65 1289.17
9 66 1418.61
9 67 1557.5
9 68 1705.7
9 69 1862.98
9 70 2029.05
9 71 2203.5
9 72 2385.77
9 73 2575.33
9 74 2771.43
9 75 2973.3
9 76 3180.01
9 77 3390.46
9 78 3603.3
9 79 3816.85
9 80 4029.04
9 81 4237.12
9 82 4437.66
9 83 4626.32
9 84 4797.81
9 85 4945.7
9 86 5062.65
9 87 5140.35
9 88 5169.91
9 89 5142.22
9 90 5048.55
9 91 4881.05
9 92 4633.6
9 93 4302.34
9 94 3886.39
9 95 3388.25
9 96 2814.07
9 97 2173.65
9 98 1480.18
9 99 749.62
9 100 0

10 0 0
10 1 781.795
10 2 1543.17
10 3 2264.86
10 4 2929.81
10 5 3524.09
10 6 4037.39
10 7 4463.49
10 8 4800.05
10 9 5048.55
10 10 5213.62
10 11 5302.41
10 12 5323.83
10 13 5287.8
10 14 5204.4
10 15 5083.5
10 16 4934
10 17 4763.81
10 18 4579.48
10 19 4386.37
10 20 4188.53
10 21 3989.02
10 22 3790.05
10 23 3593.14
10 24 3399.38
10 25 3209.52
10 26 3024.16
10 27 2843.73
10 28 2668.75
10 29 2499.6
10 30 2336.73
10 31 2180.56
10 32 2031.48
10 33 1889.89
10 34 1756.06
10 35 1630.3
10 36 1512.78
10 37 1403.69
10 38 1303.04
10 39 1210.94
10 40 1127.29
10 41 1052.09
10 42 985.231
10 43 926.609
10 44 876.117
10 45 833.631
10 46 799.045
10 47 772.257
10 48 753.185
10 49 741.767
10 50 737.966
10 51 741.767
10 52 753.185
10 53 772.257
10 54 799.045
10 55 833.631
10 56 876.117
10 57 926.609
10 58 985.231
10 59 1052.09
10 60 1127.29
10 61 1210.94
10 62 1303.04
10 63 1403.69
10 64 1512.78
10 65 1630.3
10 66 1756.06
10 67 1889.89
10 68 2031.48
10 69 2180.56
10 70 2336.73
10 71 2499.6
10 72 2668.75
10 73 2843.73
10 74 3024.16
10 75 3209.52
10 76 3399.38
10 77 3593.14
10 78 3790.05
10 79 3989.02
10 80 4188.53
10 81 4386.37
10 82 4579.48
10 83 4763.81
10 84 4934
10 85 5083.5
10 86 5204.4
10 87 5287.8
10 88 5323.83
10 89 5302.41
10 90 5213.62
10 91 5048.55
10 92 4800.05
10 93 4463.49
10 94 4037.39
10 95 3524.09
10 96 2929.81
10 97 2264.86
10 98 1543.17
10 99 781.795
10 100 0

11 0 0
11 1 802.08
11 2 1582.76
11 3 2321.89
11 4 3001.62
11 5 3607.42
11 6 4128.65
11 7 4558.93
11 8 4896.17
11 9 5142.22
11 10 5302.41
11 11 5384.67
11 12 5398.93
11 13 5355.99
11 14 5266.96
11 15 5142.45
11 16 4992.13
11 17 4824.29
11 18 4645.8
11 19 4461.94
11 20 4276.64
11 21 4092.56
11 22 3911.44
11 23 3734.18
11 24 3561.24
11 25 3392.78
11 26 3228.79
11 27 3069.26
11 28 2914.13
11 29 2763.58
11 30 2617.77
11 31 2476.94
11 32 2341.43
11 33 2211.61
11 34 2087.84
11 35 1970.49
11 36 1859.87
11 37 1756.28
11 38 1659.98
11 39 1571.11
11 40 1489.87
11 41 1416.31
11 42 1350.52
11 43 1292.52
11 44 1242.32
11 45 1199.89
11 46 1165.24
11 47 1138.32
11 48 1119.12
11 49 1107.6
11 50 1103.77
11 51 1107.6
11 52 1119.12
11 53 1138.32
11 54 1165.24
11 55 1199.89
11 56 1242.32
11 57 1292.52
11 58 1350.52
11 59 1416.31
11 60 1489.87
11 61 1571.11
11 62 1659.98
11 63 1756.28
11 64 1859.87
11 65 1970.49
11 66 2087.84
11 67 2211.61
11 68 2341.43
11 69 2476.94
11 70 2617.77
11 71 2763.58
11 72 2914.13
11 73 3069.26
11 74 3228.79
11 75 3392.78
11 76 3561.24
11 77 3734.18
11 78 3911.44
11 79 4092.56
11 80 4276.64
11 81 4461.94
11 82 4645.8
11 83 4824.29
11 84 4992.13
11 85 5142.45
11 86 5266.96
11 87 5355.99
11 88 5398.93
11 89 5384.67
11 90 5302.41
11 91 5142.22
11 92 4896.17
11 93 4558.93
11 94 4128.65
11 95 3607.42
11 96 3001.62
11 97 2321.89
11 98 1582.76
11 99 802.08
11 100 0

12 0 0
12 1 810.965
12 2 1599.98
12 3 2346.37
12 4 3031.84
12 5 3641.48
12 6 4164.38
12 7 4594.1
12 8 4928.56
12 9 5169.91
12 10 5323.83
12 11 5398.93
12 12 5405.73
12 13 5355.9
12 14 5261.28
12 15 5133.29
12 16 4982.14
12 17 4816.71
12 18 4644.07
12 19 4469.66
12 20 4297.28
12 21 4129.34
12 22 3967.09
12 23 3810.96
12 24 3660.81
12 25 3516.16
12 26 3376.42
12 27 3240.96
12 28 3109.37
12 29 2981.34
12 30 2856.7
12 31 2735.51
12 32 2617.94
12 33 2504.3
12 34 2394.93
12 35 2290.24
12 36 2190.62
12 37 2096.49
12 38 2008.18
12 39 1926.07
12 40 1850.38
12 41 1781.41
12 42 1719.3
12 43 1664.24
12 44 1616.34
12 45 1575.69
12 46 1542.37
12 47 1516.41
12 48 1497.84
12 49 1486.7
12 50 1482.98
12 51 1486.7
12 52 1497.84
12 53 1516.41
12 54 1542.37
12 55 1575.69
12 56 1616.34
12 57 1664.24
12 58 1719.3
12 59 1781.41
12 60 1850.38
12 61 1926.07
12 62 2008.18
12 63 2096.49
12 64 2190.62
12 65 2290.24
12 66 2394.93
12 67 2504.3
12 68 2617.94
12 69 2735.51
12 70 2856.7
12 71 2981.34
12 72 3109.37
12 73 3240.96
12 74 3376.42
12 75 3516.16
12 76 3660.81
12 77 3810.96
12 78 3967.09
12 79 4129.34
12 80 4297.28
12 81 4469.66
12 82 4644.07
12 83 4816.71
12 84 4982.14
12 85 5133.29
12 86 5261.28
12 87 5355.9
12 88 5405.73
12 89 5398.93
12 90 5323.83
12 91 5169.91
12 92 4928.56
12 93 4594.1
12 94 4164.38
12 95 3641.48
12 96 3031.84
12 97 2346.37
12 98 1599.98
12 99 810.965
12 100 0

13 0 0
13 1 809.122
13 2 1596.23
13 3 2340.51
13 4 3023.58
13 5 3630.36
13 6 4149.83
13 7 4575.34
13 8 4904.82
13 9 5140.35
13 10 5287.8
13 11 5355.99
13 12 5355.9
13 13 5299.66
13 14 5199.8
13 15 5068.23
13 16 4915.88
13 17 4752.01
13 18 4584.15
13 19 4417.91
13 20 4257.16
13 21 4104.13
13 22 3959.79
13 23 3824.16
13 24 3696.57
13 25 3576.01
13 26 3461.25
13 27 3351.2
13 28 3244.88
13 29 3141.5
13 30 3040.62
13 31 2941.93
13 32 2845.42
13 33 2751.23
13 34 2659.67
13 35 2571.08
13 36 2485.9
13 37 2404.58
13 38 2327.57
13 39 2255.27
13 40 2188.11
13 41 2126.39
13 42 2070.46
13 43 2020.56
13 44 1976.91
13 45 1939.7
13 46 1909.08
13 47 1885.15
13 48 1868
13 49 1857.69
13 50 1854.25
13 51 1857.69
13 52 1868
13 53 1885.15
13 54 1909.08
13 55 1939.7
13 56 1976.91
13 57 2020.56
13 58 2070.46
13 59 2126.39
13 60 2188.11
13 61 2255.27
13 62 2327.57
13 63 2404.58
13 64 2485.9
13 65 2571.08
13 66 2659.67
13 67 2751.23
13 68 2845.42
13 69 2941.93
13 70 3040.62
13 71 3141.5
13 72 3244.88
13 73 3351.2
13 74 3461.25
13 75 3576.01
13 76 3696.57
13 77 3824.16
13 78 3959.79
13 79 4104.13
13 80 4257.16
13 81 4417.91
13 82 4584.15
13 83 4752.01
13 84 4915.88
13 85 5068.23
13 86 5199.8
13 87 5299.66
13 88 5355.9
13 89 5355.99
13 90 5287.8
13 91 5140.35
13 92 4904.82
13 93 4575.34
13 94 4149.83
13 95 3630.36
13 96 3023.58
13 97 2340.51
13 98 1596.23
13 99 809.122
13 100 0

14 0 0
14 1 797.427
14 2 1573.25
14 3 2306.99
14 4 2980.49
14 5 3578.78
14 6 4090.73
14 7 4509.58
14 8 4832.92
14 9 5062.65
14 10 5204.4
14 11 5266.96
14 12 5261.28
14 13 5199.8
14 14 5095.3
14 15 4960.23
14 16 4805.99
14 17 4642.44
14 18 4477.46
14 19 4317.09
14 20 4165.31
14 21 4024.44
14 22 3895.33
14 23 3777.74
14 24 3670.6
14 25 3572.37
14 26 3481.45
14 27 3396.12
14 28 3314.92
14 29 3236.62
14 30 3160.33
14 31 3085.43
14 32 3011.65
14 33 2938.89
14 34 2867.32
14 35 2797.22
14 36 2728.97
14 37 2663
14 38 2599.79
14 39 2539.86
14 40 2483.57
14 41 2431.43
14 42 2383.76
14 43 2340.95
14 44 2303.26
14 45 2270.98
14 46 2244.27
14 47 2223.35
14 48 2208.31
14 49 2199.26
14 50 2196.22
14 51 2199.26
14 52 2208.31
14 53 2223.35
14 54 2244.27
14 55 2270.98
14 56 2303.26
14 57 2340.95
14 58 2383.76
14 59 2431.43
14 60 2483.57
14 61 2539.86
14 62 2599.79
14 63 2663
14 64 2728.97
14 65 2797.22
14 66 2867.32
14 67 2938.89
14 68 3011.65
14 69 3085.43
14 70 3160.33
14 71 3236.62
14 72 3314.92
14 73 3396.12
14 74 3481.45
14 75 3572.37
14 76 3670.6
14 77 3777.74
14 78 3895.33
14 79 4024.44
14 80 4165.31
14 81 4317.09
14 82 4477.46
14 83 4642.44
14 84 4805.99
14 85 4960.23
14 86 5095.3
14 87 5199.8
14 88 5261.28
14 89 5266.96
14 90 5204.4
14 91 5062.65
14 92 4832.92
14 93 4509.58
14 94 4090.73
14 95 3578.78
14 96 2980.49
14 97 2306.99
14 98 1573.25
14 99 797.427
14 100 0

15 0 0
15 1 776.895
15 2 1533.07
15 3 2248.83
15 4 2906.62
15 5 3491.72
15 6 3993.1
15 7 4403.73
15 8 4720.83
15 9 4945.7
15 10 5083.5
15 11 5142.45
15 12 5133.29
15 13 5068.23
15 14 4960.23
15 15 4821.98
15 16 4665.34
15 17 4500.61
15 18 4336.26
15 19 4178.76
15 20 4032.5
15 21 3900
15 22 3782.19
15 23 3678.73
15 24 3588.32
15 25 3509.16
15 26 3439.14
15 27 3376.12
15 28 3318.19
15 29 3263.63
15 30 3211.14
15 31 3159.74
15 32 3108.81
15 33 3058.03
15 34 3007.34
15 35 2956.87
15 36 2906.91
15 37 2857.83
15 38 2810.08
15 39 2764.13
15 40 2720.47
15 41 2679.5
15 42 2641.7
15 43 2607.42
15 44 2577.02
15 45 2550.81
15 46 2529.02
15 47 2511.86
15 48 2499.5
15 49 2492.03
15 50 2489.54
15 51 2492.03
15 52 2499.5
15 53 2511.86
15 54 2529.02
15 55 2550.81
15 56 2577.02
15 57 2607.42
15 58 2641.7
15 59 2679.5
15 60 2720.47
15 61 2764.13
15 62 2810.08
15 63 2857.83
15 64 2906.91
15 65 2956.87
15 66 3007.34
15 67 3058.03
15 68 3108.81
15 69 3159.74
15 70 3211.14
15 71 3263.63
15 72 3318.19
15 73 3376.12
15 74 3439.14
15 75 3509.16
15 76 3588.32
15 77 3678.73
15 78 3782.19
15 79 3900
15 80 4032.5
15 81 4178.76
15 82 4336.26
15 83 4500.61
15 84 4665.34
15 85 4821.98
15 86 4960.23
15 87 5068.23
15 88 5133.29
15 89 5142.45
15 90 5083.5
15 91 4945.7
15 92 4720.83
15 93 4403.73
15 94 3993.1
15 95 3491.72
15 96 2906.62
15 97 2248.83
15 98 1533.07
15 99 776.895
15 100 0

16 0 0
16 1 748.638
16 2 1477.89
16 3 2169.29
16 4 2806.15
16 5 3374.34
16 6 3862.92
16 7 4264.64
16 8 4576.07
16 9 4797.81
16 10 4934
16 11 4992.13
16 12 4982.14
16 13 4915.88
16 14 4805.99
16 15 4665.34
16 16 4506
16 17 4338.82
16 18 4172.81
16 19 4015.05
16 20 3870.43
16 21 3741.91
16 22 3630.7
16 23 3536.55
16 24 3458.16
16 25 3393.49
16 26 3340.16
16 27 3295.72
16 28 3257.73
16 29 3224.12
16 30 3193.15
16 31 3163.48
16 32 3134.12
16 33 3104.45
16 34 3074.18
16 35 3043.24
16 36 3011.74
16 37 2979.97
16 38 2948.28
16 39 2917.1
16 40 2886.83
16 41 2857.99
16 42 2830.91
16 43 2806.07
16 44 2783.77
16 45 2764.37
16 46 2748.12
16 47 2735.25
16 48 2725.93
16 49 2720.29
16 50 2718.4
16 51 2720.29
16 52 2725.93
16 53 2735.25
16 54 2748.12
16 55 2764.37
16 56 2783.77
16 57 2806.07
16 58 2830.91
16 59 2857.99
16 60 2886.83
16 61 2917.1
16 62 2948.28
16 63 2979.97
16 64 3011.74
16 65 3043.24
16 66 3074.18
16 67 3104.45
16 68 3134.12
16 69 3163.48
16 70 3193.15
16 71 3224.12
16 72 3257.73
16 73 3295.72
16 74 3340.16
16 75 3393.49
16 76 3458.16
16 77 3536.55
16 78 3630.7
16 79 3741.91
16 80 3870.43
16 81 4015.05
16 82 4172.81
16 83 4338.82
16 84 4506
16 85 4665.34
16 86 4805.99
16 87 4915.88
16 88 4982.14
16 89 4992.13
16 90 4934
16 91 4797.81
16 92 4576.07
16 93 4264.64
16 94 3862.92
16 95 3374.34
16 96 2806.15
16 97 2169.29
16 98 1477.89
16 99 748.638
16 100 0

17 0 0
17 1 713.81
17 2 1409.99
17 3 2071.67
17 4 2683.37
17 5 3231.71
17 6 3706.01
17 7 4098.66
17 8 4405.62
17 9 4626.32
17 10 4763.81
17 11 4824.29
17 12 4816.71
17 13 4752.01
17 14 4642.44
17 15 4500.61
17 16 4338.82
17 17 4168.29
17 18 3998.7
17 19 3837.7
17 20 3690.93
17 21 3561.93
17 22 3452.37
17 23 3362.33
17 24 3290.6
17 25 3235.17
17 26 3193.52
17 27 3162.83
17 28 3140.44
17 29 3123.86
17 30 3110.97
17 31 3100.03
17 32 3089.71
17 33 3079.08
17 34 3067.55
17 35 3054.83
17 36 3040.85
17 37 3025.71
17 38 3009.67
17 39 2993.02
17 40 2976.18
17 41 2959.47
17 42 2943.36
17 43 2928.16
17 44 2914.25
17 45 2901.93
17 46 2891.48
17 47 2883.11
17 48 2877.01
17 49 2873.29
17 50 2872.05
17 51 2873.29
17 52 2877.01
17 53 2883.11
17 54 2891.48
17 55 2901.93
17 56 2914.25
17 57 2928.16
17 58 2943.36
17 59 2959.47
17 60 2976.18
17 61 2993.02
17 62 3009.67
17 63 3025.71
17 64 3040.85
17 65 3054.83
17 66 3067.55
17 67 3079.08
17 68 3089.71
17 69 3100.03
17 70 3110.97
17 71 3123.86
17 72 3140.44
17 73 3162.83
17 74 3193.52
17 75 3235.17
17 76 3290.6
17 77 3362.33
17 78 3452.37
17 79 3561.93
17 80 3690.93
17 81 3837.7
17 82 3998.7
17 83 4168.29
17 84 4338.82
17 85 4500.61
17 86 4642.44
17 87 4752.01
17 88 4816.71
17 89 4824.29
17 90 4763.81
17 91 4626.32
17 92 4405.62
17 93 4098.66
17 94 3706.01
17 95 3231.71
17 96 2683.37
17 97 2071.67
17 98 1409.99
17 99 713.81
17 100 0

18 0 0
18 1 673.588
18 2 1331.67
18 3 1959.3
18 4 2542.46
18 5 3068.76
18 6 3527.79
18 7 3911.7
18 8 4215.56
18 9 4437.66
18 10 4579.48
18 11 4645.8
18 12 4644.07
18 13 4584.15
18 14 4477.46
18 15 4336.26
18 16 4172.81
18 17 3998.7
18 18 3824.11
18 19 3657.46
18 20 3505.2
18 21 3371.6
18 22 3258.97
18 23 3167.83
18 24 3097.37
18 25 3045.73
18 26 3010.25
18 27 2988.11
18 28 2976.32
18 29 2972.11
18 30 2973.01
18 31 2976.93
18 32 2982.19
18 33 2987.53
18 34 2992.1
18 35 2995.31
18 36 2996.9
18 37 2996.78
18 38 2995.04
18 39 2991.87
18 40 2987.53
18 41 2982.37
18 42 2976.65
18 43 2970.74
18 44 2964.93
18 45 2959.51
18 46 2954.72
18 47 2950.78
18 48 2947.84
18 49 2946.03
18 50 2945.41
18 51 2946.03
18 52 2947.84
18 53 2950.78
18 54 2954.72
18 55 2959.51
18 56 2964.93
18 57 2970.74
18 58 2976.65
18 59 2982.37
18 60 2987.53
18 61 2991.87
18 62 2995.04
18 63 2996.78
18 64 2996.9
18 65 2995.31
18 66 2992.1
18 67 2987.53
18 68 2982.19
18 69 2976.93
18 70 2973.01
18 71 2972.11
18 72 2976.32
18 73 2988.11
18 74 3010.25
18 75 3045.73
18 76 3097.37
18 77 3167.83
18 78 3258.97
18 79 3371.6
18 80 3505.2
18 81 3657.46
18 82 3824.11
18 83 3998.7
18 84 4172.81
18 85 4336.26
18 86 4477.46
18 87 4584.15
18 88 4644.07
18 89 4645.8
18 90 4579.48
18 91 4437.66
18 92 4215.56
18 93 3911.7
18 94 3527.79
18 95 3068.76
18 96 2542.46
18 97 1959.3
18 98 1331.67
18 99 673.588
18 100 0

19 0 0
19 1 629.167
19 2 1245.25
19 3 1835.44
19 4 2387.49
19 5 2890.08
19 6 3333.28
19 7 3708.93
19 8 4011.26
19 9 4237.12
19 10 4386.37
19 11 4461.94
19 12 4469.66
19 13 4417.91
19 14 4317.09
19 15 4178.76
19 16 4015.05
19 17 3837.7
19 18 3657.46
19 19 3483.53
19 20 3323.15
19 21 3181.49
19 22 3061.58
19 23 2964.7
19 24 2890.49
19 25 2837.27
19 26 2802.65
19 27 2783.7
19 28 2777.35
19 29 2780.55
19 30 2790.54
19 31 2804.92
19 32 2821.72
19 33 2839.34
19 34 2856.63
19 35 2872.76
19 36 2887.24
19 37 2899.76
19 38 2910.25
19 39 2918.74
19 40 2925.4
19 41 2930.39
19 42 2934.01
19 43 2936.44
19 44 2937.99
19 45 2938.85
19 46 2939.26
19 47 2939.38
19 48 2939.37
19 49 2939.31
19 50 2939.29
19 51 2939.31
19 52 2939.37
19 53 2939.38
19 54 2939.26
19 55 2938.85
19 56 2937.99
19 57 2936.44
19 58 2934.01
19 59 2930.39
19 60 2925.4
19 61 2918.74
19 62 2910.25
19 63 2899.76
19 64 2887.24
19 65 2872.76
19 66 2856.63
19 67 2839.34
19 68 2821.72
19 69 2804.92
19 70 2790.54
19 71 2780.55
19 72 2777.35
19 73 2783.7
19 74 2802.65
19 75 2837.27
19 76 2890.49
19 77 2964.7
19 78 3061.58
19 79 3181.49
19 80 3323.15
19 81 3483.53
19 82 3657.46
19 83 3837.7
19 84 4015.05
19 85 4178.76
19 86 4317.09
19 87 4417.91
19 88 4469.66
19 89 4461.94
19 90 4386.37
19 91 4237.12
19 92 4011.26
19 93 3708.93
19 94 3333.28
19 95 2890.08
19 96 2387.49
19 97 1835.44
19 98 1245.25
19 99 629.167
19 100 0

20 0 0
20 1 581.668
20 2 1152.88
20 3 1703.19
20 4 2222.26
20 5 2700.03
20 6 3127.06
20 7 3495.05
20 8 3797.22
20 9 4029.04
20 10 4188.53
20 11 4276.64
20 12 4297.28
20 13 4257.16
20 14 4165.31
20 15 4032.5
20 16 3870.43
20 17 3690.93
20 18 3505.2
20 19 3323.15
20 20 3152.92
20 21 3000.57
20 22 2870.11
20 23 2763.58
20 24 2681.13
20 25 2621.67
20 26 2582.98
20 27 2562.24
20 28 2556.32
20 29 2562.04
20 30 2576.41
20 31 2596.76
20 32 2620.81
20 33 2646.7
20 34 2673
20 35 2698.64
20 36 2722.85
20 37 2745.17
20 38 2765.31
20 39 2783.17
20 40 2798.75
20 41 2812.16
20 42 2823.49
20 43 2832.97
20 44 2840.71
20 45 2846.93
20 46 2851.78
20 47 2855.4
20 48 2857.89
20 49 2859.36
20 50 2859.84
20 51 2859.36
20 52 2857.89
20 53 2855.4
20 54 2851.78
20 55 2846.93
20 56 2840.71
20 57 2832.97
20 58 2823.49
20 59 2812.16
20 60 2798.75
20 61 2783.17
20 62 2765.31
20 63 2745.17
20 64 2722.85
20 65 2698.64
20 66 2673
20 67 2646.7
20 68 2620.81
20 69 2596.76
20 70 2576.41
20 71 2562.04
20 72 2556.32
20 73 2562.24
20 74 2582.98
20 75 2621.67
20 76 2681.13
20 77 2763.58
20 78 2870.11
20 79 3000.57
20 80 3152.92
20 81 3323.15
20 82 3505.2
20 83 3690.93
20 84 3870.43
20 85 4032.5
20 86 4165.31
20 87 4257.16
20 88 4297.28
20 89 4276.64
20 90 4188.53
20 91 4029.04
20 92 3797.22
20 93 3495.05
20 94 3127.06
20 95 2700.03
20 96 2222.26
20 97 1703.19
20 98 1152.88
20 99 581.668
20 100 0

21 0 0
21 1 532.166
21 2 1056.63
21 3 1565.44
21 4 2050.3
21 5 2502.5
21 6 2913.25
21 7 3274.03
21 8 3577.25
21 9 3816.85
21 10 3989.02
21 11 4092.56
21 12 4129.34
21 13 4104.13
21 14 4024.44
21 15 3900
21 16 3741.91
21 17 3561.93
21 18 3371.6
21 19 3181.49
21 20 3000.57
21 21 2835.94
21 22 2692.63
21 23 2573.38
21 24 2479.25
21 25 2409.61
21 26 2362.66
21 27 2335.75
21 28 2325.81
21 29 2329.57
21 30 2343.89
21 31 2365.9
21 32 2393.06
21 33 2423.27
21 34 2454.82
21 35 2486.41
21 36 2517.07
21 37 2546.12
21 38 2573.1
21 39 2597.75
21 40 2619.96
21 41 2639.65
21 42 2656.93
21 43 2671.78
21 44 2684.39
21 45 2694.8
21 46 2703.16
21 47 2709.54
21 48 2714.05
21 49 2716.72
21 50 2717.62
21 51 2716.72
21 52 2714.05
21 53 2709.54
21 54 2703.16
21 55 2694.8
21 56 2684.39
21 57 2671.78
21 58 2656.93
21 59 2639.65
21 60 2619.96
21 61 2597.75
21 62 2573.1
21 63 2546.12
21 64 2517.07
21 65 2486.41
21 66 2454.82
21 67 2423.27
21 68 2393.06
21 69 2365.9
21 70 2343.89
21 71 2329.57
21 72 2325.81
21 73 2335.75
21 74 2362.66
21 75 2409.61
21 76 2479.25
21 77 2573.38
21 78 2692.63
21 79 2835.94
21 80 3000.57
21 81 3181.49
21 82 3371.6
21 83 3561.93
21 84 3741.91
21 85 3900
21 86 4024.44
21 87 4104.13
21 88 4129.34
21 89 4092.56
21 90 3989.02
21 91 3816.85
21 92 3577.25
21 93 3274.03
21 94 2913.25
21 95 2502.5
21 96 2050.3
21 97 1565.44
21 98 1056.63
21 99 532.166
21 100 0

22 0 0
22 1 481.663
22 2 958.408
22 3 1424.89
22 4 1874.83
22 5 2301.04
22 6 2695.41
22 7 3049.36
22 8 3354.48
22 9 3603.3
22 10 3790.05
22 11 3911.44
22 12 3967.09
22 13 3959.79
22 14 3895.33
22 15 3782.19
22 16 3630.7
22 17 3452.37
22 18 3258.97
22 19 3061.58
22 20 2870.11
22 21 2692.63
22 22 2535.02
22 23 2401.15
22 24 2292.8
22 25 2210.04
22 26 2151.51
22 27 2114.88
22 28 2097.16
22 29 2095.16
22 30 2105.59
22 31 2125.43
22 32 2151.94
22 33 2182.81
22 34 2216.09
22 35 2250.26
22 36 2284.17
22 37 2316.95
22 38 2347.97
22 39 2376.82
22 40 2403.26
22 41 2427.13
22 42 2448.35
22 43 2466.95
22 44 2482.89
22 45 2496.27
22 46 2507.11
22 47 2515.48
22 48 2521.43
22 49 2524.97
22 50 2526.16
22 51 2524.97
22 52 2521.43
22 53 2515.48
22 54 2507.11
22 55 2496.27
22 56 2482.89
22 57 2466.95
22 58 2448.35
22 59 2427.13
22 60 2403.26
22 61 2376.82
22 62 2347.97
22 63 2316.95
22 64 2284.17
22 65 2250.26
22 66 2216.09
22 67 2182.81
22 68 2151.94
22 69 2125.43
22 70 2105.59
22 71 2095.16
22 72 2097.16
22 73 2114.88
22 74 2151.51
22 75 2210.04
22 76 2292.8
22 77 2401.15
22 78 2535.02
22 79 2692.63
22 80 2870.11
22 81 3061.58
22 82 3258.97
22 83 3452.37
22 84 3630.7
22 85 3782.19
22 86 3895.33
22 87 3959.79
22 88 3967.09
22 89 3911.44
22 90 3790.05
22 91 3603.3
22 92 3354.48
22 93 3049.36
22 94 2695.41
22 95 2301.04
22 96 1874.83
22 97 1424.89
22 98 958.408
22 99 481.663
22 100 0

23 0 0
23 1 431.027
23 2 859.925
23 3 1283.87
23 4 1698.74
23 5 2098.8
23 6 2476.77
23 7 2824.05
23 8 3131.57
23 9 3390.46
23 10 3593.14
23 11 3734.18
23 12 3810.96
23 13 3824.16
23 14 3777.74
23 15 3678.73
23 16 3536.55
23 17 3362.33
23 18 3167.83
23 19 2964.7
23 20 2763.58
23 21 2573.38
23 22 2401.15
23 23 2251.65
23 24 2127.58
23 25 2029.72
23 26 1957.26
23 27 1908.25
23 28 1879.92
23 29 1869.11
23 30 1872.53
23 31 1887.04
23 32 1909.75
23 33 1938.13
23 34 1970.07
23 35 2003.87
23 36 2038.17
23 37 2071.93
23 38 2104.41
23 39 2135.05
23 40 2163.48
23 41 2189.43
23 42 2212.8
23 43 2233.41
23 44 2251.3
23 45 2266.38
23 46 2278.71
23 47 2288.27
23 48 2295.09
23 49 2299.17
23 50 2300.54
23 51 2299.17
23 52 2295.09
23 53 2288.27
23 54 2278.71
23 55 2266.38
23 56 2251.3
23 57 2233.41
23 58 2212.8
23 59 2189.43
23 60 2163.48
23 61 2135.05
23 62 2104.41
23 63 2071.93
23 64 2038.17
23 65 2003.87
23 66 1970.07
23 67 1938.13
23 68 1909.75
23 69 1887.04
23 70 1872.53
23 71 1869.11
23 72 1879.92
23 73 1908.25
23 74 1957.26
23 75 2029.72
23 76 2127.58
23 77 2251.65
23 78 2401.15
23 79 2573.38
23 80 2763.58
23 81 2964.7
23 82 3167.83
23 83 3362.33
23 84 3536.55
23 85 3678.73
23 86 3777.74
23 87 3824.16
23 88 3810.96
23 89 3734.18
23 90 3593.14
23 91 3390.46
23 92 3131.57
23 93 2824.05
23 94 2476.77
23 95 2098.8
23 96 1698.74
23 97 1283.87
23 98 859.925
23 99 431.027
23 100 0

24 0 0
24 1 381.046
24 2 762.672
24 3 1144.5
24 4 1524.52
24 5 1898.52
24 6 2260.04
24 7 2600.66
24 8 2910.67
24 9 3180.01
24 10 3399.38
24 11 3561.24
24 12 3660.81
24 13 3696.57
24 14 3670.6
24 15 3588.32
24 16 3458.16
24 17 3290.6
24 18 3097.37
24 19 2890.49
24 20 2681.13
24 21 2479.25
24 22 2292.8
24 23 2127.58
24 24 1987.19
24 25 1873.19
24 26 1785.38
24 27 1722.24
24 28 1681.29
24 29 1659.51
24 30 1653.61
24 31 1660.37
24 32 1676.8
24 33 1700.22
24 34 1728.36
24 35 1759.33
24 36 1791.63
24 37 1824.1
24 38 1855.83
24 39 1886.16
24 40 1914.62
24 41 1940.88
24 42 1964.67
24 43 1985.89
24 44 2004.36
24 45 2020.07
24 46 2032.94
24 47 2042.97
24 48 2050.14
24 49 2054.45
24 50 2055.88
24 51 2054.45
24 52 2050.14
24 53 2042.97
24 54 2032.94
24 55 2020.07
24 56 2004.36
24 57 1985.89
24 58 1964.67
24 59 1940.88
24 60 1914.62
24 61 1886.16
24 62 1855.83
24 63 1824.1
24 64 1791.63
24 65 1759.33
24 66 1728.36
24 67 1700.22
24 68 1676.8
24 69 1660.37
24 70 1653.61
24 71 1659.51
24 72 1681.29
24 73 1722.24
24 74 1785.38
24 75 1873.19
24 76 1987.19
24 77 2127.58
24 78 2292.8
24 79 2479.25
24 80 2681.13
24 81 2890.49
24 82 3097.37
24 83 3290.6
24 84 3458.16
24 85 3588.32
24 86 3670.6
24 87 3696.57
24 88 3660.81
24 89 3561.24
24 90 3399.38
24 91 3180.01
24 92 2910.67
24 93 2600.66
24 94 2260.04
24 95 1898.52
24 96 1524.52
24 97 1144.5
24 98 762.672
24 99 381.046
24 100 0

25 0 0
25 1 332.385
25 2 667.91
25 3 1008.55
25 4 1354.33
25 5 1702.54
25 6 2047.59
25 7 2381.35
25 8 2693.61
25 9 2973.3
25 10 3209.52
25 11 3392.78
25 12 3516.16
25 13 3576.01
25 14 3572.37
25 15 3509.16
25 16 3393.49
25 17 3235.17
25 18 3045.73
25 19 2837.27
25 20 2621.67
25 21 2409.61
25 22 2210.04
25 23 2029.72
25 24 1873.19
25 25 1742.8
25 26 1639.06
25 27 1560.9
25 28 1506.18
25 29 1472.04
25 30 1455.28
25 31 1452.66
25 32 1461.07
25 33 1477.74
25 34 1500.24
25 35 1526.57
25 36 1555.05
25 37 1584.42
25 38 1613.67
25 39 1642.04
25 40 1668.96
25 41 1694.02
25 42 1716.94
25 43 1737.46
25 44 1755.47
25 45 1770.83
25 46 1783.48
25 47 1793.37
25 48 1800.45
25 49 1804.71
25 50 1806.13
25 51 1804.71
25 52 1800.45
25 53 1793.37
25 54 1783.48
25 55 1770.83
25 56 1755.47
25 57 1737.46
25 58 1716.94
25 59 1694.02
25 60 1668.96
25 61 1642.04
25 62 1613.67
25 63 1584.42
25 64 1555.05
25 65 1526.57
25 66 1500.24
25 67 1477.74
25 68 1461.07
25 69 1452.66
25 70 1455.28
25 71 1472.04
25 72 1506.18
25 73 1560.9
25 74 1639.06
25 75 1742.8
25 76 1873.19
25 77 2029.72
25 78 2210.04
25 79 2409.61
25 80 2621.67
25 81 2837.27
25 82 3045.73
25 83 3235.17
25 84 3393.49
25 85 3509.16
25 86 3572.37
25 87 3576.01
25 88 3516.16
25 89 3392.78
25 90 3209.52
25 91 2973.3
25 92 2693.61
25 93 2381.35
25 94 2047.59
25 95 1702.54
25 96 1354.33
25 97 1008.55
25 98 667.91
25 99 332.385
25 100 0

26 0 0
26 1 285.615
26 2 576.718
26 3 877.538
26 4 1189.96
26 5 1512.77
26 6 1841.37
26 7 2167.89
26 8 2481.92
26 9 2771.43
26 10 3024.16
26 11 3228.79
26 12 3376.42
26 13 3461.25
26 14 3481.45
26 15 3439.14
26 16 3340.16
26 17 3193.52
26 18 3010.25
26 19 2802.65
26 20 2582.98
26 21 2362.66
26 22 2151.51
26 23 1957.26
26 24 1785.38
26 25 1639.06
26 26 1519.48
26 27 1426.1
26 28 1357.16
26 29 1310.04
26 30 1281.61
26 31 1268.65
26 32 1267.99
26 33 1276.79
26 34 1292.46
26 35 1312.9
26 36 1336.33
26 37 1361.37
26 38 1386.9
26 39 1412.1
26 40 1436.32
26 41 1459.1
26 42 1480.08
26 43 1499.04
26 44 1515.71
26 45 1530.03
26 46 1541.84
26 47 1551.11
26 48 1557.75
26 49 1561.76
26 50 1563.09
26 51 1561.76
26 52 1557.75
26 53 1551.11
26 54 1541.84
26 55 1530.03
26 56 1515.71
26 57 1499.04
26 58 1480.08
26 59 1459.1
26 60 1436.32
26 61 1412.1
26 62 1386.9
26 63 1361.37
26 64 1336.33
26 65 1312.9
26 66 1292.46
26 67 1276.79
26 68 1267.99
26 69 1268.65
26 70 1281.61
26 71 1310.04
26 72 1357.16
26 73 1426.1
26 74 1519.48
26 75 1639.06
26 76 1785.38
26 77 1957.26
26 78 2151.51
26 79 2362.66
26 80 2582.98
26 81 2802.65
26 82 3010.25
26 83 3193.52
26 84 3340.16
26 85 3439.14
26 86 3481.45
26 87 3461.25
26 88 3376.42
26 89 3228.79
26 90 3024.16
26 91 2771.43
26 92 2481.92
26 93 2167.89
26 94 1841.37
26 95 1512.77
26 96 1189.96
26 97 877.538
26 98 576.718
26 99 285.615
26 100 0

27 0 0
27 1 241.133
27 2 489.904
27 3 752.587
27 4 1032.82
27 5 1330.85
27 6 1642.99
27 7 1961.85
27 8 2276.86
27 9 2575.33
27 10 2843.73
27 11 3069.26
27 12 3240.96
27 13 3351.2
27 14 3396.12
27 15 3376.12
27 16 3295.72
27 17 3162.83
27 18 2988.11
27 19 2783.7
27 20 2562.24
27 21 2335.75
27 22 2114.88
27 23 1908.25
27 24 1722.24
27 25 1560.9
27 26 1426.1
27 27 1317.89
27 28 1234.88
27 29 1174.7
27 30 1134.4
27 31 1110.75
27 32 1100.58
27 33 1100.94
27 34 1109.19
27 35 1123.08
27 36 1140.75
27 37 1160.71
27 38 1181.78
27 39 1203.06
27 40 1223.84
27 41 1243.63
27 42 1262.03
27 43 1278.73
27 44 1293.56
27 45 1306.3
27 46 1316.89
27 47 1325.18
27 48 1331.16
27 49 1334.76
27 50 1335.96
27 51 1334.76
27 52 1331.16
27 53 1325.18
27 54 1316.89
27 55 1306.3
27 56 1293.56
27 57 1278.73
27 58 1262.03
27 59 1243.63
27 60 1223.84
27 61 1203.06
27 62 1181.78
27 63 1160.71
27 64 1140.75
27 65 1123.08
27 66 1109.19
27 67 1100.94
27 68 1100.58
27 69 1110.75
27 70 1134.4
27 71 1174.7
27 72 1234.88
27 73 1317.89
27 74 1426.1
27 75 1560.9
27 76 1722.24
27 77 1908.25
27 78 2114.88
27 79 2335.75
27 80 2562.24
27 81 2783.7
27 82 2988.11
27 83 3162.83
27 84 3295.72
27 85 3376.12
27 86 3396.12
27 87 3351.2
27 88 3240.96
27 89 3069.26
27 90 2843.73
27 91 2575.33
27 92 2276.86
27 93 1961.85
27 94 1642.99
27 95 1330.85
27 96 1032.82
27 97 752.587
27 98 489.904
27 99 241.133
27 100 0

28 0 0
28 1 199.263
28 2 408.111
28 3 634.584
28 4 884.032
28 5 1157.97
28 6 1453.74
28 7 1764.44
28 8 2079.52
28 9 2385.77
28 10 2668.75
28 11 2914.13
28 12 3109.37
28 13 3244.88
28 14 3314.92
28 15 3318.19
28 16 3257.73
28 17 3140.44
28 18 2976.32
28 19 2777.35
28 20 2556.32
28 21 2325.81
28 22 2097.16
28 23 1879.92
28 24 1681.29
28 25 1506.18
28 26 1357.16
28 27 1234.88
28 28 1138.37
28 29 1065.55
28 30 1013.61
28 31 979.399
28 32 959.743
28 33 951.608
28 34 952.285
28 35 959.413
28 36 971.07
28 37 985.658
28 38 1001.94
28 39 1018.94
28 40 1035.94
28 41 1052.36
28 42 1067.79
28 43 1081.96
28 44 1094.56
28 45 1105.5
28 46 1114.57
28 47 1121.73
28 48 1126.88
28 49 1130
28 50 1131.03
28 51 1130
28 52 1126.88
28 53 1121.73
28 54 1114.57
28 55 1105.5
28 56 1094.56
28 57 1081.96
28 58 1067.79
28 59 1052.36
28 60 1035.94
28 61 1018.94
28 62 1001.94
28 63 985.658
28 64 971.07
28 65 959.413
28 66 952.285
28 67 951.608
28 68 959.743
28 69 979.399
28 70 1013.61
28 71 1065.55
28 72 1138.37
28 73 1234.88
28 74 1357.16
28 75 1506.18
28 76 1681.29
28 77 1879.92
28 78 2097.16
28 79 2325.81
28 80 2556.32
28 81 2777.35
28 82 2976.32
28 83 3140.44
28 84 3257.73
28 85 3318.19
28 86 3314.92
28 87 3244.88
28 88 3109.37
28 89 2914.13
28 90 2668.75
28 91 2385.77
28 92 2079.52
28 93 1764.44
28 94 1453.74
28 95 1157.97
28 96 884.032
28 97 634.584
28 98 408.111
28 99 199.263
28 100 0

29 0 0
29 1 160.243
29 2 331.751
29 3 524.184
29 4 744.354
29 5 995.061
29 6 1274.56
29 7 1576.61
29 8 1890.72
29 9 2203.5
29 10 2499.6
29 11 2763.58
29 12 2981.34
29 13 3141.5
29 14 3236.62
29 15 3263.63
29 16 3224.12
29 17 3123.86
29 18 2972.11
29 19 2780.55
29 20 2562.04
29 21 2329.57
29 22 2095.16
29 23 1869.11
29 24 1659.51
29 25 1472.04
29 26 1310.04
29 27 1174.7
29 28 1065.55
29 29 980.772
29 30 917.784
29 31 873.482
29 32 844.694
29 33 828.353
29 34 821.673
29 35 822.22
29 36 827.945
29 37 837.221
29 38 848.721
29 39 861.435
29 40 874.562
29 41 887.556
29 42 899.95
29 43 911.428
29 44 921.762
29 45 930.737
29 46 938.243
29 47 944.174
29 48 948.45
29 49 951.044
29 50 951.903
29 51 951.044
29 52 948.45
29 53 944.174
29 54 938.243
29 55 930.737
29 56 921.762
29 57 911.428
29 58 899.95
29 59 887.556
29 60 874.562
29 61 861.435
29 62 848.721
29 63 837.221
29 64 827.945
29 65 822.22
29 66 821.673
29 67 828.353
29 68 844.694
29 69 873.482
29 70 917.784
29 71 980.772
29 72 1065.55
29 73 1174.7
29 74 1310.04
29 75 1472.04
29 76 1659.51
29 77 1869.11
29 78 2095.16
29 79 2329.57
29 80 2562.04
29 81 2780.55
29 82 2972.11
29 83 3123.86
29 84 3224.12
29 85 3263.63
29 86 3236.62
29 87 3141.5
29 88 2981.34
29 89 2763.58
29 90 2499.6
29 91 2203.5
29 92 1890.72
29 93 1576.61
29 94 1274.56
29 95 995.061
29 96 744.354
29 97 524.184
