0 0 0
0 1 0
0 2 0
0 3 0
0 4 0
0 5 0
0 6 0
0 7 0
0 8 0
0 9 0
0 10 0
0 11 0
0 12 0
0 13 0
0 14 0
0 15 0
0 16 0
0 17 0
0 18 0
0 19 0
0 20 0
0 21 0
0 22 0
0 23 0
0 24 0
0 25 0
0 26 0
0 27 0
0 28 0
0 29 0
0 30 0
0 31 0
0 32 0
0 33 0
0 34 0
0 35 0
0 36 0
0 37 0
0 38 0
0 39 0
0 40 0
0 41 0
0 42 0
0 43 0
0 44 0
0 45 0
0 46 0
0 47 0
0 48 0
0 49 0
0 50 0
0 51 0
0 52 0
0 53 0
0 54 0
0 55 0
0 56 0
0 57 0
0 58 0
0 59 0
0 60 0
0 61 0
0 62 0
0 63 0
0 64 0
0 65 0
0 66 0
0 67 0
0 68 0
0 69 0
0 70 0
0 71 0
0 72 0
0 73 0
0 74 0
0 75 0
0 76 0
0 77 0
0 78 0
0 79 0
0 80 0
0 81 0
0 82 0
0 83 0
0 84 0
0 85 0
0 86 0
0 87 0
0 88 0
0 89 0
0 90 0
0 91 0
0 92 0
0 93 0
0 94 0
0 95 0
0 96 0
0 97 0
0 98 0
0 99 0
0 100 0

1 0 0
1 1 -0.113157
1 2 -0.229556
1 3 -0.318696
1 4 -0.515061
1 5 -0.817587
1 6 -1.21115
1 7 -1.723
1 8 -2.42277
1 9 -3.39031
1 10 -4.66623
1 11 -6.33796
1 12 -8.51641
1 13 -11.2547
1 14 -14.7072
1 15 -18.9702
1 16 -24.1594
1 17 -30.4237
1 18 -37.8451
1 19 -46.5446
1 20 -56.6074
1 21 -68.0707
1 22 -81.0037
1 23 -95.3697
1 24 -111.165
1 25 -128.307
1 26 -146.685
1 27 -166.182
1 28 -186.595
1 29 -207.763
1 30 -229.437
1 31 -251.413
1 32 -273.44
1 33 -295.285
1 34 -316.732
1 35 -337.55
1 36 -357.571
1 37 -376.593
1 38 -394.506
1 39 -411.155
1 40 -426.482
1 41 -440.388
1 42 -452.852
1 43 -463.828
1 44 -473.32
1 45 -481.317
1 46 -487.836
1 47 -492.884
1 48 -496.479
1 49 -498.63
1 50 -499.346
1 51 -498.63
1 52 -496.479
1 53 -492.884
1 54 -487.836
1 55 -481.317
1 56 -473.32
1 57 -463.828
1 58 -452.852
1 59 -440.388
1 60 -426.482
1 61 -411.155
1 62 -394.506
1 63 -376.593
1 64 -357.571
1 65 -337.55
1 66 -316.732
1 67 -295.285
1 68 -273.44
1 69 -251.413
1 70 -229.437
1 71 -207.763
1 72 -186.595
1 73 -166.182
1 74 -146.685
1 75 -128.307
1 76 -111.165
1 77 -95.3697
1 78 -81.0037
1 79 -68.0707
1 80 -56.6074
1 81 -46.5446
1 82 -37.8451
1 83 -30.4237
1 84 -24.1594
1 85 -18.9702
1 86 -14.7072
1 87 -11.2547
1 88 -8.51641
1 89 -6.33796
1 90 -4.66623
1 91 -3.39031
1 92 -2.42277
1 93 -1.723
1 94 -1.21115
1 95 -0.817587
1 96 -0.515061
1 97 -0.318696
1 98 -0.229556
1 99 -0.113157
1 100 0

2 0 0
2 1 -0.229556
2 2 -0.420357
2 3 -0.758236
2 4 -1.1575
2 5 -1.72228
2 6 -2.55873
2 7 -3.67424
2 8 -5.17475
2 9 -7.21997
2 10 -9.90171
2 11 -13.4129
2 12 -17.9353
2 13 -23.669
2 14 -30.8432
2 15 -39.7015
2 16 -50.4551
2 17 -63.3752
2 18 -78.6464
2 19 -96.4865
2 20 -117.049
2 21 -140.432
2 22 -166.71
2 23 -195.849
2 24 -227.778
2 25 -262.34
2 26 -299.295
2 27 -338.371
2 28 -379.187
2 29 -421.367
2 30 -464.451
2 31 -507.994
2 32 -551.523
2 33 -594.571
2 34 -636.711
2 35 -677.512
2 36 -716.629
2 37 -753.714
2 38 -788.524
2 39 -820.817
2 40 -850.449
2 41 -877.287
2 42 -901.274
2 43 -922.361
2 44 -940.554
2 45 -955.86
2 46 -968.314
2 47 -977.949
2 48 -984.802
2 49 -988.9
2 50 -990.264
2 51 -988.9
2 52 -984.802
2 53 -977.949
2 54 -968.314
2 55 -955.86
2 56 -940.554
2 57 -922.361
2 58 -901.274
2 59 -877.287
2 60 -850.449
2 61 -820.817
2 62 -788.524
2 63 -753.714
2 64 -716.629
2 65 -677.512
2 66 -636.711
2 67 -594.571
2 68 -551.523
2 69 -507.994
2 70 -464.451
2 71 -421.367
2 72 -379.187
2 73 -338.371
2 74 -299.295
2 75 -262.34
2 76 -227.778
2 77 -195.849
2 78 -166.71
2 79 -140.432
2 80 -117.049
2 81 -96.4865
2 82 -78.6464
2 83 -63.3752
2 84 -50.4551
2 85 -39.7015
2 86 -30.8432
2 87 -23.669
2 88 -17.9353
2 89 -13.4129
2 90 -9.90171
2 91 -7.21997
2 92 -5.17475
2 93 -3.67424
2 94 -2.55873
2 95 -1.72228
2 96 -1.1575
2 97 -0.758236
2 98 -0.420357
2 99 -0.229556
2 100 0

3 0 0
3 1 -0.318696
3 2 -0.758237
3 3 -1.25277
3 4 -1.96674
3 5 -2.92296
3 6 -4.24657
3 7 -6.09768
3 8 -8.59424
3 9 -11.897
3 10 -16.2834
3 11 -21.9648
3 12 -29.2506
3 13 -38.4539
3 14 -49.9178
3 15 -63.9795
3 16 -81.0214
3 17 -101.348
3 18 -125.309
3 19 -153.149
3 20 -185.088
3 21 -221.258
3 22 -261.69
3 23 -306.335
3 24 -355.016
3 25 -407.459
3 26 -463.288
3 27 -522.017
3 28 -583.102
3 29 -645.907
3 30 -709.776
3 31 -774.011
3 32 -837.922
3 33 -900.839
3 34 -962.122
3 35 -1021.2
3 36 -1077.55
3 37 -1130.76
3 38 -1180.44
3 39 -1226.35
3 40 -1268.27
3 41 -1306.1
3 42 -1339.75
3 43 -1369.24
3 44 -1394.58
3 45 -1415.84
3 46 -1433.08
3 47 -1446.39
3 48 -1455.84
3 49 -1461.49
3 50 -1463.36
3 51 -1461.49
3 52 -1455.84
3 53 -1446.39
3 54 -1433.08
3 55 -1415.84
3 56 -1394.58
3 57 -1369.24
3 58 -1339.75
3 59 -1306.1
3 60 -1268.27
3 61 -1226.35
3 62 -1180.44
3 63 -1130.76
3 64 -1077.55
3 65 -1021.2
3 66 -962.122
3 67 -900.839
3 68 -837.922
3 69 -774.011
3 70 -709.776
3 71 -645.907
3 72 -583.102
3 73 -522.017
3 74 -463.288
3 75 -407.459
3 76 -355.016
3 77 -306.335
3 78 -261.69
3 79 -221.258
3 80 -185.088
3 81 -153.149
3 82 -125.309
3 83 -101.348
3 84 -81.0214
3 85 -63.9795
3 86 -49.9178
3 87 -38.4539
3 88 -29.2506
3 89 -21.9648
3 90 -16.2834
3 91 -11.897
3 92 -8.59424
3 93 -6.09768
3 94 -4.24657
3 95 -2.92296
3 96 -1.96674
3 97 -1.25277
3 98 -0.758237
3 99 -0.318696
3 100 0

4 0 0
4 1 -0.515061
4 2 -1.1575
4 3 -1.96674
4 4 -3.01339
4 5 -4.52339
4 6 -6.53089
4 7 -9.28049
4 8 -13.0143
4 9 -17.9523
4 10 -24.4256
4 11 -32.8243
4 12 -43.4736
4 13 -56.8827
4 14 -73.4465
4 15 -93.6655
4 16 -118.004
4 17 -146.883
4 18 -180.701
4 19 -219.779
4 20 -264.309
4 21 -314.447
4 22 -370.12
4 23 -431.215
4 24 -497.405
4 25 -568.251
4 26 -643.195
4 27 -721.511
4 28 -802.451
4 29 -885.115
4 30 -968.632
4 31 -1052.07
4 32 -1134.52
4 33 -1215.16
4 34 -1293.16
4 35 -1367.85
4 36 -1438.6
4 37 -1504.95
4 38 -1566.48
4 39 -1622.96
4 40 -1674.19
4 41 -1720.12
4 42 -1760.73
4 43 -1796.09
4 44 -1826.32
4 45 -1851.55
4 46 -1871.93
4 47 -1887.6
4 48 -1898.7
4 49 -1905.31
4 50 -1907.51
4 51 -1905.31
4 52 -1898.7
4 53 -1887.6
4 54 -1871.93
4 55 -1851.55
4 56 -1826.32
4 57 -1796.09
4 58 -1760.73
4 59 -1720.12
4 60 -1674.19
4 61 -1622.96
4 62 -1566.48
4 63 -1504.95
4 64 -1438.6
4 65 -1367.85
4 66 -1293.16
4 67 -1215.16
4 68 -1134.52
4 69 -1052.07
4 70 -968.632
4 71 -885.115
4 72 -802.451
4 73 -721.511
4 74 -643.195
4 75 -568.251
4 76 -497.405
4 77 -431.215
4 78 -370.12
4 79 -314.447
4 80 -264.309
4 81 -219.779
4 82 -180.701
4 83 -146.883
4 84 -118.004
4 85 -93.6655
4 86 -73.4465
4 87 -56.8827
4 88 -43.4736
4 89 -32.8243
4 90 -24.4256
4 91 -17.9523
4 92 -13.0143
4 93 -9.28049
4 94 -6.53089
4 95 -4.52339
4 96 -3.01339
4 97 -1.96674
4 98 -1.1575
4 99 -0.515061
4 100 0

5 0 0
5 1 -0.817587
5 2 -1.72228
5 3 -2.92296
5 4 -4.52339
5 5 -6.63861
5 6 -9.59684
5 7 -13.5701
5 8 -18.8975
5 9 -25.9347
5 10 -35.0989
5 11 -46.842
5 12 -61.7226
5 13 -80.2491
5 14 -103.044
5 15 -130.638
5 16 -163.625
5 17 -202.475
5 18 -247.64
5 19 -299.421
5 20 -358.015
5 21 -423.449
5 22 -495.59
5 23 -574.113
5 24 -658.532
5 25 -748.165
5 26 -842.205
5 27 -939.687
5 28 -1039.58
5 29 -1140.75
5 30 -1242.07
5 31 -1342.42
5 32 -1440.72
5 33 -1535.97
5 34 -1627.28
5 35 -1713.9
5 36 -1795.18
5 37 -1870.68
5 38 -1940.04
5 39 -2003.08
5 40 -2059.72
5 41 -2110.02
5 42 -2154.08
5 43 -2192.12
5 44 -2224.35
5 45 -2251.05
5 46 -2272.47
5 47 -2288.85
5 48 -2300.39
5 49 -2307.25
5 50 -2309.52
5 51 -2307.25
5 52 -2300.39
5 53 -2288.85
5 54 -2272.47
5 55 -2251.05
5 56 -2224.35
5 57 -2192.12
5 58 -2154.08
5 59 -2110.02
5 60 -2059.72
5 61 -2003.08
5 62 -1940.04
5 63 -1870.68
5 64 -1795.18
5 65 -1713.9
5 66 -1627.28
5 67 -1535.97
5 68 -1440.72
5 69 -1342.42
5 70 -1242.07
5 71 -1140.75
5 72 -1039.58
5 73 -939.687
5 74 -842.205
5 75 -748.165
5 76 -658.532
5 77 -574.113
5 78 -495.59
5 79 -423.449
5 80 -358.015
5 81 -299.421
5 82 -247.64
5 83 -202.475
5 84 -163.625
5 85 -130.638
5 86 -103.044
5 87 -80.2491
5 88 -61.7226
5 89 -46.842
5 90 -35.0989
5 91 -25.9347
5 92 -18.8975
5 93 -13.5701
5 94 -9.59684
5 95 -6.63861
5 96 -4.52339
5 97 -2.92296
5 98 -1.72228
5 99 -0.817587
5 100 0

6 0 0
6 1 -1.21115
6 2 -2.55873
6 3 -4.24657
6 4 -6.53088
6 5 -9.59684
6 6 -13.7182
6 7 -19.3337
6 8 -26.7441
6 9 -36.4853
6 10 -49.0536
6 11 -65.0631
6 12 -85.1641
6 13 -110.046
6 14 -140.363
6 15 -176.843
6 16 -220.026
6 17 -270.525
6 18 -328.699
6 19 -394.846
6 20 -469.046
6 21 -551.171
6 22 -640.907
6 23 -737.69
6 24 -840.756
6 25 -949.166
6 26 -1061.77
6 27 -1177.36
6 28 -1294.57
6 29 -1412.07
6 30 -1528.47
6 31 -1642.48
6 32 -1752.9
6 33 -1858.64
6 34 -1958.81
6 35 -2052.63
6 36 -2139.59
6 37 -2219.26
6 38 -2291.5
6 39 -2356.24
6 40 -2413.62
6 41 -2463.83
6 42 -2507.22
6 43 -2544.14
6 44 -2575.03
6 45 -2600.28
6 46 -2620.32
6 47 -2635.5
6 48 -2646.11
6 49 -2652.38
6 50 -2654.46
6 51 -2652.38
6 52 -2646.11
6 53 -2635.5
6 54 -2620.32
6 55 -2600.28
6 56 -2575.03
6 57 -2544.14
6 58 -2507.22
6 59 -2463.83
6 60 -2413.62
6 61 -2356.24
6 62 -2291.5
6 63 -2219.26
6 64 -2139.59
6 65 -2052.63
6 66 -1958.81
6 67 -1858.64
6 68 -1752.9
6 69 -1642.48
6 70 -1528.47
6 71 -1412.07
6 72 -1294.57
6 73 -1177.36
6 74 -1061.77
6 75 -949.166
6 76 -840.756
6 77 -737.69
6 78 -640.907
6 79 -551.171
6 80 -469.046
6 81 -394.846
6 82 -328.699
6 83 -270.525
6 84 -220.026
6 85 -176.843
6 86 -140.363
6 87 -110.046
6 88 -85.1641
6 89 -65.0631
6 90 -49.0536
6 91 -36.4853
6 92 -26.7441
6 93 -19.3337
6 94 -13.7182
6 95 -9.59684
6 96 -6.53088
6 97 -4.24657
6 98 -2.55873
6 99 -1.21115
6 100 0

7 0 0
7 1 -1.723
7 2 -3.67424
7 3 -6.09768
7 4 -9.28049
7 5 -13.5701
7 6 -19.3337
7 7 -26.9851
7 8 -37.123
7 9 -50.3005
7 10 -67.2162
7 11 -88.551
7 12 -115.148
7 13 -147.745
7 14 -187.174
7 15 -234.149
7 16 -289.336
7 17 -353.229
7 18 -426.21
7 19 -508.366
7 20 -599.659
7 21 -699.677
7 22 -807.856
7 23 -923.297
7 24 -1044.91
7 25 -1171.41
7 26 -1301.3
7 27 -1433.05
7 28 -1565.02
7 29 -1695.62
7 30 -1823.3
7 31 -1946.63
7 32 -2064.35
7 33 -2175.38
7 34 -2278.89
7 35 -2374.23
7 36 -2461.03
7 37 -2539.1
7 38 -2608.48
7 39 -2669.4
7 40 -2722.21
7 41 -2767.4
7 42 -2805.53
7 43 -2837.24
7 44 -2863.12
7 45 -2883.82
7 46 -2899.88
7 47 -2911.83
7 48 -2920.04
7 49 -2924.86
7 50 -2926.43
7 51 -2924.86
7 52 -2920.04
7 53 -2911.83
7 54 -2899.88
7 55 -2883.82
7 56 -2863.12
7 57 -2837.24
7 58 -2805.53
7 59 -2767.4
7 60 -2722.21
7 61 -2669.4
7 62 -2608.48
7 63 -2539.1
7 64 -2461.03
7 65 -2374.23
7 66 -2278.89
7 67 -2175.38
7 68 -2064.35
7 69 -1946.63
7 70 -1823.3
7 71 -1695.62
7 72 -1565.02
7 73 -1433.05
7 74 -1301.3
7 75 -1171.41
7 76 -1044.91
7 77 -923.297
7 78 -807.856
7 79 -699.677
7 80 -599.659
7 81 -508.366
7 82 -426.21
7 83 -353.229
7 84 -289.336
7 85 -234.149
7 86 -187.174
7 87 -147.745
7 88 -115.148
7 89 -88.551
7 90 -67.2162
7 91 -50.3005
7 92 -37.123
7 93 -26.9851
7 94 -19.3337
7 95 -13.5701
7 96 -9.28049
7 97 -6.09768
7 98 -3.67424
7 99 -1.723
7 100 0

8 0 0
8 1 -2.42277
8 2 -5.17475
8 3 -8.59425
8 4 -13.0143
8 5 -18.8975
8 6 -26.7441
8 7 -37.123
8 8 -50.6969
8 9 -68.2447
8 10 -90.5416
8 11 -118.507
8 12 -152.973
8 13 -194.92
8 14 -245.15
8 15 -304.466
8 16 -373.464
8 17 -452.599
8 18 -542.031
8 19 -641.726
8 20 -751.257
8 21 -869.995
8 22 -996.908
8 23 -1130.77
8 24 -1270.04
8 25 -1413.05
8 26 -1557.95
8 27 -1702.84
8 28 -1845.86
8 29 -1985.18
8 30 -2119.16
8 31 -2246.31
8 32 -2365.41
8 33 -2475.5
8 34 -2575.9
8 35 -2666.2
8 36 -2746.3
8 37 -2816.32
8 38 -2876.64
8 39 -2927.78
8 40 -2970.46
8 41 -3005.45
8 42 -3033.64
8 43 -3055.9
8 44 -3073.12
8 45 -3086.11
8 46 -3095.64
8 47 -3102.33
8 48 -3106.73
8 49 -3109.21
8 50 -3110.01
8 51 -3109.21
8 52 -3106.73
8 53 -3102.33
8 54 -3095.64
8 55 -3086.11
8 56 -3073.12
8 57 -3055.9
8 58 -3033.64
8 59 -3005.45
8 60 -2970.46
8 61 -2927.78
8 62 -2876.64
8 63 -2816.32
8 64 -2746.3
8 65 -2666.2
8 66 -2575.9
8 67 -2475.5
8 68 -2365.41
8 69 -2246.31
8 70 -2119.16
8 71 -1985.18
8 72 -1845.86
8 73 -1702.84
8 74 -1557.95
8 75 -1413.05
8 76 -1270.04
8 77 -1130.77
8 78 -996.908
8 79 -869.995
8 80 -751.257
8 81 -641.726
8 82 -542.031
8 83 -452.599
8 84 -373.464
8 85 -304.466
8 86 -245.15
8 87 -194.92
8 88 -152.973
8 89 -118.507
8 90 -90.5416
8 91 -68.2447
8 92 -50.6969
8 93 -37.123
8 94 -26.7441
8 95 -18.8975
8 96 -13.0143
8 97 -8.59425
8 98 -5.17475
8 99 -2.42277
8 100 0

9 0 0
9 1 -3.39031
9 2 -7.21997
9 3 -11.897
9 4 -17.9523
9 5 -25.9347
9 6 -36.4853
9 7 -50.3005
9 8 -68.2446
9 9 -91.2003
9 10 -120.142
9 11 -156.105
9 12 -200.104
9 13 -253.068
9 14 -315.975
9 15 -389.445
9 16 -474.096
9 17 -570.121
9 18 -677.495
9 19 -795.817
9 20 -924.328
9 21 -1061.91
9 22 -1207.14
9 23 -1358.23
9 24 -1513.28
9 25 -1670.09
9 26 -1826.52
9 27 -1980.32
9 28 -2129.43
9 29 -2271.89
9 30 -2406.02
9 31 -2530.42
9 32 -2644
9 33 -2746.06
9 34 -2836.16
9 35 -2914.33
9 36 -2980.76
9 37 -3036.04
9 38 -3080.9
9 39 -3116.29
9 40 -3143.3
9 41 -3163.07
9 42 -3176.8
9 43 -3185.66
9 44 -3190.78
9 45 -3193.18
9 46 -3193.82
9 47 -3193.46
9 48 -3192.74
9 49 -3192.12
9 50 -3191.89
9 51 -3192.12
9 52 -3192.74
9 53 -3193.46
9 54 -3193.82
9 55 -3193.18
9 56 -3190.78
9 57 -3185.66
9 58 -3176.8
9 59 -3163.07
9 60 -3143.3
9 61 -3116.29
9 62 -3080.9
9 63 -3036.04
9 64 -2980.76
9 65 -2914.33
9 66 -2836.16
9 67 -2746.06
9 68 -2644
9 69 -2530.42
9 70 -2406.02
9 71 -2271.89
9 72 -2129.43
9 73 -1980.32
9 74 -1826.52
9 75 -1670.09
9 76 -1513.28
9 77 -1358.23
9 78 -1207.14
9 79 -1061.91
9 80 -924.328
9 81 -795.817
9 82 -677.495
9 83 -570.121
9 84 -474.096
9 85 -389.445
9 86 -315.975
9 87 -253.068
9 88 -200.104
9 89 -156.105
9 90 -120.142
9 91 -91.2003
9 92 -68.2446
9 93 -50.3005
9 94 -36.4853
9 95 -25.9347
9 96 -17.9523
9 97 -11.897
9 98 -7.21997
9 99 -3.39031
9 100 0

10 0 0
10 1 -4.66623
10 2 -9.90171
10 3 -16.2834
10 4 -24.4256
10 5 -35.0989
10 6 -49.0536
10 7 -67.2162
10 8 -90.5416
10 9 -120.142
10 10 -157.154
10 11 -202.688
10 12 -257.87
10 13 -323.719
10 14 -401.035
10 15 -490.518
10 16 -592.412
10 17 -706.774
10 18 -833.115
10 19 -970.664
10 20 -1118.12
10 21 -1273.89
10 22 -1435.95
10 23 -1602.05
10 24 -1769.72
10 25 -1936.43
10 26 -2099.6
10 27 -2256.81
10 28 -2405.82
10 29 -2544.7
10 30 -2671.83
10 31 -2786.02
10 32 -2886.48
10 33 -2972.86
10 34 -3045.19
10 35 -3103.89
10 36 -3149.71
10 37 -3183.65
10 38 -3206.97
10 39 -3221.03
10 40 -3227.34
10 41 -3227.39
10 42 -3222.73
10 43 -3214.78
10 44 -3204.93
10 45 -3194.37
10 46 -3184.22
10 47 -3175.34
10 48 -3168.5
10 49 -3164.16
10 50 -3162.7
10 51 -3164.16
10 52 -3168.5
10 53 -3175.34
10 54 -3184.22
10 55 -3194.37
10 56 -3204.93
10 57 -3214.78
10 58 -3222.73
10 59 -3227.39
10 60 -3227.34
10 61 -3221.03
10 62 -3206.97
10 63 -3183.65
10 64 -3149.71
10 65 -3103.89
10 66 -3045.19
10 67 -2972.86
10 68 -2886.48
10 69 -2786.02
10 70 -2671.83
10 71 -2544.7
10 72 -2405.82
10 73 -2256.81
10 74 -2099.6
10 75 -1936.43
10 76 -1769.72
10 77 -1602.05
10 78 -1435.95
10 79 -1273.89
10 80 -1118.12
10 81 -970.664
10 82 -833.115
10 83 -706.774
10 84 -592.412
10 85 -490.518
10 86 -401.035
10 87 -323.719
10 88 -257.87
10 89 -202.688
10 90 -157.154
10 91 -120.142
10 92 -90.5416
10 93 -67.2162
10 94 -49.0536
10 95 -35.0989
10 96 -24.4256
10 97 -16.2834
10 98 -9.90171
10 99 -4.66623
10 100 0

11 0 0
11 1 -6.33796
11 2 -13.4129
11 3 -21.9648
11 4 -32.8243
11 5 -46.842
11 6 -65.063
11 7 -88.551
11 8 -118.507
11 9 -156.105
11 10 -202.688
11 11 -259.488
11 12 -327.606
11 13 -408.086
11 14 -501.623
11 15 -608.625
11 16 -729.171
11 17 -862.738
11 18 -1008.54
11 19 -1165.09
11 20 -1330.62
11 21 -1502.82
11 22 -1679.14
11 23 -1856.73
11 24 -2032.67
11 25 -2203.99
11 26 -2367.9
11 27 -2521.81
11 28 -2663.5
11 29 -2791.11
11 30 -2903.35
11 31 -2999.33
11 32 -3078.74
11 33 -3141.71
11 34 -3188.84
11 35 -3221.11
11 36 -3239.82
11 37 -3246.52
11 38 -3242.97
11 39 -3230.99
11 40 -3212.47
11 41 -3189.3
11 42 -3163.24
11 43 -3136.02
11 44 -3109.14
11 45 -3084.02
11 46 -3061.8
11 47 -3043.5
11 48 -3029.87
11 49 -3021.48
11 50 -3018.63
11 51 -3021.48
11 52 -3029.87
11 53 -3043.5
11 54 -3061.8
11 55 -3084.02
11 56 -3109.14
11 57 -3136.02
11 58 -3163.24
11 59 -3189.3
11 60 -3212.47
11 61 -3230.99
11 62 -3242.97
11 63 -3246.52
11 64 -3239.82
11 65 -3221.11
11 66 -3188.84
11 67 -3141.71
11 68 -3078.74
11 69 -2999.33
11 70 -2903.35
11 71 -2791.11
11 72 -2663.5
11 73 -2521.81
11 74 -2367.9
11 75 -2203.99
11 76 -2032.67
11 77 -1856.73
11 78 -1679.14
11 79 -1502.82
11 80 -1330.62
11 81 -1165.09
11 82 -1008.54
11 83 -862.738
11 84 -729.171
11 85 -608.625
11 86 -501.623
11 87 -408.086
11 88 -327.606
11 89 -259.488
11 90 -202.688
11 91 -156.105
11 92 -118.507
11 93 -88.551
11 94 -65.063
11 95 -46.842
11 96 -32.8243
11 97 -21.9648
11 98 -13.4129
11 99 -6.33796
11 100 0

12 0 0
12 1 -8.51642
12 2 -17.9353
12 3 -29.2506
12 4 -43.4736
12 5 -61.7226
12 6 -85.1641
12 7 -115.148
12 8 -152.973
12 9 -200.104
12 10 -257.87
12 11 -327.606
12 12 -410.458
12 13 -507.233
12 14 -618.498
12 15 -744.319
12 16 -884.274
12 17 -1037.45
12 18 -1202.27
12 19 -1376.78
12 20 -1558.35
12 21 -1744.15
12 22 -1930.85
12 23 -2115.18
12 24 -2293.7
12 25 -2463.19
12 26 -2620.69
12 27 -2763.62
12 28 -2889.92
12 29 -2998.07
12 30 -3087.17
12 31 -3156.88
12 32 -3207.47
12 33 -3239.73
12 34 -3254.9
12 35 -3254.61
12 36 -3240.76
12 37 -3215.49
12 38 -3180.99
12 39 -3139.59
12 40 -3093.48
12 41 -3044.85
12 42 -2995.69
12 43 -2947.88
12 44 -2903.05
12 45 -2862.68
12 46 -2827.96
12 47 -2799.94
12 48 -2779.35
12 49 -2766.79
12 50 -2762.56
12 51 -2766.79
12 52 -2779.35
12 53 -2799.94
12 54 -2827.96
12 55 -2862.68
12 56 -2903.05
12 57 -2947.88
12 58 -2995.69
12 59 -3044.85
12 60 -3093.48
12 61 -3139.59
12 62 -3180.99
12 63 -3215.49
12 64 -3240.76
12 65 -3254.61
12 66 -3254.9
12 67 -3239.73
12 68 -3207.47
12 69 -3156.88
12 70 -3087.17
12 71 -2998.07
12 72 -2889.92
12 73 -2763.62
12 74 -2620.69
12 75 -2463.19
12 76 -2293.7
12 77 -2115.18
12 78 -1930.85
12 79 -1744.15
12 80 -1558.35
12 81 -1376.78
12 82 -1202.27
12 83 -1037.45
12 84 -884.274
12 85 -744.319
12 86 -618.498
12 87 -507.233
12 88 -410.458
12 89 -327.606
12 90 -257.87
12 91 -200.104
12 92 -152.973
12 93 -115.148
12 94 -85.1641
12 95 -61.7226
12 96 -43.4736
12 97 -29.2506
12 98 -17.9353
12 99 -8.51642
12 100 0

13 0 0
13 1 -11.2547
13 2 -23.669
13 3 -38.4539
13 4 -56.8827
13 5 -80.2491
13 6 -110.046
13 7 -147.745
13 8 -194.92
13 9 -253.068
13 10 -323.719
13 11 -408.086
13 12 -507.233
13 13 -621.819
13 14 -751.965
13 15 -897.362
13 16 -1056.98
13 17 -1229.23
13 18 -1411.89
13 19 -1602.1
13 20 -1796.65
13 21 -1991.82
13 22 -2183.88
13 23 -2368.87
13 24 -2543.18
13 25 -2703.33
13 26 -2846.43
13 27 -2970.08
13 28 -3072.61
13 29 -3152.97
13 30 -3210.89
13 31 -3246.73
13 32 -3261.51
13 33 -3256.74
13 34 -3234.42
13 35 -3196.82
13 36 -3146.52
13 37 -3086.12
13 38 -3018.34
13 39 -2945.79
13 40 -2870.99
13 41 -2796.27
13 42 -2723.81
13 43 -2655.49
13 44 -2593
13 45 -2537.78
13 46 -2491.02
13 47 -2453.67
13 48 -2426.48
13 49 -2409.95
13 50 -2404.42
13 51 -2409.95
13 52 -2426.48
13 53 -2453.67
13 54 -2491.02
13 55 -2537.78
13 56 -2593
13 57 -2655.49
13 58 -2723.81
13 59 -2796.27
13 60 -2870.99
13 61 -2945.79
13 62 -3018.34
13 63 -3086.12
13 64 -3146.52
13 65 -3196.82
13 66 -3234.42
13 67 -3256.74
13 68 -3261.51
13 69 -3246.73
13 70 -3210.89
13 71 -3152.97
13 72 -3072.61
13 73 -2970.08
13 74 -2846.43
13 75 -2703.33
13 76 -2543.18
13 77 -2368.87
13 78 -2183.88
13 79 -1991.82
13 80 -1796.65
13 81 -1602.1
13 82 -1411.89
13 83 -1229.23
13 84 -1056.98
13 85 -897.362
13 86 -751.965
13 87 -621.819
13 88 -507.233
13 89 -408.086
13 90 -323.719
13 91 -253.068
13 92 -194.92
13 93 -147.745
13 94 -110.046
13 95 -80.2491
13 96 -56.8827
13 97 -38.4539
13 98 -23.669
13 99 -11.2547
13 100 0

14 0 0
14 1 -14.7072
14 2 -30.8432
14 3 -49.9178
14 4 -73.4465
14 5 -103.044
14 6 -140.363
14 7 -187.174
14 8 -245.15
14 9 -315.975
14 10 -401.035
14 11 -501.623
14 12 -618.498
14 13 -751.965
14 14 -901.753
14 15 -1066.84
14 16 -1245.57
14 17 -1435.53
14 18 -1633.65
14 19 -1836.3
14 20 -2039.43
14 21 -2238.71
14 22 -2429.78
14 23 -2608.44
14 24 -2770.74
14 25 -2913.4
14 26 -3033.63
14 27 -3129.57
14 28 -3200.01
14 29 -3244.73
14 30 -3264.19
14 31 -3259.63
14 32 -3232.9
14 33 -3186.35
14 34 -3122.72
14 35 -3044.98
14 36 -2956.25
14 37 -2859.64
14 38 -2758.17
14 39 -2654.74
14 40 -2551.99
14 41 -2452.36
14 42 -2357.96
14 43 -2270.69
14 44 -2192.09
14 45 -2123.53
14 46 -2066.05
14 47 -2020.51
14 48 -1987.54
14 49 -1967.59
14 50 -1960.91
14 51 -1967.59
14 52 -1987.54
14 53 -2020.51
14 54 -2066.05
14 55 -2123.53
14 56 -2192.09
14 57 -2270.69
14 58 -2357.96
14 59 -2452.36
14 60 -2551.99
14 61 -2654.74
14 62 -2758.17
14 63 -2859.64
14 64 -2956.25
14 65 -3044.98
14 66 -3122.72
14 67 -3186.35
14 68 -3232.9
14 69 -3259.63
14 70 -3264.19
14 71 -3244.73
14 72 -3200.01
14 73 -3129.57
14 74 -3033.63
14 75 -2913.4
14 76 -2770.74
14 77 -2608.44
14 78 -2429.78
14 79 -2238.71
14 80 -2039.43
14 81 -1836.3
14 82 -1633.65
14 83 -1435.53
14 84 -1245.57
14 85 -1066.84
14 86 -901.753
14 87 -751.965
14 88 -618.498
14 89 -501.623
14 90 -401.035
14 91 -315.975
14 92 -245.15
14 93 -187.174
14 94 -140.363
14 95 -103.044
14 96 -73.4465
14 97 -49.9178
14 98 -30.8432
14 99 -14.7072
14 100 0

15 0 0
15 1 -18.9702
15 2 -39.7015
15 3 -63.9795
15 4 -93.6655
15 5 -130.638
15 6 -176.843
15 7 -234.149
15 8 -304.467
15 9 -389.445
15 10 -490.519
15 11 -608.624
15 12 -744.319
15 13 -897.362
15 14 -1066.84
15 15 -1251.05
15 16 -1447.42
15 17 -1652.7
15 18 -1862.89
15 19 -2073.52
15 20 -2279.76
15 21 -2476.72
15 22 -2659.61
15 23 -2824
15 24 -2966.07
15 25 -3082.68
15 26 -3171.68
15 27 -3231.72
15 28 -3262.57
15 29 -3264.77
15 30 -3239.86
15 31 -3189.95
15 32 -3117.89
15 33 -3026.8
15 34 -2920.24
15 35 -2801.71
15 36 -2674.87
15 37 -2543.11
15 38 -2409.74
15 39 -2277.7
15 40 -2149.67
15 41 -2027.98
15 42 -1914.63
15 43 -1811.3
15 44 -1719.37
15 45 -1639.95
15 46 -1573.92
15 47 -1521.94
15 48 -1484.48
15 49 -1461.88
15 50 -1454.33
15 51 -1461.88
15 52 -1484.48
15 53 -1521.94
15 54 -1573.92
15 55 -1639.95
15 56 -1719.37
15 57 -1811.3
15 58 -1914.63
15 59 -2027.98
15 60 -2149.67
15 61 -2277.7
15 62 -2409.74
15 63 -2543.11
15 64 -2674.87
15 65 -2801.71
15 66 -2920.24
15 67 -3026.8
15 68 -3117.89
15 69 -3189.95
15 70 -3239.86
15 71 -3264.77
15 72 -3262.57
15 73 -3231.72
15 74 -3171.68
15 75 -3082.68
15 76 -2966.07
15 77 -2824
15 78 -2659.61
15 79 -2476.72
15 80 -2279.76
15 81 -2073.52
15 82 -1862.89
15 83 -1652.7
15 84 -1447.42
15 85 -1251.05
15 86 -1066.84
15 87 -897.362
15 88 -744.319
15 89 -608.624
15 90 -490.519
15 91 -389.445
15 92 -304.467
15 93 -234.149
15 94 -176.843
15 95 -130.638
15 96 -93.6655
15 97 -63.9795
15 98 -39.7015
15 99 -18.9702
15 100 0

16 0 0
16 1 -24.1594
16 2 -50.4551
16 3 -81.0214
16 4 -118.004
16 5 -163.625
16 6 -220.026
16 7 -289.336
16 8 -373.464
16 9 -474.096
16 10 -592.412
16 11 -729.171
16 12 -884.274
16 13 -1056.98
16 14 -1245.57
16 15 -1447.42
16 16 -1659.07
16 17 -1876.23
16 18 -2094
16 19 -2307.07
16 20 -2509.98
16 21 -2697.32
16 22 -2864.12
16 23 -3005.97
16 24 -3119.35
16 25 -3201.7
16 26 -3251.56
16 27 -3268.58
16 28 -3253.45
16 29 -3207.93
16 30 -3134.49
16 31 -3036.45
16 32 -2917.39
16 33 -2781.45
16 34 -2632.62
16 35 -2475.1
16 36 -2312.72
16 37 -2149.18
16 38 -1987.73
16 39 -1831.31
16 40 -1682.38
16 41 -1543.08
16 42 -1415.09
16 43 -1299.82
16 44 -1198.29
16 45 -1111.35
16 46 -1039.56
16 47 -983.376
16 48 -943.059
16 49 -918.806
16 50 -910.709
16 51 -918.806
16 52 -943.059
16 53 -983.376
16 54 -1039.56
16 55 -1111.35
16 56 -1198.29
16 57 -1299.82
16 58 -1415.09
16 59 -1543.08
16 60 -1682.38
16 61 -1831.31
16 62 -1987.73
16 63 -2149.18
16 64 -2312.72
16 65 -2475.1
16 66 -2632.62
16 67 -2781.45
16 68 -2917.39
16 69 -3036.45
16 70 -3134.49
16 71 -3207.93
16 72 -3253.45
16 73 -3268.58
16 74 -3251.56
16 75 -3201.7
16 76 -3119.35
16 77 -3005.97
16 78 -2864.12
16 79 -2697.32
16 80 -2509.98
16 81 -2307.07
16 82 -2094
16 83 -1876.23
16 84 -1659.07
16 85 -1447.42
16 86 -1245.57
16 87 -1056.98
16 88 -884.274
16 89 -729.171
16 90 -592.412
16 91 -474.096
16 92 -373.464
16 93 -289.336
16 94 -220.026
16 95 -163.625
16 96 -118.004
16 97 -81.0214
16 98 -50.4551
16 99 -24.1594
16 100 0

17 0 0
17 1 -30.4237
17 2 -63.3752
17 3 -101.348
17 4 -146.883
17 5 -202.475
17 6 -270.525
17 7 -353.229
17 8 -452.599
17 9 -570.121
17 10 -706.774
17 11 -862.738
17 12 -1037.45
17 13 -1229.23
17 14 -1435.53
17 15 -1652.71
17 16 -1876.23
17 17 -2100.84
17 18 -2320.7
17 19 -2529.82
17 20 -2722.13
17 21 -2892.03
17 22 -3034.53
17 23 -3145.58
17 24 -3222.23
17 25 -3262.76
17 26 -3266.73
17 27 -3234.93
17 28 -3169.32
17 29 -3072.78
17 30 -2949.05
17 31 -2802.31
17 32 -2637.23
17 33 -2458.43
17 34 -2270.62
17 35 -2078.13
17 36 -1885.11
17 37 -1695.08
17 38 -1511.29
17 39 -1336.29
17 40 -1172.34
17 41 -1021.04
17 42 -883.809
17 43 -761.482
17 44 -654.829
17 45 -564.185
17 46 -489.903
17 47 -432.028
17 48 -390.715
17 49 -365.894
17 50 -357.647
17 51 -365.894
17 52 -390.715
17 53 -432.028
17 54 -489.903
17 55 -564.185
17 56 -654.829
17 57 -761.482
17 58 -883.809
17 59 -1021.04
17 60 -1172.34
17 61 -1336.29
17 62 -1511.29
17 63 -1695.08
17 64 -1885.11
17 65 -2078.13
17 66 -2270.62
17 67 -2458.43
17 68 -2637.23
17 69 -2802.31
17 70 -2949.05
17 71 -3072.78
17 72 -3169.32
17 73 -3234.93
17 74 -3266.73
17 75 -3262.76
17 76 -3222.23
17 77 -3145.58
17 78 -3034.53
17 79 -2892.03
17 80 -2722.13
17 81 -2529.82
17 82 -2320.7
17 83 -2100.84
17 84 -1876.23
17 85 -1652.71
17 86 -1435.53
17 87 -1229.23
17 88 -1037.45
17 89 -862.738
17 90 -706.774
17 91 -570.121
17 92 -452.599
17 93 -353.229
17 94 -270.525
17 95 -202.475
17 96 -146.883
17 97 -101.348
17 98 -63.3752
17 99 -30.4237
17 100 0

18 0 0
18 1 -37.8451
18 2 -78.6464
18 3 -125.309
18 4 -180.701
18 5 -247.64
18 6 -328.699
18 7 -426.21
18 8 -542.031
18 9 -677.495
18 10 -833.115
18 11 -1008.54
18 12 -1202.27
18 13 -1411.89
18 14 -1633.65
18 15 -1862.88
18 16 -2094
18 17 -2320.7
18 18 -2536.4
18 19 -2734.43
18 20 -2908.46
18 21 -3052.88
18 22 -3163.03
18 23 -3235.48
18 24 -3268.21
18 25 -3260.6
18 26 -3213.5
18 27 -3129.04
18 28 -3010.52
18 29 -2862.11
18 30 -2688.64
18 31 -2495.34
18 32 -2287.52
18 33 -2070.45
18 34 -1849.04
18 35 -1627.86
18 36 -1410.82
18 37 -1201.41
18 38 -1002.32
18 39 -815.847
18 40 -643.581
18 41 -486.792
18 42 -346.172
18 43 -222.253
18 44 -115.145
18 45 -24.9382
18 46 48.5514
18 47 105.415
18 48 145.902
18 49 170.098
18 50 178.176
18 51 170.098
18 52 145.902
18 53 105.415
18 54 48.5514
18 55 -24.9382
18 56 -115.145
18 57 -222.253
18 58 -346.172
18 59 -486.792
18 60 -643.581
18 61 -815.847
18 62 -1002.32
18 63 -1201.41
18 64 -1410.82
18 65 -1627.86
18 66 -1849.04
18 67 -2070.45
18 68 -2287.52
18 69 -2495.34
18 70 -2688.64
18 71 -2862.11
18 72 -3010.52
18 73 -3129.04
18 74 -3213.5
18 75 -3260.6
18 76 -3268.21
18 77 -3235.48
18 78 -3163.03
18 79 -3052.88
18 80 -2908.46
18 81 -2734.43
18 82 -2536.4
18 83 -2320.7
18 84 -2094
18 85 -1862.88
18 86 -1633.65
18 87 -1411.89
18 88 -1202.27
18 89 -1008.54
18 90 -833.115
18 91 -677.495
18 92 -542.031
18 93 -426.21
18 94 -328.699
18 95 -247.64
18 96 -180.701
18 97 -125.309
18 98 -78.6464
18 99 -37.8451
18 100 0

19 0 0
19 1 -46.5446
19 2 -96.4865
19 3 -153.149
19 4 -219.779
19 5 -299.421
19 6 -394.846
19 7 -508.366
19 8 -641.726
19 9 -795.816
19 10 -970.664
19 11 -1165.09
19 12 -1376.78
19 13 -1602.1
19 14 -1836.3
19 15 -2073.52
19 16 -2307.07
19 17 -2529.82
19 18 -2734.43
19 19 -2913.89
19 20 -3061.83
19 21 -3172.96
19 22 -3243.26
19 23 -3270.29
19 24 -3253.21
19 25 -3192.82
19 26 -3091.43
19 27 -2952.67
19 28 -2781.22
19 29 -2582.51
19 30 -2362.44
19 31 -2127.03
19 32 -1882.18
19 33 -1633.45
19 34 -1385.86
19 35 -1143.79
19 36 -910.912
19 37 -690.174
19 38 -483.844
19 39 -293.503
19 40 -120.228
19 41 35.4626
19 42 173.334
19 43 293.553
19 44 396.368
19 45 482.264
19 46 551.666
19 47 605.095
19 48 642.91
19 49 665.487
19 50 672.971
19 51 665.487
19 52 642.91
19 53 605.095
19 54 551.666
19 55 482.264
19 56 396.368
19 57 293.553
19 58 173.334
19 59 35.4626
19 60 -120.228
19 61 -293.503
19 62 -483.844
19 63 -690.174
19 64 -910.912
19 65 -1143.79
19 66 -1385.86
19 67 -1633.45
19 68 -1882.18
19 69 -2127.03
19 70 -2362.44
19 71 -2582.51
19 72 -2781.22
19 73 -2952.67
19 74 -3091.43
19 75 -3192.82
19 76 -3253.21
19 77 -3270.29
19 78 -3243.26
19 79 -3172.96
19 80 -3061.83
19 81 -2913.89
19 82 -2734.43
19 83 -2529.82
19 84 -2307.07
19 85 -2073.52
19 86 -1836.3
19 87 -1602.1
19 88 -1376.78
19 89 -1165.09
19 90 -970.664
19 91 -795.816
19 92 -641.726
19 93 -508.366
19 94 -394.846
19 95 -299.421
19 96 -219.779
19 97 -153.149
19 98 -96.4865
19 99 -46.5446
19 100 0

20 0 0
20 1 -56.6074
20 2 -117.049
20 3 -185.088
20 4 -264.309
20 5 -358.015
20 6 -469.046
20 7 -599.659
20 8 -751.257
20 9 -924.327
20 10 -1118.12
20 11 -1330.62
20 12 -1558.35
20 13 -1796.65
20 14 -2039.43
20 15 -2279.76
20 16 -2509.98
20 17 -2722.13
20 18 -2908.46
20 19 -3061.83
20 20 -3176.18
20 21 -3246.84
20 22 -3270.8
20 23 -3246.93
20 24 -3175.87
20 25 -3060.04
20 26 -2903.36
20 27 -2711
20 28 -2489.03
20 29 -2244.02
20 30 -1982.78
20 31 -1711.92
20 32 -1437.66
20 33 -1165.6
20 34 -900.577
20 35 -646.576
20 36 -406.732
20 37 -183.364
20 38 21.9985
20 39 208.454
20 40 375.702
20 41 523.841
20 42 653.339
20 43 764.858
20 44 859.205
20 45 937.237
20 46 999.767
20 47 1047.55
20 48 1081.21
20 49 1101.22
20 50 1107.85
20 51 1101.22
20 52 1081.21
20 53 1047.55
20 54 999.767
20 55 937.237
20 56 859.205
20 57 764.858
20 58 653.339
20 59 523.841
20 60 375.702
20 61 208.454
20 62 21.9985
20 63 -183.364
20 64 -406.732
20 65 -646.576
20 66 -900.577
20 67 -1165.6
20 68 -1437.66
20 69 -1711.92
20 70 -1982.78
20 71 -2244.02
20 72 -2489.03
20 73 -2711
20 74 -2903.36
20 75 -3060.04
20 76 -3175.87
20 77 -3246.93
20 78 -3270.8
20 79 -3246.84
20 80 -3176.18
20 81 -3061.83
20 82 -2908.46
20 83 -2722.13
20 84 -2509.98
20 85 -2279.76
20 86 -2039.43
20 87 -1796.65
20 88 -1558.35
20 89 -1330.62
20 90 -1118.12
20 91 -924.327
20 92 -751.257
20 93 -599.659
20 94 -469.046
20 95 -358.015
20 96 -264.309
20 97 -185.088
20 98 -117.049
20 99 -56.6074
20 100 0

21 0 0
21 1 -68.0706
21 2 -140.432
21 3 -221.258
21 4 -314.447
21 5 -423.45
21 6 -551.171
21 7 -699.677
21 8 -869.995
21 9 -1061.91
21 10 -1273.89
21 11 -1502.82
21 12 -1744.15
21 13 -1991.82
21 14 -2238.71
21 15 -2476.72
21 16 -2697.32
21 17 -2892.03
21 18 -3052.88
21 19 -3172.96
21 20 -3246.84
21 21 -3270.85
21 22 -3243.37
21 23 -3164.82
21 24 -3037.58
21 25 -2865.83
21 26 -2655.16
21 27 -2412.27
21 28 -2144.48
21 29 -1859.37
21 30 -1564.36
21 31 -1266.4
21 32 -971.761
21 33 -685.777
21 34 -412.824
21 35 -156.27
21 36 81.5074
21 37 298.987
21 38 495.482
21 39 670.877
21 40 825.665
21 41 960.604
21 42 1076.83
21 43 1175.49
21 44 1257.9
21 45 1325.23
21 46 1378.66
21 47 1419.11
21 48 1447.45
21 49 1464.18
21 50 1469.74
21 51 1464.18
21 52 1447.45
21 53 1419.11
21 54 1378.66
21 55 1325.23
21 56 1257.9
21 57 1175.49
21 58 1076.83
21 59 960.604
21 60 825.665
21 61 670.877
21 62 495.482
21 63 298.987
21 64 81.5074
21 65 -156.27
21 66 -412.824
21 67 -685.777
21 68 -971.761
21 69 -1266.4
21 70 -1564.36
21 71 -1859.37
21 72 -2144.48
21 73 -2412.27
21 74 -2655.16
21 75 -2865.83
21 76 -3037.58
21 77 -3164.82
21 78 -3243.37
21 79 -3270.85
21 80 -3246.84
21 81 -3172.96
21 82 -3052.88
21 83 -2892.03
21 84 -2697.32
21 85 -2476.72
21 86 -2238.71
21 87 -1991.82
21 88 -1744.15
21 89 -1502.82
21 90 -1273.89
21 91 -1061.91
21 92 -869.995
21 93 -699.677
21 94 -551.171
21 95 -423.45
21 96 -314.447
21 97 -221.258
21 98 -140.432
21 99 -68.0706
21 100 0

22 0 0
22 1 -81.0037
22 2 -166.71
22 3 -261.69
22 4 -370.12
22 5 -495.59
22 6 -640.907
22 7 -807.856
22 8 -996.908
22 9 -1207.14
22 10 -1435.95
22 11 -1679.14
22 12 -1930.85
22 13 -2183.88
22 14 -2429.78
22 15 -2659.61
22 16 -2864.12
22 17 -3034.53
22 18 -3163.03
22 19 -3243.26
22 20 -3270.8
22 21 -3243.37
22 22 -3160.99
22 23 -3025.91
22 24 -2842.39
22 25 -2616.44
22 26 -2355.32
22 27 -2067.12
22 28 -1760.22
22 29 -1442.93
22 30 -1123.02
22 31 -807.481
22 32 -502.264
22 33 -212.188
22 34 59.0793
22 35 309.044
22 36 536.197
22 37 740.005
22 38 920.596
22 39 1078.8
22 40 1215.75
22 41 1332.99
22 42 1432.1
22 43 1514.82
22 44 1582.73
22 45 1637.43
22 46 1680.19
22 47 1712.25
22 48 1734.45
22 49 1747.53
22 50 1751.82
22 51 1747.53
22 52 1734.45
22 53 1712.25
22 54 1680.19
22 55 1637.43
22 56 1582.73
22 57 1514.82
22 58 1432.1
22 59 1332.99
22 60 1215.75
22 61 1078.8
22 62 920.596
22 63 740.005
22 64 536.197
22 65 309.044
22 66 59.0793
22 67 -212.188
22 68 -502.264
22 69 -807.481
22 70 -1123.02
22 71 -1442.93
22 72 -1760.22
22 73 -2067.12
22 74 -2355.32
22 75 -2616.44
22 76 -2842.39
22 77 -3025.91
22 78 -3160.99
22 79 -3243.37
22 80 -3270.8
22 81 -3243.26
22 82 -3163.03
22 83 -3034.53
22 84 -2864.12
22 85 -2659.61
22 86 -2429.78
22 87 -2183.88
22 88 -1930.85
22 89 -1679.14
22 90 -1435.95
22 91 -1207.14
22 92 -996.908
22 93 -807.856
22 94 -640.907
22 95 -495.59
22 96 -370.12
22 97 -261.69
22 98 -166.71
22 99 -81.0037
22 100 0

23 0 0
23 1 -95.3697
23 2 -195.849
23 3 -306.335
23 4 -431.215
23 5 -574.114
23 6 -737.69
23 7 -923.298
23 8 -1130.77
23 9 -1358.23
23 10 -1602.05
23 11 -1856.73
23 12 -2115.19
23 13 -2368.88
23 14 -2608.44
23 15 -2824
23 16 -3005.97
23 17 -3145.59
23 18 -3235.48
23 19 -3270.29
23 20 -3246.93
23 21 -3164.82
23 22 -3025.91
23 23 -2834.42
23 24 -2596.63
23 25 -2320.32
23 26 -2014.29
23 27 -1687.8
23 28 -1350.07
23 29 -1009.78
23 30 -674.745
23 31 -351.619
23 32 -45.7835
23 33 238.759
23 34 499.292
23 35 734.307
23 36 943.375
23 37 1126.87
23 38 1285.94
23 39 1422.09
23 40 1537.31
23 41 1633.6
23 42 1713.14
23 43 1777.93
23 44 1829.95
23 45 1870.88
23 46 1902.29
23 47 1925.39
23 48 1941.19
23 49 1950.37
23 50 1953.4
23 51 1950.37
23 52 1941.19
23 53 1925.39
23 54 1902.29
23 55 1870.88
23 56 1829.95
23 57 1777.93
23 58 1713.14
23 59 1633.6
23 60 1537.31
23 61 1422.09
23 62 1285.94
23 63 1126.87
23 64 943.375
23 65 734.307
23 66 499.292
23 67 238.759
23 68 -45.7835
23 69 -351.619
23 70 -674.745
23 71 -1009.78
23 72 -1350.07
23 73 -1687.8
23 74 -2014.29
23 75 -2320.32
23 76 -2596.63
23 77 -2834.42
23 78 -3025.91
23 79 -3164.82
23 80 -3246.93
23 81 -3270.29
23 82 -3235.48
23 83 -3145.59
23 84 -3005.97
23 85 -2824
23 86 -2608.44
23 87 -2368.88
23 88 -2115.19
23 89 -1856.73
23 90 -1602.05
23 91 -1358.23
23 92 -1130.77
23 93 -923.298
23 94 -737.69
23 95 -574.114
23 96 -431.215
23 97 -306.335
23 98 -195.849
23 99 -95.3697
23 100 0

24 0 0
24 1 -111.165
24 2 -227.778
24 3 -355.016
24 4 -497.405
24 5 -658.532
24 6 -840.756
24 7 -1044.91
24 8 -1270.04
24 9 -1513.28
24 10 -1769.72
24 11 -2032.67
24 12 -2293.7
24 13 -2543.18
24 14 -2770.74
24 15 -2966.07
24 16 -3119.35
24 17 -3222.23
24 18 -3268.21
24 19 -3253.21
24 20 -3175.88
24 21 -3037.58
24 22 -2842.39
24 23 -2596.63
24 24 -2308.51
24 25 -1987.52
24 26 -1643.74
24 27 -1287.39
24 28 -928.103
24 29 -574.657
24 30 -234.513
24 31 86.2977
24 32 383.293
24 33 653.501
24 34 895.302
24 35 1108.37
24 36 1293.25
24 37 1451.44
24 38 1584.82
24 39 1695.78
24 40 1786.79
24 41 1860.43
24 42 1919.15
24 43 1965.31
24 44 2000.98
24 45 2028.02
24 46 2048.02
24 47 2062.24
24 48 2071.69
24 49 2077.08
24 50 2078.83
24 51 2077.08
24 52 2071.69
24 53 2062.24
24 54 2048.02
24 55 2028.02
24 56 2000.98
24 57 1965.31
24 58 1919.15
24 59 1860.43
24 60 1786.79
24 61 1695.78
24 62 1584.82
24 63 1451.44
24 64 1293.25
24 65 1108.37
24 66 895.302
24 67 653.501
24 68 383.293
24 69 86.2977
24 70 -234.513
24 71 -574.657
24 72 -928.103
24 73 -1287.39
24 74 -1643.74
24 75 -1987.52
24 76 -2308.51
24 77 -2596.63
24 78 -2842.39
24 79 -3037.58
24 80 -3175.88
24 81 -3253.21
24 82 -3268.21
24 83 -3222.23
24 84 -3119.35
24 85 -2966.07
24 86 -2770.74
24 87 -2543.18
24 88 -2293.7
24 89 -2032.67
24 90 -1769.72
24 91 -1513.28
24 92 -1270.04
24 93 -1044.91
24 94 -840.756
24 95 -658.532
24 96 -497.405
24 97 -355.016
24 98 -227.778
24 99 -111.165
24 100 0

25 0 0
25 1 -128.307
25 2 -262.339
25 3 -407.459
25 4 -568.251
25 5 -748.165
25 6 -949.166
25 7 -1171.41
25 8 -1413.05
25 9 -1670.09
25 10 -1936.43
25 11 -2204
25 12 -2463.19
25 13 -2703.33
25 14 -2913.4
25 15 -3082.69
25 16 -3201.7
25 17 -3262.76
25 18 -3260.6
25 19 -3192.82
25 20 -3060.04
25 21 -2865.83
25 22 -2616.44
25 23 -2320.32
25 24 -1987.52
25 25 -1628.96
25 26 -1255.82
25 27 -878.82
25 28 -507.757
25 29 -151.048
25 30 184.493
25 31 493.795
25 32 773.506
25 33 1021.83
25 34 1238.44
25 35 1424.08
25 36 1580.5
25 37 1709.98
25 38 1815.32
25 39 1899.45
25 40 1965.37
25 41 2015.98
25 42 2053.97
25 43 2081.82
25 44 2101.69
25 45 2115.45
25 46 2124.66
25 47 2130.55
25 48 2134.09
25 49 2135.95
25 50 2136.53
25 51 2135.95
25 52 2134.09
25 53 2130.55
25 54 2124.66
25 55 2115.45
25 56 2101.69
25 57 2081.82
25 58 2053.97
25 59 2015.98
25 60 1965.37
25 61 1899.45
25 62 1815.32
25 63 1709.98
25 64 1580.5
25 65 1424.08
25 66 1238.44
25 67 1021.83
25 68 773.506
25 69 493.795
25 70 184.493
25 71 -151.048
25 72 -507.757
25 73 -878.82
25 74 -1255.82
25 75 -1628.96
25 76 -1987.52
25 77 -2320.32
25 78 -2616.44
25 79 -2865.83
25 80 -3060.04
25 81 -3192.82
25 82 -3260.6
25 83 -3262.76
25 84 -3201.7
25 85 -3082.69
25 86 -2913.4
25 87 -2703.33
25 88 -2463.19
25 89 -2204
25 90 -1936.43
25 91 -1670.09
25 92 -1413.05
25 93 -1171.41
25 94 -949.166
25 95 -748.165
25 96 -568.251
25 97 -407.459
25 98 -262.339
25 99 -128.307
25 100 0

26 0 0
26 1 -146.685
26 2 -299.295
26 3 -463.288
26 4 -643.195
26 5 -842.206
26 6 -1061.77
26 7 -1301.3
26 8 -1557.94
26 9 -1826.52
26 10 -2099.6
26 11 -2367.9
26 12 -2620.69
26 13 -2846.43
26 14 -3033.63
26 15 -3171.68
26 16 -3251.56
26 17 -3266.73
26 18 -3213.5
26 19 -3091.43
26 20 -2903.37
26 21 -2655.16
26 22 -2355.32
26 23 -2014.29
26 24 -1643.74
26 25 -1255.81
26 26 -862.35
26 27 -474.283
26 28 -101.089
26 29 249.449
26 30 571.54
26 31 861.314
26 32 1116.67
26 33 1337.23
26 34 1523.82
26 35 1678.46
26 36 1803.79
26 37 1903.03
26 38 1979.54
26 39 2036.79
26 40 2078.08
26 41 2106.52
26 42 2124.91
26 43 2135.74
26 44 2141.1
26 45 2142.83
26 46 2142.35
26 47 2140.84
26 48 2139.15
26 49 2137.91
26 50 2137.44
26 51 2137.91
26 52 2139.15
26 53 2140.84
26 54 2142.35
26 55 2142.83
26 56 2141.1
26 57 2135.74
26 58 2124.91
26 59 2106.52
26 60 2078.08
26 61 2036.79
26 62 1979.54
26 63 1903.03
26 64 1803.79
26 65 1678.46
26 66 1523.82
26 67 1337.23
26 68 1116.67
26 69 861.314
26 70 571.54
26 71 249.449
26 72 -101.089
26 73 -474.283
26 74 -862.35
26 75 -1255.81
26 76 -1643.74
26 77 -2014.29
26 78 -2355.32
26 79 -2655.16
26 80 -2903.37
26 81 -3091.43
26 82 -3213.5
26 83 -3266.73
26 84 -3251.56
26 85 -3171.68
26 86 -3033.63
26 87 -2846.43
26 88 -2620.69
26 89 -2367.9
26 90 -2099.6
26 91 -1826.52
26 92 -1557.94
26 93 -1301.3
26 94 -1061.77
26 95 -842.206
26 96 -643.195
26 97 -463.288
26 98 -299.295
26 99 -146.685
26 100 0

27 0 0
27 1 -166.182
27 2 -338.37
27 3 -522.017
27 4 -721.511
27 5 -939.687
27 6 -1177.36
27 7 -1433.05
27 8 -1702.84
27 9 -1980.32
27 10 -2256.81
27 11 -2521.81
27 12 -2763.61
27 13 -2970.09
27 14 -3129.57
27 15 -3231.72
27 16 -3268.58
27 17 -3234.94
27 18 -3129.04
27 19 -2952.67
27 20 -2711
27 21 -2412.27
27 22 -2067.12
27 23 -1687.8
27 24 -1287.39
27 25 -878.821
27 26 -474.284
27 27 -84.4634
27 28 281.767
27 29 617.671
27 30 918.731
27 31 1182.38
27 32 1408.06
27 33 1596.63
27 34 1750.28
27 35 1872.04
27 36 1965.47
27 37 2034.44
27 38 2082.85
27 39 2114.44
27 40 2132.73
27 41 2140.85
27 42 2141.6
27 43 2137.33
27 44 2130.07
27 45 2121.42
27 46 2112.72
27 47 2104.95
27 48 2098.91
27 49 2095.07
27 50 2093.77
27 51 2095.07
27 52 2098.91
27 53 2104.95
27 54 2112.72
27 55 2121.42
27 56 2130.07
27 57 2137.33
27 58 2141.6
27 59 2140.85
27 60 2132.73
27 61 2114.44
27 62 2082.85
27 63 2034.44
27 64 1965.47
27 65 1872.04
27 66 1750.28
27 67 1596.63
27 68 1408.06
27 69 1182.38
27 70 918.731
27 71 617.671
27 72 281.767
27 73 -84.4634
27 74 -474.284
27 75 -878.821
27 76 -1287.39
27 77 -1687.8
27 78 -2067.12
27 79 -2412.27
27 80 -2711
27 81 -2952.67
27 82 -3129.04
27 83 -3234.94
27 84 -3268.58
27 85 -3231.72
27 86 -3129.57
27 87 -2970.09
27 88 -2763.61
27 89 -2521.81
27 90 -2256.81
27 91 -1980.32
27 92 -1702.84
27 93 -1433.05
27 94 -1177.36
27 95 -939.687
27 96 -721.511
27 97 -522.017
27 98 -338.37
27 99 -166.182
27 100 0

28 0 0
28 1 -186.595
28 2 -379.186
28 3 -583.102
28 4 -802.451
28 5 -1039.58
28 6 -1294.57
28 7 -1565.02
28 8 -1845.86
28 9 -2129.43
28 10 -2405.82
28 11 -2663.5
28 12 -2889.92
28 13 -3072.61
28 14 -3200.01
28 15 -3262.57
28 16 -3253.45
28 17 -3169.32
28 18 -3010.52
28 19 -2781.21
28 20 -2489.03
28 21 -2144.48
28 22 -1760.22
28 23 -1350.07
28 24 -928.105
28 25 -507.758
28 26 -101.089
28 27 281.767
28 28 632.961
28 29 947.075
28 30 1220.95
28 31 1453.65
28 32 1645.99
28 33 1800.24
