0 0 0
0 1 0
0 2 0
0 3 0
0 4 0
0 5 0
0 6 0
0 7 0
0 8 0
0 9 0
0 10 0
0 11 0
0 12 0
0 13 0
0 14 0
0 15 0
0 16 0
0 17 0
0 18 0
0 19 0
0 20 0
0 21 0
0 22 0
0 23 0
0 24 0
0 25 0
0 26 0
0 27 0
0 28 0
0 29 0
0 30 0
0 31 0
0 32 0
0 33 0
0 34 0
0 35 0
0 36 0
0 37 0
0 38 0
0 39 0
0 40 0
0 41 0
0 42 0
0 43 0
0 44 0
0 45 0
0 46 0
0 47 0
0 48 0
0 49 0
0 50 0
0 51 0
0 52 0
0 53 0
0 54 0
0 55 0
0 56 0
0 57 0
0 58 0
0 59 0
0 60 0
0 61 0
0 62 0
0 63 0
0 64 0
0 65 0
0 66 0
0 67 0
0 68 0
0 69 0
0 70 0
0 71 0
0 72 0
0 73 0
0 74 0
0 75 0
0 76 0
0 77 0
0 78 0
0 79 0
0 80 0
0 81 0
0 82 0
0 83 0
0 84 0
0 85 0
0 86 0
0 87 0
0 88 0
0 89 0
0 90 0
0 91 0
0 92 0
0 93 0
0 94 0
0 95 0
0 96 0
0 97 0
0 98 0
0 99 0
0 100 0

1 0 0
1 1 -2.45894
1 2 -5.16534
1 3 -8.26883
1 4 -12.0003
1 5 -16.6056
1 6 -22.2712
1 7 -29.2487
1 8 -37.8127
1 9 -48.1218
1 10 -60.3806
1 11 -74.8213
1 12 -91.4958
1 13 -110.531
1 14 -131.917
1 15 -155.556
1 16 -181.323
1 17 -208.954
1 18 -238.154
1 19 -268.499
1 20 -299.533
1 21 -330.744
1 22 -361.564
1 23 -391.458
1 24 -419.855
1 25 -446.254
1 26 -470.188
1 27 -491.253
1 28 -509.16
1 29 -523.661
1 30 -534.67
1 31 -542.134
1 32 -546.155
1 33 -546.874
1 34 -544.548
1 35 -539.481
1 36 -532.033
1 37 -522.616
1 38 -511.644
1 39 -499.575
1 40 -486.83
1 41 -473.86
1 42 -461.052
1 43 -448.812
1 44 -437.462
1 45 -427.333
1 46 -418.669
1 47 -411.709
1 48 -406.606
1 49 -403.501
1 50 -402.453
1 51 -403.501
1 52 -406.606
1 53 -411.709
1 54 -418.669
1 55 -427.333
1 56 -437.462
1 57 -448.812
1 58 -461.052
1 59 -473.86
1 60 -486.83
1 61 -499.575
1 62 -511.644
1 63 -522.616
1 64 -532.033
1 65 -539.481
1 66 -544.548
1 67 -546.874
1 68 -546.155
1 69 -542.134
1 70 -534.67
1 71 -523.661
1 72 -509.16
1 73 -491.253
1 74 -470.188
1 75 -446.254
1 76 -419.855
1 77 -391.458
1 78 -361.564
1 79 -330.744
1 80 -299.533
1 81 -268.499
1 82 -238.154
1 83 -208.954
1 84 -181.323
1 85 -155.556
1 86 -131.917
1 87 -110.531
1 88 -91.4958
1 89 -74.8213
1 90 -60.3806
1 91 -48.1218
1 92 -37.8127
1 93 -29.2487
1 94 -22.2712
1 95 -16.6056
1 96 -12.0003
1 97 -8.26883
1 98 -5.16534
1 99 -2.45894
1 100 0

2 0 0
2 1 -5.16534
2 2 -10.7656
2 3 -17.1859
2 4 -24.8883
2 5 -34.3773
2 6 -46.0361
2 7 -60.3396
2 8 -77.7766
2 9 -98.7609
2 10 -123.694
2 11 -152.808
2 12 -186.453
2 13 -224.73
2 14 -267.556
2 15 -314.803
2 16 -366.112
2 17 -420.965
2 18 -478.715
2 19 -538.528
2 20 -599.462
2 21 -660.501
2 22 -720.527
2 23 -778.477
2 24 -833.246
2 25 -883.861
2 26 -929.422
2 27 -969.184
2 28 -1002.58
2 29 -1029.21
2 30 -1048.88
2 31 -1061.59
2 32 -1067.53
2 33 -1067.04
2 34 -1060.64
2 35 -1048.95
2 36 -1032.71
2 37 -1012.73
2 38 -989.846
2 39 -964.946
2 40 -938.865
2 41 -912.479
2 42 -886.55
2 43 -861.853
2 44 -839.025
2 45 -818.695
2 46 -801.34
2 47 -787.414
2 48 -777.217
2 49 -771.015
2 50 -768.923
2 51 -771.015
2 52 -777.217
2 53 -787.414
2 54 -801.34
2 55 -818.695
2 56 -839.025
2 57 -861.853
2 58 -886.55
2 59 -912.479
2 60 -938.865
2 61 -964.946
2 62 -989.846
2 63 -1012.73
2 64 -1032.71
2 65 -1048.95
2 66 -1060.64
2 67 -1067.04
2 68 -1067.53
2 69 -1061.59
2 70 -1048.88
2 71 -1029.21
2 72 -1002.58
2 73 -969.184
2 74 -929.422
2 75 -883.861
2 76 -833.246
2 77 -778.477
2 78 -720.527
2 79 -660.501
2 80 -599.462
2 81 -538.528
2 82 -478.715
2 83 -420.965
2 84 -366.112
2 85 -314.803
2 86 -267.556
2 87 -224.73
2 88 -186.453
2 89 -152.808
2 90 -123.694
2 91 -98.7609
2 92 -77.7766
2 93 -60.3396
2 94 -46.0361
2 95 -34.3773
2 96 -24.8883
2 97 -17.1859
2 98 -10.7656
2 99 -5.16534
2 100 0

3 0 0
3 1 -8.26883
3 2 -17.1859
3 3 -27.4146
3 4 -39.6384
3 5 -54.5164
3 6 -72.7621
3 7 -95.0468
3 8 -122.052
3 9 -154.402
3 10 -192.573
3 11 -237.109
3 12 -288.2
3 13 -346.007
3 14 -410.431
3 15 -481.085
3 16 -557.428
3 17 -638.606
3 18 -723.576
3 19 -811.065
3 20 -899.648
3 21 -987.77
3 22 -1073.83
3 23 -1156.22
3 24 -1233.41
3 25 -1303.97
3 26 -1366.7
3 27 -1420.55
3 28 -1464.81
3 29 -1498.98
3 30 -1522.89
3 31 -1536.61
3 32 -1540.52
3 33 -1535.21
3 34 -1521.48
3 35 -1500.31
3 36 -1472.83
3 37 -1440.21
3 38 -1403.73
3 39 -1364.64
3 40 -1324.21
3 41 -1283.65
3 42 -1244.1
3 43 -1206.61
3 44 -1172.14
3 45 -1141.53
3 46 -1115.49
3 47 -1094.62
3 48 -1079.38
3 49 -1070.11
3 50 -1066.99
3 51 -1070.11
3 52 -1079.38
3 53 -1094.62
3 54 -1115.49
3 55 -1141.53
3 56 -1172.14
3 57 -1206.61
3 58 -1244.1
3 59 -1283.65
3 60 -1324.21
3 61 -1364.64
3 62 -1403.73
3 63 -1440.21
3 64 -1472.83
3 65 -1500.31
3 66 -1521.48
3 67 -1535.21
3 68 -1540.52
3 69 -1536.61
3 70 -1522.89
3 71 -1498.98
3 72 -1464.81
3 73 -1420.55
3 74 -1366.7
3 75 -1303.97
3 76 -1233.41
3 77 -1156.22
3 78 -1073.83
3 79 -987.77
3 80 -899.648
3 81 -811.065
3 82 -723.576
3 83 -638.606
3 84 -557.428
3 85 -481.085
3 86 -410.431
3 87 -346.007
3 88 -288.2
3 89 -237.109
3 90 -192.573
3 91 -154.402
3 92 -122.052
3 93 -95.0468
3 94 -72.7621
3 95 -54.5164
3 96 -39.6384
3 97 -27.4146
3 98 -17.1859
3 99 -8.26883
3 100 0

4 0 0
4 1 -12.0003
4 2 -24.8883
4 3 -39.6384
4 4 -57.1169
4 5 -78.2191
4 6 -103.918
4 7 -135.141
4 8 -172.688
4 9 -217.312
4 10 -269.761
4 11 -330.428
4 12 -399.659
4 13 -477.385
4 14 -563.393
4 15 -657.113
4 16 -757.574
4 17 -863.63
4 18 -973.728
4 19 -1086.15
4 20 -1198.96
4 21 -1310.1
4 22 -1417.49
4 23 -1519.07
4 24 -1612.94
4 25 -1697.37
4 26 -1770.9
4 27 -1832.39
4 28 -1881.03
4 29 -1916.41
4 30 -1938.43
4 31 -1947.41
4 32 -1943.95
4 33 -1928.97
4 34 -1903.61
4 35 -1869.23
4 36 -1827.31
4 37 -1779.44
4 38 -1727.26
4 39 -1672.39
4 40 -1616.43
4 41 -1560.89
4 42 -1507.21
4 43 -1456.68
4 44 -1410.49
4 45 -1369.65
4 46 -1335.04
4 47 -1307.37
4 48 -1287.22
4 49 -1274.96
4 50 -1270.85
4 51 -1274.96
4 52 -1287.22
4 53 -1307.37
4 54 -1335.04
4 55 -1369.65
4 56 -1410.49
4 57 -1456.68
4 58 -1507.21
4 59 -1560.89
4 60 -1616.43
4 61 -1672.39
4 62 -1727.26
4 63 -1779.44
4 64 -1827.31
4 65 -1869.23
4 66 -1903.61
4 67 -1928.97
4 68 -1943.95
4 69 -1947.41
4 70 -1938.43
4 71 -1916.41
4 72 -1881.03
4 73 -1832.39
4 74 -1770.9
4 75 -1697.37
4 76 -1612.94
4 77 -1519.07
4 78 -1417.49
4 79 -1310.1
4 80 -1198.96
4 81 -1086.15
4 82 -973.728
4 83 -863.63
4 84 -757.574
4 85 -657.113
4 86 -563.393
4 87 -477.385
4 88 -399.659
4 89 -330.428
4 90 -269.761
4 91 -217.312
4 92 -172.688
4 93 -135.141
4 94 -103.918
4 95 -78.2191
4 96 -57.1169
4 97 -39.6384
4 98 -24.8883
4 99 -12.0003
4 100 0

5 0 0
5 1 -16.6056
5 2 -34.3773
5 3 -54.5164
5 4 -78.2191
5 5 -106.634
5 6 -140.977
5 7 -182.308
5 8 -231.548
5 9 -289.733
5 10 -357.476
5 11 -435.244
5 12 -523.182
5 13 -621.157
5 14 -728.598
5 15 -844.589
5 16 -967.819
5 17 -1096.58
5 18 -1228.9
5 19 -1362.49
5 20 -1494.95
5 21 -1623.74
5 22 -1746.38
5 23 -1860.44
5 24 -1963.77
5 25 -2054.47
5 26 -2131
5 27 -2192.24
5 28 -2237.49
5 29 -2266.51
5 30 -2279.5
5 31 -2277.05
5 32 -2260.13
5 33 -2230.02
5 34 -2188.29
5 35 -2136.63
5 36 -2076.95
5 37 -2011.15
5 38 -1941.24
5 39 -1869.11
5 40 -1796.64
5 41 -1725.57
5 42 -1657.54
5 43 -1594.01
5 44 -1536.31
5 45 -1485.54
5 46 -1442.72
5 47 -1408.58
5 48 -1383.78
5 49 -1368.72
5 50 -1363.67
5 51 -1368.72
5 52 -1383.78
5 53 -1408.58
5 54 -1442.72
5 55 -1485.54
5 56 -1536.31
5 57 -1594.01
5 58 -1657.54
5 59 -1725.57
5 60 -1796.64
5 61 -1869.11
5 62 -1941.24
5 63 -2011.15
5 64 -2076.95
5 65 -2136.63
5 66 -2188.29
5 67 -2230.02
5 68 -2260.13
5 69 -2277.05
5 70 -2279.5
5 71 -2266.51
5 72 -2237.49
5 73 -2192.24
5 74 -2131
5 75 -2054.47
5 76 -1963.77
5 77 -1860.44
5 78 -1746.38
5 79 -1623.74
5 80 -1494.95
5 81 -1362.49
5 82 -1228.9
5 83 -1096.58
5 84 -967.819
5 85 -844.589
5 86 -728.598
5 87 -621.157
5 88 -523.182
5 89 -435.244
5 90 -357.476
5 91 -289.733
5 92 -231.548
5 93 -182.308
5 94 -140.977
5 95 -106.634
5 96 -78.2191
5 97 -54.5164
5 98 -34.3773
5 99 -16.6056
5 100 0

6 0 0
6 1 -22.2712
6 2 -46.0361
6 3 -72.7621
6 4 -103.918
6 5 -140.977
6 6 -185.271
6 7 -238.028
6 8 -300.475
6 9 -373.44
6 10 -457.638
6 11 -553.372
6 12 -660.602
6 13 -778.808
6 14 -907.126
6 15 -1044.14
6 16 -1188.02
6 17 -1336.58
6 18 -1487.24
6 19 -1637.24
6 20 -1783.66
6 21 -1923.58
6 22 -2054.18
6 23 -2172.85
6 24 -2277.28
6 25 -2365.6
6 26 -2436.36
6 27 -2488.64
6 28 -2522.02
6 29 -2536.63
6 30 -2533.03
6 31 -2512.28
6 32 -2475.76
6 33 -2425.2
6 34 -2362.54
6 35 -2289.93
6 36 -2209.55
6 37 -2123.69
6 38 -2034.53
6 39 -1944.26
6 40 -1854.87
6 41 -1768.3
6 42 -1686.24
6 43 -1610.26
6 44 -1541.7
6 45 -1481.75
6 46 -1431.38
6 47 -1391.41
6 48 -1362.41
6 49 -1344.84
6 50 -1338.95
6 51 -1344.84
6 52 -1362.41
6 53 -1391.41
6 54 -1431.38
6 55 -1481.75
6 56 -1541.7
6 57 -1610.26
6 58 -1686.24
6 59 -1768.3
6 60 -1854.87
6 61 -1944.26
6 62 -2034.53
6 63 -2123.69
6 64 -2209.55
6 65 -2289.93
6 66 -2362.54
6 67 -2425.2
6 68 -2475.76
6 69 -2512.28
6 70 -2533.03
6 71 -2536.63
6 72 -2522.02
6 73 -2488.64
6 74 -2436.36
6 75 -2365.6
6 76 -2277.28
6 77 -2172.85
6 78 -2054.18
6 79 -1923.58
6 80 -1783.66
6 81 -1637.24
6 82 -1487.24
6 83 -1336.58
6 84 -1188.02
6 85 -1044.14
6 86 -907.126
6 87 -778.808
6 88 -660.602
6 89 -553.372
6 90 -457.638
6 91 -373.44
6 92 -300.475
6 93 -238.028
6 94 -185.271
6 95 -140.977
6 96 -103.918
6 97 -72.7621
6 98 -46.0361
6 99 -22.2712
6 100 0

7 0 0
7 1 -29.2487
7 2 -60.3396
7 3 -95.0468
7 4 -135.141
7 5 -182.308
7 6 -238.028
7 7 -303.827
7 8 -380.85
7 9 -469.962
7 10 -571.649
7 11 -686.067
7 12 -812.762
7 13 -950.878
7 14 -1098.92
7 15 -1254.99
7 16 -1416.7
7 17 -1581.17
7 18 -1745.37
7 19 -1905.96
7 20 -2059.64
7 21 -2203.18
7 22 -2333.55
7 23 -2448.09
7 24 -2544.59
7 25 -2621.32
7 26 -2677.19
7 27 -2711.63
7 28 -2724.73
7 29 -2717.05
7 30 -2689.76
7 31 -2644.36
7 32 -2582.8
7 33 -2507.24
7 34 -2420.05
7 35 -2323.71
7 36 -2220.73
7 37 -2113.59
7 38 -2004.7
7 39 -1896.31
7 40 -1790.53
7 41 -1689.28
7 42 -1594.29
7 43 -1507.07
7 44 -1428.94
7 45 -1361.02
7 46 -1304.23
7 47 -1259.31
7 48 -1226.84
7 49 -1207.19
7 50 -1200.62
7 51 -1207.19
7 52 -1226.84
7 53 -1259.31
7 54 -1304.23
7 55 -1361.02
7 56 -1428.94
7 57 -1507.07
7 58 -1594.29
7 59 -1689.28
7 60 -1790.53
7 61 -1896.31
7 62 -2004.7
7 63 -2113.59
7 64 -2220.73
7 65 -2323.71
7 66 -2420.05
7 67 -2507.24
7 68 -2582.8
7 69 -2644.36
7 70 -2689.76
7 71 -2717.05
7 72 -2724.73
7 73 -2711.63
7 74 -2677.19
7 75 -2621.32
7 76 -2544.59
7 77 -2448.09
7 78 -2333.55
7 79 -2203.18
7 80 -2059.64
7 81 -1905.96
7 82 -1745.37
7 83 -1581.17
7 84 -1416.7
7 85 -1254.99
7 86 -1098.92
7 87 -950.878
7 88 -812.762
7 89 -686.067
7 90 -571.649
7 91 -469.962
7 92 -380.85
7 93 -303.827
7 94 -238.028
7 95 -182.308
7 96 -135.141
7 97 -95.0468
7 98 -60.3396
7 99 -29.2487
7 100 0

8 0 0
8 1 -37.8127
8 2 -77.7766
8 3 -122.052
8 4 -172.688
8 5 -231.548
8 6 -300.475
8 7 -380.85
8 8 -473.887
8 9 -580.289
8 10 -700.342
8 11 -833.764
8 12 -979.708
8 13 -1136.69
8 14 -1302.7
8 15 -1475.07
8 16 -1650.8
8 17 -1826.46
8 18 -1998.36
8 19 -2162.83
8 20 -2316.18
8 21 -2455.06
8 22 -2576.4
8 23 -2677.71
8 24 -2757.02
8 25 -2813.05
8 26 -2845.18
8 27 -2853.45
8 28 -2838.54
8 29 -2801.7
8 30 -2744.67
8 31 -2669.59
8 32 -2578.88
8 33 -2475.22
8 34 -2361.3
8 35 -2239.96
8 36 -2113.86
8 37 -1985.67
8 38 -1857.8
8 39 -1732.57
8 40 -1611.97
8 41 -1497.91
8 42 -1391.93
8 43 -1295.47
8 44 -1209.67
8 45 -1135.55
8 46 -1073.87
8 47 -1025.28
8 48 -990.238
8 49 -969.093
8 50 -962.016
8 51 -969.093
8 52 -990.238
8 53 -1025.28
8 54 -1073.87
8 55 -1135.55
8 56 -1209.67
8 57 -1295.47
8 58 -1391.93
8 59 -1497.91
8 60 -1611.97
8 61 -1732.57
8 62 -1857.8
8 63 -1985.67
8 64 -2113.86
8 65 -2239.96
8 66 -2361.3
8 67 -2475.22
8 68 -2578.88
8 69 -2669.59
8 70 -2744.67
8 71 -2801.7
8 72 -2838.54
8 73 -2853.45
8 74 -2845.18
8 75 -2813.05
8 76 -2757.02
8 77 -2677.71
8 78 -2576.4
8 79 -2455.06
8 80 -2316.18
8 81 -2162.83
8 82 -1998.36
8 83 -1826.46
8 84 -1650.8
8 85 -1475.07
8 86 -1302.7
8 87 -1136.69
8 88 -979.708
8 89 -833.764
8 90 -700.342
8 91 -580.289
8 92 -473.887
8 93 -380.85
8 94 -300.475
8 95 -231.548
8 96 -172.688
8 97 -122.052
8 98 -77.7766
8 99 -37.8127
8 100 0

9 0 0
9 1 -48.1218
9 2 -98.7609
9 3 -154.402
9 4 -217.312
9 5 -289.733
9 6 -373.44
9 7 -469.962
9 8 -580.289
9 9 -704.956
9 10 -843.815
9 11 -996.131
9 12 -1160.44
9 13 -1334.61
9 14 -1515.84
9 15 -1700.88
9 16 -1885.93
9 17 -2067.01
9 18 -2240.01
9 19 -2400.83
9 20 -2545.71
9 21 -2671.23
9 22 -2774.6
9 23 -2853.62
9 24 -2906.88
9 25 -2933.69
9 26 -2934.15
9 27 -2909.06
9 28 -2859.85
9 29 -2788.51
9 30 -2697.47
9 31 -2589.45
9 32 -2467.42
9 33 -2334.42
9 34 -2193.51
9 35 -2047.64
9 36 -1899.66
9 37 -1752.17
9 38 -1607.59
9 39 -1468.04
9 40 -1335.43
9 41 -1211.36
9 42 -1097.27
9 43 -994.262
9 44 -903.344
9 45 -825.248
9 46 -760.618
9 47 -709.889
9 48 -673.435
9 49 -651.459
9 50 -644.13
9 51 -651.459
9 52 -673.435
9 53 -709.889
9 54 -760.618
9 55 -825.248
9 56 -903.344
9 57 -994.262
9 58 -1097.27
9 59 -1211.36
9 60 -1335.43
9 61 -1468.04
9 62 -1607.59
9 63 -1752.17
9 64 -1899.66
9 65 -2047.64
9 66 -2193.51
9 67 -2334.42
9 68 -2467.42
9 69 -2589.45
9 70 -2697.47
9 71 -2788.51
9 72 -2859.85
9 73 -2909.06
9 74 -2934.15
9 75 -2933.69
9 76 -2906.88
9 77 -2853.62
9 78 -2774.6
9 79 -2671.23
9 80 -2545.71
9 81 -2400.83
9 82 -2240.01
9 83 -2067.01
9 84 -1885.93
9 85 -1700.88
9 86 -1515.84
9 87 -1334.61
9 88 -1160.44
9 89 -996.131
9 90 -843.815
9 91 -704.956
9 92 -580.289
9 93 -469.962
9 94 -373.44
9 95 -289.733
9 96 -217.312
9 97 -154.402
9 98 -98.7609
9 99 -48.1218
9 100 0

10 0 0
10 1 -60.3806
10 2 -123.694
10 3 -192.573
10 4 -269.761
10 5 -357.476
10 6 -457.638
10 7 -571.649
10 8 -700.342
10 9 -843.815
10 10 -1001.5
10 11 -1171.91
10 12 -1352.96
10 13 -1541.73
10 14 -1734.66
10 15 -1927.7
10 16 -2116.49
10 17 -2296.47
10 18 -2463.16
10 19 -2612.34
10 20 -2740.25
10 21 -2843.74
10 22 -2920.42
10 23 -2968.74
10 24 -2987.96
10 25 -2978.3
10 26 -2940.67
10 27 -2876.79
10 28 -2788.92
10 29 -2679.85
10 30 -2552.67
10 31 -2410.71
10 32 -2257.35
10 33 -2095.96
10 34 -1929.77
10 35 -1761.82
10 36 -1594.9
10 37 -1431.51
10 38 -1273.84
10 39 -1123.8
10 40 -982.957
10 41 -852.671
10 42 -733.99
10 43 -627.796
10 44 -534.724
10 45 -455.317
10 46 -389.913
10 47 -338.823
10 48 -302.193
10 49 -280.188
10 50 -272.831
10 51 -280.188
10 52 -302.193
10 53 -338.823
10 54 -389.913
10 55 -455.317
10 56 -534.724
10 57 -627.796
10 58 -733.99
10 59 -852.671
10 60 -982.957
10 61 -1123.8
10 62 -1273.84
10 63 -1431.51
10 64 -1594.9
10 65 -1761.82
10 66 -1929.77
10 67 -2095.96
10 68 -2257.35
10 69 -2410.71
10 70 -2552.67
10 71 -2679.85
10 72 -2788.92
10 73 -2876.79
10 74 -2940.67
10 75 -2978.3
10 76 -2987.96
10 77 -2968.74
10 78 -2920.42
10 79 -2843.74
10 80 -2740.25
10 81 -2612.34
10 82 -2463.16
10 83 -2296.47
10 84 -2116.49
10 85 -1927.7
10 86 -1734.66
10 87 -1541.73
10 88 -1352.96
10 89 -1171.91
10 90 -1001.5
10 91 -843.815
10 92 -700.342
10 93 -571.649
10 94 -457.638
10 95 -357.476
10 96 -269.761
10 97 -192.573
10 98 -123.694
10 99 -60.3806
10 100 0

11 0 0
11 1 -74.8213
11 2 -152.808
11 3 -237.109
11 4 -330.428
11 5 -435.244
11 6 -553.372
11 7 -686.067
11 8 -833.764
11 9 -996.131
11 10 -1171.91
11 11 -1358.97
11 12 -1554.29
11 13 -1754.21
11 14 -1954.33
11 15 -2149.94
11 16 -2336.01
11 17 -2507.68
11 18 -2660.26
11 19 -2789.55
11 20 -2892.13
11 21 -2965.3
11 22 -3007.4
11 23 -3017.66
11 24 -2996.37
11 25 -2944.66
11 26 -2864.52
11 27 -2758.58
11 28 -2630.04
11 29 -2482.39
11 30 -2319.41
11 31 -2144.85
11 32 -1962.48
11 33 -1775.78
11 34 -1588.07
11 35 -1402.26
11 36 -1220.99
11 37 -1046.44
11 38 -880.538
11 39 -724.755
11 40 -580.337
11 41 -448.185
11 42 -329.014
11 43 -223.291
11 44 -131.366
11 45 -53.4314
11 46 10.3846
11 47 60.0358
11 48 95.4947
11 49 116.769
11 50 123.858
11 51 116.769
11 52 95.4947
11 53 60.0358
11 54 10.3846
11 55 -53.4314
11 56 -131.366
11 57 -223.291
11 58 -329.014
11 59 -448.185
11 60 -580.337
11 61 -724.755
11 62 -880.538
11 63 -1046.44
11 64 -1220.99
11 65 -1402.26
11 66 -1588.07
11 67 -1775.78
11 68 -1962.48
11 69 -2144.85
11 70 -2319.41
11 71 -2482.39
11 72 -2630.04
11 73 -2758.58
11 74 -2864.52
11 75 -2944.66
11 76 -2996.37
11 77 -3017.66
11 78 -3007.4
11 79 -2965.3
11 80 -2892.13
11 81 -2789.55
11 82 -2660.26
11 83 -2507.68
11 84 -2336.01
11 85 -2149.94
11 86 -1954.33
11 87 -1754.21
11 88 -1554.29
11 89 -1358.97
11 90 -1171.91
11 91 -996.131
11 92 -833.764
11 93 -686.067
11 94 -553.372
11 95 -435.244
11 96 -330.428
11 97 -237.109
11 98 -152.808
11 99 -74.8213
11 100 0

12 0 0
12 1 -91.4958
12 2 -186.453
12 3 -288.2
12 4 -399.659
12 5 -523.182
12 6 -660.602
12 7 -812.762
12 8 -979.708
12 9 -1160.44
12 10 -1352.96
12 11 -1554.29
12 12 -1760.61
12 13 -1967.29
12 14 -2169.29
12 15 -2361.14
12 16 -2537.54
12 17 -2693.27
12 18 -2823.77
12 19 -2925.19
12 20 -2994.56
12 21 -3030.05
12 22 -3030.85
12 23 -2997.32
12 24 -2930.83
12 25 -2833.68
12 26 -2708.89
12 27 -2560.11
12 28 -2391.34
12 29 -2206.82
12 30 -2010.77
12 31 -1807.34
12 32 -1600.38
12 33 -1393.46
12 34 -1189.67
12 35 -991.762
12 36 -801.946
12 37 -622.086
12 38 -453.563
12 39 -297.471
12 40 -154.512
12 41 -25.1964
12 42 90.2546
12 43 191.71
12 44 279.234
12 45 352.893
12 46 412.872
12 47 459.295
12 48 492.347
12 49 512.113
12 50 518.704
12 51 512.113
12 52 492.347
12 53 459.295
12 54 412.872
12 55 352.893
12 56 279.234
12 57 191.71
12 58 90.2546
12 59 -25.1964
12 60 -154.512
12 61 -297.471
12 62 -453.563
12 63 -622.086
12 64 -801.946
12 65 -991.762
12 66 -1189.67
12 67 -1393.46
12 68 -1600.38
12 69 -1807.34
12 70 -2010.77
12 71 -2206.82
12 72 -2391.34
12 73 -2560.11
12 74 -2708.89
12 75 -2833.68
12 76 -2930.83
12 77 -2997.32
12 78 -3030.85
12 79 -3030.05
12 80 -2994.56
12 81 -2925.19
12 82 -2823.77
12 83 -2693.27
12 84 -2537.54
12 85 -2361.14
12 86 -2169.29
12 87 -1967.29
12 88 -1760.61
12 89 -1554.29
12 90 -1352.96
12 91 -1160.44
12 92 -979.708
12 93 -812.762
12 94 -660.602
12 95 -523.182
12 96 -399.659
12 97 -288.2
12 98 -186.453
12 99 -91.4958
12 100 0

13 0 0
13 1 -110.531
13 2 -224.73
13 3 -346.007
13 4 -477.385
13 5 -621.157
13 6 -778.808
13 7 -950.878
13 8 -1136.69
13 9 -1334.61
13 10 -1541.73
13 11 -1754.21
13 12 -1967.29
13 13 -2175.6
13 14 -2373.36
13 15 -2554.71
13 16 -2713.97
13 17 -2846.16
13 18 -2946.88
13 19 -3012.95
13 20 -3042.26
13 21 -3033.94
13 22 -2988.44
13 23 -2907.29
13 24 -2793.17
13 25 -2649.49
13 26 -2480.43
13 27 -2290.51
13 28 -2084.51
13 29 -1867.15
13 30 -1643.04
13 31 -1416.44
13 32 -1191.18
13 33 -970.605
13 34 -757.538
13 35 -554.254
13 36 -362.542
13 37 -183.676
13 38 -18.5665
13 39 132.308
13 40 268.68
13 41 390.615
13 42 498.243
13 43 591.929
13 44 671.987
13 45 738.885
13 46 792.955
13 47 834.624
13 48 864.129
13 49 881.765
13 50 887.605
13 51 881.765
13 52 864.129
13 53 834.624
13 54 792.955
13 55 738.885
13 56 671.987
13 57 591.929
13 58 498.243
13 59 390.615
13 60 268.68
13 61 132.308
13 62 -18.5665
13 63 -183.676
13 64 -362.542
13 65 -554.254
13 66 -757.538
13 67 -970.605
13 68 -1191.18
13 69 -1416.44
13 70 -1643.04
13 71 -1867.15
13 72 -2084.51
13 73 -2290.51
13 74 -2480.43
13 75 -2649.49
13 76 -2793.17
13 77 -2907.29
13 78 -2988.44
13 79 -3033.94
13 80 -3042.26
13 81 -3012.95
13 82 -2946.88
13 83 -2846.16
13 84 -2713.97
13 85 -2554.71
13 86 -2373.36
13 87 -2175.6
13 88 -1967.29
13 89 -1754.21
13 90 -1541.73
13 91 -1334.61
13 92 -1136.69
13 93 -950.878
13 94 -778.808
13 95 -621.157
13 96 -477.385
13 97 -346.007
13 98 -224.73
13 99 -110.531
13 100 0

14 0 0
14 1 -131.917
14 2 -267.556
14 3 -410.431
14 4 -563.393
14 5 -728.598
14 6 -907.126
14 7 -1098.92
14 8 -1302.7
14 9 -1515.84
14 10 -1734.66
14 11 -1954.33
14 12 -2169.29
14 13 -2373.36
14 14 -2560.3
14 15 -2723.97
14 16 -2858.78
14 17 -2959.94
14 18 -3023.85
14 19 -3048.13
14 20 -3031.81
14 21 -2975.33
14 22 -2880.44
14 23 -2750.1
14 24 -2588.21
14 25 -2399.44
14 26 -2188.9
14 27 -1961.96
14 28 -1723.9
14 29 -1479.86
14 30 -1234.49
14 31 -992.012
14 32 -755.972
14 33 -529.366
14 34 -314.477
14 35 -113.06
14 36 73.7404
14 37 245.218
14 38 401.112
14 39 541.464
14 40 666.595
14 41 776.992
14 42 873.277
14 43 956.121
14 44 1026.22
14 45 1084.25
14 46 1130.82
14 47 1166.45
14 48 1191.58
14 49 1206.53
14 50 1211.5
14 51 1206.53
14 52 1191.58
14 53 1166.45
14 54 1130.82
14 55 1084.25
14 56 1026.22
14 57 956.121
14 58 873.277
14 59 776.992
14 60 666.595
14 61 541.464
14 62 401.112
14 63 245.218
14 64 73.7404
14 65 -113.06
14 66 -314.477
14 67 -529.366
14 68 -755.972
14 69 -992.012
14 70 -1234.49
14 71 -1479.86
14 72 -1723.9
14 73 -1961.96
14 74 -2188.9
14 75 -2399.44
14 76 -2588.21
14 77 -2750.1
14 78 -2880.44
14 79 -2975.33
14 80 -3031.81
14 81 -3048.13
14 82 -3023.85
14 83 -2959.94
14 84 -2858.78
14 85 -2723.97
14 86 -2560.3
14 87 -2373.36
14 88 -2169.29
14 89 -1954.33
14 90 -1734.66
14 91 -1515.84
14 92 -1302.7
14 93 -1098.92
14 94 -907.126
14 95 -728.598
14 96 -563.393
14 97 -410.431
14 98 -267.556
14 99 -131.917
14 100 0

15 0 0
15 1 -155.556
15 2 -314.803
15 3 -481.085
15 4 -657.113
15 5 -844.589
15 6 -1044.14
15 7 -1254.99
15 8 -1475.07
15 9 -1700.88
15 10 -1927.7
15 11 -2149.94
15 12 -2361.14
15 13 -2554.71
15 14 -2723.97
15 15 -2862.85
15 16 -2966.07
15 17 -3029.55
15 18 -3050.55
15 19 -3027.97
15 20 -2962.17
15 21 -2855.07
15 22 -2709.91
15 23 -2531.04
15 24 -2323.67
15 25 -2093.52
15 26 -1846.58
15 27 -1588.75
15 28 -1325.74
15 29 -1062.69
15 30 -804.19
15 31 -554.075
15 32 -315.502
15 33 -90.8089
15 34 118.288
15 35 310.782
15 36 486.153
15 37 644.406
15 38 785.859
15 39 911.161
15 40 1021.11
15 41 1116.66
15 42 1198.79
15 43 1268.52
15 44 1326.79
15 45 1374.5
15 46 1412.41
15 47 1441.19
15 48 1461.37
15 49 1473.32
15 50 1477.28
15 51 1473.32
15 52 1461.37
15 53 1441.19
15 54 1412.41
15 55 1374.5
15 56 1326.79
15 57 1268.52
15 58 1198.79
15 59 1116.66
15 60 1021.11
15 61 911.161
15 62 785.859
15 63 644.406
15 64 486.153
15 65 310.782
15 66 118.288
15 67 -90.8089
15 68 -315.502
15 69 -554.075
15 70 -804.19
15 71 -1062.69
15 72 -1325.74
15 73 -1588.75
15 74 -1846.58
15 75 -2093.52
15 76 -2323.67
15 77 -2531.04
15 78 -2709.91
15 79 -2855.07
15 80 -2962.17
15 81 -3027.97
15 82 -3050.55
15 83 -3029.55
15 84 -2966.07
15 85 -2862.85
15 86 -2723.97
15 87 -2554.71
15 88 -2361.14
15 89 -2149.94
15 90 -1927.7
15 91 -1700.88
15 92 -1475.07
15 93 -1254.99
15 94 -1044.14
15 95 -844.589
15 96 -657.113
15 97 -481.085
15 98 -314.803
15 99 -155.556
15 100 0

16 0 0
16 1 -181.323
16 2 -366.112
16 3 -557.428
16 4 -757.574
16 5 -967.819
16 6 -1188.02
16 7 -1416.7
16 8 -1650.8
16 9 -1885.93
16 10 -2116.49
16 11 -2336.01
16 12 -2537.54
16 13 -2713.97
16 14 -2858.78
16 15 -2966.07
16 16 -3031.32
16 17 -3051.35
16 18 -3024.78
16 19 -2951.88
16 20 -2834.65
16 21 -2676.6
16 22 -2482.47
16 23 -2258.04
16 24 -2009.63
16 25 -1743.9
16 26 -1467.46
16 27 -1186.56
16 28 -906.943
16 29 -633.59
16 30 -370.694
16 31 -121.571
16 32 111.336
16 33 326.35
16 34 522.592
16 35 699.726
16 36 858.04
16 37 998.116
16 38 1120.96
16 39 1227.67
16 40 1319.57
16 41 1397.92
16 42 1464.09
16 43 1519.26
16 44 1564.64
16 45 1601.22
16 46 1629.92
16 47 1651.45
16 48 1666.43
16 49 1675.23
16 50 1678.15
16 51 1675.23
16 52 1666.43
16 53 1651.45
16 54 1629.92
16 55 1601.22
16 56 1564.64
16 57 1519.26
16 58 1464.09
16 59 1397.92
16 60 1319.57
16 61 1227.67
16 62 1120.96
16 63 998.116
16 64 858.04
16 65 699.726
16 66 522.592
16 67 326.35
16 68 111.336
16 69 -121.571
16 70 -370.694
16 71 -633.59
16 72 -906.943
16 73 -1186.56
16 74 -1467.46
16 75 -1743.9
16 76 -2009.63
16 77 -2258.04
16 78 -2482.47
16 79 -2676.6
16 80 -2834.65
16 81 -2951.88
16 82 -3024.78
16 83 -3051.35
16 84 -3031.32
16 85 -2966.07
16 86 -2858.78
16 87 -2713.97
16 88 -2537.54
16 89 -2336.01
16 90 -2116.49
16 91 -1885.93
16 92 -1650.8
16 93 -1416.7
16 94 -1188.02
16 95 -967.819
16 96 -757.574
16 97 -557.428
16 98 -366.112
16 99 -181.323
16 100 0

17 0 0
17 1 -208.954
17 2 -420.965
17 3 -638.606
17 4 -863.63
17 5 -1096.58
17 6 -1336.58
17 7 -1581.17
17 8 -1826.46
17 9 -2067.01
17 10 -2296.47
17 11 -2507.68
17 12 -2693.27
17 13 -2846.16
17 14 -2959.94
17 15 -3029.55
17 16 -3051.35
17 17 -3023.58
17 18 -2946.29
17 19 -2821.54
17 20 -2652.95
17 21 -2445.71
17 22 -2206.09
17 23 -1941.05
17 24 -1657.96
17 25 -1364.1
17 26 -1066.43
17 27 -771.266
17 28 -484.105
17 29 -209.485
17 30 49.0302
17 31 288.882
17 32 508.429
17 33 706.866
17 34 884.102
17 35 1040.63
17 36 1177.39
17 37 1295.67
17 38 1396.93
17 39 1482.81
17 40 1554.92
17 41 1614.89
17 42 1664.22
17 43 1704.36
17 44 1736.54
17 45 1761.9
17 46 1781.35
17 47 1795.7
17 48 1805.51
17 49 1811.25
17 50 1813.11
17 51 1811.25
17 52 1805.51
17 53 1795.7
17 54 1781.35
17 55 1761.9
17 56 1736.54
17 57 1704.36
17 58 1664.22
17 59 1614.89
17 60 1554.92
17 61 1482.81
17 62 1396.93
17 63 1295.67
17 64 1177.39
17 65 1040.63
17 66 884.102
17 67 706.866
17 68 508.429
17 69 288.882
17 70 49.0302
17 71 -209.485
17 72 -484.105
17 73 -771.266
17 74 -1066.43
17 75 -1364.1
17 76 -1657.96
17 77 -1941.05
17 78 -2206.09
17 79 -2445.71
17 80 -2652.95
17 81 -2821.54
17 82 -2946.29
17 83 -3023.58
17 84 -3051.35
17 85 -3029.55
17 86 -2959.94
17 87 -2846.16
17 88 -2693.27
17 89 -2507.68
17 90 -2296.47
17 91 -2067.01
17 92 -1826.46
17 93 -1581.17
17 94 -1336.58
17 95 -1096.58
17 96 -863.63
17 97 -638.606
17 98 -420.965
17 99 -208.954
17 100 0

18 0 0
18 1 -238.154
18 2 -478.715
18 3 -723.576
18 4 -973.728
18 5 -1228.9
18 6 -1487.24
18 7 -1745.37
18 8 -1998.36
18 9 -2240.01
18 10 -2463.16
18 11 -2660.26
18 12 -2823.77
18 13 -2946.88
18 14 -3023.85
18 15 -3050.55
18 16 -3024.78
18 17 -2946.29
18 18 -2817.04
18 19 -2640.7
18 20 -2422.87
18 21 -2170.22
18 22 -1890.4
18 23 -1591.48
18 24 -1281.47
18 25 -968.085
18 26 -658.265
18 27 -358.096
18 28 -72.5236
18 29 194.591
18 30 440.545
18 31 663.679
18 32 863.279
18 33 1039.45
18 34 1192.93
18 35 1324.98
18 36 1437.19
18 37 1531.41
18 38 1609.56
18 39 1673.6
18 40 1725.44
18 41 1766.87
18 42 1799.56
18 43 1824.97
18 44 1844.44
18 45 1859.05
18 46 1869.78
18 47 1877.34
18 48 1882.35
18 49 1885.18
18 50 1886.11
18 51 1885.18
18 52 1882.35
18 53 1877.34
18 54 1869.78
18 55 1859.05
18 56 1844.44
18 57 1824.97
18 58 1799.56
18 59 1766.87
18 60 1725.44
18 61 1673.6
18 62 1609.56
18 63 1531.41
18 64 1437.19
18 65 1324.98
18 66 1192.93
18 67 1039.45
18 68 863.279
18 69 663.679
18 70 440.545
18 71 194.591
18 72 -72.5236
18 73 -358.096
18 74 -658.265
18 75 -968.085
18 76 -1281.47
18 77 -1591.48
18 78 -1890.4
18 79 -2170.22
18 80 -2422.87
18 81 -2640.7
18 82 -2817.04
18 83 -2946.29
18 84 -3024.78
18 85 -3050.55
18 86 -3023.85
18 87 -2946.88
18 88 -2823.77
18 89 -2660.26
18 90 -2463.16
18 91 -2240.01
18 92 -1998.36
18 93 -1745.37
18 94 -1487.24
18 95 -1228.9
18 96 -973.728
18 97 -723.576
18 98 -478.715
18 99 -238.154
18 100 0

19 0 0
19 1 -268.499
19 2 -538.528
19 3 -811.065
19 4 -1086.15
19 5 -1362.49
19 6 -1637.24
19 7 -1905.96
19 8 -2162.83
19 9 -2400.83
19 10 -2612.34
19 11 -2789.55
19 12 -2925.19
19 13 -3012.95
19 14 -3048.13
19 15 -3027.97
19 16 -2951.88
19 17 -2821.54
19 18 -2640.7
19 19 -2415.13
19 20 -2151.91
19 21 -1859.39
19 22 -1546.26
19 23 -1221.4
19 24 -893.228
19 25 -569.478
19 26 -256.813
19 27 39.2891
19 28 314.626
19 29 566.305
19 30 792.578
19 31 992.846
19 32 1167.33
19 33 1317.08
19 34 1443.61
19 35 1548.89
19 36 1635.05
19 37 1704.41
19 38 1759.22
19 39 1801.68
19 40 1833.85
19 41 1857.61
19 42 1874.64
19 43 1886.42
19 44 1894.22
19 45 1899.11
19 46 1901.98
19 47 1903.5
19 48 1904.23
19 49 1904.51
19 50 1904.59
19 51 1904.51
19 52 1904.23
19 53 1903.5
19 54 1901.98
19 55 1899.11
19 56 1894.22
19 57 1886.42
19 58 1874.64
19 59 1857.61
19 60 1833.85
19 61 1801.68
19 62 1759.22
19 63 1704.41
19 64 1635.05
19 65 1548.89
19 66 1443.61
19 67 1317.08
19 68 1167.33
19 69 992.846
19 70 792.578
19 71 566.305
19 72 314.626
19 73 39.2891
19 74 -256.813
19 75 -569.478
19 76 -893.228
19 77 -1221.4
19 78 -1546.26
19 79 -1859.39
19 80 -2151.91
19 81 -2415.13
19 82 -2640.7
19 83 -2821.54
19 84 -2951.88
19 85 -3027.97
19 86 -3048.13
19 87 -3012.95
19 88 -2925.19
19 89 -2789.55
19 90 -2612.34
19 91 -2400.83
19 92 -2162.83
19 93 -1905.96
19 94 -1637.24
19 95 -1362.49
19 96 -1086.15
19 97 -811.065
19 98 -538.528
19 99 -268.499
19 100 0

20 0 0
20 1 -299.533
20 2 -599.462
20 3 -899.648
20 4 -1198.96
20 5 -1494.95
20 6 -1783.66
20 7 -2059.64
20 8 -2316.18
20 9 -2545.71
20 10 -2740.25
20 11 -2892.13
20 12 -2994.56
20 13 -3042.26
20 14 -3031.81
20 15 -2962.17
20 16 -2834.65
20 17 -2652.95
20 18 -2422.87
20 19 -2151.91
20 20 -1848.96
20 21 -1523.39
20 22 -1184.95
20 23 -842.873
20 24 -505.693
20 25 -180.774
20 26 125.799
20 27 409.423
20 28 666.9
20 29 896.413
20 30 1097.35
20 31 1270.12
20 32 1415.99
20 33 1536.78
20 34 1634.79
20 35 1712.53
20 36 1772.63
20 37 1817.65
20 38 1850.11
20 39 1872.29
20 40 1886.32
20 41 1894.04
20 42 1897.1
20 43 1896.86
20 44 1894.53
20 45 1891.04
20 46 1887.22
20 47 1883.63
20 48 1880.76
20 49 1878.91
20 50 1878.28
20 51 1878.91
20 52 1880.76
20 53 1883.63
20 54 1887.22
20 55 1891.04
20 56 1894.53
20 57 1896.86
20 58 1897.1
20 59 1894.04
20 60 1886.32
20 61 1872.29
20 62 1850.11
20 63 1817.65
20 64 1772.63
20 65 1712.53
20 66 1634.79
20 67 1536.78
20 68 1415.99
20 69 1270.12
20 70 1097.35
20 71 896.413
20 72 666.9
20 73 409.423
20 74 125.799
20 75 -180.774
20 76 -505.693
20 77 -842.873
20 78 -1184.95
20 79 -1523.39
20 80 -1848.96
20 81 -2151.91
20 82 -2422.87
20 83 -2652.95
20 84 -2834.65
20 85 -2962.17
20 86 -3031.81
20 87 -3042.26
20 88 -2994.56
20 89 -2892.13
20 90 -2740.25
20 91 -2545.71
20 92 -2316.18
20 93 -2059.64
20 94 -1783.66
20 95 -1494.95
20 96 -1198.96
20 97 -899.648
20 98 -599.462
20 99 -299.533
20 100 0

21 0 0
21 1 -330.744
21 2 -660.501
21 3 -987.77
21 4 -1310.1
21 5 -1623.74
21 6 -1923.58
21 7 -2203.18
21 8 -2455.06
21 9 -2671.23
21 10 -2843.74
21 11 -2965.3
21 12 -3030.05
21 13 -3033.94
21 14 -2975.33
21 15 -2855.07
21 16 -2676.6
21 17 -2445.71
21 18 -2170.22
21 19 -1859.39
21 20 -1523.39
21 21 -1172.74
21 22 -817.571
21 23 -467.308
21 24 -130.118
21 25 187.224
21 26 479.613
21 27 743.453
21 28 976.802
21 29 1178.96
21 30 1350.52
21 31 1492.9
21 32 1608.27
21 33 1699.23
21 34 1768.66
21 35 1819.53
21 36 1854.74
21 37 1877.1
21 38 1889.13
21 39 1893.19
21 40 1891.26
21 41 1885.16
21 42 1876.33
21 43 1866.07
21 44 1855.37
21 45 1845.09
21 46 1835.86
21 47 1828.21
21 48 1822.48
21 49 1818.96
21 50 1817.76
21 51 1818.96
21 52 1822.48
21 53 1828.21
21 54 1835.86
21 55 1845.09
21 56 1855.37
21 57 1866.07
21 58 1876.33
21 59 1885.16
21 60 1891.26
21 61 1893.19
21 62 1889.13
21 63 1877.1
21 64 1854.74
21 65 1819.53
21 66 1768.66
21 67 1699.23
21 68 1608.27
21 69 1492.9
21 70 1350.52
21 71 1178.96
21 72 976.802
21 73 743.453
21 74 479.613
21 75 187.224
21 76 -130.118
21 77 -467.308
21 78 -817.571
21 79 -1172.74
21 80 -1523.39
21 81 -1859.39
21 82 -2170.22
21 83 -2445.71
21 84 -2676.6
21 85 -2855.07
21 86 -2975.33
21 87 -3033.94
21 88 -3030.05
21 89 -2965.3
21 90 -2843.74
21 91 -2671.23
21 92 -2455.06
21 93 -2203.18
21 94 -1923.58
21 95 -1623.74
21 96 -1310.1
21 97 -987.77
21 98 -660.501
21 99 -330.744
21 100 0

22 0 0
22 1 -361.564
22 2 -720.527
22 3 -1073.83
22 4 -1417.49
22 5 -1746.38
22 6 -2054.18
22 7 -2333.55
22 8 -2576.4
22 9 -2774.6
22 10 -2920.42
22 11 -3007.4
22 12 -3030.85
22 13 -2988.44
22 14 -2880.44
22 15 -2709.91
22 16 -2482.47
22 17 -2206.09
22 18 -1890.4
22 19 -1546.26
22 20 -1184.95
22 21 -817.571
22 22 -454.5
22 23 -104.823
22 24 223.908
22 25 525.9
22 26 797.147
22 27 1035.38
22 28 1239.85
22 29 1411.18
22 30 1550.98
22 31 1661.72
22 32 1746.3
22 33 1808.01
22 34 1850.11
22 35 1875.92
22 36 1888.47
22 37 1890.63
22 38 1884.88
22 39 1873.45
22 40 1858.22
22 41 1840.77
22 42 1822.43
22 43 1804.25
22 44 1787.09
22 45 1771.61
22 46 1758.34
22 47 1747.65
22 48 1739.84
22 49 1735.07
22 50 1733.48
22 51 1735.07
22 52 1739.84
22 53 1747.65
22 54 1758.34
22 55 1771.61
22 56 1787.09
22 57 1804.25
22 58 1822.43
22 59 1840.77
22 60 1858.22
22 61 1873.45
22 62 1884.88
22 63 1890.63
22 64 1888.47
22 65 1875.92
22 66 1850.11
22 67 1808.01
22 68 1746.3
22 69 1661.72
22 70 1550.98
22 71 1411.18
22 72 1239.85
22 73 1035.38
22 74 797.147
22 75 525.9
22 76 223.908
22 77 -104.823
22 78 -454.5
22 79 -817.571
22 80 -1184.95
22 81 -1546.26
22 82 -1890.4
22 83 -2206.09
22 84 -2482.47
22 85 -2709.91
22 86 -2880.44
22 87 -2988.44
22 88 -3030.85
22 89 -3007.4
22 90 -2920.42
22 91 -2774.6
22 92 -2576.4
22 93 -2333.55
22 94 -2054.18
22 95 -1746.38
22 96 -1417.49
22 97 -1073.83
22 98 -720.527
22 99 -361.564
22 100 0

23 0 0
23 1 -391.458
23 2 -778.477
23 3 -1156.22
23 4 -1519.07
23 5 -1860.44
23 6 -2172.85
23 7 -2448.09
23 8 -2677.71
23 9 -2853.62
23 10 -2968.74
23 11 -3017.66
23 12 -2997.32
23 13 -2907.29
23 14 -2750.1
23 15 -2531.04
23 16 -2258.04
23 17 -1941.05
23 18 -1591.48
23 19 -1221.4
23 20 -842.873
23 21 -467.308
23 22 -104.823
23 23 236.11
23 24 548.88
23 25 828.935
23 26 1073.57
23 27 1281.87
23 28 1454.44
23 29 1593.03
23 30 1700.37
23 31 1779.68
23 32 1834.61
23 33 1868.8
23 34 1885.92
23 35 1889.32
23 36 1882.15
23 37 1867.1
23 38 1846.6
23 39 1822.63
23 40 1796.88
23 41 1770.69
23 42 1745.18
23 43 1721.19
23 44 1699.39
23 45 1680.26
23 46 1664.21
23 47 1651.48
23 48 1642.26
23 49 1636.69
23 50 1634.82
23 51 1636.69
23 52 1642.26
23 53 1651.48
23 54 1664.21
23 55 1680.26
23 56 1699.39
23 57 1721.19
23 58 1745.18
23 59 1770.69
23 60 1796.88
23 61 1822.63
23 62 1846.6
23 63 1867.1
23 64 1882.15
23 65 1889.32
23 66 1885.92
23 67 1868.8
23 68 1834.61
23 69 1779.68
23 70 1700.37
23 71 1593.03
23 72 1454.44
23 73 1281.87
23 74 1073.57
23 75 828.935
23 76 548.88
23 77 236.11
23 78 -104.823
23 79 -467.308
23 80 -842.873
23 81 -1221.4
23 82 -1591.48
23 83 -1941.05
23 84 -2258.04
23 85 -2531.04
23 86 -2750.1
23 87 -2907.29
23 88 -2997.32
23 89 -3017.66
23 90 -2968.74
23 91 -2853.62
23 92 -2677.71
23 93 -2448.09
23 94 -2172.85
23 95 -1860.44
23 96 -1519.07
23 97 -1156.22
23 98 -778.477
23 99 -391.458
23 100 0

24 0 0
24 1 -419.855
24 2 -833.246
24 3 -1233.41
24 4 -1612.94
24 5 -1963.77
24 6 -2277.28
24 7 -2544.59
24 8 -2757.02
24 9 -2906.88
24 10 -2987.96
24 11 -2996.37
24 12 -2930.83
24 13 -2793.17
24 14 -2588.21
24 15 -2323.67
24 16 -2009.63
24 17 -1657.96
24 18 -1281.47
24 19 -893.228
24 20 -505.693
24 21 -130.118
24 22 223.908
24 23 548.88
24 24 839.452
24 25 1092.38
24 26 1306.48
24 27 1482.18
24 28 1621.37
24 29 1726.92
24 30 1802.44
24 31 1851.86
24 32 1879.28
24 33 1888.7
24 34 1883.82
24 35 1868.09
24 36 1844.45
24 37 1815.5
24 38 1783.36
24 39 1749.83
24 40 1716.28
24 41 1683.87
24 42 1653.39
24 43 1625.54
24 44 1600.74
24 45 1579.38
24 46 1561.65
24 47 1547.75
24 48 1537.73
24 49 1531.73
24 50 1529.7
24 51 1531.73
24 52 1537.73
24 53 1547.75
24 54 1561.65
24 55 1579.38
24 56 1600.74
24 57 1625.54
24 58 1653.39
24 59 1683.87
24 60 1716.28
24 61 1749.83
24 62 1783.36
24 63 1815.5
24 64 1844.45
24 65 1868.09
24 66 1883.82
24 67 1888.7
24 68 1879.28
24 69 1851.86
24 70 1802.44
24 71 1726.92
24 72 1621.37
24 73 1482.18
24 74 1306.48
24 75 1092.38
24 76 839.452
24 77 548.88
24 78 223.908
24 79 -130.118
24 80 -505.693
24 81 -893.228
24 82 -1281.47
24 83 -1657.96
24 84 -2009.63
24 85 -2323.67
24 86 -2588.21
24 87 -2793.17
24 88 -2930.83
24 89 -2996.37
24 90 -2987.96
24 91 -2906.88
24 92 -2757.02
24 93 -2544.59
24 94 -2277.28
24 95 -1963.77
24 96 -1612.94
24 97 -1233.41
24 98 -833.246
24 99 -419.855
24 100 0

25 0 0
25 1 -446.254
25 2 -883.861
25 3 -1303.97
25 4 -1697.37
25 5 -2054.47
25 6 -2365.6
25 7 -2621.32
25 8 -2813.05
25 9 -2933.69
25 10 -2978.3
25 11 -2944.66
25 12 -2833.68
25 13 -2649.49
25 14 -2399.44
25 15 -2093.52
25 16 -1743.9
25 17 -1364.1
25 18 -968.085
25 19 -569.478
25 20 -180.774
25 21 187.224
25 22 525.9
25 23 828.935
25 24 1092.38
25 25 1314.59
25 26 1495.72
25 27 1637.68
25 28 1743.46
25 29 1816.96
25 30 1862.48
25 31 1884.5
25 32 1887.4
25 33 1875.29
25 34 1851.9
25 35 1820.48
25 36 1783.81
25 37 1744.19
25 38 1703.49
25 39 1663.17
25 40 1624.38
25 41 1587.94
25 42 1554.49
25 43 1524.44
25 44 1498.11
25 45 1475.65
25 46 1457.21
25 47 1442.82
25 48 1432.54
25 49 1426.36
25 50 1424.31
25 51 1426.36
25 52 1432.54
25 53 1442.82
25 54 1457.21
25 55 1475.65
25 56 1498.11
25 57 1524.44
25 58 1554.49
25 59 1587.94
25 60 1624.38
25 61 1663.17
25 62 1703.49
25 63 1744.19
25 64 1783.81
25 65 1820.48
25 66 1851.9
25 67 1875.29
25 68 1887.4
25 69 1884.5
25 70 1862.48
25 71 1816.96
25 72 1743.46
25 73 1637.68
25 74 1495.72
25 75 1314.59
25 76 1092.38
25 77 828.935
25 78 525.9
25 79 187.224
25 80 -180.774
25 81 -569.478
25 82 -968.085
25 83 -1364.1
25 84 -1743.9
25 85 -2093.52
25 86 -2399.44
25 87 -2649.49
25 88 -2833.68
25 89 -2944.66
25 90 -2978.3
25 91 -2933.69
25 92 -2813.05
25 93 -2621.32
25 94 -2365.6
25 95 -2054.47
25 96 -1697.37
25 97 -1303.97
25 98 -883.861
25 99 -446.254
25 100 0

26 0 0
26 1 -470.188
26 2 -929.422
26 3 -1366.7
26 4 -1770.9
26 5 -2131
26 6 -2436.36
26 7 -2677.19
26 8 -2845.18
26 9 -2934.15
26 10 -2940.67
26 11 -2864.52
26 12 -2708.89
26 13 -2480.43
26 14 -2188.9
26 15 -1846.58
26 16 -1467.46
26 17 -1066.43
26 18 -658.265
26 19 -256.813
26 20 125.799
26 21 479.613
26 22 797.147
26 23 1073.57
26 24 1306.48
26 25 1495.72
26 26 1643
26 27 1751.38
26 28 1824.99
26 29 1868.46
26 30 1886.69
26 31 1884.44
26 32 1866.27
26 33 1836.22
26 34 1797.88
26 35 1754.25
26 36 1707.84
26 37 1660.61
26 38 1614.11
26 39 1569.51
26 40 1527.65
26 41 1489.13
26 42 1454.32
26 43 1423.47
26 44 1396.72
26 45 1374.12
26 46 1355.67
26 47 1341.38
26 48 1331.19
26 49 1325.1
26 50 1323.06
26 51 1325.1
26 52 1331.19
26 53 1341.38
26 54 1355.67
26 55 1374.12
26 56 1396.72
26 57 1423.47
26 58 1454.32
26 59 1489.13
26 60 1527.65
26 61 1569.51
26 62 1614.11
26 63 1660.61
26 64 1707.84
26 65 1754.25
26 66 1797.88
26 67 1836.22
26 68 1866.27
26 69 1884.44
26 70 1886.69
26 71 1868.46
26 72 1824.99
26 73 1751.38
26 74 1643
26 75 1495.72
26 76 1306.48
26 77 1073.57
26 78 797.147
26 79 479.613
26 80 125.799
26 81 -256.813
26 82 -658.265
26 83 -1066.43
26 84 -1467.46
26 85 -1846.58
26 86 -2188.9
26 87 -2480.43
26 88 -2708.89
26 89 -2864.52
26 90 -2940.67
26 91 -2934.15
26 92 -2845.18
26 93 -2677.19
26 94 -2436.36
26 95 -2131
26 96 -1770.9
26 97 -1366.7
26 98 -929.422
26 99 -470.188
26 100 0

27 0 0
27 1 -491.253
27 2 -969.184
27 3 -1420.55
27 4 -1832.39
27 5 -2192.24
27 6 -2488.64
27 7 -2711.63
27 8 -2853.45
27 9 -2909.06
27 10 -2876.79
27 11 -2758.58
27 12 -2560.11
27 13 -2290.51
27 14 -1961.96
27 15 -1588.75
27 16 -1186.56
27 17 -771.266
27 18 -358.096
27 19 39.2891
27 20 409.423
27 21 743.453
27 22 1035.38
27 23 1281.87
27 24 1482.18
27 25 1637.68
27 26 1751.38
27 27 1827.56
27 28 1871.13
27 29 1887.4
27 30 1881.56
27 31 1858.6
27 32 1822.97
27 33 1778.6
27 34 1728.77
27 35 1676.22
27 36 1623.05
27 37 1570.92
27 38 1521.03
27 39 1474.24
27 40 1431.13
27 41 1392.04
27 42 1357.16
27 43 1326.58
27 44 1300.28
27 45 1278.22
27 46 1260.32
27 47 1246.51
27 48 1236.69
27 49 1230.84
27 50 1228.88
27 51 1230.84
27 52 1236.69
27 53 1246.51
27 54 1260.32
27 55 1278.22
27 56 1300.28
27 57 1326.58
27 58 1357.16
27 59 1392.04
27 60 1431.13
27 61 1474.24
27 62 1521.03
27 63 1570.92
27 64 1623.05
27 65 1676.22
27 66 1728.77
27 67 1778.6
27 68 1822.97
27 69 1858.6
27 70 1881.56
27 71 1887.4
27 72 1871.13
27 73 1827.56
27 74 1751.38
27 75 1637.68
27 76 1482.18
27 77 1281.87
27 78 1035.38
27 79 743.453
27 80 409.423
27 81 39.2891
27 82 -358.096
27 83 -771.266
27 84 -1186.56
27 85 -1588.75
27 86 -1961.96
27 87 -2290.51
27 88 -2560.11
27 89 -2758.58
27 90 -2876.79
27 91 -2909.06
27 92 -2853.45
27 93 -2711.63
27 94 -2488.64
27 95 -2192.24
27 96 -1832.39
27 97 -1420.55
27 98 -969.184
27 99 -491.253
27 100 0

28 0 0
28 1 -509.16
28 2 -1002.58
28 3 -1464.81
28 4 -1881.03
28 5 -2237.49
28 6 -2522.02
28 7 -2724.73
28 8 -2838.54
28 9 -2859.85
28 10 -2788.92
28 11 -2630.04
28 12 -2391.34
28 13 -2084.51
28 14 -1723.9
28 15 -1325.74
28 16 -906.943
28 17 -484.105
28 18 -72.5236
28 19 314.626
28 20 666.9
28 21 976.802
28 22 1239.85
28 23 1454.44
28 24 1621.37
28 25 1743.46
28 26 1824.99
28 27 1871.13
28 28 1887.53
28 29 1879.85
28 30 1853.52
28 31 1813.45
28 32 1763.98
28 33 1708.7
28 34 1650.62
28 35 1592.03
28 36 1534.73
28 37 1479.97
28 38 1428.68
28 39 1381.37
28 40 1338.41
28 41 1299.91
28 42 1265.92
28 43 1236.35
28 44 1211.12
28 45 1190.06
28 46 1173.07
28 47 1159.98
28 48 1150.73
28 49 1145.2
28 50 1143.37
28 51 1145.2
28 52 1150.73
28 53 1159.98
28 54 1173.07
28 55 1190.06
28 56 1211.12
28 57 1236.35
28 58 1265.92
28 59 1299.91
28 60 1338.41
28 61 1381.37
28 62 1428.68
