0 0 0
0 1 0
0 2 0
0 3 0
0 4 0
0 5 0
0 6 0
0 7 0
0 8 0
0 9 0
0 10 0
0 11 0
0 12 0
0 13 0
0 14 0
0 15 0
0 16 0
0 17 0
0 18 0
0 19 0
0 20 0
0 21 0
0 22 0
0 23 0
0 24 0
0 25 0
0 26 0
0 27 0
0 28 0
0 29 0
0 30 0
0 31 0
0 32 0
0 33 0
0 34 0
0 35 0
0 36 0
0 37 0
0 38 0
0 39 0
0 40 0
0 41 0
0 42 0
0 43 0
0 44 0
0 45 0
0 46 0
0 47 0
0 48 0
0 49 0
0 50 0
0 51 0
0 52 0
0 53 0
0 54 0
0 55 0
0 56 0
0 57 0
0 58 0
0 59 0
0 60 0
0 61 0
0 62 0
0 63 0
0 64 0
0 65 0
0 66 0
0 67 0
0 68 0
0 69 0
0 70 0
0 71 0
0 72 0
0 73 0
0 74 0
0 75 0
0 76 0
0 77 0
0 78 0
0 79 0
0 80 0
0 81 0
0 82 0
0 83 0
0 84 0
0 85 0
0 86 0
0 87 0
0 88 0
0 89 0
0 90 0
0 91 0
0 92 0
0 93 0
0 94 0
0 95 0
0 96 0
0 97 0
0 98 0
0 99 0
0 100 0

1 0 0
1 1 -77.8568
1 2 -151.502
1 3 -217.018
1 4 -271.005
1 5 -310.841
1 6 -334.82
1 7 -342.252
1 8 -333.496
1 9 -309.888
1 10 -273.621
1 11 -227.556
1 12 -174.989
1 13 -119.381
1 14 -64.1324
1 15 -12.315
1 16 33.5206
1 17 71.4408
1 18 100.279
1 19 119.56
1 20 129.489
1 21 130.85
1 22 124.843
1 23 112.951
1 24 96.778
1 25 77.9256
1 26 57.825
1 27 37.7383
1 28 18.6391
1 29 1.23809
1 30 -14.0196
1 31 -26.9157
1 32 -37.4457
1 33 -45.742
1 34 -52.0095
1 35 -56.5307
1 36 -59.6097
1 37 -61.55
1 38 -62.5977
1 39 -62.9954
1 40 -62.9406
1 41 -62.6081
1 42 -62.0926
1 43 -61.4966
1 44 -60.8906
1 45 -60.341
1 46 -59.8414
1 47 -59.4457
1 48 -59.1502
1 49 -58.964
1 50 -58.9061
1 51 -58.964
1 52 -59.1502
1 53 -59.4457
1 54 -59.8414
1 55 -60.341
1 56 -60.8906
1 57 -61.4966
1 58 -62.0926
1 59 -62.6081
1 60 -62.9406
1 61 -62.9954
1 62 -62.5977
1 63 -61.55
1 64 -59.6097
1 65 -56.5307
1 66 -52.0095
1 67 -45.742
1 68 -37.4457
1 69 -26.9157
1 70 -14.0196
1 71 1.23809
1 72 18.6391
1 73 37.7383
1 74 57.825
1 75 77.9256
1 76 96.778
1 77 112.951
1 78 124.843
1 79 130.85
1 80 129.489
1 81 119.56
1 82 100.279
1 83 71.4408
1 84 33.5206
1 85 -12.315
1 86 -64.1324
1 87 -119.381
1 88 -174.989
1 89 -227.556
1 90 -273.621
1 91 -309.888
1 92 -333.496
1 93 -342.252
1 94 -334.82
1 95 -310.841
1 96 -271.005
1 97 -217.018
1 98 -151.502
1 99 -77.8568
1 100 0

2 0 0
2 1 -151.502
2 2 -294.819
2 3 -422.332
2 4 -527.426
2 5 -604.99
2 6 -651.686
2 7 -666.149
2 8 -649.051
2 9 -602.965
2 10 -532.144
2 11 -442.141
2 12 -339.377
2 13 -230.601
2 14 -122.45
2 15 -20.9316
2 16 68.9396
2 17 143.358
2 18 199.987
2 19 237.86
2 20 257.345
2 21 259.951
2 22 248.017
2 23 224.435
2 24 192.349
2 25 154.893
2 26 114.915
2 27 74.9099
2 28 36.8316
2 29 2.0811
2 30 -28.4438
2 31 -54.3058
2 32 -75.4507
2 33 -92.1367
2 34 -104.773
2 35 -113.936
2 36 -120.199
2 37 -124.154
2 38 -126.309
2 39 -127.171
2 40 -127.115
2 41 -126.461
2 42 -125.447
2 43 -124.281
2 44 -123.085
2 45 -121.955
2 46 -120.989
2 47 -120.186
2 48 -119.584
2 49 -119.231
2 50 -119.095
2 51 -119.231
2 52 -119.584
2 53 -120.186
2 54 -120.989
2 55 -121.955
2 56 -123.085
2 57 -124.281
2 58 -125.447
2 59 -126.461
2 60 -127.115
2 61 -127.171
2 62 -126.309
2 63 -124.154
2 64 -120.199
2 65 -113.936
2 66 -104.773
2 67 -92.1367
2 68 -75.4507
2 69 -54.3058
2 70 -28.4438
2 71 2.0811
2 72 36.8316
2 73 74.9099
2 74 114.915
2 75 154.893
2 76 192.349
2 77 224.435
2 78 248.017
2 79 259.951
2 80 257.345
2 81 237.86
2 82 199.987
2 83 143.358
2 84 68.9396
2 85 -20.9316
2 86 -122.45
2 87 -230.601
2 88 -339.377
2 89 -442.141
2 90 -532.144
2 91 -602.965
2 92 -649.051
2 93 -666.149
2 94 -651.686
2 95 -604.99
2 96 -527.426
2 97 -422.332
2 98 -294.819
2 99 -151.502
2 100 0

3 0 0
3 1 -217.018
3 2 -422.332
3 3 -605.028
3 4 -755.638
3 5 -866.815
3 6 -933.742
3 7 -954.418
3 8 -929.744
3 9 -863.351
3 10 -761.273
3 11 -631.44
3 12 -483.033
3 13 -325.765
3 14 -169.2
3 15 -22.0503
3 16 108.377
3 17 216.521
3 18 298.899
3 19 354.03
3 20 382.361
3 21 385.992
3 22 368.256
3 23 333.335
3 24 285.798
3 25 230.228
3 26 170.81
3 27 111.215
3 28 54.3357
3 29 2.30285
3 30 -43.5224
3 31 -82.4488
3 32 -114.395
3 33 -139.694
3 34 -158.945
3 35 -172.95
3 36 -182.591
3 37 -188.743
3 38 -192.176
3 39 -193.601
3 40 -193.615
3 41 -192.729
3 42 -191.27
3 43 -189.543
3 44 -187.761
3 45 -186.118
3 46 -184.632
3 47 -183.44
3 48 -182.555
3 49 -181.996
3 50 -181.824
3 51 -181.996
3 52 -182.555
3 53 -183.44
3 54 -184.632
3 55 -186.118
3 56 -187.761
3 57 -189.543
3 58 -191.27
3 59 -192.729
3 60 -193.615
3 61 -193.601
3 62 -192.176
3 63 -188.743
3 64 -182.591
3 65 -172.95
3 66 -158.945
3 67 -139.694
3 68 -114.395
3 69 -82.4488
3 70 -43.5224
3 71 2.30285
3 72 54.3357
3 73 111.215
3 74 170.81
3 75 230.228
3 76 285.798
3 77 333.335
3 78 368.256
3 79 385.992
3 80 382.361
3 81 354.03
3 82 298.899
3 83 216.521
3 84 108.377
3 85 -22.0503
3 86 -169.2
3 87 -325.765
3 88 -483.033
3 89 -631.44
3 90 -761.273
3 91 -863.351
3 92 -929.744
3 93 -954.418
3 94 -933.742
3 95 -866.815
3 96 -755.638
3 97 -605.028
3 98 -422.332
3 99 -217.018
3 100 0

4 0 0
4 1 -271.005
4 2 -527.426
4 3 -755.638
4 4 -943.82
4 5 -1082.75
4 6 -1166.34
4 7 -1192
4 8 -1160.75
4 9 -1077.01
4 10 -948.23
4 11 -784.274
4 12 -596.611
4 13 -397.44
4 14 -198.819
4 15 -11.7996
4 16 154.263
4 17 292.214
4 18 397.448
4 19 467.923
4 20 504.047
4 21 508.35
4 22 484.991
4 23 439.238
4 24 376.915
4 25 303.881
4 26 225.598
4 27 146.827
4 28 71.4117
4 29 2.16808
4 30 -59.0451
4 31 -111.285
4 32 -154.336
4 33 -188.594
4 34 -214.815
4 35 -234.049
4 36 -247.412
4 37 -256.042
4 38 -260.977
4 39 -263.183
4 40 -263.448
4 41 -262.412
4 42 -260.591
4 43 -258.381
4 44 -256.083
4 45 -253.871
4 46 -251.955
4 47 -250.358
4 48 -249.169
4 49 -248.459
4 50 -248.195
4 51 -248.459
4 52 -249.169
4 53 -250.358
4 54 -251.955
4 55 -253.871
4 56 -256.083
4 57 -258.381
4 58 -260.591
4 59 -262.412
4 60 -263.448
4 61 -263.183
4 62 -260.977
4 63 -256.042
4 64 -247.412
4 65 -234.049
4 66 -214.815
4 67 -188.594
4 68 -154.336
4 69 -111.285
4 70 -59.0451
4 71 2.16808
4 72 71.4117
4 73 146.827
4 74 225.598
4 75 303.881
4 76 376.915
4 77 439.238
4 78 484.991
4 79 508.35
4 80 504.047
4 81 467.923
4 82 397.448
4 83 292.214
4 84 154.263
4 85 -11.7996
4 86 -198.819
4 87 -397.44
4 88 -596.611
4 89 -784.274
4 90 -948.23
4 91 -1077.01
4 92 -1160.75
4 93 -1192
4 94 -1166.34
4 95 -1082.75
4 96 -943.82
4 97 -755.638
4 98 -527.426
4 99 -271.005
4 100 0

5 0 0
5 1 -310.841
5 2 -604.99
5 3 -866.815
5 4 -1082.75
5 5 -1242.14
5 6 -1337.88
5 7 -1366.88
5 8 -1330.12
5 9 -1232.51
5 10 -1082.49
5 11 -891.303
5 12 -672.104
5 13 -439.015
5 14 -206.055
5 15 13.8035
5 16 209.476
5 17 372.403
5 18 496.912
5 19 580.358
5 20 622.969
5 21 627.496
5 22 598.688
5 23 542.678
5 24 466.325
5 25 376.617
5 26 280.137
5 27 182.677
5 28 88.9534
5 29 2.51949
5 30 -74.2808
5 31 -140.161
5 32 -194.791
5 33 -238.526
5 34 -272.283
5 35 -297.255
5 36 -314.826
5 37 -326.363
5 38 -333.191
5 39 -336.471
5 40 -337.208
5 41 -336.235
5 42 -334.195
5 43 -331.607
5 44 -328.828
5 45 -326.185
5 46 -323.791
5 47 -321.841
5 48 -320.392
5 49 -319.479
5 50 -319.198
5 51 -319.479
5 52 -320.392
5 53 -321.841
5 54 -323.791
5 55 -326.185
5 56 -328.828
5 57 -331.607
5 58 -334.195
5 59 -336.235
5 60 -337.208
5 61 -336.471
5 62 -333.191
5 63 -326.363
5 64 -314.826
5 65 -297.255
5 66 -272.283
5 67 -238.526
5 68 -194.791
5 69 -140.161
5 70 -74.2808
5 71 2.51949
5 72 88.9534
5 73 182.677
5 74 280.137
5 75 376.617
5 76 466.325
5 77 542.678
5 78 598.688
5 79 627.496
5 80 622.969
5 81 580.358
5 82 496.912
5 83 372.403
5 84 209.476
5 85 13.8035
5 86 -206.055
5 87 -439.015
5 88 -672.104
5 89 -891.303
5 90 -1082.49
5 91 -1232.51
5 92 -1330.12
5 93 -1366.88
5 94 -1337.88
5 95 -1242.14
5 96 -1082.75
5 97 -866.815
5 98 -604.99
5 99 -310.841
5 100 0

6 0 0
6 1 -334.82
6 2 -651.686
6 3 -933.742
6 4 -1166.34
6 5 -1337.88
6 6 -1440.57
6 7 -1470.85
6 8 -1429.54
6 9 -1321.74
6 10 -1156.37
6 11 -945.436
6 12 -703.177
6 13 -444.967
6 14 -186.219
6 15 58.6683
6 16 277.233
6 17 459.73
6 18 599.496
6 19 693.232
6 20 740.84
6 21 745.059
6 22 710.984
6 23 645.334
6 24 555.787
6 25 450.238
6 26 336.275
6 27 220.585
6 28 108.759
6 29 5.04044
6 30 -87.6551
6 31 -167.708
6 32 -234.551
6 33 -288.51
6 34 -330.537
6 35 -361.99
6 36 -384.433
6 37 -399.495
6 38 -408.73
6 39 -413.523
6 40 -415.104
6 41 -414.466
6 42 -412.444
6 43 -409.63
6 44 -406.553
6 45 -403.489
6 46 -400.763
6 47 -398.476
6 48 -396.773
6 49 -395.741
6 50 -395.365
6 51 -395.741
6 52 -396.773
6 53 -398.476
6 54 -400.763
6 55 -403.489
6 56 -406.553
6 57 -409.63
6 58 -412.444
6 59 -414.466
6 60 -415.104
6 61 -413.523
6 62 -408.73
6 63 -399.495
6 64 -384.433
6 65 -361.99
6 66 -330.537
6 67 -288.51
6 68 -234.551
6 69 -167.708
6 70 -87.6551
6 71 5.04044
6 72 108.759
6 73 220.585
6 74 336.275
6 75 450.238
6 76 555.787
6 77 645.334
6 78 710.984
6 79 745.059
6 80 740.84
6 81 693.232
6 82 599.496
6 83 459.73
6 84 277.233
6 85 58.6683
6 86 -186.219
6 87 -444.967
6 88 -703.177
6 89 -945.436
6 90 -1156.37
6 91 -1321.74
6 92 -1429.54
6 93 -1470.85
6 94 -1440.57
6 95 -1337.88
6 96 -1166.34
6 97 -933.742
6 98 -651.686
6 99 -334.82
6 100 0

7 0 0
7 1 -342.252
7 2 -666.149
7 3 -954.418
7 4 -1192
7 5 -1366.88
7 6 -1470.85
7 7 -1500
7 8 -1454.85
7 9 -1340.36
7 10 -1165.44
7 11 -942.294
7 12 -685.559
7 13 -411.22
7 14 -135.464
7 15 126.393
7 16 360.911
7 17 557.374
7 18 708.231
7 19 809.471
7 20 860.511
7 21 863.875
7 22 824.724
7 23 750.109
7 24 648.232
7 25 527.713
7 26 396.936
7 27 263.45
7 28 133.625
7 29 12.4434
7 30 -96.6579
7 31 -191.59
7 32 -271.539
7 33 -336.654
7 34 -387.947
7 35 -426.834
7 36 -455.074
7 37 -474.456
7 38 -486.804
7 39 -493.729
7 40 -496.658
7 41 -496.78
7 42 -495.08
7 43 -492.354
7 44 -489.118
7 45 -485.863
7 46 -482.855
7 47 -480.347
7 48 -478.464
7 49 -477.282
7 50 -476.911
7 51 -477.282
7 52 -478.464
7 53 -480.347
7 54 -482.855
7 55 -485.863
7 56 -489.118
7 57 -492.354
7 58 -495.08
7 59 -496.78
7 60 -496.658
7 61 -493.729
7 62 -486.804
7 63 -474.456
7 64 -455.074
7 65 -426.834
7 66 -387.947
7 67 -336.654
7 68 -271.539
7 69 -191.59
7 70 -96.6579
7 71 12.4434
7 72 133.625
7 73 263.45
7 74 396.936
7 75 527.713
7 76 648.232
7 77 750.109
7 78 824.724
7 79 863.875
7 80 860.511
7 81 809.471
7 82 708.231
7 83 557.374
7 84 360.911
7 85 126.393
7 86 -135.464
7 87 -411.22
7 88 -685.559
7 89 -942.294
7 90 -1165.44
7 91 -1340.36
7 92 -1454.85
7 93 -1500
7 94 -1470.85
7 95 -1366.88
7 96 -1192
7 97 -954.418
7 98 -666.149
7 99 -342.252
7 100 0

8 0 0
8 1 -333.496
8 2 -649.051
8 3 -929.744
8 4 -1160.75
8 5 -1330.12
8 6 -1429.54
8 7 -1454.85
8 8 -1406.2
8 9 -1288.07
8 10 -1108.92
8 11 -880.583
8 12 -617.471
8 13 -335.52
8 14 -51.1241
8 15 219.991
8 16 463.782
8 17 668.796
8 18 826.718
8 19 932.791
8 20 985.813
8 21 987.862
8 22 943.9
8 23 861.006
8 24 747.694
8 25 613.069
8 26 466.175
8 27 315.258
8 28 167.463
8 29 28.442
8 30 -97.7004
8 31 -208.426
8 32 -302.542
8 33 -380.056
8 34 -441.841
8 35 -489.382
8 36 -524.524
8 37 -549.296
8 38 -565.698
8 39 -575.547
8 40 -580.497
8 41 -581.95
8 42 -581.09
8 43 -578.755
8 44 -575.727
8 45 -572.465
8 46 -569.399
8 47 -566.774
8 48 -564.791
8 49 -563.57
8 50 -563.129
8 51 -563.57
8 52 -564.791
8 53 -566.774
8 54 -569.399
8 55 -572.465
8 56 -575.727
8 57 -578.755
8 58 -581.09
8 59 -581.95
8 60 -580.497
8 61 -575.547
8 62 -565.698
8 63 -549.296
8 64 -524.524
8 65 -489.382
8 66 -441.841
8 67 -380.056
8 68 -302.542
8 69 -208.426
8 70 -97.7004
8 71 28.442
8 72 167.463
8 73 315.258
8 74 466.175
8 75 613.069
8 76 747.694
8 77 861.006
8 78 943.9
8 79 987.862
8 80 985.813
8 81 932.791
8 82 826.718
8 83 668.796
8 84 463.782
8 85 219.991
8 86 -51.1241
8 87 -335.52
8 88 -617.471
8 89 -880.583
8 90 -1108.92
8 91 -1288.07
8 92 -1406.2
8 93 -1454.85
8 94 -1429.54
8 95 -1330.12
8 96 -1160.75
8 97 -929.744
8 98 -649.051
8 99 -333.496
8 100 0

9 0 0
9 1 -309.888
9 2 -602.965
9 3 -863.351
9 4 -1077.01
9 5 -1232.51
9 6 -1321.74
9 7 -1340.36
9 8 -1288.07
9 9 -1168.63
9 10 -989.678
9 11 -762.174
9 12 -499.73
9 13 -217.689
9 14 67.9105
9 15 341.395
9 16 588.5
9 17 797.264
9 18 958.717
9 19 1067.33
9 20 1121.15
9 21 1121.64
9 22 1073.28
9 23 982.957
9 24 859.194
9 25 711.399
9 26 549.043
9 27 381.053
9 28 215.226
9 29 57.9551
9 30 -86.0515
9 31 -213.656
9 32 -323.283
9 33 -414.598
9 34 -488.365
9 35 -546.016
9 36 -589.5
9 37 -620.943
9 38 -642.538
9 39 -656.347
9 40 -664.219
9 41 -667.767
9 42 -668.303
9 43 -666.967
9 44 -664.501
9 45 -661.597
9 46 -658.706
9 47 -656.179
9 48 -654.228
9 49 -652.995
9 50 -652.599
9 51 -652.995
9 52 -654.228
9 53 -656.179
9 54 -658.706
9 55 -661.597
9 56 -664.501
9 57 -666.967
9 58 -668.303
9 59 -667.767
9 60 -664.219
9 61 -656.347
9 62 -642.538
9 63 -620.943
9 64 -589.5
9 65 -546.016
9 66 -488.365
9 67 -414.598
9 68 -323.283
9 69 -213.656
9 70 -86.0515
9 71 57.9551
9 72 215.226
9 73 381.053
9 74 549.043
9 75 711.399
9 76 859.194
9 77 982.957
9 78 1073.28
9 79 1121.64
9 80 1121.15
9 81 1067.33
9 82 958.717
9 83 797.264
9 84 588.5
9 85 341.395
9 86 67.9105
9 87 -217.689
9 88 -499.73
9 89 -762.174
9 90 -989.678
9 91 -1168.63
9 92 -1288.07
9 93 -1340.36
9 94 -1321.74
9 95 -1232.51
9 96 -1077.01
9 97 -863.351
9 98 -602.965
9 99 -309.888
9 100 0

10 0 0
10 1 -273.621
10 2 -532.144
10 3 -761.273
10 4 -948.23
10 5 -1082.49
10 6 -1156.37
10 7 -1165.44
10 8 -1108.92
10 9 -989.678
10 10 -814.205
10 11 -592.198
10 12 -336.019
10 13 -59.9212
10 14 220.865
10 15 491.139
10 16 736.728
10 17 945.392
10 18 1107.62
10 19 1217.1
10 20 1271.04
10 21 1270.09
10 22 1218.06
10 23 1121.35
10 24 988.308
10 25 828.376
10 26 651.363
10 27 466.683
10 28 282.812
10 29 106.783
10 30 -55.9391
10 31 -201.655
10 32 -328.22
10 33 -434.993
10 34 -522.425
10 35 -591.907
10 36 -645.342
10 37 -684.999
10 38 -713.202
10 39 -732.212
10 40 -744.095
10 41 -750.657
10 42 -753.471
10 43 -753.703
10 44 -752.405
10 45 -750.286
10 46 -747.929
10 47 -745.738
10 48 -744.005
10 49 -742.905
10 50 -742.508
10 51 -742.905
10 52 -744.005
10 53 -745.738
10 54 -747.929
10 55 -750.286
10 56 -752.405
10 57 -753.703
10 58 -753.471
10 59 -750.657
10 60 -744.095
10 61 -732.212
10 62 -713.202
10 63 -684.999
10 64 -645.342
10 65 -591.907
10 66 -522.425
10 67 -434.993
10 68 -328.22
10 69 -201.655
10 70 -55.9391
10 71 106.783
10 72 282.812
10 73 466.683
10 74 651.363
10 75 828.376
10 76 988.308
10 77 1121.35
10 78 1218.06
10 79 1270.09
10 80 1271.04
10 81 1217.1
10 82 1107.62
10 83 945.392
10 84 736.728
10 85 491.139
10 86 220.865
10 87 -59.9212
10 88 -336.019
10 89 -592.198
10 90 -814.205
10 91 -989.678
10 92 -1108.92
10 93 -1165.44
10 94 -1156.37
10 95 -1082.49
10 96 -948.23
10 97 -761.273
10 98 -532.144
10 99 -273.621
10 100 0

11 0 0
11 1 -227.556
11 2 -442.141
11 3 -631.44
11 4 -784.274
11 5 -891.303
11 6 -945.436
11 7 -942.294
11 8 -880.583
11 9 -762.174
11 10 -592.198
11 11 -378.811
11 12 -132.765
11 13 133.125
11 14 404.822
11 15 667.918
11 16 908.605
11 17 1114.57
11 18 1275.84
11 19 1385.38
11 20 1439.44
11 21 1437.76
11 22 1383.2
11 23 1281.55
11 24 1140.67
11 25 969.936
11 26 779.255
11 27 578.493
11 28 376.65
11 29 181.499
11 30 -0.803635
11 31 -165.82
11 32 -310.877
11 33 -434.809
11 34 -537.774
11 35 -620.932
11 36 -686.169
11 37 -735.773
11 38 -772.189
11 39 -797.86
11 40 -815.041
11 41 -825.789
11 42 -831.767
11 43 -834.471
11 44 -834.979
11 45 -834.208
11 46 -832.824
11 47 -831.314
11 48 -830.023
11 49 -829.16
11 50 -828.877
11 51 -829.16
11 52 -830.023
11 53 -831.314
11 54 -832.824
11 55 -834.208
11 56 -834.979
11 57 -834.471
11 58 -831.767
11 59 -825.789
11 60 -815.041
11 61 -797.86
11 62 -772.189
11 63 -735.773
11 64 -686.169
11 65 -620.932
11 66 -537.774
11 67 -434.809
11 68 -310.877
11 69 -165.82
11 70 -0.803635
11 71 181.499
11 72 376.65
11 73 578.493
11 74 779.255
11 75 969.936
11 76 1140.67
11 77 1281.55
11 78 1383.2
11 79 1437.76
11 80 1439.44
11 81 1385.38
11 82 1275.84
11 83 1114.57
11 84 908.605
11 85 667.918
11 86 404.822
11 87 133.125
11 88 -132.765
11 89 -378.811
11 90 -592.198
11 91 -762.174
11 92 -880.583
11 93 -942.294
11 94 -945.436
11 95 -891.303
11 96 -784.274
11 97 -631.44
11 98 -442.141
11 99 -227.556
11 100 0

12 0 0
12 1 -174.989
12 2 -339.377
12 3 -483.033
12 4 -596.611
12 5 -672.104
12 6 -703.177
12 7 -685.559
12 8 -617.471
12 9 -499.73
12 10 -336.019
12 11 -132.765
12 12 101.078
12 13 354.394
12 14 614.587
12 15 868.304
12 16 1102.32
12 17 1304.41
12 18 1464.25
12 19 1574.06
12 20 1629.13
12 21 1628.09
12 22 1572.8
12 23 1468.15
12 24 1321.43
12 25 1141.6
12 26 938.663
12 27 722.703
12 28 503.316
12 29 288.893
12 30 86.4041
12 31 -99.0447
12 32 -264.022
12 33 -406.84
12 34 -527.172
12 35 -625.977
12 36 -704.958
12 37 -766.382
12 38 -812.765
12 39 -846.706
12 40 -870.678
12 41 -886.837
12 42 -897.17
12 43 -903.238
12 44 -906.392
12 45 -907.624
12 46 -907.735
12 47 -907.299
12 48 -906.734
12 49 -906.296
12 50 -906.13
12 51 -906.296
12 52 -906.734
12 53 -907.299
12 54 -907.735
12 55 -907.624
12 56 -906.392
12 57 -903.238
12 58 -897.17
12 59 -886.837
12 60 -870.678
12 61 -846.706
12 62 -812.765
12 63 -766.382
12 64 -704.958
12 65 -625.977
12 66 -527.172
12 67 -406.84
12 68 -264.022
12 69 -99.0447
12 70 86.4041
12 71 288.893
12 72 503.316
12 73 722.703
12 74 938.663
12 75 1141.6
12 76 1321.43
12 77 1468.15
12 78 1572.8
12 79 1628.09
12 80 1629.13
12 81 1574.06
12 82 1464.25
12 83 1304.41
12 84 1102.32
12 85 868.304
12 86 614.587
12 87 354.394
12 88 101.078
12 89 -132.765
12 90 -336.019
12 91 -499.73
12 92 -617.471
12 93 -685.559
12 94 -703.177
12 95 -672.104
12 96 -596.611
12 97 -483.033
12 98 -339.377
12 99 -174.989
12 100 0

13 0 0
13 1 -119.381
13 2 -230.601
13 3 -325.765
13 4 -397.44
13 5 -439.015
13 6 -444.967
13 7 -411.22
13 8 -335.52
13 9 -217.689
13 10 -59.9212
13 11 133.125
13 12 354.394
13 13 594.603
13 14 842.753
13 15 1086.7
13 16 1313.93
13 17 1512.47
13 18 1671.68
13 19 1783.09
13 20 1840.99
13 21 1842.86
13 22 1789.37
13 23 1684.38
13 24 1534.33
13 25 1347.78
13 26 1134.52
13 27 904.867
13 28 668.803
13 29 435.445
13 30 212.47
13 31 5.87346
13 32 -180.223
13 33 -343.41
13 34 -482.908
13 35 -599.221
13 36 -693.858
13 37 -768.992
13 38 -827.18
13 39 -871.113
13 40 -903.361
13 41 -926.385
13 42 -942.244
13 43 -952.774
13 44 -959.44
13 45 -963.426
13 46 -965.63
13 47 -966.722
13 48 -967.2
13 49 -967.365
13 50 -967.408
13 51 -967.365
13 52 -967.2
13 53 -966.722
13 54 -965.63
13 55 -963.426
13 56 -959.44
13 57 -952.774
13 58 -942.244
13 59 -926.385
13 60 -903.361
13 61 -871.113
13 62 -827.18
13 63 -768.992
13 64 -693.858
13 65 -599.221
13 66 -482.908
13 67 -343.41
13 68 -180.223
13 69 5.87346
13 70 212.47
13 71 435.445
13 72 668.803
13 73 904.867
13 74 1134.52
13 75 1347.78
13 76 1534.33
13 77 1684.38
13 78 1789.37
13 79 1842.86
13 80 1840.99
13 81 1783.09
13 82 1671.68
13 83 1512.47
13 84 1313.93
13 85 1086.7
13 86 842.753
13 87 594.603
13 88 354.394
13 89 133.125
13 90 -59.9212
13 91 -217.689
13 92 -335.52
13 93 -411.22
13 94 -444.967
13 95 -439.015
13 96 -397.44
13 97 -325.765
13 98 -230.601
13 99 -119.381
13 100 0

14 0 0
14 1 -64.1324
14 2 -122.45
14 3 -169.2
14 4 -198.819
14 5 -206.055
14 6 -186.219
14 7 -135.464
14 8 -51.1241
14 9 67.9105
14 10 220.865
14 11 404.822
14 12 614.587
14 13 842.753
14 14 1079.95
14 15 1315.32
14 16 1537.2
14 17 1733.88
14 18 1894.54
14 19 2010.02
14 20 2073.61
14 21 2081.52
14 22 2033.2
14 23 1931.27
14 24 1781.27
14 25 1591.06
14 26 1370.19
14 27 1128.98
14 28 877.852
14 29 626.498
14 30 383.425
14 31 155.415
14 32 -52.5085
14 33 -237.23
14 34 -397.29
14 35 -532.758
14 36 -644.814
14 37 -735.454
14 38 -807.187
14 39 -862.737
14 40 -904.885
14 41 -936.118
14 42 -958.78
14 43 -974.85
14 44 -985.987
14 45 -993.493
14 46 -998.413
14 47 -1001.53
14 48 -1003.38
14 49 -1004.36
14 50 -1004.67
14 51 -1004.36
14 52 -1003.38
14 53 -1001.53
14 54 -998.413
14 55 -993.493
14 56 -985.987
14 57 -974.85
14 58 -958.78
14 59 -936.118
14 60 -904.885
14 61 -862.737
14 62 -807.187
14 63 -735.454
14 64 -644.814
14 65 -532.758
14 66 -397.29
14 67 -237.23
14 68 -52.5085
14 69 155.415
14 70 383.425
14 71 626.498
14 72 877.852
14 73 1128.98
14 74 1370.19
14 75 1591.06
14 76 1781.27
14 77 1931.27
14 78 2033.2
14 79 2081.52
14 80 2073.61
14 81 2010.02
14 82 1894.54
14 83 1733.88
14 84 1537.2
14 85 1315.32
14 86 1079.95
14 87 842.753
14 88 614.587
14 89 404.822
14 90 220.865
14 91 67.9105
14 92 -51.1241
14 93 -135.464
14 94 -186.219
14 95 -206.055
14 96 -198.819
14 97 -169.2
14 98 -122.45
14 99 -64.1324
14 100 0

15 0 0
15 1 -12.315
15 2 -20.9316
15 3 -22.0503
15 4 -11.7996
15 5 13.8035
15 6 58.6683
15 7 126.393
15 8 219.991
15 9 341.395
15 10 491.139
15 11 667.918
15 12 868.304
15 13 1086.7
15 14 1315.32
15 15 1544.63
15 16 1763.82
15 17 1961.55
15 18 2126.81
15 19 2249.83
15 20 2322.84
15 21 2340.82
15 22 2301.84
15 23 2207.24
15 24 2061.44
15 25 1871.53
15 26 1646.57
15 27 1396.88
15 28 1133.1
15 29 865.592
15 30 603.519
15 31 354.643
15 32 124.812
15 33 -81.9507
15 34 -263.53
15 35 -419.36
15 36 -550.224
15 37 -657.864
15 38 -744.664
15 39 -813.385
15 40 -866.769
15 41 -907.57
15 42 -938.221
15 43 -960.887
15 44 -977.376
15 45 -989.187
15 46 -997.445
15 47 -1003.04
15 48 -1006.63
15 49 -1008.62
15 50 -1009.25
15 51 -1008.62
15 52 -1006.63
15 53 -1003.04
15 54 -997.445
15 55 -989.187
15 56 -977.376
15 57 -960.887
15 58 -938.221
15 59 -907.57
15 60 -866.769
15 61 -813.385
15 62 -744.664
15 63 -657.864
15 64 -550.224
15 65 -419.36
15 66 -263.53
15 67 -81.9507
15 68 124.812
15 69 354.643
15 70 603.519
15 71 865.592
15 72 1133.1
15 73 1396.88
15 74 1646.57
15 75 1871.53
15 76 2061.44
15 77 2207.24
15 78 2301.84
15 79 2340.82
15 80 2322.84
15 81 2249.83
15 82 2126.81
15 83 1961.55
15 84 1763.82
15 85 1544.63
15 86 1315.32
15 87 1086.7
15 88 868.304
15 89 667.918
15 90 491.139
15 91 341.395
15 92 219.991
15 93 126.393
15 94 58.6683
15 95 13.8035
15 96 -11.7996
15 97 -22.0503
15 98 -20.9316
15 99 -12.315
15 100 0

16 0 0
16 1 33.5206
16 2 68.9396
16 3 108.377
16 4 154.263
16 5 209.476
16 6 277.233
16 7 360.911
16 8 463.782
16 9 588.5
16 10 736.728
16 11 908.605
16 12 1102.32
16 13 1313.93
16 14 1537.2
16 15 1763.82
16 16 1983.87
16 17 2186.35
16 18 2360.16
16 19 2494.89
16 20 2581.82
16 21 2614.59
16 22 2589.9
16 23 2507.64
16 24 2371.02
16 25 2186.19
16 26 1961.63
16 27 1707.44
16 28 1434.49
16 29 1153.55
16 30 874.61
16 31 606.263
16 32 355.368
16 33 126.778
16 34 -76.5251
16 35 -253.315
16 36 -403.842
16 37 -529.522
16 38 -632.56
16 39 -715.562
16 40 -781.398
16 41 -832.844
16 42 -872.487
16 43 -902.663
16 44 -925.325
16 45 -942.088
16 46 -954.235
16 47 -962.77
16 48 -968.371
16 49 -971.559
16 50 -972.597
16 51 -971.559
16 52 -968.371
16 53 -962.77
16 54 -954.235
16 55 -942.088
16 56 -925.325
16 57 -902.663
16 58 -872.487
16 59 -832.844
16 60 -781.398
16 61 -715.562
16 62 -632.56
16 63 -529.522
16 64 -403.842
16 65 -253.315
16 66 -76.5251
16 67 126.778
16 68 355.368
16 69 606.263
16 70 874.61
16 71 1153.55
16 72 1434.49
16 73 1707.44
16 74 1961.63
16 75 2186.19
16 76 2371.02
16 77 2507.64
16 78 2589.9
16 79 2614.59
16 80 2581.82
16 81 2494.89
16 82 2360.16
16 83 2186.35
16 84 1983.87
16 85 1763.82
16 86 1537.2
16 87 1313.93
16 88 1102.32
16 89 908.605
16 90 736.728
16 91 588.5
16 92 463.782
16 93 360.911
16 94 277.233
16 95 209.476
16 96 154.263
16 97 108.377
16 98 68.9396
16 99 33.5206
16 100 0

17 0 0
17 1 71.4408
17 2 143.358
17 3 216.521
17 4 292.214
17 5 372.403
17 6 459.73
17 7 557.374
17 8 668.796
17 9 797.264
17 10 945.392
17 11 1114.57
17 12 1304.41
17 13 1512.47
17 14 1733.88
17 15 1961.55
17 16 2186.35
17 17 2397.7
17 18 2584.39
17 19 2735.49
17 20 2841.23
17 21 2894.01
17 22 2889.02
17 23 2824.73
17 24 2702.97
17 25 2528.82
17 26 2309.98
17 27 2056.26
17 28 1778.52
17 29 1488
17 30 1195.31
17 31 909.992
17 32 639.776
17 33 390.549
17 34 166.169
17 35 -31.3622
17 36 -201.719
17 37 -345.885
17 38 -465.702
17 39 -563.733
17 40 -642.739
17 41 -705.588
17 42 -754.962
17 43 -793.309
17 44 -822.716
17 45 -844.969
17 46 -861.434
17 47 -873.206
17 48 -881.089
17 49 -885.62
17 50 -887.076
17 51 -885.62
17 52 -881.089
17 53 -873.206
17 54 -861.434
17 55 -844.969
17 56 -822.716
17 57 -793.309
17 58 -754.962
17 59 -705.588
17 60 -642.739
17 61 -563.733
17 62 -465.702
17 63 -345.885
17 64 -201.719
17 65 -31.3622
17 66 166.169
17 67 390.549
17 68 639.776
17 69 909.992
17 70 1195.31
17 71 1488
17 72 1778.52
17 73 2056.26
17 74 2309.98
17 75 2528.82
17 76 2702.97
17 77 2824.73
17 78 2889.02
17 79 2894.01
17 80 2841.23
17 81 2735.49
17 82 2584.39
17 83 2397.7
17 84 2186.35
17 85 1961.55
17 86 1733.88
17 87 1512.47
17 88 1304.41
17 89 1114.57
17 90 945.392
17 91 797.264
17 92 668.796
17 93 557.374
17 94 459.73
17 95 372.403
17 96 292.214
17 97 216.521
17 98 143.358
17 99 71.4408
17 100 0

18 0 0
18 1 100.279
18 2 199.987
18 3 298.899
18 4 397.448
18 5 496.912
18 6 599.496
18 7 708.231
18 8 826.718
18 9 958.717
18 10 1107.62
18 11 1275.84
18 12 1464.25
18 13 1671.68
18 14 1894.54
18 15 2126.81
18 16 2360.16
18 17 2584.39
18 18 2788.27
18 19 2960.3
18 20 3089.82
18 21 3167.91
18 22 3188.33
18 23 3147.95
18 24 3047.21
18 25 2889.87
18 26 2682.84
18 27 2435.34
18 28 2158.21
18 29 1862.89
18 30 1560.68
18 31 1261.85
18 32 975.188
18 33 707.521
18 34 463.677
18 35 246.473
18 36 56.948
18 37 -105.313
18 38 -241.888
18 39 -355.028
18 40 -447.439
18 41 -521.987
18 42 -581.416
18 43 -628.262
18 44 -664.749
18 45 -692.745
18 46 -713.766
18 47 -728.996
18 48 -739.274
18 49 -745.215
18 50 -747.175
18 51 -745.215
18 52 -739.274
18 53 -728.996
18 54 -713.766
18 55 -692.745
18 56 -664.749
18 57 -628.262
18 58 -581.416
18 59 -521.987
18 60 -447.439
18 61 -355.028
18 62 -241.888
18 63 -105.313
18 64 56.948
18 65 246.473
18 66 463.677
18 67 707.521
18 68 975.188
18 69 1261.85
18 70 1560.68
18 71 1862.89
18 72 2158.21
18 73 2435.34
18 74 2682.84
18 75 2889.87
18 76 3047.21
18 77 3147.95
18 78 3188.33
18 79 3167.91
18 80 3089.82
18 81 2960.3
18 82 2788.27
18 83 2584.39
18 84 2360.16
18 85 2126.81
18 86 1894.54
18 87 1671.68
18 88 1464.25
18 89 1275.84
18 90 1107.62
18 91 958.717
18 92 826.718
18 93 708.231
18 94 599.496
18 95 496.912
18 96 397.448
18 97 298.899
18 98 199.987
18 99 100.279
18 100 0

19 0 0
19 1 119.56
19 2 237.86
19 3 354.03
19 4 467.923
19 5 580.358
19 6 693.232
19 7 809.471
19 8 932.791
19 9 1067.33
19 10 1217.1
19 11 1385.38
19 12 1574.06
19 13 1783.09
19 14 2010.02
19 15 2249.83
19 16 2494.89
19 17 2735.49
19 18 2960.3
19 19 3157.42
19 20 3315.27
19 21 3423.76
19 22 3475.06
19 23 3464.56
19 24 3391.05
19 25 3257.04
19 26 3068.29
19 27 2833.42
19 28 2562.95
19 29 2268.52
19 30 1961.87
19 31 1654.07
19 32 1354.79
19 33 1071.88
19 34 811.153
19 35 576.328
19 36 369.213
19 37 189.949
19 38 37.4862
19 39 -90.1793
19 40 -195.634
19 41 -281.636
19 42 -350.971
19 43 -406.237
19 44 -449.755
19 45 -483.501
19 46 -509.084
19 47 -527.749
19 48 -540.458
19 49 -547.835
19 50 -550.236
19 51 -547.835
19 52 -540.458
19 53 -527.749
19 54 -509.084
19 55 -483.501
19 56 -449.755
19 57 -406.237
19 58 -350.971
19 59 -281.636
19 60 -195.634
19 61 -90.1793
19 62 37.4862
19 63 189.949
19 64 369.213
19 65 576.328
19 66 811.153
19 67 1071.88
19 68 1354.79
19 69 1654.07
19 70 1961.87
19 71 2268.52
19 72 2562.95
19 73 2833.42
19 74 3068.29
19 75 3257.04
19 76 3391.05
19 77 3464.56
19 78 3475.06
19 79 3423.76
19 80 3315.27
19 81 3157.42
19 82 2960.3
19 83 2735.49
19 84 2494.89
19 85 2249.83
19 86 2010.02
19 87 1783.09
19 88 1574.06
19 89 1385.38
19 90 1217.1
19 91 1067.33
19 92 932.791
19 93 809.471
19 94 693.232
19 95 580.358
19 96 467.923
19 97 354.03
19 98 237.86
19 99 119.56
19 100 0

20 0 0
20 1 129.489
20 2 257.345
20 3 382.361
20 4 504.047
20 5 622.969
20 6 740.84
20 7 860.511
20 8 985.813
20 9 1121.15
20 10 1271.04
20 11 1439.44
20 12 1629.13
20 13 1840.99
20 14 2073.61
20 15 2322.84
20 16 2581.82
20 17 2841.23
20 18 3089.82
20 19 3315.27
20 20 3505.27
20 21 3648.44
20 22 3735.61
20 23 3760.43
20 24 3720.2
20 25 3615.85
20 26 3452.04
20 27 3236.42
20 28 2979.17
20 29 2691.84
20 30 2386.6
20 31 2075.1
20 32 1767.91
20 33 1473.86
20 34 1199.73
20 35 950.213
20 36 727.877
20 37 533.633
20 38 366.855
20 39 225.901
20 40 108.449
20 41 11.8141
20 42 -66.7807
20 43 -129.94
20 44 -180.07
20 45 -219.223
20 46 -249.103
20 47 -271.038
20 48 -286.018
20 49 -294.73
20 50 -297.613
20 51 -294.73
20 52 -286.018
20 53 -271.038
20 54 -249.103
20 55 -219.223
20 56 -180.07
20 57 -129.94
20 58 -66.7807
20 59 11.8141
20 60 108.449
20 61 225.901
20 62 366.855
20 63 533.633
20 64 727.877
20 65 950.213
20 66 1199.73
20 67 1473.86
20 68 1767.91
20 69 2075.1
20 70 2386.6
20 71 2691.84
20 72 2979.17
20 73 3236.42
20 74 3452.04
20 75 3615.85
20 76 3720.2
20 77 3760.43
20 78 3735.61
20 79 3648.44
20 80 3505.27
20 81 3315.27
20 82 3089.82
20 83 2841.23
20 84 2581.82
20 85 2322.84
20 86 2073.61
20 87 1840.99
20 88 1629.13
20 89 1439.44
20 90 1271.04
20 91 1121.15
20 92 985.813
20 93 860.511
20 94 740.84
20 95 622.969
20 96 504.047
20 97 382.361
20 98 257.345
20 99 129.489
20 100 0

21 0 0
21 1 130.85
21 2 259.951
21 3 385.992
21 4 508.35
21 5 627.496
21 6 745.059
21 7 863.875
21 8 987.862
21 9 1121.64
21 10 1270.09
21 11 1437.76
21 12 1628.09
21 13 1842.86
21 14 2081.52
21 15 2340.82
21 16 2614.59
21 17 2894.01
21 18 3167.91
21 19 3423.76
21 20 3648.44
21 21 3829.58
21 22 3956.52
21 23 4021.39
21 24 4019.72
21 25 3950.94
21 26 3818.28
21 27 3628.48
21 28 3391.02
21 29 3117.33
21 30 2819.65
21 31 2510.26
21 32 2200.46
21 33 1900.04
21 34 1616.74
21 35 1356.14
21 36 1121.77
21 37 915.206
21 38 736.37
21 39 584.081
21 40 456.23
21 41 350.315
21 42 263.632
21 43 193.539
21 44 137.595
21 45 93.6894
21 46 60.0357
21 47 35.252
21 48 18.2689
21 49 8.36134
21 50 5.1244
21 51 8.36134
21 52 18.2689
21 53 35.252
21 54 60.0357
21 55 93.6894
21 56 137.595
21 57 193.539
21 58 263.632
21 59 350.315
21 60 456.23
21 61 584.081
21 62 736.37
21 63 915.206
21 64 1121.77
21 65 1356.14
21 66 1616.74
21 67 1900.04
21 68 2200.46
21 69 2510.26
21 70 2819.65
21 71 3117.33
21 72 3391.02
21 73 3628.48
21 74 3818.28
21 75 3950.94
21 76 4019.72
21 77 4021.39
21 78 3956.52
21 79 3829.58
21 80 3648.44
21 81 3423.76
21 82 3167.91
21 83 2894.01
21 84 2614.59
21 85 2340.82
21 86 2081.52
21 87 1842.86
21 88 1628.09
21 89 1437.76
21 90 1270.09
21 91 1121.64
21 92 987.862
21 93 863.875
21 94 745.059
21 95 627.496
21 96 508.35
21 97 385.992
21 98 259.951
21 99 130.85
21 100 0

22 0 0
22 1 124.843
22 2 248.017
22 3 368.256
22 4 484.991
22 5 598.688
22 6 710.984
22 7 824.724
22 8 943.9
22 9 1073.28
22 10 1218.06
22 11 1383.2
22 12 1572.8
22 13 1789.37
22 14 2033.2
22 15 2301.84
22 16 2589.9
22 17 2889.02
22 18 3188.33
22 19 3475.06
22 20 3735.61
22 21 3956.52
22 22 4125.89
22 23 4234.18
22 24 4275.31
22 25 4247.02
22 26 4151.11
22 27 3993.08
22 28 3781.67
22 29 3527.86
22 30 3243.98
22 31 2942.65
22 32 2635.85
22 33 2334.19
22 34 2046.33
22 35 1778.87
22 36 1536.15
22 37 1320.46
22 38 1132.4
22 39 971.185
22 40 835.071
22 41 721.715
22 42 628.499
22 43 552.816
22 44 492.21
22 45 444.485
22 46 407.829
22 47 380.767
22 48 362.206
22 49 351.381
22 50 347.805
22 51 351.381
22 52 362.206
22 53 380.767
22 54 407.829
22 55 444.485
22 56 492.21
22 57 552.816
22 58 628.499
22 59 721.715
22 60 835.071
22 61 971.185
22 62 1132.4
22 63 1320.46
22 64 1536.15
22 65 1778.87
22 66 2046.33
22 67 2334.19
22 68 2635.85
22 69 2942.65
22 70 3243.98
22 71 3527.86
22 72 3781.67
22 73 3993.08
22 74 4151.11
22 75 4247.02
22 76 4275.31
22 77 4234.18
22 78 4125.89
22 79 3956.52
22 80 3735.61
22 81 3475.06
22 82 3188.33
22 83 2889.02
22 84 2589.9
22 85 2301.84
22 86 2033.2
22 87 1789.37
22 88 1572.8
22 89 1383.2
22 90 1218.06
22 91 1073.28
22 92 943.9
22 93 824.724
22 94 710.984
22 95 598.688
22 96 484.991
22 97 368.256
22 98 248.017
22 99 124.843
22 100 0

23 0 0
23 1 112.951
23 2 224.435
23 3 333.335
23 4 439.238
23 5 542.678
23 6 645.334
23 7 750.109
23 8 861.006
23 9 982.957
23 10 1121.35
23 11 1281.55
23 12 1468.15
23 13 1684.38
23 14 1931.27
23 15 2207.24
23 16 2507.64
23 17 2824.73
23 18 3147.95
23 19 3464.56
23 20 3760.43
23 21 4021.39
23 22 4234.18
23 23 4387.86
23 24 4474.59
23 25 4490.48
23 26 4435.69
23 27 4314.47
23 28 4134.53
23 29 3906.34
23 30 3642.03
23 31 3354.47
23 32 3056.14
23 33 2758.39
23 34 2470.81
23 35 2200.83
23 36 1953.66
23 37 1732.41
23 38 1538.25
23 39 1370.89
23 40 1228.95
23 41 1110.29
23 42 1012.43
23 43 932.78
23 44 868.874
23 45 818.511
23 46 779.782
23 47 751.182
23 48 731.563
23 49 720.101
23 50 716.351
23 51 720.101
23 52 731.563
23 53 751.182
23 54 779.782
23 55 818.511
23 56 868.874
23 57 932.78
23 58 1012.43
23 59 1110.29
23 60 1228.95
23 61 1370.89
23 62 1538.25
23 63 1732.41
23 64 1953.66
23 65 2200.83
23 66 2470.81
23 67 2758.39
23 68 3056.14
23 69 3354.47
23 70 3642.03
23 71 3906.34
23 72 4134.53
23 73 4314.47
23 74 4435.69
23 75 4490.48
23 76 4474.59
23 77 4387.86
23 78 4234.18
23 79 4021.39
23 80 3760.43
23 81 3464.56
23 82 3147.95
23 83 2824.73
23 84 2507.64
23 85 2207.24
23 86 1931.27
23 87 1684.38
23 88 1468.15
23 89 1281.55
23 90 1121.35
23 91 982.957
23 92 861.006
23 93 750.109
23 94 645.334
23 95 542.678
23 96 439.238
23 97 333.335
23 98 224.435
23 99 112.951
23 100 0

24 0 0
24 1 96.778
24 2 192.349
24 3 285.798
24 4 376.915
24 5 466.325
24 6 555.787
24 7 648.232
24 8 747.694
24 9 859.194
24 10 988.308
24 11 1140.67
24 12 1321.43
24 13 1534.33
24 14 1781.27
24 15 2061.44
24 16 2371.02
24 17 2702.97
24 18 3047.21
24 19 3391.05
24 20 3720.2
24 21 4019.72
24 22 4275.31
24 23 4474.59
24 24 4608.15
24 25 4670.29
24 26 4659.62
24 27 4578.91
24 28 4434.78
24 29 4236.92
24 30 3997.19
24 31 3728.44
24 32 3443.59
24 33 3154.6
24 34 2871.82
24 35 2603.56
24 36 2355.89
24 37 2132.57
24 38 1935.51
24 39 1764.89
24 40 1619.69
24 41 1498.02
24 42 1397.51
24 43 1315.65
24 44 1249.98
24 45 1198.23
24 46 1158.48
24 47 1129.15
24 48 1109.04
24 49 1097.32
24 50 1093.45
24 51 1097.32
24 52 1109.04
24 53 1129.15
24 54 1158.48
24 55 1198.23
24 56 1249.98
24 57 1315.65
24 58 1397.51
24 59 1498.02
24 60 1619.69
24 61 1764.89
24 62 1935.51
24 63 2132.57
24 64 2355.89
24 65 2603.56
24 66 2871.82
24 67 3154.6
24 68 3443.59
24 69 3728.44
24 70 3997.19
24 71 4236.92
24 72 4434.78
24 73 4578.91
24 74 4659.62
24 75 4670.29
24 76 4608.15
24 77 4474.59
24 78 4275.31
24 79 4019.72
24 80 3720.2
24 81 3391.05
24 82 3047.21
24 83 2702.97
24 84 2371.02
24 85 2061.44
24 86 1781.27
24 87 1534.33
24 88 1321.43
24 89 1140.67
24 90 988.308
24 91 859.194
24 92 747.694
24 93 648.232
24 94 555.787
24 95 466.325
24 96 376.915
24 97 285.798
24 98 192.349
24 99 96.778
24 100 0

25 0 0
25 1 77.9256
25 2 154.893
25 3 230.228
25 4 303.881
25 5 376.617
25 6 450.238
25 7 527.713
25 8 613.069
25 9 711.399
25 10 828.376
25 11 969.936
25 12 1141.6
25 13 1347.78
25 14 1591.06
25 15 1871.53
25 16 2186.19
25 17 2528.82
25 18 2889.87
25 19 3257.04
25 20 3615.85
25 21 3950.94
25 22 4247.02
25 23 4490.48
25 24 4670.29
25 25 4779.14
25 26 4813.93
25 27 4775.94
25 28 4670.51
25 29 4506.46
25 30 4295.14
25 31 4049.31
25 32 3782.12
25 33 3506.01
25 34 3232.05
25 35 2969.34
25 36 2724.65
25 37 2502.59
25 38 2305.62
25 39 2134.47
25 40 1988.46
25 41 1865.98
25 42 1764.8
25 43 1682.47
25 44 1616.5
25 45 1564.67
25 46 1524.93
25 47 1495.68
25 48 1475.68
25 49 1464.03
25 50 1460.21
25 51 1464.03
25 52 1475.68
25 53 1495.68
25 54 1524.93
25 55 1564.67
25 56 1616.5
25 57 1682.47
25 58 1764.8
25 59 1865.98
25 60 1988.46
25 61 2134.47
25 62 2305.62
25 63 2502.59
25 64 2724.65
25 65 2969.34
25 66 3232.05
25 67 3506.01
25 68 3782.12
25 69 4049.31
25 70 4295.14
25 71 4506.46
25 72 4670.51
25 73 4775.94
25 74 4813.93
25 75 4779.14
25 76 4670.29
25 77 4490.48
25 78 4247.02
25 79 3950.94
25 80 3615.85
25 81 3257.04
25 82 2889.87
25 83 2528.82
25 84 2186.19
25 85 1871.53
25 86 1591.06
25 87 1347.78
25 88 1141.6
25 89 969.936
25 90 828.376
25 91 711.399
25 92 613.069
25 93 527.713
25 94 450.238
25 95 376.617
25 96 303.881
25 97 230.228
25 98 154.893
25 99 77.9256
25 100 0

26 0 0
26 1 57.825
26 2 114.915
26 3 170.81
26 4 225.598
26 5 280.137
26 6 336.275
26 7 396.936
26 8 466.175
26 9 549.043
26 10 651.363
26 11 779.255
26 12 938.663
26 13 1134.52
26 14 1370.19
26 15 1646.57
26 16 1961.63
26 17 2309.98
26 18 2682.84
26 19 3068.29
26 20 3452.04
26 21 3818.28
26 22 4151.11
26 23 4435.69
26 24 4659.62
26 25 4813.93
26 26 4893.89
26 27 4899.15
26 28 4833.76
26 29 4705.53
26 30 4525.16
26 31 4305.14
26 32 4058.67
26 33 3798.64
26 34 3536.7
26 35 3282.55
26 36 3043.81
26 37 2825.74
26 38 2631.43
26 39 2462.09
26 40 2317.42
26 41 2196.07
26 42 2095.95
26 43 2014.68
26 44 1949.81
26 45 1899
26 46 1860.24
26 47 1831.83
26 48 1812.45
26 49 1801.21
26 50 1797.51
26 51 1801.21
26 52 1812.45
26 53 1831.83
26 54 1860.24
26 55 1899
26 56 1949.81
26 57 2014.68
26 58 2095.95
26 59 2196.07
26 60 2317.42
26 61 2462.09
26 62 2631.43
26 63 2825.74
26 64 3043.81
26 65 3282.55
26 66 3536.7
26 67 3798.64
26 68 4058.67
26 69 4305.14
26 70 4525.16
26 71 4705.53
26 72 4833.76
26 73 4899.15
26 74 4893.89
26 75 4813.93
26 76 4659.62
26 77 4435.69
26 78 4151.11
26 79 3818.28
26 80 3452.04
26 81 3068.29
26 82 2682.84
26 83 2309.98
26 84 1961.63
26 85 1646.57
26 86 1370.19
26 87 1134.52
26 88 938.663
26 89 779.255
26 90 651.363
26 91 549.043
26 92 466.175
26 93 396.936
26 94 336.275
26 95 280.137
26 96 225.598
26 97 170.81
26 98 114.915
26 99 57.825
26 100 0

27 0 0
27 1 37.7383
27 2 74.9099
27 3 111.215
27 4 146.827
27 5 182.677
27 6 220.585
27 7 263.45
27 8 315.258
27 9 381.053
27 10 466.683
27 11 578.493
27 12 722.703
27 13 904.867
27 14 1128.98
27 15 1396.88
27 16 1707.44
27 17 2056.26
27 18 2435.34
27 19 2833.42
27 20 3236.42
27 21 3628.48
27 22 3993.08
27 23 4314.47
27 24 4578.91
27 25 4775.94
27 26 4899.15
27 27 4946.67
27 28 4921.13
27 29 4829.23
27 30 4680.89
27 31 4488.19
27 32 4264.33
27 33 4022.47
27 34 3774.63
27 35 3531.26
27 36 3300.57
27 37 3088.52
27 38 2898.76
27 39 2733
27 40 2591.32
27 41 2472.6
27 42 2374.91
27 43 2295.93
27 44 2233.18
27 45 2184.36
27 46 2147.33
27 47 2120.34
27 48 2102.05
27 49 2091.46
27 50 2088
27 51 2091.46
27 52 2102.05
27 53 2120.34
27 54 2147.33
27 55 2184.36
27 56 2233.18
27 57 2295.93
27 58 2374.91
27 59 2472.6
27 60 2591.32
27 61 2733
27 62 2898.76
27 63 3088.52
27 64 3300.57
27 65 3531.26
27 66 3774.63
27 67 4022.47
27 68 4264.33
27 69 4488.19
27 70 4680.89
27 71 4829.23
27 72 4921.13
27 73 4946.67
27 74 4899.15
27 75 4775.94
27 76 4578.91
27 77 4314.47
27 78 3993.08
27 79 3628.48
27 80 3236.42
27 81 2833.42
27 82 2435.34
27 83 2056.26
27 84 1707.44
27 85 1396.88
27 86 1128.98
27 87 904.867
27 88 722.703
27 89 578.493
27 90 466.683
27 91 381.053
27 92 315.258
27 93 263.45
27 94 220.585
27 95 182.677
27 96 146.827
27 97 111.215
27 98 74.9099
27 99 37.7383
27 100 0

28 0 0
28 1 18.6391
28 2 36.8316
28 3 54.3357
28 4 71.4117
28 5 88.9534
28 6 108.759
28 7 133.625
28 8 167.463
28 9 215.226
28 10 282.812
28 11 376.65
28 12 503.316
28 13 668.803
28 14 877.852
28 15 1133.1
28 16 1434.49
28 17 1778.52
28 18 2158.21
28 19 2562.95
28 20 2979.17
28 21 3391.02
28 22 3781.67
28 23 4134.53
28 24 4434.78
28 25 4670.51
28 26 4833.76
28 27 4921.13
28 28 4933.82
28 29 4877.33
28 30 4760.69
28 31 4595.55
28 32 4394.94
28 33 4172.05
28 34 3939.42
28 35 3707.95
28 36 3486.52
28 37 3281.64
28 38 3097.6
28 39 2936.51
28 40 2798.84
28 41 2683.68
28 42 2589.3
28 43 2513.39
28 44 2453.52
28 45 2407.25
28 46 2372.48
28 47 2347.35
28 48 2330.41
28 49 2320.67
28 50 2317.49
28 51 2320.67
28 52 2330.41
28 53 2347.35
28 54 2372.48
28 55 2407.25
28 56 2453.52
28 57 2513.39
28 58 2589.3
28 59 2683.68
28 60 2798.84
28 61 2936.51
28 62 3097.6
28 63 3281.64
28 64 3486.52
28 65 3707.95
28 66 3939.42
28 67 4172.05
28 68 4394.94
28 69 4595.55
28 70 4760.69
28 71 4877.33
28 72 4933.82
28 73 4921.13
28 74 4833.76
28 75 4670.51
28 76 4434.78
28 77 4134.53
28 78 3781.67
28 79 3391.02
28 80 2979.17
28 81 2562.95
28 82 2158.21
28 83 1778.52
28 84 1434.49
28 85 1133.1
28 86 877.852
28 87 668.803
28 88 503.316
28 89 376.65
28 90 282.812
28 91 215.226
28 92 167.463
28 93 133.625
28 94 108.759
28 95 88.9534
28 96 71.4117
28 97 54.3357
28 98 36.8316
28 99 18.6391
28 100 0

29 0 0
29 1 1.23809
29 2 2.0811
29 3 2.30285
29 4 2.16808
29 5 2.51949
29 6 5.04044
29 7 12.4434
29 8 28.442
29 9 57.9551
29 10 106.783
29 11 181.499
29 12 288.893
29 13 435.445
29 14 626.498
29 15 865.592
29 16 1153.55
29 17 1488
29 18 1862.89
29 19 2268.52
29 20 2691.84
29 21 3117.33
29 22 3527.86
29 23 3906.34
29 24 4236.92
29 25 4506.46
29 26 4705.53
29 27 4829.23
29 28 4877.33
29 29 4854.08
