0 0 0
0 1 0
0 2 0
0 3 0
0 4 0
0 5 0
0 6 0
0 7 0
0 8 0
0 9 0
0 10 0
0 11 0
0 12 0
0 13 0
0 14 0
0 15 0
0 16 0
0 17 0
0 18 0
0 19 0
0 20 0
0 21 0
0 22 0
0 23 0
0 24 0
0 25 0
0 26 0
0 27 0
0 28 0
0 29 0
0 30 0
0 31 0
0 32 0
0 33 0
0 34 0
0 35 0
0 36 0
0 37 0
0 38 0
0 39 0
0 40 0
0 41 0
0 42 0
0 43 0
0 44 0
0 45 0
0 46 0
0 47 0
0 48 0
0 49 0
0 50 0
0 51 0
0 52 0
0 53 0
0 54 0
0 55 0
0 56 0
0 57 0
0 58 0
0 59 0
0 60 0
0 61 0
0 62 0
0 63 0
0 64 0
0 65 0
0 66 0
0 67 0
0 68 0
0 69 0
0 70 0
0 71 0
0 72 0
0 73 0
0 74 0
0 75 0
0 76 0
0 77 0
0 78 0
0 79 0
0 80 0
0 81 0
0 82 0
0 83 0
0 84 0
0 85 0
0 86 0
0 87 0
0 88 0
0 89 0
0 90 0
0 91 0
0 92 0
0 93 0
0 94 0
0 95 0
0 96 0
0 97 0
0 98 0
0 99 0
0 100 0

1 0 0
1 1 -23.2316
1 2 -47.6108
1 3 -74.1598
1 4 -103.726
1 5 -136.821
1 6 -173.605
1 7 -213.793
1 8 -256.617
1 9 -300.874
1 10 -344.893
1 11 -386.678
1 12 -423.997
1 13 -454.517
1 14 -476.037
1 15 -486.612
1 16 -484.793
1 17 -469.754
1 18 -441.421
1 19 -400.518
1 20 -348.57
1 21 -287.796
1 22 -220.975
1 23 -151.25
1 24 -81.8528
1 25 -15.915
1 26 43.8055
1 27 95.101
1 28 136.425
1 29 166.971
1 30 186.659
1 31 196.062
1 32 196.274
1 33 188.805
1 34 175.348
1 35 157.669
1 36 137.441
1 37 116.176
1 38 95.0968
1 39 75.1678
1 40 57.0428
1 41 41.1018
1 42 27.5087
1 43 16.2496
1 44 7.1924
1 45 0.119528
1 46 -5.24396
1 47 -9.10856
1 48 -11.6961
1 49 -13.1876
1 50 -13.6787
1 51 -13.1876
1 52 -11.6961
1 53 -9.10856
1 54 -5.24396
1 55 0.119528
1 56 7.1924
1 57 16.2496
1 58 27.5087
1 59 41.1018
1 60 57.0428
1 61 75.1678
1 62 95.0968
1 63 116.176
1 64 137.441
1 65 157.669
1 66 175.348
1 67 188.805
1 68 196.274
1 69 196.062
1 70 186.659
1 71 166.971
1 72 136.425
1 73 95.101
1 74 43.8055
1 75 -15.915
1 76 -81.8528
1 77 -151.25
1 78 -220.975
1 79 -287.796
1 80 -348.57
1 81 -400.518
1 82 -441.421
1 83 -469.754
1 84 -484.793
1 85 -486.612
1 86 -476.037
1 87 -454.517
1 88 -423.997
1 89 -386.678
1 90 -344.893
1 91 -300.874
1 92 -256.617
1 93 -213.793
1 94 -173.605
1 95 -136.821
1 96 -103.726
1 97 -74.1598
1 98 -47.6108
1 99 -23.2316
1 100 0

2 0 0
2 1 -47.6108
2 2 -97.4235
2 3 -151.404
2 4 -211.165
2 5 -277.682
2 6 -351.227
2 7 -431.222
2 8 -516.14
2 9 -603.605
2 10 -690.341
2 11 -772.439
2 12 -845.531
2 13 -905.076
2 14 -946.778
2 15 -966.864
2 16 -962.511
2 17 -932.135
2 18 -875.593
2 19 -794.333
2 20 -691.346
2 21 -571.008
2 22 -438.769
2 23 -300.813
2 24 -163.481
2 25 -32.936
2 26 85.3965
2 27 187.138
2 28 269.229
2 29 330.041
2 30 369.404
2 31 388.418
2 32 389.228
2 33 374.769
2 34 348.377
2 35 313.533
2 36 273.565
2 37 231.46
2 38 189.651
2 39 150.048
2 40 113.965
2 41 82.2143
2 42 55.0827
2 43 32.5966
2 44 14.467
2 45 0.272606
2 46 -10.4469
2 47 -18.2123
2 48 -23.4393
2 49 -26.4248
2 50 -27.3915
2 51 -26.4248
2 52 -23.4393
2 53 -18.2123
2 54 -10.4469
2 55 0.272606
2 56 14.467
2 57 32.5966
2 58 55.0827
2 59 82.2143
2 60 113.965
2 61 150.048
2 62 189.651
2 63 231.46
2 64 273.565
2 65 313.533
2 66 348.377
2 67 374.769
2 68 389.228
2 69 388.418
2 70 369.404
2 71 330.041
2 72 269.229
2 73 187.138
2 74 85.3965
2 75 -32.936
2 76 -163.481
2 77 -300.813
2 78 -438.769
2 79 -571.008
2 80 -691.346
2 81 -794.333
2 82 -875.593
2 83 -932.135
2 84 -962.511
2 85 -966.864
2 86 -946.778
2 87 -905.076
2 88 -845.531
2 89 -772.439
2 90 -690.341
2 91 -603.605
2 92 -516.14
2 93 -431.222
2 94 -351.227
2 95 -277.682
2 96 -211.165
2 97 -151.404
2 98 -97.4235
2 99 -47.6108
2 100 0

3 0 0
3 1 -74.1598
3 2 -151.404
3 3 -234.489
3 4 -325.64
3 5 -426.186
3 6 -536.434
3 7 -655.465
3 8 -781.031
3 9 -909.633
3 10 -1036.53
3 11 -1156.07
3 12 -1261.95
3 13 -1347.63
3 14 -1406.95
3 15 -1434.49
3 16 -1426.25
3 17 -1379.96
3 18 -1295.5
3 19 -1174.98
3 20 -1022.8
3 21 -845.295
3 22 -650.417
3 23 -447.137
3 24 -244.734
3 25 -52.1815
3 26 122.558
3 27 273.072
3 28 394.825
3 29 485.39
3 30 544.42
3 31 573.462
3 32 575.592
3 33 555.079
3 34 516.792
3 35 465.834
3 36 407.085
3 37 344.959
3 38 283.089
3 39 224.336
3 40 170.688
3 41 123.323
3 42 82.7949
3 43 49.1008
3 44 21.896
3 45 0.576524
3 46 -15.6251
3 47 -27.3389
3 48 -35.2074
3 49 -39.7434
3 50 -41.2315
3 51 -39.7434
3 52 -35.2074
3 53 -27.3389
3 54 -15.6251
3 55 0.576524
3 56 21.896
3 57 49.1008
3 58 82.7949
3 59 123.323
3 60 170.688
3 61 224.336
3 62 283.089
3 63 344.959
3 64 407.085
3 65 465.834
3 66 516.792
3 67 555.079
3 68 575.592
3 69 573.462
3 70 544.42
3 71 485.39
3 72 394.825
3 73 273.072
3 74 122.558
3 75 -52.1815
3 76 -244.734
3 77 -447.137
3 78 -650.417
3 79 -845.295
3 80 -1022.8
3 81 -1174.98
3 82 -1295.5
3 83 -1379.96
3 84 -1426.25
3 85 -1434.49
3 86 -1406.95
3 87 -1347.63
3 88 -1261.95
3 89 -1156.07
3 90 -1036.53
3 91 -909.633
3 92 -781.031
3 93 -655.465
3 94 -536.434
3 95 -426.186
3 96 -325.64
3 97 -234.489
3 98 -151.404
3 99 -74.1598
3 100 0

4 0 0
4 1 -103.726
4 2 -211.165
4 3 -325.64
4 4 -449.773
4 5 -585.1
4 6 -731.85
4 7 -888.734
4 8 -1052.81
4 9 -1219.56
4 10 -1382.95
4 11 -1535.82
4 12 -1670.22
4 13 -1777.95
4 14 -1851.26
4 15 -1883.42
4 16 -1869.44
4 17 -1806.55
4 18 -1694.67
4 19 -1536.59
4 20 -1337.89
4 21 -1106.73
4 22 -853.249
4 23 -588.914
4 24 -325.6
4 25 -74.8293
4 26 153.158
4 27 350.022
4 28 509.85
4 29 629.379
4 30 708.047
4 31 747.708
4 32 752.247
4 33 727.05
4 34 678.374
4 35 612.792
4 36 536.669
4 37 455.747
4 38 374.828
4 39 297.683
4 40 226.973
4 41 164.38
4 42 110.617
4 43 65.814
4 44 29.5079
4 45 0.939192
4 46 -20.7428
4 47 -36.5081
4 48 -47.1408
4 49 -53.2452
4 50 -55.2296
4 51 -53.2452
4 52 -47.1408
4 53 -36.5081
4 54 -20.7428
4 55 0.939192
4 56 29.5079
4 57 65.814
4 58 110.617
4 59 164.38
4 60 226.973
4 61 297.683
4 62 374.828
4 63 455.747
4 64 536.669
4 65 612.792
4 66 678.374
4 67 727.05
4 68 752.247
4 69 747.708
4 70 708.047
4 71 629.379
4 72 509.85
4 73 350.022
4 74 153.158
4 75 -74.8293
4 76 -325.6
4 77 -588.914
4 78 -853.249
4 79 -1106.73
4 80 -1337.89
4 81 -1536.59
4 82 -1694.67
4 83 -1806.55
4 84 -1869.44
4 85 -1883.42
4 86 -1851.26
4 87 -1777.95
4 88 -1670.22
4 89 -1535.82
4 90 -1382.95
4 91 -1219.56
4 92 -1052.81
4 93 -888.734
4 94 -731.85
4 95 -585.1
4 96 -449.773
4 97 -325.64
4 98 -211.165
4 99 -103.726
4 100 0

5 0 0
5 1 -136.821
5 2 -277.682
5 3 -426.186
5 4 -585.1
5 5 -755.969
5 6 -938.821
5 7 -1131.93
5 8 -1331.73
5 9 -1532.8
5 10 -1728.07
5 11 -1909.15
5 12 -2066.8
5 13 -2191.56
5 14 -2274.48
5 15 -2307.86
5 16 -2285.99
5 17 -2205.8
5 18 -2067.33
5 19 -1873.94
5 20 -1632.3
5 21 -1352.03
5 22 -1045.15
5 23 -725.178
5 24 -406.266
5 25 -102.08
5 26 175.094
5 27 415.228
5 28 611.088
5 29 758.612
5 30 856.885
5 31 907.937
5 32 916.235
5 33 888.104
5 34 830.973
5 35 752.725
5 36 661.035
5 37 562.891
5 38 464.211
5 39 369.67
5 40 282.648
5 41 205.236
5 42 138.534
5 43 82.6833
5 44 37.2676
5 45 1.43839
5 46 -25.9171
5 47 -45.8169
5 48 -59.2619
5 49 -67.0166
5 50 -69.5513
5 51 -67.0166
5 52 -59.2619
5 53 -45.8169
5 54 -25.9171
5 55 1.43839
5 56 37.2676
5 57 82.6833
5 58 138.534
5 59 205.236
5 60 282.648
5 61 369.67
5 62 464.211
5 63 562.891
5 64 661.035
5 65 752.725
5 66 830.973
5 67 888.104
5 68 916.235
5 69 907.937
5 70 856.885
5 71 758.612
5 72 611.088
5 73 415.228
5 74 175.094
5 75 -102.08
5 76 -406.266
5 77 -725.178
5 78 -1045.15
5 79 -1352.03
5 80 -1632.3
5 81 -1873.94
5 82 -2067.33
5 83 -2205.8
5 84 -2285.99
5 85 -2307.86
5 86 -2274.48
5 87 -2191.56
5 88 -2066.8
5 89 -1909.15
5 90 -1728.07
5 91 -1532.8
5 92 -1331.73
5 93 -1131.93
5 94 -938.821
5 95 -755.969
5 96 -585.1
5 97 -426.186
5 98 -277.682
5 99 -136.821
5 100 0

6 0 0
6 1 -173.605
6 2 -351.227
6 3 -536.434
6 4 -731.85
6 5 -938.821
6 6 -1157.03
6 7 -1384.28
6 8 -1616.42
6 9 -1847.32
6 10 -2069.12
6 11 -2272.56
6 12 -2447.51
6 13 -2583.7
6 14 -2671.4
6 15 -2702.34
6 16 -2670.41
6 17 -2572.42
6 18 -2408.59
6 19 -2182.8
6 20 -1902.54
6 21 -1578.64
6 22 -1224.52
6 23 -855.375
6 24 -487.112
6 25 -135.2
6 26 186.411
6 27 466.167
6 28 695.676
6 29 870.012
6 30 987.851
6 31 1051.18
6 32 1064.85
6 33 1035.85
6 34 972.569
6 35 883.962
6 36 778.876
6 37 665.406
6 38 550.537
6 39 439.825
6 40 337.327
6 41 245.722
6 42 166.352
6 43 99.6231
6 44 45.1045
6 45 1.87162
6 46 -31.2003
6 47 -55.3898
6 48 -71.769
6 49 -81.2284
6 50 -84.3177
6 51 -81.2284
6 52 -71.769
6 53 -55.3898
6 54 -31.2003
6 55 1.87162
6 56 45.1045
6 57 99.6231
6 58 166.352
6 59 245.722
6 60 337.327
6 61 439.825
6 62 550.537
6 63 665.406
6 64 778.876
6 65 883.962
6 66 972.569
6 67 1035.85
6 68 1064.85
6 69 1051.18
6 70 987.851
6 71 870.012
6 72 695.676
6 73 466.167
6 74 186.411
6 75 -135.2
6 76 -487.112
6 77 -855.375
6 78 -1224.52
6 79 -1578.64
6 80 -1902.54
6 81 -2182.8
6 82 -2408.59
6 83 -2572.42
6 84 -2670.41
6 85 -2702.34
6 86 -2671.4
6 87 -2583.7
6 88 -2447.51
6 89 -2272.56
6 90 -2069.12
6 91 -1847.32
6 92 -1616.42
6 93 -1384.28
6 94 -1157.03
6 95 -938.821
6 96 -731.85
6 97 -536.434
6 98 -351.227
6 99 -173.605
6 100 0

7 0 0
7 1 -213.793
7 2 -431.222
7 3 -655.465
7 4 -888.734
7 5 -1131.93
7 6 -1384.28
7 7 -1643.08
7 8 -1903.69
7 9 -2159.43
7 10 -2401.95
7 11 -2621.48
7 12 -2807.49
7 13 -2949.3
7 14 -3036.9
7 15 -3061.82
7 16 -3017.89
7 17 -2901.98
7 18 -2714.55
7 19 -2459.87
7 20 -2146.08
7 21 -1784.78
7 22 -1390.42
7 23 -979.339
7 24 -568.753
7 25 -175.437
7 26 185.278
7 27 500.616
7 28 761.071
7 29 960.907
7 30 1098.22
7 31 1174.82
7 32 1195.65
7 33 1168.11
7 34 1101.26
7 35 1004.91
7 36 888.881
7 37 762.273
7 38 633.027
7 39 507.535
7 40 390.618
7 41 285.448
7 42 193.868
7 43 116.407
7 44 52.787
7 45 2.12492
7 46 -36.8448
7 47 -65.4208
7 48 -84.8653
7 49 -96.1013
7 50 -99.7723
7 51 -96.1013
7 52 -84.8653
7 53 -65.4208
7 54 -36.8448
7 55 2.12492
7 56 52.787
7 57 116.407
7 58 193.868
7 59 285.448
7 60 390.618
7 61 507.535
7 62 633.027
7 63 762.273
7 64 888.881
7 65 1004.91
7 66 1101.26
7 67 1168.11
7 68 1195.65
7 69 1174.82
7 70 1098.22
7 71 960.907
7 72 761.071
7 73 500.616
7 74 185.278
7 75 -175.437
7 76 -568.753
7 77 -979.339
7 78 -1390.42
7 79 -1784.78
7 80 -2146.08
7 81 -2459.87
7 82 -2714.55
7 83 -2901.98
7 84 -3017.89
7 85 -3061.82
7 86 -3036.9
7 87 -2949.3
7 88 -2807.49
7 89 -2621.48
7 90 -2401.95
7 91 -2159.43
7 92 -1903.69
7 93 -1643.08
7 94 -1384.28
7 95 -1131.93
7 96 -888.734
7 97 -655.465
7 98 -431.222
7 99 -213.793
7 100 0

8 0 0
8 1 -256.617
8 2 -516.14
8 3 -781.031
8 4 -1052.81
8 5 -1331.73
8 6 -1616.42
8 7 -1903.69
8 8 -2188.45
8 9 -2463.73
8 10 -2720.95
8 11 -2950.28
8 12 -3141.14
8 13 -3282.99
8 14 -3365.92
8 15 -3381.68
8 16 -3324.31
8 17 -3190.93
8 18 -2982.26
8 19 -2702.9
8 20 -2361.3
8 21 -1969.52
8 22 -1542.52
8 23 -1097.33
8 24 -651.929
8 25 -224.026
8 26 170.1
8 27 516.629
8 28 805.145
8 29 1029.03
8 30 1185.74
8 31 1276.63
8 32 1306.53
8 33 1282.92
8 34 1215.3
8 35 1114.07
8 36 989.798
8 37 852.436
8 38 710.802
8 39 572.139
8 40 441.94
8 41 324.054
8 42 220.668
8 43 132.72
8 44 60.0743
8 45 1.88572
8 46 -43.0787
8 47 -76.2246
8 48 -98.8053
8 49 -111.918
8 50 -116.214
8 51 -111.918
8 52 -98.8053
8 53 -76.2246
8 54 -43.0787
8 55 1.88572
8 56 60.0743
8 57 132.72
8 58 220.668
8 59 324.054
8 60 441.94
8 61 572.139
8 62 710.802
8 63 852.436
8 64 989.798
8 65 1114.07
8 66 1215.3
8 67 1282.92
8 68 1306.53
8 69 1276.63
8 70 1185.74
8 71 1029.03
8 72 805.145
8 73 516.629
8 74 170.1
8 75 -224.026
8 76 -651.929
8 77 -1097.33
8 78 -1542.52
8 79 -1969.52
8 80 -2361.3
8 81 -2702.9
8 82 -2982.26
8 83 -3190.93
8 84 -3324.31
8 85 -3381.68
8 86 -3365.92
8 87 -3282.99
8 88 -3141.14
8 89 -2950.28
8 90 -2720.95
8 91 -2463.73
8 92 -2188.45
8 93 -1903.69
8 94 -1616.42
8 95 -1331.73
8 96 -1052.81
8 97 -781.031
8 98 -516.14
8 99 -256.617
8 100 0

9 0 0
9 1 -300.874
9 2 -603.605
9 3 -909.633
9 4 -1219.56
9 5 -1532.8
9 6 -1847.32
9 7 -2159.43
9 8 -2463.73
9 9 -2753.13
9 10 -3019.18
9 11 -3252.29
9 12 -3442.31
9 13 -3579.17
9 14 -3653.57
9 15 -3657.76
9 16 -3586.29
9 17 -3436.64
9 18 -3209.83
9 19 -2910.58
9 20 -2547.46
9 21 -2132.57
9 22 -1680.97
9 23 -1209.84
9 24 -737.486
9 25 -282.043
9 26 139.547
9 27 512.753
9 28 826.267
9 29 1072.65
9 30 1248.58
9 31 1354.8
9 32 1395.69
9 33 1378.62
9 34 1313.12
9 35 1209.99
9 36 1080.31
9 37 934.773
9 38 782.94
9 39 632.799
9 40 490.639
9 41 360.869
9 42 246.286
9 43 148.124
9 44 66.5067
9 45 0.758413
9 46 -50.321
9 47 -88.1253
9 48 -114.038
9 49 -129.074
9 50 -134.003
9 51 -129.074
9 52 -114.038
9 53 -88.1253
9 54 -50.321
9 55 0.758413
9 56 66.5067
9 57 148.124
9 58 246.286
9 59 360.869
9 60 490.639
9 61 632.799
9 62 782.94
9 63 934.773
9 64 1080.31
9 65 1209.99
9 66 1313.12
9 67 1378.62
9 68 1395.69
9 69 1354.8
9 70 1248.58
9 71 1072.65
9 72 826.267
9 73 512.753
9 74 139.547
9 75 -282.043
9 76 -737.486
9 77 -1209.84
9 78 -1680.97
9 79 -2132.57
9 80 -2547.46
9 81 -2910.58
9 82 -3209.83
9 83 -3436.64
9 84 -3586.29
9 85 -3657.76
9 86 -3653.57
9 87 -3579.17
9 88 -3442.31
9 89 -3252.29
9 90 -3019.18
9 91 -2753.13
9 92 -2463.73
9 93 -2159.43
9 94 -1847.32
9 95 -1532.8
9 96 -1219.56
9 97 -909.633
9 98 -603.605
9 99 -300.874
9 100 0

10 0 0
10 1 -344.893
10 2 -690.341
10 3 -1036.53
10 4 -1382.95
10 5 -1728.07
10 6 -2069.12
10 7 -2401.95
10 8 -2720.95
10 9 -3019.18
10 10 -3288.52
10 11 -3520
10 12 -3704.24
10 13 -3832.08
10 14 -3895.08
10 15 -3886.34
10 16 -3801.06
10 17 -3637.24
10 18 -3396.09
10 19 -3082.39
10 20 -2704.5
10 21 -2274.24
10 22 -1806.29
10 23 -1317.57
10 24 -826.178
10 25 -350.36
10 26 92.7112
10 27 487.937
10 28 823.329
10 29 1090.57
10 30 1285.49
10 31 1407.98
10 32 1461.77
10 33 1453.77
10 34 1393.36
10 35 1291.36
10 36 1159.25
10 37 1008.18
10 38 848.396
10 39 688.653
10 40 535.893
10 41 395.275
10 42 270.07
10 43 162.026
10 44 71.5913
10 45 -1.72793
10 46 -59.0314
10 47 -101.667
10 48 -130.94
10 49 -148.033
10 50 -153.636
10 51 -148.033
10 52 -130.94
10 53 -101.667
10 54 -59.0314
10 55 -1.72793
10 56 71.5913
10 57 162.026
10 58 270.07
10 59 395.275
10 60 535.893
10 61 688.653
10 62 848.396
10 63 1008.18
10 64 1159.25
10 65 1291.36
10 66 1393.36
10 67 1453.77
10 68 1461.77
10 69 1407.98
10 70 1285.49
10 71 1090.57
10 72 823.329
10 73 487.937
10 74 92.7112
10 75 -350.36
10 76 -826.178
10 77 -1317.57
10 78 -1806.29
10 79 -2274.24
10 80 -2704.5
10 81 -3082.39
10 82 -3396.09
10 83 -3637.24
10 84 -3801.06
10 85 -3886.34
10 86 -3895.08
10 87 -3832.08
10 88 -3704.24
10 89 -3520
10 90 -3288.52
10 91 -3019.18
10 92 -2720.95
10 93 -2401.95
10 94 -2069.12
10 95 -1728.07
10 96 -1382.95
10 97 -1036.53
10 98 -690.341
10 99 -344.893
10 100 0

11 0 0
11 1 -386.678
11 2 -772.439
11 3 -1156.07
11 4 -1535.82
11 5 -1909.15
11 6 -2272.56
11 7 -2621.48
11 8 -2950.28
11 9 -3252.29
11 10 -3520
11 11 -3745.32
11 12 -3919.99
11 13 -4035.94
11 14 -4085.96
11 15 -4064.12
11 16 -3966.47
11 17 -3791.49
11 18 -3540.6
11 19 -3218.4
11 20 -2832.87
11 21 -2395.12
11 22 -1919.15
11 23 -1421.11
11 24 -918.576
11 25 -429.425
11 26 29.1432
11 27 441.787
11 28 795.852
11 29 1082.24
11 30 1295.77
11 31 1435.36
11 32 1503.81
11 33 1507.37
11 34 1454.88
11 35 1357.05
11 36 1225.42
11 37 1071.53
11 38 906.159
11 39 738.687
11 40 576.849
11 41 426.394
11 42 291.29
11 43 173.773
11 44 74.6781
11 45 -6.21496
11 46 -69.7977
11 47 -117.339
11 48 -150.163
11 49 -169.332
11 50 -175.647
11 51 -169.332
11 52 -150.163
11 53 -117.339
11 54 -69.7977
11 55 -6.21496
11 56 74.6781
11 57 173.773
11 58 291.29
11 59 426.394
11 60 576.849
11 61 738.687
11 62 906.159
11 63 1071.53
11 64 1225.42
11 65 1357.05
11 66 1454.88
11 67 1507.37
11 68 1503.81
11 69 1435.36
11 70 1295.77
11 71 1082.24
11 72 795.852
11 73 441.787
11 74 29.1432
11 75 -429.425
11 76 -918.576
11 77 -1421.11
11 78 -1919.15
11 79 -2395.12
11 80 -2832.87
11 81 -3218.4
11 82 -3540.6
11 83 -3791.49
11 84 -3966.47
11 85 -4064.12
11 86 -4085.96
11 87 -4035.94
11 88 -3919.99
11 89 -3745.32
11 90 -3520
11 91 -3252.29
11 92 -2950.28
11 93 -2621.48
11 94 -2272.56
11 95 -1909.15
11 96 -1535.82
11 97 -1156.07
11 98 -772.439
11 99 -386.678
11 100 0

12 0 0
12 1 -423.997
12 2 -845.531
12 3 -1261.95
12 4 -1670.22
12 5 -2066.8
12 6 -2447.51
12 7 -2807.49
12 8 -3141.14
12 9 -3442.31
12 10 -3704.24
12 11 -3919.99
12 12 -4082.52
12 13 -4185.16
12 14 -4221.99
12 15 -4188.23
12 16 -4080.77
12 17 -3898.63
12 18 -3643.28
12 19 -3319.04
12 20 -2933.16
12 21 -2495.88
12 22 -2020.05
12 23 -1520.82
12 24 -1014.77
12 25 -519.187
12 26 -50.9115
12 27 374.559
12 28 744.11
12 29 1047.79
12 30 1279.4
12 31 1436.69
12 32 1521.39
12 33 1538.74
12 34 1496.89
12 35 1406.11
12 36 1277.84
12 37 1123.8
12 38 955.159
12 39 781.955
12 40 612.515
12 41 453.381
12 42 309.13
12 43 182.582
12 44 75.0488
12 45 -13.3454
12 46 -83.2707
12 47 -135.833
12 48 -172.24
12 49 -193.624
12 50 -200.638
12 51 -193.624
12 52 -172.24
12 53 -135.833
12 54 -83.2707
12 55 -13.3454
12 56 75.0488
12 57 182.582
12 58 309.13
12 59 453.381
12 60 612.515
12 61 781.955
12 62 955.159
12 63 1123.8
12 64 1277.84
12 65 1406.11
12 66 1496.89
12 67 1538.74
12 68 1521.39
12 69 1436.69
12 70 1279.4
12 71 1047.79
12 72 744.11
12 73 374.559
12 74 -50.9115
12 75 -519.187
12 76 -1014.77
12 77 -1520.82
12 78 -2020.05
12 79 -2495.88
12 80 -2933.16
12 81 -3319.04
12 82 -3643.28
12 83 -3898.63
12 84 -4080.77
12 85 -4188.23
12 86 -4221.99
12 87 -4185.16
12 88 -4082.52
12 89 -3919.99
12 90 -3704.24
12 91 -3442.31
12 92 -3141.14
12 93 -2807.49
12 94 -2447.51
12 95 -2066.8
12 96 -1670.22
12 97 -1261.95
12 98 -845.531
12 99 -423.997
12 100 0

13 0 0
13 1 -454.517
13 2 -905.076
13 3 -1347.63
13 4 -1777.95
13 5 -2191.56
13 6 -2583.7
13 7 -2949.3
13 8 -3282.99
13 9 -3579.17
13 10 -3832.08
13 11 -4035.94
13 12 -4185.16
13 13 -4274.48
13 14 -4299.36
13 15 -4256.15
13 16 -4142.62
13 17 -3958.17
13 18 -3704.26
13 19 -3384.72
13 20 -3005.94
13 21 -2576.91
13 22 -2109.2
13 23 -1616.52
13 24 -1114.28
13 25 -618.801
13 26 -146.456
13 27 287.381
13 28 669.149
13 29 988.169
13 30 1237.1
13 31 1412.46
13 32 1514.65
13 33 1547.77
13 34 1518.99
13 35 1437.94
13 36 1315.75
13 37 1164.11
13 38 994.521
13 39 817.474
13 40 642.041
13 41 475.367
13 42 322.765
13 43 187.695
13 44 71.9908
13 45 -23.8269
13 46 -100.099
13 47 -157.748
13 48 -197.868
13 49 -221.461
13 50 -229.272
13 51 -221.461
13 52 -197.868
13 53 -157.748
13 54 -100.099
13 55 -23.8269
13 56 71.9908
13 57 187.695
13 58 322.765
13 59 475.367
13 60 642.041
13 61 817.474
13 62 994.521
13 63 1164.11
13 64 1315.75
13 65 1437.94
13 66 1518.99
13 67 1547.77
13 68 1514.65
13 69 1412.46
13 70 1237.1
13 71 988.169
13 72 669.149
13 73 287.381
13 74 -146.456
13 75 -618.801
13 76 -1114.28
13 77 -1616.52
13 78 -2109.2
13 79 -2576.91
13 80 -3005.94
13 81 -3384.72
13 82 -3704.26
13 83 -3958.17
13 84 -4142.62
13 85 -4256.15
13 86 -4299.36
13 87 -4274.48
13 88 -4185.16
13 89 -4035.94
13 90 -3832.08
13 91 -3579.17
13 92 -3282.99
13 93 -2949.3
13 94 -2583.7
13 95 -2191.56
13 96 -1777.95
13 97 -1347.63
13 98 -905.076
13 99 -454.517
13 100 0

14 0 0
14 1 -476.037
14 2 -946.778
14 3 -1406.95
14 4 -1851.26
14 5 -2274.48
14 6 -2671.4
14 7 -3036.9
14 8 -3365.92
14 9 -3653.57
14 10 -3895.08
14 11 -4085.96
14 12 -4221.99
14 13 -4299.36
14 14 -4314.81
14 15 -4265.84
14 16 -4150.89
14 17 -3969.72
14 18 -3723.57
14 19 -3415.68
14 20 -3051.31
14 21 -2638.11
14 22 -2186.03
14 23 -1707.25
14 24 -1215.69
14 25 -726.568
14 26 -255.5
14 27 182.301
14 28 573.048
14 29 905.243
14 30 1170.47
14 31 1363.87
14 32 1484.45
14 33 1534.92
14 34 1521.32
14 35 1452.38
14 36 1338.71
14 37 1191.89
14 38 1023.51
14 39 844.563
14 40 664.61
14 41 491.575
14 42 331.477
14 43 188.424
14 44 64.8366
14 45 -38.2752
14 46 -120.894
14 47 -183.671
14 48 -227.551
14 49 -253.481
14 50 -262.012
14 51 -253.481
14 52 -227.551
14 53 -183.671
14 54 -120.894
14 55 -38.2752
14 56 64.8366
14 57 188.424
14 58 331.477
14 59 491.575
14 60 664.61
14 61 844.563
14 62 1023.51
14 63 1191.89
14 64 1338.71
14 65 1452.38
14 66 1521.32
14 67 1534.92
14 68 1484.45
14 69 1363.87
14 70 1170.47
14 71 905.243
14 72 573.048
14 73 182.301
14 74 -255.5
14 75 -726.568
14 76 -1215.69
14 77 -1707.25
14 78 -2186.03
14 79 -2638.11
14 80 -3051.31
14 81 -3415.68
14 82 -3723.57
14 83 -3969.72
14 84 -4150.89
14 85 -4265.84
14 86 -4314.81
14 87 -4299.36
14 88 -4221.99
14 89 -4085.96
14 90 -3895.08
14 91 -3653.57
14 92 -3365.92
14 93 -3036.9
14 94 -2671.4
14 95 -2274.48
14 96 -1851.26
14 97 -1406.95
14 98 -946.778
14 99 -476.037
14 100 0

15 0 0
15 1 -486.612
15 2 -966.864
15 3 -1434.49
15 4 -1883.42
15 5 -2307.86
15 6 -2702.34
15 7 -3061.82
15 8 -3381.68
15 9 -3657.76
15 10 -3886.34
15 11 -4064.12
15 12 -4188.23
15 13 -4256.15
15 14 -4265.84
15 15 -4215.68
15 16 -4104.75
15 17 -3932.87
15 18 -3701.06
15 19 -3411.67
15 20 -3068.81
15 21 -2678.56
15 22 -2249.19
15 23 -1791.07
15 24 -1316.6
15 25 -839.634
15 26 -374.983
15 27 62.5313
15 28 458.887
15 29 801.928
15 30 1082.09
15 31 1293.14
15 32 1432.53
15 33 1501.48
15 34 1504.68
15 35 1449.86
15 36 1346.9
15 37 1207.01
15 38 1041.89
15 39 862.755
15 40 679.798
15 41 501.562
15 42 334.783
15 43 184.298
15 44 53.154
15 45 -57.0948
15 46 -146.024
15 47 -213.983
15 48 -261.702
15 49 -289.941
15 50 -299.32
15 51 -289.941
15 52 -261.702
15 53 -213.983
15 54 -146.024
15 55 -57.0948
15 56 53.154
15 57 184.298
15 58 334.783
15 59 501.562
15 60 679.798
15 61 862.755
15 62 1041.89
15 63 1207.01
15 64 1346.9
15 65 1449.86
15 66 1504.68
15 67 1501.48
15 68 1432.53
15 69 1293.14
15 70 1082.09
15 71 801.928
15 72 458.887
15 73 62.5313
15 74 -374.983
15 75 -839.634
15 76 -1316.6
15 77 -1791.07
15 78 -2249.19
15 79 -2678.56
15 80 -3068.81
15 81 -3411.67
15 82 -3701.06
15 83 -3932.87
15 84 -4104.75
15 85 -4215.68
15 86 -4265.84
15 87 -4256.15
15 88 -4188.23
15 89 -4064.12
15 90 -3886.34
15 91 -3657.76
15 92 -3381.68
15 93 -3061.82
15 94 -2702.34
15 95 -2307.86
15 96 -1883.42
15 97 -1434.49
15 98 -966.864
15 99 -486.612
15 100 0

16 0 0
16 1 -484.793
16 2 -962.511
16 3 -1426.25
16 4 -1869.44
16 5 -2285.99
16 6 -2670.41
16 7 -3017.89
16 8 -3324.31
16 9 -3586.29
16 10 -3801.06
16 11 -3966.47
16 12 -4080.77
16 13 -4142.62
16 14 -4150.89
16 15 -4104.75
16 16 -4003.57
16 17 -3847.23
16 18 -3636.18
16 19 -3371.92
16 20 -3057.18
16 21 -2696.48
16 22 -2296.21
16 23 -1864.97
16 24 -1413.4
16 25 -954.017
16 26 -500.602
16 27 -67.5834
16 28 330.994
16 29 682.27
16 30 975.655
16 31 1203.47
16 32 1361.59
16 33 1449.61
16 34 1470.8
16 35 1431.63
16 36 1341.12
16 37 1210.05
16 38 1049.92
16 39 872.255
16 40 687.625
16 41 505.27
16 42 332.636
16 43 175.269
16 44 36.8979
16 45 -80.3318
16 46 -175.533
16 47 -248.688
16 48 -300.278
16 49 -330.936
16 50 -341.077
16 51 -330.936
16 52 -300.278
16 53 -248.688
16 54 -175.533
16 55 -80.3318
16 56 36.8979
16 57 175.269
16 58 332.636
16 59 505.27
16 60 687.625
16 61 872.255
16 62 1049.92
16 63 1210.05
16 64 1341.12
16 65 1431.63
16 66 1470.8
16 67 1449.61
16 68 1361.59
16 69 1203.47
16 70 975.655
16 71 682.27
16 72 330.994
16 73 -67.5834
16 74 -500.602
16 75 -954.017
16 76 -1413.4
16 77 -1864.97
16 78 -2296.21
16 79 -2696.48
16 80 -3057.18
16 81 -3371.92
16 82 -3636.18
16 83 -3847.23
16 84 -4003.57
16 85 -4104.75
16 86 -4150.89
16 87 -4142.62
16 88 -4080.77
16 89 -3966.47
16 90 -3801.06
16 91 -3586.29
16 92 -3324.31
16 93 -3017.89
16 94 -2670.41
16 95 -2285.99
16 96 -1869.44
16 97 -1426.25
16 98 -962.511
16 99 -484.793
16 100 0

17 0 0
17 1 -469.754
17 2 -932.135
17 3 -1379.96
17 4 -1806.55
17 5 -2205.8
17 6 -2572.42
17 7 -2901.98
17 8 -3190.93
17 9 -3436.64
17 10 -3637.24
17 11 -3791.49
17 12 -3898.63
17 13 -3958.17
17 14 -3969.72
17 15 -3932.87
17 16 -3847.23
17 17 -3712.36
17 18 -3528.18
17 19 -3295.05
17 20 -3014.44
17 21 -2689.08
17 22 -2323.61
17 23 -1924.71
17 24 -1501.32
17 25 -1064.45
17 26 -626.863
17 27 -202.389
17 28 194.883
17 29 551.584
17 30 856.058
17 31 1099.28
17 32 1275.49
17 33 1382.64
17 34 1422.39
17 35 1399.91
17 36 1323.19
17 37 1202.37
17 38 1048.77
17 39 873.923
17 40 688.855
17 41 503.38
17 42 325.623
17 43 161.9
17 44 16.6197
17 45 -107.429
17 46 -208.86
17 47 -287.229
17 48 -342.765
17 49 -375.821
17 50 -386.816
17 51 -375.821
17 52 -342.765
17 53 -287.229
17 54 -208.86
17 55 -107.429
17 56 16.6197
17 57 161.9
17 58 325.623
17 59 503.38
17 60 688.855
17 61 873.923
17 62 1048.77
17 63 1202.37
17 64 1323.19
17 65 1399.91
17 66 1422.39
17 67 1382.64
17 68 1275.49
17 69 1099.28
17 70 856.058
17 71 551.584
17 72 194.883
17 73 -202.389
17 74 -626.863
17 75 -1064.45
17 76 -1501.32
17 77 -1924.71
17 78 -2323.61
17 79 -2689.08
17 80 -3014.44
17 81 -3295.05
17 82 -3528.18
17 83 -3712.36
17 84 -3847.23
17 85 -3932.87
17 86 -3969.72
17 87 -3958.17
17 88 -3898.63
17 89 -3791.49
17 90 -3637.24
17 91 -3436.64
17 92 -3190.93
17 93 -2901.98
17 94 -2572.42
17 95 -2205.8
17 96 -1806.55
17 97 -1379.96
17 98 -932.135
17 99 -469.754
17 100 0

18 0 0
18 1 -441.421
18 2 -875.593
18 3 -1295.5
18 4 -1694.67
18 5 -2067.33
18 6 -2408.59
18 7 -2714.55
18 8 -2982.26
18 9 -3209.83
18 10 -3396.09
18 11 -3540.6
18 12 -3643.28
18 13 -3704.26
18 14 -3723.57
18 15 -3701.06
18 16 -3636.18
18 17 -3528.18
18 18 -3376.13
18 19 -3179.39
18 20 -2937.91
18 21 -2652.86
18 22 -2326.96
18 23 -1965.13
18 24 -1574.47
18 25 -1164.57
18 26 -747.017
18 27 -335.063
18 28 57.3546
18 29 416.377
18 30 729.473
18 31 986.247
18 32 1179.37
18 33 1305.07
18 34 1363.41
18 35 1358.1
18 36 1296.01
18 37 1186.55
18 38 1040.57
18 39 869.69
18 40 685.195
18 41 497.448
18 42 315.245
18 43 145.606
18 44 -6.29884
18 45 -137.026
18 46 -244.638
18 47 -328.284
18 48 -387.77
18 49 -423.311
18 50 -435.124
18 51 -423.311
18 52 -387.77
18 53 -328.284
18 54 -244.638
18 55 -137.026
18 56 -6.29884
18 57 145.606
18 58 315.245
18 59 497.448
18 60 685.195
18 61 869.69
18 62 1040.57
18 63 1186.55
18 64 1296.01
18 65 1358.1
18 66 1363.41
18 67 1305.07
18 68 1179.37
18 69 986.247
18 70 729.473
18 71 416.377
18 72 57.3546
18 73 -335.063
18 74 -747.017
18 75 -1164.57
18 76 -1574.47
18 77 -1965.13
18 78 -2326.96
18 79 -2652.86
18 80 -2937.91
18 81 -3179.39
18 82 -3376.13
18 83 -3528.18
18 84 -3636.18
18 85 -3701.06
18 86 -3723.57
18 87 -3704.26
18 88 -3643.28
18 89 -3540.6
18 90 -3396.09
18 91 -3209.83
18 92 -2982.26
18 93 -2714.55
18 94 -2408.59
18 95 -2067.33
18 96 -1694.67
18 97 -1295.5
18 98 -875.593
18 99 -441.421
18 100 0

19 0 0
19 1 -400.518
19 2 -794.333
19 3 -1174.98
19 4 -1536.59
19 5 -1873.94
19 6 -2182.8
19 7 -2459.87
19 8 -2702.9
19 9 -2910.58
19 10 -3082.39
19 11 -3218.4
19 12 -3319.04
19 13 -3384.72
19 14 -3415.68
19 15 -3411.67
19 16 -3371.92
19 17 -3295.05
19 18 -3179.39
19 19 -3023.05
19 20 -2824.68
19 21 -2583.72
19 22 -2301.22
19 23 -1980.2
19 24 -1626.14
19 25 -1247.06
19 26 -853.439
19 27 -457.745
19 28 -73.7738
19 29 284.357
19 30 603.233
19 31 871.263
19 32 1079.55
19 33 1222.7
19 34 1299.08
19 35 1310.89
19 36 1263.79
19 37 1166.25
19 38 1028.73
19 39 862.645
19 40 679.53
19 41 490.194
19 42 304.057
19 43 128.908
19 44 -29.3787
19 45 -166.692
19 46 -280.507
19 47 -369.409
19 48 -432.946
19 49 -470.992
19 50 -483.66
19 51 -470.992
19 52 -432.946
19 53 -369.409
19 54 -280.507
19 55 -166.692
19 56 -29.3787
19 57 128.908
19 58 304.057
19 59 490.194
19 60 679.53
19 61 862.645
19 62 1028.73
19 63 1166.25
19 64 1263.79
19 65 1310.89
19 66 1299.08
19 67 1222.7
19 68 1079.55
19 69 871.263
19 70 603.233
19 71 284.357
19 72 -73.7738
19 73 -457.745
19 74 -853.439
19 75 -1247.06
19 76 -1626.14
19 77 -1980.2
19 78 -2301.22
19 79 -2583.72
19 80 -2824.68
19 81 -3023.05
19 82 -3179.39
19 83 -3295.05
19 84 -3371.92
19 85 -3411.67
19 86 -3415.68
19 87 -3384.72
19 88 -3319.04
19 89 -3218.4
19 90 -3082.39
19 91 -2910.58
19 92 -2702.9
19 93 -2459.87
19 94 -2182.8
19 95 -1873.94
19 96 -1536.59
19 97 -1174.98
19 98 -794.333
19 99 -400.518
19 100 0

20 0 0
20 1 -348.57
20 2 -691.346
20 3 -1022.8
20 4 -1337.89
20 5 -1632.3
20 6 -1902.54
20 7 -2146.08
20 8 -2361.3
20 9 -2547.46
20 10 -2704.5
20 11 -2832.87
20 12 -2933.16
20 13 -3005.94
20 14 -3051.31
20 15 -3068.81
20 16 -3057.18
20 17 -3014.44
20 18 -2937.91
20 19 -2824.68
20 20 -2671.92
20 21 -2477.64
20 22 -2241.11
20 23 -1963.72
20 24 -1649.2
20 25 -1304.14
20 26 -937.785
20 27 -561.851
20 28 -189.775
20 29 164.101
20 30 485.716
20 31 762.328
20 32 983.643
20 33 1142.6
20 34 1235.94
20 35 1264.29
20 36 1232.02
20 37 1146.65
20 38 1017.96
20 39 857.207
20 40 676.02
20 41 485.584
20 42 295.957
20 43 115.559
20 44 -48.9627
20 45 -192.807
20 46 -312.777
20 47 -407.073
20 48 -474.687
20 49 -515.297
20 50 -528.838
20 51 -515.297
20 52 -474.687
20 53 -407.073
20 54 -312.777
20 55 -192.807
20 56 -48.9627
20 57 115.559
20 58 295.957
20 59 485.584
20 60 676.02
20 61 857.207
20 62 1017.96
20 63 1146.65
20 64 1232.02
20 65 1264.29
20 66 1235.94
20 67 1142.6
20 68 983.643
20 69 762.328
20 70 485.716
20 71 164.101
20 72 -189.775
20 73 -561.851
20 74 -937.785
20 75 -1304.14
20 76 -1649.2
20 77 -1963.72
20 78 -2241.11
20 79 -2477.64
20 80 -2671.92
20 81 -2824.68
20 82 -2937.91
20 83 -3014.44
20 84 -3057.18
20 85 -3068.81
20 86 -3051.31
20 87 -3005.94
20 88 -2933.16
20 89 -2832.87
20 90 -2704.5
20 91 -2547.46
20 92 -2361.3
20 93 -2146.08
20 94 -1902.54
20 95 -1632.3
20 96 -1337.89
20 97 -1022.8
20 98 -691.346
20 99 -348.57
20 100 0

21 0 0
21 1 -287.796
21 2 -571.008
21 3 -845.295
21 4 -1106.73
21 5 -1352.03
21 6 -1578.64
21 7 -1784.78
21 8 -1969.52
21 9 -2132.57
21 10 -2274.24
21 11 -2395.12
21 12 -2495.88
21 13 -2576.91
21 14 -2638.11
21 15 -2678.56
21 16 -2696.48
21 17 -2689.08
21 18 -2652.86
21 19 -2583.72
21 20 -2477.64
21 21 -2331.09
21 22 -2141.89
21 23 -1909.68
21 24 -1636.72
21 25 -1328.03
21 26 -991.707
21 27 -638.557
21 28 -281.628
21 29 64.7518
21 30 385.942
21 31 668.27
21 32 900.107
21 33 1072.86
21 34 1181.63
21 35 1225.5
21 36 1207.52
21 37 1134.06
21 38 1014.31
21 39 859.128
21 40 680.185
21 41 488.991
21 42 296.102
21 43 110.659
21 44 -59.9922
21 45 -210.333
21 46 -336.591
21 47 -436.27
21 48 -508.064
21 49 -551.312
21 50 -565.742
21 51 -551.312
21 52 -508.064
21 53 -436.27
21 54 -336.591
21 55 -210.333
21 56 -59.9922
21 57 110.659
21 58 296.102
21 59 488.991
21 60 680.185
21 61 859.128
21 62 1014.31
21 63 1134.06
21 64 1207.52
21 65 1225.5
21 66 1181.63
21 67 1072.86
21 68 900.107
21 69 668.27
21 70 385.942
21 71 64.7518
21 72 -281.628
21 73 -638.557
21 74 -991.707
21 75 -1328.03
21 76 -1636.72
21 77 -1909.68
21 78 -2141.89
21 79 -2331.09
21 80 -2477.64
21 81 -2583.72
21 82 -2652.86
21 83 -2689.08
21 84 -2696.48
21 85 -2678.56
21 86 -2638.11
21 87 -2576.91
21 88 -2495.88
21 89 -2395.12
21 90 -2274.24
21 91 -2132.57
21 92 -1969.52
21 93 -1784.78
21 94 -1578.64
21 95 -1352.03
21 96 -1106.73
21 97 -845.295
21 98 -571.008
21 99 -287.796
21 100 0

22 0 0
22 1 -220.975
22 2 -438.769
22 3 -650.417
22 4 -853.249
22 5 -1045.15
22 6 -1224.52
22 7 -1390.42
22 8 -1542.52
22 9 -1680.97
22 10 -1806.29
22 11 -1919.15
22 12 -2020.05
22 13 -2109.2
22 14 -2186.03
22 15 -2249.19
22 16 -2296.21
22 17 -2323.61
22 18 -2326.96
22 19 -2301.22
22 20 -2241.11
22 21 -2141.89
22 22 -1999.84
22 23 -1813.18
22 24 -1582.58
22 25 -1311.7
22 26 -1007.36
22 27 -679.479
22 28 -340.472
22 29 -4.62016
22 30 313.114
22 31 598.221
22 32 837.934
22 33 1022.2
22 34 1144.58
22 35 1202.66
22 36 1198.02
22 37 1136
22 38 1024.95
22 39 875.341
22 40 698.77
22 41 506.947
22 42 310.981
22 43 120.588
22 44 -56.1585
22 45 -213.068
22 46 -345.585
22 47 -450.803
22 48 -526.867
22 49 -572.789
22 50 -588.139
22 51 -572.789
22 52 -526.867
22 53 -450.803
22 54 -345.585
22 55 -213.068
22 56 -56.1585
22 57 120.588
22 58 310.981
22 59 506.947
22 60 698.77
22 61 875.341
22 62 1024.95
22 63 1136
22 64 1198.02
22 65 1202.66
22 66 1144.58
22 67 1022.2
22 68 837.934
22 69 598.221
22 70 313.114
22 71 -4.62016
22 72 -340.472
22 73 -679.479
22 74 -1007.36
22 75 -1311.7
22 76 -1582.58
22 77 -1813.18
22 78 -1999.84
22 79 -2141.89
22 80 -2241.11
22 81 -2301.22
22 82 -2326.96
22 83 -2323.61
22 84 -2296.21
22 85 -2249.19
22 86 -2186.03
22 87 -2109.2
22 88 -2020.05
22 89 -1919.15
22 90 -1806.29
22 91 -1680.97
22 92 -1542.52
22 93 -1390.42
22 94 -1224.52
22 95 -1045.15
22 96 -853.249
22 97 -650.417
22 98 -438.769
22 99 -220.975
22 100 0

23 0 0
23 1 -151.25
23 2 -300.813
23 3 -447.137
23 4 -588.914
23 5 -725.178
23 6 -855.375
23 7 -979.339
23 8 -1097.33
23 9 -1209.84
23 10 -1317.57
23 11 -1421.11
23 12 -1520.82
23 13 -1616.52
23 14 -1707.25
23 15 -1791.07
23 16 -1864.97
23 17 -1924.71
23 18 -1965.13
23 19 -1980.2
23 20 -1963.72
23 21 -1909.68
23 22 -1813.18
23 23 -1670.97
23 24 -1482.38
23 25 -1249.61
23 26 -978.302
23 27 -677.304
23 28 -358.418
23 29 -35.6361
23 30 275.873
23 31 561.016
23 32 805.999
23 33 999.466
23 34 1133.53
23 35 1204.24
23 36 1211.87
23 37 1160.54
23 38 1057.81
23 39 913.592
23 40 739.333
23 41 546.985
23 42 347.995
23 43 152.708
23 44 -30.1593
23 45 -193.599
23 46 -332.533
23 47 -443.335
23 48 -523.737
23 49 -572.42
23 50 -588.714
23 51 -572.42
23 52 -523.737
23 53 -443.335
23 54 -332.533
23 55 -193.599
23 56 -30.1593
23 57 152.708
23 58 347.995
23 59 546.985
23 60 739.333
23 61 913.592
23 62 1057.81
23 63 1160.54
23 64 1211.87
23 65 1204.24
23 66 1133.53
23 67 999.466
23 68 805.999
23 69 561.016
23 70 275.873
23 71 -35.6361
23 72 -358.418
23 73 -677.304
23 74 -978.302
23 75 -1249.61
23 76 -1482.38
23 77 -1670.97
23 78 -1813.18
23 79 -1909.68
23 80 -1963.72
23 81 -1980.2
23 82 -1965.13
23 83 -1924.71
23 84 -1864.97
23 85 -1791.07
23 86 -1707.25
23 87 -1616.52
23 88 -1520.82
23 89 -1421.11
23 90 -1317.57
23 91 -1209.84
23 92 -1097.33
23 93 -979.339
23 94 -855.375
23 95 -725.178
23 96 -588.914
23 97 -447.137
23 98 -300.813
23 99 -151.25
23 100 0

24 0 0
24 1 -81.8528
24 2 -163.481
24 3 -244.734
24 4 -325.6
24 5 -406.266
24 6 -487.112
24 7 -568.753
24 8 -651.929
24 9 -737.486
24 10 -826.178
24 11 -918.576
24 12 -1014.77
24 13 -1114.28
24 14 -1215.69
24 15 -1316.6
24 16 -1413.4
24 17 -1501.32
24 18 -1574.47
24 19 -1626.14
24 20 -1649.2
24 21 -1636.72
24 22 -1582.58
24 23 -1482.38
24 24 -1334.04
24 25 -1138.52
24 26 -900.144
24 27 -626.762
24 28 -329.35
24 29 -21.5194
24 30 281.589
24 31 564.413
24 32 812.326
24 33 1012.83
24 34 1156.69
24 35 1238.56
24 36 1257.28
24 37 1215.88
24 38 1120.94
24 39 981.87
24 40 809.905
24 41 617.017
24 42 415.066
24 43 214.911
24 44 26.0095
24 45 -144.053
24 46 -289.391
24 47 -405.858
24 48 -490.688
24 49 -542.157
24 50 -559.404
24 51 -542.157
24 52 -490.688
24 53 -405.858
24 54 -289.391
24 55 -144.053
24 56 26.0095
24 57 214.911
24 58 415.066
24 59 617.017
24 60 809.905
24 61 981.87
24 62 1120.94
24 63 1215.88
24 64 1257.28
24 65 1238.56
24 66 1156.69
24 67 1012.83
24 68 812.326
24 69 564.413
24 70 281.589
24 71 -21.5194
24 72 -329.35
24 73 -626.762
24 74 -900.144
24 75 -1138.52
24 76 -1334.04
24 77 -1482.38
24 78 -1582.58
24 79 -1636.72
24 80 -1649.2
24 81 -1626.14
24 82 -1574.47
24 83 -1501.32
24 84 -1413.4
24 85 -1316.6
24 86 -1215.69
24 87 -1114.28
24 88 -1014.77
24 89 -918.576
24 90 -826.178
24 91 -737.486
24 92 -651.929
24 93 -568.753
24 94 -487.112
24 95 -406.266
24 96 -325.6
24 97 -244.734
24 98 -163.481
24 99 -81.8528
24 100 0

25 0 0
25 1 -15.915
25 2 -32.936
25 3 -52.1815
25 4 -74.8293
25 5 -102.08
25 6 -135.2
25 7 -175.437
25 8 -224.026
25 9 -282.043
25 10 -350.36
25 11 -429.425
25 12 -519.187
25 13 -618.801
25 14 -726.568
25 15 -839.634
25 16 -954.017
25 17 -1064.45
25 18 -1164.57
25 19 -1247.06
25 20 -1304.14
25 21 -1328.03
25 22 -1311.7
25 23 -1249.61
25 24 -1138.52
25 25 -978.076
25 26 -771.417
25 27 -525.232
25 28 -249.684
25 29 42.2089
25 30 335.434
25 31 614.196
25 32 863.194
25 33 1068.97
25 34 1221.05
25 35 1312.71
25 36 1341.54
25 37 1309.34
25 38 1221.81
25 39 1087.72
25 40 917.976
25 41 724.656
25 42 519.853
25 43 314.999
25 44 120.08
25 45 -56.4867
25 46 -208.237
25 47 -330.39
25 48 -419.646
25 49 -473.935
25 50 -492.15
25 51 -473.935
25 52 -419.646
25 53 -330.39
25 54 -208.237
25 55 -56.4867
25 56 120.08
25 57 314.999
25 58 519.853
25 59 724.656
25 60 917.976
25 61 1087.72
25 62 1221.81
25 63 1309.34
25 64 1341.54
25 65 1312.71
25 66 1221.05
25 67 1068.97
25 68 863.194
25 69 614.196
25 70 335.434
25 71 42.2089
25 72 -249.684
25 73 -525.232
25 74 -771.417
25 75 -978.076
25 76 -1138.52
25 77 -1249.61
25 78 -1311.7
25 79 -1328.03
25 80 -1304.14
25 81 -1247.06
25 82 -1164.57
25 83 -1064.45
25 84 -954.017
25 85 -839.634
25 86 -726.568
25 87 -618.801
25 88 -519.187
25 89 -429.425
25 90 -350.36
25 91 -282.043
25 92 -224.026
25 93 -175.437
25 94 -135.2
25 95 -102.08
25 96 -74.8293
25 97 -52.1815
25 98 -32.936
25 99 -15.915
25 100 0

26 0 0
26 1 43.8055
26 2 85.3965
26 3 122.558
26 4 153.158
26 5 175.094
26 6 186.411
26 7 185.278
26 8 170.1
26 9 139.547
26 10 92.7112
26 11 29.1432
26 12 -50.9115
26 13 -146.456
26 14 -255.5
26 15 -374.983
26 16 -500.602
26 17 -626.863
26 18 -747.017
26 19 -853.439
26 20 -937.785
26 21 -991.707
26 22 -1007.36
26 23 -978.302
26 24 -900.144
26 25 -771.417
26 26 -593.998
26 27 -373.481
26 28 -119.072
26 29 156.876
26 30 439.669
26 31 713.416
26 32 962.354
26 33 1172.2
26 34 1331.34
26 35 1431.88
26 36 1470.09
26 37 1446.68
26 38 1366.35
26 39 1237.21
26 40 1069.89
26 41 876.336
26 42 668.985
26 43 459.626
26 44 259.003
26 45 76.0697
26 46 -81.9711
26 47 -209.72
26 48 -303.368
26 49 -360.456
26 50 -379.621
26 51 -360.456
26 52 -303.368
26 53 -209.72
26 54 -81.9711
26 55 76.0697
26 56 259.003
26 57 459.626
26 58 668.985
26 59 876.336
26 60 1069.89
26 61 1237.21
26 62 1366.35
26 63 1446.68
26 64 1470.09
26 65 1431.88
26 66 1331.34
26 67 1172.2
26 68 962.354
26 69 713.416
26 70 439.669
26 71 156.876
26 72 -119.072
26 73 -373.481
26 74 -593.998
26 75 -771.417
26 76 -900.144
26 77 -978.302
26 78 -1007.36
26 79 -991.707
26 80 -937.785
26 81 -853.439
26 82 -747.017
26 83 -626.863
26 84 -500.602
26 85 -374.983
26 86 -255.5
26 87 -146.456
26 88 -50.9115
26 89 29.1432
26 90 92.7112
26 91 139.547
26 92 170.1
26 93 185.278
26 94 186.411
26 95 175.094
26 96 153.158
26 97 122.558
26 98 85.3965
26 99 43.8055
26 100 0

27 0 0
27 1 95.101
27 2 187.138
27 3 273.072
27 4 350.022
27 5 415.228
27 6 466.167
27 7 500.616
27 8 516.629
27 9 512.753
27 10 487.937
27 11 441.787
27 12 374.559
27 13 287.381
27 14 182.301
27 15 62.5313
27 16 -67.5834
27 17 -202.389
27 18 -335.063
27 19 -457.745
27 20 -561.851
27 21 -638.557
27 22 -679.479
27 23 -677.304
27 24 -626.762
27 25 -525.232
27 26 -373.481
27 27 -175.948
27 28 59.1279
27 29 320.2
27 30 592.994
27 31 861.704
27 32 1110.25
27 33 1323.65
27 34 1489.38
27 35 1598.36
27 36 1645.75
27 37 1631.04
27 38 1558.03
27 39 1434.18
27 40 1269.65
27 41 1076.4
27 42 866.955
27 43 653.653
27 44 447.695
27 45 258.76
27 46 94.7173
27 47 -38.4375
27 48 -136.342
27 49 -196.147
27 50 -216.246
27 51 -196.147
27 52 -136.342
27 53 -38.4375
27 54 94.7173
27 55 258.76
27 56 447.695
27 57 653.653
27 58 866.955
27 59 1076.4
27 60 1269.65
27 61 1434.18
27 62 1558.03
27 63 1631.04
27 64 1645.75
27 65 1598.36
27 66 1489.38
27 67 1323.65
27 68 1110.25
27 69 861.704
27 70 592.994
27 71 320.2
27 72 59.1279
27 73 -175.948
27 74 -373.481
27 75 -525.232
27 76 -626.762
27 77 -677.304
27 78 -679.479
27 79 -638.557
27 80 -561.851
27 81 -457.745
27 82 -335.063
27 83 -202.389
27 84 -67.5834
27 85 62.5313
27 86 182.301
27 87 287.381
27 88 374.559
27 89 441.787
27 90 487.937
27 91 512.753
27 92 516.629
27 93 500.616
27 94 466.167
27 95 415.228
27 96 350.022
27 97 273.072
27 98 187.138
27 99 95.101
27 100 0

28 0 0
28 1 136.425
28 2 269.229
28 3 394.825
28 4 509.85
28 5 611.088
28 6 695.676
28 7 761.071
28 8 805.145
28 9 826.267
28 10 823.329
28 11 795.852
28 12 744.11
28 13 669.149
28 14 573.048
28 15 458.887
28 16 330.994
28 17 194.883
28 18 57.3546
28 19 -73.7738
28 20 -189.775
28 21 -281.628
28 22 -340.472
28 23 -358.418
28 24 -329.35
28 25 -249.684
28 26 -119.072
28 27 59.1279
28 28 277.74
28 29 526.016
28 30 790.244
28 31 1054.81
28 32 1303.48
28 33 1520.76
28 34 1693.27
28 35 1810.95
28 36 1867.77
28 37 1862.2
28 38 1797.12
28 39 1679.22
28 40 1518.32
28 41 1326.11
28 42 1115.44
28 43 898.907
28 44 688.318
28 45 493.956
28 46 324.358
28 47 186.161
28 48 84.2517
28 49 21.8679
28 50 0.880509
28 51 21.8679
28 52 84.2517
28 53 186.161
28 54 324.358
28 55 493.956
28 56 688.318
28 57 898.907
28 58 1115.44
28 59 1326.11
28 60 1518.32
28 61 1679.22
28 62 1797.12
28 63 1862.2
28 64 1867.77
28 65 1810.95
28 66 1693.27
28 67 1520.76
28 68 1303.48
28 69 1054.81
28 70 790.244
28 71 526.016
28 72 277.74
28 73 59.1279
28 74 -119.072
28 75 -249.684
28 76 -329.35
28 77 -358.418
28 78 -340.472
28 79 -281.628
28 80 -189.775
28 81 -73.7738
28 82 57.3546
28 83 194.883
28 84 330.994
28 85 458.887
28 86 573.048
