0 0 0
0 1 0
0 2 0
0 3 0
0 4 0
0 5 0
0 6 0
0 7 0
0 8 0
0 9 0
0 10 0
0 11 0
0 12 0
0 13 0
0 14 0
0 15 0
0 16 0
0 17 0
0 18 0
0 19 0
0 20 0
0 21 0
0 22 0
0 23 0
0 24 0
0 25 0
0 26 0
0 27 0
0 28 0
0 29 0
0 30 0
0 31 0
0 32 0
0 33 0
0 34 0
0 35 0
0 36 0
0 37 0
0 38 0
0 39 0
0 40 0
0 41 0
0 42 0
0 43 0
0 44 0
0 45 0
0 46 0
0 47 0
0 48 0
0 49 0
0 50 0
0 51 0
0 52 0
0 53 0
0 54 0
0 55 0
0 56 0
0 57 0
0 58 0
0 59 0
0 60 0
0 61 0
0 62 0
0 63 0
0 64 0
0 65 0
0 66 0
0 67 0
0 68 0
0 69 0
0 70 0
0 71 0
0 72 0
0 73 0
0 74 0
0 75 0
0 76 0
0 77 0
0 78 0
0 79 0
0 80 0
0 81 0
0 82 0
0 83 0
0 84 0
0 85 0
0 86 0
0 87 0
0 88 0
0 89 0
0 90 0
0 91 0
0 92 0
0 93 0
0 94 0
0 95 0
0 96 0
0 97 0
0 98 0
0 99 0
0 100 0

1 0 0
1 1 -0.468178
1 2 -0.972328
1 3 -1.58878
1 4 -2.39823
1 5 -3.48017
1 6 -4.94077
1 7 -6.76586
1 8 -9.19862
1 9 -12.3709
1 10 -16.3435
1 11 -21.3301
1 12 -27.487
1 13 -34.9533
1 14 -43.9217
1 15 -54.5027
1 16 -66.8344
1 17 -81.0191
1 18 -97.0848
1 19 -115.074
1 20 -134.917
1 21 -156.529
1 22 -179.766
1 23 -204.403
1 24 -230.218
1 25 -256.892
1 26 -284.127
1 27 -311.575
1 28 -338.882
1 29 -365.728
1 30 -391.76
1 31 -416.716
1 32 -440.303
1 33 -462.339
1 34 -482.635
1 35 -501.094
1 36 -517.65
1 37 -532.289
1 38 -545.057
1 39 -556.014
1 40 -565.288
1 41 -572.992
1 42 -579.303
1 43 -584.357
1 44 -588.344
1 45 -591.396
1 46 -593.685
1 47 -595.312
1 48 -596.407
1 49 -597.023
1 50 -597.231
1 51 -597.023
1 52 -596.407
1 53 -595.312
1 54 -593.685
1 55 -591.396
1 56 -588.344
1 57 -584.357
1 58 -579.303
1 59 -572.992
1 60 -565.288
1 61 -556.014
1 62 -545.057
1 63 -532.289
1 64 -517.65
1 65 -501.094
1 66 -482.635
1 67 -462.339
1 68 -440.303
1 69 -416.716
1 70 -391.76
1 71 -365.728
1 72 -338.882
1 73 -311.575
1 74 -284.127
1 75 -256.892
1 76 -230.218
1 77 -204.403
1 78 -179.766
1 79 -156.529
1 80 -134.917
1 81 -115.074
1 82 -97.0848
1 83 -81.0191
1 84 -66.8344
1 85 -54.5027
1 86 -43.9217
1 87 -34.9533
1 88 -27.487
1 89 -21.3301
1 90 -16.3435
1 91 -12.3709
1 92 -9.19862
1 93 -6.76586
1 94 -4.94077
1 95 -3.48017
1 96 -2.39823
1 97 -1.58878
1 98 -0.972328
1 99 -0.468178
1 100 0

2 0 0
2 1 -0.972328
2 2 -2.04337
2 3 -3.38144
2 4 -5.10751
2 5 -7.38227
2 6 -10.3056
2 7 -14.2311
2 8 -19.3147
2 9 -25.8414
2 10 -34.0986
2 11 -44.3811
2 12 -57.0241
2 13 -72.342
2 14 -90.6633
2 15 -112.247
2 16 -137.324
2 17 -166.074
2 18 -198.555
2 19 -234.788
2 20 -274.645
2 21 -317.914
2 22 -364.286
2 23 -413.311
2 24 -464.505
2 25 -517.247
2 26 -570.912
2 27 -624.813
2 28 -678.261
2 29 -730.597
2 30 -781.172
2 31 -829.439
2 32 -874.887
2 33 -917.134
2 34 -955.87
2 35 -990.903
2 36 -1022.15
2 37 -1049.6
2 38 -1073.36
2 39 -1093.6
2 40 -1110.57
2 41 -1124.53
2 42 -1135.83
2 43 -1144.76
2 44 -1151.71
2 45 -1156.94
2 46 -1160.8
2 47 -1163.5
2 48 -1165.28
2 49 -1166.28
2 50 -1166.61
2 51 -1166.28
2 52 -1165.28
2 53 -1163.5
2 54 -1160.8
2 55 -1156.94
2 56 -1151.71
2 57 -1144.76
2 58 -1135.83
2 59 -1124.53
2 60 -1110.57
2 61 -1093.6
2 62 -1073.36
2 63 -1049.6
2 64 -1022.15
2 65 -990.903
2 66 -955.87
2 67 -917.134
2 68 -874.887
2 69 -829.439
2 70 -781.172
2 71 -730.597
2 72 -678.261
2 73 -624.813
2 74 -570.912
2 75 -517.247
2 76 -464.505
2 77 -413.311
2 78 -364.286
2 79 -317.914
2 80 -274.645
2 81 -234.788
2 82 -198.555
2 83 -166.074
2 84 -137.324
2 85 -112.247
2 86 -90.6633
2 87 -72.342
2 88 -57.0241
2 89 -44.3811
2 90 -34.0986
2 91 -25.8414
2 92 -19.3147
2 93 -14.2311
2 94 -10.3056
2 95 -7.38227
2 96 -5.10751
2 97 -3.38144
2 98 -2.04337
2 99 -0.972328
2 100 0

3 0 0
3 1 -1.58878
3 2 -3.38144
3 3 -5.5644
3 4 -8.38459
3 5 -11.9968
3 6 -16.8251
3 7 -23.0778
3 8 -31.211
3 9 -41.5805
3 10 -54.6341
3 11 -70.8467
3 12 -90.6738
3 13 -114.596
3 14 -143.05
3 15 -176.42
3 16 -215.013
3 17 -259.021
3 18 -308.531
3 19 -363.463
3 20 -423.605
3 21 -488.572
3 22 -557.821
3 23 -630.679
3 24 -706.323
3 25 -783.857
3 26 -862.289
3 27 -940.616
3 28 -1017.82
3 29 -1092.94
3 30 -1165.07
3 31 -1233.41
3 32 -1297.3
3 33 -1356.2
3 34 -1409.74
3 35 -1457.71
3 36 -1500.02
3 37 -1536.77
3 38 -1568.14
3 39 -1594.46
3 40 -1616.11
3 41 -1633.58
3 42 -1647.34
3 43 -1657.95
3 44 -1665.88
3 45 -1671.67
3 46 -1675.72
3 47 -1678.46
3 48 -1680.17
3 49 -1681.11
3 50 -1681.4
3 51 -1681.11
3 52 -1680.17
3 53 -1678.46
3 54 -1675.72
3 55 -1671.67
3 56 -1665.88
3 57 -1657.95
3 58 -1647.34
3 59 -1633.58
3 60 -1616.11
3 61 -1594.46
3 62 -1568.14
3 63 -1536.77
3 64 -1500.02
3 65 -1457.71
3 66 -1409.74
3 67 -1356.2
3 68 -1297.3
3 69 -1233.41
3 70 -1165.07
3 71 -1092.94
3 72 -1017.82
3 73 -940.616
3 74 -862.289
3 75 -783.857
3 76 -706.323
3 77 -630.679
3 78 -557.821
3 79 -488.572
3 80 -423.605
3 81 -363.463
3 82 -308.531
3 83 -259.021
3 84 -215.013
3 85 -176.42
3 86 -143.05
3 87 -114.596
3 88 -90.6738
3 89 -70.8467
3 90 -54.6341
3 91 -41.5805
3 92 -31.211
3 93 -23.0778
3 94 -16.8251
3 95 -11.9968
3 96 -8.38459
3 97 -5.5644
3 98 -3.38144
3 99 -1.58878
3 100 0

4 0 0
4 1 -2.39823
4 2 -5.10751
4 3 -8.38459
4 4 -12.4717
4 5 -17.9062
4 6 -24.9382
4 7 -34.1127
4 8 -45.8333
4 9 -60.7395
4 10 -79.4233
4 11 -102.457
4 12 -130.474
4 13 -164.078
4 14 -203.766
4 15 -250.029
4 16 -303.184
4 17 -363.399
4 18 -430.708
4 19 -504.884
4 20 -585.547
4 21 -672.08
4 22 -763.657
4 23 -859.314
4 24 -957.882
4 25 -1058.13
4 26 -1158.75
4 27 -1258.38
4 28 -1355.75
4 29 -1449.59
4 30 -1538.85
4 31 -1622.52
4 32 -1699.87
4 33 -1770.29
4 34 -1833.44
4 35 -1889.13
4 36 -1937.41
4 37 -1978.48
4 38 -2012.72
4 39 -2040.64
4 40 -2062.83
4 41 -2079.97
4 42 -2092.77
4 43 -2101.98
4 44 -2108.27
4 45 -2112.35
4 46 -2114.79
4 47 -2116.12
4 48 -2116.76
4 49 -2117.02
4 50 -2117.08
4 51 -2117.02
4 52 -2116.76
4 53 -2116.12
4 54 -2114.79
4 55 -2112.35
4 56 -2108.27
4 57 -2101.98
4 58 -2092.77
4 59 -2079.97
4 60 -2062.83
4 61 -2040.64
4 62 -2012.72
4 63 -1978.48
4 64 -1937.41
4 65 -1889.13
4 66 -1833.44
4 67 -1770.29
4 68 -1699.87
4 69 -1622.52
4 70 -1538.85
4 71 -1449.59
4 72 -1355.75
4 73 -1258.38
4 74 -1158.75
4 75 -1058.13
4 76 -957.882
4 77 -859.314
4 78 -763.657
4 79 -672.08
4 80 -585.547
4 81 -504.884
4 82 -430.708
4 83 -363.399
4 84 -303.184
4 85 -250.029
4 86 -203.766
4 87 -164.078
4 88 -130.474
4 89 -102.457
4 90 -79.4233
4 91 -60.7395
4 92 -45.8333
4 93 -34.1127
4 94 -24.9382
4 95 -17.9062
4 96 -12.4717
4 97 -8.38459
4 98 -5.10751
4 99 -2.39823
4 100 0

5 0 0
5 1 -3.48017
5 2 -7.38227
5 3 -11.9968
5 4 -17.9062
5 5 -25.4806
5 6 -35.3415
5 7 -48.0159
5 8 -64.234
5 9 -84.5861
5 10 -109.927
5 11 -140.973
5 12 -178.433
5 13 -223.027
5 14 -275.328
5 15 -335.8
5 16 -404.75
5 17 -482.234
5 18 -568.125
5 19 -661.999
5 20 -763.198
5 21 -870.812
5 22 -983.674
5 23 -1100.46
5 24 -1219.65
5 25 -1339.65
5 26 -1458.81
5 27 -1575.51
5 28 -1688.2
5 29 -1795.45
5 30 -1896.06
5 31 -1988.97
5 32 -2073.43
5 33 -2148.92
5 34 -2215.16
5 35 -2272.16
5 36 -2320.13
5 37 -2359.52
5 38 -2390.9
5 39 -2415.08
5 40 -2432.85
5 41 -2445.18
5 42 -2452.99
5 43 -2457.25
5 44 -2458.83
5 45 -2458.62
5 46 -2457.34
5 47 -2455.65
5 48 -2454.05
5 49 -2452.95
5 50 -2452.55
5 51 -2452.95
5 52 -2454.05
5 53 -2455.65
5 54 -2457.34
5 55 -2458.62
5 56 -2458.83
5 57 -2457.25
5 58 -2452.99
5 59 -2445.18
5 60 -2432.85
5 61 -2415.08
5 62 -2390.9
5 63 -2359.52
5 64 -2320.13
5 65 -2272.16
5 66 -2215.16
5 67 -2148.92
5 68 -2073.43
5 69 -1988.97
5 70 -1896.06
5 71 -1795.45
5 72 -1688.2
5 73 -1575.51
5 74 -1458.81
5 75 -1339.65
5 76 -1219.65
5 77 -1100.46
5 78 -983.674
5 79 -870.812
5 80 -763.198
5 81 -661.999
5 82 -568.125
5 83 -482.234
5 84 -404.75
5 85 -335.8
5 86 -275.328
5 87 -223.027
5 88 -178.433
5 89 -140.973
5 90 -109.927
5 91 -84.5861
5 92 -64.234
5 93 -48.0159
5 94 -35.3415
5 95 -25.4806
5 96 -17.9062
5 97 -11.9968
5 98 -7.38227
5 99 -3.48017
5 100 0

6 0 0
6 1 -4.94077
6 2 -10.3056
6 3 -16.8251
6 4 -24.9382
6 5 -35.3415
6 6 -48.6832
6 7 -65.7826
6 8 -87.3643
6 9 -114.401
6 10 -147.646
6 11 -188.075
6 12 -236.496
6 13 -293.599
6 14 -360.013
6 15 -436.125
6 16 -522.089
6 17 -617.826
6 18 -722.899
6 19 -836.622
6 20 -957.963
6 21 -1085.62
6 22 -1218.05
6 23 -1353.48
6 24 -1490.06
6 25 -1625.8
6 26 -1758.78
6 27 -1887.12
6 28 -2009.11
6 29 -2123.24
6 30 -2228.25
6 31 -2323.17
6 32 -2407.35
6 33 -2480.44
6 34 -2542.4
6 35 -2593.48
6 36 -2634.2
6 37 -2665.28
6 38 -2687.64
6 39 -2702.3
6 40 -2710.45
6 41 -2713.23
6 42 -2711.86
6 43 -2707.5
6 44 -2701.26
6 45 -2694.12
6 46 -2687.02
6 47 -2680.67
6 48 -2675.7
6 49 -2672.53
6 50 -2671.46
6 51 -2672.53
6 52 -2675.7
6 53 -2680.67
6 54 -2687.02
6 55 -2694.12
6 56 -2701.26
6 57 -2707.5
6 58 -2711.86
6 59 -2713.23
6 60 -2710.45
6 61 -2702.3
6 62 -2687.64
6 63 -2665.28
6 64 -2634.2
6 65 -2593.48
6 66 -2542.4
6 67 -2480.44
6 68 -2407.35
6 69 -2323.17
6 70 -2228.25
6 71 -2123.24
6 72 -2009.11
6 73 -1887.12
6 74 -1758.78
6 75 -1625.8
6 76 -1490.06
6 77 -1353.48
6 78 -1218.05
6 79 -1085.62
6 80 -957.963
6 81 -836.622
6 82 -722.899
6 83 -617.826
6 84 -522.089
6 85 -436.125
6 86 -360.013
6 87 -293.599
6 88 -236.496
6 89 -188.075
6 90 -147.646
6 91 -114.401
6 92 -87.3643
6 93 -65.7826
6 94 -48.6832
6 95 -35.3415
6 96 -24.9382
6 97 -16.8251
6 98 -10.3056
6 99 -4.94077
6 100 0

7 0 0
7 1 -6.76586
7 2 -14.2311
7 3 -23.0778
7 4 -34.1127
7 5 -48.0159
7 6 -65.7826
7 7 -88.2524
7 8 -116.467
7 9 -151.381
7 10 -194.088
7 11 -245.454
7 12 -306.436
7 13 -377.692
7 14 -459.745
7 15 -552.846
7 16 -656.922
7 17 -771.599
7 18 -896.09
7 19 -1029.28
7 20 -1169.72
7 21 -1315.62
7 22 -1464.99
7 23 -1615.63
7 24 -1765.28
7 25 -1911.68
7 26 -2052.61
7 27 -2186.08
7 28 -2310.27
7 29 -2423.74
7 30 -2525.29
7 31 -2614.2
7 32 -2690.01
7 33 -2752.71
7 34 -2802.59
7 35 -2840.27
7 36 -2866.62
7 37 -2882.75
7 38 -2889.93
7 39 -2889.52
7 40 -2882.98
7 41 -2871.76
7 42 -2857.31
7 43 -2840.97
7 44 -2824.05
7 45 -2807.67
7 46 -2792.84
7 47 -2780.42
7 48 -2771.05
7 49 -2765.25
7 50 -2763.27
7 51 -2765.25
7 52 -2771.05
7 53 -2780.42
7 54 -2792.84
7 55 -2807.67
7 56 -2824.05
7 57 -2840.97
7 58 -2857.31
7 59 -2871.76
7 60 -2882.98
7 61 -2889.52
7 62 -2889.93
7 63 -2882.75
7 64 -2866.62
7 65 -2840.27
7 66 -2802.59
7 67 -2752.71
7 68 -2690.01
7 69 -2614.2
7 70 -2525.29
7 71 -2423.74
7 72 -2310.27
7 73 -2186.08
7 74 -2052.61
7 75 -1911.68
7 76 -1765.28
7 77 -1615.63
7 78 -1464.99
7 79 -1315.62
7 80 -1169.72
7 81 -1029.28
7 82 -896.09
7 83 -771.599
7 84 -656.922
7 85 -552.846
7 86 -459.745
7 87 -377.692
7 88 -306.436
7 89 -245.454
7 90 -194.088
7 91 -151.381
7 92 -116.467
7 93 -88.2524
7 94 -65.7826
7 95 -48.0159
7 96 -34.1127
7 97 -23.0778
7 98 -14.2311
7 99 -6.76586
7 100 0

8 0 0
8 1 -9.19862
8 2 -19.3147
8 3 -31.211
8 4 -45.8333
8 5 -64.234
8 6 -87.3643
8 7 -116.467
8 8 -152.602
8 9 -196.987
8 10 -250.631
8 11 -314.659
8 12 -389.836
8 13 -476.827
8 14 -575.947
8 15 -687.185
8 16 -810.131
8 17 -943.989
8 18 -1087.51
8 19 -1239.07
8 20 -1396.68
8 21 -1558.05
8 22 -1720.69
8 23 -1881.99
8 24 -2039.32
8 25 -2190.16
8 26 -2332.15
8 27 -2463.25
8 28 -2581.74
8 29 -2686.28
8 30 -2776.01
8 31 -2850.46
8 32 -2909.64
8 33 -2953.91
8 34 -2984.06
8 35 -3001.12
8 36 -3006.44
8 37 -3001.5
8 38 -2987.99
8 39 -2967.59
8 40 -2942.08
8 41 -2913.12
8 42 -2882.4
8 43 -2851.42
8 44 -2821.61
8 45 -2794.19
8 46 -2770.27
8 47 -2750.71
8 48 -2736.25
8 49 -2727.36
8 50 -2724.37
8 51 -2727.36
8 52 -2736.25
8 53 -2750.71
8 54 -2770.27
8 55 -2794.19
8 56 -2821.61
8 57 -2851.42
8 58 -2882.4
8 59 -2913.12
8 60 -2942.08
8 61 -2967.59
8 62 -2987.99
8 63 -3001.5
8 64 -3006.44
8 65 -3001.12
8 66 -2984.06
8 67 -2953.91
8 68 -2909.64
8 69 -2850.46
8 70 -2776.01
8 71 -2686.28
8 72 -2581.74
8 73 -2463.25
8 74 -2332.15
8 75 -2190.16
8 76 -2039.32
8 77 -1881.99
8 78 -1720.69
8 79 -1558.05
8 80 -1396.68
8 81 -1239.07
8 82 -1087.51
8 83 -943.989
8 84 -810.131
8 85 -687.185
8 86 -575.947
8 87 -476.827
8 88 -389.836
8 89 -314.659
8 90 -250.631
8 91 -196.987
8 92 -152.602
8 93 -116.467
8 94 -87.3643
8 95 -64.234
8 96 -45.8333
8 97 -31.211
8 98 -19.3147
8 99 -9.19862
8 100 0

9 0 0
9 1 -12.3709
9 2 -25.8414
9 3 -41.5805
9 4 -60.7395
9 5 -84.5861
9 6 -114.401
9 7 -151.381
9 8 -196.987
9 9 -252.344
9 10 -318.71
9 11 -396.984
9 12 -487.998
9 13 -592.146
9 14 -709.478
9 15 -839.582
9 16 -981.625
9 17 -1134.22
9 18 -1295.59
9 19 -1463.49
9 20 -1635.34
9 21 -1808.33
9 22 -1979.45
9 23 -2145.73
9 24 -2304.25
9 25 -2452.34
9 26 -2587.63
9 27 -2708.17
9 28 -2812.47
9 29 -2899.54
9 30 -2968.93
9 31 -3020.67
9 32 -3055.25
9 33 -3073.65
9 34 -3077.11
9 35 -3067.25
9 36 -3045.84
9 37 -3014.87
9 38 -2976.3
9 39 -2932.22
9 40 -2884.59
9 41 -2835.35
9 42 -2786.26
9 43 -2739
9 44 -2695.01
9 45 -2655.6
9 46 -2621.85
9 47 -2594.67
9 48 -2574.75
9 49 -2562.61
9 50 -2558.52
9 51 -2562.61
9 52 -2574.75
9 53 -2594.67
9 54 -2621.85
9 55 -2655.6
9 56 -2695.01
9 57 -2739
9 58 -2786.26
9 59 -2835.35
9 60 -2884.59
9 61 -2932.22
9 62 -2976.3
9 63 -3014.87
9 64 -3045.84
9 65 -3067.25
9 66 -3077.11
9 67 -3073.65
9 68 -3055.25
9 69 -3020.67
9 70 -2968.93
9 71 -2899.54
9 72 -2812.47
9 73 -2708.17
9 74 -2587.63
9 75 -2452.34
9 76 -2304.25
9 77 -2145.73
9 78 -1979.45
9 79 -1808.33
9 80 -1635.34
9 81 -1463.49
9 82 -1295.59
9 83 -1134.22
9 84 -981.625
9 85 -839.582
9 86 -709.478
9 87 -592.146
9 88 -487.998
9 89 -396.984
9 90 -318.71
9 91 -252.344
9 92 -196.987
9 93 -151.381
9 94 -114.401
9 95 -84.5861
9 96 -60.7395
9 97 -41.5805
9 98 -25.8414
9 99 -12.3709
9 100 0

10 0 0
10 1 -16.3435
10 2 -34.0986
10 3 -54.6341
10 4 -79.4233
10 5 -109.927
10 6 -147.646
10 7 -194.088
10 8 -250.631
10 9 -318.71
10 10 -399.353
10 11 -493.579
10 12 -601.789
10 13 -724.223
10 14 -860.468
10 15 -1009.61
10 16 -1170.21
10 17 -1340.29
10 18 -1517.33
10 19 -1698.51
10 20 -1880.56
10 21 -2060.16
10 22 -2233.87
10 23 -2398.4
10 24 -2550.7
10 25 -2688.06
10 26 -2808.32
10 27 -2909.75
10 28 -2991.32
10 29 -3052.53
10 30 -3093.52
10 31 -3114.94
10 32 -3117.94
10 33 -3104.08
10 34 -3075.24
10 35 -3033.57
10 36 -2981.32
10 37 -2920.86
10 38 -2854.54
10 39 -2784.64
10 40 -2713.35
10 41 -2642.71
10 42 -2574.57
10 43 -2510.6
10 44 -2452.28
10 45 -2400.84
10 46 -2357.36
10 47 -2322.66
10 48 -2297.43
10 49 -2282.1
10 50 -2276.97
10 51 -2282.1
10 52 -2297.43
10 53 -2322.66
10 54 -2357.36
10 55 -2400.84
10 56 -2452.28
10 57 -2510.6
10 58 -2574.57
10 59 -2642.71
10 60 -2713.35
10 61 -2784.64
10 62 -2854.54
10 63 -2920.86
10 64 -2981.32
10 65 -3033.57
10 66 -3075.24
10 67 -3104.08
10 68 -3117.94
10 69 -3114.94
10 70 -3093.52
10 71 -3052.53
10 72 -2991.32
10 73 -2909.75
10 74 -2808.32
10 75 -2688.06
10 76 -2550.7
10 77 -2398.4
10 78 -2233.87
10 79 -2060.16
10 80 -1880.56
10 81 -1698.51
10 82 -1517.33
10 83 -1340.29
10 84 -1170.21
10 85 -1009.61
10 86 -860.468
10 87 -724.223
10 88 -601.789
10 89 -493.579
10 90 -399.353
10 91 -318.71
10 92 -250.631
10 93 -194.088
10 94 -147.646
10 95 -109.927
10 96 -79.4233
10 97 -54.6341
10 98 -34.0986
10 99 -16.3435
10 100 0

11 0 0
11 1 -21.3301
11 2 -44.3811
11 3 -70.8467
11 4 -102.457
11 5 -140.973
11 6 -188.075
11 7 -245.454
11 8 -314.659
11 9 -396.984
11 10 -493.579
11 11 -604.993
11 12 -731.604
11 13 -872.958
11 14 -1028.23
11 15 -1195.86
11 16 -1373.66
11 17 -1558.92
11 18 -1748.45
11 19 -1938.64
11 20 -2125.73
11 21 -2305.82
11 22 -2475.22
11 23 -2630.43
11 24 -2768.43
11 25 -2886.7
11 26 -2983.4
11 27 -3057.33
11 28 -3108.03
11 29 -3135.73
11 30 -3141.24
11 31 -3125.99
11 32 -3091.83
11 33 -3041.03
11 34 -2976.06
11 35 -2899.58
11 36 -2814.29
11 37 -2722.91
11 38 -2628
11 39 -2532.05
11 40 -2437.3
11 41 -2345.82
11 42 -2259.42
11 43 -2179.72
11 44 -2108.06
11 45 -2045.61
11 46 -1993.29
11 47 -1951.86
11 48 -1921.87
11 49 -1903.73
11 50 -1897.65
11 51 -1903.73
11 52 -1921.87
11 53 -1951.86
11 54 -1993.29
11 55 -2045.61
11 56 -2108.06
11 57 -2179.72
11 58 -2259.42
11 59 -2345.82
11 60 -2437.3
11 61 -2532.05
11 62 -2628
11 63 -2722.91
11 64 -2814.29
11 65 -2899.58
11 66 -2976.06
11 67 -3041.03
11 68 -3091.83
11 69 -3125.99
11 70 -3141.24
11 71 -3135.73
11 72 -3108.03
11 73 -3057.33
11 74 -2983.4
11 75 -2886.7
11 76 -2768.43
11 77 -2630.43
11 78 -2475.22
11 79 -2305.82
11 80 -2125.73
11 81 -1938.64
11 82 -1748.45
11 83 -1558.92
11 84 -1373.66
11 85 -1195.86
11 86 -1028.23
11 87 -872.958
11 88 -731.604
11 89 -604.993
11 90 -493.579
11 91 -396.984
11 92 -314.659
11 93 -245.454
11 94 -188.075
11 95 -140.973
11 96 -102.457
11 97 -70.8467
11 98 -44.3811
11 99 -21.3301
11 100 0

12 0 0
12 1 -27.487
12 2 -57.0241
12 3 -90.6738
12 4 -130.474
12 5 -178.433
12 6 -236.496
12 7 -306.436
12 8 -389.836
12 9 -487.998
12 10 -601.789
12 11 -731.604
12 12 -877.11
12 13 -1037.57
12 14 -1211.23
12 15 -1395.89
12 16 -1588.55
12 17 -1785.68
12 18 -1983.33
12 19 -2177.24
12 20 -2363.1
12 21 -2536.69
12 22 -2694.08
12 23 -2831.86
12 24 -2947.17
12 25 -3037.97
12 26 -3102.92
12 27 -3141.58
12 28 -3154.25
12 29 -3142
12 30 -3106.51
12 31 -3049.99
12 32 -2975.11
12 33 -2884.74
12 34 -2781.98
12 35 -2669.91
12 36 -2551.62
12 37 -2429.99
12 38 -2307.78
12 39 -2187.46
12 40 -2071.27
12 41 -1961.15
12 42 -1858.79
12 43 -1765.6
12 44 -1682.77
12 45 -1611.24
12 46 -1551.79
12 47 -1504.98
12 48 -1471.25
12 49 -1450.91
12 50 -1444.1
12 51 -1450.91
12 52 -1471.25
12 53 -1504.98
12 54 -1551.79
12 55 -1611.24
12 56 -1682.77
12 57 -1765.6
12 58 -1858.79
12 59 -1961.15
12 60 -2071.27
12 61 -2187.46
12 62 -2307.78
12 63 -2429.99
12 64 -2551.62
12 65 -2669.91
12 66 -2781.98
12 67 -2884.74
12 68 -2975.11
12 69 -3049.99
12 70 -3106.51
12 71 -3142
12 72 -3154.25
12 73 -3141.58
12 74 -3102.92
12 75 -3037.97
12 76 -2947.17
12 77 -2831.86
12 78 -2694.08
12 79 -2536.69
12 80 -2363.1
12 81 -2177.24
12 82 -1983.33
12 83 -1785.68
12 84 -1588.55
12 85 -1395.89
12 86 -1211.23
12 87 -1037.57
12 88 -877.11
12 89 -731.604
12 90 -601.789
12 91 -487.998
12 92 -389.836
12 93 -306.436
12 94 -236.496
12 95 -178.433
12 96 -130.474
12 97 -90.6738
12 98 -57.0241
12 99 -27.487
12 100 0

13 0 0
13 1 -34.9533
13 2 -72.342
13 3 -114.596
13 4 -164.078
13 5 -223.027
13 6 -293.599
13 7 -377.692
13 8 -476.827
13 9 -592.146
13 10 -724.223
13 11 -872.958
13 12 -1037.57
13 13 -1216.34
13 14 -1407.01
13 15 -1606.29
13 16 -1810.43
13 17 -2015.03
13 18 -2215.42
13 19 -2406.74
13 20 -2584.29
13 21 -2743.64
13 22 -2880.92
13 23 -2992.95
13 24 -3077.38
13 25 -3132.78
13 26 -3158.66
13 27 -3155.45
13 28 -3124.42
13 29 -3067.57
13 30 -2987.53
13 31 -2887.36
13 32 -2770.43
13 33 -2640.27
13 34 -2500.43
13 35 -2354.35
13 36 -2205.31
13 37 -2056.32
13 38 -1910.06
13 39 -1768.95
13 40 -1634.99
13 41 -1509.95
13 42 -1395.21
13 43 -1291.95
13 44 -1201.02
13 45 -1123.17
13 46 -1058.87
13 47 -1008.55
13 48 -972.411
13 49 -950.689
13 50 -943.417
13 51 -950.689
13 52 -972.411
13 53 -1008.55
13 54 -1058.87
13 55 -1123.17
13 56 -1201.02
13 57 -1291.95
13 58 -1395.21
13 59 -1509.95
13 60 -1634.99
13 61 -1768.95
13 62 -1910.06
13 63 -2056.32
13 64 -2205.31
13 65 -2354.35
13 66 -2500.43
13 67 -2640.27
13 68 -2770.43
13 69 -2887.36
13 70 -2987.53
13 71 -3067.57
13 72 -3124.42
13 73 -3155.45
13 74 -3158.66
13 75 -3132.78
13 76 -3077.38
13 77 -2992.95
13 78 -2880.92
13 79 -2743.64
13 80 -2584.29
13 81 -2406.74
13 82 -2215.42
13 83 -2015.03
13 84 -1810.43
13 85 -1606.29
13 86 -1407.01
13 87 -1216.34
13 88 -1037.57
13 89 -872.958
13 90 -724.223
13 91 -592.146
13 92 -476.827
13 93 -377.692
13 94 -293.599
13 95 -223.027
13 96 -164.078
13 97 -114.596
13 98 -72.342
13 99 -34.9533
13 100 0

14 0 0
14 1 -43.9217
14 2 -90.6633
14 3 -143.05
14 4 -203.766
14 5 -275.328
14 6 -360.013
14 7 -459.745
14 8 -575.947
14 9 -709.478
14 10 -860.468
14 11 -1028.23
14 12 -1211.23
14 13 -1407.01
14 14 -1612.19
14 15 -1822.78
14 16 -2033.96
14 17 -2240.65
14 18 -2437.43
14 19 -2619.09
14 20 -2780.63
14 21 -2917.71
14 22 -3026.73
14 23 -3105.03
14 24 -3151.02
14 25 -3164.16
14 26 -3144.98
14 27 -3094.97
14 28 -3016.48
14 29 -2912.56
14 30 -2786.74
14 31 -2642.92
14 32 -2485.11
14 33 -2317.36
14 34 -2143.54
14 35 -1967.29
14 36 -1791.92
14 37 -1620.35
14 38 -1455.11
14 39 -1298.3
14 40 -1151.67
14 41 -1016.57
14 42 -894.07
14 43 -784.931
14 44 -689.729
14 45 -608.809
14 46 -542.438
14 47 -490.722
14 48 -453.766
14 49 -431.572
14 50 -424.183
14 51 -431.572
14 52 -453.766
14 53 -490.722
14 54 -542.438
14 55 -608.809
14 56 -689.729
14 57 -784.931
14 58 -894.07
14 59 -1016.57
14 60 -1151.67
14 61 -1298.3
14 62 -1455.11
14 63 -1620.35
14 64 -1791.92
14 65 -1967.29
14 66 -2143.54
14 67 -2317.36
14 68 -2485.11
14 69 -2642.92
14 70 -2786.74
14 71 -2912.56
14 72 -3016.48
14 73 -3094.97
14 74 -3144.98
14 75 -3164.16
14 76 -3151.02
14 77 -3105.03
14 78 -3026.73
14 79 -2917.71
14 80 -2780.63
14 81 -2619.09
14 82 -2437.43
14 83 -2240.65
14 84 -2033.96
14 85 -1822.78
14 86 -1612.19
14 87 -1407.01
14 88 -1211.23
14 89 -1028.23
14 90 -860.468
14 91 -709.478
14 92 -575.947
14 93 -459.745
14 94 -360.013
14 95 -275.328
14 96 -203.766
14 97 -143.05
14 98 -90.6633
14 99 -43.9217
14 100 0

15 0 0
15 1 -54.5027
15 2 -112.247
15 3 -176.42
15 4 -250.029
15 5 -335.8
15 6 -436.125
15 7 -552.846
15 8 -687.185
15 9 -839.582
15 10 -1009.61
15 11 -1195.86
15 12 -1395.89
15 13 -1606.29
15 14 -1822.78
15 15 -2040.26
15 16 -2253.18
15 17 -2455.66
15 18 -2641.85
15 19 -2806.21
15 20 -2943.86
15 21 -3050.68
15 22 -3123.74
15 23 -3161.11
15 24 -3162.26
15 25 -3127.75
15 26 -3059.31
15 27 -2959.65
15 28 -2832.23
15 29 -2681.16
15 30 -2510.82
15 31 -2325.85
15 32 -2130.77
15 33 -1929.95
15 34 -1727.43
15 35 -1526.84
15 36 -1331.34
15 37 -1143.56
15 38 -965.719
15 39 -799.485
15 40 -646.171
15 41 -506.664
15 42 -381.59
15 43 -271.275
15 44 -175.896
15 45 -95.4524
15 46 -29.8891
15 47 20.9215
15 48 57.0974
15 49 78.7559
15 50 85.965
15 51 78.7559
15 52 57.0974
15 53 20.9215
15 54 -29.8891
15 55 -95.4524
15 56 -175.896
15 57 -271.275
15 58 -381.59
15 59 -506.664
15 60 -646.171
15 61 -799.485
15 62 -965.719
15 63 -1143.56
15 64 -1331.34
15 65 -1526.84
15 66 -1727.43
15 67 -1929.95
15 68 -2130.77
15 69 -2325.85
15 70 -2510.82
15 71 -2681.16
15 72 -2832.23
15 73 -2959.65
15 74 -3059.31
15 75 -3127.75
15 76 -3162.26
15 77 -3161.11
15 78 -3123.74
15 79 -3050.68
15 80 -2943.86
15 81 -2806.21
15 82 -2641.85
15 83 -2455.66
15 84 -2253.18
15 85 -2040.26
15 86 -1822.78
15 87 -1606.29
15 88 -1395.89
15 89 -1195.86
15 90 -1009.61
15 91 -839.582
15 92 -687.185
15 93 -552.846
15 94 -436.125
15 95 -335.8
15 96 -250.029
15 97 -176.42
15 98 -112.247
15 99 -54.5027
15 100 0

16 0 0
16 1 -66.8344
16 2 -137.324
16 3 -215.013
16 4 -303.184
16 5 -404.75
16 6 -522.089
16 7 -656.922
16 8 -810.131
16 9 -981.625
16 10 -1170.21
16 11 -1373.66
16 12 -1588.55
16 13 -1810.43
16 14 -2033.96
16 15 -2253.18
16 16 -2461.7
16 17 -2653.1
16 18 -2821.23
16 19 -2960.59
16 20 -3066.55
16 21 -3135.72
16 22 -3165.92
16 23 -3156.46
16 24 -3107.92
16 25 -3022.29
16 26 -2902.55
16 27 -2752.7
16 28 -2577.33
16 29 -2381.48
16 30 -2170.35
16 31 -1949.06
16 32 -1722.51
16 33 -1495.16
16 34 -1271.01
16 35 -1053.44
16 36 -845.286
16 37 -648.739
16 38 -465.497
16 39 -296.706
16 40 -143.128
16 41 -5.12029
16 42 117.201
16 43 223.97
16 44 315.432
16 45 391.948
16 46 453.882
16 47 501.612
16 48 535.45
16 49 555.652
16 50 562.365
16 51 555.652
16 52 535.45
16 53 501.612
16 54 453.882
16 55 391.948
16 56 315.432
16 57 223.97
16 58 117.201
16 59 -5.12029
16 60 -143.128
16 61 -296.706
16 62 -465.497
16 63 -648.739
16 64 -845.286
16 65 -1053.44
16 66 -1271.01
16 67 -1495.16
16 68 -1722.51
16 69 -1949.06
16 70 -2170.35
16 71 -2381.48
16 72 -2577.33
16 73 -2752.7
16 74 -2902.55
16 75 -3022.29
16 76 -3107.92
16 77 -3156.46
16 78 -3165.92
16 79 -3135.72
16 80 -3066.55
16 81 -2960.59
16 82 -2821.23
16 83 -2653.1
16 84 -2461.7
16 85 -2253.18
16 86 -2033.96
16 87 -1810.43
16 88 -1588.55
16 89 -1373.66
16 90 -1170.21
16 91 -981.625
16 92 -810.131
16 93 -656.922
16 94 -522.089
16 95 -404.75
16 96 -303.184
16 97 -215.013
16 98 -137.324
16 99 -66.8344
16 100 0

17 0 0
17 1 -81.0191
17 2 -166.074
17 3 -259.021
17 4 -363.399
17 5 -482.234
17 6 -617.826
17 7 -771.599
17 8 -943.989
17 9 -1134.22
17 10 -1340.29
17 11 -1558.92
17 12 -1785.68
17 13 -2015.03
17 14 -2240.65
17 15 -2455.66
17 16 -2653.1
17 17 -2826.19
17 18 -2968.73
17 19 -3075.58
17 20 -3142.73
17 21 -3167.71
17 22 -3149.59
17 23 -3088.93
17 24 -2987.89
17 25 -2849.76
17 26 -2679.05
17 27 -2480.85
17 28 -2260.92
17 29 -2025.04
17 30 -1779.02
17 31 -1528.29
17 32 -1277.84
17 33 -1032.03
17 34 -794.53
17 35 -568.336
17 36 -355.694
17 37 -158.26
17 38 22.9558
17 39 187.384
17 40 334.925
17 41 465.745
17 42 580.298
17 43 679.147
17 44 762.976
17 45 832.463
17 46 888.283
17 47 931.021
17 48 961.18
17 49 979.12
17 50 985.077
17 51 979.12
17 52 961.18
17 53 931.021
17 54 888.283
17 55 832.463
17 56 762.976
17 57 679.147
17 58 580.298
17 59 465.745
17 60 334.925
17 61 187.384
17 62 22.9558
17 63 -158.26
17 64 -355.694
17 65 -568.336
17 66 -794.53
17 67 -1032.03
17 68 -1277.84
17 69 -1528.29
17 70 -1779.02
17 71 -2025.04
17 72 -2260.92
17 73 -2480.85
17 74 -2679.05
17 75 -2849.76
17 76 -2987.89
17 77 -3088.93
17 78 -3149.59
17 79 -3167.71
17 80 -3142.73
17 81 -3075.58
17 82 -2968.73
17 83 -2826.19
17 84 -2653.1
17 85 -2455.66
17 86 -2240.65
17 87 -2015.03
17 88 -1785.68
17 89 -1558.92
17 90 -1340.29
17 91 -1134.22
17 92 -943.989
17 93 -771.599
17 94 -617.826
17 95 -482.234
17 96 -363.399
17 97 -259.021
17 98 -166.074
17 99 -81.0191
17 100 0

18 0 0
18 1 -97.0848
18 2 -198.555
18 3 -308.531
18 4 -430.708
18 5 -568.125
18 6 -722.899
18 7 -896.09
18 8 -1087.51
18 9 -1295.59
18 10 -1517.33
18 11 -1748.45
18 12 -1983.33
18 13 -2215.42
18 14 -2437.43
18 15 -2641.85
18 16 -2821.23
18 17 -2968.73
18 18 -3078.5
18 19 -3145.95
18 20 -3168.14
18 21 -3143.81
18 22 -3073.47
18 23 -2959.31
18 24 -2804.98
18 25 -2615.38
18 26 -2396.24
18 27 -2153.95
18 28 -1895
18 29 -1625.9
18 30 -1352.68
18 31 -1080.92
18 32 -815.367
18 33 -560.072
18 34 -318.142
18 35 -91.9698
18 36 116.9
18 37 307.535
18 38 479.624
18 39 633.305
18 40 769.082
18 41 887.732
18 42 990.171
18 43 1077.44
18 44 1150.56
18 45 1210.53
18 46 1258.25
18 47 1294.52
18 48 1319.94
18 49 1335.03
18 50 1340.01
18 51 1335.03
18 52 1319.94
18 53 1294.52
18 54 1258.25
18 55 1210.53
18 56 1150.56
18 57 1077.44
18 58 990.171
18 59 887.732
18 60 769.082
18 61 633.305
18 62 479.624
18 63 307.535
18 64 116.9
18 65 -91.9698
18 66 -318.142
18 67 -560.072
18 68 -815.367
18 69 -1080.92
18 70 -1352.68
18 71 -1625.9
18 72 -1895
18 73 -2153.95
18 74 -2396.24
18 75 -2615.38
18 76 -2804.98
18 77 -2959.31
18 78 -3073.47
18 79 -3143.81
18 80 -3168.14
18 81 -3145.95
18 82 -3078.5
18 83 -2968.73
18 84 -2821.23
18 85 -2641.85
18 86 -2437.43
18 87 -2215.42
18 88 -1983.33
18 89 -1748.45
18 90 -1517.33
18 91 -1295.59
18 92 -1087.51
18 93 -896.09
18 94 -722.899
18 95 -568.125
18 96 -430.708
18 97 -308.531
18 98 -198.555
18 99 -97.0848
18 100 0

19 0 0
19 1 -115.074
19 2 -234.788
19 3 -363.463
19 4 -504.884
19 5 -661.999
19 6 -836.622
19 7 -1029.28
19 8 -1239.07
19 9 -1463.49
19 10 -1698.51
19 11 -1938.64
19 12 -2177.24
19 13 -2406.74
19 14 -2619.09
19 15 -2806.21
19 16 -2960.59
19 17 -3075.58
19 18 -3145.95
19 19 -3168.18
19 20 -3140.55
19 21 -3063.43
19 22 -2938.95
19 23 -2771.02
19 24 -2564.93
19 25 -2327.03
19 26 -2064.35
19 27 -1784.14
19 28 -1493.65
19 29 -1199.61
19 30 -908.216
19 31 -624.696
19 32 -353.479
19 33 -97.8916
19 34 139.57
19 35 357.402
19 36 554.787
19 37 731.655
19 38 888.4
19 39 1025.88
19 40 1145.2
19 41 1247.68
19 42 1334.69
19 43 1407.62
19 44 1467.82
19 45 1516.53
19 46 1554.81
19 47 1583.61
19 48 1603.65
19 49 1615.46
19 50 1619.36
19 51 1615.46
19 52 1603.65
19 53 1583.61
19 54 1554.81
19 55 1516.53
19 56 1467.82
19 57 1407.62
19 58 1334.69
19 59 1247.68
19 60 1145.2
19 61 1025.88
19 62 888.4
19 63 731.655
19 64 554.787
19 65 357.402
19 66 139.57
19 67 -97.8916
19 68 -353.479
19 69 -624.696
19 70 -908.216
19 71 -1199.61
19 72 -1493.65
19 73 -1784.14
19 74 -2064.35
19 75 -2327.03
19 76 -2564.93
19 77 -2771.02
19 78 -2938.95
19 79 -3063.43
19 80 -3140.55
19 81 -3168.18
19 82 -3145.95
19 83 -3075.58
19 84 -2960.59
19 85 -2806.21
19 86 -2619.09
19 87 -2406.74
19 88 -2177.24
19 89 -1938.64
19 90 -1698.51
19 91 -1463.49
19 92 -1239.07
19 93 -1029.28
19 94 -836.622
19 95 -661.999
19 96 -504.884
19 97 -363.463
19 98 -234.788
19 99 -115.074
19 100 0

20 0 0
20 1 -134.917
20 2 -274.645
20 3 -423.605
20 4 -585.547
20 5 -763.198
20 6 -957.963
20 7 -1169.72
20 8 -1396.68
20 9 -1635.34
20 10 -1880.56
20 11 -2125.73
20 12 -2363.1
20 13 -2584.29
20 14 -2780.63
20 15 -2943.86
20 16 -3066.55
20 17 -3142.73
20 18 -3168.14
20 19 -3140.55
20 20 -3059.96
20 21 -2928.38
20 22 -2749.87
20 23 -2530.05
20 24 -2275.83
20 25 -1994.9
20 26 -1695.34
20 27 -1385.12
20 28 -1071.82
20 29 -762.231
20 30 -462.226
20 31 -176.602
20 32 90.9934
20 33 337.956
20 34 562.78
20 35 764.756
20 36 944.056
20 37 1101.32
20 38 1237.8
20 39 1354.9
20 40 1454.37
20 41 1537.9
20 42 1607.31
20 43 1664.23
20 44 1710.26
20 45 1746.75
20 46 1774.96
20 47 1795.83
20 48 1810.19
20 49 1818.57
20 50 1821.34
20 51 1818.57
20 52 1810.19
20 53 1795.83
20 54 1774.96
20 55 1746.75
20 56 1710.26
20 57 1664.23
20 58 1607.31
20 59 1537.9
20 60 1454.37
20 61 1354.9
20 62 1237.8
20 63 1101.32
20 64 944.056
20 65 764.756
20 66 562.78
20 67 337.956
20 68 90.9934
20 69 -176.602
20 70 -462.226
20 71 -762.231
20 72 -1071.82
20 73 -1385.12
20 74 -1695.34
20 75 -1994.9
20 76 -2275.83
20 77 -2530.05
20 78 -2749.87
20 79 -2928.38
20 80 -3059.96
20 81 -3140.55
20 82 -3168.14
20 83 -3142.73
20 84 -3066.55
20 85 -2943.86
20 86 -2780.63
20 87 -2584.29
20 88 -2363.1
20 89 -2125.73
20 90 -1880.56
20 91 -1635.34
20 92 -1396.68
20 93 -1169.72
20 94 -957.963
20 95 -763.198
20 96 -585.547
20 97 -423.605
20 98 -274.645
20 99 -134.917
20 100 0

21 0 0
21 1 -156.529
21 2 -317.914
21 3 -488.572
21 4 -672.08
21 5 -870.812
21 6 -1085.62
21 7 -1315.62
21 8 -1558.05
21 9 -1808.33
21 10 -2060.16
21 11 -2305.82
21 12 -2536.69
21 13 -2743.64
21 14 -2917.71
21 15 -3050.68
21 16 -3135.72
21 17 -3167.71
21 18 -3143.81
21 19 -3063.43
21 20 -2928.38
21 21 -2742.69
21 22 -2512.22
21 23 -2244.41
21 24 -1947.57
21 25 -1630.61
21 26 -1302.3
21 27 -971.089
21 28 -644.508
21 29 -329.097
21 30 -30.139
21 31 248.35
21 32 503.607
21 33 734.058
21 34 939.131
21 35 1119.16
21 36 1275.11
21 37 1408.52
21 38 1521.22
21 39 1615.3
21 40 1692.86
21 41 1756.06
21 42 1806.87
21 43 1847.2
21 44 1878.71
21 45 1902.91
21 46 1920.99
21 47 1934.03
21 48 1942.76
21 49 1947.79
21 50 1949.42
21 51 1947.79
21 52 1942.76
21 53 1934.03
21 54 1920.99
21 55 1902.91
21 56 1878.71
21 57 1847.2
21 58 1806.87
21 59 1756.06
21 60 1692.86
21 61 1615.3
21 62 1521.22
21 63 1408.52
21 64 1275.11
21 65 1119.16
21 66 939.131
21 67 734.058
21 68 503.607
21 69 248.35
21 70 -30.139
21 71 -329.097
21 72 -644.508
21 73 -971.089
21 74 -1302.3
21 75 -1630.61
21 76 -1947.57
21 77 -2244.41
21 78 -2512.22
21 79 -2742.69
21 80 -2928.38
21 81 -3063.43
21 82 -3143.81
21 83 -3167.71
21 84 -3135.72
21 85 -3050.68
21 86 -2917.71
21 87 -2743.64
21 88 -2536.69
21 89 -2305.82
21 90 -2060.16
21 91 -1808.33
21 92 -1558.05
21 93 -1315.62
21 94 -1085.62
21 95 -870.812
21 96 -672.08
21 97 -488.572
21 98 -317.914
21 99 -156.529
21 100 0

22 0 0
22 1 -179.766
22 2 -364.286
22 3 -557.821
22 4 -763.657
22 5 -983.674
22 6 -1218.05
22 7 -1464.99
22 8 -1720.69
22 9 -1979.45
22 10 -2233.87
22 11 -2475.22
22 12 -2694.08
22 13 -2880.92
22 14 -3026.73
22 15 -3123.74
22 16 -3165.92
22 17 -3149.59
22 18 -3073.47
22 19 -2938.95
22 20 -2749.87
22 21 -2512.22
22 22 -2233.82
22 23 -1923.62
22 24 -1591.27
22 25 -1246.47
22 26 -898.534
22 27 -555.853
22 28 -225.719
22 29 86.0072
22 30 374.842
22 31 637.817
22 32 873.214
22 33 1080.58
22 34 1260.36
22 35 1413.87
22 36 1542.93
22 37 1649.79
22 38 1736.88
22 39 1806.71
22 40 1861.78
22 41 1904.42
22 42 1936.83
22 43 1960.94
22 44 1978.49
22 45 1990.92
22 46 1999.5
22 47 2005.15
22 48 2008.68
22 49 2010.57
22 50 2011.19
22 51 2010.57
22 52 2008.68
22 53 2005.15
22 54 1999.5
22 55 1990.92
22 56 1978.49
22 57 1960.94
22 58 1936.83
22 59 1904.42
22 60 1861.78
22 61 1806.71
22 62 1736.88
22 63 1649.79
22 64 1542.93
22 65 1413.87
22 66 1260.36
22 67 1080.58
22 68 873.214
22 69 637.817
22 70 374.842
22 71 86.0072
22 72 -225.719
22 73 -555.853
22 74 -898.534
22 75 -1246.47
22 76 -1591.27
22 77 -1923.62
22 78 -2233.82
22 79 -2512.22
22 80 -2749.87
22 81 -2938.95
22 82 -3073.47
22 83 -3149.59
22 84 -3165.92
22 85 -3123.74
22 86 -3026.73
22 87 -2880.92
22 88 -2694.08
22 89 -2475.22
22 90 -2233.87
22 91 -1979.45
22 92 -1720.69
22 93 -1464.99
22 94 -1218.05
22 95 -983.674
22 96 -763.657
22 97 -557.821
22 98 -364.286
22 99 -179.766
22 100 0

23 0 0
23 1 -204.403
23 2 -413.311
23 3 -630.679
23 4 -859.314
23 5 -1100.46
23 6 -1353.48
23 7 -1615.63
23 8 -1881.99
23 9 -2145.73
23 10 -2398.4
23 11 -2630.43
23 12 -2831.86
23 13 -2992.95
23 14 -3105.03
23 15 -3161.11
23 16 -3156.46
23 17 -3088.93
23 18 -2959.31
23 19 -2771.02
23 20 -2530.05
23 21 -2244.41
23 22 -1923.62
23 23 -1578.08
23 24 -1218.38
23 25 -854.786
23 26 -496.638
23 27 -152.082
23 28 172.319
23 29 471.545
23 30 742.274
23 31 982.64
23 32 1192.18
23 33 1371.51
23 34 1522.18
23 35 1646.36
23 36 1746.66
23 37 1825.91
23 38 1887.02
23 39 1932.83
23 40 1966.02
23 41 1989.07
23 42 2004.19
23 43 2013.3
23 44 2018.09
23 45 2019.94
23 46 2019.98
23 47 2019.12
23 48 2018.04
23 49 2017.2
23 50 2016.89
23 51 2017.2
23 52 2018.04
23 53 2019.12
23 54 2019.98
23 55 2019.94
23 56 2018.09
23 57 2013.3
23 58 2004.19
23 59 1989.07
23 60 1966.02
23 61 1932.83
23 62 1887.02
23 63 1825.91
23 64 1746.66
23 65 1646.36
23 66 1522.18
23 67 1371.51
23 68 1192.18
23 69 982.64
23 70 742.274
23 71 471.545
23 72 172.319
23 73 -152.082
23 74 -496.638
23 75 -854.786
23 76 -1218.38
23 77 -1578.08
23 78 -1923.62
23 79 -2244.41
23 80 -2530.05
23 81 -2771.02
23 82 -2959.31
23 83 -3088.93
23 84 -3156.46
23 85 -3161.11
23 86 -3105.03
23 87 -2992.95
23 88 -2831.86
23 89 -2630.43
23 90 -2398.4
23 91 -2145.73
23 92 -1881.99
23 93 -1615.63
23 94 -1353.48
23 95 -1100.46
23 96 -859.314
23 97 -630.679
23 98 -413.311
23 99 -204.403
23 100 0

24 0 0
24 1 -230.218
24 2 -464.505
24 3 -706.323
24 4 -957.882
24 5 -1219.65
24 6 -1490.06
24 7 -1765.28
24 8 -2039.32
24 9 -2304.25
24 10 -2550.7
24 11 -2768.43
24 12 -2947.17
24 13 -3077.38
24 14 -3151.02
24 15 -3162.26
24 16 -3107.92
24 17 -2987.89
24 18 -2804.98
24 19 -2564.93
24 20 -2275.83
24 21 -1947.57
24 22 -1591.27
24 23 -1218.38
24 24 -840.169
24 25 -467.02
24 26 -108.017
24 27 229.405
24 28 539.597
24 29 818.75
24 30 1064.75
24 31 1277.07
24 32 1456.42
24 33 1604.59
24 34 1724.04
24 35 1817.79
24 36 1889.04
24 37 1941.13
24 38 1977.23
24 39 2000.4
24 40 2013.38
24 41 2018.65
24 42 2018.33
24 43 2014.28
24 44 2008.01
24 45 2000.79
24 46 1993.62
24 47 1987.29
24 48 1982.36
24 49 1979.26
24 50 1978.19
24 51 1979.26
24 52 1982.36
24 53 1987.29
24 54 1993.62
24 55 2000.79
24 56 2008.01
24 57 2014.28
24 58 2018.33
24 59 2018.65
24 60 2013.38
24 61 2000.4
24 62 1977.23
24 63 1941.13
24 64 1889.04
24 65 1817.79
24 66 1724.04
24 67 1604.59
24 68 1456.42
24 69 1277.07
24 70 1064.75
24 71 818.75
24 72 539.597
24 73 229.405
24 74 -108.017
24 75 -467.02
24 76 -840.169
24 77 -1218.38
24 78 -1591.27
24 79 -1947.57
24 80 -2275.83
24 81 -2564.93
24 82 -2804.98
24 83 -2987.89
24 84 -3107.92
24 85 -3162.26
24 86 -3151.02
24 87 -3077.38
24 88 -2947.17
24 89 -2768.43
24 90 -2550.7
24 91 -2304.25
24 92 -2039.32
24 93 -1765.28
24 94 -1490.06
24 95 -1219.65
24 96 -957.882
24 97 -706.323
24 98 -464.505
24 99 -230.218
24 100 0

25 0 0
25 1 -256.892
25 2 -517.247
25 3 -783.857
25 4 -1058.13
25 5 -1339.65
25 6 -1625.8
25 7 -1911.68
25 8 -2190.16
25 9 -2452.34
25 10 -2688.06
25 11 -2886.7
25 12 -3037.97
25 13 -3132.78
25 14 -3164.16
25 15 -3127.75
25 16 -3022.29
25 17 -2849.76
25 18 -2615.38
25 19 -2327.03
25 20 -1994.9
25 21 -1630.61
25 22 -1246.47
25 23 -854.786
25 24 -467.02
25 25 -93.3545
25 26 257.808
25 27 579.989
25 28 868.792
25 29 1121.71
25 30 1338.06
25 31 1518.57
25 32 1665.21
25 33 1780.75
25 34 1868.57
25 35 1932.29
25 36 1975.63
25 37 2002.18
25 38 2015.34
25 39 2018.14
25 40 2013.33
25 41 2003.22
25 42 1989.84
25 43 1974.8
25 44 1959.47
25 45 1944.92
25 46 1932
25 47 1921.34
25 48 1913.42
25 49 1908.53
25 50 1906.9
25 51 1908.53
25 52 1913.42
25 53 1921.34
25 54 1932
25 55 1944.92
25 56 1959.47
25 57 1974.8
25 58 1989.84
25 59 2003.22
25 60 2013.33
25 61 2018.14
25 62 2015.34
25 63 2002.18
25 64 1975.63
25 65 1932.29
25 66 1868.57
25 67 1780.75
25 68 1665.21
25 69 1518.57
25 70 1338.06
25 71 1121.71
25 72 868.792
25 73 579.989
25 74 257.808
25 75 -93.3545
25 76 -467.02
25 77 -854.786
25 78 -1246.47
25 79 -1630.61
25 80 -1994.9
25 81 -2327.03
25 82 -2615.38
25 83 -2849.76
25 84 -3022.29
25 85 -3127.75
25 86 -3164.16
25 87 -3132.78
25 88 -3037.97
25 89 -2886.7
25 90 -2688.06
25 91 -2452.34
25 92 -2190.16
25 93 -1911.68
25 94 -1625.8
25 95 -1339.65
25 96 -1058.13
25 97 -783.857
25 98 -517.247
25 99 -256.892
25 100 0

26 0 0
26 1 -284.127
26 2 -570.912
26 3 -862.289
26 4 -1158.75
26 5 -1458.81
26 6 -1758.78
26 7 -2052.61
26 8 -2332.15
26 9 -2587.63
26 10 -2808.32
26 11 -2983.4
26 12 -3102.92
26 13 -3158.66
26 14 -3144.98
26 15 -3059.31
26 16 -2902.55
26 17 -2679.05
26 18 -2396.24
26 19 -2064.35
26 20 -1695.34
26 21 -1302.3
26 22 -898.534
26 23 -496.638
26 24 -108.017
26 25 257.808
26 26 593.379
26 27 893.51
26 28 1155.18
26 29 1377.39
26 30 1560.81
26 31 1707.51
26 32 1820.54
26 33 1903.62
26 34 1960.78
26 35 1996.18
26 36 2013.81
26 37 2017.44
26 38 2010.42
26 39 1995.78
26 40 1976.01
26 41 1953.31
26 42 1929.41
26 43 1905.75
26 44 1883.42
26 45 1863.35
26 46 1846.13
26 47 1832.32
26 48 1822.2
26 49 1816.07
26 50 1813.99
26 51 1816.07
26 52 1822.2
26 53 1832.32
26 54 1846.13
26 55 1863.35
26 56 1883.42
26 57 1905.75
26 58 1929.41
26 59 1953.31
26 60 1976.01
26 61 1995.78
26 62 2010.42
26 63 2017.44
26 64 2013.81
26 65 1996.18
26 66 1960.78
26 67 1903.62
26 68 1820.54
26 69 1707.51
26 70 1560.81
26 71 1377.39
26 72 1155.18
26 73 893.51
26 74 593.379
26 75 257.808
26 76 -108.017
26 77 -496.638
26 78 -898.534
26 79 -1302.3
26 80 -1695.34
26 81 -2064.35
26 82 -2396.24
26 83 -2679.05
26 84 -2902.55
26 85 -3059.31
26 86 -3144.98
26 87 -3158.66
26 88 -3102.92
26 89 -2983.4
26 90 -2808.32
26 91 -2587.63
26 92 -2332.15
26 93 -2052.61
26 94 -1758.78
26 95 -1458.81
26 96 -1158.75
26 97 -862.289
26 98 -570.912
26 99 -284.127
26 100 0

27 0 0
27 1 -311.575
27 2 -624.813
27 3 -940.616
27 4 -1258.38
27 5 -1575.51
27 6 -1887.12
27 7 -2186.08
27 8 -2463.25
27 9 -2708.17
27 10 -2909.75
27 11 -3057.33
27 12 -3141.58
27 13 -3155.45
27 14 -3094.97
27 15 -2959.65
27 16 -2752.7
27 17 -2480.85
27 18 -2153.95
27 19 -1784.14
27 20 -1385.12
27 21 -971.089
27 22 -555.853
27 23 -152.082
27 24 229.405
27 25 579.989
27 26 893.51
27 27 1166.22
27 28 1396.65
27 29 1585.28
27 30 1734.2
27 31 1846.64
27 32 1926.67
27 33 1978.73
27 34 2007.4
27 35 2017.11
27 36 2012.04
27 37 1995.9
27 38 1971.97
27 39 1943.03
27 40 1911.38
27 41 1878.91
27 42 1847.1
27 43 1817.1
27 44 1789.81
27 45 1765.87
27 46 1745.78
27 47 1729.85
27 48 1718.33
27 49 1711.37
27 50 1709.04
27 51 1711.37
27 52 1718.33
27 53 1729.85
27 54 1745.78
27 55 1765.87
27 56 1789.81
27 57 1817.1
27 58 1847.1
27 59 1878.91
27 60 1911.38
27 61 1943.03
27 62 1971.97
27 63 1995.9
27 64 2012.04
27 65 2017.11
27 66 2007.4
27 67 1978.73
27 68 1926.67
27 69 1846.64
27 70 1734.2
27 71 1585.28
27 72 1396.65
27 73 1166.22
27 74 893.51
27 75 579.989
27 76 229.405
27 77 -152.082
27 78 -555.853
27 79 -971.089
27 80 -1385.12
27 81 -1784.14
27 82 -2153.95
27 83 -2480.85
27 84 -2752.7
27 85 -2959.65
27 86 -3094.97
27 87 -3155.45
27 88 -3141.58
27 89 -3057.33
27 90 -2909.75
27 91 -2708.17
27 92 -2463.25
27 93 -2186.08
27 94 -1887.12
27 95 -1575.51
27 96 -1258.38
27 97 -940.616
27 98 -624.813
27 99 -311.575
27 100 0

28 0 0
28 1 -338.882
28 2 -678.261
28 3 -1017.82
28 4 -1355.75
28 5 -1688.2
28 6 -2009.11
28 7 -2310.27
28 8 -2581.74
28 9 -2812.47
28 10 -2991.32
28 11 -3108.03
28 12 -3154.25
28 13 -3124.42
28 14 -3016.48
28 15 -2832.23
28 16 -2577.33
28 17 -2260.92
28 18 -1895
28 19 -1493.65
28 20 -1071.82
28 21 -644.508
28 22 -225.719
28 23 172.319
28 24 539.597
28 25 868.792
28 26 1155.18
28 27 1396.65
28 28 1593.29
28 29 1747.08
28 30 1861.37
28 31 1940.5
28 32 1989.31
28 33 2012.83
28 34 2015.96
28 35 2003.3
28 36 1978.95
28 37 1946.54
28 38 1909.07
28 39 1869.07
28 40 1828.51
28 41 1789
28 42 1751.69
28 43 1717.5
28 44 1687.03
