0 0 0
0 1 0
0 2 0
0 3 0
0 4 0
0 5 0
0 6 0
0 7 0
0 8 0
0 9 0
0 10 0
0 11 0
0 12 0
0 13 0
0 14 0
0 15 0
0 16 0
0 17 0
0 18 0
0 19 0
0 20 0
0 21 0
0 22 0
0 23 0
0 24 0
0 25 0
0 26 0
0 27 0
0 28 0
0 29 0
0 30 0
0 31 0
0 32 0
0 33 0
0 34 0
0 35 0
0 36 0
0 37 0
0 38 0
0 39 0
0 40 0
0 41 0
0 42 0
0 43 0
0 44 0
0 45 0
0 46 0
0 47 0
0 48 0
0 49 0
0 50 0
0 51 0
0 52 0
0 53 0
0 54 0
0 55 0
0 56 0
0 57 0
0 58 0
0 59 0
0 60 0
0 61 0
0 62 0
0 63 0
0 64 0
0 65 0
0 66 0
0 67 0
0 68 0
0 69 0
0 70 0
0 71 0
0 72 0
0 73 0
0 74 0
0 75 0
0 76 0
0 77 0
0 78 0
0 79 0
0 80 0
0 81 0
0 82 0
0 83 0
0 84 0
0 85 0
0 86 0
0 87 0
0 88 0
0 89 0
0 90 0
0 91 0
0 92 0
0 93 0
0 94 0
0 95 0
0 96 0
0 97 0
0 98 0
0 99 0
0 100 0

1 0 0
1 1 -12.6121
1 2 -25.7002
1 3 -39.7911
1 4 -55.3112
1 5 -72.6257
1 6 -92.0926
1 7 -113.863
1 8 -138.017
1 9 -164.548
1 10 -193.268
1 11 -223.823
1 12 -255.756
1 13 -288.464
1 14 -321.286
1 15 -353.372
1 16 -383.847
1 17 -411.915
1 18 -436.672
1 19 -457.324
1 20 -473.157
1 21 -483.581
1 22 -488.159
1 23 -486.6
1 24 -478.819
1 25 -464.853
1 26 -444.958
1 27 -419.489
1 28 -388.971
1 29 -354.009
1 30 -315.295
1 31 -273.58
1 32 -229.615
1 33 -184.191
1 34 -138.031
1 35 -91.8647
1 36 -46.3291
1 37 -2.03295
1 38 40.5097
1 39 80.8371
1 40 118.565
1 41 153.378
1 42 185.009
1 43 213.266
1 44 237.977
1 45 259.041
1 46 276.356
1 47 289.881
1 48 299.557
1 49 305.38
1 50 307.315
1 51 305.38
1 52 299.557
1 53 289.881
1 54 276.356
1 55 259.041
1 56 237.977
1 57 213.266
1 58 185.009
1 59 153.378
1 60 118.565
1 61 80.8371
1 62 40.5097
1 63 -2.03295
1 64 -46.3291
1 65 -91.8647
1 66 -138.031
1 67 -184.191
1 68 -229.615
1 69 -273.58
1 70 -315.295
1 71 -354.009
1 72 -388.971
1 73 -419.489
1 74 -444.958
1 75 -464.853
1 76 -478.819
1 77 -486.6
1 78 -488.159
1 79 -483.581
1 80 -473.157
1 81 -457.324
1 82 -436.672
1 83 -411.915
1 84 -383.847
1 85 -353.372
1 86 -321.286
1 87 -288.464
1 88 -255.756
1 89 -223.823
1 90 -193.268
1 91 -164.548
1 92 -138.017
1 93 -113.863
1 94 -92.0926
1 95 -72.6257
1 96 -55.3112
1 97 -39.7911
1 98 -25.7002
1 99 -12.6121
1 100 0

2 0 0
2 1 -25.7002
2 2 -52.3771
2 3 -81.0364
2 4 -112.5
2 5 -147.499
2 6 -186.649
2 7 -230.319
2 8 -278.619
2 9 -331.499
2 10 -388.491
2 11 -448.942
2 12 -511.901
2 13 -576.189
2 14 -640.346
2 15 -702.759
2 16 -761.834
2 17 -815.794
2 18 -863.008
2 19 -901.967
2 20 -931.245
2 21 -949.788
2 22 -956.761
2 23 -951.676
2 24 -934.393
2 25 -905.074
2 26 -864.239
2 27 -812.656
2 28 -751.365
2 29 -681.595
2 30 -604.704
2 31 -522.178
2 32 -435.487
2 33 -346.159
2 34 -255.606
2 35 -165.225
2 36 -76.2455
2 37 10.1742
2 38 93.0531
2 39 171.516
2 40 244.842
2 41 312.429
2 42 373.793
2 43 428.562
2 44 476.436
2 45 517.213
2 46 550.727
2 47 576.887
2 48 595.607
2 49 606.862
2 50 610.609
2 51 606.862
2 52 595.607
2 53 576.887
2 54 550.727
2 55 517.213
2 56 476.436
2 57 428.562
2 58 373.793
2 59 312.429
2 60 244.842
2 61 171.516
2 62 93.0531
2 63 10.1742
2 64 -76.2455
2 65 -165.225
2 66 -255.606
2 67 -346.159
2 68 -435.487
2 69 -522.178
2 70 -604.704
2 71 -681.595
2 72 -751.365
2 73 -812.656
2 74 -864.239
2 75 -905.074
2 76 -934.393
2 77 -951.676
2 78 -956.761
2 79 -949.788
2 80 -931.245
2 81 -901.967
2 82 -863.008
2 83 -815.794
2 84 -761.834
2 85 -702.759
2 86 -640.346
2 87 -576.189
2 88 -511.901
2 89 -448.942
2 90 -388.491
2 91 -331.499
2 92 -278.619
2 93 -230.319
2 94 -186.649
2 95 -147.499
2 96 -112.5
2 97 -81.0364
2 98 -52.3771
2 99 -25.7002
2 100 0

3 0 0
3 1 -39.7911
3 2 -81.0364
3 3 -125.121
3 4 -173.315
3 5 -226.66
3 6 -285.996
3 7 -351.782
3 8 -424.186
3 9 -502.925
3 10 -587.369
3 11 -676.389
3 12 -768.557
3 13 -861.995
3 14 -954.612
3 15 -1044.07
3 16 -1127.85
3 17 -1203.6
3 18 -1268.89
3 19 -1321.55
3 20 -1359.77
3 21 -1382
3 22 -1387.23
3 23 -1374.89
3 24 -1344.9
3 25 -1297.65
3 26 -1234
3 27 -1155.17
3 28 -1062.77
3 29 -958.606
3 30 -844.716
3 31 -723.225
3 32 -596.3
3 33 -466.077
3 34 -334.608
3 35 -203.815
3 36 -75.4598
3 37 48.8873
3 38 167.842
3 39 280.232
3 40 385.061
3 41 481.53
3 42 568.989
3 43 646.948
3 44 715.022
3 45 772.95
3 46 820.527
3 47 857.638
3 48 884.188
3 49 900.14
3 50 905.455
3 51 900.14
3 52 884.188
3 53 857.638
3 54 820.527
3 55 772.95
3 56 715.022
3 57 646.948
3 58 568.989
3 59 481.53
3 60 385.061
3 61 280.232
3 62 167.842
3 63 48.8873
3 64 -75.4598
3 65 -203.815
3 66 -334.608
3 67 -466.077
3 68 -596.3
3 69 -723.225
3 70 -844.716
3 71 -958.606
3 72 -1062.77
3 73 -1155.17
3 74 -1234
3 75 -1297.65
3 76 -1344.9
3 77 -1374.89
3 78 -1387.23
3 79 -1382
3 80 -1359.77
3 81 -1321.55
3 82 -1268.89
3 83 -1203.6
3 84 -1127.85
3 85 -1044.07
3 86 -954.612
3 87 -861.995
3 88 -768.557
3 89 -676.389
3 90 -587.369
3 91 -502.925
3 92 -424.186
3 93 -351.782
3 94 -285.996
3 95 -226.66
3 96 -173.315
3 97 -125.121
3 98 -81.0364
3 99 -39.7911
3 100 0

4 0 0
4 1 -55.3112
4 2 -112.5
4 3 -173.315
4 4 -239.357
4 5 -311.993
4 6 -392.106
4 7 -480.293
4 8 -576.567
4 9 -680.467
4 10 -790.96
4 11 -906.555
4 12 -1025.13
4 13 -1144.26
4 14 -1261.12
4 15 -1372.65
4 16 -1475.77
4 17 -1567.3
4 18 -1644.39
4 19 -1704.41
4 20 -1745.17
4 21 -1765.02
4 22 -1762.85
4 23 -1738.22
4 24 -1691.27
4 25 -1622.76
4 26 -1533.95
4 27 -1426.63
4 28 -1302.91
4 29 -1165.26
4 30 -1016.28
4 31 -858.69
4 32 -695.232
4 33 -528.552
4 34 -361.184
4 35 -195.461
4 36 -33.5081
4 37 122.8
4 38 271.838
4 39 412.227
4 40 542.837
4 41 662.741
4 42 771.237
4 43 867.762
4 44 951.935
4 45 1023.45
4 46 1082.15
4 47 1127.88
4 48 1160.59
4 49 1180.22
4 50 1186.77
4 51 1180.22
4 52 1160.59
4 53 1127.88
4 54 1082.15
4 55 1023.45
4 56 951.935
4 57 867.762
4 58 771.237
4 59 662.741
4 60 542.837
4 61 412.227
4 62 271.838
4 63 122.8
4 64 -33.5081
4 65 -195.461
4 66 -361.184
4 67 -528.552
4 68 -695.232
4 69 -858.69
4 70 -1016.28
4 71 -1165.26
4 72 -1302.91
4 73 -1426.63
4 74 -1533.95
4 75 -1622.76
4 76 -1691.27
4 77 -1738.22
4 78 -1762.85
4 79 -1765.02
4 80 -1745.17
4 81 -1704.41
4 82 -1644.39
4 83 -1567.3
4 84 -1475.77
4 85 -1372.65
4 86 -1261.12
4 87 -1144.26
4 88 -1025.13
4 89 -906.555
4 90 -790.96
4 91 -680.467
4 92 -576.567
4 93 -480.293
4 94 -392.106
4 95 -311.993
4 96 -239.357
4 97 -173.315
4 98 -112.5
4 99 -55.3112
4 100 0

5 0 0
5 1 -72.6257
5 2 -147.499
5 3 -226.66
5 4 -311.993
5 5 -404.956
5 6 -506.56
5 7 -617.275
5 8 -737.039
5 9 -864.936
5 10 -999.607
5 11 -1138.92
5 12 -1280.27
5 13 -1420.52
5 14 -1556.14
5 15 -1683.56
5 16 -1799.04
5 17 -1899.02
5 18 -1980.2
5 19 -2039.78
5 20 -2075.51
5 21 -2085.73
5 22 -2069.61
5 23 -2026.95
5 24 -1958.32
5 25 -1864.97
5 26 -1748.71
5 27 -1611.88
5 28 -1457.2
5 29 -1287.65
5 30 -1106.4
5 31 -916.635
5 32 -721.543
5 33 -524.112
5 34 -327.219
5 35 -133.414
5 36 54.9595
5 37 235.91
5 38 407.699
5 39 568.908
5 40 718.371
5 41 855.177
5 42 978.632
5 43 1088.22
5 44 1183.58
5 45 1264.48
5 46 1330.78
5 47 1382.38
5 48 1419.25
5 49 1441.37
5 50 1448.75
5 51 1441.37
5 52 1419.25
5 53 1382.38
5 54 1330.78
5 55 1264.48
5 56 1183.58
5 57 1088.22
5 58 978.632
5 59 855.177
5 60 718.371
5 61 568.908
5 62 407.699
5 63 235.91
5 64 54.9595
5 65 -133.414
5 66 -327.219
5 67 -524.112
5 68 -721.543
5 69 -916.635
5 70 -1106.4
5 71 -1287.65
5 72 -1457.2
5 73 -1611.88
5 74 -1748.71
5 75 -1864.97
5 76 -1958.32
5 77 -2026.95
5 78 -2069.61
5 79 -2085.73
5 80 -2075.51
5 81 -2039.78
5 82 -1980.2
5 83 -1899.02
5 84 -1799.04
5 85 -1683.56
5 86 -1556.14
5 87 -1420.52
5 88 -1280.27
5 89 -1138.92
5 90 -999.607
5 91 -864.936
5 92 -737.039
5 93 -617.275
5 94 -506.56
5 95 -404.956
5 96 -311.993
5 97 -226.66
5 98 -147.499
5 99 -72.6257
5 100 0

6 0 0
6 1 -92.0926
6 2 -186.649
6 3 -285.996
6 4 -392.106
6 5 -506.56
6 6 -630.271
6 7 -763.592
6 8 -906.004
6 9 -1056.34
6 10 -1212.57
6 11 -1372.12
6 12 -1531.63
6 13 -1687.35
6 14 -1835.29
6 15 -1971.26
6 16 -2091.15
6 17 -2191.11
6 18 -2267.79
6 19 -2318.37
6 20 -2340.78
6 21 -2333.77
6 22 -2296.82
6 23 -2230.36
6 24 -2135.5
6 25 -2014.13
6 26 -1868.67
6 27 -1702.07
6 28 -1517.58
6 29 -1318.72
6 30 -1109.05
6 31 -892.118
6 32 -671.36
6 33 -449.999
6 34 -230.988
6 35 -16.986
6 36 189.695
6 37 387.06
6 38 573.468
6 39 747.562
6 40 908.306
6 41 1054.88
6 42 1186.72
6 43 1303.4
6 44 1404.7
6 45 1490.44
6 46 1560.6
6 47 1615.11
6 48 1654.04
6 49 1677.37
6 50 1685.15
6 51 1677.37
6 52 1654.04
6 53 1615.11
6 54 1560.6
6 55 1490.44
6 56 1404.7
6 57 1303.4
6 58 1186.72
6 59 1054.88
6 60 908.306
6 61 747.562
6 62 573.468
6 63 387.06
6 64 189.695
6 65 -16.986
6 66 -230.988
6 67 -449.999
6 68 -671.36
6 69 -892.118
6 70 -1109.05
6 71 -1318.72
6 72 -1517.58
6 73 -1702.07
6 74 -1868.67
6 75 -2014.13
6 76 -2135.5
6 77 -2230.36
6 78 -2296.82
6 79 -2333.77
6 80 -2340.78
6 81 -2318.37
6 82 -2267.79
6 83 -2191.11
6 84 -2091.15
6 85 -1971.26
6 86 -1835.29
6 87 -1687.35
6 88 -1531.63
6 89 -1372.12
6 90 -1212.57
6 91 -1056.34
6 92 -906.004
6 93 -763.592
6 94 -630.271
6 95 -506.56
6 96 -392.106
6 97 -285.996
6 98 -186.649
6 99 -92.0926
6 100 0

7 0 0
7 1 -113.863
7 2 -230.319
7 3 -351.782
7 4 -480.293
7 5 -617.275
7 6 -763.592
7 7 -919.124
7 8 -1083.04
7 9 -1253.58
7 10 -1428.22
7 11 -1603.6
7 12 -1775.85
7 13 -1940.67
7 14 -2093.53
7 15 -2229.92
7 16 -2345.55
7 17 -2436.57
7 18 -2499.71
7 19 -2532.57
7 20 -2533.49
7 21 -2501.77
7 22 -2437.7
7 23 -2342.29
7 24 -2217.5
7 25 -2065.85
7 26 -1890.5
7 27 -1694.94
7 28 -1482.98
7 29 -1258.47
7 30 -1025.3
7 31 -787.2
7 32 -547.69
7 33 -309.993
7 34 -77.0055
7 35 148.755
7 36 365.127
7 37 570.338
7 38 762.935
7 39 941.816
7 40 1106.13
7 41 1255.3
7 42 1388.91
7 43 1506.78
7 44 1608.77
7 45 1694.91
7 46 1765.21
7 47 1819.77
7 48 1858.66
7 49 1881.97
7 50 1889.72
7 51 1881.97
7 52 1858.66
7 53 1819.77
7 54 1765.21
7 55 1694.91
7 56 1608.77
7 57 1506.78
7 58 1388.91
7 59 1255.3
7 60 1106.13
7 61 941.816
7 62 762.935
7 63 570.338
7 64 365.127
7 65 148.755
7 66 -77.0055
7 67 -309.993
7 68 -547.69
7 69 -787.2
7 70 -1025.3
7 71 -1258.47
7 72 -1482.98
7 73 -1694.94
7 74 -1890.5
7 75 -2065.85
7 76 -2217.5
7 77 -2342.29
7 78 -2437.7
7 79 -2501.77
7 80 -2533.49
7 81 -2532.57
7 82 -2499.71
7 83 -2436.57
7 84 -2345.55
7 85 -2229.92
7 86 -2093.53
7 87 -1940.67
7 88 -1775.85
7 89 -1603.6
7 90 -1428.22
7 91 -1253.58
7 92 -1083.04
7 93 -919.124
7 94 -763.592
7 95 -617.275
7 96 -480.293
7 97 -351.782
7 98 -230.319
7 99 -113.863
7 100 0

8 0 0
8 1 -138.017
8 2 -278.619
8 3 -424.186
8 4 -576.567
8 5 -737.039
8 6 -906.004
8 7 -1083.04
8 8 -1266.67
8 9 -1454.68
8 10 -1643.72
8 11 -1829.86
8 12 -2008.74
8 13 -2175.53
8 14 -2325.38
8 15 -2453.65
8 16 -2556.1
8 17 -2629.18
8 18 -2670.06
8 19 -2676.87
8 20 -2648.79
8 21 -2585.95
8 22 -2489.45
8 23 -2361.29
8 24 -2204.17
8 25 -2021.47
8 26 -1816.95
8 27 -1594.68
8 28 -1358.81
8 29 -1113.53
8 30 -862.787
8 31 -610.372
8 32 -359.652
8 33 -113.715
8 34 124.848
8 35 353.779
8 36 571.287
8 37 775.91
8 38 966.566
8 39 1142.46
8 40 1303.07
8 41 1448.09
8 42 1577.38
8 43 1690.94
8 44 1788.85
8 45 1871.28
8 46 1938.38
8 47 1990.36
8 48 2027.35
8 49 2049.49
8 50 2056.86
8 51 2049.49
8 52 2027.35
8 53 1990.36
8 54 1938.38
8 55 1871.28
8 56 1788.85
8 57 1690.94
8 58 1577.38
8 59 1448.09
8 60 1303.07
8 61 1142.46
8 62 966.566
8 63 775.91
8 64 571.287
8 65 353.779
8 66 124.848
8 67 -113.715
8 68 -359.652
8 69 -610.372
8 70 -862.787
8 71 -1113.53
8 72 -1358.81
8 73 -1594.68
8 74 -1816.95
8 75 -2021.47
8 76 -2204.17
8 77 -2361.29
8 78 -2489.45
8 79 -2585.95
8 80 -2648.79
8 81 -2676.87
8 82 -2670.06
8 83 -2629.18
8 84 -2556.1
8 85 -2453.65
8 86 -2325.38
8 87 -2175.53
8 88 -2008.74
8 89 -1829.86
8 90 -1643.72
8 91 -1454.68
8 92 -1266.67
8 93 -1083.04
8 94 -906.004
8 95 -737.039
8 96 -576.567
8 97 -424.186
8 98 -278.619
8 99 -138.017
8 100 0

9 0 0
9 1 -164.548
9 2 -331.499
9 3 -502.925
9 4 -680.467
9 5 -864.936
9 6 -1056.34
9 7 -1253.58
9 8 -1454.68
9 9 -1656.55
9 10 -1855.35
9 11 -2046.59
9 12 -2225.36
9 13 -2386.52
9 14 -2525.18
9 15 -2636.77
9 16 -2717.4
9 17 -2764.03
9 18 -2774.63
9 19 -2748.22
9 20 -2684.93
9 21 -2585.96
9 22 -2453.48
9 23 -2290.41
9 24 -2100.44
9 25 -1887.59
9 26 -1656.3
9 27 -1411.02
9 28 -1156.2
9 29 -896.063
9 30 -634.554
9 31 -375.223
9 32 -121.206
9 33 124.84
9 34 360.687
9 35 584.59
9 36 795.166
9 37 991.462
9 38 1172.79
9 39 1338.79
9 40 1489.28
9 41 1624.31
9 42 1743.98
9 43 1848.59
9 44 1938.37
9 45 2013.68
9 46 2074.79
9 47 2122.01
9 48 2155.55
9 49 2175.61
9 50 2182.28
9 51 2175.61
9 52 2155.55
9 53 2122.01
9 54 2074.79
9 55 2013.68
9 56 1938.37
9 57 1848.59
9 58 1743.98
9 59 1624.31
9 60 1489.28
9 61 1338.79
9 62 1172.79
9 63 991.462
9 64 795.166
9 65 584.59
9 66 360.687
9 67 124.84
9 68 -121.206
9 69 -375.223
9 70 -634.554
9 71 -896.063
9 72 -1156.2
9 73 -1411.02
9 74 -1656.3
9 75 -1887.59
9 76 -2100.44
9 77 -2290.41
9 78 -2453.48
9 79 -2585.96
9 80 -2684.93
9 81 -2748.22
9 82 -2774.63
9 83 -2764.03
9 84 -2717.4
9 85 -2636.77
9 86 -2525.18
9 87 -2386.52
9 88 -2225.36
9 89 -2046.59
9 90 -1855.35
9 91 -1656.55
9 92 -1454.68
9 93 -1253.58
9 94 -1056.34
9 95 -864.936
9 96 -680.467
9 97 -502.925
9 98 -331.499
9 99 -164.548
9 100 0

10 0 0
10 1 -193.268
10 2 -388.491
10 3 -587.369
10 4 -790.96
10 5 -999.607
10 6 -1212.57
10 7 -1428.22
10 8 -1643.72
10 9 -1855.35
10 10 -2058.71
10 11 -2248.8
10 12 -2420.33
10 13 -2568.19
10 14 -2687.53
10 15 -2774.22
10 16 -2825.02
10 17 -2837.74
10 18 -2811.36
10 19 -2746.04
10 20 -2643.14
10 21 -2505.02
10 22 -2334.98
10 23 -2137.01
10 24 -1915.54
10 25 -1675.4
10 26 -1421.37
10 27 -1158.26
10 28 -890.533
10 29 -622.349
10 30 -357.373
10 31 -98.8036
10 32 150.716
10 33 389.027
10 34 614.5
10 35 825.913
10 36 1022.49
10 37 1203.76
10 38 1369.56
10 39 1519.94
10 40 1655.14
10 41 1775.5
10 42 1881.46
10 43 1973.48
10 44 2052.07
10 45 2117.66
10 46 2170.71
10 47 2211.55
10 48 2240.51
10 49 2257.79
10 50 2263.54
10 51 2257.79
10 52 2240.51
10 53 2211.55
10 54 2170.71
10 55 2117.66
10 56 2052.07
10 57 1973.48
10 58 1881.46
10 59 1775.5
10 60 1655.14
10 61 1519.94
10 62 1369.56
10 63 1203.76
10 64 1022.49
10 65 825.913
10 66 614.5
10 67 389.027
10 68 150.716
10 69 -98.8036
10 70 -357.373
10 71 -622.349
10 72 -890.533
10 73 -1158.26
10 74 -1421.37
10 75 -1675.4
10 76 -1915.54
10 77 -2137.01
10 78 -2334.98
10 79 -2505.02
10 80 -2643.14
10 81 -2746.04
10 82 -2811.36
10 83 -2837.74
10 84 -2825.02
10 85 -2774.22
10 86 -2687.53
10 87 -2568.19
10 88 -2420.33
10 89 -2248.8
10 90 -2058.71
10 91 -1855.35
10 92 -1643.72
10 93 -1428.22
10 94 -1212.57
10 95 -999.607
10 96 -790.96
10 97 -587.369
10 98 -388.491
10 99 -193.268
10 100 0

11 0 0
11 1 -223.823
11 2 -448.942
11 3 -676.389
11 4 -906.555
11 5 -1138.92
11 6 -1372.12
11 7 -1603.6
11 8 -1829.86
11 9 -2046.59
11 10 -2248.8
11 11 -2431.14
11 12 -2588.27
11 13 -2715.19
11 14 -2807.58
11 15 -2861.94
11 16 -2876.02
11 17 -2848.74
11 18 -2780.4
11 19 -2672.48
11 20 -2527.63
11 21 -2349.55
11 22 -2142.62
11 23 -1911.79
11 24 -1662.3
11 25 -1399.39
11 26 -1128.25
11 27 -853.623
11 28 -579.956
11 29 -311.005
11 30 -50.0714
11 31 200.27
11 32 437.927
11 33 661.45
11 34 869.815
11 35 1062.49
11 36 1239.26
11 37 1400.23
11 38 1545.73
11 39 1676.25
11 40 1792.39
11 41 1894.82
11 42 1984.23
11 43 2061.28
11 44 2126.64
11 45 2180.88
11 46 2224.52
11 47 2258
11 48 2281.66
11 49 2295.75
11 50 2300.44
11 51 2295.75
11 52 2281.66
11 53 2258
11 54 2224.52
11 55 2180.88
11 56 2126.64
11 57 2061.28
11 58 1984.23
11 59 1894.82
11 60 1792.39
11 61 1676.25
11 62 1545.73
11 63 1400.23
11 64 1239.26
11 65 1062.49
11 66 869.815
11 67 661.45
11 68 437.927
11 69 200.27
11 70 -50.0714
11 71 -311.005
11 72 -579.956
11 73 -853.623
11 74 -1128.25
11 75 -1399.39
11 76 -1662.3
11 77 -1911.79
11 78 -2142.62
11 79 -2349.55
11 80 -2527.63
11 81 -2672.48
11 82 -2780.4
11 83 -2848.74
11 84 -2876.02
11 85 -2861.94
11 86 -2807.58
11 87 -2715.19
11 88 -2588.27
11 89 -2431.14
11 90 -2248.8
11 91 -2046.59
11 92 -1829.86
11 93 -1603.6
11 94 -1372.12
11 95 -1138.92
11 96 -906.555
11 97 -676.389
11 98 -448.942
11 99 -223.823
11 100 0

12 0 0
12 1 -255.756
12 2 -511.901
12 3 -768.557
12 4 -1025.13
12 5 -1280.27
12 6 -1531.63
12 7 -1775.85
12 8 -2008.74
12 9 -2225.36
12 10 -2420.33
12 11 -2588.27
12 12 -2723.95
12 13 -2822.87
12 14 -2881.42
12 15 -2897.21
12 16 -2869.14
12 17 -2797.59
12 18 -2684.25
12 19 -2532.16
12 20 -2345.35
12 21 -2128.71
12 22 -1887.74
12 23 -1628.2
12 24 -1355.86
12 25 -1076.34
12 26 -794.784
12 27 -515.887
12 28 -243.631
12 29 18.6482
12 30 268.353
12 31 503.52
12 32 722.866
12 33 925.595
12 34 1111.46
12 35 1280.53
12 36 1433.25
12 37 1570.21
12 38 1692.26
12 39 1800.23
12 40 1895.1
12 41 1977.74
12 42 2049.1
12 43 2109.97
12 44 2161.16
12 45 2203.29
12 46 2236.99
12 47 2262.69
12 48 2280.79
12 49 2291.53
12 50 2295.11
12 51 2291.53
12 52 2280.79
12 53 2262.69
12 54 2236.99
12 55 2203.29
12 56 2161.16
12 57 2109.97
12 58 2049.1
12 59 1977.74
12 60 1895.1
12 61 1800.23
12 62 1692.26
12 63 1570.21
12 64 1433.25
12 65 1280.53
12 66 1111.46
12 67 925.595
12 68 722.866
12 69 503.52
12 70 268.353
12 71 18.6482
12 72 -243.631
12 73 -515.887
12 74 -794.784
12 75 -1076.34
12 76 -1355.86
12 77 -1628.2
12 78 -1887.74
12 79 -2128.71
12 80 -2345.35
12 81 -2532.16
12 82 -2684.25
12 83 -2797.59
12 84 -2869.14
12 85 -2897.21
12 86 -2881.42
12 87 -2822.87
12 88 -2723.95
12 89 -2588.27
12 90 -2420.33
12 91 -2225.36
12 92 -2008.74
12 93 -1775.85
12 94 -1531.63
12 95 -1280.27
12 96 -1025.13
12 97 -768.557
12 98 -511.901
12 99 -255.756
12 100 0

13 0 0
13 1 -288.464
13 2 -576.189
13 3 -861.995
13 4 -1144.26
13 5 -1420.52
13 6 -1687.35
13 7 -1940.67
13 8 -2175.53
13 9 -2386.52
13 10 -2568.19
13 11 -2715.19
13 12 -2822.87
13 13 -2887.46
13 14 -2906.49
13 15 -2878.84
13 16 -2804.96
13 17 -2686.78
13 18 -2527.65
13 19 -2332.06
13 20 -2105.45
13 21 -1853.87
13 22 -1583.69
13 23 -1301.28
13 24 -1012.79
13 25 -723.802
13 26 -439.374
13 27 -163.702
13 28 99.7371
13 29 348.344
13 30 580.241
13 31 794.312
13 32 990.011
13 33 1167.37
13 34 1326.78
13 35 1469.02
13 36 1595.03
13 37 1705.95
13 38 1802.94
13 39 1887.26
13 40 1960.03
13 41 2022.43
13 42 2075.46
13 43 2120.08
13 44 2157.09
13 45 2187.23
13 46 2211.08
13 47 2229.15
13 48 2241.78
13 49 2249.27
13 50 2251.73
13 51 2249.27
13 52 2241.78
13 53 2229.15
13 54 2211.08
13 55 2187.23
13 56 2157.09
13 57 2120.08
13 58 2075.46
13 59 2022.43
13 60 1960.03
13 61 1887.26
13 62 1802.94
13 63 1705.95
13 64 1595.03
13 65 1469.02
13 66 1326.78
13 67 1167.37
13 68 990.011
13 69 794.312
13 70 580.241
13 71 348.344
13 72 99.7371
13 73 -163.702
13 74 -439.374
13 75 -723.802
13 76 -1012.79
13 77 -1301.28
13 78 -1583.69
13 79 -1853.87
13 80 -2105.45
13 81 -2332.06
13 82 -2527.65
13 83 -2686.78
13 84 -2804.96
13 85 -2878.84
13 86 -2906.49
13 87 -2887.46
13 88 -2822.87
13 89 -2715.19
13 90 -2568.19
13 91 -2386.52
13 92 -2175.53
13 93 -1940.67
13 94 -1687.35
13 95 -1420.52
13 96 -1144.26
13 97 -861.995
13 98 -576.189
13 99 -288.464
13 100 0

14 0 0
14 1 -321.286
14 2 -640.346
14 3 -954.612
14 4 -1261.12
14 5 -1556.14
14 6 -1835.29
14 7 -2093.53
14 8 -2325.38
14 9 -2525.18
14 10 -2687.53
14 11 -2807.58
14 12 -2881.42
14 13 -2906.49
14 14 -2881.62
14 15 -2807.42
14 16 -2685.95
14 17 -2520.91
14 18 -2317.27
14 19 -2081.03
14 20 -1818.87
14 21 -1537.79
14 22 -1244.86
14 23 -946.777
14 24 -649.706
14 25 -359.113
14 26 -79.4608
14 27 185.547
14 28 433.309
14 29 661.966
14 30 870.579
14 31 1058.82
14 32 1227.02
14 33 1375.89
14 34 1506.54
14 35 1620.28
14 36 1718.57
14 37 1802.91
14 38 1874.8
14 39 1935.69
14 40 1986.93
14 41 2029.75
14 42 2065.27
14 43 2094.44
14 44 2118.14
14 45 2137.04
14 46 2151.76
14 47 2162.72
14 48 2170.32
14 49 2174.77
14 50 2176.25
14 51 2174.77
14 52 2170.32
14 53 2162.72
14 54 2151.76
14 55 2137.04
14 56 2118.14
14 57 2094.44
14 58 2065.27
14 59 2029.75
14 60 1986.93
14 61 1935.69
14 62 1874.8
14 63 1802.91
14 64 1718.57
14 65 1620.28
14 66 1506.54
14 67 1375.89
14 68 1227.02
14 69 1058.82
14 70 870.579
14 71 661.966
14 72 433.309
14 73 185.547
14 74 -79.4608
14 75 -359.113
14 76 -649.706
14 77 -946.777
14 78 -1244.86
14 79 -1537.79
14 80 -1818.87
14 81 -2081.03
14 82 -2317.27
14 83 -2520.91
14 84 -2685.95
14 85 -2807.42
14 86 -2881.62
14 87 -2906.49
14 88 -2881.42
14 89 -2807.58
14 90 -2687.53
14 91 -2525.18
14 92 -2325.38
14 93 -2093.53
14 94 -1835.29
14 95 -1556.14
14 96 -1261.12
14 97 -954.612
14 98 -640.346
14 99 -321.286
14 100 0

15 0 0
15 1 -353.372
15 2 -702.759
15 3 -1044.07
15 4 -1372.65
15 5 -1683.56
15 6 -1971.26
15 7 -2229.92
15 8 -2453.65
15 9 -2636.77
15 10 -2774.22
15 11 -2861.94
15 12 -2897.21
15 13 -2878.84
15 14 -2807.42
15 15 -2685.29
15 16 -2516.46
15 17 -2306.33
15 18 -2061.51
15 19 -1789.32
15 20 -1497.56
15 21 -1193.93
15 22 -885.822
15 23 -580.051
15 24 -282.499
15 25 1.90665
15 26 269.295
15 27 516.92
15 28 742.958
15 29 946.594
15 30 1127.7
15 31 1286.9
15 32 1425.2
15 33 1544.09
15 34 1645.19
15 35 1730.33
15 36 1801.31
15 37 1859.95
15 38 1907.91
15 39 1946.82
15 40 1978.07
15 41 2002.96
15 42 2022.57
15 43 2037.88
15 44 2049.68
15 45 2058.63
15 46 2065.26
15 47 2070.02
15 48 2073.19
15 49 2075.01
15 50 2075.6
15 51 2075.01
15 52 2073.19
15 53 2070.02
15 54 2065.26
15 55 2058.63
15 56 2049.68
15 57 2037.88
15 58 2022.57
15 59 2002.96
15 60 1978.07
15 61 1946.82
15 62 1907.91
15 63 1859.95
15 64 1801.31
15 65 1730.33
15 66 1645.19
15 67 1544.09
15 68 1425.2
15 69 1286.9
15 70 1127.7
15 71 946.594
15 72 742.958
15 73 516.92
15 74 269.295
15 75 1.90665
15 76 -282.499
15 77 -580.051
15 78 -885.822
15 79 -1193.93
15 80 -1497.56
15 81 -1789.32
15 82 -2061.51
15 83 -2306.33
15 84 -2516.46
15 85 -2685.29
15 86 -2807.42
15 87 -2878.84
15 88 -2897.21
15 89 -2861.94
15 90 -2774.22
15 91 -2636.77
15 92 -2453.65
15 93 -2229.92
15 94 -1971.26
15 95 -1683.56
15 96 -1372.65
15 97 -1044.07
15 98 -702.759
15 99 -353.372
15 100 0

16 0 0
16 1 -383.847
16 2 -761.834
16 3 -1127.85
16 4 -1475.77
16 5 -1799.04
16 6 -2091.15
16 7 -2345.55
16 8 -2556.1
16 9 -2717.4
16 10 -2825.02
16 11 -2876.02
16 12 -2869.14
16 13 -2804.96
16 14 -2685.95
16 15 -2516.46
16 16 -2302.33
16 17 -2050.79
16 18 -1769.86
16 19 -1468.08
16 20 -1153.94
16 21 -835.636
16 22 -520.615
16 23 -215.349
16 24 74.7479
16 25 345.526
16 26 594.049
16 27 818.471
16 28 1018.06
16 29 1192.88
16 30 1343.81
16 31 1472.17
16 32 1579.78
16 33 1668.61
16 34 1740.83
16 35 1798.55
16 36 1843.89
16 37 1878.77
16 38 1905.02
16 39 1924.23
16 40 1937.84
16 41 1947.06
16 42 1952.97
16 43 1956.41
16 44 1958.14
16 45 1958.71
16 46 1958.61
16 47 1958.18
16 48 1957.7
16 49 1957.34
16 50 1957.21
16 51 1957.34
16 52 1957.7
16 53 1958.18
16 54 1958.61
16 55 1958.71
16 56 1958.14
16 57 1956.41
16 58 1952.97
16 59 1947.06
16 60 1937.84
16 61 1924.23
16 62 1905.02
16 63 1878.77
16 64 1843.89
16 65 1798.55
16 66 1740.83
16 67 1668.61
16 68 1579.78
16 69 1472.17
16 70 1343.81
16 71 1192.88
16 72 1018.06
16 73 818.471
16 74 594.049
16 75 345.526
16 76 74.7479
16 77 -215.349
16 78 -520.615
16 79 -835.636
16 80 -1153.94
16 81 -1468.08
16 82 -1769.86
16 83 -2050.79
16 84 -2302.33
16 85 -2516.46
16 86 -2685.95
16 87 -2804.96
16 88 -2869.14
16 89 -2876.02
16 90 -2825.02
16 91 -2717.4
16 92 -2556.1
16 93 -2345.55
16 94 -2091.15
16 95 -1799.04
16 96 -1475.77
16 97 -1127.85
16 98 -761.834
16 99 -383.847
16 100 0

17 0 0
17 1 -411.915
17 2 -815.794
17 3 -1203.6
17 4 -1567.3
17 5 -1899.02
17 6 -2191.11
17 7 -2436.57
17 8 -2629.18
17 9 -2764.03
17 10 -2837.74
17 11 -2848.74
17 12 -2797.59
17 13 -2686.78
17 14 -2520.91
17 15 -2306.33
17 16 -2050.79
17 17 -1763.1
17 18 -1452.56
17 19 -1128.57
17 20 -800.163
17 21 -475.526
17 22 -161.873
17 23 134.891
17 24 410.194
17 25 660.851
17 26 884.925
17 27 1081.73
17 28 1251.48
17 29 1395.27
17 30 1514.75
17 31 1612.04
17 32 1689.48
17 33 1749.55
17 34 1794.69
17 35 1827.29
17 36 1849.53
17 37 1863.47
17 38 1870.84
17 39 1873.25
17 40 1871.99
17 41 1868.24
17 42 1862.88
17 43 1856.74
17 44 1850.36
17 45 1844.29
17 46 1838.85
17 47 1834.38
17 48 1831.03
17 49 1828.98
17 50 1828.27
17 51 1828.98
17 52 1831.03
17 53 1834.38
17 54 1838.85
17 55 1844.29
17 56 1850.36
17 57 1856.74
17 58 1862.88
17 59 1868.24
17 60 1871.99
17 61 1873.25
17 62 1870.84
17 63 1863.47
17 64 1849.53
17 65 1827.29
17 66 1794.69
17 67 1749.55
17 68 1689.48
17 69 1612.04
17 70 1514.75
17 71 1395.27
17 72 1251.48
17 73 1081.73
17 74 884.925
17 75 660.851
17 76 410.194
17 77 134.891
17 78 -161.873
17 79 -475.526
17 80 -800.163
17 81 -1128.57
17 82 -1452.56
17 83 -1763.1
17 84 -2050.79
17 85 -2306.33
17 86 -2520.91
17 87 -2686.78
17 88 -2797.59
17 89 -2848.74
17 90 -2837.74
17 91 -2764.03
17 92 -2629.18
17 93 -2436.57
17 94 -2191.11
17 95 -1899.02
17 96 -1567.3
17 97 -1203.6
17 98 -815.794
17 99 -411.915
17 100 0

18 0 0
18 1 -436.672
18 2 -863.008
18 3 -1268.89
18 4 -1644.39
18 5 -1980.2
18 6 -2267.79
18 7 -2499.71
18 8 -2670.06
18 9 -2774.63
18 10 -2811.36
18 11 -2780.4
18 12 -2684.25
18 13 -2527.65
18 14 -2317.27
18 15 -2061.51
18 16 -1769.86
18 17 -1452.56
18 18 -1119.9
18 19 -781.828
18 20 -447.488
18 21 -124.853
18 22 179.505
18 23 460.544
18 24 714.689
18 25 939.89
18 26 1135.4
18 27 1301.53
18 28 1439.63
18 29 1551.58
18 30 1639.85
18 31 1707.09
18 32 1756.14
18 33 1789.73
18 34 1810.55
18 35 1821.03
18 36 1823.41
18 37 1819.63
18 38 1811.38
18 39 1800.1
18 40 1786.98
18 41 1773
18 42 1758.96
18 43 1745.46
18 44 1733
18 45 1721.95
18 46 1712.6
18 47 1705.14
18 48 1699.72
18 49 1696.43
18 50 1695.33
18 51 1696.43
18 52 1699.72
18 53 1705.14
18 54 1712.6
18 55 1721.95
18 56 1733
18 57 1745.46
18 58 1758.96
18 59 1773
18 60 1786.98
18 61 1800.1
18 62 1811.38
18 63 1819.63
18 64 1823.41
18 65 1821.03
18 66 1810.55
18 67 1789.73
18 68 1756.14
18 69 1707.09
18 70 1639.85
18 71 1551.58
18 72 1439.63
18 73 1301.53
18 74 1135.4
18 75 939.89
18 76 714.689
18 77 460.544
18 78 179.505
18 79 -124.853
18 80 -447.488
18 81 -781.828
18 82 -1119.9
18 83 -1452.56
18 84 -1769.86
18 85 -2061.51
18 86 -2317.27
18 87 -2527.65
18 88 -2684.25
18 89 -2780.4
18 90 -2811.36
18 91 -2774.63
18 92 -2670.06
18 93 -2499.71
18 94 -2267.79
18 95 -1980.2
18 96 -1644.39
18 97 -1268.89
18 98 -863.008
18 99 -436.672
18 100 0

19 0 0
19 1 -457.324
19 2 -901.967
19 3 -1321.55
19 4 -1704.41
19 5 -2039.78
19 6 -2318.37
19 7 -2532.57
19 8 -2676.87
19 9 -2748.22
19 10 -2746.04
19 11 -2672.48
19 12 -2532.16
19 13 -2332.06
19 14 -2081.03
19 15 -1789.32
19 16 -1468.08
19 17 -1128.57
19 18 -781.828
19 19 -437.987
19 20 -105.95
19 21 206.899
19 22 494.877
19 23 753.981
19 24 981.912
19 25 1177.77
19 26 1341.97
19 27 1475.98
19 28 1581.96
19 29 1662.69
19 30 1721.14
19 31 1760.49
19 32 1783.78
19 33 1794
19 34 1793.81
19 35 1785.68
19 36 1771.68
19 37 1753.66
19 38 1733.11
19 39 1711.32
19 40 1689.25
19 41 1667.75
19 42 1647.41
19 43 1628.72
19 44 1612.01
19 45 1597.56
19 46 1585.54
19 47 1576.1
19 48 1569.29
19 49 1565.2
19 50 1563.83
19 51 1565.2
19 52 1569.29
19 53 1576.1
19 54 1585.54
19 55 1597.56
19 56 1612.01
19 57 1628.72
19 58 1647.41
19 59 1667.75
19 60 1689.25
19 61 1711.32
19 62 1733.11
19 63 1753.66
19 64 1771.68
19 65 1785.68
19 66 1793.81
19 67 1794
19 68 1783.78
19 69 1760.49
19 70 1721.14
19 71 1662.69
19 72 1581.96
19 73 1475.98
19 74 1341.97
19 75 1177.77
19 76 981.912
19 77 753.981
19 78 494.877
19 79 206.899
19 80 -105.95
19 81 -437.987
19 82 -781.828
19 83 -1128.57
19 84 -1468.08
19 85 -1789.32
19 86 -2081.03
19 87 -2332.06
19 88 -2532.16
19 89 -2672.48
19 90 -2746.04
19 91 -2748.22
19 92 -2676.87
19 93 -2532.57
19 94 -2318.37
19 95 -2039.78
19 96 -1704.41
19 97 -1321.55
19 98 -901.967
19 99 -457.324
19 100 0

20 0 0
20 1 -473.157
20 2 -931.245
20 3 -1359.77
20 4 -1745.17
20 5 -2075.51
20 6 -2340.78
20 7 -2533.49
20 8 -2648.79
20 9 -2684.93
20 10 -2643.14
20 11 -2527.63
20 12 -2345.35
20 13 -2105.45
20 14 -1818.87
20 15 -1497.56
20 16 -1153.94
20 17 -800.163
20 18 -447.488
20 19 -105.95
20 20 216.14
20 21 512.252
20 22 777.852
20 23 1010.2
20 24 1208.21
20 25 1372.31
20 26 1504.01
20 27 1605.75
20 28 1680.54
20 29 1731.73
20 30 1762.81
20 31 1777.16
20 32 1778.05
20 33 1768.39
20 34 1750.87
20 35 1727.72
20 36 1700.93
20 37 1672.04
20 38 1642.42
20 39 1613.04
20 40 1584.77
20 41 1558.15
20 42 1533.7
20 43 1511.67
20 44 1492.35
20 45 1475.83
20 46 1462.26
20 47 1451.65
20 48 1444.07
20 49 1439.51
20 50 1438
20 51 1439.51
20 52 1444.07
20 53 1451.65
20 54 1462.26
20 55 1475.83
20 56 1492.35
20 57 1511.67
20 58 1533.7
20 59 1558.15
20 60 1584.77
20 61 1613.04
20 62 1642.42
20 63 1672.04
20 64 1700.93
20 65 1727.72
20 66 1750.87
20 67 1768.39
20 68 1778.05
20 69 1777.16
20 70 1762.81
20 71 1731.73
20 72 1680.54
20 73 1605.75
20 74 1504.01
20 75 1372.31
20 76 1208.21
20 77 1010.2
20 78 777.852
20 79 512.252
20 80 216.14
20 81 -105.95
20 82 -447.488
20 83 -800.163
20 84 -1153.94
20 85 -1497.56
20 86 -1818.87
20 87 -2105.45
20 88 -2345.35
20 89 -2527.63
20 90 -2643.14
20 91 -2684.93
20 92 -2648.79
20 93 -2533.49
20 94 -2340.78
20 95 -2075.51
20 96 -1745.17
20 97 -1359.77
20 98 -931.245
20 99 -473.157
20 100 0

21 0 0
21 1 -483.581
21 2 -949.788
21 3 -1382
21 4 -1765.02
21 5 -2085.73
21 6 -2333.77
21 7 -2501.77
21 8 -2585.95
21 9 -2585.96
21 10 -2505.02
21 11 -2349.55
21 12 -2128.71
21 13 -1853.87
21 14 -1537.79
21 15 -1193.93
21 16 -835.636
21 17 -475.526
21 18 -124.853
21 19 206.899
21 20 512.252
21 21 785.854
21 22 1024.39
21 23 1226.51
21 24 1392.45
21 25 1523.79
21 26 1623.13
21 27 1693.74
21 28 1739.28
21 29 1763.58
21 30 1770.37
21 31 1763.2
21 32 1745.29
21 33 1719.49
21 34 1688.27
21 35 1653.69
21 36 1617.44
21 37 1580.87
21 38 1545.03
21 39 1510.75
21 40 1478.58
21 41 1448.97
21 42 1422.18
21 43 1398.43
21 44 1377.78
21 45 1360.33
21 46 1346.05
21 47 1334.98
21 48 1327.08
21 49 1322.36
21 50 1320.77
21 51 1322.36
21 52 1327.08
21 53 1334.98
21 54 1346.05
21 55 1360.33
21 56 1377.78
21 57 1398.43
21 58 1422.18
21 59 1448.97
21 60 1478.58
21 61 1510.75
21 62 1545.03
21 63 1580.87
21 64 1617.44
21 65 1653.69
21 66 1688.27
21 67 1719.49
21 68 1745.29
21 69 1763.2
21 70 1770.37
21 71 1763.58
21 72 1739.28
21 73 1693.74
21 74 1623.13
21 75 1523.79
21 76 1392.45
21 77 1226.51
21 78 1024.39
21 79 785.854
21 80 512.252
21 81 206.899
21 82 -124.853
21 83 -475.526
21 84 -835.636
21 85 -1193.93
21 86 -1537.79
21 87 -1853.87
21 88 -2128.71
21 89 -2349.55
21 90 -2505.02
21 91 -2585.96
21 92 -2585.95
21 93 -2501.77
21 94 -2333.77
21 95 -2085.73
21 96 -1765.02
21 97 -1382
21 98 -949.788
21 99 -483.581
21 100 0

22 0 0
22 1 -488.159
22 2 -956.761
22 3 -1387.23
22 4 -1762.85
22 5 -2069.61
22 6 -2296.82
22 7 -2437.7
22 8 -2489.45
22 9 -2453.48
22 10 -2334.98
22 11 -2142.62
22 12 -1887.74
22 13 -1583.69
22 14 -1244.86
22 15 -885.822
22 16 -520.615
22 17 -161.873
22 18 179.505
22 19 494.877
22 20 777.852
22 21 1024.39
22 22 1232.61
22 23 1402.48
22 24 1535.51
22 25 1634.43
22 26 1702.69
22 27 1744.27
22 28 1763.34
22 29 1763.96
22 30 1750.02
22 31 1725
22 32 1692.03
22 33 1653.73
22 34 1612.31
22 35 1569.57
22 36 1526.91
22 37 1485.41
22 38 1445.87
22 39 1408.85
22 40 1374.76
22 41 1343.82
22 42 1316.19
22 43 1291.91
22 44 1271
22 45 1253.41
22 46 1239.13
22 47 1228.08
22 48 1220.24
22 49 1215.53
22 50 1213.98
22 51 1215.53
22 52 1220.24
22 53 1228.08
22 54 1239.13
22 55 1253.41
22 56 1271
22 57 1291.91
22 58 1316.19
22 59 1343.82
22 60 1374.76
22 61 1408.85
22 62 1445.87
22 63 1485.41
22 64 1526.91
22 65 1569.57
22 66 1612.31
22 67 1653.73
22 68 1692.03
22 69 1725
22 70 1750.02
22 71 1763.96
22 72 1763.34
22 73 1744.27
22 74 1702.69
22 75 1634.43
22 76 1535.51
22 77 1402.48
22 78 1232.61
22 79 1024.39
22 80 777.852
22 81 494.877
22 82 179.505
22 83 -161.873
22 84 -520.615
22 85 -885.822
22 86 -1244.86
22 87 -1583.69
22 88 -1887.74
22 89 -2142.62
22 90 -2334.98
22 91 -2453.48
22 92 -2489.45
22 93 -2437.7
22 94 -2296.82
22 95 -2069.61
22 96 -1762.85
22 97 -1387.23
22 98 -956.761
22 99 -488.159
22 100 0

23 0 0
23 1 -486.6
23 2 -951.676
23 3 -1374.89
23 4 -1738.22
23 5 -2026.95
23 6 -2230.36
23 7 -2342.29
23 8 -2361.29
23 9 -2290.41
23 10 -2137.01
23 11 -1911.79
23 12 -1628.2
23 13 -1301.28
23 14 -946.777
23 15 -580.051
23 16 -215.349
23 17 134.891
23 18 460.544
23 19 753.981
23 20 1010.2
23 21 1226.51
23 22 1402.48
23 23 1539.39
23 24 1639.97
23 25 1707.83
23 26 1747.25
23 27 1762.67
23 28 1758.53
23 29 1739.06
23 30 1708.04
23 31 1668.89
23 32 1624.41
23 33 1577.01
23 34 1528.55
23 35 1480.54
23 36 1434.06
23 37 1389.94
23 38 1348.72
23 39 1310.75
23 40 1276.24
23 41 1245.28
23 42 1217.88
23 43 1193.98
23 44 1173.54
23 45 1156.44
23 46 1142.61
23 47 1131.95
23 48 1124.39
23 49 1119.88
23 50 1118.38
23 51 1119.88
23 52 1124.39
23 53 1131.95
23 54 1142.61
23 55 1156.44
23 56 1173.54
23 57 1193.98
23 58 1217.88
23 59 1245.28
23 60 1276.24
23 61 1310.75
23 62 1348.72
23 63 1389.94
23 64 1434.06
23 65 1480.54
23 66 1528.55
23 67 1577.01
23 68 1624.41
23 69 1668.89
23 70 1708.04
23 71 1739.06
23 72 1758.53
23 73 1762.67
23 74 1747.25
23 75 1707.83
23 76 1639.97
23 77 1539.39
23 78 1402.48
23 79 1226.51
23 80 1010.2
23 81 753.981
23 82 460.544
23 83 134.891
23 84 -215.349
23 85 -580.051
23 86 -946.777
23 87 -1301.28
23 88 -1628.2
23 89 -1911.79
23 90 -2137.01
23 91 -2290.41
23 92 -2361.29
23 93 -2342.29
23 94 -2230.36
23 95 -2026.95
23 96 -1738.22
23 97 -1374.89
23 98 -951.676
23 99 -486.6
23 100 0

24 0 0
24 1 -478.819
24 2 -934.393
24 3 -1344.9
24 4 -1691.27
24 5 -1958.32
24 6 -2135.5
24 7 -2217.5
24 8 -2204.17
24 9 -2100.44
24 10 -1915.54
24 11 -1662.3
24 12 -1355.86
24 13 -1012.79
24 14 -649.706
24 15 -282.499
24 16 74.7479
24 17 410.194
24 18 714.689
24 19 981.912
24 20 1208.21
24 21 1392.45
24 22 1535.51
24 23 1639.97
24 24 1709.51
24 25 1748.63
24 26 1762.04
24 27 1754.6
24 28 1730.82
24 29 1694.88
24 30 1650.45
24 31 1600.61
24 32 1547.92
24 33 1494.41
24 34 1441.64
24 35 1390.76
24 36 1342.6
24 37 1297.68
24 38 1256.36
24 39 1218.75
24 40 1184.95
24 41 1154.88
24 42 1128.48
24 43 1105.6
24 44 1086.13
24 45 1069.9
24 46 1056.83
24 47 1046.77
24 48 1039.66
24 49 1035.42
24 50 1034.01
24 51 1035.42
24 52 1039.66
24 53 1046.77
24 54 1056.83
24 55 1069.9
24 56 1086.13
24 57 1105.6
24 58 1128.48
24 59 1154.88
24 60 1184.95
24 61 1218.75
24 62 1256.36
24 63 1297.68
24 64 1342.6
24 65 1390.76
24 66 1441.64
24 67 1494.41
24 68 1547.92
24 69 1600.61
24 70 1650.45
24 71 1694.88
24 72 1730.82
24 73 1754.6
24 74 1762.04
24 75 1748.63
24 76 1709.51
24 77 1639.97
24 78 1535.51
24 79 1392.45
24 80 1208.21
24 81 981.912
24 82 714.689
24 83 410.194
24 84 74.7479
24 85 -282.499
24 86 -649.706
24 87 -1012.79
24 88 -1355.86
24 89 -1662.3
24 90 -1915.54
24 91 -2100.44
24 92 -2204.17
24 93 -2217.5
24 94 -2135.5
24 95 -1958.32
24 96 -1691.27
24 97 -1344.9
24 98 -934.393
24 99 -478.819
24 100 0

25 0 0
25 1 -464.853
25 2 -905.074
25 3 -1297.65
25 4 -1622.76
25 5 -1864.97
25 6 -2014.13
25 7 -2065.85
25 8 -2021.47
25 9 -1887.59
25 10 -1675.4
25 11 -1399.39
25 12 -1076.34
25 13 -723.802
25 14 -359.113
25 15 1.90665
25 16 345.526
25 17 660.851
25 18 939.89
25 19 1177.77
25 20 1372.31
25 21 1523.79
25 22 1634.43
25 23 1707.83
25 24 1748.63
25 25 1761.79
25 26 1752.54
25 27 1725.7
25 28 1685.89
25 29 1637.04
25 30 1582.55
25 31 1525.19
25 32 1467.14
25 33 1410.09
25 34 1355.23
25 35 1303.43
25 36 1255.21
25 37 1210.89
25 38 1170.58
25 39 1134.3
25 40 1101.93
25 41 1073.38
25 42 1048.44
25 43 1026.96
25 44 1008.73
25 45 993.621
25 46 981.455
25 47 972.137
25 48 965.541
25 49 961.622
25 50 960.312
25 51 961.622
25 52 965.541
25 53 972.137
25 54 981.455
25 55 993.621
25 56 1008.73
25 57 1026.96
25 58 1048.44
25 59 1073.38
25 60 1101.93
25 61 1134.3
25 62 1170.58
25 63 1210.89
25 64 1255.21
25 65 1303.43
25 66 1355.23
25 67 1410.09
25 68 1467.14
25 69 1525.19
25 70 1582.55
25 71 1637.04
25 72 1685.89
25 73 1725.7
25 74 1752.54
25 75 1761.79
25 76 1748.63
25 77 1707.83
25 78 1634.43
25 79 1523.79
25 80 1372.31
25 81 1177.77
25 82 939.89
25 83 660.851
25 84 345.526
25 85 1.90665
25 86 -359.113
25 87 -723.802
25 88 -1076.34
25 89 -1399.39
25 90 -1675.4
25 91 -1887.59
25 92 -2021.47
25 93 -2065.85
25 94 -2014.13
25 95 -1864.97
25 96 -1622.76
25 97 -1297.65
25 98 -905.074
25 99 -464.853
25 100 0

26 0 0
26 1 -444.958
26 2 -864.239
26 3 -1234
26 4 -1533.95
26 5 -1748.71
26 6 -1868.67
26 7 -1890.5
26 8 -1816.95
26 9 -1656.3
26 10 -1421.37
26 11 -1128.25
26 12 -794.784
26 13 -439.374
26 14 -79.4608
26 15 269.295
26 16 594.049
26 17 884.925
26 18 1135.4
26 19 1341.97
26 20 1504.01
26 21 1623.13
26 22 1702.69
26 23 1747.25
26 24 1762.04
26 25 1752.54
26 26 1723.97
26 27 1681.34
26 28 1628.9
26 29 1570.42
26 30 1508.89
26 31 1446.73
26 32 1385.71
26 33 1327.19
26 34 1272
26 35 1220.74
26 36 1173.67
26 37 1130.9
26 38 1092.39
26 39 1058
26 40 1027.56
26 41 1000.85
26 42 977.649
26 43 957.729
26 44 940.907
26 45 926.976
26 46 915.808
26 47 907.242
26 48 901.211
26 49 897.607
26 50 896.423
26 51 897.607
26 52 901.211
26 53 907.242
26 54 915.808
26 55 926.976
26 56 940.907
26 57 957.729
26 58 977.649
26 59 1000.85
26 60 1027.56
26 61 1058
26 62 1092.39
26 63 1130.9
26 64 1173.67
26 65 1220.74
26 66 1272
26 67 1327.19
26 68 1385.71
26 69 1446.73
26 70 1508.89
26 71 1570.42
26 72 1628.9
26 73 1681.34
26 74 1723.97
26 75 1752.54
26 76 1762.04
26 77 1747.25
26 78 1702.69
26 79 1623.13
26 80 1504.01
26 81 1341.97
26 82 1135.4
26 83 884.925
26 84 594.049
26 85 269.295
26 86 -79.4608
26 87 -439.374
26 88 -794.784
26 89 -1128.25
26 90 -1421.37
26 91 -1656.3
26 92 -1816.95
26 93 -1890.5
26 94 -1868.67
26 95 -1748.71
26 96 -1533.95
26 97 -1234
26 98 -864.239
26 99 -444.958
26 100 0

27 0 0
27 1 -419.489
27 2 -812.656
27 3 -1155.17
27 4 -1426.63
27 5 -1611.88
27 6 -1702.07
27 7 -1694.94
27 8 -1594.68
27 9 -1411.02
27 10 -1158.26
27 11 -853.623
27 12 -515.887
27 13 -163.702
27 14 185.547
27 15 516.92
27 16 818.471
27 17 1081.73
27 18 1301.53
27 19 1475.98
27 20 1605.75
27 21 1693.74
27 22 1744.27
27 23 1762.67
27 24 1754.6
27 25 1725.7
27 26 1681.34
27 27 1626.17
27 28 1564.33
27 29 1499.09
27 30 1433.13
27 31 1368.41
27 32 1306.39
27 33 1247.97
27 34 1193.79
27 35 1144.1
27 36 1099
27 37 1058.39
27 38 1022.14
27 39 989.979
27 40 961.684
27 41 936.962
27 42 915.582
27 43 897.281
27 44 881.866
27 45 869.129
27 46 858.93
27 47 851.123
27 48 845.624
27 49 842.347
27 50 841.264
27 51 842.347
27 52 845.624
27 53 851.123
27 54 858.93
27 55 869.129
27 56 881.866
27 57 897.281
27 58 915.582
27 59 936.962
27 60 961.684
27 61 989.979
27 62 1022.14
27 63 1058.39
27 64 1099
27 65 1144.1
27 66 1193.79
27 67 1247.97
27 68 1306.39
27 69 1368.41
27 70 1433.13
27 71 1499.09
27 72 1564.33
27 73 1626.17
27 74 1681.34
27 75 1725.7
27 76 1754.6
27 77 1762.67
27 78 1744.27
27 79 1693.74
27 80 1605.75
27 81 1475.98
27 82 1301.53
27 83 1081.73
27 84 818.471
27 85 516.92
27 86 185.547
27 87 -163.702
27 88 -515.887
27 89 -853.623
27 90 -1158.26
27 91 -1411.02
27 92 -1594.68
27 93 -1694.94
27 94 -1702.07
27 95 -1611.88
27 96 -1426.63
27 97 -1155.17
27 98 -812.656
27 99 -419.489
27 100 0

28 0 0
28 1 -388.971
28 2 -751.365
28 3 -1062.77
28 4 -1302.91
28 5 -1457.2
28 6 -1517.58
28 7 -1482.98
28 8 -1358.81
28 9 -1156.2
28 10 -890.533
28 11 -579.956
28 12 -243.631
28 13 99.7371
28 14 433.309
28 15 742.958
28 16 1018.06
28 17 1251.48
28 18 1439.63
28 19 1581.96
28 20 1680.54
28 21 1739.28
28 22 1763.34
28 23 1758.53
28 24 1730.82
28 25 1685.89
28 26 1628.9
28 27 1564.33
28 28 1495.83
28 29 1426.35
28 30 1358.09
28 31 1292.63
28 32 1231.03
28 33 1173.95
28 34 1121.64
28 35 1074.23
28 36 1031.57
28 37 993.496
28 38 959.686
28 39 929.905
28 40 903.779
28 41 881.079
28 42 861.466
28 43 844.756
28 44 830.672
28 45 819.085
28 46 809.785
28 47 802.702
28 48 797.688
28 49 794.726
28 50 793.726
28 51 794.726
28 52 797.688
28 53 802.702
28 54 809.785
28 55 819.085
28 56 830.672
28 57 844.756
28 58 861.466
28 59 881.079
28 60 903.779
28 61 929.905
28 62 959.686
28 63 993.496
28 64 1031.57
28 65 1074.23
28 66 1121.64
28 67 1173.95
28 68 1231.03
28 69 1292.63
28 70 1358.09
28 71 1426.35
28 72 1495.83
28 73 1564.33
28 74 1628.9
28 75 1685.89
28 76 1730.82
28 77 1758.53
28 78 1763.34
28 79 1739.28
28 80 1680.54
28 81 1581.96
28 82 1439.63
28 83 1251.48
28 84 1018.06
28 85 742.958
28 86 433.309
28 87 99.7371
28 88 -243.631
28 89 -579.956
28 90 -890.533
28 91 -1156.2
28 92 -1358.81
28 93 -1482.98
28 94 -1517.58
28 95 -1457.2
28 96 -1302.91
28 97 -1062.77
28 98 -751.365
28 99 -388.971
28 100 0

29 0 0
29 1 -354.009
29 2 -681.595
29 3 -958.606
29 4 -1165.26
29 5 -1287.65
29 6 -1318.72
