0 0 0
0 1 0
0 2 0
0 3 0
0 4 0
0 5 0
0 6 0
0 7 0
0 8 0
0 9 0
0 10 0
0 11 0
0 12 0
0 13 0
0 14 0
0 15 0
0 16 0
0 17 0
0 18 0
0 19 0
0 20 0
0 21 0
0 22 0
0 23 0
0 24 0
0 25 0
0 26 0
0 27 0
0 28 0
0 29 0
0 30 0
0 31 0
0 32 0
0 33 0
0 34 0
0 35 0
0 36 0
0 37 0
0 38 0
0 39 0
0 40 0
0 41 0
0 42 0
0 43 0
0 44 0
0 45 0
0 46 0
0 47 0
0 48 0
0 49 0
0 50 0
0 51 0
0 52 0
0 53 0
0 54 0
0 55 0
0 56 0
0 57 0
0 58 0
0 59 0
0 60 0
0 61 0
0 62 0
0 63 0
0 64 0
0 65 0
0 66 0
0 67 0
0 68 0
0 69 0
0 70 0
0 71 0
0 72 0
0 73 0
0 74 0
0 75 0
0 76 0
0 77 0
0 78 0
0 79 0
0 80 0
0 81 0
0 82 0
0 83 0
0 84 0
0 85 0
0 86 0
0 87 0
0 88 0
0 89 0
0 90 0
0 91 0
0 92 0
0 93 0
0 94 0
0 95 0
0 96 0
0 97 0
0 98 0
0 99 0
0 100 0

1 0 0
1 1 149.379
1 2 293.515
1 3 427.467
1 4 546.817
1 5 647.943
1 6 728.161
1 7 785.829
1 8 820.392
1 9 832.336
1 10 823.082
1 11 794.842
1 12 750.434
1 13 693.044
1 14 626.04
1 15 552.776
1 16 476.354
1 17 399.593
1 18 324.84
1 19 253.968
1 20 188.37
1 21 128.952
1 22 76.1864
1 23 30.1862
1 24 -9.1995
1 25 -42.3645
1 26 -69.8276
1 27 -92.1867
1 28 -110.094
1 29 -124.177
1 30 -135.03
1 31 -143.182
1 32 -149.149
1 33 -153.346
1 34 -156.128
1 35 -157.791
1 36 -158.611
1 37 -158.796
1 38 -158.501
1 39 -157.884
1 40 -157.05
1 41 -156.077
1 42 -155.07
1 43 -154.067
1 44 -153.119
1 45 -152.267
1 46 -151.53
1 47 -150.94
1 48 -150.503
1 49 -150.241
1 50 -150.15
1 51 -150.241
1 52 -150.503
1 53 -150.94
1 54 -151.53
1 55 -152.267
1 56 -153.119
1 57 -154.067
1 58 -155.07
1 59 -156.077
1 60 -157.05
1 61 -157.884
1 62 -158.501
1 63 -158.796
1 64 -158.611
1 65 -157.791
1 66 -156.128
1 67 -153.346
1 68 -149.149
1 69 -143.182
1 70 -135.03
1 71 -124.177
1 72 -110.094
1 73 -92.1867
1 74 -69.8276
1 75 -42.3645
1 76 -9.1995
1 77 30.1862
1 78 76.1864
1 79 128.952
1 80 188.37
1 81 253.968
1 82 324.84
1 83 399.593
1 84 476.354
1 85 552.776
1 86 626.04
1 87 693.044
1 88 750.434
1 89 794.842
1 90 823.082
1 91 832.336
1 92 820.392
1 93 785.829
1 94 728.161
1 95 647.943
1 96 546.817
1 97 427.467
1 98 293.515
1 99 149.379
1 100 0

2 0 0
2 1 293.515
2 2 576.842
2 3 840.366
2 4 1075.49
2 5 1275.14
2 6 1434.04
2 7 1548.93
2 8 1618.68
2 9 1644.14
2 10 1628.02
2 11 1574.56
2 12 1489.19
2 13 1378.09
2 14 1247.79
2 15 1104.81
2 16 955.246
2 17 804.629
2 18 657.611
2 19 517.89
2 20 388.253
2 21 270.513
2 22 165.686
2 23 74.0426
2 24 -4.65565
2 25 -71.1671
2 26 -126.47
2 27 -171.718
2 28 -208.138
2 29 -236.972
2 30 -259.394
2 31 -276.446
2 32 -289.101
2 33 -298.179
2 34 -304.425
2 35 -308.404
2 36 -310.637
2 37 -311.533
2 38 -311.483
2 39 -310.696
2 40 -309.423
2 41 -307.878
2 42 -306.164
2 43 -304.446
2 44 -302.791
2 45 -301.282
2 46 -299.973
2 47 -298.915
2 48 -298.131
2 49 -297.658
2 50 -297.494
2 51 -297.658
2 52 -298.131
2 53 -298.915
2 54 -299.973
2 55 -301.282
2 56 -302.791
2 57 -304.446
2 58 -306.164
2 59 -307.878
2 60 -309.423
2 61 -310.696
2 62 -311.483
2 63 -311.533
2 64 -310.637
2 65 -308.404
2 66 -304.425
2 67 -298.179
2 68 -289.101
2 69 -276.446
2 70 -259.394
2 71 -236.972
2 72 -208.138
2 73 -171.718
2 74 -126.47
2 75 -71.1671
2 76 -4.65565
2 77 74.0426
2 78 165.686
2 79 270.513
2 80 388.253
2 81 517.89
2 82 657.611
2 83 804.629
2 84 955.246
2 85 1104.81
2 86 1247.79
2 87 1378.09
2 88 1489.19
2 89 1574.56
2 90 1628.02
2 91 1644.14
2 92 1618.68
2 93 1548.93
2 94 1434.04
2 95 1275.14
2 96 1075.49
2 97 840.366
2 98 576.842
2 99 293.515
2 100 0

3 0 0
3 1 427.467
3 2 840.366
3 3 1224.92
3 4 1568.81
3 5 1861.83
3 6 2096.34
3 7 2267.52
3 8 2373.58
3 9 2415.57
3 10 2397.16
3 11 2324.29
3 12 2204.59
3 13 2046.85
3 14 1860.39
3 15 1654.62
3 16 1438.34
3 17 1219.59
3 18 1005.18
3 19 800.609
3 20 610.034
3 21 436.261
3 22 280.864
3 23 144.394
3 24 26.5705
3 25 -73.5421
3 26 -157.311
3 27 -226.344
3 28 -282.42
3 29 -327.282
3 30 -362.604
3 31 -389.906
3 32 -410.618
3 33 -425.948
3 34 -436.924
3 35 -444.422
3 36 -449.216
3 37 -451.935
3 38 -453.037
3 39 -452.989
3 40 -452.111
3 41 -450.651
3 42 -448.903
3 43 -446.999
3 44 -445.103
3 45 -443.333
3 46 -441.762
3 47 -440.48
3 48 -439.523
3 49 -438.939
3 50 -438.739
3 51 -438.939
3 52 -439.523
3 53 -440.48
3 54 -441.762
3 55 -443.333
3 56 -445.103
3 57 -446.999
3 58 -448.903
3 59 -450.651
3 60 -452.111
3 61 -452.989
3 62 -453.037
3 63 -451.935
3 64 -449.216
3 65 -444.422
3 66 -436.924
3 67 -425.948
3 68 -410.618
3 69 -389.906
3 70 -362.604
3 71 -327.282
3 72 -282.42
3 73 -226.344
3 74 -157.311
3 75 -73.5421
3 76 26.5705
3 77 144.394
3 78 280.864
3 79 436.261
3 80 610.034
3 81 800.609
3 82 1005.18
3 83 1219.59
3 84 1438.34
3 85 1654.62
3 86 1860.39
3 87 2046.85
3 88 2204.59
3 89 2324.29
3 90 2397.16
3 91 2415.57
3 92 2373.58
3 93 2267.52
3 94 2096.34
3 95 1861.83
3 96 1568.81
3 97 1224.92
3 98 840.366
3 99 427.467
3 100 0

4 0 0
4 1 546.817
4 2 1075.49
4 3 1568.81
4 4 2011.37
4 5 2390.3
4 6 2695.86
4 7 2921.8
4 8 3065.56
4 9 3128.11
4 10 3113.75
4 11 3029.57
4 12 2884.89
4 13 2690.53
4 14 2458.14
4 15 2199.45
4 16 1925.69
4 17 1647.07
4 18 1372.42
4 19 1108.92
4 20 862.091
4 21 635.728
4 22 432.13
4 23 252.214
4 24 95.8466
4 25 -38.007
4 26 -150.923
4 27 -244.88
4 28 -322.013
4 29 -384.519
4 30 -434.499
4 31 -473.91
4 32 -504.524
4 33 -527.888
4 34 -545.368
4 35 -558.091
4 36 -567.042
4 37 -573.003
4 38 -576.703
4 39 -578.622
4 40 -579.232
4 41 -578.949
4 42 -578.01
4 43 -576.729
4 44 -575.264
4 45 -573.786
4 46 -572.421
4 47 -571.262
4 48 -570.383
4 49 -569.838
4 50 -569.651
4 51 -569.838
4 52 -570.383
4 53 -571.262
4 54 -572.421
4 55 -573.786
4 56 -575.264
4 57 -576.729
4 58 -578.01
4 59 -578.949
4 60 -579.232
4 61 -578.622
4 62 -576.703
4 63 -573.003
4 64 -567.042
4 65 -558.091
4 66 -545.368
4 67 -527.888
4 68 -504.524
4 69 -473.91
4 70 -434.499
4 71 -384.519
4 72 -322.013
4 73 -244.88
4 74 -150.923
4 75 -38.007
4 76 95.8466
4 77 252.214
4 78 432.13
4 79 635.728
4 80 862.091
4 81 1108.92
4 82 1372.42
4 83 1647.07
4 84 1925.69
4 85 2199.45
4 86 2458.14
4 87 2690.53
4 88 2884.89
4 89 3029.57
4 90 3113.75
4 91 3128.11
4 92 3065.56
4 93 2921.8
4 94 2695.86
4 95 2390.3
4 96 2011.37
4 97 1568.81
4 98 1075.49
4 99 546.817
4 100 0

5 0 0
5 1 647.943
5 2 1275.14
5 3 1861.83
5 4 2390.3
5 5 2845.59
5 6 3216.23
5 7 3494.68
5 8 3677.48
5 9 3765.28
5 10 3762.47
5 11 3676.75
5 12 3518.45
5 13 3299.8
5 14 3034.06
5 15 2734.81
5 16 2415.15
5 17 2087.18
5 18 1761.43
5 19 1446.71
5 20 1149.8
5 21 875.609
5 22 627.176
5 23 406.004
5 24 212.188
5 25 44.8545
5 26 -97.686
5 27 -217.564
5 28 -317.205
5 29 -399.088
5 30 -465.663
5 31 -519.221
5 32 -561.828
5 33 -595.349
5 34 -621.373
5 35 -641.306
5 36 -656.279
5 37 -667.326
5 38 -675.202
5 39 -680.634
5 40 -684.167
5 41 -686.233
5 42 -687.284
5 43 -687.565
5 44 -687.378
5 45 -686.903
5 46 -686.308
5 47 -685.72
5 48 -685.236
5 49 -684.916
5 50 -684.809
5 51 -684.916
5 52 -685.236
5 53 -685.72
5 54 -686.308
5 55 -686.903
5 56 -687.378
5 57 -687.565
5 58 -687.284
5 59 -686.233
5 60 -684.167
5 61 -680.634
5 62 -675.202
5 63 -667.326
5 64 -656.279
5 65 -641.306
5 66 -621.373
5 67 -595.349
5 68 -561.828
5 69 -519.221
5 70 -465.663
5 71 -399.088
5 72 -317.205
5 73 -217.564
5 74 -97.686
5 75 44.8545
5 76 212.188
5 77 406.004
5 78 627.176
5 79 875.609
5 80 1149.8
5 81 1446.71
5 82 1761.43
5 83 2087.18
5 84 2415.15
5 85 2734.81
5 86 3034.06
5 87 3299.8
5 88 3518.45
5 89 3676.75
5 90 3762.47
5 91 3765.28
5 92 3677.48
5 93 3494.68
5 94 3216.23
5 95 2845.59
5 96 2390.3
5 97 1861.83
5 98 1275.14
5 99 647.943
5 100 0

6 0 0
6 1 728.161
6 2 1434.04
6 3 2096.34
6 4 2695.86
6 5 3216.23
6 6 3644.68
6 7 3972.52
6 8 4195.36
6 9 4313.14
6 10 4329.91
6 11 4253.32
6 12 4094
6 13 3864.81
6 14 3579.99
6 15 3254.25
6 16 2902.11
6 17 2537.03
6 18 2171.08
6 19 1814.39
6 20 1475.05
6 21 1159.03
6 22 870.295
6 23 610.964
6 24 381.641
6 25 181.702
6 26 9.62401
6 27 -136.801
6 28 -260.066
6 29 -362.863
6 30 -447.818
6 31 -517.489
6 32 -574.176
6 33 -619.964
6 34 -656.667
6 35 -685.853
6 36 -708.895
6 37 -726.868
6 38 -740.766
6 39 -751.358
6 40 -759.308
6 41 -765.186
6 42 -769.402
6 43 -772.388
6 44 -774.413
6 45 -775.741
6 46 -776.58
6 47 -777.066
6 48 -777.34
6 49 -777.465
6 50 -777.505
6 51 -777.465
6 52 -777.34
6 53 -777.066
6 54 -776.58
6 55 -775.741
6 56 -774.413
6 57 -772.388
6 58 -769.402
6 59 -765.186
6 60 -759.308
6 61 -751.358
6 62 -740.766
6 63 -726.868
6 64 -708.895
6 65 -685.853
6 66 -656.667
6 67 -619.964
6 68 -574.176
6 69 -517.489
6 70 -447.818
6 71 -362.863
6 72 -260.066
6 73 -136.801
6 74 9.62401
6 75 181.702
6 76 381.641
6 77 610.964
6 78 870.295
6 79 1159.03
6 80 1475.05
6 81 1814.39
6 82 2171.08
6 83 2537.03
6 84 2902.11
6 85 3254.25
6 86 3579.99
6 87 3864.81
6 88 4094
6 89 4253.32
6 90 4329.91
6 91 4313.14
6 92 4195.36
6 93 3972.52
6 94 3644.68
6 95 3216.23
6 96 2695.86
6 97 2096.34
6 98 1434.04
6 99 728.161
6 100 0

7 0 0
7 1 785.829
7 2 1548.93
7 3 2267.52
7 4 2921.8
7 5 3494.68
7 6 3972.52
7 7 4345.7
7 8 4608.81
7 9 4760.87
7 10 4805.03
7 11 4748.31
7 12 4600.9
7 13 4375.58
7 14 4086.73
7 15 3749.6
7 16 3379.46
7 17 2990.8
7 18 2596.75
7 19 2208.7
7 20 1835.82
7 21 1485.23
7 22 1161.82
7 23 868.561
7 24 606.641
7 25 375.939
7 26 175.155
7 27 2.29764
7 28 -145.107
7 29 -269.758
7 30 -374.435
7 31 -461.82
7 32 -534.339
7 33 -594.25
7 34 -643.528
7 35 -683.945
7 36 -716.883
7 37 -743.66
7 38 -765.304
7 39 -782.716
7 40 -796.645
7 41 -807.688
7 42 -816.412
7 43 -823.186
7 44 -828.437
7 45 -832.406
7 46 -835.36
7 47 -837.466
7 48 -838.878
7 49 -839.679
7 50 -839.946
7 51 -839.679
7 52 -838.878
7 53 -837.466
7 54 -835.36
7 55 -832.406
7 56 -828.437
7 57 -823.186
7 58 -816.412
7 59 -807.688
7 60 -796.645
7 61 -782.716
7 62 -765.304
7 63 -743.66
7 64 -716.883
7 65 -683.945
7 66 -643.528
7 67 -594.25
7 68 -534.339
7 69 -461.82
7 70 -374.435
7 71 -269.758
7 72 -145.107
7 73 2.29764
7 74 175.155
7 75 375.939
7 76 606.641
7 77 868.561
7 78 1161.82
7 79 1485.23
7 80 1835.82
7 81 2208.7
7 82 2596.75
7 83 2990.8
7 84 3379.46
7 85 3749.6
7 86 4086.73
7 87 4375.58
7 88 4600.9
7 89 4748.31
7 90 4805.03
7 91 4760.87
7 92 4608.81
7 93 4345.7
7 94 3972.52
7 95 3494.68
7 96 2921.8
7 97 2267.52
7 98 1548.93
7 99 785.829
7 100 0

8 0 0
8 1 820.392
8 2 1618.68
8 3 2373.58
8 4 3065.56
8 5 3677.48
8 6 4195.36
8 7 4608.81
8 8 4911.47
8 9 5101.13
8 10 5179.67
8 11 5152.83
8 12 5029.76
8 13 4822.33
8 14 4544.46
8 15 4211.19
8 16 3838
8 17 3439.84
8 18 3030.65
8 19 2622.67
8 20 2226.21
8 21 1849.38
8 22 1498.12
8 23 1176.25
8 24 885.782
8 25 627.149
8 26 399.589
8 27 201.368
8 28 30.2345
8 29 -116.461
8 30 -241.441
8 31 -347.416
8 32 -436.926
8 33 -512.306
8 34 -575.649
8 35 -628.733
8 36 -673.189
8 37 -710.293
8 38 -741.201
8 39 -766.891
8 40 -788.168
8 41 -805.705
8 42 -820.056
8 43 -831.742
8 44 -841.115
8 45 -848.542
8 46 -854.272
8 47 -858.514
8 48 -861.437
8 49 -863.141
8 50 -863.705
8 51 -863.141
8 52 -861.437
8 53 -858.514
8 54 -854.272
8 55 -848.542
8 56 -841.115
8 57 -831.742
8 58 -820.056
8 59 -805.705
8 60 -788.168
8 61 -766.891
8 62 -741.201
8 63 -710.293
8 64 -673.189
8 65 -628.733
8 66 -575.649
8 67 -512.306
8 68 -436.926
8 69 -347.416
8 70 -241.441
8 71 -116.461
8 72 30.2345
8 73 201.368
8 74 399.589
8 75 627.149
8 76 885.782
8 77 1176.25
8 78 1498.12
8 79 1849.38
8 80 2226.21
8 81 2622.67
8 82 3030.65
8 83 3439.84
8 84 3838
8 85 4211.19
8 86 4544.46
8 87 4822.33
8 88 5029.76
8 89 5152.83
8 90 5179.67
8 91 5101.13
8 92 4911.47
8 93 4608.81
8 94 4195.36
8 95 3677.48
8 96 3065.56
8 97 2373.58
8 98 1618.68
8 99 820.392
8 100 0

9 0 0
9 1 832.336
9 2 1644.14
9 3 2415.57
9 4 3128.11
9 5 3765.28
9 6 4313.14
9 7 4760.87
9 8 5101.13
9 9 5330.35
9 10 5448.79
9 11 5460.47
9 12 5372.81
9 13 5196.23
9 14 4943.41
9 15 4628.66
9 16 4266.96
9 17 3873.37
9 18 3462.14
9 19 3046.22
9 20 2636.76
9 21 2242.88
9 22 1871.48
9 23 1527.42
9 24 1213.53
9 25 931.035
9 26 679.701
9 27 458.331
9 28 264.93
9 29 97.1128
9 30 -47.76
9 31 -172.33
9 32 -279.137
9 33 -370.541
9 34 -448.645
9 35 -515.373
9 36 -572.27
9 37 -620.761
9 38 -662.037
9 39 -697.088
9 40 -726.771
9 41 -751.801
9 42 -772.784
9 43 -790.198
9 44 -804.523
9 45 -816.066
9 46 -825.144
9 47 -831.975
9 48 -836.728
9 49 -839.535
9 50 -840.46
9 51 -839.535
9 52 -836.728
9 53 -831.975
9 54 -825.144
9 55 -816.066
9 56 -804.523
9 57 -790.198
9 58 -772.784
9 59 -751.801
9 60 -726.771
9 61 -697.088
9 62 -662.037
9 63 -620.761
9 64 -572.27
9 65 -515.373
9 66 -448.645
9 67 -370.541
9 68 -279.137
9 69 -172.33
9 70 -47.76
9 71 97.1128
9 72 264.93
9 73 458.331
9 74 679.701
9 75 931.035
9 76 1213.53
9 77 1527.42
9 78 1871.48
9 79 2242.88
9 80 2636.76
9 81 3046.22
9 82 3462.14
9 83 3873.37
9 84 4266.96
9 85 4628.66
9 86 4943.41
9 87 5196.23
9 88 5372.81
9 89 5460.47
9 90 5448.79
9 91 5330.35
9 92 5101.13
9 93 4760.87
9 94 4313.14
9 95 3765.28
9 96 3128.11
9 97 2415.57
9 98 1644.14
9 99 832.336
9 100 0

10 0 0
10 1 823.082
10 2 1628.02
10 3 2397.16
10 4 3113.75
10 5 3762.47
10 6 4329.91
10 7 4805.03
10 8 5179.67
10 9 5448.79
10 10 5610.81
10 11 5667.63
10 12 5624.54
10 13 5489.88
10 14 5274.61
10 15 4991.59
10 16 4654.94
10 17 4279.23
10 18 3878.74
10 19 3466.75
10 20 3055.15
10 21 2653.84
10 22 2270.79
10 23 1911.75
10 24 1580.6
10 25 1279.29
10 26 1008.39
10 27 767.194
10 28 554.194
10 29 367.283
10 30 204.042
10 31 61.9722
10 32 -61.4219
10 33 -168.425
10 34 -261.202
10 35 -341.559
10 36 -411.179
10 37 -471.442
10 38 -523.53
10 39 -568.496
10 40 -607.179
10 41 -640.307
10 42 -668.48
10 43 -692.255
10 44 -712.005
10 45 -728.169
10 46 -740.983
10 47 -750.724
10 48 -757.547
10 49 -761.596
10 50 -762.931
10 51 -761.596
10 52 -757.547
10 53 -750.724
10 54 -740.983
10 55 -728.169
10 56 -712.005
10 57 -692.255
10 58 -668.48
10 59 -640.307
10 60 -607.179
10 61 -568.496
10 62 -523.53
10 63 -471.442
10 64 -411.179
10 65 -341.559
10 66 -261.202
10 67 -168.425
10 68 -61.4219
10 69 61.9722
10 70 204.042
10 71 367.283
10 72 554.194
10 73 767.194
10 74 1008.39
10 75 1279.29
10 76 1580.6
10 77 1911.75
10 78 2270.79
10 79 2653.84
10 80 3055.15
10 81 3466.75
10 82 3878.74
10 83 4279.23
10 84 4654.94
10 85 4991.59
10 86 5274.61
10 87 5489.88
10 88 5624.54
10 89 5667.63
10 90 5610.81
10 91 5448.79
10 92 5179.67
10 93 4805.03
10 94 4329.91
10 95 3762.47
10 96 3113.75
10 97 2397.16
10 98 1628.02
10 99 823.082
10 100 0

11 0 0
11 1 794.842
11 2 1574.56
11 3 2324.29
11 4 3029.57
11 5 3676.75
11 6 4253.32
11 7 4748.31
11 8 5152.83
11 9 5460.47
11 10 5667.63
11 11 5773.92
11 12 5782.08
11 13 5698.05
11 14 5530.49
11 15 5290.5
11 16 4990.75
11 17 4644.97
11 18 4267
11 19 3870.27
11 20 3467.06
11 21 3068.06
11 22 2682.07
11 23 2315.91
11 24 1974.28
11 25 1660.15
11 26 1374.78
11 27 1118.2
11 28 889.331
11 29 686.484
11 30 507.527
11 31 350.158
11 32 212.005
11 33 90.8061
11 34 -15.434
11 35 -108.596
11 36 -190.273
11 37 -261.852
11 38 -324.512
11 39 -379.247
11 40 -426.896
11 41 -468.193
11 42 -503.704
11 43 -533.945
11 44 -559.363
11 45 -580.282
11 46 -597.024
11 47 -609.811
11 48 -618.811
11 49 -624.171
11 50 -625.941
11 51 -624.171
11 52 -618.811
11 53 -609.811
11 54 -597.024
11 55 -580.282
11 56 -559.363
11 57 -533.945
11 58 -503.704
11 59 -468.193
11 60 -426.896
11 61 -379.247
11 62 -324.512
11 63 -261.852
11 64 -190.273
11 65 -108.596
11 66 -15.434
11 67 90.8061
11 68 212.005
11 69 350.158
11 70 507.527
11 71 686.484
11 72 889.331
11 73 1118.2
11 74 1374.78
11 75 1660.15
11 76 1974.28
11 77 2315.91
11 78 2682.07
11 79 3068.06
11 80 3467.06
11 81 3870.27
11 82 4267
11 83 4644.97
11 84 4990.75
11 85 5290.5
11 86 5530.49
11 87 5698.05
11 88 5782.08
11 89 5773.92
11 90 5667.63
11 91 5460.47
11 92 5152.83
11 93 4748.31
11 94 4253.32
11 95 3676.75
11 96 3029.57
11 97 2324.29
11 98 1574.56
11 99 794.842
11 100 0

12 0 0
12 1 750.434
12 2 1489.19
12 3 2204.59
12 4 2884.89
12 5 3518.45
12 6 4094
12 7 4600.9
12 8 5029.76
12 9 5372.81
12 10 5624.54
12 11 5782.08
12 12 5845.54
12 13 5818.07
12 14 5705.87
12 15 5517.7
12 16 5264.55
12 17 4958.82
12 18 4613.73
12 19 4242.4
12 20 3857.43
12 21 3469.98
12 22 3089.71
12 23 2724.27
12 24 2379.42
12 25 2058.93
12 26 1764.97
12 27 1498.17
12 28 1258.08
12 29 1043.44
12 30 852.449
12 31 683.003
12 32 532.888
12 33 400.045
12 34 282.45
12 35 178.341
12 36 86.1663
12 37 4.57103
12 38 -67.5567
12 39 -131.19
12 40 -187.113
12 41 -236.005
12 42 -278.423
12 43 -314.853
12 44 -345.646
12 45 -371.204
12 46 -391.731
12 47 -407.496
12 48 -418.63
12 49 -425.27
12 50 -427.472
12 51 -425.27
12 52 -418.63
12 53 -407.496
12 54 -391.731
12 55 -371.204
12 56 -345.646
12 57 -314.853
12 58 -278.423
12 59 -236.005
12 60 -187.113
12 61 -131.19
12 62 -67.5567
12 63 4.57103
12 64 86.1663
12 65 178.341
12 66 282.45
12 67 400.045
12 68 532.888
12 69 683.003
12 70 852.449
12 71 1043.44
12 72 1258.08
12 73 1498.17
12 74 1764.97
12 75 2058.93
12 76 2379.42
12 77 2724.27
12 78 3089.71
12 79 3469.98
12 80 3857.43
12 81 4242.4
12 82 4613.73
12 83 4958.82
12 84 5264.55
12 85 5517.7
12 86 5705.87
12 87 5818.07
12 88 5845.54
12 89 5782.08
12 90 5624.54
12 91 5372.81
12 92 5029.76
12 93 4600.9
12 94 4094
12 95 3518.45
12 96 2884.89
12 97 2204.59
12 98 1489.19
12 99 750.434
12 100 0

13 0 0
13 1 693.044
13 2 1378.09
13 3 2046.85
13 4 2690.53
13 5 3299.8
13 6 3864.81
13 7 4375.58
13 8 4822.33
13 9 5196.23
13 10 5489.88
13 11 5698.05
13 12 5818.07
13 13 5850.33
13 14 5798.17
13 15 5667.96
13 16 5468.56
13 17 5210.87
13 18 4907.03
13 19 4569.78
13 20 4211.56
13 21 3844.07
13 22 3477.49
13 23 3120.41
13 24 2779.39
13 25 2459.19
13 26 2162.72
13 27 1891.38
13 28 1645.31
13 29 1423.68
13 30 1225.05
13 31 1047.57
13 32 889.265
13 33 748.082
13 34 622.191
13 35 509.885
13 36 409.635
13 37 320.18
13 38 240.457
13 39 169.576
13 40 106.787
13 41 51.4789
13 42 3.15927
13 43 -38.5897
13 44 -74.139
13 45 -103.729
13 46 -127.657
13 47 -146.062
13 48 -159.116
13 49 -166.907
13 50 -169.496
13 51 -166.907
13 52 -159.116
13 53 -146.062
13 54 -127.657
13 55 -103.729
13 56 -74.139
13 57 -38.5897
13 58 3.15927
13 59 51.4789
13 60 106.787
13 61 169.576
13 62 240.457
13 63 320.18
13 64 409.635
13 65 509.885
13 66 622.191
13 67 748.082
13 68 889.265
13 69 1047.57
13 70 1225.05
13 71 1423.68
13 72 1645.31
13 73 1891.38
13 74 2162.72
13 75 2459.19
13 76 2779.39
13 77 3120.41
13 78 3477.49
13 79 3844.07
13 80 4211.56
13 81 4569.78
13 82 4907.03
13 83 5210.87
13 84 5468.56
13 85 5667.96
13 86 5798.17
13 87 5850.33
13 88 5818.07
13 89 5698.05
13 90 5489.88
13 91 5196.23
13 92 4822.33
13 93 4375.58
13 94 3864.81
13 95 3299.8
13 96 2690.53
13 97 2046.85
13 98 1378.09
13 99 693.044
13 100 0

14 0 0
14 1 626.04
14 2 1247.79
14 3 1860.39
14 4 2458.14
14 5 3034.06
14 6 3579.99
14 7 4086.73
14 8 4544.46
14 9 4943.41
14 10 5274.61
14 11 5530.49
14 12 5705.87
14 13 5798.17
14 14 5808
14 15 5739.04
14 16 5597.95
14 17 5393.76
14 18 5137.44
14 19 4840.91
14 20 4516.47
14 21 4175.91
14 22 3830.05
14 23 3488.07
14 24 3157.48
14 25 2843.8
14 26 2550.83
14 27 2280.63
14 28 2033.96
14 29 1810.45
14 30 1609.02
14 31 1428.09
14 32 1265.81
14 33 1120.34
14 34 989.884
14 35 872.778
14 36 767.612
14 37 673.17
14 38 588.43
14 39 512.594
14 40 444.981
14 41 385.06
14 42 332.378
14 43 286.611
14 44 247.472
14 45 214.702
14 46 188.153
14 47 167.637
14 48 153.064
14 49 144.355
14 50 141.451
14 51 144.355
14 52 153.064
14 53 167.637
14 54 188.153
14 55 214.702
14 56 247.472
14 57 286.611
14 58 332.378
14 59 385.06
14 60 444.981
14 61 512.594
14 62 588.43
14 63 673.17
14 64 767.612
14 65 872.778
14 66 989.884
14 67 1120.34
14 68 1265.81
14 69 1428.09
14 70 1609.02
14 71 1810.45
14 72 2033.96
14 73 2280.63
14 74 2550.83
14 75 2843.8
14 76 3157.48
14 77 3488.07
14 78 3830.05
14 79 4175.91
14 80 4516.47
14 81 4840.91
14 82 5137.44
14 83 5393.76
14 84 5597.95
14 85 5739.04
14 86 5808
14 87 5798.17
14 88 5705.87
14 89 5530.49
14 90 5274.61
14 91 4943.41
14 92 4544.46
14 93 4086.73
14 94 3579.99
14 95 3034.06
14 96 2458.14
14 97 1860.39
14 98 1247.79
14 99 626.04
14 100 0

15 0 0
15 1 552.776
15 2 1104.81
15 3 1654.62
15 4 2199.45
15 5 2734.81
15 6 3254.25
15 7 3749.6
15 8 4211.19
15 9 4628.66
15 10 4991.59
15 11 5290.5
15 12 5517.7
15 13 5667.96
15 14 5739.04
15 15 5732.03
15 16 5651.11
15 17 5503.47
15 18 5298.51
15 19 5047.34
15 20 4761.71
15 21 4453.55
15 22 4133.91
15 23 3812.67
15 24 3498.05
15 25 3196.44
15 26 2912.33
15 27 2648.52
15 28 2406.37
15 29 2185.97
15 30 1986.59
15 31 1806.84
15 32 1645.12
15 33 1499.66
15 34 1368.69
15 35 1250.68
15 36 1144.2
15 37 1048.11
15 38 961.447
15 39 883.475
15 40 813.567
15 41 751.284
15 42 696.252
15 43 648.207
15 44 606.916
15 45 572.259
15 46 544.032
15 47 522.204
15 48 506.645
15 49 497.338
15 50 494.235
15 51 497.338
15 52 506.645
15 53 522.204
15 54 544.032
15 55 572.259
15 56 606.916
15 57 648.207
15 58 696.252
15 59 751.284
15 60 813.567
15 61 883.475
15 62 961.447
15 63 1048.11
15 64 1144.2
15 65 1250.68
15 66 1368.69
15 67 1499.66
15 68 1645.12
15 69 1806.84
15 70 1986.59
15 71 2185.97
15 72 2406.37
15 73 2648.52
15 74 2912.33
15 75 3196.44
15 76 3498.05
15 77 3812.67
15 78 4133.91
15 79 4453.55
15 80 4761.71
15 81 5047.34
15 82 5298.51
15 83 5503.47
15 84 5651.11
15 85 5732.03
15 86 5739.04
15 87 5667.96
15 88 5517.7
15 89 5290.5
15 90 4991.59
15 91 4628.66
15 92 4211.19
15 93 3749.6
15 94 3254.25
15 95 2734.81
15 96 2199.45
15 97 1654.62
15 98 1104.81
15 99 552.776
15 100 0

16 0 0
16 1 476.354
16 2 955.246
16 3 1438.34
16 4 1925.69
16 5 2415.15
16 6 2902.11
16 7 3379.46
16 8 3838
16 9 4266.96
16 10 4654.94
16 11 4990.75
16 12 5264.55
16 13 5468.56
16 14 5597.95
16 15 5651.11
16 16 5629.92
16 17 5539.43
16 18 5387.53
16 19 5184.11
16 20 4940.45
16 21 4668.18
16 22 4378.7
16 23 4082.31
16 24 3787.96
16 25 3502.71
16 26 3231.85
16 27 2978.86
16 28 2745.67
16 29 2532.8
16 30 2339.81
16 31 2165.66
16 32 2008.81
16 33 1867.54
16 34 1740.19
16 35 1625.19
16 36 1521.18
16 37 1427.02
16 38 1341.77
16 39 1264.74
16 40 1195.38
16 41 1133.3
16 42 1078.2
16 43 1029.88
16 44 988.215
16 45 953.071
16 46 924.42
16 47 902.156
16 48 886.288
16 49 876.771
16 50 873.599
16 51 876.771
16 52 886.288
16 53 902.156
16 54 924.42
16 55 953.071
16 56 988.215
16 57 1029.88
16 58 1078.2
16 59 1133.3
16 60 1195.38
16 61 1264.74
16 62 1341.77
16 63 1427.02
16 64 1521.18
16 65 1625.19
16 66 1740.19
16 67 1867.54
16 68 2008.81
16 69 2165.66
16 70 2339.81
16 71 2532.8
16 72 2745.67
16 73 2978.86
16 74 3231.85
16 75 3502.71
16 76 3787.96
16 77 4082.31
16 78 4378.7
16 79 4668.18
16 80 4940.45
16 81 5184.11
16 82 5387.53
16 83 5539.43
16 84 5629.92
16 85 5651.11
16 86 5597.95
16 87 5468.56
16 88 5264.55
16 89 4990.75
16 90 4654.94
16 91 4266.96
16 92 3838
16 93 3379.46
16 94 2902.11
16 95 2415.15
16 96 1925.69
16 97 1438.34
16 98 955.246
16 99 476.354
16 100 0

17 0 0
17 1 399.593
17 2 804.629
17 3 1219.59
17 4 1647.07
17 5 2087.18
17 6 2537.03
17 7 2990.8
17 8 3439.84
17 9 3873.37
17 10 4279.23
17 11 4644.97
17 12 4958.82
17 13 5210.87
17 14 5393.76
17 15 5503.47
17 16 5539.43
17 17 5504.68
17 18 5405.33
17 19 5250.14
17 20 5049.53
17 21 4814.94
17 22 4557.74
17 23 4288.73
17 24 4017.34
17 25 3751.42
17 26 3496.92
17 27 3258
17 28 3037.1
17 29 2835.22
17 30 2652.28
17 31 2487.37
17 32 2339.07
17 33 2205.76
17 34 2085.74
17 35 1977.45
17 36 1879.48
17 37 1790.69
17 38 1710.15
17 39 1637.17
17 40 1571.23
17 41 1511.99
17 42 1459.21
17 43 1412.75
17 44 1372.52
17 45 1338.51
17 46 1310.66
17 47 1289.01
17 48 1273.53
17 49 1264.24
17 50 1261.14
17 51 1264.24
17 52 1273.53
17 53 1289.01
17 54 1310.66
17 55 1338.51
17 56 1372.52
17 57 1412.75
17 58 1459.21
17 59 1511.99
17 60 1571.23
17 61 1637.17
17 62 1710.15
17 63 1790.69
17 64 1879.48
17 65 1977.45
17 66 2085.74
17 67 2205.76
17 68 2339.07
17 69 2487.37
17 70 2652.28
17 71 2835.22
17 72 3037.1
17 73 3258
17 74 3496.92
17 75 3751.42
17 76 4017.34
17 77 4288.73
17 78 4557.74
17 79 4814.94
17 80 5049.53
17 81 5250.14
17 82 5405.33
17 83 5504.68
17 84 5539.43
17 85 5503.47
17 86 5393.76
17 87 5210.87
17 88 4958.82
17 89 4644.97
17 90 4279.23
17 91 3873.37
17 92 3439.84
17 93 2990.8
17 94 2537.03
17 95 2087.18
17 96 1647.07
17 97 1219.59
17 98 804.629
17 99 399.593
17 100 0

18 0 0
18 1 324.84
18 2 657.611
18 3 1005.18
18 4 1372.42
18 5 1761.43
18 6 2171.08
18 7 2596.75
18 8 3030.65
18 9 3462.14
18 10 3878.74
18 11 4267
18 12 4613.73
18 13 4907.03
18 14 5137.44
18 15 5298.51
18 16 5387.53
18 17 5405.33
18 18 5356.39
18 19 5248.04
18 20 5089.93
18 21 4892.94
18 22 4668.54
18 23 4427.72
18 24 4180.49
18 25 3935.29
18 26 3698.81
18 27 3475.8
18 28 3269.26
18 29 3080.66
18 30 2910.21
18 31 2757.16
18 32 2620.27
18 33 2497.82
18 34 2388.16
18 35 2289.62
18 36 2200.78
18 37 2120.39
18 38 2047.5
18 39 1981.38
18 40 1921.54
18 41 1867.62
18 42 1819.43
18 43 1776.86
18 44 1739.89
18 45 1708.51
18 46 1682.78
18 47 1662.69
18 48 1648.32
18 49 1639.68
18 50 1636.8
18 51 1639.68
18 52 1648.32
18 53 1662.69
18 54 1682.78
18 55 1708.51
18 56 1739.89
18 57 1776.86
18 58 1819.43
18 59 1867.62
18 60 1921.54
18 61 1981.38
18 62 2047.5
18 63 2120.39
18 64 2200.78
18 65 2289.62
18 66 2388.16
18 67 2497.82
18 68 2620.27
18 69 2757.16
18 70 2910.21
18 71 3080.66
18 72 3269.26
18 73 3475.8
18 74 3698.81
18 75 3935.29
18 76 4180.49
18 77 4427.72
18 78 4668.54
18 79 4892.94
18 80 5089.93
18 81 5248.04
18 82 5356.39
18 83 5405.33
18 84 5387.53
18 85 5298.51
18 86 5137.44
18 87 4907.03
18 88 4613.73
18 89 4267
18 90 3878.74
18 91 3462.14
18 92 3030.65
18 93 2596.75
18 94 2171.08
18 95 1761.43
18 96 1372.42
18 97 1005.18
18 98 657.611
18 99 324.84
18 100 0

19 0 0
19 1 253.968
19 2 517.89
19 3 800.609
19 4 1108.92
19 5 1446.71
19 6 1814.39
19 7 2208.7
19 8 2622.67
19 9 3046.22
19 10 3466.75
19 11 3870.27
19 12 4242.4
19 13 4569.78
19 14 4840.91
19 15 5047.34
19 16 5184.11
19 17 5250.14
19 18 5248.04
19 19 5183.85
19 20 5066.12
19 21 4905.3
19 22 4712.62
19 23 4499.38
19 24 4275.95
19 25 4051.44
19 26 3833.13
19 27 3626.43
19 28 3434.93
19 29 3260.52
19 30 3103.7
19 31 2963.98
19 32 2840.07
19 33 2730.38
19 34 2633.12
19 35 2546.54
19 36 2469.08
19 37 2399.43
19 38 2336.52
19 39 2279.56
19 40 2228.02
19 41 2181.52
19 42 2139.87
19 43 2102.98
19 44 2070.83
19 45 2043.47
19 46 2020.94
19 47 2003.36
19 48 1990.72
19 49 1983.13
19 50 1980.59
19 51 1983.13
19 52 1990.72
19 53 2003.36
19 54 2020.94
19 55 2043.47
19 56 2070.83
19 57 2102.98
19 58 2139.87
19 59 2181.52
19 60 2228.02
19 61 2279.56
19 62 2336.52
19 63 2399.43
19 64 2469.08
19 65 2546.54
19 66 2633.12
19 67 2730.38
19 68 2840.07
19 69 2963.98
19 70 3103.7
19 71 3260.52
19 72 3434.93
19 73 3626.43
19 74 3833.13
19 75 4051.44
19 76 4275.95
19 77 4499.38
19 78 4712.62
19 79 4905.3
19 80 5066.12
19 81 5183.85
19 82 5248.04
19 83 5250.14
19 84 5184.11
19 85 5047.34
19 86 4840.91
19 87 4569.78
19 88 4242.4
19 89 3870.27
19 90 3466.75
19 91 3046.22
19 92 2622.67
19 93 2208.7
19 94 1814.39
19 95 1446.71
19 96 1108.92
19 97 800.609
19 98 517.89
19 99 253.968
19 100 0

20 0 0
20 1 188.37
20 2 388.253
20 3 610.034
20 4 862.091
20 5 1149.8
20 6 1475.05
20 7 1835.82
20 8 2226.21
20 9 2636.76
20 10 3055.15
20 11 3467.06
20 12 3857.43
20 13 4211.56
20 14 4516.47
20 15 4761.71
20 16 4940.45
20 17 5049.53
20 18 5089.93
20 19 5066.12
20 20 4985.69
20 21 4858.4
20 22 4695.32
20 23 4507.75
20 24 4306.52
20 25 4101.28
20 26 3899.99
20 27 3708.68
20 28 3531.5
20 29 3370.8
20 30 3227.48
20 31 3101.13
20 32 2990.65
20 33 2894.35
20 34 2810.39
20 35 2736.87
20 36 2672.11
20 37 2614.62
20 38 2563.21
20 39 2516.99
20 40 2475.31
20 41 2437.76
20 42 2404.11
20 43 2374.25
20 44 2348.15
20 45 2325.87
20 46 2307.5
20 47 2293.08
20 48 2282.73
20 49 2276.49
20 50 2274.4
20 51 2276.49
20 52 2282.73
20 53 2293.08
20 54 2307.5
20 55 2325.87
20 56 2348.15
20 57 2374.25
20 58 2404.11
20 59 2437.76
20 60 2475.31
20 61 2516.99
20 62 2563.21
20 63 2614.62
20 64 2672.11
20 65 2736.87
20 66 2810.39
20 67 2894.35
20 68 2990.65
20 69 3101.13
20 70 3227.48
20 71 3370.8
20 72 3531.5
20 73 3708.68
20 74 3899.99
20 75 4101.28
20 76 4306.52
20 77 4507.75
20 78 4695.32
20 79 4858.4
20 80 4985.69
20 81 5066.12
20 82 5089.93
20 83 5049.53
20 84 4940.45
20 85 4761.71
20 86 4516.47
20 87 4211.56
20 88 3857.43
20 89 3467.06
20 90 3055.15
20 91 2636.76
20 92 2226.21
20 93 1835.82
20 94 1475.05
20 95 1149.8
20 96 862.091
20 97 610.034
20 98 388.253
20 99 188.37
20 100 0

21 0 0
21 1 128.952
21 2 270.513
21 3 436.261
21 4 635.728
21 5 875.609
21 6 1159.03
21 7 1485.23
21 8 1849.38
21 9 2242.88
21 10 2653.84
21 11 3068.06
21 12 3469.98
21 13 3844.07
21 14 4175.91
21 15 4453.55
21 16 4668.18
21 17 4814.94
21 18 4892.94
21 19 4905.3
21 20 4858.4
21 21 4761.35
21 22 4624.79
21 23 4460.15
21 24 4278.57
21 25 4090.22
21 26 3903.69
21 27 3725.66
21 28 3560.9
21 29 3412.3
21 30 3280.99
21 31 3166.9
21 32 3068.96
21 33 2985.53
21 34 2914.59
21 35 2854.15
21 36 2802.31
21 37 2757.42
21 38 2718.11
21 39 2683.33
21 40 2652.32
21 41 2624.58
21 42 2599.78
21 43 2577.76
21 44 2558.49
21 45 2542
21 46 2528.33
21 47 2517.61
21 48 2509.85
21 49 2505.19
21 50 2503.62
21 51 2505.19
21 52 2509.85
21 53 2517.61
21 54 2528.33
21 55 2542
21 56 2558.49
21 57 2577.76
21 58 2599.78
21 59 2624.58
21 60 2652.32
21 61 2683.33
21 62 2718.11
21 63 2757.42
21 64 2802.31
21 65 2854.15
21 66 2914.59
21 67 2985.53
21 68 3068.96
21 69 3166.9
21 70 3280.99
21 71 3412.3
21 72 3560.9
21 73 3725.66
21 74 3903.69
21 75 4090.22
21 76 4278.57
21 77 4460.15
21 78 4624.79
21 79 4761.35
21 80 4858.4
21 81 4905.3
21 82 4892.94
21 83 4814.94
21 84 4668.18
21 85 4453.55
21 86 4175.91
21 87 3844.07
21 88 3469.98
21 89 3068.06
21 90 2653.84
21 91 2242.88
21 92 1849.38
21 93 1485.23
21 94 1159.03
21 95 875.609
21 96 635.728
21 97 436.261
21 98 270.513
21 99 128.952
21 100 0

22 0 0
22 1 76.1864
22 2 165.686
22 3 280.864
22 4 432.13
22 5 627.176
22 6 870.295
22 7 1161.82
22 8 1498.12
22 9 1871.48
22 10 2270.79
22 11 2682.07
22 12 3089.71
22 13 3477.49
22 14 3830.05
22 15 4133.91
22 16 4378.7
22 17 4557.74
22 18 4668.54
22 19 4712.62
22 20 4695.32
22 21 4624.79
22 22 4511.37
22 23 4366.41
22 24 4201.34
22 25 4026.8
22 26 3852
22 27 3684.35
22 28 3529.25
22 29 3390.01
22 30 3268.31
22 31 3164.26
22 32 3076.95
22 33 3004.7
22 34 2945.44
22 35 2897
22 36 2857.29
22 37 2824.44
22 38 2796.91
22 39 2773.43
22 40 2753.1
22 41 2735.25
22 42 2719.5
22 43 2705.58
22 44 2693.4
22 45 2682.94
22 46 2674.27
22 47 2667.39
22 48 2662.45
22 49 2659.43
22 50 2658.43
22 51 2659.43
22 52 2662.45
22 53 2667.39
22 54 2674.27
22 55 2682.94
22 56 2693.4
22 57 2705.58
22 58 2719.5
22 59 2735.25
22 60 2753.1
22 61 2773.43
22 62 2796.91
22 63 2824.44
22 64 2857.29
22 65 2897
22 66 2945.44
22 67 3004.7
22 68 3076.95
22 69 3164.26
22 70 3268.31
22 71 3390.01
22 72 3529.25
22 73 3684.35
22 74 3852
22 75 4026.8
22 76 4201.34
22 77 4366.41
22 78 4511.37
22 79 4624.79
22 80 4695.32
22 81 4712.62
22 82 4668.54
22 83 4557.74
22 84 4378.7
22 85 4133.91
22 86 3830.05
22 87 3477.49
22 88 3089.71
22 89 2682.07
22 90 2270.79
22 91 1871.48
22 92 1498.12
22 93 1161.82
22 94 870.295
22 95 627.176
22 96 432.13
22 97 280.864
22 98 165.686
22 99 76.1864
22 100 0

23 0 0
23 1 30.1862
23 2 74.0426
23 3 144.394
23 4 252.214
23 5 406.004
23 6 610.964
23 7 868.561
23 8 1176.25
23 9 1527.42
23 10 1911.75
23 11 2315.91
23 12 2724.27
23 13 3120.41
23 14 3488.07
23 15 3812.67
23 16 4082.31
23 17 4288.73
23 18 4427.72
23 19 4499.38
23 20 4507.75
23 21 4460.15
23 22 4366.41
23 23 4237.78
23 24 4085.85
23 25 3921.74
23 26 3755.31
23 27 3594.69
23 28 3445.78
23 29 3312.67
23 30 3197.37
23 31 3100.38
23 32 3020.89
23 33 2957.31
23 34 2907.47
23 35 2869.05
23 36 2839.77
23 37 2817.55
23 38 2800.6
23 39 2787.47
23 40 2777.06
23 41 2768.55
23 42 2761.39
23 43 2755.25
23 44 2749.93
23 45 2745.36
23 46 2741.53
23 47 2738.5
23 48 2736.27
23 49 2734.92
23 50 2734.46
23 51 2734.92
23 52 2736.27
23 53 2738.5
23 54 2741.53
23 55 2745.36
23 56 2749.93
23 57 2755.25
23 58 2761.39
23 59 2768.55
23 60 2777.06
23 61 2787.47
23 62 2800.6
23 63 2817.55
23 64 2839.77
23 65 2869.05
23 66 2907.47
23 67 2957.31
23 68 3020.89
23 69 3100.38
23 70 3197.37
23 71 3312.67
23 72 3445.78
23 73 3594.69
23 74 3755.31
23 75 3921.74
23 76 4085.85
23 77 4237.78
23 78 4366.41
23 79 4460.15
23 80 4507.75
23 81 4499.38
23 82 4427.72
23 83 4288.73
23 84 4082.31
23 85 3812.67
23 86 3488.07
23 87 3120.41
23 88 2724.27
23 89 2315.91
23 90 1911.75
23 91 1527.42
23 92 1176.25
23 93 868.561
23 94 610.964
23 95 406.004
23 96 252.214
23 97 144.394
23 98 74.0426
23 99 30.1862
23 100 0

24 0 0
24 1 -9.1995
24 2 -4.65565
24 3 26.5705
24 4 95.8466
24 5 212.188
24 6 381.641
24 7 606.641
24 8 885.782
24 9 1213.53
24 10 1580.6
24 11 1974.28
24 12 2379.42
24 13 2779.39
24 14 3157.48
24 15 3498.05
24 16 3787.96
24 17 4017.34
24 18 4180.49
24 19 4275.95
24 20 4306.52
24 21 4278.57
24 22 4201.34
24 23 4085.85
24 24 3943.85
24 25 3786.9
24 26 3625.49
24 27 3468.29
24 28 3322.08
24 29 3191.46
24 30 3079.03
24 31 2985.61
24 32 2910.65
24 33 2852.58
24 34 2809.28
24 35 2778.23
24 36 2757.01
24 37 2743.28
24 38 2735.07
24 39 2730.67
24 40 2728.78
24 41 2728.42
24 42 2728.89
24 43 2729.69
24 44 2730.56
24 45 2731.34
24 46 2731.98
24 47 2732.42
24 48 2732.74
24 49 2732.89
24 50 2732.96
24 51 2732.89
24 52 2732.74
24 53 2732.42
24 54 2731.98
24 55 2731.34
24 56 2730.56
24 57 2729.69
24 58 2728.89
24 59 2728.42
24 60 2728.78
24 61 2730.67
24 62 2735.07
24 63 2743.28
24 64 2757.01
24 65 2778.23
24 66 2809.28
24 67 2852.58
24 68 2910.65
24 69 2985.61
24 70 3079.03
24 71 3191.46
24 72 3322.08
24 73 3468.29
24 74 3625.49
24 75 3786.9
24 76 3943.85
24 77 4085.85
24 78 4201.34
24 79 4278.57
24 80 4306.52
24 81 4275.95
24 82 4180.49
24 83 4017.34
24 84 3787.96
24 85 3498.05
24 86 3157.48
24 87 2779.39
24 88 2379.42
24 89 1974.28
24 90 1580.6
24 91 1213.53
24 92 885.782
24 93 606.641
24 94 381.641
24 95 212.188
24 96 95.8466
24 97 26.5705
24 98 -4.65565
24 99 -9.1995
24 100 0

25 0 0
25 1 -42.3645
25 2 -71.1671
25 3 -73.5421
25 4 -38.007
25 5 44.8545
25 6 181.702
25 7 375.939
25 8 627.149
25 9 931.035
25 10 1279.29
25 11 1660.15
25 12 2058.93
25 13 2459.19
25 14 2843.8
25 15 3196.44
25 16 3502.71
25 17 3751.42
25 18 3935.29
25 19 4051.44
25 20 4101.28
25 21 4090.22
25 22 4026.8
25 23 3921.74
25 24 3786.9
25 25 3634.22
25 26 3474.61
25 27 3317.61
25 28 3170.63
25 29 3038.98
25 30 2925.8
25 31 2832.37
25 32 2758.39
25 33 2702.48
25 34 2662.44
25 35 2635.74
25 36 2619.76
25 37 2611.98
25 38 2610.16
25 39 2612.42
25 40 2617.22
25 41 2623.38
25 42 2630.05
25 43 2636.62
25 44 2642.67
25 45 2647.96
25 46 2652.36
25 47 2655.82
25 48 2658.27
25 49 2659.76
25 50 2660.24
25 51 2659.76
25 52 2658.27
25 53 2655.82
25 54 2652.36
25 55 2647.96
25 56 2642.67
25 57 2636.62
25 58 2630.05
25 59 2623.38
25 60 2617.22
25 61 2612.42
25 62 2610.16
25 63 2611.98
25 64 2619.76
25 65 2635.74
25 66 2662.44
25 67 2702.48
25 68 2758.39
25 69 2832.37
25 70 2925.8
25 71 3038.98
25 72 3170.63
25 73 3317.61
25 74 3474.61
25 75 3634.22
25 76 3786.9
25 77 3921.74
25 78 4026.8
25 79 4090.22
25 80 4101.28
25 81 4051.44
25 82 3935.29
25 83 3751.42
25 84 3502.71
25 85 3196.44
25 86 2843.8
25 87 2459.19
25 88 2058.93
25 89 1660.15
25 90 1279.29
25 91 931.035
25 92 627.149
25 93 375.939
25 94 181.702
25 95 44.8545
25 96 -38.007
25 97 -73.5421
25 98 -71.1671
25 99 -42.3645
25 100 0

26 0 0
26 1 -69.8276
26 2 -126.47
26 3 -157.311
26 4 -150.923
26 5 -97.686
26 6 9.62401
26 7 175.155
26 8 399.589
26 9 679.701
26 10 1008.39
26 11 1374.78
26 12 1764.97
26 13 2162.72
26 14 2550.83
26 15 2912.33
26 16 3231.85
26 17 3496.92
26 18 3698.81
26 19 3833.13
26 20 3899.99
26 21 3903.69
26 22 3852
26 23 3755.31
26 24 3625.49
26 25 3474.61
26 26 3314.31
26 27 3154.66
26 28 3003.91
26 29 2868
26 30 2750.76
26 31 2653.89
26 32 2577.48
26 33 2520.31
26 34 2480.29
26 35 2454.8
26 36 2441.09
26 37 2436.47
26 38 2438.51
26 39 2445.09
26 40 2454.46
26 41 2465.28
26 42 2476.5
26 43 2487.37
26 44 2497.36
26 45 2506.14
26 46 2513.49
26 47 2519.27
26 48 2523.46
26 49 2525.95
26 50 2526.81
26 51 2525.95
26 52 2523.46
26 53 2519.27
26 54 2513.49
26 55 2506.14
26 56 2497.36
26 57 2487.37
26 58 2476.5
26 59 2465.28
26 60 2454.46
26 61 2445.09
26 62 2438.51
26 63 2436.47
26 64 2441.09
26 65 2454.8
26 66 2480.29
26 67 2520.31
26 68 2577.48
26 69 2653.89
26 70 2750.76
26 71 2868
26 72 3003.91
26 73 3154.66
26 74 3314.31
26 75 3474.61
26 76 3625.49
26 77 3755.31
26 78 3852
26 79 3903.69
26 80 3899.99
26 81 3833.13
26 82 3698.81
26 83 3496.92
26 84 3231.85
26 85 2912.33
26 86 2550.83
26 87 2162.72
26 88 1764.97
26 89 1374.78
26 90 1008.39
26 91 679.701
26 92 399.589
26 93 175.155
26 94 9.62401
26 95 -97.686
26 96 -150.923
26 97 -157.311
26 98 -126.47
26 99 -69.8276
26 100 0

27 0 0
27 1 -92.1867
27 2 -171.718
27 3 -226.344
27 4 -244.88
27 5 -217.564
27 6 -136.801
27 7 2.29764
27 8 201.368
27 9 458.331
27 10 767.194
27 11 1118.2
27 12 1498.17
27 13 1891.38
27 14 2280.63
27 15 2648.52
27 16 2978.86
27 17 3258
27 18 3475.8
27 19 3626.43
27 20 3708.68
27 21 3725.66
27 22 3684.35
27 23 3594.69
27 24 3468.29
27 25 3317.61
27 26 3154.66
27 27 2990.27
27 28 2833.29
27 29 2690.51
27 30 2566.32
27 31 2463.06
27 32 2381.14
27 33 2319.64
27 34 2276.54
27 35 2249.28
27 36 2234.97
27 37 2230.81
27 38 2234.15
27 39 2242.69
27 40 2254.49
27 41 2267.99
27 42 2282.01
27 43 2295.64
27 44 2308.25
27 45 2319.38
27 46 2328.76
27 47 2336.19
27 48 2341.55
27 49 2344.81
27 50 2345.88
27 51 2344.81
27 52 2341.55
27 53 2336.19
27 54 2328.76
27 55 2319.38
27 56 2308.25
27 57 2295.64
27 58 2282.01
27 59 2267.99
27 60 2254.49
27 61 2242.69
27 62 2234.15
27 63 2230.81
27 64 2234.97
27 65 2249.28
27 66 2276.54
27 67 2319.64
27 68 2381.14
27 69 2463.06
27 70 2566.32
27 71 2690.51
27 72 2833.29
27 73 2990.27
27 74 3154.66
27 75 3317.61
27 76 3468.29
27 77 3594.69
27 78 3684.35
27 79 3725.66
27 80 3708.68
27 81 3626.43
27 82 3475.8
27 83 3258
27 84 2978.86
27 85 2648.52
27 86 2280.63
27 87 1891.38
27 88 1498.17
27 89 1118.2
27 90 767.194
27 91 458.331
27 92 201.368
27 93 2.29764
27 94 -136.801
27 95 -217.564
27 96 -244.88
27 97 -226.344
27 98 -171.718
27 99 -92.1867
27 100 0

28 0 0
28 1 -110.094
28 2 -208.138
28 3 -282.42
28 4 -322.013
28 5 -317.205
28 6 -260.066
28 7 -145.107
28 8 30.2345
28 9 264.93
28 10 554.194
28 11 889.331
28 12 1258.08
28 13 1645.31
28 14 2033.96
28 15 2406.37
28 16 2745.67
28 17 3037.1
28 18 3269.26
28 19 3434.93
28 20 3531.5
28 21 3560.9
28 22 3529.25
28 23 3445.78
28 24 3322.08
28 25 3170.63
28 26 3003.91
28 27 2833.29
28 28 2668.44
28 29 2516.8
28 30 2383.51
28 31 2271.44
28 32 2181.51
28 33 2113.05
28 34 2064.27
28 35 2032.59
28 36 2015.13
28 37 2008.93
28 38 2011.23
28 39 2019.52
28 40 2031.68
28 41 2046.01
28 42 2061.15
28 43 2076.04
28 44 2089.96
28 45 2102.35
28 46 2112.84
28 47 2121.19
28 48 2127.27
28 49 2130.92
28 50 2132.17
28 51 2130.92
28 52 2127.27
28 53 2121.19
28 54 2112.84
28 55 2102.35
28 56 2089.96
28 57 2076.04
28 58 2061.15
28 59 2046.01
28 60 2031.68
28 61 2019.52
28 62 2011.23
28 63 2008.93
28 64 2015.13
28 65 2032.59
28 66 2064.27
28 67 2113.05
28 68 2181.51
28 69 2271.44
28 70 2383.51
28 71 2516.8
28 72 2668.44
28 73 2833.29
28 74 3003.91
28 75 3170.63
28 76 3322.08
28 77 3445.78
28 78 3529.25
28 79 3560.9
28 80 3531.5
28 81 3434.93
28 82 3269.26
28 83 3037.1
28 84 2745.67
28 85 2406.37
28 86 2033.96
28 87 1645.31
28 88 1258.08
28 89 889.331
28 90 554.194
28 91 264.93
28 92 30.2345
28 93 -145.107
28 94 -260.066
28 95 -317.205
28 96 -322.013
28 97 -282.42
28 98 -208.138
28 99 -110.094
28 100 0

29 0 0
29 1 -124.177
29 2 -236.972
29 3 -327.282
29 4 -384.519
29 5 -399.088
29 6 -362.863
29 7 -269.758
29 8 -116.461
29 9 97.1128
29 10 367.283
29 11 686.484
29 12 1043.44
29 13 1423.68
29 14 1810.45
29 15 2185.97
29 16 2532.8
29 17 2835.22
29 18 3080.66
29 19 3260.52
29 20 3370.8
29 21 3412.3
29 22 3390.01
29 23 3312.67
29 24 3191.46
29 25 3038.98
29 26 2868
29 27 2690.51
29 28 2516.8
29 29 2355.09
29 30 2211.2
29 31 2088.64
29 32 1988.81
29 33 1911.4
29 34 1854.81
29 35 1816.6
29 36 1793.86
29 37 1783.57
29 38 1782.8
29 39 1788.94
29 40 1799.7
29 41 1813.19
29 42 1827.93
29 43 1842.76
29 44 1856.81
29 45 1869.43
29 46 1880.22
29 47 1888.86
29 48 1895.13
29 49 1898.97
29 50 1900.23
29 51 1898.97
29 52 1895.13
29 53 1888.86
29 54 1880.22
29 55 1869.43
29 56 1856.81
29 57 1842.76
29 58 1827.93
29 59 1813.19
29 60 1799.7
29 61 1788.94
29 62 1782.8
29 63 1783.57
29 64 1793.86
29 65 1816.6
29 66 1854.81
