0 0 0
0 1 0
0 2 0
0 3 0
0 4 0
0 5 0
0 6 0
0 7 0
0 8 0
0 9 0
0 10 0
0 11 0
0 12 0
0 13 0
0 14 0
0 15 0
0 16 0
0 17 0
0 18 0
0 19 0
0 20 0
0 21 0
0 22 0
0 23 0
0 24 0
0 25 0
0 26 0
0 27 0
0 28 0
0 29 0
0 30 0
0 31 0
0 32 0
0 33 0
0 34 0
0 35 0
0 36 0
0 37 0
0 38 0
0 39 0
0 40 0
0 41 0
0 42 0
0 43 0
0 44 0
0 45 0
0 46 0
0 47 0
0 48 0
0 49 0
0 50 0
0 51 0
0 52 0
0 53 0
0 54 0
0 55 0
0 56 0
0 57 0
0 58 0
0 59 0
0 60 0
0 61 0
0 62 0
0 63 0
0 64 0
0 65 0
0 66 0
0 67 0
0 68 0
0 69 0
0 70 0
0 71 0
0 72 0
0 73 0
0 74 0
0 75 0
0 76 0
0 77 0
0 78 0
0 79 0
0 80 0
0 81 0
0 82 0
0 83 0
0 84 0
0 85 0
0 86 0
0 87 0
0 88 0
0 89 0
0 90 0
0 91 0
0 92 0
0 93 0
0 94 0
0 95 0
0 96 0
0 97 0
0 98 0
0 99 0
0 100 0

1 0 0
1 1 2.9736
1 2 6.00497
1 3 9.13861
1 4 12.4405
1 5 15.9485
1 6 19.7188
1 7 23.788
1 8 28.1792
1 9 32.9131
1 10 37.9578
1 11 43.2723
1 12 48.745
1 13 54.2097
1 14 59.4326
1 15 64.0725
1 16 67.7208
1 17 69.8506
1 18 69.8644
1 19 67.094
1 20 60.8408
1 21 50.4247
1 22 35.2574
1 23 14.8988
1 24 -10.8304
1 25 -41.792
1 26 -77.4478
1 27 -116.802
1 28 -158.426
1 29 -200.432
1 30 -240.63
1 31 -276.579
1 32 -305.809
1 33 -325.993
1 34 -335.164
1 35 -331.896
1 36 -315.473
1 37 -285.978
1 38 -244.28
1 39 -192.025
1 40 -131.501
1 41 -65.4439
1 42 3.18489
1 43 71.3564
1 44 136.212
1 45 195.206
1 46 246.208
1 47 287.506
1 48 317.844
1 49 336.365
1 50 342.592
1 51 336.365
1 52 317.844
1 53 287.506
1 54 246.208
1 55 195.206
1 56 136.212
1 57 71.3564
1 58 3.18489
1 59 -65.4439
1 60 -131.501
1 61 -192.025
1 62 -244.28
1 63 -285.978
1 64 -315.473
1 65 -331.896
1 66 -335.164
1 67 -325.993
1 68 -305.809
1 69 -276.579
1 70 -240.63
1 71 -200.432
1 72 -158.426
1 73 -116.802
1 74 -77.4478
1 75 -41.792
1 76 -10.8304
1 77 14.8988
1 78 35.2574
1 79 50.4247
1 80 60.8408
1 81 67.094
1 82 69.8644
1 83 69.8506
1 84 67.7208
1 85 64.0725
1 86 59.4326
1 87 54.2097
1 88 48.745
1 89 43.2723
1 90 37.9578
1 91 32.9131
1 92 28.1792
1 93 23.788
1 94 19.7188
1 95 15.9485
1 96 12.4405
1 97 9.13861
1 98 6.00497
1 99 2.9736
1 100 0

2 0 0
2 1 6.00497
2 2 12.1227
2 3 18.4441
2 4 25.0952
2 5 32.1556
2 6 39.7318
2 7 47.8973
2 8 56.6939
2 9 66.1565
2 10 76.216
2 11 86.7815
2 12 97.6198
2 13 108.395
2 14 118.628
2 15 127.642
2 16 134.614
2 17 138.504
2 18 138.124
2 19 132.157
2 20 119.229
2 21 98.0122
2 22 67.3641
2 23 26.4546
2 24 -25.0544
2 25 -86.8254
2 26 -157.796
2 27 -235.952
2 28 -318.441
2 29 -401.573
2 30 -480.944
2 31 -551.786
2 32 -609.233
2 33 -648.676
2 34 -666.283
2 35 -659.273
2 36 -626.231
2 37 -567.317
2 38 -484.291
2 39 -380.394
2 40 -260.137
2 41 -128.932
2 42 7.34621
2 43 142.726
2 44 271.563
2 45 388.788
2 46 490.146
2 47 572.23
2 48 632.555
2 49 669.401
2 50 681.796
2 51 669.401
2 52 632.555
2 53 572.23
2 54 490.146
2 55 388.788
2 56 271.563
2 57 142.726
2 58 7.34621
2 59 -128.932
2 60 -260.137
2 61 -380.394
2 62 -484.291
2 63 -567.317
2 64 -626.231
2 65 -659.273
2 66 -666.283
2 67 -648.676
2 68 -609.233
2 69 -551.786
2 70 -480.944
2 71 -401.573
2 72 -318.441
2 73 -235.952
2 74 -157.796
2 75 -86.8254
2 76 -25.0544
2 77 26.4546
2 78 67.3641
2 79 98.0122
2 80 119.229
2 81 132.157
2 82 138.124
2 83 138.504
2 84 134.614
2 85 127.642
2 86 118.628
2 87 108.395
2 88 97.6198
2 89 86.7815
2 90 76.216
2 91 66.1565
2 92 56.6939
2 93 47.8973
2 94 39.7318
2 95 32.1556
2 96 25.0952
2 97 18.4441
2 98 12.1227
2 99 6.00497
2 100 0

3 0 0
3 1 9.13861
3 2 18.4441
3 3 28.0574
3 4 38.1573
3 5 48.8647
3 6 60.3282
3 7 72.6471
3 8 85.8781
3 9 100.049
3 10 115.053
3 11 130.725
3 12 146.708
3 13 162.476
3 14 177.299
3 15 190.153
3 16 199.806
3 17 204.71
3 18 203.118
3 19 193.101
3 20 172.666
3 21 139.907
3 22 93.1974
3 23 31.379
3 24 -45.9433
3 25 -138.239
3 26 -243.806
3 27 -359.657
3 28 -481.549
3 29 -603.963
3 30 -720.521
3 31 -824.174
3 32 -907.804
3 33 -964.751
3 34 -989.39
3 35 -977.683
3 36 -927.621
3 37 -839.498
3 38 -715.874
3 39 -561.546
3 40 -383.144
3 41 -188.614
3 42 13.4202
3 43 214.144
3 44 405.199
3 45 579.107
3 46 729.557
3 47 851.478
3 48 941.099
3 49 995.843
3 50 1014.25
3 51 995.843
3 52 941.099
3 53 851.478
3 54 729.557
3 55 579.107
3 56 405.199
3 57 214.144
3 58 13.4202
3 59 -188.614
3 60 -383.144
3 61 -561.546
3 62 -715.874
3 63 -839.498
3 64 -927.621
3 65 -977.683
3 66 -989.39
3 67 -964.751
3 68 -907.804
3 69 -824.174
3 70 -720.521
3 71 -603.963
3 72 -481.549
3 73 -359.657
3 74 -243.806
3 75 -138.239
3 76 -45.9433
3 77 31.379
3 78 93.1974
3 79 139.907
3 80 172.666
3 81 193.101
3 82 203.118
3 83 204.71
3 84 199.806
3 85 190.153
3 86 177.299
3 87 162.476
3 88 146.708
3 89 130.725
3 90 115.053
3 91 100.049
3 92 85.8781
3 93 72.6471
3 94 60.3282
3 95 48.8647
3 96 38.1573
3 97 28.0574
3 98 18.4441
3 99 9.13861
3 100 0

4 0 0
4 1 12.4405
4 2 25.0952
4 3 38.1573
4 4 51.8443
4 5 66.3244
4 6 81.7726
4 7 98.3117
4 8 115.998
4 9 134.837
4 10 154.665
4 11 175.221
4 12 195.998
4 13 216.269
4 14 235.025
4 15 250.913
4 16 262.277
4 17 267.102
4 18 263.108
4 19 247.816
4 20 218.687
4 21 173.328
4 22 109.727
4 23 26.5373
4 24 -76.6431
4 25 -198.921
4 26 -338.002
4 27 -489.866
4 28 -648.901
4 29 -808
4 30 -958.768
4 31 -1092.19
4 32 -1199.11
4 33 -1270.95
4 34 -1300.57
4 35 -1282.86
4 36 -1215.28
4 37 -1098.24
4 38 -935.138
4 39 -732.182
4 40 -497.953
4 41 -242.743
4 42 22.2188
4 43 285.51
4 44 536.253
4 45 764.63
4 46 962.315
4 47 1122.6
4 48 1240.51
4 49 1312.57
4 50 1336.82
4 51 1312.57
4 52 1240.51
4 53 1122.6
4 54 962.315
4 55 764.63
4 56 536.253
4 57 285.51
4 58 22.2188
4 59 -242.743
4 60 -497.953
4 61 -732.182
4 62 -935.138
4 63 -1098.24
4 64 -1215.28
4 65 -1282.86
4 66 -1300.57
4 67 -1270.95
4 68 -1199.11
4 69 -1092.19
4 70 -958.768
4 71 -808
4 72 -648.901
4 73 -489.866
4 74 -338.002
4 75 -198.921
4 76 -76.6431
4 77 26.5373
4 78 109.727
4 79 173.328
4 80 218.687
4 81 247.816
4 82 263.108
4 83 267.102
4 84 262.277
4 85 250.913
4 86 235.025
4 87 216.269
4 88 195.998
4 89 175.221
4 90 154.665
4 91 134.837
4 92 115.998
4 93 98.3117
4 94 81.7726
4 95 66.3244
4 96 51.8443
4 97 38.1573
4 98 25.0952
4 99 12.4405
4 100 0

5 0 0
5 1 15.9485
5 2 32.1556
5 3 48.8647
5 4 66.3244
5 5 84.7412
5 6 104.305
5 7 125.141
5 8 147.296
5 9 170.713
5 10 195.172
5 11 220.267
5 12 245.339
5 13 269.425
5 14 291.233
5 15 309.065
5 16 320.862
5 17 324.162
5 18 316.217
5 19 294.07
5 20 254.747
5 21 195.486
5 22 114.039
5 23 8.96751
5 24 -119.945
5 25 -271.458
5 26 -442.506
5 27 -628.116
5 28 -821.398
5 29 -1013.63
5 30 -1194.83
5 31 -1354.1
5 32 -1480.55
5 33 -1564.06
5 34 -1596.13
5 35 -1570.77
5 36 -1485.06
5 37 -1339.6
5 38 -1138.51
5 39 -889.294
5 40 -602.279
5 41 -289.859
5 42 34.4325
5 43 356.756
5 44 663.873
5 45 943.816
5 46 1186.35
5 47 1383.19
5 48 1528.07
5 49 1616.67
5 50 1646.47
5 51 1616.67
5 52 1528.07
5 53 1383.19
5 54 1186.35
5 55 943.816
5 56 663.873
5 57 356.756
5 58 34.4325
5 59 -289.859
5 60 -602.279
5 61 -889.294
5 62 -1138.51
5 63 -1339.6
5 64 -1485.06
5 65 -1570.77
5 66 -1596.13
5 67 -1564.06
5 68 -1480.55
5 69 -1354.1
5 70 -1194.83
5 71 -1013.63
5 72 -821.398
5 73 -628.116
5 74 -442.506
5 75 -271.458
5 76 -119.945
5 77 8.96751
5 78 114.039
5 79 195.486
5 80 254.747
5 81 294.07
5 82 316.217
5 83 324.162
5 84 320.862
5 85 309.065
5 86 291.233
5 87 269.425
5 88 245.339
5 89 220.267
5 90 195.172
5 91 170.713
5 92 147.296
5 93 125.141
5 94 104.305
5 95 84.7412
5 96 66.3244
5 97 48.8647
5 98 32.1556
5 99 15.9485
5 100 0

6 0 0
6 1 19.7188
6 2 39.7318
6 3 60.3282
6 4 81.7726
6 5 104.305
6 6 128.11
6 7 153.302
6 8 179.889
6 9 207.738
6 10 236.527
6 11 265.696
6 12 294.384
6 13 321.39
6 14 345.106
6 15 363.514
6 16 374.153
6 17 374.18
6 18 360.431
6 19 329.583
6 20 278.342
6 21 203.733
6 22 103.404
6 23 -23.9648
6 24 -178.354
6 25 -357.946
6 26 -558.981
6 27 -775.48
6 28 -999.322
6 29 -1220.52
6 30 -1427.51
6 31 -1607.98
6 32 -1749.6
6 33 -1840.93
6 34 -1872.53
6 35 -1837.71
6 36 -1733.31
6 37 -1560.1
6 38 -1322.91
6 39 -1030.33
6 40 -694.198
6 41 -328.707
6 42 50.5479
6 43 427.635
6 44 787.203
6 45 1115.27
6 46 1399.8
6 47 1630.95
6 48 1801.25
6 49 1905.45
6 50 1940.53
6 51 1905.45
6 52 1801.25
6 53 1630.95
6 54 1399.8
6 55 1115.27
6 56 787.203
6 57 427.635
6 58 50.5479
6 59 -328.707
6 60 -694.198
6 61 -1030.33
6 62 -1322.91
6 63 -1560.1
6 64 -1733.31
6 65 -1837.71
6 66 -1872.53
6 67 -1840.93
6 68 -1749.6
6 69 -1607.98
6 70 -1427.51
6 71 -1220.52
6 72 -999.322
6 73 -775.48
6 74 -558.981
6 75 -357.946
6 76 -178.354
6 77 -23.9648
6 78 103.404
6 79 203.733
6 80 278.342
6 81 329.583
6 82 360.431
6 83 374.18
6 84 374.153
6 85 363.514
6 86 345.106
6 87 321.39
6 88 294.384
6 89 265.696
6 90 236.527
6 91 207.738
6 92 179.889
6 93 153.302
6 94 128.11
6 95 104.305
6 96 81.7726
6 97 60.3282
6 98 39.7318
6 99 19.7188
6 100 0

7 0 0
7 1 23.788
7 2 47.8973
7 3 72.6471
7 4 98.3117
7 5 125.141
7 6 153.302
7 7 182.868
7 8 213.793
7 9 245.824
7 10 278.521
7 11 311.12
7 12 342.553
7 13 371.339
7 14 395.57
7 15 412.899
7 16 420.513
7 17 415.233
7 18 393.587
7 19 351.987
7 20 286.98
7 21 195.523
7 22 75.3693
7 23 -74.5803
7 24 -253.821
7 25 -459.997
7 26 -688.477
7 27 -932.388
7 28 -1182.55
7 29 -1427.74
7 30 -1655.32
7 31 -1851.73
7 32 -2003.59
7 33 -2098.59
7 34 -2126.55
7 35 -2080.38
7 36 -1956.79
7 37 -1756.79
7 38 -1485.75
7 39 -1153.21
7 40 -772.193
7 41 -358.41
7 42 70.8593
7 43 497.867
7 44 905.402
7 45 1277.68
7 46 1600.94
7 47 1863.9
7 48 2057.81
7 49 2176.59
7 50 2216.57
7 51 2176.59
7 52 2057.81
7 53 1863.9
7 54 1600.94
7 55 1277.68
7 56 905.402
7 57 497.867
7 58 70.8593
7 59 -358.41
7 60 -772.193
7 61 -1153.21
7 62 -1485.75
7 63 -1756.79
7 64 -1956.79
7 65 -2080.38
7 66 -2126.55
7 67 -2098.59
7 68 -2003.59
7 69 -1851.73
7 70 -1655.32
7 71 -1427.74
7 72 -1182.55
7 73 -932.388
7 74 -688.477
7 75 -459.997
7 76 -253.821
7 77 -74.5803
7 78 75.3693
7 79 195.523
7 80 286.98
7 81 351.987
7 82 393.587
7 83 415.233
7 84 420.513
7 85 412.899
7 86 395.57
7 87 371.339
7 88 342.553
7 89 311.12
7 90 278.521
7 91 245.824
7 92 213.793
7 93 182.868
7 94 153.302
7 95 125.141
7 96 98.3117
7 97 72.6471
7 98 47.8973
7 99 23.788
7 100 0

8 0 0
8 1 28.1792
8 2 56.6939
8 3 85.8781
8 4 115.998
8 5 147.296
8 6 179.889
8 7 213.793
8 8 248.856
8 9 284.698
8 10 320.703
8 11 355.899
8 12 388.964
8 13 418.15
8 14 441.23
8 15 455.569
8 16 458.034
8 17 445.203
8 18 413.385
8 19 358.884
8 20 278.237
8 21 168.534
8 22 27.7766
8 23 -144.676
8 24 -347.815
8 25 -578.515
8 26 -831.395
8 27 -1098.68
8 28 -1370.23
8 29 -1633.99
8 30 -1876.34
8 31 -2083.02
8 32 -2239.91
8 33 -2334.2
8 34 -2355.32
8 35 -2295.96
8 36 -2152.9
8 37 -1927.31
8 38 -1625.07
8 39 -1256.38
8 40 -835.227
8 41 -378.406
8 42 95.4348
8 43 567.063
8 44 1017.66
8 45 1429.84
8 46 1788.29
8 47 2080.29
8 48 2295.88
8 49 2428.03
8 50 2472.54
8 51 2428.03
8 52 2295.88
8 53 2080.29
8 54 1788.29
8 55 1429.84
8 56 1017.66
8 57 567.063
8 58 95.4348
8 59 -378.406
8 60 -835.227
8 61 -1256.38
8 62 -1625.07
8 63 -1927.31
8 64 -2152.9
8 65 -2295.96
8 66 -2355.32
8 67 -2334.2
8 68 -2239.91
8 69 -2083.02
8 70 -1876.34
8 71 -1633.99
8 72 -1370.23
8 73 -1098.68
8 74 -831.395
8 75 -578.515
8 76 -347.815
8 77 -144.676
8 78 27.7766
8 79 168.534
8 80 278.237
8 81 358.884
8 82 413.385
8 83 445.203
8 84 458.034
8 85 455.569
8 86 441.23
8 87 418.15
8 88 388.964
8 89 355.899
8 90 320.703
8 91 284.698
8 92 248.856
8 93 213.793
8 94 179.889
8 95 147.296
8 96 115.998
8 97 85.8781
8 98 56.6939
8 99 28.1792
8 100 0

9 0 0
9 1 32.9131
9 2 66.1565
9 3 100.049
9 4 134.837
9 5 170.713
9 6 207.738
9 7 245.824
9 8 284.698
9 9 323.804
9 10 362.333
9 11 399.063
9 12 432.419
9 13 460.355
9 14 480.373
9 15 489.555
9 16 484.554
9 17 461.77
9 18 417.449
9 19 347.919
9 20 249.893
9 21 120.747
9 22 -41.0377
9 23 -235.572
9 24 -461.092
9 25 -713.783
9 26 -987.41
9 27 -1273.43
9 28 -1561.01
9 29 -1837.37
9 30 -2088.43
9 31 -2299.43
9 32 -2456.03
9 33 -2545.21
9 34 -2556.34
9 35 -2482.2
9 36 -2319.6
9 37 -2069.99
9 38 -1739.55
9 39 -1338.94
9 40 -882.707
9 41 -388.483
9 42 124.118
9 43 634.713
9 44 1123.19
9 45 1570.74
9 46 1960.59
9 47 2278.67
9 48 2513.84
9 49 2658.15
9 50 2706.78
9 51 2658.15
9 52 2513.84
9 53 2278.67
9 54 1960.59
9 55 1570.74
9 56 1123.19
9 57 634.713
9 58 124.118
9 59 -388.483
9 60 -882.707
9 61 -1338.94
9 62 -1739.55
9 63 -2069.99
9 64 -2319.6
9 65 -2482.2
9 66 -2556.34
9 67 -2545.21
9 68 -2456.03
9 69 -2299.43
9 70 -2088.43
9 71 -1837.37
9 72 -1561.01
9 73 -1273.43
9 74 -987.41
9 75 -713.783
9 76 -461.092
9 77 -235.572
9 78 -41.0377
9 79 120.747
9 80 249.893
9 81 347.919
9 82 417.449
9 83 461.77
9 84 484.554
9 85 489.555
9 86 480.373
9 87 460.355
9 88 432.419
9 89 399.063
9 90 362.333
9 91 323.804
9 92 284.698
9 93 245.824
9 94 207.738
9 95 170.713
9 96 134.837
9 97 100.049
9 98 66.1565
9 99 32.9131
9 100 0

10 0 0
10 1 37.9578
10 2 76.216
10 3 115.053
10 4 154.665
10 5 195.172
10 6 236.527
10 7 278.521
10 8 320.703
10 9 362.333
10 10 402.353
10 11 439.307
10 12 471.33
10 13 496.122
10 14 510.92
10 15 512.606
10 16 497.68
10 17 462.501
10 18 403.368
10 19 316.823
10 20 199.912
10 21 50.5172
10 22 -132.295
10 23 -347.872
10 24 -593.743
10 25 -865.234
10 26 -1155.42
10 27 -1455.09
10 28 -1752.85
10 29 -2035.62
10 30 -2289.06
10 31 -2498.45
10 32 -2649.48
10 33 -2729.35
10 34 -2727.67
10 35 -2637.38
10 36 -2455.58
10 37 -2183.83
10 38 -1828.52
10 39 -1400.47
10 40 -914.569
10 41 -388.82
10 42 156.547
10 43 700.299
10 44 1221.27
10 45 1699.45
10 46 2116.81
10 47 2457.93
10 48 2710.52
10 49 2865.67
10 50 2917.99
10 51 2865.67
10 52 2710.52
10 53 2457.93
10 54 2116.81
10 55 1699.45
10 56 1221.27
10 57 700.299
10 58 156.547
10 59 -388.82
10 60 -914.569
10 61 -1400.47
10 62 -1828.52
10 63 -2183.83
10 64 -2455.58
10 65 -2637.38
10 66 -2727.67
10 67 -2729.35
10 68 -2649.48
10 69 -2498.45
10 70 -2289.06
10 71 -2035.62
10 72 -1752.85
10 73 -1455.09
10 74 -1155.42
10 75 -865.234
10 76 -593.743
10 77 -347.872
10 78 -132.295
10 79 50.5172
10 80 199.912
10 81 316.823
10 82 403.368
10 83 462.501
10 84 497.68
10 85 512.606
10 86 510.92
10 87 496.122
10 88 471.33
10 89 439.307
10 90 402.353
10 91 362.333
10 92 320.703
10 93 278.521
10 94 236.527
10 95 195.172
10 96 154.665
10 97 115.053
10 98 76.216
10 99 37.9578
10 100 0

11 0 0
11 1 43.2723
11 2 86.7815
11 3 130.725
11 4 175.221
11 5 220.267
11 6 265.696
11 7 311.12
11 8 355.899
11 9 399.063
11 10 439.307
11 11 474.905
11 12 503.738
11 13 523.248
11 14 530.494
11 15 522.199
11 16 494.856
11 17 444.882
11 18 368.818
11 19 263.561
11 20 126.688
11 21 -43.2874
11 22 -246.503
11 23 -481.542
11 24 -745.035
11 25 -1031.59
11 26 -1333.61
11 27 -1641.36
11 28 -1943.23
11 29 -2226.03
11 30 -2475.63
11 31 -2677.58
11 32 -2818.1
11 33 -2884.81
11 34 -2867.83
11 35 -2760.53
11 36 -2560.19
11 37 -2268.56
11 38 -1891.97
11 39 -1441.23
11 40 -931.151
11 41 -379.861
11 42 192.16
11 43 763.165
11 44 1311.23
11 45 1815.31
11 46 2256.19
11 47 2617.25
11 48 2885.04
11 49 3049.73
11 50 3105.3
11 51 3049.73
11 52 2885.04
11 53 2617.25
11 54 2256.19
11 55 1815.31
11 56 1311.23
11 57 763.165
11 58 192.16
11 59 -379.861
11 60 -931.151
11 61 -1441.23
11 62 -1891.97
11 63 -2268.56
11 64 -2560.19
11 65 -2760.53
11 66 -2867.83
11 67 -2884.81
11 68 -2818.1
11 69 -2677.58
11 70 -2475.63
11 71 -2226.03
11 72 -1943.23
11 73 -1641.36
11 74 -1333.61
11 75 -1031.59
11 76 -745.035
11 77 -481.542
11 78 -246.503
11 79 -43.2874
11 80 126.688
11 81 263.561
11 82 368.818
11 83 444.882
11 84 494.856
11 85 522.199
11 86 530.494
11 87 523.248
11 88 503.738
11 89 474.905
11 90 439.307
11 91 399.063
11 92 355.899
11 93 311.12
11 94 265.696
11 95 220.267
11 96 175.221
11 97 130.725
11 98 86.7815
11 99 43.2723
11 100 0

12 0 0
12 1 48.745
12 2 97.6198
12 3 146.708
12 4 195.998
12 5 245.339
12 6 294.384
12 7 342.553
12 8 388.964
12 9 432.419
12 10 471.33
12 11 503.738
12 12 527.266
12 13 539.178
12 14 536.397
12 15 515.62
12 16 473.427
12 17 406.464
12 18 311.647
12 19 186.426
12 20 29.0315
12 21 -161.186
12 22 -383.549
12 23 -635.69
12 24 -913.474
12 25 -1210.74
12 26 -1519.39
12 27 -1829.41
12 28 -2129.15
12 29 -2405.7
12 30 -2645.39
12 31 -2834.5
12 32 -2959.93
12 33 -3010.19
12 34 -2976.02
12 35 -2851.26
12 36 -2633.53
12 37 -2324.57
12 38 -1930.54
12 39 -1461.94
12 40 -933.284
12 41 -362.412
12 42 230.243
12 43 822.694
12 44 1392.48
12 45 1917.75
12 46 2378.23
12 47 2756.14
12 48 3036.93
12 49 3209.82
12 50 3268.2
12 51 3209.82
12 52 3036.93
12 53 2756.14
12 54 2378.23
12 55 1917.75
12 56 1392.48
12 57 822.694
12 58 230.243
12 59 -362.412
12 60 -933.284
12 61 -1461.94
12 62 -1930.54
12 63 -2324.57
12 64 -2633.53
12 65 -2851.26
12 66 -2976.02
12 67 -3010.19
12 68 -2959.93
12 69 -2834.5
12 70 -2645.39
12 71 -2405.7
12 72 -2129.15
12 73 -1829.41
12 74 -1519.39
12 75 -1210.74
12 76 -913.474
12 77 -635.69
12 78 -383.549
12 79 -161.186
12 80 29.0315
12 81 186.426
12 82 311.647
12 83 406.464
12 84 473.427
12 85 515.62
12 86 536.397
12 87 539.178
12 88 527.266
12 89 503.738
12 90 471.33
12 91 432.419
12 92 388.964
12 93 342.553
12 94 294.384
12 95 245.339
12 96 195.998
12 97 146.708
12 98 97.6198
12 99 48.745
12 100 0

13 0 0
13 1 54.2097
13 2 108.395
13 3 162.476
13 4 216.269
13 5 269.425
13 6 321.39
13 7 371.339
13 8 418.15
13 9 460.355
13 10 496.122
13 11 523.248
13 12 539.178
13 13 541.036
13 14 525.739
13 15 490.041
13 16 430.779
13 17 344.953
13 18 230.04
13 19 84.1677
13 20 -93.5998
13 21 -303.027
13 22 -542.459
13 23 -808.684
13 24 -1096.71
13 25 -1399.83
13 26 -1709.58
13 27 -2015.85
13 28 -2307.29
13 29 -2571.52
13 30 -2795.68
13 31 -2967.03
13 32 -3073.55
13 33 -3104.66
13 34 -3052
13 35 -2909.96
13 36 -2676.36
13 37 -2352.92
13 38 -1945.44
13 39 -1463.88
13 40 -922.112
13 41 -337.484
13 42 269.949
13 43 878.217
13 44 1464.56
13 45 2006.44
13 46 2482.68
13 47 2874.42
13 48 3166.03
13 49 3345.83
13 50 3406.57
13 51 3345.83
13 52 3166.03
13 53 2874.42
13 54 2482.68
13 55 2006.44
13 56 1464.56
13 57 878.217
13 58 269.949
13 59 -337.484
13 60 -922.112
13 61 -1463.88
13 62 -1945.44
13 63 -2352.92
13 64 -2676.36
13 65 -2909.96
13 66 -3052
13 67 -3104.66
13 68 -3073.55
13 69 -2967.03
13 70 -2795.68
13 71 -2571.52
13 72 -2307.29
13 73 -2015.85
13 74 -1709.58
13 75 -1399.83
13 76 -1096.71
13 77 -808.684
13 78 -542.459
13 79 -303.027
13 80 -93.5998
13 81 84.1677
13 82 230.04
13 83 344.953
13 84 430.779
13 85 490.041
13 86 525.739
13 87 541.036
13 88 539.178
13 89 523.248
13 90 496.122
13 91 460.355
13 92 418.15
13 93 371.339
13 94 321.39
13 95 269.425
13 96 216.269
13 97 162.476
13 98 108.395
13 99 54.2097
13 100 0

14 0 0
14 1 59.4326
14 2 118.628
14 3 177.299
14 4 235.025
14 5 291.233
14 6 345.106
14 7 395.57
14 8 441.23
14 9 480.373
14 10 510.92
14 11 530.494
14 12 536.397
14 13 525.739
14 14 495.5
14 15 442.67
14 16 364.449
14 17 258.384
14 18 122.63
14 19 -43.8403
14 20 -241.069
14 21 -467.804
14 22 -721.496
14 23 -998
14 24 -1291.7
14 25 -1595.38
14 26 -1900.42
14 27 -2196.97
14 28 -2474.14
14 29 -2720.42
14 30 -2924.03
14 31 -3073.47
14 32 -3157.93
14 33 -3168.03
14 34 -3096.25
14 35 -2937.6
14 36 -2690.11
14 37 -2355.29
14 38 -1938.43
14 39 -1448.69
14 40 -899.134
14 41 -306.281
14 42 310.358
14 43 929.101
14 44 1527.07
14 45 2081.22
14 46 2569.55
14 47 2972.2
14 48 3272.54
14 49 3457.96
14 50 3520.65
14 51 3457.96
14 52 3272.54
14 53 2972.2
14 54 2569.55
14 55 2081.22
14 56 1527.07
14 57 929.101
14 58 310.358
14 59 -306.281
14 60 -899.134
14 61 -1448.69
14 62 -1938.43
14 63 -2355.29
14 64 -2690.11
14 65 -2937.6
14 66 -3096.25
14 67 -3168.03
14 68 -3157.93
14 69 -3073.47
14 70 -2924.03
14 71 -2720.42
14 72 -2474.14
14 73 -2196.97
14 74 -1900.42
14 75 -1595.38
14 76 -1291.7
14 77 -998
14 78 -721.496
14 79 -467.804
14 80 -241.069
14 81 -43.8403
14 82 122.63
14 83 258.384
14 84 364.449
14 85 442.67
14 86 495.5
14 87 525.739
14 88 536.397
14 89 530.494
14 90 510.92
14 91 480.373
14 92 441.23
14 93 395.57
14 94 345.106
14 95 291.233
14 96 235.025
14 97 177.299
14 98 118.628
14 99 59.4326
14 100 0

15 0 0
15 1 64.0725
15 2 127.642
15 3 190.153
15 4 250.913
15 5 309.065
15 6 363.514
15 7 412.899
15 8 455.569
15 9 489.555
15 10 512.606
15 11 522.199
15 12 515.62
15 13 490.041
15 14 442.67
15 15 370.847
15 16 272.306
15 17 145.257
15 18 -11.3144
15 19 -197.527
15 20 -412.408
15 21 -653.75
15 22 -918.031
15 23 -1200.39
15 24 -1494.62
15 25 -1793.27
15 26 -2087.82
15 27 -2368.8
15 28 -2626.19
15 29 -2849.51
15 30 -3028.31
15 31 -3152.5
15 32 -3212.68
15 33 -3200.65
15 34 -3109.88
15 35 -2935.89
15 36 -2676.82
15 37 -2333.9
15 38 -1911.66
15 39 -1418.4
15 40 -866.06
15 41 -270.199
15 42 350.503
15 43 974.77
15 44 1579.78
15 45 2142.1
15 46 2639.05
15 47 3049.86
15 48 3356.9
15 49 3546.73
15 50 3610.95
15 51 3546.73
15 52 3356.9
15 53 3049.86
15 54 2639.05
15 55 2142.1
15 56 1579.78
15 57 974.77
15 58 350.503
15 59 -270.199
15 60 -866.06
15 61 -1418.4
15 62 -1911.66
15 63 -2333.9
15 64 -2676.82
15 65 -2935.89
15 66 -3109.88
15 67 -3200.65
15 68 -3212.68
15 69 -3152.5
15 70 -3028.31
15 71 -2849.51
15 72 -2626.19
15 73 -2368.8
15 74 -2087.82
15 75 -1793.27
15 76 -1494.62
15 77 -1200.39
15 78 -918.031
15 79 -653.75
15 80 -412.408
15 81 -197.527
15 82 -11.3144
15 83 145.257
15 84 272.306
15 85 370.847
15 86 442.67
15 87 490.041
15 88 515.62
15 89 522.199
15 90 512.606
15 91 489.555
15 92 455.569
15 93 412.899
15 94 363.514
15 95 309.065
15 96 250.913
15 97 190.153
15 98 127.642
15 99 64.0725
15 100 0

16 0 0
16 1 67.7208
16 2 134.614
16 3 199.806
16 4 262.277
16 5 320.862
16 6 374.153
16 7 420.513
16 8 458.034
16 9 484.554
16 10 497.68
16 11 494.856
16 12 473.427
16 13 430.779
16 14 364.449
16 15 272.306
16 16 152.719
16 17 4.72247
16 18 -171.799
16 19 -375.959
16 20 -605.806
16 21 -858.144
16 22 -1128.68
16 23 -1411.86
16 24 -1701.16
16 25 -1989.1
16 26 -2267.44
16 27 -2527.46
16 28 -2760.1
16 29 -2956.23
16 30 -3106.87
16 31 -3203.44
16 32 -3238
16 33 -3203.63
16 34 -3094.64
16 35 -2907.06
16 36 -2639.05
16 37 -2291.34
16 38 -1867.71
16 39 -1375.26
16 40 -824.768
16 41 -230.605
16 42 389.419
16 43 1014.7
16 44 1622.55
16 45 2189.31
16 46 2691.66
16 47 3108.02
16 48 3419.87
16 49 3612.94
16 50 3678.32
16 51 3612.94
16 52 3419.87
16 53 3108.02
16 54 2691.66
16 55 2189.31
16 56 1622.55
16 57 1014.7
16 58 389.419
16 59 -230.605
16 60 -824.768
16 61 -1375.26
16 62 -1867.71
16 63 -2291.34
16 64 -2639.05
16 65 -2907.06
16 66 -3094.64
16 67 -3203.63
16 68 -3238
16 69 -3203.44
16 70 -3106.87
16 71 -2956.23
16 72 -2760.1
16 73 -2527.46
16 74 -2267.44
16 75 -1989.1
16 76 -1701.16
16 77 -1411.86
16 78 -1128.68
16 79 -858.144
16 80 -605.806
16 81 -375.959
16 82 -171.799
16 83 4.72247
16 84 152.719
16 85 272.306
16 86 364.449
16 87 430.779
16 88 473.427
16 89 494.856
16 90 497.68
16 91 484.554
16 92 458.034
16 93 420.513
16 94 374.153
16 95 320.862
16 96 262.277
16 97 199.806
16 98 134.614
16 99 67.7208
16 100 0

17 0 0
17 1 69.8506
17 2 138.504
17 3 204.71
17 4 267.102
17 5 324.162
17 6 374.18
17 7 415.233
17 8 445.203
17 9 461.77
17 10 462.501
17 11 444.882
17 12 406.464
17 13 344.953
17 14 258.384
17 15 145.257
17 16 4.72247
17 17 -163.294
17 18 -357.929
17 19 -577.322
17 20 -818.515
17 21 -1077.52
17 22 -1349.27
17 23 -1627.87
17 24 -1906.58
17 25 -2178.16
17 26 -2434.96
17 27 -2669.14
17 28 -2872.89
17 29 -3038.53
17 30 -3158.63
17 31 -3226.22
17 32 -3234.81
17 33 -3178.65
17 34 -3052.89
17 35 -2853.91
17 36 -2579.78
17 37 -2230.66
17 38 -1809.3
17 39 -1321.7
17 40 -777.217
17 41 -189.011
17 42 426.212
17 43 1048.46
17 44 1655.39
17 45 2223.16
17 46 2727.98
17 47 3147.5
17 48 3462.37
17 49 3657.62
17 50 3723.78
17 51 3657.62
17 52 3462.37
17 53 3147.5
17 54 2727.98
17 55 2223.16
17 56 1655.39
17 57 1048.46
17 58 426.212
17 59 -189.011
17 60 -777.217
17 61 -1321.7
17 62 -1809.3
17 63 -2230.66
17 64 -2579.78
17 65 -2853.91
17 66 -3052.89
17 67 -3178.65
17 68 -3234.81
17 69 -3226.22
17 70 -3158.63
17 71 -3038.53
17 72 -2872.89
17 73 -2669.14
17 74 -2434.96
17 75 -2178.16
17 76 -1906.58
17 77 -1627.87
17 78 -1349.27
17 79 -1077.52
17 80 -818.515
17 81 -577.322
17 82 -357.929
17 83 -163.294
17 84 4.72247
17 85 145.257
17 86 258.384
17 87 344.953
17 88 406.464
17 89 444.882
17 90 462.501
17 91 461.77
17 92 445.203
17 93 415.233
17 94 374.18
17 95 324.162
17 96 267.102
17 97 204.71
17 98 138.504
17 99 69.8506
17 100 0

18 0 0
18 1 69.8644
18 2 138.124
18 3 203.118
18 4 263.108
18 5 316.217
18 6 360.431
18 7 393.587
18 8 413.385
18 9 417.449
18 10 403.368
18 11 368.818
18 12 311.647
18 13 230.04
18 14 122.63
18 15 -11.3144
18 16 -171.799
18 17 -357.929
18 18 -567.889
18 19 -798.835
18 20 -1046.98
18 21 -1307.56
18 22 -1575.11
18 23 -1843.42
18 24 -2105.94
18 25 -2355.84
18 26 -2586.27
18 27 -2790.52
18 28 -2962.14
18 29 -3094.96
18 30 -3183.24
18 31 -3221.49
18 32 -3204.66
18 33 -3128.04
18 34 -2987.5
18 35 -2779.66
18 36 -2502.33
18 37 -2154.99
18 38 -1739.42
18 39 -1260.18
18 40 -725.372
18 41 -146.751
18 42 460.007
18 43 1075.77
18 44 1678.44
18 45 2244.21
18 46 2748.82
18 47 3169.31
18 48 3485.58
18 49 3681.98
18 50 3748.57
18 51 3681.98
18 52 3485.58
18 53 3169.31
18 54 2748.82
18 55 2244.21
18 56 1678.44
18 57 1075.77
18 58 460.007
18 59 -146.751
18 60 -725.372
18 61 -1260.18
18 62 -1739.42
18 63 -2154.99
18 64 -2502.33
18 65 -2779.66
18 66 -2987.5
18 67 -3128.04
18 68 -3204.66
18 69 -3221.49
18 70 -3183.24
18 71 -3094.96
18 72 -2962.14
18 73 -2790.52
18 74 -2586.27
18 75 -2355.84
18 76 -2105.94
18 77 -1843.42
18 78 -1575.11
18 79 -1307.56
18 80 -1046.98
18 81 -798.835
18 82 -567.889
18 83 -357.929
18 84 -171.799
18 85 -11.3144
18 86 122.63
18 87 230.04
18 88 311.647
18 89 368.818
18 90 403.368
18 91 417.449
18 92 413.385
18 93 393.587
18 94 360.431
18 95 316.217
18 96 263.108
18 97 203.118
18 98 138.124
18 99 69.8644
18 100 0

19 0 0
19 1 67.094
19 2 132.157
19 3 193.101
19 4 247.816
19 5 294.07
19 6 329.583
19 7 351.987
19 8 358.884
19 9 347.919
19 10 316.823
19 11 263.561
19 12 186.426
19 13 84.1677
19 14 -43.8403
19 15 -197.527
19 16 -375.959
19 17 -577.322
19 18 -798.835
19 19 -1036.84
19 20 -1286.77
19 21 -1543.44
19 22 -1800.99
19 23 -2053.38
19 24 -2294.33
19 25 -2517.72
19 26 -2717.7
19 27 -2888.83
19 28 -3026.07
19 29 -3124.9
19 30 -3181.08
19 31 -3190.64
19 32 -3149.76
19 33 -3054.68
19 34 -2901.79
19 35 -2687.81
19 36 -2410.22
19 37 -2067.71
19 38 -1660.93
19 39 -1193.2
19 40 -671.116
19 41 -105.17
19 42 490.137
19 43 1096.39
19 44 1691.98
19 45 2253.07
19 46 2755.13
19 47 3174.61
19 48 3490.77
19 49 3687.39
19 50 3754.12
19 51 3687.39
19 52 3490.77
19 53 3174.61
19 54 2755.13
19 55 2253.07
19 56 1691.98
19 57 1096.39
19 58 490.137
19 59 -105.17
19 60 -671.116
19 61 -1193.2
19 62 -1660.93
19 63 -2067.71
19 64 -2410.22
19 65 -2687.81
19 66 -2901.79
19 67 -3054.68
19 68 -3149.76
19 69 -3190.64
19 70 -3181.08
19 71 -3124.9
19 72 -3026.07
19 73 -2888.83
19 74 -2717.7
19 75 -2517.72
19 76 -2294.33
19 77 -2053.38
19 78 -1800.99
19 79 -1543.44
19 80 -1286.77
19 81 -1036.84
19 82 -798.835
19 83 -577.322
19 84 -375.959
19 85 -197.527
19 86 -43.8403
19 87 84.1677
19 88 186.426
19 89 263.561
19 90 316.823
19 91 347.919
19 92 358.884
19 93 351.987
19 94 329.583
19 95 294.07
19 96 247.816
19 97 193.101
19 98 132.157
19 99 67.094
19 100 0

20 0 0
20 1 60.8408
20 2 119.229
20 3 172.666
20 4 218.687
20 5 254.747
20 6 278.342
20 7 286.98
20 8 278.237
20 9 249.893
20 10 199.912
20 11 126.688
20 12 29.0315
20 13 -93.5998
20 14 -241.069
20 15 -412.408
20 16 -605.806
20 17 -818.515
20 18 -1046.98
20 19 -1286.77
20 20 -1532.88
20 21 -1779.75
20 22 -2021.61
20 23 -2252.6
20 24 -2467.1
20 25 -2659.87
20 26 -2826.21
20 27 -2962.01
20 28 -3063.79
20 29 -3128.47
20 30 -3153.33
20 31 -3135.72
20 32 -3072.91
20 33 -2961.86
20 34 -2799.37
20 35 -2582.12
20 36 -2307.06
20 37 -1972.11
20 38 -1576.8
20 39 -1123.07
20 40 -616.225
20 41 -65.4122
20 42 515.963
20 43 1110.3
20 44 1696.4
20 45 2250.53
20 46 2747.96
20 47 3164.65
20 48 3479.36
20 49 3675.35
20 50 3741.93
20 51 3675.35
20 52 3479.36
20 53 3164.65
20 54 2747.96
20 55 2250.53
20 56 1696.4
20 57 1110.3
20 58 515.963
20 59 -65.4122
20 60 -616.225
20 61 -1123.07
20 62 -1576.8
20 63 -1972.11
20 64 -2307.06
20 65 -2582.12
20 66 -2799.37
20 67 -2961.86
20 68 -3072.91
20 69 -3135.72
20 70 -3153.33
20 71 -3128.47
20 72 -3063.79
20 73 -2962.01
20 74 -2826.21
20 75 -2659.87
20 76 -2467.1
20 77 -2252.6
20 78 -2021.61
20 79 -1779.75
20 80 -1532.88
20 81 -1286.77
20 82 -1046.98
20 83 -818.515
20 84 -605.806
20 85 -412.408
20 86 -241.069
20 87 -93.5998
20 88 29.0315
20 89 126.688
20 90 199.912
20 91 249.893
20 92 278.237
20 93 286.98
20 94 278.342
20 95 254.747
20 96 218.687
20 97 172.666
20 98 119.229
20 99 60.8408
20 100 0

21 0 0
21 1 50.4247
21 2 98.0122
21 3 139.907
21 4 173.328
21 5 195.486
21 6 203.733
21 7 195.523
21 8 168.534
21 9 120.747
21 10 50.5172
21 11 -43.2874
21 12 -161.186
21 13 -303.027
21 14 -467.804
21 15 -653.75
21 16 -858.144
21 17 -1077.52
21 18 -1307.56
21 19 -1543.44
21 20 -1779.75
21 21 -2011
21 22 -2231.57
21 23 -2436.23
21 24 -2620.11
21 25 -2779.03
21 26 -2909.57
21 27 -3008.98
21 28 -3075.22
21 29 -3106.67
21 30 -3101.92
21 31 -3059.44
21 32 -2977.38
21 33 -2853.28
21 34 -2684.1
21 35 -2466.32
21 36 -2196.42
21 37 -1871.39
21 38 -1489.69
21 39 -1051.99
21 40 -562.264
21 41 -28.4482
21 42 537.096
21 43 1117.57
21 44 1692.22
21 45 2237.48
21 46 2728.45
21 47 3140.84
21 48 3452.88
21 49 3647.47
21 50 3713.59
21 51 3647.47
21 52 3452.88
21 53 3140.84
21 54 2728.45
21 55 2237.48
21 56 1692.22
21 57 1117.57
21 58 537.096
21 59 -28.4482
21 60 -562.264
21 61 -1051.99
21 62 -1489.69
21 63 -1871.39
21 64 -2196.42
21 65 -2466.32
21 66 -2684.1
21 67 -2853.28
21 68 -2977.38
21 69 -3059.44
21 70 -3101.92
21 71 -3106.67
21 72 -3075.22
21 73 -3008.98
21 74 -2909.57
21 75 -2779.03
21 76 -2620.11
21 77 -2436.23
21 78 -2231.57
21 79 -2011
21 80 -1779.75
21 81 -1543.44
21 82 -1307.56
21 83 -1077.52
21 84 -858.144
21 85 -653.75
21 86 -467.804
21 87 -303.027
21 88 -161.186
21 89 -43.2874
21 90 50.5172
21 91 120.747
21 92 168.534
21 93 195.523
21 94 203.733
21 95 195.486
21 96 173.328
21 97 139.907
21 98 98.0122
21 99 50.4247
21 100 0

22 0 0
22 1 35.2574
22 2 67.3641
22 3 93.1974
22 4 109.727
22 5 114.039
22 6 103.404
22 7 75.3693
22 8 27.7766
22 9 -41.0377
22 10 -132.295
22 11 -246.503
22 12 -383.549
22 13 -542.459
22 14 -721.496
22 15 -918.031
22 16 -1128.68
22 17 -1349.27
22 18 -1575.11
22 19 -1800.99
22 20 -2021.61
22 21 -2231.57
22 22 -2425.87
22 23 -2599.94
22 24 -2749.91
22 25 -2872.81
22 26 -2966.45
22 27 -3029.5
22 28 -3061.23
22 29 -3061.33
22 30 -3029.45
22 31 -2965.05
22 32 -2866.86
22 33 -2732.8
22 34 -2559.84
22 35 -2344.21
22 36 -2081.71
22 37 -1768.59
22 38 -1402.09
22 39 -981.855
22 40 -510.572
22 41 4.9216
22 42 553.283
22 43 1118.4
22 44 1680.07
22 45 2214.87
22 46 2697.9
22 47 3104.55
22 48 3412.88
22 49 3605.38
22 50 3670.86
22 51 3605.38
22 52 3412.88
22 53 3104.55
22 54 2697.9
22 55 2214.87
22 56 1680.07
22 57 1118.4
22 58 553.283
22 59 4.9216
22 60 -510.572
22 61 -981.855
22 62 -1402.09
22 63 -1768.59
22 64 -2081.71
22 65 -2344.21
22 66 -2559.84
22 67 -2732.8
22 68 -2866.86
22 69 -2965.05
22 70 -3029.45
22 71 -3061.33
22 72 -3061.23
22 73 -3029.5
22 74 -2966.45
22 75 -2872.81
22 76 -2749.91
22 77 -2599.94
22 78 -2425.87
22 79 -2231.57
22 80 -2021.61
22 81 -1800.99
22 82 -1575.11
22 83 -1349.27
22 84 -1128.68
22 85 -918.031
22 86 -721.496
22 87 -542.459
22 88 -383.549
22 89 -246.503
22 90 -132.295
22 91 -41.0377
22 92 27.7766
22 93 75.3693
22 94 103.404
22 95 114.039
22 96 109.727
22 97 93.1974
22 98 67.3641
22 99 35.2574
22 100 0

23 0 0
23 1 14.8988
23 2 26.4546
23 3 31.379
23 4 26.5373
23 5 8.96751
23 6 -23.9648
23 7 -74.5803
23 8 -144.676
23 9 -235.572
23 10 -347.872
23 11 -481.542
23 12 -635.69
23 13 -808.684
23 14 -998
23 15 -1200.39
23 16 -1411.86
23 17 -1627.87
23 18 -1843.42
23 19 -2053.38
23 20 -2252.6
23 21 -2436.23
23 22 -2599.94
23 23 -2740.09
23 24 -2853.98
23 25 -2939.75
23 26 -2996.59
23 27 -3024.36
23 28 -3023.59
23 29 -2994.98
23 30 -2939.17
23 31 -2856.17
23 32 -2745.22
23 33 -2604.35
23 34 -2430.43
23 35 -2219.27
23 36 -1966.13
23 37 -1666.3
23 38 -1316.21
23 39 -914.269
23 40 -462.225
23 41 34.1815
23 42 564.446
23 43 1113.23
23 44 1660.71
23 45 2183.78
23 46 2657.56
23 47 3057.39
23 48 3361.04
23 49 3550.84
23 50 3615.41
23 51 3550.84
23 52 3361.04
23 53 3057.39
23 54 2657.56
23 55 2183.78
23 56 1660.71
23 57 1113.23
23 58 564.446
23 59 34.1815
23 60 -462.225
23 61 -914.269
23 62 -1316.21
23 63 -1666.3
23 64 -1966.13
23 65 -2219.27
23 66 -2430.43
23 67 -2604.35
23 68 -2745.22
23 69 -2856.17
23 70 -2939.17
23 71 -2994.98
23 72 -3023.59
23 73 -3024.36
23 74 -2996.59
23 75 -2939.75
23 76 -2853.98
23 77 -2740.09
23 78 -2599.94
23 79 -2436.23
23 80 -2252.6
23 81 -2053.38
23 82 -1843.42
23 83 -1627.87
23 84 -1411.86
23 85 -1200.39
23 86 -998
23 87 -808.684
23 88 -635.69
23 89 -481.542
23 90 -347.872
23 91 -235.572
23 92 -144.676
23 93 -74.5803
23 94 -23.9648
23 95 8.96751
23 96 26.5373
23 97 31.379
23 98 26.4546
23 99 14.8988
23 100 0

24 0 0
24 1 -10.8304
24 2 -25.0544
24 3 -45.9433
24 4 -76.6431
24 5 -119.945
24 6 -178.354
24 7 -253.821
24 8 -347.815
24 9 -461.092
24 10 -593.743
24 11 -745.035
24 12 -913.474
24 13 -1096.71
24 14 -1291.7
24 15 -1494.62
24 16 -1701.16
24 17 -1906.58
24 18 -2105.94
24 19 -2294.33
24 20 -2467.1
24 21 -2620.11
24 22 -2749.91
24 23 -2853.98
24 24 -2930.66
24 25 -2979.46
24 26 -3000.61
24 27 -2995.24
24 28 -2964.77
24 29 -2910.84
24 30 -2834.63
24 31 -2736.7
24 32 -2616.39
24 33 -2471.78
24 34 -2299.43
24 35 -2094.78
24 36 -1852.4
24 37 -1566.9
24 38 -1233.74
24 39 -850.53
24 40 -417.961
24 41 59.0493
24 42 570.782
24 43 1102.54
24 44 1635.03
24 45 2145.41
24 46 2608.9
24 47 3000.9
24 48 3299.07
24 49 3485.65
24 50 3549.15
24 51 3485.65
24 52 3299.07
24 53 3000.9
24 54 2608.9
24 55 2145.41
24 56 1635.03
24 57 1102.54
24 58 570.782
24 59 59.0493
24 60 -417.961
24 61 -850.53
24 62 -1233.74
24 63 -1566.9
24 64 -1852.4
24 65 -2094.78
24 66 -2299.43
24 67 -2471.78
24 68 -2616.39
24 69 -2736.7
24 70 -2834.63
24 71 -2910.84
24 72 -2964.77
24 73 -2995.24
24 74 -3000.61
24 75 -2979.46
24 76 -2930.66
24 77 -2853.98
24 78 -2749.91
24 79 -2620.11
24 80 -2467.1
24 81 -2294.33
24 82 -2105.94
24 83 -1906.58
24 84 -1701.16
24 85 -1494.62
24 86 -1291.7
24 87 -1096.71
24 88 -913.474
24 89 -745.035
24 90 -593.743
24 91 -461.092
24 92 -347.815
24 93 -253.821
24 94 -178.354
24 95 -119.945
24 96 -76.6431
24 97 -45.9433
24 98 -25.0544
24 99 -10.8304
24 100 0

25 0 0
25 1 -41.792
25 2 -86.8254
25 3 -138.239
25 4 -198.921
25 5 -271.458
25 6 -357.946
25 7 -459.997
25 8 -578.515
25 9 -713.783
25 10 -865.234
25 11 -1031.59
25 12 -1210.74
25 13 -1399.83
25 14 -1595.38
25 15 -1793.27
25 16 -1989.1
25 17 -2178.16
25 18 -2355.84
25 19 -2517.72
25 20 -2659.87
25 21 -2779.03
25 22 -2872.81
25 23 -2939.75
25 24 -2979.46
25 25 -2992.45
25 26 -2980.16
25 27 -2944.55
25 28 -2887.91
25 29 -2812.41
25 30 -2719.73
25 31 -2610.52
25 32 -2484.2
25 33 -2338.62
25 34 -2170.07
25 35 -1973.48
25 36 -1742.88
25 37 -1472.15
25 38 -1156.09
25 39 -791.425
25 40 -378.18
25 41 79.5314
25 42 572.671
25 43 1087.13
25 44 1604.08
25 45 2101.03
25 46 2553.45
25 47 2936.79
25 48 3228.8
25 49 3411.69
25 50 3473.99
25 51 3411.69
25 52 3228.8
25 53 2936.79
25 54 2553.45
25 55 2101.03
25 56 1604.08
25 57 1087.13
25 58 572.671
25 59 79.5314
25 60 -378.18
25 61 -791.425
25 62 -1156.09
25 63 -1472.15
25 64 -1742.88
25 65 -1973.48
25 66 -2170.07
25 67 -2338.62
25 68 -2484.2
25 69 -2610.52
25 70 -2719.73
25 71 -2812.41
25 72 -2887.91
25 73 -2944.55
25 74 -2980.16
25 75 -2992.45
25 76 -2979.46
25 77 -2939.75
25 78 -2872.81
25 79 -2779.03
25 80 -2659.87
25 81 -2517.72
25 82 -2355.84
25 83 -2178.16
25 84 -1989.1
25 85 -1793.27
25 86 -1595.38
25 87 -1399.83
25 88 -1210.74
25 89 -1031.59
25 90 -865.234
25 91 -713.783
25 92 -578.515
25 93 -459.997
25 94 -357.946
25 95 -271.458
25 96 -198.921
25 97 -138.239
25 98 -86.8254
25 99 -41.792
25 100 0

26 0 0
26 1 -77.4478
26 2 -157.796
26 3 -243.806
26 4 -338.002
26 5 -442.506
26 6 -558.981
26 7 -688.477
26 8 -831.395
26 9 -987.41
26 10 -1155.42
26 11 -1333.61
26 12 -1519.39
26 13 -1709.58
26 14 -1900.42
26 15 -2087.82
26 16 -2267.44
26 17 -2434.96
26 18 -2586.27
26 19 -2717.7
26 20 -2826.21
26 21 -2909.57
26 22 -2966.45
26 23 -2996.59
26 24 -3000.61
26 25 -2980.16
26 26 -2937.46
26 27 -2875.3
26 28 -2796.46
26 29 -2703.5
26 30 -2598.22
26 31 -2481.32
26 32 -2352.06
26 33 -2207.98
26 34 -2045.01
26 35 -1857.59
26 36 -1639.27
26 37 -1383.33
26 38 -1083.98
26 39 -737.401
26 40 -342.886
26 41 95.9913
26 42 570.793
26 43 1067.96
26 44 1569.1
26 45 2052.14
26 46 2492.84
26 47 2866.9
26 48 3152.18
26 49 3331.01
26 50 3391.94
26 51 3331.01
26 52 3152.18
26 53 2866.9
26 54 2492.84
26 55 2052.14
26 56 1569.1
26 57 1067.96
26 58 570.793
26 59 95.9913
26 60 -342.886
26 61 -737.401
26 62 -1083.98
26 63 -1383.33
26 64 -1639.27
26 65 -1857.59
26 66 -2045.01
26 67 -2207.98
26 68 -2352.06
26 69 -2481.32
26 70 -2598.22
26 71 -2703.5
26 72 -2796.46
26 73 -2875.3
26 74 -2937.46
26 75 -2980.16
26 76 -3000.61
26 77 -2996.59
26 78 -2966.45
26 79 -2909.57
26 80 -2826.21
26 81 -2717.7
26 82 -2586.27
26 83 -2434.96
26 84 -2267.44
26 85 -2087.82
26 86 -1900.42
26 87 -1709.58
26 88 -1519.39
26 89 -1333.61
26 90 -1155.42
26 91 -987.41
26 92 -831.395
26 93 -688.477
26 94 -558.981
26 95 -442.506
26 96 -338.002
26 97 -243.806
26 98 -157.796
26 99 -77.4478
26 100 0

27 0 0
27 1 -116.802
27 2 -235.952
27 3 -359.657
27 4 -489.866
27 5 -628.116
27 6 -775.48
27 7 -932.388
27 8 -1098.68
27 9 -1273.43
27 10 -1455.09
27 11 -1641.36
27 12 -1829.41
27 13 -2015.85
27 14 -2196.97
27 15 -2368.8
27 16 -2527.46
27 17 -2669.14
27 18 -2790.52
27 19 -2888.83
27 20 -2962.01
27 21 -3008.98
27 22 -3029.5
27 23 -3024.36
27 24 -2995.24
27 25 -2944.55
27 26 -2875.3
27 27 -2790.72
27 28 -2693.94
27 29 -2587.65
27 30 -2473.64
27 31 -2352.39
27 32 -2222.89
27 33 -2082.33
27 34 -1926.23
27 35 -1748.63
27 36 -1542.61
27 37 -1301.06
27 38 -1017.73
27 39 -688.281
27 40 -311.649
27 41 109.172
27 42 566.156
27 43 1046.25
27 44 1531.56
27 45 2000.42
27 46 2428.98
27 47 2793.23
27 48 3071.34
27 49 3245.79
27 50 3305.26
27 51 3245.79
27 52 3071.34
27 53 2793.23
27 54 2428.98
27 55 2000.42
27 56 1531.56
27 57 1046.25
27 58 566.156
27 59 109.172
27 60 -311.649
27 61 -688.281
27 62 -1017.73
27 63 -1301.06
27 64 -1542.61
27 65 -1748.63
27 66 -1926.23
27 67 -2082.33
27 68 -2222.89
27 69 -2352.39
27 70 -2473.64
27 71 -2587.65
27 72 -2693.94
27 73 -2790.72
27 74 -2875.3
27 75 -2944.55
27 76 -2995.24
27 77 -3024.36
27 78 -3029.5
27 79 -3008.98
27 80 -2962.01
27 81 -2888.83
27 82 -2790.52
27 83 -2669.14
27 84 -2527.46
27 85 -2368.8
27 86 -2196.97
27 87 -2015.85
27 88 -1829.41
27 89 -1641.36
27 90 -1455.09
27 91 -1273.43
27 92 -1098.68
27 93 -932.388
27 94 -775.48
27 95 -628.116
27 96 -489.866
27 97 -359.657
27 98 -235.952
27 99 -116.802
27 100 0

28 0 0
28 1 -158.426
28 2 -318.441
28 3 -481.549
28 4 -648.901
28 5 -821.398
28 6 -999.322
28 7 -1182.55
28 8 -1370.23
28 9 -1561.01
28 10 -1752.85
28 11 -1943.23
28 12 -2129.15
28 13 -2307.29
28 14 -2474.14
28 15 -2626.19
28 16 -2760.1
28 17 -2872.89
28 18 -2962.14
28 19 -3026.07
28 20 -3063.79
28 21 -3075.22
28 22 -3061.23
28 23 -3023.59
28 24 -2964.77
28 25 -2887.91
28 26 -2796.46
28 27 -2693.94
28 28 -2583.61
28 29 -2468.07
28 30 -2348.86
28 31 -2226.23
28 32 -2098.76
28 33 -1963.28
28 34 -1814.89
28 35 -1647.3
28 36 -1453.22
28 37 -1225.27
28 38 -956.863
28 39 -643.439
28 40 -283.511
28 41 120.168
28 42 560.106
28 43 1023.59
28 44 1493.2
28 45 1947.77
28 46 2363.9
28 47 2718.02
28 48 2988.6
28 49 3158.43
28 50 3216.34
28 51 3158.43
28 52 2988.6
28 53 2718.02
28 54 2363.9
28 55 1947.77
28 56 1493.2
28 57 1023.59
28 58 560.106
28 59 120.168
28 60 -283.511
28 61 -643.439
28 62 -956.863
28 63 -1225.27
28 64 -1453.22
28 65 -1647.3
28 66 -1814.89
28 67 -1963.28
28 68 -2098.76
28 69 -2226.23
28 70 -2348.86
28 71 -2468.07
28 72 -2583.61
28 73 -2693.94
28 74 -2796.46
28 75 -2887.91
28 76 -2964.77
28 77 -3023.59
28 78 -3061.23
28 79 -3075.22
28 80 -3063.79
28 81 -3026.07
28 82 -2962.14
28 83 -2872.89
28 84 -2760.1
28 85 -2626.19
28 86 -2474.14
28 87 -2307.29
28 88 -2129.15
28 89 -1943.23
28 90 -1752.85
28 91 -1561.01
28 92 -1370.23
28 93 -1182.55
28 94 -999.322
28 95 -821.398
28 96 -648.901
28 97 -481.549
28 98 -318.441
28 99 -158.426
28 100 0

29 0 0
29 1 -200.432
29 2 -401.573
