0 0 0
0 1 0
0 2 0
0 3 0
0 4 0
0 5 0
0 6 0
0 7 0
0 8 0
0 9 0
0 10 0
0 11 0
0 12 0
0 13 0
0 14 0
0 15 0
0 16 0
0 17 0
0 18 0
0 19 0
0 20 0
0 21 0
0 22 0
0 23 0
0 24 0
0 25 0
0 26 0
0 27 0
0 28 0
0 29 0
0 30 0
0 31 0
0 32 0
0 33 0
0 34 0
0 35 0
0 36 0
0 37 0
0 38 0
0 39 0
0 40 0
0 41 0
0 42 0
0 43 0
0 44 0
0 45 0
0 46 0
0 47 0
0 48 0
0 49 0
0 50 0
0 51 0
0 52 0
0 53 0
0 54 0
0 55 0
0 56 0
0 57 0
0 58 0
0 59 0
0 60 0
0 61 0
0 62 0
0 63 0
0 64 0
0 65 0
0 66 0
0 67 0
0 68 0
0 69 0
0 70 0
0 71 0
0 72 0
0 73 0
0 74 0
0 75 0
0 76 0
0 77 0
0 78 0
0 79 0
0 80 0
0 81 0
0 82 0
0 83 0
0 84 0
0 85 0
0 86 0
0 87 0
0 88 0
0 89 0
0 90 0
0 91 0
0 92 0
0 93 0
0 94 0
0 95 0
0 96 0
0 97 0
0 98 0
0 99 0
0 100 0

1 0 0
1 1 -1.81904
1 2 -3.78472
1 3 -6.0898
1 4 -8.90479
1 5 -12.4246
1 6 -16.8459
1 7 -22.3643
1 8 -29.1959
1 9 -37.5314
1 10 -47.6145
1 11 -59.6056
1 12 -73.6828
1 13 -89.9726
1 14 -108.521
1 15 -129.323
1 16 -152.339
1 17 -177.417
1 18 -204.329
1 19 -232.804
1 20 -262.444
1 21 -292.85
1 22 -323.533
1 23 -353.994
1 24 -383.733
1 25 -412.226
1 26 -439.028
1 27 -463.688
1 28 -485.86
1 29 -505.251
1 30 -521.649
1 31 -534.954
1 32 -545.111
1 33 -552.21
1 34 -556.352
1 35 -557.778
1 36 -556.725
1 37 -553.534
1 38 -548.536
1 39 -542.119
1 40 -534.66
1 41 -526.546
1 42 -518.153
1 43 -509.83
1 44 -501.914
1 45 -494.686
1 46 -488.419
1 47 -483.31
1 48 -479.546
1 49 -477.231
1 50 -476.457
1 51 -477.231
1 52 -479.546
1 53 -483.31
1 54 -488.419
1 55 -494.686
1 56 -501.914
1 57 -509.83
1 58 -518.153
1 59 -526.546
1 60 -534.66
1 61 -542.119
1 62 -548.536
1 63 -553.534
1 64 -556.725
1 65 -557.778
1 66 -556.352
1 67 -552.21
1 68 -545.111
1 69 -534.954
1 70 -521.649
1 71 -505.251
1 72 -485.86
1 73 -463.688
1 74 -439.028
1 75 -412.226
1 76 -383.733
1 77 -353.994
1 78 -323.533
1 79 -292.85
1 80 -262.444
1 81 -232.804
1 82 -204.329
1 83 -177.417
1 84 -152.339
1 85 -129.323
1 86 -108.521
1 87 -89.9726
1 88 -73.6828
1 89 -59.6056
1 90 -47.6145
1 91 -37.5314
1 92 -29.1959
1 93 -22.3643
1 94 -16.8459
1 95 -12.4246
1 96 -8.90479
1 97 -6.0898
1 98 -3.78472
1 99 -1.81904
1 100 0

2 0 0
2 1 -3.78472
2 2 -7.8964
2 3 -12.7077
2 4 -18.5759
2 5 -25.8485
2 6 -34.933
2 7 -46.2488
2 8 -60.2531
2 9 -77.3466
2 10 -97.813
2 11 -122.188
2 12 -150.698
2 13 -183.526
2 14 -220.841
2 15 -262.567
2 16 -308.585
2 17 -358.569
2 18 -412.046
2 19 -468.417
2 20 -526.908
2 21 -586.673
2 22 -646.761
2 23 -706.167
2 24 -763.908
2 25 -818.971
2 26 -870.48
2 27 -917.585
2 28 -959.627
2 29 -996.055
2 30 -1026.51
2 31 -1050.79
2 32 -1068.88
2 33 -1080.93
2 34 -1087.22
2 35 -1088.22
2 36 -1084.45
2 37 -1076.56
2 38 -1065.26
2 39 -1051.28
2 40 -1035.4
2 41 -1018.37
2 42 -1000.92
2 43 -983.746
2 44 -967.497
2 45 -952.723
2 46 -939.95
2 47 -929.563
2 48 -921.92
2 49 -917.227
2 50 -915.657
2 51 -917.227
2 52 -921.92
2 53 -929.563
2 54 -939.95
2 55 -952.723
2 56 -967.497
2 57 -983.746
2 58 -1000.92
2 59 -1018.37
2 60 -1035.4
2 61 -1051.28
2 62 -1065.26
2 63 -1076.56
2 64 -1084.45
2 65 -1088.22
2 66 -1087.22
2 67 -1080.93
2 68 -1068.88
2 69 -1050.79
2 70 -1026.51
2 71 -996.055
2 72 -959.627
2 73 -917.585
2 74 -870.48
2 75 -818.971
2 76 -763.908
2 77 -706.167
2 78 -646.761
2 79 -586.673
2 80 -526.908
2 81 -468.417
2 82 -412.046
2 83 -358.569
2 84 -308.585
2 85 -262.567
2 86 -220.841
2 87 -183.526
2 88 -150.698
2 89 -122.188
2 90 -97.813
2 91 -77.3466
2 92 -60.2531
2 93 -46.2488
2 94 -34.933
2 95 -25.8485
2 96 -18.5759
2 97 -12.7077
2 98 -7.8964
2 99 -3.78472
2 100 0

3 0 0
3 1 -6.0898
3 2 -12.7077
3 3 -20.4006
3 4 -29.7111
3 5 -41.2227
3 6 -55.5352
3 7 -73.2825
3 8 -95.0904
3 9 -121.505
3 10 -153.211
3 11 -190.601
3 12 -234.151
3 13 -284.116
3 14 -340.551
3 15 -403.401
3 16 -472.324
3 17 -546.799
3 18 -626.054
3 19 -709.118
3 20 -794.82
3 21 -881.851
3 22 -968.782
3 23 -1054.15
3 24 -1136.47
3 25 -1214.35
3 26 -1286.47
3 27 -1351.73
3 28 -1409.17
3 29 -1458.11
3 30 -1498.09
3 31 -1528.93
3 32 -1550.67
3 33 -1563.62
3 34 -1568.3
3 35 -1565.41
3 36 -1555.79
3 37 -1540.44
3 38 -1520.41
3 39 -1496.81
3 40 -1470.76
3 41 -1443.36
3 42 -1415.69
3 43 -1388.74
3 44 -1363.42
3 45 -1340.57
3 46 -1320.87
3 47 -1304.94
3 48 -1293.22
3 49 -1286.06
3 50 -1283.64
3 51 -1286.06
3 52 -1293.22
3 53 -1304.94
3 54 -1320.87
3 55 -1340.57
3 56 -1363.42
3 57 -1388.74
3 58 -1415.69
3 59 -1443.36
3 60 -1470.76
3 61 -1496.81
3 62 -1520.41
3 63 -1540.44
3 64 -1555.79
3 65 -1565.41
3 66 -1568.3
3 67 -1563.62
3 68 -1550.67
3 69 -1528.93
3 70 -1498.09
3 71 -1458.11
3 72 -1409.17
3 73 -1351.73
3 74 -1286.47
3 75 -1214.35
3 76 -1136.47
3 77 -1054.15
3 78 -968.782
3 79 -881.851
3 80 -794.82
3 81 -709.118
3 82 -626.054
3 83 -546.799
3 84 -472.324
3 85 -403.401
3 86 -340.551
3 87 -284.116
3 88 -234.151
3 89 -190.601
3 90 -153.211
3 91 -121.505
3 92 -95.0904
3 93 -73.2825
3 94 -55.5352
3 95 -41.2227
3 96 -29.7111
3 97 -20.4006
3 98 -12.7077
3 99 -6.0898
3 100 0

4 0 0
4 1 -8.90479
4 2 -18.5759
4 3 -29.7111
4 4 -43.1037
4 5 -59.5675
4 6 -79.9188
4 7 -104.974
4 8 -135.461
4 9 -172.293
4 10 -216.118
4 11 -267.552
4 12 -326.995
4 13 -394.749
4 14 -470.801
4 15 -554.876
4 16 -646.445
4 17 -744.647
4 18 -848.385
4 19 -956.231
4 20 -1066.61
4 21 -1177.71
4 22 -1287.66
4 23 -1394.53
4 24 -1496.44
4 25 -1591.64
4 26 -1678.53
4 27 -1755.78
4 28 -1822.32
4 29 -1877.39
4 30 -1920.61
4 31 -1951.86
4 32 -1971.41
4 33 -1979.75
4 34 -1977.72
4 35 -1966.29
4 36 -1946.71
4 37 -1920.25
4 38 -1888.36
4 39 -1852.47
4 40 -1814.05
4 41 -1774.49
4 42 -1735.17
4 43 -1697.33
4 44 -1662.12
4 45 -1630.57
4 46 -1603.53
4 47 -1581.74
4 48 -1565.76
4 49 -1556.02
4 50 -1552.74
4 51 -1556.02
4 52 -1565.76
4 53 -1581.74
4 54 -1603.53
4 55 -1630.57
4 56 -1662.12
4 57 -1697.33
4 58 -1735.17
4 59 -1774.49
4 60 -1814.05
4 61 -1852.47
4 62 -1888.36
4 63 -1920.25
4 64 -1946.71
4 65 -1966.29
4 66 -1977.72
4 67 -1979.75
4 68 -1971.41
4 69 -1951.86
4 70 -1920.61
4 71 -1877.39
4 72 -1822.32
4 73 -1755.78
4 74 -1678.53
4 75 -1591.64
4 76 -1496.44
4 77 -1394.53
4 78 -1287.66
4 79 -1177.71
4 80 -1066.61
4 81 -956.231
4 82 -848.385
4 83 -744.647
4 84 -646.445
4 85 -554.876
4 86 -470.801
4 87 -394.749
4 88 -326.995
4 89 -267.552
4 90 -216.118
4 91 -172.293
4 92 -135.461
4 93 -104.974
4 94 -79.9188
4 95 -59.5675
4 96 -43.1037
4 97 -29.7111
4 98 -18.5759
4 99 -8.90479
4 100 0

5 0 0
5 1 -12.4246
5 2 -25.8485
5 3 -41.2227
5 4 -59.5675
5 5 -81.9422
5 6 -109.338
5 7 -142.728
5 8 -183.224
5 9 -231.647
5 10 -288.849
5 11 -355.384
5 12 -431.733
5 13 -517.994
5 14 -613.994
5 15 -719.257
5 16 -832.844
5 17 -953.552
5 18 -1079.81
5 19 -1209.75
5 20 -1341.28
5 21 -1472.15
5 22 -1600.02
5 23 -1722.6
5 24 -1837.67
5 25 -1943.23
5 26 -2037.52
5 27 -2119.14
5 28 -2187.03
5 29 -2240.54
5 30 -2279.43
5 31 -2303.85
5 32 -2314.32
5 33 -2311.7
5 34 -2297.13
5 35 -2271.98
5 36 -2237.82
5 37 -2196.32
5 38 -2149.21
5 39 -2098.28
5 40 -2045.24
5 41 -1991.79
5 42 -1939.46
5 43 -1889.76
5 44 -1843.95
5 45 -1803.22
5 46 -1768.52
5 47 -1740.7
5 48 -1720.36
5 49 -1707.99
5 50 -1703.82
5 51 -1707.99
5 52 -1720.36
5 53 -1740.7
5 54 -1768.52
5 55 -1803.22
5 56 -1843.95
5 57 -1889.76
5 58 -1939.46
5 59 -1991.79
5 60 -2045.24
5 61 -2098.28
5 62 -2149.21
5 63 -2196.32
5 64 -2237.82
5 65 -2271.98
5 66 -2297.13
5 67 -2311.7
5 68 -2314.32
5 69 -2303.85
5 70 -2279.43
5 71 -2240.54
5 72 -2187.03
5 73 -2119.14
5 74 -2037.52
5 75 -1943.23
5 76 -1837.67
5 77 -1722.6
5 78 -1600.02
5 79 -1472.15
5 80 -1341.28
5 81 -1209.75
5 82 -1079.81
5 83 -953.552
5 84 -832.844
5 85 -719.257
5 86 -613.994
5 87 -517.994
5 88 -431.733
5 89 -355.384
5 90 -288.849
5 91 -231.647
5 92 -183.224
5 93 -142.728
5 94 -109.338
5 95 -81.9422
5 96 -59.5675
5 97 -41.2227
5 98 -25.8485
5 99 -12.4246
5 100 0

6 0 0
6 1 -16.8459
6 2 -34.933
6 3 -55.5352
6 4 -79.9188
6 5 -109.338
6 6 -144.988
6 7 -188.182
6 8 -239.965
6 9 -301.398
6 10 -373.255
6 11 -456.15
6 12 -550.292
6 13 -655.678
6 14 -771.799
6 15 -897.756
6 16 -1032.27
6 17 -1173.57
6 18 -1319.61
6 19 -1467.99
6 20 -1616.15
6 21 -1761.36
6 22 -1900.93
6 23 -2032.21
6 24 -2152.82
6 25 -2260.62
6 26 -2353.87
6 27 -2431.22
6 28 -2491.84
6 29 -2535.3
6 30 -2561.71
6 31 -2571.57
6 32 -2565.8
6 33 -2545.67
6 34 -2512.73
6 35 -2468.74
6 36 -2415.63
6 37 -2355.4
6 38 -2290.11
6 39 -2221.76
6 40 -2152.33
6 41 -2083.65
6 42 -2017.46
6 43 -1955.31
6 44 -1898.61
6 45 -1848.56
6 46 -1806.21
6 47 -1772.4
6 48 -1747.78
6 49 -1732.82
6 50 -1727.81
6 51 -1732.82
6 52 -1747.78
6 53 -1772.4
6 54 -1806.21
6 55 -1848.56
6 56 -1898.61
6 57 -1955.31
6 58 -2017.46
6 59 -2083.65
6 60 -2152.33
6 61 -2221.76
6 62 -2290.11
6 63 -2355.4
6 64 -2415.63
6 65 -2468.74
6 66 -2512.73
6 67 -2545.67
6 68 -2565.8
6 69 -2571.57
6 70 -2561.71
6 71 -2535.3
6 72 -2491.84
6 73 -2431.22
6 74 -2353.87
6 75 -2260.62
6 76 -2152.82
6 77 -2032.21
6 78 -1900.93
6 79 -1761.36
6 80 -1616.15
6 81 -1467.99
6 82 -1319.61
6 83 -1173.57
6 84 -1032.27
6 85 -897.756
6 86 -771.799
6 87 -655.678
6 88 -550.292
6 89 -456.15
6 90 -373.255
6 91 -301.398
6 92 -239.965
6 93 -188.182
6 94 -144.988
6 95 -109.338
6 96 -79.9188
6 97 -55.5352
6 98 -34.933
6 99 -16.8459
6 100 0

7 0 0
7 1 -22.3643
7 2 -46.2488
7 3 -73.2825
7 4 -104.974
7 5 -142.728
7 6 -188.182
7 7 -242.598
7 8 -307.232
7 9 -383.091
7 10 -470.963
7 11 -571.262
7 12 -684.043
7 13 -808.799
7 14 -944.748
7 15 -1090.44
7 16 -1244.02
7 17 -1403.25
7 18 -1565.4
7 19 -1727.64
7 20 -1886.84
7 21 -2039.94
7 22 -2183.91
7 23 -2315.94
7 24 -2433.58
7 25 -2534.75
7 26 -2617.87
7 27 -2681.91
7 28 -2726.33
7 29 -2751.22
7 30 -2757.07
7 31 -2744.93
7 32 -2716.17
7 33 -2672.58
7 34 -2616.1
7 35 -2548.94
7 36 -2473.32
7 37 -2391.6
7 38 -2306.01
7 39 -2218.79
7 40 -2132.02
7 41 -2047.64
7 42 -1967.42
7 43 -1892.96
7 44 -1825.66
7 45 -1766.71
7 46 -1717.14
7 47 -1677.74
7 48 -1649.15
7 49 -1631.82
7 50 -1626.02
7 51 -1631.82
7 52 -1649.15
7 53 -1677.74
7 54 -1717.14
7 55 -1766.71
7 56 -1825.66
7 57 -1892.96
7 58 -1967.42
7 59 -2047.64
7 60 -2132.02
7 61 -2218.79
7 62 -2306.01
7 63 -2391.6
7 64 -2473.32
7 65 -2548.94
7 66 -2616.1
7 67 -2672.58
7 68 -2716.17
7 69 -2744.93
7 70 -2757.07
7 71 -2751.22
7 72 -2726.33
7 73 -2681.91
7 74 -2617.87
7 75 -2534.75
7 76 -2433.58
7 77 -2315.94
7 78 -2183.91
7 79 -2039.94
7 80 -1886.84
7 81 -1727.64
7 82 -1565.4
7 83 -1403.25
7 84 -1244.02
7 85 -1090.44
7 86 -944.748
7 87 -808.799
7 88 -684.043
7 89 -571.262
7 90 -470.963
7 91 -383.091
7 92 -307.232
7 93 -242.598
7 94 -188.182
7 95 -142.728
7 96 -104.974
7 97 -73.2825
7 98 -46.2488
7 99 -22.3643
7 100 0

8 0 0
8 1 -29.1959
8 2 -60.2531
8 3 -95.0904
8 4 -135.461
8 5 -183.224
8 6 -239.965
8 7 -307.232
8 8 -386.238
8 9 -478.009
8 10 -583.084
8 11 -701.678
8 12 -833.422
8 13 -977.453
8 14 -1132.29
8 15 -1295.99
8 16 -1466.05
8 17 -1639.54
8 18 -1813.24
8 19 -1983.7
8 20 -2147.43
8 21 -2301.01
8 22 -2441.3
8 23 -2565.43
8 24 -2671.1
8 25 -2756.47
8 26 -2820.35
8 27 -2862.15
8 28 -2881.91
8 29 -2880.26
8 30 -2858.33
8 31 -2817.72
8 32 -2760.4
8 33 -2688.6
8 34 -2604.78
8 35 -2511.44
8 36 -2411.19
8 37 -2306.52
8 38 -2199.89
8 39 -2093.57
8 40 -1989.71
8 41 -1890.21
8 42 -1796.83
8 43 -1711.04
8 44 -1634.21
8 45 -1567.38
8 46 -1511.53
8 47 -1467.33
8 48 -1435.4
8 49 -1416.06
8 50 -1409.61
8 51 -1416.06
8 52 -1435.4
8 53 -1467.33
8 54 -1511.53
8 55 -1567.38
8 56 -1634.21
8 57 -1711.04
8 58 -1796.83
8 59 -1890.21
8 60 -1989.71
8 61 -2093.57
8 62 -2199.89
8 63 -2306.52
8 64 -2411.19
8 65 -2511.44
8 66 -2604.78
8 67 -2688.6
8 68 -2760.4
8 69 -2817.72
8 70 -2858.33
8 71 -2880.26
8 72 -2881.91
8 73 -2862.15
8 74 -2820.35
8 75 -2756.47
8 76 -2671.1
8 77 -2565.43
8 78 -2441.3
8 79 -2301.01
8 80 -2147.43
8 81 -1983.7
8 82 -1813.24
8 83 -1639.54
8 84 -1466.05
8 85 -1295.99
8 86 -1132.29
8 87 -977.453
8 88 -833.422
8 89 -701.678
8 90 -583.084
8 91 -478.009
8 92 -386.238
8 93 -307.232
8 94 -239.965
8 95 -183.224
8 96 -135.461
8 97 -95.0904
8 98 -60.2531
8 99 -29.1959
8 100 0

9 0 0
9 1 -37.5314
9 2 -77.3466
9 3 -121.505
9 4 -172.293
9 5 -231.647
9 6 -301.398
9 7 -383.091
9 8 -478.009
9 9 -586.902
9 10 -710.172
9 11 -847.537
9 12 -998.184
9 13 -1160.6
9 14 -1332.73
9 15 -1511.84
9 16 -1694.78
9 17 -1877.98
9 18 -2057.6
9 19 -2229.76
9 20 -2390.63
9 21 -2536.66
9 22 -2664.67
9 23 -2772.02
9 24 -2856.68
9 25 -2917.35
9 26 -2953.36
9 27 -2964.82
9 28 -2952.45
9 29 -2917.6
9 30 -2862.09
9 31 -2788.18
9 32 -2698.4
9 33 -2595.5
9 34 -2482.31
9 35 -2361.68
9 36 -2236.38
9 37 -2109.07
9 38 -1982.2
9 39 -1858.08
9 40 -1738.7
9 41 -1625.91
9 42 -1521.25
9 43 -1426.09
9 44 -1341.54
9 45 -1268.56
9 46 -1207.88
9 47 -1160.12
9 48 -1125.69
9 49 -1104.92
9 50 -1097.97
9 51 -1104.92
9 52 -1125.69
9 53 -1160.12
9 54 -1207.88
9 55 -1268.56
9 56 -1341.54
9 57 -1426.09
9 58 -1521.25
9 59 -1625.91
9 60 -1738.7
9 61 -1858.08
9 62 -1982.2
9 63 -2109.07
9 64 -2236.38
9 65 -2361.68
9 66 -2482.31
9 67 -2595.5
9 68 -2698.4
9 69 -2788.18
9 70 -2862.09
9 71 -2917.6
9 72 -2952.45
9 73 -2964.82
9 74 -2953.36
9 75 -2917.35
9 76 -2856.68
9 77 -2772.02
9 78 -2664.67
9 79 -2536.66
9 80 -2390.63
9 81 -2229.76
9 82 -2057.6
9 83 -1877.98
9 84 -1694.78
9 85 -1511.84
9 86 -1332.73
9 87 -1160.6
9 88 -998.184
9 89 -847.537
9 90 -710.172
9 91 -586.902
9 92 -478.009
9 93 -383.091
9 94 -301.398
9 95 -231.647
9 96 -172.293
9 97 -121.505
9 98 -77.3466
9 99 -37.5314
9 100 0

10 0 0
10 1 -47.6145
10 2 -97.813
10 3 -153.211
10 4 -216.118
10 5 -288.849
10 6 -373.255
10 7 -470.963
10 8 -583.084
10 9 -710.172
10 10 -852.126
10 11 -1008.26
10 12 -1177.03
10 13 -1356.3
10 14 -1543.13
10 15 -1734.15
10 16 -1925.43
10 17 -2112.75
10 18 -2291.84
10 19 -2458.38
10 20 -2608.44
10 21 -2738.47
10 22 -2845.51
10 23 -2927.33
10 24 -2982.47
10 25 -3010.29
10 26 -3010.94
10 27 -2985.3
10 28 -2934.99
10 29 -2862.09
10 30 -2769.24
10 31 -2659.27
10 32 -2535.34
10 33 -2400.58
10 34 -2258.18
10 35 -2111.15
10 36 -1962.38
10 37 -1814.52
10 38 -1669.94
10 39 -1530.77
10 40 -1398.83
10 41 -1275.72
10 42 -1162.73
10 43 -1060.96
10 44 -971.279
10 45 -894.392
10 46 -830.839
10 47 -781.025
10 48 -745.25
10 49 -723.707
10 50 -716.516
10 51 -723.707
10 52 -745.25
10 53 -781.025
10 54 -830.839
10 55 -894.392
10 56 -971.279
10 57 -1060.96
10 58 -1162.73
10 59 -1275.72
10 60 -1398.83
10 61 -1530.77
10 62 -1669.94
10 63 -1814.52
10 64 -1962.38
10 65 -2111.15
10 66 -2258.18
10 67 -2400.58
10 68 -2535.34
10 69 -2659.27
10 70 -2769.24
10 71 -2862.09
10 72 -2934.99
10 73 -2985.3
10 74 -3010.94
10 75 -3010.29
10 76 -2982.47
10 77 -2927.33
10 78 -2845.51
10 79 -2738.47
10 80 -2608.44
10 81 -2458.38
10 82 -2291.84
10 83 -2112.75
10 84 -1925.43
10 85 -1734.15
10 86 -1543.13
10 87 -1356.3
10 88 -1177.03
10 89 -1008.26
10 90 -852.126
10 91 -710.172
10 92 -583.084
10 93 -470.963
10 94 -373.255
10 95 -288.849
10 96 -216.118
10 97 -153.211
10 98 -97.813
10 99 -47.6145
10 100 0

11 0 0
11 1 -59.6056
11 2 -122.188
11 3 -190.601
11 4 -267.552
11 5 -355.384
11 6 -456.15
11 7 -571.262
11 8 -701.678
11 9 -847.537
11 10 -1008.26
11 11 -1182.41
11 12 -1367.79
11 13 -1561.39
11 14 -1759.54
11 15 -1957.94
11 16 -2152.09
11 17 -2337.16
11 18 -2508.46
11 19 -2661.6
11 20 -2792.57
11 21 -2898.17
11 22 -2975.86
11 23 -3024.09
11 24 -3042.17
11 25 -3030.36
11 26 -2989.75
11 27 -2922.2
11 28 -2830.2
11 29 -2716.71
11 30 -2585.04
11 31 -2438.72
11 32 -2281.28
11 33 -2116.27
11 34 -1946.98
11 35 -1776.56
11 36 -1607.79
11 37 -1443.22
11 38 -1284.95
11 39 -1134.88
11 40 -994.473
11 41 -865.015
11 42 -747.426
11 43 -642.512
11 44 -550.784
11 45 -472.702
11 46 -408.509
11 47 -358.443
11 48 -322.591
11 49 -301.068
11 50 -293.877
11 51 -301.068
11 52 -322.591
11 53 -358.443
11 54 -408.509
11 55 -472.702
11 56 -550.784
11 57 -642.512
11 58 -747.426
11 59 -865.015
11 60 -994.473
11 61 -1134.88
11 62 -1284.95
11 63 -1443.22
11 64 -1607.79
11 65 -1776.56
11 66 -1946.98
11 67 -2116.27
11 68 -2281.28
11 69 -2438.72
11 70 -2585.04
11 71 -2716.71
11 72 -2830.2
11 73 -2922.2
11 74 -2989.75
11 75 -3030.36
11 76 -3042.17
11 77 -3024.09
11 78 -2975.86
11 79 -2898.17
11 80 -2792.57
11 81 -2661.6
11 82 -2508.46
11 83 -2337.16
11 84 -2152.09
11 85 -1957.94
11 86 -1759.54
11 87 -1561.39
11 88 -1367.79
11 89 -1182.41
11 90 -1008.26
11 91 -847.537
11 92 -701.678
11 93 -571.262
11 94 -456.15
11 95 -355.384
11 96 -267.552
11 97 -190.601
11 98 -122.188
11 99 -59.6056
11 100 0

12 0 0
12 1 -73.6828
12 2 -150.698
12 3 -234.151
12 4 -326.995
12 5 -431.733
12 6 -550.292
12 7 -684.043
12 8 -833.422
12 9 -998.184
12 10 -1177.03
12 11 -1367.79
12 12 -1567.39
12 13 -1771.97
12 14 -1976.95
12 15 -2177.43
12 16 -2368.08
12 17 -2543.83
12 18 -2699.73
12 19 -2831.38
12 20 -2935.18
12 21 -3008.33
12 22 -3049.12
12 23 -3056.82
12 24 -3031.81
12 25 -2975.37
12 26 -2889.68
12 27 -2777.62
12 28 -2642.6
12 29 -2488.41
12 30 -2319.04
12 31 -2138.46
12 32 -1950.61
12 33 -1759.12
12 34 -1567.41
12 35 -1378.44
12 36 -1194.85
12 37 -1018.81
12 38 -852.166
12 39 -696.316
12 40 -552.406
12 41 -421.202
12 42 -303.315
12 43 -199.065
12 44 -108.705
12 45 -32.2884
12 46 30.1266
12 47 78.6104
12 48 113.172
12 49 133.9
12 50 140.792
12 51 133.9
12 52 113.172
12 53 78.6104
12 54 30.1266
12 55 -32.2884
12 56 -108.705
12 57 -199.065
12 58 -303.315
12 59 -421.202
12 60 -552.406
12 61 -696.316
12 62 -852.166
12 63 -1018.81
12 64 -1194.85
12 65 -1378.44
12 66 -1567.41
12 67 -1759.12
12 68 -1950.61
12 69 -2138.46
12 70 -2319.04
12 71 -2488.41
12 72 -2642.6
12 73 -2777.62
12 74 -2889.68
12 75 -2975.37
12 76 -3031.81
12 77 -3056.82
12 78 -3049.12
12 79 -3008.33
12 80 -2935.18
12 81 -2831.38
12 82 -2699.73
12 83 -2543.83
12 84 -2368.08
12 85 -2177.43
12 86 -1976.95
12 87 -1771.97
12 88 -1567.39
12 89 -1367.79
12 90 -1177.03
12 91 -998.184
12 92 -833.422
12 93 -684.043
12 94 -550.292
12 95 -431.733
12 96 -326.995
12 97 -234.151
12 98 -150.698
12 99 -73.6828
12 100 0

13 0 0
13 1 -89.9726
13 2 -183.526
13 3 -284.116
13 4 -394.749
13 5 -517.994
13 6 -655.678
13 7 -808.799
13 8 -977.453
13 9 -1160.6
13 10 -1356.3
13 11 -1561.39
13 12 -1771.97
13 13 -1983.22
13 14 -2189.83
13 15 -2386.11
13 16 -2566.45
13 17 -2725.36
13 18 -2858.04
13 19 -2960.41
13 20 -3029.38
13 21 -3063.02
13 22 -3060.56
13 23 -3022.44
13 24 -2950.15
13 25 -2846.25
13 26 -2713.97
13 27 -2557.29
13 28 -2380.46
13 29 -2188.02
13 30 -1984.44
13 31 -1774.08
13 32 -1560.98
13 33 -1348.81
13 34 -1140.78
13 35 -939.617
13 36 -747.554
13 37 -566.357
13 38 -397.36
13 39 -241.506
13 40 -99.4007
13 41 28.6108
13 42 142.428
13 43 242.074
13 44 327.734
13 45 399.601
13 46 457.962
13 47 503.031
13 48 535.067
13 49 554.199
13 50 560.579
13 51 554.199
13 52 535.067
13 53 503.031
13 54 457.962
13 55 399.601
13 56 327.734
13 57 242.074
13 58 142.428
13 59 28.6108
13 60 -99.4007
13 61 -241.506
13 62 -397.36
13 63 -566.357
13 64 -747.554
13 65 -939.617
13 66 -1140.78
13 67 -1348.81
13 68 -1560.98
13 69 -1774.08
13 70 -1984.44
13 71 -2188.02
13 72 -2380.46
13 73 -2557.29
13 74 -2713.97
13 75 -2846.25
13 76 -2950.15
13 77 -3022.44
13 78 -3060.56
13 79 -3063.02
13 80 -3029.38
13 81 -2960.41
13 82 -2858.04
13 83 -2725.36
13 84 -2566.45
13 85 -2386.11
13 86 -2189.83
13 87 -1983.22
13 88 -1771.97
13 89 -1561.39
13 90 -1356.3
13 91 -1160.6
13 92 -977.453
13 93 -808.799
13 94 -655.678
13 95 -517.994
13 96 -394.749
13 97 -284.116
13 98 -183.526
13 99 -89.9726
13 100 0

14 0 0
14 1 -108.521
14 2 -220.841
14 3 -340.551
14 4 -470.801
14 5 -613.994
14 6 -771.799
14 7 -944.748
14 8 -1132.29
14 9 -1332.73
14 10 -1543.13
14 11 -1759.54
14 12 -1976.95
14 13 -2189.83
14 14 -2392.05
14 15 -2577.49
14 16 -2740.14
14 17 -2874.72
14 18 -2976.62
14 19 -3042.42
14 20 -3069.93
14 21 -3058.25
14 22 -3007.89
14 23 -2920.54
14 24 -2799.04
14 25 -2647.15
14 26 -2469.3
14 27 -2270.35
14 28 -2055.39
14 29 -1829.43
14 30 -1597.36
14 31 -1363.61
14 32 -1132.2
14 33 -906.543
14 34 -689.542
14 35 -483.425
14 36 -289.961
14 37 -110.315
14 38 54.7079
14 39 204.766
14 40 339.751
14 41 459.86
14 42 565.404
14 43 656.859
14 44 734.713
14 45 799.511
14 46 851.737
14 47 891.858
14 48 920.229
14 49 937.143
14 50 942.757
14 51 937.143
14 52 920.229
14 53 891.858
14 54 851.737
14 55 799.511
14 56 734.713
14 57 656.859
14 58 565.404
14 59 459.86
14 60 339.751
14 61 204.766
14 62 54.7079
14 63 -110.315
14 64 -289.961
14 65 -483.425
14 66 -689.542
14 67 -906.543
14 68 -1132.2
14 69 -1363.61
14 70 -1597.36
14 71 -1829.43
14 72 -2055.39
14 73 -2270.35
14 74 -2469.3
14 75 -2647.15
14 76 -2799.04
14 77 -2920.54
14 78 -3007.89
14 79 -3058.25
14 80 -3069.93
14 81 -3042.42
14 82 -2976.62
14 83 -2874.72
14 84 -2740.14
14 85 -2577.49
14 86 -2392.05
14 87 -2189.83
14 88 -1976.95
14 89 -1759.54
14 90 -1543.13
14 91 -1332.73
14 92 -1132.29
14 93 -944.748
14 94 -771.799
14 95 -613.994
14 96 -470.801
14 97 -340.551
14 98 -220.841
14 99 -108.521
14 100 0

15 0 0
15 1 -129.323
15 2 -262.567
15 3 -403.401
15 4 -554.876
15 5 -719.257
15 6 -897.756
15 7 -1090.44
15 8 -1295.99
15 9 -1511.84
15 10 -1734.15
15 11 -1957.94
15 12 -2177.43
15 13 -2386.11
15 14 -2577.49
15 15 -2744.99
15 16 -2882.75
15 17 -2985.65
15 18 -3049.86
15 19 -3072.85
15 20 -3053.56
15 21 -2992.48
15 22 -2891.47
15 23 -2753.69
15 24 -2583.35
15 25 -2385.39
15 26 -2165.31
15 27 -1928.8
15 28 -1681.49
15 29 -1428.79
15 30 -1175.61
15 31 -926.355
15 32 -684.682
15 33 -453.657
15 34 -235.561
15 35 -32.1186
15 36 155.633
15 37 327.079
15 38 482.128
15 39 620.947
15 40 744.046
15 41 852.047
15 42 945.75
15 43 1025.95
15 44 1093.5
15 45 1149.15
15 46 1193.65
15 47 1227.58
15 48 1251.46
15 49 1265.64
15 50 1270.34
15 51 1265.64
15 52 1251.46
15 53 1227.58
15 54 1193.65
15 55 1149.15
15 56 1093.5
15 57 1025.95
15 58 945.75
15 59 852.047
15 60 744.046
15 61 620.947
15 62 482.128
15 63 327.079
15 64 155.633
15 65 -32.1186
15 66 -235.561
15 67 -453.657
15 68 -684.682
15 69 -926.355
15 70 -1175.61
15 71 -1428.79
15 72 -1681.49
15 73 -1928.8
15 74 -2165.31
15 75 -2385.39
15 76 -2583.35
15 77 -2753.69
15 78 -2891.47
15 79 -2992.48
15 80 -3053.56
15 81 -3072.85
15 82 -3049.86
15 83 -2985.65
15 84 -2882.75
15 85 -2744.99
15 86 -2577.49
15 87 -2386.11
15 88 -2177.43
15 89 -1957.94
15 90 -1734.15
15 91 -1511.84
15 92 -1295.99
15 93 -1090.44
15 94 -897.756
15 95 -719.257
15 96 -554.876
15 97 -403.401
15 98 -262.567
15 99 -129.323
15 100 0

16 0 0
16 1 -152.339
16 2 -308.585
16 3 -472.324
16 4 -646.445
16 5 -832.844
16 6 -1032.27
16 7 -1244.02
16 8 -1466.05
16 9 -1694.78
16 10 -1925.43
16 11 -2152.09
16 12 -2368.08
16 13 -2566.45
16 14 -2740.14
16 15 -2882.75
16 16 -2988.55
16 17 -3053.25
16 18 -3073.83
16 19 -3049.09
16 20 -2979.38
16 21 -2866.67
16 22 -2714.45
16 23 -2527.28
16 24 -2310.74
16 25 -2070.89
16 26 -1814.12
16 27 -1546.7
16 28 -1274.62
16 29 -1003.34
16 30 -737.638
16 31 -481.537
16 32 -238.218
16 33 -10.0942
16 34 201.2
16 35 394.707
16 36 570.045
16 37 727.357
16 38 867.114
16 39 990.149
16 40 1097.4
16 41 1190.02
16 42 1269.1
16 43 1335.84
16 44 1391.24
16 45 1436.38
16 46 1472.04
16 47 1499.02
16 48 1517.85
16 49 1529
16 50 1532.67
16 51 1529
16 52 1517.85
16 53 1499.02
16 54 1472.04
16 55 1436.38
16 56 1391.24
16 57 1335.84
16 58 1269.1
16 59 1190.02
16 60 1097.4
16 61 990.149
16 62 867.114
16 63 727.357
16 64 570.045
16 65 394.707
16 66 201.2
16 67 -10.0942
16 68 -238.218
16 69 -481.537
16 70 -737.638
16 71 -1003.34
16 72 -1274.62
16 73 -1546.7
16 74 -1814.12
16 75 -2070.89
16 76 -2310.74
16 77 -2527.28
16 78 -2714.45
16 79 -2866.67
16 80 -2979.38
16 81 -3049.09
16 82 -3073.83
16 83 -3053.25
16 84 -2988.55
16 85 -2882.75
16 86 -2740.14
16 87 -2566.45
16 88 -2368.08
16 89 -2152.09
16 90 -1925.43
16 91 -1694.78
16 92 -1466.05
16 93 -1244.02
16 94 -1032.27
16 95 -832.844
16 96 -646.445
16 97 -472.324
16 98 -308.585
16 99 -152.339
16 100 0

17 0 0
17 1 -177.417
17 2 -358.569
17 3 -546.799
17 4 -744.647
17 5 -953.552
17 6 -1173.57
17 7 -1403.25
17 8 -1639.54
17 9 -1877.98
17 10 -2112.75
17 11 -2337.16
17 12 -2543.83
17 13 -2725.36
17 14 -2874.72
17 15 -2985.65
17 16 -3053.25
17 17 -3074.02
17 18 -3046.46
17 19 -2970.68
17 20 -2848.77
17 21 -2684.36
17 22 -2482.47
17 23 -2249.19
17 24 -1991.23
17 25 -1715.67
17 26 -1429.47
17 27 -1139.3
17 28 -851.169
17 29 -570.348
17 30 -301.179
17 31 -47.0965
17 32 189.419
17 33 406.735
17 34 604.02
17 35 781.098
17 36 938.354
17 37 1076.59
17 38 1196.93
17 39 1300.7
17 40 1389.33
17 41 1464.3
17 42 1527.05
17 43 1578.96
17 44 1621.29
17 45 1655.15
17 46 1681.52
17 47 1701.19
17 48 1714.8
17 49 1722.77
17 50 1725.41
17 51 1722.77
17 52 1714.8
17 53 1701.19
17 54 1681.52
17 55 1655.15
17 56 1621.29
17 57 1578.96
17 58 1527.05
17 59 1464.3
17 60 1389.33
17 61 1300.7
17 62 1196.93
17 63 1076.59
17 64 938.354
17 65 781.098
17 66 604.02
17 67 406.735
17 68 189.419
17 69 -47.0965
17 70 -301.179
17 71 -570.348
17 72 -851.169
17 73 -1139.3
17 74 -1429.47
17 75 -1715.67
17 76 -1991.23
17 77 -2249.19
17 78 -2482.47
17 79 -2684.36
17 80 -2848.77
17 81 -2970.68
17 82 -3046.46
17 83 -3074.02
17 84 -3053.25
17 85 -2985.65
17 86 -2874.72
17 87 -2725.36
17 88 -2543.83
17 89 -2337.16
17 90 -2112.75
17 91 -1877.98
17 92 -1639.54
17 93 -1403.25
17 94 -1173.57
17 95 -953.552
17 96 -744.647
17 97 -546.799
17 98 -358.569
17 99 -177.417
17 100 0

18 0 0
18 1 -204.329
18 2 -412.046
18 3 -626.054
18 4 -848.385
18 5 -1079.81
18 6 -1319.61
18 7 -1565.4
18 8 -1813.24
18 9 -2057.6
18 10 -2291.84
18 11 -2508.46
18 12 -2699.73
18 13 -2858.04
18 14 -2976.62
18 15 -3049.86
18 16 -3073.83
18 17 -3046.46
18 18 -2967.63
18 19 -2839.42
18 20 -2665.5
18 21 -2451.33
18 22 -2203.44
18 23 -1929.24
18 24 -1636.48
18 25 -1332.89
18 26 -1025.84
18 27 -721.979
18 28 -427.116
18 29 -145.977
18 30 117.713
18 31 361.366
18 32 583.33
18 33 782.89
18 34 960.059
18 35 1115.48
18 36 1250.28
18 37 1365.9
18 38 1464.01
18 39 1546.38
18 40 1614.83
18 41 1671.08
18 42 1716.81
18 43 1753.52
18 44 1782.59
18 45 1805.19
18 46 1822.32
18 47 1834.81
18 48 1843.28
18 49 1848.19
18 50 1849.79
18 51 1848.19
18 52 1843.28
18 53 1834.81
18 54 1822.32
18 55 1805.19
18 56 1782.59
18 57 1753.52
18 58 1716.81
18 59 1671.08
18 60 1614.83
18 61 1546.38
18 62 1464.01
18 63 1365.9
18 64 1250.28
18 65 1115.48
18 66 960.059
18 67 782.89
18 68 583.33
18 69 361.366
18 70 117.713
18 71 -145.977
18 72 -427.116
18 73 -721.979
18 74 -1025.84
18 75 -1332.89
18 76 -1636.48
18 77 -1929.24
18 78 -2203.44
18 79 -2451.33
18 80 -2665.5
18 81 -2839.42
18 82 -2967.63
18 83 -3046.46
18 84 -3073.83
18 85 -3049.86
18 86 -2976.62
18 87 -2858.04
18 88 -2699.73
18 89 -2508.46
18 90 -2291.84
18 91 -2057.6
18 92 -1813.24
18 93 -1565.4
18 94 -1319.61
18 95 -1079.81
18 96 -848.385
18 97 -626.054
18 98 -412.046
18 99 -204.329
18 100 0

19 0 0
19 1 -232.804
19 2 -468.417
19 3 -709.118
19 4 -956.231
19 5 -1209.75
19 6 -1467.99
19 7 -1727.64
19 8 -1983.7
19 9 -2229.76
19 10 -2458.38
19 11 -2661.6
19 12 -2831.38
19 13 -2960.41
19 14 -3042.42
19 15 -3072.85
19 16 -3049.09
19 17 -2970.68
19 18 -2839.42
19 19 -2659.08
19 20 -2435.38
19 21 -2175.3
19 22 -1886.9
19 23 -1578.62
19 24 -1259.03
19 25 -936.184
19 26 -617.518
19 27 -309.373
19 28 -17.0128
19 29 255.575
19 30 505.584
19 31 731.346
19 32 932.229
19 33 1108.41
19 34 1260.84
19 35 1390.89
19 36 1500.39
19 37 1591.32
19 38 1665.83
19 39 1726
19 40 1773.94
19 41 1811.51
19 42 1840.53
19 43 1862.53
19 44 1878.92
19 45 1890.85
19 46 1899.33
19 47 1905.12
19 48 1908.83
19 49 1910.89
19 50 1911.56
19 51 1910.89
19 52 1908.83
19 53 1905.12
19 54 1899.33
19 55 1890.85
19 56 1878.92
19 57 1862.53
19 58 1840.53
19 59 1811.51
19 60 1773.94
19 61 1726
19 62 1665.83
19 63 1591.32
19 64 1500.39
19 65 1390.89
19 66 1260.84
19 67 1108.41
19 68 932.229
19 69 731.346
19 70 505.584
19 71 255.575
19 72 -17.0128
19 73 -309.373
19 74 -617.518
19 75 -936.184
19 76 -1259.03
19 77 -1578.62
19 78 -1886.9
19 79 -2175.3
19 80 -2435.38
19 81 -2659.08
19 82 -2839.42
19 83 -2970.68
19 84 -3049.09
19 85 -3072.85
19 86 -3042.42
19 87 -2960.41
19 88 -2831.38
19 89 -2661.6
19 90 -2458.38
19 91 -2229.76
19 92 -1983.7
19 93 -1727.64
19 94 -1467.99
19 95 -1209.75
19 96 -956.231
19 97 -709.118
19 98 -468.417
19 99 -232.804
19 100 0

20 0 0
20 1 -262.444
20 2 -526.908
20 3 -794.82
20 4 -1066.61
20 5 -1341.28
20 6 -1616.15
20 7 -1886.84
20 8 -2147.43
20 9 -2390.63
20 10 -2608.44
20 11 -2792.57
20 12 -2935.18
20 13 -3029.38
20 14 -3069.93
20 15 -3053.56
20 16 -2979.38
20 17 -2848.77
20 18 -2665.5
20 19 -2435.38
20 20 -2165.81
20 21 -1865.43
20 22 -1543.43
20 23 -1209.15
20 24 -871.511
20 25 -538.705
20 26 -217.749
20 27 85.5198
20 28 366.743
20 29 622.848
20 30 852.116
20 31 1053.93
20 32 1228.68
20 33 1377.51
20 34 1502.15
20 35 1604.74
20 36 1687.63
20 37 1753.3
20 38 1804.17
20 39 1842.62
20 40 1870.81
20 41 1890.74
20 42 1904.18
20 43 1912.68
20 44 1917.56
20 45 1919.93
20 46 1920.7
20 47 1920.59
20 48 1920.12
20 49 1919.7
20 50 1919.53
20 51 1919.7
20 52 1920.12
20 53 1920.59
20 54 1920.7
20 55 1919.93
20 56 1917.56
20 57 1912.68
20 58 1904.18
20 59 1890.74
20 60 1870.81
20 61 1842.62
20 62 1804.17
20 63 1753.3
20 64 1687.63
20 65 1604.74
20 66 1502.15
20 67 1377.51
20 68 1228.68
20 69 1053.93
20 70 852.116
20 71 622.848
20 72 366.743
20 73 85.5198
20 74 -217.749
20 75 -538.705
20 76 -871.511
20 77 -1209.15
20 78 -1543.43
20 79 -1865.43
20 80 -2165.81
20 81 -2435.38
20 82 -2665.5
20 83 -2848.77
20 84 -2979.38
20 85 -3053.56
20 86 -3069.93
20 87 -3029.38
20 88 -2935.18
20 89 -2792.57
20 90 -2608.44
20 91 -2390.63
20 92 -2147.43
20 93 -1886.84
20 94 -1616.15
20 95 -1341.28
20 96 -1066.61
20 97 -794.82
20 98 -526.908
20 99 -262.444
20 100 0

21 0 0
21 1 -292.85
21 2 -586.673
21 3 -881.851
21 4 -1177.71
21 5 -1472.15
21 6 -1761.36
21 7 -2039.94
21 8 -2301.01
21 9 -2536.66
21 10 -2738.47
21 11 -2898.17
21 12 -3008.33
21 13 -3063.02
21 14 -3058.25
21 15 -2992.48
21 16 -2866.67
21 17 -2684.36
21 18 -2451.33
21 19 -2175.3
21 20 -1865.43
21 21 -1531.62
21 22 -1184.03
21 23 -832.492
21 24 -485.999
21 25 -152.402
21 26 161.859
21 27 451.922
21 28 714.387
21 29 947.424
21 30 1150.37
21 31 1323.81
21 32 1469.07
21 33 1588.23
21 34 1683.72
21 35 1758.3
21 36 1814.77
21 37 1855.9
21 38 1884.34
21 39 1902.52
21 40 1912.68
21 41 1916.73
21 42 1916.41
21 43 1913.12
21 44 1908.11
21 45 1902.33
21 46 1896.62
21 47 1891.56
21 48 1887.64
21 49 1885.15
21 50 1884.31
21 51 1885.15
21 52 1887.64
21 53 1891.56
21 54 1896.62
21 55 1902.33
21 56 1908.11
21 57 1913.12
21 58 1916.41
21 59 1916.73
21 60 1912.68
21 61 1902.52
21 62 1884.34
21 63 1855.9
21 64 1814.77
21 65 1758.3
21 66 1683.72
21 67 1588.23
21 68 1469.07
21 69 1323.81
21 70 1150.37
21 71 947.424
21 72 714.387
21 73 451.922
21 74 161.859
21 75 -152.402
21 76 -485.999
21 77 -832.492
21 78 -1184.03
21 79 -1531.62
21 80 -1865.43
21 81 -2175.3
21 82 -2451.33
21 83 -2684.36
21 84 -2866.67
21 85 -2992.48
21 86 -3058.25
21 87 -3063.02
21 88 -3008.33
21 89 -2898.17
21 90 -2738.47
21 91 -2536.66
21 92 -2301.01
21 93 -2039.94
21 94 -1761.36
21 95 -1472.15
21 96 -1177.71
21 97 -881.851
21 98 -586.673
21 99 -292.85
21 100 0

22 0 0
22 1 -323.533
22 2 -646.761
22 3 -968.782
22 4 -1287.66
22 5 -1600.02
22 6 -1900.93
22 7 -2183.91
22 8 -2441.3
22 9 -2664.67
22 10 -2845.51
22 11 -2975.86
22 12 -3049.12
22 13 -3060.56
22 14 -3007.89
22 15 -2891.47
22 16 -2714.45
22 17 -2482.47
22 18 -2203.44
22 19 -1886.9
22 20 -1543.43
22 21 -1184.03
22 22 -819.452
22 23 -459.619
22 24 -113.277
22 25 212.413
22 26 511.952
22 27 781.564
22 28 1019.15
22 29 1224.02
22 30 1396.82
22 31 1539.11
22 32 1653.25
22 33 1742.02
22 34 1808.55
22 35 1855.97
22 36 1887.44
22 37 1905.85
22 38 1913.97
22 39 1914.16
22 40 1908.61
22 41 1899.09
22 42 1887.2
22 43 1874.18
22 44 1861.11
22 45 1848.8
22 46 1837.94
22 47 1829
22 48 1822.38
22 49 1818.3
22 50 1816.93
22 51 1818.3
22 52 1822.38
22 53 1829
22 54 1837.94
22 55 1848.8
22 56 1861.11
22 57 1874.18
22 58 1887.2
22 59 1899.09
22 60 1908.61
22 61 1914.16
22 62 1913.97
22 63 1905.85
22 64 1887.44
22 65 1855.97
22 66 1808.55
22 67 1742.02
22 68 1653.25
22 69 1539.11
22 70 1396.82
22 71 1224.02
22 72 1019.15
22 73 781.564
22 74 511.952
22 75 212.413
22 76 -113.277
22 77 -459.619
22 78 -819.452
22 79 -1184.03
22 80 -1543.43
22 81 -1886.9
22 82 -2203.44
22 83 -2482.47
22 84 -2714.45
22 85 -2891.47
22 86 -3007.89
22 87 -3060.56
22 88 -3049.12
22 89 -2975.86
22 90 -2845.51
22 91 -2664.67
22 92 -2441.3
22 93 -2183.91
22 94 -1900.93
22 95 -1600.02
22 96 -1287.66
22 97 -968.782
22 98 -646.761
22 99 -323.533
22 100 0

23 0 0
23 1 -353.994
23 2 -706.167
23 3 -1054.15
23 4 -1394.53
23 5 -1722.6
23 6 -2032.21
23 7 -2315.94
23 8 -2565.43
23 9 -2772.02
23 10 -2927.33
23 11 -3024.09
23 12 -3056.82
23 13 -3022.44
23 14 -2920.54
23 15 -2753.69
23 16 -2527.28
23 17 -2249.19
23 18 -1929.24
23 19 -1578.62
23 20 -1209.15
23 21 -832.492
23 22 -459.619
23 23 -100.255
23 24 237.583
23 25 547.614
23 26 825.591
23 27 1069
23 28 1277.09
23 29 1450.46
23 30 1590.89
23 31 1700.98
23 32 1783.88
23 33 1843.06
23 34 1882.04
23 35 1904.33
23 36 1913.14
23 37 1911.51
23 38 1902.02
23 39 1887.03
23 40 1868.46
23 41 1847.98
23 42 1826.89
23 43 1806.32
23 44 1787.08
23 45 1769.89
23 46 1755.2
23 47 1743.45
23 48 1734.86
23 49 1729.66
23 50 1727.9
23 51 1729.66
23 52 1734.86
23 53 1743.45
23 54 1755.2
23 55 1769.89
23 56 1787.08
23 57 1806.32
23 58 1826.89
23 59 1847.98
23 60 1868.46
23 61 1887.03
23 62 1902.02
23 63 1911.51
23 64 1913.14
23 65 1904.33
23 66 1882.04
23 67 1843.06
23 68 1783.88
23 69 1700.98
23 70 1590.89
23 71 1450.46
23 72 1277.09
23 73 1069
23 74 825.591
23 75 547.614
23 76 237.583
23 77 -100.255
23 78 -459.619
23 79 -832.492
23 80 -1209.15
23 81 -1578.62
23 82 -1929.24
23 83 -2249.19
23 84 -2527.28
23 85 -2753.69
23 86 -2920.54
23 87 -3022.44
23 88 -3056.82
23 89 -3024.09
23 90 -2927.33
23 91 -2772.02
23 92 -2565.43
23 93 -2315.94
23 94 -2032.21
23 95 -1722.6
23 96 -1394.53
23 97 -1054.15
23 98 -706.167
23 99 -353.994
23 100 0

24 0 0
24 1 -383.733
24 2 -763.908
24 3 -1136.47
24 4 -1496.44
24 5 -1837.67
24 6 -2152.82
24 7 -2433.58
24 8 -2671.1
24 9 -2856.68
24 10 -2982.47
24 11 -3042.17
24 12 -3031.81
24 13 -2950.15
24 14 -2799.04
24 15 -2583.35
24 16 -2310.74
24 17 -1991.23
24 18 -1636.48
24 19 -1259.03
24 20 -871.511
24 21 -485.999
24 22 -113.277
24 23 237.583
24 24 559.441
24 25 847.356
24 26 1098.34
24 27 1311.39
24 28 1487.04
24 29 1627.19
24 30 1734.66
24 31 1812.95
24 32 1865.88
24 33 1897.39
24 34 1911.31
24 35 1911.25
24 36 1900.47
24 37 1881.86
24 38 1857.92
24 39 1830.71
24 40 1801.99
24 41 1773.13
24 42 1745.26
24 43 1719.21
24 44 1695.67
24 45 1675.09
24 46 1657.89
24 47 1644.26
24 48 1634.43
24 49 1628.47
24 50 1626.5
24 51 1628.47
24 52 1634.43
24 53 1644.26
24 54 1657.89
24 55 1675.09
24 56 1695.67
24 57 1719.21
24 58 1745.26
24 59 1773.13
24 60 1801.99
24 61 1830.71
24 62 1857.92
24 63 1881.86
24 64 1900.47
24 65 1911.25
24 66 1911.31
24 67 1897.39
24 68 1865.88
24 69 1812.95
24 70 1734.66
24 71 1627.19
24 72 1487.04
24 73 1311.39
24 74 1098.34
24 75 847.356
24 76 559.441
24 77 237.583
24 78 -113.277
24 79 -485.999
24 80 -871.511
24 81 -1259.03
24 82 -1636.48
24 83 -1991.23
24 84 -2310.74
24 85 -2583.35
24 86 -2799.04
24 87 -2950.15
24 88 -3031.81
24 89 -3042.17
24 90 -2982.47
24 91 -2856.68
24 92 -2671.1
24 93 -2433.58
24 94 -2152.82
24 95 -1837.67
24 96 -1496.44
24 97 -1136.47
24 98 -763.908
24 99 -383.733
24 100 0

25 0 0
25 1 -412.226
25 2 -818.971
25 3 -1214.35
25 4 -1591.64
25 5 -1943.23
25 6 -2260.62
25 7 -2534.75
25 8 -2756.47
25 9 -2917.35
25 10 -3010.29
25 11 -3030.36
25 12 -2975.37
25 13 -2846.25
25 14 -2647.15
25 15 -2385.39
25 16 -2070.89
25 17 -1715.67
25 18 -1332.89
25 19 -936.184
25 20 -538.705
25 21 -152.402
25 22 212.413
25 23 547.614
25 24 847.356
25 25 1108.02
25 26 1328.22
25 27 1508.28
25 28 1650.17
25 29 1756.86
25 30 1832.19
25 31 1880.3
25 32 1905.58
25 33 1912.22
25 34 1904.22
25 35 1885.13
25 36 1858.12
25 37 1825.88
25 38 1790.64
25 39 1754.23
25 40 1718.09
25 41 1683.36
25 42 1650.88
25 43 1621.3
25 44 1595.06
25 45 1572.51
25 46 1553.84
25 47 1539.22
25 48 1528.71
25 49 1522.4
25 50 1520.29
25 51 1522.4
25 52 1528.71
25 53 1539.22
25 54 1553.84
25 55 1572.51
25 56 1595.06
25 57 1621.3
25 58 1650.88
25 59 1683.36
25 60 1718.09
25 61 1754.23
25 62 1790.64
25 63 1825.88
25 64 1858.12
25 65 1885.13
25 66 1904.22
25 67 1912.22
25 68 1905.58
25 69 1880.3
25 70 1832.19
25 71 1756.86
25 72 1650.17
25 73 1508.28
25 74 1328.22
25 75 1108.02
25 76 847.356
25 77 547.614
25 78 212.413
25 79 -152.402
25 80 -538.705
25 81 -936.184
25 82 -1332.89
25 83 -1715.67
25 84 -2070.89
25 85 -2385.39
25 86 -2647.15
25 87 -2846.25
25 88 -2975.37
25 89 -3030.36
25 90 -3010.29
25 91 -2917.35
25 92 -2756.47
25 93 -2534.75
25 94 -2260.62
25 95 -1943.23
25 96 -1591.64
25 97 -1214.35
25 98 -818.971
25 99 -412.226
25 100 0

26 0 0
26 1 -439.028
26 2 -870.48
26 3 -1286.47
26 4 -1678.53
26 5 -2037.52
26 6 -2353.87
26 7 -2617.87
26 8 -2820.35
26 9 -2953.36
26 10 -3010.94
26 11 -2989.75
26 12 -2889.68
26 13 -2713.97
26 14 -2469.3
26 15 -2165.31
26 16 -1814.12
26 17 -1429.47
26 18 -1025.84
26 19 -617.518
26 20 -217.749
26 21 161.859
26 22 511.952
26 23 825.591
26 24 1098.34
26 25 1328.22
26 26 1515.25
26 27 1661.29
26 28 1769.44
26 29 1843.78
26 30 1888.84
26 31 1909.39
26 32 1910.05
26 33 1895.21
26 34 1868.77
26 35 1834.2
26 36 1794.4
26 37 1751.8
26 38 1708.31
26 39 1665.48
26 40 1624.43
26 41 1586.04
26 42 1550.89
26 43 1519.42
26 44 1491.89
26 45 1468.48
26 46 1449.27
26 47 1434.32
26 48 1423.64
26 49 1417.24
26 50 1415.1
26 51 1417.24
26 52 1423.64
26 53 1434.32
26 54 1449.27
26 55 1468.48
26 56 1491.89
26 57 1519.42
26 58 1550.89
26 59 1586.04
26 60 1624.43
26 61 1665.48
26 62 1708.31
26 63 1751.8
26 64 1794.4
26 65 1834.2
26 66 1868.77
26 67 1895.21
26 68 1910.05
26 69 1909.39
26 70 1888.84
26 71 1843.78
26 72 1769.44
26 73 1661.29
26 74 1515.25
26 75 1328.22
26 76 1098.34
26 77 825.591
26 78 511.952
26 79 161.859
26 80 -217.749
26 81 -617.518
26 82 -1025.84
26 83 -1429.47
26 84 -1814.12
26 85 -2165.31
26 86 -2469.3
26 87 -2713.97
26 88 -2889.68
26 89 -2989.75
26 90 -3010.94
26 91 -2953.36
26 92 -2820.35
26 93 -2617.87
26 94 -2353.87
26 95 -2037.52
26 96 -1678.53
26 97 -1286.47
26 98 -870.48
26 99 -439.028
26 100 0

27 0 0
27 1 -463.688
27 2 -917.585
27 3 -1351.73
27 4 -1755.78
27 5 -2119.14
27 6 -2431.22
27 7 -2681.91
27 8 -2862.15
27 9 -2964.82
27 10 -2985.3
27 11 -2922.2
27 12 -2777.62
27 13 -2557.29
27 14 -2270.35
27 15 -1928.8
27 16 -1546.7
27 17 -1139.3
27 18 -721.979
27 19 -309.373
27 20 85.5198
27 21 451.922
27 22 781.564
27 23 1069
27 24 1311.39
27 25 1508.28
27 26 1661.29
27 27 1773.5
27 28 1849.22
27 29 1893.28
27 30 1910.86
27 31 1907.02
27 32 1886.59
27 33 1853.84
27 34 1812.6
27 35 1766.01
27 36 1716.72
27 37 1666.78
27 38 1617.82
27 39 1571.01
27 40 1527.21
27 41 1487.01
27 42 1450.78
27 43 1418.75
27 44 1391.03
27 45 1367.65
27 46 1348.61
27 47 1333.86
27 48 1323.36
27 49 1317.08
27 50 1314.99
27 51 1317.08
27 52 1323.36
27 53 1333.86
27 54 1348.61
27 55 1367.65
27 56 1391.03
27 57 1418.75
27 58 1450.78
27 59 1487.01
27 60 1527.21
27 61 1571.01
27 62 1617.82
27 63 1666.78
27 64 1716.72
27 65 1766.01
27 66 1812.6
27 67 1853.84
27 68 1886.59
27 69 1907.02
27 70 1910.86
27 71 1893.28
27 72 1849.22
27 73 1773.5
27 74 1661.29
27 75 1508.28
27 76 1311.39
27 77 1069
27 78 781.564
27 79 451.922
27 80 85.5198
27 81 -309.373
27 82 -721.979
27 83 -1139.3
27 84 -1546.7
27 85 -1928.8
27 86 -2270.35
27 87 -2557.29
27 88 -2777.62
27 89 -2922.2
27 90 -2985.3
27 91 -2964.82
27 92 -2862.15
27 93 -2681.91
27 94 -2431.22
27 95 -2119.14
27 96 -1755.78
27 97 -1351.73
27 98 -917.585
27 99 -463.688
27 100 0

28 0 0
28 1 -485.86
28 2 -959.627
28 3 -1409.17
28 4 -1822.32
28 5 -2187.03
28 6 -2491.84
28 7 -2726.33
28 8 -2881.91
28 9 -2952.45
28 10 -2934.99
28 11 -2830.2
28 12 -2642.6
28 13 -2380.46
28 14 -2055.39
28 15 -1681.49
28 16 -1274.62
28 17 -851.169
28 18 -427.116
28 19 -17.0128
28 20 366.743
28 21 714.387
28 22 1019.15
28 23 1277.09
28 24 1487.04
28 25 1650.17
28 26 1769.44
28 27 1849.22
28 28 1894.64
28 29 1911.27
28 30 1904.62
28 31 1879.97
28 32 1842.06
28 33 1795.05
28 34 1742.45
28 35 1687.13
28 36 1631.31
28 37 1576.74
28 38 1524.64
28 39 1475.92
28 40 1431.11
28 41 1390.6
28 42 1354.52
28 43 1322.96
28 44 1295.85
28 45 1273.17
28 46 1254.77
28 47 1240.6
28 48 1230.53
28 49 1224.54
28 50 1222.53
28 51 1224.54
28 52 1230.53
28 53 1240.6
28 54 1254.77
28 55 1273.17
28 56 1295.85
28 57 1322.96
28 58 1354.52
