0 0 0
0 1 0
0 2 0
0 3 0
0 4 0
0 5 0
0 6 0
0 7 0
0 8 0
0 9 0
0 10 0
0 11 0
0 12 0
0 13 0
0 14 0
0 15 0
0 16 0
0 17 0
0 18 0
0 19 0
0 20 0
0 21 0
0 22 0
0 23 0
0 24 0
0 25 0
0 26 0
0 27 0
0 28 0
0 29 0
0 30 0
0 31 0
0 32 0
0 33 0
0 34 0
0 35 0
0 36 0
0 37 0
0 38 0
0 39 0
0 40 0
0 41 0
0 42 0
0 43 0
0 44 0
0 45 0
0 46 0
0 47 0
0 48 0
0 49 0
0 50 0
0 51 0
0 52 0
0 53 0
0 54 0
0 55 0
0 56 0
0 57 0
0 58 0
0 59 0
0 60 0
0 61 0
0 62 0
0 63 0
0 64 0
0 65 0
0 66 0
0 67 0
0 68 0
0 69 0
0 70 0
0 71 0
0 72 0
0 73 0
0 74 0
0 75 0
0 76 0
0 77 0
0 78 0
0 79 0
0 80 0
0 81 0
0 82 0
0 83 0
0 84 0
0 85 0
0 86 0
0 87 0
0 88 0
0 89 0
0 90 0
0 91 0
0 92 0
0 93 0
0 94 0
0 95 0
0 96 0
0 97 0
0 98 0
0 99 0
0 100 0

1 0 0
1 1 -14.9995
1 2 -31.2489
1 3 -49.8977
1 4 -71.9376
1 5 -98.083
1 6 -128.723
1 7 -163.848
1 8 -202.992
1 9 -245.236
1 10 -289.191
1 11 -333.061
1 12 -374.718
1 13 -411.838
1 14 -442.029
1 15 -463.059
1 16 -472.995
1 17 -470.419
1 18 -454.588
1 19 -425.498
1 20 -383.99
1 21 -331.68
1 22 -270.875
1 23 -204.426
1 24 -135.493
1 25 -67.3198
1 26 -2.98553
1 27 54.8146
1 28 103.983
1 29 143.074
1 30 171.415
1 31 189.033
1 32 196.595
1 33 195.271
1 34 186.606
1 35 172.312
1 36 154.138
1 37 133.735
1 38 112.547
1 39 91.7538
1 40 72.2456
1 41 54.645
1 42 39.2626
1 43 26.2447
1 44 15.5615
1 45 7.059
1 46 0.527625
1 47 -4.26241
1 48 -7.52199
1 49 -9.39043
1 50 -9.99956
1 51 -9.39043
1 52 -7.52199
1 53 -4.26241
1 54 0.527625
1 55 7.059
1 56 15.5615
1 57 26.2447
1 58 39.2626
1 59 54.645
1 60 72.2456
1 61 91.7538
1 62 112.547
1 63 133.735
1 64 154.138
1 65 172.312
1 66 186.606
1 67 195.271
1 68 196.595
1 69 189.033
1 70 171.415
1 71 143.074
1 72 103.983
1 73 54.8146
1 74 -2.98553
1 75 -67.3198
1 76 -135.493
1 77 -204.426
1 78 -270.875
1 79 -331.68
1 80 -383.99
1 81 -425.498
1 82 -454.588
1 83 -470.419
1 84 -472.995
1 85 -463.059
1 86 -442.029
1 87 -411.838
1 88 -374.718
1 89 -333.061
1 90 -289.191
1 91 -245.236
1 92 -202.992
1 93 -163.848
1 94 -128.723
1 95 -98.083
1 96 -71.9376
1 97 -49.8977
1 98 -31.2489
1 99 -14.9995
1 100 0

2 0 0
2 1 -31.2489
2 2 -64.9177
2 3 -103.231
2 4 -148.101
2 5 -200.899
2 6 -262.362
2 7 -332.438
2 8 -410.201
2 9 -493.821
2 10 -580.569
2 11 -666.912
2 12 -748.685
2 13 -821.331
2 14 -880.193
2 15 -920.904
2 16 -939.715
2 17 -933.867
2 18 -901.926
2 19 -843.899
2 20 -761.454
2 21 -657.756
2 22 -537.352
2 23 -405.837
2 24 -269.433
2 25 -134.508
2 26 -7.12535
2 27 107.418
2 28 204.959
2 29 282.637
2 30 339.085
2 31 374.337
2 32 389.684
2 33 387.423
2 34 370.572
2 35 342.497
2 36 306.643
2 37 266.297
2 38 224.32
2 39 183.057
2 40 144.291
2 41 109.227
2 42 78.5768
2 43 52.6038
2 44 31.2386
2 45 14.2387
2 46 1.13677
2 47 -8.46753
2 48 -14.9854
2 49 -18.7527
2 50 -19.9927
2 51 -18.7527
2 52 -14.9854
2 53 -8.46753
2 54 1.13677
2 55 14.2387
2 56 31.2386
2 57 52.6038
2 58 78.5768
2 59 109.227
2 60 144.291
2 61 183.057
2 62 224.32
2 63 266.297
2 64 306.643
2 65 342.497
2 66 370.572
2 67 387.423
2 68 389.684
2 69 374.337
2 70 339.085
2 71 282.637
2 72 204.959
2 73 107.418
2 74 -7.12535
2 75 -134.508
2 76 -269.433
2 77 -405.837
2 78 -537.352
2 79 -657.756
2 80 -761.454
2 81 -843.899
2 82 -901.926
2 83 -933.867
2 84 -939.715
2 85 -920.904
2 86 -880.193
2 87 -821.331
2 88 -748.685
2 89 -666.912
2 90 -580.569
2 91 -493.821
2 92 -410.201
2 93 -332.438
2 94 -262.362
2 95 -200.899
2 96 -148.101
2 97 -103.231
2 98 -64.9177
2 99 -31.2489
2 100 0

3 0 0
3 1 -49.8977
3 2 -103.231
3 3 -163.16
3 4 -232.376
3 5 -312.801
3 6 -405.423
3 7 -510.103
3 8 -625.431
3 9 -748.709
3 10 -875.945
3 11 -1002.01
3 12 -1120.87
3 13 -1225.96
3 14 -1310.54
3 15 -1368.36
3 16 -1394.02
3 17 -1383.59
3 18 -1335.01
3 19 -1248.38
3 20 -1126.13
3 21 -972.891
3 22 -795.278
3 23 -601.439
3 24 -400.413
3 25 -201.507
3 26 -13.565
3 27 155.636
3 28 299.981
3 29 415.237
3 30 499.352
3 31 552.291
3 32 575.881
3 33 573.421
3 34 549.303
3 35 508.448
3 36 455.927
3 37 396.55
3 38 334.556
3 39 273.445
3 40 215.875
3 41 163.722
3 42 117.986
3 43 79.1438
3 44 47.1553
3 45 21.606
3 46 1.92746
3 47 -12.5411
3 48 -22.4002
3 49 -28.0766
3 50 -29.9294
3 51 -28.0766
3 52 -22.4002
3 53 -12.5411
3 54 1.92746
3 55 21.606
3 56 47.1553
3 57 79.1438
3 58 117.986
3 59 163.722
3 60 215.875
3 61 273.445
3 62 334.556
3 63 396.55
3 64 455.927
3 65 508.448
3 66 549.303
3 67 573.421
3 68 575.881
3 69 552.291
3 70 499.352
3 71 415.237
3 72 299.981
3 73 155.636
3 74 -13.565
3 75 -201.507
3 76 -400.413
3 77 -601.439
3 78 -795.278
3 79 -972.891
3 80 -1126.13
3 81 -1248.38
3 82 -1335.01
3 83 -1383.59
3 84 -1394.02
3 85 -1368.36
3 86 -1310.54
3 87 -1225.96
3 88 -1120.87
3 89 -1002.01
3 90 -875.945
3 91 -748.709
3 92 -625.431
3 93 -510.103
3 94 -405.423
3 95 -312.801
3 96 -232.376
3 97 -163.16
3 98 -103.231
3 99 -49.8977
3 100 0

4 0 0
4 1 -71.9376
4 2 -148.101
4 3 -232.376
4 4 -328.037
4 5 -437.392
4 6 -561.567
4 7 -700.255
4 8 -851.569
4 9 -1011.99
4 10 -1176.39
4 11 -1338.23
4 12 -1489.86
4 13 -1622.96
4 14 -1729.09
4 15 -1800.34
4 16 -1829.99
4 17 -1813.15
4 18 -1747.3
4 19 -1632.63
4 20 -1472.29
4 21 -1272.22
4 22 -1040.9
4 23 -788.702
4 24 -527.229
4 25 -268.379
4 26 -23.5291
4 27 197.323
4 28 386.204
4 29 537.603
4 30 648.718
4 31 719.401
4 32 751.874
4 33 750.317
4 34 720.291
4 35 668.134
4 36 600.379
4 37 523.3
4 38 442.445
4 39 362.419
4 40 286.778
4 41 217.959
4 42 157.474
4 43 105.944
4 44 63.3475
4 45 29.272
4 46 2.91411
4 47 -16.4862
4 48 -29.698
4 49 -37.3591
4 50 -39.8735
4 51 -37.3591
4 52 -29.698
4 53 -16.4862
4 54 2.91411
4 55 29.272
4 56 63.3475
4 57 105.944
4 58 157.474
4 59 217.959
4 60 286.778
4 61 362.419
4 62 442.445
4 63 523.3
4 64 600.379
4 65 668.134
4 66 720.291
4 67 750.317
4 68 751.874
4 69 719.401
4 70 648.718
4 71 537.603
4 72 386.204
4 73 197.323
4 74 -23.5291
4 75 -268.379
4 76 -527.229
4 77 -788.702
4 78 -1040.9
4 79 -1272.22
4 80 -1472.29
4 81 -1632.63
4 82 -1747.3
4 83 -1813.15
4 84 -1829.99
4 85 -1800.34
4 86 -1729.09
4 87 -1622.96
4 88 -1489.86
4 89 -1338.23
4 90 -1176.39
4 91 -1011.99
4 92 -851.569
4 93 -700.255
4 94 -561.567
4 95 -437.392
4 96 -328.037
4 97 -232.376
4 98 -148.101
4 99 -71.9376
4 100 0

5 0 0
5 1 -98.083
5 2 -200.899
5 3 -312.801
5 4 -437.392
5 5 -577.179
5 6 -733.263
5 7 -905.096
5 8 -1090.29
5 9 -1284.6
5 10 -1481.91
5 11 -1674.54
5 12 -1853.5
5 13 -2009.13
5 14 -2131.63
5 15 -2211.86
5 16 -2242.09
5 17 -2216.73
5 18 -2132.93
5 19 -1991.09
5 20 -1794.96
5 21 -1551.62
5 22 -1271.09
5 23 -965.655
5 24 -649.034
5 25 -335.381
5 26 -38.2281
5 27 230.425
5 28 460.962
5 29 646.643
5 30 783.938
5 31 872.443
5 32 914.645
5 33 915.366
5 34 881.165
5 35 819.579
5 36 738.479
5 37 645.418
5 38 547.18
5 39 449.45
5 40 356.616
5 41 271.839
5 42 196.978
5 43 132.96
5 44 79.8751
5 45 37.1939
5 46 4.14122
5 47 -20.2795
5 48 -36.9693
5 49 -46.6449
5 50 -49.8112
5 51 -46.6449
5 52 -36.9693
5 53 -20.2795
5 54 4.14122
5 55 37.1939
5 56 79.8751
5 57 132.96
5 58 196.978
5 59 271.839
5 60 356.616
5 61 449.45
5 62 547.18
5 63 645.418
5 64 738.479
5 65 819.579
5 66 881.165
5 67 915.366
5 68 914.645
5 69 872.443
5 70 783.938
5 71 646.643
5 72 460.962
5 73 230.425
5 74 -38.2281
5 75 -335.381
5 76 -649.034
5 77 -965.655
5 78 -1271.09
5 79 -1551.62
5 80 -1794.96
5 81 -1991.09
5 82 -2132.93
5 83 -2216.73
5 84 -2242.09
5 85 -2211.86
5 86 -2131.63
5 87 -2009.13
5 88 -1853.5
5 89 -1674.54
5 90 -1481.91
5 91 -1284.6
5 92 -1090.29
5 93 -905.096
5 94 -733.263
5 95 -577.179
5 96 -437.392
5 97 -312.801
5 98 -200.899
5 99 -98.083
5 100 0

6 0 0
6 1 -128.723
6 2 -262.362
6 3 -405.423
6 4 -561.567
6 5 -733.263
6 6 -921.434
6 7 -1125.19
6 8 -1341.67
6 9 -1565.96
6 10 -1791.21
6 11 -2008.82
6 12 -2208.91
6 13 -2380.82
6 14 -2513.88
6 15 -2598.13
6 16 -2625.2
6 17 -2589.11
6 18 -2486.88
6 19 -2319.11
6 20 -2090.09
6 21 -1807.79
6 22 -1483.45
6 23 -1130.84
6 24 -765.365
6 25 -402.955
6 26 -58.9569
6 27 252.992
6 28 521.78
6 29 739.579
6 30 902.054
6 31 1008.48
6 32 1061.38
6 33 1066.03
6 34 1029.7
6 35 960.94
6 36 868.712
6 37 761.735
6 38 647.91
6 39 533.917
6 40 425.052
6 41 325.047
6 42 236.358
6 43 160.138
6 44 96.6245
6 45 45.3933
6 46 5.52145
6 47 -24.0121
6 48 -44.2382
6 49 -56.0127
6 50 -59.869
6 51 -56.0127
6 52 -44.2382
6 53 -24.0121
6 54 5.52145
6 55 45.3933
6 56 96.6245
6 57 160.138
6 58 236.358
6 59 325.047
6 60 425.052
6 61 533.917
6 62 647.91
6 63 761.735
6 64 868.712
6 65 960.94
6 66 1029.7
6 67 1066.03
6 68 1061.38
6 69 1008.48
6 70 902.054
6 71 739.579
6 72 521.78
6 73 252.992
6 74 -58.9569
6 75 -402.955
6 76 -765.365
6 77 -1130.84
6 78 -1483.45
6 79 -1807.79
6 80 -2090.09
6 81 -2319.11
6 82 -2486.88
6 83 -2589.11
6 84 -2625.2
6 85 -2598.13
6 86 -2513.88
6 87 -2380.82
6 88 -2208.91
6 89 -2008.82
6 90 -1791.21
6 91 -1565.96
6 92 -1341.67
6 93 -1125.19
6 94 -921.434
6 95 -733.263
6 96 -561.567
6 97 -405.423
6 98 -262.362
6 99 -128.723
6 100 0

7 0 0
7 1 -163.848
7 2 -332.438
7 3 -510.103
7 4 -700.255
7 5 -905.096
7 6 -1125.19
7 7 -1359.23
7 8 -1603.91
7 9 -1853.77
7 10 -2101.43
7 11 -2337.74
7 12 -2552.26
7 13 -2733.84
7 14 -2871.37
7 15 -2954.54
7 16 -2974.74
7 17 -2925.89
7 18 -2805.05
7 19 -2613.08
7 20 -2354.65
7 21 -2038.41
7 22 -1676.41
7 23 -1283.46
7 24 -876.159
7 25 -471.782
7 26 -86.9968
7 27 263.191
7 28 566.466
7 29 813.933
7 30 1000.49
7 31 1124.91
7 32 1189.6
7 33 1200
7 34 1163.87
7 35 1090.46
7 36 989.639
7 37 871.087
7 38 743.722
7 39 615.188
7 40 491.543
7 41 377.292
7 42 275.345
7 43 187.268
7 44 113.516
7 45 53.6793
7 46 6.95971
7 47 -27.7981
7 48 -51.6667
7 49 -65.5994
7 50 -70.1753
7 51 -65.5994
7 52 -51.6667
7 53 -27.7981
7 54 6.95971
7 55 53.6793
7 56 113.516
7 57 187.268
7 58 275.345
7 59 377.292
7 60 491.543
7 61 615.188
7 62 743.722
7 63 871.087
7 64 989.639
7 65 1090.46
7 66 1163.87
7 67 1200
7 68 1189.6
7 69 1124.91
7 70 1000.49
7 71 813.933
7 72 566.466
7 73 263.191
7 74 -86.9968
7 75 -471.782
7 76 -876.159
7 77 -1283.46
7 78 -1676.41
7 79 -2038.41
7 80 -2354.65
7 81 -2613.08
7 82 -2805.05
7 83 -2925.89
7 84 -2974.74
7 85 -2954.54
7 86 -2871.37
7 87 -2733.84
7 88 -2552.26
7 89 -2337.74
7 90 -2101.43
7 91 -1853.77
7 92 -1603.91
7 93 -1359.23
7 94 -1125.19
7 95 -905.096
7 96 -700.255
7 97 -510.103
7 98 -332.438
7 99 -163.848
7 100 0

8 0 0
8 1 -202.992
8 2 -410.201
8 3 -625.431
8 4 -851.569
8 5 -1090.29
8 6 -1341.67
8 7 -1603.91
8 8 -1873.26
8 9 -2143.9
8 10 -2408.15
8 11 -2656.62
8 12 -2878.78
8 13 -3063.43
8 14 -3199.48
8 15 -3276.72
8 16 -3286.71
8 17 -3223.5
8 18 -3084.4
8 19 -2870.47
8 20 -2586.72
8 21 -2242.13
8 22 -1849.22
8 23 -1423.33
8 24 -981.811
8 25 -542.692
8 26 -123.624
8 27 259.429
8 28 593.112
8 29 867.634
8 30 1077.06
8 31 1219.57
8 32 1297.2
8 33 1315.32
8 34 1281.86
8 35 1206.54
8 36 1099.87
8 37 972.337
8 38 833.708
8 39 692.46
8 40 555.542
8 41 428.073
8 42 313.608
8 43 214.08
8 44 130.231
8 45 61.8797
8 46 8.22233
8 47 -31.8431
8 48 -59.4799
8 49 -75.6318
8 50 -80.9271
8 51 -75.6318
8 52 -59.4799
8 53 -31.8431
8 54 8.22233
8 55 61.8797
8 56 130.231
8 57 214.08
8 58 313.608
8 59 428.073
8 60 555.542
8 61 692.46
8 62 833.708
8 63 972.337
8 64 1099.87
8 65 1206.54
8 66 1281.86
8 67 1315.32
8 68 1297.2
8 69 1219.57
8 70 1077.06
8 71 867.634
8 72 593.112
8 73 259.429
8 74 -123.624
8 75 -542.692
8 76 -981.811
8 77 -1423.33
8 78 -1849.22
8 79 -2242.13
8 80 -2586.72
8 81 -2870.47
8 82 -3084.4
8 83 -3223.5
8 84 -3286.71
8 85 -3276.72
8 86 -3199.48
8 87 -3063.43
8 88 -2878.78
8 89 -2656.62
8 90 -2408.15
8 91 -2143.9
8 92 -1873.26
8 93 -1603.91
8 94 -1341.67
8 95 -1090.29
8 96 -851.569
8 97 -625.431
8 98 -410.201
8 99 -202.992
8 100 0

9 0 0
9 1 -245.236
9 2 -493.821
9 3 -748.709
9 4 -1011.99
9 5 -1284.6
9 6 -1565.96
9 7 -1853.77
9 8 -2143.9
9 9 -2430.32
9 10 -2705.28
9 11 -2959.55
9 12 -3182.84
9 13 -3364.37
9 14 -3493.52
9 15 -3560.61
9 16 -3557.65
9 17 -3479.17
9 18 -3322.79
9 19 -3089.81
9 20 -2785.37
9 21 -2418.54
9 22 -2001.86
9 23 -1550.85
9 24 -1082.98
9 25 -616.674
9 26 -170.039
9 27 240.271
9 28 600.179
9 29 899.006
9 30 1130.03
9 31 1290.66
9 32 1382.4
9 33 1410.24
9 34 1382.06
9 35 1307.7
9 36 1198.09
9 37 1064.3
9 38 916.826
9 39 764.953
9 40 616.317
9 41 476.84
9 42 350.625
9 43 240.137
9 44 146.467
9 45 69.6333
9 46 9.00845
9 47 -36.4815
9 48 -67.9293
9 49 -86.388
9 50 -92.4715
9 51 -86.388
9 52 -67.9293
9 53 -36.4815
9 54 9.00845
9 55 69.6333
9 56 146.467
9 57 240.137
9 58 350.625
9 59 476.84
9 60 616.317
9 61 764.953
9 62 916.826
9 63 1064.3
9 64 1198.09
9 65 1307.7
9 66 1382.06
9 67 1410.24
9 68 1382.4
9 69 1290.66
9 70 1130.03
9 71 899.006
9 72 600.179
9 73 240.271
9 74 -170.039
9 75 -616.674
9 76 -1082.98
9 77 -1550.85
9 78 -2001.86
9 79 -2418.54
9 80 -2785.37
9 81 -3089.81
9 82 -3322.79
9 83 -3479.17
9 84 -3557.65
9 85 -3560.61
9 86 -3493.52
9 87 -3364.37
9 88 -3182.84
9 89 -2959.55
9 90 -2705.28
9 91 -2430.32
9 92 -2143.9
9 93 -1853.77
9 94 -1565.96
9 95 -1284.6
9 96 -1011.99
9 97 -748.709
9 98 -493.821
9 99 -245.236
9 100 0

10 0 0
10 1 -289.191
10 2 -580.569
10 3 -875.945
10 4 -1176.39
10 5 -1481.91
10 6 -1791.21
10 7 -2101.43
10 8 -2408.15
10 9 -2705.28
10 10 -2985.29
10 11 -3239.39
10 12 -3457.95
10 13 -3630.97
10 14 -3748.72
10 15 -3802.37
10 16 -3784.73
10 17 -3690.94
10 18 -3519.07
10 19 -3270.57
10 20 -2950.62
10 21 -2568.01
10 22 -2135.04
10 23 -1666.82
10 24 -1180.62
10 25 -694.697
10 26 -227.28
10 27 204.684
10 28 586.529
10 29 906.873
10 30 1158.12
10 31 1336.9
10 32 1443.86
10 33 1483.43
10 34 1463.1
10 35 1392.63
10 36 1283.06
10 37 1145.86
10 38 992.092
10 39 831.683
10 40 673.081
10 41 522.861
10 42 385.803
10 43 264.907
10 44 161.683
10 45 76.4922
10 46 8.88508
10 47 -42.0675
10 48 -77.4905
10 49 -98.285
10 50 -105.132
10 51 -98.285
10 52 -77.4905
10 53 -42.0675
10 54 8.88508
10 55 76.4922
10 56 161.683
10 57 264.907
10 58 385.803
10 59 522.861
10 60 673.081
10 61 831.683
10 62 992.092
10 63 1145.86
10 64 1283.06
10 65 1392.63
10 66 1463.1
10 67 1483.43
10 68 1443.86
10 69 1336.9
10 70 1158.12
10 71 906.873
10 72 586.529
10 73 204.684
10 74 -227.28
10 75 -694.697
10 76 -1180.62
10 77 -1666.82
10 78 -2135.04
10 79 -2568.01
10 80 -2950.62
10 81 -3270.57
10 82 -3519.07
10 83 -3690.94
10 84 -3784.73
10 85 -3802.37
10 86 -3748.72
10 87 -3630.97
10 88 -3457.95
10 89 -3239.39
10 90 -2985.29
10 91 -2705.28
10 92 -2408.15
10 93 -2101.43
10 94 -1791.21
10 95 -1481.91
10 96 -1176.39
10 97 -875.945
10 98 -580.569
10 99 -289.191
10 100 0

11 0 0
11 1 -333.061
11 2 -666.912
11 3 -1002.01
11 4 -1338.23
11 5 -1674.54
11 6 -2008.82
11 7 -2337.74
11 8 -2656.62
11 9 -2959.55
11 10 -3239.39
11 11 -3488.11
11 12 -3697.03
11 13 -3857.3
11 14 -3960.34
11 15 -3998.51
11 16 -3965.59
11 17 -3857.51
11 18 -3672.78
11 19 -3413.01
11 20 -3083.13
11 21 -2691.54
11 22 -2249.8
11 23 -1772.36
11 24 -1275.72
11 25 -777.664
11 26 -296.101
11 27 151.943
11 28 551.518
11 29 890.542
11 30 1160.64
11 31 1357.43
11 32 1480.65
11 33 1533.86
11 34 1523.93
11 35 1460.19
11 36 1353.63
11 37 1215.89
11 38 1058.39
11 39 891.714
11 40 724.906
11 41 565.327
11 42 418.386
11 43 287.702
11 44 175.291
11 45 81.9027
11 46 7.32471
11 47 -49.1855
11 48 -88.5707
11 49 -111.798
11 50 -119.469
11 51 -111.798
11 52 -88.5707
11 53 -49.1855
11 54 7.32471
11 55 81.9027
11 56 175.291
11 57 287.702
11 58 418.386
11 59 565.327
11 60 724.906
11 61 891.714
11 62 1058.39
11 63 1215.89
11 64 1353.63
11 65 1460.19
11 66 1523.93
11 67 1533.86
11 68 1480.65
11 69 1357.43
11 70 1160.64
11 71 890.542
11 72 551.518
11 73 151.943
11 74 -296.101
11 75 -777.664
11 76 -1275.72
11 77 -1772.36
11 78 -2249.8
11 79 -2691.54
11 80 -3083.13
11 81 -3413.01
11 82 -3672.78
11 83 -3857.51
11 84 -3965.59
11 85 -3998.51
11 86 -3960.34
11 87 -3857.3
11 88 -3697.03
11 89 -3488.11
11 90 -3239.39
11 91 -2959.55
11 92 -2656.62
11 93 -2337.74
11 94 -2008.82
11 95 -1674.54
11 96 -1338.23
11 97 -1002.01
11 98 -666.912
11 99 -333.061
11 100 0

12 0 0
12 1 -374.718
12 2 -748.685
12 3 -1120.87
12 4 -1489.86
12 5 -1853.5
12 6 -2208.91
12 7 -2552.26
12 8 -2878.78
12 9 -3182.84
12 10 -3457.95
12 11 -3697.03
12 12 -3892.65
12 13 -4037.26
12 14 -4123.76
12 15 -4145.79
12 16 -4098.32
12 17 -3978.07
12 18 -3784.04
12 19 -3517.84
12 20 -3184.1
12 21 -2790.41
12 22 -2347.45
12 23 -1868.53
12 24 -1369.14
12 25 -866.142
12 26 -376.889
12 27 81.888
12 28 495.026
12 29 849.949
12 30 1137.4
12 31 1351.99
12 32 1492.31
12 33 1560.91
12 34 1563.73
12 35 1509.49
12 36 1408.82
12 37 1273.33
12 38 1114.72
12 39 943.976
12 40 770.845
12 41 603.322
12 42 447.526
12 43 307.759
12 44 186.581
12 45 85.1703
12 46 3.68767
12 47 -58.3586
12 48 -101.834
12 49 -127.5
12 50 -136
12 51 -127.5
12 52 -101.834
12 53 -58.3586
12 54 3.68767
12 55 85.1703
12 56 186.581
12 57 307.759
12 58 447.526
12 59 603.322
12 60 770.845
12 61 943.976
12 62 1114.72
12 63 1273.33
12 64 1408.82
12 65 1509.49
12 66 1563.73
12 67 1560.91
12 68 1492.31
12 69 1351.99
12 70 1137.4
12 71 849.949
12 72 495.026
12 73 81.888
12 74 -376.889
12 75 -866.142
12 76 -1369.14
12 77 -1868.53
12 78 -2347.45
12 79 -2790.41
12 80 -3184.1
12 81 -3517.84
12 82 -3784.04
12 83 -3978.07
12 84 -4098.32
12 85 -4145.79
12 86 -4123.76
12 87 -4037.26
12 88 -3892.65
12 89 -3697.03
12 90 -3457.95
12 91 -3182.84
12 92 -2878.78
12 93 -2552.26
12 94 -2208.91
12 95 -1853.5
12 96 -1489.86
12 97 -1120.87
12 98 -748.685
12 99 -374.718
12 100 0

13 0 0
13 1 -411.838
13 2 -821.331
13 3 -1225.96
13 4 -1622.96
13 5 -2009.13
13 6 -2380.82
13 7 -2733.84
13 8 -3063.43
13 9 -3364.37
13 10 -3630.97
13 11 -3857.3
13 12 -4037.26
13 13 -4164.87
13 14 -4234.52
13 15 -4241.31
13 16 -4181.35
13 17 -4052.22
13 18 -3853.29
13 19 -3586.12
13 20 -3254.77
13 21 -2865.97
13 22 -2429.11
13 23 -1956.22
13 24 -1461.36
13 25 -960.276
13 26 -469.39
13 27 -5.03748
13 28 417.668
13 29 785.658
13 30 1088.91
13 31 1320.88
13 32 1478.96
13 33 1564.42
13 34 1582.11
13 35 1539.89
13 36 1447.81
13 37 1317.3
13 38 1160.06
13 39 987.509
13 40 809.878
13 41 635.885
13 42 472.35
13 43 324.234
13 44 194.731
13 45 85.5778
13 46 -2.70864
13 47 -70.3225
13 48 -117.866
13 49 -146.052
13 50 -155.367
13 51 -146.052
13 52 -117.866
13 53 -70.3225
13 54 -2.70864
13 55 85.5778
13 56 194.731
13 57 324.234
13 58 472.35
13 59 635.885
13 60 809.878
13 61 987.509
13 62 1160.06
13 63 1317.3
13 64 1447.81
13 65 1539.89
13 66 1582.11
13 67 1564.42
13 68 1478.96
13 69 1320.88
13 70 1088.91
13 71 785.658
13 72 417.668
13 73 -5.03748
13 74 -469.39
13 75 -960.276
13 76 -1461.36
13 77 -1956.22
13 78 -2429.11
13 79 -2865.97
13 80 -3254.77
13 81 -3586.12
13 82 -3853.29
13 83 -4052.22
13 84 -4181.35
13 85 -4241.31
13 86 -4234.52
13 87 -4164.87
13 88 -4037.26
13 89 -3857.3
13 90 -3630.97
13 91 -3364.37
13 92 -3063.43
13 93 -2733.84
13 94 -2380.82
13 95 -2009.13
13 96 -1622.96
13 97 -1225.96
13 98 -821.331
13 99 -411.838
13 100 0

14 0 0
14 1 -442.029
14 2 -880.193
14 3 -1310.54
14 4 -1729.09
14 5 -2131.63
14 6 -2513.88
14 7 -2871.37
14 8 -3199.48
14 9 -3493.52
14 10 -3748.72
14 11 -3960.34
14 12 -4123.76
14 13 -4234.52
14 14 -4288.6
14 15 -4282.45
14 16 -4213.37
14 17 -4079.64
14 18 -3880.98
14 19 -3618.73
14 20 -3296.27
14 21 -2919.21
14 22 -2495.57
14 23 -2035.74
14 24 -1552.27
14 25 -1059.45
14 26 -572.691
14 27 -107.615
14 28 320.747
14 29 699.037
14 30 1016.37
14 31 1265.11
14 32 1441.26
14 33 1544.75
14 34 1579.12
14 35 1551.16
14 36 1470.17
14 37 1347.09
14 38 1193.64
14 39 1021.41
14 40 841.143
14 41 662.151
14 42 491.962
14 43 336.299
14 44 199.024
14 45 82.3901
14 46 -12.5701
14 47 -85.6866
14 48 -137.332
14 49 -168.021
14 50 -178.231
14 51 -168.021
14 52 -137.332
14 53 -85.6866
14 54 -12.5701
14 55 82.3901
14 56 199.024
14 57 336.299
14 58 491.962
14 59 662.151
14 60 841.143
14 61 1021.41
14 62 1193.64
14 63 1347.09
14 64 1470.17
14 65 1551.16
14 66 1579.12
14 67 1544.75
14 68 1441.26
14 69 1265.11
14 70 1016.37
14 71 699.037
14 72 320.747
14 73 -107.615
14 74 -572.691
14 75 -1059.45
14 76 -1552.27
14 77 -2035.74
14 78 -2495.57
14 79 -2919.21
14 80 -3296.27
14 81 -3618.73
14 82 -3880.98
14 83 -4079.64
14 84 -4213.37
14 85 -4282.45
14 86 -4288.6
14 87 -4234.52
14 88 -4123.76
14 89 -3960.34
14 90 -3748.72
14 91 -3493.52
14 92 -3199.48
14 93 -2871.37
14 94 -2513.88
14 95 -2131.63
14 96 -1729.09
14 97 -1310.54
14 98 -880.193
14 99 -442.029
14 100 0

15 0 0
15 1 -463.059
15 2 -920.904
15 3 -1368.36
15 4 -1800.34
15 5 -2211.86
15 6 -2598.13
15 7 -2954.54
15 8 -3276.72
15 9 -3560.61
15 10 -3802.37
15 11 -3998.51
15 12 -4145.79
15 13 -4241.31
15 14 -4282.45
15 15 -4267.01
15 16 -4193.25
15 17 -4060.14
15 18 -3867.47
15 19 -3616.33
15 20 -3309.22
15 21 -2950.57
15 22 -2546.81
15 23 -2106.64
15 24 -1640.85
15 25 -1162.22
15 26 -684.865
15 27 -223.689
15 28 206.598
15 29 592.317
15 30 921.871
15 31 1186.44
15 32 1380.67
15 33 1502.95
15 34 1555.41
15 35 1543.57
15 36 1475.78
15 37 1362.43
15 38 1214.95
15 39 1045.07
15 40 863.903
15 41 681.347
15 42 505.67
15 43 343.276
15 44 198.732
15 45 74.9667
15 46 -26.4753
15 47 -105.036
15 48 -160.776
15 49 -194.02
15 50 -205.026
15 51 -194.02
15 52 -160.776
15 53 -105.036
15 54 -26.4753
15 55 74.9667
15 56 198.732
15 57 343.276
15 58 505.67
15 59 681.347
15 60 863.903
15 61 1045.07
15 62 1214.95
15 63 1362.43
15 64 1475.78
15 65 1543.57
15 66 1555.41
15 67 1502.95
15 68 1380.67
15 69 1186.44
15 70 921.871
15 71 592.317
15 72 206.598
15 73 -223.689
15 74 -684.865
15 75 -1162.22
15 76 -1640.85
15 77 -2106.64
15 78 -2546.81
15 79 -2950.57
15 80 -3309.22
15 81 -3616.33
15 82 -3867.47
15 83 -4060.14
15 84 -4193.25
15 85 -4267.01
15 86 -4282.45
15 87 -4241.31
15 88 -4145.79
15 89 -3998.51
15 90 -3802.37
15 91 -3560.61
15 92 -3276.72
15 93 -2954.54
15 94 -2598.13
15 95 -2211.86
15 96 -1800.34
15 97 -1368.36
15 98 -920.904
15 99 -463.059
15 100 0

16 0 0
16 1 -472.995
16 2 -939.715
16 3 -1394.02
16 4 -1829.99
16 5 -2242.09
16 6 -2625.2
16 7 -2974.74
16 8 -3286.71
16 9 -3557.65
16 10 -3784.73
16 11 -3965.59
16 12 -4098.32
16 13 -4181.35
16 14 -4213.37
16 15 -4193.25
16 16 -4120.13
16 17 -3993.34
16 18 -3812.77
16 19 -3578.96
16 20 -3293.56
16 21 -2959.6
16 22 -2581.95
16 23 -2167.42
16 24 -1725.09
16 25 -1265.99
16 26 -802.982
16 27 -350.02
16 28 78.4972
16 29 468.773
16 30 808.445
16 31 1087.62
16 32 1299.49
16 33 1440.88
16 34 1512.35
16 35 1518.06
16 36 1465.26
16 37 1363.51
16 38 1223.97
16 39 1058.27
16 40 877.85
16 41 693.131
16 42 513.031
16 43 344.714
16 44 193.499
16 45 62.9527
16 46 -44.7923
16 47 -128.71
16 48 -188.502
16 49 -224.256
16 50 -236.184
16 51 -224.256
16 52 -188.502
16 53 -128.71
16 54 -44.7923
16 55 62.9527
16 56 193.499
16 57 344.714
16 58 513.031
16 59 693.131
16 60 877.85
16 61 1058.27
16 62 1223.97
16 63 1363.51
16 64 1465.26
16 65 1518.06
16 66 1512.35
16 67 1440.88
16 68 1299.49
16 69 1087.62
16 70 808.445
16 71 468.773
16 72 78.4972
16 73 -350.02
16 74 -802.982
16 75 -1265.99
16 76 -1725.09
16 77 -2167.42
16 78 -2581.95
16 79 -2959.6
16 80 -3293.56
16 81 -3578.96
16 82 -3812.77
16 83 -3993.34
16 84 -4120.13
16 85 -4193.25
16 86 -4213.37
16 87 -4181.35
16 88 -4098.32
16 89 -3965.59
16 90 -3784.73
16 91 -3557.65
16 92 -3286.71
16 93 -2974.74
16 94 -2625.2
16 95 -2242.09
16 96 -1829.99
16 97 -1394.02
16 98 -939.715
16 99 -472.995
16 100 0

17 0 0
17 1 -470.419
17 2 -933.867
17 3 -1383.59
17 4 -1813.15
17 5 -2216.73
17 6 -2589.11
17 7 -2925.89
17 8 -3223.5
17 9 -3479.17
17 10 -3690.94
17 11 -3857.51
17 12 -3978.07
17 13 -4052.22
17 14 -4079.64
17 15 -4060.14
17 16 -3993.34
17 17 -3878.9
17 18 -3716.5
17 19 -3506.12
17 20 -3248.36
17 21 -2944.92
17 22 -2598.93
17 23 -2215.46
17 24 -1801.69
17 25 -1367.02
17 26 -922.849
17 27 -482.239
17 28 -59.0489
17 29 332.758
17 30 680.252
17 31 972.397
17 32 1201.03
17 33 1361.3
17 34 1452.23
17 35 1476.43
17 36 1439.9
17 37 1351.34
17 38 1221.34
17 39 1061.44
17 40 883.244
17 41 697.612
17 42 514.14
17 43 340.7
17 44 183.349
17 45 46.3853
17 46 -67.4373
17 47 -156.599
17 48 -220.42
17 49 -258.714
17 50 -271.443
17 51 -258.714
17 52 -220.42
17 53 -156.599
17 54 -67.4373
17 55 46.3853
17 56 183.349
17 57 340.7
17 58 514.14
17 59 697.612
17 60 883.244
17 61 1061.44
17 62 1221.34
17 63 1351.34
17 64 1439.9
17 65 1476.43
17 66 1452.23
17 67 1361.3
17 68 1201.03
17 69 972.397
17 70 680.252
17 71 332.758
17 72 -59.0489
17 73 -482.239
17 74 -922.849
17 75 -1367.02
17 76 -1801.69
17 77 -2215.46
17 78 -2598.93
17 79 -2944.92
17 80 -3248.36
17 81 -3506.12
17 82 -3716.5
17 83 -3878.9
17 84 -3993.34
17 85 -4060.14
17 86 -4079.64
17 87 -4052.22
17 88 -3978.07
17 89 -3857.51
17 90 -3690.94
17 91 -3479.17
17 92 -3223.5
17 93 -2925.89
17 94 -2589.11
17 95 -2216.73
17 96 -1813.15
17 97 -1383.59
17 98 -933.867
17 99 -470.419
17 100 0

18 0 0
18 1 -454.588
18 2 -901.926
18 3 -1335.01
18 4 -1747.3
18 5 -2132.93
18 6 -2486.88
18 7 -2805.05
18 8 -3084.4
18 9 -3322.79
18 10 -3519.07
18 11 -3672.78
18 12 -3784.04
18 13 -3853.29
18 14 -3880.98
18 15 -3867.47
18 16 -3812.77
18 17 -3716.5
18 18 -3578.06
18 19 -3396.67
18 20 -3171.92
18 21 -2904.07
18 22 -2594.67
18 23 -2246.91
18 24 -1866.24
18 25 -1460.29
18 26 -1039.11
18 27 -614.675
18 28 -200.368
18 29 189.887
18 30 542.575
18 31 845.713
18 32 1089.71
18 33 1268.18
18 34 1378.42
18 35 1421.49
18 36 1402.06
18 37 1327.78
18 38 1208.63
18 39 1055.84
18 40 881.103
18 41 695.705
18 42 509.793
18 43 331.952
18 44 169
18 45 25.9794
18 46 -93.7213
18 47 -188.019
18 48 -255.821
18 49 -296.596
18 50 -310.22
18 51 -296.596
18 52 -255.821
18 53 -188.019
18 54 -93.7213
18 55 25.9794
18 56 169
18 57 331.952
18 58 509.793
18 59 695.705
18 60 881.103
18 61 1055.84
18 62 1208.63
18 63 1327.78
18 64 1402.06
18 65 1421.49
18 66 1378.42
18 67 1268.18
18 68 1089.71
18 69 845.713
18 70 542.575
18 71 189.887
18 72 -200.368
18 73 -614.675
18 74 -1039.11
18 75 -1460.29
18 76 -1866.24
18 77 -2246.91
18 78 -2594.67
18 79 -2904.07
18 80 -3171.92
18 81 -3396.67
18 82 -3578.06
18 83 -3716.5
18 84 -3812.77
18 85 -3867.47
18 86 -3880.98
18 87 -3853.29
18 88 -3784.04
18 89 -3672.78
18 90 -3519.07
18 91 -3322.79
18 92 -3084.4
18 93 -2805.05
18 94 -2486.88
18 95 -2132.93
18 96 -1747.3
18 97 -1335.01
18 98 -901.926
18 99 -454.588
18 100 0

19 0 0
19 1 -425.498
19 2 -843.899
19 3 -1248.38
19 4 -1632.63
19 5 -1991.09
19 6 -2319.11
19 7 -2613.08
19 8 -2870.47
19 9 -3089.81
19 10 -3270.57
19 11 -3413.01
19 12 -3517.84
19 13 -3586.12
19 14 -3618.73
19 15 -3616.33
19 16 -3578.96
19 17 -3506.12
19 18 -3396.67
19 19 -3249.1
19 20 -3061.87
19 21 -2833.91
19 22 -2565.09
19 23 -2256.99
19 24 -1913.17
19 25 -1539.72
19 26 -1145.21
19 27 -740.595
19 28 -338.604
19 29 46.8751
19 30 401.962
19 31 713.703
19 32 971.246
19 33 1166.62
19 34 1295.48
19 35 1357.29
19 36 1355.24
19 37 1295.93
19 38 1188.48
19 39 1043.8
19 40 873.562
19 41 689.321
19 42 501.764
19 43 320.162
19 44 152.095
19 45 3.33706
19 46 -122.038
19 47 -221.389
19 48 -293.105
19 49 -336.38
19 50 -350.832
19 51 -336.38
19 52 -293.105
19 53 -221.389
19 54 -122.038
19 55 3.33706
19 56 152.095
19 57 320.162
19 58 501.764
19 59 689.321
19 60 873.562
19 61 1043.8
19 62 1188.48
19 63 1295.93
19 64 1355.24
19 65 1357.29
19 66 1295.48
19 67 1166.62
19 68 971.246
19 69 713.703
19 70 401.962
19 71 46.8751
19 72 -338.604
19 73 -740.595
19 74 -1145.21
19 75 -1539.72
19 76 -1913.17
19 77 -2256.99
19 78 -2565.09
19 79 -2833.91
19 80 -3061.87
19 81 -3249.1
19 82 -3396.67
19 83 -3506.12
19 84 -3578.96
19 85 -3616.33
19 86 -3618.73
19 87 -3586.12
19 88 -3517.84
19 89 -3413.01
19 90 -3270.57
19 91 -3089.81
19 92 -2870.47
19 93 -2613.08
19 94 -2319.11
19 95 -1991.09
19 96 -1632.63
19 97 -1248.38
19 98 -843.899
19 99 -425.498
19 100 0

20 0 0
20 1 -383.99
20 2 -761.454
20 3 -1126.13
20 4 -1472.29
20 5 -1794.96
20 6 -2090.09
20 7 -2354.65
20 8 -2586.72
20 9 -2785.37
20 10 -2950.62
20 11 -3083.13
20 12 -3184.1
20 13 -3254.77
20 14 -3296.27
20 15 -3309.22
20 16 -3293.56
20 17 -3248.36
20 18 -3171.92
20 19 -3061.87
20 20 -2915.61
20 21 -2730.69
20 22 -2505.55
20 23 -2240.05
20 24 -1936.16
20 25 -1598.32
20 26 -1233.73
20 27 -852.217
20 28 -465.898
20 29 -88.4021
20 30 266.018
20 31 583.674
20 32 852.473
20 33 1063.01
20 34 1209.28
20 35 1289.12
20 36 1304.27
20 37 1260.07
20 38 1164.82
20 39 1028.91
20 40 863.883
20 41 681.526
20 42 492.976
20 43 308.16
20 44 135.374
20 45 -18.8482
20 46 -149.749
20 47 -254.023
20 48 -329.648
20 49 -375.388
20 50 -390.689
20 51 -375.388
20 52 -329.648
20 53 -254.023
20 54 -149.749
20 55 -18.8482
20 56 135.374
20 57 308.16
20 58 492.976
20 59 681.526
20 60 863.883
20 61 1028.91
20 62 1164.82
20 63 1260.07
20 64 1304.27
20 65 1289.12
20 66 1209.28
20 67 1063.01
20 68 852.473
20 69 583.674
20 70 266.018
20 71 -88.4021
20 72 -465.898
20 73 -852.217
20 74 -1233.73
20 75 -1598.32
20 76 -1936.16
20 77 -2240.05
20 78 -2505.55
20 79 -2730.69
20 80 -2915.61
20 81 -3061.87
20 82 -3171.92
20 83 -3248.36
20 84 -3293.56
20 85 -3309.22
20 86 -3296.27
20 87 -3254.77
20 88 -3184.1
20 89 -3083.13
20 90 -2950.62
20 91 -2785.37
20 92 -2586.72
20 93 -2354.65
20 94 -2090.09
20 95 -1794.96
20 96 -1472.29
20 97 -1126.13
20 98 -761.454
20 99 -383.99
20 100 0

21 0 0
21 1 -331.68
21 2 -657.756
21 3 -972.891
21 4 -1272.22
21 5 -1551.62
21 6 -1807.79
21 7 -2038.41
21 8 -2242.13
21 9 -2418.54
21 10 -2568.01
21 11 -2691.54
21 12 -2790.41
21 13 -2865.97
21 14 -2919.21
21 15 -2950.57
21 16 -2959.6
21 17 -2944.92
21 18 -2904.07
21 19 -2833.91
21 20 -2730.69
21 21 -2590.8
21 22 -2411.22
21 23 -2190.34
21 24 -1928.51
21 25 -1628.7
21 26 -1296.68
21 27 -941.218
21 28 -573.656
21 29 -207.354
21 30 143.298
21 31 463.919
21 32 741.392
21 33 964.911
21 34 1126.9
21 35 1223.6
21 36 1255.24
21 37 1225.91
21 38 1142.92
21 39 1016.08
21 40 856.739
21 41 676.755
21 42 487.694
21 43 300.059
21 44 122.881
21 45 -36.5978
21 46 -172.856
21 47 -282.047
21 48 -361.511
21 49 -409.722
21 50 -425.877
21 51 -409.722
21 52 -361.511
21 53 -282.047
21 54 -172.856
21 55 -36.5978
21 56 122.881
21 57 300.059
21 58 487.694
21 59 676.755
21 60 856.739
21 61 1016.08
21 62 1142.92
21 63 1225.91
21 64 1255.24
21 65 1223.6
21 66 1126.9
21 67 964.911
21 68 741.392
21 69 463.919
21 70 143.298
21 71 -207.354
21 72 -573.656
21 73 -941.218
21 74 -1296.68
21 75 -1628.7
21 76 -1928.51
21 77 -2190.34
21 78 -2411.22
21 79 -2590.8
21 80 -2730.69
21 81 -2833.91
21 82 -2904.07
21 83 -2944.92
21 84 -2959.6
21 85 -2950.57
21 86 -2919.21
21 87 -2865.97
21 88 -2790.41
21 89 -2691.54
21 90 -2568.01
21 91 -2418.54
21 92 -2242.13
21 93 -2038.41
21 94 -1807.79
21 95 -1551.62
21 96 -1272.22
21 97 -972.891
21 98 -657.756
21 99 -331.68
21 100 0

22 0 0
22 1 -270.875
22 2 -537.352
22 3 -795.278
22 4 -1040.9
22 5 -1271.09
22 6 -1483.45
22 7 -1676.41
22 8 -1849.22
22 9 -2001.86
22 10 -2135.04
22 11 -2249.8
22 12 -2347.45
22 13 -2429.11
22 14 -2495.57
22 15 -2546.81
22 16 -2581.95
22 17 -2598.93
22 18 -2594.67
22 19 -2565.09
22 20 -2505.55
22 21 -2411.22
22 22 -2277.87
22 23 -2102.43
22 24 -1883.85
22 25 -1623.58
22 26 -1326.14
22 27 -999.118
22 28 -653.098
22 29 -300.953
22 30 42.8266
22 31 363.415
22 32 646.743
22 33 880.769
22 34 1056.43
22 35 1168.41
22 36 1215.49
22 37 1200.35
22 38 1129.33
22 39 1011.57
22 40 858.078
22 41 680.763
22 42 491.496
22 43 301.34
22 44 119.987
22 45 -44.5677
22 46 -186.144
22 47 -300.139
22 48 -383.463
22 49 -434.153
22 50 -451.143
22 51 -434.153
22 52 -383.463
22 53 -300.139
22 54 -186.144
22 55 -44.5677
22 56 119.987
22 57 301.34
22 58 491.496
22 59 680.763
22 60 858.078
22 61 1011.57
22 62 1129.33
22 63 1200.35
22 64 1215.49
22 65 1168.41
22 66 1056.43
22 67 880.769
22 68 646.743
22 69 363.415
22 70 42.8266
22 71 -300.953
22 72 -653.098
22 73 -999.118
22 74 -1326.14
22 75 -1623.58
22 76 -1883.85
22 77 -2102.43
22 78 -2277.87
22 79 -2411.22
22 80 -2505.55
22 81 -2565.09
22 82 -2594.67
22 83 -2598.93
22 84 -2581.95
22 85 -2546.81
22 86 -2495.57
22 87 -2429.11
22 88 -2347.45
22 89 -2249.8
22 90 -2135.04
22 91 -2001.86
22 92 -1849.22
22 93 -1676.41
22 94 -1483.45
22 95 -1271.09
22 96 -1040.9
22 97 -795.278
22 98 -537.352
22 99 -270.875
22 100 0

23 0 0
23 1 -204.426
23 2 -405.837
23 3 -601.439
23 4 -788.702
23 5 -965.655
23 6 -1130.84
23 7 -1283.46
23 8 -1423.33
23 9 -1550.85
23 10 -1666.82
23 11 -1772.36
23 12 -1868.53
23 13 -1956.22
23 14 -2035.74
23 15 -2106.64
23 16 -2167.42
23 17 -2215.46
23 18 -2246.91
23 19 -2256.99
23 20 -2240.05
23 21 -2190.34
23 22 -2102.43
23 23 -1972.02
23 24 -1796.7
23 25 -1576.61
23 26 -1314.9
23 27 -1018.08
23 28 -695.793
23 29 -360.444
23 30 -26.3729
23 31 291.224
23 32 577.576
23 33 819.507
23 34 1006.6
23 35 1132.06
23 36 1193.13
23 37 1191.25
23 38 1131.65
23 39 1022.7
23 40 875.036
23 41 700.465
23 42 511.174
23 43 318.68
23 44 133.326
23 45 -36.2439
23 46 -183.004
23 47 -301.826
23 48 -388.99
23 49 -442.151
23 50 -460.008
23 51 -442.151
23 52 -388.99
23 53 -301.826
23 54 -183.004
23 55 -36.2439
23 56 133.326
23 57 318.68
23 58 511.174
23 59 700.465
23 60 875.036
23 61 1022.7
23 62 1131.65
23 63 1191.25
23 64 1193.13
23 65 1132.06
23 66 1006.6
23 67 819.507
23 68 577.576
23 69 291.224
23 70 -26.3729
23 71 -360.444
23 72 -695.793
23 73 -1018.08
23 74 -1314.9
23 75 -1576.61
23 76 -1796.7
23 77 -1972.02
23 78 -2102.43
23 79 -2190.34
23 80 -2240.05
23 81 -2256.99
23 82 -2246.91
23 83 -2215.46
23 84 -2167.42
23 85 -2106.64
23 86 -2035.74
23 87 -1956.22
23 88 -1868.53
23 89 -1772.36
23 90 -1666.82
23 91 -1550.85
23 92 -1423.33
23 93 -1283.46
23 94 -1130.84
23 95 -965.655
23 96 -788.702
23 97 -601.439
23 98 -405.837
23 99 -204.426
23 100 0

24 0 0
24 1 -135.493
24 2 -269.433
24 3 -400.413
24 4 -527.229
24 5 -649.034
24 6 -765.365
24 7 -876.159
24 8 -981.811
24 9 -1082.98
24 10 -1180.62
24 11 -1275.72
24 12 -1369.14
24 13 -1461.36
24 14 -1552.27
24 15 -1640.85
24 16 -1725.09
24 17 -1801.69
24 18 -1866.24
24 19 -1913.17
24 20 -1936.16
24 21 -1928.51
24 22 -1883.85
24 23 -1796.7
24 24 -1663.49
24 25 -1483.03
24 26 -1257.26
24 27 -991.501
24 28 -694.501
24 29 -377.989
24 30 -56.0735
24 31 255.931
24 32 542.645
24 33 789.939
24 34 986.184
24 35 1123.16
24 36 1196.75
24 37 1206.99
24 38 1158.05
24 39 1057.49
24 40 915.432
24 41 743.63
24 42 554.39
24 43 359.672
24 44 170.377
24 45 -4.03624
24 46 -155.987
24 47 -279.578
24 48 -370.582
24 49 -426.229
24 50 -444.936
24 51 -426.229
24 52 -370.582
24 53 -279.578
24 54 -155.987
24 55 -4.03624
24 56 170.377
24 57 359.672
24 58 554.39
24 59 743.63
24 60 915.432
24 61 1057.49
24 62 1158.05
24 63 1206.99
24 64 1196.75
24 65 1123.16
24 66 986.184
24 67 789.939
24 68 542.645
24 69 255.931
24 70 -56.0735
24 71 -377.989
24 72 -694.501
24 73 -991.501
24 74 -1257.26
24 75 -1483.03
24 76 -1663.49
24 77 -1796.7
24 78 -1883.85
24 79 -1928.51
24 80 -1936.16
24 81 -1913.17
24 82 -1866.24
24 83 -1801.69
24 84 -1725.09
24 85 -1640.85
24 86 -1552.27
24 87 -1461.36
24 88 -1369.14
24 89 -1275.72
24 90 -1180.62
24 91 -1082.98
24 92 -981.811
24 93 -876.159
24 94 -765.365
24 95 -649.034
24 96 -527.229
24 97 -400.413
24 98 -269.433
24 99 -135.493
24 100 0

25 0 0
25 1 -67.3198
25 2 -134.508
25 3 -201.507
25 4 -268.379
25 5 -335.381
25 6 -402.955
25 7 -471.782
25 8 -542.692
25 9 -616.674
25 10 -694.697
25 11 -777.664
25 12 -866.142
25 13 -960.276
25 14 -1059.45
25 15 -1162.22
25 16 -1265.99
25 17 -1367.02
25 18 -1460.29
25 19 -1539.72
25 20 -1598.32
25 21 -1628.7
25 22 -1623.58
25 23 -1576.61
25 24 -1483.03
25 25 -1340.52
25 26 -1149.79
25 27 -915.025
25 28 -643.933
25 29 -347.56
25 30 -39.5569
25 31 264.726
25 32 549.523
25 33 799.93
25 34 1003.22
25 35 1149.92
25 36 1234.48
25 37 1255.73
25 38 1216.67
25 39 1123.99
25 40 987.351
25 41 818.228
25 42 629.083
25 43 432.232
25 44 239.194
25 45 59.956
25 46 -97.0692
25 47 -225.381
25 48 -320.209
25 49 -378.323
25 50 -397.895
25 51 -378.323
25 52 -320.209
25 53 -225.381
25 54 -97.0692
25 55 59.956
25 56 239.194
25 57 432.232
25 58 629.083
25 59 818.228
25 60 987.351
25 61 1123.99
25 62 1216.67
25 63 1255.73
25 64 1234.48
25 65 1149.92
25 66 1003.22
25 67 799.93
25 68 549.523
25 69 264.726
25 70 -39.5569
25 71 -347.56
25 72 -643.933
25 73 -915.025
25 74 -1149.79
25 75 -1340.52
25 76 -1483.03
25 77 -1576.61
25 78 -1623.58
25 79 -1628.7
25 80 -1598.32
25 81 -1539.72
25 82 -1460.29
25 83 -1367.02
25 84 -1265.99
25 85 -1162.22
25 86 -1059.45
25 87 -960.276
25 88 -866.142
25 89 -777.664
25 90 -694.697
25 91 -616.674
25 92 -542.692
25 93 -471.782
25 94 -402.955
25 95 -335.381
25 96 -268.379
25 97 -201.507
25 98 -134.508
25 99 -67.3198
25 100 0

26 0 0
26 1 -2.98553
26 2 -7.12535
26 3 -13.565
26 4 -23.5291
26 5 -38.2281
26 6 -58.9569
26 7 -86.9968
26 8 -123.624
26 9 -170.039
26 10 -227.28
26 11 -296.101
26 12 -376.889
26 13 -469.39
26 14 -572.691
26 15 -684.865
26 16 -802.982
26 17 -922.849
26 18 -1039.11
26 19 -1145.21
26 20 -1233.73
26 21 -1296.68
26 22 -1326.14
26 23 -1314.9
26 24 -1257.26
26 25 -1149.79
26 26 -992.059
26 27 -787.075
26 28 -541.545
26 29 -265.65
26 30 27.4638
26 31 322.636
26 32 603.844
26 33 855.595
26 34 1064.23
26 35 1219.07
26 36 1313.35
26 37 1344.61
26 38 1314.73
26 39 1229.57
26 40 1098.12
26 41 931.704
26 42 742.762
26 43 543.985
26 44 347.291
26 45 163.476
26 46 1.50555
26 47 -131.454
26 48 -230.034
26 49 -290.579
26 50 -310.989
26 51 -290.579
26 52 -230.034
26 53 -131.454
26 54 1.50555
26 55 163.476
26 56 347.291
26 57 543.985
26 58 742.762
26 59 931.704
26 60 1098.12
26 61 1229.57
26 62 1314.73
26 63 1344.61
26 64 1313.35
26 65 1219.07
26 66 1064.23
26 67 855.595
26 68 603.844
26 69 322.636
26 70 27.4638
26 71 -265.65
26 72 -541.545
26 73 -787.075
26 74 -992.059
26 75 -1149.79
26 76 -1257.26
26 77 -1314.9
26 78 -1326.14
26 79 -1296.68
26 80 -1233.73
26 81 -1145.21
26 82 -1039.11
26 83 -922.849
26 84 -802.982
26 85 -684.865
26 86 -572.691
26 87 -469.39
26 88 -376.889
26 89 -296.101
26 90 -227.28
26 91 -170.039
26 92 -123.624
26 93 -86.9968
26 94 -58.9569
26 95 -38.2281
26 96 -23.5291
26 97 -13.565
26 98 -7.12535
26 99 -2.98553
26 100 0

27 0 0
27 1 54.8146
27 2 107.418
27 3 155.636
27 4 197.323
27 5 230.425
27 6 252.992
27 7 263.191
27 8 259.429
27 9 240.271
27 10 204.684
27 11 151.943
27 12 81.888
27 13 -5.03748
27 14 -107.615
27 15 -223.689
27 16 -350.02
27 17 -482.239
27 18 -614.675
27 19 -740.595
27 20 -852.217
27 21 -941.218
27 22 -999.118
27 23 -1018.08
27 24 -991.501
27 25 -915.025
27 26 -787.075
27 27 -609.566
27 28 -388.126
27 29 -132.053
27 30 146.179
27 31 431.7
27 32 708.428
27 33 960.439
27 34 1173.24
27 35 1335.16
27 36 1438.23
27 37 1478.82
27 38 1457.71
27 39 1379.82
27 40 1253.62
27 41 1090.05
27 42 901.592
27 43 701.127
27 44 501.192
27 45 313.032
27 46 146.335
27 47 8.94056
27 48 -93.2565
27 49 -156.168
27 50 -177.4
27 51 -156.168
27 52 -93.2565
27 53 8.94056
27 54 146.335
27 55 313.032
27 56 501.192
27 57 701.127
27 58 901.592
27 59 1090.05
27 60 1253.62
27 61 1379.82
27 62 1457.71
27 63 1478.82
27 64 1438.23
27 65 1335.16
27 66 1173.24
27 67 960.439
27 68 708.428
27 69 431.7
27 70 146.179
27 71 -132.053
27 72 -388.126
27 73 -609.566
27 74 -787.075
27 75 -915.025
27 76 -991.501
27 77 -1018.08
27 78 -999.118
27 79 -941.218
27 80 -852.217
27 81 -740.595
27 82 -614.675
27 83 -482.239
27 84 -350.02
27 85 -223.689
27 86 -107.615
27 87 -5.03748
27 88 81.888
27 89 151.943
27 90 204.684
27 91 240.271
27 92 259.429
27 93 263.191
27 94 252.992
27 95 230.425
27 96 197.323
27 97 155.636
27 98 107.418
27 99 54.8146
27 100 0

28 0 0
28 1 103.983
28 2 204.959
28 3 299.981
28 4 386.204
28 5 460.962
28 6 521.78
28 7 566.466
28 8 593.112
28 9 600.179
28 10 586.529
28 11 551.518
28 12 495.026
28 13 417.668
28 14 320.747
28 15 206.598
28 16 78.4972
28 17 -59.0489
28 18 -200.368
28 19 -338.604
28 20 -465.898
28 21 -573.656
28 22 -653.098
28 23 -695.793
28 24 -694.501
28 25 -643.933
28 26 -541.545
28 27 -388.126
28 28 -188.271
28 29 49.7301
28 30 314.094
28 31 590.4
28 32 862.631
28 33 1114.56
28 34 1331.08
28 35 1499.61
28 36 1611.1
28 37 1660.78
28 38 1648.34
28 39 1577.91
28 40 1457.22
28 41 1296.92
28 42 1109.39
28 43 907.829
28 44 705.085
28 45 513.047
28 46 342.04
28 47 200.484
28 48 94.877
28 49 29.7439
28 50 7.74654
28 51 29.7439
28 52 94.877
28 53 200.484
28 54 342.04
28 55 513.047
28 56 705.085
28 57 907.829
28 58 1109.39
28 59 1296.92
28 60 1457.22
28 61 1577.91
28 62 1648.34
28 63 1660.78
28 64 1611.1
28 65 1499.61
28 66 1331.08
28 67 1114.56
28 68 862.631
28 69 590.4
28 70 314.094
28 71 49.7301
28 72 -188.271
28 73 -388.126
28 74 -541.545
28 75 -643.933
28 76 -694.501
28 77 -695.793
28 78 -653.098
28 79 -573.656
28 80 -465.898
28 81 -338.604
