0 0 0
0 1 0
0 2 0
0 3 0
0 4 0
0 5 0
0 6 0
0 7 0
0 8 0
0 9 0
0 10 0
0 11 0
0 12 0
0 13 0
0 14 0
0 15 0
0 16 0
0 17 0
0 18 0
0 19 0
0 20 0
0 21 0
0 22 0
0 23 0
0 24 0
0 25 0
0 26 0
0 27 0
0 28 0
0 29 0
0 30 0
0 31 0
0 32 0
0 33 0
0 34 0
0 35 0
0 36 0
0 37 0
0 38 0
0 39 0
0 40 0
0 41 0
0 42 0
0 43 0
0 44 0
0 45 0
0 46 0
0 47 0
0 48 0
0 49 0
0 50 0
0 51 0
0 52 0
0 53 0
0 54 0
0 55 0
0 56 0
0 57 0
0 58 0
0 59 0
0 60 0
0 61 0
0 62 0
0 63 0
0 64 0
0 65 0
0 66 0
0 67 0
0 68 0
0 69 0
0 70 0
0 71 0
0 72 0
0 73 0
0 74 0
0 75 0
0 76 0
0 77 0
0 78 0
0 79 0
0 80 0
0 81 0
0 82 0
0 83 0
0 84 0
0 85 0
0 86 0
0 87 0
0 88 0
0 89 0
0 90 0
0 91 0
0 92 0
0 93 0
0 94 0
0 95 0
0 96 0
0 97 0
0 98 0
0 99 0
0 100 0

1 0 0
1 1 162.675
1 2 319.876
1 3 466.411
1 4 597.74
1 5 710.13
1 6 800.868
1 7 868.38
1 8 912.162
1 9 932.804
1 10 931.805
1 11 911.376
1 12 874.309
1 13 823.668
1 14 762.653
1 15 694.389
1 16 621.783
1 17 547.402
1 18 473.427
1 19 401.628
1 20 333.328
1 21 269.494
1 22 210.736
1 23 157.342
1 24 109.398
1 25 66.7945
1 26 29.3117
1 27 -3.40128
1 28 -31.7036
1 29 -56.0092
1 30 -76.7194
1 31 -94.2362
1 32 -108.945
1 33 -121.194
1 34 -131.316
1 35 -139.597
1 36 -146.343
1 37 -151.745
1 38 -156.035
1 39 -159.41
1 40 -162.022
1 41 -164.016
1 42 -165.519
1 43 -166.619
1 44 -167.418
1 45 -167.975
1 46 -168.36
1 47 -168.61
1 48 -168.767
1 49 -168.849
1 50 -168.877
1 51 -168.849
1 52 -168.767
1 53 -168.61
1 54 -168.36
1 55 -167.975
1 56 -167.418
1 57 -166.619
1 58 -165.519
1 59 -164.016
1 60 -162.022
1 61 -159.41
1 62 -156.035
1 63 -151.745
1 64 -146.343
1 65 -139.597
1 66 -131.316
1 67 -121.194
1 68 -108.945
1 69 -94.2362
1 70 -76.7194
1 71 -56.0092
1 72 -31.7036
1 73 -3.40128
1 74 29.3117
1 75 66.7945
1 76 109.398
1 77 157.342
1 78 210.736
1 79 269.494
1 80 333.328
1 81 401.628
1 82 473.427
1 83 547.402
1 84 621.783
1 85 694.389
1 86 762.653
1 87 823.668
1 88 874.309
1 89 911.376
1 90 931.805
1 91 932.804
1 92 912.162
1 93 868.38
1 94 800.868
1 95 710.13
1 96 597.74
1 97 466.411
1 98 319.876
1 99 162.675
1 100 0

2 0 0
2 1 319.876
2 2 629.047
2 3 917.378
2 4 1175.98
2 5 1397.55
2 6 1576.79
2 7 1710.57
2 8 1797.88
2 9 1839.85
2 10 1839.34
2 11 1800.67
2 12 1729.27
2 13 1631.12
2 14 1512.45
2 15 1379.39
2 16 1237.59
2 17 1092.12
2 18 947.259
2 19 806.494
2 20 672.423
2 21 546.958
2 22 431.288
2 23 326.034
2 24 231.372
2 25 147.113
2 26 72.8012
2 27 7.78989
2 28 -48.6041
2 29 -97.1637
2 30 -138.695
2 31 -173.986
2 32 -203.735
2 33 -228.623
2 34 -249.319
2 35 -266.406
2 36 -280.365
2 37 -291.678
2 38 -300.781
2 39 -307.979
2 40 -313.672
2 41 -318.076
2 42 -321.459
2 43 -324.007
2 44 -325.901
2 45 -327.273
2 46 -328.252
2 47 -328.915
2 48 -329.347
2 49 -329.581
2 50 -329.661
2 51 -329.581
2 52 -329.347
2 53 -328.915
2 54 -328.252
2 55 -327.273
2 56 -325.901
2 57 -324.007
2 58 -321.459
2 59 -318.076
2 60 -313.672
2 61 -307.979
2 62 -300.781
2 63 -291.678
2 64 -280.365
2 65 -266.406
2 66 -249.319
2 67 -228.623
2 68 -203.735
2 69 -173.986
2 70 -138.695
2 71 -97.1637
2 72 -48.6041
2 73 7.78989
2 74 72.8012
2 75 147.113
2 76 231.372
2 77 326.034
2 78 431.288
2 79 546.958
2 80 672.423
2 81 806.494
2 82 947.259
2 83 1092.12
2 84 1237.59
2 85 1379.39
2 86 1512.45
2 87 1631.12
2 88 1729.27
2 89 1800.67
2 90 1839.34
2 91 1839.85
2 92 1797.88
2 93 1710.57
2 94 1576.79
2 95 1397.55
2 96 1175.98
2 97 917.378
2 98 629.047
2 99 319.876
2 100 0

3 0 0
3 1 466.411
3 2 917.378
3 3 1338.3
3 4 1716.31
3 5 2040.84
3 6 2304.19
3 7 2501.76
3 8 2632.06
3 9 2696.57
3 10 2699.39
3 11 2646.68
3 12 2546.18
3 13 2406.51
3 14 2236.65
3 15 2045.43
3 16 1841.09
3 17 1630.92
3 18 1421.18
3 19 1216.92
3 20 1021.99
3 21 839.172
3 22 670.27
3 23 516.195
3 24 377.25
3 25 253.185
3 26 143.414
3 27 47.0374
3 28 -36.9368
3 29 -109.619
3 30 -172.116
3 31 -225.513
3 32 -270.863
3 33 -309.125
3 34 -341.218
3 35 -367.928
3 36 -390.068
3 37 -408.223
3 38 -423.002
3 39 -434.973
3 40 -444.548
3 41 -452.157
3 42 -458.14
3 43 -462.775
3 44 -466.332
3 45 -469.002
3 46 -470.97
3 47 -472.362
3 48 -473.287
3 49 -473.812
3 50 -473.984
3 51 -473.812
3 52 -473.287
3 53 -472.362
3 54 -470.97
3 55 -469.002
3 56 -466.332
3 57 -462.775
3 58 -458.14
3 59 -452.157
3 60 -444.548
3 61 -434.973
3 62 -423.002
3 63 -408.223
3 64 -390.068
3 65 -367.928
3 66 -341.218
3 67 -309.125
3 68 -270.863
3 69 -225.513
3 70 -172.116
3 71 -109.619
3 72 -36.9368
3 73 47.0374
3 74 143.414
3 75 253.185
3 76 377.25
3 77 516.195
3 78 670.27
3 79 839.172
3 80 1021.99
3 81 1216.92
3 82 1421.18
3 83 1630.92
3 84 1841.09
3 85 2045.43
3 86 2236.65
3 87 2406.51
3 88 2546.18
3 89 2646.68
3 90 2699.39
3 91 2696.57
3 92 2632.06
3 93 2501.76
3 94 2304.19
3 95 2040.84
3 96 1716.31
3 97 1338.3
3 98 917.378
3 99 466.411
3 100 0

4 0 0
4 1 597.74
4 2 1175.98
4 3 1716.31
4 4 2202.41
4 5 2620.94
4 6 2962.04
4 7 3219.78
4 8 3392.13
4 9 3480.83
4 10 3490.86
4 11 3429.91
4 12 3307.61
4 13 3134.82
4 14 2922.86
4 15 2682.88
4 16 2425.3
4 17 2159.48
4 18 1893.36
4 19 1633.45
4 20 1384.7
4 21 1150.75
4 22 933.912
4 23 735.491
4 24 555.902
4 25 394.929
4 26 251.839
4 27 125.599
4 28 14.9747
4 29 -81.364
4 30 -164.789
4 31 -236.65
4 32 -298.201
4 33 -350.653
4 34 -395.107
4 35 -432.619
4 36 -464.043
4 37 -490.241
4 38 -511.961
4 39 -529.802
4 40 -544.426
4 41 -556.276
4 42 -565.818
4 43 -573.421
4 44 -579.401
4 45 -584.03
4 46 -587.531
4 47 -590.075
4 48 -591.801
4 49 -592.798
4 50 -593.126
4 51 -592.798
4 52 -591.801
4 53 -590.075
4 54 -587.531
4 55 -584.03
4 56 -579.401
4 57 -573.421
4 58 -565.818
4 59 -556.276
4 60 -544.426
4 61 -529.802
4 62 -511.961
4 63 -490.241
4 64 -464.043
4 65 -432.619
4 66 -395.107
4 67 -350.653
4 68 -298.201
4 69 -236.65
4 70 -164.789
4 71 -81.364
4 72 14.9747
4 73 125.599
4 74 251.839
4 75 394.929
4 76 555.902
4 77 735.491
4 78 933.912
4 79 1150.75
4 80 1384.7
4 81 1633.45
4 82 1893.36
4 83 2159.48
4 84 2425.3
4 85 2682.88
4 86 2922.86
4 87 3134.82
4 88 3307.61
4 89 3429.91
4 90 3490.86
4 91 3480.83
4 92 3392.13
4 93 3219.78
4 94 2962.04
4 95 2620.94
4 96 2202.41
4 97 1716.31
4 98 1175.98
4 99 597.74
4 100 0

5 0 0
5 1 710.13
5 2 1397.55
5 3 2040.84
5 4 2620.94
5 5 3122.17
5 6 3532.96
5 7 3846.15
5 8 4059.19
5 9 4173.81
5 10 4195.6
5 11 4133.31
5 12 3998.02
5 13 3802.26
5 14 3559.22
5 15 3281.89
5 16 2982.54
5 17 2672.15
5 18 2360.17
5 19 2054.3
5 20 1760.56
5 21 1483.26
5 22 1225.3
5 23 988.291
5 24 772.868
5 25 578.834
5 26 405.45
5 27 251.583
5 28 115.86
5 29 -3.21151
5 30 -107.17
5 31 -197.505
5 32 -275.671
5 33 -343.002
5 34 -400.78
5 35 -450.108
5 36 -492.07
5 37 -527.582
5 38 -557.466
5 39 -582.539
5 40 -603.388
5 41 -620.675
5 42 -634.863
5 43 -646.414
5 44 -655.7
5 45 -663.042
5 46 -668.699
5 47 -672.891
5 48 -675.767
5 49 -677.453
5 50 -678.004
5 51 -677.453
5 52 -675.767
5 53 -672.891
5 54 -668.699
5 55 -663.042
5 56 -655.7
5 57 -646.414
5 58 -634.863
5 59 -620.675
5 60 -603.388
5 61 -582.539
5 62 -557.466
5 63 -527.582
5 64 -492.07
5 65 -450.108
5 66 -400.78
5 67 -343.002
5 68 -275.671
5 69 -197.505
5 70 -107.17
5 71 -3.21151
5 72 115.86
5 73 251.583
5 74 405.45
5 75 578.834
5 76 772.868
5 77 988.291
5 78 1225.3
5 79 1483.26
5 80 1760.56
5 81 2054.3
5 82 2360.17
5 83 2672.15
5 84 2982.54
5 85 3281.89
5 86 3559.22
5 87 3802.26
5 88 3998.02
5 89 4133.31
5 90 4195.6
5 91 4173.81
5 92 4059.19
5 93 3846.15
5 94 3532.96
5 95 3122.17
5 96 2620.94
5 97 2040.84
5 98 1397.55
5 99 710.13
5 100 0

6 0 0
6 1 800.868
6 2 1576.79
6 3 2304.19
6 4 2962.04
6 5 3532.96
6 6 4003.99
6 7 4366.96
6 8 4618.74
6 9 4760.88
6 10 4799.18
6 11 4743.02
6 12 4604.3
6 13 4396.75
6 14 4134.78
6 15 3832.8
6 16 3504.41
6 17 3161.92
6 18 2815.92
6 19 2475.16
6 20 2146.47
6 21 1834.89
6 22 1543.74
6 23 1275.07
6 24 1029.63
6 25 807.389
6 26 607.622
6 27 429.219
6 28 270.697
6 29 130.499
6 30 7.03879
6 31 -101.279
6 32 -195.972
6 33 -278.517
6 34 -350.152
6 35 -412.16
6 36 -465.6
6 37 -511.504
6 38 -550.762
6 39 -584.164
6 40 -612.472
6 41 -636.283
6 42 -656.188
6 43 -672.665
6 44 -686.125
6 45 -696.938
6 46 -705.388
6 47 -711.721
6 48 -716.115
6 49 -718.701
6 50 -719.555
6 51 -718.701
6 52 -716.115
6 53 -711.721
6 54 -705.388
6 55 -696.938
6 56 -686.125
6 57 -672.665
6 58 -656.188
6 59 -636.283
6 60 -612.472
6 61 -584.164
6 62 -550.762
6 63 -511.504
6 64 -465.6
6 65 -412.16
6 66 -350.152
6 67 -278.517
6 68 -195.972
6 69 -101.279
6 70 7.03879
6 71 130.499
6 72 270.697
6 73 429.219
6 74 607.622
6 75 807.389
6 76 1029.63
6 77 1275.07
6 78 1543.74
6 79 1834.89
6 80 2146.47
6 81 2475.16
6 82 2815.92
6 83 3161.92
6 84 3504.41
6 85 3832.8
6 86 4134.78
6 87 4396.75
6 88 4604.3
6 89 4743.02
6 90 4799.18
6 91 4760.88
6 92 4618.74
6 93 4366.96
6 94 4003.99
6 95 3532.96
6 96 2962.04
6 97 2304.19
6 98 1576.79
6 99 800.868
6 100 0

7 0 0
7 1 868.38
7 2 1710.57
7 3 2501.76
7 4 3219.78
7 5 3846.15
7 6 4366.96
7 7 4773.24
7 8 5061.23
7 9 5232.07
7 10 5291.43
7 11 5248.74
7 12 5116.29
7 13 4908.29
7 14 4639.94
7 15 4326.4
7 16 3982.24
7 17 3620.63
7 18 3253.1
7 19 2889.15
7 20 2536.37
7 21 2200.29
7 22 1884.77
7 23 1592.11
7 24 1323.39
7 25 1078.68
7 26 857.374
7 27 658.351
7 28 480.196
7 29 321.357
7 30 180.213
7 31 55.1664
7 32 -55.3268
7 33 -152.66
7 34 -238.204
7 35 -313.139
7 36 -378.572
7 37 -435.543
7 38 -484.927
7 39 -527.583
7 40 -564.182
7 41 -595.46
7 42 -621.933
7 43 -644.154
7 44 -662.541
7 45 -677.477
7 46 -689.275
7 47 -698.193
7 48 -704.421
7 49 -708.106
7 50 -709.322
7 51 -708.106
7 52 -704.421
7 53 -698.193
7 54 -689.275
7 55 -677.477
7 56 -662.541
7 57 -644.154
7 58 -621.933
7 59 -595.46
7 60 -564.182
7 61 -527.583
7 62 -484.927
7 63 -435.543
7 64 -378.572
7 65 -313.139
7 66 -238.204
7 67 -152.66
7 68 -55.3268
7 69 55.1664
7 70 180.213
7 71 321.357
7 72 480.196
7 73 658.351
7 74 857.374
7 75 1078.68
7 76 1323.39
7 77 1592.11
7 78 1884.77
7 79 2200.29
7 80 2536.37
7 81 2889.15
7 82 3253.1
7 83 3620.63
7 84 3982.24
7 85 4326.4
7 86 4639.94
7 87 4908.29
7 88 5116.29
7 89 5248.74
7 90 5291.43
7 91 5232.07
7 92 5061.23
7 93 4773.24
7 94 4366.96
7 95 3846.15
7 96 3219.78
7 97 2501.76
7 98 1710.57
7 99 868.38
7 100 0

8 0 0
8 1 912.162
8 2 1797.88
8 3 2632.06
8 4 3392.13
8 5 4059.19
8 6 4618.74
8 7 5061.23
8 8 5382.22
8 9 5582.32
8 10 5666.62
8 11 5644.2
8 12 5527.09
8 13 5329.52
8 14 5066.78
8 15 4754.43
8 16 4407.43
8 17 4039.55
8 18 3662.84
8 19 3287.48
8 20 2921.5
8 21 2571.03
8 22 2240.27
8 23 1931.9
8 24 1647.18
8 25 1386.43
8 26 1149.14
8 27 934.315
8 28 740.587
8 29 566.444
8 30 410.346
8 31 270.732
8 32 146.147
8 33 35.1458
8 34 -63.4471
8 35 -150.833
8 36 -228.081
8 37 -296.141
8 38 -355.884
8 39 -408.087
8 40 -453.485
8 41 -492.669
8 42 -526.268
8 43 -554.742
8 44 -578.55
8 45 -598.065
8 46 -613.601
8 47 -625.417
8 48 -633.718
8 49 -638.638
8 50 -640.272
8 51 -638.638
8 52 -633.718
8 53 -625.417
8 54 -613.601
8 55 -598.065
8 56 -578.55
8 57 -554.742
8 58 -526.268
8 59 -492.669
8 60 -453.485
8 61 -408.087
8 62 -355.884
8 63 -296.141
8 64 -228.081
8 65 -150.833
8 66 -63.4471
8 67 35.1458
8 68 146.147
8 69 270.732
8 70 410.346
8 71 566.444
8 72 740.587
8 73 934.315
8 74 1149.14
8 75 1386.43
8 76 1647.18
8 77 1931.9
8 78 2240.27
8 79 2571.03
8 80 2921.5
8 81 3287.48
8 82 3662.84
8 83 4039.55
8 84 4407.43
8 85 4754.43
8 86 5066.78
8 87 5329.52
8 88 5527.09
8 89 5644.2
8 90 5666.62
8 91 5582.32
8 92 5382.22
8 93 5061.23
8 94 4618.74
8 95 4059.19
8 96 3392.13
8 97 2632.06
8 98 1797.88
8 99 912.162
8 100 0

9 0 0
9 1 932.804
9 2 1839.85
9 3 2696.57
9 4 3480.83
9 5 4173.81
9 6 4760.88
9 7 5232.07
9 8 5582.32
9 9 5811.4
9 10 5923.62
9 11 5927.14
9 12 5833.38
9 13 5655.89
9 14 5409.68
9 15 5110.1
9 16 4772.2
9 17 4409.91
9 18 4035.66
9 19 3659.96
9 20 3291.32
9 21 2936.23
9 22 2599.32
9 23 2283.51
9 24 1990.4
9 25 1720.44
9 26 1473.33
9 27 1248.15
9 28 1043.66
9 29 858.455
9 30 691.038
9 31 539.973
9 32 403.828
9 33 281.395
9 34 171.447
9 35 72.9494
9 36 -15.0511
9 37 -93.449
9 38 -163.027
9 39 -224.485
9 40 -278.456
9 41 -325.566
9 42 -366.29
9 43 -401.143
9 44 -430.51
9 45 -454.755
9 46 -474.179
9 47 -489.029
9 48 -499.497
9 49 -505.725
9 50 -507.789
9 51 -505.725
9 52 -499.497
9 53 -489.029
9 54 -474.179
9 55 -454.755
9 56 -430.51
9 57 -401.143
9 58 -366.29
9 59 -325.566
9 60 -278.456
9 61 -224.485
9 62 -163.027
9 63 -93.449
9 64 -15.0511
9 65 72.9494
9 66 171.447
9 67 281.395
9 68 403.828
9 69 539.973
9 70 691.038
9 71 858.455
9 72 1043.66
9 73 1248.15
9 74 1473.33
9 75 1720.44
9 76 1990.4
9 77 2283.51
9 78 2599.32
9 79 2936.23
9 80 3291.32
9 81 3659.96
9 82 4035.66
9 83 4409.91
9 84 4772.2
9 85 5110.1
9 86 5409.68
9 87 5655.89
9 88 5833.38
9 89 5927.14
9 90 5923.62
9 91 5811.4
9 92 5582.32
9 93 5232.07
9 94 4760.88
9 95 4173.81
9 96 3480.83
9 97 2696.57
9 98 1839.85
9 99 932.804
9 100 0

10 0 0
10 1 931.805
10 2 1839.34
10 3 2699.39
10 4 3490.86
10 5 4195.6
10 6 4799.18
10 7 5291.43
10 8 5666.62
10 9 5923.62
10 10 6065.55
10 11 6099.4
10 12 6035.35
10 13 5886.02
10 14 5665.5
10 15 5388.67
10 16 5070.14
10 17 4723.85
10 18 4362.25
10 19 3996.16
10 20 3634.33
10 21 3283.66
10 22 2949.04
10 23 2633.76
10 24 2339.65
10 25 2067.42
10 26 1816.85
10 27 1587.2
10 28 1377.35
10 29 1185.97
10 30 1011.66
10 31 853.058
10 32 708.927
10 33 578.071
10 34 459.45
10 35 352.152
10 36 255.297
10 37 168.182
10 38 90.111
10 39 20.4924
10 40 -41.2363
10 41 -95.5305
10 42 -142.91
10 43 -183.718
10 44 -218.36
10 45 -247.126
10 46 -270.291
10 47 -288.075
10 48 -300.654
10 49 -308.149
10 50 -310.641
10 51 -308.149
10 52 -300.654
10 53 -288.075
10 54 -270.291
10 55 -247.126
10 56 -218.36
10 57 -183.718
10 58 -142.91
10 59 -95.5305
10 60 -41.2363
10 61 20.4924
10 62 90.111
10 63 168.182
10 64 255.297
10 65 352.152
10 66 459.45
10 67 578.071
10 68 708.927
10 69 853.058
10 70 1011.66
10 71 1185.97
10 72 1377.35
10 73 1587.2
10 74 1816.85
10 75 2067.42
10 76 2339.65
10 77 2633.76
10 78 2949.04
10 79 3283.66
10 80 3634.33
10 81 3996.16
10 82 4362.25
10 83 4723.85
10 84 5070.14
10 85 5388.67
10 86 5665.5
10 87 5886.02
10 88 6035.35
10 89 6099.4
10 90 6065.55
10 91 5923.62
10 92 5666.62
10 93 5291.43
10 94 4799.18
10 95 4195.6
10 96 3490.86
10 97 2699.39
10 98 1839.34
10 99 931.805
10 100 0

11 0 0
11 1 911.376
11 2 1800.67
11 3 2646.68
11 4 3429.91
11 5 4133.31
11 6 4743.02
11 7 5248.74
11 8 5644.2
11 9 5927.14
11 10 6099.4
11 11 6166.36
11 12 6136.74
11 13 6021.63
11 14 5834.01
11 15 5587.75
11 16 5296.93
11 17 4975.05
11 18 4634.58
11 19 4286.32
11 20 3939.35
11 21 3600.78
11 22 3275.94
11 23 2968.31
11 24 2680.07
11 25 2412.05
11 26 2164.27
11 27 1936.09
11 28 1726.5
11 29 1534.23
11 30 1357.95
11 31 1196.46
11 32 1048.53
11 33 913.134
11 34 789.33
11 35 676.328
11 36 573.432
11 37 480.034
11 38 395.593
11 39 319.652
11 40 251.78
11 41 191.57
11 42 138.718
11 43 92.8376
11 44 53.6962
11 45 21.008
11 46 -5.42516
11 47 -25.7963
11 48 -40.2365
11 49 -48.8663
11 50 -51.7285
11 51 -48.8663
11 52 -40.2365
11 53 -25.7963
11 54 -5.42516
11 55 21.008
11 56 53.6962
11 57 92.8376
11 58 138.718
11 59 191.57
11 60 251.78
11 61 319.652
11 62 395.593
11 63 480.034
11 64 573.432
11 65 676.328
11 66 789.33
11 67 913.134
11 68 1048.53
11 69 1196.46
11 70 1357.95
11 71 1534.23
11 72 1726.5
11 73 1936.09
11 74 2164.27
11 75 2412.05
11 76 2680.07
11 77 2968.31
11 78 3275.94
11 79 3600.78
11 80 3939.35
11 81 4286.32
11 82 4634.58
11 83 4975.05
11 84 5296.93
11 85 5587.75
11 86 5834.01
11 87 6021.63
11 88 6136.74
11 89 6166.36
11 90 6099.4
11 91 5927.14
11 92 5644.2
11 93 5248.74
11 94 4743.02
11 95 4133.31
11 96 3429.91
11 97 2646.68
11 98 1800.67
11 99 911.376
11 100 0

12 0 0
12 1 874.309
12 2 1729.27
12 3 2546.18
12 4 3307.61
12 5 3998.02
12 6 4604.3
12 7 5116.29
12 8 5527.09
12 9 5833.38
12 10 6035.35
12 11 6136.74
12 12 6144.3
12 13 6067.52
12 14 5917.76
12 15 5707.77
12 16 5450.66
12 17 5159.51
12 18 4846.43
12 19 4522.34
12 20 4196.42
12 21 3876.15
12 22 3567.05
12 23 3273.03
12 24 2996.45
12 25 2738.44
12 26 2499.13
12 27 2278
12 28 2074.11
12 29 1886.25
12 30 1713.18
12 31 1553.64
12 32 1406.58
12 33 1271.03
12 34 1146.12
12 35 1031.2
12 36 925.699
12 37 829.161
12 38 741.18
12 39 661.421
12 40 589.601
12 41 525.473
12 42 468.756
12 43 419.289
12 44 376.821
12 45 341.21
12 46 312.293
12 47 289.941
12 48 274.052
12 49 264.55
12 50 261.387
12 51 264.55
12 52 274.052
12 53 289.941
12 54 312.293
12 55 341.21
12 56 376.821
12 57 419.289
12 58 468.756
12 59 525.473
12 60 589.601
12 61 661.421
12 62 741.18
12 63 829.161
12 64 925.699
12 65 1031.2
12 66 1146.12
12 67 1271.03
12 68 1406.58
12 69 1553.64
12 70 1713.18
12 71 1886.25
12 72 2074.11
12 73 2278
12 74 2499.13
12 75 2738.44
12 76 2996.45
12 77 3273.03
12 78 3567.05
12 79 3876.15
12 80 4196.42
12 81 4522.34
12 82 4846.43
12 83 5159.51
12 84 5450.66
12 85 5707.77
12 86 5917.76
12 87 6067.52
12 88 6144.3
12 89 6136.74
12 90 6035.35
12 91 5833.38
12 92 5527.09
12 93 5116.29
12 94 4604.3
12 95 3998.02
12 96 3307.61
12 97 2546.18
12 98 1729.27
12 99 874.309
12 100 0

13 0 0
13 1 823.668
13 2 1631.12
13 3 2406.51
13 4 3134.82
13 5 3802.26
13 6 4396.75
13 7 4908.29
13 8 5329.52
13 9 5655.89
13 10 5886.02
13 11 6021.63
13 12 6067.52
13 13 6031.12
13 14 5922.15
13 15 5751.81
13 16 5532.28
13 17 5275.84
13 18 4994.36
13 19 4698.61
13 20 4398.04
13 21 4100.27
13 22 3811.27
13 23 3535.23
13 24 3274.84
13 25 3031.41
13 26 2805.28
13 27 2596.01
13 28 2402.7
13 29 2224.17
13 30 2059.14
13 31 1906.45
13 32 1765
13 33 1633.82
13 34 1512.18
13 35 1399.47
13 36 1295.25
13 37 1199.15
13 38 1110.93
13 39 1030.37
13 40 957.324
13 41 891.646
13 42 833.257
13 43 781.989
13 44 737.805
13 45 700.572
13 46 670.234
13 47 646.714
13 48 629.959
13 49 619.921
13 50 616.581
13 51 619.921
13 52 629.959
13 53 646.714
13 54 670.234
13 55 700.572
13 56 737.805
13 57 781.989
13 58 833.257
13 59 891.646
13 60 957.324
13 61 1030.37
13 62 1110.93
13 63 1199.15
13 64 1295.25
13 65 1399.47
13 66 1512.18
13 67 1633.82
13 68 1765
13 69 1906.45
13 70 2059.14
13 71 2224.17
13 72 2402.7
13 73 2596.01
13 74 2805.28
13 75 3031.41
13 76 3274.84
13 77 3535.23
13 78 3811.27
13 79 4100.27
13 80 4398.04
13 81 4698.61
13 82 4994.36
13 83 5275.84
13 84 5532.28
13 85 5751.81
13 86 5922.15
13 87 6031.12
13 88 6067.52
13 89 6021.63
13 90 5886.02
13 91 5655.89
13 92 5329.52
13 93 4908.29
13 94 4396.75
13 95 3802.26
13 96 3134.82
13 97 2406.51
13 98 1631.12
13 99 823.668
13 100 0

14 0 0
14 1 762.653
14 2 1512.45
14 3 2236.65
14 4 2922.86
14 5 3559.22
14 6 4134.78
14 7 4639.94
14 8 5066.78
14 9 5409.68
14 10 5665.5
14 11 5834.01
14 12 5917.76
14 13 5922.15
14 14 5854.89
14 15 5725.67
14 16 5545.4
14 17 5325.65
14 18 5077.8
14 19 4812.62
14 20 4539.57
14 21 4266.69
14 22 4000.26
14 23 3744.92
14 24 3503.59
14 25 3277.91
14 26 3068.37
14 27 2874.63
14 28 2695.81
14 29 2530.68
14 30 2378
14 31 2236.48
14 32 2104.97
14 33 1982.55
14 34 1868.45
14 35 1762.08
14 36 1663.1
14 37 1571.21
14 38 1486.26
14 39 1408.16
14 40 1336.86
14 41 1272.37
14 42 1214.65
14 43 1163.77
14 44 1119.65
14 45 1082.35
14 46 1051.84
14 47 1028.13
14 48 1011.19
14 49 1001.04
14 50 997.647
14 51 1001.04
14 52 1011.19
14 53 1028.13
14 54 1051.84
14 55 1082.35
14 56 1119.65
14 57 1163.77
14 58 1214.65
14 59 1272.37
14 60 1336.86
14 61 1408.16
14 62 1486.26
14 63 1571.21
14 64 1663.1
14 65 1762.08
14 66 1868.45
14 67 1982.55
14 68 2104.97
14 69 2236.48
14 70 2378
14 71 2530.68
14 72 2695.81
14 73 2874.63
14 74 3068.37
14 75 3277.91
14 76 3503.59
14 77 3744.92
14 78 4000.26
14 79 4266.69
14 80 4539.57
14 81 4812.62
14 82 5077.8
14 83 5325.65
14 84 5545.4
14 85 5725.67
14 86 5854.89
14 87 5922.15
14 88 5917.76
14 89 5834.01
14 90 5665.5
14 91 5409.68
14 92 5066.78
14 93 4639.94
14 94 4134.78
14 95 3559.22
14 96 2922.86
14 97 2236.65
14 98 1512.45
14 99 762.653
14 100 0

15 0 0
15 1 694.389
15 2 1379.39
15 3 2045.43
15 4 2682.88
15 5 3281.89
15 6 3832.8
15 7 4326.4
15 8 4754.43
15 9 5110.1
15 10 5388.67
15 11 5587.75
15 12 5707.77
15 13 5751.81
15 14 5725.67
15 15 5637.24
15 16 5496.26
15 17 5313.28
15 18 5099.32
15 19 4864.95
15 20 4619.88
15 21 4372.4
15 22 4129.29
15 23 3895.51
15 24 3674.46
15 25 3468.06
15 26 3277.01
15 27 3101.06
15 28 2939.32
15 29 2790.59
15 30 2653.48
15 31 2526.58
15 32 2408.69
15 33 2298.75
15 34 2195.98
15 35 2099.76
15 36 2009.71
15 37 1925.61
15 38 1847.36
15 39 1774.93
15 40 1708.38
15 41 1647.8
15 42 1593.3
15 43 1544.94
15 44 1502.86
15 45 1467.11
15 46 1437.78
15 47 1414.91
15 48 1398.54
15 49 1388.72
15 50 1385.44
15 51 1388.72
15 52 1398.54
15 53 1414.91
15 54 1437.78
15 55 1467.11
15 56 1502.86
15 57 1544.94
15 58 1593.3
15 59 1647.8
15 60 1708.38
15 61 1774.93
15 62 1847.36
15 63 1925.61
15 64 2009.71
15 65 2099.76
15 66 2195.98
15 67 2298.75
15 68 2408.69
15 69 2526.58
15 70 2653.48
15 71 2790.59
15 72 2939.32
15 73 3101.06
15 74 3277.01
15 75 3468.06
15 76 3674.46
15 77 3895.51
15 78 4129.29
15 79 4372.4
15 80 4619.88
15 81 4864.95
15 82 5099.32
15 83 5313.28
15 84 5496.26
15 85 5637.24
15 86 5725.67
15 87 5751.81
15 88 5707.77
15 89 5587.75
15 90 5388.67
15 91 5110.1
15 92 4754.43
15 93 4326.4
15 94 3832.8
15 95 3281.89
15 96 2682.88
15 97 2045.43
15 98 1379.39
15 99 694.389
15 100 0

16 0 0
16 1 621.783
16 2 1237.59
16 3 1841.09
16 4 2425.3
16 5 2982.54
16 6 3504.41
16 7 3982.24
16 8 4407.43
16 9 4772.2
16 10 5070.14
16 11 5296.93
16 12 5450.66
16 13 5532.28
16 14 5545.4
16 15 5496.26
16 16 5393.07
16 17 5245.59
16 18 5064.23
16 19 4859.5
16 20 4641.2
16 21 4418.07
16 22 4197.27
16 23 3984.36
16 24 3783.16
16 25 3595.95
16 26 3423.68
16 27 3266.21
16 28 3122.75
16 29 2991.97
16 30 2872.36
16 31 2762.42
16 32 2660.72
16 33 2566.11
16 34 2477.64
16 35 2394.63
16 36 2316.63
16 37 2243.41
16 38 2174.85
16 39 2111
16 40 2051.94
16 41 1997.83
16 42 1948.83
16 43 1905.16
16 44 1866.92
16 45 1834.34
16 46 1807.47
16 47 1786.48
16 48 1771.41
16 49 1762.36
16 50 1759.33
16 51 1762.36
16 52 1771.41
16 53 1786.48
16 54 1807.47
16 55 1834.34
16 56 1866.92
16 57 1905.16
16 58 1948.83
16 59 1997.83
16 60 2051.94
16 61 2111
16 62 2174.85
16 63 2243.41
16 64 2316.63
16 65 2394.63
16 66 2477.64
16 67 2566.11
16 68 2660.72
16 69 2762.42
16 70 2872.36
16 71 2991.97
16 72 3122.75
16 73 3266.21
16 74 3423.68
16 75 3595.95
16 76 3783.16
16 77 3984.36
16 78 4197.27
16 79 4418.07
16 80 4641.2
16 81 4859.5
16 82 5064.23
16 83 5245.59
16 84 5393.07
16 85 5496.26
16 86 5545.4
16 87 5532.28
16 88 5450.66
16 89 5296.93
16 90 5070.14
16 91 4772.2
16 92 4407.43
16 93 3982.24
16 94 3504.41
16 95 2982.54
16 96 2425.3
16 97 1841.09
16 98 1237.59
16 99 621.783
16 100 0

17 0 0
17 1 547.402
17 2 1092.12
17 3 1630.92
17 4 2159.48
17 5 2672.15
17 6 3161.92
17 7 3620.63
17 8 4039.55
17 9 4409.91
17 10 4723.85
17 11 4975.05
17 12 5159.51
17 13 5275.84
17 14 5325.65
17 15 5313.28
17 16 5245.59
17 17 5131.26
17 18 4980.23
17 19 4802.76
17 20 4608.91
17 21 4407.74
17 22 4207.03
17 23 4012.85
17 24 3829.59
17 25 3659.96
17 26 3505.21
17 27 3365.44
17 28 3239.86
17 29 3127.1
17 30 3025.57
17 31 2933.51
17 32 2849.34
17 33 2771.68
17 34 2699.43
17 35 2631.73
17 36 2568.02
17 37 2507.99
17 38 2451.48
17 39 2398.51
17 40 2349.17
17 41 2303.65
17 42 2262.18
17 43 2224.93
17 44 2192.2
17 45 2164.11
17 46 2140.9
17 47 2122.68
17 48 2109.58
17 49 2101.69
17 50 2099.06
17 51 2101.69
17 52 2109.58
17 53 2122.68
17 54 2140.9
17 55 2164.11
17 56 2192.2
17 57 2224.93
17 58 2262.18
17 59 2303.65
17 60 2349.17
17 61 2398.51
17 62 2451.48
17 63 2507.99
17 64 2568.02
17 65 2631.73
17 66 2699.43
17 67 2771.68
17 68 2849.34
17 69 2933.51
17 70 3025.57
17 71 3127.1
17 72 3239.86
17 73 3365.44
17 74 3505.21
17 75 3659.96
17 76 3829.59
17 77 4012.85
17 78 4207.03
17 79 4407.74
17 80 4608.91
17 81 4802.76
17 82 4980.23
17 83 5131.26
17 84 5245.59
17 85 5313.28
17 86 5325.65
17 87 5275.84
17 88 5159.51
17 89 4975.05
17 90 4723.85
17 91 4409.91
17 92 4039.55
17 93 3620.63
17 94 3161.92
17 95 2672.15
17 96 2159.48
17 97 1630.92
17 98 1092.12
17 99 547.402
17 100 0

18 0 0
18 1 473.427
18 2 947.259
18 3 1421.18
18 4 1893.36
18 5 2360.17
18 6 2815.92
18 7 3253.1
18 8 3662.84
18 9 4035.66
18 10 4362.25
18 11 4634.58
18 12 4846.43
18 13 4994.36
18 14 5077.8
18 15 5099.32
18 16 5064.23
18 17 4980.23
18 18 4856.56
18 19 4703.37
18 20 4530.83
18 21 4348.47
18 22 4164.6
18 23 3985.98
18 24 3817.58
18 25 3662.66
18 26 3522.89
18 27 3398.61
18 28 3289.1
18 29 3193.07
18 30 3108.67
18 31 3034.06
18 32 2967.4
18 33 2907.06
18 34 2851.71
18 35 2800.29
18 36 2752.08
18 37 2706.58
18 38 2663.59
18 39 2623.02
18 40 2584.95
18 41 2549.53
18 42 2517
18 43 2487.59
18 44 2461.51
18 45 2439.05
18 46 2420.36
18 47 2405.64
18 48 2395.02
18 49 2388.61
18 50 2386.47
18 51 2388.61
18 52 2395.02
18 53 2405.64
18 54 2420.36
18 55 2439.05
18 56 2461.51
18 57 2487.59
18 58 2517
18 59 2549.53
18 60 2584.95
18 61 2623.02
18 62 2663.59
18 63 2706.58
18 64 2752.08
18 65 2800.29
18 66 2851.71
18 67 2907.06
18 68 2967.4
18 69 3034.06
18 70 3108.67
18 71 3193.07
18 72 3289.1
18 73 3398.61
18 74 3522.89
18 75 3662.66
18 76 3817.58
18 77 3985.98
18 78 4164.6
18 79 4348.47
18 80 4530.83
18 81 4703.37
18 82 4856.56
18 83 4980.23
18 84 5064.23
18 85 5099.32
18 86 5077.8
18 87 4994.36
18 88 4846.43
18 89 4634.58
18 90 4362.25
18 91 4035.66
18 92 3662.84
18 93 3253.1
18 94 2815.92
18 95 2360.17
18 96 1893.36
18 97 1421.18
18 98 947.259
18 99 473.427
18 100 0

19 0 0
19 1 401.628
19 2 806.494
19 3 1216.92
19 4 1633.45
19 5 2054.3
19 6 2475.16
19 7 2889.15
19 8 3287.48
19 9 3659.96
19 10 3996.16
19 11 4286.32
19 12 4522.34
19 13 4698.61
19 14 4812.62
19 15 4864.95
19 16 4859.5
19 17 4802.76
19 18 4703.37
19 19 4571.18
19 20 4416.55
19 21 4249.38
19 22 4078.6
19 23 3911.69
19 24 3754.32
19 25 3610.39
19 26 3482.01
19 27 3369.88
19 28 3273.53
19 29 3191.56
19 30 3122.16
19 31 3063.25
19 32 3012.78
19 33 2968.84
19 34 2929.86
19 35 2894.51
19 36 2861.85
19 37 2831.21
19 38 2802.23
19 39 2774.69
19 40 2748.62
19 41 2724.1
19 42 2701.32
19 43 2680.47
19 44 2661.86
19 45 2645.62
19 46 2632.06
19 47 2621.29
19 48 2613.49
19 49 2608.77
19 50 2607.19
19 51 2608.77
19 52 2613.49
19 53 2621.29
19 54 2632.06
19 55 2645.62
19 56 2661.86
19 57 2680.47
19 58 2701.32
19 59 2724.1
19 60 2748.62
19 61 2774.69
19 62 2802.23
19 63 2831.21
19 64 2861.85
19 65 2894.51
19 66 2929.86
19 67 2968.84
19 68 3012.78
19 69 3063.25
19 70 3122.16
19 71 3191.56
19 72 3273.53
19 73 3369.88
19 74 3482.01
19 75 3610.39
19 76 3754.32
19 77 3911.69
19 78 4078.6
19 79 4249.38
19 80 4416.55
19 81 4571.18
19 82 4703.37
19 83 4802.76
19 84 4859.5
19 85 4864.95
19 86 4812.62
19 87 4698.61
19 88 4522.34
19 89 4286.32
19 90 3996.16
19 91 3659.96
19 92 3287.48
19 93 2889.15
19 94 2475.16
19 95 2054.3
19 96 1633.45
19 97 1216.92
19 98 806.494
19 99 401.628
19 100 0

20 0 0
20 1 333.328
20 2 672.423
20 3 1021.99
20 4 1384.7
20 5 1760.56
20 6 2146.47
20 7 2536.37
20 8 2921.5
20 9 3291.32
20 10 3634.33
20 11 3939.35
20 12 4196.42
20 13 4398.04
20 14 4539.57
20 15 4619.88
20 16 4641.2
20 17 4608.91
20 18 4530.83
20 19 4416.55
20 20 4276.44
20 21 4120.83
20 22 3959.31
20 23 3800.07
20 24 3649.54
20 25 3512.3
20 26 3391.12
20 27 3287.14
20 28 3200.03
20 29 3128.61
20 30 3070.99
20 31 3024.97
20 32 2988.25
20 33 2958.69
20 34 2934.4
20 35 2913.81
20 36 2895.72
20 37 2879.23
20 38 2863.78
20 39 2849.04
20 40 2834.85
20 41 2821.24
20 42 2808.32
20 43 2796.26
20 44 2785.24
20 45 2775.53
20 46 2767.25
20 47 2760.63
20 48 2755.78
20 49 2752.84
20 50 2751.84
20 51 2752.84
20 52 2755.78
20 53 2760.63
20 54 2767.25
20 55 2775.53
20 56 2785.24
20 57 2796.26
20 58 2808.32
20 59 2821.24
20 60 2834.85
20 61 2849.04
20 62 2863.78
20 63 2879.23
20 64 2895.72
20 65 2913.81
20 66 2934.4
20 67 2958.69
20 68 2988.25
20 69 3024.97
20 70 3070.99
20 71 3128.61
20 72 3200.03
20 73 3287.14
20 74 3391.12
20 75 3512.3
20 76 3649.54
20 77 3800.07
20 78 3959.31
20 79 4120.83
20 80 4276.44
20 81 4416.55
20 82 4530.83
20 83 4608.91
20 84 4641.2
20 85 4619.88
20 86 4539.57
20 87 4398.04
20 88 4196.42
20 89 3939.35
20 90 3634.33
20 91 3291.32
20 92 2921.5
20 93 2536.37
20 94 2146.47
20 95 1760.56
20 96 1384.7
20 97 1021.99
20 98 672.423
20 99 333.328
20 100 0

21 0 0
21 1 269.494
21 2 546.958
21 3 839.172
21 4 1150.75
21 5 1483.26
21 6 1834.89
21 7 2200.29
21 8 2571.03
21 9 2936.23
21 10 3283.66
21 11 3600.78
21 12 3876.15
21 13 4100.27
21 14 4266.69
21 15 4372.4
21 16 4418.07
21 17 4407.74
21 18 4348.47
21 19 4249.38
21 20 4120.83
21 21 3973.55
21 22 3817.7
21 23 3662.22
21 24 3514.37
21 25 3379.53
21 26 3261.16
21 27 3160.82
21 28 3078.68
21 29 3013.65
21 30 2963.92
21 31 2927.17
21 32 2900.94
21 33 2882.82
21 34 2870.66
21 35 2862.61
21 36 2857.17
21 37 2853.23
21 38 2849.99
21 39 2846.93
21 40 2843.77
21 41 2840.38
21 42 2836.78
21 43 2833.07
21 44 2829.41
21 45 2825.92
21 46 2822.83
21 47 2820.22
21 48 2818.28
21 49 2817.06
21 50 2816.65
21 51 2817.06
21 52 2818.28
21 53 2820.22
21 54 2822.83
21 55 2825.92
21 56 2829.41
21 57 2833.07
21 58 2836.78
21 59 2840.38
21 60 2843.77
21 61 2846.93
21 62 2849.99
21 63 2853.23
21 64 2857.17
21 65 2862.61
21 66 2870.66
21 67 2882.82
21 68 2900.94
21 69 2927.17
21 70 2963.92
21 71 3013.65
21 72 3078.68
21 73 3160.82
21 74 3261.16
21 75 3379.53
21 76 3514.37
21 77 3662.22
21 78 3817.7
21 79 3973.55
21 80 4120.83
21 81 4249.38
21 82 4348.47
21 83 4407.74
21 84 4418.07
21 85 4372.4
21 86 4266.69
21 87 4100.27
21 88 3876.15
21 89 3600.78
21 90 3283.66
21 91 2936.23
21 92 2571.03
21 93 2200.29
21 94 1834.89
21 95 1483.26
21 96 1150.75
21 97 839.172
21 98 546.958
21 99 269.494
21 100 0

22 0 0
22 1 210.736
22 2 431.288
22 3 670.27
22 4 933.912
22 5 1225.3
22 6 1543.74
22 7 1884.77
22 8 2240.27
22 9 2599.32
22 10 2949.04
22 11 3275.94
22 12 3567.05
22 13 3811.27
22 14 4000.26
22 15 4129.29
22 16 4197.27
22 17 4207.03
22 18 4164.6
22 19 4078.6
22 20 3959.31
22 21 3817.7
22 22 3664.49
22 23 3509.34
22 24 3360.43
22 25 3223.98
22 26 3104.09
22 27 3003.06
22 28 2921.43
22 29 2858.45
22 30 2812.37
22 31 2780.88
22 32 2761.34
22 33 2751.18
22 34 2747.94
22 35 2749.53
22 36 2754.17
22 37 2760.48
22 38 2767.43
22 39 2774.31
22 40 2780.65
22 41 2786.19
22 42 2790.83
22 43 2794.58
22 44 2797.47
22 45 2799.67
22 46 2801.23
22 47 2802.32
22 48 2803
22 49 2803.38
22 50 2803.51
22 51 2803.38
22 52 2803
22 53 2802.32
22 54 2801.23
22 55 2799.67
22 56 2797.47
22 57 2794.58
22 58 2790.83
22 59 2786.19
22 60 2780.65
22 61 2774.31
22 62 2767.43
22 63 2760.48
22 64 2754.17
22 65 2749.53
22 66 2747.94
22 67 2751.18
22 68 2761.34
22 69 2780.88
22 70 2812.37
22 71 2858.45
22 72 2921.43
22 73 3003.06
22 74 3104.09
22 75 3223.98
22 76 3360.43
22 77 3509.34
22 78 3664.49
22 79 3817.7
22 80 3959.31
22 81 4078.6
22 82 4164.6
22 83 4207.03
22 84 4197.27
22 85 4129.29
22 86 4000.26
22 87 3811.27
22 88 3567.05
22 89 3275.94
22 90 2949.04
22 91 2599.32
22 92 2240.27
22 93 1884.77
22 94 1543.74
22 95 1225.3
22 96 933.912
22 97 670.27
22 98 431.288
22 99 210.736
22 100 0

23 0 0
23 1 157.342
23 2 326.034
23 3 516.195
23 4 735.491
23 5 988.291
23 6 1275.07
23 7 1592.11
23 8 1931.9
23 9 2283.51
23 10 2633.76
23 11 2968.31
23 12 3273.03
23 13 3535.23
23 14 3744.92
23 15 3895.51
23 16 3984.36
23 17 4012.85
23 18 3985.98
23 19 3911.69
23 20 3800.07
23 21 3662.22
23 22 3509.34
23 23 3351.88
23 24 3198.86
23 25 3057.24
23 26 2932.08
23 27 2826.31
23 28 2741.06
23 29 2675.9
23 30 2629.28
23 31 2598.93
23 32 2582.15
23 33 2576.19
23 34 2578.37
23 35 2586.33
23 36 2598.06
23 37 2611.89
23 38 2626.57
23 39 2641.18
23 40 2655.07
23 41 2667.81
23 42 2679.19
23 43 2689.07
23 44 2697.48
23 45 2704.39
23 46 2709.94
23 47 2714.12
23 48 2717.07
23 49 2718.8
23 50 2719.38
23 51 2718.8
23 52 2717.07
23 53 2714.12
23 54 2709.94
23 55 2704.39
23 56 2697.48
23 57 2689.07
23 58 2679.19
23 59 2667.81
23 60 2655.07
23 61 2641.18
23 62 2626.57
23 63 2611.89
23 64 2598.06
23 65 2586.33
23 66 2578.37
23 67 2576.19
23 68 2582.15
23 69 2598.93
23 70 2629.28
23 71 2675.9
23 72 2741.06
23 73 2826.31
23 74 2932.08
23 75 3057.24
23 76 3198.86
23 77 3351.88
23 78 3509.34
23 79 3662.22
23 80 3800.07
23 81 3911.69
23 82 3985.98
23 83 4012.85
23 84 3984.36
23 85 3895.51
23 86 3744.92
23 87 3535.23
23 88 3273.03
23 89 2968.31
23 90 2633.76
23 91 2283.51
23 92 1931.9
23 93 1592.11
23 94 1275.07
23 95 988.291
23 96 735.491
23 97 516.195
23 98 326.034
23 99 157.342
23 100 0

24 0 0
24 1 109.398
24 2 231.372
24 3 377.25
24 4 555.902
24 5 772.868
24 6 1029.63
24 7 1323.39
24 8 1647.18
24 9 1990.4
24 10 2339.65
24 11 2680.07
24 12 2996.45
24 13 3274.84
24 14 3503.59
24 15 3674.46
24 16 3783.16
24 17 3829.59
24 18 3817.58
24 19 3754.32
24 20 3649.54
24 21 3514.37
24 22 3360.43
24 23 3198.86
24 24 3039.35
24 25 2889.92
24 26 2756.4
24 27 2642.53
24 28 2550
24 29 2478.87
24 30 2427.84
24 31 2394.78
24 32 2376.96
24 33 2371.51
24 34 2375.59
24 35 2386.6
24 36 2402.27
24 37 2420.73
24 38 2440.48
24 39 2460.38
24 40 2479.61
24 41 2497.59
24 42 2513.95
24 43 2528.47
24 44 2541.04
24 45 2551.64
24 46 2560.22
24 47 2566.87
24 48 2571.56
24 49 2574.37
24 50 2575.3
24 51 2574.37
24 52 2571.56
24 53 2566.87
24 54 2560.22
24 55 2551.64
24 56 2541.04
24 57 2528.47
24 58 2513.95
24 59 2497.59
24 60 2479.61
24 61 2460.38
24 62 2440.48
24 63 2420.73
24 64 2402.27
24 65 2386.6
24 66 2375.59
24 67 2371.51
24 68 2376.96
24 69 2394.78
24 70 2427.84
24 71 2478.87
24 72 2550
24 73 2642.53
24 74 2756.4
24 75 2889.92
24 76 3039.35
24 77 3198.86
24 78 3360.43
24 79 3514.37
24 80 3649.54
24 81 3754.32
24 82 3817.58
24 83 3829.59
24 84 3783.16
24 85 3674.46
24 86 3503.59
24 87 3274.84
24 88 2996.45
24 89 2680.07
24 90 2339.65
24 91 1990.4
24 92 1647.18
24 93 1323.39
24 94 1029.63
24 95 772.868
24 96 555.902
24 97 377.25
24 98 231.372
24 99 109.398
24 100 0

25 0 0
25 1 66.7945
25 2 147.113
25 3 253.185
25 4 394.929
25 5 578.834
25 6 807.389
25 7 1078.68
25 8 1386.43
25 9 1720.44
25 10 2067.42
25 11 2412.05
25 12 2738.44
25 13 3031.41
25 14 3277.91
25 15 3468.06
25 16 3595.95
25 17 3659.96
25 18 3662.66
25 19 3610.39
25 20 3512.3
25 21 3379.53
25 22 3223.98
25 23 3057.24
25 24 2889.92
25 25 2730.84
25 26 2586.75
25 27 2462.15
25 28 2359.46
25 29 2279.21
25 30 2220.49
25 31 2181.33
25 32 2159.09
25 33 2150.8
25 34 2153.5
25 35 2164.41
25 36 2181.04
25 37 2201.3
25 38 2223.47
25 39 2246.22
25 40 2268.56
25 41 2289.75
25 42 2309.28
25 43 2326.84
25 44 2342.21
25 45 2355.27
25 46 2365.99
25 47 2374.29
25 48 2380.24
25 49 2383.79
25 50 2384.97
25 51 2383.79
25 52 2380.24
25 53 2374.29
25 54 2365.99
25 55 2355.27
25 56 2342.21
25 57 2326.84
25 58 2309.28
25 59 2289.75
25 60 2268.56
25 61 2246.22
25 62 2223.47
25 63 2201.3
25 64 2181.04
25 65 2164.41
25 66 2153.5
25 67 2150.8
25 68 2159.09
25 69 2181.33
25 70 2220.49
25 71 2279.21
25 72 2359.46
25 73 2462.15
25 74 2586.75
25 75 2730.84
25 76 2889.92
25 77 3057.24
25 78 3223.98
25 79 3379.53
25 80 3512.3
25 81 3610.39
25 82 3662.66
25 83 3659.96
25 84 3595.95
25 85 3468.06
25 86 3277.91
25 87 3031.41
25 88 2738.44
25 89 2412.05
25 90 2067.42
25 91 1720.44
25 92 1386.43
25 93 1078.68
25 94 807.389
25 95 578.834
25 96 394.929
25 97 253.185
25 98 147.113
25 99 66.7945
25 100 0

26 0 0
26 1 29.3117
26 2 72.8012
26 3 143.414
26 4 251.839
26 5 405.45
26 6 607.622
26 7 857.374
26 8 1149.14
26 9 1473.33
26 10 1816.85
26 11 2164.27
26 12 2499.13
26 13 2805.28
26 14 3068.37
26 15 3277.01
26 16 3423.68
26 17 3505.21
26 18 3522.89
26 19 3482.01
26 20 3391.12
26 21 3261.16
26 22 3104.09
26 23 2932.08
26 24 2756.4
26 25 2586.75
26 26 2430.72
26 27 2293.67
26 28 2178.71
26 29 2087
26 30 2018.02
26 31 1970.05
26 32 1940.56
26 33 1926.61
26 34 1925.12
26 35 1933.17
26 36 1948.09
26 37 1967.6
26 38 1989.77
26 39 2013.13
26 40 2036.47
26 41 2058.96
26 42 2079.94
26 43 2098.98
26 44 2115.79
26 45 2130.22
26 46 2142.07
26 47 2151.37
26 48 2158
26 49 2161.99
26 50 2163.32
26 51 2161.99
26 52 2158
26 53 2151.37
26 54 2142.07
26 55 2130.22
26 56 2115.79
26 57 2098.98
26 58 2079.94
26 59 2058.96
26 60 2036.47
26 61 2013.13
26 62 1989.77
26 63 1967.6
26 64 1948.09
26 65 1933.17
26 66 1925.12
26 67 1926.61
26 68 1940.56
26 69 1970.05
26 70 2018.02
26 71 2087
26 72 2178.71
26 73 2293.67
26 74 2430.72
26 75 2586.75
26 76 2756.4
26 77 2932.08
26 78 3104.09
26 79 3261.16
26 80 3391.12
26 81 3482.01
26 82 3522.89
26 83 3505.21
26 84 3423.68
26 85 3277.01
26 86 3068.37
26 87 2805.28
26 88 2499.13
26 89 2164.27
26 90 1816.85
26 91 1473.33
26 92 1149.14
26 93 857.374
26 94 607.622
26 95 405.45
26 96 251.839
26 97 143.414
26 98 72.8012
26 99 29.3117
26 100 0

27 0 0
27 1 -3.40128
27 2 7.78989
27 3 47.0374
27 4 125.599
27 5 251.583
27 6 429.219
27 7 658.351
27 8 934.315
27 9 1248.15
27 10 1587.2
27 11 1936.09
27 12 2278
27 13 2596.01
27 14 2874.63
27 15 3101.06
27 16 3266.21
27 17 3365.44
27 18 3398.61
27 19 3369.88
27 20 3287.14
27 21 3160.82
27 22 3003.06
27 23 2826.31
27 24 2642.53
27 25 2462.15
27 26 2293.67
27 27 2143.24
27 28 2014.8
27 29 1910.07
27 30 1829.02
27 31 1770.25
27 32 1731.41
27 33 1709.59
27 34 1701.67
27 35 1704.63
27 36 1715.65
27 37 1732.28
27 38 1752.43
27 39 1774.44
27 40 1797
27 41 1819.09
27 42 1839.99
27 43 1859.16
27 44 1876.23
27 45 1890.94
27 46 1903.15
27 47 1912.71
27 48 1919.59
27 49 1923.72
27 50 1925.1
27 51 1923.72
27 52 1919.59
27 53 1912.71
27 54 1903.15
27 55 1890.94
27 56 1876.23
27 57 1859.16
27 58 1839.99
27 59 1819.09
27 60 1797
27 61 1774.44
27 62 1752.43
27 63 1732.28
27 64 1715.65
27 65 1704.63
27 66 1701.67
27 67 1709.59
27 68 1731.41
27 69 1770.25
27 70 1829.02
27 71 1910.07
27 72 2014.8
27 73 2143.24
27 74 2293.67
27 75 2462.15
27 76 2642.53
27 77 2826.31
27 78 3003.06
27 79 3160.82
27 80 3287.14
27 81 3369.88
27 82 3398.61
27 83 3365.44
27 84 3266.21
27 85 3101.06
27 86 2874.63
27 87 2596.01
27 88 2278
27 89 1936.09
27 90 1587.2
27 91 1248.15
27 92 934.315
27 93 658.351
27 94 429.219
27 95 251.583
27 96 125.599
27 97 47.0374
27 98 7.78989
27 99 -3.40128
27 100 0

28 0 0
28 1 -31.7036
28 2 -48.6041
28 3 -36.9368
28 4 14.9747
28 5 115.86
28 6 270.697
28 7 480.196
28 8 740.587
28 9 1043.66
28 10 1377.35
28 11 1726.5
28 12 2074.11
28 13 2402.7
28 14 2695.81
28 15 2939.32
28 16 3122.75
28 17 3239.86
28 18 3289.1
28 19 3273.53
28 20 3200.03
28 21 3078.68
28 22 2921.43
28 23 2741.06
28 24 2550
28 25 2359.46
28 26 2178.71
28 27 2014.8
28 28 1872.37
28 29 1753.85
28 30 1659.69
28 31 1588.88
28 32 1539.26
28 33 1508.03
28 34 1492.08
28 35 1488.31
28 36 1493.77
28 37 1505.88
28 38 1522.42
28 39 1541.56
28 40 1561.87
28 41 1582.24
28 42 1601.82
28 43 1619.98
28 44 1636.31
28 45 1650.49
28 46 1662.29
28 47 1671.61
28 48 1678.29
28 49 1682.34
28 50 1683.68
28 51 1682.34
28 52 1678.29
28 53 1671.61
28 54 1662.29
28 55 1650.49
28 56 1636.31
28 57 1619.98
28 58 1601.82
28 59 1582.24
28 60 1561.87
28 61 1541.56
28 62 1522.42
28 63 1505.88
28 64 1493.77
28 65 1488.31
28 66 1492.08
28 67 1508.03
28 68 1539.26
28 69 1588.88
28 70 1659.69
28 71 1753.85
28 72 1872.37
28 73 2014.8
28 74 2178.71
28 75 2359.46
28 76 2550
28 77 2741.06
28 78 2921.43
28 79 3078.68
28 80 3200.03
28 81 3273.53
28 82 3289.1
28 83 3239.86
28 84 3122.75
28 85 2939.32
28 86 2695.81
28 87 2402.7
28 88 2074.11
28 89 1726.5
28 90 1377.35
28 91 1043.66
28 92 740.587
28 93 480.196
28 94 270.697
28 95 115.86
28 96 14.9747
28 97 -36.9368
28 98 -48.6041
28 99 -31.7036
28 100 0

29 0 0
29 1 -56.0092
29 2 -97.1637
29 3 -109.619
29 4 -81.364
29 5 -3.21151
29 6 130.499
29 7 321.357
29 8 566.444
29 9 858.455
29 10 1185.97
29 11 1534.23
29 12 1886.25
29 13 2224.17
29 14 2530.68
29 15 2790.59
29 16 2991.97
29 17 3127.1
29 18 3193.07
29 19 3191.56
29 20 3128.61
29 21 3013.65
29 22 2858.45
29 23 2675.9
29 24 2478.87
29 25 2279.21
29 26 2087
29 27 1910.07
29 28 1753.85
29 29 1621.41
29 30 1513.81
29 31 1430.36
29 32 1369.22
29 33 1327.69
29 34 1302.71
29 35 1291.13
29 36 1289.94
29 37 1296.42
29 38 1308.22
29 39 1323.42
29 40 1340.45
29 41 1358.09
29 42 1375.43
29 43 1391.76
29 44 1406.59
29 45 1419.57
29 46 1430.47
29 47 1439.06
29 48 1445.29
29 49 1449.04
29 50 1450.3
29 51 1449.04
29 52 1445.29
29 53 1439.06
29 54 1430.47
29 55 1419.57
29 56 1406.59
29 57 1391.76
29 58 1375.43
29 59 1358.09
29 60 1340.45
29 61 1323.42
29 62 1308.22
29 63 1296.42
29 64 1289.94
29 65 1291.13
29 66 1302.71
29 67 1327.69
29 68 1369.22
29 69 1430.36
29 70 1513.81
29 71 1621.41
29 72 1753.85
29 73 1910.07
29 74 2087
29 75 2279.21
29 76 2478.87
29 77 2675.9
29 78 2858.45
29 79 3013.65
29 80 3128.61
