0 0 0
0 1 0
0 2 0
0 3 0
0 4 0
0 5 0
0 6 0
0 7 0
0 8 0
0 9 0
0 10 0
0 11 0
0 12 0
0 13 0
0 14 0
0 15 0
0 16 0
0 17 0
0 18 0
0 19 0
0 20 0
0 21 0
0 22 0
0 23 0
0 24 0
0 25 0
0 26 0
0 27 0
0 28 0
0 29 0
0 30 0
0 31 0
0 32 0
0 33 0
0 34 0
0 35 0
0 36 0
0 37 0
0 38 0
0 39 0
0 40 0
0 41 0
0 42 0
0 43 0
0 44 0
0 45 0
0 46 0
0 47 0
0 48 0
0 49 0
0 50 0
0 51 0
0 52 0
0 53 0
0 54 0
0 55 0
0 56 0
0 57 0
0 58 0
0 59 0
0 60 0
0 61 0
0 62 0
0 63 0
0 64 0
0 65 0
0 66 0
0 67 0
0 68 0
0 69 0
0 70 0
0 71 0
0 72 0
0 73 0
0 74 0
0 75 0
0 76 0
0 77 0
0 78 0
0 79 0
0 80 0
0 81 0
0 82 0
0 83 0
0 84 0
0 85 0
0 86 0
0 87 0
0 88 0
0 89 0
0 90 0
0 91 0
0 92 0
0 93 0
0 94 0
0 95 0
0 96 0
0 97 0
0 98 0
0 99 0
0 100 0

1 0 0
1 1 159.462
1 2 313.284
1 3 456.176
1 4 583.418
1 5 691.184
1 6 776.687
1 7 838.248
1 8 875.414
1 9 888.785
1 10 879.976
1 11 851.418
1 12 806.1
1 13 747.405
1 14 678.836
1 15 603.809
1 16 525.52
1 17 446.779
1 18 369.948
1 19 296.871
1 20 228.936
1 21 167.001
1 22 111.552
1 23 62.728
1 24 20.3842
1 25 -15.8251
1 26 -46.3798
1 27 -71.8263
1 28 -92.768
1 29 -109.771
1 30 -123.395
1 31 -134.163
1 32 -142.544
1 33 -148.934
1 34 -153.688
1 35 -157.129
1 36 -159.513
1 37 -161.055
1 38 -161.952
1 39 -162.354
1 40 -162.371
1 41 -162.153
1 42 -161.751
1 43 -161.264
1 44 -160.733
1 45 -160.215
1 46 -159.74
1 47 -159.347
1 48 -159.046
1 49 -158.864
1 50 -158.799
1 51 -158.864
1 52 -159.046
1 53 -159.347
1 54 -159.74
1 55 -160.215
1 56 -160.733
1 57 -161.264
1 58 -161.751
1 59 -162.153
1 60 -162.371
1 61 -162.354
1 62 -161.952
1 63 -161.055
1 64 -159.513
1 65 -157.129
1 66 -153.688
1 67 -148.934
1 68 -142.544
1 69 -134.163
1 70 -123.395
1 71 -109.771
1 72 -92.768
1 73 -71.8263
1 74 -46.3798
1 75 -15.8251
1 76 20.3842
1 77 62.728
1 78 111.552
1 79 167.001
1 80 228.936
1 81 296.871
1 82 369.948
1 83 446.779
1 84 525.52
1 85 603.809
1 86 678.836
1 87 747.405
1 88 806.1
1 89 851.418
1 90 879.976
1 91 888.785
1 92 875.414
1 93 838.248
1 94 776.687
1 95 691.184
1 96 583.418
1 97 456.176
1 98 313.284
1 99 159.462
1 100 0

2 0 0
2 1 313.284
2 2 615.6
2 3 896.64
2 4 1147.21
2 5 1359.83
2 6 1529.01
2 7 1651.46
2 8 1726.2
2 9 1754.38
2 10 1739.05
2 11 1684.9
2 12 1597.71
2 13 1484.02
2 14 1350.66
2 15 1204.32
2 16 1051.23
2 17 896.925
2 18 746.036
2 19 602.23
2 20 468.24
2 21 345.841
2 22 236.016
2 23 139.091
2 24 54.7883
2 25 -17.5147
2 26 -78.7292
2 27 -129.885
2 28 -172.17
2 29 -206.695
2 30 -234.541
2 31 -256.697
2 32 -274.093
2 33 -287.543
2 34 -297.712
2 35 -305.215
2 36 -310.567
2 37 -314.253
2 38 -316.559
2 39 -317.839
2 40 -318.352
2 41 -318.29
2 42 -317.857
2 43 -317.193
2 44 -316.397
2 45 -315.59
2 46 -314.823
2 47 -314.176
2 48 -313.678
2 49 -313.373
2 50 -313.264
2 51 -313.373
2 52 -313.678
2 53 -314.176
2 54 -314.823
2 55 -315.59
2 56 -316.397
2 57 -317.193
2 58 -317.857
2 59 -318.29
2 60 -318.352
2 61 -317.839
2 62 -316.559
2 63 -314.253
2 64 -310.567
2 65 -305.215
2 66 -297.712
2 67 -287.543
2 68 -274.093
2 69 -256.697
2 70 -234.541
2 71 -206.695
2 72 -172.17
2 73 -129.885
2 74 -78.7292
2 75 -17.5147
2 76 54.7883
2 77 139.091
2 78 236.016
2 79 345.841
2 80 468.24
2 81 602.23
2 82 746.036
2 83 896.925
2 84 1051.23
2 85 1204.32
2 86 1350.66
2 87 1484.02
2 88 1597.71
2 89 1684.9
2 90 1739.05
2 91 1754.38
2 92 1726.2
2 93 1651.46
2 94 1529.01
2 95 1359.83
2 96 1147.21
2 97 896.64
2 98 615.6
2 99 313.284
2 100 0

3 0 0
3 1 456.176
3 2 896.64
3 3 1306.58
3 4 1672.81
3 5 1984.54
3 6 2233.8
3 7 2415.75
3 8 2528.83
3 9 2574.5
3 10 2557.02
3 11 2482.95
3 12 2360.49
3 13 2198.98
3 14 2008.18
3 15 1797.7
3 16 1576.59
3 17 1352.86
3 18 1133.33
3 19 923.399
3 20 727.134
3 21 547.21
3 22 385.185
3 23 241.605
3 24 116.22
3 25 8.17838
3 26 -83.7626
3 27 -161.096
3 28 -225.44
3 29 -278.389
3 30 -321.493
3 31 -356.209
3 32 -383.856
3 33 -405.567
3 34 -422.36
3 35 -435.13
3 36 -444.635
3 37 -451.48
3 38 -456.245
3 39 -459.363
3 40 -461.177
3 41 -462.093
3 42 -462.298
3 43 -462.06
3 44 -461.531
3 45 -460.862
3 46 -460.165
3 47 -459.539
3 48 -459.04
3 49 -458.728
3 50 -458.616
3 51 -458.728
3 52 -459.04
3 53 -459.539
3 54 -460.165
3 55 -460.862
3 56 -461.531
3 57 -462.06
3 58 -462.298
3 59 -462.093
3 60 -461.177
3 61 -459.363
3 62 -456.245
3 63 -451.48
3 64 -444.635
3 65 -435.13
3 66 -422.36
3 67 -405.567
3 68 -383.856
3 69 -356.209
3 70 -321.493
3 71 -278.389
3 72 -225.44
3 73 -161.096
3 74 -83.7626
3 75 8.17838
3 76 116.22
3 77 241.605
3 78 385.185
3 79 547.21
3 80 727.134
3 81 923.399
3 82 1133.33
3 83 1352.86
3 84 1576.59
3 85 1797.7
3 86 2008.18
3 87 2198.98
3 88 2360.49
3 89 2482.95
3 90 2557.02
3 91 2574.5
3 92 2528.83
3 93 2415.75
3 94 2233.8
3 95 1984.54
3 96 1672.81
3 97 1306.58
3 98 896.64
3 99 456.176
3 100 0

4 0 0
4 1 583.418
4 2 1147.21
4 3 1672.81
4 4 2143.71
4 5 2546.25
4 6 2870.3
4 7 3109.59
4 8 3261.85
4 9 3328.66
4 10 3315.05
4 11 3228.97
4 12 3080.52
4 13 2881.27
4 14 2643.39
4 15 2379.02
4 16 2099.57
4 17 1815.32
4 18 1534.99
4 19 1265.66
4 20 1012.64
4 21 779.594
4 22 568.676
4 23 380.796
4 24 215.777
4 25 72.7129
4 26 -49.8782
4 27 -153.778
4 28 -240.979
4 29 -313.47
4 30 -373.191
4 31 -421.95
4 32 -461.398
4 33 -493.02
4 34 -518.084
4 35 -537.724
4 36 -552.886
4 37 -564.447
4 38 -573.027
4 39 -579.247
4 40 -583.63
4 41 -586.537
4 42 -588.382
4 43 -589.414
4 44 -589.879
4 45 -589.976
4 46 -589.851
4 47 -589.636
4 48 -589.418
4 49 -589.262
4 50 -589.206
4 51 -589.262
4 52 -589.418
4 53 -589.636
4 54 -589.851
4 55 -589.976
4 56 -589.879
4 57 -589.414
4 58 -588.382
4 59 -586.537
4 60 -583.63
4 61 -579.247
4 62 -573.027
4 63 -564.447
4 64 -552.886
4 65 -537.724
4 66 -518.084
4 67 -493.02
4 68 -461.398
4 69 -421.95
4 70 -373.191
4 71 -313.47
4 72 -240.979
4 73 -153.778
4 74 -49.8782
4 75 72.7129
4 76 215.777
4 77 380.796
4 78 568.676
4 79 779.594
4 80 1012.64
4 81 1265.66
4 82 1534.99
4 83 1815.32
4 84 2099.57
4 85 2379.02
4 86 2643.39
4 87 2881.27
4 88 3080.52
4 89 3228.97
4 90 3315.05
4 91 3328.66
4 92 3261.85
4 93 3109.59
4 94 2870.3
4 95 2546.25
4 96 2143.71
4 97 1672.81
4 98 1147.21
4 99 583.418
4 100 0

5 0 0
5 1 691.184
5 2 1359.83
5 3 1984.54
5 4 2546.25
5 5 3029.08
5 6 3421.07
5 7 3714.68
5 8 3906.84
5 9 3998.93
5 10 3996.32
5 11 3907.72
5 12 3744.54
5 13 3519.85
5 14 3247.67
5 15 2942.04
5 16 2616.34
5 17 2282.66
5 18 1951.48
5 19 1631.32
5 20 1328.75
5 21 1048.37
5 22 793.076
5 23 564.162
5 24 361.755
5 25 184.96
5 26 32.2639
5 27 -98.3401
5 28 -209.029
5 29 -302.103
5 30 -379.773
5 31 -444.137
5 32 -497.117
5 33 -540.425
5 34 -575.597
5 35 -603.919
5 36 -626.585
5 37 -644.506
5 38 -658.573
5 39 -669.462
5 40 -677.759
5 41 -684.026
5 42 -688.631
5 43 -691.974
5 44 -694.333
5 45 -695.944
5 46 -697.016
5 47 -697.691
5 48 -698.095
5 49 -698.304
5 50 -698.369
5 51 -698.304
5 52 -698.095
5 53 -697.691
5 54 -697.016
5 55 -695.944
5 56 -694.333
5 57 -691.974
5 58 -688.631
5 59 -684.026
5 60 -677.759
5 61 -669.462
5 62 -658.573
5 63 -644.506
5 64 -626.585
5 65 -603.919
5 66 -575.597
5 67 -540.425
5 68 -497.117
5 69 -444.137
5 70 -379.773
5 71 -302.103
5 72 -209.029
5 73 -98.3401
5 74 32.2639
5 75 184.96
5 76 361.755
5 77 564.162
5 78 793.076
5 79 1048.37
5 80 1328.75
5 81 1631.32
5 82 1951.48
5 83 2282.66
5 84 2616.34
5 85 2942.04
5 86 3247.67
5 87 3519.85
5 88 3744.54
5 89 3907.72
5 90 3996.32
5 91 3998.93
5 92 3906.84
5 93 3714.68
5 94 3421.07
5 95 3029.08
5 96 2546.25
5 97 1984.54
5 98 1359.83
5 99 691.184
5 100 0

6 0 0
6 1 776.687
6 2 1529.01
6 3 2233.8
6 4 2870.3
6 5 3421.07
6 6 3872.79
6 7 4216.8
6 8 4449.14
6 9 4570.7
6 10 4586.63
6 11 4505.85
6 12 4340.28
6 13 4103.87
6 14 3811.7
6 15 3479.13
6 16 3120.92
6 17 2750.65
6 18 2380.16
6 19 2019.33
6 20 1675.81
6 21 1355.24
6 22 1061.21
6 23 795.616
6 24 558.935
6 25 350.53
6 26 168.905
6 27 12.0561
6 28 -122.307
6 29 -236.611
6 30 -333.272
6 31 -414.584
6 32 -482.634
6 33 -539.329
6 34 -586.353
6 35 -625.207
6 36 -657.119
6 37 -683.219
6 38 -704.444
6 39 -721.585
6 40 -735.368
6 41 -746.306
6 42 -754.98
6 43 -761.732
6 44 -766.961
6 45 -770.924
6 46 -773.868
6 47 -775.968
6 48 -777.375
6 49 -778.175
6 50 -778.44
6 51 -778.175
6 52 -777.375
6 53 -775.968
6 54 -773.868
6 55 -770.924
6 56 -766.961
6 57 -761.732
6 58 -754.98
6 59 -746.306
6 60 -735.368
6 61 -721.585
6 62 -704.444
6 63 -683.219
6 64 -657.119
6 65 -625.207
6 66 -586.353
6 67 -539.329
6 68 -482.634
6 69 -414.584
6 70 -333.272
6 71 -236.611
6 72 -122.307
6 73 12.0561
6 74 168.905
6 75 350.53
6 76 558.935
6 77 795.616
6 78 1061.21
6 79 1355.24
6 80 1675.81
6 81 2019.33
6 82 2380.16
6 83 2750.65
6 84 3120.92
6 85 3479.13
6 86 3811.7
6 87 4103.87
6 88 4340.28
6 89 4505.85
6 90 4586.63
6 91 4570.7
6 92 4449.14
6 93 4216.8
6 94 3872.79
6 95 3421.07
6 96 2870.3
6 97 2233.8
6 98 1529.01
6 99 776.687
6 100 0

7 0 0
7 1 838.248
7 2 1651.46
7 3 2415.75
7 4 3109.59
7 5 3714.68
7 6 4216.8
7 7 4606.31
7 8 4878.41
7 9 5033.1
7 10 5074.92
7 11 5012.3
7 12 4857
7 13 4623
7 14 4325.82
7 15 3981.42
7 16 3605.44
7 17 3212.42
7 18 2815.33
7 19 2425.07
7 20 2050.4
7 21 1697.84
7 22 1371.86
7 23 1074.97
7 24 808.179
7 25 571.149
7 26 362.674
7 27 180.833
7 28 23.3955
7 29 -112.146
7 30 -228.26
7 31 -327.304
7 32 -411.497
7 33 -482.853
7 34 -543.211
7 35 -594.052
7 36 -636.821
7 37 -672.651
7 38 -702.592
7 39 -727.504
7 40 -748.139
7 41 -765.15
7 42 -779.048
7 43 -790.344
7 44 -799.397
7 45 -806.539
7 46 -812.042
7 47 -816.103
7 48 -818.894
7 49 -820.522
7 50 -821.059
7 51 -820.522
7 52 -818.894
7 53 -816.103
7 54 -812.042
7 55 -806.539
7 56 -799.397
7 57 -790.344
7 58 -779.048
7 59 -765.15
7 60 -748.139
7 61 -727.504
7 62 -702.592
7 63 -672.651
7 64 -636.821
7 65 -594.052
7 66 -543.211
7 67 -482.853
7 68 -411.497
7 69 -327.304
7 70 -228.26
7 71 -112.146
7 72 23.3955
7 73 180.833
7 74 362.674
7 75 571.149
7 76 808.179
7 77 1074.97
7 78 1371.86
7 79 1697.84
7 80 2050.4
7 81 2425.07
7 82 2815.33
7 83 3212.42
7 84 3605.44
7 85 3981.42
7 86 4325.82
7 87 4623
7 88 4857
7 89 5012.3
7 90 5074.92
7 91 5033.1
7 92 4878.41
7 93 4606.31
7 94 4216.8
7 95 3714.68
7 96 3109.59
7 97 2415.75
7 98 1651.46
7 99 838.248
7 100 0

8 0 0
8 1 875.414
8 2 1726.2
8 3 2528.83
8 4 3261.85
8 5 3906.84
8 6 4449.14
8 7 4878.41
8 8 5188.88
8 9 5379.51
8 10 5453.68
8 11 5418.83
8 12 5285.78
8 13 5067.96
8 14 4780.49
8 15 4439.38
8 16 4060.47
8 17 3658.92
8 18 3248.35
8 19 2840.61
8 20 2445.3
8 21 2069.9
8 22 1719.64
8 23 1397.83
8 24 1106.04
8 25 844.484
8 26 612.229
8 27 407.654
8 28 228.625
8 29 72.7766
8 30 -62.3501
8 31 -179.145
8 32 -279.842
8 33 -366.506
8 34 -440.946
8 35 -504.837
8 36 -559.526
8 37 -606.253
8 38 -646.107
8 39 -679.98
8 40 -708.664
8 41 -732.806
8 42 -753.034
8 43 -769.783
8 44 -783.529
8 45 -794.587
8 46 -803.257
8 47 -809.767
8 48 -814.293
8 49 -816.957
8 50 -817.839
8 51 -816.957
8 52 -814.293
8 53 -809.767
8 54 -803.257
8 55 -794.587
8 56 -783.529
8 57 -769.783
8 58 -753.034
8 59 -732.806
8 60 -708.664
8 61 -679.98
8 62 -646.107
8 63 -606.253
8 64 -559.526
8 65 -504.837
8 66 -440.946
8 67 -366.506
8 68 -279.842
8 69 -179.145
8 70 -62.3501
8 71 72.7766
8 72 228.625
8 73 407.654
8 74 612.229
8 75 844.484
8 76 1106.04
8 77 1397.83
8 78 1719.64
8 79 2069.9
8 80 2445.3
8 81 2840.61
8 82 3248.35
8 83 3658.92
8 84 4060.47
8 85 4439.38
8 86 4780.49
8 87 5067.96
8 88 5285.78
8 89 5418.83
8 90 5453.68
8 91 5379.51
8 92 5188.88
8 93 4878.41
8 94 4449.14
8 95 3906.84
8 96 3261.85
8 97 2528.83
8 98 1726.2
8 99 875.414
8 100 0

9 0 0
9 1 888.785
9 2 1754.38
9 3 2574.5
9 4 3328.66
9 5 3998.93
9 6 4570.7
9 7 5033.1
9 8 5379.51
9 9 5607.56
9 10 5719.2
9 11 5720.28
9 12 5620.16
9 13 5430.98
9 14 5166.92
9 15 4843.28
9 16 4475.74
9 17 4079.45
9 18 3668.5
9 19 3255.26
9 20 2850.2
9 21 2461.52
9 22 2095.38
9 23 1755.8
9 24 1445.09
9 25 1163.97
9 26 912.055
9 27 688.02
9 28 490.013
9 29 315.817
9 30 163.098
9 31 29.5435
9 32 -87.0606
9 33 -188.73
9 34 -277.339
9 35 -354.435
9 36 -421.463
9 37 -479.656
9 38 -530.049
9 39 -573.585
9 40 -611.04
9 41 -643.1
9 42 -670.318
9 43 -693.26
9 44 -712.295
9 45 -727.829
9 46 -740.138
9 47 -749.467
9 48 -756
9 49 -759.869
9 50 -761.148
9 51 -759.869
9 52 -756
9 53 -749.467
9 54 -740.138
9 55 -727.829
9 56 -712.295
9 57 -693.26
9 58 -670.318
9 59 -643.1
9 60 -611.04
9 61 -573.585
9 62 -530.049
9 63 -479.656
9 64 -421.463
9 65 -354.435
9 66 -277.339
9 67 -188.73
9 68 -87.0606
9 69 29.5435
9 70 163.098
9 71 315.817
9 72 490.013
9 73 688.02
9 74 912.055
9 75 1163.97
9 76 1445.09
9 77 1755.8
9 78 2095.38
9 79 2461.52
9 80 2850.2
9 81 3255.26
9 82 3668.5
9 83 4079.45
9 84 4475.74
9 85 4843.28
9 86 5166.92
9 87 5430.98
9 88 5620.16
9 89 5720.28
9 90 5719.2
9 91 5607.56
9 92 5379.51
9 93 5033.1
9 94 4570.7
9 95 3998.93
9 96 3328.66
9 97 2574.5
9 98 1754.38
9 99 888.785
9 100 0

10 0 0
10 1 879.976
10 2 1739.05
10 3 2557.02
10 4 3315.05
10 5 3996.32
10 6 4586.63
10 7 5074.92
10 8 5453.68
10 9 5719.2
10 10 5871.62
10 11 5914.91
10 12 5856.4
10 13 5706.46
10 14 5477.66
10 15 5184.17
10 16 4840.9
10 17 4462.7
10 18 4063.64
10 19 3656.53
10 20 3252.34
10 21 2860.11
10 22 2486.71
10 23 2137.06
10 24 1814.09
10 25 1519.27
10 26 1252.67
10 27 1013.48
10 28 800.098
10 29 610.597
10 30 442.815
10 31 294.545
10 32 163.695
10 33 48.2481
10 34 -53.4934
10 35 -143.166
10 36 -222.096
10 37 -291.484
10 38 -352.365
10 39 -405.628
10 40 -452.013
10 41 -492.192
10 42 -526.739
10 43 -556.11
10 44 -580.777
10 45 -601.053
10 46 -617.256
10 47 -629.614
10 48 -638.31
10 49 -643.475
10 50 -645.189
10 51 -643.475
10 52 -638.31
10 53 -629.614
10 54 -617.256
10 55 -601.053
10 56 -580.777
10 57 -556.11
10 58 -526.739
10 59 -492.192
10 60 -452.013
10 61 -405.628
10 62 -352.365
10 63 -291.484
10 64 -222.096
10 65 -143.166
10 66 -53.4934
10 67 48.2481
10 68 163.695
10 69 294.545
10 70 442.815
10 71 610.597
10 72 800.098
10 73 1013.48
10 74 1252.67
10 75 1519.27
10 76 1814.09
10 77 2137.06
10 78 2486.71
10 79 2860.11
10 80 3252.34
10 81 3656.53
10 82 4063.64
10 83 4462.7
10 84 4840.9
10 85 5184.17
10 86 5477.66
10 87 5706.46
10 88 5856.4
10 89 5914.91
10 90 5871.62
10 91 5719.2
10 92 5453.68
10 93 5074.92
10 94 4586.63
10 95 3996.32
10 96 3315.05
10 97 2557.02
10 98 1739.05
10 99 879.976
10 100 0

11 0 0
11 1 851.418
11 2 1684.9
11 3 2482.95
11 4 3228.97
11 5 3907.72
11 6 4505.85
11 7 5012.3
11 8 5418.83
11 9 5720.28
11 10 5914.91
11 11 6004.43
11 12 5993.86
11 13 5891.28
11 14 5707.34
11 15 5454.5
11 16 5146.57
11 17 4797.59
11 18 4421.45
11 19 4031.01
11 20 3637.75
11 21 3251.24
11 22 2879.17
11 23 2527.17
11 24 2199.01
11 25 1896.79
11 26 1621.22
11 27 1371.9
11 28 1147.66
11 29 946.841
11 30 767.523
11 31 607.637
11 32 465.172
11 33 338.315
11 34 225.352
11 35 124.779
11 36 35.3133
11 37 -44.1933
11 38 -114.666
11 39 -176.962
11 40 -231.776
11 41 -279.712
11 42 -321.278
11 43 -356.968
11 44 -387.113
11 45 -412.1
11 46 -432.166
11 47 -447.547
11 48 -458.412
11 49 -464.88
11 50 -467.028
11 51 -464.88
11 52 -458.412
11 53 -447.547
11 54 -432.166
11 55 -412.1
11 56 -387.113
11 57 -356.968
11 58 -321.278
11 59 -279.712
11 60 -231.776
11 61 -176.962
11 62 -114.666
11 63 -44.1933
11 64 35.3133
11 65 124.779
11 66 225.352
11 67 338.315
11 68 465.172
11 69 607.637
11 70 767.523
11 71 946.841
11 72 1147.66
11 73 1371.9
11 74 1621.22
11 75 1896.79
11 76 2199.01
11 77 2527.17
11 78 2879.17
11 79 3251.24
11 80 3637.75
11 81 4031.01
11 82 4421.45
11 83 4797.59
11 84 5146.57
11 85 5454.5
11 86 5707.34
11 87 5891.28
11 88 5993.86
11 89 6004.43
11 90 5914.91
11 91 5720.28
11 92 5418.83
11 93 5012.3
11 94 4505.85
11 95 3907.72
11 96 3228.97
11 97 2482.95
11 98 1684.9
11 99 851.418
11 100 0

12 0 0
12 1 806.1
12 2 1597.71
12 3 2360.49
12 4 3080.52
12 5 3744.54
12 6 4340.28
12 7 4857
12 8 5285.78
12 9 5620.16
12 10 5856.4
12 11 5993.86
12 12 6034.97
12 13 5985.31
12 14 5853.12
12 15 5648.98
12 16 5385.04
12 17 5074.45
12 18 4730.45
12 19 4365.86
12 20 3992.31
12 21 3619.99
12 22 3257.17
12 23 2910.33
12 24 2583.92
12 25 2280.77
12 26 2002.16
12 27 1748.26
12 28 1518.27
12 29 1310.85
12 30 1124.29
12 31 956.704
12 32 806.28
12 33 671.207
12 34 549.932
12 35 441.031
12 36 343.283
12 37 255.655
12 38 177.272
12 39 107.395
12 40 45.3965
12 41 -9.26608
12 42 -57.043
12 43 -98.2996
12 44 -133.428
12 45 -162.653
12 46 -186.263
12 47 -204.418
12 48 -217.284
12 49 -224.957
12 50 -227.51
12 51 -224.957
12 52 -217.284
12 53 -204.418
12 54 -186.263
12 55 -162.653
12 56 -133.428
12 57 -98.2996
12 58 -57.043
12 59 -9.26608
12 60 45.3965
12 61 107.395
12 62 177.272
12 63 255.655
12 64 343.283
12 65 441.031
12 66 549.932
12 67 671.207
12 68 806.28
12 69 956.704
12 70 1124.29
12 71 1310.85
12 72 1518.27
12 73 1748.26
12 74 2002.16
12 75 2280.77
12 76 2583.92
12 77 2910.33
12 78 3257.17
12 79 3619.99
12 80 3992.31
12 81 4365.86
12 82 4730.45
12 83 5074.45
12 84 5385.04
12 85 5648.98
12 86 5853.12
12 87 5985.31
12 88 6034.97
12 89 5993.86
12 90 5856.4
12 91 5620.16
12 92 5285.78
12 93 4857
12 94 4340.28
12 95 3744.54
12 96 3080.52
12 97 2360.49
12 98 1597.71
12 99 806.1
12 100 0

13 0 0
13 1 747.405
13 2 1484.02
13 3 2198.98
13 4 2881.27
13 5 3519.85
13 6 4103.87
13 7 4623
13 8 5067.96
13 9 5430.98
13 10 5706.46
13 11 5891.28
13 12 5985.31
13 13 5991.33
13 14 5915.11
13 15 5764.92
13 16 5551.22
13 17 5285.75
13 18 4981.07
13 19 4649.58
13 20 4303.09
13 21 3952.09
13 22 3605.56
13 23 3270.53
13 24 2952.32
13 25 2654.36
13 26 2378.62
13 27 2125.71
13 28 1895.29
13 29 1686.32
13 30 1497.31
13 31 1326.58
13 32 1172.36
13 33 1033.04
13 34 907.101
13 35 793.194
13 36 690.2
13 37 597.18
13 38 513.35
13 39 438.056
13 40 370.759
13 41 311.028
13 42 258.486
13 43 212.805
13 44 173.762
13 45 141.07
13 46 114.593
13 47 94.1467
13 48 79.6296
13 49 70.9526
13 50 68.0664
13 51 70.9526
13 52 79.6296
13 53 94.1467
13 54 114.593
13 55 141.07
13 56 173.762
13 57 212.805
13 58 258.486
13 59 311.028
13 60 370.759
13 61 438.056
13 62 513.35
13 63 597.18
13 64 690.2
13 65 793.194
13 66 907.101
13 67 1033.04
13 68 1172.36
13 69 1326.58
13 70 1497.31
13 71 1686.32
13 72 1895.29
13 73 2125.71
13 74 2378.62
13 75 2654.36
13 76 2952.32
13 77 3270.53
13 78 3605.56
13 79 3952.09
13 80 4303.09
13 81 4649.58
13 82 4981.07
13 83 5285.75
13 84 5551.22
13 85 5764.92
13 86 5915.11
13 87 5991.33
13 88 5985.31
13 89 5891.28
13 90 5706.46
13 91 5430.98
13 92 5067.96
13 93 4623
13 94 4103.87
13 95 3519.85
13 96 2881.27
13 97 2198.98
13 98 1484.02
13 99 747.405
13 100 0

14 0 0
14 1 678.836
14 2 1350.66
14 3 2008.18
14 4 2643.39
14 5 3247.67
14 6 3811.7
14 7 4325.82
14 8 4780.49
14 9 5166.92
14 10 5477.66
14 11 5707.34
14 12 5853.12
14 13 5915.11
14 14 5896.34
14 15 5802.83
14 16 5642.9
14 17 5426.95
14 18 5166.43
14 19 4873.34
14 20 4559.35
14 21 4235.31
14 22 3910.6
14 23 3592.99
14 24 3288.43
14 25 3001.1
14 26 2733.51
14 27 2486.83
14 28 2261.1
14 29 2055.57
14 30 1868.98
14 31 1699.77
14 32 1546.33
14 33 1407.08
14 34 1280.55
14 35 1165.5
14 36 1060.86
14 37 965.747
14 38 879.482
14 39 801.513
14 40 731.386
14 41 668.749
14 42 613.337
14 43 564.93
14 44 523.31
14 45 488.369
14 46 459.93
14 47 437.923
14 48 422.26
14 49 412.881
14 50 409.763
14 51 412.881
14 52 422.26
14 53 437.923
14 54 459.93
14 55 488.369
14 56 523.31
14 57 564.93
14 58 613.337
14 59 668.749
14 60 731.386
14 61 801.513
14 62 879.482
14 63 965.747
14 64 1060.86
14 65 1165.5
14 66 1280.55
14 67 1407.08
14 68 1546.33
14 69 1699.77
14 70 1868.98
14 71 2055.57
14 72 2261.1
14 73 2486.83
14 74 2733.51
14 75 3001.1
14 76 3288.43
14 77 3592.99
14 78 3910.6
14 79 4235.31
14 80 4559.35
14 81 4873.34
14 82 5166.43
14 83 5426.95
14 84 5642.9
14 85 5802.83
14 86 5896.34
14 87 5915.11
14 88 5853.12
14 89 5707.34
14 90 5477.66
14 91 5166.92
14 92 4780.49
14 93 4325.82
14 94 3811.7
14 95 3247.67
14 96 2643.39
14 97 2008.18
14 98 1350.66
14 99 678.836
14 100 0

15 0 0
15 1 603.809
15 2 1204.32
15 3 1797.7
15 4 2379.02
15 5 2942.04
15 6 3479.13
15 7 3981.42
15 8 4439.38
15 9 4843.28
15 10 5184.17
15 11 5454.5
15 12 5648.98
15 13 5764.92
15 14 5802.83
15 15 5766.13
15 16 5661.2
15 17 5496.69
15 18 5283.02
15 19 5031.45
15 20 4753.55
15 21 4460.19
15 22 4161.32
15 23 3865.22
15 24 3578.57
15 25 3306.14
15 26 3051.06
15 27 2815.02
15 28 2598.45
15 29 2400.88
15 30 2221.2
15 31 2058.04
15 32 1909.8
15 33 1774.93
15 34 1652.04
15 35 1539.86
15 36 1437.39
15 37 1343.81
15 38 1258.47
15 39 1180.9
15 40 1110.76
15 41 1047.77
15 42 991.749
15 43 942.552
15 44 900.117
15 45 864.291
15 46 835.09
15 47 812.399
15 48 796.232
15 49 786.531
15 50 783.306
15 51 786.531
15 52 796.232
15 53 812.399
15 54 835.09
15 55 864.291
15 56 900.117
15 57 942.552
15 58 991.749
15 59 1047.77
15 60 1110.76
15 61 1180.9
15 62 1258.47
15 63 1343.81
15 64 1437.39
15 65 1539.86
15 66 1652.04
15 67 1774.93
15 68 1909.8
15 69 2058.04
15 70 2221.2
15 71 2400.88
15 72 2598.45
15 73 2815.02
15 74 3051.06
15 75 3306.14
15 76 3578.57
15 77 3865.22
15 78 4161.32
15 79 4460.19
15 80 4753.55
15 81 5031.45
15 82 5283.02
15 83 5496.69
15 84 5661.2
15 85 5766.13
15 86 5802.83
15 87 5764.92
15 88 5648.98
15 89 5454.5
15 90 5184.17
15 91 4843.28
15 92 4439.38
15 93 3981.42
15 94 3479.13
15 95 2942.04
15 96 2379.02
15 97 1797.7
15 98 1204.32
15 99 603.809
15 100 0

16 0 0
16 1 525.52
16 2 1051.23
16 3 1576.59
16 4 2099.57
16 5 2616.34
16 6 3120.92
16 7 3605.44
16 8 4060.47
16 9 4475.74
16 10 4840.9
16 11 5146.57
16 12 5385.04
16 13 5551.22
16 14 5642.9
16 15 5661.2
16 16 5610.26
16 17 5497.1
16 18 5330.79
16 19 5121.92
16 20 4881.64
16 21 4621.01
16 22 4350.21
16 23 4078.16
16 24 3812.09
16 25 3557.46
16 26 3318.01
16 27 3095.91
16 28 2891.95
16 29 2705.91
16 30 2536.93
16 31 2383.66
16 32 2244.53
16 33 2118.02
16 34 2002.66
16 35 1897.23
16 36 1800.67
16 37 1712.18
16 38 1631.17
16 39 1557.2
16 40 1489.98
16 41 1429.31
16 42 1375.1
16 43 1327.29
16 44 1285.84
16 45 1250.77
16 46 1222.04
16 47 1199.7
16 48 1183.72
16 49 1174.14
16 50 1170.94
16 51 1174.14
16 52 1183.72
16 53 1199.7
16 54 1222.04
16 55 1250.77
16 56 1285.84
16 57 1327.29
16 58 1375.1
16 59 1429.31
16 60 1489.98
16 61 1557.2
16 62 1631.17
16 63 1712.18
16 64 1800.67
16 65 1897.23
16 66 2002.66
16 67 2118.02
16 68 2244.53
16 69 2383.66
16 70 2536.93
16 71 2705.91
16 72 2891.95
16 73 3095.91
16 74 3318.01
16 75 3557.46
16 76 3812.09
16 77 4078.16
16 78 4350.21
16 79 4621.01
16 80 4881.64
16 81 5121.92
16 82 5330.79
16 83 5497.1
16 84 5610.26
16 85 5661.2
16 86 5642.9
16 87 5551.22
16 88 5385.04
16 89 5146.57
16 90 4840.9
16 91 4475.74
16 92 4060.47
16 93 3605.44
16 94 3120.92
16 95 2616.34
16 96 2099.57
16 97 1576.59
16 98 1051.23
16 99 525.52
16 100 0

17 0 0
17 1 446.779
17 2 896.925
17 3 1352.86
17 4 1815.32
17 5 2282.66
17 6 2750.65
17 7 3212.42
17 8 3658.92
17 9 4079.45
17 10 4462.7
17 11 4797.59
17 12 5074.45
17 13 5285.75
17 14 5426.95
17 15 5496.69
17 16 5497.1
17 17 5433.32
17 18 5313.18
17 19 5146.33
17 20 4943.58
17 21 4715.87
17 22 4473.76
17 23 4226.59
17 24 3982.26
17 25 3746.83
17 26 3524.66
17 27 3318.38
17 28 3129.18
17 29 2957.16
17 30 2801.54
17 31 2661.02
17 32 2534.1
17 33 2419.12
17 34 2314.59
17 35 2219.2
17 36 2131.86
17 37 2051.72
17 38 1978.16
17 39 1910.76
17 40 1849.26
17 41 1793.52
17 42 1743.48
17 43 1699.15
17 44 1660.58
17 45 1627.79
17 46 1600.89
17 47 1579.88
17 48 1564.85
17 49 1555.81
17 50 1552.79
17 51 1555.81
17 52 1564.85
17 53 1579.88
17 54 1600.89
17 55 1627.79
17 56 1660.58
17 57 1699.15
17 58 1743.48
17 59 1793.52
17 60 1849.26
17 61 1910.76
17 62 1978.16
17 63 2051.72
17 64 2131.86
17 65 2219.2
17 66 2314.59
17 67 2419.12
17 68 2534.1
17 69 2661.02
17 70 2801.54
17 71 2957.16
17 72 3129.18
17 73 3318.38
17 74 3524.66
17 75 3746.83
17 76 3982.26
17 77 4226.59
17 78 4473.76
17 79 4715.87
17 80 4943.58
17 81 5146.33
17 82 5313.18
17 83 5433.32
17 84 5497.1
17 85 5496.69
17 86 5426.95
17 87 5285.75
17 88 5074.45
17 89 4797.59
17 90 4462.7
17 91 4079.45
17 92 3658.92
17 93 3212.42
17 94 2750.65
17 95 2282.66
17 96 1815.32
17 97 1352.86
17 98 896.925
17 99 446.779
17 100 0

18 0 0
18 1 369.948
18 2 746.036
18 3 1133.33
18 4 1534.99
18 5 1951.48
18 6 2380.16
18 7 2815.33
18 8 3248.35
18 9 3668.5
18 10 4063.64
18 11 4421.45
18 12 4730.45
18 13 4981.07
18 14 5166.43
18 15 5283.02
18 16 5330.79
18 17 5313.18
18 18 5236.55
18 19 5109.71
18 20 4942.82
18 21 4746.86
18 22 4532.49
18 23 4309.6
18 24 4086.6
18 25 3870.28
18 26 3665.53
18 27 3475.5
18 28 3301.85
18 29 3144.87
18 30 3003.97
18 31 2877.93
18 32 2765.1
18 33 2663.83
18 34 2572.49
18 35 2489.64
18 36 2414.08
18 37 2344.87
18 38 2281.33
18 39 2223.03
18 40 2169.65
18 41 2121.11
18 42 2077.34
18 43 2038.4
18 44 2004.36
18 45 1975.36
18 46 1951.43
18 47 1932.74
18 48 1919.3
18 49 1911.23
18 50 1908.53
18 51 1911.23
18 52 1919.3
18 53 1932.74
18 54 1951.43
18 55 1975.36
18 56 2004.36
18 57 2038.4
18 58 2077.34
18 59 2121.11
18 60 2169.65
18 61 2223.03
18 62 2281.33
18 63 2344.87
18 64 2414.08
18 65 2489.64
18 66 2572.49
18 67 2663.83
18 68 2765.1
18 69 2877.93
18 70 3003.97
18 71 3144.87
18 72 3301.85
18 73 3475.5
18 74 3665.53
18 75 3870.28
18 76 4086.6
18 77 4309.6
18 78 4532.49
18 79 4746.86
18 80 4942.82
18 81 5109.71
18 82 5236.55
18 83 5313.18
18 84 5330.79
18 85 5283.02
18 86 5166.43
18 87 4981.07
18 88 4730.45
18 89 4421.45
18 90 4063.64
18 91 3668.5
18 92 3248.35
18 93 2815.33
18 94 2380.16
18 95 1951.48
18 96 1534.99
18 97 1133.33
18 98 746.036
18 99 369.948
18 100 0

19 0 0
19 1 296.871
19 2 602.23
19 3 923.399
19 4 1265.66
19 5 1631.32
19 6 2019.33
19 7 2425.07
19 8 2840.61
19 9 3255.26
19 10 3656.53
19 11 4031.01
19 12 4365.86
19 13 4649.58
19 14 4873.34
19 15 5031.45
19 16 5121.92
19 17 5146.33
19 18 5109.71
19 19 5019.73
19 20 4886.06
19 21 4719.42
19 22 4530.73
19 23 4330.2
19 24 4126.89
19 25 3928.16
19 26 3739.6
19 27 3564.9
19 28 3406.11
19 29 3263.84
19 30 3137.7
19 31 3026.4
19 32 2928.37
19 33 2841.77
19 34 2764.83
19 35 2695.96
19 36 2633.79
19 37 2577.26
19 38 2525.55
19 39 2478.15
19 40 2434.72
19 41 2395.1
19 42 2359.24
19 43 2327.21
19 44 2299.09
19 45 2275.01
19 46 2255.11
19 47 2239.47
19 48 2228.24
19 49 2221.46
19 50 2219.19
19 51 2221.46
19 52 2228.24
19 53 2239.47
19 54 2255.11
19 55 2275.01
19 56 2299.09
19 57 2327.21
19 58 2359.24
19 59 2395.1
19 60 2434.72
19 61 2478.15
19 62 2525.55
19 63 2577.26
19 64 2633.79
19 65 2695.96
19 66 2764.83
19 67 2841.77
19 68 2928.37
19 69 3026.4
19 70 3137.7
19 71 3263.84
19 72 3406.11
19 73 3564.9
19 74 3739.6
19 75 3928.16
19 76 4126.89
19 77 4330.2
19 78 4530.73
19 79 4719.42
19 80 4886.06
19 81 5019.73
19 82 5109.71
19 83 5146.33
19 84 5121.92
19 85 5031.45
19 86 4873.34
19 87 4649.58
19 88 4365.86
19 89 4031.01
19 90 3656.53
19 91 3255.26
19 92 2840.61
19 93 2425.07
19 94 2019.33
19 95 1631.32
19 96 1265.66
19 97 923.399
19 98 602.23
19 99 296.871
19 100 0

20 0 0
20 1 228.936
20 2 468.24
20 3 727.134
20 4 1012.64
20 5 1328.75
20 6 1675.81
20 7 2050.4
20 8 2445.3
20 9 2850.2
20 10 3252.34
20 11 3637.75
20 12 3992.31
20 13 4303.09
20 14 4559.35
20 15 4753.55
20 16 4881.64
20 17 4943.58
20 18 4942.82
20 19 4886.06
20 20 4782.23
20 21 4641.86
20 22 4475.87
20 23 4294.91
20 24 4108.59
20 25 3924.96
20 26 3750.23
20 27 3588.66
20 28 3442.8
20 29 3313.67
20 30 3200.91
20 31 3103.43
20 32 3019.54
20 33 2947.33
20 34 2884.82
20 35 2830.24
20 36 2782
20 37 2738.87
20 38 2699.89
20 39 2664.4
20 40 2631.95
20 41 2602.33
20 42 2575.44
20 43 2551.31
20 44 2530.02
20 45 2511.72
20 46 2496.49
20 47 2484.52
20 48 2475.86
20 49 2470.64
20 50 2468.89
20 51 2470.64
20 52 2475.86
20 53 2484.52
20 54 2496.49
20 55 2511.72
20 56 2530.02
20 57 2551.31
20 58 2575.44
20 59 2602.33
20 60 2631.95
20 61 2664.4
20 62 2699.89
20 63 2738.87
20 64 2782
20 65 2830.24
20 66 2884.82
20 67 2947.33
20 68 3019.54
20 69 3103.43
20 70 3200.91
20 71 3313.67
20 72 3442.8
20 73 3588.66
20 74 3750.23
20 75 3924.96
20 76 4108.59
20 77 4294.91
20 78 4475.87
20 79 4641.86
20 80 4782.23
20 81 4886.06
20 82 4942.82
20 83 4943.58
20 84 4881.64
20 85 4753.55
20 86 4559.35
20 87 4303.09
20 88 3992.31
20 89 3637.75
20 90 3252.34
20 91 2850.2
20 92 2445.3
20 93 2050.4
20 94 1675.81
20 95 1328.75
20 96 1012.64
20 97 727.134
20 98 468.24
20 99 228.936
20 100 0

21 0 0
21 1 167.001
21 2 345.841
21 3 547.21
21 4 779.594
21 5 1048.37
21 6 1355.24
21 7 1697.84
21 8 2069.9
21 9 2461.52
21 10 2860.11
21 11 3251.24
21 12 3619.99
21 13 3952.09
21 14 4235.31
21 15 4460.19
21 16 4621.01
21 17 4715.87
21 18 4746.86
21 19 4719.42
21 20 4641.86
21 21 4524.25
21 22 4377.6
21 23 4212.9
21 24 4040.3
21 25 3868.49
21 26 3704.35
21 27 3552.85
21 28 3417.08
21 29 3298.3
21 30 3196.54
21 31 3110.76
21 32 3039.26
21 33 2979.97
21 34 2930.77
21 35 2889.65
21 36 2854.84
21 37 2824.84
21 38 2798.51
21 39 2775.02
21 40 2753.81
21 41 2734.52
21 42 2716.99
21 43 2701.19
21 44 2687.17
21 45 2675
21 46 2664.86
21 47 2656.79
21 48 2650.96
21 49 2647.41
21 50 2646.23
21 51 2647.41
21 52 2650.96
21 53 2656.79
21 54 2664.86
21 55 2675
21 56 2687.17
21 57 2701.19
21 58 2716.99
21 59 2734.52
21 60 2753.81
21 61 2775.02
21 62 2798.51
21 63 2824.84
21 64 2854.84
21 65 2889.65
21 66 2930.77
21 67 2979.97
21 68 3039.26
21 69 3110.76
21 70 3196.54
21 71 3298.3
21 72 3417.08
21 73 3552.85
21 74 3704.35
21 75 3868.49
21 76 4040.3
21 77 4212.9
21 78 4377.6
21 79 4524.25
21 80 4641.86
21 81 4719.42
21 82 4746.86
21 83 4715.87
21 84 4621.01
21 85 4460.19
21 86 4235.31
21 87 3952.09
21 88 3619.99
21 89 3251.24
21 90 2860.11
21 91 2461.52
21 92 2069.9
21 93 1697.84
21 94 1355.24
21 95 1048.37
21 96 779.594
21 97 547.21
21 98 345.841
21 99 167.001
21 100 0

22 0 0
22 1 111.552
22 2 236.016
22 3 385.185
22 4 568.676
22 5 793.076
22 6 1061.21
22 7 1371.86
22 8 1719.64
22 9 2095.38
22 10 2486.71
22 11 2879.17
22 12 3257.17
22 13 3605.56
22 14 3910.6
22 15 4161.32
22 16 4350.21
22 17 4473.76
22 18 4532.49
22 19 4530.73
22 20 4475.87
22 21 4377.6
22 22 4246.89
22 23 4095.01
22 24 3932.58
22 25 3768.98
22 26 3611.83
22 27 3466.81
22 28 3337.46
22 29 3225.66
22 30 3131.66
22 31 3054.57
22 32 2992.71
22 33 2943.94
22 34 2905.96
22 35 2876.52
22 36 2853.61
22 37 2835.54
22 38 2820.91
22 39 2808.69
22 40 2798.15
22 41 2788.81
22 42 2780.38
22 43 2772.74
22 44 2765.89
22 45 2759.87
22 46 2754.74
22 47 2750.64
22 48 2747.62
22 49 2745.79
22 50 2745.17
22 51 2745.79
22 52 2747.62
22 53 2750.64
22 54 2754.74
22 55 2759.87
22 56 2765.89
22 57 2772.74
22 58 2780.38
22 59 2788.81
22 60 2798.15
22 61 2808.69
22 62 2820.91
22 63 2835.54
22 64 2853.61
22 65 2876.52
22 66 2905.96
22 67 2943.94
22 68 2992.71
22 69 3054.57
22 70 3131.66
22 71 3225.66
22 72 3337.46
22 73 3466.81
22 74 3611.83
22 75 3768.98
22 76 3932.58
22 77 4095.01
22 78 4246.89
22 79 4377.6
22 80 4475.87
22 81 4530.73
22 82 4532.49
22 83 4473.76
22 84 4350.21
22 85 4161.32
22 86 3910.6
22 87 3605.56
22 88 3257.17
22 89 2879.17
22 90 2486.71
22 91 2095.38
22 92 1719.64
22 93 1371.86
22 94 1061.21
22 95 793.076
22 96 568.676
22 97 385.185
22 98 236.016
22 99 111.552
22 100 0

23 0 0
23 1 62.728
23 2 139.091
23 3 241.605
23 4 380.796
23 5 564.162
23 6 795.616
23 7 1074.97
23 8 1397.83
23 9 1755.8
23 10 2137.06
23 11 2527.17
23 12 2910.33
23 13 3270.53
23 14 3592.99
23 15 3865.22
23 16 4078.16
23 17 4226.59
23 18 4309.6
23 19 4330.2
23 20 4294.91
23 21 4212.9
23 22 4095.01
23 23 3952.68
23 24 3797
23 25 3638.07
23 26 3484.26
23 27 3341.82
23 28 3215.12
23 29 3106.44
23 30 3016.48
23 31 2944.51
23 32 2888.96
23 33 2847.58
23 34 2817.97
23 35 2797.66
23 36 2784.43
23 37 2776.29
23 38 2771.65
23 39 2769.25
23 40 2768.15
23 41 2767.72
23 42 2767.55
23 43 2767.39
23 44 2767.14
23 45 2766.8
23 46 2766.4
23 47 2765.98
23 48 2765.64
23 49 2765.4
23 50 2765.32
23 51 2765.4
23 52 2765.64
23 53 2765.98
23 54 2766.4
23 55 2766.8
23 56 2767.14
23 57 2767.39
23 58 2767.55
23 59 2767.72
23 60 2768.15
23 61 2769.25
23 62 2771.65
23 63 2776.29
23 64 2784.43
23 65 2797.66
23 66 2817.97
23 67 2847.58
23 68 2888.96
23 69 2944.51
23 70 3016.48
23 71 3106.44
23 72 3215.12
23 73 3341.82
23 74 3484.26
23 75 3638.07
23 76 3797
23 77 3952.68
23 78 4095.01
23 79 4212.9
23 80 4294.91
23 81 4330.2
23 82 4309.6
23 83 4226.59
23 84 4078.16
23 85 3865.22
23 86 3592.99
23 87 3270.53
23 88 2910.33
23 89 2527.17
23 90 2137.06
23 91 1755.8
23 92 1397.83
23 93 1074.97
23 94 795.616
23 95 564.162
23 96 380.796
23 97 241.605
23 98 139.091
23 99 62.728
23 100 0

24 0 0
24 1 20.3842
24 2 54.7883
24 3 116.22
24 4 215.777
24 5 361.755
24 6 558.935
24 7 808.179
24 8 1106.04
24 9 1445.09
24 10 1814.09
24 11 2199.01
24 12 2583.92
24 13 2952.32
24 14 3288.43
24 15 3578.57
24 16 3812.09
24 17 3982.26
24 18 4086.6
24 19 4126.89
24 20 4108.59
24 21 4040.3
24 22 3932.58
24 23 3797
24 24 3645.15
24 25 3487.72
24 26 3333.71
24 27 3190.29
24 28 3062.43
24 29 2953.07
24 30 2863.28
24 31 2792.66
24 32 2739.72
24 33 2702.28
24 34 2677.77
24 35 2663.57
24 36 2657.23
24 37 2656.54
24 38 2659.64
24 39 2665.05
24 40 2671.64
24 41 2678.61
24 42 2685.36
24 43 2691.56
24 44 2696.99
24 45 2701.57
24 46 2705.25
24 47 2708.09
24 48 2710.06
24 49 2711.24
24 50 2711.62
24 51 2711.24
24 52 2710.06
24 53 2708.09
24 54 2705.25
24 55 2701.57
24 56 2696.99
24 57 2691.56
24 58 2685.36
24 59 2678.61
24 60 2671.64
24 61 2665.05
24 62 2659.64
24 63 2656.54
24 64 2657.23
24 65 2663.57
24 66 2677.77
24 67 2702.28
24 68 2739.72
24 69 2792.66
24 70 2863.28
24 71 2953.07
24 72 3062.43
24 73 3190.29
24 74 3333.71
24 75 3487.72
24 76 3645.15
24 77 3797
24 78 3932.58
24 79 4040.3
24 80 4108.59
24 81 4126.89
24 82 4086.6
24 83 3982.26
24 84 3812.09
24 85 3578.57
24 86 3288.43
24 87 2952.32
24 88 2583.92
24 89 2199.01
24 90 1814.09
24 91 1445.09
24 92 1106.04
24 93 808.179
24 94 558.935
24 95 361.755
24 96 215.777
24 97 116.22
24 98 54.7883
24 99 20.3842
24 100 0

25 0 0
25 1 -15.8251
25 2 -17.5147
25 3 8.17838
25 4 72.7129
25 5 184.96
25 6 350.53
25 7 571.149
25 8 844.484
25 9 1163.97
25 10 1519.27
25 11 1896.79
25 12 2280.77
25 13 2654.36
25 14 3001.1
25 15 3306.14
25 16 3557.46
25 17 3746.83
25 18 3870.28
25 19 3928.16
25 20 3924.96
25 21 3868.49
25 22 3768.98
25 23 3638.07
25 24 3487.72
25 25 3329.07
25 26 3172.03
25 27 3024.43
25 28 2892.04
25 29 2778.41
25 30 2685.15
25 31 2612.19
25 32 2558.25
25 33 2521.17
25 34 2498.37
25 35 2487.07
25 36 2484.62
25 37 2488.57
25 38 2496.87
25 39 2507.79
25 40 2520
25 41 2532.5
25 42 2544.58
25 43 2555.73
25 44 2565.63
25 45 2574.13
25 46 2581.12
25 47 2586.54
25 48 2590.42
25 49 2592.73
25 50 2593.51
25 51 2592.73
25 52 2590.42
25 53 2586.54
25 54 2581.12
25 55 2574.13
25 56 2565.63
25 57 2555.73
25 58 2544.58
25 59 2532.5
25 60 2520
25 61 2507.79
25 62 2496.87
25 63 2488.57
25 64 2484.62
25 65 2487.07
25 66 2498.37
25 67 2521.17
25 68 2558.25
25 69 2612.19
25 70 2685.15
25 71 2778.41
25 72 2892.04
25 73 3024.43
25 74 3172.03
25 75 3329.07
25 76 3487.72
25 77 3638.07
25 78 3768.98
25 79 3868.49
25 80 3924.96
25 81 3928.16
25 82 3870.28
25 83 3746.83
25 84 3557.46
25 85 3306.14
25 86 3001.1
25 87 2654.36
25 88 2280.77
25 89 1896.79
25 90 1519.27
25 91 1163.97
25 92 844.484
25 93 571.149
25 94 350.53
25 95 184.96
25 96 72.7129
25 97 8.17838
25 98 -17.5147
25 99 -15.8251
25 100 0

26 0 0
26 1 -46.3798
26 2 -78.7292
26 3 -83.7626
26 4 -49.8782
26 5 32.2639
26 6 168.905
26 7 362.674
26 8 612.229
26 9 912.055
26 10 1252.67
26 11 1621.22
26 12 2002.16
26 13 2378.62
26 14 2733.51
26 15 3051.06
26 16 3318.01
26 17 3524.66
26 18 3665.53
26 19 3739.6
26 20 3750.23
26 21 3704.35
26 22 3611.83
26 23 3484.26
26 24 3333.71
26 25 3172.03
26 26 3009.7
26 27 2855.44
26 28 2715.71
26 29 2594.82
26 30 2494.87
26 31 2416.28
26 32 2357.97
26 33 2317.96
26 34 2293.6
26 35 2282.06
26 36 2280.51
26 37 2286.32
26 38 2297.2
26 39 2311.22
26 40 2326.86
26 41 2342.93
26 42 2358.55
26 43 2373.1
26 44 2386.16
26 45 2397.45
26 46 2406.81
26 47 2414.15
26 48 2419.4
26 49 2422.57
26 50 2423.62
26 51 2422.57
26 52 2419.4
26 53 2414.15
26 54 2406.81
26 55 2397.45
26 56 2386.16
26 57 2373.1
26 58 2358.55
26 59 2342.93
26 60 2326.86
26 61 2311.22
26 62 2297.2
26 63 2286.32
26 64 2280.51
26 65 2282.06
26 66 2293.6
26 67 2317.96
26 68 2357.97
26 69 2416.28
26 70 2494.87
26 71 2594.82
26 72 2715.71
26 73 2855.44
26 74 3009.7
26 75 3172.03
26 76 3333.71
26 77 3484.26
26 78 3611.83
26 79 3704.35
26 80 3750.23
26 81 3739.6
26 82 3665.53
26 83 3524.66
26 84 3318.01
26 85 3051.06
26 86 2733.51
26 87 2378.62
26 88 2002.16
26 89 1621.22
26 90 1252.67
26 91 912.055
26 92 612.229
26 93 362.674
26 94 168.905
26 95 32.2639
26 96 -49.8782
26 97 -83.7626
26 98 -78.7292
26 99 -46.3798
26 100 0

27 0 0
27 1 -71.8263
27 2 -129.885
27 3 -161.096
27 4 -153.778
27 5 -98.3401
27 6 12.0561
27 7 180.833
27 8 407.654
27 9 688.02
27 10 1013.48
27 11 1371.9
27 12 1748.26
27 13 2125.71
27 14 2486.83
27 15 2815.02
27 16 3095.91
27 17 3318.38
27 18 3475.5
27 19 3564.9
27 20 3588.66
27 21 3552.85
27 22 3466.81
27 23 3341.82
27 24 3190.29
27 25 3024.43
27 26 2855.44
27 27 2692.76
27 28 2543.66
27 29 2413.13
27 30 2303.97
27 31 2216.99
27 32 2151.5
27 33 2105.64
27 34 2076.87
27 35 2062.26
27 36 2058.88
27 37 2063.92
27 38 2074.92
27 39 2089.74
27 40 2106.69
27 41 2124.38
27 42 2141.82
27 43 2158.23
27 44 2173.09
27 45 2186.04
27 46 2196.86
27 47 2205.36
27 48 2211.51
27 49 2215.19
27 50 2216.44
27 51 2215.19
27 52 2211.51
27 53 2205.36
27 54 2196.86
27 55 2186.04
27 56 2173.09
27 57 2158.23
27 58 2141.82
27 59 2124.38
27 60 2106.69
27 61 2089.74
27 62 2074.92
27 63 2063.92
27 64 2058.88
27 65 2062.26
27 66 2076.87
27 67 2105.64
27 68 2151.5
27 69 2216.99
27 70 2303.97
27 71 2413.13
27 72 2543.66
27 73 2692.76
27 74 2855.44
27 75 3024.43
27 76 3190.29
27 77 3341.82
27 78 3466.81
27 79 3552.85
27 80 3588.66
27 81 3564.9
27 82 3475.5
27 83 3318.38
27 84 3095.91
27 85 2815.02
27 86 2486.83
27 87 2125.71
27 88 1748.26
27 89 1371.9
27 90 1013.48
27 91 688.02
27 92 407.654
27 93 180.833
27 94 12.0561
27 95 -98.3401
27 96 -153.778
27 97 -161.096
27 98 -129.885
27 99 -71.8263
27 100 0

28 0 0
28 1 -92.768
28 2 -172.17
28 3 -225.44
28 4 -240.979
28 5 -209.029
28 6 -122.307
28 7 23.3955
28 8 228.625
28 9 490.013
28 10 800.098
28 11 1147.66
28 12 1518.27
28 13 1895.29
28 14 2261.1
28 15 2598.45
28 16 2891.95
28 17 3129.18
28 18 3301.85
28 19 3406.11
28 20 3442.8
28 21 3417.08
28 22 3337.46
28 23 3215.12
28 24 3062.43
28 25 2892.04
28 26 2715.71
28 27 2543.66
28 28 2383.89
28 29 2242.19
28 30 2121.96
28 31 2024.58
28 32 1949.7
28 33 1895.71
28 34 1860.16
28 35 1840.13
28 36 1832.59
28 37 1834.63
28 38 1843.59
28 39 1857.18
28 40 1873.53
28 41 1891.11
28 42 1908.77
28 43 1925.63
28 44 1941.06
28 45 1954.62
28 46 1966
28 47 1975.02
28 48 1981.52
28 49 1985.47
28 50 1986.78
28 51 1985.47
28 52 1981.52
28 53 1975.02
28 54 1966
28 55 1954.62
28 56 1941.06
28 57 1925.63
28 58 1908.77
28 59 1891.11
28 60 1873.53
28 61 1857.18
28 62 1843.59
28 63 1834.63
28 64 1832.59
28 65 1840.13
28 66 1860.16
28 67 1895.71
28 68 1949.7
28 69 2024.58
28 70 2121.96
28 71 2242.19
28 72 2383.89
28 73 2543.66
28 74 2715.71
28 75 2892.04
28 76 3062.43
28 77 3215.12
28 78 3337.46
28 79 3417.08
28 80 3442.8
28 81 3406.11
28 82 3301.85
28 83 3129.18
28 84 2891.95
28 85 2598.45
28 86 2261.1
28 87 1895.29
28 88 1518.27
28 89 1147.66
28 90 800.098
28 91 490.013
28 92 228.625
28 93 23.3955
28 94 -122.307
28 95 -209.029
28 96 -240.979
28 97 -225.44
28 98 -172.17
28 99 -92.768
28 100 0

29 0 0
29 1 -109.771
29 2 -206.695
29 3 -278.389
29 4 -313.47
29 5 -302.103
29 6 -236.611
29 7 -112.146
29 8 72.7766
29 9 315.817
29 10 610.597
29 11 946.841
29 12 1310.85
29 13 1686.32
29 14 2055.57
29 15 2400.88
29 16 2705.91
29 17 2957.16
29 18 3144.87
29 19 3263.84
29 20 3313.67
29 21 3298.3
29 22 3225.66
29 23 3106.44
29 24 2953.07
29 25 2778.41
29 26 2594.82
29 27 2413.13
29 28 2242.19
29 29 2088.47
29 30 1956.11
29 31 1846.98
29 32 1761.21
29 33 1697.43
29 34 1653.36
29 35 1626.11
29 36 1612.61
29 37 1609.84
29 38 1615.03
29 39 1625.74
29 40 1639.91
29 41 1655.92
29 42 1672.47
29 43 1688.58
29 44 1703.51
29 45 1716.77
29 46 1727.98
29 47 1736.89
29 48 1743.38
29 49 1747.28
29 50 1748.61
29 51 1747.28
29 52 1743.38
29 53 1736.89
29 54 1727.98
29 55 1716.77
29 56 1703.51
29 57 1688.58
29 58 1672.47
29 59 1655.92
29 60 1639.91
29 61 1625.74
29 62 1615.03
29 63 1609.84
29 64 1612.61
29 65 1626.11
29 66 1653.36
29 67 1697.43
29 68 1761.21
29 69 1846.98
29 70 1956.11
29 71 2088.47
29 72 2242.19
29 73 2413.13
29 74 2594.82
29 75 2778.41
29 76 2953.07
