0 0 0
0 1 0
0 2 0
0 3 0
0 4 0
0 5 0
0 6 0
0 7 0
0 8 0
0 9 0
0 10 0
0 11 0
0 12 0
0 13 0
0 14 0
0 15 0
0 16 0
0 17 0
0 18 0
0 19 0
0 20 0
0 21 0
0 22 0
0 23 0
0 24 0
0 25 0
0 26 0
0 27 0
0 28 0
0 29 0
0 30 0
0 31 0
0 32 0
0 33 0
0 34 0
0 35 0
0 36 0
0 37 0
0 38 0
0 39 0
0 40 0
0 41 0
0 42 0
0 43 0
0 44 0
0 45 0
0 46 0
0 47 0
0 48 0
0 49 0
0 50 0
0 51 0
0 52 0
0 53 0
0 54 0
0 55 0
0 56 0
0 57 0
0 58 0
0 59 0
0 60 0
0 61 0
0 62 0
0 63 0
0 64 0
0 65 0
0 66 0
0 67 0
0 68 0
0 69 0
0 70 0
0 71 0
0 72 0
0 73 0
0 74 0
0 75 0
0 76 0
0 77 0
0 78 0
0 79 0
0 80 0
0 81 0
0 82 0
0 83 0
0 84 0
0 85 0
0 86 0
0 87 0
0 88 0
0 89 0
0 90 0
0 91 0
0 92 0
0 93 0
0 94 0
0 95 0
0 96 0
0 97 0
0 98 0
0 99 0
0 100 0

1 0 0
1 1 7.92048
1 2 15.8396
1 3 23.7256
1 4 31.5406
1 5 39.1719
1 6 46.468
1 7 53.1932
1 8 59.0192
1 9 63.5494
1 10 66.2644
1 11 66.5927
1 12 63.8826
1 13 57.4552
1 14 46.6661
1 15 30.9253
1 16 9.82183
1 17 -16.8425
1 18 -48.9497
1 19 -86.0038
1 20 -127.086
1 21 -170.84
1 22 -215.48
1 23 -258.876
1 24 -298.667
1 25 -332.388
1 26 -357.716
1 27 -372.61
1 28 -375.559
1 29 -365.729
1 30 -343.072
1 31 -308.389
1 32 -263.284
1 33 -210.055
1 34 -151.517
1 35 -90.7608
1 36 -30.9168
1 37 25.1449
1 38 75.0091
1 39 116.89
1 40 149.761
1 41 173.332
1 42 188.048
1 43 194.961
1 44 195.607
1 45 191.773
1 46 185.358
1 47 178.165
1 48 171.794
1 49 167.459
1 50 165.932
1 51 167.459
1 52 171.794
1 53 178.165
1 54 185.358
1 55 191.773
1 56 195.607
1 57 194.961
1 58 188.048
1 59 173.332
1 60 149.761
1 61 116.89
1 62 75.0091
1 63 25.1449
1 64 -30.9168
1 65 -90.7608
1 66 -151.517
1 67 -210.055
1 68 -263.284
1 69 -308.389
1 70 -343.072
1 71 -365.729
1 72 -375.559
1 73 -372.61
1 74 -357.716
1 75 -332.388
1 76 -298.667
1 77 -258.876
1 78 -215.48
1 79 -170.84
1 80 -127.086
1 81 -86.0038
1 82 -48.9497
1 83 -16.8425
1 84 9.82183
1 85 30.9253
1 86 46.6661
1 87 57.4552
1 88 63.8826
1 89 66.5927
1 90 66.2644
1 91 63.5494
1 92 59.0192
1 93 53.1932
1 94 46.468
1 95 39.1719
1 96 31.5406
1 97 23.7256
1 98 15.8396
1 99 7.92048
1 100 0

2 0 0
2 1 15.8396
2 2 31.6611
2 3 47.3918
2 4 62.939
2 5 78.0723
2 6 92.4775
2 7 105.679
2 8 117.021
2 9 125.708
2 10 130.712
2 11 130.902
2 12 124.997
2 13 111.67
2 14 89.6667
2 15 57.8545
2 16 15.4516
2 17 -37.8959
2 18 -101.92
2 19 -175.611
2 20 -257.126
2 21 -343.766
2 22 -431.994
2 23 -517.605
2 24 -595.939
2 25 -662.164
2 26 -711.715
2 27 -740.606
2 28 -745.881
2 29 -725.914
2 30 -680.64
2 31 -611.623
2 32 -522.067
2 33 -416.491
2 34 -300.432
2 35 -180.036
2 36 -61.3867
2 37 49.795
2 38 148.738
2 39 231.935
2 40 297.328
2 41 344.321
2 42 373.802
2 43 387.85
2 44 389.443
2 45 382.114
2 46 369.639
2 47 355.597
2 48 343.115
2 49 334.598
2 50 331.589
2 51 334.598
2 52 343.115
2 53 355.597
2 54 369.639
2 55 382.114
2 56 389.443
2 57 387.85
2 58 373.802
2 59 344.321
2 60 297.328
2 61 231.935
2 62 148.738
2 63 49.795
2 64 -61.3867
2 65 -180.036
2 66 -300.432
2 67 -416.491
2 68 -522.067
2 69 -611.623
2 70 -680.64
2 71 -725.914
2 72 -745.881
2 73 -740.606
2 74 -711.715
2 75 -662.164
2 76 -595.939
2 77 -517.605
2 78 -431.994
2 79 -343.766
2 80 -257.126
2 81 -175.611
2 82 -101.92
2 83 -37.8959
2 84 15.4516
2 85 57.8545
2 86 89.6667
2 87 111.67
2 88 124.997
2 89 130.902
2 90 130.712
2 91 125.708
2 92 117.021
2 93 105.679
2 94 92.4775
2 95 78.0723
2 96 62.939
2 97 47.3918
2 98 31.6611
2 99 15.8396
2 100 0

3 0 0
3 1 23.7256
3 2 47.3918
3 3 70.8675
3 4 93.9749
3 5 116.351
3 6 137.495
3 7 156.678
3 8 172.915
3 9 185.008
3 10 191.452
3 11 190.579
3 12 180.529
3 13 159.391
3 14 125.364
3 15 76.858
3 16 12.7958
3 17 -67.2519
3 18 -162.802
3 19 -272.284
3 20 -392.925
3 21 -520.705
3 22 -650.418
3 23 -775.893
3 24 -890.325
3 25 -986.674
3 26 -1058.31
3 27 -1099.44
3 28 -1105.82
3 29 -1075.13
3 30 -1007.3
3 31 -904.707
3 32 -771.995
3 33 -615.814
3 34 -444.293
3 35 -266.339
3 36 -90.9973
3 37 73.4321
3 38 219.937
3 39 343.315
3 40 440.533
3 41 510.705
3 42 555.059
3 43 576.6
3 44 579.734
3 45 569.638
3 46 551.822
3 47 531.541
3 48 513.445
3 49 501.087
3 50 496.725
3 51 501.087
3 52 513.445
3 53 531.541
3 54 551.822
3 55 569.638
3 56 579.734
3 57 576.6
3 58 555.059
3 59 510.705
3 60 440.533
3 61 343.315
3 62 219.937
3 63 73.4321
3 64 -90.9973
3 65 -266.339
3 66 -444.293
3 67 -615.814
3 68 -771.995
3 69 -904.707
3 70 -1007.3
3 71 -1075.13
3 72 -1105.82
3 73 -1099.44
3 74 -1058.31
3 75 -986.674
3 76 -890.325
3 77 -775.893
3 78 -650.418
3 79 -520.705
3 80 -392.925
3 81 -272.284
3 82 -162.802
3 83 -67.2519
3 84 12.7958
3 85 76.858
3 86 125.364
3 87 159.391
3 88 180.529
3 89 190.579
3 90 191.452
3 91 185.008
3 92 172.915
3 93 156.678
3 94 137.495
3 95 116.351
3 96 93.9749
3 97 70.8675
3 98 47.3918
3 99 23.7256
3 100 0

4 0 0
4 1 31.5406
4 2 62.939
4 3 93.9749
4 4 124.343
4 5 153.528
4 6 180.817
4 7 205.213
4 8 225.404
4 9 239.794
4 10 246.434
4 11 243.156
4 12 227.594
4 13 197.34
4 14 150.148
4 15 84.0981
4 16 -2.06924
4 17 -108.745
4 18 -235.144
4 19 -379.092
4 20 -536.877
4 21 -703.212
4 22 -871.322
4 23 -1033.23
4 24 -1180.19
4 25 -1303.2
4 26 -1393.8
4 27 -1444.69
4 28 -1450.46
4 29 -1408.25
4 30 -1318.06
4 31 -1182.96
4 32 -1009.03
4 33 -804.821
4 34 -580.776
4 35 -348.471
4 36 -119.423
4 37 95.5438
4 38 287.364
4 39 449.305
4 40 577.35
4 41 670.284
4 42 729.655
4 43 759.314
4 44 764.854
4 45 752.985
4 46 730.851
4 47 705.307
4 48 682.341
4 49 666.596
4 50 661.015
4 51 666.596
4 52 682.341
4 53 705.307
4 54 730.851
4 55 752.985
4 56 764.854
4 57 759.314
4 58 729.655
4 59 670.284
4 60 577.35
4 61 449.305
4 62 287.364
4 63 95.5438
4 64 -119.423
4 65 -348.471
4 66 -580.776
4 67 -804.821
4 68 -1009.03
4 69 -1182.96
4 70 -1318.06
4 71 -1408.25
4 72 -1450.46
4 73 -1444.69
4 74 -1393.8
4 75 -1303.2
4 76 -1180.19
4 77 -1033.23
4 78 -871.322
4 79 -703.212
4 80 -536.877
4 81 -379.092
4 82 -235.144
4 83 -108.745
4 84 -2.06924
4 85 84.0981
4 86 150.148
4 87 197.34
4 88 227.594
4 89 243.156
4 90 246.434
4 91 239.794
4 92 225.404
4 93 205.213
4 94 180.817
4 95 153.528
4 96 124.343
4 97 93.9749
4 98 62.939
4 99 31.5406
4 100 0

5 0 0
5 1 39.1719
5 2 78.0723
5 3 116.351
5 4 153.528
5 5 188.902
5 6 221.515
5 7 250.084
5 8 272.973
5 9 288.194
5 10 293.405
5 11 286.003
5 12 263.205
5 13 222.227
5 14 160.506
5 15 75.9408
5 16 -32.7694
5 17 -165.842
5 18 -322.088
5 19 -498.665
5 20 -690.925
5 21 -892.378
5 22 -1094.84
5 23 -1288.73
5 24 -1463.64
5 25 -1608.93
5 26 -1714.61
5 27 -1772.11
5 28 -1775.18
5 29 -1720.52
5 30 -1608.26
5 31 -1442.19
5 32 -1229.56
5 33 -980.65
5 34 -707.979
5 35 -425.259
5 36 -146.458
5 37 115.567
5 38 349.865
5 39 548.261
5 40 705.841
5 41 821.071
5 42 895.663
5 43 934.138
5 44 943.208
5 45 930.901
5 46 905.798
5 47 876.16
5 48 849.274
5 49 830.763
5 50 824.194
5 51 830.763
5 52 849.274
5 53 876.16
5 54 905.798
5 55 930.901
5 56 943.208
5 57 934.138
5 58 895.663
5 59 821.071
5 60 705.841
5 61 548.261
5 62 349.865
5 63 115.567
5 64 -146.458
5 65 -425.259
5 66 -707.979
5 67 -980.65
5 68 -1229.56
5 69 -1442.19
5 70 -1608.26
5 71 -1720.52
5 72 -1775.18
5 73 -1772.11
5 74 -1714.61
5 75 -1608.93
5 76 -1463.64
5 77 -1288.73
5 78 -1094.84
5 79 -892.378
5 80 -690.925
5 81 -498.665
5 82 -322.088
5 83 -165.842
5 84 -32.7694
5 85 75.9408
5 86 160.506
5 87 222.227
5 88 263.205
5 89 286.003
5 90 293.405
5 91 288.194
5 92 272.973
5 93 250.084
5 94 221.515
5 95 188.902
5 96 153.528
5 97 116.351
5 98 78.0723
5 99 39.1719
5 100 0

6 0 0
6 1 46.468
6 2 92.4775
6 3 137.495
6 4 180.817
6 5 221.515
6 6 258.355
6 7 289.757
6 8 313.763
6 9 328.023
6 10 329.858
6 11 316.307
6 12 284.287
6 13 230.776
6 14 153.049
6 15 49.0003
6 16 -82.5528
6 17 -241.505
6 18 -426.155
6 19 -632.946
6 20 -856.308
6 21 -1088.65
6 22 -1320.56
6 23 -1541.12
6 24 -1738.57
6 25 -1900.99
6 26 -2017.2
6 27 -2077.76
6 28 -2075.78
6 29 -2007.72
6 30 -1873.92
6 31 -1678.76
6 32 -1430.55
6 33 -1140.98
6 34 -824.229
6 35 -495.988
6 36 -171.999
6 37 132.936
6 38 406.316
6 39 638.702
6 40 824.309
6 41 961.23
6 42 1051.27
6 43 1099.48
6 44 1113.4
6 45 1102.21
6 46 1075.72
6 47 1043.45
6 48 1013.78
6 49 993.224
6 50 985.898
6 51 993.224
6 52 1013.78
6 53 1043.45
6 54 1075.72
6 55 1102.21
6 56 1113.4
6 57 1099.48
6 58 1051.27
6 59 961.23
6 60 824.309
6 61 638.702
6 62 406.316
6 63 132.936
6 64 -171.999
6 65 -495.988
6 66 -824.229
6 67 -1140.98
6 68 -1430.55
6 69 -1678.76
6 70 -1873.92
6 71 -2007.72
6 72 -2075.78
6 73 -2077.76
6 74 -2017.2
6 75 -1900.99
6 76 -1738.57
6 77 -1541.12
6 78 -1320.56
6 79 -1088.65
6 80 -856.308
6 81 -632.946
6 82 -426.155
6 83 -241.505
6 84 -82.5528
6 85 49.0003
6 86 153.049
6 87 230.776
6 88 284.287
6 89 316.307
6 90 329.858
6 91 328.023
6 92 313.763
6 93 289.757
6 94 258.355
6 95 221.515
6 96 180.817
6 97 137.495
6 98 92.4775
6 99 46.468
6 100 0

7 0 0
7 1 53.1932
7 2 105.679
7 3 156.678
7 4 205.213
7 5 250.084
7 6 289.757
7 7 322.342
7 8 345.575
7 9 356.787
7 10 353.027
7 11 331.083
7 12 287.703
7 13 219.78
7 14 124.608
7 15 0.257528
7 16 -154.162
7 17 -338.075
7 18 -549.169
7 19 -783.138
7 20 -1033.53
7 21 -1291.8
7 22 -1547.49
7 23 -1788.68
7 24 -2002.59
7 25 -2176.41
7 26 -2298.24
7 27 -2358.03
7 28 -2348.57
7 29 -2266.28
7 30 -2111.69
7 31 -1889.76
7 32 -1609.59
7 33 -1283.97
7 34 -928.455
7 35 -560.048
7 36 -196.168
7 37 147.058
7 38 455.718
7 39 719.3
7 40 931.227
7 41 1089.19
7 42 1194.95
7 43 1253.88
7 44 1274.18
7 45 1265.87
7 46 1239.8
7 47 1206.52
7 48 1175.36
7 49 1153.58
7 50 1145.79
7 51 1153.58
7 52 1175.36
7 53 1206.52
7 54 1239.8
7 55 1265.87
7 56 1274.18
7 57 1253.88
7 58 1194.95
7 59 1089.19
7 60 931.227
7 61 719.3
7 62 455.718
7 63 147.058
7 64 -196.168
7 65 -560.048
7 66 -928.455
7 67 -1283.97
7 68 -1609.59
7 69 -1889.76
7 70 -2111.69
7 71 -2266.28
7 72 -2348.57
7 73 -2358.03
7 74 -2298.24
7 75 -2176.41
7 76 -2002.59
7 77 -1788.68
7 78 -1547.49
7 79 -1291.8
7 80 -1033.53
7 81 -783.138
7 82 -549.169
7 83 -338.075
7 84 -154.162
7 85 0.257528
7 86 124.608
7 87 219.78
7 88 287.703
7 89 331.083
7 90 353.027
7 91 356.787
7 92 345.575
7 93 322.342
7 94 289.757
7 95 250.084
7 96 205.213
7 97 156.678
7 98 105.679
7 99 53.1932
7 100 0

8 0 0
8 1 59.0192
8 2 117.021
8 3 172.915
8 4 225.404
8 5 272.973
8 6 313.763
8 7 345.575
8 8 365.857
8 9 371.686
8 10 359.919
8 11 327.22
8 12 270.312
8 13 186.181
8 14 72.3255
8 15 -72.833
8 16 -249.718
8 17 -457.156
8 18 -692.14
8 19 -949.601
8 20 -1222.28
8 21 -1500.82
8 22 -1774
8 23 -2029.22
8 24 -2253.07
8 25 -2432.3
8 26 -2554.59
8 27 -2609.75
8 28 -2590.49
8 29 -2493.3
8 30 -2319.04
8 31 -2073.03
8 32 -1765
8 33 -1408.5
8 34 -1019.89
8 35 -617.31
8 36 -219.13
8 37 157.307
8 38 497.148
8 39 788.916
8 40 1025.33
8 41 1203.65
8 42 1325.42
8 43 1396.15
8 44 1424.44
8 45 1420.96
8 46 1397.27
8 47 1364.76
8 48 1333.5
8 49 1311.41
8 50 1303.46
8 51 1311.41
8 52 1333.5
8 53 1364.76
8 54 1397.27
8 55 1420.96
8 56 1424.44
8 57 1396.15
8 58 1325.42
8 59 1203.65
8 60 1025.33
8 61 788.916
8 62 497.148
8 63 157.307
8 64 -219.13
8 65 -617.31
8 66 -1019.89
8 67 -1408.5
8 68 -1765
8 69 -2073.03
8 70 -2319.04
8 71 -2493.3
8 72 -2590.49
8 73 -2609.75
8 74 -2554.59
8 75 -2432.3
8 76 -2253.07
8 77 -2029.22
8 78 -1774
8 79 -1500.82
8 80 -1222.28
8 81 -949.601
8 82 -692.14
8 83 -457.156
8 84 -249.718
8 85 -72.833
8 86 72.3255
8 87 186.181
8 88 270.312
8 89 327.22
8 90 359.919
8 91 371.686
8 92 365.857
8 93 345.575
8 94 313.763
8 95 272.973
8 96 225.404
8 97 172.915
8 98 117.021
8 99 59.0192
8 100 0

9 0 0
9 1 63.5494
9 2 125.708
9 3 185.008
9 4 239.794
9 5 288.194
9 6 328.023
9 7 356.787
9 8 371.686
9 9 369.62
9 10 347.351
9 11 301.556
9 12 229.089
9 13 127.196
9 14 -6.22456
9 15 -172.232
9 16 -370.62
9 17 -599.512
9 18 -855.157
9 19 -1131.75
9 20 -1421.33
9 21 -1713.95
9 22 -1997.9
9 23 -2260.2
9 24 -2487.29
9 25 -2665.79
9 26 -2783.49
9 27 -2830.3
9 28 -2799.15
9 29 -2686.78
9 30 -2494.27
9 31 -2227.29
9 32 -1895.88
9 33 -1513.93
9 34 -1098.39
9 35 -667.819
9 36 -241.344
9 37 163.104
9 38 529.811
9 39 846.649
9 40 1105.65
9 41 1303.55
9 42 1441.64
9 43 1525.33
9 44 1563.35
9 45 1566.69
9 46 1547.46
9 47 1517.6
9 48 1487.75
9 49 1466.26
9 50 1458.48
9 51 1466.26
9 52 1487.75
9 53 1517.6
9 54 1547.46
9 55 1566.69
9 56 1563.35
9 57 1525.33
9 58 1441.64
9 59 1303.55
9 60 1105.65
9 61 846.649
9 62 529.811
9 63 163.104
9 64 -241.344
9 65 -667.819
9 66 -1098.39
9 67 -1513.93
9 68 -1895.88
9 69 -2227.29
9 70 -2494.27
9 71 -2686.78
9 72 -2799.15
9 73 -2830.3
9 74 -2783.49
9 75 -2665.79
9 76 -2487.29
9 77 -2260.2
9 78 -1997.9
9 79 -1713.95
9 80 -1421.33
9 81 -1131.75
9 82 -855.157
9 83 -599.512
9 84 -370.62
9 85 -172.232
9 86 -6.22456
9 87 127.196
9 88 229.089
9 89 301.556
9 90 347.351
9 91 369.62
9 92 371.686
9 93 356.787
9 94 328.023
9 95 288.194
9 96 239.794
9 97 185.008
9 98 125.708
9 99 63.5494
9 100 0

10 0 0
10 1 66.2644
10 2 130.712
10 3 191.452
10 4 246.434
10 5 293.405
10 6 329.858
10 7 353.027
10 8 359.919
10 9 347.351
10 10 312.1
10 11 251.007
10 12 161.222
10 13 40.4266
10 14 -112.908
10 15 -299.178
10 16 -517.421
10 17 -764.99
10 18 -1037.38
10 19 -1328.11
10 20 -1628.68
10 21 -1928.75
10 22 -2216.43
10 23 -2478.78
10 24 -2702.39
10 25 -2874.26
10 26 -2982.56
10 27 -3017.68
10 28 -2972.95
10 29 -2845.46
10 30 -2636.57
10 31 -2352.05
10 32 -2002.02
10 33 -1600.43
10 34 -1164.17
10 35 -712.038
10 36 -263.247
10 37 163.807
10 38 553.075
10 39 891.764
10 40 1171.41
10 41 1388.18
10 42 1542.89
10 43 1640.68
10 44 1690.16
10 45 1702.44
10 46 1689.77
10 47 1664.48
10 48 1637.54
10 49 1617.67
10 50 1610.4
10 51 1617.67
10 52 1637.54
10 53 1664.48
10 54 1689.77
10 55 1702.44
10 56 1690.16
10 57 1640.68
10 58 1542.89
10 59 1388.18
10 60 1171.41
10 61 891.764
10 62 553.075
10 63 163.807
10 64 -263.247
10 65 -712.038
10 66 -1164.17
10 67 -1600.43
10 68 -2002.02
10 69 -2352.05
10 70 -2636.57
10 71 -2845.46
10 72 -2972.95
10 73 -3017.68
10 74 -2982.56
10 75 -2874.26
10 76 -2702.39
10 77 -2478.78
10 78 -2216.43
10 79 -1928.75
10 80 -1628.68
10 81 -1328.11
10 82 -1037.38
10 83 -764.99
10 84 -517.421
10 85 -299.178
10 86 -112.908
10 87 40.4266
10 88 161.222
10 89 251.007
10 90 312.1
10 91 347.351
10 92 359.919
10 93 353.027
10 94 329.858
10 95 293.405
10 96 246.434
10 97 191.452
10 98 130.712
10 99 66.2644
10 100 0

11 0 0
11 1 66.5927
11 2 130.902
11 3 190.579
11 4 243.156
11 5 286.003
11 6 316.307
11 7 331.083
11 8 327.22
11 9 301.556
11 10 251.007
11 11 172.73
11 12 64.3231
11 13 -75.9423
11 14 -248.869
11 15 -454.074
11 16 -689.753
11 17 -952.465
11 18 -1237
11 19 -1536.29
11 20 -1841.49
11 21 -2142.14
11 22 -2426.5
11 23 -2681.95
11 24 -2895.69
11 25 -3055.38
11 26 -3150
11 27 -3170.59
11 28 -3111.12
11 29 -2969.1
11 30 -2746.04
11 31 -2447.72
11 32 -2084.05
11 33 -1668.61
11 34 -1218
11 35 -750.605
11 36 -285.54
11 37 158.909
11 38 566.377
11 39 923.83
11 40 1222.19
11 41 1457.05
11 42 1628.7
11 43 1741.74
11 44 1804.44
11 45 1827.66
11 46 1823.7
11 47 1804.9
11 48 1782.43
11 49 1765.13
11 50 1758.72
11 51 1765.13
11 52 1782.43
11 53 1804.9
11 54 1823.7
11 55 1827.66
11 56 1804.44
11 57 1741.74
11 58 1628.7
11 59 1457.05
11 60 1222.19
11 61 923.83
11 62 566.377
11 63 158.909
11 64 -285.54
11 65 -750.605
11 66 -1218
11 67 -1668.61
11 68 -2084.05
11 69 -2447.72
11 70 -2746.04
11 71 -2969.1
11 72 -3111.12
11 73 -3170.59
11 74 -3150
11 75 -3055.38
11 76 -2895.69
11 77 -2681.95
11 78 -2426.5
11 79 -2142.14
11 80 -1841.49
11 81 -1536.29
11 82 -1237
11 83 -952.465
11 84 -689.753
11 85 -454.074
11 86 -248.869
11 87 -75.9423
11 88 64.3231
11 89 172.73
11 90 251.007
11 91 301.556
11 92 327.22
11 93 331.083
11 94 316.307
11 95 286.003
11 96 243.156
11 97 190.579
11 98 130.902
11 99 66.5927
11 100 0

12 0 0
12 1 63.8826
12 2 124.997
12 3 180.529
12 4 227.594
12 5 263.205
12 6 284.287
12 7 287.703
12 8 270.312
12 9 229.089
12 10 161.222
12 11 64.3231
12 12 -63.418
12 13 -223.004
12 14 -414.403
12 15 -636.38
12 16 -886.255
12 17 -1159.83
12 18 -1451.26
12 19 -1753.07
12 20 -2056.3
12 21 -2350.61
12 22 -2624.7
12 23 -2866.69
12 24 -3064.66
12 25 -3207.3
12 26 -3284.59
12 27 -3288.52
12 28 -3213.77
12 29 -3058.26
12 30 -2823.64
12 31 -2515.48
12 32 -2143.19
12 33 -1719.75
12 34 -1260.92
12 35 -784.473
12 36 -308.877
12 37 147.816
12 38 569.428
12 39 942.551
12 40 1257.77
12 41 1510.02
12 42 1698.86
12 43 1828.24
12 44 1905.82
12 45 1942.02
12 46 1948.8
12 47 1938.39
12 48 1921.87
12 49 1908.14
12 50 1902.89
12 51 1908.14
12 52 1921.87
12 53 1938.39
12 54 1948.8
12 55 1942.02
12 56 1905.82
12 57 1828.24
12 58 1698.86
12 59 1510.02
12 60 1257.77
12 61 942.551
12 62 569.428
12 63 147.816
12 64 -308.877
12 65 -784.473
12 66 -1260.92
12 67 -1719.75
12 68 -2143.19
12 69 -2515.48
12 70 -2823.64
12 71 -3058.26
12 72 -3213.77
12 73 -3288.52
12 74 -3284.59
12 75 -3207.3
12 76 -3064.66
12 77 -2866.69
12 78 -2624.7
12 79 -2350.61
12 80 -2056.3
12 81 -1753.07
12 82 -1451.26
12 83 -1159.83
12 84 -886.255
12 85 -636.38
12 86 -414.403
12 87 -223.004
12 88 -63.418
12 89 64.3231
12 90 161.222
12 91 229.089
12 92 270.312
12 93 287.703
12 94 284.287
12 95 263.205
12 96 227.594
12 97 180.529
12 98 124.997
12 99 63.8826
12 100 0

13 0 0
13 1 57.4552
13 2 111.67
13 3 159.391
13 4 197.34
13 5 222.227
13 6 230.776
13 7 219.78
13 8 186.181
13 9 127.196
13 10 40.4266
13 11 -75.9423
13 12 -223.004
13 13 -400.938
13 14 -608.818
13 15 -844.525
13 16 -1104.55
13 17 -1384.01
13 18 -1676.58
13 19 -1974.57
13 20 -2269.13
13 21 -2550.34
13 22 -2807.65
13 23 -3030.17
13 24 -3207.21
13 25 -3328.7
13 26 -3385.88
13 27 -3371.78
13 28 -3281.83
13 29 -3114.42
13 30 -2871.16
13 31 -2557.24
13 32 -2181.39
13 33 -1755.52
13 34 -1294.41
13 35 -814.72
13 36 -334.069
13 37 130.151
13 38 561.925
13 39 947.926
13 40 1278.22
13 41 1547.12
13 42 1753.41
13 43 1900.14
13 44 1994.18
13 45 2045.23
13 46 2064.74
13 47 2064.48
13 48 2055.36
13 49 2046.1
13 50 2042.37
13 51 2046.1
13 52 2055.36
13 53 2064.48
13 54 2064.74
13 55 2045.23
13 56 1994.18
13 57 1900.14
13 58 1753.41
13 59 1547.12
13 60 1278.22
13 61 947.926
13 62 561.925
13 63 130.151
13 64 -334.069
13 65 -814.72
13 66 -1294.41
13 67 -1755.52
13 68 -2181.39
13 69 -2557.24
13 70 -2871.16
13 71 -3114.42
13 72 -3281.83
13 73 -3371.78
13 74 -3385.88
13 75 -3328.7
13 76 -3207.21
13 77 -3030.17
13 78 -2807.65
13 79 -2550.34
13 80 -2269.13
13 81 -1974.57
13 82 -1676.58
13 83 -1384.01
13 84 -1104.55
13 85 -844.525
13 86 -608.818
13 87 -400.938
13 88 -223.004
13 89 -75.9423
13 90 40.4266
13 91 127.196
13 92 186.181
13 93 219.78
13 94 230.776
13 95 222.227
13 96 197.34
13 97 159.391
13 98 111.67
13 99 57.4552
13 100 0

14 0 0
14 1 46.6661
14 2 89.6667
14 3 125.364
14 4 150.148
14 5 160.506
14 6 153.049
14 7 124.608
14 8 72.3255
14 9 -6.22456
14 10 -112.908
14 11 -248.869
14 12 -414.403
14 13 -608.818
14 14 -830.29
14 15 -1075.85
14 16 -1341.24
14 17 -1621.04
14 18 -1908.63
14 19 -2196.35
14 20 -2475.68
14 21 -2737.42
14 22 -2972.04
14 23 -3169.94
14 24 -3321.79
14 25 -3419.02
14 26 -3454.21
14 27 -3421.51
14 28 -3317.16
14 29 -3139.87
14 30 -2891.15
14 31 -2575.63
14 32 -2201
14 33 -1778.06
14 34 -1320.13
14 35 -842.597
14 36 -361.872
14 37 105.44
14 38 543.896
14 39 940.072
14 40 1283.81
14 41 1568.67
14 42 1792.57
14 43 1957.57
14 44 2069.49
14 45 2137.15
14 46 2171.17
14 47 2182.78
14 48 2182.37
14 49 2178.48
14 50 2176.54
14 51 2178.48
14 52 2182.37
14 53 2182.78
14 54 2171.17
14 55 2137.15
14 56 2069.49
14 57 1957.57
14 58 1792.57
14 59 1568.67
14 60 1283.81
14 61 940.072
14 62 543.896
14 63 105.44
14 64 -361.872
14 65 -842.597
14 66 -1320.13
14 67 -1778.06
14 68 -2201
14 69 -2575.63
14 70 -2891.15
14 71 -3139.87
14 72 -3317.16
14 73 -3421.51
14 74 -3454.21
14 75 -3419.02
14 76 -3321.79
14 77 -3169.94
14 78 -2972.04
14 79 -2737.42
14 80 -2475.68
14 81 -2196.35
14 82 -1908.63
14 83 -1621.04
14 84 -1341.24
14 85 -1075.85
14 86 -830.29
14 87 -608.818
14 88 -414.403
14 89 -248.869
14 90 -112.908
14 91 -6.22456
14 92 72.3255
14 93 124.608
14 94 153.049
14 95 160.506
14 96 150.148
14 97 125.364
14 98 89.6667
14 99 46.6661
14 100 0

15 0 0
15 1 30.9253
15 2 57.8545
15 3 76.858
15 4 84.0981
15 5 75.9408
15 6 49.0003
15 7 0.257528
15 8 -72.833
15 9 -172.232
15 10 -299.178
15 11 -454.074
15 12 -636.38
15 13 -844.525
15 14 -1075.85
15 15 -1326.62
15 16 -1592
15 17 -1866.2
15 18 -2142.55
15 19 -2413.64
15 20 -2671.59
15 21 -2908.14
15 22 -3115.01
15 23 -3284.04
15 24 -3407.52
15 25 -3478.42
15 26 -3490.73
15 27 -3439.73
15 28 -3322.38
15 29 -3137.65
15 30 -2886.79
15 31 -2573.68
15 32 -2204.92
15 33 -1789.76
15 34 -1340.01
15 35 -869.428
15 36 -393.105
15 37 73.4491
15 38 515.308
15 39 919.33
15 40 1274.94
15 41 1575.13
15 42 1816.77
15 43 2000.79
15 44 2131.86
15 45 2217.66
15 46 2267.86
15 47 2292.82
15 48 2302.4
15 49 2304.62
15 50 2304.77
15 51 2304.62
15 52 2302.4
15 53 2292.82
15 54 2267.86
15 55 2217.66
15 56 2131.86
15 57 2000.79
15 58 1816.77
15 59 1575.13
15 60 1274.94
15 61 919.33
15 62 515.308
15 63 73.4491
15 64 -393.105
15 65 -869.428
15 66 -1340.01
15 67 -1789.76
15 68 -2204.92
15 69 -2573.68
15 70 -2886.79
15 71 -3137.65
15 72 -3322.38
15 73 -3439.73
15 74 -3490.73
15 75 -3478.42
15 76 -3407.52
15 77 -3284.04
15 78 -3115.01
15 79 -2908.14
15 80 -2671.59
15 81 -2413.64
15 82 -2142.55
15 83 -1866.2
15 84 -1592
15 85 -1326.62
15 86 -1075.85
15 87 -844.525
15 88 -636.38
15 89 -454.074
15 90 -299.178
15 91 -172.232
15 92 -72.833
15 93 0.257528
15 94 49.0003
15 95 75.9408
15 96 84.0981
15 97 76.858
15 98 57.8545
15 99 30.9253
15 100 0

16 0 0
16 1 9.82183
16 2 15.4516
16 3 12.7958
16 4 -2.06924
16 5 -32.7694
16 6 -82.5528
16 7 -154.162
16 8 -249.718
16 9 -370.62
16 10 -517.421
16 11 -689.753
16 12 -886.255
16 13 -1104.55
16 14 -1341.24
16 15 -1592
16 16 -1851.6
16 17 -2114.13
16 18 -2373.08
16 19 -2621.59
16 20 -2852.62
16 21 -3059.11
16 22 -3234.17
16 23 -3371.28
16 24 -3464.34
16 25 -3507.95
16 26 -3497.46
16 27 -3429.22
16 28 -3300.85
16 29 -3111.41
16 30 -2861.8
16 31 -2555.01
16 32 -2196.24
16 33 -1793.26
16 34 -1356.01
16 35 -896.573
16 36 -428.493
16 37 33.8677
16 38 476.404
16 39 886.117
16 40 1252.28
16 41 1567.1
16 42 1826.52
16 43 2030.2
16 44 2181.47
16 45 2286.77
16 46 2354.56
16 47 2394.24
16 48 2414.85
16 49 2423.94
16 50 2426.39
16 51 2423.94
16 52 2414.85
16 53 2394.24
16 54 2354.56
16 55 2286.77
16 56 2181.47
16 57 2030.2
16 58 1826.52
16 59 1567.1
16 60 1252.28
16 61 886.117
16 62 476.404
16 63 33.8677
16 64 -428.493
16 65 -896.573
16 66 -1356.01
16 67 -1793.26
16 68 -2196.24
16 69 -2555.01
16 70 -2861.8
16 71 -3111.41
16 72 -3300.85
16 73 -3429.22
16 74 -3497.46
16 75 -3507.95
16 76 -3464.34
16 77 -3371.28
16 78 -3234.17
16 79 -3059.11
16 80 -2852.62
16 81 -2621.59
16 82 -2373.08
16 83 -2114.13
16 84 -1851.6
16 85 -1592
16 86 -1341.24
16 87 -1104.55
16 88 -886.255
16 89 -689.753
16 90 -517.421
16 91 -370.62
16 92 -249.718
16 93 -154.162
16 94 -82.5528
16 95 -32.7694
16 96 -2.06924
16 97 12.7958
16 98 15.4516
16 99 9.82183
16 100 0

17 0 0
17 1 -16.8425
17 2 -37.8959
17 3 -67.2519
17 4 -108.745
17 5 -165.842
17 6 -241.505
17 7 -338.075
17 8 -457.156
17 9 -599.512
17 10 -764.99
17 11 -952.465
17 12 -1159.83
17 13 -1384.01
17 14 -1621.04
17 15 -1866.2
17 16 -2114.13
17 17 -2359.01
17 18 -2594.82
17 19 -2815.44
17 20 -3014.91
17 21 -3187.5
17 22 -3327.9
17 23 -3431.21
17 24 -3493.03
17 25 -3509.46
17 26 -3477.19
17 27 -3393.51
17 28 -3256.53
17 29 -3065.33
17 30 -2820.3
17 31 -2523.34
17 32 -2178.36
17 33 -1791.24
17 34 -1370.19
17 35 -925.387
17 36 -468.795
17 37 -13.4163
17 38 427.384
17 39 840.998
17 40 1216.42
17 41 1545.31
17 42 1822.43
17 43 2046.21
17 44 2218.57
17 45 2344.45
17 46 2431.04
17 47 2486.57
17 48 2519.2
17 49 2535.72
17 50 2540.71
17 51 2535.72
17 52 2519.2
17 53 2486.57
17 54 2431.04
17 55 2344.45
17 56 2218.57
17 57 2046.21
17 58 1822.43
17 59 1545.31
17 60 1216.42
17 61 840.998
17 62 427.384
17 63 -13.4163
17 64 -468.795
17 65 -925.387
17 66 -1370.19
17 67 -1791.24
17 68 -2178.36
17 69 -2523.34
17 70 -2820.3
17 71 -3065.33
17 72 -3256.53
17 73 -3393.51
17 74 -3477.19
17 75 -3509.46
17 76 -3493.03
17 77 -3431.21
17 78 -3327.9
17 79 -3187.5
17 80 -3014.91
17 81 -2815.44
17 82 -2594.82
17 83 -2359.01
17 84 -2114.13
17 85 -1866.2
17 86 -1621.04
17 87 -1384.01
17 88 -1159.83
17 89 -952.465
17 90 -764.99
17 91 -599.512
17 92 -457.156
17 93 -338.075
17 94 -241.505
17 95 -165.842
17 96 -108.745
17 97 -67.2519
17 98 -37.8959
17 99 -16.8425
17 100 0

18 0 0
18 1 -48.9497
18 2 -101.92
18 3 -162.802
18 4 -235.144
18 5 -322.088
18 6 -426.155
18 7 -549.169
18 8 -692.14
18 9 -855.157
18 10 -1037.38
18 11 -1237
18 12 -1451.26
18 13 -1676.58
18 14 -1908.63
18 15 -2142.55
18 16 -2373.08
18 17 -2594.82
18 18 -2802.41
18 19 -2990.76
18 20 -3155.1
18 21 -3291.22
18 22 -3395.36
18 23 -3464.29
18 24 -3495.19
18 25 -3485.62
18 26 -3433.41
18 27 -3336.68
18 28 -3193.86
18 29 -3003.92
18 30 -2766.58
18 31 -2482.7
18 32 -2154.59
18 33 -1786.48
18 34 -1384.56
18 35 -957.205
18 36 -514.631
18 37 -68.5653
18 38 368.584
18 39 784.527
18 40 1168.18
18 41 1510.44
18 42 1805.16
18 43 2049.32
18 44 2243.37
18 45 2390.72
18 46 2497.08
18 47 2569.41
18 48 2614.79
18 49 2639.31
18 50 2646.99
18 51 2639.31
18 52 2614.79
18 53 2569.41
18 54 2497.08
18 55 2390.72
18 56 2243.37
18 57 2049.32
18 58 1805.16
18 59 1510.44
18 60 1168.18
18 61 784.527
18 62 368.584
18 63 -68.5653
18 64 -514.631
18 65 -957.205
18 66 -1384.56
18 67 -1786.48
18 68 -2154.59
18 69 -2482.7
18 70 -2766.58
18 71 -3003.92
18 72 -3193.86
18 73 -3336.68
18 74 -3433.41
18 75 -3485.62
18 76 -3495.19
18 77 -3464.29
18 78 -3395.36
18 79 -3291.22
18 80 -3155.1
18 81 -2990.76
18 82 -2802.41
18 83 -2594.82
18 84 -2373.08
18 85 -2142.55
18 86 -1908.63
18 87 -1676.58
18 88 -1451.26
18 89 -1237
18 90 -1037.38
18 91 -855.157
18 92 -692.14
18 93 -549.169
18 94 -426.155
18 95 -322.088
18 96 -235.144
18 97 -162.802
18 98 -101.92
18 99 -48.9497
18 100 0

19 0 0
19 1 -86.0038
19 2 -175.611
19 3 -272.284
19 4 -379.092
19 5 -498.665
19 6 -632.946
19 7 -783.138
19 8 -949.601
19 9 -1131.75
19 10 -1328.11
19 11 -1536.29
19 12 -1753.07
19 13 -1974.57
19 14 -2196.35
19 15 -2413.64
19 16 -2621.59
19 17 -2815.44
19 18 -2990.76
19 19 -3143.59
19 20 -3270.55
19 21 -3368.93
19 22 -3436.57
19 23 -3471.78
19 24 -3473.26
19 25 -3439.79
19 26 -3370.22
19 27 -3263.26
19 28 -3117.57
19 29 -2931.83
19 30 -2705.09
19 31 -2436.96
19 32 -2128.35
19 33 -1781.59
19 34 -1401.07
19 35 -993.213
19 36 -566.637
19 37 -131.608
19 38 300.328
19 39 717.348
19 40 1108.23
19 41 1463.32
19 42 1775.32
19 43 2039.98
19 44 2256.14
19 45 2425.56
19 46 2552.42
19 47 2642.25
19 48 2701.04
19 49 2733.92
19 50 2744.48
19 51 2733.92
19 52 2701.04
19 53 2642.25
19 54 2552.42
19 55 2425.56
19 56 2256.14
19 57 2039.98
19 58 1775.32
19 59 1463.32
19 60 1108.23
19 61 717.348
19 62 300.328
19 63 -131.608
19 64 -566.637
19 65 -993.213
19 66 -1401.07
19 67 -1781.59
19 68 -2128.35
19 69 -2436.96
19 70 -2705.09
19 71 -2931.83
19 72 -3117.57
19 73 -3263.26
19 74 -3370.22
19 75 -3439.79
19 76 -3473.26
19 77 -3471.78
19 78 -3436.57
19 79 -3368.93
19 80 -3270.55
19 81 -3143.59
19 82 -2990.76
19 83 -2815.44
19 84 -2621.59
19 85 -2413.64
19 86 -2196.35
19 87 -1974.57
19 88 -1753.07
19 89 -1536.29
19 90 -1328.11
19 91 -1131.75
19 92 -949.601
19 93 -783.138
19 94 -632.946
19 95 -498.665
19 96 -379.092
19 97 -272.284
19 98 -175.611
19 99 -86.0038
19 100 0

20 0 0
20 1 -127.086
20 2 -257.126
20 3 -392.925
20 4 -536.877
20 5 -690.925
20 6 -856.308
20 7 -1033.53
20 8 -1222.28
20 9 -1421.33
20 10 -1628.68
20 11 -1841.49
20 12 -2056.3
20 13 -2269.13
20 14 -2475.68
20 15 -2671.59
20 16 -2852.62
20 17 -3014.91
20 18 -3155.1
20 19 -3270.55
20 20 -3359.29
20 21 -3420.11
20 22 -3452.32
20 23 -3455.72
20 24 -3430.25
20 25 -3375.8
20 26 -3292
20 27 -3177.99
20 28 -3032.47
20 29 -2853.77
20 30 -2640.09
20 31 -2389.99
20 32 -2102.74
20 33 -1779.09
20 34 -1421.48
20 35 -1034.6
20 36 -625.3
20 37 -202.6
20 38 222.974
20 39 640.028
20 40 1037.31
20 41 1404.56
20 42 1733.57
20 43 2018.63
20 44 2257.05
20 45 2448.92
20 46 2596.75
20 47 2704.65
20 48 2777.25
20 49 2818.83
20 50 2832.31
20 51 2818.83
20 52 2777.25
20 53 2704.65
20 54 2596.75
20 55 2448.92
20 56 2257.05
20 57 2018.63
20 58 1733.57
20 59 1404.56
20 60 1037.31
20 61 640.028
20 62 222.974
20 63 -202.6
20 64 -625.3
20 65 -1034.6
20 66 -1421.48
20 67 -1779.09
20 68 -2102.74
20 69 -2389.99
20 70 -2640.09
20 71 -2853.77
20 72 -3032.47
20 73 -3177.99
20 74 -3292
20 75 -3375.8
20 76 -3430.25
20 77 -3455.72
20 78 -3452.32
20 79 -3420.11
20 80 -3359.29
20 81 -3270.55
20 82 -3155.1
20 83 -3014.91
20 84 -2852.62
20 85 -2671.59
20 86 -2475.68
20 87 -2269.13
20 88 -2056.3
20 89 -1841.49
20 90 -1628.68
20 91 -1421.33
20 92 -1222.28
20 93 -1033.53
20 94 -856.308
20 95 -690.925
20 96 -536.877
20 97 -392.925
20 98 -257.126
20 99 -127.086
20 100 0

21 0 0
21 1 -170.84
21 2 -343.766
21 3 -520.705
21 4 -703.212
21 5 -892.378
21 6 -1088.65
21 7 -1291.8
21 8 -1500.82
21 9 -1713.95
21 10 -1928.75
21 11 -2142.14
21 12 -2350.61
21 13 -2550.34
21 14 -2737.42
21 15 -2908.14
21 16 -3059.11
21 17 -3187.5
21 18 -3291.22
21 19 -3368.93
21 20 -3420.11
21 21 -3444.92
21 22 -3444.1
21 23 -3418.66
21 24 -3369.66
21 25 -3297.81
21 26 -3203.31
21 27 -3085.58
21 28 -2943.22
21 29 -2774.08
21 30 -2575.63
21 31 -2345.17
21 32 -2080.69
21 33 -1781.16
21 34 -1447.37
21 35 -1082.23
21 36 -691.062
21 37 -281.486
21 38 136.878
21 39 553.157
21 40 956.082
21 41 1334.91
21 42 1680.41
21 43 1985.64
21 44 2246.28
21 45 2460.73
21 46 2629.82
21 47 2756.03
21 48 2842.76
21 49 2893.22
21 50 2909.78
21 51 2893.22
21 52 2842.76
21 53 2756.03
21 54 2629.82
21 55 2460.73
21 56 2246.28
21 57 1985.64
21 58 1680.41
21 59 1334.91
21 60 956.082
21 61 553.157
21 62 136.878
21 63 -281.486
21 64 -691.062
21 65 -1082.23
21 66 -1447.37
21 67 -1781.16
21 68 -2080.69
21 69 -2345.17
21 70 -2575.63
21 71 -2774.08
21 72 -2943.22
21 73 -3085.58
21 74 -3203.31
21 75 -3297.81
21 76 -3369.66
21 77 -3418.66
21 78 -3444.1
21 79 -3444.92
21 80 -3420.11
21 81 -3368.93
21 82 -3291.22
21 83 -3187.5
21 84 -3059.11
21 85 -2908.14
21 86 -2737.42
21 87 -2550.34
21 88 -2350.61
21 89 -2142.14
21 90 -1928.75
21 91 -1713.95
21 92 -1500.82
21 93 -1291.8
21 94 -1088.65
21 95 -892.378
21 96 -703.212
21 97 -520.705
21 98 -343.766
21 99 -170.84
21 100 0

22 0 0
22 1 -215.48
22 2 -431.994
22 3 -650.418
22 4 -871.322
22 5 -1094.84
22 6 -1320.56
22 7 -1547.49
22 8 -1774
22 9 -1997.9
22 10 -2216.43
22 11 -2426.5
22 12 -2624.7
22 13 -2807.65
22 14 -2972.04
22 15 -3115.01
22 16 -3234.17
22 17 -3327.9
22 18 -3395.36
22 19 -3436.57
22 20 -3452.32
22 21 -3444.1
22 22 -3413.81
22 23 -3363.52
22 24 -3295.09
22 25 -3209.91
22 26 -3108.52
22 27 -2990.44
22 28 -2854.07
22 29 -2696.8
22 30 -2515.19
22 31 -2305.6
22 32 -2064.57
22 33 -1789.66
22 34 -1480
22 35 -1136.91
22 36 -764.173
22 37 -368.178
22 38 42.4339
22 39 457.309
22 40 865.193
22 41 1254.93
22 42 1616.41
22 43 1941.38
22 44 2223.99
22 45 2460.92
22 46 2651.25
22 47 2795.95
22 48 2896.91
22 49 2956.38
22 50 2975.97
22 51 2956.38
22 52 2896.91
22 53 2795.95
22 54 2651.25
22 55 2460.92
22 56 2223.99
22 57 1941.38
22 58 1616.41
22 59 1254.93
22 60 865.193
22 61 457.309
22 62 42.4339
22 63 -368.178
22 64 -764.173
22 65 -1136.91
22 66 -1480
22 67 -1789.66
22 68 -2064.57
22 69 -2305.6
22 70 -2515.19
22 71 -2696.8
22 72 -2854.07
22 73 -2990.44
22 74 -3108.52
22 75 -3209.91
22 76 -3295.09
22 77 -3363.52
22 78 -3413.81
22 79 -3444.1
22 80 -3452.32
22 81 -3436.57
22 82 -3395.36
22 83 -3327.9
22 84 -3234.17
22 85 -3115.01
22 86 -2972.04
22 87 -2807.65
22 88 -2624.7
22 89 -2426.5
22 90 -2216.43
22 91 -1997.9
22 92 -1774
22 93 -1547.49
22 94 -1320.56
22 95 -1094.84
22 96 -871.322
22 97 -650.418
22 98 -431.994
22 99 -215.48
22 100 0

23 0 0
23 1 -258.876
23 2 -517.605
23 3 -775.893
23 4 -1033.23
23 5 -1288.73
23 6 -1541.12
23 7 -1788.68
23 8 -2029.22
23 9 -2260.2
23 10 -2478.78
23 11 -2681.95
23 12 -2866.69
23 13 -3030.17
23 14 -3169.94
23 15 -3284.04
23 16 -3371.28
23 17 -3431.21
23 18 -3464.29
23 19 -3471.78
23 20 -3455.72
23 21 -3418.66
23 22 -3363.52
23 23 -3293.12
23 24 -3209.97
23 25 -3115.86
23 26 -3011.51
23 27 -2896.39
23 28 -2768.65
23 29 -2625.1
23 30 -2461.65
23 31 -2273.56
23 32 -2056.27
23 33 -1805.93
23 34 -1520.25
23 35 -1199.03
23 36 -844.711
23 37 -462.413
23 38 -59.8759
23 39 353.076
23 40 765.307
23 41 1165.28
23 42 1542.07
23 43 1886.21
23 44 2190.31
23 45 2449.43
23 46 2660.88
23 47 2823.9
23 48 2939.12
23 49 3007.57
23 50 3030.28
23 51 3007.57
23 52 2939.12
23 53 2823.9
23 54 2660.88
23 55 2449.43
23 56 2190.31
23 57 1886.21
23 58 1542.07
23 59 1165.28
23 60 765.307
23 61 353.076
23 62 -59.8759
23 63 -462.413
23 64 -844.711
23 65 -1199.03
23 66 -1520.25
23 67 -1805.93
23 68 -2056.27
23 69 -2273.56
23 70 -2461.65
23 71 -2625.1
23 72 -2768.65
23 73 -2896.39
23 74 -3011.51
23 75 -3115.86
23 76 -3209.97
23 77 -3293.12
23 78 -3363.52
23 79 -3418.66
23 80 -3455.72
23 81 -3471.78
23 82 -3464.29
23 83 -3431.21
23 84 -3371.28
23 85 -3284.04
23 86 -3169.94
23 87 -3030.17
23 88 -2866.69
23 89 -2681.95
23 90 -2478.78
23 91 -2260.2
23 92 -2029.22
23 93 -1788.68
23 94 -1541.12
23 95 -1288.73
23 96 -1033.23
23 97 -775.893
23 98 -517.605
23 99 -258.876
23 100 0

24 0 0
24 1 -298.667
24 2 -595.939
24 3 -890.325
24 4 -1180.19
24 5 -1463.64
24 6 -1738.57
24 7 -2002.59
24 8 -2253.07
24 9 -2487.29
24 10 -2702.39
24 11 -2895.69
24 12 -3064.66
24 13 -3207.21
24 14 -3321.79
24 15 -3407.52
24 16 -3464.34
24 17 -3493.03
24 18 -3495.19
24 19 -3473.26
24 20 -3430.25
24 21 -3369.66
24 22 -3295.09
24 23 -3209.97
24 24 -3117.19
24 25 -3018.73
24 26 -2915.33
24 27 -2806.35
24 28 -2689.58
24 29 -2561.37
24 30 -2416.89
24 31 -2250.62
24 32 -2056.89
24 33 -1830.7
24 34 -1568.46
24 35 -1268.64
24 36 -932.382
24 37 -563.698
24 38 -169.421
24 39 241.214
24 40 657.181
24 41 1066.69
24 42 1458.01
24 43 1820.59
24 44 2145.58
24 45 2426.35
24 46 2658.5
24 47 2839.68
24 48 2968.94
24 49 3046.35
24 50 3072.08
24 51 3046.35
24 52 2968.94
24 53 2839.68
24 54 2658.5
24 55 2426.35
24 56 2145.58
24 57 1820.59
24 58 1458.01
24 59 1066.69
24 60 657.181
24 61 241.214
24 62 -169.421
24 63 -563.698
24 64 -932.382
24 65 -1268.64
24 66 -1568.46
24 67 -1830.7
24 68 -2056.89
24 69 -2250.62
24 70 -2416.89
24 71 -2561.37
24 72 -2689.58
24 73 -2806.35
24 74 -2915.33
24 75 -3018.73
24 76 -3117.19
24 77 -3209.97
24 78 -3295.09
24 79 -3369.66
24 80 -3430.25
24 81 -3473.26
24 82 -3495.19
24 83 -3493.03
24 84 -3464.34
24 85 -3407.52
24 86 -3321.79
24 87 -3207.21
24 88 -3064.66
24 89 -2895.69
24 90 -2702.39
24 91 -2487.29
24 92 -2253.07
24 93 -2002.59
24 94 -1738.57
24 95 -1463.64
24 96 -1180.19
24 97 -890.325
24 98 -595.939
24 99 -298.667
24 100 0

25 0 0
25 1 -332.388
25 2 -662.164
25 3 -986.674
25 4 -1303.2
25 5 -1608.93
25 6 -1900.99
25 7 -2176.41
25 8 -2432.3
25 9 -2665.79
25 10 -2874.26
25 11 -3055.38
25 12 -3207.3
25 13 -3328.7
25 14 -3419.02
25 15 -3478.42
25 16 -3507.95
25 17 -3509.46
25 18 -3485.62
25 19 -3439.79
25 20 -3375.8
25 21 -3297.81
25 22 -3209.91
25 23 -3115.86
25 24 -3018.73
25 25 -2920.53
25 26 -2821.91
25 27 -2722.03
25 28 -2618.33
25 29 -2506.71
25 30 -2381.8
25 31 -2237.26
25 32 -2066.64
25 33 -1863.88
25 34 -1624.29
25 35 -1345.16
25 36 -1026.49
25 37 -671.175
25 38 -285.204
25 39 122.738
25 40 541.842
25 41 960.08
25 42 1365.11
25 43 1745.26
25 44 2090.32
25 45 2392.06
25 46 2644.35
25 47 2843.22
25 48 2986.32
25 49 3072.45
25 50 3101.2
25 51 3072.45
25 52 2986.32
25 53 2843.22
25 54 2644.35
25 55 2392.06
25 56 2090.32
25 57 1745.26
25 58 1365.11
25 59 960.08
25 60 541.842
25 61 122.738
25 62 -285.204
25 63 -671.175
25 64 -1026.49
25 65 -1345.16
25 66 -1624.29
25 67 -1863.88
25 68 -2066.64
25 69 -2237.26
25 70 -2381.8
25 71 -2506.71
25 72 -2618.33
25 73 -2722.03
25 74 -2821.91
25 75 -2920.53
25 76 -3018.73
25 77 -3115.86
25 78 -3209.91
25 79 -3297.81
25 80 -3375.8
25 81 -3439.79
25 82 -3485.62
25 83 -3509.46
25 84 -3507.95
25 85 -3478.42
25 86 -3419.02
25 87 -3328.7
25 88 -3207.3
25 89 -3055.38
25 90 -2874.26
25 91 -2665.79
25 92 -2432.3
25 93 -2176.41
25 94 -1900.99
25 95 -1608.93
25 96 -1303.2
25 97 -986.674
25 98 -662.164
25 99 -332.388
25 100 0

26 0 0
26 1 -357.716
26 2 -711.715
26 3 -1058.31
26 4 -1393.8
26 5 -1714.61
26 6 -2017.2
26 7 -2298.24
26 8 -2554.59
26 9 -2783.49
26 10 -2982.56
26 11 -3150
26 12 -3284.59
26 13 -3385.88
26 14 -3454.21
26 15 -3490.73
26 16 -3497.46
26 17 -3477.19
26 18 -3433.41
26 19 -3370.22
26 20 -3292
26 21 -3203.31
26 22 -3108.52
26 23 -3011.51
26 24 -2915.33
26 25 -2821.91
26 26 -2731.74
26 27 -2643.68
26 28 -2554.89
26 29 -2460.91
26 30 -2355.81
26 31 -2232.79
26 32 -2084.6
26 33 -1904.43
26 34 -1686.57
26 35 -1427.33
26 36 -1125.62
26 37 -783.397
26 38 -405.788
26 39 -0.916296
26 40 420.698
26 41 846.836
26 42 1264.58
26 43 1661.3
26 44 2025.47
26 45 2347.29
26 46 2619.04
26 47 2835.04
26 48 2991.53
26 49 3086.19
26 50 3117.86
26 51 3086.19
26 52 2991.53
26 53 2835.04
26 54 2619.04
26 55 2347.29
26 56 2025.47
26 57 1661.3
26 58 1264.58
26 59 846.836
26 60 420.698
26 61 -0.916296
26 62 -405.788
26 63 -783.397
26 64 -1125.62
26 65 -1427.33
26 66 -1686.57
26 67 -1904.43
26 68 -2084.6
26 69 -2232.79
26 70 -2355.81
26 71 -2460.91
26 72 -2554.89
26 73 -2643.68
26 74 -2731.74
26 75 -2821.91
26 76 -2915.33
26 77 -3011.51
26 78 -3108.52
26 79 -3203.31
26 80 -3292
26 81 -3370.22
26 82 -3433.41
26 83 -3477.19
26 84 -3497.46
26 85 -3490.73
26 86 -3454.21
26 87 -3385.88
26 88 -3284.59
26 89 -3150
26 90 -2982.56
26 91 -2783.49
26 92 -2554.59
26 93 -2298.24
26 94 -2017.2
26 95 -1714.61
26 96 -1393.8
26 97 -1058.31
26 98 -711.715
26 99 -357.716
26 100 0

27 0 0
27 1 -372.61
27 2 -740.606
27 3 -1099.44
27 4 -1444.69
27 5 -1772.11
27 6 -2077.76
27 7 -2358.03
27 8 -2609.75
27 9 -2830.3
27 10 -3017.68
27 11 -3170.59
27 12 -3288.52
27 13 -3371.78
27 14 -3421.51
27 15 -3439.73
27 16 -3429.22
27 17 -3393.51
27 18 -3336.68
27 19 -3263.26
27 20 -3177.99
27 21 -3085.58
27 22 -2990.44
27 23 -2896.39
27 24 -2806.35
27 25 -2722.03
27 26 -2643.68
27 27 -2569.93
27 28 -2497.68
27 29 -2422.09
27 30 -2337.03
27 31 -2235.11
27 32 -2108.67
27 33 -1950.12
27 34 -1753.08
27 35 -1512.89
27 36 -1227.59
27 37 -898.168
27 38 -529.001
27 39 -127.564
27 40 295.829
27 41 728.931
27 42 1158.31
27 43 1570.47
27 44 1952.64
27 45 2293.55
27 46 2583.83
27 47 2816.29
27 48 2985.66
27 49 3088.55
27 50 3123.03
27 51 3088.55
27 52 2985.66
27 53 2816.29
27 54 2583.83
27 55 2293.55
27 56 1952.64
27 57 1570.47
27 58 1158.31
27 59 728.931
27 60 295.829
27 61 -127.564
27 62 -529.001
27 63 -898.168
27 64 -1227.59
27 65 -1512.89
27 66 -1753.08
27 67 -1950.12
27 68 -2108.67
27 69 -2235.11
27 70 -2337.03
27 71 -2422.09
27 72 -2497.68
27 73 -2569.93
27 74 -2643.68
27 75 -2722.03
27 76 -2806.35
27 77 -2896.39
27 78 -2990.44
27 79 -3085.58
27 80 -3177.99
27 81 -3263.26
27 82 -3336.68
27 83 -3393.51
27 84 -3429.22
27 85 -3439.73
27 86 -3421.51
27 87 -3371.78
27 88 -3288.52
27 89 -3170.59
27 90 -3017.68
27 91 -2830.3
27 92 -2609.75
27 93 -2358.03
27 94 -2077.76
27 95 -1772.11
27 96 -1444.69
27 97 -1099.44
27 98 -740.606
27 99 -372.61
27 100 0

28 0 0
28 1 -375.559
28 2 -745.881
28 3 -1105.82
28 4 -1450.46
28 5 -1775.18
28 6 -2075.78
28 7 -2348.57
28 8 -2590.49
28 9 -2799.15
28 10 -2972.95
28 11 -3111.12
28 12 -3213.77
28 13 -3281.83
28 14 -3317.16
28 15 -3322.38
28 16 -3300.85
28 17 -3256.53
28 18 -3193.86
28 19 -3117.57
28 20 -3032.47
28 21 -2943.22
28 22 -2854.07
28 23 -2768.65
28 24 -2689.58
28 25 -2618.33
28 26 -2554.89
28 27 -2497.68
28 28 -2443.31
28 29 -2386.88
28 30 -2321.83
28 31 -2240.69
28 32 -2135.22
28 33 -1997.51
28 34 -1820.36
28 35 -1598.55
28 36 -1329.1
28 37 -1012.32
28 38 -651.702
28 39 -254.234
28 40 170.193
28 41 609.212
28 42 1049.06
28 43 1475.4
28 44 1874.32
28 45 2233.14
28 46 2540.97
28 47 2789.02
28 48 2970.71
28 49 3081.42
28 50 3118.62
28 51 3081.42
28 52 2970.71
28 53 2789.02
28 54 2540.97
28 55 2233.14
28 56 1874.32
28 57 1475.4
28 58 1049.06
28 59 609.212
28 60 170.193
28 61 -254.234
28 62 -651.702
28 63 -1012.32
28 64 -1329.1
28 65 -1598.55
28 66 -1820.36
28 67 -1997.51
28 68 -2135.22
28 69 -2240.69
28 70 -2321.83
28 71 -2386.88
28 72 -2443.31
28 73 -2497.68
28 74 -2554.89
28 75 -2618.33
28 76 -2689.58
28 77 -2768.65
28 78 -2854.07
28 79 -2943.22
28 80 -3032.47
28 81 -3117.57
28 82 -3193.86
28 83 -3256.53
28 84 -3300.85
28 85 -3322.38
28 86 -3317.16
28 87 -3281.83
28 88 -3213.77
28 89 -3111.12
28 90 -2972.95
