0 0 0
0 1 0
0 2 0
0 3 0
0 4 0
0 5 0
0 6 0
0 7 0
0 8 0
0 9 0
0 10 0
0 11 0
0 12 0
0 13 0
0 14 0
0 15 0
0 16 0
0 17 0
0 18 0
0 19 0
0 20 0
0 21 0
0 22 0
0 23 0
0 24 0
0 25 0
0 26 0
0 27 0
0 28 0
0 29 0
0 30 0
0 31 0
0 32 0
0 33 0
0 34 0
0 35 0
0 36 0
0 37 0
0 38 0
0 39 0
0 40 0
0 41 0
0 42 0
0 43 0
0 44 0
0 45 0
0 46 0
0 47 0
0 48 0
0 49 0
0 50 0
0 51 0
0 52 0
0 53 0
0 54 0
0 55 0
0 56 0
0 57 0
0 58 0
0 59 0
0 60 0
0 61 0
0 62 0
0 63 0
0 64 0
0 65 0
0 66 0
0 67 0
0 68 0
0 69 0
0 70 0
0 71 0
0 72 0
0 73 0
0 74 0
0 75 0
0 76 0
0 77 0
0 78 0
0 79 0
0 80 0
0 81 0
0 82 0
0 83 0
0 84 0
0 85 0
0 86 0
0 87 0
0 88 0
0 89 0
0 90 0
0 91 0
0 92 0
0 93 0
0 94 0
0 95 0
0 96 0
0 97 0
0 98 0
0 99 0
0 100 0

1 0 0
1 1 10.5069
1 2 20.7205
1 3 30.3095
1 4 38.9267
1 5 46.1379
1 6 51.4636
1 7 54.3496
1 8 54.1737
1 9 50.3072
1 10 42.0911
1 11 28.9516
1 12 10.417
1 13 -13.7967
1 14 -43.6883
1 15 -78.9469
1 16 -118.843
1 17 -162.232
1 18 -207.54
1 19 -252.801
1 20 -295.754
1 21 -333.969
1 22 -365.007
1 23 -386.62
1 24 -396.964
1 25 -394.735
1 26 -379.393
1 27 -351.181
1 28 -311.201
1 29 -261.327
1 30 -204.092
1 31 -142.464
1 32 -79.642
1 33 -18.7769
1 34 37.2854
1 35 86.161
1 36 126.153
1 37 156.289
1 38 176.319
1 39 186.699
1 40 188.442
1 41 182.971
1 42 172.007
1 43 157.352
1 44 140.783
1 45 123.916
1 46 108.193
1 47 94.7763
1 48 84.5718
1 49 78.1932
1 50 76.0293
1 51 78.1932
1 52 84.5718
1 53 94.7763
1 54 108.193
1 55 123.916
1 56 140.783
1 57 157.352
1 58 172.007
1 59 182.971
1 60 188.442
1 61 186.699
1 62 176.319
1 63 156.289
1 64 126.153
1 65 86.161
1 66 37.2854
1 67 -18.7769
1 68 -79.642
1 69 -142.464
1 70 -204.092
1 71 -261.327
1 72 -311.201
1 73 -351.181
1 74 -379.393
1 75 -394.735
1 76 -396.964
1 77 -386.62
1 78 -365.007
1 79 -333.969
1 80 -295.754
1 81 -252.801
1 82 -207.54
1 83 -162.232
1 84 -118.843
1 85 -78.9469
1 86 -43.6883
1 87 -13.7967
1 88 10.417
1 89 28.9516
1 90 42.0911
1 91 50.3072
1 92 54.1737
1 93 54.3496
1 94 51.4636
1 95 46.1379
1 96 38.9267
1 97 30.3095
1 98 20.7205
1 99 10.5069
1 100 0

2 0 0
2 1 20.7205
2 2 40.8363
2 3 59.6744
2 4 76.5256
2 5 90.5218
2 6 100.705
2 7 105.976
2 8 105.113
2 9 96.8783
2 10 79.9931
2 11 53.3432
2 12 16.0294
2 13 -32.4731
2 14 -92.1248
2 15 -162.272
2 16 -241.442
2 17 -327.354
2 18 -416.884
2 19 -506.159
2 20 -590.719
2 21 -665.791
2 22 -726.586
2 23 -768.702
2 24 -788.523
2 25 -783.524
2 26 -752.653
2 27 -696.422
2 28 -616.994
2 29 -518.078
2 30 -404.642
2 31 -282.548
2 32 -158.097
2 33 -37.4956
2 34 73.6192
2 35 170.58
2 36 250.006
2 37 309.938
2 38 349.922
2 39 370.75
2 40 374.469
2 41 363.892
2 42 342.369
2 43 313.471
2 44 280.732
2 45 247.363
2 46 216.211
2 47 189.623
2 48 169.383
2 49 156.725
2 50 152.418
2 51 156.725
2 52 169.383
2 53 189.623
2 54 216.211
2 55 247.363
2 56 280.732
2 57 313.471
2 58 342.369
2 59 363.892
2 60 374.469
2 61 370.75
2 62 349.922
2 63 309.938
2 64 250.006
2 65 170.58
2 66 73.6192
2 67 -37.4956
2 68 -158.097
2 69 -282.548
2 70 -404.642
2 71 -518.078
2 72 -616.994
2 73 -696.422
2 74 -752.653
2 75 -783.524
2 76 -788.523
2 77 -768.702
2 78 -726.586
2 79 -665.791
2 80 -590.719
2 81 -506.159
2 82 -416.884
2 83 -327.354
2 84 -241.442
2 85 -162.272
2 86 -92.1248
2 87 -32.4731
2 88 16.0294
2 89 53.3432
2 90 79.9931
2 91 96.8783
2 92 105.113
2 93 105.976
2 94 100.705
2 95 90.5218
2 96 76.5256
2 97 59.6744
2 98 40.8363
2 99 20.7205
2 100 0

3 0 0
3 1 30.3095
3 2 59.6744
3 3 87.0635
3 4 111.378
3 5 131.315
3 6 145.433
3 7 152.107
3 8 149.554
3 9 135.97
3 10 109.533
3 11 68.664
3 12 12.1205
3 13 -60.774
3 14 -149.884
3 15 -254.151
3 16 -371.347
3 17 -498.061
3 18 -629.678
3 19 -760.5
3 20 -884.013
3 21 -993.257
3 22 -1081.29
3 23 -1141.73
3 24 -1169.37
3 25 -1160.56
3 26 -1113.84
3 27 -1029.96
3 28 -912.146
3 29 -765.807
3 30 -598.234
3 31 -417.979
3 32 -234.256
3 33 -56.1513
3 34 108.091
3 35 251.564
3 36 369.298
3 37 458.406
3 38 518.083
3 39 549.585
3 40 555.765
3 41 540.733
3 42 509.442
3 43 467.141
3 44 419.018
3 45 369.852
3 46 323.887
3 47 284.577
3 48 254.629
3 49 235.898
3 50 229.539
3 51 235.898
3 52 254.629
3 53 284.577
3 54 323.887
3 55 369.852
3 56 419.018
3 57 467.141
3 58 509.442
3 59 540.733
3 60 555.765
3 61 549.585
3 62 518.083
3 63 458.406
3 64 369.298
3 65 251.564
3 66 108.091
3 67 -56.1513
3 68 -234.256
3 69 -417.979
3 70 -598.234
3 71 -765.807
3 72 -912.146
3 73 -1029.96
3 74 -1113.84
3 75 -1160.56
3 76 -1169.37
3 77 -1141.73
3 78 -1081.29
3 79 -993.257
3 80 -884.013
3 81 -760.5
3 82 -629.678
3 83 -498.061
3 84 -371.347
3 85 -254.151
3 86 -149.884
3 87 -60.774
3 88 12.1205
3 89 68.664
3 90 109.533
3 91 135.97
3 92 149.554
3 93 152.107
3 94 145.433
3 95 131.315
3 96 111.378
3 97 87.0635
3 98 59.6744
3 99 30.3095
3 100 0

4 0 0
4 1 38.9267
4 2 76.5256
4 3 111.378
4 4 141.964
4 5 166.546
4 6 183.207
4 7 189.826
4 8 184.121
4 9 163.788
4 10 126.569
4 11 70.5162
4 12 -5.83149
4 13 -103.189
4 14 -221.225
4 15 -358.402
4 16 -511.707
4 17 -676.63
4 18 -847.142
4 19 -1015.88
4 20 -1174.48
4 21 -1314.03
4 22 -1425.67
4 23 -1501.34
4 24 -1534.4
4 25 -1520.34
4 26 -1457.32
4 27 -1346.43
4 28 -1191.82
4 29 -1000.48
4 30 -781.774
4 31 -546.714
4 32 -307.144
4 33 -74.7682
4 34 139.722
4 35 327.447
4 36 481.889
4 37 599.199
4 38 678.35
4 39 720.725
4 40 730.052
4 41 711.596
4 42 671.701
4 43 617.19
4 44 554.845
4 45 490.936
4 46 431.011
4 47 379.694
4 48 340.529
4 49 316.02
4 50 307.674
4 51 316.02
4 52 340.529
4 53 379.694
4 54 431.011
4 55 490.936
4 56 554.845
4 57 617.19
4 58 671.701
4 59 711.596
4 60 730.052
4 61 720.725
4 62 678.35
4 63 599.199
4 64 481.889
4 65 327.447
4 66 139.722
4 67 -74.7682
4 68 -307.144
4 69 -546.714
4 70 -781.774
4 71 -1000.48
4 72 -1191.82
4 73 -1346.43
4 74 -1457.32
4 75 -1520.34
4 76 -1534.4
4 77 -1501.34
4 78 -1425.67
4 79 -1314.03
4 80 -1174.48
4 81 -1015.88
4 82 -847.142
4 83 -676.63
4 84 -511.707
4 85 -358.402
4 86 -221.225
4 87 -103.189
4 88 -5.83149
4 89 70.5162
4 90 126.569
4 91 163.788
4 92 184.121
4 93 189.826
4 94 183.207
4 95 166.546
4 96 141.964
4 97 111.378
4 98 76.5256
4 99 38.9267
4 100 0

5 0 0
5 1 46.1379
5 2 90.5218
5 3 131.315
5 4 166.546
5 5 194.038
5 6 211.413
5 7 216.097
5 8 205.378
5 9 176.55
5 10 127.043
5 11 54.6862
5 12 -42.0605
5 13 -163.8
5 14 -309.905
5 15 -478.268
5 16 -665.085
5 17 -864.776
5 18 -1070.03
5 19 -1271.99
5 20 -1460.7
5 21 -1625.6
5 22 -1756.28
5 23 -1843.26
5 24 -1878.83
5 25 -1857.77
5 26 -1778.02
5 27 -1640.99
5 28 -1451.69
5 29 -1218.49
5 30 -952.548
5 31 -667.005
5 32 -375.991
5 33 -93.5137
5 34 167.628
5 35 396.683
5 36 585.746
5 37 730.11
5 38 828.267
5 39 881.925
5 40 895.287
5 41 874.657
5 42 827.654
5 43 762.506
5 44 687.431
5 45 610.119
5 46 537.405
5 47 474.949
5 48 427.207
5 49 397.301
5 50 387.134
5 51 397.301
5 52 427.207
5 53 474.949
5 54 537.405
5 55 610.119
5 56 687.431
5 57 762.506
5 58 827.654
5 59 874.657
5 60 895.287
5 61 881.925
5 62 828.267
5 63 730.11
5 64 585.746
5 65 396.683
5 66 167.628
5 67 -93.5137
5 68 -375.991
5 69 -667.005
5 70 -952.548
5 71 -1218.49
5 72 -1451.69
5 73 -1640.99
5 74 -1778.02
5 75 -1857.77
5 76 -1878.83
5 77 -1843.26
5 78 -1756.28
5 79 -1625.6
5 80 -1460.7
5 81 -1271.99
5 82 -1070.03
5 83 -864.776
5 84 -665.085
5 85 -478.268
5 86 -309.905
5 87 -163.8
5 88 -42.0605
5 89 54.6862
5 90 127.043
5 91 176.55
5 92 205.378
5 93 216.097
5 94 211.413
5 95 194.038
5 96 166.546
5 97 131.315
5 98 90.5218
5 99 46.1379
5 100 0

6 0 0
6 1 51.4636
6 2 100.705
6 3 145.433
6 4 183.207
6 5 211.413
6 6 227.241
6 7 227.716
6 8 209.797
6 9 170.483
6 10 107.049
6 11 17.2452
6 12 -100.372
6 13 -246.152
6 14 -419.041
6 15 -616.294
6 16 -833.298
6 17 -1063.48
6 18 -1298.39
6 19 -1527.94
6 20 -1740.85
6 21 -1925.3
6 22 -2069.68
6 23 -2163.51
6 24 -2198.27
6 25 -2168.32
6 26 -2071.48
6 27 -1909.5
6 28 -1688.14
6 29 -1416.89
6 30 -1108.38
6 31 -777.51
6 32 -440.281
6 33 -112.605
6 34 190.855
6 35 457.816
6 36 679.075
6 37 849.015
6 38 965.828
6 39 1031.09
6 40 1049.57
6 41 1028.3
6 42 975.973
6 43 902.046
6 44 816.042
6 45 726.965
6 46 642.806
6 47 570.324
6 48 514.771
6 49 479.948
6 50 468.079
6 51 479.948
6 52 514.771
6 53 570.324
6 54 642.806
6 55 726.965
6 56 816.042
6 57 902.046
6 58 975.973
6 59 1028.3
6 60 1049.57
6 61 1031.09
6 62 965.828
6 63 849.015
6 64 679.075
6 65 457.816
6 66 190.855
6 67 -112.605
6 68 -440.281
6 69 -777.51
6 70 -1108.38
6 71 -1416.89
6 72 -1688.14
6 73 -1909.5
6 74 -2071.48
6 75 -2168.32
6 76 -2198.27
6 77 -2163.51
6 78 -2069.68
6 79 -1925.3
6 80 -1740.85
6 81 -1527.94
6 82 -1298.39
6 83 -1063.48
6 84 -833.298
6 85 -616.294
6 86 -419.041
6 87 -246.152
6 88 -100.372
6 89 17.2452
6 90 107.049
6 91 170.483
6 92 209.797
6 93 227.716
6 94 227.241
6 95 211.413
6 96 183.207
6 97 145.433
6 98 100.705
6 99 51.4636
6 100 0

7 0 0
7 1 54.3496
7 2 105.976
7 3 152.107
7 4 189.826
7 5 216.097
7 6 227.716
7 7 221.393
7 8 193.853
7 9 141.945
7 10 62.9341
7 11 -45.3233
7 12 -184.021
7 13 -353.092
7 14 -550.954
7 15 -774.153
7 16 -1017.3
7 17 -1272.91
7 18 -1531.58
7 19 -1782.27
7 20 -2012.76
7 21 -2210.31
7 22 -2362.58
7 23 -2458.41
7 24 -2488.89
7 25 -2448.14
7 26 -2334.04
7 27 -2148.66
7 28 -1898.34
7 29 -1593.43
7 30 -1247.7
7 31 -877.321
7 32 -499.759
7 33 -132.44
7 34 208.538
7 35 509.534
7 36 760.224
7 37 954.223
7 38 1089.1
7 39 1166.49
7 40 1191.24
7 41 1171.07
7 42 1115.45
7 43 1034.87
7 44 939.989
7 45 840.989
7 46 746.994
7 47 665.709
7 48 603.268
7 49 564.039
7 50 550.68
7 51 564.039
7 52 603.268
7 53 665.709
7 54 746.994
7 55 840.989
7 56 939.989
7 57 1034.87
7 58 1115.45
7 59 1171.07
7 60 1191.24
7 61 1166.49
7 62 1089.1
7 63 954.223
7 64 760.224
7 65 509.534
7 66 208.538
7 67 -132.44
7 68 -499.759
7 69 -877.321
7 70 -1247.7
7 71 -1593.43
7 72 -1898.34
7 73 -2148.66
7 74 -2334.04
7 75 -2448.14
7 76 -2488.89
7 77 -2458.41
7 78 -2362.58
7 79 -2210.31
7 80 -2012.76
7 81 -1782.27
7 82 -1531.58
7 83 -1272.91
7 84 -1017.3
7 85 -774.153
7 86 -550.954
7 87 -353.092
7 88 -184.021
7 89 -45.3233
7 90 62.9341
7 91 141.945
7 92 193.853
7 93 221.393
7 94 227.716
7 95 216.097
7 96 189.826
7 97 152.107
7 98 105.976
7 99 54.3496
7 100 0

8 0 0
8 1 54.1737
8 2 105.113
8 3 149.554
8 4 184.121
8 5 205.378
8 6 209.797
8 7 193.853
8 8 154.153
8 9 87.5517
8 10 -8.53785
8 11 -135.983
8 12 -295.55
8 13 -486.64
8 14 -707.027
8 15 -952.548
8 16 -1217.05
8 17 -1492.32
8 18 -1768.2
8 19 -2033
8 20 -2273.91
8 21 -2477.75
8 22 -2631.8
8 23 -2724.72
8 24 -2747.45
8 25 -2694.2
8 26 -2562.95
8 27 -2356.08
8 28 -2080.33
8 29 -1746.67
8 30 -1369.54
8 31 -966.006
8 32 -554.499
8 33 -153.486
8 34 219.802
8 35 550.689
8 36 827.886
8 37 1044.15
8 38 1196.64
8 39 1286.57
8 40 1318.96
8 41 1301.73
8 42 1245.02
8 43 1160.1
8 44 1058.6
8 45 951.753
8 46 849.651
8 47 760.976
8 48 692.612
8 49 649.622
8 50 634.948
8 51 649.622
8 52 692.612
8 53 760.976
8 54 849.651
8 55 951.753
8 56 1058.6
8 57 1160.1
8 58 1245.02
8 59 1301.73
8 60 1318.96
8 61 1286.57
8 62 1196.64
8 63 1044.15
8 64 827.886
8 65 550.689
8 66 219.802
8 67 -153.486
8 68 -554.499
8 69 -966.006
8 70 -1369.54
8 71 -1746.67
8 72 -2080.33
8 73 -2356.08
8 74 -2562.95
8 75 -2694.2
8 76 -2747.45
8 77 -2724.72
8 78 -2631.8
8 79 -2477.75
8 80 -2273.91
8 81 -2033
8 82 -1768.2
8 83 -1492.32
8 84 -1217.05
8 85 -952.548
8 86 -707.027
8 87 -486.64
8 88 -295.55
8 89 -135.983
8 90 -8.53785
8 91 87.5517
8 92 154.153
8 93 193.853
8 94 209.797
8 95 205.378
8 96 184.121
8 97 149.554
8 98 105.113
8 99 54.1737
8 100 0

9 0 0
9 1 50.3072
9 2 96.8783
9 3 135.97
9 4 163.788
9 5 176.55
9 6 170.483
9 7 141.945
9 8 87.5517
9 9 4.32157
9 10 -110.039
9 11 -256.947
9 12 -436.624
9 13 -647.816
9 14 -887.606
9 15 -1151.12
9 16 -1431.55
9 17 -1720.07
9 18 -2006.08
9 19 -2277.56
9 20 -2521.5
9 21 -2724.7
9 22 -2874.51
9 23 -2959.72
9 24 -2971.54
9 25 -2904.35
9 26 -2756.43
9 27 -2530.35
9 28 -2233.15
9 29 -1875.99
9 30 -1473.67
9 31 -1043.64
9 32 -604.826
9 33 -176.356
9 34 223.845
9 35 580.301
9 36 880.896
9 37 1117.72
9 38 1287.2
9 39 1390.23
9 40 1431.53
9 41 1419.26
9 42 1363.79
9 43 1277.01
9 44 1171.32
9 45 1058.78
9 46 950.473
9 47 855.899
9 48 782.759
9 49 736.603
9 50 720.852
9 51 736.603
9 52 782.759
9 53 855.899
9 54 950.473
9 55 1058.78
9 56 1171.32
9 57 1277.01
9 58 1363.79
9 59 1419.26
9 60 1431.53
9 61 1390.23
9 62 1287.2
9 63 1117.72
9 64 880.896
9 65 580.301
9 66 223.845
9 67 -176.356
9 68 -604.826
9 69 -1043.64
9 70 -1473.67
9 71 -1875.99
9 72 -2233.15
9 73 -2530.35
9 74 -2756.43
9 75 -2904.35
9 76 -2971.54
9 77 -2959.72
9 78 -2874.51
9 79 -2724.7
9 80 -2521.5
9 81 -2277.56
9 82 -2006.08
9 83 -1720.07
9 84 -1431.55
9 85 -1151.12
9 86 -887.606
9 87 -647.816
9 88 -436.624
9 89 -256.947
9 90 -110.039
9 91 4.32157
9 92 87.5517
9 93 141.945
9 94 170.483
9 95 176.55
9 96 163.788
9 97 135.97
9 98 96.8783
9 99 50.3072
9 100 0

10 0 0
10 1 42.0911
10 2 79.9931
10 3 109.533
10 4 126.569
10 5 127.043
10 6 107.049
10 7 62.9341
10 8 -8.53785
10 9 -110.039
10 10 -243.417
10 11 -409.514
10 12 -607.877
10 13 -836.552
10 14 -1091.89
10 15 -1368.4
10 16 -1658.72
10 17 -1953.66
10 18 -2242.43
10 19 -2513.02
10 20 -2752.63
10 21 -2948.43
10 22 -3088.22
10 23 -3161.34
10 24 -3159.45
10 25 -3077.39
10 26 -2913.7
10 27 -2671.13
10 28 -2356.71
10 29 -1981.59
10 30 -1560.46
10 31 -1110.73
10 32 -651.396
10 33 -201.747
10 34 219.915
10 35 597.565
10 36 918.494
10 37 1174
10 38 1359.92
10 39 1476.51
10 40 1528.19
10 41 1522.83
10 42 1471.01
10 43 1384.92
10 44 1277.52
10 45 1161.63
10 46 1049.09
10 47 950.221
10 48 873.398
10 49 824.842
10 50 808.228
10 51 824.842
10 52 873.398
10 53 950.221
10 54 1049.09
10 55 1161.63
10 56 1277.52
10 57 1384.92
10 58 1471.01
10 59 1522.83
10 60 1528.19
10 61 1476.51
10 62 1359.92
10 63 1174
10 64 918.494
10 65 597.565
10 66 219.915
10 67 -201.747
10 68 -651.396
10 69 -1110.73
10 70 -1560.46
10 71 -1981.59
10 72 -2356.71
10 73 -2671.13
10 74 -2913.7
10 75 -3077.39
10 76 -3159.45
10 77 -3161.34
10 78 -3088.22
10 79 -2948.43
10 80 -2752.63
10 81 -2513.02
10 82 -2242.43
10 83 -1953.66
10 84 -1658.72
10 85 -1368.4
10 86 -1091.89
10 87 -836.552
10 88 -607.877
10 89 -409.514
10 90 -243.417
10 91 -110.039
10 92 -8.53785
10 93 62.9341
10 94 107.049
10 95 127.043
10 96 126.569
10 97 109.533
10 98 79.9931
10 99 42.0911
10 100 0

11 0 0
11 1 28.9516
11 2 53.3432
11 3 68.664
11 4 70.5162
11 5 54.6862
11 6 17.2452
11 7 -45.3233
11 8 -135.983
11 9 -256.947
11 10 -409.514
11 11 -593.832
11 12 -808.732
11 13 -1051.53
11 14 -1317.9
11 15 -1601.82
11 16 -1895.56
11 17 -2189.8
11 18 -2473.89
11 19 -2736.14
11 20 -2964.37
11 21 -3146.45
11 22 -3271.03
11 23 -3328.25
11 24 -3310.52
11 25 -3213.16
11 26 -3035.07
11 27 -2779.02
11 28 -2451.9
11 29 -2064.45
11 30 -1630.94
11 31 -1168.27
11 32 -695.066
11 33 -230.429
11 34 207.324
11 35 601.906
11 36 940.053
11 37 1212.49
11 38 1414.25
11 39 1544.91
11 40 1608.27
11 41 1611.89
11 42 1566.09
11 43 1483.27
11 44 1376.74
11 45 1259.82
11 46 1145.09
11 47 1043.56
11 48 964.328
11 49 914.03
11 50 896.82
11 51 914.03
11 52 964.328
11 53 1043.56
11 54 1145.09
11 55 1259.82
11 56 1376.74
11 57 1483.27
11 58 1566.09
11 59 1611.89
11 60 1608.27
11 61 1544.91
11 62 1414.25
11 63 1212.49
11 64 940.053
11 65 601.906
11 66 207.324
11 67 -230.429
11 68 -695.066
11 69 -1168.27
11 70 -1630.94
11 71 -2064.45
11 72 -2451.9
11 73 -2779.02
11 74 -3035.07
11 75 -3213.16
11 76 -3310.52
11 77 -3328.25
11 78 -3271.03
11 79 -3146.45
11 80 -2964.37
11 81 -2736.14
11 82 -2473.89
11 83 -2189.8
11 84 -1895.56
11 85 -1601.82
11 86 -1317.9
11 87 -1051.53
11 88 -808.732
11 89 -593.832
11 90 -409.514
11 91 -256.947
11 92 -135.983
11 93 -45.3233
11 94 17.2452
11 95 54.6862
11 96 70.5162
11 97 68.664
11 98 53.3432
11 99 28.9516
11 100 0

12 0 0
12 1 10.417
12 2 16.0294
12 3 12.1205
12 4 -5.83149
12 5 -42.0605
12 6 -100.372
12 7 -184.021
12 8 -295.55
12 9 -436.624
12 10 -607.877
12 11 -808.732
12 12 -1037.27
12 13 -1290.14
12 14 -1562.42
12 15 -1847.73
12 16 -2138.17
12 17 -2424.58
12 18 -2696.71
12 19 -2943.58
12 20 -3153.93
12 21 -3316.7
12 22 -3421.65
12 23 -3459.97
12 24 -3424.93
12 25 -3312.49
12 26 -3121.82
12 27 -2855.66
12 28 -2520.45
12 29 -2126.33
12 30 -1686.68
12 31 -1217.61
12 32 -736.943
12 33 -263.234
12 34 185.498
12 35 592.857
12 36 945.329
12 37 1232.92
12 38 1449.94
12 39 1595.11
12 40 1671.51
12 41 1685.98
12 42 1648.61
12 43 1571.59
12 44 1468.43
12 45 1352.88
12 46 1238.01
12 47 1135.53
12 48 1055.05
12 49 1003.83
12 50 986.238
12 51 1003.83
12 52 1055.05
12 53 1135.53
12 54 1238.01
12 55 1352.88
12 56 1468.43
12 57 1571.59
12 58 1648.61
12 59 1685.98
12 60 1671.51
12 61 1595.11
12 62 1449.94
12 63 1232.92
12 64 945.329
12 65 592.857
12 66 185.498
12 67 -263.234
12 68 -736.943
12 69 -1217.61
12 70 -1686.68
12 71 -2126.33
12 72 -2520.45
12 73 -2855.66
12 74 -3121.82
12 75 -3312.49
12 76 -3424.93
12 77 -3459.97
12 78 -3421.65
12 79 -3316.7
12 80 -3153.93
12 81 -2943.58
12 82 -2696.71
12 83 -2424.58
12 84 -2138.17
12 85 -1847.73
12 86 -1562.42
12 87 -1290.14
12 88 -1037.27
12 89 -808.732
12 90 -607.877
12 91 -436.624
12 92 -295.55
12 93 -184.021
12 94 -100.372
12 95 -42.0605
12 96 -5.83149
12 97 12.1205
12 98 16.0294
12 99 10.417
12 100 0

13 0 0
13 1 -13.7967
13 2 -32.4731
13 3 -60.774
13 4 -103.189
13 5 -163.8
13 6 -246.152
13 7 -353.092
13 8 -486.64
13 9 -647.816
13 10 -836.552
13 11 -1051.53
13 12 -1290.14
13 13 -1548.42
13 14 -1821.06
13 15 -2101.48
13 16 -2381.91
13 17 -2653.57
13 18 -2906.96
13 19 -3132.08
13 20 -3318.91
13 21 -3457.69
13 22 -3539.53
13 23 -3556.83
13 24 -3503.87
13 25 -3377.2
13 26 -3176.25
13 27 -2903.52
13 28 -2564.88
13 29 -2169.53
13 30 -1729.74
13 31 -1260.4
13 32 -778.276
13 33 -301.013
13 34 153.886
13 35 570.237
13 36 934.199
13 37 1235.3
13 38 1466.99
13 39 1627.08
13 40 1717.69
13 41 1744.93
13 42 1718.18
13 43 1649.45
13 44 1552.17
13 45 1440.29
13 46 1327.36
13 47 1225.56
13 48 1145.13
13 49 1093.68
13 50 1076.02
13 51 1093.68
13 52 1145.13
13 53 1225.56
13 54 1327.36
13 55 1440.29
13 56 1552.17
13 57 1649.45
13 58 1718.18
13 59 1744.93
13 60 1717.69
13 61 1627.08
13 62 1466.99
13 63 1235.3
13 64 934.199
13 65 570.237
13 66 153.886
13 67 -301.013
13 68 -778.276
13 69 -1260.4
13 70 -1729.74
13 71 -2169.53
13 72 -2564.88
13 73 -2903.52
13 74 -3176.25
13 75 -3377.2
13 76 -3503.87
13 77 -3556.83
13 78 -3539.53
13 79 -3457.69
13 80 -3318.91
13 81 -3132.08
13 82 -2906.96
13 83 -2653.57
13 84 -2381.91
13 85 -2101.48
13 86 -1821.06
13 87 -1548.42
13 88 -1290.14
13 89 -1051.53
13 90 -836.552
13 91 -647.816
13 92 -486.64
13 93 -353.092
13 94 -246.152
13 95 -163.8
13 96 -103.189
13 97 -60.774
13 98 -32.4731
13 99 -13.7967
13 100 0

14 0 0
14 1 -43.6883
14 2 -92.1248
14 3 -149.884
14 4 -221.225
14 5 -309.905
14 6 -419.041
14 7 -550.954
14 8 -707.027
14 9 -887.606
14 10 -1091.89
14 11 -1317.9
14 12 -1562.42
14 13 -1821.06
14 14 -2088.29
14 15 -2357.59
14 16 -2621.54
14 17 -2872.07
14 18 -3100.67
14 19 -3298.62
14 20 -3457.32
14 21 -3568.58
14 22 -3624.94
14 23 -3620.16
14 24 -3549.45
14 25 -3410.04
14 26 -3201.45
14 27 -2925.87
14 28 -2588.34
14 29 -2196.95
14 30 -1762.55
14 31 -1298.58
14 32 -820.425
14 33 -344.619
14 34 112.133
14 35 533.897
14 36 906.842
14 37 1219.88
14 38 1465.67
14 39 1641
14 40 1746.94
14 41 1788.58
14 42 1774.63
14 43 1716.5
14 44 1627.46
14 45 1521.53
14 46 1412.51
14 47 1313.1
14 48 1233.9
14 49 1183.04
14 50 1165.49
14 51 1183.04
14 52 1233.9
14 53 1313.1
14 54 1412.51
14 55 1521.53
14 56 1627.46
14 57 1716.5
14 58 1774.63
14 59 1788.58
14 60 1746.94
14 61 1641
14 62 1465.67
14 63 1219.88
14 64 906.842
14 65 533.897
14 66 112.133
14 67 -344.619
14 68 -820.425
14 69 -1298.58
14 70 -1762.55
14 71 -2196.95
14 72 -2588.34
14 73 -2925.87
14 74 -3201.45
14 75 -3410.04
14 76 -3549.45
14 77 -3620.16
14 78 -3624.94
14 79 -3568.58
14 80 -3457.32
14 81 -3298.62
14 82 -3100.67
14 83 -2872.07
14 84 -2621.54
14 85 -2357.59
14 86 -2088.29
14 87 -1821.06
14 88 -1562.42
14 89 -1317.9
14 90 -1091.89
14 91 -887.606
14 92 -707.027
14 93 -550.954
14 94 -419.041
14 95 -309.905
14 96 -221.225
14 97 -149.884
14 98 -92.1248
14 99 -43.6883
14 100 0

15 0 0
15 1 -78.9469
15 2 -162.272
15 3 -254.151
15 4 -358.402
15 5 -478.268
15 6 -616.294
15 7 -774.153
15 8 -952.548
15 9 -1151.12
15 10 -1368.4
15 11 -1601.82
15 12 -1847.73
15 13 -2101.48
15 14 -2357.59
15 15 -2609.82
15 16 -2851.41
15 17 -3075.24
15 18 -3274.05
15 19 -3440.57
15 20 -3567.83
15 21 -3649.24
15 22 -3678.96
15 23 -3652
15 24 -3564.61
15 25 -3414.5
15 26 -3201.26
15 27 -2926.54
15 28 -2594.49
15 29 -2211.8
15 30 -1787.78
15 31 -1334.19
15 32 -864.82
15 33 -394.874
15 34 59.8344
15 35 483.962
15 36 863.523
15 37 1187.07
15 38 1446.38
15 39 1637.19
15 40 1759.39
15 41 1817.01
15 42 1817.74
15 43 1772.4
15 44 1693.83
15 45 1595.99
15 46 1492.88
15 47 1397.39
15 48 1320.66
15 49 1271.09
15 50 1253.99
15 51 1271.09
15 52 1320.66
15 53 1397.39
15 54 1492.88
15 55 1595.99
15 56 1693.83
15 57 1772.4
15 58 1817.74
15 59 1817.01
15 60 1759.39
15 61 1637.19
15 62 1446.38
15 63 1187.07
15 64 863.523
15 65 483.962
15 66 59.8344
15 67 -394.874
15 68 -864.82
15 69 -1334.19
15 70 -1787.78
15 71 -2211.8
15 72 -2594.49
15 73 -2926.54
15 74 -3201.26
15 75 -3414.5
15 76 -3564.61
15 77 -3652
15 78 -3678.96
15 79 -3649.24
15 80 -3567.83
15 81 -3440.57
15 82 -3274.05
15 83 -3075.24
15 84 -2851.41
15 85 -2609.82
15 86 -2357.59
15 87 -2101.48
15 88 -1847.73
15 89 -1601.82
15 90 -1368.4
15 91 -1151.12
15 92 -952.548
15 93 -774.153
15 94 -616.294
15 95 -478.268
15 96 -358.402
15 97 -254.151
15 98 -162.272
15 99 -78.9469
15 100 0

16 0 0
16 1 -118.843
16 2 -241.442
16 3 -371.347
16 4 -511.707
16 5 -665.085
16 6 -833.298
16 7 -1017.3
16 8 -1217.05
16 9 -1431.55
16 10 -1658.72
16 11 -1895.56
16 12 -2138.17
16 13 -2381.91
16 14 -2621.54
16 15 -2851.41
16 16 -3065.65
16 17 -3258.33
16 18 -3423.58
16 19 -3555.79
16 20 -3649.66
16 21 -3700.32
16 22 -3703.42
16 23 -3655.28
16 24 -3552.99
16 25 -3394.75
16 26 -3179.99
16 27 -2909.83
16 28 -2587.27
16 29 -2217.55
16 30 -1808.26
16 31 -1369.34
16 32 -912.849
16 33 -452.559
16 34 -3.14143
16 35 420.548
16 36 804.723
16 37 1137.43
16 38 1409.7
16 39 1616.12
16 40 1755.39
16 41 1830.26
16 42 1847.43
16 43 1816.83
16 44 1750.83
16 45 1663.1
16 46 1567.66
16 47 1477.71
16 48 1404.58
16 49 1357.05
16 50 1340.56
16 51 1357.05
16 52 1404.58
16 53 1477.71
16 54 1567.66
16 55 1663.1
16 56 1750.83
16 57 1816.83
16 58 1847.43
16 59 1830.26
16 60 1755.39
16 61 1616.12
16 62 1409.7
16 63 1137.43
16 64 804.723
16 65 420.548
16 66 -3.14143
16 67 -452.559
16 68 -912.849
16 69 -1369.34
16 70 -1808.26
16 71 -2217.55
16 72 -2587.27
16 73 -2909.83
16 74 -3179.99
16 75 -3394.75
16 76 -3552.99
16 77 -3655.28
16 78 -3703.42
16 79 -3700.32
16 80 -3649.66
16 81 -3555.79
16 82 -3423.58
16 83 -3258.33
16 84 -3065.65
16 85 -2851.41
16 86 -2621.54
16 87 -2381.91
16 88 -2138.17
16 89 -1895.56
16 90 -1658.72
16 91 -1431.55
16 92 -1217.05
16 93 -1017.3
16 94 -833.298
16 95 -665.085
16 96 -511.707
16 97 -371.347
16 98 -241.442
16 99 -118.843
16 100 0

17 0 0
17 1 -162.232
17 2 -327.354
17 3 -498.061
17 4 -676.63
17 5 -864.776
17 6 -1063.48
17 7 -1272.91
17 8 -1492.32
17 9 -1720.07
17 10 -1953.66
17 11 -2189.8
17 12 -2424.58
17 13 -2653.57
17 14 -2872.07
17 15 -3075.24
17 16 -3258.33
17 17 -3416.73
17 18 -3546.17
17 19 -3642.69
17 20 -3702.73
17 21 -3723.06
17 22 -3700.79
17 23 -3633.37
17 24 -3518.73
17 25 -3355.28
17 26 -3142.32
17 27 -2880.19
17 28 -2570.77
17 29 -2217.69
17 30 -1826.78
17 31 -1406.08
17 32 -965.865
17 33 -518.306
17 34 -77.002
17 35 344.011
17 36 730.956
17 37 1071.65
17 38 1356.26
17 39 1578.35
17 40 1735.25
17 41 1828.51
17 42 1863.59
17 43 1849.51
17 44 1797.9
17 45 1722.15
17 46 1636.14
17 47 1553.12
17 48 1484.73
17 49 1439.89
17 50 1424.32
17 51 1439.89
17 52 1484.73
17 53 1553.12
17 54 1636.14
17 55 1722.15
17 56 1797.9
17 57 1849.51
17 58 1863.59
17 59 1828.51
17 60 1735.25
17 61 1578.35
17 62 1356.26
17 63 1071.65
17 64 730.956
17 65 344.011
17 66 -77.002
17 67 -518.306
17 68 -965.865
17 69 -1406.08
17 70 -1826.78
17 71 -2217.69
17 72 -2570.77
17 73 -2880.19
17 74 -3142.32
17 75 -3355.28
17 76 -3518.73
17 77 -3633.37
17 78 -3700.79
17 79 -3723.06
17 80 -3702.73
17 81 -3642.69
17 82 -3546.17
17 83 -3416.73
17 84 -3258.33
17 85 -3075.24
17 86 -2872.07
17 87 -2653.57
17 88 -2424.58
17 89 -2189.8
17 90 -1953.66
17 91 -1720.07
17 92 -1492.32
17 93 -1272.91
17 94 -1063.48
17 95 -864.776
17 96 -676.63
17 97 -498.061
17 98 -327.354
17 99 -162.232
17 100 0

18 0 0
18 1 -207.54
18 2 -416.884
18 3 -629.678
18 4 -847.142
18 5 -1070.03
18 6 -1298.39
18 7 -1531.58
18 8 -1768.2
18 9 -2006.08
18 10 -2242.43
18 11 -2473.89
18 12 -2696.71
18 13 -2906.96
18 14 -3100.67
18 15 -3274.05
18 16 -3423.58
18 17 -3546.17
18 18 -3639.12
18 19 -3700.2
18 20 -3727.46
18 21 -3719.25
18 22 -3673.96
18 23 -3590.09
18 24 -3466.15
18 25 -3300.76
18 26 -3092.86
18 27 -2842.05
18 28 -2548.92
18 29 -2215.57
18 30 -1845.98
18 31 -1446.31
18 32 -1025.01
18 33 -592.7
18 34 -161.662
18 35 254.683
18 36 642.914
18 37 990.462
18 38 1286.84
18 39 1524.45
18 40 1699.43
18 41 1811.93
18 42 1866.17
18 43 1870.07
18 44 1834.57
18 45 1772.45
18 46 1697.42
18 47 1622.73
18 48 1560.06
18 49 1518.6
18 50 1504.11
18 51 1518.6
18 52 1560.06
18 53 1622.73
18 54 1697.42
18 55 1772.45
18 56 1834.57
18 57 1870.07
18 58 1866.17
18 59 1811.93
18 60 1699.43
18 61 1524.45
18 62 1286.84
18 63 990.462
18 64 642.914
18 65 254.683
18 66 -161.662
18 67 -592.7
18 68 -1025.01
18 69 -1446.31
18 70 -1845.98
18 71 -2215.57
18 72 -2548.92
18 73 -2842.05
18 74 -3092.86
18 75 -3300.76
18 76 -3466.15
18 77 -3590.09
18 78 -3673.96
18 79 -3719.25
18 80 -3727.46
18 81 -3700.2
18 82 -3639.12
18 83 -3546.17
18 84 -3423.58
18 85 -3274.05
18 86 -3100.67
18 87 -2906.96
18 88 -2696.71
18 89 -2473.89
18 90 -2242.43
18 91 -2006.08
18 92 -1768.2
18 93 -1531.58
18 94 -1298.39
18 95 -1070.03
18 96 -847.142
18 97 -629.678
18 98 -416.884
18 99 -207.54
18 100 0

19 0 0
19 1 -252.801
19 2 -506.159
19 3 -760.5
19 4 -1015.88
19 5 -1271.99
19 6 -1527.94
19 7 -1782.27
19 8 -2033
19 9 -2277.56
19 10 -2513.02
19 11 -2736.14
19 12 -2943.58
19 13 -3132.08
19 14 -3298.62
19 15 -3440.57
19 16 -3555.79
19 17 -3642.69
19 18 -3700.2
19 19 -3727.66
19 20 -3724.68
19 21 -3690.94
19 22 -3626.04
19 23 -3529.25
19 24 -3399.59
19 25 -3235.66
19 26 -3036.06
19 27 -2799.48
19 28 -2525.34
19 29 -2214.15
19 30 -1868.15
19 31 -1491.61
19 32 -1091.22
19 33 -675.966
19 34 -256.997
19 35 153.183
19 36 541.322
19 37 894.74
19 38 1202.22
19 39 1455.17
19 40 1648.4
19 41 1780.74
19 42 1855.12
19 43 1878.3
19 44 1860.28
19 45 1813.3
19 46 1750.66
19 47 1685.49
19 48 1629.56
19 49 1592.02
19 50 1578.85
19 51 1592.02
19 52 1629.56
19 53 1685.49
19 54 1750.66
19 55 1813.3
19 56 1860.28
19 57 1878.3
19 58 1855.12
19 59 1780.74
19 60 1648.4
19 61 1455.17
19 62 1202.22
19 63 894.74
19 64 541.322
19 65 153.183
19 66 -256.997
19 67 -675.966
19 68 -1091.22
19 69 -1491.61
19 70 -1868.15
19 71 -2214.15
19 72 -2525.34
19 73 -2799.48
19 74 -3036.06
19 75 -3235.66
19 76 -3399.59
19 77 -3529.25
19 78 -3626.04
19 79 -3690.94
19 80 -3724.68
19 81 -3727.66
19 82 -3700.2
19 83 -3642.69
19 84 -3555.79
19 85 -3440.57
19 86 -3298.62
19 87 -3132.08
19 88 -2943.58
19 89 -2736.14
19 90 -2513.02
19 91 -2277.56
19 92 -2033
19 93 -1782.27
19 94 -1527.94
19 95 -1271.99
19 96 -1015.88
19 97 -760.5
19 98 -506.159
19 99 -252.801
19 100 0

20 0 0
20 1 -295.754
20 2 -590.719
20 3 -884.013
20 4 -1174.48
20 5 -1460.7
20 6 -1740.85
20 7 -2012.76
20 8 -2273.91
20 9 -2521.5
20 10 -2752.63
20 11 -2964.37
20 12 -3153.93
20 13 -3318.91
20 14 -3457.32
20 15 -3567.83
20 16 -3649.66
20 17 -3702.73
20 18 -3727.46
20 19 -3724.68
20 20 -3695.3
20 21 -3640.24
20 22 -3559.95
20 23 -3454.42
20 24 -3322.89
20 25 -3163.95
20 26 -2975.68
20 27 -2755.99
20 28 -2503.03
20 29 -2215.89
20 30 -1895.07
20 31 -1543.13
20 32 -1165
20 33 -768.204
20 34 -362.542
20 35 40.1562
20 36 427.122
20 37 785.435
20 38 1103.34
20 39 1371.21
20 40 1582.72
20 41 1735.29
20 42 1830.5
20 43 1873.94
20 44 1874.61
20 45 1844.01
20 46 1795.01
20 47 1740.48
20 48 1692.08
20 49 1659.08
20 50 1647.39
20 51 1659.08
20 52 1692.08
20 53 1740.48
20 54 1795.01
20 55 1844.01
20 56 1874.61
20 57 1873.94
20 58 1830.5
20 59 1735.29
20 60 1582.72
20 61 1371.21
20 62 1103.34
20 63 785.435
20 64 427.122
20 65 40.1562
20 66 -362.542
20 67 -768.204
20 68 -1165
20 69 -1543.13
20 70 -1895.07
20 71 -2215.89
20 72 -2503.03
20 73 -2755.99
20 74 -2975.68
20 75 -3163.95
20 76 -3322.89
20 77 -3454.42
20 78 -3559.95
20 79 -3640.24
20 80 -3695.3
20 81 -3724.68
20 82 -3727.46
20 83 -3702.73
20 84 -3649.66
20 85 -3567.83
20 86 -3457.32
20 87 -3318.91
20 88 -3153.93
20 89 -2964.37
20 90 -2752.63
20 91 -2521.5
20 92 -2273.91
20 93 -2012.76
20 94 -1740.85
20 95 -1460.7
20 96 -1174.48
20 97 -884.013
20 98 -590.719
20 99 -295.754
20 100 0

21 0 0
21 1 -333.969
21 2 -665.791
21 3 -993.257
21 4 -1314.03
21 5 -1625.6
21 6 -1925.3
21 7 -2210.31
21 8 -2477.75
21 9 -2724.7
21 10 -2948.43
21 11 -3146.45
21 12 -3316.7
21 13 -3457.69
21 14 -3568.58
21 15 -3649.24
21 16 -3700.32
21 17 -3723.06
21 18 -3719.25
21 19 -3690.94
21 20 -3640.24
21 21 -3568.92
21 22 -3478.22
21 23 -3368.51
21 24 -3239.23
21 25 -3088.76
21 26 -2914.72
21 27 -2714.15
21 28 -2484.14
21 29 -2222.37
21 30 -1927.81
21 31 -1601.37
21 32 -1246.41
21 33 -868.901
21 34 -477.58
21 35 -83.3051
21 36 301.432
21 37 663.729
21 38 991.254
21 39 1273.58
21 40 1503.12
21 41 1676.01
21 42 1792.51
21 43 1856.92
21 44 1877.22
21 45 1864.06
21 46 1829.72
21 47 1786.79
21 48 1746.73
21 49 1718.69
21 50 1708.68
21 51 1718.69
21 52 1746.73
21 53 1786.79
21 54 1829.72
21 55 1864.06
21 56 1877.22
21 57 1856.92
21 58 1792.51
21 59 1676.01
21 60 1503.12
21 61 1273.58
21 62 991.254
21 63 663.729
21 64 301.432
21 65 -83.3051
21 66 -477.58
21 67 -868.901
21 68 -1246.41
21 69 -1601.37
21 70 -1927.81
21 71 -2222.37
21 72 -2484.14
21 73 -2714.15
21 74 -2914.72
21 75 -3088.76
21 76 -3239.23
21 77 -3368.51
21 78 -3478.22
21 79 -3568.92
21 80 -3640.24
21 81 -3690.94
21 82 -3719.25
21 83 -3723.06
21 84 -3700.32
21 85 -3649.24
21 86 -3568.58
21 87 -3457.69
21 88 -3316.7
21 89 -3146.45
21 90 -2948.43
21 91 -2724.7
21 92 -2477.75
21 93 -2210.31
21 94 -1925.3
21 95 -1625.6
21 96 -1314.03
21 97 -993.257
21 98 -665.791
21 99 -333.969
21 100 0

22 0 0
22 1 -365.007
22 2 -726.586
22 3 -1081.29
22 4 -1425.67
22 5 -1756.28
22 6 -2069.68
22 7 -2362.58
22 8 -2631.8
22 9 -2874.51
22 10 -3088.22
22 11 -3271.03
22 12 -3421.65
22 13 -3539.53
22 14 -3624.94
22 15 -3678.96
22 16 -3703.42
22 17 -3700.79
22 18 -3673.96
22 19 -3626.04
22 20 -3559.95
22 21 -3478.22
22 22 -3382.51
22 23 -3273.52
22 24 -3150.63
22 25 -3012.08
22 26 -2854.89
22 27 -2675.42
22 28 -2469.71
22 29 -2234.22
22 30 -1966.54
22 31 -1666.1
22 32 -1334.74
22 33 -977.155
22 34 -600.808
22 35 -215.855
22 36 165.766
22 37 531.082
22 38 867.407
22 39 1163.45
22 40 1410.59
22 41 1603.67
22 42 1741.6
22 43 1827.46
22 44 1868.03
22 45 1873.12
22 46 1854.33
22 47 1823.78
22 48 1792.68
22 49 1770.08
22 50 1761.85
22 51 1770.08
22 52 1792.68
22 53 1823.78
22 54 1854.33
22 55 1873.12
22 56 1868.03
22 57 1827.46
22 58 1741.6
22 59 1603.67
22 60 1410.59
22 61 1163.45
22 62 867.407
22 63 531.082
22 64 165.766
22 65 -215.855
22 66 -600.808
22 67 -977.155
22 68 -1334.74
22 69 -1666.1
22 70 -1966.54
22 71 -2234.22
22 72 -2469.71
22 73 -2675.42
22 74 -2854.89
22 75 -3012.08
22 76 -3150.63
22 77 -3273.52
22 78 -3382.51
22 79 -3478.22
22 80 -3559.95
22 81 -3626.04
22 82 -3673.96
22 83 -3700.79
22 84 -3703.42
22 85 -3678.96
22 86 -3624.94
22 87 -3539.53
22 88 -3421.65
22 89 -3271.03
22 90 -3088.22
22 91 -2874.51
22 92 -2631.8
22 93 -2362.58
22 94 -2069.68
22 95 -1756.28
22 96 -1425.67
22 97 -1081.29
22 98 -726.586
22 99 -365.007
22 100 0

23 0 0
23 1 -386.62
23 2 -768.702
23 3 -1141.73
23 4 -1501.34
23 5 -1843.26
23 6 -2163.51
23 7 -2458.41
23 8 -2724.72
23 9 -2959.72
23 10 -3161.34
23 11 -3328.25
23 12 -3459.97
23 13 -3556.83
23 14 -3620.16
23 15 -3652
23 16 -3655.28
23 17 -3633.37
23 18 -3590.09
23 19 -3529.25
23 20 -3454.42
23 21 -3368.51
23 22 -3273.52
23 23 -3170.18
23 24 -3057.85
23 25 -2934.44
23 26 -2796.56
23 27 -2639.83
23 28 -2459.46
23 29 -2250.83
23 30 -2010.32
23 31 -1736.04
23 32 -1428.54
23 33 -1091.16
23 34 -730.407
23 35 -355.463
23 36 22.102
23 37 389.475
23 38 733.579
23 39 1042.51
23 40 1306.56
23 41 1519.41
23 42 1678.69
23 43 1786.13
23 44 1847.42
23 45 1871.32
23 46 1868.73
23 47 1851.21
23 48 1829.59
23 49 1812.76
23 50 1806.48
23 51 1812.76
23 52 1829.59
23 53 1851.21
23 54 1868.73
23 55 1871.32
23 56 1847.42
23 57 1786.13
23 58 1678.69
23 59 1519.41
23 60 1306.56
23 61 1042.51
23 62 733.579
23 63 389.475
23 64 22.102
23 65 -355.463
23 66 -730.407
23 67 -1091.16
23 68 -1428.54
23 69 -1736.04
23 70 -2010.32
23 71 -2250.83
23 72 -2459.46
23 73 -2639.83
23 74 -2796.56
23 75 -2934.44
23 76 -3057.85
23 77 -3170.18
23 78 -3273.52
23 79 -3368.51
23 80 -3454.42
23 81 -3529.25
23 82 -3590.09
23 83 -3633.37
23 84 -3655.28
23 85 -3652
23 86 -3620.16
23 87 -3556.83
23 88 -3459.97
23 89 -3328.25
23 90 -3161.34
23 91 -2959.72
23 92 -2724.72
23 93 -2458.41
23 94 -2163.51
23 95 -1843.26
23 96 -1501.34
23 97 -1141.73
23 98 -768.702
23 99 -386.62
23 100 0

24 0 0
24 1 -396.964
24 2 -788.523
24 3 -1169.37
24 4 -1534.4
24 5 -1878.83
24 6 -2198.27
24 7 -2488.89
24 8 -2747.45
24 9 -2971.54
24 10 -3159.45
24 11 -3310.52
24 12 -3424.93
24 13 -3503.87
24 14 -3549.45
24 15 -3564.61
24 16 -3552.99
24 17 -3518.73
24 18 -3466.15
24 19 -3399.59
24 20 -3322.89
24 21 -3239.23
24 22 -3150.63
24 23 -3057.85
24 24 -2960.03
24 25 -2854.85
24 26 -2738.42
24 27 -2605.87
24 28 -2451.63
24 29 -2270.2
24 30 -2056.94
24 31 -1808.85
24 32 -1525.21
24 33 -1208.35
24 34 -863.595
24 35 -499.428
24 36 -126.838
24 37 241.474
24 38 592.27
24 39 912.993
24 40 1193.07
24 41 1425.04
24 42 1605.24
24 43 1734.18
24 44 1816.29
24 45 1859.39
24 46 1873.42
24 47 1869.38
24 48 1857.67
24 49 1846.88
24 50 1842.62
24 51 1846.88
24 52 1857.67
24 53 1869.38
24 54 1873.42
24 55 1859.39
24 56 1816.29
24 57 1734.18
24 58 1605.24
24 59 1425.04
24 60 1193.07
24 61 912.993
24 62 592.27
24 63 241.474
24 64 -126.838
24 65 -499.428
24 66 -863.595
24 67 -1208.35
24 68 -1525.21
24 69 -1808.85
24 70 -2056.94
24 71 -2270.2
24 72 -2451.63
24 73 -2605.87
24 74 -2738.42
24 75 -2854.85
24 76 -2960.03
24 77 -3057.85
24 78 -3150.63
24 79 -3239.23
24 80 -3322.89
24 81 -3399.59
24 82 -3466.15
24 83 -3518.73
24 84 -3552.99
24 85 -3564.61
24 86 -3549.45
24 87 -3503.87
24 88 -3424.93
24 89 -3310.52
24 90 -3159.45
24 91 -2971.54
24 92 -2747.45
24 93 -2488.89
24 94 -2198.27
24 95 -1878.83
24 96 -1534.4
24 97 -1169.37
24 98 -788.523
24 99 -396.964
24 100 0

25 0 0
25 1 -394.735
25 2 -783.524
25 3 -1160.56
25 4 -1520.34
25 5 -1857.77
25 6 -2168.32
25 7 -2448.14
25 8 -2694.2
25 9 -2904.35
25 10 -3077.39
25 11 -3213.16
25 12 -3312.49
25 13 -3377.2
25 14 -3410.04
25 15 -3414.5
25 16 -3394.75
25 17 -3355.28
25 18 -3300.76
25 19 -3235.66
25 20 -3163.95
25 21 -3088.76
25 22 -3012.08
25 23 -2934.44
25 24 -2854.85
25 25 -2770.62
25 26 -2677.61
25 27 -2570.41
25 28 -2442.91
25 29 -2288.89
25 30 -2102.87
25 31 -1880.84
25 32 -1621.14
25 33 -1324.94
25 34 -996.729
25 35 -644.088
25 36 -277.508
25 37 90.5777
25 38 446.767
25 39 778.035
25 40 1073
25 41 1323.14
25 42 1523.63
25 43 1673.66
25 44 1776.51
25 45 1838.82
25 46 1869.75
25 47 1879.48
25 48 1877.94
25 49 1873.38
25 50 1871.23
25 51 1873.38
25 52 1877.94
25 53 1879.48
25 54 1869.75
25 55 1838.82
25 56 1776.51
25 57 1673.66
25 58 1523.63
25 59 1323.14
25 60 1073
25 61 778.035
25 62 446.767
25 63 90.5777
25 64 -277.508
25 65 -644.088
25 66 -996.729
25 67 -1324.94
25 68 -1621.14
25 69 -1880.84
25 70 -2102.87
25 71 -2288.89
25 72 -2442.91
25 73 -2570.41
25 74 -2677.61
25 75 -2770.62
25 76 -2854.85
25 77 -2934.44
25 78 -3012.08
25 79 -3088.76
25 80 -3163.95
25 81 -3235.66
25 82 -3300.76
25 83 -3355.28
25 84 -3394.75
25 85 -3414.5
25 86 -3410.04
25 87 -3377.2
25 88 -3312.49
25 89 -3213.16
25 90 -3077.39
25 91 -2904.35
25 92 -2694.2
25 93 -2448.14
25 94 -2168.32
25 95 -1857.77
25 96 -1520.34
25 97 -1160.56
25 98 -783.524
25 99 -394.735
25 100 0

26 0 0
26 1 -379.393
26 2 -752.653
26 3 -1113.84
26 4 -1457.32
26 5 -1778.02
26 6 -2071.48
26 7 -2334.04
26 8 -2562.95
26 9 -2756.43
26 10 -2913.7
26 11 -3035.07
26 12 -3121.82
26 13 -3176.25
26 14 -3201.45
26 15 -3201.26
26 16 -3179.99
26 17 -3142.32
26 18 -3092.86
26 19 -3036.06
26 20 -2975.68
26 21 -2914.72
26 22 -2854.89
26 23 -2796.56
26 24 -2738.42
26 25 -2677.61
26 26 -2609.64
26 27 -2528.79
26 28 -2428.5
26 29 -2302
26 30 -2143.13
26 31 -1947.12
26 32 -1711.35
26 33 -1436.15
26 34 -1124.98
26 35 -784.728
26 36 -425.273
26 37 -58.7674
26 38 301.37
26 39 641.724
26 40 950.218
26 41 1217.4
26 42 1437.21
26 43 1607.68
26 44 1730.83
26 45 1812.28
26 46 1860.06
26 47 1883.69
26 48 1892.46
26 49 1894.25
26 50 1894.25
26 51 1894.25
26 52 1892.46
26 53 1883.69
26 54 1860.06
26 55 1812.28
26 56 1730.83
26 57 1607.68
26 58 1437.21
26 59 1217.4
26 60 950.218
26 61 641.724
26 62 301.37
26 63 -58.7674
26 64 -425.273
26 65 -784.728
26 66 -1124.98
26 67 -1436.15
26 68 -1711.35
26 69 -1947.12
26 70 -2143.13
26 71 -2302
26 72 -2428.5
26 73 -2528.79
26 74 -2609.64
26 75 -2677.61
26 76 -2738.42
26 77 -2796.56
26 78 -2854.89
26 79 -2914.72
26 80 -2975.68
26 81 -3036.06
26 82 -3092.86
26 83 -3142.32
26 84 -3179.99
26 85 -3201.26
26 86 -3201.45
26 87 -3176.25
26 88 -3121.82
26 89 -3035.07
26 90 -2913.7
26 91 -2756.43
26 92 -2562.95
26 93 -2334.04
26 94 -2071.48
26 95 -1778.02
26 96 -1457.32
26 97 -1113.84
26 98 -752.653
26 99 -379.393
26 100 0

27 0 0
27 1 -351.181
27 2 -696.422
27 3 -1029.96
27 4 -1346.43
27 5 -1640.99
27 6 -1909.5
27 7 -2148.66
27 8 -2356.08
27 9 -2530.35
27 10 -2671.13
27 11 -2779.02
27 12 -2855.66
27 13 -2903.52
27 14 -2925.87
27 15 -2926.54
27 16 -2909.83
27 17 -2880.19
27 18 -2842.05
27 19 -2799.48
27 20 -2755.99
27 21 -2714.15
27 22 -2675.42
27 23 -2639.83
27 24 -2605.87
27 25 -2570.41
27 26 -2528.79
27 27 -2475.02
27 28 -2402.25
27 29 -2303.33
27 30 -2171.56
27 31 -2001.49
27 32 -1789.8
27 33 -1535.87
27 34 -1242.41
27 35 -915.507
27 36 -564.415
27 37 -200.945
27 38 161.539
27 39 509.344
27 40 829.829
27 41 1112.59
27 42 1350.57
27 43 1540.57
27 44 1683.44
27 45 1783.53
27 46 1848.01
27 47 1885.46
27 48 1904.58
27 49 1912.73
27 50 1914.85
27 51 1912.73
27 52 1904.58
27 53 1885.46
27 54 1848.01
27 55 1783.53
27 56 1683.44
27 57 1540.57
27 58 1350.57
27 59 1112.59
27 60 829.829
27 61 509.344
27 62 161.539
27 63 -200.945
27 64 -564.415
27 65 -915.507
27 66 -1242.41
27 67 -1535.87
27 68 -1789.8
27 69 -2001.49
27 70 -2171.56
27 71 -2303.33
27 72 -2402.25
27 73 -2475.02
27 74 -2528.79
27 75 -2570.41
27 76 -2605.87
27 77 -2639.83
27 78 -2675.42
27 79 -2714.15
27 80 -2755.99
27 81 -2799.48
27 82 -2842.05
27 83 -2880.19
27 84 -2909.83
27 85 -2926.54
27 86 -2925.87
27 87 -2903.52
27 88 -2855.66
27 89 -2779.02
27 90 -2671.13
27 91 -2530.35
27 92 -2356.08
27 93 -2148.66
27 94 -1909.5
27 95 -1640.99
27 96 -1346.43
27 97 -1029.96
27 98 -696.422
27 99 -351.181
27 100 0

28 0 0
28 1 -311.201
28 2 -616.994
28 3 -912.146
28 4 -1191.82
28 5 -1451.69
28 6 -1688.14
28 7 -1898.34
28 8 -2080.33
28 9 -2233.15
28 10 -2356.71
28 11 -2451.9
28 12 -2520.45
28 13 -2564.88
28 14 -2588.34
28 15 -2594.49
28 16 -2587.27
28 17 -2570.77
28 18 -2548.92
28 19 -2525.34
28 20 -2503.03
28 21 -2484.14
28 22 -2469.71
28 23 -2459.46
28 24 -2451.63
28 25 -2442.91
28 26 -2428.5
28 27 -2402.25
28 28 -2357.15
28 29 -2285.76
28 30 -2180.97
28 31 -2036.84
28 32 -1849.31
28 33 -1617.1
28 34 -1342.04
28 35 -1029.51
28 36 -688.11
28 37 -329.243
28 38 33.8733
28 39 387.366
28 40 718.073
28 41 1014.85
28 42 1269.6
28 43 1478.01
28 44 1639.66
28 45 1757.84
28 46 1838.6
28 47 1889.65
28 48 1918.96
28 49 1933.43
28 50 1937.74
28 51 1933.43
28 52 1918.96
28 53 1889.65
28 54 1838.6
28 55 1757.84
28 56 1639.66
28 57 1478.01
28 58 1269.6
28 59 1014.85
28 60 718.073
28 61 387.366
28 62 33.8733
28 63 -329.243
28 64 -688.11
28 65 -1029.51
28 66 -1342.04
28 67 -1617.1
28 68 -1849.31
28 69 -2036.84
28 70 -2180.97
28 71 -2285.76
28 72 -2357.15
28 73 -2402.25
28 74 -2428.5
28 75 -2442.91
28 76 -2451.63
28 77 -2459.46
28 78 -2469.71
28 79 -2484.14
28 80 -2503.03
28 81 -2525.34
28 82 -2548.92
28 83 -2570.77
28 84 -2587.27
28 85 -2594.49
28 86 -2588.34
