0 0 0
0 1 0
0 2 0
0 3 0
0 4 0
0 5 0
0 6 0
0 7 0
0 8 0
0 9 0
0 10 0
0 11 0
0 12 0
0 13 0
0 14 0
0 15 0
0 16 0
0 17 0
0 18 0
0 19 0
0 20 0
0 21 0
0 22 0
0 23 0
0 24 0
0 25 0
0 26 0
0 27 0
0 28 0
0 29 0
0 30 0
0 31 0
0 32 0
0 33 0
0 34 0
0 35 0
0 36 0
0 37 0
0 38 0
0 39 0
0 40 0
0 41 0
0 42 0
0 43 0
0 44 0
0 45 0
0 46 0
0 47 0
0 48 0
0 49 0
0 50 0
0 51 0
0 52 0
0 53 0
0 54 0
0 55 0
0 56 0
0 57 0
0 58 0
0 59 0
0 60 0
0 61 0
0 62 0
0 63 0
0 64 0
0 65 0
0 66 0
0 67 0
0 68 0
0 69 0
0 70 0
0 71 0
0 72 0
0 73 0
0 74 0
0 75 0
0 76 0
0 77 0
0 78 0
0 79 0
0 80 0
0 81 0
0 82 0
0 83 0
0 84 0
0 85 0
0 86 0
0 87 0
0 88 0
0 89 0
0 90 0
0 91 0
0 92 0
0 93 0
0 94 0
0 95 0
0 96 0
0 97 0
0 98 0
0 99 0
0 100 0

1 0 0
1 1 -2.28988
1 2 -5.79814
1 3 -11.7051
1 4 -21.0701
1 5 -34.8138
1 6 -53.6272
1 7 -77.926
1 8 -107.791
1 9 -142.906
1 10 -182.527
1 11 -225.469
1 12 -270.115
1 13 -314.467
1 14 -356.257
1 15 -393.043
1 16 -422.41
1 17 -442.136
1 18 -450.363
1 19 -445.832
1 20 -427.95
1 21 -396.954
1 22 -353.893
1 23 -300.596
1 24 -239.552
1 25 -173.73
1 26 -106.34
1 27 -40.595
1 28 20.5203
1 29 74.5028
1 30 119.439
1 31 154.15
1 32 178.198
1 33 191.839
1 34 195.918
1 35 191.752
1 36 180.941
1 37 165.211
1 38 146.28
1 39 125.728
1 40 104.88
1 41 84.8137
1 42 66.3238
1 43 49.9024
1 44 35.8421
1 45 24.203
1 46 14.9576
1 47 7.99415
1 48 3.16544
1 49 0.321665
1 50 -0.616981
1 51 0.321665
1 52 3.16544
1 53 7.99415
1 54 14.9576
1 55 24.203
1 56 35.8421
1 57 49.9024
1 58 66.3238
1 59 84.8137
1 60 104.88
1 61 125.728
1 62 146.28
1 63 165.211
1 64 180.941
1 65 191.752
1 66 195.918
1 67 191.839
1 68 178.198
1 69 154.15
1 70 119.439
1 71 74.5028
1 72 20.5203
1 73 -40.595
1 74 -106.34
1 75 -173.73
1 76 -239.552
1 77 -300.596
1 78 -353.893
1 79 -396.954
1 80 -427.95
1 81 -445.832
1 82 -450.363
1 83 -442.136
1 84 -422.41
1 85 -393.043
1 86 -356.257
1 87 -314.467
1 88 -270.115
1 89 -225.469
1 90 -182.527
1 91 -142.906
1 92 -107.791
1 93 -77.926
1 94 -53.6272
1 95 -34.8138
1 96 -21.0701
1 97 -11.7051
1 98 -5.79814
1 99 -2.28988
1 100 0

2 0 0
2 1 -5.79814
2 2 -13.9854
2 3 -26.8701
2 4 -46.5261
2 5 -74.7425
2 6 -112.859
2 7 -161.664
2 8 -221.291
2 9 -291.088
2 10 -369.576
2 11 -454.402
2 12 -542.385
2 13 -629.597
2 14 -711.587
2 15 -783.572
2 16 -840.828
2 17 -879.001
2 18 -894.484
2 19 -884.815
2 20 -848.865
2 21 -787.108
2 22 -701.622
2 23 -595.992
2 24 -475.117
2 25 -344.824
2 26 -211.434
2 27 -81.2722
2 28 39.7788
2 29 146.789
2 30 235.972
2 31 304.991
2 32 352.939
2 33 380.301
2 34 388.712
2 35 380.768
2 36 359.608
2 37 328.637
2 38 291.246
2 39 250.535
2 40 209.197
2 41 169.341
2 42 132.558
2 43 99.8704
2 44 71.7994
2 45 48.567
2 46 30.1154
2 47 16.1729
2 48 6.48727
2 49 0.801918
2 50 -1.05653
2 51 0.801918
2 52 6.48727
2 53 16.1729
2 54 30.1154
2 55 48.567
2 56 71.7994
2 57 99.8704
2 58 132.558
2 59 169.341
2 60 209.197
2 61 250.535
2 62 291.246
2 63 328.637
2 64 359.608
2 65 380.768
2 66 388.712
2 67 380.301
2 68 352.939
2 69 304.991
2 70 235.972
2 71 146.789
2 72 39.7788
2 73 -81.2722
2 74 -211.434
2 75 -344.824
2 76 -475.117
2 77 -595.992
2 78 -701.622
2 79 -787.108
2 80 -848.865
2 81 -884.815
2 82 -894.484
2 83 -879.001
2 84 -840.828
2 85 -783.572
2 86 -711.587
2 87 -629.597
2 88 -542.385
2 89 -454.402
2 90 -369.576
2 91 -291.088
2 92 -221.291
2 93 -161.664
2 94 -112.859
2 95 -74.7425
2 96 -46.5261
2 97 -26.8701
2 98 -13.9854
2 99 -5.79814
2 100 0

3 0 0
3 1 -11.7051
3 2 -26.8701
3 3 -48.828
3 4 -80.571
3 5 -124.662
3 6 -182.999
3 7 -256.68
3 8 -345.831
3 9 -449.445
3 10 -565.309
3 11 -689.953
3 12 -818.709
3 13 -945.862
3 14 -1064.93
3 15 -1169
3 16 -1251.25
3 17 -1305.39
3 18 -1326.26
3 19 -1310.31
3 20 -1255.96
3 21 -1163.92
3 22 -1037.25
3 23 -881.194
3 24 -702.874
3 25 -510.793
3 26 -314.152
3 27 -122.191
3 28 56.5087
3 29 214.68
3 30 346.765
3 31 449.265
3 32 520.815
3 33 562.048
3 34 575.326
3 35 564.367
3 36 533.76
3 37 488.489
3 38 433.541
3 39 373.529
3 40 312.372
3 41 253.273
3 42 198.603
3 43 149.88
3 44 108.02
3 45 73.272
3 46 45.5933
3 47 24.6916
3 48 10.1613
3 49 1.60354
3 50 -1.22318
3 51 1.60354
3 52 10.1613
3 53 24.6916
3 54 45.5933
3 55 73.272
3 56 108.02
3 57 149.88
3 58 198.603
3 59 253.273
3 60 312.372
3 61 373.529
3 62 433.541
3 63 488.489
3 64 533.76
3 65 564.367
3 66 575.326
3 67 562.048
3 68 520.815
3 69 449.265
3 70 346.765
3 71 214.68
3 72 56.5087
3 73 -122.191
3 74 -314.152
3 75 -510.793
3 76 -702.874
3 77 -881.194
3 78 -1037.25
3 79 -1163.92
3 80 -1255.96
3 81 -1310.31
3 82 -1326.26
3 83 -1305.39
3 84 -1251.25
3 85 -1169
3 86 -1064.93
3 87 -945.862
3 88 -818.709
3 89 -689.953
3 90 -565.309
3 91 -449.445
3 92 -345.831
3 93 -256.68
3 94 -182.999
3 95 -124.662
3 96 -80.571
3 97 -48.828
3 98 -26.8701
3 99 -11.7051
3 100 0

4 0 0
4 1 -21.0701
4 2 -46.5261
4 3 -80.571
4 4 -126.982
4 5 -188.945
4 6 -268.803
4 7 -367.843
4 8 -486.114
4 9 -622.214
4 10 -773.218
4 11 -934.609
4 12 -1100.38
4 13 -1263.22
4 14 -1414.88
4 15 -1546.58
4 16 -1649.69
4 17 -1716.29
4 18 -1739.9
4 19 -1716.08
4 20 -1642.91
4 21 -1521.37
4 22 -1355.4
4 23 -1151.72
4 24 -919.448
4 25 -669.452
4 26 -413.541
4 27 -163.561
4 28 69.4329
4 29 276.056
4 30 449.076
4 31 583.902
4 32 678.63
4 33 733.966
4 34 752.837
4 35 739.977
4 36 701.245
4 37 643.075
4 38 571.926
4 39 493.766
4 40 413.831
4 41 336.291
4 42 264.31
4 43 200.009
4 44 144.53
4 45 98.4068
4 46 61.5995
4 47 33.7073
4 48 14.2761
4 49 2.84043
4 50 -0.915902
4 51 2.84043
4 52 14.2761
4 53 33.7073
4 54 61.5995
4 55 98.4068
4 56 144.53
4 57 200.009
4 58 264.31
4 59 336.291
4 60 413.831
4 61 493.766
4 62 571.926
4 63 643.075
4 64 701.245
4 65 739.977
4 66 752.837
4 67 733.966
4 68 678.63
4 69 583.902
4 70 449.076
4 71 276.056
4 72 69.4329
4 73 -163.561
4 74 -413.541
4 75 -669.452
4 76 -919.448
4 77 -1151.72
4 78 -1355.4
4 79 -1521.37
4 80 -1642.91
4 81 -1716.08
4 82 -1739.9
4 83 -1716.29
4 84 -1649.69
4 85 -1546.58
4 86 -1414.88
4 87 -1263.22
4 88 -1100.38
4 89 -934.609
4 90 -773.218
4 91 -622.214
4 92 -486.114
4 93 -367.843
4 94 -268.803
4 95 -188.945
4 96 -126.982
4 97 -80.571
4 98 -46.5261
4 99 -21.0701
4 100 0

5 0 0
5 1 -34.8138
5 2 -74.7425
5 3 -124.662
5 4 -188.945
5 5 -271.229
5 6 -374.133
5 7 -499.024
5 8 -645.771
5 9 -812.561
5 10 -995.77
5 11 -1189.96
5 12 -1387.94
5 13 -1581.08
5 14 -1759.63
5 15 -1913.37
5 16 -2032.18
5 17 -2106.91
5 18 -2130.04
5 19 -2096.48
5 20 -2004.1
5 21 -1854.16
5 22 -1651.35
5 23 -1403.68
5 24 -1121.95
5 25 -819.037
5 26 -508.94
5 27 -205.784
5 28 77.269
5 29 328.891
5 30 540.365
5 31 706.002
5 32 823.365
5 33 893.082
5 34 918.524
5 35 905.18
5 36 860.019
5 37 790.73
5 38 705.082
5 39 610.38
5 40 512.947
5 41 418.02
5 42 329.525
5 43 250.111
5 44 181.422
5 45 124.084
5 46 78.1646
5 47 43.3154
5 48 18.9796
5 49 4.63263
5 50 -0.113129
5 51 4.63263
5 52 18.9796
5 53 43.3154
5 54 78.1646
5 55 124.084
5 56 181.422
5 57 250.111
5 58 329.525
5 59 418.02
5 60 512.947
5 61 610.38
5 62 705.082
5 63 790.73
5 64 860.019
5 65 905.18
5 66 918.524
5 67 893.082
5 68 823.365
5 69 706.002
5 70 540.365
5 71 328.891
5 72 77.269
5 73 -205.784
5 74 -508.94
5 75 -819.037
5 76 -1121.95
5 77 -1403.68
5 78 -1651.35
5 79 -1854.16
5 80 -2004.1
5 81 -2096.48
5 82 -2130.04
5 83 -2106.91
5 84 -2032.18
5 85 -1913.37
5 86 -1759.63
5 87 -1581.08
5 88 -1387.94
5 89 -1189.96
5 90 -995.77
5 91 -812.561
5 92 -645.771
5 93 -499.024
5 94 -374.133
5 95 -271.229
5 96 -188.945
5 97 -124.662
5 98 -74.7425
5 99 -34.8138
5 100 0

6 0 0
6 1 -53.6272
6 2 -112.859
6 3 -182.999
6 4 -268.803
6 5 -374.133
6 6 -501.72
6 7 -652.853
6 8 -827.143
6 9 -1022.33
6 10 -1234.16
6 11 -1456.38
6 12 -1680.89
6 13 -1897.98
6 14 -2096.85
6 15 -2266.16
6 16 -2394.83
6 17 -2472.79
6 18 -2491.89
6 19 -2446.61
6 20 -2334.79
6 21 -2157.9
6 22 -1921.33
6 23 -1634.06
6 24 -1308.23
6 25 -958.291
6 26 -600.029
6 27 -249.37
6 28 78.7177
6 29 371.296
6 30 618.273
6 31 812.972
6 32 952.314
6 33 1036.77
6 34 1069.89
6 35 1057.76
6 36 1008.18
6 37 929.895
6 38 831.838
6 39 722.412
6 40 609.109
6 41 498.054
6 42 393.961
6 43 300.162
6 44 218.603
6 45 150.296
6 46 95.3858
6 47 53.569
6 48 24.3032
6 49 7.01173
6 50 1.30176
6 51 7.01173
6 52 24.3032
6 53 53.569
6 54 95.3858
6 55 150.296
6 56 218.603
6 57 300.162
6 58 393.961
6 59 498.054
6 60 609.109
6 61 722.412
6 62 831.838
6 63 929.895
6 64 1008.18
6 65 1057.76
6 66 1069.89
6 67 1036.77
6 68 952.314
6 69 812.972
6 70 618.273
6 71 371.296
6 72 78.7177
6 73 -249.37
6 74 -600.029
6 75 -958.291
6 76 -1308.23
6 77 -1634.06
6 78 -1921.33
6 79 -2157.9
6 80 -2334.79
6 81 -2446.61
6 82 -2491.89
6 83 -2472.79
6 84 -2394.83
6 85 -2266.16
6 86 -2096.85
6 87 -1897.98
6 88 -1680.89
6 89 -1456.38
6 90 -1234.16
6 91 -1022.33
6 92 -827.143
6 93 -652.853
6 94 -501.72
6 95 -374.133
6 96 -268.803
6 97 -182.999
6 98 -112.859
6 99 -53.6272
6 100 0

7 0 0
7 1 -77.926
7 2 -161.664
7 3 -256.68
7 4 -367.843
7 5 -499.024
7 6 -652.853
7 7 -830.408
7 8 -1030.94
7 9 -1251.76
7 10 -1488.03
7 11 -1732.89
7 12 -1977.54
7 13 -2211.61
7 14 -2423.6
7 15 -2601.56
7 16 -2733.82
7 17 -2809.9
7 18 -2821.34
7 19 -2762.5
7 20 -2631.23
7 21 -2429.31
7 22 -2162.57
7 23 -1840.75
7 24 -1476.88
7 25 -1086.56
7 26 -686.839
7 27 -295.042
7 28 72.5109
7 29 401.506
7 30 680.727
7 31 902.505
7 32 1063.12
7 33 1162.67
7 34 1204.75
7 35 1195.71
7 36 1143.98
7 37 1059.13
7 38 950.978
7 39 829.001
7 40 701.609
7 41 575.904
7 42 457.36
7 43 349.887
7 44 256.01
7 45 176.984
7 46 113.209
7 47 64.4708
7 48 30.2385
7 49 9.99798
7 50 3.29
7 51 9.99798
7 52 30.2385
7 53 64.4708
7 54 113.209
7 55 176.984
7 56 256.01
7 57 349.887
7 58 457.36
7 59 575.904
7 60 701.609
7 61 829.001
7 62 950.978
7 63 1059.13
7 64 1143.98
7 65 1195.71
7 66 1204.75
7 67 1162.67
7 68 1063.12
7 69 902.505
7 70 680.727
7 71 401.506
7 72 72.5109
7 73 -295.042
7 74 -686.839
7 75 -1086.56
7 76 -1476.88
7 77 -1840.75
7 78 -2162.57
7 79 -2429.31
7 80 -2631.23
7 81 -2762.5
7 82 -2821.34
7 83 -2809.9
7 84 -2733.82
7 85 -2601.56
7 86 -2423.6
7 87 -2211.61
7 88 -1977.54
7 89 -1732.89
7 90 -1488.03
7 91 -1251.76
7 92 -1030.94
7 93 -830.408
7 94 -652.853
7 95 -499.024
7 96 -367.843
7 97 -256.68
7 98 -161.664
7 99 -77.926
7 100 0

8 0 0
8 1 -107.791
8 2 -221.291
8 3 -345.831
8 4 -486.114
8 5 -645.771
8 6 -827.143
8 7 -1030.94
8 8 -1256.02
8 9 -1499.23
8 10 -1755.32
8 11 -2016.96
8 12 -2275
8 13 -2518.72
8 14 -2736.39
8 15 -2915.89
8 16 -3045.49
8 17 -3114.67
8 18 -3115.06
8 19 -3041.08
8 20 -2890.81
8 21 -2666.2
8 22 -2373.43
8 23 -2022.61
8 24 -1627.32
8 25 -1203.77
8 26 -769.83
8 27 -343.673
8 28 57.3588
8 29 417.971
8 30 725.913
8 31 972.661
8 32 1153.74
8 33 1268.8
8 34 1321.17
8 35 1317.29
8 36 1265.87
8 37 1177.04
8 38 1061.39
8 39 929.178
8 40 789.761
8 41 651.036
8 42 519.249
8 43 399.045
8 44 293.398
8 45 204.023
8 46 131.517
8 47 75.905
8 48 36.7459
8 49 13.4994
8 50 5.79544
8 51 13.4994
8 52 36.7459
8 53 75.905
8 54 131.517
8 55 204.023
8 56 293.398
8 57 399.045
8 58 519.249
8 59 651.036
8 60 789.761
8 61 929.178
8 62 1061.39
8 63 1177.04
8 64 1265.87
8 65 1317.29
8 66 1321.17
8 67 1268.8
8 68 1153.74
8 69 972.661
8 70 725.913
8 71 417.971
8 72 57.3588
8 73 -343.673
8 74 -769.83
8 75 -1203.77
8 76 -1627.32
8 77 -2022.61
8 78 -2373.43
8 79 -2666.2
8 80 -2890.81
8 81 -3041.08
8 82 -3115.06
8 83 -3114.67
8 84 -3045.49
8 85 -2915.89
8 86 -2736.39
8 87 -2518.72
8 88 -2275
8 89 -2016.96
8 90 -1755.32
8 91 -1499.23
8 92 -1256.02
8 93 -1030.94
8 94 -827.143
8 95 -645.771
8 96 -486.114
8 97 -345.831
8 98 -221.291
8 99 -107.791
8 100 0

9 0 0
9 1 -142.906
9 2 -291.088
9 3 -449.445
9 4 -622.214
9 5 -812.561
9 6 -1022.33
9 7 -1251.76
9 8 -1499.23
9 9 -1761.22
9 10 -2032.13
9 11 -2304.48
9 12 -2569
9 13 -2815.06
9 14 -3031.12
9 15 -3205.35
9 16 -3326.38
9 17 -3384.12
9 18 -3370.52
9 19 -3280.39
9 20 -3112.02
9 21 -2867.59
9 22 -2553.35
9 23 -2179.52
9 24 -1759.75
9 25 -1310.47
9 26 -849.753
9 27 -396.275
9 28 32.0899
9 29 419.301
9 30 752.351
9 31 1021.85
9 32 1222.6
9 33 1353.55
9 34 1417.61
9 35 1420.98
9 36 1372.44
9 37 1282.42
9 38 1161.96
9 39 1022.05
9 40 872.754
9 41 722.79
9 42 579.185
9 43 447.208
9 44 330.468
9 45 231.101
9 46 150.13
9 47 87.7177
9 48 43.5945
9 49 17.377
9 50 8.67033
9 51 17.377
9 52 43.5945
9 53 87.7177
9 54 150.13
9 55 231.101
9 56 330.468
9 57 447.208
9 58 579.185
9 59 722.79
9 60 872.754
9 61 1022.05
9 62 1161.96
9 63 1282.42
9 64 1372.44
9 65 1420.98
9 66 1417.61
9 67 1353.55
9 68 1222.6
9 69 1021.85
9 70 752.351
9 71 419.301
9 72 32.0899
9 73 -396.275
9 74 -849.753
9 75 -1310.47
9 76 -1759.75
9 77 -2179.52
9 78 -2553.35
9 79 -2867.59
9 80 -3112.02
9 81 -3280.39
9 82 -3370.52
9 83 -3384.12
9 84 -3326.38
9 85 -3205.35
9 86 -3031.12
9 87 -2815.06
9 88 -2569
9 89 -2304.48
9 90 -2032.13
9 91 -1761.22
9 92 -1499.23
9 93 -1251.76
9 94 -1022.33
9 95 -812.561
9 96 -622.214
9 97 -449.445
9 98 -291.088
9 99 -142.906
9 100 0

10 0 0
10 1 -182.527
10 2 -369.576
10 3 -565.309
10 4 -773.218
10 5 -995.77
10 6 -1234.16
10 7 -1488.03
10 8 -1755.32
10 9 -2032.13
10 10 -2312.77
10 11 -2589.74
10 12 -2854.07
10 13 -3095.53
10 14 -3303.21
10 15 -3465.99
10 16 -3573.29
10 17 -3615.75
10 18 -3586.02
10 19 -3479.4
10 20 -3294.49
10 21 -3033.57
10 22 -2702.83
10 23 -2312.21
10 24 -1875.12
10 25 -1407.65
10 26 -927.729
10 27 -453.957
10 28 -4.45615
10 29 404.382
10 30 758.867
10 31 1048.91
10 32 1268.43
10 33 1415.65
10 34 1492.77
10 35 1505.54
10 36 1462.51
10 37 1374.08
10 38 1251.66
10 39 1106.65
10 40 949.776
10 41 790.477
10 42 636.501
10 43 493.858
10 44 366.772
10 45 257.917
10 46 168.67
10 47 99.5905
10 48 50.5911
10 49 21.3592
10 50 11.6544
10 51 21.3592
10 52 50.5911
10 53 99.5905
10 54 168.67
10 55 257.917
10 56 366.772
10 57 493.858
10 58 636.501
10 59 790.477
10 60 949.776
10 61 1106.65
10 62 1251.66
10 63 1374.08
10 64 1462.51
10 65 1505.54
10 66 1492.77
10 67 1415.65
10 68 1268.43
10 69 1048.91
10 70 758.867
10 71 404.382
10 72 -4.45615
10 73 -453.957
10 74 -927.729
10 75 -1407.65
10 76 -1875.12
10 77 -2312.21
10 78 -2702.83
10 79 -3033.57
10 80 -3294.49
10 81 -3479.4
10 82 -3586.02
10 83 -3615.75
10 84 -3573.29
10 85 -3465.99
10 86 -3303.21
10 87 -3095.53
10 88 -2854.07
10 89 -2589.74
10 90 -2312.77
10 91 -2032.13
10 92 -1755.32
10 93 -1488.03
10 94 -1234.16
10 95 -995.77
10 96 -773.218
10 97 -565.309
10 98 -369.576
10 99 -182.527
10 100 0

11 0 0
11 1 -225.469
11 2 -454.402
11 3 -689.953
11 4 -934.609
11 5 -1189.96
11 6 -1456.38
11 7 -1732.89
11 8 -2016.96
11 9 -2304.48
11 10 -2589.74
11 11 -2865.58
11 12 -3123.53
11 13 -3354.2
11 14 -3547.62
11 15 -3693.8
11 16 -3783.25
11 17 -3807.7
11 18 -3760.63
11 19 -3638.03
11 20 -3438.79
11 21 -3165.24
11 22 -2823.23
11 23 -2422.24
11 24 -1974.94
11 25 -1496.77
11 26 -1005.01
11 27 -517.847
11 28 -53.2115
11 29 372.327
11 30 744.674
11 31 1053
11 32 1290.44
11 33 1454.23
11 34 1545.74
11 35 1569.99
11 36 1535.02
11 37 1451.04
11 38 1329.46
11 39 1182.01
11 40 1019.92
11 41 853.247
11 42 690.499
11 43 538.364
11 44 401.742
11 45 283.896
11 46 186.751
11 47 111.132
11 48 57.2889
11 49 25.1052
11 50 14.3951
11 51 25.1052
11 52 57.2889
11 53 111.132
11 54 186.751
11 55 283.896
11 56 401.742
11 57 538.364
11 58 690.499
11 59 853.247
11 60 1019.92
11 61 1182.01
11 62 1329.46
11 63 1451.04
11 64 1535.02
11 65 1569.99
11 66 1545.74
11 67 1454.23
11 68 1290.44
11 69 1053
11 70 744.674
11 71 372.327
11 72 -53.2115
11 73 -517.847
11 74 -1005.01
11 75 -1496.77
11 76 -1974.94
11 77 -2422.24
11 78 -2823.23
11 79 -3165.24
11 80 -3438.79
11 81 -3638.03
11 82 -3760.63
11 83 -3807.7
11 84 -3783.25
11 85 -3693.8
11 86 -3547.62
11 87 -3354.2
11 88 -3123.53
11 89 -2865.58
11 90 -2589.74
11 91 -2304.48
11 92 -2016.96
11 93 -1732.89
11 94 -1456.38
11 95 -1189.96
11 96 -934.609
11 97 -689.953
11 98 -454.402
11 99 -225.469
11 100 0

12 0 0
12 1 -270.115
12 2 -542.385
12 3 -818.709
12 4 -1100.38
12 5 -1387.94
12 6 -1680.89
12 7 -1977.54
12 8 -2275
12 9 -2569
12 10 -2854.07
12 11 -3123.53
12 12 -3369.78
12 13 -3584.51
12 14 -3759.05
12 15 -3884.78
12 16 -3953.63
12 17 -3958.56
12 18 -3894.12
12 19 -3756.96
12 20 -3546.32
12 21 -3264.41
12 22 -2916.65
12 23 -2511.65
12 24 -2061.17
12 25 -1579.49
12 26 -1082.96
12 27 -588.948
12 28 -114.954
12 29 322.618
12 30 709.325
12 31 1033.79
12 32 1288.2
12 33 1468.81
12 34 1575.9
12 35 1613.59
12 36 1589.17
12 37 1512.35
12 38 1394.42
12 39 1247.18
12 40 1082.23
12 41 910.231
12 42 740.332
12 43 579.938
12 44 434.687
12 45 308.469
12 46 203.738
12 47 121.816
12 48 63.2326
12 49 28.1106
12 50 16.4288
12 51 28.1106
12 52 63.2326
12 53 121.816
12 54 203.738
12 55 308.469
12 56 434.687
12 57 579.938
12 58 740.332
12 59 910.231
12 60 1082.23
12 61 1247.18
12 62 1394.42
12 63 1512.35
12 64 1589.17
12 65 1613.59
12 66 1575.9
12 67 1468.81
12 68 1288.2
12 69 1033.79
12 70 709.325
12 71 322.618
12 72 -114.954
12 73 -588.948
12 74 -1082.96
12 75 -1579.49
12 76 -2061.17
12 77 -2511.65
12 78 -2916.65
12 79 -3264.41
12 80 -3546.32
12 81 -3756.96
12 82 -3894.12
12 83 -3958.56
12 84 -3953.63
12 85 -3884.78
12 86 -3759.05
12 87 -3584.51
12 88 -3369.78
12 89 -3123.53
12 90 -2854.07
12 91 -2569
12 92 -2275
12 93 -1977.54
12 94 -1680.89
12 95 -1387.94
12 96 -1100.38
12 97 -818.709
12 98 -542.385
12 99 -270.115
12 100 0

13 0 0
13 1 -314.467
13 2 -629.597
13 3 -945.862
13 4 -1263.22
13 5 -1581.08
13 6 -1897.98
13 7 -2211.61
13 8 -2518.72
13 9 -2815.06
13 10 -3095.53
13 11 -3354.2
13 12 -3584.51
13 13 -3779.5
13 14 -3931.99
13 15 -4035.01
13 16 -4082
13 17 -4067.36
13 18 -3986.69
13 19 -3837.42
13 20 -3619
13 21 -3333.47
13 22 -2985.54
13 23 -2582.85
13 24 -2135.85
13 25 -1657.51
13 26 -1162.82
13 27 -668.118
13 28 -190.109
13 29 255.056
13 30 652.856
13 31 991.289
13 32 1261.72
13 33 1459.23
13 34 1582.98
13 35 1635.89
13 36 1624.31
13 37 1557.26
13 38 1445.62
13 39 1301.18
13 40 1135.77
13 41 960.456
13 42 785.072
13 43 617.736
13 44 464.801
13 45 330.869
13 46 219.002
13 47 130.985
13 48 67.8097
13 49 29.8255
13 50 17.1583
13 51 29.8255
13 52 67.8097
13 53 130.985
13 54 219.002
13 55 330.869
13 56 464.801
13 57 617.736
13 58 785.072
13 59 960.456
13 60 1135.77
13 61 1301.18
13 62 1445.62
13 63 1557.26
13 64 1624.31
13 65 1635.89
13 66 1582.98
13 67 1459.23
13 68 1261.72
13 69 991.289
13 70 652.856
13 71 255.056
13 72 -190.109
13 73 -668.118
13 74 -1162.82
13 75 -1657.51
13 76 -2135.85
13 77 -2582.85
13 78 -2985.54
13 79 -3333.47
13 80 -3619
13 81 -3837.42
13 82 -3986.69
13 83 -4067.36
13 84 -4082
13 85 -4035.01
13 86 -3931.99
13 87 -3779.5
13 88 -3584.51
13 89 -3354.2
13 90 -3095.53
13 91 -2815.06
13 92 -2518.72
13 93 -2211.61
13 94 -1897.98
13 95 -1581.08
13 96 -1263.22
13 97 -945.862
13 98 -629.597
13 99 -314.467
13 100 0

14 0 0
14 1 -356.257
14 2 -711.587
14 3 -1064.93
14 4 -1414.88
14 5 -1759.63
14 6 -2096.85
14 7 -2423.6
14 8 -2736.39
14 9 -3031.12
14 10 -3303.21
14 11 -3547.62
14 12 -3759.05
14 13 -3931.99
14 14 -4060.97
14 15 -4140.67
14 16 -4166.23
14 17 -4133.4
14 18 -4038.97
14 19 -3880.94
14 20 -3659.03
14 21 -3374.88
14 22 -3032.47
14 23 -2638.17
14 24 -2201
14 25 -1732.28
14 26 -1245.53
14 27 -755.726
14 28 -278.679
14 29 169.998
14 30 575.721
14 31 926.072
14 32 1211.46
14 33 1425.86
14 34 1567.06
14 35 1636.72
14 36 1640.04
14 37 1585.13
14 38 1482.33
14 39 1343.15
14 40 1179.52
14 41 1002.93
14 42 823.758
14 43 650.806
14 44 491.201
14 45 350.26
14 46 231.72
14 47 137.944
14 48 70.3069
14 49 29.545
14 50 15.9396
14 51 29.545
14 52 70.3069
14 53 137.944
14 54 231.72
14 55 350.26
14 56 491.201
14 57 650.806
14 58 823.758
14 59 1002.93
14 60 1179.52
14 61 1343.15
14 62 1482.33
14 63 1585.13
14 64 1640.04
14 65 1636.72
14 66 1567.06
14 67 1425.86
14 68 1211.46
14 69 926.072
14 70 575.721
14 71 169.998
14 72 -278.679
14 73 -755.726
14 74 -1245.53
14 75 -1732.28
14 76 -2201
14 77 -2638.17
14 78 -3032.47
14 79 -3374.88
14 80 -3659.03
14 81 -3880.94
14 82 -4038.97
14 83 -4133.4
14 84 -4166.23
14 85 -4140.67
14 86 -4060.97
14 87 -3931.99
14 88 -3759.05
14 89 -3547.62
14 90 -3303.21
14 91 -3031.12
14 92 -2736.39
14 93 -2423.6
14 94 -2096.85
14 95 -1759.63
14 96 -1414.88
14 97 -1064.93
14 98 -711.587
14 99 -356.257
14 100 0

15 0 0
15 1 -393.043
15 2 -783.572
15 3 -1169
15 4 -1546.58
15 5 -1913.37
15 6 -2266.16
15 7 -2601.56
15 8 -2915.89
15 9 -3205.35
15 10 -3465.99
15 11 -3693.8
15 12 -3884.78
15 13 -4035.01
15 14 -4140.67
15 15 -4198.21
15 16 -4204.32
15 17 -4156.18
15 18 -4051.54
15 19 -3889.07
15 20 -3668.48
15 21 -3391.05
15 22 -3059.74
15 23 -2679.67
15 24 -2258.14
15 25 -1804.84
15 26 -1331.51
15 27 -851.711
15 28 -380.095
15 29 68.2833
15 30 479.02
15 31 839.201
15 32 1138.43
15 33 1369.44
15 34 1528.65
15 35 1616.31
15 36 1636.27
15 37 1595.63
15 38 1503.92
15 39 1372.31
15 40 1212.68
15 41 1036.75
15 42 855.427
15 43 678.221
15 44 512.983
15 45 365.817
15 46 241.121
15 47 141.892
15 48 70.0344
15 49 26.5819
15 50 12.0602
15 51 26.5819
15 52 70.0344
15 53 141.892
15 54 241.121
15 55 365.817
15 56 512.983
15 57 678.221
15 58 855.427
15 59 1036.75
15 60 1212.68
15 61 1372.31
15 62 1503.92
15 63 1595.63
15 64 1636.27
15 65 1616.31
15 66 1528.65
15 67 1369.44
15 68 1138.43
15 69 839.201
15 70 479.02
15 71 68.2833
15 72 -380.095
15 73 -851.711
15 74 -1331.51
15 75 -1804.84
15 76 -2258.14
15 77 -2679.67
15 78 -3059.74
15 79 -3391.05
15 80 -3668.48
15 81 -3889.07
15 82 -4051.54
15 83 -4156.18
15 84 -4204.32
15 85 -4198.21
15 86 -4140.67
15 87 -4035.01
15 88 -3884.78
15 89 -3693.8
15 90 -3465.99
15 91 -3205.35
15 92 -2915.89
15 93 -2601.56
15 94 -2266.16
15 95 -1913.37
15 96 -1546.58
15 97 -1169
15 98 -783.572
15 99 -393.043
15 100 0

16 0 0
16 1 -422.41
16 2 -840.828
16 3 -1251.25
16 4 -1649.69
16 5 -2032.18
16 6 -2394.83
16 7 -2733.82
16 8 -3045.49
16 9 -3326.38
16 10 -3573.29
16 11 -3783.25
16 12 -3953.63
16 13 -4082
16 14 -4166.23
16 15 -4204.32
16 16 -4194.51
16 17 -4135.18
16 18 -4025.01
16 19 -3863.07
16 20 -3649.11
16 21 -3383.76
16 22 -3069.06
16 23 -2708.63
16 24 -2308.16
16 25 -1875.41
16 26 -1420.43
16 27 -955.147
16 28 -493.063
16 29 -48.4354
16 30 364.461
16 31 732.435
16 32 1044.19
16 33 1291.33
16 34 1468.79
16 35 1575.31
16 36 1613.34
16 37 1588.73
16 38 1510.13
16 39 1388.16
16 40 1234.51
16 41 1061.1
16 42 879.26
16 43 699.133
16 44 529.329
16 45 376.703
16 46 246.428
16 47 142.143
16 48 66.2658
16 49 20.2667
16 50 4.84327
16 51 20.2667
16 52 66.2658
16 53 142.143
16 54 246.428
16 55 376.703
16 56 529.329
16 57 699.133
16 58 879.26
16 59 1061.1
16 60 1234.51
16 61 1388.16
16 62 1510.13
16 63 1588.73
16 64 1613.34
16 65 1575.31
16 66 1468.79
16 67 1291.33
16 68 1044.19
16 69 732.435
16 70 364.461
16 71 -48.4354
16 72 -493.063
16 73 -955.147
16 74 -1420.43
16 75 -1875.41
16 76 -2308.16
16 77 -2708.63
16 78 -3069.06
16 79 -3383.76
16 80 -3649.11
16 81 -3863.07
16 82 -4025.01
16 83 -4135.18
16 84 -4194.51
16 85 -4204.32
16 86 -4166.23
16 87 -4082
16 88 -3953.63
16 89 -3783.25
16 90 -3573.29
16 91 -3326.38
16 92 -3045.49
16 93 -2733.82
16 94 -2394.83
16 95 -2032.18
16 96 -1649.69
16 97 -1251.25
16 98 -840.828
16 99 -422.41
16 100 0

17 0 0
17 1 -442.136
17 2 -879.001
17 3 -1305.39
17 4 -1716.29
17 5 -2106.91
17 6 -2472.79
17 7 -2809.9
17 8 -3114.67
17 9 -3384.12
17 10 -3615.75
17 11 -3807.7
17 12 -3958.56
17 13 -4067.36
17 14 -4133.4
17 15 -4156.18
17 16 -4135.18
17 17 -4069.87
17 18 -3959.59
17 19 -3803.76
17 20 -3601.89
17 21 -3354.08
17 22 -3061.19
17 23 -2725.49
17 24 -2350.85
17 25 -1943.29
17 26 -1510.97
17 27 -1064.26
17 28 -615.345
17 29 -177.738
17 30 234.636
17 31 608.246
17 32 931.093
17 33 1193.55
17 34 1389.12
17 35 1514.99
17 36 1572.06
17 37 1564.9
17 38 1501.08
17 39 1390.54
17 40 1244.7
17 41 1075.51
17 42 894.67
17 43 712.932
17 44 539.601
17 45 382.337
17 46 247.056
17 47 138.125
17 48 58.4989
17 49 10.0525
17 50 -6.17548
17 51 10.0525
17 52 58.4989
17 53 138.125
17 54 247.056
17 55 382.337
17 56 539.601
17 57 712.932
17 58 894.67
17 59 1075.51
17 60 1244.7
17 61 1390.54
17 62 1501.08
17 63 1564.9
17 64 1572.06
17 65 1514.99
17 66 1389.12
17 67 1193.55
17 68 931.093
17 69 608.246
17 70 234.636
17 71 -177.738
17 72 -615.345
17 73 -1064.26
17 74 -1510.97
17 75 -1943.29
17 76 -2350.85
17 77 -2725.49
17 78 -3061.19
17 79 -3354.08
17 80 -3601.89
17 81 -3803.76
17 82 -3959.59
17 83 -4069.87
17 84 -4135.18
17 85 -4156.18
17 86 -4133.4
17 87 -4067.36
17 88 -3958.56
17 89 -3807.7
17 90 -3615.75
17 91 -3384.12
17 92 -3114.67
17 93 -2809.9
17 94 -2472.79
17 95 -2106.91
17 96 -1716.29
17 97 -1305.39
17 98 -879.001
17 99 -442.136
17 100 0

18 0 0
18 1 -450.363
18 2 -894.484
18 3 -1326.26
18 4 -1739.9
18 5 -2130.04
18 6 -2491.89
18 7 -2821.34
18 8 -3115.06
18 9 -3370.52
18 10 -3586.02
18 11 -3760.63
18 12 -3894.12
18 13 -3986.69
18 14 -4038.97
18 15 -4051.54
18 16 -4025.01
18 17 -3959.59
18 18 -3855.16
18 19 -3711.21
18 20 -3527.04
18 21 -3301.97
18 22 -3035.83
18 23 -2729.39
18 24 -2384.9
18 25 -2006.53
18 26 -1600.7
18 27 -1176.11
18 28 -743.742
18 29 -316.147
18 30 93.0105
18 31 470.077
18 32 802.287
18 33 1078.93
18 34 1292.08
18 35 1437.32
18 36 1514.02
18 37 1525.27
18 38 1477.51
18 39 1379.91
18 40 1243.42
18 41 1079.98
18 42 901.552
18 43 719.407
18 44 543.57
18 45 382.462
18 46 242.796
18 47 129.611
18 48 46.5115
18 49 -4.18952
18 50 -21.253
18 51 -4.18952
18 52 46.5115
18 53 129.611
18 54 242.796
18 55 382.462
18 56 543.57
18 57 719.407
18 58 901.552
18 59 1079.98
18 60 1243.42
18 61 1379.91
18 62 1477.51
18 63 1525.27
18 64 1514.02
18 65 1437.32
18 66 1292.08
18 67 1078.93
18 68 802.287
18 69 470.077
18 70 93.0105
18 71 -316.147
18 72 -743.742
18 73 -1176.11
18 74 -1600.7
18 75 -2006.53
18 76 -2384.9
18 77 -2729.39
18 78 -3035.83
18 79 -3301.97
18 80 -3527.04
18 81 -3711.21
18 82 -3855.16
18 83 -3959.59
18 84 -4025.01
18 85 -4051.54
18 86 -4038.97
18 87 -3986.69
18 88 -3894.12
18 89 -3760.63
18 90 -3586.02
18 91 -3370.52
18 92 -3115.06
18 93 -2821.34
18 94 -2491.89
18 95 -2130.04
18 96 -1739.9
18 97 -1326.26
18 98 -894.484
18 99 -450.363
18 100 0

19 0 0
19 1 -445.832
19 2 -884.815
19 3 -1310.31
19 4 -1716.08
19 5 -2096.48
19 6 -2446.61
19 7 -2762.5
19 8 -3041.08
19 9 -3280.39
19 10 -3479.4
19 11 -3638.03
19 12 -3756.96
19 13 -3837.42
19 14 -3880.94
19 15 -3889.07
19 16 -3863.07
19 17 -3803.76
19 18 -3711.21
19 19 -3584.94
19 20 -3423.77
19 21 -3226.35
19 22 -2991.36
19 23 -2718.25
19 24 -2407.6
19 25 -2061.93
19 26 -1685.86
19 27 -1286.61
19 28 -873.776
19 29 -459.116
19 30 -55.8114
19 31 322.313
19 32 661.95
19 33 951.297
19 34 1181.05
19 35 1345.23
19 36 1441.6
19 37 1471.78
19 38 1440.98
19 39 1357.43
19 40 1231.58
19 41 1075.17
19 42 900.386
19 43 718.972
19 44 541.58
19 45 377.384
19 46 233.899
19 47 116.928
19 48 30.6276
19 49 -22.2239
19 50 -39.9848
19 51 -22.2239
19 52 30.6276
19 53 116.928
19 54 233.899
19 55 377.384
19 56 541.58
19 57 718.972
19 58 900.386
19 59 1075.17
19 60 1231.58
19 61 1357.43
19 62 1440.98
19 63 1471.78
19 64 1441.6
19 65 1345.23
19 66 1181.05
19 67 951.297
19 68 661.95
19 69 322.313
19 70 -55.8114
19 71 -459.116
19 72 -873.776
19 73 -1286.61
19 74 -1685.86
19 75 -2061.93
19 76 -2407.6
19 77 -2718.25
19 78 -2991.36
19 79 -3226.35
19 80 -3423.77
19 81 -3584.94
19 82 -3711.21
19 83 -3803.76
19 84 -3863.07
19 85 -3889.07
19 86 -3880.94
19 87 -3837.42
19 88 -3756.96
19 89 -3638.03
19 90 -3479.4
19 91 -3280.39
19 92 -3041.08
19 93 -2762.5
19 94 -2446.61
19 95 -2096.48
19 96 -1716.08
19 97 -1310.31
19 98 -884.815
19 99 -445.832
19 100 0

20 0 0
20 1 -427.95
20 2 -848.865
20 3 -1255.96
20 4 -1642.91
20 5 -2004.1
20 6 -2334.79
20 7 -2631.23
20 8 -2890.81
20 9 -3112.02
20 10 -3294.49
20 11 -3438.79
20 12 -3546.32
20 13 -3619
20 14 -3659.03
20 15 -3668.48
20 16 -3649.11
20 17 -3601.89
20 18 -3527.04
20 19 -3423.77
20 20 -3290.5
20 21 -3125.04
20 22 -2925.08
20 23 -2688.69
20 24 -2415.05
20 25 -2104.95
20 26 -1761.51
20 27 -1390.35
20 28 -999.901
20 29 -600.912
20 30 -206.171
20 31 170.547
20 32 515.367
20 33 815.548
20 34 1060.49
20 35 1242.69
20 36 1358.33
20 37 1407.49
20 38 1394.07
20 39 1325.32
20 40 1211.03
20 41 1062.7
20 42 892.622
20 43 712.889
20 44 534.782
20 45 368.233
20 46 221.516
20 47 101.12
20 48 11.8877
20 49 -42.8936
20 50 -61.3748
20 51 -42.8936
20 52 11.8877
20 53 101.12
20 54 221.516
20 55 368.233
20 56 534.782
20 57 712.889
20 58 892.622
20 59 1062.7
20 60 1211.03
20 61 1325.32
20 62 1394.07
20 63 1407.49
20 64 1358.33
20 65 1242.69
20 66 1060.49
20 67 815.548
20 68 515.367
20 69 170.547
20 70 -206.171
20 71 -600.912
20 72 -999.901
20 73 -1390.35
20 74 -1761.51
20 75 -2104.95
20 76 -2415.05
20 77 -2688.69
20 78 -2925.08
20 79 -3125.04
20 80 -3290.5
20 81 -3423.77
20 82 -3527.04
20 83 -3601.89
20 84 -3649.11
20 85 -3668.48
20 86 -3659.03
20 87 -3619
20 88 -3546.32
20 89 -3438.79
20 90 -3294.49
20 91 -3112.02
20 92 -2890.81
20 93 -2631.23
20 94 -2334.79
20 95 -2004.1
20 96 -1642.91
20 97 -1255.96
20 98 -848.865
20 99 -427.95
20 100 0

21 0 0
21 1 -396.954
21 2 -787.108
21 3 -1163.92
21 4 -1521.37
21 5 -1854.16
21 6 -2157.9
21 7 -2429.31
21 8 -2666.2
21 9 -2867.59
21 10 -3033.57
21 11 -3165.24
21 12 -3264.41
21 13 -3333.47
21 14 -3374.88
21 15 -3391.05
21 16 -3383.76
21 17 -3354.08
21 18 -3301.97
21 19 -3226.35
21 20 -3125.04
21 21 -2995.12
21 22 -2833.24
21 23 -2636.32
21 24 -2402.11
21 25 -2129.98
21 26 -1821.49
21 27 -1480.92
21 28 -1115.35
21 29 -734.723
21 30 -351.21
21 31 21.4194
21 32 368.945
21 33 677.751
21 34 936.053
21 35 1134.9
21 36 1268.88
21 37 1336.58
21 38 1340.54
21 39 1286.91
21 40 1184.79
21 41 1045.3
21 42 880.72
21 43 703.488
21 44 525.431
21 45 357.147
21 46 207.67
21 47 84.2644
21 48 -7.61248
21 49 -64.2253
21 50 -83.3331
21 51 -64.2253
21 52 -7.61248
21 53 84.2644
21 54 207.67
21 55 357.147
21 56 525.431
21 57 703.488
21 58 880.72
21 59 1045.3
21 60 1184.79
21 61 1286.91
21 62 1340.54
21 63 1336.58
21 64 1268.88
21 65 1134.9
21 66 936.053
21 67 677.751
21 68 368.945
21 69 21.4194
21 70 -351.21
21 71 -734.723
21 72 -1115.35
21 73 -1480.92
21 74 -1821.49
21 75 -2129.98
21 76 -2402.11
21 77 -2636.32
21 78 -2833.24
21 79 -2995.12
21 80 -3125.04
21 81 -3226.35
21 82 -3301.97
21 83 -3354.08
21 84 -3383.76
21 85 -3391.05
21 86 -3374.88
21 87 -3333.47
21 88 -3264.41
21 89 -3165.24
21 90 -3033.57
21 91 -2867.59
21 92 -2666.2
21 93 -2429.31
21 94 -2157.9
21 95 -1854.16
21 96 -1521.37
21 97 -1163.92
21 98 -787.108
21 99 -396.954
21 100 0

22 0 0
22 1 -353.893
22 2 -701.622
22 3 -1037.25
22 4 -1355.4
22 5 -1651.35
22 6 -1921.33
22 7 -2162.57
22 8 -2373.43
22 9 -2553.35
22 10 -2702.83
22 11 -2823.23
22 12 -2916.65
22 13 -2985.54
22 14 -3032.47
22 15 -3059.74
22 16 -3069.06
22 17 -3061.19
22 18 -3035.83
22 19 -2991.36
22 20 -2925.08
22 21 -2833.24
22 22 -2711.63
22 23 -2556.03
22 24 -2363.02
22 25 -2130.56
22 26 -1858.9
22 27 -1550.9
22 28 -1212.53
22 29 -852.746
22 30 -483.167
22 31 -117.345
22 32 230.18
22 33 545.108
22 34 814.583
22 35 1028.25
22 36 1179.22
22 37 1264.57
22 38 1285.45
22 39 1246.91
22 40 1157.17
22 41 1026.98
22 42 868.489
22 43 694.386
22 44 516.952
22 45 347.48
22 46 195.712
22 47 69.6312
22 48 -24.6988
22 49 -82.9497
22 50 -102.643
22 51 -82.9497
22 52 -24.6988
22 53 69.6312
22 54 195.712
22 55 347.48
22 56 516.952
22 57 694.386
22 58 868.489
22 59 1026.98
22 60 1157.17
22 61 1246.91
22 62 1285.45
22 63 1264.57
22 64 1179.22
22 65 1028.25
22 66 814.583
22 67 545.108
22 68 230.18
22 69 -117.345
22 70 -483.167
22 71 -852.746
22 72 -1212.53
22 73 -1550.9
22 74 -1858.9
22 75 -2130.56
22 76 -2363.02
22 77 -2556.03
22 78 -2711.63
22 79 -2833.24
22 80 -2925.08
22 81 -2991.36
22 82 -3035.83
22 83 -3061.19
22 84 -3069.06
22 85 -3059.74
22 86 -3032.47
22 87 -2985.54
22 88 -2916.65
22 89 -2823.23
22 90 -2702.83
22 91 -2553.35
22 92 -2373.43
22 93 -2162.57
22 94 -1921.33
22 95 -1651.35
22 96 -1355.4
22 97 -1037.25
22 98 -701.622
22 99 -353.893
22 100 0

23 0 0
23 1 -300.596
23 2 -595.992
23 3 -881.194
23 4 -1151.72
23 5 -1403.68
23 6 -1634.06
23 7 -1840.75
23 8 -2022.61
23 9 -2179.52
23 10 -2312.21
23 11 -2422.24
23 12 -2511.65
23 13 -2582.85
23 14 -2638.17
23 15 -2679.67
23 16 -2708.63
23 17 -2725.49
23 18 -2729.39
23 19 -2718.25
23 20 -2688.69
23 21 -2636.32
23 22 -2556.03
23 23 -2442.72
23 24 -2291.75
23 25 -2100.01
23 26 -1866.38
23 27 -1592.56
23 28 -1283.29
23 29 -946.648
23 30 -593.534
23 31 -237.278
23 32 107.465
23 33 425.817
23 34 703.947
23 35 930.292
23 36 1096.52
23 37 1198.24
23 38 1235.22
23 39 1211.28
23 40 1133.86
23 41 1013.13
23 42 861.07
23 43 690.507
23 44 514.177
23 45 343.946
23 46 190.249
23 47 61.7619
23 48 -34.7472
23 49 -94.5425
23 50 -114.805
23 51 -94.5425
23 52 -34.7472
23 53 61.7619
23 54 190.249
23 55 343.946
23 56 514.177
23 57 690.507
23 58 861.07
23 59 1013.13
23 60 1133.86
23 61 1211.28
23 62 1235.22
23 63 1198.24
23 64 1096.52
23 65 930.292
23 66 703.947
23 67 425.817
23 68 107.465
23 69 -237.278
23 70 -593.534
23 71 -946.648
23 72 -1283.29
23 73 -1592.56
23 74 -1866.38
23 75 -2100.01
23 76 -2291.75
23 77 -2442.72
23 78 -2556.03
23 79 -2636.32
23 80 -2688.69
23 81 -2718.25
23 82 -2729.39
23 83 -2725.49
23 84 -2708.63
23 85 -2679.67
23 86 -2638.17
23 87 -2582.85
23 88 -2511.65
23 89 -2422.24
23 90 -2312.21
23 91 -2179.52
23 92 -2022.61
23 93 -1840.75
23 94 -1634.06
23 95 -1403.68
23 96 -1151.72
23 97 -881.194
23 98 -595.992
23 99 -300.596
23 100 0

24 0 0
24 1 -239.552
24 2 -475.117
24 3 -702.874
24 4 -919.448
24 5 -1121.95
24 6 -1308.23
24 7 -1476.88
24 8 -1627.32
24 9 -1759.75
24 10 -1875.12
24 11 -1974.94
24 12 -2061.17
24 13 -2135.85
24 14 -2201
24 15 -2258.14
24 16 -2308.16
24 17 -2350.85
24 18 -2384.9
24 19 -2407.6
24 20 -2415.05
24 21 -2402.11
24 22 -2363.02
24 23 -2291.75
24 24 -2182.82
24 25 -2031.94
24 26 -1836.93
24 27 -1598.24
24 28 -1319.56
24 29 -1007.94
24 30 -673.633
24 31 -329.542
24 32 9.6347
24 33 328.621
24 34 612.796
24 35 849.441
24 36 1028.91
24 37 1145.4
24 38 1197.28
24 39 1187.26
24 40 1121.77
24 41 1010.4
24 42 864.868
24 43 698.13
24 44 523.216
24 45 352.554
24 46 197.211
24 47 66.615
24 48 -31.942
24 49 -93.1643
24 50 -113.912
24 51 -93.1643
24 52 -31.942
24 53 66.615
24 54 197.211
24 55 352.554
24 56 523.216
24 57 698.13
24 58 864.868
24 59 1010.4
24 60 1121.77
24 61 1187.26
24 62 1197.28
24 63 1145.4
24 64 1028.91
24 65 849.441
24 66 612.796
24 67 328.621
24 68 9.6347
24 69 -329.542
24 70 -673.633
24 71 -1007.94
24 72 -1319.56
24 73 -1598.24
24 74 -1836.93
24 75 -2031.94
24 76 -2182.82
24 77 -2291.75
24 78 -2363.02
24 79 -2402.11
24 80 -2415.05
24 81 -2407.6
24 82 -2384.9
24 83 -2350.85
24 84 -2308.16
24 85 -2258.14
24 86 -2201
24 87 -2135.85
24 88 -2061.17
24 89 -1974.94
24 90 -1875.12
24 91 -1759.75
24 92 -1627.32
24 93 -1476.88
24 94 -1308.23
24 95 -1121.95
24 96 -919.448
24 97 -702.874
24 98 -475.117
24 99 -239.552
24 100 0

25 0 0
25 1 -173.73
25 2 -344.824
25 3 -510.793
25 4 -669.452
25 5 -819.037
25 6 -958.291
25 7 -1086.56
25 8 -1203.77
25 9 -1310.47
25 10 -1407.65
25 11 -1496.77
25 12 -1579.49
25 13 -1657.51
25 14 -1732.28
25 15 -1804.84
25 16 -1875.41
25 17 -1943.29
25 18 -2006.53
25 19 -2061.93
25 20 -2104.95
25 21 -2129.98
25 22 -2130.56
25 23 -2100.01
25 24 -2031.94
25 25 -1921.21
25 26 -1764.48
25 27 -1561.21
25 28 -1313.93
25 29 -1028.77
25 30 -715.165
25 31 -385.562
25 32 -54.5039
25 33 262.459
25 34 550.017
25 35 794.521
25 36 985.087
25 37 1114.55
25 38 1180.01
25 39 1182.88
25 40 1128.71
25 41 1026.4
25 42 887.391
25 43 724.558
25 44 551.272
25 45 380.4
25 46 223.707
25 47 91.1571
25 48 -9.25485
25 49 -71.8011
25 50 -93.0485
25 51 -71.8011
25 52 -9.25485
25 53 91.1571
25 54 223.707
25 55 380.4
25 56 551.272
25 57 724.558
25 58 887.391
25 59 1026.4
25 60 1128.71
25 61 1182.88
25 62 1180.01
25 63 1114.55
25 64 985.087
25 65 794.521
25 66 550.017
25 67 262.459
25 68 -54.5039
25 69 -385.562
25 70 -715.165
25 71 -1028.77
25 72 -1313.93
25 73 -1561.21
25 74 -1764.48
25 75 -1921.21
25 76 -2031.94
25 77 -2100.01
25 78 -2130.56
25 79 -2129.98
25 80 -2104.95
25 81 -2061.93
25 82 -2006.53
25 83 -1943.29
25 84 -1875.41
25 85 -1804.84
25 86 -1732.28
25 87 -1657.51
25 88 -1579.49
25 89 -1496.77
25 90 -1407.65
25 91 -1310.47
25 92 -1203.77
25 93 -1086.56
25 94 -958.291
25 95 -819.037
25 96 -669.452
25 97 -510.793
25 98 -344.824
25 99 -173.73
25 100 0

26 0 0
26 1 -106.34
26 2 -211.434
26 3 -314.152
26 4 -413.541
26 5 -508.94
26 6 -600.029
26 7 -686.839
26 8 -769.83
26 9 -849.753
26 10 -927.729
26 11 -1005.01
26 12 -1082.96
26 13 -1162.82
26 14 -1245.53
26 15 -1331.51
26 16 -1420.43
26 17 -1510.97
26 18 -1600.7
26 19 -1685.86
26 20 -1761.51
26 21 -1821.49
26 22 -1858.9
26 23 -1866.38
26 24 -1836.93
26 25 -1764.48
26 26 -1644.86
26 27 -1476.37
26 28 -1260.61
26 29 -1002.61
26 30 -711.043
26 31 -397.727
26 32 -76.961
26 33 235.564
26 34 524.097
26 35 774.111
26 36 973.647
26 37 1114.29
26 38 1191.83
26 39 1206.55
26 40 1162.98
26 41 1069.33
26 42 936.638
26 43 777.752
26 44 606.208
26 45 435.366
26 46 277.47
26 47 143.2
26 48 41.0721
26 49 -22.7289
26 50 -44.4089
26 51 -22.7289
26 52 41.0721
26 53 143.2
26 54 277.47
26 55 435.366
26 56 606.208
26 57 777.752
26 58 936.638
26 59 1069.33
26 60 1162.98
26 61 1206.55
26 62 1191.83
26 63 1114.29
26 64 973.647
26 65 774.111
26 66 524.097
26 67 235.564
26 68 -76.961
26 69 -397.727
26 70 -711.043
26 71 -1002.61
26 72 -1260.61
26 73 -1476.37
26 74 -1644.86
26 75 -1764.48
26 76 -1836.93
26 77 -1866.38
26 78 -1858.9
26 79 -1821.49
26 80 -1761.51
26 81 -1685.86
26 82 -1600.7
26 83 -1510.97
26 84 -1420.43
26 85 -1331.51
26 86 -1245.53
26 87 -1162.82
26 88 -1082.96
26 89 -1005.01
26 90 -927.729
26 91 -849.753
26 92 -769.83
26 93 -686.839
26 94 -600.029
26 95 -508.94
26 96 -413.541
26 97 -314.152
26 98 -211.434
26 99 -106.34
26 100 0

27 0 0
27 1 -40.595
27 2 -81.2722
27 3 -122.191
27 4 -163.561
27 5 -205.784
27 6 -249.37
27 7 -295.042
27 8 -343.673
27 9 -396.275
27 10 -453.957
27 11 -517.847
27 12 -588.948
27 13 -668.118
27 14 -755.726
27 15 -851.711
27 16 -955.147
27 17 -1064.26
27 18 -1176.11
27 19 -1286.61
27 20 -1390.35
27 21 -1480.92
27 22 -1550.9
27 23 -1592.56
27 24 -1598.24
27 25 -1561.21
27 26 -1476.37
27 27 -1341.16
27 28 -1156.04
27 29 -925.125
27 30 -656.136
27 31 -360.254
27 32 -51.3814
27 33 254.827
27 34 542.27
27 35 795.764
27 36 1002.36
27 37 1152.47
27 38 1240.75
27 39 1266.24
27 40 1232.55
27 41 1147.11
27 42 1020.58
27 43 865.602
27 44 695.953
27 45 525.274
27 46 366.441
27 47 230.627
27 48 126.915
27 49 61.984
27 50 39.8814
27 51 61.984
27 52 126.915
27 53 230.627
27 54 366.441
27 55 525.274
27 56 695.953
27 57 865.602
27 58 1020.58
27 59 1147.11
27 60 1232.55
27 61 1266.24
27 62 1240.75
27 63 1152.47
27 64 1002.36
27 65 795.764
27 66 542.27
27 67 254.827
27 68 -51.3814
27 69 -360.254
27 70 -656.136
27 71 -925.125
27 72 -1156.04
27 73 -1341.16
27 74 -1476.37
27 75 -1561.21
27 76 -1598.24
27 77 -1592.56
27 78 -1550.9
27 79 -1480.92
27 80 -1390.35
27 81 -1286.61
27 82 -1176.11
27 83 -1064.26
27 84 -955.147
27 85 -851.711
27 86 -755.726
27 87 -668.118
27 88 -588.948
27 89 -517.847
27 90 -453.957
27 91 -396.275
27 92 -343.673
27 93 -295.042
27 94 -249.37
27 95 -205.784
27 96 -163.561
27 97 -122.191
27 98 -81.2722
27 99 -40.595
27 100 0

28 0 0
28 1 20.5203
28 2 39.7788
28 3 56.5087
28 4 69.4329
28 5 77.269
28 6 78.7177
28 7 72.5109
28 8 57.3588
28 9 32.0899
28 10 -4.45615
28 11 -53.2115
28 12 -114.954
28 13 -190.109
28 14 -278.679
28 15 -380.095
28 16 -493.063
28 17 -615.345
28 18 -743.742
28 19 -873.776
28 20 -999.901
28 21 -1115.35
28 22 -1212.53
28 23 -1283.29
28 24 -1319.56
28 25 -1313.93
28 26 -1260.61
28 27 -1156.04
28 28 -999.769
28 29 -794.855
28 30 -548.134
28 31 -269.995
28 32 26.1556
28 33 324.808
28 34 609.718
28 35 865.104
28 36 1077.21
28 37 1235.45
28 38 1333.27
28 39 1368.67
28 40 1344.22
28 41 1266.68
28 42 1146.15
28 43 995.18
28 44 827.536
28 45 657.31
28 46 497.76
28 47 360.623
28 48 255.536
28 49 189.568
28 50 167.092
28 51 189.568
28 52 255.536
28 53 360.623
28 54 497.76
28 55 657.31
28 56 827.536
28 57 995.18
28 58 1146.15
28 59 1266.68
28 60 1344.22
28 61 1368.67
28 62 1333.27
28 63 1235.45
28 64 1077.21
28 65 865.104
28 66 609.718
28 67 324.808
28 68 26.1556
28 69 -269.995
28 70 -548.134
28 71 -794.855
28 72 -999.769
28 73 -1156.04
28 74 -1260.61
28 75 -1313.93
28 76 -1319.56
28 77 -1283.29
28 78 -1212.53
28 79 -1115.35
28 80 -999.901
28 81 -873.776
28 82 -743.742
28 83 -615.345
28 84 -493.063
28 85 -380.095
28 86 -278.679
28 87 -190.109
28 88 -114.954
28 89 -53.2115
28 90 -4.45615
28 91 32.0899
