0 0 0
0 1 0
0 2 0
0 3 0
0 4 0
0 5 0
0 6 0
0 7 0
0 8 0
0 9 0
0 10 0
0 11 0
0 12 0
0 13 0
0 14 0
0 15 0
0 16 0
0 17 0
0 18 0
0 19 0
0 20 0
0 21 0
0 22 0
0 23 0
0 24 0
0 25 0
0 26 0
0 27 0
0 28 0
0 29 0
0 30 0
0 31 0
0 32 0
0 33 0
0 34 0
0 35 0
0 36 0
0 37 0
0 38 0
0 39 0
0 40 0
0 41 0
0 42 0
0 43 0
0 44 0
0 45 0
0 46 0
0 47 0
0 48 0
0 49 0
0 50 0
0 51 0
0 52 0
0 53 0
0 54 0
0 55 0
0 56 0
0 57 0
0 58 0
0 59 0
0 60 0
0 61 0
0 62 0
0 63 0
0 64 0
0 65 0
0 66 0
0 67 0
0 68 0
0 69 0
0 70 0
0 71 0
0 72 0
0 73 0
0 74 0
0 75 0
0 76 0
0 77 0
0 78 0
0 79 0
0 80 0
0 81 0
0 82 0
0 83 0
0 84 0
0 85 0
0 86 0
0 87 0
0 88 0
0 89 0
0 90 0
0 91 0
0 92 0
0 93 0
0 94 0
0 95 0
0 96 0
0 97 0
0 98 0
0 99 0
0 100 0

1 0 0
1 1 5.59864
1 2 10.1962
1 3 12.8176
1 4 12.504
1 5 8.37441
1 6 -0.367818
1 7 -14.3754
1 8 -34.0984
1 9 -59.7381
1 10 -91.1687
1 11 -127.895
1 12 -169.005
1 13 -213.166
1 14 -258.622
1 15 -303.286
1 16 -344.799
1 17 -380.7
1 18 -408.595
1 19 -426.316
1 20 -432.165
1 21 -425.033
1 22 -404.561
1 23 -371.219
1 24 -326.287
1 25 -271.806
1 26 -210.432
1 27 -145.235
1 28 -79.4404
1 29 -16.224
1 30 41.5971
1 31 91.6907
1 32 132.401
1 33 162.795
1 34 182.691
1 35 192.549
1 36 193.406
1 37 186.69
1 38 174.041
1 39 157.201
1 40 137.836
1 41 117.436
1 42 97.2622
1 43 78.2709
1 44 61.1698
1 45 46.4267
1 46 34.2859
1 47 24.8659
1 48 18.1693
1 49 14.1752
1 50 12.8415
1 51 14.1752
1 52 18.1693
1 53 24.8659
1 54 34.2859
1 55 46.4267
1 56 61.1698
1 57 78.2709
1 58 97.2622
1 59 117.436
1 60 137.836
1 61 157.201
1 62 174.041
1 63 186.69
1 64 193.406
1 65 192.549
1 66 182.691
1 67 162.795
1 68 132.401
1 69 91.6907
1 70 41.5971
1 71 -16.224
1 72 -79.4404
1 73 -145.235
1 74 -210.432
1 75 -271.806
1 76 -326.287
1 77 -371.219
1 78 -404.561
1 79 -425.033
1 80 -432.165
1 81 -426.316
1 82 -408.595
1 83 -380.7
1 84 -344.799
1 85 -303.286
1 86 -258.622
1 87 -213.166
1 88 -169.005
1 89 -127.895
1 90 -91.1687
1 91 -59.7381
1 92 -34.0984
1 93 -14.3754
1 94 -0.367818
1 95 8.37441
1 96 12.504
1 97 12.8176
1 98 10.1962
1 99 5.59864
1 100 0

2 0 0
2 1 10.1962
2 2 18.4127
2 3 22.7215
2 4 21.2334
2 5 12.2159
2 6 -5.89112
2 7 -34.3546
2 8 -74.0417
2 9 -125.318
2 10 -187.908
2 11 -260.802
2 12 -342.181
2 13 -429.393
2 14 -518.978
2 15 -606.819
2 16 -688.291
2 17 -758.57
2 18 -812.97
2 19 -847.251
2 20 -858.1
2 21 -843.351
2 22 -802.332
2 23 -735.968
2 24 -646.8
2 25 -538.838
2 26 -417.312
2 27 -288.24
2 28 -157.982
2 29 -32.7792
2 30 81.7917
2 31 181.136
2 32 261.965
2 33 322.437
2 34 362.154
2 35 382.01
2 36 384.016
2 37 370.962
2 38 346.12
2 39 312.891
2 40 274.592
2 41 234.186
2 42 194.112
2 43 156.381
2 44 122.372
2 45 92.9932
2 46 68.7803
2 47 49.9841
2 48 36.6201
2 49 28.6313
2 50 25.9726
2 51 28.6313
2 52 36.6201
2 53 49.9841
2 54 68.7803
2 55 92.9932
2 56 122.372
2 57 156.381
2 58 194.112
2 59 234.186
2 60 274.592
2 61 312.891
2 62 346.12
2 63 370.962
2 64 384.016
2 65 382.01
2 66 362.154
2 67 322.437
2 68 261.965
2 69 181.136
2 70 81.7917
2 71 -32.7792
2 72 -157.982
2 73 -288.24
2 74 -417.312
2 75 -538.838
2 76 -646.8
2 77 -735.968
2 78 -802.332
2 79 -843.351
2 80 -858.1
2 81 -847.251
2 82 -812.97
2 83 -758.57
2 84 -688.291
2 85 -606.819
2 86 -518.978
2 87 -429.393
2 88 -342.181
2 89 -260.802
2 90 -187.908
2 91 -125.318
2 92 -74.0417
2 93 -34.3546
2 94 -5.89112
2 95 12.2159
2 96 21.2334
2 97 22.7215
2 98 18.4127
2 99 10.1962
2 100 0

3 0 0
3 1 12.8176
3 2 22.7215
3 3 26.8713
3 4 22.5078
3 5 7.10165
3 6 -21.595
3 7 -65.3917
3 8 -125.494
3 9 -202.368
3 10 -295.533
3 11 -403.449
3 12 -523.394
3 13 -651.453
3 14 -782.545
3 15 -910.66
3 16 -1029.06
3 17 -1130.75
3 18 -1208.94
3 19 -1257.52
3 20 -1271.72
3 21 -1248.45
3 22 -1186.76
3 23 -1088.06
3 24 -956.029
3 25 -796.555
3 26 -617.244
3 27 -426.897
3 28 -234.789
3 29 -50.0441
3 30 119.183
3 31 266.131
3 32 385.955
3 33 475.876
3 34 535.263
3 35 565.363
3 36 569.083
3 37 550.493
3 38 514.32
3 39 465.609
3 40 409.212
3 41 349.501
3 42 290.205
3 43 234.187
3 44 183.587
3 45 139.829
3 46 103.703
3 47 75.6075
3 48 55.603
3 49 43.656
3 50 39.6687
3 51 43.656
3 52 55.603
3 53 75.6075
3 54 103.703
3 55 139.829
3 56 183.587
3 57 234.187
3 58 290.205
3 59 349.501
3 60 409.212
3 61 465.609
3 62 514.32
3 63 550.493
3 64 569.083
3 65 565.363
3 66 535.263
3 67 475.876
3 68 385.955
3 69 266.131
3 70 119.183
3 71 -50.0441
3 72 -234.789
3 73 -426.897
3 74 -617.244
3 75 -796.555
3 76 -956.029
3 77 -1088.06
3 78 -1186.76
3 79 -1248.45
3 80 -1271.72
3 81 -1257.52
3 82 -1208.94
3 83 -1130.75
3 84 -1029.06
3 85 -910.66
3 86 -782.545
3 87 -651.453
3 88 -523.394
3 89 -403.449
3 90 -295.533
3 91 -202.368
3 92 -125.494
3 93 -65.3917
3 94 -21.595
3 95 7.10165
3 96 22.5078
3 97 26.8713
3 98 22.7215
3 99 12.8176
3 100 0

4 0 0
4 1 12.504
4 2 21.2334
4 3 22.5078
4 4 12.785
4 5 -11.1702
4 6 -52.1966
4 7 -112.536
4 8 -193.642
4 9 -295.981
4 10 -418.814
4 11 -560.025
4 12 -716.015
4 13 -881.661
4 14 -1050.42
4 15 -1214.55
4 16 -1365.47
4 17 -1494.28
4 18 -1592.36
4 19 -1652.03
4 20 -1667.26
4 21 -1634.21
4 22 -1551.74
4 23 -1421.7
4 24 -1248.87
4 25 -1040.78
4 26 -807.195
4 27 -559.36
4 28 -309.209
4 29 -68.4353
4 30 152.394
4 31 344.553
4 32 501.692
4 33 620.162
4 34 699.001
4 35 739.739
4 36 746.008
4 37 722.974
4 38 676.782
4 39 613.888
4 40 540.629
4 41 462.75
4 42 385.051
4 43 311.48
4 44 244.837
4 45 187.027
4 46 139.207
4 47 101.94
4 48 75.3778
4 49 59.4784
4 50 54.1922
4 51 59.4784
4 52 75.3778
4 53 101.94
4 54 139.207
4 55 187.027
4 56 244.837
4 57 311.48
4 58 385.051
4 59 462.75
4 60 540.629
4 61 613.888
4 62 676.782
4 63 722.974
4 64 746.008
4 65 739.739
4 66 699.001
4 67 620.162
4 68 501.692
4 69 344.553
4 70 152.394
4 71 -68.4353
4 72 -309.209
4 73 -559.36
4 74 -807.195
4 75 -1040.78
4 76 -1248.87
4 77 -1421.7
4 78 -1551.74
4 79 -1634.21
4 80 -1667.26
4 81 -1652.03
4 82 -1592.36
4 83 -1494.28
4 84 -1365.47
4 85 -1214.55
4 86 -1050.42
4 87 -881.661
4 88 -716.015
4 89 -560.025
4 90 -418.814
4 91 -295.981
4 92 -193.642
4 93 -112.536
4 94 -52.1966
4 95 -11.1702
4 96 12.785
4 97 22.5078
4 98 21.2334
4 99 12.504
4 100 0

5 0 0
5 1 8.37441
5 2 12.2159
5 3 7.10165
5 4 -11.1702
5 5 -46.4284
5 6 -101.961
5 7 -180.317
5 8 -283.063
5 9 -410.566
5 10 -561.743
5 11 -733.894
5 12 -922.564
5 13 -1121.55
5 14 -1323
5 15 -1517.72
5 16 -1695.57
5 17 -1846.1
5 18 -1959.22
5 19 -2025.99
5 20 -2039.41
5 21 -1995.1
5 22 -1891.83
5 23 -1731.87
5 24 -1520.93
5 25 -1267.98
5 26 -984.578
5 27 -684.113
5 28 -380.764
5 29 -88.4869
5 30 180.073
5 31 414.385
5 32 606.749
5 33 752.598
5 34 850.62
5 35 902.463
5 36 912.332
5 37 886.339
5 38 831.746
5 39 756.373
5 40 667.85
5 41 573.146
5 42 478.306
5 43 388.058
5 44 306.024
5 45 234.655
5 46 175.438
5 47 129.172
5 48 96.1243
5 49 76.3411
5 50 69.7426
5 51 76.3411
5 52 96.1243
5 53 129.172
5 54 175.438
5 55 234.655
5 56 306.024
5 57 388.058
5 58 478.306
5 59 573.146
5 60 667.85
5 61 756.373
5 62 831.746
5 63 886.339
5 64 912.332
5 65 902.463
5 66 850.62
5 67 752.598
5 68 606.749
5 69 414.385
5 70 180.073
5 71 -88.4869
5 72 -380.764
5 73 -684.113
5 74 -984.578
5 75 -1267.98
5 76 -1520.93
5 77 -1731.87
5 78 -1891.83
5 79 -1995.1
5 80 -2039.41
5 81 -2025.99
5 82 -1959.22
5 83 -1846.1
5 84 -1695.57
5 85 -1517.72
5 86 -1323
5 87 -1121.55
5 88 -922.564
5 89 -733.894
5 90 -561.743
5 91 -410.566
5 92 -283.063
5 93 -180.317
5 94 -101.961
5 95 -46.4284
5 96 -11.1702
5 97 7.10165
5 98 12.2159
5 99 8.37441
5 100 0

6 0 0
6 1 -0.367818
6 2 -5.89112
6 3 -21.595
6 4 -52.1966
6 5 -101.961
6 6 -174.479
6 7 -272.44
6 8 -397.4
6 9 -549.499
6 10 -727.259
6 11 -927.366
6 12 -1144.59
6 13 -1371.76
6 14 -1599.98
6 15 -1818.86
6 16 -2017.1
6 17 -2183.08
6 18 -2305.64
6 19 -2374.99
6 20 -2383.47
6 21 -2326.35
6 22 -2202.44
6 23 -2014.35
6 24 -1768.62
6 25 -1475.3
6 26 -1147.44
6 27 -800.084
6 28 -449.285
6 29 -110.807
6 30 200.895
6 31 473.777
6 32 698.857
6 33 870.732
6 34 987.601
6 35 1051.12
6 36 1065.86
6 37 1038.59
6 38 977.599
6 39 891.741
6 40 789.847
6 41 680.078
6 42 569.425
6 43 463.662
6 44 367.072
6 45 282.698
6 46 212.471
6 47 157.416
6 48 118.02
6 49 94.3798
6 50 86.521
6 51 94.3798
6 52 118.02
6 53 157.416
6 54 212.471
6 55 282.698
6 56 367.072
6 57 463.662
6 58 569.425
6 59 680.078
6 60 789.847
6 61 891.741
6 62 977.599
6 63 1038.59
6 64 1065.86
6 65 1051.12
6 66 987.601
6 67 870.732
6 68 698.857
6 69 473.777
6 70 200.895
6 71 -110.807
6 72 -449.285
6 73 -800.084
6 74 -1147.44
6 75 -1475.3
6 76 -1768.62
6 77 -2014.35
6 78 -2202.44
6 79 -2326.35
6 80 -2383.47
6 81 -2374.99
6 82 -2305.64
6 83 -2183.08
6 84 -2017.1
6 85 -1818.86
6 86 -1599.98
6 87 -1371.76
6 88 -1144.59
6 89 -927.366
6 90 -727.259
6 91 -549.499
6 92 -397.4
6 93 -272.44
6 94 -174.479
6 95 -101.961
6 96 -52.1966
6 97 -21.595
6 98 -5.89112
6 99 -0.367818
6 100 0

7 0 0
7 1 -14.3754
7 2 -34.3546
7 3 -65.3917
7 4 -112.536
7 5 -180.317
7 6 -272.44
7 7 -391.585
7 8 -539.14
7 9 -714.929
7 10 -917.008
7 11 -1141.48
7 12 -1382.41
7 13 -1631.87
7 14 -1880.13
7 15 -2116.01
7 16 -2327.41
7 17 -2501.99
7 18 -2627.99
7 19 -2695.15
7 20 -2695.45
7 21 -2624.1
7 22 -2479.94
7 23 -2265.98
7 24 -1989.28
7 25 -1660.76
7 26 -1294.47
7 27 -906.714
7 28 -514.869
7 29 -136.147
7 30 213.609
7 31 521.026
7 32 776.053
7 33 972.401
7 34 1107.77
7 35 1183.61
7 36 1204.6
7 37 1178.02
7 38 1112.81
7 39 1018.77
7 40 905.711
7 41 782.753
7 42 657.99
7 43 537.953
7 44 427.794
7 45 331.113
7 46 250.302
7 47 186.747
7 48 141.131
7 49 113.738
7 50 104.599
7 51 113.738
7 52 141.131
7 53 186.747
7 54 250.302
7 55 331.113
7 56 427.794
7 57 537.953
7 58 657.99
7 59 782.753
7 60 905.711
7 61 1018.77
7 62 1112.81
7 63 1178.02
7 64 1204.6
7 65 1183.61
7 66 1107.77
7 67 972.401
7 68 776.053
7 69 521.026
7 70 213.609
7 71 -136.147
7 72 -514.869
7 73 -906.714
7 74 -1294.47
7 75 -1660.76
7 76 -1989.28
7 77 -2265.98
7 78 -2479.94
7 79 -2624.1
7 80 -2695.45
7 81 -2695.15
7 82 -2627.99
7 83 -2501.99
7 84 -2327.41
7 85 -2116.01
7 86 -1880.13
7 87 -1631.87
7 88 -1382.41
7 89 -1141.48
7 90 -917.008
7 91 -714.929
7 92 -539.14
7 93 -391.585
7 94 -272.44
7 95 -180.317
7 96 -112.536
7 97 -65.3917
7 98 -34.3546
7 99 -14.3754
7 100 0

8 0 0
8 1 -34.0984
8 2 -74.0417
8 3 -125.494
8 4 -193.642
8 5 -283.063
8 6 -397.4
8 7 -539.14
8 8 -709.382
8 9 -907.522
8 10 -1131.15
8 11 -1375.79
8 12 -1634.98
8 13 -1900.22
8 14 -2161.28
8 15 -2406.53
8 16 -2623.52
8 17 -2799.65
8 18 -2922.99
8 19 -2983.18
8 20 -2972.25
8 21 -2885.45
8 22 -2721.86
8 23 -2484.67
8 24 -2181.36
8 25 -1823.28
8 26 -1425.13
8 27 -1003.92
8 28 -577.942
8 29 -165.334
8 30 216.986
8 31 554.669
8 32 836.646
8 33 1055.84
8 34 1209.29
8 35 1298.11
8 36 1326.89
8 37 1303.08
8 38 1236.1
8 39 1136.36
8 40 1014.47
8 41 880.522
8 42 743.408
8 43 610.603
8 44 487.934
8 45 379.729
8 46 288.88
8 47 217.127
8 48 165.502
8 49 134.409
8 50 124.055
8 51 134.409
8 52 165.502
8 53 217.127
8 54 288.88
8 55 379.729
8 56 487.934
8 57 610.603
8 58 743.408
8 59 880.522
8 60 1014.47
8 61 1136.36
8 62 1236.1
8 63 1303.08
8 64 1326.89
8 65 1298.11
8 66 1209.29
8 67 1055.84
8 68 836.646
8 69 554.669
8 70 216.986
8 71 -165.334
8 72 -577.942
8 73 -1003.92
8 74 -1425.13
8 75 -1823.28
8 76 -2181.36
8 77 -2484.67
8 78 -2721.86
8 79 -2885.45
8 80 -2972.25
8 81 -2983.18
8 82 -2922.99
8 83 -2799.65
8 84 -2623.52
8 85 -2406.53
8 86 -2161.28
8 87 -1900.22
8 88 -1634.98
8 89 -1375.79
8 90 -1131.15
8 91 -907.522
8 92 -709.382
8 93 -539.14
8 94 -397.4
8 95 -283.063
8 96 -193.642
8 97 -125.494
8 98 -74.0417
8 99 -34.0984
8 100 0

9 0 0
9 1 -59.7381
9 2 -125.318
9 3 -202.368
9 4 -295.981
9 5 -410.566
9 6 -549.499
9 7 -714.929
9 8 -907.522
9 9 -1126.22
9 10 -1368.11
9 11 -1628.28
9 12 -1899.83
9 13 -2173.99
9 14 -2440.33
9 15 -2687.19
9 16 -2902.18
9 17 -3072.91
9 18 -3187.7
9 19 -3236.51
9 20 -3211.65
9 21 -3108.68
9 22 -2926.83
9 23 -2669.52
9 24 -2344.31
9 25 -1962.73
9 26 -1539.59
9 27 -1092.22
9 28 -639.23
9 29 -199.337
9 30 209.933
9 31 573.406
9 32 879.253
9 33 1119.55
9 34 1290.69
9 35 1393.18
9 36 1431.32
9 37 1412.47
9 38 1346.21
9 39 1243.41
9 40 1115.3
9 41 972.61
9 42 825.135
9 43 681.098
9 44 547.189
9 45 428.324
9 46 328.011
9 47 248.473
9 48 191.022
9 49 156.383
9 50 144.808
9 51 156.383
9 52 191.022
9 53 248.473
9 54 328.011
9 55 428.324
9 56 547.189
9 57 681.098
9 58 825.135
9 59 972.61
9 60 1115.3
9 61 1243.41
9 62 1346.21
9 63 1412.47
9 64 1431.32
9 65 1393.18
9 66 1290.69
9 67 1119.55
9 68 879.253
9 69 573.406
9 70 209.933
9 71 -199.337
9 72 -639.23
9 73 -1092.22
9 74 -1539.59
9 75 -1962.73
9 76 -2344.31
9 77 -2669.52
9 78 -2926.83
9 79 -3108.68
9 80 -3211.65
9 81 -3236.51
9 82 -3187.7
9 83 -3072.91
9 84 -2902.18
9 85 -2687.19
9 86 -2440.33
9 87 -2173.99
9 88 -1899.83
9 89 -1628.28
9 90 -1368.11
9 91 -1126.22
9 92 -907.522
9 93 -714.929
9 94 -549.499
9 95 -410.566
9 96 -295.981
9 97 -202.368
9 98 -125.318
9 99 -59.7381
9 100 0

10 0 0
10 1 -91.1687
10 2 -187.908
10 3 -295.533
10 4 -418.814
10 5 -561.743
10 6 -727.259
10 7 -917.008
10 8 -1131.15
10 9 -1368.11
10 10 -1624.55
10 11 -1895.2
10 12 -2172.99
10 13 -2449.09
10 14 -2713.26
10 15 -2954.17
10 16 -3159.95
10 17 -3318.8
10 18 -3419.74
10 19 -3453.32
10 20 -3412.46
10 21 -3293.08
10 22 -3094.7
10 23 -2820.74
10 24 -2478.7
10 25 -2079.82
10 26 -1638.74
10 27 -1172.52
10 28 -699.729
10 29 -239.139
10 30 191.387
10 31 576.219
10 32 902.802
10 33 1162.49
10 34 1350.85
10 35 1467.69
10 36 1516.77
10 37 1505.09
10 38 1442.17
10 39 1339.04
10 40 1207.27
10 41 1058.29
10 42 902.504
10 43 748.976
10 44 605.078
10 45 476.548
10 46 367.446
10 47 280.53
10 48 217.563
10 49 179.463
10 50 166.735
10 51 179.463
10 52 217.563
10 53 280.53
10 54 367.446
10 55 476.548
10 56 605.078
10 57 748.976
10 58 902.504
10 59 1058.29
10 60 1207.27
10 61 1339.04
10 62 1442.17
10 63 1505.09
10 64 1516.77
10 65 1467.69
10 66 1350.85
10 67 1162.49
10 68 902.802
10 69 576.219
10 70 191.387
10 71 -239.139
10 72 -699.729
10 73 -1172.52
10 74 -1638.74
10 75 -2079.82
10 76 -2478.7
10 77 -2820.74
10 78 -3094.7
10 79 -3293.08
10 80 -3412.46
10 81 -3453.32
10 82 -3419.74
10 83 -3318.8
10 84 -3159.95
10 85 -2954.17
10 86 -2713.26
10 87 -2449.09
10 88 -2172.99
10 89 -1895.2
10 90 -1624.55
10 91 -1368.11
10 92 -1131.15
10 93 -917.008
10 94 -727.259
10 95 -561.743
10 96 -418.814
10 97 -295.533
10 98 -187.908
10 99 -91.1687
10 100 0

11 0 0
11 1 -127.895
11 2 -260.802
11 3 -403.449
11 4 -560.025
11 5 -733.894
11 6 -927.366
11 7 -1141.48
11 8 -1375.79
11 9 -1628.28
11 10 -1895.2
11 11 -2171.14
11 12 -2449.01
11 13 -2720.3
11 14 -2975.23
11 15 -3203.22
11 16 -3393.27
11 17 -3534.6
11 18 -3617.2
11 19 -3632.59
11 20 -3574.4
11 21 -3439.1
11 22 -3226.39
11 23 -2939.65
11 24 -2585.98
11 25 -2176.15
11 26 -1724.07
11 27 -1246.24
11 28 -760.644
11 29 -285.823
11 30 160.472
11 31 562.272
11 32 906.553
11 33 1183.88
11 34 1389
11 35 1520.84
11 36 1582.38
11 37 1580.08
11 38 1523.07
11 39 1422.3
11 40 1289.61
11 41 1136.76
11 42 974.824
11 43 813.554
11 44 661.122
11 45 523.926
11 46 406.781
11 47 313.012
11 48 244.775
11 49 203.423
11 50 189.562
11 51 203.423
11 52 244.775
11 53 313.012
11 54 406.781
11 55 523.926
11 56 661.122
11 57 813.554
11 58 974.824
11 59 1136.76
11 60 1289.61
11 61 1422.3
11 62 1523.07
11 63 1580.08
11 64 1582.38
11 65 1520.84
11 66 1389
11 67 1183.88
11 68 906.553
11 69 562.272
11 70 160.472
11 71 -285.823
11 72 -760.644
11 73 -1246.24
11 74 -1724.07
11 75 -2176.15
11 76 -2585.98
11 77 -2939.65
11 78 -3226.39
11 79 -3439.1
11 80 -3574.4
11 81 -3632.59
11 82 -3617.2
11 83 -3534.6
11 84 -3393.27
11 85 -3203.22
11 86 -2975.23
11 87 -2720.3
11 88 -2449.01
11 89 -2171.14
11 90 -1895.2
11 91 -1628.28
11 92 -1375.79
11 93 -1141.48
11 94 -927.366
11 95 -733.894
11 96 -560.025
11 97 -403.449
11 98 -260.802
11 99 -127.895
11 100 0

12 0 0
12 1 -169.005
12 2 -342.181
12 3 -523.394
12 4 -716.015
12 5 -922.564
12 6 -1144.59
12 7 -1382.41
12 8 -1634.98
12 9 -1899.83
12 10 -2172.99
12 11 -2449.01
12 12 -2721.13
12 13 -2981.32
12 14 -3220.69
12 15 -3429.69
12 16 -3598.57
12 17 -3717.83
12 18 -3778.78
12 19 -3774.02
12 20 -3698.15
12 21 -3548.1
12 22 -3323.82
12 23 -3028.43
12 24 -2668.48
12 25 -2253.88
12 26 -1797.6
12 27 -1315.04
12 28 -823.361
12 29 -340.389
12 30 116.395
12 31 531.032
12 32 890.034
12 33 1183.33
12 34 1404.71
12 35 1552.13
12 36 1627.6
12 37 1636.75
12 38 1588.13
12 39 1492.45
12 40 1361.45
12 41 1207.23
12 42 1041.32
12 43 874.158
12 44 714.613
12 45 569.915
12 46 445.51
12 47 345.41
12 48 272.304
12 49 227.835
12 50 212.928
12 51 227.835
12 52 272.304
12 53 345.41
12 54 445.51
12 55 569.915
12 56 714.613
12 57 874.158
12 58 1041.32
12 59 1207.23
12 60 1361.45
12 61 1492.45
12 62 1588.13
12 63 1636.75
12 64 1627.6
12 65 1552.13
12 66 1404.71
12 67 1183.33
12 68 890.034
12 69 531.032
12 70 116.395
12 71 -340.389
12 72 -823.361
12 73 -1315.04
12 74 -1797.6
12 75 -2253.88
12 76 -2668.48
12 77 -3028.43
12 78 -3323.82
12 79 -3548.1
12 80 -3698.15
12 81 -3774.02
12 82 -3778.78
12 83 -3717.83
12 84 -3598.57
12 85 -3429.69
12 86 -3220.69
12 87 -2981.32
12 88 -2721.13
12 89 -2449.01
12 90 -2172.99
12 91 -1899.83
12 92 -1634.98
12 93 -1382.41
12 94 -1144.59
12 95 -922.564
12 96 -716.015
12 97 -523.394
12 98 -342.181
12 99 -169.005
12 100 0

13 0 0
13 1 -213.166
13 2 -429.393
13 3 -651.453
13 4 -881.661
13 5 -1121.55
13 6 -1371.76
13 7 -1631.87
13 8 -1900.22
13 9 -2173.99
13 10 -2449.09
13 11 -2720.3
13 12 -2981.32
13 13 -3225
13 14 -3443.54
13 15 -3628.74
13 16 -3772.34
13 17 -3866.41
13 18 -3903.68
13 19 -3878.08
13 20 -3785.1
13 21 -3622.3
13 22 -3389.67
13 23 -3090.03
13 24 -2729.11
13 25 -2315.77
13 26 -1861.62
13 27 -1380.81
13 28 -889.224
13 29 -403.807
13 30 58.615
13 31 482.165
13 32 853.142
13 33 1160.76
13 34 1397.88
13 35 1561.35
13 36 1652.04
13 37 1674.6
13 38 1636.78
13 39 1548.7
13 40 1422
13 41 1268.84
13 42 1101.15
13 43 929.96
13 44 764.845
13 45 613.76
13 46 482.988
13 47 377.177
13 48 299.544
13 49 252.212
13 50 236.29
13 51 252.212
13 52 299.544
13 53 377.177
13 54 482.988
13 55 613.76
13 56 764.845
13 57 929.96
13 58 1101.15
13 59 1268.84
13 60 1422
13 61 1548.7
13 62 1636.78
13 63 1674.6
13 64 1652.04
13 65 1561.35
13 66 1397.88
13 67 1160.76
13 68 853.142
13 69 482.165
13 70 58.615
13 71 -403.807
13 72 -889.224
13 73 -1380.81
13 74 -1861.62
13 75 -2315.77
13 76 -2729.11
13 77 -3090.03
13 78 -3389.67
13 79 -3622.3
13 80 -3785.1
13 81 -3878.08
13 82 -3903.68
13 83 -3866.41
13 84 -3772.34
13 85 -3628.74
13 86 -3443.54
13 87 -3225
13 88 -2981.32
13 89 -2720.3
13 90 -2449.09
13 91 -2173.99
13 92 -1900.22
13 93 -1631.87
13 94 -1371.76
13 95 -1121.55
13 96 -881.661
13 97 -651.453
13 98 -429.393
13 99 -213.166
13 100 0

14 0 0
14 1 -258.622
14 2 -518.978
14 3 -782.545
14 4 -1050.42
14 5 -1323
14 6 -1599.98
14 7 -1880.13
14 8 -2161.28
14 9 -2440.33
14 10 -2713.26
14 11 -2975.23
14 12 -3220.69
14 13 -3443.54
14 14 -3637.33
14 15 -3795.4
14 16 -3911.22
14 17 -3978.49
14 18 -3991.57
14 19 -3945.67
14 20 -3837.28
14 21 -3664.44
14 22 -3427.19
14 23 -3127.81
14 24 -2771.15
14 25 -2364.71
14 26 -1918.63
14 27 -1445.43
14 28 -959.608
14 29 -476.834
14 30 -13.2355
14 31 415.698
14 32 796.021
14 33 1116.39
14 34 1368.67
14 35 1548.54
14 36 1655.62
14 37 1693.35
14 38 1668.45
14 39 1590.43
14 40 1470.48
14 41 1320.76
14 42 1153.45
14 43 980.074
14 44 810.915
14 45 654.711
14 46 518.466
14 47 407.575
14 48 325.861
14 49 275.876
14 50 259.072
14 51 275.876
14 52 325.861
14 53 407.575
14 54 518.466
14 55 654.711
14 56 810.915
14 57 980.074
14 58 1153.45
14 59 1320.76
14 60 1470.48
14 61 1590.43
14 62 1668.45
14 63 1693.35
14 64 1655.62
14 65 1548.54
14 66 1368.67
14 67 1116.39
14 68 796.021
14 69 415.698
14 70 -13.2355
14 71 -476.834
14 72 -959.608
14 73 -1445.43
14 74 -1918.63
14 75 -2364.71
14 76 -2771.15
14 77 -3127.81
14 78 -3427.19
14 79 -3664.44
14 80 -3837.28
14 81 -3945.67
14 82 -3991.57
14 83 -3978.49
14 84 -3911.22
14 85 -3795.4
14 86 -3637.33
14 87 -3443.54
14 88 -3220.69
14 89 -2975.23
14 90 -2713.26
14 91 -2440.33
14 92 -2161.28
14 93 -1880.13
14 94 -1599.98
14 95 -1323
14 96 -1050.42
14 97 -782.545
14 98 -518.978
14 99 -258.622
14 100 0

15 0 0
15 1 -303.286
15 2 -606.819
15 3 -910.66
15 4 -1214.55
15 5 -1517.72
15 6 -1818.86
15 7 -2116.01
15 8 -2406.53
15 9 -2687.19
15 10 -2954.17
15 11 -3203.22
15 12 -3429.69
15 13 -3628.74
15 14 -3795.4
15 15 -3924.75
15 16 -4011.97
15 17 -4052.57
15 18 -4042.44
15 19 -3978.13
15 20 -3857.01
15 21 -3677.59
15 22 -3439.78
15 23 -3145.31
15 24 -2797.89
15 25 -2403.63
15 26 -1970.93
15 27 -1510.63
15 28 -1035.51
15 29 -559.971
15 30 -99.1298
15 31 331.915
15 32 719.214
15 33 1050.81
15 34 1317.61
15 35 1514.07
15 36 1638.44
15 37 1692.82
15 38 1682.85
15 39 1617.06
15 40 1506.16
15 41 1362.11
15 42 1197.26
15 43 1023.57
15 44 851.925
15 45 691.816
15 46 551.065
15 47 435.787
15 48 350.464
15 49 298.102
15 50 280.438
15 51 298.102
15 52 350.464
15 53 435.787
15 54 551.065
15 55 691.816
15 56 851.925
15 57 1023.57
15 58 1197.26
15 59 1362.11
15 60 1506.16
15 61 1617.06
15 62 1682.85
15 63 1692.82
15 64 1638.44
15 65 1514.07
15 66 1317.61
15 67 1050.81
15 68 719.214
15 69 331.915
15 70 -99.1298
15 71 -559.971
15 72 -1035.51
15 73 -1510.63
15 74 -1970.93
15 75 -2403.63
15 76 -2797.89
15 77 -3145.31
15 78 -3439.78
15 79 -3677.59
15 80 -3857.01
15 81 -3978.13
15 82 -4042.44
15 83 -4052.57
15 84 -4011.97
15 85 -3924.75
15 86 -3795.4
15 87 -3628.74
15 88 -3429.69
15 89 -3203.22
15 90 -2954.17
15 91 -2687.19
15 92 -2406.53
15 93 -2116.01
15 94 -1818.86
15 95 -1517.72
15 96 -1214.55
15 97 -910.66
15 98 -606.819
15 99 -303.286
15 100 0

16 0 0
16 1 -344.799
16 2 -688.291
16 3 -1029.06
16 4 -1365.47
16 5 -1695.57
16 6 -2017.1
16 7 -2327.41
16 8 -2623.52
16 9 -2902.18
16 10 -3159.95
16 11 -3393.27
16 12 -3598.57
16 13 -3772.34
16 14 -3911.22
16 15 -4011.97
16 16 -4071.6
16 17 -4087.28
16 18 -4056.45
16 19 -3976.84
16 20 -3846.66
16 21 -3664.71
16 22 -3430.78
16 23 -3145.8
16 24 -2812.41
16 25 -2435.08
16 26 -2020.54
16 27 -1577.68
16 28 -1117.64
16 29 -653.271
16 30 -198.707
16 31 231.587
16 32 623.612
16 33 964.931
16 34 1245.52
16 35 1458.56
16 36 1600.88
16 37 1673.17
16 38 1679.74
16 39 1628.16
16 40 1528.41
16 41 1392.13
16 42 1231.73
16 43 1059.49
16 44 886.898
16 45 724.157
16 46 579.893
16 47 460.958
16 48 372.482
16 49 318.033
16 50 299.672
16 51 318.033
16 52 372.482
16 53 460.958
16 54 579.893
16 55 724.157
16 56 886.898
16 57 1059.49
16 58 1231.73
16 59 1392.13
16 60 1528.41
16 61 1628.16
16 62 1679.74
16 63 1673.17
16 64 1600.88
16 65 1458.56
16 66 1245.52
16 67 964.931
16 68 623.612
16 69 231.587
16 70 -198.707
16 71 -653.271
16 72 -1117.64
16 73 -1577.68
16 74 -2020.54
16 75 -2435.08
16 76 -2812.41
16 77 -3145.8
16 78 -3430.78
16 79 -3664.71
16 80 -3846.66
16 81 -3976.84
16 82 -4056.45
16 83 -4087.28
16 84 -4071.6
16 85 -4011.97
16 86 -3911.22
16 87 -3772.34
16 88 -3598.57
16 89 -3393.27
16 90 -3159.95
16 91 -2902.18
16 92 -2623.52
16 93 -2327.41
16 94 -2017.1
16 95 -1695.57
16 96 -1365.47
16 97 -1029.06
16 98 -688.291
16 99 -344.799
16 100 0

17 0 0
17 1 -380.7
17 2 -758.57
17 3 -1130.75
17 4 -1494.28
17 5 -1846.1
17 6 -2183.08
17 7 -2501.99
17 8 -2799.65
17 9 -3072.91
17 10 -3318.8
17 11 -3534.6
17 12 -3717.83
17 13 -3866.41
17 14 -3978.49
17 15 -4052.57
17 16 -4087.28
17 17 -4081.4
17 18 -4033.73
17 19 -3943.09
17 20 -3808.31
17 21 -3628.46
17 22 -3402.96
17 23 -3132.06
17 24 -2817.09
17 25 -2461.03
17 26 -2068.73
17 27 -1647.3
17 28 -1206.01
17 29 -756.263
17 30 -310.986
17 31 115.919
17 32 510.603
17 33 860.144
17 34 1153.65
17 35 1383.04
17 36 1543.69
17 37 1634.77
17 38 1659.28
17 39 1623.53
17 40 1536.77
17 41 1410.18
17 42 1256.07
17 43 1086.98
17 44 914.937
17 45 750.839
17 46 604.036
17 47 482.179
17 48 391.115
17 49 334.868
17 50 315.85
17 51 334.868
17 52 391.115
17 53 482.179
17 54 604.036
17 55 750.839
17 56 914.937
17 57 1086.98
17 58 1256.07
17 59 1410.18
17 60 1536.77
17 61 1623.53
17 62 1659.28
17 63 1634.77
17 64 1543.69
17 65 1383.04
17 66 1153.65
17 67 860.144
17 68 510.603
17 69 115.919
17 70 -310.986
17 71 -756.263
17 72 -1206.01
17 73 -1647.3
17 74 -2068.73
17 75 -2461.03
17 76 -2817.09
17 77 -3132.06
17 78 -3402.96
17 79 -3628.46
17 80 -3808.31
17 81 -3943.09
17 82 -4033.73
17 83 -4081.4
17 84 -4087.28
17 85 -4052.57
17 86 -3978.49
17 87 -3866.41
17 88 -3717.83
17 89 -3534.6
17 90 -3318.8
17 91 -3072.91
17 92 -2799.65
17 93 -2501.99
17 94 -2183.08
17 95 -1846.1
17 96 -1494.28
17 97 -1130.75
17 98 -758.57
17 99 -380.7
17 100 0

18 0 0
18 1 -408.595
18 2 -812.97
18 3 -1208.94
18 4 -1592.36
18 5 -1959.22
18 6 -2305.64
18 7 -2627.99
18 8 -2922.99
18 9 -3187.7
18 10 -3419.74
18 11 -3617.2
18 12 -3778.78
18 13 -3903.68
18 14 -3991.57
18 15 -4042.44
18 16 -4056.45
18 17 -4033.73
18 18 -3974.29
18 19 -3877.75
18 20 -3743.52
18 21 -3570.68
18 22 -3358.34
18 23 -3105.86
18 24 -2813.45
18 25 -2482.43
18 26 -2115.97
18 27 -1719.27
18 28 -1299.89
18 29 -867.644
18 30 -434.37
18 31 -13.1998
18 32 382.129
18 33 738.359
18 34 1043.76
18 35 1288.99
18 36 1468
18 37 1578.46
18 38 1621.85
18 39 1603.31
18 40 1531.1
18 41 1415.86
18 42 1269.72
18 43 1105.38
18 44 935.323
18 45 771.052
18 46 622.732
18 47 498.73
18 48 405.561
18 49 347.848
18 50 328.304
18 51 347.848
18 52 405.561
18 53 498.73
18 54 622.732
18 55 771.052
18 56 935.323
18 57 1105.38
18 58 1269.72
18 59 1415.86
18 60 1531.1
18 61 1603.31
18 62 1621.85
18 63 1578.46
18 64 1468
18 65 1288.99
18 66 1043.76
18 67 738.359
18 68 382.129
18 69 -13.1998
18 70 -434.37
18 71 -867.644
18 72 -1299.89
18 73 -1719.27
18 74 -2115.97
18 75 -2482.43
18 76 -2813.45
18 77 -3105.86
18 78 -3358.34
18 79 -3570.68
18 80 -3743.52
18 81 -3877.75
18 82 -3974.29
18 83 -4033.73
18 84 -4056.45
18 85 -4042.44
18 86 -3991.57
18 87 -3903.68
18 88 -3778.78
18 89 -3617.2
18 90 -3419.74
18 91 -3187.7
18 92 -2922.99
18 93 -2627.99
18 94 -2305.64
18 95 -1959.22
18 96 -1592.36
18 97 -1208.94
18 98 -812.97
18 99 -408.595
18 100 0

19 0 0
19 1 -426.316
19 2 -847.251
19 3 -1257.52
19 4 -1652.03
19 5 -2025.99
19 6 -2374.99
19 7 -2695.15
19 8 -2983.18
19 9 -3236.51
19 10 -3453.32
19 11 -3632.59
19 12 -3774.02
19 13 -3878.08
19 14 -3945.67
19 15 -3978.13
19 16 -3976.84
19 17 -3943.09
19 18 -3877.75
19 19 -3781.16
19 20 -3652.99
19 21 -3492.33
19 22 -3297.78
19 23 -3067.94
19 24 -2801.75
19 25 -2499.13
19 26 -2161.49
19 27 -1792.36
19 28 -1397.5
19 29 -985.31
19 30 -566.363
19 31 -153.141
19 32 240.896
19 33 602.175
19 34 918.199
19 35 1178.49
19 36 1375.59
19 37 1505.57
19 38 1568.48
19 39 1568.09
19 40 1511.68
19 41 1409.23
19 42 1272.53
19 43 1114.38
19 44 947.617
19 45 784.391
19 46 635.495
19 47 510.094
19 48 415.379
19 49 356.494
19 50 336.539
19 51 356.494
19 52 415.379
19 53 510.094
19 54 635.495
19 55 784.391
19 56 947.617
19 57 1114.38
19 58 1272.53
19 59 1409.23
19 60 1511.68
19 61 1568.09
19 62 1568.48
19 63 1505.57
19 64 1375.59
19 65 1178.49
19 66 918.199
19 67 602.175
19 68 240.896
19 69 -153.141
19 70 -566.363
19 71 -985.31
19 72 -1397.5
19 73 -1792.36
19 74 -2161.49
19 75 -2499.13
19 76 -2801.75
19 77 -3067.94
19 78 -3297.78
19 79 -3492.33
19 80 -3652.99
19 81 -3781.16
19 82 -3877.75
19 83 -3943.09
19 84 -3976.84
19 85 -3978.13
19 86 -3945.67
19 87 -3878.08
19 88 -3774.02
19 89 -3632.59
19 90 -3453.32
19 91 -3236.51
19 92 -2983.18
19 93 -2695.15
19 94 -2374.99
19 95 -2025.99
19 96 -1652.03
19 97 -1257.52
19 98 -847.251
19 99 -426.316
19 100 0

20 0 0
20 1 -432.165
20 2 -858.1
20 3 -1271.72
20 4 -1667.26
20 5 -2039.41
20 6 -2383.47
20 7 -2695.45
20 8 -2972.25
20 9 -3211.65
20 10 -3412.46
20 11 -3574.4
20 12 -3698.15
20 13 -3785.1
20 14 -3837.28
20 15 -3857.01
20 16 -3846.66
20 17 -3808.31
20 18 -3743.52
20 19 -3652.99
20 20 -3536.58
20 21 -3393.15
20 22 -3220.89
20 23 -3017.51
20 24 -2780.88
20 25 -2509.5
20 26 -2203.29
20 27 -1864.01
20 28 -1495.95
20 29 -1105.95
20 30 -703.523
20 31 -300.328
20 32 90.4205
20 33 454.982
20 34 780.165
20 35 1054.42
20 36 1268.88
20 37 1418.18
20 38 1500.78
20 39 1519.17
20 40 1479.48
20 41 1390.91
20 42 1264.89
20 43 1114.2
20 44 951.969
20 45 790.823
20 46 642.291
20 47 516.22
20 48 420.486
20 49 360.76
20 50 340.44
20 51 360.76
20 52 420.486
20 53 516.22
20 54 642.291
20 55 790.823
20 56 951.969
20 57 1114.2
20 58 1264.89
20 59 1390.91
20 60 1479.48
20 61 1519.17
20 62 1500.78
20 63 1418.18
20 64 1268.88
20 65 1054.42
20 66 780.165
20 67 454.982
20 68 90.4205
20 69 -300.328
20 70 -703.523
20 71 -1105.95
20 72 -1495.95
20 73 -1864.01
20 74 -2203.29
20 75 -2509.5
20 76 -2780.88
20 77 -3017.51
20 78 -3220.89
20 79 -3393.15
20 80 -3536.58
20 81 -3652.99
20 82 -3743.52
20 83 -3808.31
20 84 -3846.66
20 85 -3857.01
20 86 -3837.28
20 87 -3785.1
20 88 -3698.15
20 89 -3574.4
20 90 -3412.46
20 91 -3211.65
20 92 -2972.25
20 93 -2695.45
20 94 -2383.47
20 95 -2039.41
20 96 -1667.26
20 97 -1271.72
20 98 -858.1
20 99 -432.165
20 100 0

21 0 0
21 1 -425.033
21 2 -843.351
21 3 -1248.45
21 4 -1634.21
21 5 -1995.1
21 6 -2326.35
21 7 -2624.1
21 8 -2885.45
21 9 -3108.68
21 10 -3293.08
21 11 -3439.1
21 12 -3548.1
21 13 -3622.3
21 14 -3664.44
21 15 -3677.59
21 16 -3664.71
21 17 -3628.46
21 18 -3570.68
21 19 -3492.33
21 20 -3393.15
21 21 -3271.82
21 22 -3125.93
21 23 -2952.5
21 24 -2748.27
21 25 -2510.59
21 26 -2237.85
21 27 -1930.43
21 28 -1591.03
21 29 -1225.2
21 30 -841.261
21 31 -450.16
21 32 -64.7218
21 33 301.185
21 34 633.771
21 35 920.523
21 36 1151.32
21 37 1319.26
21 38 1421.38
21 39 1458.71
21 40 1436.26
21 41 1362.38
21 42 1248.03
21 43 1105.86
21 44 949.177
21 45 791.121
21 46 643.799
21 47 517.759
21 48 421.481
21 49 361.191
21 50 340.7
21 51 361.191
21 52 421.481
21 53 517.759
21 54 643.799
21 55 791.121
21 56 949.177
21 57 1105.86
21 58 1248.03
21 59 1362.38
21 60 1436.26
21 61 1458.71
21 62 1421.38
21 63 1319.26
21 64 1151.32
21 65 920.523
21 66 633.771
21 67 301.185
21 68 -64.7218
21 69 -450.16
21 70 -841.261
21 71 -1225.2
21 72 -1591.03
21 73 -1930.43
21 74 -2237.85
21 75 -2510.59
21 76 -2748.27
21 77 -2952.5
21 78 -3125.93
21 79 -3271.82
21 80 -3393.15
21 81 -3492.33
21 82 -3570.68
21 83 -3628.46
21 84 -3664.71
21 85 -3677.59
21 86 -3664.44
21 87 -3622.3
21 88 -3548.1
21 89 -3439.1
21 90 -3293.08
21 91 -3108.68
21 92 -2885.45
21 93 -2624.1
21 94 -2326.35
21 95 -1995.1
21 96 -1634.21
21 97 -1248.45
21 98 -843.351
21 99 -425.033
21 100 0

22 0 0
22 1 -404.561
22 2 -802.332
22 3 -1186.76
22 4 -1551.74
22 5 -1891.83
22 6 -2202.44
22 7 -2479.94
22 8 -2721.86
22 9 -2926.83
22 10 -3094.7
22 11 -3226.39
22 12 -3323.82
22 13 -3389.67
22 14 -3427.19
22 15 -3439.78
22 16 -3430.78
22 17 -3402.96
22 18 -3358.34
22 19 -3297.78
22 20 -3220.89
22 21 -3125.93
22 22 -3010.06
22 23 -2869.45
22 24 -2700.04
22 25 -2497.96
22 26 -2260.45
22 27 -1986.44
22 28 -1677.36
22 29 -1337.4
22 30 -973.884
22 31 -596.897
22 32 -218.899
22 33 146.221
22 34 484.211
22 35 781.704
22 36 1027.34
22 37 1212.9
22 38 1333.86
22 39 1389.94
22 40 1384.89
22 41 1326.17
22 42 1224.18
22 43 1091.33
22 44 941.101
22 45 786.958
22 46 641.609
22 47 516.2
22 48 419.873
22 49 359.328
22 50 338.661
22 51 359.328
22 52 419.873
22 53 516.2
22 54 641.609
22 55 786.958
22 56 941.101
22 57 1091.33
22 58 1224.18
22 59 1326.17
22 60 1384.89
22 61 1389.94
22 62 1333.86
22 63 1212.9
22 64 1027.34
22 65 781.704
22 66 484.211
22 67 146.221
22 68 -218.899
22 69 -596.897
22 70 -973.884
22 71 -1337.4
22 72 -1677.36
22 73 -1986.44
22 74 -2260.45
22 75 -2497.96
22 76 -2700.04
22 77 -2869.45
22 78 -3010.06
22 79 -3125.93
22 80 -3220.89
22 81 -3297.78
22 82 -3358.34
22 83 -3402.96
22 84 -3430.78
22 85 -3439.78
22 86 -3427.19
22 87 -3389.67
22 88 -3323.82
22 89 -3226.39
22 90 -3094.7
22 91 -2926.83
22 92 -2721.86
22 93 -2479.94
22 94 -2202.44
22 95 -1891.83
22 96 -1551.74
22 97 -1186.76
22 98 -802.332
22 99 -404.561
22 100 0

23 0 0
23 1 -371.219
23 2 -735.968
23 3 -1088.06
23 4 -1421.7
23 5 -1731.87
23 6 -2014.35
23 7 -2265.98
23 8 -2484.67
23 9 -2669.52
23 10 -2820.74
23 11 -2939.65
23 12 -3028.43
23 13 -3090.03
23 14 -3127.81
23 15 -3145.31
23 16 -3145.8
23 17 -3132.06
23 18 -3105.86
23 19 -3067.94
23 20 -3017.51
23 21 -2952.5
23 22 -2869.45
23 23 -2763.97
23 24 -2631.12
23 25 -2466.14
23 26 -2265.1
23 27 -2025.8
23 28 -1748.37
23 29 -1435.88
23 30 -1094.56
23 31 -733.746
23 32 -365.401
23 33 -3.35151
23 34 337.803
23 35 643.941
23 36 902.656
23 37 1104.32
23 38 1243.12
23 39 1317.31
23 40 1329.45
23 41 1286
23 42 1196.77
23 43 1073.83
23 44 930.707
23 45 781.182
23 46 638.448
23 47 514.233
23 48 418.25
23 49 357.684
23 50 337.018
23 51 357.684
23 52 418.25
23 53 514.233
23 54 638.448
23 55 781.182
23 56 930.707
23 57 1073.83
23 58 1196.77
23 59 1286
23 60 1329.45
23 61 1317.31
23 62 1243.12
23 63 1104.32
23 64 902.656
23 65 643.941
23 66 337.803
23 67 -3.35151
23 68 -365.401
23 69 -733.746
23 70 -1094.56
23 71 -1435.88
23 72 -1748.37
23 73 -2025.8
23 74 -2265.1
23 75 -2466.14
23 76 -2631.12
23 77 -2763.97
23 78 -2869.45
23 79 -2952.5
23 80 -3017.51
23 81 -3067.94
23 82 -3105.86
23 83 -3132.06
23 84 -3145.8
23 85 -3145.31
23 86 -3127.81
23 87 -3090.03
23 88 -3028.43
23 89 -2939.65
23 90 -2820.74
23 91 -2669.52
23 92 -2484.67
23 93 -2265.98
23 94 -2014.35
23 95 -1731.87
23 96 -1421.7
23 97 -1088.06
23 98 -735.968
23 99 -371.219
23 100 0

24 0 0
24 1 -326.287
24 2 -646.8
24 3 -956.029
24 4 -1248.87
24 5 -1520.93
24 6 -1768.62
24 7 -1989.28
24 8 -2181.36
24 9 -2344.31
24 10 -2478.7
24 11 -2585.98
24 12 -2668.48
24 13 -2729.11
24 14 -2771.15
24 15 -2797.89
24 16 -2812.41
24 17 -2817.09
24 18 -2813.45
24 19 -2801.75
24 20 -2780.88
24 21 -2748.27
24 22 -2700.04
24 23 -2631.12
24 24 -2535.97
24 25 -2408.91
24 26 -2245.17
24 27 -2041.42
24 28 -1796.75
24 29 -1513.06
24 30 -1195.65
24 31 -852.979
24 32 -496.519
24 33 -139.94
24 34 201.946
24 35 514.403
24 36 784.029
24 37 1000.08
24 38 1155.29
24 39 1246.6
24 40 1275.33
24 41 1246.97
24 42 1170.58
24 43 1057.88
24 44 922.329
24 45 777.944
24 46 638.347
24 47 515.789
24 48 420.502
24 49 360.169
24 50 339.526
24 51 360.169
24 52 420.502
24 53 515.789
24 54 638.347
24 55 777.944
24 56 922.329
24 57 1057.88
24 58 1170.58
24 59 1246.97
24 60 1275.33
24 61 1246.6
24 62 1155.29
24 63 1000.08
24 64 784.029
24 65 514.403
24 66 201.946
24 67 -139.94
24 68 -496.519
24 69 -852.979
24 70 -1195.65
24 71 -1513.06
24 72 -1796.75
24 73 -2041.42
24 74 -2245.17
24 75 -2408.91
24 76 -2535.97
24 77 -2631.12
24 78 -2700.04
24 79 -2748.27
24 80 -2780.88
24 81 -2801.75
24 82 -2813.45
24 83 -2817.09
24 84 -2812.41
24 85 -2797.89
24 86 -2771.15
24 87 -2729.11
24 88 -2668.48
24 89 -2585.98
24 90 -2478.7
24 91 -2344.31
24 92 -2181.36
24 93 -1989.28
24 94 -1768.62
24 95 -1520.93
24 96 -1248.87
24 97 -956.029
24 98 -646.8
24 99 -326.287
24 100 0

25 0 0
25 1 -271.806
25 2 -538.838
25 3 -796.555
25 4 -1040.78
25 5 -1267.98
25 6 -1475.3
25 7 -1660.76
25 8 -1823.28
25 9 -1962.73
25 10 -2079.82
25 11 -2176.15
25 12 -2253.88
25 13 -2315.77
25 14 -2364.71
25 15 -2403.63
25 16 -2435.08
25 17 -2461.03
25 18 -2482.43
25 19 -2499.13
25 20 -2509.5
25 21 -2510.59
25 22 -2497.96
25 23 -2466.14
25 24 -2408.91
25 25 -2320.01
25 26 -2193.77
25 27 -2026.04
25 28 -1814.8
25 29 -1561.02
25 30 -1268.96
25 31 -946.304
25 32 -603.935
25 33 -255.245
25 34 84.8576
25 35 401.128
25 36 679.393
25 37 907.715
25 38 1077.65
25 39 1184.78
25 40 1229.24
25 41 1215.45
25 42 1151.73
25 43 1049.34
25 44 921.626
25 45 782.767
25 46 646.703
25 47 526.14
25 48 431.871
25 49 371.954
25 50 351.414
25 51 371.954
25 52 431.871
25 53 526.14
25 54 646.703
25 55 782.767
25 56 921.626
25 57 1049.34
25 58 1151.73
25 59 1215.45
25 60 1229.24
25 61 1184.78
25 62 1077.65
25 63 907.715
25 64 679.393
25 65 401.128
25 66 84.8576
25 67 -255.245
25 68 -603.935
25 69 -946.304
25 70 -1268.96
25 71 -1561.02
25 72 -1814.8
25 73 -2026.04
25 74 -2193.77
25 75 -2320.01
25 76 -2408.91
25 77 -2466.14
25 78 -2497.96
25 79 -2510.59
25 80 -2509.5
25 81 -2499.13
25 82 -2482.43
25 83 -2461.03
25 84 -2435.08
25 85 -2403.63
25 86 -2364.71
25 87 -2315.77
25 88 -2253.88
25 89 -2176.15
25 90 -2079.82
25 91 -1962.73
25 92 -1823.28
25 93 -1660.76
25 94 -1475.3
25 95 -1267.98
25 96 -1040.78
25 97 -796.555
25 98 -538.838
25 99 -271.806
25 100 0

26 0 0
26 1 -210.432
26 2 -417.312
26 3 -617.244
26 4 -807.195
26 5 -984.578
26 6 -1147.44
26 7 -1294.47
26 8 -1425.13
26 9 -1539.59
26 10 -1638.74
26 11 -1724.07
26 12 -1797.6
26 13 -1861.62
26 14 -1918.63
26 15 -1970.93
26 16 -2020.54
26 17 -2068.73
26 18 -2115.97
26 19 -2161.49
26 20 -2203.29
26 21 -2237.85
26 22 -2260.45
26 23 -2265.1
26 24 -2245.17
26 25 -2193.77
26 26 -2104.63
26 27 -1972.7
26 28 -1795.15
26 29 -1571.94
26 30 -1306.4
26 31 -1005.37
26 32 -679.093
26 33 -340.592
26 34 -4.76616
26 35 312.819
26 36 597.239
26 37 835.674
26 38 1018.41
26 39 1139.86
26 40 1198.89
26 41 1198.94
26 42 1147.46
26 43 1055.28
26 44 935.493
26 45 802.359
26 46 670.084
26 47 551.86
26 48 458.816
26 49 399.465
26 50 379.099
26 51 399.465
26 52 458.816
26 53 551.86
26 54 670.084
26 55 802.359
26 56 935.493
26 57 1055.28
26 58 1147.46
26 59 1198.94
26 60 1198.89
26 61 1139.86
26 62 1018.41
26 63 835.674
26 64 597.239
26 65 312.819
26 66 -4.76616
26 67 -340.592
26 68 -679.093
26 69 -1005.37
26 70 -1306.4
26 71 -1571.94
26 72 -1795.15
26 73 -1972.7
26 74 -2104.63
26 75 -2193.77
26 76 -2245.17
26 77 -2265.1
26 78 -2260.45
26 79 -2237.85
26 80 -2203.29
26 81 -2161.49
26 82 -2115.97
26 83 -2068.73
26 84 -2020.54
26 85 -1970.93
26 86 -1918.63
26 87 -1861.62
26 88 -1797.6
26 89 -1724.07
26 90 -1638.74
26 91 -1539.59
26 92 -1425.13
26 93 -1294.47
26 94 -1147.44
26 95 -984.578
26 96 -807.195
26 97 -617.244
26 98 -417.312
26 99 -210.432
26 100 0

27 0 0
27 1 -145.235
27 2 -288.24
27 3 -426.897
27 4 -559.36
27 5 -684.113
27 6 -800.084
27 7 -906.714
27 8 -1003.92
27 9 -1092.22
27 10 -1172.52
27 11 -1246.24
27 12 -1315.04
27 13 -1380.81
27 14 -1445.43
27 15 -1510.63
27 16 -1577.68
27 17 -1647.3
27 18 -1719.27
27 19 -1792.36
27 20 -1864.01
27 21 -1930.43
27 22 -1986.44
27 23 -2025.8
27 24 -2041.42
27 25 -2026.04
27 26 -1972.7
27 27 -1875.75
27 28 -1731.48
27 29 -1538.98
27 30 -1300.63
27 31 -1022.43
27 32 -713.917
27 33 -387.632
27 34 -58.3652
27 35 258.103
27 36 546.355
27 37 792.641
27 38 986.232
27 39 1120.34
27 40 1192.68
27 41 1205.63
27 42 1165.85
27 43 1083.58
27 44 971.663
27 45 844.355
27 46 716.102
27 47 600.368
27 48 508.759
27 49 450.127
27 50 429.941
27 51 450.127
27 52 508.759
27 53 600.368
27 54 716.102
27 55 844.355
27 56 971.663
27 57 1083.58
27 58 1165.85
27 59 1205.63
27 60 1192.68
27 61 1120.34
27 62 986.232
27 63 792.641
27 64 546.355
27 65 258.103
27 66 -58.3652
27 67 -387.632
27 68 -713.917
27 69 -1022.43
27 70 -1300.63
27 71 -1538.98
27 72 -1731.48
27 73 -1875.75
27 74 -1972.7
27 75 -2026.04
27 76 -2041.42
27 77 -2025.8
27 78 -1986.44
27 79 -1930.43
27 80 -1864.01
27 81 -1792.36
27 82 -1719.27
27 83 -1647.3
27 84 -1577.68
27 85 -1510.63
27 86 -1445.43
27 87 -1380.81
27 88 -1315.04
27 89 -1246.24
27 90 -1172.52
27 91 -1092.22
27 92 -1003.92
27 93 -906.714
27 94 -800.084
27 95 -684.113
27 96 -559.36
27 97 -426.897
27 98 -288.24
27 99 -145.235
27 100 0

28 0 0
28 1 -79.4404
28 2 -157.982
28 3 -234.789
28 4 -309.209
28 5 -380.764
28 6 -449.285
28 7 -514.869
28 8 -577.942
28 9 -639.23
28 10 -699.729
28 11 -760.644
28 12 -823.361
28 13 -889.224
28 14 -959.608
28 15 -1035.51
28 16 -1117.64
28 17 -1206.01
28 18 -1299.89
28 19 -1397.5
28 20 -1495.95
28 21 -1591.03
28 22 -1677.36
28 23 -1748.37
28 24 -1796.75
28 25 -1814.8
28 26 -1795.15
28 27 -1731.48
28 28 -1619.38
28 29 -1457.01
28 30 -1245.9
28 31 -991.151
28 32 -701.531
28 33 -389.07
28 34 -68.29
28 35 244.995
28 36 534.888
28 37 786.969
28 38 989.507
28 39 1134.65
28 40 1218.99
28 41 1243.89
28 42 1215.13
28 43 1142.41
28 44 1038.24
28 45 916.79
28 46 792.636
28 47 679.603
28 48 589.598
28 49 531.739
28 50 511.818
28 51 531.739
28 52 589.598
28 53 679.603
28 54 792.636
28 55 916.79
28 56 1038.24
28 57 1142.41
28 58 1215.13
28 59 1243.89
28 60 1218.99
28 61 1134.65
28 62 989.507
28 63 786.969
28 64 534.888
28 65 244.995
28 66 -68.29
28 67 -389.07
28 68 -701.531
28 69 -991.151
28 70 -1245.9
28 71 -1457.01
28 72 -1619.38
28 73 -1731.48
28 74 -1795.15
28 75 -1814.8
28 76 -1796.75
28 77 -1748.37
28 78 -1677.36
28 79 -1591.03
28 80 -1495.95
28 81 -1397.5
28 82 -1299.89
28 83 -1206.01
28 84 -1117.64
28 85 -1035.51
28 86 -959.608
28 87 -889.224
28 88 -823.361
28 89 -760.644
28 90 -699.729
