0 0 0
0 1 0
0 2 0
0 3 0
0 4 0
0 5 0
0 6 0
0 7 0
0 8 0
0 9 0
0 10 0
0 11 0
0 12 0
0 13 0
0 14 0
0 15 0
0 16 0
0 17 0
0 18 0
0 19 0
0 20 0
0 21 0
0 22 0
0 23 0
0 24 0
0 25 0
0 26 0
0 27 0
0 28 0
0 29 0
0 30 0
0 31 0
0 32 0
0 33 0
0 34 0
0 35 0
0 36 0
0 37 0
0 38 0
0 39 0
0 40 0
0 41 0
0 42 0
0 43 0
0 44 0
0 45 0
0 46 0
0 47 0
0 48 0
0 49 0
0 50 0
0 51 0
0 52 0
0 53 0
0 54 0
0 55 0
0 56 0
0 57 0
0 58 0
0 59 0
0 60 0
0 61 0
0 62 0
0 63 0
0 64 0
0 65 0
0 66 0
0 67 0
0 68 0
0 69 0
0 70 0
0 71 0
0 72 0
0 73 0
0 74 0
0 75 0
0 76 0
0 77 0
0 78 0
0 79 0
0 80 0
0 81 0
0 82 0
0 83 0
0 84 0
0 85 0
0 86 0
0 87 0
0 88 0
0 89 0
0 90 0
0 91 0
0 92 0
0 93 0
0 94 0
0 95 0
0 96 0
0 97 0
0 98 0
0 99 0
0 100 0

1 0 0
1 1 10.0799
1 2 19.9654
1 3 29.4294
1 4 38.2194
1 5 46.0046
1 6 52.3937
1 7 56.9116
1 8 59.0037
1 9 58.0602
1 10 53.4295
1 11 44.4675
1 12 30.5897
1 13 11.3379
1 14 -13.5539
1 15 -44.0612
1 16 -79.832
1 17 -120.097
1 18 -163.657
1 19 -208.9
1 20 -253.802
1 21 -296.088
1 22 -333.305
1 23 -363.037
1 24 -383.085
1 25 -391.67
1 26 -387.607
1 27 -370.466
1 28 -340.631
1 29 -299.322
1 30 -248.542
1 31 -190.889
1 32 -129.396
1 33 -67.2499
1 34 -7.56162
1 35 46.9144
1 36 93.9268
1 37 131.906
1 38 160.05
1 39 178.252
1 40 187.105
1 41 187.764
1 42 181.751
1 43 170.832
1 44 156.875
1 45 141.682
1 46 126.878
1 47 113.869
1 48 103.772
1 49 97.3915
1 50 95.2098
1 51 97.3915
1 52 103.772
1 53 113.869
1 54 126.878
1 55 141.682
1 56 156.875
1 57 170.832
1 58 181.751
1 59 187.764
1 60 187.105
1 61 178.252
1 62 160.05
1 63 131.906
1 64 93.9268
1 65 46.9144
1 66 -7.56162
1 67 -67.2499
1 68 -129.396
1 69 -190.889
1 70 -248.542
1 71 -299.322
1 72 -340.631
1 73 -370.466
1 74 -387.607
1 75 -391.67
1 76 -383.085
1 77 -363.037
1 78 -333.305
1 79 -296.088
1 80 -253.802
1 81 -208.9
1 82 -163.657
1 83 -120.097
1 84 -79.832
1 85 -44.0612
1 86 -13.5539
1 87 11.3379
1 88 30.5897
1 89 44.4675
1 90 53.4295
1 91 58.0602
1 92 59.0037
1 93 56.9116
1 94 52.3937
1 95 46.0046
1 96 38.2194
1 97 29.4294
1 98 19.9654
1 99 10.0799
1 100 0

2 0 0
2 1 19.9654
2 2 39.5243
2 3 58.2095
2 4 75.5007
2 5 90.7307
2 6 103.113
2 7 111.704
2 8 115.406
2 9 113.021
2 10 103.272
2 11 84.9068
2 12 56.7944
2 13 18.0599
2 14 -31.7865
2 15 -92.6606
2 16 -163.828
2 17 -243.737
2 18 -329.996
2 19 -419.405
2 20 -507.977
2 21 -591.225
2 22 -664.338
2 23 -722.566
2 24 -761.607
2 25 -777.973
2 26 -769.362
2 27 -734.944
2 28 -675.508
2 29 -593.456
2 30 -492.744
2 31 -378.481
2 32 -256.637
2 33 -133.511
2 34 -15.2114
2 35 92.7932
2 36 186.057
2 37 261.53
2 38 317.521
2 39 353.87
2 40 371.708
2 41 373.271
2 42 361.593
2 43 340.179
2 44 312.687
2 45 282.668
2 46 253.399
2 47 227.664
2 48 207.683
2 49 195.03
2 50 190.705
2 51 195.03
2 52 207.683
2 53 227.664
2 54 253.399
2 55 282.668
2 56 312.687
2 57 340.179
2 58 361.593
2 59 373.271
2 60 371.708
2 61 353.87
2 62 317.521
2 63 261.53
2 64 186.057
2 65 92.7932
2 66 -15.2114
2 67 -133.511
2 68 -256.637
2 69 -378.481
2 70 -492.744
2 71 -593.456
2 72 -675.508
2 73 -734.944
2 74 -769.362
2 75 -777.973
2 76 -761.607
2 77 -722.566
2 78 -664.338
2 79 -591.225
2 80 -507.977
2 81 -419.405
2 82 -329.996
2 83 -243.737
2 84 -163.828
2 85 -92.6606
2 86 -31.7865
2 87 18.0599
2 88 56.7944
2 89 84.9068
2 90 103.272
2 91 113.021
2 92 115.406
2 93 111.704
2 94 103.113
2 95 90.7307
2 96 75.5007
2 97 58.2095
2 98 39.5243
2 99 19.9654
2 100 0

3 0 0
3 1 29.4294
3 2 58.2095
3 3 85.6092
3 4 110.814
3 5 132.809
3 6 150.405
3 7 162.195
3 8 166.565
3 9 161.759
3 10 145.934
3 11 117.299
3 12 74.2586
3 13 15.6066
3 14 -59.2802
3 15 -150.196
3 16 -255.969
3 17 -374.254
3 18 -501.487
3 19 -632.933
3 20 -762.747
3 21 -884.359
3 22 -990.759
3 23 -1075.06
3 24 -1131.02
3 25 -1153.61
3 26 -1139.54
3 27 -1087.63
3 28 -999.068
3 29 -877.406
3 30 -728.416
3 31 -559.598
3 32 -379.684
3 33 -197.862
3 34 -23.1121
3 35 136.576
3 36 274.676
3 37 386.584
3 38 469.905
3 39 524.262
3 40 551.31
3 41 554.322
3 42 537.695
3 43 506.553
3 44 466.324
3 45 422.282
3 46 379.223
3 47 341.293
3 48 311.804
3 49 293.147
3 50 286.764
3 51 293.147
3 52 311.804
3 53 341.293
3 54 379.223
3 55 422.282
3 56 466.324
3 57 506.553
3 58 537.695
3 59 554.322
3 60 551.31
3 61 524.262
3 62 469.905
3 63 386.584
3 64 274.676
3 65 136.576
3 66 -23.1121
3 67 -197.862
3 68 -379.684
3 69 -559.598
3 70 -728.416
3 71 -877.406
3 72 -999.068
3 73 -1087.63
3 74 -1139.54
3 75 -1153.61
3 76 -1131.02
3 77 -1075.06
3 78 -990.759
3 79 -884.359
3 80 -762.747
3 81 -632.933
3 82 -501.487
3 83 -374.254
3 84 -255.969
3 85 -150.196
3 86 -59.2802
3 87 15.6066
3 88 74.2586
3 89 117.299
3 90 145.934
3 91 161.759
3 92 166.565
3 93 162.195
3 94 150.405
3 95 132.809
3 96 110.814
3 97 85.6092
3 98 58.2095
3 99 29.4294
3 100 0

4 0 0
4 1 38.2194
4 2 75.5007
4 3 110.814
4 4 143.012
4 5 170.719
4 6 192.339
4 7 206.017
4 8 209.659
4 9 201.017
4 10 177.762
4 11 137.661
4 12 78.7668
4 13 -0.341394
4 14 -100.308
4 15 -220.71
4 16 -359.866
4 17 -514.609
4 18 -680.236
4 19 -850.557
4 20 -1018.03
4 21 -1174.21
4 22 -1310.13
4 23 -1417.01
4 24 -1486.93
4 25 -1513.55
4 26 -1492.72
4 27 -1423.04
4 28 -1306.1
4 29 -1146.51
4 30 -951.711
4 31 -731.36
4 32 -496.67
4 33 -259.505
4 34 -31.3973
4 35 177.273
4 36 358.039
4 37 504.986
4 38 614.789
4 39 687.002
4 40 723.63
4 41 728.81
4 42 708.242
4 43 668.575
4 44 616.822
4 45 559.839
4 46 503.975
4 47 454.664
4 48 416.274
4 49 391.94
4 50 383.618
4 51 391.94
4 52 416.274
4 53 454.664
4 54 503.975
4 55 559.839
4 56 616.822
4 57 668.575
4 58 708.242
4 59 728.81
4 60 723.63
4 61 687.002
4 62 614.789
4 63 504.986
4 64 358.039
4 65 177.273
4 66 -31.3973
4 67 -259.505
4 68 -496.67
4 69 -731.36
4 70 -951.711
4 71 -1146.51
4 72 -1306.1
4 73 -1423.04
4 74 -1492.72
4 75 -1513.55
4 76 -1486.93
4 77 -1417.01
4 78 -1310.13
4 79 -1174.21
4 80 -1018.03
4 81 -850.557
4 82 -680.236
4 83 -514.609
4 84 -359.866
4 85 -220.71
4 86 -100.308
4 87 -0.341394
4 88 78.7668
4 89 137.661
4 90 177.762
4 91 201.017
4 92 209.659
4 93 206.017
4 94 192.339
4 95 170.719
4 96 143.012
4 97 110.814
4 98 75.5007
4 99 38.2194
4 100 0

5 0 0
5 1 46.0046
5 2 90.7307
5 3 132.809
5 4 170.719
5 5 202.709
5 6 226.771
5 7 240.625
5 8 241.752
5 9 227.481
5 10 195.104
5 11 142.077
5 12 66.2459
5 13 -33.8773
5 14 -158.811
5 15 -307.807
5 16 -478.594
5 17 -667.179
5 18 -867.765
5 19 -1072.83
5 20 -1273.35
5 21 -1459.22
5 22 -1619.85
5 23 -1744.9
5 24 -1825.08
5 25 -1852.99
5 26 -1823.88
5 27 -1736.19
5 28 -1591.91
5 29 -1396.63
5 30 -1159.22
5 31 -891.234
5 32 -606.05
5 33 -317.809
5 34 -40.367
5 35 213.839
5 36 434.624
5 37 614.655
5 38 749.983
5 39 839.794
5 40 886.438
5 41 894.787
5 42 871.612
5 43 824.894
5 44 763.135
5 45 694.707
5 46 627.309
5 47 567.647
5 48 521.091
5 49 491.575
5 50 481.463
5 51 491.575
5 52 521.091
5 53 567.647
5 54 627.309
5 55 694.707
5 56 763.135
5 57 824.894
5 58 871.612
5 59 894.787
5 60 886.438
5 61 839.794
5 62 749.983
5 63 614.655
5 64 434.624
5 65 213.839
5 66 -40.367
5 67 -317.809
5 68 -606.05
5 69 -891.234
5 70 -1159.22
5 71 -1396.63
5 72 -1591.91
5 73 -1736.19
5 74 -1823.88
5 75 -1852.99
5 76 -1825.08
5 77 -1744.9
5 78 -1619.85
5 79 -1459.22
5 80 -1273.35
5 81 -1072.83
5 82 -867.765
5 83 -667.179
5 84 -478.594
5 85 -307.807
5 86 -158.811
5 87 -33.8773
5 88 66.2459
5 89 142.077
5 90 195.104
5 91 227.481
5 92 241.752
5 93 240.625
5 94 226.771
5 95 202.709
5 96 170.719
5 97 132.809
5 98 90.7307
5 99 46.0046
5 100 0

6 0 0
6 1 52.3937
6 2 103.113
6 3 150.405
6 4 192.339
6 5 226.771
6 6 251.287
6 7 263.22
6 8 259.692
6 9 237.703
6 10 194.299
6 11 126.77
6 12 32.9165
6 13 -88.6438
6 14 -238.16
6 15 -414.432
6 16 -614.536
6 17 -833.636
6 18 -1064.93
6 19 -1299.71
6 20 -1527.71
6 21 -1737.49
6 22 -1917.19
6 23 -2055.28
6 24 -2141.47
6 25 -2167.62
6 26 -2128.56
6 27 -2022.72
6 28 -1852.5
6 29 -1624.28
6 30 -1348.15
6 31 -1037.2
6 32 -706.586
6 33 -372.388
6 34 -50.3265
6 35 245.342
6 36 502.878
6 37 713.867
6 38 873.437
6 39 980.62
6 40 1037.82
6 41 1050.48
6 42 1026.26
6 43 974.308
6 44 904.399
6 45 826.236
6 46 748.855
6 47 680.085
6 48 626.3
6 49 592.134
6 50 580.438
6 51 592.134
6 52 626.3
6 53 680.085
6 54 748.855
6 55 826.236
6 56 904.399
6 57 974.308
6 58 1026.26
6 59 1050.48
6 60 1037.82
6 61 980.62
6 62 873.437
6 63 713.867
6 64 502.878
6 65 245.342
6 66 -50.3265
6 67 -372.388
6 68 -706.586
6 69 -1037.2
6 70 -1348.15
6 71 -1624.28
6 72 -1852.5
6 73 -2022.72
6 74 -2128.56
6 75 -2167.62
6 76 -2141.47
6 77 -2055.28
6 78 -1917.19
6 79 -1737.49
6 80 -1527.71
6 81 -1299.71
6 82 -1064.93
6 83 -833.636
6 84 -614.536
6 85 -414.432
6 86 -238.16
6 87 -88.6438
6 88 32.9165
6 89 126.77
6 90 194.299
6 91 237.703
6 92 259.692
6 93 263.22
6 94 251.287
6 95 226.771
6 96 192.339
6 97 150.405
6 98 103.113
6 99 52.3937
6 100 0

7 0 0
7 1 56.9116
7 2 111.704
7 3 162.195
7 4 206.017
7 5 240.625
7 6 263.22
7 7 270.795
7 8 260.196
7 9 228.209
7 10 171.777
7 11 88.1858
7 12 -24.6263
7 13 -167.773
7 14 -341.078
7 15 -542.78
7 16 -769.24
7 17 -1014.81
7 18 -1271.77
7 19 -1530.44
7 20 -1779.58
7 21 -2006.78
7 22 -2199.29
7 23 -2344.82
7 24 -2432.43
7 25 -2453.61
7 26 -2402.98
7 27 -2279.07
7 28 -2084.63
7 29 -1826.74
7 30 -1516.35
7 31 -1167.77
7 32 -797.496
7 33 -423.052
7 34 -61.7168
7 35 270.815
7 36 561.563
7 37 800.935
7 38 983.477
7 39 1107.69
7 40 1176.07
7 41 1194.34
7 42 1170.87
7 43 1115.72
7 44 1039.74
7 45 953.858
7 46 868.224
7 47 791.8
7 48 731.82
7 49 693.673
7 50 680.58
7 51 693.673
7 52 731.82
7 53 791.8
7 54 868.224
7 55 953.858
7 56 1039.74
7 57 1115.72
7 58 1170.87
7 59 1194.34
7 60 1176.07
7 61 1107.69
7 62 983.477
7 63 800.935
7 64 561.563
7 65 270.815
7 66 -61.7168
7 67 -423.052
7 68 -797.496
7 69 -1167.77
7 70 -1516.35
7 71 -1826.74
7 72 -2084.63
7 73 -2279.07
7 74 -2402.98
7 75 -2453.61
7 76 -2432.43
7 77 -2344.82
7 78 -2199.29
7 79 -2006.78
7 80 -1779.58
7 81 -1530.44
7 82 -1271.77
7 83 -1014.81
7 84 -769.24
7 85 -542.78
7 86 -341.078
7 87 -167.773
7 88 -24.6263
7 89 88.1858
7 90 171.777
7 91 228.209
7 92 260.196
7 93 270.795
7 94 263.22
7 95 240.625
7 96 206.017
7 97 162.195
7 98 111.704
7 99 56.9116
7 100 0

8 0 0
8 1 59.0037
8 2 115.406
8 3 166.565
8 4 209.659
8 5 241.752
8 6 259.692
8 7 260.196
8 8 239.928
8 9 195.589
8 10 124.171
8 11 23.1305
8 12 -109.286
8 13 -273.743
8 14 -469.511
8 15 -694.16
8 16 -943.328
8 17 -1210.59
8 18 -1487.48
8 19 -1763.55
8 20 -2026.9
8 21 -2264.54
8 22 -2463.24
8 23 -2610.34
8 24 -2694.73
8 25 -2707.75
8 26 -2644.12
8 27 -2502.5
8 28 -2285.99
8 29 -2002.1
8 30 -1662.44
8 31 -1282.07
8 32 -878.377
8 33 -469.935
8 34 -75.0742
8 35 289.414
8 36 609.443
8 37 874.606
8 38 1078.58
8 39 1219.55
8 40 1299.73
8 41 1325.06
8 42 1304.28
8 43 1248.14
8 44 1168.41
8 45 1076.98
8 46 985.061
8 47 902.533
8 48 837.55
8 49 796.111
8 50 781.899
8 51 796.111
8 52 837.55
8 53 902.533
8 54 985.061
8 55 1076.98
8 56 1168.41
8 57 1248.14
8 58 1304.28
8 59 1325.06
8 60 1299.73
8 61 1219.55
8 62 1078.58
8 63 874.606
8 64 609.443
8 65 289.414
8 66 -75.0742
8 67 -469.935
8 68 -878.377
8 69 -1282.07
8 70 -1662.44
8 71 -2002.1
8 72 -2285.99
8 73 -2502.5
8 74 -2644.12
8 75 -2707.75
8 76 -2694.73
8 77 -2610.34
8 78 -2463.24
8 79 -2264.54
8 80 -2026.9
8 81 -1763.55
8 82 -1487.48
8 83 -1210.59
8 84 -943.328
8 85 -694.16
8 86 -469.511
8 87 -273.743
8 88 -109.286
8 89 23.1305
8 90 124.171
8 91 195.589
8 92 239.928
8 93 260.196
8 94 259.692
8 95 241.752
8 96 209.659
8 97 166.565
8 98 115.406
8 99 59.0037
8 100 0

9 0 0
9 1 58.0602
9 2 113.021
9 3 161.759
9 4 201.017
9 5 227.481
9 6 237.703
9 7 228.209
9 8 195.589
9 9 136.605
9 10 48.4496
9 11 -71.0804
9 12 -223.262
9 13 -408.178
9 14 -624.426
9 15 -868.862
9 16 -1136.4
9 17 -1419.94
9 18 -1710.4
9 19 -1996.89
9 20 -2267.14
9 21 -2507.98
9 22 -2706.14
9 23 -2849.03
9 24 -2925.66
9 25 -2927.63
9 26 -2849.84
9 27 -2691.24
9 28 -2455.16
9 29 -2149.39
9 30 -1785.81
9 31 -1379.83
9 32 -949.316
9 33 -513.353
9 34 -90.9579
9 35 300.308
9 36 645.631
9 37 933.718
9 38 1157.68
9 39 1315.03
9 40 1407.74
9 41 1441.57
9 42 1425.52
9 43 1370.78
9 44 1289.73
9 45 1195.09
9 46 1098.93
9 47 1012.04
9 48 943.291
9 49 899.356
9 50 884.242
9 51 899.356
9 52 943.291
9 53 1012.04
9 54 1098.93
9 55 1195.09
9 56 1289.73
9 57 1370.78
9 58 1425.52
9 59 1441.57
9 60 1407.74
9 61 1315.03
9 62 1157.68
9 63 933.718
9 64 645.631
9 65 300.308
9 66 -90.9579
9 67 -513.353
9 68 -949.316
9 69 -1379.83
9 70 -1785.81
9 71 -2149.39
9 72 -2455.16
9 73 -2691.24
9 74 -2849.84
9 75 -2927.63
9 76 -2925.66
9 77 -2849.03
9 78 -2706.14
9 79 -2507.98
9 80 -2267.14
9 81 -1996.89
9 82 -1710.4
9 83 -1419.94
9 84 -1136.4
9 85 -868.862
9 86 -624.426
9 87 -408.178
9 88 -223.262
9 89 -71.0804
9 90 48.4496
9 91 136.605
9 92 195.589
9 93 228.209
9 94 237.703
9 95 227.481
9 96 201.017
9 97 161.759
9 98 113.021
9 99 58.0602
9 100 0

10 0 0
10 1 53.4295
10 2 103.272
10 3 145.934
10 4 177.762
10 5 195.104
10 6 194.299
10 7 171.777
10 8 124.171
10 9 48.4496
10 10 -57.8491
10 11 -196.426
10 12 -367.95
10 13 -571.794
10 14 -805.822
10 15 -1066.15
10 16 -1347.03
10 17 -1640.82
10 18 -1938.05
10 19 -2227.65
10 20 -2497.36
10 21 -2734.21
10 22 -2925.27
10 23 -3058.41
10 24 -3123.16
10 25 -3111.56
10 26 -3018.94
10 27 -2844.51
10 28 -2591.76
10 29 -2268.5
10 30 -1886.6
10 31 -1461.41
10 32 -1010.78
10 33 -553.923
10 34 -110.089
10 35 302.8
10 36 669.289
10 37 977.543
10 38 1219.89
10 39 1393.31
10 40 1499.18
10 41 1543.1
10 42 1533.89
10 43 1482.93
10 44 1403.1
10 45 1307.67
10 46 1209.45
10 47 1119.95
10 48 1048.8
10 49 1003.14
10 50 987.443
10 51 1003.14
10 52 1048.8
10 53 1119.95
10 54 1209.45
10 55 1307.67
10 56 1403.1
10 57 1482.93
10 58 1533.89
10 59 1543.1
10 60 1499.18
10 61 1393.31
10 62 1219.89
10 63 977.543
10 64 669.289
10 65 302.8
10 66 -110.089
10 67 -553.923
10 68 -1010.78
10 69 -1461.41
10 70 -1886.6
10 71 -2268.5
10 72 -2591.76
10 73 -2844.51
10 74 -3018.94
10 75 -3111.56
10 76 -3123.16
10 77 -3058.41
10 78 -2925.27
10 79 -2734.21
10 80 -2497.36
10 81 -2227.65
10 82 -1938.05
10 83 -1640.82
10 84 -1347.03
10 85 -1066.15
10 86 -805.822
10 87 -571.794
10 88 -367.95
10 89 -196.426
10 90 -57.8491
10 91 48.4496
10 92 124.171
10 93 171.777
10 94 194.299
10 95 195.104
10 96 177.762
10 97 145.934
10 98 103.272
10 99 53.4295
10 100 0

11 0 0
11 1 44.4675
11 2 84.9068
11 3 117.299
11 4 137.661
11 5 142.077
11 6 126.77
11 7 88.1858
11 8 23.1305
11 9 -71.0804
11 10 -196.426
11 11 -353.983
11 12 -543.692
11 13 -764.172
11 14 -1012.51
11 15 -1284.13
11 16 -1572.74
11 17 -1870.32
11 18 -2167.25
11 19 -2452.59
11 20 -2714.41
11 21 -2940.35
11 22 -3118.19
11 23 -3236.6
11 24 -3285.9
11 25 -3258.83
11 26 -3151.2
11 27 -2962.53
11 28 -2696.32
11 29 -2360.21
11 30 -1965.71
11 31 -1527.72
11 32 -1063.67
11 33 -592.44
11 34 -133.117
11 35 296.229
11 36 679.914
11 37 1005.5
11 38 1264.73
11 39 1453.83
11 40 1573.62
11 41 1629.05
11 42 1628.78
11 43 1584.08
11 44 1508
11 45 1414.24
11 46 1316.16
11 47 1225.92
11 48 1153.69
11 49 1107.2
11 50 1091.15
11 51 1107.2
11 52 1153.69
11 53 1225.92
11 54 1316.16
11 55 1414.24
11 56 1508
11 57 1584.08
11 58 1628.78
11 59 1629.05
11 60 1573.62
11 61 1453.83
11 62 1264.73
11 63 1005.5
11 64 679.914
11 65 296.229
11 66 -133.117
11 67 -592.44
11 68 -1063.67
11 69 -1527.72
11 70 -1965.71
11 71 -2360.21
11 72 -2696.32
11 73 -2962.53
11 74 -3151.2
11 75 -3258.83
11 76 -3285.9
11 77 -3236.6
11 78 -3118.19
11 79 -2940.35
11 80 -2714.41
11 81 -2452.59
11 82 -2167.25
11 83 -1870.32
11 84 -1572.74
11 85 -1284.13
11 86 -1012.51
11 87 -764.172
11 88 -543.692
11 89 -353.983
11 90 -196.426
11 91 -71.0804
11 92 23.1305
11 93 88.1858
11 94 126.77
11 95 142.077
11 96 137.661
11 97 117.299
11 98 84.9068
11 99 44.4675
11 100 0

12 0 0
12 1 30.5897
12 2 56.7944
12 3 74.2586
12 4 78.7668
12 5 66.2459
12 6 32.9165
12 7 -24.6263
12 8 -109.286
12 9 -223.262
12 10 -367.95
12 11 -543.692
12 12 -749.666
12 13 -983.696
12 14 -1242.15
12 15 -1519.85
12 16 -1810.1
12 17 -2104.72
12 18 -2394.23
12 19 -2668.09
12 20 -2915.08
12 21 -3123.73
12 22 -3282.9
12 23 -3382.33
12 24 -3413.38
12 25 -3369.59
12 26 -3247.4
12 27 -3046.51
12 28 -2770.36
12 29 -2426.14
12 30 -2024.73
12 31 -1580.22
12 32 -1109.21
12 33 -629.87
12 34 -160.834
12 35 280.119
12 36 677.09
12 37 1017.35
12 38 1291.96
12 39 1496.42
12 40 1630.69
12 41 1699.17
12 42 1709.84
12 43 1673.78
12 44 1603.99
12 45 1514.35
12 46 1418.64
12 47 1329.47
12 48 1257.59
12 49 1211.06
12 50 1195
12 51 1211.06
12 52 1257.59
12 53 1329.47
12 54 1418.64
12 55 1514.35
12 56 1603.99
12 57 1673.78
12 58 1709.84
12 59 1699.17
12 60 1630.69
12 61 1496.42
12 62 1291.96
12 63 1017.35
12 64 677.09
12 65 280.119
12 66 -160.834
12 67 -629.87
12 68 -1109.21
12 69 -1580.22
12 70 -2024.73
12 71 -2426.14
12 72 -2770.36
12 73 -3046.51
12 74 -3247.4
12 75 -3369.59
12 76 -3413.38
12 77 -3382.33
12 78 -3282.9
12 79 -3123.73
12 80 -2915.08
12 81 -2668.09
12 82 -2394.23
12 83 -2104.72
12 84 -1810.1
12 85 -1519.85
12 86 -1242.15
12 87 -983.696
12 88 -749.666
12 89 -543.692
12 90 -367.95
12 91 -223.262
12 92 -109.286
12 93 -24.6263
12 94 32.9165
12 95 66.2459
12 96 78.7668
12 97 74.2586
12 98 56.7944
12 99 30.5897
12 100 0

13 0 0
13 1 11.3379
13 2 18.0599
13 3 15.6066
13 4 -0.341394
13 5 -33.8773
13 6 -88.6438
13 7 -167.773
13 8 -273.743
13 9 -408.178
13 10 -571.794
13 11 -764.172
13 12 -983.696
13 13 -1227.46
13 14 -1491.18
13 15 -1769.26
13 16 -2054.78
13 17 -2339.65
13 18 -2614.79
13 19 -2870.4
13 20 -3096.23
13 21 -3282.05
13 22 -3417.98
13 23 -3495.11
13 24 -3505.96
13 25 -3445.01
13 26 -3309.24
13 27 -3098.59
13 28 -2816.19
13 29 -2468.63
13 30 -2065.84
13 31 -1620.77
13 32 -1148.9
13 33 -667.362
13 34 -193.93
13 35 253.981
13 36 660.678
13 37 1013.05
13 38 1301.63
13 39 1521.04
13 40 1670.46
13 41 1753.26
13 42 1776.86
13 43 1751.73
13 44 1690.66
13 45 1607.55
13 46 1516.37
13 47 1430.13
13 48 1359.93
13 49 1314.26
13 50 1298.42
13 51 1314.26
13 52 1359.93
13 53 1430.13
13 54 1516.37
13 55 1607.55
13 56 1690.66
13 57 1751.73
13 58 1776.86
13 59 1753.26
13 60 1670.46
13 61 1521.04
13 62 1301.63
13 63 1013.05
13 64 660.678
13 65 253.981
13 66 -193.93
13 67 -667.362
13 68 -1148.9
13 69 -1620.77
13 70 -2065.84
13 71 -2468.63
13 72 -2816.19
13 73 -3098.59
13 74 -3309.24
13 75 -3445.01
13 76 -3505.96
13 77 -3495.11
13 78 -3417.98
13 79 -3282.05
13 80 -3096.23
13 81 -2870.4
13 82 -2614.79
13 83 -2339.65
13 84 -2054.78
13 85 -1769.26
13 86 -1491.18
13 87 -1227.46
13 88 -983.696
13 89 -764.172
13 90 -571.794
13 91 -408.178
13 92 -273.743
13 93 -167.773
13 94 -88.6438
13 95 -33.8773
13 96 -0.341394
13 97 15.6066
13 98 18.0599
13 99 11.3379
13 100 0

14 0 0
14 1 -13.5539
14 2 -31.7865
14 3 -59.2802
14 4 -100.308
14 5 -158.811
14 6 -238.16
14 7 -341.078
14 8 -469.511
14 9 -624.426
14 10 -805.822
14 11 -1012.51
14 12 -1242.15
14 13 -1491.18
14 14 -1754.87
14 15 -2027.34
14 16 -2301.72
14 17 -2570.26
14 18 -2824.58
14 19 -3055.85
14 20 -3255.1
14 21 -3413.5
14 22 -3522.71
14 23 -3575.25
14 24 -3564.92
14 25 -3487.11
14 26 -3339.41
14 27 -3121.75
14 28 -2836.92
14 29 -2490.64
14 30 -2091.68
14 31 -1651.62
14 32 -1184.48
14 33 -706.07
14 34 -233.168
14 35 217.588
14 36 630.643
14 37 992.801
14 38 1293.98
14 39 1528.02
14 40 1693.02
14 41 1791.46
14 42 1829.72
14 43 1817.7
14 44 1767.69
14 45 1693.38
14 46 1608.85
14 47 1527.28
14 48 1460.14
14 49 1416.13
14 50 1400.85
14 51 1416.13
14 52 1460.14
14 53 1527.28
14 54 1608.85
14 55 1693.38
14 56 1767.69
14 57 1817.7
14 58 1829.72
14 59 1791.46
14 60 1693.02
14 61 1528.02
14 62 1293.98
14 63 992.801
14 64 630.643
14 65 217.588
14 66 -233.168
14 67 -706.07
14 68 -1184.48
14 69 -1651.62
14 70 -2091.68
14 71 -2490.64
14 72 -2836.92
14 73 -3121.75
14 74 -3339.41
14 75 -3487.11
14 76 -3564.92
14 77 -3575.25
14 78 -3522.71
14 79 -3413.5
14 80 -3255.1
14 81 -3055.85
14 82 -2824.58
14 83 -2570.26
14 84 -2301.72
14 85 -2027.34
14 86 -1754.87
14 87 -1491.18
14 88 -1242.15
14 89 -1012.51
14 90 -805.822
14 91 -624.426
14 92 -469.511
14 93 -341.078
14 94 -238.16
14 95 -158.811
14 96 -100.308
14 97 -59.2802
14 98 -31.7865
14 99 -13.5539
14 100 0

15 0 0
15 1 -44.0612
15 2 -92.6606
15 3 -150.196
15 4 -220.71
15 5 -307.807
15 6 -414.432
15 7 -542.78
15 8 -694.16
15 9 -868.862
15 10 -1066.15
15 11 -1284.13
15 12 -1519.85
15 13 -1769.26
15 14 -2027.34
15 15 -2288.21
15 16 -2545.27
15 17 -2791.42
15 18 -3019.19
15 19 -3221
15 20 -3389.32
15 21 -3516.95
15 22 -3597.14
15 23 -3623.94
15 24 -3592.38
15 25 -3498.84
15 26 -3341.28
15 27 -3119.68
15 28 -2836.22
15 29 -2495.64
15 30 -2105.32
15 31 -1675.24
15 32 -1217.8
15 33 -747.301
15 34 -279.19
15 35 170.634
15 36 587.139
15 37 956.945
15 38 1269.5
15 39 1517.74
15 40 1698.78
15 41 1813.88
15 42 1868.5
15 43 1871.54
15 44 1834.72
15 45 1771.4
15 46 1695.48
15 47 1620.33
15 48 1557.5
15 49 1516
15 50 1501.49
15 51 1516
15 52 1557.5
15 53 1620.33
15 54 1695.48
15 55 1771.4
15 56 1834.72
15 57 1871.54
15 58 1868.5
15 59 1813.88
15 60 1698.78
15 61 1517.74
15 62 1269.5
15 63 956.945
15 64 587.139
15 65 170.634
15 66 -279.19
15 67 -747.301
15 68 -1217.8
15 69 -1675.24
15 70 -2105.32
15 71 -2495.64
15 72 -2836.22
15 73 -3119.68
15 74 -3341.28
15 75 -3498.84
15 76 -3592.38
15 77 -3623.94
15 78 -3597.14
15 79 -3516.95
15 80 -3389.32
15 81 -3221
15 82 -3019.19
15 83 -2791.42
15 84 -2545.27
15 85 -2288.21
15 86 -2027.34
15 87 -1769.26
15 88 -1519.85
15 89 -1284.13
15 90 -1066.15
15 91 -868.862
15 92 -694.16
15 93 -542.78
15 94 -414.432
15 95 -307.807
15 96 -220.71
15 97 -150.196
15 98 -92.6606
15 99 -44.0612
15 100 0

16 0 0
16 1 -79.832
16 2 -163.828
16 3 -255.969
16 4 -359.866
16 5 -478.594
16 6 -614.536
16 7 -769.24
16 8 -943.328
16 9 -1136.4
16 10 -1347.03
16 11 -1572.74
16 12 -1810.1
16 13 -2054.78
16 14 -2301.72
16 15 -2545.27
16 16 -2779.42
16 17 -2997.89
16 18 -3194.42
16 19 -3362.81
16 20 -3497.18
16 21 -3591.96
16 22 -3642.11
16 23 -3643.12
16 24 -3591.3
16 25 -3483.8
16 26 -3318.98
16 27 -3096.6
16 28 -2818.21
16 29 -2487.38
16 30 -2109.98
16 31 -1694.26
16 32 -1250.82
16 33 -792.239
16 34 -332.681
16 35 113.087
16 36 530.406
16 37 905.979
16 38 1228.73
16 39 1490.81
16 40 1688.15
16 41 1820.89
16 42 1893.21
16 43 1913.12
16 44 1891.46
16 45 1841.08
16 46 1775.69
16 47 1708.5
16 48 1651.23
16 49 1612.97
16 50 1599.58
16 51 1612.97
16 52 1651.23
16 53 1708.5
16 54 1775.69
16 55 1841.08
16 56 1891.46
16 57 1913.12
16 58 1893.21
16 59 1820.89
16 60 1688.15
16 61 1490.81
16 62 1228.73
16 63 905.979
16 64 530.406
16 65 113.087
16 66 -332.681
16 67 -792.239
16 68 -1250.82
16 69 -1694.26
16 70 -2109.98
16 71 -2487.38
16 72 -2818.21
16 73 -3096.6
16 74 -3318.98
16 75 -3483.8
16 76 -3591.3
16 77 -3643.12
16 78 -3642.11
16 79 -3591.96
16 80 -3497.18
16 81 -3362.81
16 82 -3194.42
16 83 -2997.89
16 84 -2779.42
16 85 -2545.27
16 86 -2301.72
16 87 -2054.78
16 88 -1810.1
16 89 -1572.74
16 90 -1347.03
16 91 -1136.4
16 92 -943.328
16 93 -769.24
16 94 -614.536
16 95 -478.594
16 96 -359.866
16 97 -255.969
16 98 -163.828
16 99 -79.832
16 100 0

17 0 0
17 1 -120.097
17 2 -243.737
17 3 -374.254
17 4 -514.609
17 5 -667.179
17 6 -833.636
17 7 -1014.81
17 8 -1210.59
17 9 -1419.94
17 10 -1640.82
17 11 -1870.32
17 12 -2104.72
17 13 -2339.65
17 14 -2570.26
17 15 -2791.42
17 16 -2997.89
17 17 -3184.52
17 18 -3346.36
17 19 -3478.79
17 20 -3577.57
17 21 -3638.86
17 22 -3659.19
17 23 -3635.54
17 24 -3565.24
17 25 -3446.22
17 26 -3277.01
17 27 -3057.12
17 28 -2787.28
17 29 -2469.83
17 30 -2109.03
17 31 -1711.33
17 32 -1285.4
17 33 -842.147
17 34 -394.13
17 35 44.8411
17 36 460.81
17 37 840.476
17 38 1172.4
17 39 1447.86
17 40 1661.7
17 41 1812.77
17 42 1904.05
17 43 1942.31
17 44 1937.56
17 45 1901.96
17 46 1848.75
17 47 1791.05
17 48 1740.45
17 49 1706.19
17 50 1694.07
17 51 1706.19
17 52 1740.45
17 53 1791.05
17 54 1848.75
17 55 1901.96
17 56 1937.56
17 57 1942.31
17 58 1904.05
17 59 1812.77
17 60 1661.7
17 61 1447.86
17 62 1172.4
17 63 840.476
17 64 460.81
17 65 44.8411
17 66 -394.13
17 67 -842.147
17 68 -1285.4
17 69 -1711.33
17 70 -2109.03
17 71 -2469.83
17 72 -2787.28
17 73 -3057.12
17 74 -3277.01
17 75 -3446.22
17 76 -3565.24
17 77 -3635.54
17 78 -3659.19
17 79 -3638.86
17 80 -3577.57
17 81 -3478.79
17 82 -3346.36
17 83 -3184.52
17 84 -2997.89
17 85 -2791.42
17 86 -2570.26
17 87 -2339.65
17 88 -2104.72
17 89 -1870.32
17 90 -1640.82
17 91 -1419.94
17 92 -1210.59
17 93 -1014.81
17 94 -833.636
17 95 -667.179
17 96 -514.609
17 97 -374.254
17 98 -243.737
17 99 -120.097
17 100 0

18 0 0
18 1 -163.657
18 2 -329.996
18 3 -501.487
18 4 -680.236
18 5 -867.765
18 6 -1064.93
18 7 -1271.77
18 8 -1487.48
18 9 -1710.4
18 10 -1938.05
18 11 -2167.25
18 12 -2394.23
18 13 -2614.79
18 14 -2824.58
18 15 -3019.19
18 16 -3194.42
18 17 -3346.36
18 18 -3471.54
18 19 -3566.96
18 20 -3630.04
18 21 -3658.57
18 22 -3650.62
18 23 -3604.4
18 24 -3518.25
18 25 -3390.61
18 26 -3220.14
18 27 -3005.92
18 28 -2747.84
18 29 -2446.9
18 30 -2105.75
18 31 -1728.97
18 32 -1323.39
18 33 -898.037
18 34 -464.068
18 35 -33.996
18 36 378.755
18 37 761.116
18 38 1101.22
18 39 1389.62
18 40 1619.99
18 41 1789.94
18 42 1901.1
18 43 1959.06
18 44 1972.69
18 45 1953.44
18 46 1913.99
18 47 1867.06
18 48 1824.23
18 49 1794.58
18 50 1784.04
18 51 1794.58
18 52 1824.23
18 53 1867.06
18 54 1913.99
18 55 1953.44
18 56 1972.69
18 57 1959.06
18 58 1901.1
18 59 1789.94
18 60 1619.99
18 61 1389.62
18 62 1101.22
18 63 761.116
18 64 378.755
18 65 -33.996
18 66 -464.068
18 67 -898.037
18 68 -1323.39
18 69 -1728.97
18 70 -2105.75
18 71 -2446.9
18 72 -2747.84
18 73 -3005.92
18 74 -3220.14
18 75 -3390.61
18 76 -3518.25
18 77 -3604.4
18 78 -3650.62
18 79 -3658.57
18 80 -3630.04
18 81 -3566.96
18 82 -3471.54
18 83 -3346.36
18 84 -3194.42
18 85 -3019.19
18 86 -2824.58
18 87 -2614.79
18 88 -2394.23
18 89 -2167.25
18 90 -1938.05
18 91 -1710.4
18 92 -1487.48
18 93 -1271.77
18 94 -1064.93
18 95 -867.765
18 96 -680.236
18 97 -501.487
18 98 -329.996
18 99 -163.657
18 100 0

19 0 0
19 1 -208.9
19 2 -419.405
19 3 -632.933
19 4 -850.557
19 5 -1072.83
19 6 -1299.71
19 7 -1530.44
19 8 -1763.55
19 9 -1996.89
19 10 -2227.65
19 11 -2452.59
19 12 -2668.09
19 13 -2870.4
19 14 -3055.85
19 15 -3221
19 16 -3362.81
19 17 -3478.79
19 18 -3566.96
19 19 -3625.93
19 20 -3654.7
19 21 -3652.59
19 22 -3619
19 23 -3553.29
19 24 -3454.53
19 25 -3321.61
19 26 -3153.07
19 27 -2947.59
19 28 -2704.07
19 29 -2422.25
19 30 -2103.13
19 31 -1749.53
19 32 -1366.34
19 33 -960.911
19 34 -542.738
19 35 -123.3
19 36 284.785
19 37 668.578
19 38 1016
19 39 1316.79
19 40 1563.62
19 41 1752.79
19 42 1884.56
19 43 1963.19
19 44 1996.52
19 45 1994.97
19 46 1970.58
19 47 1935.67
19 48 1901.49
19 49 1877.11
19 50 1868.3
19 51 1877.11
19 52 1901.49
19 53 1935.67
19 54 1970.58
19 55 1994.97
19 56 1996.52
19 57 1963.19
19 58 1884.56
19 59 1752.79
19 60 1563.62
19 61 1316.79
19 62 1016
19 63 668.578
19 64 284.785
19 65 -123.3
19 66 -542.738
19 67 -960.911
19 68 -1366.34
19 69 -1749.53
19 70 -2103.13
19 71 -2422.25
19 72 -2704.07
19 73 -2947.59
19 74 -3153.07
19 75 -3321.61
19 76 -3454.53
19 77 -3553.29
19 78 -3619
19 79 -3652.59
19 80 -3654.7
19 81 -3625.93
19 82 -3566.96
19 83 -3478.79
19 84 -3362.81
19 85 -3221
19 86 -3055.85
19 87 -2870.4
19 88 -2668.09
19 89 -2452.59
19 90 -2227.65
19 91 -1996.89
19 92 -1763.55
19 93 -1530.44
19 94 -1299.71
19 95 -1072.83
19 96 -850.557
19 97 -632.933
19 98 -419.405
19 99 -208.9
19 100 0

20 0 0
20 1 -253.802
20 2 -507.977
20 3 -762.747
20 4 -1018.03
20 5 -1273.35
20 6 -1527.71
20 7 -1779.58
20 8 -2026.9
20 9 -2267.14
20 10 -2497.36
20 11 -2714.41
20 12 -2915.08
20 13 -3096.23
20 14 -3255.1
20 15 -3389.32
20 16 -3497.18
20 17 -3577.57
20 18 -3630.04
20 19 -3654.7
20 20 -3652.02
20 21 -3622.65
20 22 -3567.18
20 23 -3485.8
20 24 -3378.25
20 25 -3243.55
20 26 -3080.21
20 27 -2886.27
20 28 -2659.77
20 29 -2399.12
20 30 -2103.83
20 31 -1774.91
20 32 -1415.57
20 33 -1031.32
20 34 -630.32
20 35 -222.732
20 36 179.47
20 37 563.696
20 38 917.561
20 39 1230.22
20 40 1493.25
20 41 1701.74
20 42 1854.59
20 43 1954.72
20 44 2008.69
20 45 2025.98
20 46 2017.8
20 47 1995.92
20 48 1971.27
20 49 1952.62
20 50 1945.75
20 51 1952.62
20 52 1971.27
20 53 1995.92
20 54 2017.8
20 55 2025.98
20 56 2008.69
20 57 1954.72
20 58 1854.59
20 59 1701.74
20 60 1493.25
20 61 1230.22
20 62 917.561
20 63 563.696
20 64 179.47
20 65 -222.732
20 66 -630.32
20 67 -1031.32
20 68 -1415.57
20 69 -1774.91
20 70 -2103.83
20 71 -2399.12
20 72 -2659.77
20 73 -2886.27
20 74 -3080.21
20 75 -3243.55
20 76 -3378.25
20 77 -3485.8
20 78 -3567.18
20 79 -3622.65
20 80 -3652.02
20 81 -3654.7
20 82 -3630.04
20 83 -3577.57
20 84 -3497.18
20 85 -3389.32
20 86 -3255.1
20 87 -3096.23
20 88 -2915.08
20 89 -2714.41
20 90 -2497.36
20 91 -2267.14
20 92 -2026.9
20 93 -1779.58
20 94 -1527.71
20 95 -1273.35
20 96 -1018.03
20 97 -762.747
20 98 -507.977
20 99 -253.802
20 100 0

21 0 0
21 1 -296.088
21 2 -591.225
21 3 -884.359
21 4 -1174.21
21 5 -1459.22
21 6 -1737.49
21 7 -2006.78
21 8 -2264.54
21 9 -2507.98
21 10 -2734.21
21 11 -2940.35
21 12 -3123.73
21 13 -3282.05
21 14 -3413.5
21 15 -3516.95
21 16 -3591.96
21 17 -3638.86
21 18 -3658.57
21 19 -3652.59
21 20 -3622.65
21 21 -3570.56
21 22 -3497.77
21 23 -3405.22
21 24 -3292.99
21 25 -3160.26
21 26 -3005.24
21 27 -2825.45
21 28 -2617.97
21 29 -2380.07
21 30 -2109.77
21 31 -1806.54
21 32 -1471.82
21 33 -1109.66
21 34 -726.597
21 35 -331.801
21 36 63.6303
21 37 447.334
21 38 806.864
21 39 1130.7
21 40 1409.58
21 41 1637.31
21 42 1811.46
21 43 1933.57
21 44 2008.95
21 45 2045.95
21 46 2054.93
21 47 2046.95
21 48 2032.48
21 49 2020.09
21 50 2015.3
21 51 2020.09
21 52 2032.48
21 53 2046.95
21 54 2054.93
21 55 2045.95
21 56 2008.95
21 57 1933.57
21 58 1811.46
21 59 1637.31
21 60 1409.58
21 61 1130.7
21 62 806.864
21 63 447.334
21 64 63.6303
21 65 -331.801
21 66 -726.597
21 67 -1109.66
21 68 -1471.82
21 69 -1806.54
21 70 -2109.77
21 71 -2380.07
21 72 -2617.97
21 73 -2825.45
21 74 -3005.24
21 75 -3160.26
21 76 -3292.99
21 77 -3405.22
21 78 -3497.77
21 79 -3570.56
21 80 -3622.65
21 81 -3652.59
21 82 -3658.57
21 83 -3638.86
21 84 -3591.96
21 85 -3516.95
21 86 -3413.5
21 87 -3282.05
21 88 -3123.73
21 89 -2940.35
21 90 -2734.21
21 91 -2507.98
21 92 -2264.54
21 93 -2006.78
21 94 -1737.49
21 95 -1459.22
21 96 -1174.21
21 97 -884.359
21 98 -591.225
21 99 -296.088
21 100 0

22 0 0
22 1 -333.305
22 2 -664.338
22 3 -990.759
22 4 -1310.13
22 5 -1619.85
22 6 -1917.19
22 7 -2199.29
22 8 -2463.24
22 9 -2706.14
22 10 -2925.27
22 11 -3118.19
22 12 -3282.9
22 13 -3417.98
22 14 -3522.71
22 15 -3597.14
22 16 -3642.11
22 17 -3659.19
22 18 -3650.62
22 19 -3619
22 20 -3567.18
22 21 -3497.77
22 22 -3412.98
22 23 -3314.16
22 24 -3201.67
22 25 -3074.61
22 26 -2930.96
22 27 -2767.59
22 28 -2580.81
22 29 -2366.76
22 30 -2122.18
22 31 -1845.05
22 32 -1535.4
22 33 -1195.62
22 34 -831.046
22 35 -449.622
22 36 -61.7433
22 37 320.661
22 38 685
22 39 1019.34
22 40 1313.51
22 41 1560.16
22 42 1755.58
22 43 1899.93
22 44 1997.2
22 45 2054.56
22 46 2081.39
22 47 2088.02
22 48 2084.36
22 49 2078.53
22 50 2075.97
22 51 2078.53
22 52 2084.36
22 53 2088.02
22 54 2081.39
22 55 2054.56
22 56 1997.2
22 57 1899.93
22 58 1755.58
22 59 1560.16
22 60 1313.51
22 61 1019.34
22 62 685
22 63 320.661
22 64 -61.7433
22 65 -449.622
22 66 -831.046
22 67 -1195.62
22 68 -1535.4
22 69 -1845.05
22 70 -2122.18
22 71 -2366.76
22 72 -2580.81
22 73 -2767.59
22 74 -2930.96
22 75 -3074.61
22 76 -3201.67
22 77 -3314.16
22 78 -3412.98
22 79 -3497.77
22 80 -3567.18
22 81 -3619
22 82 -3650.62
22 83 -3659.19
22 84 -3642.11
22 85 -3597.14
22 86 -3522.71
22 87 -3417.98
22 88 -3282.9
22 89 -3118.19
22 90 -2925.27
22 91 -2706.14
22 92 -2463.24
22 93 -2199.29
22 94 -1917.19
22 95 -1619.85
22 96 -1310.13
22 97 -990.759
22 98 -664.338
22 99 -333.305
22 100 0

23 0 0
23 1 -363.037
23 2 -722.566
23 3 -1075.06
23 4 -1417.01
23 5 -1744.9
23 6 -2055.28
23 7 -2344.82
23 8 -2610.34
23 9 -2849.03
23 10 -3058.41
23 11 -3236.6
23 12 -3382.33
23 13 -3495.11
23 14 -3575.25
23 15 -3623.94
23 16 -3643.12
23 17 -3635.54
23 18 -3604.4
23 19 -3553.29
23 20 -3485.8
23 21 -3405.22
23 22 -3314.16
23 23 -3214.3
23 24 -3105.99
23 25 -2988.31
23 26 -2858.82
23 27 -2713.93
23 28 -2549.15
23 29 -2359.72
23 30 -2141.17
23 31 -1890.3
23 32 -1605.65
23 33 -1288.41
23 34 -942.496
23 35 -574.915
23 36 -195.185
23 37 185.103
23 38 553.442
23 39 897.441
23 40 1206.18
23 41 1471.25
23 42 1687.66
23 43 1854.25
23 44 1973.61
23 45 2051.74
23 46 2096.94
23 47 2118.68
23 48 2126.23
23 49 2127.33
23 50 2127.08
23 51 2127.33
23 52 2126.23
23 53 2118.68
23 54 2096.94
23 55 2051.74
23 56 1973.61
23 57 1854.25
23 58 1687.66
23 59 1471.25
23 60 1206.18
23 61 897.441
23 62 553.442
23 63 185.103
23 64 -195.185
23 65 -574.915
23 66 -942.496
23 67 -1288.41
23 68 -1605.65
23 69 -1890.3
23 70 -2141.17
23 71 -2359.72
23 72 -2549.15
23 73 -2713.93
23 74 -2858.82
23 75 -2988.31
23 76 -3105.99
23 77 -3214.3
23 78 -3314.16
23 79 -3405.22
23 80 -3485.8
23 81 -3553.29
23 82 -3604.4
23 83 -3635.54
23 84 -3643.12
23 85 -3623.94
23 86 -3575.25
23 87 -3495.11
23 88 -3382.33
23 89 -3236.6
23 90 -3058.41
23 91 -2849.03
23 92 -2610.34
23 93 -2344.82
23 94 -2055.28
23 95 -1744.9
23 96 -1417.01
23 97 -1075.06
23 98 -722.566
23 99 -363.037
23 100 0

24 0 0
24 1 -383.085
24 2 -761.607
24 3 -1131.02
24 4 -1486.93
24 5 -1825.08
24 6 -2141.47
24 7 -2432.43
24 8 -2694.73
24 9 -2925.66
24 10 -3123.16
24 11 -3285.9
24 12 -3413.38
24 13 -3505.96
24 14 -3564.92
24 15 -3592.38
24 16 -3591.3
24 17 -3565.24
24 18 -3518.25
24 19 -3454.53
24 20 -3378.25
24 21 -3292.99
24 22 -3201.67
24 23 -3105.99
24 24 -3006.35
24 25 -2901.54
24 26 -2788.87
24 27 -2664.23
24 28 -2522.53
24 29 -2358.16
24 30 -2165.74
24 31 -1940.92
24 32 -1681.15
24 33 -1386.26
24 34 -1059.16
24 35 -705.715
24 36 -334.738
24 37 42.6825
24 38 414.064
24 39 766.779
24 40 1089.21
24 41 1371.97
24 42 1608.88
24 43 1797.39
24 44 1938.84
24 45 2037.87
24 46 2101.73
24 47 2138.93
24 48 2158.01
24 49 2166.22
24 50 2168.4
24 51 2166.22
24 52 2158.01
24 53 2138.93
24 54 2101.73
24 55 2037.87
24 56 1938.84
24 57 1797.39
24 58 1608.88
24 59 1371.97
24 60 1089.21
24 61 766.779
24 62 414.064
24 63 42.6825
24 64 -334.738
24 65 -705.715
24 66 -1059.16
24 67 -1386.26
24 68 -1681.15
24 69 -1940.92
24 70 -2165.74
24 71 -2358.16
24 72 -2522.53
24 73 -2664.23
24 74 -2788.87
24 75 -2901.54
24 76 -3006.35
24 77 -3105.99
24 78 -3201.67
24 79 -3292.99
24 80 -3378.25
24 81 -3454.53
24 82 -3518.25
24 83 -3565.24
24 84 -3591.3
24 85 -3592.38
24 86 -3564.92
24 87 -3505.96
24 88 -3413.38
24 89 -3285.9
24 90 -3123.16
24 91 -2925.66
24 92 -2694.73
24 93 -2432.43
24 94 -2141.47
24 95 -1825.08
24 96 -1486.93
24 97 -1131.02
24 98 -761.607
24 99 -383.085
24 100 0

25 0 0
25 1 -391.67
25 2 -777.973
25 3 -1153.61
25 4 -1513.55
25 5 -1852.99
25 6 -2167.62
25 7 -2453.61
25 8 -2707.75
25 9 -2927.63
25 10 -3111.56
25 11 -3258.83
25 12 -3369.59
25 13 -3445.01
25 14 -3487.11
25 15 -3498.84
25 16 -3483.8
25 17 -3446.22
25 18 -3390.61
25 19 -3321.61
25 20 -3243.55
25 21 -3160.26
25 22 -3074.61
25 23 -2988.31
25 24 -2901.54
25 25 -2812.95
25 26 -2719.47
25 27 -2616.65
25 28 -2498.84
25 29 -2359.83
25 30 -2193.44
25 31 -1994.44
25 32 -1759.18
25 33 -1486.53
25 34 -1178.22
25 35 -839.25
25 36 -477.621
25 37 -103.948
25 38 269.492
25 39 629.842
25 40 964.885
25 41 1264.4
25 42 1521.01
25 43 1730.97
25 44 1894.17
25 45 2014.07
25 46 2096.62
25 47 2149.43
25 48 2180.22
25 49 2195.69
25 50 2200.3
25 51 2195.69
25 52 2180.22
25 53 2149.43
25 54 2096.62
25 55 2014.07
25 56 1894.17
25 57 1730.97
25 58 1521.01
25 59 1264.4
25 60 964.885
25 61 629.842
25 62 269.492
25 63 -103.948
25 64 -477.621
25 65 -839.25
25 66 -1178.22
25 67 -1486.53
25 68 -1759.18
25 69 -1994.44
25 70 -2193.44
25 71 -2359.83
25 72 -2498.84
25 73 -2616.65
25 74 -2719.47
25 75 -2812.95
25 76 -2901.54
25 77 -2988.31
25 78 -3074.61
25 79 -3160.26
25 80 -3243.55
25 81 -3321.61
25 82 -3390.61
25 83 -3446.22
25 84 -3483.8
25 85 -3498.84
25 86 -3487.11
25 87 -3445.01
25 88 -3369.59
25 89 -3258.83
25 90 -3111.56
25 91 -2927.63
25 92 -2707.75
25 93 -2453.61
25 94 -2167.62
25 95 -1852.99
25 96 -1513.55
25 97 -1153.61
25 98 -777.973
25 99 -391.67
25 100 0

26 0 0
26 1 -387.607
26 2 -769.362
26 3 -1139.54
26 4 -1492.72
26 5 -1823.88
26 6 -2128.56
26 7 -2402.98
26 8 -2644.12
26 9 -2849.84
26 10 -3018.94
26 11 -3151.2
26 12 -3247.4
26 13 -3309.24
26 14 -3339.41
26 15 -3341.28
26 16 -3318.98
26 17 -3277.01
26 18 -3220.14
26 19 -3153.07
26 20 -3080.21
26 21 -3005.24
26 22 -2930.96
26 23 -2858.82
26 24 -2788.87
26 25 -2719.47
26 26 -2647.34
26 27 -2567.68
26 28 -2474.47
26 29 -2360.99
26 30 -2220.5
26 31 -2046.95
26 32 -1835.95
26 33 -1585.32
26 34 -1295.92
26 35 -971.781
26 36 -620.172
26 37 -251.153
26 38 123.199
26 39 489.91
26 40 836.342
26 41 1151.43
26 42 1426.8
26 43 1657.38
26 44 1841.84
26 45 1982.21
26 46 2083.37
26 47 2151.74
26 48 2194.27
26 49 2217.04
26 50 2224.15
26 51 2217.04
26 52 2194.27
26 53 2151.74
26 54 2083.37
26 55 1982.21
26 56 1841.84
26 57 1657.38
26 58 1426.8
26 59 1151.43
26 60 836.342
26 61 489.91
26 62 123.199
26 63 -251.153
26 64 -620.172
26 65 -971.781
26 66 -1295.92
26 67 -1585.32
26 68 -1835.95
26 69 -2046.95
26 70 -2220.5
26 71 -2360.99
26 72 -2474.47
26 73 -2567.68
26 74 -2647.34
26 75 -2719.47
26 76 -2788.87
26 77 -2858.82
26 78 -2930.96
26 79 -3005.24
26 80 -3080.21
26 81 -3153.07
26 82 -3220.14
26 83 -3277.01
26 84 -3318.98
26 85 -3341.28
26 86 -3339.41
26 87 -3309.24
26 88 -3247.4
26 89 -3151.2
26 90 -3018.94
26 91 -2849.84
26 92 -2644.12
26 93 -2402.98
26 94 -2128.56
26 95 -1823.88
26 96 -1492.72
26 97 -1139.54
26 98 -769.362
26 99 -387.607
26 100 0

27 0 0
27 1 -370.466
27 2 -734.944
27 3 -1087.63
27 4 -1423.04
27 5 -1736.19
27 6 -2022.72
27 7 -2279.07
27 8 -2502.5
27 9 -2691.24
27 10 -2844.51
27 11 -2962.53
27 12 -3046.51
27 13 -3098.59
27 14 -3121.75
27 15 -3119.68
27 16 -3096.6
27 17 -3057.12
27 18 -3005.92
27 19 -2947.59
27 20 -2886.27
27 21 -2825.45
27 22 -2767.59
27 23 -2713.93
27 24 -2664.23
27 25 -2616.65
27 26 -2567.68
27 27 -2512.29
27 28 -2444.22
27 29 -2356.4
27 30 -2241.61
27 31 -2093.3
27 32 -1906.25
27 33 -1677.6
27 34 -1407.25
27 35 -1098.4
27 36 -757.58
27 37 -394.292
27 38 -20.2923
27 39 351.407
27 40 707.786
27 41 1037.12
27 42 1329.99
27 43 1580.22
27 44 1785.11
27 45 1945.47
27 46 2064.81
27 47 2148.57
27 48 2202.75
27 49 2232.76
27 50 2242.35
27 51 2232.76
27 52 2202.75
27 53 2148.57
27 54 2064.81
27 55 1945.47
27 56 1785.11
27 57 1580.22
27 58 1329.99
27 59 1037.12
27 60 707.786
27 61 351.407
27 62 -20.2923
27 63 -394.292
27 64 -757.58
27 65 -1098.4
27 66 -1407.25
27 67 -1677.6
27 68 -1906.25
27 69 -2093.3
27 70 -2241.61
27 71 -2356.4
27 72 -2444.22
27 73 -2512.29
27 74 -2567.68
27 75 -2616.65
27 76 -2664.23
27 77 -2713.93
27 78 -2767.59
27 79 -2825.45
27 80 -2886.27
27 81 -2947.59
27 82 -3005.92
27 83 -3057.12
27 84 -3096.6
27 85 -3119.68
27 86 -3121.75
27 87 -3098.59
27 88 -3046.51
27 89 -2962.53
27 90 -2844.51
27 91 -2691.24
27 92 -2502.5
27 93 -2279.07
27 94 -2022.72
27 95 -1736.19
27 96 -1423.04
27 97 -1087.63
27 98 -734.944
27 99 -370.466
27 100 0

28 0 0
28 1 -340.631
28 2 -675.508
28 3 -999.068
28 4 -1306.1
28 5 -1591.91
28 6 -1852.5
28 7 -2084.63
28 8 -2285.99
28 9 -2455.16
28 10 -2591.76
28 11 -2696.32
28 12 -2770.36
28 13 -2816.19
28 14 -2836.92
28 15 -2836.22
28 16 -2818.21
28 17 -2787.28
28 18 -2747.84
28 19 -2704.07
28 20 -2659.77
28 21 -2617.97
28 22 -2580.81
28 23 -2549.15
28 24 -2522.53
28 25 -2498.84
28 26 -2474.47
28 27 -2444.22
28 28 -2401.67
28 29 -2339.54
28 30 -2250.34
28 31 -2126.98
28 32 -1963.8
28 33 -1757.1
28 34 -1506.07
28 35 -1213.08
28 36 -883.94
28 37 -527.519
28 38 -155.271
28 39 219.873
28 40 584.635
28 41 926.648
28 42 1235.63
28 43 1504.26
28 44 1728.61
28 45 1908.14
28 46 2045.15
28 47 2143.9
28 48 2209.51
28 49 2246.68
28 50 2258.65
28 51 2246.68
28 52 2209.51
28 53 2143.9
28 54 2045.15
28 55 1908.14
28 56 1728.61
28 57 1504.26
28 58 1235.63
28 59 926.648
28 60 584.635
28 61 219.873
28 62 -155.271
28 63 -527.519
28 64 -883.94
28 65 -1213.08
28 66 -1506.07
28 67 -1757.1
28 68 -1963.8
28 69 -2126.98
28 70 -2250.34
28 71 -2339.54
28 72 -2401.67
28 73 -2444.22
28 74 -2474.47
28 75 -2498.84
28 76 -2522.53
28 77 -2549.15
28 78 -2580.81
28 79 -2617.97
28 80 -2659.77
28 81 -2704.07
28 82 -2747.84
28 83 -2787.28
28 84 -2818.21
28 85 -2836.22
28 86 -2836.92
28 87 -2816.19
28 88 -2770.36
