0 0 0
0 1 0
0 2 0
0 3 0
0 4 0
0 5 0
0 6 0
0 7 0
0 8 0
0 9 0
0 10 0
0 11 0
0 12 0
0 13 0
0 14 0
0 15 0
0 16 0
0 17 0
0 18 0
0 19 0
0 20 0
0 21 0
0 22 0
0 23 0
0 24 0
0 25 0
0 26 0
0 27 0
0 28 0
0 29 0
0 30 0
0 31 0
0 32 0
0 33 0
0 34 0
0 35 0
0 36 0
0 37 0
0 38 0
0 39 0
0 40 0
0 41 0
0 42 0
0 43 0
0 44 0
0 45 0
0 46 0
0 47 0
0 48 0
0 49 0
0 50 0
0 51 0
0 52 0
0 53 0
0 54 0
0 55 0
0 56 0
0 57 0
0 58 0
0 59 0
0 60 0
0 61 0
0 62 0
0 63 0
0 64 0
0 65 0
0 66 0
0 67 0
0 68 0
0 69 0
0 70 0
0 71 0
0 72 0
0 73 0
0 74 0
0 75 0
0 76 0
0 77 0
0 78 0
0 79 0
0 80 0
0 81 0
0 82 0
0 83 0
0 84 0
0 85 0
0 86 0
0 87 0
0 88 0
0 89 0
0 90 0
0 91 0
0 92 0
0 93 0
0 94 0
0 95 0
0 96 0
0 97 0
0 98 0
0 99 0
0 100 0

1 0 0
1 1 114.21
1 2 224.796
1 3 328.273
1 4 421.488
1 5 501.712
1 6 566.785
1 7 615.2
1 8 646.149
1 9 659.557
1 10 656.053
1 11 636.914
1 12 603.949
1 13 559.415
1 14 505.822
1 15 445.809
1 16 382.018
1 17 316.895
1 18 252.646
1 19 191.127
1 20 133.767
1 21 81.6147
1 22 35.3086
1 23 -4.85904
1 24 -38.9339
1 25 -67.1582
1 26 -89.9994
1 27 -108.012
1 28 -121.803
1 29 -131.997
1 30 -139.214
1 31 -144.025
1 32 -146.906
1 33 -148.297
1 34 -148.567
1 35 -148.039
1 36 -146.922
1 37 -145.422
1 38 -143.696
1 39 -141.882
1 40 -140.028
1 41 -138.23
1 42 -136.536
1 43 -134.968
1 44 -133.581
1 45 -132.378
1 46 -131.378
1 47 -130.591
1 48 -130.024
1 49 -129.681
1 50 -129.567
1 51 -129.681
1 52 -130.024
1 53 -130.591
1 54 -131.378
1 55 -132.378
1 56 -133.581
1 57 -134.968
1 58 -136.536
1 59 -138.23
1 60 -140.028
1 61 -141.882
1 62 -143.696
1 63 -145.422
1 64 -146.922
1 65 -148.039
1 66 -148.567
1 67 -148.297
1 68 -146.906
1 69 -144.025
1 70 -139.214
1 71 -131.997
1 72 -121.803
1 73 -108.012
1 74 -89.9994
1 75 -67.1582
1 76 -38.9339
1 77 -4.85904
1 78 35.3086
1 79 81.6147
1 80 133.767
1 81 191.127
1 82 252.646
1 83 316.895
1 84 382.018
1 85 445.809
1 86 505.822
1 87 559.415
1 88 603.949
1 89 636.914
1 90 656.053
1 91 659.557
1 92 646.149
1 93 615.2
1 94 566.785
1 95 501.712
1 96 421.488
1 97 328.273
1 98 224.796
1 99 114.21
1 100 0

2 0 0
2 1 224.796
2 2 442.552
2 3 646.5
2 4 830.498
2 5 989.222
2 6 1118.43
2 7 1215.15
2 8 1277.74
2 9 1305.97
2 10 1300.99
2 11 1265.2
2 12 1202.07
2 13 1115.93
2 14 1011.67
2 15 894.428
2 16 769.372
2 17 641.301
2 18 514.575
2 19 392.867
2 20 279.072
2 21 175.3
2 22 82.8804
2 23 2.41672
2 24 -66.1013
2 25 -123.12
2 26 -169.481
2 27 -206.268
2 28 -234.66
2 29 -255.892
2 30 -271.143
2 31 -281.532
2 32 -288.018
2 33 -291.497
2 34 -292.678
2 35 -292.167
2 36 -290.442
2 37 -287.915
2 38 -284.881
2 39 -281.574
2 40 -278.21
2 41 -274.887
2 42 -271.709
2 43 -268.801
2 44 -266.18
2 45 -263.913
2 46 -262.027
2 47 -260.533
2 48 -259.461
2 49 -258.809
2 50 -258.594
2 51 -258.809
2 52 -259.461
2 53 -260.533
2 54 -262.027
2 55 -263.913
2 56 -266.18
2 57 -268.801
2 58 -271.709
2 59 -274.887
2 60 -278.21
2 61 -281.574
2 62 -284.881
2 63 -287.915
2 64 -290.442
2 65 -292.167
2 66 -292.678
2 67 -291.497
2 68 -288.018
2 69 -281.532
2 70 -271.143
2 71 -255.892
2 72 -234.66
2 73 -206.268
2 74 -169.481
2 75 -123.12
2 76 -66.1013
2 77 2.41672
2 78 82.8804
2 79 175.3
2 80 279.072
2 81 392.867
2 82 514.575
2 83 641.301
2 84 769.372
2 85 894.428
2 86 1011.67
2 87 1115.93
2 88 1202.07
2 89 1265.2
2 90 1300.99
2 91 1305.97
2 92 1277.74
2 93 1215.15
2 94 1118.43
2 95 989.222
2 96 830.498
2 97 646.5
2 98 442.552
2 99 224.796
2 100 0

3 0 0
3 1 328.273
3 2 646.5
3 3 945.023
3 4 1215.03
3 5 1448.86
3 6 1640.34
3 7 1785.07
3 8 1880.54
3 9 1926.25
3 10 1923.65
3 11 1876
3 12 1788.12
3 13 1666.12
3 14 1516.93
3 15 1347.93
3 16 1166.56
3 17 979.847
3 18 794.182
3 19 615.023
3 20 446.697
3 21 292.441
3 22 154.326
3 23 33.4198
3 24 -70.1604
3 25 -156.952
3 26 -228.116
3 27 -285.125
3 28 -329.664
3 29 -363.474
3 30 -388.304
3 31 -405.771
3 32 -417.298
3 33 -424.16
3 34 -427.445
3 35 -428.084
3 36 -426.761
3 37 -424.084
3 38 -420.523
3 39 -416.49
3 40 -412.186
3 41 -407.878
3 42 -403.733
3 43 -399.836
3 44 -396.345
3 45 -393.287
3 46 -390.73
3 47 -388.706
3 48 -387.242
3 49 -386.355
3 50 -386.061
3 51 -386.355
3 52 -387.242
3 53 -388.706
3 54 -390.73
3 55 -393.287
3 56 -396.345
3 57 -399.836
3 58 -403.733
3 59 -407.878
3 60 -412.186
3 61 -416.49
3 62 -420.523
3 63 -424.084
3 64 -426.761
3 65 -428.084
3 66 -427.445
3 67 -424.16
3 68 -417.298
3 69 -405.771
3 70 -388.304
3 71 -363.474
3 72 -329.664
3 73 -285.125
3 74 -228.116
3 75 -156.952
3 76 -70.1604
3 77 33.4198
3 78 154.326
3 79 292.441
3 80 446.697
3 81 615.023
3 82 794.182
3 83 979.847
3 84 1166.56
3 85 1347.93
3 86 1516.93
3 87 1666.12
3 88 1788.12
3 89 1876
3 90 1923.65
3 91 1926.25
3 92 1880.54
3 93 1785.07
3 94 1640.34
3 95 1448.86
3 96 1215.03
3 97 945.023
3 98 646.5
3 99 328.273
3 100 0

4 0 0
4 1 421.488
4 2 830.498
4 3 1215.03
4 4 1564.06
4 5 1867.94
4 6 2118.82
4 7 2310.96
4 8 2440.93
4 9 2507.78
4 10 2512.95
4 11 2460.19
4 12 2355.26
4 13 2205.57
4 14 2019.7
4 15 1806.86
4 16 1576.45
4 17 1337.46
4 18 1098.16
4 19 865.677
4 20 645.824
4 21 442.973
4 22 260.089
4 23 98.7665
4 24 -40.5428
4 25 -158.37
4 26 -255.962
4 27 -335.108
4 28 -397.859
4 29 -446.431
4 30 -482.99
4 31 -509.611
4 32 -528.151
4 33 -540.285
4 34 -547.431
4 35 -550.77
4 36 -551.289
4 37 -549.778
4 38 -546.892
4 39 -543.088
4 40 -538.818
4 41 -534.329
4 42 -529.855
4 43 -525.631
4 44 -521.731
4 45 -518.308
4 46 -515.417
4 47 -513.11
4 48 -511.44
4 49 -510.423
4 50 -510.084
4 51 -510.423
4 52 -511.44
4 53 -513.11
4 54 -515.417
4 55 -518.308
4 56 -521.731
4 57 -525.631
4 58 -529.855
4 59 -534.329
4 60 -538.818
4 61 -543.088
4 62 -546.892
4 63 -549.778
4 64 -551.289
4 65 -550.77
4 66 -547.431
4 67 -540.285
4 68 -528.151
4 69 -509.611
4 70 -482.99
4 71 -446.431
4 72 -397.859
4 73 -335.108
4 74 -255.962
4 75 -158.37
4 76 -40.5428
4 77 98.7665
4 78 260.089
4 79 442.973
4 80 645.824
4 81 865.677
4 82 1098.16
4 83 1337.46
4 84 1576.45
4 85 1806.86
4 86 2019.7
4 87 2205.57
4 88 2355.26
4 89 2460.19
4 90 2512.95
4 91 2507.78
4 92 2440.93
4 93 2310.96
4 94 2118.82
4 95 1867.94
4 96 1564.06
4 97 1215.03
4 98 830.498
4 99 421.488
4 100 0

5 0 0
5 1 501.712
5 2 989.222
5 3 1448.86
5 4 1867.94
5 5 2235.29
5 6 2541.68
5 7 2780.14
5 8 2946.3
5 9 3038.51
5 10 3057.91
5 11 3008.27
5 12 2895.77
5 13 2728.6
5 14 2516.4
5 15 2269.79
5 16 1999.66
5 17 1716.7
5 18 1430.76
5 19 1150.59
5 20 883.398
5 21 634.801
5 22 408.703
5 23 207.457
5 24 31.9602
5 25 -118.059
5 26 -243.835
5 27 -347.232
5 28 -430.59
5 29 -496.405
5 30 -547.237
5 31 -585.504
5 32 -613.482
5 33 -633.161
5 34 -646.281
5 35 -654.314
5 36 -658.476
5 37 -659.781
5 38 -659.002
5 39 -656.831
5 40 -653.711
5 41 -650.076
5 42 -646.237
5 43 -642.393
5 44 -638.796
5 45 -635.537
5 46 -632.75
5 47 -630.509
5 48 -628.863
5 49 -627.864
5 50 -627.526
5 51 -627.864
5 52 -628.863
5 53 -630.509
5 54 -632.75
5 55 -635.537
5 56 -638.796
5 57 -642.393
5 58 -646.237
5 59 -650.076
5 60 -653.711
5 61 -656.831
5 62 -659.002
5 63 -659.781
5 64 -658.476
5 65 -654.314
5 66 -646.281
5 67 -633.161
5 68 -613.482
5 69 -585.504
5 70 -547.237
5 71 -496.405
5 72 -430.59
5 73 -347.232
5 74 -243.835
5 75 -118.059
5 76 31.9602
5 77 207.457
5 78 408.703
5 79 634.801
5 80 883.398
5 81 1150.59
5 82 1430.76
5 83 1716.7
5 84 1999.66
5 85 2269.79
5 86 2516.4
5 87 2728.6
5 88 2895.77
5 89 3008.27
5 90 3057.91
5 91 3038.51
5 92 2946.3
5 93 2780.14
5 94 2541.68
5 95 2235.29
5 96 1867.94
5 97 1448.86
5 98 989.222
5 99 501.712
5 100 0

6 0 0
6 1 566.785
6 2 1118.43
6 3 1640.34
6 4 2118.82
6 5 2541.68
6 6 2898.63
6 7 3181.65
6 8 3385.4
6 9 3507.34
6 10 3547.94
6 11 3510.52
6 12 3401.13
6 13 3228.08
6 14 3001.56
6 15 2732.93
6 16 2434.17
6 17 2117.19
6 18 1793.28
6 19 1472.5
6 20 1163.51
6 21 873.098
6 22 606.307
6 23 366.326
6 24 154.773
6 25 -28.2517
6 26 -183.687
6 27 -313.375
6 28 -419.686
6 29 -505.327
6 30 -573.082
6 31 -625.691
6 32 -665.723
6 33 -695.456
6 34 -716.936
6 35 -731.875
6 36 -741.76
6 37 -747.734
6 38 -750.835
6 39 -751.78
6 40 -751.245
6 41 -749.699
6 42 -747.526
6 43 -745.073
6 44 -742.521
6 45 -740.122
6 46 -737.973
6 47 -736.205
6 48 -734.886
6 49 -734.075
6 50 -733.8
6 51 -734.075
6 52 -734.886
6 53 -736.205
6 54 -737.973
6 55 -740.122
6 56 -742.521
6 57 -745.073
6 58 -747.526
6 59 -749.699
6 60 -751.245
6 61 -751.78
6 62 -750.835
6 63 -747.734
6 64 -741.76
6 65 -731.875
6 66 -716.936
6 67 -695.456
6 68 -665.723
6 69 -625.691
6 70 -573.082
6 71 -505.327
6 72 -419.686
6 73 -313.375
6 74 -183.687
6 75 -28.2517
6 76 154.773
6 77 366.326
6 78 606.307
6 79 873.098
6 80 1163.51
6 81 1472.5
6 82 1793.28
6 83 2117.19
6 84 2434.17
6 85 2732.93
6 86 3001.56
6 87 3228.08
6 88 3401.13
6 89 3510.52
6 90 3547.94
6 91 3507.34
6 92 3385.4
6 93 3181.65
6 94 2898.63
6 95 2541.68
6 96 2118.82
6 97 1640.34
6 98 1118.43
6 99 566.785
6 100 0

7 0 0
7 1 615.2
7 2 1215.15
7 3 1785.07
7 4 2310.96
7 5 2780.14
7 6 3181.65
7 7 3506.63
7 8 3748.76
7 9 3904.47
7 10 3973.18
7 11 3957.32
7 12 3862.17
7 13 3695.64
7 14 3467.73
7 15 3190.05
7 16 2875.04
7 17 2535.48
7 18 2183.63
7 19 1830.8
7 20 1486.85
7 21 1159.88
7 22 856.034
7 23 579.578
7 24 332.9
7 25 116.812
7 26 -69.2204
7 27 -226.716
7 28 -358.016
7 29 -465.807
7 30 -553.022
7 31 -622.543
7 32 -677.207
7 33 -719.546
7 34 -751.821
7 35 -775.984
7 36 -793.711
7 37 -806.427
7 38 -815.194
7 39 -820.985
7 40 -824.529
7 41 -826.435
7 42 -827.172
7 43 -827.1
7 44 -826.558
7 45 -825.737
7 46 -824.854
7 47 -824.036
7 48 -823.375
7 49 -822.96
7 50 -822.81
7 51 -822.96
7 52 -823.375
7 53 -824.036
7 54 -824.854
7 55 -825.737
7 56 -826.558
7 57 -827.1
7 58 -827.172
7 59 -826.435
7 60 -824.529
7 61 -820.985
7 62 -815.194
7 63 -806.427
7 64 -793.711
7 65 -775.984
7 66 -751.821
7 67 -719.546
7 68 -677.207
7 69 -622.543
7 70 -553.022
7 71 -465.807
7 72 -358.016
7 73 -226.716
7 74 -69.2204
7 75 116.812
7 76 332.9
7 77 579.578
7 78 856.034
7 79 1159.88
7 80 1486.85
7 81 1830.8
7 82 2183.63
7 83 2535.48
7 84 2875.04
7 85 3190.05
7 86 3467.73
7 87 3695.64
7 88 3862.17
7 89 3957.32
7 90 3973.18
7 91 3904.47
7 92 3748.76
7 93 3506.63
7 94 3181.65
7 95 2780.14
7 96 2310.96
7 97 1785.07
7 98 1215.15
7 99 615.2
7 100 0

8 0 0
8 1 646.149
8 2 1277.74
8 3 1880.54
8 4 2440.93
8 5 2946.3
8 6 3385.4
8 7 3748.76
8 8 4029.14
8 9 4221.8
8 10 4324.87
8 11 4339.41
8 12 4269.48
8 13 4121.9
8 14 3905.92
8 15 3632.69
8 16 3314.67
8 17 2964.91
8 18 2596.37
8 19 2221.26
8 20 1850.58
8 21 1493.57
8 22 1157.63
8 23 848.097
8 24 568.43
8 25 320.218
8 26 103.619
8 27 -82.4984
8 28 -240.109
8 29 -371.811
8 30 -480.486
8 31 -569.158
8 32 -640.758
8 33 -697.984
8 34 -743.306
8 35 -778.881
8 36 -806.6
8 37 -827.941
8 38 -844.261
8 39 -856.579
8 40 -865.763
8 41 -872.521
8 42 -877.403
8 43 -880.866
8 44 -883.23
8 45 -884.839
8 46 -885.859
8 47 -886.502
8 48 -886.872
8 49 -887.06
8 50 -887.118
8 51 -887.06
8 52 -886.872
8 53 -886.502
8 54 -885.859
8 55 -884.839
8 56 -883.23
8 57 -880.866
8 58 -877.403
8 59 -872.521
8 60 -865.763
8 61 -856.579
8 62 -844.261
8 63 -827.941
8 64 -806.6
8 65 -778.881
8 66 -743.306
8 67 -697.984
8 68 -640.758
8 69 -569.158
8 70 -480.486
8 71 -371.811
8 72 -240.109
8 73 -82.4984
8 74 103.619
8 75 320.218
8 76 568.43
8 77 848.097
8 78 1157.63
8 79 1493.57
8 80 1850.58
8 81 2221.26
8 82 2596.37
8 83 2964.91
8 84 3314.67
8 85 3632.69
8 86 3905.92
8 87 4121.9
8 88 4269.48
8 89 4339.41
8 90 4324.87
8 91 4221.8
8 92 4029.14
8 93 3748.76
8 94 3385.4
8 95 2946.3
8 96 2440.93
8 97 1880.54
8 98 1277.74
8 99 646.149
8 100 0

9 0 0
9 1 659.557
9 2 1305.97
9 3 1926.25
9 4 2507.78
9 5 3038.51
9 6 3507.34
9 7 3904.47
9 8 4221.8
9 9 4453.42
9 10 4595.89
9 11 4648.63
9 12 4613.94
9 13 4497.08
9 14 4305.92
9 15 4050.62
9 16 3743.02
9 17 3396.03
9 18 3022.81
9 19 2636.25
9 20 2248.15
9 21 1868.95
9 22 1507.15
9 23 1169.37
9 24 860.078
9 25 581.961
9 26 335.916
9 27 121.522
9 28 -62.7901
9 29 -219.285
9 30 -350.738
9 31 -460.095
9 32 -550.33
9 33 -624.276
9 34 -684.514
9 35 -733.373
9 36 -772.817
9 37 -804.613
9 38 -830.109
9 39 -850.508
9 40 -866.791
9 41 -879.734
9 42 -889.965
9 43 -897.996
9 44 -904.256
9 45 -909.032
9 46 -912.642
9 47 -915.242
9 48 -917.003
9 49 -918.021
9 50 -918.351
9 51 -918.021
9 52 -917.003
9 53 -915.242
9 54 -912.642
9 55 -909.032
9 56 -904.256
9 57 -897.996
9 58 -889.965
9 59 -879.734
9 60 -866.791
9 61 -850.508
9 62 -830.109
9 63 -804.613
9 64 -772.817
9 65 -733.373
9 66 -684.514
9 67 -624.276
9 68 -550.33
9 69 -460.095
9 70 -350.738
9 71 -219.285
9 72 -62.7901
9 73 121.522
9 74 335.916
9 75 581.961
9 76 860.078
9 77 1169.37
9 78 1507.15
9 79 1868.95
9 80 2248.15
9 81 2636.25
9 82 3022.81
9 83 3396.03
9 84 3743.02
9 85 4050.62
9 86 4305.92
9 87 4497.08
9 88 4613.94
9 89 4648.63
9 90 4595.89
9 91 4453.42
9 92 4221.8
9 93 3904.47
9 94 3507.34
9 95 3038.51
9 96 2507.78
9 97 1926.25
9 98 1305.97
9 99 659.557
9 100 0

10 0 0
10 1 656.053
10 2 1300.99
10 3 1923.65
10 4 2512.95
10 5 3057.91
10 6 3547.94
10 7 3973.18
10 8 4324.87
10 9 4595.89
10 10 4781.21
10 11 4878.27
10 12 4887.36
10 13 4811.63
10 14 4657.15
10 15 4432.49
10 16 4148.41
10 17 3817.07
10 18 3451.56
10 19 3064.93
10 20 2669.7
10 21 2277.17
10 22 1897.06
10 23 1537.06
10 24 1202.96
10 25 898.447
10 26 625.475
10 27 384.335
10 28 174.159
10 29 -6.95787
10 30 -161.446
10 31 -292.136
10 32 -401.922
10 33 -493.676
10 34 -570.061
10 35 -633.461
10 36 -686.035
10 37 -729.537
10 38 -765.539
10 39 -795.3
10 40 -819.864
10 41 -840.102
10 42 -856.725
10 43 -870.27
10 44 -881.202
10 45 -889.91
10 46 -896.653
10 47 -901.689
10 48 -905.171
10 49 -907.209
10 50 -907.89
10 51 -907.209
10 52 -905.171
10 53 -901.689
10 54 -896.653
10 55 -889.91
10 56 -881.202
10 57 -870.27
10 58 -856.725
10 59 -840.102
10 60 -819.864
10 61 -795.3
10 62 -765.539
10 63 -729.537
10 64 -686.035
10 65 -633.461
10 66 -570.061
10 67 -493.676
10 68 -401.922
10 69 -292.136
10 70 -161.446
10 71 -6.95787
10 72 174.159
10 73 384.335
10 74 625.475
10 75 898.447
10 76 1202.96
10 77 1537.06
10 78 1897.06
10 79 2277.17
10 80 2669.7
10 81 3064.93
10 82 3451.56
10 83 3817.07
10 84 4148.41
10 85 4432.49
10 86 4657.15
10 87 4811.63
10 88 4887.36
10 89 4878.27
10 90 4781.21
10 91 4595.89
10 92 4324.87
10 93 3973.18
10 94 3547.94
10 95 3057.91
10 96 2512.95
10 97 1923.65
10 98 1300.99
10 99 656.053
10 100 0

11 0 0
11 1 636.914
11 2 1265.2
11 3 1876
11 4 2460.19
11 5 3008.27
11 6 3510.52
11 7 3957.32
11 8 4339.41
11 9 4648.63
11 10 4878.27
11 11 5023.77
11 12 5083.09
11 13 5057.05
11 14 4949.39
11 15 4766.76
11 16 4518.22
11 17 4214.9
11 18 3869.17
11 19 3494.09
11 20 3102.43
11 21 2706.3
11 22 2316.3
11 23 1941.38
11 24 1588.46
11 25 1262.48
11 26 966.372
11 27 701.415
11 28 467.436
11 29 263.164
11 30 86.5177
11 31 -65.057
11 32 -194.309
11 33 -304.055
11 34 -396.944
11 35 -475.479
11 36 -541.773
11 37 -597.762
11 38 -645.038
11 39 -684.937
11 40 -718.599
11 41 -746.915
11 42 -770.644
11 43 -790.386
11 44 -806.644
11 45 -819.77
11 46 -830.149
11 47 -837.954
11 48 -843.426
11 49 -846.65
11 50 -847.721
11 51 -846.65
11 52 -843.426
11 53 -837.954
11 54 -830.149
11 55 -819.77
11 56 -806.644
11 57 -790.386
11 58 -770.644
11 59 -746.915
11 60 -718.599
11 61 -684.937
11 62 -645.038
11 63 -597.762
11 64 -541.773
11 65 -475.479
11 66 -396.944
11 67 -304.055
11 68 -194.309
11 69 -65.057
11 70 86.5177
11 71 263.164
11 72 467.436
11 73 701.415
11 74 966.372
11 75 1262.48
11 76 1588.46
11 77 1941.38
11 78 2316.3
11 79 2706.3
11 80 3102.43
11 81 3494.09
11 82 3869.17
11 83 4214.9
11 84 4518.22
11 85 4766.76
11 86 4949.39
11 87 5057.05
11 88 5083.09
11 89 5023.77
11 90 4878.27
11 91 4648.63
11 92 4339.41
11 93 3957.32
11 94 3510.52
11 95 3008.27
11 96 2460.19
11 97 1876
11 98 1265.2
11 99 636.914
11 100 0

12 0 0
12 1 603.949
12 2 1202.07
12 3 1788.12
12 4 2355.26
12 5 2895.77
12 6 3401.13
12 7 3862.17
12 8 4269.48
12 9 4613.94
12 10 4887.36
12 11 5083.09
12 12 5196.74
12 13 5226.52
12 14 5173.7
12 15 5042.49
12 16 4840.03
12 17 4575.83
12 18 4261.3
12 19 3908.94
12 20 3531.62
12 21 3141.85
12 22 2751.13
12 23 2369.37
12 24 2004.73
12 25 1663.26
12 26 1349.09
12 27 1064.46
12 28 810.094
12 29 585.319
12 30 388.603
12 31 217.753
12 32 70.2446
12 33 -56.6216
12 34 -165.496
12 35 -258.75
12 36 -338.637
12 37 -407.076
12 38 -465.731
12 39 -515.98
12 40 -558.977
12 41 -595.669
12 42 -626.847
12 43 -653.108
12 44 -674.981
12 45 -692.873
12 46 -707.086
12 47 -717.91
12 48 -725.508
12 49 -730.013
12 50 -731.515
12 51 -730.013
12 52 -725.508
12 53 -717.91
12 54 -707.086
12 55 -692.873
12 56 -674.981
12 57 -653.108
12 58 -626.847
12 59 -595.669
12 60 -558.977
12 61 -515.98
12 62 -465.731
12 63 -407.076
12 64 -338.637
12 65 -258.75
12 66 -165.496
12 67 -56.6216
12 68 70.2446
12 69 217.753
12 70 388.603
12 71 585.319
12 72 810.094
12 73 1064.46
12 74 1349.09
12 75 1663.26
12 76 2004.73
12 77 2369.37
12 78 2751.13
12 79 3141.85
12 80 3531.62
12 81 3908.94
12 82 4261.3
12 83 4575.83
12 84 4840.03
12 85 5042.49
12 86 5173.7
12 87 5226.52
12 88 5196.74
12 89 5083.09
12 90 4887.36
12 91 4613.94
12 92 4269.48
12 93 3862.17
12 94 3401.13
12 95 2895.77
12 96 2355.26
12 97 1788.12
12 98 1202.07
12 99 603.949
12 100 0

13 0 0
13 1 559.415
13 2 1115.93
13 3 1666.12
13 4 2205.57
13 5 2728.6
13 6 3228.08
13 7 3695.64
13 8 4121.9
13 9 4497.08
13 10 4811.63
13 11 5057.05
13 12 5226.52
13 13 5315.73
13 14 5323.16
13 15 5250.5
13 16 5102.52
13 17 4886.88
13 18 4613.54
13 19 4294.21
13 20 3941.43
13 21 3567.92
13 22 3185.72
13 23 2805.71
13 24 2437.04
13 25 2087
13 26 1760.78
13 27 1461.74
13 28 1191.42
13 29 949.992
13 30 736.465
13 31 549.086
13 32 385.597
13 33 243.493
13 34 120.304
13 35 13.5848
13 36 -78.8277
13 37 -158.869
13 38 -228.236
13 39 -288.323
13 40 -340.291
13 41 -385.096
13 42 -423.524
13 43 -456.214
13 44 -483.657
13 45 -506.253
13 46 -524.358
13 47 -538.171
13 48 -547.93
13 49 -553.73
13 50 -555.654
13 51 -553.73
13 52 -547.93
13 53 -538.171
13 54 -524.358
13 55 -506.253
13 56 -483.657
13 57 -456.214
13 58 -423.524
13 59 -385.096
13 60 -340.291
13 61 -288.323
13 62 -228.236
13 63 -158.869
13 64 -78.8277
13 65 13.5848
13 66 120.304
13 67 243.493
13 68 385.597
13 69 549.086
13 70 736.465
13 71 949.992
13 72 1191.42
13 73 1461.74
13 74 1760.78
13 75 2087
13 76 2437.04
13 77 2805.71
13 78 3185.72
13 79 3567.92
13 80 3941.43
13 81 4294.21
13 82 4613.54
13 83 4886.88
13 84 5102.52
13 85 5250.5
13 86 5323.16
13 87 5315.73
13 88 5226.52
13 89 5057.05
13 90 4811.63
13 91 4497.08
13 92 4121.9
13 93 3695.64
13 94 3228.08
13 95 2728.6
13 96 2205.57
13 97 1666.12
13 98 1115.93
13 99 559.415
13 100 0

14 0 0
14 1 505.822
14 2 1011.67
14 3 1516.93
14 4 2019.7
14 5 2516.4
14 6 3001.56
14 7 3467.73
14 8 3905.92
14 9 4305.92
14 10 4657.15
14 11 4949.39
14 12 5173.7
14 13 5323.16
14 14 5393.6
14 15 5383.93
14 16 5296.47
14 17 5136.65
14 18 4912.79
14 19 4635.33
14 20 4316.29
14 21 3968.18
14 22 3603.48
14 23 3233.69
14 24 2868.98
14 25 2517.62
14 26 2186.02
14 27 1878.49
14 28 1597.57
14 29 1344.21
14 30 1118.06
14 31 917.847
14 32 741.649
14 33 587.244
14 34 452.216
14 35 334.292
14 36 231.32
14 37 141.341
14 38 62.7169
14 39 -5.95719
14 40 -65.8365
14 41 -117.879
14 42 -162.842
14 43 -201.345
14 44 -233.879
14 45 -260.837
14 46 -282.49
14 47 -299.132
14 48 -310.878
14 49 -317.894
14 50 -320.22
14 51 -317.894
14 52 -310.878
14 53 -299.132
14 54 -282.49
14 55 -260.837
14 56 -233.879
14 57 -201.345
14 58 -162.842
14 59 -117.879
14 60 -65.8365
14 61 -5.95719
14 62 62.7169
14 63 141.341
14 64 231.32
14 65 334.292
14 66 452.216
14 67 587.244
14 68 741.649
14 69 917.847
14 70 1118.06
14 71 1344.21
14 72 1597.57
14 73 1878.49
14 74 2186.02
14 75 2517.62
14 76 2868.98
14 77 3233.69
14 78 3603.48
14 79 3968.18
14 80 4316.29
14 81 4635.33
14 82 4912.79
14 83 5136.65
14 84 5296.47
14 85 5383.93
14 86 5393.6
14 87 5323.16
14 88 5173.7
14 89 4949.39
14 90 4657.15
14 91 4305.92
14 92 3905.92
14 93 3467.73
14 94 3001.56
14 95 2516.4
14 96 2019.7
14 97 1516.93
14 98 1011.67
14 99 505.822
14 100 0

15 0 0
15 1 445.809
15 2 894.428
15 3 1347.93
15 4 1806.86
15 5 2269.79
15 6 2732.93
15 7 3190.05
15 8 3632.69
15 9 4050.62
15 10 4432.49
15 11 4766.76
15 12 5042.49
15 13 5250.5
15 14 5383.93
15 15 5439.05
15 16 5415.49
15 17 5316.41
15 18 5148.08
15 19 4919.58
15 20 4641.88
15 21 4327.21
15 22 3988.05
15 23 3636.49
15 24 3283.35
15 25 2937.98
15 26 2607.72
15 27 2298
15 28 2012.24
15 29 1752.24
15 30 1518.29
15 31 1309.64
15 32 1124.79
15 33 961.692
15 34 818.204
15 35 692.087
15 36 581.245
15 37 483.802
15 38 398.114
15 39 322.774
15 40 256.685
15 41 198.894
15 42 148.677
15 43 105.424
15 44 68.7119
15 45 38.1584
15 46 13.4929
15 47 -5.47528
15 48 -18.9341
15 49 -26.9652
15 50 -29.6326
15 51 -26.9652
15 52 -18.9341
15 53 -5.47528
15 54 13.4929
15 55 38.1584
15 56 68.7119
15 57 105.424
15 58 148.677
15 59 198.894
15 60 256.685
15 61 322.774
15 62 398.114
15 63 483.802
15 64 581.245
15 65 692.087
15 66 818.204
15 67 961.692
15 68 1124.79
15 69 1309.64
15 70 1518.29
15 71 1752.24
15 72 2012.24
15 73 2298
15 74 2607.72
15 75 2937.98
15 76 3283.35
15 77 3636.49
15 78 3988.05
15 79 4327.21
15 80 4641.88
15 81 4919.58
15 82 5148.08
15 83 5316.41
15 84 5415.49
15 85 5439.05
15 86 5383.93
15 87 5250.5
15 88 5042.49
15 89 4766.76
15 90 4432.49
15 91 4050.62
15 92 3632.69
15 93 3190.05
15 94 2732.93
15 95 2269.79
15 96 1806.86
15 97 1347.93
15 98 894.428
15 99 445.809
15 100 0

16 0 0
16 1 382.018
16 2 769.372
16 3 1166.56
16 4 1576.45
16 5 1999.66
16 6 2434.17
16 7 2875.04
16 8 3314.67
16 9 3743.02
16 10 4148.41
16 11 4518.22
16 12 4840.03
16 13 5102.52
16 14 5296.47
16 15 5415.49
16 16 5456.69
16 17 5420.65
16 18 5311.63
16 19 5136.92
16 20 4906.41
16 21 4631.56
16 22 4324.79
16 23 3998.32
16 24 3663.68
16 25 3330.97
16 26 3008.56
16 27 2702.74
16 28 2417.92
16 29 2156.68
16 30 1920.02
16 31 1707.71
16 32 1518.58
16 33 1350.97
16 34 1202.87
16 35 1072.11
16 36 956.729
16 37 854.833
16 38 764.836
16 39 685.36
16 40 615.297
16 41 553.748
16 42 500.024
16 43 453.559
16 44 413.941
16 45 380.855
16 46 354.083
16 47 333.4
16 48 318.737
16 49 309.952
16 50 307.038
16 51 309.952
16 52 318.737
16 53 333.4
16 54 354.083
16 55 380.855
16 56 413.941
16 57 453.559
16 58 500.024
16 59 553.748
16 60 615.297
16 61 685.36
16 62 764.836
16 63 854.833
16 64 956.729
16 65 1072.11
16 66 1202.87
16 67 1350.97
16 68 1518.58
16 69 1707.71
16 70 1920.02
16 71 2156.68
16 72 2417.92
16 73 2702.74
16 74 3008.56
16 75 3330.97
16 76 3663.68
16 77 3998.32
16 78 4324.79
16 79 4631.56
16 80 4906.41
16 81 5136.92
16 82 5311.63
16 83 5420.65
16 84 5456.69
16 85 5415.49
16 86 5296.47
16 87 5102.52
16 88 4840.03
16 89 4518.22
16 90 4148.41
16 91 3743.02
16 92 3314.67
16 93 2875.04
16 94 2434.17
16 95 1999.66
16 96 1576.45
16 97 1166.56
16 98 769.372
16 99 382.018
16 100 0

17 0 0
17 1 316.895
17 2 641.301
17 3 979.847
17 4 1337.46
17 5 1716.7
17 6 2117.19
17 7 2535.48
17 8 2964.91
17 9 3396.03
17 10 3817.07
17 11 4214.9
17 12 4575.83
17 13 4886.88
17 14 5136.65
17 15 5316.41
17 16 5420.65
17 17 5447.61
17 18 5399.22
17 19 5281.01
17 20 5101.34
17 21 4870.91
17 22 4601.59
17 23 4305.77
17 24 3995.3
17 25 3681.03
17 26 3372.07
17 27 3075.68
17 28 2797.13
17 29 2539.79
17 30 2305.31
17 31 2093.97
17 32 1905.09
17 33 1737.23
17 34 1588.52
17 35 1456.98
17 36 1340.64
17 37 1237.68
17 38 1146.5
17 39 1065.75
17 40 994.347
17 41 931.413
17 42 876.28
17 43 828.438
17 44 787.52
17 45 753.241
17 46 725.408
17 47 703.904
17 48 688.584
17 49 679.432
17 50 676.376
17 51 679.432
17 52 688.584
17 53 703.904
17 54 725.408
17 55 753.241
17 56 787.52
17 57 828.438
17 58 876.28
17 59 931.413
17 60 994.347
17 61 1065.75
17 62 1146.5
17 63 1237.68
17 64 1340.64
17 65 1456.98
17 66 1588.52
17 67 1737.23
17 68 1905.09
17 69 2093.97
17 70 2305.31
17 71 2539.79
17 72 2797.13
17 73 3075.68
17 74 3372.07
17 75 3681.03
17 76 3995.3
17 77 4305.77
17 78 4601.59
17 79 4870.91
17 80 5101.34
17 81 5281.01
17 82 5399.22
17 83 5447.61
17 84 5420.65
17 85 5316.41
17 86 5136.65
17 87 4886.88
17 88 4575.83
17 89 4214.9
17 90 3817.07
17 91 3396.03
17 92 2964.91
17 93 2535.48
17 94 2117.19
17 95 1716.7
17 96 1337.46
17 97 979.847
17 98 641.301
17 99 316.895
17 100 0

18 0 0
18 1 252.646
18 2 514.575
18 3 794.182
18 4 1098.16
18 5 1430.76
18 6 1793.28
18 7 2183.63
18 8 2596.37
18 9 3022.81
18 10 3451.56
18 11 3869.17
18 12 4261.3
18 13 4613.54
18 14 4912.79
18 15 5148.08
18 16 5311.63
18 17 5399.22
18 18 5410.61
18 19 5349.27
18 20 5222.1
18 21 5038.57
18 22 4810.06
18 23 4548.69
18 24 4266.64
18 25 3975.16
18 26 3684.18
18 27 3401.74
18 28 3133.94
18 29 2884.87
18 30 2656.86
18 31 2450.76
18 32 2266.22
18 33 2102.06
18 34 1956.65
18 35 1828.04
18 36 1714.33
18 37 1613.7
18 38 1524.56
18 39 1445.55
18 40 1375.57
18 41 1313.78
18 42 1259.53
18 43 1212.34
18 44 1171.86
18 45 1137.88
18 46 1110.24
18 47 1088.81
18 48 1073.56
18 49 1064.41
18 50 1061.37
18 51 1064.41
18 52 1073.56
18 53 1088.81
18 54 1110.24
18 55 1137.88
18 56 1171.86
18 57 1212.34
18 58 1259.53
18 59 1313.78
18 60 1375.57
18 61 1445.55
18 62 1524.56
18 63 1613.7
18 64 1714.33
18 65 1828.04
18 66 1956.65
18 67 2102.06
18 68 2266.22
18 69 2450.76
18 70 2656.86
18 71 2884.87
18 72 3133.94
18 73 3401.74
18 74 3684.18
18 75 3975.16
18 76 4266.64
18 77 4548.69
18 78 4810.06
18 79 5038.57
18 80 5222.1
18 81 5349.27
18 82 5410.61
18 83 5399.22
18 84 5311.63
18 85 5148.08
18 86 4912.79
18 87 4613.54
18 88 4261.3
18 89 3869.17
18 90 3451.56
18 91 3022.81
18 92 2596.37
18 93 2183.63
18 94 1793.28
18 95 1430.76
18 96 1098.16
18 97 794.182
18 98 514.575
18 99 252.646
18 100 0

19 0 0
19 1 191.127
19 2 392.867
19 3 615.023
19 4 865.677
19 5 1150.59
19 6 1472.5
19 7 1830.8
19 8 2221.26
19 9 2636.25
19 10 3064.93
19 11 3494.09
19 12 3908.94
19 13 4294.21
19 14 4635.33
19 15 4919.58
19 16 5136.92
19 17 5281.01
19 18 5349.27
19 19 5343.25
19 20 5268.11
19 21 5132.15
19 22 4945.82
19 23 4721.01
19 24 4469.87
19 25 4204.09
19 26 3934.17
19 27 3668.91
19 28 3415.14
19 29 3177.68
19 30 2959.53
19 31 2762.03
19 32 2585.19
19 33 2428.16
19 34 2289.35
19 35 2166.98
19 36 2059.12
19 37 1963.97
19 38 1879.87
19 39 1805.45
19 40 1739.58
19 41 1681.42
19 42 1630.3
19 43 1585.78
19 44 1547.54
19 45 1515.36
19 46 1489.14
19 47 1468.8
19 48 1454.27
19 49 1445.58
19 50 1442.67
19 51 1445.58
19 52 1454.27
19 53 1468.8
19 54 1489.14
19 55 1515.36
19 56 1547.54
19 57 1585.78
19 58 1630.3
19 59 1681.42
19 60 1739.58
19 61 1805.45
19 62 1879.87
19 63 1963.97
19 64 2059.12
19 65 2166.98
19 66 2289.35
19 67 2428.16
19 68 2585.19
19 69 2762.03
19 70 2959.53
19 71 3177.68
19 72 3415.14
19 73 3668.91
19 74 3934.17
19 75 4204.09
19 76 4469.87
19 77 4721.01
19 78 4945.82
19 79 5132.15
19 80 5268.11
19 81 5343.25
19 82 5349.27
19 83 5281.01
19 84 5136.92
19 85 4919.58
19 86 4635.33
19 87 4294.21
19 88 3908.94
19 89 3494.09
19 90 3064.93
19 91 2636.25
19 92 2221.26
19 93 1830.8
19 94 1472.5
19 95 1150.59
19 96 865.677
19 97 615.023
19 98 392.867
19 99 191.127
19 100 0

20 0 0
20 1 133.767
20 2 279.072
20 3 446.697
20 4 645.824
20 5 883.398
20 6 1163.51
20 7 1486.85
20 8 1850.58
20 9 2248.15
20 10 2669.7
20 11 3102.43
20 12 3531.62
20 13 3941.43
20 14 4316.29
20 15 4641.88
20 16 4906.41
20 17 5101.34
20 18 5222.1
20 19 5268.11
20 20 5242.9
20 21 5153.26
20 22 5008.82
20 23 4820.87
20 24 4601.55
20 25 4362.75
20 26 4115.47
20 27 3869.15
20 28 3631.34
20 29 3407.61
20 30 3201.5
20 31 3014.86
20 32 2848.14
20 33 2700.63
20 34 2570.98
20 35 2457.42
20 36 2358
20 37 2270.88
20 38 2194.35
20 39 2126.97
20 40 2067.55
20 41 2015.2
20 42 1969.27
20 43 1929.25
20 44 1894.86
20 45 1865.9
20 46 1842.27
20 47 1823.9
20 48 1810.8
20 49 1802.92
20 50 1800.32
20 51 1802.92
20 52 1810.8
20 53 1823.9
20 54 1842.27
20 55 1865.9
20 56 1894.86
20 57 1929.25
20 58 1969.27
20 59 2015.2
20 60 2067.55
20 61 2126.97
20 62 2194.35
20 63 2270.88
20 64 2358
20 65 2457.42
20 66 2570.98
20 67 2700.63
20 68 2848.14
20 69 3014.86
20 70 3201.5
20 71 3407.61
20 72 3631.34
20 73 3869.15
20 74 4115.47
20 75 4362.75
20 76 4601.55
20 77 4820.87
20 78 5008.82
20 79 5153.26
20 80 5242.9
20 81 5268.11
20 82 5222.1
20 83 5101.34
20 84 4906.41
20 85 4641.88
20 86 4316.29
20 87 3941.43
20 88 3531.62
20 89 3102.43
20 90 2669.7
20 91 2248.15
20 92 1850.58
20 93 1486.85
20 94 1163.51
20 95 883.398
20 96 645.824
20 97 446.697
20 98 279.072
20 99 133.767
20 100 0

21 0 0
21 1 81.6147
21 2 175.3
21 3 292.441
21 4 442.973
21 5 634.801
21 6 873.098
21 7 1159.88
21 8 1493.57
21 9 1868.95
21 10 2277.17
21 11 2706.3
21 12 3141.85
21 13 3567.92
21 14 3968.18
21 15 4327.21
21 16 4631.56
21 17 4870.91
21 18 5038.57
21 19 5132.15
21 20 5153.26
21 21 5107.37
21 22 5002.96
21 23 4850.76
21 24 4662.6
21 25 4450.55
21 26 4225.99
21 27 3998.98
21 28 3777.7
21 29 3568.37
21 30 3375.17
21 31 3200.49
21 32 3045.03
21 33 2908.42
21 34 2789.41
21 35 2686.26
21 36 2597
21 37 2519.7
21 38 2452.56
21 39 2394.03
21 40 2342.86
21 41 2298.05
21 42 2258.89
21 43 2224.89
21 44 2195.7
21 45 2171.11
21 46 2151.05
21 47 2135.45
21 48 2124.29
21 49 2117.61
21 50 2115.37
21 51 2117.61
21 52 2124.29
21 53 2135.45
21 54 2151.05
21 55 2171.11
21 56 2195.7
21 57 2224.89
21 58 2258.89
21 59 2298.05
21 60 2342.86
21 61 2394.03
21 62 2452.56
21 63 2519.7
21 64 2597
21 65 2686.26
21 66 2789.41
21 67 2908.42
21 68 3045.03
21 69 3200.49
21 70 3375.17
21 71 3568.37
21 72 3777.7
21 73 3998.98
21 74 4225.99
21 75 4450.55
21 76 4662.6
21 77 4850.76
21 78 5002.96
21 79 5107.37
21 80 5153.26
21 81 5132.15
21 82 5038.57
21 83 4870.91
21 84 4631.56
21 85 4327.21
21 86 3968.18
21 87 3567.92
21 88 3141.85
21 89 2706.3
21 90 2277.17
21 91 1868.95
21 92 1493.57
21 93 1159.88
21 94 873.098
21 95 634.801
21 96 442.973
21 97 292.441
21 98 175.3
21 99 81.6147
21 100 0

22 0 0
22 1 35.3086
22 2 82.8804
22 3 154.326
22 4 260.089
22 5 408.703
22 6 606.307
22 7 856.034
22 8 1157.63
22 9 1507.15
22 10 1897.06
22 11 2316.3
22 12 2751.13
22 13 3185.72
22 14 3603.48
22 15 3988.05
22 16 4324.79
22 17 4601.59
22 18 4810.06
22 19 4945.82
22 20 5008.82
22 21 5002.96
22 22 4935.64
22 23 4816.78
22 24 4657.91
22 25 4471.11
22 26 4268.1
22 27 4059.43
22 28 3853.91
22 29 3658.43
22 30 3477.8
22 31 3314.79
22 32 3170.6
22 33 3045.06
22 34 2937.07
22 35 2844.87
22 36 2766.48
22 37 2699.85
22 38 2643.07
22 39 2594.44
22 40 2552.58
22 41 2516.42
22 42 2485.12
22 43 2458.13
22 44 2435.07
22 45 2415.7
22 46 2399.9
22 47 2387.62
22 48 2378.86
22 49 2373.57
22 50 2371.84
22 51 2373.57
22 52 2378.86
22 53 2387.62
22 54 2399.9
22 55 2415.7
22 56 2435.07
22 57 2458.13
22 58 2485.12
22 59 2516.42
22 60 2552.58
22 61 2594.44
22 62 2643.07
22 63 2699.85
22 64 2766.48
22 65 2844.87
22 66 2937.07
22 67 3045.06
22 68 3170.6
22 69 3314.79
22 70 3477.8
22 71 3658.43
22 72 3853.91
22 73 4059.43
22 74 4268.1
22 75 4471.11
22 76 4657.91
22 77 4816.78
22 78 4935.64
22 79 5002.96
22 80 5008.82
22 81 4945.82
22 82 4810.06
22 83 4601.59
22 84 4324.79
22 85 3988.05
22 86 3603.48
22 87 3185.72
22 88 2751.13
22 89 2316.3
22 90 1897.06
22 91 1507.15
22 92 1157.63
22 93 856.034
22 94 606.307
22 95 408.703
22 96 260.089
22 97 154.326
22 98 82.8804
22 99 35.3086
22 100 0

23 0 0
23 1 -4.85904
23 2 2.41672
23 3 33.4198
23 4 98.7665
23 5 207.457
23 6 366.326
23 7 579.578
23 8 848.097
23 9 1169.37
23 10 1537.06
23 11 1941.38
23 12 2369.37
23 13 2805.71
23 14 3233.69
23 15 3636.49
23 16 3998.32
23 17 4305.77
23 18 4548.69
23 19 4721.01
23 20 4820.87
23 21 4850.76
23 22 4816.78
23 23 4728.05
23 24 4595.69
23 25 4431.71
23 26 4248.05
23 27 4055.69
23 28 3864.12
23 29 3680.85
23 30 3511.19
23 31 3358.56
23 32 3224.49
23 33 3109.08
23 34 3011.35
23 35 2929.61
23 36 2861.79
23 37 2805.72
23 38 2759.34
23 39 2720.82
23 40 2688.6
23 41 2661.46
23 42 2638.47
23 43 2618.97
23 44 2602.49
23 45 2588.76
23 46 2577.61
23 47 2568.97
23 48 2562.79
23 49 2559.11
23 50 2557.85
23 51 2559.11
23 52 2562.79
23 53 2568.97
23 54 2577.61
23 55 2588.76
23 56 2602.49
23 57 2618.97
23 58 2638.47
23 59 2661.46
23 60 2688.6
23 61 2720.82
23 62 2759.34
23 63 2805.72
23 64 2861.79
23 65 2929.61
23 66 3011.35
23 67 3109.08
23 68 3224.49
23 69 3358.56
23 70 3511.19
23 71 3680.85
23 72 3864.12
23 73 4055.69
23 74 4248.05
23 75 4431.71
23 76 4595.69
23 77 4728.05
23 78 4816.78
23 79 4850.76
23 80 4820.87
23 81 4721.01
23 82 4548.69
23 83 4305.77
23 84 3998.32
23 85 3636.49
23 86 3233.69
23 87 2805.71
23 88 2369.37
23 89 1941.38
23 90 1537.06
23 91 1169.37
23 92 848.097
23 93 579.578
23 94 366.326
23 95 207.457
23 96 98.7665
23 97 33.4198
23 98 2.41672
23 99 -4.85904
23 100 0

24 0 0
24 1 -38.9339
24 2 -66.1013
24 3 -70.1604
24 4 -40.5428
24 5 31.9602
24 6 154.773
24 7 332.9
24 8 568.43
24 9 860.078
24 10 1202.96
24 11 1588.46
24 12 2004.73
24 13 2437.04
24 14 2868.98
24 15 3283.35
24 16 3663.68
24 17 3995.3
24 18 4266.64
24 19 4469.87
24 20 4601.55
24 21 4662.6
24 22 4657.91
24 23 4595.69
24 24 4486.55
24 25 4342.32
24 26 4175.11
24 27 3996.38
24 28 3816.19
24 29 3642.54
24 30 3481.53
24 31 3336.99
24 32 3210.96
24 33 3103.79
24 34 3014.65
24 35 2941.9
24 36 2883.4
24 37 2836.89
24 38 2800.12
24 39 2771.09
24 40 2748.07
24 41 2729.66
24 42 2714.79
24 43 2702.67
24 44 2692.75
24 45 2684.67
24 46 2678.2
24 47 2673.24
24 48 2669.72
24 49 2667.6
24 50 2666.92
24 51 2667.6
24 52 2669.72
24 53 2673.24
24 54 2678.2
24 55 2684.67
24 56 2692.75
24 57 2702.67
24 58 2714.79
24 59 2729.66
24 60 2748.07
24 61 2771.09
24 62 2800.12
24 63 2836.89
24 64 2883.4
24 65 2941.9
24 66 3014.65
24 67 3103.79
24 68 3210.96
24 69 3336.99
24 70 3481.53
24 71 3642.54
24 72 3816.19
24 73 3996.38
24 74 4175.11
24 75 4342.32
24 76 4486.55
24 77 4595.69
24 78 4657.91
24 79 4662.6
24 80 4601.55
24 81 4469.87
24 82 4266.64
24 83 3995.3
24 84 3663.68
24 85 3283.35
24 86 2868.98
24 87 2437.04
24 88 2004.73
24 89 1588.46
24 90 1202.96
24 91 860.078
24 92 568.43
24 93 332.9
24 94 154.773
24 95 31.9602
24 96 -40.5428
24 97 -70.1604
24 98 -66.1013
24 99 -38.9339
24 100 0

25 0 0
25 1 -67.1582
25 2 -123.12
25 3 -156.952
25 4 -158.37
25 5 -118.059
25 6 -28.2517
25 7 116.812
25 8 320.218
25 9 581.961
25 10 898.447
25 11 1262.48
25 12 1663.26
25 13 2087
25 14 2517.62
25 15 2937.98
25 16 3330.97
25 17 3681.03
25 18 3975.16
25 19 4204.09
25 20 4362.75
25 21 4450.55
25 22 4471.11
25 23 4431.71
25 24 4342.32
25 25 4214.56
25 26 4060.7
25 27 3892.56
25 28 3720.6
25 29 3553.65
25 30 3398.3
25 31 3259.04
25 32 3138.28
25 33 3036.74
25 34 2953.77
25 35 2887.8
25 36 2836.64
25 37 2797.92
25 38 2769.22
25 39 2748.37
25 40 2733.43
25 41 2722.82
25 42 2715.3
25 43 2709.96
25 44 2706.1
25 45 2703.29
25 46 2701.22
25 47 2699.72
25 48 2698.7
25 49 2698.12
25 50 2697.9
25 51 2698.12
25 52 2698.7
25 53 2699.72
25 54 2701.22
25 55 2703.29
25 56 2706.1
25 57 2709.96
25 58 2715.3
25 59 2722.82
25 60 2733.43
25 61 2748.37
25 62 2769.22
25 63 2797.92
25 64 2836.64
25 65 2887.8
25 66 2953.77
25 67 3036.74
25 68 3138.28
25 69 3259.04
25 70 3398.3
25 71 3553.65
25 72 3720.6
25 73 3892.56
25 74 4060.7
25 75 4214.56
25 76 4342.32
25 77 4431.71
25 78 4471.11
25 79 4450.55
25 80 4362.75
25 81 4204.09
25 82 3975.16
25 83 3681.03
25 84 3330.97
25 85 2937.98
25 86 2517.62
25 87 2087
25 88 1663.26
25 89 1262.48
25 90 898.447
25 91 581.961
25 92 320.218
25 93 116.812
25 94 -28.2517
25 95 -118.059
25 96 -158.37
25 97 -156.952
25 98 -123.12
25 99 -67.1582
25 100 0

26 0 0
26 1 -89.9994
26 2 -169.481
26 3 -228.116
26 4 -255.962
26 5 -243.835
26 6 -183.687
26 7 -69.2204
26 8 103.619
26 9 335.916
26 10 625.475
26 11 966.372
26 12 1349.09
26 13 1760.78
26 14 2186.02
26 15 2607.72
26 16 3008.56
26 17 3372.07
26 18 3684.18
26 19 3934.17
26 20 4115.47
26 21 4225.99
26 22 4268.1
26 23 4248.05
26 24 4175.11
26 25 4060.7
26 26 3917.1
26 27 3756.35
26 28 3589.58
26 29 3426.14
26 30 3273.32
26 31 3136.14
26 32 3017.58
26 33 2918.66
26 34 2839
26 35 2777.08
26 36 2730.77
26 37 2697.53
26 38 2674.84
26 39 2660.3
26 40 2651.81
26 41 2647.58
26 42 2646.2
26 43 2646.58
26 44 2647.94
26 45 2649.68
26 46 2651.45
26 47 2652.99
26 48 2654.19
26 49 2654.91
26 50 2655.19
26 51 2654.91
26 52 2654.19
26 53 2652.99
26 54 2651.45
26 55 2649.68
26 56 2647.94
26 57 2646.58
26 58 2646.2
26 59 2647.58
26 60 2651.81
26 61 2660.3
26 62 2674.84
26 63 2697.53
26 64 2730.77
26 65 2777.08
26 66 2839
26 67 2918.66
26 68 3017.58
26 69 3136.14
26 70 3273.32
26 71 3426.14
26 72 3589.58
26 73 3756.35
26 74 3917.1
26 75 4060.7
26 76 4175.11
26 77 4248.05
26 78 4268.1
26 79 4225.99
26 80 4115.47
26 81 3934.17
26 82 3684.18
26 83 3372.07
26 84 3008.56
26 85 2607.72
26 86 2186.02
26 87 1760.78
26 88 1349.09
26 89 966.372
26 90 625.475
26 91 335.916
26 92 103.619
26 93 -69.2204
26 94 -183.687
26 95 -243.835
26 96 -255.962
26 97 -228.116
26 98 -169.481
26 99 -89.9994
26 100 0

27 0 0
27 1 -108.012
27 2 -206.268
27 3 -285.125
27 4 -335.108
27 5 -347.232
27 6 -313.375
27 7 -226.716
27 8 -82.4984
27 9 121.522
27 10 384.335
27 11 701.415
27 12 1064.46
27 13 1461.74
27 14 1878.49
27 15 2298
27 16 2702.74
27 17 3075.68
27 18 3401.74
27 19 3668.91
27 20 3869.15
27 21 3998.98
27 22 4059.43
27 23 4055.69
27 24 3996.38
27 25 3892.56
27 26 3756.35
27 27 3600.22
27 28 3435.7
27 29 3272.79
27 30 3119.39
27 31 2981.21
27 32 2861.67
27 33 2762.28
27 34 2682.87
27 35 2622.12
27 36 2577.85
27 37 2547.51
27 38 2528.43
27 39 2518.05
27 40 2514.04
27 41 2514.44
27 42 2517.66
27 43 2522.45
27 44 2527.87
27 45 2533.23
27 46 2538.08
27 47 2542.08
27 48 2545.05
27 49 2546.9
27 50 2547.49
27 51 2546.9
27 52 2545.05
27 53 2542.08
27 54 2538.08
27 55 2533.23
27 56 2527.87
27 57 2522.45
27 58 2517.66
27 59 2514.44
27 60 2514.04
27 61 2518.05
27 62 2528.43
27 63 2547.51
27 64 2577.85
27 65 2622.12
27 66 2682.87
27 67 2762.28
27 68 2861.67
27 69 2981.21
27 70 3119.39
27 71 3272.79
27 72 3435.7
27 73 3600.22
27 74 3756.35
27 75 3892.56
27 76 3996.38
27 77 4055.69
27 78 4059.43
27 79 3998.98
27 80 3869.15
27 81 3668.91
27 82 3401.74
27 83 3075.68
27 84 2702.74
27 85 2298
27 86 1878.49
27 87 1461.74
27 88 1064.46
27 89 701.415
27 90 384.335
27 91 121.522
27 92 -82.4984
27 93 -226.716
27 94 -313.375
27 95 -347.232
27 96 -335.108
27 97 -285.125
27 98 -206.268
27 99 -108.012
27 100 0

28 0 0
28 1 -121.803
28 2 -234.66
28 3 -329.664
28 4 -397.859
28 5 -430.59
28 6 -419.686
28 7 -358.016
28 8 -240.109
28 9 -62.7901
28 10 174.159
28 11 467.436
28 12 810.094
28 13 1191.42
28 14 1597.57
28 15 2012.24
28 16 2417.92
28 17 2797.13
28 18 3133.94
28 19 3415.14
28 20 3631.34
28 21 3777.7
28 22 3853.91
28 23 3864.12
28 24 3816.19
28 25 3720.6
28 26 3589.58
28 27 3435.7
28 28 3270.99
28 29 3105.99
28 30 2949.31
28 31 2807.24
28 32 2683.85
28 33 2581.01
28 34 2498.95
28 35 2436.46
28 36 2391.49
28 37 2361.42
28 38 2343.48
28 39 2334.93
28 40 2333.31
28 41 2336.46
28 42 2342.58
28 43 2350.3
28 44 2358.51
28 45 2366.42
28 46 2373.46
28 47 2379.26
28 48 2383.55
28 49 2386.17
28 50 2387.08
28 51 2386.17
28 52 2383.55
28 53 2379.26
28 54 2373.46
28 55 2366.42
28 56 2358.51
28 57 2350.3
28 58 2342.58
28 59 2336.46
28 60 2333.31
28 61 2334.93
28 62 2343.48
28 63 2361.42
28 64 2391.49
28 65 2436.46
28 66 2498.95
28 67 2581.01
28 68 2683.85
28 69 2807.24
28 70 2949.31
28 71 3105.99
28 72 3270.99
28 73 3435.7
28 74 3589.58
28 75 3720.6
28 76 3816.19
28 77 3864.12
28 78 3853.91
28 79 3777.7
28 80 3631.34
28 81 3415.14
28 82 3133.94
28 83 2797.13
28 84 2417.92
28 85 2012.24
28 86 1597.57
28 87 1191.42
28 88 810.094
28 89 467.436
28 90 174.159
28 91 -62.7901
28 92 -240.109
28 93 -358.016
28 94 -419.686
28 95 -430.59
28 96 -397.859
28 97 -329.664
28 98 -234.66
28 99 -121.803
28 100 0

29 0 0
29 1 -131.997
29 2 -255.892
29 3 -363.474
29 4 -446.431
29 5 -496.405
29 6 -505.327
29 7 -465.807
29 8 -371.811
29 9 -219.285
29 10 -6.95787
29 11 263.164
29 12 585.319
29 13 949.992
29 14 1344.21
29 15 1752.24
29 16 2156.68
29 17 2539.79
29 18 2884.87
29 19 3177.68
29 20 3407.61
29 21 3568.37
29 22 3658.43
29 23 3680.85
29 24 3642.54
29 25 3553.65
29 26 3426.14
29 27 3272.79
29 28 3105.99
29 29 2936.9
29 30 2774.72
29 31 2626.46
29 32 2496.7
29 33 2387.89
29 34 2300.54
29 35 2233.75
29 36 2185.5
29 37 2153.24
29 38 2134.07
29 39 2125.18
29 40 2123.89
29 41 2127.9
29 42 2135.25
29 43 2144.39
29 44 2154.09
29 45 2163.46
29 46 2171.81
29 47 2178.69
29 48 2183.79
29 49 2186.94
29 50 2187.97
29 51 2186.94
29 52 2183.79
29 53 2178.69
29 54 2171.81
29 55 2163.46
29 56 2154.09
29 57 2144.39
29 58 2135.25
29 59 2127.9
