0 0 0
0 1 0
0 2 0
0 3 0
0 4 0
0 5 0
0 6 0
0 7 0
0 8 0
0 9 0
0 10 0
0 11 0
0 12 0
0 13 0
0 14 0
0 15 0
0 16 0
0 17 0
0 18 0
0 19 0
0 20 0
0 21 0
0 22 0
0 23 0
0 24 0
0 25 0
0 26 0
0 27 0
0 28 0
0 29 0
0 30 0
0 31 0
0 32 0
0 33 0
0 34 0
0 35 0
0 36 0
0 37 0
0 38 0
0 39 0
0 40 0
0 41 0
0 42 0
0 43 0
0 44 0
0 45 0
0 46 0
0 47 0
0 48 0
0 49 0
0 50 0
0 51 0
0 52 0
0 53 0
0 54 0
0 55 0
0 56 0
0 57 0
0 58 0
0 59 0
0 60 0
0 61 0
0 62 0
0 63 0
0 64 0
0 65 0
0 66 0
0 67 0
0 68 0
0 69 0
0 70 0
0 71 0
0 72 0
0 73 0
0 74 0
0 75 0
0 76 0
0 77 0
0 78 0
0 79 0
0 80 0
0 81 0
0 82 0
0 83 0
0 84 0
0 85 0
0 86 0
0 87 0
0 88 0
0 89 0
0 90 0
0 91 0
0 92 0
0 93 0
0 94 0
0 95 0
0 96 0
0 97 0
0 98 0
0 99 0
0 100 0

1 0 0
1 1 20.7489
1 2 43.1918
1 3 68.8268
1 4 98.9115
1 5 134.256
1 6 175.189
1 7 221.572
1 8 272.716
1 9 327.523
1 10 384.558
1 11 442.089
1 12 498.334
1 13 551.489
1 14 599.883
1 15 642.074
1 16 676.91
1 17 703.571
1 18 721.575
1 19 730.839
1 20 731.561
1 21 724.206
1 22 709.484
1 23 688.254
1 24 661.498
1 25 630.222
1 26 595.459
1 27 558.194
1 28 519.352
1 29 479.773
1 30 440.161
1 31 401.178
1 32 363.337
1 33 327.026
1 34 292.576
1 35 260.223
1 36 230.107
1 37 202.341
1 38 176.947
1 39 153.935
1 40 133.266
1 41 114.887
1 42 98.7294
1 43 84.7133
1 44 72.7636
1 45 62.7981
1 46 54.7533
1 47 48.5598
1 48 44.1769
1 49 41.5581
1 50 40.6912
1 51 41.5581
1 52 44.1769
1 53 48.5598
1 54 54.7533
1 55 62.7981
1 56 72.7636
1 57 84.7133
1 58 98.7294
1 59 114.887
1 60 133.266
1 61 153.935
1 62 176.947
1 63 202.341
1 64 230.107
1 65 260.223
1 66 292.576
1 67 327.026
1 68 363.337
1 69 401.178
1 70 440.161
1 71 479.773
1 72 519.352
1 73 558.194
1 74 595.459
1 75 630.222
1 76 661.498
1 77 688.254
1 78 709.484
1 79 724.206
1 80 731.561
1 81 730.839
1 82 721.575
1 83 703.571
1 84 676.91
1 85 642.074
1 86 599.883
1 87 551.489
1 88 498.334
1 89 442.089
1 90 384.558
1 91 327.523
1 92 272.716
1 93 221.572
1 94 175.189
1 95 134.256
1 96 98.9115
1 97 68.8268
1 98 43.1918
1 99 20.7489
1 100 0

2 0 0
2 1 43.1918
2 2 89.5581
2 3 141.931
2 4 202.659
2 5 273.276
2 6 354.391
2 7 445.716
2 8 545.924
2 9 652.918
2 10 763.937
2 11 875.721
2 12 984.851
2 13 1087.91
2 14 1181.69
2 15 1263.45
2 16 1330.99
2 17 1382.76
2 18 1417.87
2 19 1436.12
2 20 1437.89
2 21 1424.07
2 22 1396.04
2 23 1355.45
2 24 1304.14
2 25 1244.03
2 26 1177.15
2 27 1105.38
2 28 1030.49
2 29 954.036
2 30 877.506
2 31 802.096
2 32 728.76
2 33 658.382
2 34 591.498
2 35 528.616
2 36 470.031
2 37 415.94
2 38 366.425
2 39 321.502
2 40 281.107
2 41 245.154
2 42 213.512
2 43 186.042
2 44 162.599
2 45 143.038
2 46 127.233
2 47 115.063
2 48 106.443
2 49 101.295
2 50 99.5869
2 51 101.295
2 52 106.443
2 53 115.063
2 54 127.233
2 55 143.038
2 56 162.599
2 57 186.042
2 58 213.512
2 59 245.154
2 60 281.107
2 61 321.502
2 62 366.425
2 63 415.94
2 64 470.031
2 65 528.616
2 66 591.498
2 67 658.382
2 68 728.76
2 69 802.096
2 70 877.506
2 71 954.036
2 72 1030.49
2 73 1105.38
2 74 1177.15
2 75 1244.03
2 76 1304.14
2 77 1355.45
2 78 1396.04
2 79 1424.07
2 80 1437.89
2 81 1436.12
2 82 1417.87
2 83 1382.76
2 84 1330.99
2 85 1263.45
2 86 1181.69
2 87 1087.91
2 88 984.851
2 89 875.721
2 90 763.937
2 91 652.918
2 92 545.924
2 93 445.716
2 94 354.391
2 95 273.276
2 96 202.659
2 97 141.931
2 98 89.5581
2 99 43.1918
2 100 0

3 0 0
3 1 68.8268
3 2 141.931
3 3 223.155
3 4 315.627
3 5 421.388
3 6 541.241
3 7 674.7
3 8 819.957
3 9 974.08
3 10 1133.25
3 11 1292.98
3 12 1448.54
3 13 1595.19
3 14 1728.56
3 15 1844.84
3 16 1941
3 17 2014.89
3 18 2065.28
3 19 2091.89
3 20 2095.27
3 21 2076.67
3 22 2037.96
3 23 1981.44
3 24 1909.7
3 25 1825.47
3 26 1731.48
3 27 1630.41
3 28 1524.73
3 29 1416.72
3 30 1308.34
3 31 1201.34
3 32 1097.17
3 33 996.919
3 34 901.536
3 35 811.668
3 36 727.78
3 37 650.188
3 38 579.025
3 39 514.34
3 40 456.08
3 41 404.131
3 42 358.342
3 43 318.527
3 44 284.505
3 45 256.08
3 46 233.091
3 47 215.373
3 48 202.815
3 49 195.312
3 50 192.823
3 51 195.312
3 52 202.815
3 53 215.373
3 54 233.091
3 55 256.08
3 56 284.505
3 57 318.527
3 58 358.342
3 59 404.131
3 60 456.08
3 61 514.34
3 62 579.025
3 63 650.188
3 64 727.78
3 65 811.668
3 66 901.536
3 67 996.919
3 68 1097.17
3 69 1201.34
3 70 1308.34
3 71 1416.72
3 72 1524.73
3 73 1630.41
3 74 1731.48
3 75 1825.47
3 76 1909.7
3 77 1981.44
3 78 2037.96
3 79 2076.67
3 80 2095.27
3 81 2091.89
3 82 2065.28
3 83 2014.89
3 84 1941
3 85 1844.84
3 86 1728.56
3 87 1595.19
3 88 1448.54
3 89 1292.98
3 90 1133.25
3 91 974.08
3 92 819.957
3 93 674.7
3 94 541.241
3 95 421.388
3 96 315.627
3 97 223.155
3 98 141.931
3 99 68.8268
3 100 0

4 0 0
4 1 98.9115
4 2 202.659
4 3 315.627
4 4 441.304
4 5 581.981
4 6 738.498
4 7 910.181
4 8 1094.85
4 9 1289.03
4 10 1488.15
4 11 1686.97
4 12 1879.87
4 13 2061.3
4 14 2226.07
4 15 2369.72
4 16 2488.65
4 17 2580.34
4 18 2643.35
4 19 2677.33
4 20 2682.93
4 21 2661.68
4 22 2615.8
4 23 2548.04
4 24 2461.51
4 25 2359.47
4 26 2245.26
4 27 2122.06
4 28 1992.92
4 29 1860.54
4 30 1727.42
4 31 1595.65
4 32 1466.97
4 33 1342.89
4 34 1224.48
4 35 1112.64
4 36 1007.97
4 37 910.89
4 38 821.637
4 39 740.3
4 40 666.863
4 41 601.233
4 42 543.252
4 43 492.741
4 44 449.491
4 45 413.306
4 46 383.99
4 47 361.379
4 48 345.329
4 49 335.745
4 50 332.555
4 51 335.745
4 52 345.329
4 53 361.379
4 54 383.99
4 55 413.306
4 56 449.491
4 57 492.741
4 58 543.252
4 59 601.233
4 60 666.863
4 61 740.3
4 62 821.637
4 63 910.89
4 64 1007.97
4 65 1112.64
4 66 1224.48
4 67 1342.89
4 68 1466.97
4 69 1595.65
4 70 1727.42
4 71 1860.54
4 72 1992.92
4 73 2122.06
4 74 2245.26
4 75 2359.47
4 76 2461.51
4 77 2548.04
4 78 2615.8
4 79 2661.68
4 80 2682.93
4 81 2677.33
4 82 2643.35
4 83 2580.34
4 84 2488.65
4 85 2369.72
4 86 2226.07
4 87 2061.3
4 88 1879.87
4 89 1686.97
4 90 1488.15
4 91 1289.03
4 92 1094.85
4 93 910.181
4 94 738.498
4 95 581.981
4 96 441.304
4 97 315.627
4 98 202.659
4 99 98.9115
4 100 0

5 0 0
5 1 134.256
5 2 273.276
5 3 421.388
5 4 581.981
5 5 757.229
5 6 947.863
5 7 1152.98
5 8 1370.23
5 9 1595.85
5 10 1825.01
5 11 2052.16
5 12 2271.4
5 13 2476.85
5 14 2663.07
5 15 2825.31
5 16 2959.8
5 17 3063.87
5 18 3136.03
5 19 3175.9
5 20 3184.19
5 21 3162.56
5 22 3113.42
5 23 3039.75
5 24 2944.9
5 25 2832.47
5 26 2706.04
5 27 2569.17
5 28 2425.15
5 29 2277.06
5 30 2127.61
5 31 1979.17
5 32 1833.78
5 33 1693.03
5 34 1558.34
5 35 1430.64
5 36 1310.76
5 37 1199.19
5 38 1096.28
5 39 1002.2
5 40 917.007
5 41 840.641
5 42 772.997
5 43 713.913
5 44 663.212
5 45 620.703
5 46 586.206
5 47 559.559
5 48 540.627
5 49 529.31
5 50 525.544
5 51 529.31
5 52 540.627
5 53 559.559
5 54 586.206
5 55 620.703
5 56 663.212
5 57 713.913
5 58 772.997
5 59 840.641
5 60 917.007
5 61 1002.2
5 62 1096.28
5 63 1199.19
5 64 1310.76
5 65 1430.64
5 66 1558.34
5 67 1693.03
5 68 1833.78
5 69 1979.17
5 70 2127.61
5 71 2277.06
5 72 2425.15
5 73 2569.17
5 74 2706.04
5 75 2832.47
5 76 2944.9
5 77 3039.75
5 78 3113.42
5 79 3162.56
5 80 3184.19
5 81 3175.9
5 82 3136.03
5 83 3063.87
5 84 2959.8
5 85 2825.31
5 86 2663.07
5 87 2476.85
5 88 2271.4
5 89 2052.16
5 90 1825.01
5 91 1595.85
5 92 1370.23
5 93 1152.98
5 94 947.863
5 95 757.229
5 96 581.981
5 97 421.388
5 98 273.276
5 99 134.256
5 100 0

6 0 0
6 1 175.189
6 2 354.391
6 3 541.241
6 4 738.498
6 5 947.863
6 6 1169.7
6 7 1402.94
6 8 1645.18
6 9 1892.76
6 10 2141.02
6 11 2384.69
6 12 2618.09
6 13 2835.66
6 14 3032.22
6 15 3203.26
6 16 3345.16
6 17 3455.41
6 18 3532.55
6 19 3576.28
6 20 3587.33
6 21 3567.39
6 22 3518.8
6 23 3444.56
6 24 3348.05
6 25 3232.87
6 26 3102.66
6 27 2960.97
6 28 2811.27
6 29 2656.65
6 30 2499.97
6 31 2343.69
6 32 2189.95
6 33 2040.56
6 34 1896.93
6 35 1760.26
6 36 1631.4
6 37 1511
6 38 1399.51
6 39 1297.2
6 40 1204.21
6 41 1120.58
6 42 1046.24
6 43 981.135
6 44 925.102
6 45 878.024
6 46 839.73
6 47 810.113
6 48 789.033
6 49 776.432
6 50 772.228
6 51 776.432
6 52 789.033
6 53 810.113
6 54 839.73
6 55 878.024
6 56 925.102
6 57 981.135
6 58 1046.24
6 59 1120.58
6 60 1204.21
6 61 1297.2
6 62 1399.51
6 63 1511
6 64 1631.4
6 65 1760.26
6 66 1896.93
6 67 2040.56
6 68 2189.95
6 69 2343.69
6 70 2499.97
6 71 2656.65
6 72 2811.27
6 73 2960.97
6 74 3102.66
6 75 3232.87
6 76 3348.05
6 77 3444.56
6 78 3518.8
6 79 3567.39
6 80 3587.33
6 81 3576.28
6 82 3532.55
6 83 3455.41
6 84 3345.16
6 85 3203.26
6 86 3032.22
6 87 2835.66
6 88 2618.09
6 89 2384.69
6 90 2141.02
6 91 1892.76
6 92 1645.18
6 93 1402.94
6 94 1169.7
6 95 947.863
6 96 738.498
6 97 541.241
6 98 354.391
6 99 175.189
6 100 0

7 0 0
7 1 221.572
7 2 445.716
7 3 674.7
7 4 910.181
7 5 1152.98
7 6 1402.94
7 7 1658.79
7 8 1918.27
7 9 2178.1
7 10 2434.29
7 11 2682.33
7 12 2917.44
7 13 3134.89
7 14 3330.34
7 15 3499.92
7 16 3640.62
7 17 3750.28
7 18 3827.75
7 19 3872.79
7 20 3886.13
7 21 3869.3
7 22 3824.51
7 23 3754.54
7 24 3662.5
7 25 3551.77
7 26 3425.73
7 27 3287.85
7 28 3141.32
7 29 2989.19
7 30 2834.25
7 31 2678.9
7 32 2525.32
7 33 2375.29
7 34 2230.39
7 35 2091.78
7 36 1960.48
7 37 1837.21
7 38 1722.54
7 39 1616.84
7 40 1520.36
7 41 1433.25
7 42 1355.54
7 43 1287.24
7 44 1228.28
7 45 1178.61
7 46 1138.12
7 47 1106.74
7 48 1084.38
7 49 1070.99
7 50 1066.53
7 51 1070.99
7 52 1084.38
7 53 1106.74
7 54 1138.12
7 55 1178.61
7 56 1228.28
7 57 1287.24
7 58 1355.54
7 59 1433.25
7 60 1520.36
7 61 1616.84
7 62 1722.54
7 63 1837.21
7 64 1960.48
7 65 2091.78
7 66 2230.39
7 67 2375.29
7 68 2525.32
7 69 2678.9
7 70 2834.25
7 71 2989.19
7 72 3141.32
7 73 3287.85
7 74 3425.73
7 75 3551.77
7 76 3662.5
7 77 3754.54
7 78 3824.51
7 79 3869.3
7 80 3886.13
7 81 3872.79
7 82 3827.75
7 83 3750.28
7 84 3640.62
7 85 3499.92
7 86 3330.34
7 87 3134.89
7 88 2917.44
7 89 2682.33
7 90 2434.29
7 91 2178.1
7 92 1918.27
7 93 1658.79
7 94 1402.94
7 95 1152.98
7 96 910.181
7 97 674.7
7 98 445.716
7 99 221.572
7 100 0

8 0 0
8 1 272.716
8 2 545.924
8 3 819.957
8 4 1094.85
8 5 1370.23
8 6 1645.18
8 7 1918.27
8 8 2187.46
8 9 2450.25
8 10 2703.67
8 11 2944.5
8 12 3169.34
8 13 3374.91
8 14 3558.1
8 15 3716.23
8 16 3847.14
8 17 3949.37
8 18 4022.13
8 19 4065.38
8 20 4079.81
8 21 4066.73
8 22 4028.05
8 23 3966.09
8 24 3883.57
8 25 3783.35
8 26 3668.45
8 27 3541.81
8 28 3406.37
8 29 3264.89
8 30 3119.83
8 31 2973.51
8 32 2827.95
8 33 2684.93
8 34 2545.92
8 35 2412.23
8 36 2284.82
8 37 2164.57
8 38 2052.1
8 39 1947.9
8 40 1852.33
8 41 1765.64
8 42 1688
8 43 1619.49
8 44 1560.15
8 45 1510.01
8 46 1469.04
8 47 1437.22
8 48 1414.51
8 49 1400.9
8 50 1396.36
8 51 1400.9
8 52 1414.51
8 53 1437.22
8 54 1469.04
8 55 1510.01
8 56 1560.15
8 57 1619.49
8 58 1688
8 59 1765.64
8 60 1852.33
8 61 1947.9
8 62 2052.1
8 63 2164.57
8 64 2284.82
8 65 2412.23
8 66 2545.92
8 67 2684.93
8 68 2827.95
8 69 2973.51
8 70 3119.83
8 71 3264.89
8 72 3406.37
8 73 3541.81
8 74 3668.45
8 75 3783.35
8 76 3883.57
8 77 3966.09
8 78 4028.05
8 79 4066.73
8 80 4079.81
8 81 4065.38
8 82 4022.13
8 83 3949.37
8 84 3847.14
8 85 3716.23
8 86 3558.1
8 87 3374.91
8 88 3169.34
8 89 2944.5
8 90 2703.67
8 91 2450.25
8 92 2187.46
8 93 1918.27
8 94 1645.18
8 95 1370.23
8 96 1094.85
8 97 819.957
8 98 545.924
8 99 272.716
8 100 0

9 0 0
9 1 327.523
9 2 652.918
9 3 974.08
9 4 1289.03
9 5 1595.85
9 6 1892.76
9 7 2178.1
9 8 2450.25
9 9 2707.63
9 10 2948.75
9 11 3171.98
9 12 3375.87
9 13 3558.9
9 14 3719.72
9 15 3857.14
9 16 3970.22
9 17 4058.35
9 18 4121.29
9 19 4159.24
9 20 4172.86
9 21 4163.18
9 22 4131.68
9 23 4080.15
9 24 4010.65
9 25 3925.46
9 26 3826.9
9 27 3717.44
9 28 3599.42
9 29 3475.14
9 30 3346.77
9 31 3216.3
9 32 3085.52
9 33 2956.08
9 34 2829.4
9 35 2706.66
9 36 2588.95
9 37 2477.1
9 38 2371.85
9 39 2273.76
9 40 2183.31
9 41 2100.83
9 42 2026.62
9 43 1960.84
9 44 1903.68
9 45 1855.19
9 46 1815.48
9 47 1784.55
9 48 1762.46
9 49 1749.18
9 50 1744.77
9 51 1749.18
9 52 1762.46
9 53 1784.55
9 54 1815.48
9 55 1855.19
9 56 1903.68
9 57 1960.84
9 58 2026.62
9 59 2100.83
9 60 2183.31
9 61 2273.76
9 62 2371.85
9 63 2477.1
9 64 2588.95
9 65 2706.66
9 66 2829.4
9 67 2956.08
9 68 3085.52
9 69 3216.3
9 70 3346.77
9 71 3475.14
9 72 3599.42
9 73 3717.44
9 74 3826.9
9 75 3925.46
9 76 4010.65
9 77 4080.15
9 78 4131.68
9 79 4163.18
9 80 4172.86
9 81 4159.24
9 82 4121.29
9 83 4058.35
9 84 3970.22
9 85 3857.14
9 86 3719.72
9 87 3558.9
9 88 3375.87
9 89 3171.98
9 90 2948.75
9 91 2707.63
9 92 2450.25
9 93 2178.1
9 94 1892.76
9 95 1595.85
9 96 1289.03
9 97 974.08
9 98 652.918
9 99 327.523
9 100 0

10 0 0
10 1 384.558
10 2 763.937
10 3 1133.25
10 4 1488.15
10 5 1825.01
10 6 2141.02
10 7 2434.29
10 8 2703.67
10 9 2948.75
10 10 3169.61
10 11 3366.71
10 12 3540.7
10 13 3692.32
10 14 3822.19
10 15 3930.94
10 16 4019.04
10 17 4086.95
10 18 4135.1
10 19 4164.02
10 20 4174.3
10 21 4166.67
10 22 4142.16
10 23 4101.89
10 24 4047.23
10 25 3979.61
10 26 3900.76
10 27 3812.34
10 28 3716.08
10 29 3613.75
10 30 3507.01
10 31 3397.5
10 32 3286.7
10 33 3176.03
10 34 3066.73
10 35 2959.99
10 36 2856.74
10 37 2757.9
10 38 2664.18
10 39 2576.25
10 40 2494.64
10 41 2419.79
10 42 2352.08
10 43 2291.77
10 44 2239.13
10 45 2194.32
10 46 2157.5
10 47 2128.76
10 48 2108.18
10 49 2095.81
10 50 2091.69
10 51 2095.81
10 52 2108.18
10 53 2128.76
10 54 2157.5
10 55 2194.32
10 56 2239.13
10 57 2291.77
10 58 2352.08
10 59 2419.79
10 60 2494.64
10 61 2576.25
10 62 2664.18
10 63 2757.9
10 64 2856.74
10 65 2959.99
10 66 3066.73
10 67 3176.03
10 68 3286.7
10 69 3397.5
10 70 3507.01
10 71 3613.75
10 72 3716.08
10 73 3812.34
10 74 3900.76
10 75 3979.61
10 76 4047.23
10 77 4101.89
10 78 4142.16
10 79 4166.67
10 80 4174.3
10 81 4164.02
10 82 4135.1
10 83 4086.95
10 84 4019.04
10 85 3930.94
10 86 3822.19
10 87 3692.32
10 88 3540.7
10 89 3366.71
10 90 3169.61
10 91 2948.75
10 92 2703.67
10 93 2434.29
10 94 2141.02
10 95 1825.01
10 96 1488.15
10 97 1133.25
10 98 763.937
10 99 384.558
10 100 0

11 0 0
11 1 442.089
11 2 875.721
11 3 1292.98
11 4 1686.97
11 5 2052.16
11 6 2384.69
11 7 2682.33
11 8 2944.5
11 9 3171.98
11 10 3366.71
11 11 3531.27
11 12 3668.73
11 13 3782.15
11 14 3874.45
11 15 3948.19
11 16 4005.47
11 17 4047.91
11 18 4076.74
11 19 4092.79
11 20 4096.69
11 21 4088.93
11 22 4069.98
11 23 4040.3
11 24 4000.43
11 25 3951.14
11 26 3893.23
11 27 3827.62
11 28 3755.36
11 29 3677.56
11 30 3595.39
11 31 3510
11 32 3422.54
11 33 3334.13
11 34 3245.83
11 35 3158.6
11 36 3073.41
11 37 2991.02
11 38 2912.22
11 39 2837.64
11 40 2767.9
11 41 2703.47
11 42 2644.82
11 43 2592.29
11 44 2546.21
11 45 2506.81
11 46 2474.32
11 47 2448.88
11 48 2430.64
11 49 2419.65
11 50 2415.99
11 51 2419.65
11 52 2430.64
11 53 2448.88
11 54 2474.32
11 55 2506.81
11 56 2546.21
11 57 2592.29
11 58 2644.82
11 59 2703.47
11 60 2767.9
11 61 2837.64
11 62 2912.22
11 63 2991.02
11 64 3073.41
11 65 3158.6
11 66 3245.83
11 67 3334.13
11 68 3422.54
11 69 3510
11 70 3595.39
11 71 3677.56
11 72 3755.36
11 73 3827.62
11 74 3893.23
11 75 3951.14
11 76 4000.43
11 77 4040.3
11 78 4069.98
11 79 4088.93
11 80 4096.69
11 81 4092.79
11 82 4076.74
11 83 4047.91
11 84 4005.47
11 85 3948.19
11 86 3874.45
11 87 3782.15
11 88 3668.73
11 89 3531.27
11 90 3366.71
11 91 3171.98
11 92 2944.5
11 93 2682.33
11 94 2384.69
11 95 2052.16
11 96 1686.97
11 97 1292.98
11 98 875.721
11 99 442.089
11 100 0

12 0 0
12 1 498.334
12 2 984.851
12 3 1448.54
12 4 1879.87
12 5 2271.4
12 6 2618.09
12 7 2917.44
12 8 3169.34
12 9 3375.87
12 10 3540.7
12 11 3668.73
12 12 3765.38
12 13 3836.22
12 14 3886.49
12 15 3920.79
12 16 3942.88
12 17 3955.7
12 18 3961.25
12 19 3960.83
12 20 3955.12
12 21 3944.36
12 22 3928.52
12 23 3907.38
12 24 3880.82
12 25 3848.69
12 26 3811.01
12 27 3767.96
12 28 3719.83
12 29 3667.08
12 30 3610.33
12 31 3550.25
12 32 3487.59
12 33 3423.12
12 34 3357.66
12 35 3292.03
12 36 3226.97
12 37 3163.26
12 38 3101.56
12 39 3042.53
12 40 2986.77
12 41 2934.8
12 42 2887.1
12 43 2844.08
12 44 2806.1
12 45 2773.47
12 46 2746.43
12 47 2725.21
12 48 2709.92
12 49 2700.72
12 50 2697.64
12 51 2700.72
12 52 2709.92
12 53 2725.21
12 54 2746.43
12 55 2773.47
12 56 2806.1
12 57 2844.08
12 58 2887.1
12 59 2934.8
12 60 2986.77
12 61 3042.53
12 62 3101.56
12 63 3163.26
12 64 3226.97
12 65 3292.03
12 66 3357.66
12 67 3423.12
12 68 3487.59
12 69 3550.25
12 70 3610.33
12 71 3667.08
12 72 3719.83
12 73 3767.96
12 74 3811.01
12 75 3848.69
12 76 3880.82
12 77 3907.38
12 78 3928.52
12 79 3944.36
12 80 3955.12
12 81 3960.83
12 82 3961.25
12 83 3955.7
12 84 3942.88
12 85 3920.79
12 86 3886.49
12 87 3836.22
12 88 3765.38
12 89 3668.73
12 90 3540.7
12 91 3375.87
12 92 3169.34
12 93 2917.44
12 94 2618.09
12 95 2271.4
12 96 1879.87
12 97 1448.54
12 98 984.851
12 99 498.334
12 100 0

13 0 0
13 1 551.489
13 2 1087.91
13 3 1595.19
13 4 2061.3
13 5 2476.85
13 6 2835.66
13 7 3134.89
13 8 3374.91
13 9 3558.9
13 10 3692.32
13 11 3782.15
13 12 3836.22
13 13 3862.49
13 14 3868.52
13 15 3860.88
13 16 3845.1
13 17 3825.35
13 18 3804.54
13 19 3784.47
13 20 3765.9
13 21 3748.91
13 22 3732.97
13 23 3717.39
13 24 3701.25
13 25 3683.66
13 26 3663.9
13 27 3641.34
13 28 3615.62
13 29 3586.57
13 30 3554.22
13 31 3518.75
13 32 3480.51
13 33 3439.93
13 34 3397.54
13 35 3353.93
13 36 3309.72
13 37 3265.48
13 38 3221.87
13 39 3179.45
13 40 3138.78
13 41 3100.39
13 42 3064.75
13 43 3032.3
13 44 3003.4
13 45 2978.4
13 46 2957.57
13 47 2941.13
13 48 2929.26
13 49 2922.09
13 50 2919.69
13 51 2922.09
13 52 2929.26
13 53 2941.13
13 54 2957.57
13 55 2978.4
13 56 3003.4
13 57 3032.3
13 58 3064.75
13 59 3100.39
13 60 3138.78
13 61 3179.45
13 62 3221.87
13 63 3265.48
13 64 3309.72
13 65 3353.93
13 66 3397.54
13 67 3439.93
13 68 3480.51
13 69 3518.75
13 70 3554.22
13 71 3586.57
13 72 3615.62
13 73 3641.34
13 74 3663.9
13 75 3683.66
13 76 3701.25
13 77 3717.39
13 78 3732.97
13 79 3748.91
13 80 3765.9
13 81 3784.47
13 82 3804.54
13 83 3825.35
13 84 3845.1
13 85 3860.88
13 86 3868.52
13 87 3862.49
13 88 3836.22
13 89 3782.15
13 90 3692.32
13 91 3558.9
13 92 3374.91
13 93 3134.89
13 94 2835.66
13 95 2476.85
13 96 2061.3
13 97 1595.19
13 98 1087.91
13 99 551.489
13 100 0

14 0 0
14 1 599.883
14 2 1181.69
14 3 1728.56
14 4 2226.07
14 5 2663.07
14 6 3032.22
14 7 3330.34
14 8 3558.1
14 9 3719.72
14 10 3822.19
14 11 3874.45
14 12 3886.49
14 13 3868.52
14 14 3830.2
14 15 3780.1
14 16 3725.36
14 17 3671.46
14 18 3622.19
14 19 3579.84
14 20 3545.42
14 21 3518.84
14 22 3499.34
14 23 3485.6
14 24 3476.16
14 25 3469.44
14 26 3463.99
14 27 3458.53
14 28 3452.06
14 29 3443.79
14 30 3433.23
14 31 3420.11
14 32 3404.34
14 33 3386.03
14 34 3365.42
14 35 3342.87
14 36 3318.75
14 37 3293.59
14 38 3267.79
14 39 3241.93
14 40 3216.44
14 41 3191.84
14 42 3168.55
14 43 3147
14 44 3127.53
14 45 3110.5
14 46 3096.17
14 47 3084.8
14 48 3076.52
14 49 3071.52
14 50 3069.84
14 51 3071.52
14 52 3076.52
14 53 3084.8
14 54 3096.17
14 55 3110.5
14 56 3127.53
14 57 3147
14 58 3168.55
14 59 3191.84
14 60 3216.44
14 61 3241.93
14 62 3267.79
14 63 3293.59
14 64 3318.75
14 65 3342.87
14 66 3365.42
14 67 3386.03
14 68 3404.34
14 69 3420.11
14 70 3433.23
14 71 3443.79
14 72 3452.06
14 73 3458.53
14 74 3463.99
14 75 3469.44
14 76 3476.16
14 77 3485.6
14 78 3499.34
14 79 3518.84
14 80 3545.42
14 81 3579.84
14 82 3622.19
14 83 3671.46
14 84 3725.36
14 85 3780.1
14 86 3830.2
14 87 3868.52
14 88 3886.49
14 89 3874.45
14 90 3822.19
14 91 3719.72
14 92 3558.1
14 93 3330.34
14 94 3032.22
14 95 2663.07
14 96 2226.07
14 97 1728.56
14 98 1181.69
14 99 599.883
14 100 0

15 0 0
15 1 642.074
15 2 1263.45
15 3 1844.84
15 4 2369.72
15 5 2825.31
15 6 3203.26
15 7 3499.92
15 8 3716.23
15 9 3857.14
15 10 3930.94
15 11 3948.19
15 12 3920.79
15 13 3860.88
15 14 3780.1
15 15 3688.78
15 16 3595.6
15 17 3507.24
15 18 3428.4
15 19 3361.97
15 20 3309.17
15 21 3269.96
15 22 3243.26
15 23 3227.45
15 24 3220.55
15 25 3220.36
15 26 3224.87
15 27 3232.21
15 28 3240.79
15 29 3249.33
15 30 3256.8
15 31 3262.54
15 32 3266.1
15 33 3267.23
15 34 3265.88
15 35 3262.17
15 36 3256.31
15 37 3248.57
15 38 3239.34
15 39 3228.94
15 40 3217.8
15 41 3206.33
15 42 3194.89
15 43 3183.86
15 44 3173.58
15 45 3164.34
15 46 3156.42
15 47 3150.02
15 48 3145.33
15 49 3142.46
15 50 3141.5
15 51 3142.46
15 52 3145.33
15 53 3150.02
15 54 3156.42
15 55 3164.34
15 56 3173.58
15 57 3183.86
15 58 3194.89
15 59 3206.33
15 60 3217.8
15 61 3228.94
15 62 3239.34
15 63 3248.57
15 64 3256.31
15 65 3262.17
15 66 3265.88
15 67 3267.23
15 68 3266.1
15 69 3262.54
15 70 3256.8
15 71 3249.33
15 72 3240.79
15 73 3232.21
15 74 3224.87
15 75 3220.36
15 76 3220.55
15 77 3227.45
15 78 3243.26
15 79 3269.96
15 80 3309.17
15 81 3361.97
15 82 3428.4
15 83 3507.24
15 84 3595.6
15 85 3688.78
15 86 3780.1
15 87 3860.88
15 88 3920.79
15 89 3948.19
15 90 3930.94
15 91 3857.14
15 92 3716.23
15 93 3499.92
15 94 3203.26
15 95 2825.31
15 96 2369.72
15 97 1844.84
15 98 1263.45
15 99 642.074
15 100 0

16 0 0
16 1 676.91
16 2 1330.99
16 3 1941
16 4 2488.65
16 5 2959.8
16 6 3345.16
16 7 3640.62
16 8 3847.14
16 9 3970.22
16 10 4019.04
16 11 4005.47
16 12 3942.88
16 13 3845.1
16 14 3725.36
16 15 3595.6
16 16 3465.84
16 17 3343.92
16 18 3235.48
16 19 3143.94
16 20 3070.91
16 21 3016.37
16 22 2979.22
16 23 2957.56
16 24 2948.94
16 25 2950.81
16 26 2960.62
16 27 2976.04
16 28 2994.99
16 29 3015.71
16 30 3036.81
16 31 3057.19
16 32 3076.08
16 33 3092.95
16 34 3107.48
16 35 3119.54
16 36 3129.14
16 37 3136.42
16 38 3141.51
16 39 3144.72
16 40 3146.29
16 41 3146.55
16 42 3145.8
16 43 3144.34
16 44 3142.44
16 45 3140.37
16 46 3138.34
16 47 3136.57
16 48 3135.19
16 49 3134.32
16 50 3134.01
16 51 3134.32
16 52 3135.19
16 53 3136.57
16 54 3138.34
16 55 3140.37
16 56 3142.44
16 57 3144.34
16 58 3145.8
16 59 3146.55
16 60 3146.29
16 61 3144.72
16 62 3141.51
16 63 3136.42
16 64 3129.14
16 65 3119.54
16 66 3107.48
16 67 3092.95
16 68 3076.08
16 69 3057.19
16 70 3036.81
16 71 3015.71
16 72 2994.99
16 73 2976.04
16 74 2960.62
16 75 2950.81
16 76 2948.94
16 77 2957.56
16 78 2979.22
16 79 3016.37
16 80 3070.91
16 81 3143.94
16 82 3235.48
16 83 3343.92
16 84 3465.84
16 85 3595.6
16 86 3725.36
16 87 3845.1
16 88 3942.88
16 89 4005.47
16 90 4019.04
16 91 3970.22
16 92 3847.14
16 93 3640.62
16 94 3345.16
16 95 2959.8
16 96 2488.65
16 97 1941
16 98 1330.99
16 99 676.91
16 100 0

17 0 0
17 1 703.571
17 2 1382.76
17 3 2014.89
17 4 2580.34
17 5 3063.87
17 6 3455.41
17 7 3750.28
17 8 3949.37
17 9 4058.35
17 10 4086.95
17 11 4047.91
17 12 3955.7
17 13 3825.35
17 14 3671.46
17 15 3507.24
17 16 3343.92
17 17 3190.44
17 18 3053.27
17 19 2936.48
17 20 2842.02
17 21 2770.17
17 22 2719.82
17 23 2688.84
17 24 2674.63
17 25 2674.28
17 26 2684.87
17 27 2703.68
17 28 2728.22
17 29 2756.39
17 30 2786.42
17 31 2816.92
17 32 2846.81
17 33 2875.28
17 34 2901.81
17 35 2926.03
17 36 2947.78
17 37 2966.97
17 38 2983.7
17 39 2998
17 40 3010.11
17 41 3020.17
17 42 3028.43
17 43 3035.08
17 44 3040.36
17 45 3044.44
17 46 3047.53
17 47 3049.76
17 48 3051.26
17 49 3052.12
17 50 3052.41
17 51 3052.12
17 52 3051.26
17 53 3049.76
17 54 3047.53
17 55 3044.44
17 56 3040.36
17 57 3035.08
17 58 3028.43
17 59 3020.17
17 60 3010.11
17 61 2998
17 62 2983.7
17 63 2966.97
17 64 2947.78
17 65 2926.03
17 66 2901.81
17 67 2875.28
17 68 2846.81
17 69 2816.92
17 70 2786.42
17 71 2756.39
17 72 2728.22
17 73 2703.68
17 74 2684.87
17 75 2674.28
17 76 2674.63
17 77 2688.84
17 78 2719.82
17 79 2770.17
17 80 2842.02
17 81 2936.48
17 82 3053.27
17 83 3190.44
17 84 3343.92
17 85 3507.24
17 86 3671.46
17 87 3825.35
17 88 3955.7
17 89 4047.91
17 90 4086.95
17 91 4058.35
17 92 3949.37
17 93 3750.28
17 94 3455.41
17 95 3063.87
17 96 2580.34
17 97 2014.89
17 98 1382.76
17 99 703.571
17 100 0

18 0 0
18 1 721.575
18 2 1417.87
18 3 2065.28
18 4 2643.35
18 5 3136.03
18 6 3532.55
18 7 3827.75
18 8 4022.13
18 9 4121.29
18 10 4135.1
18 11 4076.74
18 12 3961.25
18 13 3804.54
18 14 3622.19
18 15 3428.4
18 16 3235.48
18 17 3053.27
18 18 2889.08
18 19 2747.6
18 20 2631.36
18 21 2540.91
18 22 2475.18
18 23 2432.12
18 24 2408.98
18 25 2402.65
18 26 2409.94
18 27 2427.81
18 28 2453.51
18 29 2484.62
18 30 2519.1
18 31 2555.26
18 32 2591.81
18 33 2627.73
18 34 2662.26
18 35 2694.85
18 36 2725.18
18 37 2753.03
18 38 2778.28
18 39 2800.95
18 40 2821.03
18 41 2838.66
18 42 2853.91
18 43 2866.96
18 44 2877.91
18 45 2886.92
18 46 2894.09
18 47 2899.55
18 48 2903.38
18 49 2905.66
18 50 2906.4
18 51 2905.66
18 52 2903.38
18 53 2899.55
18 54 2894.09
18 55 2886.92
18 56 2877.91
18 57 2866.96
18 58 2853.91
18 59 2838.66
18 60 2821.03
18 61 2800.95
18 62 2778.28
18 63 2753.03
18 64 2725.18
18 65 2694.85
18 66 2662.26
18 67 2627.73
18 68 2591.81
18 69 2555.26
18 70 2519.1
18 71 2484.62
18 72 2453.51
18 73 2427.81
18 74 2409.94
18 75 2402.65
18 76 2408.98
18 77 2432.12
18 78 2475.18
18 79 2540.91
18 80 2631.36
18 81 2747.6
18 82 2889.08
18 83 3053.27
18 84 3235.48
18 85 3428.4
18 86 3622.19
18 87 3804.54
18 88 3961.25
18 89 4076.74
18 90 4135.1
18 91 4121.29
18 92 4022.13
18 93 3827.75
18 94 3532.55
18 95 3136.03
18 96 2643.35
18 97 2065.28
18 98 1417.87
18 99 721.575
18 100 0

19 0 0
19 1 730.839
19 2 1436.12
19 3 2091.89
19 4 2677.33
19 5 3175.9
19 6 3576.28
19 7 3872.79
19 8 4065.38
19 9 4159.24
19 10 4164.02
19 11 4092.79
19 12 3960.83
19 13 3784.47
19 14 3579.84
19 15 3361.97
19 16 3143.94
19 17 2936.48
19 18 2747.6
19 19 2582.8
19 20 2445.1
19 21 2335.38
19 22 2252.91
19 23 2195.73
19 24 2161.05
19 25 2145.67
19 26 2146.24
19 27 2159.52
19 28 2182.52
19 29 2212.59
19 30 2247.48
19 31 2285.29
19 32 2324.52
19 33 2363.95
19 34 2402.69
19 35 2440.02
19 36 2475.47
19 37 2508.67
19 38 2539.44
19 39 2567.57
19 40 2593.07
19 41 2615.87
19 42 2636.03
19 43 2653.59
19 44 2668.62
19 45 2681.17
19 46 2691.33
19 47 2699.16
19 48 2704.71
19 49 2708.02
19 50 2709.13
19 51 2708.02
19 52 2704.71
19 53 2699.16
19 54 2691.33
19 55 2681.17
19 56 2668.62
19 57 2653.59
19 58 2636.03
19 59 2615.87
19 60 2593.07
19 61 2567.57
19 62 2539.44
19 63 2508.67
19 64 2475.47
19 65 2440.02
19 66 2402.69
19 67 2363.95
19 68 2324.52
19 69 2285.29
19 70 2247.48
19 71 2212.59
19 72 2182.52
19 73 2159.52
19 74 2146.24
19 75 2145.67
19 76 2161.05
19 77 2195.73
19 78 2252.91
19 79 2335.38
19 80 2445.1
19 81 2582.8
19 82 2747.6
19 83 2936.48
19 84 3143.94
19 85 3361.97
19 86 3579.84
19 87 3784.47
19 88 3960.83
19 89 4092.79
19 90 4164.02
19 91 4159.24
19 92 4065.38
19 93 3872.79
19 94 3576.28
19 95 3175.9
19 96 2677.33
19 97 2091.89
19 98 1436.12
19 99 730.839
19 100 0

20 0 0
20 1 731.561
20 2 1437.89
20 3 2095.27
20 4 2682.93
20 5 3184.19
20 6 3587.33
20 7 3886.13
20 8 4079.81
20 9 4172.86
20 10 4174.3
20 11 4096.69
20 12 3955.12
20 13 3765.9
20 14 3545.42
20 15 3309.17
20 16 3070.91
20 17 2842.02
20 18 2631.36
20 19 2445.1
20 20 2286.81
20 21 2157.91
20 22 2058.04
20 23 1985.41
20 24 1937.35
20 25 1910.65
20 26 1901.89
20 27 1907.68
20 28 1924.88
20 29 1950.69
20 30 1982.64
20 31 2018.7
20 32 2057.18
20 33 2096.77
20 34 2136.37
20 35 2175.2
20 36 2212.62
20 37 2248.2
20 38 2281.58
20 39 2312.58
20 40 2340.97
20 41 2366.72
20 42 2389.72
20 43 2409.97
20 44 2427.47
20 45 2442.23
20 46 2454.26
20 47 2463.59
20 48 2470.23
20 49 2474.22
20 50 2475.54
20 51 2474.22
20 52 2470.23
20 53 2463.59
20 54 2454.26
20 55 2442.23
20 56 2427.47
20 57 2409.97
20 58 2389.72
20 59 2366.72
20 60 2340.97
20 61 2312.58
20 62 2281.58
20 63 2248.2
20 64 2212.62
20 65 2175.2
20 66 2136.37
20 67 2096.77
20 68 2057.18
20 69 2018.7
20 70 1982.64
20 71 1950.69
20 72 1924.88
20 73 1907.68
20 74 1901.89
20 75 1910.65
20 76 1937.35
20 77 1985.41
20 78 2058.04
20 79 2157.91
20 80 2286.81
20 81 2445.1
20 82 2631.36
20 83 2842.02
20 84 3070.91
20 85 3309.17
20 86 3545.42
20 87 3765.9
20 88 3955.12
20 89 4096.69
20 90 4174.3
20 91 4172.86
20 92 4079.81
20 93 3886.13
20 94 3587.33
20 95 3184.19
20 96 2682.93
20 97 2095.27
20 98 1437.89
20 99 731.561
20 100 0

21 0 0
21 1 724.206
21 2 1424.07
21 3 2076.67
21 4 2661.68
21 5 3162.56
21 6 3567.39
21 7 3869.3
21 8 4066.73
21 9 4163.18
21 10 4166.67
21 11 4088.93
21 12 3944.36
21 13 3748.91
21 14 3518.84
21 15 3269.96
21 16 3016.37
21 17 2770.17
21 18 2540.91
21 19 2335.38
21 20 2157.91
21 21 2010.48
21 22 1893.17
21 23 1804.49
21 24 1741.96
21 25 1702.46
21 26 1682.55
21 27 1678.8
21 28 1687.93
21 29 1707.03
21 30 1733.49
21 31 1765.16
21 32 1800.21
21 33 1837.2
21 34 1874.97
21 35 1912.59
21 36 1949.36
21 37 1984.74
21 38 2018.35
21 39 2049.82
21 40 2078.99
21 41 2105.62
21 42 2129.65
21 43 2150.94
21 44 2169.47
21 45 2185.18
21 46 2198.07
21 47 2208.08
21 48 2215.26
21 49 2219.55
21 50 2220.99
21 51 2219.55
21 52 2215.26
21 53 2208.08
21 54 2198.07
21 55 2185.18
21 56 2169.47
21 57 2150.94
21 58 2129.65
21 59 2105.62
21 60 2078.99
21 61 2049.82
21 62 2018.35
21 63 1984.74
21 64 1949.36
21 65 1912.59
21 66 1874.97
21 67 1837.2
21 68 1800.21
21 69 1765.16
21 70 1733.49
21 71 1707.03
21 72 1687.93
21 73 1678.8
21 74 1682.55
21 75 1702.46
21 76 1741.96
21 77 1804.49
21 78 1893.17
21 79 2010.48
21 80 2157.91
21 81 2335.38
21 82 2540.91
21 83 2770.17
21 84 3016.37
21 85 3269.96
21 86 3518.84
21 87 3748.91
21 88 3944.36
21 89 4088.93
21 90 4166.67
21 91 4163.18
21 92 4066.73
21 93 3869.3
21 94 3567.39
21 95 3162.56
21 96 2661.68
21 97 2076.67
21 98 1424.07
21 99 724.206
21 100 0

22 0 0
22 1 709.484
22 2 1396.04
22 3 2037.96
22 4 2615.8
22 5 3113.42
22 6 3518.8
22 7 3824.51
22 8 4028.05
22 9 4131.68
22 10 4142.16
22 11 4069.98
22 12 3928.52
22 13 3732.97
22 14 3499.34
22 15 3243.26
22 16 2979.22
22 17 2719.82
22 18 2475.18
22 19 2252.91
22 20 2058.04
22 21 1893.17
22 22 1758.89
22 23 1654.15
22 24 1576.73
22 25 1523.66
22 26 1491.54
22 27 1476.94
22 28 1476.53
22 29 1487.29
22 30 1506.51
22 31 1531.9
22 32 1561.59
22 33 1594
22 34 1627.88
22 35 1662.26
22 36 1696.36
22 37 1729.56
22 38 1761.41
22 39 1791.55
22 40 1819.66
22 41 1845.57
22 42 1869.06
22 43 1890.03
22 44 1908.36
22 45 1923.98
22 46 1936.83
22 47 1946.87
22 48 1954.06
22 49 1958.38
22 50 1959.82
22 51 1958.38
22 52 1954.06
22 53 1946.87
22 54 1936.83
22 55 1923.98
22 56 1908.36
22 57 1890.03
22 58 1869.06
22 59 1845.57
22 60 1819.66
22 61 1791.55
22 62 1761.41
22 63 1729.56
22 64 1696.36
22 65 1662.26
22 66 1627.88
22 67 1594
22 68 1561.59
22 69 1531.9
22 70 1506.51
22 71 1487.29
22 72 1476.53
22 73 1476.94
22 74 1491.54
22 75 1523.66
22 76 1576.73
22 77 1654.15
22 78 1758.89
22 79 1893.17
22 80 2058.04
22 81 2252.91
22 82 2475.18
22 83 2719.82
22 84 2979.22
22 85 3243.26
22 86 3499.34
22 87 3732.97
22 88 3928.52
22 89 4069.98
22 90 4142.16
22 91 4131.68
22 92 4028.05
22 93 3824.51
22 94 3518.8
22 95 3113.42
22 96 2615.8
22 97 2037.96
22 98 1396.04
22 99 709.484
22 100 0

23 0 0
23 1 688.254
23 2 1355.45
23 3 1981.44
23 4 2548.04
23 5 3039.75
23 6 3444.56
23 7 3754.54
23 8 3966.09
23 9 4080.15
23 10 4101.89
23 11 4040.3
23 12 3907.38
23 13 3717.39
23 14 3485.6
23 15 3227.45
23 16 2957.56
23 17 2688.84
23 18 2432.12
23 19 2195.73
23 20 1985.41
23 21 1804.49
23 22 1654.15
23 23 1533.83
23 24 1441.63
23 25 1374.8
23 26 1330.08
23 27 1304.03
23 28 1293.3
23 29 1294.79
23 30 1305.73
23 31 1323.74
23 32 1346.82
23 33 1373.35
23 34 1402.01
23 35 1431.76
23 36 1461.75
23 37 1491.36
23 38 1520.08
23 39 1547.47
23 40 1573.27
23 41 1597.16
23 42 1618.99
23 43 1638.56
23 44 1655.75
23 45 1670.45
23 46 1682.59
23 47 1692.09
23 48 1698.92
23 49 1703.02
23 50 1704.39
23 51 1703.02
23 52 1698.92
23 53 1692.09
23 54 1682.59
23 55 1670.45
23 56 1655.75
23 57 1638.56
23 58 1618.99
23 59 1597.16
23 60 1573.27
23 61 1547.47
23 62 1520.08
23 63 1491.36
23 64 1461.75
23 65 1431.76
23 66 1402.01
23 67 1373.35
23 68 1346.82
23 69 1323.74
23 70 1305.73
23 71 1294.79
23 72 1293.3
23 73 1304.03
23 74 1330.08
23 75 1374.8
23 76 1441.63
23 77 1533.83
23 78 1654.15
23 79 1804.49
23 80 1985.41
23 81 2195.73
23 82 2432.12
23 83 2688.84
23 84 2957.56
23 85 3227.45
23 86 3485.6
23 87 3717.39
23 88 3907.38
23 89 4040.3
23 90 4101.89
23 91 4080.15
23 92 3966.09
23 93 3754.54
23 94 3444.56
23 95 3039.75
23 96 2548.04
23 97 1981.44
23 98 1355.45
23 99 688.254
23 100 0

24 0 0
24 1 661.498
24 2 1304.14
24 3 1909.7
24 4 2461.51
24 5 2944.9
24 6 3348.05
24 7 3662.5
24 8 3883.57
24 9 4010.65
24 10 4047.23
24 11 4000.43
24 12 3880.82
24 13 3701.25
24 14 3476.16
24 15 3220.55
24 16 2948.94
24 17 2674.63
24 18 2408.98
24 19 2161.05
24 20 1937.35
24 21 1741.96
24 22 1576.73
24 23 1441.63
24 24 1335.19
24 25 1254.88
24 26 1197.64
24 27 1160.07
24 28 1138.83
24 29 1130.74
24 30 1132.98
24 31 1143.08
24 32 1158.97
24 33 1178.96
24 34 1201.65
24 35 1225.98
24 36 1251.06
24 37 1276.21
24 38 1300.89
24 39 1324.72
24 40 1347.28
24 41 1368.38
24 42 1387.72
24 43 1405.18
24 44 1420.57
24 45 1433.78
24 46 1444.72
24 47 1453.31
24 48 1459.48
24 49 1463.2
24 50 1464.44
24 51 1463.2
24 52 1459.48
24 53 1453.31
24 54 1444.72
24 55 1433.78
24 56 1420.57
24 57 1405.18
24 58 1387.72
24 59 1368.38
24 60 1347.28
24 61 1324.72
24 62 1300.89
24 63 1276.21
24 64 1251.06
24 65 1225.98
24 66 1201.65
24 67 1178.96
24 68 1158.97
24 69 1143.08
24 70 1132.98
24 71 1130.74
24 72 1138.83
24 73 1160.07
24 74 1197.64
24 75 1254.88
24 76 1335.19
24 77 1441.63
24 78 1576.73
24 79 1741.96
24 80 1937.35
24 81 2161.05
24 82 2408.98
24 83 2674.63
24 84 2948.94
24 85 3220.55
24 86 3476.16
24 87 3701.25
24 88 3880.82
24 89 4000.43
24 90 4047.23
24 91 4010.65
24 92 3883.57
24 93 3662.5
24 94 3348.05
24 95 2944.9
24 96 2461.51
24 97 1909.7
24 98 1304.14
24 99 661.498
24 100 0

25 0 0
25 1 630.222
25 2 1244.03
25 3 1825.47
25 4 2359.47
25 5 2832.47
25 6 3232.87
25 7 3551.77
25 8 3783.35
25 9 3925.46
25 10 3979.61
25 11 3951.14
25 12 3848.69
25 13 3683.66
25 14 3469.44
25 15 3220.36
25 16 2950.81
25 17 2674.28
25 18 2402.65
25 19 2145.67
25 20 1910.65
25 21 1702.46
25 22 1523.66
25 23 1374.8
25 24 1254.88
25 25 1161.71
25 26 1092.4
25 27 1043.64
25 28 1012.09
25 29 994.577
25 30 988.178
25 31 990.374
25 32 998.979
25 33 1012.28
25 34 1028.8
25 35 1047.43
25 36 1067.24
25 37 1087.57
25 38 1107.83
25 39 1127.59
25 40 1146.54
25 41 1164.33
25 42 1180.79
25 43 1195.7
25 44 1208.9
25 45 1220.28
25 46 1229.73
25 47 1237.16
25 48 1242.52
25 49 1245.75
25 50 1246.83
25 51 1245.75
25 52 1242.52
25 53 1237.16
25 54 1229.73
25 55 1220.28
25 56 1208.9
25 57 1195.7
25 58 1180.79
25 59 1164.33
25 60 1146.54
25 61 1127.59
25 62 1107.83
25 63 1087.57
25 64 1067.24
25 65 1047.43
25 66 1028.8
25 67 1012.28
25 68 998.979
25 69 990.374
25 70 988.178
25 71 994.577
25 72 1012.09
25 73 1043.64
25 74 1092.4
25 75 1161.71
25 76 1254.88
25 77 1374.8
25 78 1523.66
25 79 1702.46
25 80 1910.65
25 81 2145.67
25 82 2402.65
25 83 2674.28
25 84 2950.81
25 85 3220.36
25 86 3469.44
25 87 3683.66
25 88 3848.69
25 89 3951.14
25 90 3979.61
25 91 3925.46
25 92 3783.35
25 93 3551.77
25 94 3232.87
25 95 2832.47
25 96 2359.47
25 97 1825.47
25 98 1244.03
25 99 630.222
25 100 0

26 0 0
26 1 595.459
26 2 1177.15
26 3 1731.48
26 4 2245.26
26 5 2706.04
26 6 3102.66
26 7 3425.73
26 8 3668.45
26 9 3826.9
26 10 3900.76
26 11 3893.23
26 12 3811.01
26 13 3663.9
26 14 3463.99
26 15 3224.87
26 16 2960.62
26 17 2684.87
26 18 2409.94
26 19 2146.24
26 20 1901.89
26 21 1682.55
26 22 1491.54
26 23 1330.08
26 24 1197.64
26 25 1092.4
26 26 1011.67
26 27 952.313
26 28 910.995
26 29 884.493
26 30 869.854
26 31 864.465
26 32 866.1
26 33 872.909
26 34 883.426
26 35 896.466
26 36 911.096
26 37 926.581
26 38 942.38
26 39 958.047
26 40 973.209
26 41 987.625
26 42 1001.02
26 43 1013.24
26 44 1024.11
26 45 1033.51
26 46 1041.35
26 47 1047.53
26 48 1051.99
26 49 1054.68
26 50 1055.58
26 51 1054.68
26 52 1051.99
26 53 1047.53
26 54 1041.35
26 55 1033.51
26 56 1024.11
26 57 1013.24
26 58 1001.02
26 59 987.625
26 60 973.209
26 61 958.047
26 62 942.38
26 63 926.581
26 64 911.096
26 65 896.466
26 66 883.426
26 67 872.909
26 68 866.1
26 69 864.465
26 70 869.854
26 71 884.493
26 72 910.995
26 73 952.313
26 74 1011.67
26 75 1092.4
26 76 1197.64
26 77 1330.08
26 78 1491.54
26 79 1682.55
26 80 1901.89
26 81 2146.24
26 82 2409.94
26 83 2684.87
26 84 2960.62
26 85 3224.87
26 86 3463.99
26 87 3663.9
26 88 3811.01
26 89 3893.23
26 90 3900.76
26 91 3826.9
26 92 3668.45
26 93 3425.73
26 94 3102.66
26 95 2706.04
26 96 2245.26
26 97 1731.48
26 98 1177.15
26 99 595.459
26 100 0

27 0 0
27 1 558.194
27 2 1105.38
27 3 1630.41
27 4 2122.06
27 5 2569.17
27 6 2960.97
27 7 3287.85
27 8 3541.81
27 9 3717.44
27 10 3812.34
27 11 3827.62
27 12 3767.96
27 13 3641.34
27 14 3458.53
27 15 3232.21
27 16 2976.04
27 17 2703.68
27 18 2427.81
27 19 2159.52
27 20 1907.68
27 21 1678.8
27 22 1476.94
27 23 1304.03
27 24 1160.07
27 25 1043.64
27 26 952.313
27 27 883.076
27 28 832.651
27 29 797.812
27 30 775.537
27 31 763.135
27 32 758.297
27 33 759.13
27 34 764.076
27 35 771.912
27 36 781.678
27 37 792.637
27 38 804.201
27 39 815.938
27 40 827.517
27 41 838.617
27 42 849.063
27 43 858.639
27 44 867.215
27 45 874.669
27 46 880.894
27 47 885.821
27 48 889.381
27 49 891.536
27 50 892.256
27 51 891.536
27 52 889.381
27 53 885.821
27 54 880.894
27 55 874.669
27 56 867.215
27 57 858.639
27 58 849.063
27 59 838.617
27 60 827.517
27 61 815.938
27 62 804.201
27 63 792.637
27 64 781.678
27 65 771.912
27 66 764.076
27 67 759.13
27 68 758.297
27 69 763.135
27 70 775.537
27 71 797.812
27 72 832.651
27 73 883.076
27 74 952.313
27 75 1043.64
27 76 1160.07
27 77 1304.03
27 78 1476.94
27 79 1678.8
27 80 1907.68
27 81 2159.52
27 82 2427.81
27 83 2703.68
27 84 2976.04
27 85 3232.21
27 86 3458.53
27 87 3641.34
27 88 3767.96
27 89 3827.62
27 90 3812.34
27 91 3717.44
27 92 3541.81
27 93 3287.85
27 94 2960.97
27 95 2569.17
27 96 2122.06
27 97 1630.41
27 98 1105.38
27 99 558.194
27 100 0

28 0 0
28 1 519.352
28 2 1030.49
28 3 1524.73
28 4 1992.92
28 5 2425.15
28 6 2811.27
28 7 3141.32
28 8 3406.37
28 9 3599.42
28 10 3716.08
28 11 3755.36
28 12 3719.83
28 13 3615.62
28 14 3452.06
28 15 3240.79
28 16 2994.99
28 17 2728.22
28 18 2453.51
28 19 2182.52
28 20 1924.88
28 21 1687.93
28 22 1476.53
28 23 1293.3
28 24 1138.83
28 25 1012.09
28 26 910.995
28 27 832.651
28 28 773.886
28 29 731.406
28 30 702.196
28 31 683.454
28 32 672.822
28 33 668.276
28 34 668.244
28 35 671.437
28 36 676.853
28 37 683.729
28 38 691.486
28 39 699.687
28 40 707.955
28 41 716.08
28 42 723.774
28 43 730.934
28 44 737.372
28 45 743.011
28 46 747.735
28 47 751.493
28 48 754.208
28 49 755.862
28 50 756.407
28 51 755.862
28 52 754.208
28 53 751.493
28 54 747.735
28 55 743.011
28 56 737.372
28 57 730.934
28 58 723.774
28 59 716.08
28 60 707.955
28 61 699.687
28 62 691.486
28 63 683.729
28 64 676.853
28 65 671.437
28 66 668.244
28 67 668.276
28 68 672.822
28 69 683.454
28 70 702.196
28 71 731.406
28 72 773.886
28 73 832.651
28 74 910.995
28 75 1012.09
28 76 1138.83
28 77 1293.3
28 78 1476.53
28 79 1687.93
28 80 1924.88
28 81 2182.52
28 82 2453.51
28 83 2728.22
28 84 2994.99
28 85 3240.79
28 86 3452.06
28 87 3615.62
28 88 3719.83
28 89 3755.36
28 90 3716.08
28 91 3599.42
28 92 3406.37
28 93 3141.32
28 94 2811.27
28 95 2425.15
28 96 1992.92
28 97 1524.73
28 98 1030.49
28 99 519.352
28 100 0

29 0 0
29 1 479.773
29 2 954.036
29 3 1416.72
29 4 1860.54
29 5 2277.06
29 6 2656.65
29 7 2989.19
29 8 3264.89
29 9 3475.14
29 10 3613.75
29 11 3677.56
29 12 3667.08
29 13 3586.57
29 14 3443.79
29 15 3249.33
29 16 3015.71
29 17 2756.39
29 18 2484.62
29 19 2212.59
29 20 1950.69
29 21 1707.03
29 22 1487.29
29 23 1294.79
29 24 1130.74
29 25 994.577
29 26 884.493
29 27 797.812
29 28 731.406
29 29 682.045
29 30 646.59
29 31 622.227
29 32 606.455
29 33 597.246
29 34 592.872
29 35 592.047
29 36 593.698
29 37 597.07
29 38 601.517
29 39 606.638
29 40 612.07
29 41 617.541
29 42 622.871
29 43 627.876
29 44 632.441
29 45 636.468
29 46 639.863
29 47 642.577
29 48 644.545
29 49 645.743
29 50 646.143
29 51 645.743
29 52 644.545
29 53 642.577
29 54 639.863
29 55 636.468
29 56 632.441
29 57 627.876
29 58 622.871
29 59 617.541
29 60 612.07
29 61 606.638
29 62 601.517
29 63 597.07
29 64 593.698
29 65 592.047
29 66 592.872
29 67 597.246
29 68 606.455
29 69 622.227
29 70 646.59
29 71 682.045
29 72 731.406
29 73 797.812
29 74 884.493
29 75 994.577
29 76 1130.74
29 77 1294.79
29 78 1487.29
29 79 1707.03
29 80 1950.69
29 81 2212.59
29 82 2484.62
29 83 2756.39
29 84 3015.71
29 85 3249.33
29 86 3443.79
29 87 3586.57
29 88 3667.08
29 89 3677.56
29 90 3613.75
29 91 3475.14
29 92 3264.89
29 93 2989.19
29 94 2656.65
29 95 2277.06
29 96 1860.54
29 97 1416.72
29 98 954.036
29 99 479.773
29 100 0

30 0 0
30 1 440.161
30 2 877.506
30 3 1308.34
30 4 1727.42
30 5 2127.61
30 6 2499.97
30 7 2834.25
