0 0 0
0 1 0
0 2 0
0 3 0
0 4 0
0 5 0
0 6 0
0 7 0
0 8 0
0 9 0
0 10 0
0 11 0
0 12 0
0 13 0
0 14 0
0 15 0
0 16 0
0 17 0
0 18 0
0 19 0
0 20 0
0 21 0
0 22 0
0 23 0
0 24 0
0 25 0
0 26 0
0 27 0
0 28 0
0 29 0
0 30 0
0 31 0
0 32 0
0 33 0
0 34 0
0 35 0
0 36 0
0 37 0
0 38 0
0 39 0
0 40 0
0 41 0
0 42 0
0 43 0
0 44 0
0 45 0
0 46 0
0 47 0
0 48 0
0 49 0
0 50 0
0 51 0
0 52 0
0 53 0
0 54 0
0 55 0
0 56 0
0 57 0
0 58 0
0 59 0
0 60 0
0 61 0
0 62 0
0 63 0
0 64 0
0 65 0
0 66 0
0 67 0
0 68 0
0 69 0
0 70 0
0 71 0
0 72 0
0 73 0
0 74 0
0 75 0
0 76 0
0 77 0
0 78 0
0 79 0
0 80 0
0 81 0
0 82 0
0 83 0
0 84 0
0 85 0
0 86 0
0 87 0
0 88 0
0 89 0
0 90 0
0 91 0
0 92 0
0 93 0
0 94 0
0 95 0
0 96 0
0 97 0
0 98 0
0 99 0
0 100 0

1 0 0
1 1 -39.9923
1 2 -76.8609
1 3 -107.733
1 4 -130.268
1 5 -142.804
1 6 -144.518
1 7 -135.467
1 8 -116.547
1 9 -89.4042
1 10 -56.256
1 11 -19.6823
1 12 17.6213
1 13 53.046
1 14 84.3206
1 15 109.637
1 16 127.756
1 17 138.097
1 18 140.641
1 19 135.942
1 20 124.976
1 21 109.002
1 22 89.4476
1 23 67.754
1 24 45.2688
1 25 23.1493
1 26 2.35621
1 27 -16.4397
1 28 -32.8136
1 29 -46.565
1 30 -57.6934
1 31 -66.3425
1 32 -72.7579
1 33 -77.2272
1 34 -80.1041
1 35 -81.7009
1 36 -82.3166
1 37 -82.1959
1 38 -81.5905
1 39 -80.6714
1 40 -79.573
1 41 -78.3938
1 42 -77.2334
1 43 -76.1421
1 44 -75.1452
1 45 -74.2858
1 46 -73.5668
1 47 -72.9905
1 48 -72.5875
1 49 -72.3396
1 50 -72.258
1 51 -72.3396
1 52 -72.5875
1 53 -72.9905
1 54 -73.5668
1 55 -74.2858
1 56 -75.1452
1 57 -76.1421
1 58 -77.2334
1 59 -78.3938
1 60 -79.573
1 61 -80.6714
1 62 -81.5905
1 63 -82.1959
1 64 -82.3166
1 65 -81.7009
1 66 -80.1041
1 67 -77.2272
1 68 -72.7579
1 69 -66.3425
1 70 -57.6934
1 71 -46.565
1 72 -32.8136
1 73 -16.4397
1 74 2.35621
1 75 23.1493
1 76 45.2688
1 77 67.754
1 78 89.4476
1 79 109.002
1 80 124.976
1 81 135.942
1 82 140.641
1 83 138.097
1 84 127.756
1 85 109.637
1 86 84.3206
1 87 53.046
1 88 17.6213
1 89 -19.6823
1 90 -56.256
1 91 -89.4042
1 92 -116.547
1 93 -135.467
1 94 -144.518
1 95 -142.804
1 96 -130.268
1 97 -107.733
1 98 -76.8609
1 99 -39.9923
1 100 0

2 0 0
2 1 -76.8609
2 2 -147.661
2 3 -206.833
2 4 -249.826
2 5 -273.42
2 6 -276.013
2 7 -257.71
2 8 -220.251
2 9 -166.829
2 10 -101.75
2 11 -30.032
2 12 43.0691
2 13 112.463
2 14 173.695
2 15 223.21
2 16 258.567
2 17 278.602
2 18 283.276
2 19 273.652
2 20 251.631
2 21 219.673
2 22 180.581
2 23 137.198
2 24 92.2056
2 25 47.9032
2 26 6.19737
2 27 -31.5831
2 28 -64.5652
2 29 -92.3344
2 30 -114.855
2 31 -132.425
2 32 -145.524
2 33 -154.729
2 34 -160.7
2 35 -164.077
2 36 -165.469
2 37 -165.383
2 38 -164.281
2 39 -162.512
2 40 -160.388
2 41 -158.095
2 42 -155.807
2 43 -153.631
2 44 -151.691
2 45 -149.967
2 46 -148.531
2 47 -147.408
2 48 -146.587
2 49 -146.1
2 50 -145.94
2 51 -146.1
2 52 -146.587
2 53 -147.408
2 54 -148.531
2 55 -149.967
2 56 -151.691
2 57 -153.631
2 58 -155.807
2 59 -158.095
2 60 -160.388
2 61 -162.512
2 62 -164.281
2 63 -165.383
2 64 -165.469
2 65 -164.077
2 66 -160.7
2 67 -154.729
2 68 -145.524
2 69 -132.425
2 70 -114.855
2 71 -92.3344
2 72 -64.5652
2 73 -31.5831
2 74 6.19737
2 75 47.9032
2 76 92.2056
2 77 137.198
2 78 180.581
2 79 219.673
2 80 251.631
2 81 273.652
2 82 283.276
2 83 278.602
2 84 258.567
2 85 223.21
2 86 173.695
2 87 112.463
2 88 43.0691
2 89 -30.032
2 90 -101.75
2 91 -166.829
2 92 -220.251
2 93 -257.71
2 94 -276.013
2 95 -273.42
2 96 -249.826
2 97 -206.833
2 98 -147.661
2 99 -76.8609
2 100 0

3 0 0
3 1 -107.733
3 2 -206.833
3 3 -289.372
3 4 -348.856
3 5 -380.687
3 6 -382.564
3 7 -354.62
3 8 -299.322
3 9 -221.228
3 10 -126.497
3 11 -22.3281
3 12 83.7104
3 13 184.289
3 14 272.952
3 15 344.537
3 16 395.48
3 17 424.024
3 18 430.068
3 19 415.103
3 20 381.857
3 21 333.914
3 22 275.352
3 23 210.343
3 24 142.812
3 25 76.19
3 26 13.2951
3 27 -43.8272
3 28 -93.8653
3 29 -136.162
3 30 -170.659
3 31 -197.725
3 32 -218.051
3 33 -232.481
3 34 -242.018
3 35 -247.598
3 36 -250.113
3 37 -250.328
3 38 -248.964
3 39 -246.563
3 40 -243.545
3 41 -240.236
3 42 -236.913
3 43 -233.759
3 44 -230.856
3 45 -228.337
3 46 -226.221
3 47 -224.529
3 48 -223.334
3 49 -222.602
3 50 -222.36
3 51 -222.602
3 52 -223.334
3 53 -224.529
3 54 -226.221
3 55 -228.337
3 56 -230.856
3 57 -233.759
3 58 -236.913
3 59 -240.236
3 60 -243.545
3 61 -246.563
3 62 -248.964
3 63 -250.328
3 64 -250.113
3 65 -247.598
3 66 -242.018
3 67 -232.481
3 68 -218.051
3 69 -197.725
3 70 -170.659
3 71 -136.162
3 72 -93.8653
3 73 -43.8272
3 74 13.2951
3 75 76.19
3 76 142.812
3 77 210.343
3 78 275.352
3 79 333.914
3 80 381.857
3 81 415.103
3 82 430.068
3 83 424.024
3 84 395.48
3 85 344.537
3 86 272.952
3 87 184.289
3 88 83.7104
3 89 -22.3281
3 90 -126.497
3 91 -221.228
3 92 -299.322
3 93 -354.62
3 94 -382.564
3 95 -380.687
3 96 -348.856
3 97 -289.372
3 98 -206.833
3 99 -107.733
3 100 0

4 0 0
4 1 -130.268
4 2 -249.826
4 3 -348.856
4 4 -419.276
4 5 -455.373
4 6 -454.266
4 7 -416.087
4 8 -343.892
4 9 -243.337
4 10 -122.106
4 11 10.7975
4 12 145.853
4 13 273.823
4 14 386.497
4 15 477.275
4 16 541.569
4 17 577.024
4 18 583.449
4 19 562.647
4 20 518.036
4 21 454.165
4 22 376.261
4 23 289.695
4 24 199.595
4 25 110.465
4 26 26.0218
4 27 -51.0025
4 28 -118.791
4 29 -176.425
4 30 -223.727
4 31 -261.148
4 32 -289.535
4 33 -310.012
4 34 -323.82
4 35 -332.22
4 36 -336.394
4 37 -337.402
4 38 -336.157
4 39 -333.398
4 40 -329.744
4 41 -325.633
4 42 -321.426
4 43 -317.353
4 44 -313.653
4 45 -310.359
4 46 -307.594
4 47 -305.42
4 48 -303.828
4 49 -302.882
4 50 -302.564
4 51 -302.882
4 52 -303.828
4 53 -305.42
4 54 -307.594
4 55 -310.359
4 56 -313.653
4 57 -317.353
4 58 -321.426
4 59 -325.633
4 60 -329.744
4 61 -333.398
4 62 -336.157
4 63 -337.402
4 64 -336.394
4 65 -332.22
4 66 -323.82
4 67 -310.012
4 68 -289.535
4 69 -261.148
4 70 -223.727
4 71 -176.425
4 72 -118.791
4 73 -51.0025
4 74 26.0218
4 75 110.465
4 76 199.595
4 77 289.695
4 78 376.261
4 79 454.165
4 80 518.036
4 81 562.647
4 82 583.449
4 83 577.024
4 84 541.569
4 85 477.275
4 86 386.497
4 87 273.823
4 88 145.853
4 89 10.7975
4 90 -122.106
4 91 -243.337
4 92 -343.892
4 93 -416.087
4 94 -454.266
4 95 -455.373
4 96 -419.276
4 97 -348.856
4 98 -249.826
4 99 -130.268
4 100 0

5 0 0
5 1 -142.804
5 2 -273.42
5 3 -380.687
5 4 -455.373
5 5 -490.954
5 6 -484.103
5 7 -434.926
5 8 -346.885
5 9 -226.424
5 10 -82.3585
5 11 74.9331
5 12 234.414
5 13 385.323
5 14 518.012
5 15 624.658
5 16 699.763
5 17 740.38
5 18 746.15
5 19 719.06
5 20 663.033
5 21 583.432
5 22 486.437
5 23 378.513
5 24 265.847
5 25 153.991
5 26 47.5024
5 27 -50.1262
5 28 -136.583
5 29 -210.598
5 30 -271.871
5 31 -320.816
5 32 -358.428
5 33 -386.022
5 34 -405.113
5 35 -417.231
5 36 -423.853
5 37 -426.302
5 38 -425.728
5 39 -423.099
5 40 -419.168
5 41 -414.552
5 42 -409.685
5 43 -404.947
5 44 -400.507
5 45 -396.598
5 46 -393.283
5 47 -390.634
5 48 -388.737
5 49 -387.575
5 50 -387.192
5 51 -387.575
5 52 -388.737
5 53 -390.634
5 54 -393.283
5 55 -396.598
5 56 -400.507
5 57 -404.947
5 58 -409.685
5 59 -414.552
5 60 -419.168
5 61 -423.099
5 62 -425.728
5 63 -426.302
5 64 -423.853
5 65 -417.231
5 66 -405.113
5 67 -386.022
5 68 -358.428
5 69 -320.816
5 70 -271.871
5 71 -210.598
5 72 -136.583
5 73 -50.1262
5 74 47.5024
5 75 153.991
5 76 265.847
5 77 378.513
5 78 486.437
5 79 583.432
5 80 663.033
5 81 719.06
5 82 746.15
5 83 740.38
5 84 699.763
5 85 624.658
5 86 518.012
5 87 385.323
5 88 234.414
5 89 74.9331
5 90 -82.3585
5 91 -226.424
5 92 -346.885
5 93 -434.926
5 94 -484.103
5 95 -490.954
5 96 -455.373
5 97 -380.687
5 98 -273.42
5 99 -142.804
5 100 0

6 0 0
6 1 -144.518
6 2 -276.013
6 3 -382.564
6 4 -454.266
6 5 -484.103
6 6 -468.46
6 7 -407.377
6 8 -304.533
6 9 -166.825
6 10 -3.77501
6 11 173.335
6 12 352.422
6 13 521.621
6 14 670.188
6 15 789.315
6 16 872.708
6 17 916.837
6 18 921.093
6 19 887.473
6 20 820.233
6 21 725.324
6 22 609.717
6 23 480.77
6 24 345.654
6 25 210.85
6 26 81.7945
6 27 -37.2993
6 28 -143.513
6 29 -235.232
6 30 -311.89
6 31 -373.861
6 32 -422.149
6 33 -458.279
6 34 -483.944
6 35 -500.971
6 36 -511.072
6 37 -515.868
6 38 -516.739
6 39 -514.868
6 40 -511.208
6 41 -506.509
6 42 -501.375
6 43 -496.187
6 44 -491.311
6 45 -486.916
6 46 -483.179
6 47 -480.202
6 48 -478.018
6 49 -476.71
6 50 -476.263
6 51 -476.71
6 52 -478.018
6 53 -480.202
6 54 -483.179
6 55 -486.916
6 56 -491.311
6 57 -496.187
6 58 -501.375
6 59 -506.509
6 60 -511.208
6 61 -514.868
6 62 -516.739
6 63 -515.868
6 64 -511.072
6 65 -500.971
6 66 -483.944
6 67 -458.279
6 68 -422.149
6 69 -373.861
6 70 -311.89
6 71 -235.232
6 72 -143.513
6 73 -37.2993
6 74 81.7945
6 75 210.85
6 76 345.654
6 77 480.77
6 78 609.717
6 79 725.324
6 80 820.233
6 81 887.473
6 82 921.093
6 83 916.837
6 84 872.708
6 85 789.315
6 86 670.188
6 87 521.621
6 88 352.422
6 89 173.335
6 90 -3.77501
6 91 -166.825
6 92 -304.533
6 93 -407.377
6 94 -468.46
6 95 -484.103
6 96 -454.266
6 97 -382.564
6 98 -276.013
6 99 -144.518
6 100 0

7 0 0
7 1 -135.467
7 2 -257.71
7 3 -354.62
7 4 -416.087
7 5 -434.926
7 6 -407.377
7 7 -333.398
7 8 -216.685
7 9 -64.2647
7 10 114.068
7 11 306.603
7 12 500.699
7 13 683.801
7 14 844.414
7 15 972.972
7 16 1062.48
7 17 1108.86
7 18 1111.13
7 19 1071.16
7 20 993.314
7 21 883.91
7 22 750.462
7 23 601.094
7 24 443.796
7 25 285.959
7 26 133.818
7 27 -7.62775
7 28 -134.875
7 29 -245.786
7 30 -339.514
7 31 -416.235
7 32 -476.994
7 33 -523.369
7 34 -557.235
7 35 -580.616
7 36 -595.527
7 37 -603.84
7 38 -607.156
7 39 -606.898
7 40 -604.216
7 41 -600.078
7 42 -595.117
7 43 -589.946
7 44 -584.905
7 45 -580.322
7 46 -576.366
7 47 -573.176
7 48 -570.856
7 49 -569.425
7 50 -568.959
7 51 -569.425
7 52 -570.856
7 53 -573.176
7 54 -576.366
7 55 -580.322
7 56 -584.905
7 57 -589.946
7 58 -595.117
7 59 -600.078
7 60 -604.216
7 61 -606.898
7 62 -607.156
7 63 -603.84
7 64 -595.527
7 65 -580.616
7 66 -557.235
7 67 -523.369
7 68 -476.994
7 69 -416.235
7 70 -339.514
7 71 -245.786
7 72 -134.875
7 73 -7.62775
7 74 133.818
7 75 285.959
7 76 443.796
7 77 601.094
7 78 750.462
7 79 883.91
7 80 993.314
7 81 1071.16
7 82 1111.13
7 83 1108.86
7 84 1062.48
7 85 972.972
7 86 844.414
7 87 683.801
7 88 500.699
7 89 306.603
7 90 114.068
7 91 -64.2647
7 92 -216.685
7 93 -333.398
7 94 -407.377
7 95 -434.926
7 96 -416.087
7 97 -354.62
7 98 -257.71
7 99 -135.467
7 100 0

8 0 0
8 1 -116.547
8 2 -220.251
8 3 -299.322
8 4 -343.892
8 5 -346.885
8 6 -304.533
8 7 -216.685
8 8 -86.8676
8 9 78.0726
8 10 268.458
8 11 472.596
8 12 677.715
8 13 870.972
8 14 1040.45
8 15 1176.05
8 16 1270.19
8 17 1318.23
8 18 1318.71
8 19 1273.17
8 20 1185.89
8 21 1063.3
8 22 913.28
8 23 744.487
8 24 565.638
8 25 384.861
8 26 209.263
8 27 44.5818
8 28 -104.94
8 29 -236.665
8 30 -349.292
8 31 -442.79
8 32 -518.028
8 33 -576.636
8 34 -620.586
8 35 -652.126
8 36 -673.455
8 37 -686.689
8 38 -693.709
8 39 -696.162
8 40 -695.421
8 41 -692.558
8 42 -688.504
8 43 -683.848
8 44 -679.127
8 45 -674.689
8 46 -670.807
8 47 -667.634
8 48 -665.287
8 49 -663.864
8 50 -663.369
8 51 -663.864
8 52 -665.287
8 53 -667.634
8 54 -670.807
8 55 -674.689
8 56 -679.127
8 57 -683.848
8 58 -688.504
8 59 -692.558
8 60 -695.421
8 61 -696.162
8 62 -693.709
8 63 -686.689
8 64 -673.455
8 65 -652.126
8 66 -620.586
8 67 -576.636
8 68 -518.028
8 69 -442.79
8 70 -349.292
8 71 -236.665
8 72 -104.94
8 73 44.5818
8 74 209.263
8 75 384.861
8 76 565.638
8 77 744.487
8 78 913.28
8 79 1063.3
8 80 1185.89
8 81 1273.17
8 82 1318.71
8 83 1318.23
8 84 1270.19
8 85 1176.05
8 86 1040.45
8 87 870.972
8 88 677.715
8 89 472.596
8 90 268.458
8 91 78.0726
8 92 -86.8676
8 93 -216.685
8 94 -304.533
8 95 -346.885
8 96 -343.892
8 97 -299.322
8 98 -220.251
8 99 -116.547
8 100 0

9 0 0
9 1 -89.4042
9 2 -166.829
9 3 -221.228
9 4 -243.337
9 5 -226.424
9 6 -166.825
9 7 -64.2647
9 8 78.0726
9 9 253.766
9 10 453.613
9 11 666.325
9 12 879.394
9 13 1080.05
9 14 1256.22
9 15 1397.46
9 16 1495.68
9 17 1545.67
9 18 1545.37
9 19 1495.85
9 20 1401.06
9 21 1267.29
9 22 1102.56
9 23 915.894
9 24 716.531
9 25 513.345
9 26 314.197
9 27 125.654
9 28 -47.3482
9 29 -201.452
9 30 -334.894
9 31 -447.221
9 32 -539.156
9 33 -612.191
9 34 -668.388
9 35 -710.069
9 36 -739.673
9 37 -759.532
9 38 -771.76
9 39 -778.235
9 40 -780.537
9 41 -780.021
9 42 -777.629
9 43 -774.224
9 44 -770.392
9 45 -766.591
9 46 -763.134
9 47 -760.261
9 48 -758.112
9 49 -756.768
9 50 -756.335
9 51 -756.768
9 52 -758.112
9 53 -760.261
9 54 -763.134
9 55 -766.591
9 56 -770.392
9 57 -774.224
9 58 -777.629
9 59 -780.021
9 60 -780.537
9 61 -778.235
9 62 -771.76
9 63 -759.532
9 64 -739.673
9 65 -710.069
9 66 -668.388
9 67 -612.191
9 68 -539.156
9 69 -447.221
9 70 -334.894
9 71 -201.452
9 72 -47.3482
9 73 125.654
9 74 314.197
9 75 513.345
9 76 716.531
9 77 915.894
9 78 1102.56
9 79 1267.29
9 80 1401.06
9 81 1495.85
9 82 1545.37
9 83 1545.67
9 84 1495.68
9 85 1397.46
9 86 1256.22
9 87 1080.05
9 88 879.394
9 89 666.325
9 90 453.613
9 91 253.766
9 92 78.0726
9 93 -64.2647
9 94 -166.825
9 95 -226.424
9 96 -243.337
9 97 -221.228
9 98 -166.829
9 99 -89.4042
9 100 0

10 0 0
10 1 -56.256
10 2 -101.75
10 3 -126.497
10 4 -122.106
10 5 -82.3585
10 6 -3.77501
10 7 114.068
10 8 268.458
10 9 453.613
10 10 661.082
10 11 880.299
10 12 1099.33
10 13 1305.76
10 14 1487.6
10 15 1634.22
10 16 1737.08
10 17 1790.36
10 18 1791.31
10 19 1740.33
10 20 1640.83
10 21 1498.71
10 22 1321.93
10 23 1119.63
10 24 901.492
10 25 676.948
10 26 454.671
10 27 241.968
10 28 44.6459
10 29 -133.24
10 30 -289.25
10 31 -422.507
10 32 -533.348
10 33 -623.119
10 34 -693.815
10 35 -747.851
10 36 -787.788
10 37 -816.144
10 38 -835.286
10 39 -847.302
10 40 -854.04
10 41 -856.938
10 42 -857.278
10 43 -855.956
10 44 -853.72
10 45 -851.127
10 46 -848.585
10 47 -846.348
10 48 -844.627
10 49 -843.56
10 50 -843.171
10 51 -843.56
10 52 -844.627
10 53 -846.348
10 54 -848.585
10 55 -851.127
10 56 -853.72
10 57 -855.956
10 58 -857.278
10 59 -856.938
10 60 -854.04
10 61 -847.302
10 62 -835.286
10 63 -816.144
10 64 -787.788
10 65 -747.851
10 66 -693.815
10 67 -623.119
10 68 -533.348
10 69 -422.507
10 70 -289.25
10 71 -133.24
10 72 44.6459
10 73 241.968
10 74 454.671
10 75 676.948
10 76 901.492
10 77 1119.63
10 78 1321.93
10 79 1498.71
10 80 1640.83
10 81 1740.33
10 82 1791.31
10 83 1790.36
10 84 1737.08
10 85 1634.22
10 86 1487.6
10 87 1305.76
10 88 1099.33
10 89 880.299
10 90 661.082
10 91 453.613
10 92 268.458
10 93 114.068
10 94 -3.77501
10 95 -82.3585
10 96 -122.106
10 97 -126.497
10 98 -101.75
10 99 -56.256
10 100 0

11 0 0
11 1 -19.6823
11 2 -30.032
11 3 -22.3281
11 4 10.7975
11 5 74.9331
11 6 173.335
11 7 306.603
11 8 472.596
11 9 666.325
11 10 880.299
11 11 1104.9
11 12 1329.01
11 13 1540.77
11 14 1728.48
11 15 1881.4
11 16 1990.6
11 17 2049.64
11 18 2054.91
11 19 2006.01
11 20 1905.54
11 21 1758.87
11 22 1573.57
11 23 1358.79
11 24 1124.39
11 25 880.353
11 26 635.993
11 27 399.498
11 28 177.471
11 29 -25.1254
11 30 -205.205
11 31 -361.209
11 32 -493.075
11 33 -601.789
11 34 -689.281
11 35 -757.907
11 36 -810.318
11 37 -849.182
11 38 -877.071
11 39 -896.324
11 40 -908.916
11 41 -916.616
11 42 -920.764
11 43 -922.508
11 44 -922.7
11 45 -922.002
11 46 -920.883
11 47 -919.727
11 48 -918.733
11 49 -918.067
11 50 -917.857
11 51 -918.067
11 52 -918.733
11 53 -919.727
11 54 -920.883
11 55 -922.002
11 56 -922.7
11 57 -922.508
11 58 -920.764
11 59 -916.616
11 60 -908.916
11 61 -896.324
11 62 -877.071
11 63 -849.182
11 64 -810.318
11 65 -757.907
11 66 -689.281
11 67 -601.789
11 68 -493.075
11 69 -361.209
11 70 -205.205
11 71 -25.1254
11 72 177.471
11 73 399.498
11 74 635.993
11 75 880.353
11 76 1124.39
11 77 1358.79
11 78 1573.57
11 79 1758.87
11 80 1905.54
11 81 2006.01
11 82 2054.91
11 83 2049.64
11 84 1990.6
11 85 1881.4
11 86 1728.48
11 87 1540.77
11 88 1329.01
11 89 1104.9
11 90 880.299
11 91 666.325
11 92 472.596
11 93 306.603
11 94 173.335
11 95 74.9331
11 96 10.7975
11 97 -22.3281
11 98 -30.032
11 99 -19.6823
11 100 0

12 0 0
12 1 17.6213
12 2 43.0691
12 3 83.7104
12 4 145.853
12 5 234.414
12 6 352.422
12 7 500.699
12 8 677.715
12 9 879.394
12 10 1099.33
12 11 1329.01
12 12 1558.26
12 13 1776
12 14 1970.87
12 15 2132.12
12 16 2250.46
12 17 2318.7
12 18 2332.39
12 19 2290.06
12 20 2193.41
12 21 2046.92
12 22 1857.68
12 23 1634.48
12 24 1387.34
12 25 1126.55
12 26 862.129
12 27 602.978
12 28 356.662
12 29 128.983
12 30 -76.0478
12 31 -256.207
12 32 -410.801
12 33 -540.479
12 34 -646.855
12 35 -732.197
12 36 -799.161
12 37 -850.539
12 38 -889.072
12 39 -917.221
12 40 -937.277
12 41 -951.1
12 42 -960.307
12 43 -966.162
12 44 -969.666
12 45 -971.598
12 46 -972.536
12 47 -972.882
12 48 -972.943
12 49 -972.921
12 50 -972.871
12 51 -972.921
12 52 -972.943
12 53 -972.882
12 54 -972.536
12 55 -971.598
12 56 -969.666
12 57 -966.162
12 58 -960.307
12 59 -951.1
12 60 -937.277
12 61 -917.221
12 62 -889.072
12 63 -850.539
12 64 -799.161
12 65 -732.197
12 66 -646.855
12 67 -540.479
12 68 -410.801
12 69 -256.207
12 70 -76.0478
12 71 128.983
12 72 356.662
12 73 602.978
12 74 862.129
12 75 1126.55
12 76 1387.34
12 77 1634.48
12 78 1857.68
12 79 2046.92
12 80 2193.41
12 81 2290.06
12 82 2332.39
12 83 2318.7
12 84 2250.46
12 85 2132.12
12 86 1970.87
12 87 1776
12 88 1558.26
12 89 1329.01
12 90 1099.33
12 91 879.394
12 92 677.715
12 93 500.699
12 94 352.422
12 95 234.414
12 96 145.853
12 97 83.7104
12 98 43.0691
12 99 17.6213
12 100 0

13 0 0
13 1 53.046
13 2 112.463
13 3 184.289
13 4 273.823
13 5 385.323
13 6 521.621
13 7 683.801
13 8 870.972
13 9 1080.05
13 10 1305.76
13 11 1540.77
13 12 1776
13 13 2001.15
13 14 2205.29
13 15 2377.75
13 16 2508.84
13 17 2590.64
13 18 2617.67
13 19 2587.33
13 20 2500.12
13 21 2359.55
13 22 2171.83
13 23 1945.39
13 24 1690.04
13 25 1416.39
13 26 1134.87
13 27 855.25
13 28 585.944
13 29 333.781
13 30 103.627
13 31 -101.391
13 32 -279.928
13 33 -432.037
13 34 -559.01
13 35 -662.906
13 36 -746.307
13 37 -812.034
13 38 -862.909
13 39 -901.663
13 40 -930.634
13 41 -951.967
13 42 -967.42
13 43 -978.448
13 44 -986.172
13 45 -991.497
13 46 -995.076
13 47 -997.434
13 48 -998.881
13 49 -999.657
13 50 -999.923
13 51 -999.657
13 52 -998.881
13 53 -997.434
13 54 -995.076
13 55 -991.497
13 56 -986.172
13 57 -978.448
13 58 -967.42
13 59 -951.967
13 60 -930.634
13 61 -901.663
13 62 -862.909
13 63 -812.034
13 64 -746.307
13 65 -662.906
13 66 -559.01
13 67 -432.037
13 68 -279.928
13 69 -101.391
13 70 103.627
13 71 333.781
13 72 585.944
13 73 855.25
13 74 1134.87
13 75 1416.39
13 76 1690.04
13 77 1945.39
13 78 2171.83
13 79 2359.55
13 80 2500.12
13 81 2587.33
13 82 2617.67
13 83 2590.64
13 84 2508.84
13 85 2377.75
13 86 2205.29
13 87 2001.15
13 88 1776
13 89 1540.77
13 90 1305.76
13 91 1080.05
13 92 870.972
13 93 683.801
13 94 521.621
13 95 385.323
13 96 273.823
13 97 184.289
13 98 112.463
13 99 53.046
13 100 0

14 0 0
14 1 84.3206
14 2 173.695
14 3 272.952
14 4 386.497
14 5 518.012
14 6 670.188
14 7 844.414
14 8 1040.45
14 9 1256.22
14 10 1487.6
14 11 1728.48
14 12 1970.87
14 13 2205.29
14 14 2421.35
14 15 2608.4
14 16 2756.39
14 17 2856.6
14 18 2902.49
14 19 2890.14
14 20 2818.74
14 21 2690.56
14 22 2510.82
14 23 2287.22
14 24 2029.31
14 25 1747.68
14 26 1453.27
14 27 1156.47
14 28 866.655
14 29 591.556
14 30 337.151
14 31 107.427
14 32 -95.3866
14 33 -270.767
14 34 -419.464
14 35 -543.24
14 36 -644.51
14 37 -726.063
14 38 -790.824
14 39 -841.518
14 40 -880.764
14 41 -910.823
14 42 -933.633
14 43 -950.786
14 44 -963.581
14 45 -972.998
14 46 -979.825
14 47 -984.608
14 48 -987.774
14 49 -989.579
14 50 -990.143
14 51 -989.579
14 52 -987.774
14 53 -984.608
14 54 -979.825
14 55 -972.998
14 56 -963.581
14 57 -950.786
14 58 -933.633
14 59 -910.823
14 60 -880.764
14 61 -841.518
14 62 -790.824
14 63 -726.063
14 64 -644.51
14 65 -543.24
14 66 -419.464
14 67 -270.767
14 68 -95.3866
14 69 107.427
14 70 337.151
14 71 591.556
14 72 866.655
14 73 1156.47
14 74 1453.27
14 75 1747.68
14 76 2029.31
14 77 2287.22
14 78 2510.82
14 79 2690.56
14 80 2818.74
14 81 2890.14
14 82 2902.49
14 83 2856.6
14 84 2756.39
14 85 2608.4
14 86 2421.35
14 87 2205.29
14 88 1970.87
14 89 1728.48
14 90 1487.6
14 91 1256.22
14 92 1040.45
14 93 844.414
14 94 670.188
14 95 518.012
14 96 386.497
14 97 272.952
14 98 173.695
14 99 84.3206
14 100 0

15 0 0
15 1 109.637
15 2 223.21
15 3 344.537
15 4 477.275
15 5 624.658
15 6 789.315
15 7 972.972
15 8 1176.05
15 9 1397.46
15 10 1634.22
15 11 1881.4
15 12 2132.12
15 13 2377.75
15 14 2608.4
15 15 2813.52
15 16 2982.64
15 17 3106.29
15 18 3176.73
15 19 3188.69
15 20 3139.85
15 21 3031.11
15 22 2866.42
15 23 2652.61
15 24 2398.67
15 25 2115.11
15 26 1813.07
15 27 1503.62
15 28 1196.89
15 29 901.671
15 30 624.951
15 31 371.789
15 32 145.257
15 33 -53.3
15 34 -224.053
15 35 -368.341
15 36 -488.331
15 37 -586.71
15 38 -666.31
15 39 -730.037
15 40 -780.558
15 41 -820.276
15 42 -851.313
15 43 -875.4
15 44 -893.935
15 45 -908.043
15 46 -918.583
15 47 -926.197
15 48 -931.342
15 49 -934.303
15 50 -935.295
15 51 -934.303
15 52 -931.342
15 53 -926.197
15 54 -918.583
15 55 -908.043
15 56 -893.935
15 57 -875.4
15 58 -851.313
15 59 -820.276
15 60 -780.558
15 61 -730.037
15 62 -666.31
15 63 -586.71
15 64 -488.331
15 65 -368.341
15 66 -224.053
15 67 -53.3
15 68 145.257
15 69 371.789
15 70 624.951
15 71 901.671
15 72 1196.89
15 73 1503.62
15 74 1813.07
15 75 2115.11
15 76 2398.67
15 77 2652.61
15 78 2866.42
15 79 3031.11
15 80 3139.85
15 81 3188.69
15 82 3176.73
15 83 3106.29
15 84 2982.64
15 85 2813.52
15 86 2608.4
15 87 2377.75
15 88 2132.12
15 89 1881.4
15 90 1634.22
15 91 1397.46
15 92 1176.05
15 93 972.972
15 94 789.315
15 95 624.658
15 96 477.275
15 97 344.537
15 98 223.21
15 99 109.637
15 100 0

16 0 0
16 1 127.756
16 2 258.567
16 3 395.48
16 4 541.569
16 5 699.763
16 6 872.708
16 7 1062.48
16 8 1270.19
16 9 1495.68
16 10 1737.08
16 11 1990.6
16 12 2250.46
16 13 2508.84
16 14 2756.39
16 15 2982.64
16 16 3176.8
16 17 3328.57
16 18 3429.06
16 19 3471.51
16 20 3452.05
16 21 3369.94
16 22 3227.78
16 23 3031.22
16 24 2788.57
16 25 2509.94
16 26 2206.62
16 27 1890.06
16 28 1571.26
16 29 1259.87
16 30 964.032
16 31 689.771
16 32 441.224
16 33 220.577
16 34 28.381
16 35 -136.21
16 36 -275.027
16 37 -390.472
16 38 -485.395
16 39 -562.632
16 40 -624.969
16 41 -674.926
16 42 -714.724
16 43 -746.21
16 44 -770.96
16 45 -790.137
16 46 -804.727
16 47 -815.412
16 48 -822.726
16 49 -826.986
16 50 -828.379
16 51 -826.986
16 52 -822.726
16 53 -815.412
16 54 -804.727
16 55 -790.137
16 56 -770.96
16 57 -746.21
16 58 -714.724
16 59 -674.926
16 60 -624.969
16 61 -562.632
16 62 -485.395
16 63 -390.472
16 64 -275.027
16 65 -136.21
16 66 28.381
16 67 220.577
16 68 441.224
16 69 689.771
16 70 964.032
16 71 1259.87
16 72 1571.26
16 73 1890.06
16 74 2206.62
16 75 2509.94
16 76 2788.57
16 77 3031.22
16 78 3227.78
16 79 3369.94
16 80 3452.05
16 81 3471.51
16 82 3429.06
16 83 3328.57
16 84 3176.8
16 85 2982.64
16 86 2756.39
16 87 2508.84
16 88 2250.46
16 89 1990.6
16 90 1737.08
16 91 1495.68
16 92 1270.19
16 93 1062.48
16 94 872.708
16 95 699.763
16 96 541.569
16 97 395.48
16 98 258.567
16 99 127.756
16 100 0

17 0 0
17 1 138.097
17 2 278.602
17 3 424.024
17 4 577.024
17 5 740.38
17 6 916.837
17 7 1108.86
17 8 1318.23
17 9 1545.67
17 10 1790.36
17 11 2049.64
17 12 2318.7
17 13 2590.64
17 14 2856.6
17 15 3106.29
17 16 3328.57
17 17 3512.42
17 18 3647.72
17 19 3726.29
17 20 3742.53
17 21 3694.07
17 22 3581.86
17 23 3410.27
17 24 3186.56
17 25 2920.37
17 26 2622.83
17 27 2305.76
17 28 1980.68
17 29 1658.23
17 30 1347.51
17 31 1055.7
17 32 787.942
17 33 547.384
17 34 335.327
17 35 151.565
17 36 -5.24734
17 37 -137.312
17 38 -247.251
17 39 -337.886
17 40 -412.038
17 41 -472.273
17 42 -520.926
17 43 -559.97
17 44 -591.025
17 45 -615.415
17 46 -634.16
17 47 -648.02
17 48 -657.568
17 49 -663.15
17 50 -665.002
17 51 -663.15
17 52 -657.568
17 53 -648.02
17 54 -634.16
17 55 -615.415
17 56 -591.025
17 57 -559.97
17 58 -520.926
17 59 -472.273
17 60 -412.038
17 61 -337.886
17 62 -247.251
17 63 -137.312
17 64 -5.24734
17 65 151.565
17 66 335.327
17 67 547.384
17 68 787.942
17 69 1055.7
17 70 1347.51
17 71 1658.23
17 72 1980.68
17 73 2305.76
17 74 2622.83
17 75 2920.37
17 76 3186.56
17 77 3410.27
17 78 3581.86
17 79 3694.07
17 80 3742.53
17 81 3726.29
17 82 3647.72
17 83 3512.42
17 84 3328.57
17 85 3106.29
17 86 2856.6
17 87 2590.64
17 88 2318.7
17 89 2049.64
17 90 1790.36
17 91 1545.67
17 92 1318.23
17 93 1108.86
17 94 916.837
17 95 740.38
17 96 577.024
17 97 424.024
17 98 278.602
17 99 138.097
17 100 0

18 0 0
18 1 140.641
18 2 283.276
18 3 430.068
18 4 583.449
18 5 746.15
18 6 921.093
18 7 1111.13
18 8 1318.71
18 9 1545.37
18 10 1791.31
18 11 2054.91
18 12 2332.39
18 13 2617.67
18 14 2902.49
18 15 3176.73
18 16 3429.06
18 17 3647.72
18 18 3821.54
18 19 3940.81
18 20 3998.29
18 21 3989.73
18 22 3914.44
18 23 3775.19
18 24 3578.14
18 25 3332.09
18 26 3047.89
18 27 2737.39
18 28 2412.67
18 29 2085.1
18 30 1764.79
18 31 1459.96
18 32 1176.82
18 33 919.514
18 34 690.211
18 35 489.405
18 36 316.209
18 37 168.875
18 38 44.9697
18 39 -58.2633
18 40 -143.575
18 41 -213.595
18 42 -270.707
18 43 -316.965
18 44 -354.116
18 45 -383.515
18 46 -406.269
18 47 -423.205
18 48 -434.91
18 49 -441.79
18 50 -444.055
18 51 -441.79
18 52 -434.91
18 53 -423.205
18 54 -406.269
18 55 -383.515
18 56 -354.116
18 57 -316.965
18 58 -270.707
18 59 -213.595
18 60 -143.575
18 61 -58.2633
18 62 44.9697
18 63 168.875
18 64 316.209
18 65 489.405
18 66 690.211
18 67 919.514
18 68 1176.82
18 69 1459.96
18 70 1764.79
18 71 2085.1
18 72 2412.67
18 73 2737.39
18 74 3047.89
18 75 3332.09
18 76 3578.14
18 77 3775.19
18 78 3914.44
18 79 3989.73
18 80 3998.29
18 81 3940.81
18 82 3821.54
18 83 3647.72
18 84 3429.06
18 85 3176.73
18 86 2902.49
18 87 2617.67
18 88 2332.39
18 89 2054.91
18 90 1791.31
18 91 1545.37
18 92 1318.71
18 93 1111.13
18 94 921.093
18 95 746.15
18 96 583.449
18 97 430.068
18 98 283.276
18 99 140.641
18 100 0

19 0 0
19 1 135.942
19 2 273.652
19 3 415.103
19 4 562.647
19 5 719.06
19 6 887.473
19 7 1071.16
19 8 1273.17
19 9 1495.85
19 10 1740.33
19 11 2006.01
19 12 2290.06
19 13 2587.33
19 14 2890.14
19 15 3188.69
19 16 3471.51
19 17 3726.29
19 18 3940.81
19 19 4104.01
19 20 4206.88
19 21 4243.42
19 22 4211.03
19 23 4110.88
19 24 3947.66
19 25 3729.26
19 26 3465.89
19 27 3169.36
19 28 2852
19 29 2525.88
19 30 2201.9
19 31 1889.37
19 32 1595.53
19 33 1325.53
19 34 1082.44
19 35 867.486
19 36 680.458
19 37 519.955
19 38 383.819
19 39 269.506
19 40 174.306
19 41 95.5783
19 42 30.921
19 43 -21.8127
19 44 -64.3856
19 45 -98.2903
19 46 -124.644
19 47 -144.325
19 48 -157.977
19 49 -166.011
19 50 -168.661
19 51 -166.011
19 52 -157.977
19 53 -144.325
19 54 -124.644
19 55 -98.2903
19 56 -64.3856
19 57 -21.8127
19 58 30.921
19 59 95.5783
19 60 174.306
19 61 269.506
19 62 383.819
19 63 519.955
19 64 680.458
19 65 867.486
19 66 1082.44
19 67 1325.53
19 68 1595.53
19 69 1889.37
19 70 2201.9
19 71 2525.88
19 72 2852
19 73 3169.36
19 74 3465.89
19 75 3729.26
19 76 3947.66
19 77 4110.88
19 78 4211.03
19 79 4243.42
19 80 4206.88
19 81 4104.01
19 82 3940.81
19 83 3726.29
19 84 3471.51
19 85 3188.69
19 86 2890.14
19 87 2587.33
19 88 2290.06
19 89 2006.01
19 90 1740.33
19 91 1495.85
19 92 1273.17
19 93 1071.16
19 94 887.473
19 95 719.06
19 96 562.647
19 97 415.103
19 98 273.652
19 99 135.942
19 100 0

20 0 0
20 1 124.976
20 2 251.631
20 3 381.857
20 4 518.036
20 5 663.033
20 6 820.233
20 7 993.314
20 8 1185.89
20 9 1401.06
20 10 1640.83
20 11 1905.54
20 12 2193.41
20 13 2500.12
20 14 2818.74
20 15 3139.85
20 16 3452.05
20 17 3742.53
20 18 3998.29
20 19 4206.88
20 20 4357.75
20 21 4443
20 22 4458.21
20 23 4402.68
20 24 4279.61
20 25 4095.61
20 26 3860.17
20 27 3584.73
20 28 3281.78
20 29 2963.78
20 30 2642.43
20 31 2327.94
20 32 2028.62
20 33 1750.58
20 34 1497.8
20 35 1272.35
20 36 1074.62
20 37 903.675
20 38 757.755
20 39 634.443
20 40 531.174
20 41 445.34
20 42 374.513
20 43 316.513
20 44 269.487
20 45 231.939
20 46 202.667
20 47 180.74
20 48 165.526
20 49 156.557
20 50 153.591
20 51 156.557
20 52 165.526
20 53 180.74
20 54 202.667
20 55 231.939
20 56 269.487
20 57 316.513
20 58 374.513
20 59 445.34
20 60 531.174
20 61 634.443
20 62 757.755
20 63 903.675
20 64 1074.62
20 65 1272.35
20 66 1497.8
20 67 1750.58
20 68 2028.62
20 69 2327.94
20 70 2642.43
20 71 2963.78
20 72 3281.78
20 73 3584.73
20 74 3860.17
20 75 4095.61
20 76 4279.61
20 77 4402.68
20 78 4458.21
20 79 4443
20 80 4357.75
20 81 4206.88
20 82 3998.29
20 83 3742.53
20 84 3452.05
20 85 3139.85
20 86 2818.74
20 87 2500.12
20 88 2193.41
20 89 1905.54
20 90 1640.83
20 91 1401.06
20 92 1185.89
20 93 993.314
20 94 820.233
20 95 663.033
20 96 518.036
20 97 381.857
20 98 251.631
20 99 124.976
20 100 0

21 0 0
21 1 109.002
21 2 219.673
21 3 333.914
21 4 454.165
21 5 583.432
21 6 725.324
21 7 883.91
21 8 1063.3
21 9 1267.29
21 10 1498.71
21 11 1758.87
21 12 2046.92
21 13 2359.55
21 14 2690.56
21 15 3031.11
21 16 3369.94
21 17 3694.07
21 18 3989.73
21 19 4243.42
21 20 4443
21 21 4578.88
21 22 4644.63
21 23 4637.78
21 24 4559.74
21 25 4415.84
21 26 4214.47
21 27 3966.62
21 28 3684.57
21 29 3381.13
21 30 3068.6
21 31 2758.02
21 32 2458.6
21 33 2177.42
21 34 1919.45
21 35 1687.51
21 36 1482.65
21 37 1304.51
21 38 1151.61
21 39 1021.86
21 40 912.783
21 41 821.832
21 42 746.587
21 43 684.835
21 44 634.696
21 45 594.585
21 46 563.277
21 47 539.831
21 48 523.523
21 49 513.916
21 50 510.749
21 51 513.916
21 52 523.523
21 53 539.831
21 54 563.277
21 55 594.585
21 56 634.696
21 57 684.835
21 58 746.587
21 59 821.832
21 60 912.783
21 61 1021.86
21 62 1151.61
21 63 1304.51
21 64 1482.65
21 65 1687.51
21 66 1919.45
21 67 2177.42
21 68 2458.6
21 69 2758.02
21 70 3068.6
21 71 3381.13
21 72 3684.57
21 73 3966.62
21 74 4214.47
21 75 4415.84
21 76 4559.74
21 77 4637.78
21 78 4644.63
21 79 4578.88
21 80 4443
21 81 4243.42
21 82 3989.73
21 83 3694.07
21 84 3369.94
21 85 3031.11
21 86 2690.56
21 87 2359.55
21 88 2046.92
21 89 1758.87
21 90 1498.71
21 91 1267.29
21 92 1063.3
21 93 883.91
21 94 725.324
21 95 583.432
21 96 454.165
21 97 333.914
21 98 219.673
21 99 109.002
21 100 0

22 0 0
22 1 89.4476
22 2 180.581
22 3 275.352
22 4 376.261
22 5 486.437
22 6 609.717
22 7 750.462
22 8 913.28
22 9 1102.56
22 10 1321.93
22 11 1573.57
22 12 1857.68
22 13 2171.83
22 14 2510.82
22 15 2866.42
22 16 3227.78
22 17 3581.86
22 18 3914.44
22 19 4211.03
22 20 4458.21
22 21 4644.63
22 22 4762.1
22 23 4806.15
22 24 4776.49
22 25 4676.8
22 26 4514.42
22 27 4299.46
22 28 4044
22 29 3760.87
22 30 3462.84
22 31 3161.61
22 32 2867.27
22 33 2587.84
22 34 2329.12
22 35 2094.76
22 36 1886.54
22 37 1704.53
22 38 1547.75
22 39 1414.31
22 40 1301.91
22 41 1208.08
22 42 1130.4
22 43 1066.65
22 44 1014.88
22 45 973.498
22 46 941.21
22 47 917.018
22 48 900.227
22 49 890.334
22 50 887.052
22 51 890.334
22 52 900.227
22 53 917.018
22 54 941.21
22 55 973.498
22 56 1014.88
22 57 1066.65
22 58 1130.4
22 59 1208.08
22 60 1301.91
22 61 1414.31
22 62 1547.75
22 63 1704.53
22 64 1886.54
22 65 2094.76
22 66 2329.12
22 67 2587.84
22 68 2867.27
22 69 3161.61
22 70 3462.84
22 71 3760.87
22 72 4044
22 73 4299.46
22 74 4514.42
22 75 4676.8
22 76 4776.49
22 77 4806.15
22 78 4762.1
22 79 4644.63
22 80 4458.21
22 81 4211.03
22 82 3914.44
22 83 3581.86
22 84 3227.78
22 85 2866.42
22 86 2510.82
22 87 2171.83
22 88 1857.68
22 89 1573.57
22 90 1321.93
22 91 1102.56
22 92 913.28
22 93 750.462
22 94 609.717
22 95 486.437
22 96 376.261
22 97 275.352
22 98 180.581
22 99 89.4476
22 100 0

23 0 0
23 1 67.754
23 2 137.198
23 3 210.343
23 4 289.695
23 5 378.513
23 6 480.77
23 7 601.094
23 8 744.487
23 9 915.894
23 10 1119.63
23 11 1358.79
23 12 1634.48
23 13 1945.39
23 14 2287.22
23 15 2652.61
23 16 3031.22
23 17 3410.27
23 18 3775.19
23 19 4110.88
23 20 4402.68
23 21 4637.78
23 22 4806.15
23 23 4901.51
23 24 4921.64
23 25 4868.67
23 26 4748.53
23 27 4570.46
23 28 4345.96
23 29 4087.83
23 30 3809.06
23 31 3521.95
23 32 3237.31
23 33 2963.99
23 34 2708.64
23 35 2475.76
23 36 2267.66
23 37 2085.1
23 38 1927.41
23 39 1793.05
23 40 1679.83
23 41 1585.38
23 42 1507.29
23 43 1443.33
23 44 1391.52
23 45 1350.19
23 46 1318.01
23 47 1293.97
23 48 1277.29
23 49 1267.47
23 50 1264.24
23 51 1267.47
23 52 1277.29
23 53 1293.97
23 54 1318.01
23 55 1350.19
23 56 1391.52
23 57 1443.33
23 58 1507.29
23 59 1585.38
23 60 1679.83
23 61 1793.05
23 62 1927.41
23 63 2085.1
23 64 2267.66
23 65 2475.76
23 66 2708.64
23 67 2963.99
23 68 3237.31
23 69 3521.95
23 70 3809.06
23 71 4087.83
23 72 4345.96
23 73 4570.46
23 74 4748.53
23 75 4868.67
23 76 4921.64
23 77 4901.51
23 78 4806.15
23 79 4637.78
23 80 4402.68
23 81 4110.88
23 82 3775.19
23 83 3410.27
23 84 3031.22
23 85 2652.61
23 86 2287.22
23 87 1945.39
23 88 1634.48
23 89 1358.79
23 90 1119.63
23 91 915.894
23 92 744.487
23 93 601.094
23 94 480.77
23 95 378.513
23 96 289.695
23 97 210.343
23 98 137.198
23 99 67.754
23 100 0

24 0 0
24 1 45.2688
24 2 92.2056
24 3 142.812
24 4 199.595
24 5 265.847
24 6 345.654
24 7 443.796
24 8 565.638
24 9 716.531
24 10 901.492
24 11 1124.39
24 12 1387.34
24 13 1690.04
24 14 2029.31
24 15 2398.67
24 16 2788.57
24 17 3186.56
24 18 3578.14
24 19 3947.66
24 20 4279.61
24 21 4559.74
24 22 4776.49
24 23 4921.64
24 24 4991.23
24 25 4985.61
24 26 4909.32
24 27 4770.46
24 28 4579.86
24 29 4350.08
24 30 4094.18
24 31 3824.89
24 32 3553.64
24 33 3290.05
24 34 3041.58
24 35 2813.38
24 36 2608.54
24 37 2428.29
24 38 2272.4
24 39 2139.56
24 40 2027.81
24 41 1934.83
24 42 1858.24
24 43 1795.76
24 44 1745.39
24 45 1705.39
24 46 1674.4
24 47 1651.29
24 48 1635.34
24 49 1625.96
24 50 1622.86
24 51 1625.96
24 52 1635.34
24 53 1651.29
24 54 1674.4
24 55 1705.39
24 56 1745.39
24 57 1795.76
24 58 1858.24
24 59 1934.83
24 60 2027.81
24 61 2139.56
24 62 2272.4
24 63 2428.29
24 64 2608.54
24 65 2813.38
24 66 3041.58
24 67 3290.05
24 68 3553.64
24 69 3824.89
24 70 4094.18
24 71 4350.08
24 72 4579.86
24 73 4770.46
24 74 4909.32
24 75 4985.61
24 76 4991.23
24 77 4921.64
24 78 4776.49
24 79 4559.74
24 80 4279.61
24 81 3947.66
24 82 3578.14
24 83 3186.56
24 84 2788.57
24 85 2398.67
24 86 2029.31
24 87 1690.04
24 88 1387.34
24 89 1124.39
24 90 901.492
24 91 716.531
24 92 565.638
24 93 443.796
24 94 345.654
24 95 265.847
24 96 199.595
24 97 142.812
24 98 92.2056
24 99 45.2688
24 100 0

25 0 0
25 1 23.1493
25 2 47.9032
25 3 76.19
25 4 110.465
25 5 153.991
25 6 210.85
25 7 285.959
25 8 384.861
25 9 513.345
25 10 676.948
25 11 880.353
25 12 1126.55
25 13 1416.39
25 14 1747.68
25 15 2115.11
25 16 2509.94
25 17 2920.37
25 18 3332.09
25 19 3729.26
25 20 4095.61
25 21 4415.84
25 22 4676.8
25 23 4868.67
25 24 4985.61
25 25 5026.3
25 26 4993.7
25 27 4894.72
25 28 4739.39
25 29 4539.82
25 30 4309.05
25 31 4060.04
25 32 3804.76
25 33 3553.54
25 34 3314.46
25 35 3093.47
25 36 2894.24
25 37 2718.56
25 38 2566.57
25 39 2437.28
25 40 2328.86
25 41 2239.06
25 42 2165.54
25 43 2105.98
25 44 2058.32
25 45 2020.74
25 46 1991.82
25 47 1970.41
25 48 1955.68
25 49 1947.05
25 50 1944.23
25 51 1947.05
25 52 1955.68
25 53 1970.41
25 54 1991.82
25 55 2020.74
25 56 2058.32
25 57 2105.98
25 58 2165.54
25 59 2239.06
25 60 2328.86
25 61 2437.28
25 62 2566.57
25 63 2718.56
25 64 2894.24
25 65 3093.47
25 66 3314.46
25 67 3553.54
25 68 3804.76
25 69 4060.04
25 70 4309.05
25 71 4539.82
25 72 4739.39
25 73 4894.72
25 74 4993.7
25 75 5026.3
25 76 4985.61
25 77 4868.67
25 78 4676.8
25 79 4415.84
25 80 4095.61
25 81 3729.26
25 82 3332.09
25 83 2920.37
25 84 2509.94
25 85 2115.11
25 86 1747.68
25 87 1416.39
25 88 1126.55
25 89 880.353
25 90 676.948
25 91 513.345
25 92 384.861
25 93 285.959
25 94 210.85
25 95 153.991
25 96 110.465
25 97 76.19
25 98 47.9032
25 99 23.1493
25 100 0

26 0 0
26 1 2.35621
26 2 6.19737
26 3 13.2951
26 4 26.0218
26 5 47.5024
26 6 81.7945
26 7 133.818
26 8 209.263
26 9 314.197
26 10 454.671
26 11 635.993
26 12 862.129
26 13 1134.87
26 14 1453.27
26 15 1813.07
26 16 2206.62
26 17 2622.83
26 18 3047.89
26 19 3465.89
26 20 3860.17
26 21 4214.47
26 22 4514.42
26 23 4748.53
26 24 4909.32
26 25 4993.7
26 26 5003.09
26 27 4943.15
26 28 4822.94
26 29 4653.99
26 30 4449.15
26 31 4221.58
26 32 3983.7
26 33 3746.25
26 34 3518.12
26 35 3305.84
26 36 3113.75
26 37 2944.09
26 38 2797.42
26 39 2672.99
26 40 2569.18
26 41 2483.78
26 42 2414.45
26 43 2358.84
26 44 2314.81
26 45 2280.47
26 46 2254.32
26 47 2235.12
26 48 2222.03
26 49 2214.41
26 50 2211.89
26 51 2214.41
26 52 2222.03
26 53 2235.12
26 54 2254.32
26 55 2280.47
26 56 2314.81
26 57 2358.84
26 58 2414.45
26 59 2483.78
26 60 2569.18
26 61 2672.99
26 62 2797.42
26 63 2944.09
26 64 3113.75
26 65 3305.84
26 66 3518.12
26 67 3746.25
26 68 3983.7
26 69 4221.58
26 70 4449.15
26 71 4653.99
26 72 4822.94
26 73 4943.15
26 74 5003.09
26 75 4993.7
26 76 4909.32
26 77 4748.53
26 78 4514.42
26 79 4214.47
26 80 3860.17
26 81 3465.89
26 82 3047.89
26 83 2622.83
26 84 2206.62
26 85 1813.07
26 86 1453.27
26 87 1134.87
26 88 862.129
26 89 635.993
26 90 454.671
26 91 314.197
26 92 209.263
26 93 133.818
26 94 81.7945
26 95 47.5024
26 96 26.0218
26 97 13.2951
26 98 6.19737
26 99 2.35621
26 100 0

27 0 0
27 1 -16.4397
27 2 -31.5831
27 3 -43.8272
27 4 -51.0025
27 5 -50.1262
27 6 -37.2993
27 7 -7.62775
27 8 44.5818
27 9 125.654
27 10 241.968
27 11 399.498
27 12 602.978
27 13 855.25
27 14 1156.47
27 15 1503.62
27 16 1890.06
27 17 2305.76
27 18 2737.39
27 19 3169.36
27 20 3584.73
27 21 3966.62
27 22 4299.46
27 23 4570.46
27 24 4770.46
27 25 4894.72
27 26 4943.15
27 27 4920.02
27 28 4833.39
27 29 4694.1
27 30 4514.78
27 31 4308.61
27 32 4088.19
27 33 3864.91
27 34 3648.17
27 35 3445.16
27 36 3260.75
27 37 3097.7
27 38 2956.95
27 39 2838.02
27 40 2739.4
27 41 2659
27 42 2594.45
27 43 2543.35
27 44 2503.45
27 45 2472.83
27 46 2449.83
27 47 2433.21
27 48 2421.97
27 49 2415.48
27 50 2413.38
27 51 2415.48
27 52 2421.97
27 53 2433.21
27 54 2449.83
27 55 2472.83
27 56 2503.45
27 57 2543.35
27 58 2594.45
27 59 2659
27 60 2739.4
27 61 2838.02
27 62 2956.95
27 63 3097.7
27 64 3260.75
27 65 3445.16
27 66 3648.17
27 67 3864.91
27 68 4088.19
27 69 4308.61
27 70 4514.78
27 71 4694.1
27 72 4833.39
27 73 4920.02
27 74 4943.15
27 75 4894.72
27 76 4770.46
27 77 4570.46
27 78 4299.46
27 79 3966.62
27 80 3584.73
27 81 3169.36
27 82 2737.39
27 83 2305.76
27 84 1890.06
27 85 1503.62
27 86 1156.47
27 87 855.25
27 88 602.978
27 89 399.498
27 90 241.968
27 91 125.654
27 92 44.5818
27 93 -7.62775
27 94 -37.2993
27 95 -50.1262
27 96 -51.0025
27 97 -43.8272
27 98 -31.5831
27 99 -16.4397
27 100 0

28 0 0
28 1 -32.8136
28 2 -64.5652
28 3 -93.8653
28 4 -118.791
28 5 -136.583
28 6 -143.513
28 7 -134.875
28 8 -104.94
28 9 -47.3482
28 10 44.6459
28 11 177.471
28 12 356.662
28 13 585.944
28 14 866.655
28 15 1196.89
28 16 1571.26
28 17 1980.68
28 18 2412.67
28 19 2852
28 20 3281.78
28 21 3684.57
28 22 4044
28 23 4345.96
28 24 4579.86
28 25 4739.39
28 26 4822.94
28 27 4833.39
28 28 4777.72
28 29 4666.1
28 30 4510.75
28 31 4324.7
28 32 4120.9
28 33 3911.09
28 34 3705.22
28 35 3511.04
28 36 3334.01
28 37 3177.32
28 38 3042.29
28 39 2928.71
28 40 2835.23
28 41 2759.8
28 42 2700.04
28 43 2653.48
28 44 2617.83
28 45 2590.99
28 46 2571.26
28 47 2557.26
28 48 2547.97
28 49 2542.68
28 50 2540.94
28 51 2542.68
28 52 2547.97
28 53 2557.26
28 54 2571.26
28 55 2590.99
28 56 2617.83
28 57 2653.48
28 58 2700.04
28 59 2759.8
28 60 2835.23
28 61 2928.71
28 62 3042.29
28 63 3177.32
28 64 3334.01
28 65 3511.04
28 66 3705.22
28 67 3911.09
28 68 4120.9
28 69 4324.7
28 70 4510.75
28 71 4666.1
28 72 4777.72
28 73 4833.39
28 74 4822.94
28 75 4739.39
28 76 4579.86
28 77 4345.96
28 78 4044
28 79 3684.57
28 80 3281.78
28 81 2852
28 82 2412.67
28 83 1980.68
28 84 1571.26
28 85 1196.89
28 86 866.655
28 87 585.944
28 88 356.662
28 89 177.471
28 90 44.6459
28 91 -47.3482
28 92 -104.94
28 93 -134.875
28 94 -143.513
28 95 -136.583
28 96 -118.791
28 97 -93.8653
28 98 -64.5652
28 99 -32.8136
28 100 0

29 0 0
29 1 -46.565
29 2 -92.3344
29 3 -136.162
29 4 -176.425
29 5 -210.598
29 6 -235.232
29 7 -245.786
29 8 -236.665
29 9 -201.452
29 10 -133.24
29 11 -25.1254
29 12 128.983
29 13 333.781
29 14 591.556
29 15 901.671
29 16 1259.87
29 17 1658.23
29 18 2085.1
29 19 2525.88
29 20 2963.78
29 21 3381.13
29 22 3760.87
29 23 4087.83
29 24 4350.08
29 25 4539.82
29 26 4653.99
29 27 4694.1
29 28 4666.1
29 29 4579.35
29 30 4445.51
29 31 4277.61
29 32 4088.65
29 33 3890.81
29 34 3694.45
29 35 3507.92
29 36 3337.14
