0 0 0
0 1 0
0 2 0
0 3 0
0 4 0
0 5 0
0 6 0
0 7 0
0 8 0
0 9 0
0 10 0
0 11 0
0 12 0
0 13 0
0 14 0
0 15 0
0 16 0
0 17 0
0 18 0
0 19 0
0 20 0
0 21 0
0 22 0
0 23 0
0 24 0
0 25 0
0 26 0
0 27 0
0 28 0
0 29 0
0 30 0
0 31 0
0 32 0
0 33 0
0 34 0
0 35 0
0 36 0
0 37 0
0 38 0
0 39 0
0 40 0
0 41 0
0 42 0
0 43 0
0 44 0
0 45 0
0 46 0
0 47 0
0 48 0
0 49 0
0 50 0
0 51 0
0 52 0
0 53 0
0 54 0
0 55 0
0 56 0
0 57 0
0 58 0
0 59 0
0 60 0
0 61 0
0 62 0
0 63 0
0 64 0
0 65 0
0 66 0
0 67 0
0 68 0
0 69 0
0 70 0
0 71 0
0 72 0
0 73 0
0 74 0
0 75 0
0 76 0
0 77 0
0 78 0
0 79 0
0 80 0
0 81 0
0 82 0
0 83 0
0 84 0
0 85 0
0 86 0
0 87 0
0 88 0
0 89 0
0 90 0
0 91 0
0 92 0
0 93 0
0 94 0
0 95 0
0 96 0
0 97 0
0 98 0
0 99 0
0 100 0

1 0 0
1 1 -32.2554
1 2 -61.4728
1 3 -84.8275
1 4 -99.8365
1 5 -104.548
1 6 -97.6376
1 7 -78.4529
1 8 -47.0476
1 9 -4.13004
1 10 48.9903
1 11 110.551
1 12 178.403
1 13 250.201
1 14 323.566
1 15 396.133
1 16 465.749
1 17 530.529
1 18 588.877
1 19 639.598
1 20 681.872
1 21 715.266
1 22 739.635
1 23 755.164
1 24 762.326
1 25 761.754
1 26 754.237
1 27 740.621
1 28 721.902
1 29 699.003
1 30 672.825
1 31 644.269
1 32 614.116
1 33 583.104
1 34 551.875
1 35 520.983
1 36 490.887
1 37 461.986
1 38 434.575
1 39 408.918
1 40 385.182
1 41 363.528
1 42 344.033
1 43 326.782
1 44 311.8
1 45 299.124
1 46 288.75
1 47 280.692
1 48 274.936
1 49 271.489
1 50 270.337
1 51 271.489
1 52 274.936
1 53 280.692
1 54 288.75
1 55 299.124
1 56 311.8
1 57 326.782
1 58 344.033
1 59 363.528
1 60 385.182
1 61 408.918
1 62 434.575
1 63 461.986
1 64 490.887
1 65 520.983
1 66 551.875
1 67 583.104
1 68 614.116
1 69 644.269
1 70 672.825
1 71 699.003
1 72 721.902
1 73 740.621
1 74 754.237
1 75 761.754
1 76 762.326
1 77 755.164
1 78 739.635
1 79 715.266
1 80 681.872
1 81 639.598
1 82 588.877
1 83 530.529
1 84 465.749
1 85 396.133
1 86 323.566
1 87 250.201
1 88 178.403
1 89 110.551
1 90 48.9903
1 91 -4.13004
1 92 -47.0476
1 93 -78.4529
1 94 -97.6376
1 95 -104.548
1 96 -99.8365
1 97 -84.8275
1 98 -61.4728
1 99 -32.2554
1 100 0

2 0 0
2 1 -61.4728
2 2 -117.058
2 3 -161.276
2 4 -189.314
2 5 -197.394
2 6 -182.943
2 7 -144.714
2 8 -82.8188
2 9 1.33232
2 10 105.193
2 11 225.314
2 12 357.552
2 13 497.367
2 14 640.149
2 15 781.316
2 16 916.702
2 17 1042.66
2 18 1156.16
2 19 1254.9
2 20 1337.28
2 21 1402.44
2 22 1450.16
2 23 1480.83
2 24 1495.31
2 25 1494.81
2 26 1480.87
2 27 1455.21
2 28 1419.6
2 29 1375.87
2 30 1325.83
2 31 1271.08
2 32 1213.23
2 33 1153.67
2 34 1093.61
2 35 1034.16
2 36 976.188
2 37 920.47
2 38 867.59
2 39 818.05
2 40 772.197
2 41 730.327
2 42 692.619
2 43 659.225
2 44 630.214
2 45 605.652
2 46 585.548
2 47 569.922
2 48 558.763
2 49 552.074
2 50 549.842
2 51 552.074
2 52 558.763
2 53 569.922
2 54 585.548
2 55 605.652
2 56 630.214
2 57 659.225
2 58 692.619
2 59 730.327
2 60 772.197
2 61 818.05
2 62 867.59
2 63 920.47
2 64 976.188
2 65 1034.16
2 66 1093.61
2 67 1153.67
2 68 1213.23
2 69 1271.08
2 70 1325.83
2 71 1375.87
2 72 1419.6
2 73 1455.21
2 74 1480.87
2 75 1494.81
2 76 1495.31
2 77 1480.83
2 78 1450.16
2 79 1402.44
2 80 1337.28
2 81 1254.9
2 82 1156.16
2 83 1042.66
2 84 916.702
2 85 781.316
2 86 640.149
2 87 497.367
2 88 357.552
2 89 225.314
2 90 105.193
2 91 1.33232
2 92 -82.8188
2 93 -144.714
2 94 -182.943
2 95 -197.394
2 96 -189.314
2 97 -161.276
2 98 -117.058
2 99 -61.4728
2 100 0

3 0 0
3 1 -84.8275
3 2 -161.276
3 3 -221.521
3 4 -258.74
3 5 -267.561
3 6 -244.355
3 7 -187.375
3 8 -96.8291
3 9 25.2629
3 10 175.246
3 11 348.184
3 12 538.158
3 13 738.717
3 14 943.266
3 15 1145.37
3 16 1339.13
3 17 1519.39
3 18 1681.87
3 19 1823.34
3 20 1941.58
3 21 2035.41
3 22 2104.54
3 23 2149.47
3 24 2171.48
3 25 2172.29
3 26 2154.06
3 27 2119.13
3 28 2070.11
3 29 2009.54
3 30 1939.86
3 31 1863.49
3 32 1782.55
3 33 1699.06
3 34 1614.76
3 35 1531.16
3 36 1449.53
3 37 1370.97
3 38 1296.31
3 39 1226.28
3 40 1161.39
3 41 1102.07
3 42 1048.59
3 43 1001.18
3 44 959.968
3 45 925.044
3 46 896.442
3 47 874.2
3 48 858.308
3 49 848.781
3 50 845.601
3 51 848.781
3 52 858.308
3 53 874.2
3 54 896.442
3 55 925.044
3 56 959.968
3 57 1001.18
3 58 1048.59
3 59 1102.07
3 60 1161.39
3 61 1226.28
3 62 1296.31
3 63 1370.97
3 64 1449.53
3 65 1531.16
3 66 1614.76
3 67 1699.06
3 68 1782.55
3 69 1863.49
3 70 1939.86
3 71 2009.54
3 72 2070.11
3 73 2119.13
3 74 2154.06
3 75 2172.29
3 76 2171.48
3 77 2149.47
3 78 2104.54
3 79 2035.41
3 80 1941.58
3 81 1823.34
3 82 1681.87
3 83 1519.39
3 84 1339.13
3 85 1145.37
3 86 943.266
3 87 738.717
3 88 538.158
3 89 348.184
3 90 175.246
3 91 25.2629
3 92 -96.8291
3 93 -187.375
3 94 -244.355
3 95 -267.561
3 96 -258.74
3 97 -221.521
3 98 -161.276
3 99 -84.8275
3 100 0

4 0 0
4 1 -99.8365
4 2 -189.314
4 3 -258.74
4 4 -299.703
4 5 -305.588
4 6 -271.929
4 7 -196.642
4 8 -80.0254
4 9 75.3395
4 10 264.902
4 11 482.477
4 12 720.76
4 13 971.766
4 14 1227.35
4 15 1479.62
4 16 1721.33
4 17 1946.16
4 18 2148.94
4 19 2325.73
4 20 2473.86
4 21 2591.9
4 22 2679.53
4 23 2737.46
4 24 2767.16
4 25 2770.81
4 26 2750.99
4 27 2710.66
4 28 2652.87
4 29 2580.72
4 30 2497.3
4 31 2405.39
4 32 2307.71
4 33 2206.66
4 34 2104.36
4 35 2002.68
4 36 1903.21
4 37 1807.27
4 38 1715.96
4 39 1630.13
4 40 1550.49
4 41 1477.56
4 42 1411.73
4 43 1353.28
4 44 1302.42
4 45 1259.27
4 46 1223.9
4 47 1196.37
4 48 1176.7
4 49 1164.9
4 50 1160.96
4 51 1164.9
4 52 1176.7
4 53 1196.37
4 54 1223.9
4 55 1259.27
4 56 1302.42
4 57 1353.28
4 58 1411.73
4 59 1477.56
4 60 1550.49
4 61 1630.13
4 62 1715.96
4 63 1807.27
4 64 1903.21
4 65 2002.68
4 66 2104.36
4 67 2206.66
4 68 2307.71
4 69 2405.39
4 70 2497.3
4 71 2580.72
4 72 2652.87
4 73 2710.66
4 74 2750.99
4 75 2770.81
4 76 2767.16
4 77 2737.46
4 78 2679.53
4 79 2591.9
4 80 2473.86
4 81 2325.73
4 82 2148.94
4 83 1946.16
4 84 1721.33
4 85 1479.62
4 86 1227.35
4 87 971.766
4 88 720.76
4 89 482.477
4 90 264.902
4 91 75.3395
4 92 -80.0254
4 93 -196.642
4 94 -271.929
4 95 -305.588
4 96 -299.703
4 97 -258.74
4 98 -189.314
4 99 -99.8365
4 100 0

5 0 0
5 1 -104.548
5 2 -197.394
5 3 -267.561
5 4 -305.588
5 5 -304.02
5 6 -257.873
5 7 -164.864
5 8 -25.4299
5 9 157.439
5 10 378.488
5 11 630.683
5 12 905.718
5 13 1194.6
5 14 1488.09
5 15 1777.39
5 16 2054.35
5 17 2311.93
5 18 2544.42
5 19 2747.44
5 20 2918.1
5 21 3054.81
5 22 3157.32
5 23 3226.4
5 24 3263.78
5 25 3271.8
5 26 3253.45
5 27 3211.94
5 28 3150.67
5 29 3073.12
5 30 2982.58
5 31 2882.32
5 32 2775.22
5 33 2664
5 34 2551.05
5 35 2438.43
5 36 2327.96
5 37 2221.13
5 38 2119.2
5 39 2023.18
5 40 1933.89
5 41 1851.95
5 42 1777.86
5 43 1711.97
5 44 1654.53
5 45 1605.74
5 46 1565.7
5 47 1534.51
5 48 1512.21
5 49 1498.81
5 50 1494.35
5 51 1498.81
5 52 1512.21
5 53 1534.51
5 54 1565.7
5 55 1605.74
5 56 1654.53
5 57 1711.97
5 58 1777.86
5 59 1851.95
5 60 1933.89
5 61 2023.18
5 62 2119.2
5 63 2221.13
5 64 2327.96
5 65 2438.43
5 66 2551.05
5 67 2664
5 68 2775.22
5 69 2882.32
5 70 2982.58
5 71 3073.12
5 72 3150.67
5 73 3211.94
5 74 3253.45
5 75 3271.8
5 76 3263.78
5 77 3226.4
5 78 3157.32
5 79 3054.81
5 80 2918.1
5 81 2747.44
5 82 2544.42
5 83 2311.93
5 84 2054.35
5 85 1777.39
5 86 1488.09
5 87 1194.6
5 88 905.718
5 89 630.683
5 90 378.488
5 91 157.439
5 92 -25.4299
5 93 -164.864
5 94 -257.873
5 95 -304.02
5 96 -305.588
5 97 -267.561
5 98 -197.394
5 99 -104.548
5 100 0

6 0 0
6 1 -97.6376
6 2 -182.943
6 3 -244.355
6 4 -271.929
6 5 -257.873
6 6 -196.995
6 7 -87.0226
6 8 71.4999
6 9 275.284
6 10 518.714
6 11 794.272
6 12 1093.17
6 13 1405.86
6 14 1722.67
6 15 2034.37
6 16 2332.48
6 17 2609.7
6 18 2860.1
6 19 3079.22
6 20 3264.1
6 21 3413.21
6 22 3526.3
6 23 3604.27
6 24 3648.84
6 25 3662.62
6 26 3648.58
6 27 3610.1
6 28 3550.7
6 29 3473.91
6 30 3383.23
6 31 3281.9
6 32 3173.05
6 33 3059.39
6 34 2943.46
6 35 2827.43
6 36 2713.19
6 37 2602.36
6 38 2496.29
6 39 2396.07
6 40 2302.64
6 41 2216.67
6 42 2138.76
6 43 2069.31
6 44 2008.67
6 45 1957.06
6 46 1914.67
6 47 1881.59
6 48 1857.92
6 49 1843.7
6 50 1838.96
6 51 1843.7
6 52 1857.92
6 53 1881.59
6 54 1914.67
6 55 1957.06
6 56 2008.67
6 57 2069.31
6 58 2138.76
6 59 2216.67
6 60 2302.64
6 61 2396.07
6 62 2496.29
6 63 2602.36
6 64 2713.19
6 65 2827.43
6 66 2943.46
6 67 3059.39
6 68 3173.05
6 69 3281.9
6 70 3383.23
6 71 3473.91
6 72 3550.7
6 73 3610.1
6 74 3648.58
6 75 3662.62
6 76 3648.84
6 77 3604.27
6 78 3526.3
6 79 3413.21
6 80 3264.1
6 81 3079.22
6 82 2860.1
6 83 2609.7
6 84 2332.48
6 85 2034.37
6 86 1722.67
6 87 1405.86
6 88 1093.17
6 89 794.272
6 90 518.714
6 91 275.284
6 92 71.4999
6 93 -87.0226
6 94 -196.995
6 95 -257.873
6 96 -271.929
6 97 -244.355
6 98 -182.943
6 99 -97.6376
6 100 0

7 0 0
7 1 -78.4529
7 2 -144.714
7 3 -187.375
7 4 -196.642
7 5 -164.864
7 6 -87.0226
7 7 39.044
7 8 212.635
7 9 430.383
7 10 686.563
7 11 973.663
7 12 1282.88
7 13 1604.76
7 14 1929.75
7 15 2248.73
7 16 2553.42
7 17 2836.67
7 18 3092.79
7 19 3317.46
7 20 3507.91
7 21 3662.67
7 22 3781.62
7 23 3865.66
7 24 3916.6
7 25 3936.87
7 26 3929.48
7 27 3897.72
7 28 3844.95
7 29 3774.64
7 30 3690.15
7 31 3594.71
7 32 3491.24
7 33 3382.52
7 34 3270.96
7 35 3158.74
7 36 3047.76
7 37 2939.62
7 38 2835.74
7 39 2737.23
7 40 2645.07
7 41 2560.03
7 42 2482.72
7 43 2413.65
7 44 2353.18
7 45 2301.63
7 46 2259.2
7 47 2226.06
7 48 2202.31
7 49 2188.03
7 50 2183.27
7 51 2188.03
7 52 2202.31
7 53 2226.06
7 54 2259.2
7 55 2301.63
7 56 2353.18
7 57 2413.65
7 58 2482.72
7 59 2560.03
7 60 2645.07
7 61 2737.23
7 62 2835.74
7 63 2939.62
7 64 3047.76
7 65 3158.74
7 66 3270.96
7 67 3382.52
7 68 3491.24
7 69 3594.71
7 70 3690.15
7 71 3774.64
7 72 3844.95
7 73 3897.72
7 74 3929.48
7 75 3936.87
7 76 3916.6
7 77 3865.66
7 78 3781.62
7 79 3662.67
7 80 3507.91
7 81 3317.46
7 82 3092.79
7 83 2836.67
7 84 2553.42
7 85 2248.73
7 86 1929.75
7 87 1604.76
7 88 1282.88
7 89 973.663
7 90 686.563
7 91 430.383
7 92 212.635
7 93 39.044
7 94 -87.0226
7 95 -164.864
7 96 -196.642
7 97 -187.375
7 98 -144.714
7 99 -78.4529
7 100 0

8 0 0
8 1 -47.0476
8 2 -82.8188
8 3 -96.8291
8 4 -80.0254
8 5 -25.4299
8 6 71.4999
8 7 212.635
8 8 397.185
8 9 621.845
8 10 881.198
8 11 1168.12
8 12 1474.37
8 13 1791.1
8 14 2109.46
8 15 2420.98
8 16 2718.05
8 17 2994.16
8 18 3244.09
8 19 3464
8 20 3651.38
8 21 3805.05
8 22 3924.91
8 23 4011.91
8 24 4067.68
8 25 4094.61
8 26 4095.4
8 27 4073.04
8 28 4030.69
8 29 3971.49
8 30 3898.5
8 31 3814.68
8 32 3722.78
8 33 3625.27
8 34 3524.48
8 35 3422.42
8 36 3320.87
8 37 3221.42
8 38 3125.39
8 39 3033.93
8 40 2948
8 41 2868.4
8 42 2795.8
8 43 2730.71
8 44 2673.59
8 45 2624.76
8 46 2584.5
8 47 2552.99
8 48 2530.39
8 49 2516.79
8 50 2512.25
8 51 2516.79
8 52 2530.39
8 53 2552.99
8 54 2584.5
8 55 2624.76
8 56 2673.59
8 57 2730.71
8 58 2795.8
8 59 2868.4
8 60 2948
8 61 3033.93
8 62 3125.39
8 63 3221.42
8 64 3320.87
8 65 3422.42
8 66 3524.48
8 67 3625.27
8 68 3722.78
8 69 3814.68
8 70 3898.5
8 71 3971.49
8 72 4030.69
8 73 4073.04
8 74 4095.4
8 75 4094.61
8 76 4067.68
8 77 4011.91
8 78 3924.91
8 79 3805.05
8 80 3651.38
8 81 3464
8 82 3244.09
8 83 2994.16
8 84 2718.05
8 85 2420.98
8 86 2109.46
8 87 1791.1
8 88 1474.37
8 89 1168.12
8 90 881.198
8 91 621.845
8 92 397.185
8 93 212.635
8 94 71.4999
8 95 -25.4299
8 96 -80.0254
8 97 -96.8291
8 98 -82.8188
8 99 -47.0476
8 100 0

9 0 0
9 1 -4.13004
9 2 1.33232
9 3 25.2629
9 4 75.3395
9 5 157.439
9 6 275.284
9 7 430.383
9 8 621.845
9 9 846.703
9 10 1100.14
9 11 1375.91
9 12 1666.78
9 13 1965.09
9 14 2263.15
9 15 2553.67
9 16 2830.13
9 17 3087
9 18 3319.83
9 19 3525.41
9 20 3701.72
9 21 3847.78
9 22 3963.67
9 23 4050.15
9 24 4108.85
9 25 4141.74
9 26 4151.19
9 27 4139.83
9 28 4110.33
9 29 4065.41
9 30 4007.72
9 31 3939.82
9 32 3864.02
9 33 3782.62
9 34 3697.51
9 35 3610.58
9 36 3523.4
9 37 3437.42
9 38 3353.87
9 39 3273.84
9 40 3198.24
9 41 3127.88
9 42 3063.42
9 43 3005.42
9 44 2954.33
9 45 2910.54
9 46 2874.32
9 47 2845.94
9 48 2825.54
9 49 2813.26
9 50 2809.16
9 51 2813.26
9 52 2825.54
9 53 2845.94
9 54 2874.32
9 55 2910.54
9 56 2954.33
9 57 3005.42
9 58 3063.42
9 59 3127.88
9 60 3198.24
9 61 3273.84
9 62 3353.87
9 63 3437.42
9 64 3523.4
9 65 3610.58
9 66 3697.51
9 67 3782.62
9 68 3864.02
9 69 3939.82
9 70 4007.72
9 71 4065.41
9 72 4110.33
9 73 4139.83
9 74 4151.19
9 75 4141.74
9 76 4108.85
9 77 4050.15
9 78 3963.67
9 79 3847.78
9 80 3701.72
9 81 3525.41
9 82 3319.83
9 83 3087
9 84 2830.13
9 85 2553.67
9 86 2263.15
9 87 1965.09
9 88 1666.78
9 89 1375.91
9 90 1100.14
9 91 846.703
9 92 621.845
9 93 430.383
9 94 275.284
9 95 157.439
9 96 75.3395
9 97 25.2629
9 98 1.33232
9 99 -4.13004
9 100 0

10 0 0
10 1 48.9903
10 2 105.193
10 3 175.246
10 4 264.902
10 5 378.488
10 6 518.714
10 7 686.563
10 8 881.198
10 9 1100.14
10 10 1339.54
10 11 1594.37
10 12 1858.95
10 13 2127.21
10 14 2393.12
10 15 2650.96
10 16 2895.63
10 17 3122.84
10 18 3329.12
10 19 3512.1
10 20 3670.23
10 21 3802.85
10 22 3910.01
10 23 3992.57
10 24 4051.75
10 25 4089.18
10 26 4106.81
10 27 4106.7
10 28 4091.05
10 29 4062.01
10 30 4021.7
10 31 3972.18
10 32 3915.37
10 33 3853.05
10 34 3786.9
10 35 3718.42
10 36 3648.97
10 37 3579.8
10 38 3512
10 39 3446.54
10 40 3384.29
10 41 3325.97
10 42 3272.25
10 43 3223.66
10 44 3180.69
10 45 3143.7
10 46 3113.03
10 47 3088.92
10 48 3071.57
10 49 3061.1
10 50 3057.61
10 51 3061.1
10 52 3071.57
10 53 3088.92
10 54 3113.03
10 55 3143.7
10 56 3180.69
10 57 3223.66
10 58 3272.25
10 59 3325.97
10 60 3384.29
10 61 3446.54
10 62 3512
10 63 3579.8
10 64 3648.97
10 65 3718.42
10 66 3786.9
10 67 3853.05
10 68 3915.37
10 69 3972.18
10 70 4021.7
10 71 4062.01
10 72 4091.05
10 73 4106.7
10 74 4106.81
10 75 4089.18
10 76 4051.75
10 77 3992.57
10 78 3910.01
10 79 3802.85
10 80 3670.23
10 81 3512.1
10 82 3329.12
10 83 3122.84
10 84 2895.63
10 85 2650.96
10 86 2393.12
10 87 2127.21
10 88 1858.95
10 89 1594.37
10 90 1339.54
10 91 1100.14
10 92 881.198
10 93 686.563
10 94 518.714
10 95 378.488
10 96 264.902
10 97 175.246
10 98 105.193
10 99 48.9903
10 100 0

11 0 0
11 1 110.551
11 2 225.314
11 3 348.184
11 4 482.477
11 5 630.683
11 6 794.272
11 7 973.663
11 8 1168.12
11 9 1375.91
11 10 1594.37
11 11 1820.17
11 12 2049.47
11 13 2278.23
11 14 2502.38
11 15 2718.11
11 16 2922.01
11 17 3111.2
11 18 3283.42
11 19 3437.03
11 20 3571.11
11 21 3685.23
11 22 3779.61
11 23 3854.79
11 24 3911.76
11 25 3951.74
11 26 3976.1
11 27 3986.37
11 28 3984.14
11 29 3970.97
11 30 3948.42
11 31 3917.99
11 32 3881.09
11 33 3839.14
11 34 3793.31
11 35 3744.86
11 36 3694.83
11 37 3644.23
11 38 3593.98
11 39 3544.9
11 40 3497.74
11 41 3453.18
11 42 3411.79
11 43 3374.11
11 44 3340.56
11 45 3311.56
11 46 3287.4
11 47 3268.35
11 48 3254.59
11 49 3246.29
11 50 3243.51
11 51 3246.29
11 52 3254.59
11 53 3268.35
11 54 3287.4
11 55 3311.56
11 56 3340.56
11 57 3374.11
11 58 3411.79
11 59 3453.18
11 60 3497.74
11 61 3544.9
11 62 3593.98
11 63 3644.23
11 64 3694.83
11 65 3744.86
11 66 3793.31
11 67 3839.14
11 68 3881.09
11 69 3917.99
11 70 3948.42
11 71 3970.97
11 72 3984.14
11 73 3986.37
11 74 3976.1
11 75 3951.74
11 76 3911.76
11 77 3854.79
11 78 3779.61
11 79 3685.23
11 80 3571.11
11 81 3437.03
11 82 3283.42
11 83 3111.2
11 84 2922.01
11 85 2718.11
11 86 2502.38
11 87 2278.23
11 88 2049.47
11 89 1820.17
11 90 1594.37
11 91 1375.91
11 92 1168.12
11 93 973.663
11 94 794.272
11 95 630.683
11 96 482.477
11 97 348.184
11 98 225.314
11 99 110.551
11 100 0

12 0 0
12 1 178.403
12 2 357.552
12 3 538.158
12 4 720.76
12 5 905.718
12 6 1093.17
12 7 1282.88
12 8 1474.37
12 9 1666.78
12 10 1858.95
12 11 2049.47
12 12 2236.7
12 13 2418.86
12 14 2594.18
12 15 2760.93
12 16 2917.54
12 17 3062.67
12 18 3195.25
12 19 3314.55
12 20 3420.1
12 21 3511.82
12 22 3589.83
12 23 3654.55
12 24 3706.59
12 25 3746.65
12 26 3775.6
12 27 3794.38
12 28 3803.95
12 29 3805.27
12 30 3799.32
12 31 3787.05
12 32 3769.41
12 33 3747.26
12 34 3721.53
12 35 3692.98
12 36 3662.44
12 37 3630.63
12 38 3598.27
12 39 3566.02
12 40 3534.49
12 41 3504.23
12 42 3475.78
12 43 3449.57
12 44 3426.03
12 45 3405.51
12 46 3388.31
12 47 3374.67
12 48 3364.8
12 49 3358.82
12 50 3356.82
12 51 3358.82
12 52 3364.8
12 53 3374.67
12 54 3388.31
12 55 3405.51
12 56 3426.03
12 57 3449.57
12 58 3475.78
12 59 3504.23
12 60 3534.49
12 61 3566.02
12 62 3598.27
12 63 3630.63
12 64 3662.44
12 65 3692.98
12 66 3721.53
12 67 3747.26
12 68 3769.41
12 69 3787.05
12 70 3799.32
12 71 3805.27
12 72 3803.95
12 73 3794.38
12 74 3775.6
12 75 3746.65
12 76 3706.59
12 77 3654.55
12 78 3589.83
12 79 3511.82
12 80 3420.1
12 81 3314.55
12 82 3195.25
12 83 3062.67
12 84 2917.54
12 85 2760.93
12 86 2594.18
12 87 2418.86
12 88 2236.7
12 89 2049.47
12 90 1858.95
12 91 1666.78
12 92 1474.37
12 93 1282.88
12 94 1093.17
12 95 905.718
12 96 720.76
12 97 538.158
12 98 357.552
12 99 178.403
12 100 0

13 0 0
13 1 250.201
13 2 497.367
13 3 738.717
13 4 971.766
13 5 1194.6
13 6 1405.86
13 7 1604.76
13 8 1791.1
13 9 1965.09
13 10 2127.21
13 11 2278.23
13 12 2418.86
13 13 2549.84
13 14 2671.83
13 15 2785.29
13 16 2890.59
13 17 2987.89
13 18 3077.41
13 19 3159.15
13 20 3233.23
13 21 3299.69
13 22 3358.63
13 23 3410.25
13 24 3454.7
13 25 3492.27
13 26 3523.24
13 27 3547.95
13 28 3566.79
13 29 3580.15
13 30 3588.45
13 31 3592.1
13 32 3591.61
13 33 3587.41
13 34 3579.98
13 35 3569.84
13 36 3557.44
13 37 3543.28
13 38 3527.87
13 39 3511.67
13 40 3495.14
13 41 3478.73
13 42 3462.84
13 43 3447.87
13 44 3434.15
13 45 3422.02
13 46 3411.7
13 47 3403.46
13 48 3397.43
13 49 3393.78
13 50 3392.54
13 51 3393.78
13 52 3397.43
13 53 3403.46
13 54 3411.7
13 55 3422.02
13 56 3434.15
13 57 3447.87
13 58 3462.84
13 59 3478.73
13 60 3495.14
13 61 3511.67
13 62 3527.87
13 63 3543.28
13 64 3557.44
13 65 3569.84
13 66 3579.98
13 67 3587.41
13 68 3591.61
13 69 3592.1
13 70 3588.45
13 71 3580.15
13 72 3566.79
13 73 3547.95
13 74 3523.24
13 75 3492.27
13 76 3454.7
13 77 3410.25
13 78 3358.63
13 79 3299.69
13 80 3233.23
13 81 3159.15
13 82 3077.41
13 83 2987.89
13 84 2890.59
13 85 2785.29
13 86 2671.83
13 87 2549.84
13 88 2418.86
13 89 2278.23
13 90 2127.21
13 91 1965.09
13 92 1791.1
13 93 1604.76
13 94 1405.86
13 95 1194.6
13 96 971.766
13 97 738.717
13 98 497.367
13 99 250.201
13 100 0

14 0 0
14 1 323.566
14 2 640.149
14 3 943.266
14 4 1227.35
14 5 1488.09
14 6 1722.67
14 7 1929.75
14 8 2109.46
14 9 2263.15
14 10 2393.12
14 11 2502.38
14 12 2594.18
14 13 2671.83
14 14 2738.45
14 15 2796.76
14 16 2848.98
14 17 2896.94
14 18 2941.86
14 19 2984.61
14 20 3025.6
14 21 3065.13
14 22 3103.19
14 23 3139.6
14 24 3174.17
14 25 3206.7
14 26 3236.94
14 27 3264.68
14 28 3289.74
14 29 3311.99
14 30 3331.37
14 31 3347.82
14 32 3361.39
14 33 3372.15
14 34 3380.28
14 35 3385.87
14 36 3389.21
14 37 3390.5
14 38 3390.03
14 39 3388.12
14 40 3385.04
14 41 3381.13
14 42 3376.67
14 43 3371.96
14 44 3367.27
14 45 3362.86
14 46 3358.93
14 47 3355.68
14 48 3353.25
14 49 3351.75
14 50 3351.24
14 51 3351.75
14 52 3353.25
14 53 3355.68
14 54 3358.93
14 55 3362.86
14 56 3367.27
14 57 3371.96
14 58 3376.67
14 59 3381.13
14 60 3385.04
14 61 3388.12
14 62 3390.03
14 63 3390.5
14 64 3389.21
14 65 3385.87
14 66 3380.28
14 67 3372.15
14 68 3361.39
14 69 3347.82
14 70 3331.37
14 71 3311.99
14 72 3289.74
14 73 3264.68
14 74 3236.94
14 75 3206.7
14 76 3174.17
14 77 3139.6
14 78 3103.19
14 79 3065.13
14 80 3025.6
14 81 2984.61
14 82 2941.86
14 83 2896.94
14 84 2848.98
14 85 2796.76
14 86 2738.45
14 87 2671.83
14 88 2594.18
14 89 2502.38
14 90 2393.12
14 91 2263.15
14 92 2109.46
14 93 1929.75
14 94 1722.67
14 95 1488.09
14 96 1227.35
14 97 943.266
14 98 640.149
14 99 323.566
14 100 0

15 0 0
15 1 396.133
15 2 781.316
15 3 1145.37
15 4 1479.62
15 5 1777.39
15 6 2034.37
15 7 2248.73
15 8 2420.98
15 9 2553.67
15 10 2650.96
15 11 2718.11
15 12 2760.93
15 13 2785.29
15 14 2796.76
15 15 2800.21
15 16 2799.81
15 17 2798.71
15 18 2799.29
15 19 2802.98
15 20 2810.7
15 21 2822.7
15 22 2838.81
15 23 2858.59
15 24 2881.46
15 25 2906.71
15 26 2933.59
15 27 2961.39
15 28 2989.45
15 29 3017.19
15 30 3044.08
15 31 3069.7
15 32 3093.72
15 33 3115.9
15 34 3136.05
15 35 3154.12
15 36 3170.02
15 37 3183.84
15 38 3195.62
15 39 3205.52
15 40 3213.67
15 41 3220.27
15 42 3225.49
15 43 3229.54
15 44 3232.59
15 45 3234.84
15 46 3236.43
15 47 3237.52
15 48 3238.21
15 49 3238.6
15 50 3238.72
15 51 3238.6
15 52 3238.21
15 53 3237.52
15 54 3236.43
15 55 3234.84
15 56 3232.59
15 57 3229.54
15 58 3225.49
15 59 3220.27
15 60 3213.67
15 61 3205.52
15 62 3195.62
15 63 3183.84
15 64 3170.02
15 65 3154.12
15 66 3136.05
15 67 3115.9
15 68 3093.72
15 69 3069.7
15 70 3044.08
15 71 3017.19
15 72 2989.45
15 73 2961.39
15 74 2933.59
15 75 2906.71
15 76 2881.46
15 77 2858.59
15 78 2838.81
15 79 2822.7
15 80 2810.7
15 81 2802.98
15 82 2799.29
15 83 2798.71
15 84 2799.81
15 85 2800.21
15 86 2796.76
15 87 2785.29
15 88 2760.93
15 89 2718.11
15 90 2650.96
15 91 2553.67
15 92 2420.98
15 93 2248.73
15 94 2034.37
15 95 1777.39
15 96 1479.62
15 97 1145.37
15 98 781.316
15 99 396.133
15 100 0

16 0 0
16 1 465.749
16 2 916.702
16 3 1339.13
16 4 1721.33
16 5 2054.35
16 6 2332.48
16 7 2553.42
16 8 2718.05
16 9 2830.13
16 10 2895.63
16 11 2922.01
16 12 2917.54
16 13 2890.59
16 14 2848.98
16 15 2799.81
16 16 2748.84
16 17 2700.65
16 18 2658.47
16 19 2624.45
16 20 2599.71
16 21 2584.47
16 22 2578.44
16 23 2580.85
16 24 2590.69
16 25 2606.83
16 26 2628.06
16 27 2653.22
16 28 2681.2
16 29 2711.06
16 30 2741.91
16 31 2773.01
16 32 2803.7
16 33 2833.51
16 34 2862.02
16 35 2888.88
16 36 2913.94
16 37 2936.97
16 38 2957.94
16 39 2976.79
16 40 2993.57
16 41 3008.31
16 42 3021.12
16 43 3032.06
16 44 3041.27
16 45 3048.83
16 46 3054.86
16 47 3059.44
16 48 3062.67
16 49 3064.57
16 50 3065.21
16 51 3064.57
16 52 3062.67
16 53 3059.44
16 54 3054.86
16 55 3048.83
16 56 3041.27
16 57 3032.06
16 58 3021.12
16 59 3008.31
16 60 2993.57
16 61 2976.79
16 62 2957.94
16 63 2936.97
16 64 2913.94
16 65 2888.88
16 66 2862.02
16 67 2833.51
16 68 2803.7
16 69 2773.01
16 70 2741.91
16 71 2711.06
16 72 2681.2
16 73 2653.22
16 74 2628.06
16 75 2606.83
16 76 2590.69
16 77 2580.85
16 78 2578.44
16 79 2584.47
16 80 2599.71
16 81 2624.45
16 82 2658.47
16 83 2700.65
16 84 2748.84
16 85 2799.81
16 86 2848.98
16 87 2890.59
16 88 2917.54
16 89 2922.01
16 90 2895.63
16 91 2830.13
16 92 2718.05
16 93 2553.42
16 94 2332.48
16 95 2054.35
16 96 1721.33
16 97 1339.13
16 98 916.702
16 99 465.749
16 100 0

17 0 0
17 1 530.529
17 2 1042.66
17 3 1519.39
17 4 1946.16
17 5 2311.93
17 6 2609.7
17 7 2836.67
17 8 2994.16
17 9 3087
17 10 3122.84
17 11 3111.2
17 12 3062.67
17 13 2987.89
17 14 2896.94
17 15 2798.71
17 16 2700.65
17 17 2608.45
17 18 2526.31
17 19 2456.84
17 20 2401.28
17 21 2359.89
17 22 2332.2
17 23 2317.09
17 24 2313.18
17 25 2318.9
17 26 2332.64
17 27 2352.86
17 28 2378.11
17 29 2407.09
17 30 2438.63
17 31 2471.76
17 32 2505.59
17 33 2539.41
17 34 2572.64
17 35 2604.82
17 36 2635.52
17 37 2664.48
17 38 2691.48
17 39 2716.36
17 40 2739.04
17 41 2759.45
17 42 2777.59
17 43 2793.45
17 44 2807.08
17 45 2818.51
17 46 2827.78
17 47 2834.93
17 48 2840.01
17 49 2843.04
17 50 2844.05
17 51 2843.04
17 52 2840.01
17 53 2834.93
17 54 2827.78
17 55 2818.51
17 56 2807.08
17 57 2793.45
17 58 2777.59
17 59 2759.45
17 60 2739.04
17 61 2716.36
17 62 2691.48
17 63 2664.48
17 64 2635.52
17 65 2604.82
17 66 2572.64
17 67 2539.41
17 68 2505.59
17 69 2471.76
17 70 2438.63
17 71 2407.09
17 72 2378.11
17 73 2352.86
17 74 2332.64
17 75 2318.9
17 76 2313.18
17 77 2317.09
17 78 2332.2
17 79 2359.89
17 80 2401.28
17 81 2456.84
17 82 2526.31
17 83 2608.45
17 84 2700.65
17 85 2798.71
17 86 2896.94
17 87 2987.89
17 88 3062.67
17 89 3111.2
17 90 3122.84
17 91 3087
17 92 2994.16
17 93 2836.67
17 94 2609.7
17 95 2311.93
17 96 1946.16
17 97 1519.39
17 98 1042.66
17 99 530.529
17 100 0

18 0 0
18 1 588.877
18 2 1156.16
18 3 1681.87
18 4 2148.94
18 5 2544.42
18 6 2860.1
18 7 3092.79
18 8 3244.09
18 9 3319.83
18 10 3329.12
18 11 3283.42
18 12 3195.25
18 13 3077.41
18 14 2941.86
18 15 2799.29
18 16 2658.47
18 17 2526.31
18 18 2407.7
18 19 2305.6
18 20 2221.52
18 21 2155.67
18 22 2107.3
18 23 2075.07
18 24 2057.18
18 25 2051.72
18 26 2056.72
18 27 2070.29
18 28 2090.66
18 29 2116.3
18 30 2145.82
18 31 2178.03
18 32 2211.89
18 33 2246.56
18 34 2281.32
18 35 2315.54
18 36 2348.79
18 37 2380.6
18 38 2410.71
18 39 2438.84
18 40 2464.82
18 41 2488.51
18 42 2509.82
18 43 2528.66
18 44 2545.02
18 45 2558.86
18 46 2570.18
18 47 2578.96
18 48 2585.24
18 49 2589
18 50 2590.26
18 51 2589
18 52 2585.24
18 53 2578.96
18 54 2570.18
18 55 2558.86
18 56 2545.02
18 57 2528.66
18 58 2509.82
18 59 2488.51
18 60 2464.82
18 61 2438.84
18 62 2410.71
18 63 2380.6
18 64 2348.79
18 65 2315.54
18 66 2281.32
18 67 2246.56
18 68 2211.89
18 69 2178.03
18 70 2145.82
18 71 2116.3
18 72 2090.66
18 73 2070.29
18 74 2056.72
18 75 2051.72
18 76 2057.18
18 77 2075.07
18 78 2107.3
18 79 2155.67
18 80 2221.52
18 81 2305.6
18 82 2407.7
18 83 2526.31
18 84 2658.47
18 85 2799.29
18 86 2941.86
18 87 3077.41
18 88 3195.25
18 89 3283.42
18 90 3329.12
18 91 3319.83
18 92 3244.09
18 93 3092.79
18 94 2860.1
18 95 2544.42
18 96 2148.94
18 97 1681.87
18 98 1156.16
18 99 588.877
18 100 0

19 0 0
19 1 639.598
19 2 1254.9
19 3 1823.34
19 4 2325.73
19 5 2747.44
19 6 3079.22
19 7 3317.46
19 8 3464
19 9 3525.41
19 10 3512.1
19 11 3437.03
19 12 3314.55
19 13 3159.15
19 14 2984.61
19 15 2802.98
19 16 2624.45
19 17 2456.84
19 18 2305.6
19 19 2174.21
19 20 2064.27
19 21 1975.94
19 22 1908.31
19 23 1859.73
19 24 1828.13
19 25 1811.22
19 26 1806.73
19 27 1812.48
19 28 1826.5
19 29 1846.97
19 30 1872.37
19 31 1901.37
19 32 1932.82
19 33 1965.75
19 34 1999.37
19 35 2033.03
19 36 2066.1
19 37 2098.2
19 38 2128.88
19 39 2157.86
19 40 2184.87
19 41 2209.72
19 42 2232.25
19 43 2252.33
19 44 2269.87
19 45 2284.81
19 46 2297.08
19 47 2306.66
19 48 2313.51
19 49 2317.63
19 50 2319
19 51 2317.63
19 52 2313.51
19 53 2306.66
19 54 2297.08
19 55 2284.81
19 56 2269.87
19 57 2252.33
19 58 2232.25
19 59 2209.72
19 60 2184.87
19 61 2157.86
19 62 2128.88
19 63 2098.2
19 64 2066.1
19 65 2033.03
19 66 1999.37
19 67 1965.75
19 68 1932.82
19 69 1901.37
19 70 1872.37
19 71 1846.97
19 72 1826.5
19 73 1812.48
19 74 1806.73
19 75 1811.22
19 76 1828.13
19 77 1859.73
19 78 1908.31
19 79 1975.94
19 80 2064.27
19 81 2174.21
19 82 2305.6
19 83 2456.84
19 84 2624.45
19 85 2802.98
19 86 2984.61
19 87 3159.15
19 88 3314.55
19 89 3437.03
19 90 3512.1
19 91 3525.41
19 92 3464
19 93 3317.46
19 94 3079.22
19 95 2747.44
19 96 2325.73
19 97 1823.34
19 98 1254.9
19 99 639.598
19 100 0

20 0 0
20 1 681.872
20 2 1337.28
20 3 1941.58
20 4 2473.86
20 5 2918.1
20 6 3264.1
20 7 3507.91
20 8 3651.38
20 9 3701.72
20 10 3670.23
20 11 3571.11
20 12 3420.1
20 13 3233.23
20 14 3025.6
20 15 2810.7
20 16 2599.71
20 17 2401.28
20 18 2221.52
20 19 2064.27
20 20 1931.27
20 21 1822.66
20 22 1737.38
20 23 1673.55
20 24 1628.81
20 25 1600.62
20 26 1586.4
20 27 1583.76
20 28 1590.48
20 29 1604.62
20 30 1624.49
20 31 1648.67
20 32 1675.92
20 33 1705.24
20 34 1735.75
20 35 1766.77
20 36 1797.68
20 37 1827.97
20 38 1857.24
20 39 1885.11
20 40 1911.31
20 41 1935.58
20 42 1957.74
20 43 1977.6
20 44 1995.05
20 45 2009.96
20 46 2022.27
20 47 2031.9
20 48 2038.82
20 49 2042.97
20 50 2044.37
20 51 2042.97
20 52 2038.82
20 53 2031.9
20 54 2022.27
20 55 2009.96
20 56 1995.05
20 57 1977.6
20 58 1957.74
20 59 1935.58
20 60 1911.31
20 61 1885.11
20 62 1857.24
20 63 1827.97
20 64 1797.68
20 65 1766.77
20 66 1735.75
20 67 1705.24
20 68 1675.92
20 69 1648.67
20 70 1624.49
20 71 1604.62
20 72 1590.48
20 73 1583.76
20 74 1586.4
20 75 1600.62
20 76 1628.81
20 77 1673.55
20 78 1737.38
20 79 1822.66
20 80 1931.27
20 81 2064.27
20 82 2221.52
20 83 2401.28
20 84 2599.71
20 85 2810.7
20 86 3025.6
20 87 3233.23
20 88 3420.1
20 89 3571.11
20 90 3670.23
20 91 3701.72
20 92 3651.38
20 93 3507.91
20 94 3264.1
20 95 2918.1
20 96 2473.86
20 97 1941.58
20 98 1337.28
20 99 681.872
20 100 0

21 0 0
21 1 715.266
21 2 1402.44
21 3 2035.41
21 4 2591.9
21 5 3054.81
21 6 3413.21
21 7 3662.67
21 8 3805.05
21 9 3847.78
21 10 3802.85
21 11 3685.23
21 12 3511.82
21 13 3299.69
21 14 3065.13
21 15 2822.7
21 16 2584.47
21 17 2359.89
21 18 2155.67
21 19 1975.94
21 20 1822.66
21 21 1695.97
21 22 1594.76
21 23 1516.91
21 24 1459.9
21 25 1420.88
21 26 1397.11
21 27 1385.94
21 28 1385.01
21 29 1392.21
21 30 1405.76
21 31 1424.16
21 32 1446.12
21 33 1470.59
21 34 1496.69
21 35 1523.7
21 36 1550.97
21 37 1578.06
21 38 1604.44
21 39 1629.81
21 40 1653.83
21 41 1676.23
21 42 1696.8
21 43 1715.34
21 44 1731.69
21 45 1745.73
21 46 1757.36
21 47 1766.48
21 48 1773.04
21 49 1776.99
21 50 1778.31
21 51 1776.99
21 52 1773.04
21 53 1766.48
21 54 1757.36
21 55 1745.73
21 56 1731.69
21 57 1715.34
21 58 1696.8
21 59 1676.23
21 60 1653.83
21 61 1629.81
21 62 1604.44
21 63 1578.06
21 64 1550.97
21 65 1523.7
21 66 1496.69
21 67 1470.59
21 68 1446.12
21 69 1424.16
21 70 1405.76
21 71 1392.21
21 72 1385.01
21 73 1385.94
21 74 1397.11
21 75 1420.88
21 76 1459.9
21 77 1516.91
21 78 1594.76
21 79 1695.97
21 80 1822.66
21 81 1975.94
21 82 2155.67
21 83 2359.89
21 84 2584.47
21 85 2822.7
21 86 3065.13
21 87 3299.69
21 88 3511.82
21 89 3685.23
21 90 3802.85
21 91 3847.78
21 92 3805.05
21 93 3662.67
21 94 3413.21
21 95 3054.81
21 96 2591.9
21 97 2035.41
21 98 1402.44
21 99 715.266
21 100 0

22 0 0
22 1 739.635
22 2 1450.16
22 3 2104.54
22 4 2679.53
22 5 3157.32
22 6 3526.3
22 7 3781.62
22 8 3924.91
22 9 3963.67
22 10 3910.01
22 11 3779.61
22 12 3589.83
22 13 3358.63
22 14 3103.19
22 15 2838.81
22 16 2578.44
22 17 2332.2
22 18 2107.3
22 19 1908.31
22 20 1737.38
22 21 1594.76
22 22 1479.24
22 23 1388.69
22 24 1320.33
22 25 1271.21
22 26 1238.31
22 27 1218.87
22 28 1210.32
22 29 1210.5
22 30 1217.46
22 31 1229.69
22 32 1245.85
22 33 1264.87
22 34 1285.84
22 35 1308.05
22 36 1330.9
22 37 1353.85
22 38 1376.5
22 39 1398.44
22 40 1419.39
22 41 1439.06
22 42 1457.22
22 43 1473.68
22 44 1488.26
22 45 1500.83
22 46 1511.27
22 47 1519.47
22 48 1525.39
22 49 1528.95
22 50 1530.15
22 51 1528.95
22 52 1525.39
22 53 1519.47
22 54 1511.27
22 55 1500.83
22 56 1488.26
22 57 1473.68
22 58 1457.22
22 59 1439.06
22 60 1419.39
22 61 1398.44
22 62 1376.5
22 63 1353.85
22 64 1330.9
22 65 1308.05
22 66 1285.84
22 67 1264.87
22 68 1245.85
22 69 1229.69
22 70 1217.46
22 71 1210.5
22 72 1210.32
22 73 1218.87
22 74 1238.31
22 75 1271.21
22 76 1320.33
22 77 1388.69
22 78 1479.24
22 79 1594.76
22 80 1737.38
22 81 1908.31
22 82 2107.3
22 83 2332.2
22 84 2578.44
22 85 2838.81
22 86 3103.19
22 87 3358.63
22 88 3589.83
22 89 3779.61
22 90 3910.01
22 91 3963.67
22 92 3924.91
22 93 3781.62
22 94 3526.3
22 95 3157.32
22 96 2679.53
22 97 2104.54
22 98 1450.16
22 99 739.635
22 100 0

23 0 0
23 1 755.164
23 2 1480.83
23 3 2149.47
23 4 2737.46
23 5 3226.4
23 6 3604.27
23 7 3865.66
23 8 4011.91
23 9 4050.15
23 10 3992.57
23 11 3854.79
23 12 3654.55
23 13 3410.25
23 14 3139.6
23 15 2858.59
23 16 2580.85
23 17 2317.09
23 18 2075.07
23 19 1859.73
23 20 1673.55
23 21 1516.91
23 22 1388.69
23 23 1286.65
23 24 1207.97
23 25 1149.5
23 26 1108.13
23 27 1080.88
23 28 1065.11
23 29 1058.47
23 30 1059.04
23 31 1065.14
23 32 1075.46
23 33 1088.89
23 34 1104.55
23 35 1121.7
23 36 1139.75
23 37 1158.24
23 38 1176.68
23 39 1194.78
23 40 1212.19
23 41 1228.67
23 42 1243.97
23 43 1257.92
23 44 1270.34
23 45 1281.08
23 46 1290.02
23 47 1297.08
23 48 1302.17
23 49 1305.25
23 50 1306.27
23 51 1305.25
23 52 1302.17
23 53 1297.08
23 54 1290.02
23 55 1281.08
23 56 1270.34
23 57 1257.92
23 58 1243.97
23 59 1228.67
23 60 1212.19
23 61 1194.78
23 62 1176.68
23 63 1158.24
23 64 1139.75
23 65 1121.7
23 66 1104.55
23 67 1088.89
23 68 1075.46
23 69 1065.14
23 70 1059.04
23 71 1058.47
23 72 1065.11
23 73 1080.88
23 74 1108.13
23 75 1149.5
23 76 1207.97
23 77 1286.65
23 78 1388.69
23 79 1516.91
23 80 1673.55
23 81 1859.73
23 82 2075.07
23 83 2317.09
23 84 2580.85
23 85 2858.59
23 86 3139.6
23 87 3410.25
23 88 3654.55
23 89 3854.79
23 90 3992.57
23 91 4050.15
23 92 4011.91
23 93 3865.66
23 94 3604.27
23 95 3226.4
23 96 2737.46
23 97 2149.47
23 98 1480.83
23 99 755.164
23 100 0

24 0 0
24 1 762.326
24 2 1495.31
24 3 2171.48
24 4 2767.16
24 5 3263.78
24 6 3648.84
24 7 3916.6
24 8 4067.68
24 9 4108.85
24 10 4051.75
24 11 3911.76
24 12 3706.59
24 13 3454.7
24 14 3174.17
24 15 2881.46
24 16 2590.69
24 17 2313.18
24 18 2057.18
24 19 1828.13
24 20 1628.81
24 21 1459.9
24 22 1320.33
24 23 1207.97
24 24 1119.91
24 25 1052.93
24 26 1003.76
24 27 969.331
24 28 946.874
24 29 933.948
24 30 928.502
24 31 928.864
24 32 933.651
24 33 941.75
24 34 952.256
24 35 964.484
24 36 977.827
24 37 991.815
24 38 1006.07
24 39 1020.21
24 40 1033.99
24 41 1047.14
24 42 1059.44
24 43 1070.74
24 44 1080.82
24 45 1089.6
24 46 1096.93
24 47 1102.73
24 48 1106.92
24 49 1109.46
24 50 1110.3
24 51 1109.46
24 52 1106.92
24 53 1102.73
24 54 1096.93
24 55 1089.6
24 56 1080.82
24 57 1070.74
24 58 1059.44
24 59 1047.14
24 60 1033.99
24 61 1020.21
24 62 1006.07
24 63 991.815
24 64 977.827
24 65 964.484
24 66 952.256
24 67 941.75
24 68 933.651
24 69 928.864
24 70 928.502
24 71 933.948
24 72 946.874
24 73 969.331
24 74 1003.76
24 75 1052.93
24 76 1119.91
24 77 1207.97
24 78 1320.33
24 79 1459.9
24 80 1628.81
24 81 1828.13
24 82 2057.18
24 83 2313.18
24 84 2590.69
24 85 2881.46
24 86 3174.17
24 87 3454.7
24 88 3706.59
24 89 3911.76
24 90 4051.75
24 91 4108.85
24 92 4067.68
24 93 3916.6
24 94 3648.84
24 95 3263.78
24 96 2767.16
24 97 2171.48
24 98 1495.31
24 99 762.326
24 100 0

25 0 0
25 1 761.754
25 2 1494.81
25 3 2172.29
25 4 2770.81
25 5 3271.8
25 6 3662.62
25 7 3936.87
25 8 4094.61
25 9 4141.74
25 10 4089.18
25 11 3951.74
25 12 3746.65
25 13 3492.27
25 14 3206.7
25 15 2906.71
25 16 2606.83
25 17 2318.9
25 18 2051.72
25 19 1811.22
25 20 1600.62
25 21 1420.88
25 22 1271.21
25 23 1149.5
25 24 1052.93
25 25 978.175
25 26 921.947
25 27 881.007
25 28 852.508
25 29 833.892
25 30 823.062
25 31 818.232
25 32 818.01
25 33 821.259
25 34 827.076
25 35 834.747
25 36 843.71
25 37 853.531
25 38 863.781
25 39 874.21
25 40 884.49
25 41 894.437
25 42 903.833
25 43 912.516
25 44 920.334
25 45 927.164
25 46 932.892
25 47 937.441
25 48 940.733
25 49 942.732
25 50 943.398
25 51 942.732
25 52 940.733
25 53 937.441
25 54 932.892
25 55 927.164
25 56 920.334
25 57 912.516
25 58 903.833
25 59 894.437
25 60 884.49
25 61 874.21
25 62 863.781
25 63 853.531
25 64 843.71
25 65 834.747
25 66 827.076
25 67 821.259
25 68 818.01
25 69 818.232
25 70 823.062
25 71 833.892
25 72 852.508
25 73 881.007
25 74 921.947
25 75 978.175
25 76 1052.93
25 77 1149.5
25 78 1271.21
25 79 1420.88
25 80 1600.62
25 81 1811.22
25 82 2051.72
25 83 2318.9
25 84 2606.83
25 85 2906.71
25 86 3206.7
25 87 3492.27
25 88 3746.65
25 89 3951.74
25 90 4089.18
25 91 4141.74
25 92 4094.61
25 93 3936.87
25 94 3662.62
25 95 3271.8
25 96 2770.81
25 97 2172.29
25 98 1494.81
25 99 761.754
25 100 0

26 0 0
26 1 754.237
26 2 1480.87
26 3 2154.06
26 4 2750.99
26 5 3253.45
26 6 3648.58
26 7 3929.48
26 8 4095.4
26 9 4151.19
26 10 4106.81
26 11 3976.1
26 12 3775.6
26 13 3523.24
26 14 3236.94
26 15 2933.59
26 16 2628.06
26 17 2332.64
26 18 2056.72
26 19 1806.73
26 20 1586.4
26 21 1397.11
26 22 1238.31
26 23 1108.13
26 24 1003.76
26 25 921.947
26 26 859.264
26 27 812.484
26 28 778.578
26 29 754.952
26 30 739.354
26 31 730.007
26 32 725.416
26 33 724.433
26 34 726.131
26 35 729.82
26 36 734.924
26 37 741.006
26 38 747.739
26 39 754.778
26 40 761.929
26 41 768.953
26 42 775.688
26 43 781.981
26 44 787.696
26 45 792.723
26 46 796.966
26 47 800.345
26 48 802.803
26 49 804.293
26 50 804.795
26 51 804.293
26 52 802.803
26 53 800.345
26 54 796.966
26 55 792.723
26 56 787.696
26 57 781.981
26 58 775.688
26 59 768.953
26 60 761.929
26 61 754.778
26 62 747.739
26 63 741.006
26 64 734.924
26 65 729.82
26 66 726.131
26 67 724.433
26 68 725.416
26 69 730.007
26 70 739.354
26 71 754.952
26 72 778.578
26 73 812.484
26 74 859.264
26 75 921.947
26 76 1003.76
26 77 1108.13
26 78 1238.31
26 79 1397.11
26 80 1586.4
26 81 1806.73
26 82 2056.72
26 83 2332.64
26 84 2628.06
26 85 2933.59
26 86 3236.94
26 87 3523.24
26 88 3775.6
26 89 3976.1
26 90 4106.81
26 91 4151.19
26 92 4095.4
26 93 3929.48
26 94 3648.58
26 95 3253.45
26 96 2750.99
26 97 2154.06
26 98 1480.87
26 99 754.237
26 100 0

27 0 0
27 1 740.621
27 2 1455.21
27 3 2119.13
27 4 2710.66
27 5 3211.94
27 6 3610.1
27 7 3897.72
27 8 4073.04
27 9 4139.83
27 10 4106.7
27 11 3986.37
27 12 3794.38
27 13 3547.95
27 14 3264.68
27 15 2961.39
27 16 2653.22
27 17 2352.86
27 18 2070.29
27 19 1812.48
27 20 1583.76
27 21 1385.94
27 22 1218.87
27 23 1080.88
27 24 969.331
27 25 881.007
27 26 812.484
27 27 760.402
27 28 721.714
27 29 693.67
27 30 674.002
27 31 660.756
27 32 652.474
27 33 647.905
27 34 646.153
27 35 646.447
27 36 648.292
27 37 651.221
27 38 654.899
27 39 659.076
27 40 663.496
27 41 667.997
27 42 672.416
27 43 676.614
27 44 680.487
27 45 683.927
27 46 686.854
27 47 689.203
27 48 690.914
27 49 691.96
27 50 692.308
27 51 691.96
27 52 690.914
27 53 689.203
27 54 686.854
27 55 683.927
27 56 680.487
27 57 676.614
27 58 672.416
27 59 667.997
27 60 663.496
27 61 659.076
27 62 654.899
27 63 651.221
27 64 648.292
27 65 646.447
27 66 646.153
27 67 647.905
27 68 652.474
27 69 660.756
27 70 674.002
27 71 693.67
27 72 721.714
27 73 760.402
27 74 812.484
27 75 881.007
27 76 969.331
27 77 1080.88
27 78 1218.87
27 79 1385.94
27 80 1583.76
27 81 1812.48
27 82 2070.29
27 83 2352.86
27 84 2653.22
27 85 2961.39
27 86 3264.68
27 87 3547.95
27 88 3794.38
27 89 3986.37
27 90 4106.7
27 91 4139.83
27 92 4073.04
27 93 3897.72
27 94 3610.1
27 95 3211.94
27 96 2710.66
27 97 2119.13
27 98 1455.21
27 99 740.621
27 100 0

28 0 0
28 1 721.902
28 2 1419.6
28 3 2070.11
28 4 2652.87
28 5 3150.67
28 6 3550.7
28 7 3844.95
28 8 4030.69
28 9 4110.33
28 10 4091.05
28 11 3984.14
28 12 3803.95
28 13 3566.79
28 14 3289.74
28 15 2989.45
28 16 2681.2
28 17 2378.11
28 18 2090.66
28 19 1826.5
28 20 1590.48
28 21 1385.01
28 22 1210.32
28 23 1065.11
28 24 946.874
28 25 852.508
28 26 778.578
28 27 721.714
28 28 678.743
28 29 646.859
28 30 623.656
28 31 607.168
28 32 595.792
28 33 588.285
28 34 583.677
28 35 581.241
28 36 580.393
28 37 580.734
28 38 581.935
28 39 583.717
28 40 585.898
28 41 588.299
28 42 590.774
28 43 593.234
28 44 595.543
28 45 597.657
28 46 599.465
28 47 600.947
28 48 602.023
28 49 602.694
28 50 602.909
28 51 602.694
28 52 602.023
28 53 600.947
28 54 599.465
28 55 597.657
28 56 595.543
28 57 593.234
28 58 590.774
28 59 588.299
28 60 585.898
28 61 583.717
28 62 581.935
28 63 580.734
28 64 580.393
28 65 581.241
28 66 583.677
28 67 588.285
28 68 595.792
28 69 607.168
28 70 623.656
28 71 646.859
28 72 678.743
28 73 721.714
28 74 778.578
28 75 852.508
28 76 946.874
28 77 1065.11
28 78 1210.32
28 79 1385.01
28 80 1590.48
28 81 1826.5
28 82 2090.66
28 83 2378.11
28 84 2681.2
28 85 2989.45
28 86 3289.74
28 87 3566.79
28 88 3803.95
28 89 3984.14
28 90 4091.05
28 91 4110.33
28 92 4030.69
28 93 3844.95
28 94 3550.7
28 95 3150.67
28 96 2652.87
28 97 2070.11
28 98 1419.6
28 99 721.902
28 100 0

29 0 0
29 1 699.003
29 2 1375.87
29 3 2009.54
29 4 2580.72
29 5 3073.12
29 6 3473.91
29 7 3774.64
29 8 3971.49
29 9 4065.41
29 10 4062.01
29 11 3970.97
29 12 3805.27
29 13 3580.15
29 14 3311.99
29 15 3017.19
29 16 2711.06
29 17 2407.09
29 18 2116.3
29 19 1846.97
29 20 1604.62
29 21 1392.21
29 22 1210.5
29 23 1058.47
29 24 933.948
29 25 833.892
29 26 754.952
29 27 693.67
29 28 646.859
29 29 611.589
29 30 585.387
29 31 566.148
29 32 552.252
29 33 542.368
29 34 535.496
29 35 530.858
29 36 527.907
29 37 526.199
29 38 525.408
29 39 525.318
29 40 525.69
29 41 526.411
29 42 527.338
29 43 528.374
29 44 529.442
29 45 530.459
29 46 531.375
29 47 532.135
29 48 532.706
29 49 533.058
29 50 533.178
29 51 533.058
29 52 532.706
29 53 532.135
29 54 531.375
29 55 530.459
29 56 529.442
29 57 528.374
29 58 527.338
29 59 526.411
29 60 525.69
29 61 525.318
29 62 525.408
29 63 526.199
29 64 527.907
29 65 530.858
29 66 535.496
29 67 542.368
29 68 552.252
29 69 566.148
29 70 585.387
29 71 611.589
29 72 646.859
29 73 693.67
29 74 754.952
29 75 833.892
29 76 933.948
29 77 1058.47
29 78 1210.5
29 79 1392.21
29 80 1604.62
29 81 1846.97
29 82 2116.3
29 83 2407.09
29 84 2711.06
29 85 3017.19
29 86 3311.99
29 87 3580.15
29 88 3805.27
29 89 3970.97
29 90 4062.01
29 91 4065.41
29 92 3971.49
29 93 3774.64
29 94 3473.91
29 95 3073.12
29 96 2580.72
29 97 2009.54
29 98 1375.87
29 99 699.003
29 100 0

