0 0 0
0 1 0
0 2 0
0 3 0
0 4 0
0 5 0
0 6 0
0 7 0
0 8 0
0 9 0
0 10 0
0 11 0
0 12 0
0 13 0
0 14 0
0 15 0
0 16 0
0 17 0
0 18 0
0 19 0
0 20 0
0 21 0
0 22 0
0 23 0
0 24 0
0 25 0
0 26 0
0 27 0
0 28 0
0 29 0
0 30 0
0 31 0
0 32 0
0 33 0
0 34 0
0 35 0
0 36 0
0 37 0
0 38 0
0 39 0
0 40 0
0 41 0
0 42 0
0 43 0
0 44 0
0 45 0
0 46 0
0 47 0
0 48 0
0 49 0
0 50 0
0 51 0
0 52 0
0 53 0
0 54 0
0 55 0
0 56 0
0 57 0
0 58 0
0 59 0
0 60 0
0 61 0
0 62 0
0 63 0
0 64 0
0 65 0
0 66 0
0 67 0
0 68 0
0 69 0
0 70 0
0 71 0
0 72 0
0 73 0
0 74 0
0 75 0
0 76 0
0 77 0
0 78 0
0 79 0
0 80 0
0 81 0
0 82 0
0 83 0
0 84 0
0 85 0
0 86 0
0 87 0
0 88 0
0 89 0
0 90 0
0 91 0
0 92 0
0 93 0
0 94 0
0 95 0
0 96 0
0 97 0
0 98 0
0 99 0
0 100 0

1 0 0
1 1 -75.8797
1 2 -150.853
1 3 -223.947
1 4 -294.018
1 5 -359.755
1 6 -419.638
1 7 -471.995
1 8 -515.073
1 9 -547.151
1 10 -566.685
1 11 -572.464
1 12 -563.759
1 13 -540.446
1 14 -503.111
1 15 -453.052
1 16 -392.268
1 17 -323.371
1 18 -249.376
1 19 -173.585
1 20 -99.2791
1 21 -29.5427
1 22 32.9561
1 23 86.1419
1 24 128.636
1 25 159.793
1 26 179.679
1 27 189.016
1 28 188.995
1 29 181.198
1 30 167.387
1 31 149.364
1 32 128.828
1 33 107.298
1 34 86.0083
1 35 65.9014
1 36 47.6458
1 37 31.6218
1 38 17.9752
1 39 6.66952
1 40 -2.43422
1 41 -9.58385
1 42 -15.0579
1 43 -19.1571
1 44 -22.1403
1 45 -24.2529
1 46 -25.7159
1 47 -26.6944
1 48 -27.2945
1 49 -27.6242
1 50 -27.7139
1 51 -27.6242
1 52 -27.2945
1 53 -26.6944
1 54 -25.7159
1 55 -24.2529
1 56 -22.1403
1 57 -19.1571
1 58 -15.0579
1 59 -9.58385
1 60 -2.43422
1 61 6.66952
1 62 17.9752
1 63 31.6218
1 64 47.6458
1 65 65.9014
1 66 86.0083
1 67 107.298
1 68 128.828
1 69 149.364
1 70 167.387
1 71 181.198
1 72 188.995
1 73 189.016
1 74 179.679
1 75 159.793
1 76 128.636
1 77 86.1419
1 78 32.9561
1 79 -29.5427
1 80 -99.2791
1 81 -173.585
1 82 -249.376
1 83 -323.371
1 84 -392.268
1 85 -453.052
1 86 -503.111
1 87 -540.446
1 88 -563.759
1 89 -572.464
1 90 -566.685
1 91 -547.151
1 92 -515.073
1 93 -471.995
1 94 -419.638
1 95 -359.755
1 96 -294.018
1 97 -223.947
1 98 -150.853
1 99 -75.8797
1 100 0

2 0 0
2 1 -150.853
2 2 -299.86
2 3 -445.039
2 4 -584.099
2 5 -714.417
2 6 -832.989
2 7 -936.515
2 8 -1021.57
2 9 -1084.77
2 10 -1123.14
2 11 -1134.32
2 12 -1116.92
2 13 -1070.73
2 14 -996.902
2 15 -898.007
2 16 -777.977
2 17 -641.927
2 18 -495.797
2 19 -346.061
2 20 -199.186
2 21 -61.234
2 22 62.5288
2 23 168.009
2 24 252.453
2 25 314.554
2 26 354.4
2 27 373.375
2 28 373.811
2 29 358.806
2 30 331.816
2 31 296.385
2 32 255.872
2 33 213.287
2 34 171.102
2 35 131.197
2 36 94.9004
2 37 62.9751
2 38 35.7493
2 39 13.1727
2 40 -5.03115
2 41 -19.3625
2 42 -30.3577
2 43 -38.589
2 44 -44.5734
2 45 -48.8549
2 46 -51.8014
2 47 -53.7721
2 48 -54.9933
2 49 -55.645
2 50 -55.8612
2 51 -55.645
2 52 -54.9933
2 53 -53.7721
2 54 -51.8014
2 55 -48.8549
2 56 -44.5734
2 57 -38.589
2 58 -30.3577
2 59 -19.3625
2 60 -5.03115
2 61 13.1727
2 62 35.7493
2 63 62.9751
2 64 94.9004
2 65 131.197
2 66 171.102
2 67 213.287
2 68 255.872
2 69 296.385
2 70 331.816
2 71 358.806
2 72 373.811
2 73 373.375
2 74 354.4
2 75 314.554
2 76 252.453
2 77 168.009
2 78 62.5288
2 79 -61.234
2 80 -199.186
2 81 -346.061
2 82 -495.797
2 83 -641.927
2 84 -777.977
2 85 -898.007
2 86 -996.902
2 87 -1070.73
2 88 -1116.92
2 89 -1134.32
2 90 -1123.14
2 91 -1084.77
2 92 -1021.57
2 93 -936.515
2 94 -832.989
2 95 -714.417
2 96 -584.099
2 97 -445.039
2 98 -299.86
2 99 -150.853
2 100 0

3 0 0
3 1 -223.947
3 2 -445.039
3 3 -660.236
3 4 -866.073
3 5 -1058.64
3 6 -1233.5
3 7 -1385.85
3 8 -1510.71
3 9 -1603.24
3 10 -1659.14
3 11 -1675.06
3 12 -1649.05
3 13 -1580.86
3 14 -1472.24
3 15 -1326.93
3 16 -1150.69
3 17 -950.947
3 18 -736.356
3 19 -516.331
3 20 -300.291
3 21 -97.1093
3 22 85.5071
3 23 241.504
3 24 366.796
3 25 459.384
3 26 519.327
3 27 548.541
3 28 550.378
3 29 529.297
3 30 490.34
3 31 438.7
3 32 379.328
3 33 316.656
3 34 254.346
3 35 195.224
3 36 141.299
3 37 93.7618
3 38 53.1127
3 39 19.3166
3 40 -8.01471
3 41 -29.5631
3 42 -46.1292
3 43 -58.5681
3 44 -67.6658
3 45 -74.135
3 46 -78.6303
3 47 -81.6348
3 48 -83.4953
3 49 -84.5188
3 50 -84.8073
3 51 -84.5188
3 52 -83.4953
3 53 -81.6348
3 54 -78.6303
3 55 -74.135
3 56 -67.6658
3 57 -58.5681
3 58 -46.1292
3 59 -29.5631
3 60 -8.01471
3 61 19.3166
3 62 53.1127
3 63 93.7618
3 64 141.299
3 65 195.224
3 66 254.346
3 67 316.656
3 68 379.328
3 69 438.7
3 70 490.34
3 71 529.297
3 72 550.378
3 73 548.541
3 74 519.327
3 75 459.384
3 76 366.796
3 77 241.504
3 78 85.5071
3 79 -97.1093
3 80 -300.291
3 81 -516.331
3 82 -736.356
3 83 -950.947
3 84 -1150.69
3 85 -1326.93
3 86 -1472.24
3 87 -1580.86
3 88 -1649.05
3 89 -1675.06
3 90 -1659.14
3 91 -1603.24
3 92 -1510.71
3 93 -1385.85
3 94 -1233.5
3 95 -1058.64
3 96 -866.073
3 97 -660.236
3 98 -445.039
3 99 -223.947
3 100 0

4 0 0
4 1 -294.018
4 2 -584.099
4 3 -866.073
4 4 -1135.3
4 5 -1386.61
4 6 -1614.23
4 7 -1811.99
4 8 -1973.56
4 9 -2092.83
4 10 -2164.44
4 11 -2184.24
4 12 -2149.87
4 13 -2061.12
4 14 -1920.28
4 15 -1732.22
4 16 -1504.27
4 17 -1245.92
4 18 -968.259
4 19 -683.275
4 20 -403.071
4 21 -139.034
4 22 98.8755
4 23 302.798
4 24 467.327
4 25 589.747
4 26 669.949
4 27 710.235
4 28 714.803
4 29 689.298
4 30 640.158
4 31 574.063
4 32 497.434
4 33 416.053
4 34 334.758
4 35 257.307
4 36 186.383
4 37 123.612
4 38 69.7546
4 39 24.8372
4 40 -11.6108
4 41 -40.4544
4 42 -62.7089
4 43 -79.461
4 44 -91.7318
4 45 -100.537
4 46 -106.637
4 47 -110.725
4 48 -113.286
4 49 -114.656
4 50 -115.118
4 51 -114.656
4 52 -113.286
4 53 -110.725
4 54 -106.637
4 55 -100.537
4 56 -91.7318
4 57 -79.461
4 58 -62.7089
4 59 -40.4544
4 60 -11.6108
4 61 24.8372
4 62 69.7546
4 63 123.612
4 64 186.383
4 65 257.307
4 66 334.758
4 67 416.053
4 68 497.434
4 69 574.063
4 70 640.158
4 71 689.298
4 72 714.803
4 73 710.235
4 74 669.949
4 75 589.747
4 76 467.327
4 77 302.798
4 78 98.8755
4 79 -139.034
4 80 -403.071
4 81 -683.275
4 82 -968.259
4 83 -1245.92
4 84 -1504.27
4 85 -1732.22
4 86 -1920.28
4 87 -2061.12
4 88 -2149.87
4 89 -2184.24
4 90 -2164.44
4 91 -2092.83
4 92 -1973.56
4 93 -1811.99
4 94 -1614.23
4 95 -1386.61
4 96 -1135.3
4 97 -866.073
4 98 -584.099
4 99 -294.018
4 100 0

5 0 0
5 1 -359.755
5 2 -714.417
5 3 -1058.64
5 4 -1386.61
5 5 -1691.93
5 6 -1967.65
5 7 -2206.43
5 8 -2400.8
5 9 -2543.68
5 10 -2628.88
5 11 -2651.7
5 12 -2609.52
5 13 -2502.26
5 14 -2332.71
5 15 -2106.7
5 16 -1832.92
5 17 -1522.59
5 18 -1188.8
5 19 -845.751
5 20 -507.796
5 21 -188.537
5 22 100.104
5 23 348.569
5 24 550.219
5 25 701.541
5 26 802.164
5 27 854.546
5 28 863.523
5 29 835.655
5 30 778.566
5 31 700.236
5 32 608.417
5 33 510.129
5 34 411.314
5 35 316.66
5 36 229.538
5 37 152.082
5 38 85.3187
5 39 29.4053
5 40 -16.1789
5 41 -52.3874
5 42 -80.44
5 43 -101.632
5 44 -117.264
5 45 -128.465
5 46 -136.296
5 47 -141.542
5 48 -144.832
5 49 -146.65
5 50 -147.187
5 51 -146.65
5 52 -144.832
5 53 -141.542
5 54 -136.296
5 55 -128.465
5 56 -117.264
5 57 -101.632
5 58 -80.44
5 59 -52.3874
5 60 -16.1789
5 61 29.4053
5 62 85.3187
5 63 152.082
5 64 229.538
5 65 316.66
5 66 411.314
5 67 510.129
5 68 608.417
5 69 700.236
5 70 778.566
5 71 835.655
5 72 863.523
5 73 854.546
5 74 802.164
5 75 701.541
5 76 550.219
5 77 348.569
5 78 100.104
5 79 -188.537
5 80 -507.796
5 81 -845.751
5 82 -1188.8
5 83 -1522.59
5 84 -1832.92
5 85 -2106.7
5 86 -2332.71
5 87 -2502.26
5 88 -2609.52
5 89 -2651.7
5 90 -2628.88
5 91 -2543.68
5 92 -2400.8
5 93 -2206.43
5 94 -1967.65
5 95 -1691.93
5 96 -1386.61
5 97 -1058.64
5 98 -714.417
5 99 -359.755
5 100 0

6 0 0
6 1 -419.638
6 2 -832.989
6 3 -1233.5
6 4 -1614.23
6 5 -1967.65
6 6 -2285.79
6 7 -2560.32
6 8 -2782.96
6 9 -2945.92
6 10 -3042.48
6 11 -3067.62
6 12 -3018.62
6 13 -2895.57
6 14 -2701.75
6 15 -2443.74
6 16 -2131.3
6 17 -1776.94
6 18 -1395.38
6 19 -1002.48
6 20 -614.457
6 21 -246.69
6 22 87.1832
6 23 376.13
6 24 612.297
6 25 791.355
6 26 912.481
6 27 978.095
6 28 993.374
6 29 965.537
6 30 903.112
6 31 815.165
6 32 710.588
6 33 597.517
6 34 482.942
6 35 372.445
6 36 270.118
6 37 178.619
6 38 99.3314
6 39 32.5782
6 40 -22.122
6 41 -65.7874
6 42 -99.7756
6 43 -125.589
6 44 -144.696
6 45 -158.492
6 46 -168.137
6 47 -174.636
6 48 -178.757
6 49 -180.978
6 50 -181.727
6 51 -180.978
6 52 -178.757
6 53 -174.636
6 54 -168.137
6 55 -158.492
6 56 -144.696
6 57 -125.589
6 58 -99.7756
6 59 -65.7874
6 60 -22.122
6 61 32.5782
6 62 99.3314
6 63 178.619
6 64 270.118
6 65 372.445
6 66 482.942
6 67 597.517
6 68 710.588
6 69 815.165
6 70 903.112
6 71 965.537
6 72 993.374
6 73 978.095
6 74 912.481
6 75 791.355
6 76 612.297
6 77 376.13
6 78 87.1832
6 79 -246.69
6 80 -614.457
6 81 -1002.48
6 82 -1395.38
6 83 -1776.94
6 84 -2131.3
6 85 -2443.74
6 86 -2701.75
6 87 -2895.57
6 88 -3018.62
6 89 -3067.62
6 90 -3042.48
6 91 -2945.92
6 92 -2782.96
6 93 -2560.32
6 94 -2285.79
6 95 -1967.65
6 96 -1614.23
6 97 -1233.5
6 98 -832.989
6 99 -419.638
6 100 0

7 0 0
7 1 -471.995
7 2 -936.515
7 3 -1385.85
7 4 -1811.99
7 5 -2206.43
7 6 -2560.32
7 7 -2864.66
7 8 -3110.59
7 9 -3289.92
7 10 -3395.66
7 11 -3422.73
7 12 -3368.43
7 13 -3233.09
7 14 -3020.34
7 15 -2737.31
7 16 -2394.47
7 17 -2005.25
7 18 -1585.38
7 19 -1151.99
7 20 -722.588
7 21 -313.977
7 22 58.8719
7 23 383.601
7 24 651.258
7 25 856.591
7 26 998.187
7 27 1078.16
7 28 1101.75
7 29 1076.54
7 30 1011.66
7 31 916.991
7 32 802.364
7 33 676.902
7 34 548.552
7 35 423.783
7 36 307.381
7 37 202.601
7 38 111.221
7 39 33.8415
7 40 -29.9484
7 41 -81.1578
7 42 -121.257
7 43 -151.847
7 44 -174.649
7 45 -191.158
7 46 -202.797
7 47 -210.652
7 48 -215.63
7 49 -218.401
7 50 -219.25
7 51 -218.401
7 52 -215.63
7 53 -210.652
7 54 -202.797
7 55 -191.158
7 56 -174.649
7 57 -151.847
7 58 -121.257
7 59 -81.1578
7 60 -29.9484
7 61 33.8415
7 62 111.221
7 63 202.601
7 64 307.381
7 65 423.783
7 66 548.552
7 67 676.902
7 68 802.364
7 69 916.991
7 70 1011.66
7 71 1076.54
7 72 1101.75
7 73 1078.16
7 74 998.187
7 75 856.591
7 76 651.258
7 77 383.601
7 78 58.8719
7 79 -313.977
7 80 -722.588
7 81 -1151.99
7 82 -1585.38
7 83 -2005.25
7 84 -2394.47
7 85 -2737.31
7 86 -3020.34
7 87 -3233.09
7 88 -3368.43
7 89 -3422.73
7 90 -3395.66
7 91 -3289.92
7 92 -3110.59
7 93 -2864.66
7 94 -2560.32
7 95 -2206.43
7 96 -1811.99
7 97 -1385.85
7 98 -936.515
7 99 -471.995
7 100 0

8 0 0
8 1 -515.073
8 2 -1021.57
8 3 -1510.71
8 4 -1973.56
8 5 -2400.8
8 6 -2782.96
8 7 -3110.59
8 8 -3374.54
8 9 -3566.51
8 10 -3679.53
8 11 -3708.57
8 12 -3651.13
8 13 -3507.71
8 14 -3282.2
8 15 -2982
8 16 -2617.95
8 17 -2203.89
8 18 -1756.12
8 19 -1292.43
8 20 -831.17
8 21 -390.055
8 22 14.863
8 23 370.165
8 24 665.817
8 25 895.648
8 26 1057.45
8 27 1152.83
8 28 1186.75
8 29 1166.81
8 30 1102.45
8 31 1004.11
8 32 882.341
8 33 747.075
8 34 607.122
8 35 469.761
8 36 340.546
8 37 223.34
8 38 120.403
8 39 32.6152
8 40 -40.2274
8 41 -99.0769
8 42 -145.415
8 43 -181.024
8 44 -207.692
8 45 -227.143
8 46 -240.885
8 47 -250.226
8 48 -256.213
8 49 -259.478
8 50 -260.56
8 51 -259.478
8 52 -256.213
8 53 -250.226
8 54 -240.885
8 55 -227.143
8 56 -207.692
8 57 -181.024
8 58 -145.415
8 59 -99.0769
8 60 -40.2274
8 61 32.6152
8 62 120.403
8 63 223.34
8 64 340.546
8 65 469.761
8 66 607.122
8 67 747.075
8 68 882.341
8 69 1004.11
8 70 1102.45
8 71 1166.81
8 72 1186.75
8 73 1152.83
8 74 1057.45
8 75 895.648
8 76 665.817
8 77 370.165
8 78 14.863
8 79 -390.055
8 80 -831.17
8 81 -1292.43
8 82 -1756.12
8 83 -2203.89
8 84 -2617.95
8 85 -2982
8 86 -3282.2
8 87 -3507.71
8 88 -3651.13
8 89 -3708.57
8 90 -3679.53
8 91 -3566.51
8 92 -3374.54
8 93 -3110.59
8 94 -2782.96
8 95 -2400.8
8 96 -1973.56
8 97 -1510.71
8 98 -1021.57
8 99 -515.073
8 100 0

9 0 0
9 1 -547.151
9 2 -1084.77
9 3 -1603.24
9 4 -2092.83
9 5 -2543.68
9 6 -2945.92
9 7 -3289.92
9 8 -3566.51
9 9 -3767.54
9 10 -3886.21
9 11 -3917.77
9 12 -3859.91
9 13 -3713.29
9 14 -3481.87
9 15 -3173.07
9 16 -2797.65
9 17 -2369.44
9 18 -1904.74
9 19 -1421.52
9 20 -938.408
9 21 -473.683
9 22 -44.0666
9 23 336.128
9 24 655.927
9 25 908.131
9 26 1089.62
9 27 1201.2
9 28 1247.3
9 29 1235.2
9 30 1174.35
9 31 1075.43
9 32 949.462
9 33 807.043
9 34 657.73
9 35 509.594
9 36 368.907
9 37 240.192
9 38 126.224
9 39 28.308
9 40 -53.5214
9 41 -120.092
9 42 -172.899
9 43 -213.706
9 44 -244.485
9 45 -267.049
9 46 -283.114
9 47 -294.095
9 48 -301.107
9 49 -305.037
9 50 -306.267
9 51 -305.037
9 52 -301.107
9 53 -294.095
9 54 -283.114
9 55 -267.049
9 56 -244.485
9 57 -213.706
9 58 -172.899
9 59 -120.092
9 60 -53.5214
9 61 28.308
9 62 126.224
9 63 240.192
9 64 368.907
9 65 509.594
9 66 657.73
9 67 807.043
9 68 949.462
9 69 1075.43
9 70 1174.35
9 71 1235.2
9 72 1247.3
9 73 1201.2
9 74 1089.62
9 75 908.131
9 76 655.927
9 77 336.128
9 78 -44.0666
9 79 -473.683
9 80 -938.408
9 81 -1421.52
9 82 -1904.74
9 83 -2369.44
9 84 -2797.65
9 85 -3173.07
9 86 -3481.87
9 87 -3713.29
9 88 -3859.91
9 89 -3917.77
9 90 -3886.21
9 91 -3767.54
9 92 -3566.51
9 93 -3289.92
9 94 -2945.92
9 95 -2543.68
9 96 -2092.83
9 97 -1603.24
9 98 -1084.77
9 99 -547.151
9 100 0

10 0 0
10 1 -566.685
10 2 -1123.14
10 3 -1659.14
10 4 -2164.44
10 5 -2628.88
10 6 -3042.48
10 7 -3395.66
10 8 -3679.53
10 9 -3886.21
10 10 -4009.33
10 11 -4044.4
10 12 -3989.37
10 13 -3844.93
10 14 -3614.92
10 15 -3306.44
10 16 -2929.85
10 17 -2498.44
10 18 -2028.07
10 19 -1536.31
10 20 -1041.68
10 21 -562.482
10 22 -115.88
10 23 283.211
10 24 622.891
10 25 894.971
10 26 1095.23
10 27 1223.51
10 28 1283.34
10 29 1281.44
10 30 1226.89
10 31 1130.35
10 32 1003.09
10 33 856.168
10 34 699.777
10 35 542.67
10 36 391.89
10 37 252.609
10 38 128.218
10 39 20.4401
10 40 -70.3218
10 41 -144.736
10 42 -204.153
10 43 -250.441
10 44 -285.554
10 45 -311.495
10 46 -330.057
10 47 -342.807
10 48 -351.053
10 49 -355.607
10 50 -357.089
10 51 -355.607
10 52 -351.053
10 53 -342.807
10 54 -330.057
10 55 -311.495
10 56 -285.554
10 57 -250.441
10 58 -204.153
10 59 -144.736
10 60 -70.3218
10 61 20.4401
10 62 128.218
10 63 252.609
10 64 391.89
10 65 542.67
10 66 699.777
10 67 856.168
10 68 1003.09
10 69 1130.35
10 70 1226.89
10 71 1281.44
10 72 1283.34
10 73 1223.51
10 74 1095.23
10 75 894.971
10 76 622.891
10 77 283.211
10 78 -115.88
10 79 -562.482
10 80 -1041.68
10 81 -1536.31
10 82 -2028.07
10 83 -2498.44
10 84 -2929.85
10 85 -3306.44
10 86 -3614.92
10 87 -3844.93
10 88 -3989.37
10 89 -4044.4
10 90 -4009.33
10 91 -3886.21
10 92 -3679.53
10 93 -3395.66
10 94 -3042.48
10 95 -2628.88
10 96 -2164.44
10 97 -1659.14
10 98 -1123.14
10 99 -566.685
10 100 0

11 0 0
11 1 -572.464
11 2 -1134.32
11 3 -1675.06
11 4 -2184.24
11 5 -2651.7
11 6 -3067.62
11 7 -3422.73
11 8 -3708.57
11 9 -3917.77
11 10 -4044.4
11 11 -4084.36
11 12 -4035.7
11 13 -3899.08
11 14 -3677.95
11 15 -3378.82
11 16 -3011.2
11 17 -2587.51
11 18 -2122.6
11 19 -1633.28
11 20 -1137.37
11 21 -652.933
11 22 -197.175
11 23 214.531
11 24 569.531
11 25 858.575
11 26 1076.3
11 27 1221.31
11 28 1296.03
11 29 1306.28
11 30 1260.53
11 31 1169.09
11 32 1043.25
11 33 894.351
11 34 733.059
11 35 568.777
11 36 409.251
11 37 260.36
11 38 126.1
11 39 8.74746
11 40 -90.9125
11 41 -173.26
11 42 -239.558
11 43 -291.552
11 44 -331.305
11 45 -360.859
11 46 -382.148
11 47 -396.904
11 48 -406.413
11 49 -411.762
11 50 -413.46
11 51 -411.762
11 52 -406.413
11 53 -396.904
11 54 -382.148
11 55 -360.859
11 56 -331.305
11 57 -291.552
11 58 -239.558
11 59 -173.26
11 60 -90.9125
11 61 8.74746
11 62 126.1
11 63 260.36
11 64 409.251
11 65 568.777
11 66 733.059
11 67 894.351
11 68 1043.25
11 69 1169.09
11 70 1260.53
11 71 1306.28
11 72 1296.03
11 73 1221.31
11 74 1076.3
11 75 858.575
11 76 569.531
11 77 214.531
11 78 -197.175
11 79 -652.933
11 80 -1137.37
11 81 -1633.28
11 82 -2122.6
11 83 -2587.51
11 84 -3011.2
11 85 -3378.82
11 86 -3677.95
11 87 -3899.08
11 88 -4035.7
11 89 -4084.36
11 90 -4044.4
11 91 -3917.77
11 92 -3708.57
11 93 -3422.73
11 94 -3067.62
11 95 -2651.7
11 96 -2184.24
11 97 -1675.06
11 98 -1134.32
11 99 -572.464
11 100 0

12 0 0
12 1 -563.759
12 2 -1116.92
12 3 -1649.05
12 4 -2149.87
12 5 -2609.52
12 6 -3018.62
12 7 -3368.43
12 8 -3651.13
12 9 -3859.91
12 10 -3989.37
12 11 -4035.7
12 12 -3997.05
12 13 -3873.8
12 14 -3668.84
12 15 -3387.74
12 16 -3038.89
12 17 -2633.32
12 18 -2184.57
12 19 -1708.16
12 20 -1220.94
12 21 -740.287
12 22 -283.213
12 23 134.732
12 24 500.191
12 25 802.935
12 26 1036.31
12 27 1197.57
12 28 1287.82
12 29 1311.7
12 30 1276.79
12 31 1192.81
12 32 1070.81
12 33 922.21
12 34 758.043
12 35 588.249
12 36 421.272
12 37 263.639
12 38 120.054
12 39 -6.64546
12 40 -115.171
12 41 -205.639
12 42 -279.038
12 43 -337.087
12 44 -381.762
12 45 -415.238
12 46 -439.55
12 47 -456.441
12 48 -467.463
12 49 -473.618
12 50 -475.608
12 51 -473.618
12 52 -467.463
12 53 -456.441
12 54 -439.55
12 55 -415.238
12 56 -381.762
12 57 -337.087
12 58 -279.038
12 59 -205.639
12 60 -115.171
12 61 -6.64546
12 62 120.054
12 63 263.639
12 64 421.272
12 65 588.249
12 66 758.043
12 67 922.21
12 68 1070.81
12 69 1192.81
12 70 1276.79
12 71 1311.7
12 72 1287.82
12 73 1197.57
12 74 1036.31
12 75 802.935
12 76 500.191
12 77 134.732
12 78 -283.213
12 79 -740.287
12 80 -1220.94
12 81 -1708.16
12 82 -2184.57
12 83 -2633.32
12 84 -3038.89
12 85 -3387.74
12 86 -3668.84
12 87 -3873.8
12 88 -3997.05
12 89 -4035.7
12 90 -3989.37
12 91 -3859.91
12 92 -3651.13
12 93 -3368.43
12 94 -3018.62
12 95 -2609.52
12 96 -2149.87
12 97 -1649.05
12 98 -1116.92
12 99 -563.759
12 100 0

13 0 0
13 1 -540.446
13 2 -1070.73
13 3 -1580.86
13 4 -2061.12
13 5 -2502.26
13 6 -2895.57
13 7 -3233.09
13 8 -3507.71
13 9 -3713.29
13 10 -3844.93
13 11 -3899.08
13 12 -3873.8
13 13 -3769.08
13 14 -3586.94
13 15 -3331.83
13 16 -3010.62
13 17 -2632.73
13 18 -2209.95
13 19 -1756.22
13 20 -1287.02
13 21 -818.758
13 22 -367.925
13 23 49.8675
13 24 420.766
13 25 733.544
13 26 980.291
13 27 1156.77
13 28 1262.59
13 29 1301.01
13 30 1278.44
13 31 1203.79
13 32 1087.65
13 33 941.329
13 34 776.06
13 35 602.248
13 36 428.925
13 37 263.357
13 38 110.905
13 39 -24.9415
13 40 -142.423
13 41 -241.19
13 42 -322.031
13 43 -386.445
13 44 -436.456
13 45 -474.209
13 46 -501.778
13 47 -521.141
13 48 -533.769
13 49 -540.894
13 50 -543.179
13 51 -540.894
13 52 -533.769
13 53 -521.141
13 54 -501.778
13 55 -474.209
13 56 -436.456
13 57 -386.445
13 58 -322.031
13 59 -241.19
13 60 -142.423
13 61 -24.9415
13 62 110.905
13 63 263.357
13 64 428.925
13 65 602.248
13 66 776.06
13 67 941.329
13 68 1087.65
13 69 1203.79
13 70 1278.44
13 71 1301.01
13 72 1262.59
13 73 1156.77
13 74 980.291
13 75 733.544
13 76 420.766
13 77 49.8675
13 78 -367.925
13 79 -818.758
13 80 -1287.02
13 81 -1756.22
13 82 -2209.95
13 83 -2632.73
13 84 -3010.62
13 85 -3331.83
13 86 -3586.94
13 87 -3769.08
13 88 -3873.8
13 89 -3899.08
13 90 -3844.93
13 91 -3713.29
13 92 -3507.71
13 93 -3233.09
13 94 -2895.57
13 95 -2502.26
13 96 -2061.12
13 97 -1580.86
13 98 -1070.73
13 99 -540.446
13 100 0

14 0 0
14 1 -503.111
14 2 -996.902
14 3 -1472.24
14 4 -1920.28
14 5 -2332.71
14 6 -2701.75
14 7 -3020.34
14 8 -3282.2
14 9 -3481.87
14 10 -3614.92
14 11 -3677.95
14 12 -3668.84
14 13 -3586.94
14 14 -3433.32
14 15 -3210.95
14 16 -2925.05
14 17 -2583.07
14 18 -2194.87
14 19 -1772.43
14 20 -1329.64
14 21 -881.648
14 22 -444.22
14 23 -32.7628
14 24 338.467
14 25 657.393
14 26 914.791
14 27 1104.91
14 28 1225.72
14 29 1278.92
14 30 1269.6
14 31 1205.61
14 32 1096.87
14 33 954.395
14 34 789.481
14 35 612.877
14 36 434.188
14 37 261.313
14 38 100.335
14 39 -44.6052
14 40 -171.131
14 41 -278.507
14 42 -367.143
14 43 -438.404
14 44 -494.147
14 45 -536.548
14 46 -567.824
14 47 -589.844
14 48 -604.35
14 49 -612.534
14 50 -615.187
14 51 -612.534
14 52 -604.35
14 53 -589.844
14 54 -567.824
14 55 -536.548
14 56 -494.147
14 57 -438.404
14 58 -367.143
14 59 -278.507
14 60 -171.131
14 61 -44.6052
14 62 100.335
14 63 261.313
14 64 434.188
14 65 612.877
14 66 789.481
14 67 954.395
14 68 1096.87
14 69 1205.61
14 70 1269.6
14 71 1278.92
14 72 1225.72
14 73 1104.91
14 74 914.791
14 75 657.393
14 76 338.467
14 77 -32.7628
14 78 -444.22
14 79 -881.648
14 80 -1329.64
14 81 -1772.43
14 82 -2194.87
14 83 -2583.07
14 84 -2925.05
14 85 -3210.95
14 86 -3433.32
14 87 -3586.94
14 88 -3668.84
14 89 -3677.95
14 90 -3614.92
14 91 -3481.87
14 92 -3282.2
14 93 -3020.34
14 94 -2701.75
14 95 -2332.71
14 96 -1920.28
14 97 -1472.24
14 98 -996.902
14 99 -503.111
14 100 0

15 0 0
15 1 -453.052
15 2 -898.007
15 3 -1326.93
15 4 -1732.22
15 5 -2106.7
15 6 -2443.74
15 7 -2737.31
15 8 -2982
15 9 -3173.07
15 10 -3306.44
15 11 -3378.82
15 12 -3387.74
15 13 -3331.83
15 14 -3210.95
15 15 -3026.57
15 16 -2781.94
15 17 -2482.48
15 18 -2135.81
15 19 -1751.87
15 20 -1342.65
15 21 -921.87
15 22 -504.282
15 23 -104.984
15 24 261.609
15 25 582.608
15 26 847.593
15 27 1049.26
15 28 1183.9
15 29 1251.54
15 30 1255.75
15 31 1203.18
15 32 1102.86
15 33 965.382
15 34 801.921
15 35 623.493
15 36 440.129
15 37 260.42
15 38 91.1171
15 39 -62.9201
15 40 -198.768
15 41 -315.105
15 42 -412.03
15 43 -490.594
15 44 -552.601
15 45 -600.186
15 46 -635.46
15 47 -660.561
15 48 -677.15
15 49 -686.566
15 50 -689.603
15 51 -686.566
15 52 -677.15
15 53 -660.561
15 54 -635.46
15 55 -600.186
15 56 -552.601
15 57 -490.594
15 58 -412.03
15 59 -315.105
15 60 -198.768
15 61 -62.9201
15 62 91.1171
15 63 260.42
15 64 440.129
15 65 623.493
15 66 801.921
15 67 965.382
15 68 1102.86
15 69 1203.18
15 70 1255.75
15 71 1251.54
15 72 1183.9
15 73 1049.26
15 74 847.593
15 75 582.608
15 76 261.609
15 77 -104.984
15 78 -504.282
15 79 -921.87
15 80 -1342.65
15 81 -1751.87
15 82 -2135.81
15 83 -2482.48
15 84 -2781.94
15 85 -3026.57
15 86 -3210.95
15 87 -3331.83
15 88 -3387.74
15 89 -3378.82
15 90 -3306.44
15 91 -3173.07
15 92 -2982
15 93 -2737.31
15 94 -2443.74
15 95 -2106.7
15 96 -1732.22
15 97 -1326.93
15 98 -898.007
15 99 -453.052
15 100 0

16 0 0
16 1 -392.268
16 2 -777.977
16 3 -1150.69
16 4 -1504.27
16 5 -1832.92
16 6 -2131.3
16 7 -2394.47
16 8 -2617.95
16 9 -2797.65
16 10 -2929.85
16 11 -3011.2
16 12 -3038.89
16 13 -3010.62
16 14 -2925.05
16 15 -2781.94
16 16 -2582.62
16 17 -2330.26
16 18 -2030.25
16 19 -1690.23
16 20 -1320.25
16 21 -932.344
16 22 -540.154
16 23 -158.19
16 24 199.068
16 25 518.13
16 26 787.425
16 27 998.195
16 28 1145.02
16 29 1226.19
16 30 1243.64
16 31 1202.69
16 32 1111.33
16 33 979.538
16 34 818.279
16 35 638.654
16 36 451.117
16 37 264.837
16 38 87.2731
16 39 -76.0613
16 40 -221.538
16 41 -347.337
16 42 -453.071
16 43 -539.579
16 44 -608.441
16 45 -661.666
16 46 -701.528
16 47 -730.022
16 48 -748.991
16 49 -759.801
16 50 -763.319
16 51 -759.801
16 52 -748.991
16 53 -730.022
16 54 -701.528
16 55 -661.666
16 56 -608.441
16 57 -539.579
16 58 -453.071
16 59 -347.337
16 60 -221.538
16 61 -76.0613
16 62 87.2731
16 63 264.837
16 64 451.117
16 65 638.654
16 66 818.279
16 67 979.538
16 68 1111.33
16 69 1202.69
16 70 1243.64
16 71 1226.19
16 72 1145.02
16 73 998.195
16 74 787.425
16 75 518.13
16 76 199.068
16 77 -158.19
16 78 -540.154
16 79 -932.344
16 80 -1320.25
16 81 -1690.23
16 82 -2030.25
16 83 -2330.26
16 84 -2582.62
16 85 -2781.94
16 86 -2925.05
16 87 -3010.62
16 88 -3038.89
16 89 -3011.2
16 90 -2929.85
16 91 -2797.65
16 92 -2617.95
16 93 -2394.47
16 94 -2131.3
16 95 -1832.92
16 96 -1504.27
16 97 -1150.69
16 98 -777.977
16 99 -392.268
16 100 0

17 0 0
17 1 -323.371
17 2 -641.927
17 3 -950.947
17 4 -1245.92
17 5 -1522.59
17 6 -1776.94
17 7 -2005.25
17 8 -2203.89
17 9 -2369.44
17 10 -2498.44
17 11 -2587.51
17 12 -2633.32
17 13 -2632.73
17 14 -2583.07
17 15 -2482.48
17 16 -2330.26
17 17 -2127.44
17 18 -1877.01
17 19 -1584.42
17 20 -1257.55
17 21 -906.742
17 22 -544.303
17 23 -184.041
17 24 159.748
17 25 473.092
17 26 743.461
17 27 960.692
17 28 1117.71
17 29 1211.05
17 30 1241
17 31 1211.41
17 32 1129.1
17 33 1003.32
17 34 844.634
17 35 664.196
17 36 472.742
17 37 280.002
17 38 94.0563
17 39 -78.8387
17 40 -234.412
17 41 -370.2
17 42 -485.429
17 43 -580.538
17 44 -656.877
17 45 -716.452
17 46 -761.327
17 47 -793.698
17 48 -815.367
17 49 -827.777
17 50 -831.791
17 51 -827.777
17 52 -815.367
17 53 -793.698
17 54 -761.327
17 55 -716.452
17 56 -656.877
17 57 -580.538
17 58 -485.429
17 59 -370.2
17 60 -234.412
17 61 -78.8387
17 62 94.0563
17 63 280.002
17 64 472.742
17 65 664.196
17 66 844.634
17 67 1003.32
17 68 1129.1
17 69 1211.41
17 70 1241
17 71 1211.05
17 72 1117.71
17 73 960.692
17 74 743.461
17 75 473.092
17 76 159.748
17 77 -184.041
17 78 -544.303
17 79 -906.742
17 80 -1257.55
17 81 -1584.42
17 82 -1877.01
17 83 -2127.44
17 84 -2330.26
17 85 -2482.48
17 86 -2583.07
17 87 -2632.73
17 88 -2633.32
17 89 -2587.51
17 90 -2498.44
17 91 -2369.44
17 92 -2203.89
17 93 -2005.25
17 94 -1776.94
17 95 -1522.59
17 96 -1245.92
17 97 -950.947
17 98 -641.927
17 99 -323.371
17 100 0

18 0 0
18 1 -249.376
18 2 -495.797
18 3 -736.356
18 4 -968.259
18 5 -1188.8
18 6 -1395.38
18 7 -1585.38
18 8 -1756.12
18 9 -1904.74
18 10 -2028.07
18 11 -2122.6
18 12 -2184.57
18 13 -2209.95
18 14 -2194.87
18 15 -2135.81
18 16 -2030.25
18 17 -1877.01
18 18 -1676.9
18 19 -1433.07
18 20 -1151.34
18 21 -840.159
18 22 -510.477
18 23 -175.149
18 24 151.804
18 25 456.168
18 26 724.587
18 27 945.672
18 28 1110.78
18 29 1214.74
18 30 1256.15
18 31 1237.29
18 32 1163.81
18 33 1044.04
18 34 888.104
18 35 707.003
18 36 511.732
18 37 312.464
18 38 117.96
18 39 -64.8717
18 40 -231.028
18 41 -377.491
18 42 -502.885
18 43 -607.313
18 44 -691.913
18 45 -758.405
18 46 -808.958
18 47 -845.65
18 48 -870.364
18 49 -884.572
18 50 -889.212
18 51 -884.572
18 52 -870.364
18 53 -845.65
18 54 -808.958
18 55 -758.405
18 56 -691.913
18 57 -607.313
18 58 -502.885
18 59 -377.491
18 60 -231.028
18 61 -64.8717
18 62 117.96
18 63 312.464
18 64 511.732
18 65 707.003
18 66 888.104
18 67 1044.04
18 68 1163.81
18 69 1237.29
18 70 1256.15
18 71 1214.74
18 72 1110.78
18 73 945.672
18 74 724.587
18 75 456.168
18 76 151.804
18 77 -175.149
18 78 -510.477
18 79 -840.159
18 80 -1151.34
18 81 -1433.07
18 82 -1676.9
18 83 -1877.01
18 84 -2030.25
18 85 -2135.81
18 86 -2194.87
18 87 -2209.95
18 88 -2184.57
18 89 -2122.6
18 90 -2028.07
18 91 -1904.74
18 92 -1756.12
18 93 -1585.38
18 94 -1395.38
18 95 -1188.8
18 96 -968.259
18 97 -736.356
18 98 -495.797
18 99 -249.376
18 100 0

19 0 0
19 1 -173.585
19 2 -346.061
19 3 -516.331
19 4 -683.275
19 5 -845.751
19 6 -1002.48
19 7 -1151.99
19 8 -1292.43
19 9 -1421.52
19 10 -1536.31
19 11 -1633.28
19 12 -1708.16
19 13 -1756.22
19 14 -1772.43
19 15 -1751.87
19 16 -1690.23
19 17 -1584.42
19 18 -1433.07
19 19 -1237.23
19 20 -1000.58
19 21 -729.792
19 22 -434.277
19 23 -125.882
19 24 181.885
19 25 474.731
19 26 738.716
19 27 961.343
19 28 1132.55
19 29 1245.54
19 30 1297.24
19 31 1288.41
19 32 1223.36
19 33 1109.47
19 34 956.265
19 35 774.559
19 36 575.481
19 37 369.628
19 38 166.31
19 39 -26.8401
19 40 -204.142
19 41 -361.863
19 42 -498.165
19 43 -612.709
19 44 -706.229
19 45 -780.402
19 46 -837.189
19 47 -878.715
19 48 -906.846
19 49 -923.093
19 50 -928.381
19 51 -923.093
19 52 -906.846
19 53 -878.715
19 54 -837.189
19 55 -780.402
19 56 -706.229
19 57 -612.709
19 58 -498.165
19 59 -361.863
19 60 -204.142
19 61 -26.8401
19 62 166.31
19 63 369.628
19 64 575.481
19 65 774.559
19 66 956.265
19 67 1109.47
19 68 1223.36
19 69 1288.41
19 70 1297.24
19 71 1245.54
19 72 1132.55
19 73 961.343
19 74 738.716
19 75 474.731
19 76 181.885
19 77 -125.882
19 78 -434.277
19 79 -729.792
19 80 -1000.58
19 81 -1237.23
19 82 -1433.07
19 83 -1584.42
19 84 -1690.23
19 85 -1751.87
19 86 -1772.43
19 87 -1756.22
19 88 -1708.16
19 89 -1633.28
19 90 -1536.31
19 91 -1421.52
19 92 -1292.43
19 93 -1151.99
19 94 -1002.48
19 95 -845.751
19 96 -683.275
19 97 -516.331
19 98 -346.061
19 99 -173.585
19 100 0

20 0 0
20 1 -99.2791
20 2 -199.186
20 3 -300.291
20 4 -403.071
20 5 -507.796
20 6 -614.457
20 7 -722.588
20 8 -831.17
20 9 -938.408
20 10 -1041.68
20 11 -1137.37
20 12 -1220.94
20 13 -1287.02
20 14 -1329.64
20 15 -1342.65
20 16 -1320.25
20 17 -1257.55
20 18 -1151.34
20 19 -1000.58
20 20 -807.061
20 21 -575.573
20 22 -314.031
20 23 -33.1045
20 24 254.323
20 25 534.11
20 26 791.902
20 27 1014.3
20 28 1190.01
20 29 1310.69
20 30 1371.69
20 31 1372.2
20 32 1315.24
20 33 1207.09
20 34 1056.66
20 35 874.438
20 36 671.625
20 37 459.124
20 38 246.836
20 39 43.0528
20 40 -145.817
20 41 -315.435
20 42 -463.324
20 43 -588.62
20 44 -691.852
20 45 -774.33
20 46 -837.979
20 47 -884.816
20 48 -916.737
20 49 -935.223
20 50 -941.288
20 51 -935.223
20 52 -916.737
20 53 -884.816
20 54 -837.979
20 55 -774.33
20 56 -691.852
20 57 -588.62
20 58 -463.324
20 59 -315.435
20 60 -145.817
20 61 43.0528
20 62 246.836
20 63 459.124
20 64 671.625
20 65 874.438
20 66 1056.66
20 67 1207.09
20 68 1315.24
20 69 1372.2
20 70 1371.69
20 71 1310.69
20 72 1190.01
20 73 1014.3
20 74 791.902
20 75 534.11
20 76 254.323
20 77 -33.1045
20 78 -314.031
20 79 -575.573
20 80 -807.061
20 81 -1000.58
20 82 -1151.34
20 83 -1257.55
20 84 -1320.25
20 85 -1342.65
20 86 -1329.64
20 87 -1287.02
20 88 -1220.94
20 89 -1137.37
20 90 -1041.68
20 91 -938.408
20 92 -831.17
20 93 -722.588
20 94 -614.457
20 95 -507.796
20 96 -403.071
20 97 -300.291
20 98 -199.186
20 99 -99.2791
20 100 0

21 0 0
21 1 -29.5427
21 2 -61.234
21 3 -97.1093
21 4 -139.034
21 5 -188.537
21 6 -246.69
21 7 -313.977
21 8 -390.055
21 9 -473.683
21 10 -562.482
21 11 -652.933
21 12 -740.287
21 13 -818.758
21 14 -881.648
21 15 -921.87
21 16 -932.344
21 17 -906.742
21 18 -840.159
21 19 -729.792
21 20 -575.573
21 21 -380.586
21 22 -151.158
21 23 103.221
21 24 370.49
21 25 636.796
21 26 887.588
21 27 1108.77
21 28 1287.97
21 29 1415.5
21 30 1485.15
21 31 1494.66
21 32 1445.65
21 33 1343.36
21 34 1195.91
21 35 1013.47
21 36 807.156
21 37 588.183
21 38 366.943
21 39 152.412
21 40 -48.3615
21 41 -230.279
21 42 -390.256
21 43 -526.978
21 44 -640.481
21 45 -731.89
21 46 -802.932
21 47 -855.546
21 48 -891.577
21 49 -912.543
21 50 -919.41
21 51 -912.543
21 52 -891.577
21 53 -855.546
21 54 -802.932
21 55 -731.89
21 56 -640.481
21 57 -526.978
21 58 -390.256
21 59 -230.279
21 60 -48.3615
21 61 152.412
21 62 366.943
21 63 588.183
21 64 807.156
21 65 1013.47
21 66 1195.91
21 67 1343.36
21 68 1445.65
21 69 1494.66
21 70 1485.15
21 71 1415.5
21 72 1287.97
21 73 1108.77
21 74 887.588
21 75 636.796
21 76 370.49
21 77 103.221
21 78 -151.158
21 79 -380.586
21 80 -575.573
21 81 -729.792
21 82 -840.159
21 83 -906.742
21 84 -932.344
21 85 -921.87
21 86 -881.648
21 87 -818.758
21 88 -740.287
21 89 -652.933
21 90 -562.482
21 91 -473.683
21 92 -390.055
21 93 -313.977
21 94 -246.69
21 95 -188.537
21 96 -139.034
21 97 -97.1093
21 98 -61.234
21 99 -29.5427
21 100 0

22 0 0
22 1 32.9561
22 2 62.5288
22 3 85.5071
22 4 98.8755
22 5 100.104
22 6 87.1832
22 7 58.8719
22 8 14.863
22 9 -44.0666
22 10 -115.88
22 11 -197.175
22 12 -283.213
22 13 -367.925
22 14 -444.22
22 15 -504.282
22 16 -540.154
22 17 -544.303
22 18 -510.477
22 19 -434.277
22 20 -314.031
22 21 -151.158
22 22 49.4955
22 23 279.701
22 24 528.294
22 25 781.899
22 26 1025.95
22 27 1245.87
22 28 1428.39
22 29 1562.56
22 30 1640.82
22 31 1659.42
22 32 1618.7
22 33 1522.75
22 34 1378.91
22 35 1196.86
22 36 987.644
22 37 762.696
22 38 532.869
22 39 307.73
22 40 95.0689
22 41 -99.3171
22 42 -271.724
22 43 -420.21
22 44 -544.476
22 45 -645.273
22 46 -724.141
22 47 -782.887
22 48 -823.337
22 49 -846.928
22 50 -854.693
22 51 -846.928
22 52 -823.337
22 53 -782.887
22 54 -724.141
22 55 -645.273
22 56 -544.476
22 57 -420.21
22 58 -271.724
22 59 -99.3171
22 60 95.0689
22 61 307.73
22 62 532.869
22 63 762.696
22 64 987.644
22 65 1196.86
22 66 1378.91
22 67 1522.75
22 68 1618.7
22 69 1659.42
22 70 1640.82
22 71 1562.56
22 72 1428.39
22 73 1245.87
22 74 1025.95
22 75 781.899
22 76 528.294
22 77 279.701
22 78 49.4955
22 79 -151.158
22 80 -314.031
22 81 -434.277
22 82 -510.477
22 83 -544.303
22 84 -540.154
22 85 -504.282
22 86 -444.22
22 87 -367.925
22 88 -283.213
22 89 -197.175
22 90 -115.88
22 91 -44.0666
22 92 14.863
22 93 58.8719
22 94 87.1832
22 95 100.104
22 96 98.8755
22 97 85.5071
22 98 62.5288
22 99 32.9561
22 100 0

23 0 0
23 1 86.1419
23 2 168.009
23 3 241.504
23 4 302.798
23 5 348.569
23 6 376.13
23 7 383.601
23 8 370.165
23 9 336.128
23 10 283.211
23 11 214.531
23 12 134.732
23 13 49.8675
23 14 -32.7628
23 15 -104.984
23 16 -158.19
23 17 -184.041
23 18 -175.149
23 19 -125.882
23 20 -33.1045
23 21 103.221
23 22 279.701
23 23 489.355
23 24 722.017
23 25 964.893
23 26 1203.56
23 27 1423.16
23 28 1609.67
23 29 1751.12
23 30 1838.64
23 31 1867.14
23 32 1835.6
23 33 1747.02
23 34 1607.87
23 35 1427.36
23 36 1216.32
23 37 986.346
23 38 748.695
23 39 513.56
23 40 289.399
23 41 82.7099
23 42 -102.071
23 43 -262.479
23 44 -397.688
23 45 -508.14
23 46 -595.099
23 47 -660.243
23 48 -705.267
23 49 -731.647
23 50 -740.321
23 51 -731.647
23 52 -705.267
23 53 -660.243
23 54 -595.099
23 55 -508.14
23 56 -397.688
23 57 -262.479
23 58 -102.071
23 59 82.7099
23 60 289.399
23 61 513.56
23 62 748.695
23 63 986.346
23 64 1216.32
23 65 1427.36
23 66 1607.87
23 67 1747.02
23 68 1835.6
23 69 1867.14
23 70 1838.64
23 71 1751.12
23 72 1609.67
23 73 1423.16
23 74 1203.56
23 75 964.893
23 76 722.017
23 77 489.355
23 78 279.701
23 79 103.221
23 80 -33.1045
23 81 -125.882
23 82 -175.149
23 83 -184.041
23 84 -158.19
23 85 -104.984
23 86 -32.7628
23 87 49.8675
23 88 134.732
23 89 214.531
23 90 283.211
23 91 336.128
23 92 370.165
23 93 383.601
23 94 376.13
23 95 348.569
23 96 302.798
23 97 241.504
23 98 168.009
23 99 86.1419
23 100 0

24 0 0
24 1 128.636
24 2 252.453
24 3 366.796
24 4 467.327
24 5 550.219
24 6 612.297
24 7 651.258
24 8 665.817
24 9 655.927
24 10 622.891
24 11 569.531
24 12 500.191
24 13 420.766
24 14 338.467
24 15 261.609
24 16 199.068
24 17 159.748
24 18 151.804
24 19 181.885
24 20 254.323
24 21 370.49
24 22 528.294
24 23 722.017
24 24 942.485
24 25 1177.6
24 26 1413.23
24 27 1634.39
24 28 1826.51
24 29 1976.69
24 30 2074.9
24 31 2114.76
24 32 2093.98
24 33 2014.44
24 34 1881.73
24 35 1704.44
24 36 1493.21
24 37 1259.72
24 38 1015.6
24 39 771.553
24 40 536.735
24 41 318.405
24 42 121.666
24 43 -50.4039
24 44 -196.478
24 45 -316.568
24 46 -411.673
24 47 -483.273
24 48 -532.991
24 49 -562.177
24 50 -571.802
24 51 -562.177
24 52 -532.991
24 53 -483.273
24 54 -411.673
24 55 -316.568
24 56 -196.478
24 57 -50.4039
24 58 121.666
24 59 318.405
24 60 536.735
24 61 771.553
24 62 1015.6
24 63 1259.72
24 64 1493.21
24 65 1704.44
24 66 1881.73
24 67 2014.44
24 68 2093.98
24 69 2114.76
24 70 2074.9
24 71 1976.69
24 72 1826.51
24 73 1634.39
24 74 1413.23
24 75 1177.6
24 76 942.485
24 77 722.017
24 78 528.294
24 79 370.49
24 80 254.323
24 81 181.885
24 82 151.804
24 83 159.748
24 84 199.068
24 85 261.609
24 86 338.467
24 87 420.766
24 88 500.191
24 89 569.531
24 90 622.891
24 91 655.927
24 92 665.817
24 93 651.258
24 94 612.297
24 95 550.219
24 96 467.327
24 97 366.796
24 98 252.453
24 99 128.636
24 100 0

25 0 0
25 1 159.793
25 2 314.554
25 3 459.384
25 4 589.747
25 5 701.541
25 6 791.355
25 7 856.591
25 8 895.648
25 9 908.131
25 10 894.971
25 11 858.575
25 12 802.935
25 13 733.544
25 14 657.393
25 15 582.608
25 16 518.13
25 17 473.092
25 18 456.168
25 19 474.731
25 20 534.11
25 21 636.796
25 22 781.899
25 23 964.893
25 24 1177.6
25 25 1408.68
25 26 1644.42
25 27 1869.84
25 28 2069.92
25 29 2231.04
25 30 2342.08
25 31 2395.46
25 32 2387.69
25 33 2319.49
25 34 2195.53
25 35 2023.79
25 36 1814.64
25 37 1579.73
25 38 1331.01
25 39 1079.7
25 40 835.657
25 41 606.814
25 42 398.977
25 43 215.89
25 44 59.447
25 45 -69.9836
25 46 -173.037
25 47 -250.996
25 48 -305.303
25 49 -337.303
25 50 -347.857
25 51 -337.303
25 52 -305.303
25 53 -250.996
25 54 -173.037
25 55 -69.9836
25 56 59.447
25 57 215.89
25 58 398.977
25 59 606.814
25 60 835.657
25 61 1079.7
25 62 1331.01
25 63 1579.73
25 64 1814.64
25 65 2023.79
25 66 2195.53
25 67 2319.49
25 68 2387.69
25 69 2395.46
25 70 2342.08
25 71 2231.04
25 72 2069.92
25 73 1869.84
25 74 1644.42
25 75 1408.68
25 76 1177.6
25 77 964.893
25 78 781.899
25 79 636.796
25 80 534.11
25 81 474.731
25 82 456.168
25 83 473.092
25 84 518.13
25 85 582.608
25 86 657.393
25 87 733.544
25 88 802.935
25 89 858.575
25 90 894.971
25 91 908.131
25 92 895.648
25 93 856.591
25 94 791.355
25 95 701.541
25 96 589.747
25 97 459.384
25 98 314.554
25 99 159.793
25 100 0

26 0 0
26 1 179.679
26 2 354.4
26 3 519.327
26 4 669.949
26 5 802.164
26 6 912.481
26 7 998.187
26 8 1057.45
26 9 1089.62
26 10 1095.23
26 11 1076.3
26 12 1036.31
26 13 980.291
26 14 914.791
26 15 847.593
26 16 787.425
26 17 743.461
26 18 724.587
26 19 738.716
26 20 791.902
26 21 887.588
26 22 1025.95
26 23 1203.56
26 24 1413.23
26 25 1644.42
26 26 1883.91
26 27 2116.77
26 28 2327.76
26 29 2502.55
26 30 2629.14
26 31 2698.78
26 32 2706.8
26 33 2652.78
26 34 2540.46
26 35 2377.16
26 36 2172.87
26 37 1939.21
26 38 1688.33
26 39 1431.99
26 40 1180.63
26 41 942.891
26 42 725.325
26 43 532.316
26 44 366.304
26 45 228.194
26 46 117.657
26 47 33.6842
26 48 -25.0475
26 49 -59.7022
26 50 -71.1602
26 51 -59.7022
26 52 -25.0475
26 53 33.6842
26 54 117.657
26 55 228.194
26 56 366.304
26 57 532.316
26 58 725.325
26 59 942.891
26 60 1180.63
26 61 1431.99
26 62 1688.33
26 63 1939.21
26 64 2172.87
26 65 2377.16
26 66 2540.46
26 67 2652.78
26 68 2706.8
26 69 2698.78
26 70 2629.14
26 71 2502.55
26 72 2327.76
26 73 2116.77
26 74 1883.91
26 75 1644.42
26 76 1413.23
26 77 1203.56
26 78 1025.95
26 79 887.588
26 80 791.902
26 81 738.716
26 82 724.587
26 83 743.461
26 84 787.425
26 85 847.593
26 86 914.791
26 87 980.291
26 88 1036.31
26 89 1076.3
26 90 1095.23
26 91 1089.62
26 92 1057.45
26 93 998.187
26 94 912.481
26 95 802.164
26 96 669.949
26 97 519.327
26 98 354.4
26 99 179.679
26 100 0

27 0 0
27 1 189.016
27 2 373.375
27 3 548.541
27 4 710.235
27 5 854.546
27 6 978.095
27 7 1078.16
27 8 1152.83
27 9 1201.2
27 10 1223.51
27 11 1221.31
27 12 1197.57
27 13 1156.77
27 14 1104.91
27 15 1049.26
27 16 998.195
27 17 960.692
27 18 945.672
27 19 961.343
27 20 1014.3
27 21 1108.77
27 22 1245.87
27 23 1423.16
27 24 1634.39
27 25 1869.84
27 26 2116.77
27 27 2360.49
27 28 2585.54
27 29 2777.1
27 30 2922.24
27 31 3011.2
27 32 3038.14
27 33 3001.52
27 34 2904.15
27 35 2752.58
27 36 2556.39
27 37 2327.06
27 38 2076.98
27 39 1818.28
27 40 1561.99
27 41 1317.47
27 42 1091.92
27 43 890.45
27 44 716.114
27 45 570.252
27 46 452.951
27 47 363.478
27 48 300.728
27 49 263.59
27 50 251.302
27 51 263.59
27 52 300.728
27 53 363.478
27 54 452.951
27 55 570.252
27 56 716.114
27 57 890.45
27 58 1091.92
27 59 1317.47
27 60 1561.99
27 61 1818.28
27 62 2076.98
27 63 2327.06
27 64 2556.39
27 65 2752.58
27 66 2904.15
27 67 3001.52
27 68 3038.14
27 69 3011.2
27 70 2922.24
27 71 2777.1
27 72 2585.54
27 73 2360.49
27 74 2116.77
27 75 1869.84
27 76 1634.39
27 77 1423.16
27 78 1245.87
27 79 1108.77
27 80 1014.3
27 81 961.343
27 82 945.672
27 83 960.692
27 84 998.195
27 85 1049.26
27 86 1104.91
27 87 1156.77
27 88 1197.57
27 89 1221.31
27 90 1223.51
27 91 1201.2
27 92 1152.83
27 93 1078.16
27 94 978.095
27 95 854.546
27 96 710.235
27 97 548.541
27 98 373.375
27 99 189.016
27 100 0

28 0 0
28 1 188.995
28 2 373.811
28 3 550.378
28 4 714.803
28 5 863.523
28 6 993.374
28 7 1101.75
28 8 1186.75
28 9 1247.3
28 10 1283.34
28 11 1296.03
28 12 1287.82
28 13 1262.59
28 14 1225.72
28 15 1183.9
28 16 1145.02
28 17 1117.71
28 18 1110.78
28 19 1132.55
28 20 1190.01
28 21 1287.97
28 22 1428.39
28 23 1609.67
28 24 1826.51
28 25 2069.92
28 26 2327.76
28 27 2585.54
28 28 2827.75
28 29 3039.04
28 30 3205.77
28 31 3317.16
28 32 3366.25
28 33 3350.41
28 34 3271.4
28 35 3135.06
28 36 2950.44
28 37 2728.88
28 38 2482.81
28 39 2224.74
28 40 1966.3
28 41 1717.4
28 42 1486.01
28 43 1277.9
28 44 1096.7
28 45 944.311
28 46 821.201
28 47 726.95
28 48 660.628
28 49 621.325
28 50 608.303
28 51 621.325
28 52 660.628
28 53 726.95
28 54 821.201
28 55 944.311
28 56 1096.7
28 57 1277.9
28 58 1486.01
28 59 1717.4
28 60 1966.3
28 61 2224.74
28 62 2482.81
28 63 2728.88
28 64 2950.44
28 65 3135.06
28 66 3271.4
28 67 3350.41
28 68 3366.25
28 69 3317.16
28 70 3205.77
28 71 3039.04
28 72 2827.75
28 73 2585.54
28 74 2327.76
28 75 2069.92
28 76 1826.51
28 77 1609.67
28 78 1428.39
28 79 1287.97
28 80 1190.01
28 81 1132.55
28 82 1110.78
28 83 1117.71
28 84 1145.02
28 85 1183.9
28 86 1225.72
28 87 1262.59
28 88 1287.82
28 89 1296.03
28 90 1283.34
28 91 1247.3
28 92 1186.75
28 93 1101.75
28 94 993.374
28 95 863.523
28 96 714.803
28 97 550.378
28 98 373.811
