0 0 0
0 1 0
0 2 0
0 3 0
0 4 0
0 5 0
0 6 0
0 7 0
0 8 0
0 9 0
0 10 0
0 11 0
0 12 0
0 13 0
0 14 0
0 15 0
0 16 0
0 17 0
0 18 0
0 19 0
0 20 0
0 21 0
0 22 0
0 23 0
0 24 0
0 25 0
0 26 0
0 27 0
0 28 0
0 29 0
0 30 0
0 31 0
0 32 0
0 33 0
0 34 0
0 35 0
0 36 0
0 37 0
0 38 0
0 39 0
0 40 0
0 41 0
0 42 0
0 43 0
0 44 0
0 45 0
0 46 0
0 47 0
0 48 0
0 49 0
0 50 0
0 51 0
0 52 0
0 53 0
0 54 0
0 55 0
0 56 0
0 57 0
0 58 0
0 59 0
0 60 0
0 61 0
0 62 0
0 63 0
0 64 0
0 65 0
0 66 0
0 67 0
0 68 0
0 69 0
0 70 0
0 71 0
0 72 0
0 73 0
0 74 0
0 75 0
0 76 0
0 77 0
0 78 0
0 79 0
0 80 0
0 81 0
0 82 0
0 83 0
0 84 0
0 85 0
0 86 0
0 87 0
0 88 0
0 89 0
0 90 0
0 91 0
0 92 0
0 93 0
0 94 0
0 95 0
0 96 0
0 97 0
0 98 0
0 99 0
0 100 0

1 0 0
1 1 -17.1965
1 2 -31.6304
1 3 -40.6919
1 4 -42.1961
1 5 -34.4428
1 6 -16.3429
1 7 12.458
1 8 51.6988
1 9 100.449
1 10 157.224
1 11 220.163
1 12 287.081
1 13 355.66
1 14 423.605
1 15 488.735
1 16 549.122
1 17 603.143
1 18 649.571
1 19 687.508
1 20 716.471
1 21 736.363
1 22 747.368
1 23 749.954
1 24 744.767
1 25 732.679
1 26 714.605
1 27 691.523
1 28 664.393
1 29 634.208
1 30 601.876
1 31 568.172
1 32 533.883
1 33 499.611
1 34 465.926
1 35 433.274
1 36 402.029
1 37 372.47
1 38 344.822
1 39 319.238
1 40 295.828
1 41 274.66
1 42 255.765
1 43 239.16
1 44 224.83
1 45 212.767
1 46 202.939
1 47 195.331
1 48 189.911
1 49 186.67
1 50 185.588
1 51 186.67
1 52 189.911
1 53 195.331
1 54 202.939
1 55 212.767
1 56 224.83
1 57 239.16
1 58 255.765
1 59 274.66
1 60 295.828
1 61 319.238
1 62 344.822
1 63 372.47
1 64 402.029
1 65 433.274
1 66 465.926
1 67 499.611
1 68 533.883
1 69 568.172
1 70 601.876
1 71 634.208
1 72 664.393
1 73 691.523
1 74 714.605
1 75 732.679
1 76 744.767
1 77 749.954
1 78 747.368
1 79 736.363
1 80 716.471
1 81 687.508
1 82 649.571
1 83 603.143
1 84 549.122
1 85 488.735
1 86 423.605
1 87 355.66
1 88 287.081
1 89 220.163
1 90 157.224
1 91 100.449
1 92 51.6988
1 93 12.458
1 94 -16.3429
1 95 -34.4428
1 96 -42.1961
1 97 -40.6919
1 98 -31.6304
1 99 -17.1965
1 100 0

2 0 0
2 1 -31.6304
2 2 -57.9218
2 3 -73.8567
2 4 -75.2193
2 5 -58.7444
2 6 -22.3637
2 7 34.6267
2 8 111.695
2 9 207.058
2 10 317.842
2 11 440.443
2 12 570.629
2 13 703.95
2 14 835.979
2 15 962.532
2 16 1079.88
2 17 1184.88
2 18 1275.18
2 19 1349.07
2 20 1405.65
2 21 1444.69
2 22 1466.55
2 23 1472.12
2 24 1462.72
2 25 1439.96
2 26 1405.6
2 27 1361.5
2 28 1309.61
2 29 1251.72
2 30 1189.59
2 31 1124.82
2 32 1058.8
2 33 992.762
2 34 927.799
2 35 864.759
2 36 804.385
2 37 747.22
2 38 693.703
2 39 644.143
2 40 598.756
2 41 557.687
2 42 521.001
2 43 488.739
2 44 460.882
2 45 437.42
2 46 418.295
2 47 403.485
2 48 392.93
2 49 386.619
2 50 384.51
2 51 386.619
2 52 392.93
2 53 403.485
2 54 418.295
2 55 437.42
2 56 460.882
2 57 488.739
2 58 521.001
2 59 557.687
2 60 598.756
2 61 644.143
2 62 693.703
2 63 747.22
2 64 804.385
2 65 864.759
2 66 927.799
2 67 992.762
2 68 1058.8
2 69 1124.82
2 70 1189.59
2 71 1251.72
2 72 1309.61
2 73 1361.5
2 74 1405.6
2 75 1439.96
2 76 1462.72
2 77 1472.12
2 78 1466.55
2 79 1444.69
2 80 1405.65
2 81 1349.07
2 82 1275.18
2 83 1184.88
2 84 1079.88
2 85 962.532
2 86 835.979
2 87 703.95
2 88 570.629
2 89 440.443
2 90 317.842
2 91 207.058
2 92 111.695
2 93 34.6267
2 94 -22.3637
2 95 -58.7444
2 96 -75.2193
2 97 -73.8567
2 98 -57.9218
2 99 -31.6304
2 100 0

3 0 0
3 1 -40.6919
3 2 -73.8567
3 3 -92.4672
3 4 -90.5515
3 5 -63.5325
3 6 -8.51572
3 7 75.4906
3 8 187.693
3 9 325.534
3 10 484.985
3 11 660.904
3 12 847.36
3 13 1038.05
3 14 1226.75
3 15 1407.53
3 16 1575.17
3 17 1725.3
3 18 1854.56
3 19 1960.6
3 20 2042.11
3 21 2098.8
3 22 2131.2
3 23 2140.56
3 24 2128.68
3 25 2097.85
3 26 2050.54
3 27 1989.43
3 28 1917.1
3 29 1836.2
3 30 1749.2
3 31 1658.22
3 32 1565.38
3 33 1472.35
3 34 1380.66
3 35 1291.57
3 36 1206.11
3 37 1125.08
3 38 1049.11
3 39 978.655
3 40 914.057
3 41 855.524
3 42 803.184
3 43 757.099
3 44 717.275
3 45 683.696
3 46 656.314
3 47 635.087
3 48 619.961
3 49 610.905
3 50 607.887
3 51 610.905
3 52 619.961
3 53 635.087
3 54 656.314
3 55 683.696
3 56 717.275
3 57 757.099
3 58 803.184
3 59 855.524
3 60 914.057
3 61 978.655
3 62 1049.11
3 63 1125.08
3 64 1206.11
3 65 1291.57
3 66 1380.66
3 67 1472.35
3 68 1565.38
3 69 1658.22
3 70 1749.2
3 71 1836.2
3 72 1917.1
3 73 1989.43
3 74 2050.54
3 75 2097.85
3 76 2128.68
3 77 2140.56
3 78 2131.2
3 79 2098.8
3 80 2042.11
3 81 1960.6
3 82 1854.56
3 83 1725.3
3 84 1575.17
3 85 1407.53
3 86 1226.75
3 87 1038.05
3 88 847.36
3 89 660.904
3 90 484.985
3 91 325.534
3 92 187.693
3 93 75.4906
3 94 -8.51572
3 95 -63.5325
3 96 -90.5515
3 97 -92.4672
3 98 -73.8567
3 99 -40.6919
3 100 0

4 0 0
4 1 -42.1961
4 2 -75.2193
4 3 -90.5515
4 4 -80.9137
4 5 -40.7568
4 6 33.3755
4 7 142.711
4 8 286.19
4 9 460.684
4 10 661.251
4 11 881.575
4 12 1114.41
4 13 1352.08
4 14 1586.97
4 15 1811.89
4 16 2020.5
4 17 2207.48
4 18 2368.73
4 19 2501.44
4 20 2604.06
4 21 2676.2
4 22 2718.52
4 23 2732.53
4 24 2720.49
4 25 2685.07
4 26 2629.36
4 27 2556.49
4 28 2469.75
4 29 2372.26
4 30 2266.95
4 31 2156.62
4 32 2043.62
4 33 1930.16
4 34 1818.08
4 35 1708.93
4 36 1604
4 37 1504.31
4 38 1410.65
4 39 1323.64
4 40 1243.7
4 41 1171.14
4 42 1106.16
4 43 1048.85
4 44 999.263
4 45 957.4
4 46 923.229
4 47 896.716
4 48 877.812
4 49 866.488
4 50 862.715
4 51 866.488
4 52 877.812
4 53 896.716
4 54 923.229
4 55 957.4
4 56 999.263
4 57 1048.85
4 58 1106.16
4 59 1171.14
4 60 1243.7
4 61 1323.64
4 62 1410.65
4 63 1504.31
4 64 1604
4 65 1708.93
4 66 1818.08
4 67 1930.16
4 68 2043.62
4 69 2156.62
4 70 2266.95
4 71 2372.26
4 72 2469.75
4 73 2556.49
4 74 2629.36
4 75 2685.07
4 76 2720.49
4 77 2732.53
4 78 2718.52
4 79 2676.2
4 80 2604.06
4 81 2501.44
4 82 2368.73
4 83 2207.48
4 84 2020.5
4 85 1811.89
4 86 1586.97
4 87 1352.08
4 88 1114.41
4 89 881.575
4 90 661.251
4 91 460.684
4 92 286.19
4 93 142.711
4 94 33.3755
4 95 -40.7568
4 96 -80.9137
4 97 -90.5515
4 98 -75.2193
4 99 -42.1961
4 100 0

5 0 0
5 1 -34.4428
5 2 -58.7444
5 3 -63.5325
5 4 -40.7568
5 5 15.6577
5 6 109.486
5 7 242.038
5 8 412.081
5 9 616.071
5 10 848.529
5 11 1102.35
5 12 1369.51
5 13 1641.49
5 14 1909.83
5 15 2166.59
5 16 2404.75
5 17 2618.44
5 18 2803.14
5 19 2955.78
5 20 3074.66
5 21 3159.36
5 22 3210.6
5 23 3230.11
5 24 3220.32
5 25 3184.25
5 26 3125.2
5 27 3046.76
5 28 2952.45
5 29 2845.77
5 30 2729.99
5 31 2608.12
5 32 2482.93
5 33 2356.78
5 34 2231.78
5 35 2109.7
5 36 1992
5 37 1879.88
5 38 1774.27
5 39 1675.91
5 40 1585.34
5 41 1502.94
5 42 1428.99
5 43 1363.64
5 44 1307.01
5 45 1259.12
5 46 1219.98
5 47 1189.57
5 48 1167.89
5 49 1154.88
5 50 1150.55
5 51 1154.88
5 52 1167.89
5 53 1189.57
5 54 1219.98
5 55 1259.12
5 56 1307.01
5 57 1363.64
5 58 1428.99
5 59 1502.94
5 60 1585.34
5 61 1675.91
5 62 1774.27
5 63 1879.88
5 64 1992
5 65 2109.7
5 66 2231.78
5 67 2356.78
5 68 2482.93
5 69 2608.12
5 70 2729.99
5 71 2845.77
5 72 2952.45
5 73 3046.76
5 74 3125.2
5 75 3184.25
5 76 3220.32
5 77 3230.11
5 78 3210.6
5 79 3159.36
5 80 3074.66
5 81 2955.78
5 82 2803.14
5 83 2618.44
5 84 2404.75
5 85 2166.59
5 86 1909.83
5 87 1641.49
5 88 1369.51
5 89 1102.35
5 90 848.529
5 91 616.071
5 92 412.081
5 93 242.038
5 94 109.486
5 95 15.6577
5 96 -40.7568
5 97 -63.5325
5 98 -58.7444
5 99 -34.4428
5 100 0

6 0 0
6 1 -16.3429
6 2 -22.3637
6 3 -8.51572
6 4 33.3755
6 5 109.486
6 6 223.594
6 7 376.986
6 8 568.282
6 9 793.794
6 10 1047.8
6 11 1323
6 12 1611.08
6 13 1903.3
6 14 2190.92
6 15 2465.84
6 16 2720.82
6 17 2949.92
6 18 3148.49
6 19 3313.41
6 20 3442.96
6 21 3536.69
6 22 3595.44
6 23 3620.92
6 24 3615.66
6 25 3582.68
6 26 3525.49
6 27 3447.68
6 28 3352.9
6 29 3244.74
6 30 3126.53
6 31 3001.49
6 32 2872.37
6 33 2741.77
6 34 2611.83
6 35 2484.45
6 36 2361.21
6 37 2243.41
6 38 2132.1
6 39 2028.1
6 40 1932.05
6 41 1844.44
6 42 1765.6
6 43 1695.77
6 44 1635.13
6 45 1583.75
6 46 1541.7
6 47 1508.98
6 48 1485.63
6 49 1471.61
6 50 1466.94
6 51 1471.61
6 52 1485.63
6 53 1508.98
6 54 1541.7
6 55 1583.75
6 56 1635.13
6 57 1695.77
6 58 1765.6
6 59 1844.44
6 60 1932.05
6 61 2028.1
6 62 2132.1
6 63 2243.41
6 64 2361.21
6 65 2484.45
6 66 2611.83
6 67 2741.77
6 68 2872.37
6 69 3001.49
6 70 3126.53
6 71 3244.74
6 72 3352.9
6 73 3447.68
6 74 3525.49
6 75 3582.68
6 76 3615.66
6 77 3620.92
6 78 3595.44
6 79 3536.69
6 80 3442.96
6 81 3313.41
6 82 3148.49
6 83 2949.92
6 84 2720.82
6 85 2465.84
6 86 2190.92
6 87 1903.3
6 88 1611.08
6 89 1323
6 90 1047.8
6 91 793.794
6 92 568.282
6 93 376.986
6 94 223.594
6 95 109.486
6 96 33.3755
6 97 -8.51572
6 98 -22.3637
6 99 -16.3429
6 100 0

7 0 0
7 1 12.458
7 2 34.6267
7 3 75.4906
7 4 142.711
7 5 242.038
7 6 376.986
7 7 548.628
7 8 755.598
7 9 994.261
7 10 1259.11
7 11 1543.06
7 12 1838.19
7 13 2136.05
7 14 2428.34
7 15 2707.26
7 16 2965.94
7 17 3198.67
7 18 3401.05
7 19 3570.12
7 20 3704.24
7 21 3803.05
7 22 3867.3
7 23 3898.7
7 24 3899.63
7 25 3873.09
7 26 3822.3
7 27 3750.82
7 28 3662.17
7 29 3559.73
7 30 3446.82
7 31 3326.49
7 32 3201.53
7 33 3074.4
7 34 2947.31
7 35 2822.14
7 36 2700.5
7 37 2583.74
7 38 2472.98
7 39 2369.1
7 40 2272.83
7 41 2184.71
7 42 2105.18
7 43 2034.54
7 44 1973.04
7 45 1920.82
7 46 1878
7 47 1844.64
7 48 1820.79
7 49 1806.47
7 50 1801.7
7 51 1806.47
7 52 1820.79
7 53 1844.64
7 54 1878
7 55 1920.82
7 56 1973.04
7 57 2034.54
7 58 2105.18
7 59 2184.71
7 60 2272.83
7 61 2369.1
7 62 2472.98
7 63 2583.74
7 64 2700.5
7 65 2822.14
7 66 2947.31
7 67 3074.4
7 68 3201.53
7 69 3326.49
7 70 3446.82
7 71 3559.73
7 72 3662.17
7 73 3750.82
7 74 3822.3
7 75 3873.09
7 76 3899.63
7 77 3898.7
7 78 3867.3
7 79 3803.05
7 80 3704.24
7 81 3570.12
7 82 3401.05
7 83 3198.67
7 84 2965.94
7 85 2707.26
7 86 2428.34
7 87 2136.05
7 88 1838.19
7 89 1543.06
7 90 1259.11
7 91 994.261
7 92 755.598
7 93 548.628
7 94 376.986
7 95 242.038
7 96 142.711
7 97 75.4906
7 98 34.6267
7 99 12.458
7 100 0

8 0 0
8 1 51.6988
8 2 111.695
8 3 187.693
8 4 286.19
8 5 412.081
8 6 568.282
8 7 755.598
8 8 972.7
8 9 1216.32
8 10 1481.46
8 11 1761.9
8 12 2050.53
8 13 2339.89
8 14 2622.6
8 15 2891.77
8 16 3141.3
8 17 3366.14
8 18 3562.42
8 19 3727.49
8 20 3859.95
8 21 3959.46
8 22 4026.77
8 23 4063.34
8 24 4071.41
8 25 4053.55
8 26 4012.81
8 27 3952.31
8 28 3875.2
8 29 3784.65
8 30 3683.61
8 31 3574.91
8 32 3461.1
8 33 3344.55
8 34 3227.25
8 35 3111.07
8 36 2997.54
8 37 2888
8 38 2783.58
8 39 2685.21
8 40 2593.65
8 41 2509.52
8 42 2433.3
8 43 2365.39
8 44 2306.07
8 45 2255.59
8 46 2214.09
8 47 2181.72
8 48 2158.53
8 49 2144.61
8 50 2139.96
8 51 2144.61
8 52 2158.53
8 53 2181.72
8 54 2214.09
8 55 2255.59
8 56 2306.07
8 57 2365.39
8 58 2433.3
8 59 2509.52
8 60 2593.65
8 61 2685.21
8 62 2783.58
8 63 2888
8 64 2997.54
8 65 3111.07
8 66 3227.25
8 67 3344.55
8 68 3461.1
8 69 3574.91
8 70 3683.61
8 71 3784.65
8 72 3875.2
8 73 3952.31
8 74 4012.81
8 75 4053.55
8 76 4071.41
8 77 4063.34
8 78 4026.77
8 79 3959.46
8 80 3859.95
8 81 3727.49
8 82 3562.42
8 83 3366.14
8 84 3141.3
8 85 2891.77
8 86 2622.6
8 87 2339.89
8 88 2050.53
8 89 1761.9
8 90 1481.46
8 91 1216.32
8 92 972.7
8 93 755.598
8 94 568.282
8 95 412.081
8 96 286.19
8 97 187.693
8 98 111.695
8 99 51.6988
8 100 0

9 0 0
9 1 100.449
9 2 207.058
9 3 325.534
9 4 460.684
9 5 616.071
9 6 793.794
9 7 994.261
9 8 1216.32
9 9 1457.23
9 10 1712.98
9 11 1978.57
9 12 2248.29
9 13 2516.17
9 14 2776.31
9 15 3023.12
9 16 3251.72
9 17 3458.03
9 18 3638.93
9 19 3792.29
9 20 3916.94
9 21 4012.7
9 22 4080.1
9 23 4120.47
9 24 4135.56
9 25 4127.64
9 26 4099.18
9 27 4052.8
9 28 3991.23
9 29 3917.08
9 30 3832.93
9 31 3741.18
9 32 3644.11
9 33 3543.72
9 34 3441.91
9 35 3340.25
9 36 3240.24
9 37 3143.12
9 38 3049.97
9 39 2961.73
9 40 2879.16
9 41 2802.93
9 42 2733.57
9 43 2671.52
9 44 2617.14
9 45 2570.72
9 46 2532.46
9 47 2502.55
9 48 2481.1
9 49 2468.2
9 50 2463.89
9 51 2468.2
9 52 2481.1
9 53 2502.55
9 54 2532.46
9 55 2570.72
9 56 2617.14
9 57 2671.52
9 58 2733.57
9 59 2802.93
9 60 2879.16
9 61 2961.73
9 62 3049.97
9 63 3143.12
9 64 3240.24
9 65 3340.25
9 66 3441.91
9 67 3543.72
9 68 3644.11
9 69 3741.18
9 70 3832.93
9 71 3917.08
9 72 3991.23
9 73 4052.8
9 74 4099.18
9 75 4127.64
9 76 4135.56
9 77 4120.47
9 78 4080.1
9 79 4012.7
9 80 3916.94
9 81 3792.29
9 82 3638.93
9 83 3458.03
9 84 3251.72
9 85 3023.12
9 86 2776.31
9 87 2516.17
9 88 2248.29
9 89 1978.57
9 90 1712.98
9 91 1457.23
9 92 1216.32
9 93 994.261
9 94 793.794
9 95 616.071
9 96 460.684
9 97 325.534
9 98 207.058
9 99 100.449
9 100 0

10 0 0
10 1 157.224
10 2 317.842
10 3 484.985
10 4 661.251
10 5 848.529
10 6 1047.8
10 7 1259.11
10 8 1481.46
10 9 1712.98
10 10 1950.9
10 11 2191.88
10 12 2432.02
10 13 2667.29
10 14 2893.67
10 15 3107.31
10 16 3304.83
10 17 3483.38
10 18 3640.75
10 19 3775.41
10 20 3886.58
10 21 3974.11
10 22 4038.44
10 23 4080.46
10 24 4101.63
10 25 4103.59
10 26 4088.22
10 27 4057.54
10 28 4013.65
10 29 3958.63
10 30 3894.51
10 31 3823.2
10 32 3746.55
10 33 3666.26
10 34 3583.83
10 35 3500.74
10 36 3418.2
10 37 3337.37
10 38 3259.24
10 39 3184.7
10 40 3114.48
10 41 3049.27
10 42 2989.6
10 43 2935.99
10 44 2888.78
10 45 2848.34
10 46 2814.9
10 47 2788.71
10 48 2769.87
10 49 2758.55
10 50 2754.75
10 51 2758.55
10 52 2769.87
10 53 2788.71
10 54 2814.9
10 55 2848.34
10 56 2888.78
10 57 2935.99
10 58 2989.6
10 59 3049.27
10 60 3114.48
10 61 3184.7
10 62 3259.24
10 63 3337.37
10 64 3418.2
10 65 3500.74
10 66 3583.83
10 67 3666.26
10 68 3746.55
10 69 3823.2
10 70 3894.51
10 71 3958.63
10 72 4013.65
10 73 4057.54
10 74 4088.22
10 75 4103.59
10 76 4101.63
10 77 4080.46
10 78 4038.44
10 79 3974.11
10 80 3886.58
10 81 3775.41
10 82 3640.75
10 83 3483.38
10 84 3304.83
10 85 3107.31
10 86 2893.67
10 87 2667.29
10 88 2432.02
10 89 2191.88
10 90 1950.9
10 91 1712.98
10 92 1481.46
10 93 1259.11
10 94 1047.8
10 95 848.529
10 96 661.251
10 97 484.985
10 98 317.842
10 99 157.224
10 100 0

11 0 0
11 1 220.163
11 2 440.443
11 3 660.904
11 4 881.575
11 5 1102.35
11 6 1323
11 7 1543.06
11 8 1761.9
11 9 1978.57
11 10 2191.88
11 11 2400.38
11 12 2602.44
11 13 2796.26
11 14 2980.03
11 15 3151.89
11 16 3310.2
11 17 3453.5
11 18 3580.62
11 19 3690.75
11 20 3783.42
11 21 3858.58
11 22 3916.42
11 23 3957.63
11 24 3983
11 25 3993.61
11 26 3990.74
11 27 3975.69
11 28 3949.91
11 29 3914.84
11 30 3871.93
11 31 3822.56
11 32 3768.12
11 33 3709.86
11 34 3649.05
11 35 3586.75
11 36 3524.05
11 37 3461.89
11 38 3401.16
11 39 3342.63
11 40 3287.02
11 41 3234.95
11 42 3186.98
11 43 3143.59
11 44 3105.19
11 45 3072.12
11 46 3044.69
11 47 3023.12
11 48 3007.59
11 49 2998.22
11 50 2995.09
11 51 2998.22
11 52 3007.59
11 53 3023.12
11 54 3044.69
11 55 3072.12
11 56 3105.19
11 57 3143.59
11 58 3186.98
11 59 3234.95
11 60 3287.02
11 61 3342.63
11 62 3401.16
11 63 3461.89
11 64 3524.05
11 65 3586.75
11 66 3649.05
11 67 3709.86
11 68 3768.12
11 69 3822.56
11 70 3871.93
11 71 3914.84
11 72 3949.91
11 73 3975.69
11 74 3990.74
11 75 3993.61
11 76 3983
11 77 3957.63
11 78 3916.42
11 79 3858.58
11 80 3783.42
11 81 3690.75
11 82 3580.62
11 83 3453.5
11 84 3310.2
11 85 3151.89
11 86 2980.03
11 87 2796.26
11 88 2602.44
11 89 2400.38
11 90 2191.88
11 91 1978.57
11 92 1761.9
11 93 1543.06
11 94 1323
11 95 1102.35
11 96 881.575
11 97 660.904
11 98 440.443
11 99 220.163
11 100 0

12 0 0
12 1 287.081
12 2 570.629
12 3 847.36
12 4 1114.41
12 5 1369.51
12 6 1611.08
12 7 1838.19
12 8 2050.53
12 9 2248.29
12 10 2432.02
12 11 2602.44
12 12 2760.34
12 13 2906.43
12 14 3041.25
12 15 3165.18
12 16 3278.41
12 17 3380.97
12 18 3472.8
12 19 3553.78
12 20 3623.84
12 21 3682.89
12 22 3731.08
12 23 3768.54
12 24 3795.62
12 25 3812.8
12 26 3820.6
12 27 3819.69
12 28 3810.83
12 29 3794.83
12 30 3772.51
12 31 3744.75
12 32 3712.41
12 33 3676.38
12 34 3637.47
12 35 3596.57
12 36 3554.41
12 37 3511.78
12 38 3469.39
12 39 3427.91
12 40 3387.96
12 41 3350.11
12 42 3314.87
12 43 3282.71
12 44 3254.01
12 45 3229.15
12 46 3208.41
12 47 3192.03
12 48 3180.19
12 49 3173.04
12 50 3170.65
12 51 3173.04
12 52 3180.19
12 53 3192.03
12 54 3208.41
12 55 3229.15
12 56 3254.01
12 57 3282.71
12 58 3314.87
12 59 3350.11
12 60 3387.96
12 61 3427.91
12 62 3469.39
12 63 3511.78
12 64 3554.41
12 65 3596.57
12 66 3637.47
12 67 3676.38
12 68 3712.41
12 69 3744.75
12 70 3772.51
12 71 3794.83
12 72 3810.83
12 73 3819.69
12 74 3820.6
12 75 3812.8
12 76 3795.62
12 77 3768.54
12 78 3731.08
12 79 3682.89
12 80 3623.84
12 81 3553.78
12 82 3472.8
12 83 3380.97
12 84 3278.41
12 85 3165.18
12 86 3041.25
12 87 2906.43
12 88 2760.34
12 89 2602.44
12 90 2432.02
12 91 2248.29
12 92 2050.53
12 93 1838.19
12 94 1611.08
12 95 1369.51
12 96 1114.41
12 97 847.36
12 98 570.629
12 99 287.081
12 100 0

13 0 0
13 1 355.66
13 2 703.95
13 3 1038.05
13 4 1352.08
13 5 1641.49
13 6 1903.3
13 7 2136.05
13 8 2339.89
13 9 2516.17
13 10 2667.29
13 11 2796.26
13 12 2906.43
13 13 3001.08
13 14 3083.24
13 15 3155.58
13 16 3220.16
13 17 3278.54
13 18 3331.75
13 19 3380.38
13 20 3424.66
13 21 3464.64
13 22 3500.14
13 23 3530.98
13 24 3556.94
13 25 3577.85
13 26 3593.62
13 27 3604.27
13 28 3609.86
13 29 3610.61
13 30 3606.78
13 31 3598.7
13 32 3586.78
13 33 3571.48
13 34 3553.32
13 35 3532.75
13 36 3510.39
13 37 3486.7
13 38 3462.28
13 39 3437.63
13 40 3413.26
13 41 3389.65
13 42 3367.26
13 43 3346.48
13 44 3327.72
13 45 3311.25
13 46 3297.41
13 47 3286.39
13 48 3278.4
13 49 3273.53
13 50 3271.92
13 51 3273.53
13 52 3278.4
13 53 3286.39
13 54 3297.41
13 55 3311.25
13 56 3327.72
13 57 3346.48
13 58 3367.26
13 59 3389.65
13 60 3413.26
13 61 3437.63
13 62 3462.28
13 63 3486.7
13 64 3510.39
13 65 3532.75
13 66 3553.32
13 67 3571.48
13 68 3586.78
13 69 3598.7
13 70 3606.78
13 71 3610.61
13 72 3609.86
13 73 3604.27
13 74 3593.62
13 75 3577.85
13 76 3556.94
13 77 3530.98
13 78 3500.14
13 79 3464.64
13 80 3424.66
13 81 3380.38
13 82 3331.75
13 83 3278.54
13 84 3220.16
13 85 3155.58
13 86 3083.24
13 87 3001.08
13 88 2906.43
13 89 2796.26
13 90 2667.29
13 91 2516.17
13 92 2339.89
13 93 2136.05
13 94 1903.3
13 95 1641.49
13 96 1352.08
13 97 1038.05
13 98 703.95
13 99 355.66
13 100 0

14 0 0
14 1 423.605
14 2 835.979
14 3 1226.75
14 4 1586.97
14 5 1909.83
14 6 2190.92
14 7 2428.34
14 8 2622.6
14 9 2776.31
14 10 2893.67
14 11 2980.03
14 12 3041.25
14 13 3083.24
14 14 3111.53
14 15 3130.99
14 16 3145.58
14 17 3158.26
14 18 3171.22
14 19 3185.65
14 20 3202.18
14 21 3220.75
14 22 3241.07
14 23 3262.56
14 24 3284.42
14 25 3305.96
14 26 3326.47
14 27 3345.33
14 28 3362.04
14 29 3376.24
14 30 3387.65
14 31 3396.16
14 32 3401.75
14 33 3404.47
14 34 3404.5
14 35 3402.09
14 36 3397.47
14 37 3391
14 38 3383.02
14 39 3373.89
14 40 3364.02
14 41 3353.76
14 42 3343.48
14 43 3333.52
14 44 3324.21
14 45 3315.82
14 46 3308.6
14 47 3302.77
14 48 3298.47
14 49 3295.86
14 50 3294.97
14 51 3295.86
14 52 3298.47
14 53 3302.77
14 54 3308.6
14 55 3315.82
14 56 3324.21
14 57 3333.52
14 58 3343.48
14 59 3353.76
14 60 3364.02
14 61 3373.89
14 62 3383.02
14 63 3391
14 64 3397.47
14 65 3402.09
14 66 3404.5
14 67 3404.47
14 68 3401.75
14 69 3396.16
14 70 3387.65
14 71 3376.24
14 72 3362.04
14 73 3345.33
14 74 3326.47
14 75 3305.96
14 76 3284.42
14 77 3262.56
14 78 3241.07
14 79 3220.75
14 80 3202.18
14 81 3185.65
14 82 3171.22
14 83 3158.26
14 84 3145.58
14 85 3130.99
14 86 3111.53
14 87 3083.24
14 88 3041.25
14 89 2980.03
14 90 2893.67
14 91 2776.31
14 92 2622.6
14 93 2428.34
14 94 2190.92
14 95 1909.83
14 96 1586.97
14 97 1226.75
14 98 835.979
14 99 423.605
14 100 0

15 0 0
15 1 488.735
15 2 962.532
15 3 1407.53
15 4 1811.89
15 5 2166.59
15 6 2465.84
15 7 2707.26
15 8 2891.77
15 9 3023.12
15 10 3107.31
15 11 3151.89
15 12 3165.18
15 13 3155.58
15 14 3130.99
15 15 3098.41
15 16 3063.55
15 17 3030.87
15 18 3003.44
15 19 2983.18
15 20 2970.88
15 21 2966.63
15 22 2969.87
15 23 2979.57
15 24 2994.58
15 25 3013.63
15 26 3035.46
15 27 3058.91
15 28 3082.95
15 29 3106.72
15 30 3129.52
15 31 3150.8
15 32 3170.16
15 33 3187.35
15 34 3202.24
15 35 3214.77
15 36 3225.05
15 37 3233.1
15 38 3239.18
15 39 3243.46
15 40 3246.19
15 41 3247.64
15 42 3248.07
15 43 3247.72
15 44 3246.87
15 45 3245.72
15 46 3244.49
15 47 3243.34
15 48 3242.42
15 49 3241.83
15 50 3241.63
15 51 3241.83
15 52 3242.42
15 53 3243.34
15 54 3244.49
15 55 3245.72
15 56 3246.87
15 57 3247.72
15 58 3248.07
15 59 3247.64
15 60 3246.19
15 61 3243.46
15 62 3239.18
15 63 3233.1
15 64 3225.05
15 65 3214.77
15 66 3202.24
15 67 3187.35
15 68 3170.16
15 69 3150.8
15 70 3129.52
15 71 3106.72
15 72 3082.95
15 73 3058.91
15 74 3035.46
15 75 3013.63
15 76 2994.58
15 77 2979.57
15 78 2969.87
15 79 2966.63
15 80 2970.88
15 81 2983.18
15 82 3003.44
15 83 3030.87
15 84 3063.55
15 85 3098.41
15 86 3130.99
15 87 3155.58
15 88 3165.18
15 89 3151.89
15 90 3107.31
15 91 3023.12
15 92 2891.77
15 93 2707.26
15 94 2465.84
15 95 2166.59
15 96 1811.89
15 97 1407.53
15 98 962.532
15 99 488.735
15 100 0

16 0 0
16 1 549.122
16 2 1079.88
16 3 1575.17
16 4 2020.5
16 5 2404.75
16 6 2720.82
16 7 2965.94
16 8 3141.3
16 9 3251.72
16 10 3304.83
16 11 3310.2
16 12 3278.41
16 13 3220.16
16 14 3145.58
16 15 3063.55
16 16 2981.53
16 17 2905.23
16 18 2838.67
16 19 2784.26
16 20 2743.16
16 21 2715.42
16 22 2700.23
16 23 2696.32
16 24 2702.08
16 25 2715.76
16 26 2735.65
16 27 2760.1
16 28 2787.65
16 29 2817
16 30 2847.09
16 31 2877.03
16 32 2906.11
16 33 2933.8
16 34 2959.71
16 35 2983.61
16 36 3005.28
16 37 3024.74
16 38 3041.91
16 39 3056.92
16 40 3069.85
16 41 3080.85
16 42 3090.08
16 43 3097.71
16 44 3103.91
16 45 3108.84
16 46 3112.65
16 47 3115.48
16 48 3117.41
16 49 3118.55
16 50 3118.91
16 51 3118.55
16 52 3117.41
16 53 3115.48
16 54 3112.65
16 55 3108.84
16 56 3103.91
16 57 3097.71
16 58 3090.08
16 59 3080.85
16 60 3069.85
16 61 3056.92
16 62 3041.91
16 63 3024.74
16 64 3005.28
16 65 2983.61
16 66 2959.71
16 67 2933.8
16 68 2906.11
16 69 2877.03
16 70 2847.09
16 71 2817
16 72 2787.65
16 73 2760.1
16 74 2735.65
16 75 2715.76
16 76 2702.08
16 77 2696.32
16 78 2700.23
16 79 2715.42
16 80 2743.16
16 81 2784.26
16 82 2838.67
16 83 2905.23
16 84 2981.53
16 85 3063.55
16 86 3145.58
16 87 3220.16
16 88 3278.41
16 89 3310.2
16 90 3304.83
16 91 3251.72
16 92 3141.3
16 93 2965.94
16 94 2720.82
16 95 2404.75
16 96 2020.5
16 97 1575.17
16 98 1079.88
16 99 549.122
16 100 0

17 0 0
17 1 603.143
17 2 1184.88
17 3 1725.3
17 4 2207.48
17 5 2618.44
17 6 2949.92
17 7 3198.67
17 8 3366.14
17 9 3458.03
17 10 3483.38
17 11 3453.5
17 12 3380.97
17 13 3278.54
17 14 3158.26
17 15 3030.87
17 16 2905.23
17 17 2788.28
17 18 2684.77
17 19 2597.8
17 20 2528.71
17 21 2477.5
17 22 2443.27
17 23 2424.45
17 24 2419.08
17 25 2425
17 26 2440.08
17 27 2462.29
17 28 2489.79
17 29 2520.98
17 30 2554.44
17 31 2589.05
17 32 2623.83
17 33 2658.05
17 34 2691.11
17 35 2722.57
17 36 2752.14
17 37 2779.54
17 38 2804.68
17 39 2827.48
17 40 2847.93
17 41 2866.07
17 42 2881.95
17 43 2895.66
17 44 2907.29
17 45 2916.91
17 46 2924.66
17 47 2930.58
17 48 2934.76
17 49 2937.24
17 50 2938.07
17 51 2937.24
17 52 2934.76
17 53 2930.58
17 54 2924.66
17 55 2916.91
17 56 2907.29
17 57 2895.66
17 58 2881.95
17 59 2866.07
17 60 2847.93
17 61 2827.48
17 62 2804.68
17 63 2779.54
17 64 2752.14
17 65 2722.57
17 66 2691.11
17 67 2658.05
17 68 2623.83
17 69 2589.05
17 70 2554.44
17 71 2520.98
17 72 2489.79
17 73 2462.29
17 74 2440.08
17 75 2425
17 76 2419.08
17 77 2424.45
17 78 2443.27
17 79 2477.5
17 80 2528.71
17 81 2597.8
17 82 2684.77
17 83 2788.28
17 84 2905.23
17 85 3030.87
17 86 3158.26
17 87 3278.54
17 88 3380.97
17 89 3453.5
17 90 3483.38
17 91 3458.03
17 92 3366.14
17 93 3198.67
17 94 2949.92
17 95 2618.44
17 96 2207.48
17 97 1725.3
17 98 1184.88
17 99 603.143
17 100 0

18 0 0
18 1 649.571
18 2 1275.18
18 3 1854.56
18 4 2368.73
18 5 2803.14
18 6 3148.49
18 7 3401.05
18 8 3562.42
18 9 3638.93
18 10 3640.75
18 11 3580.62
18 12 3472.8
18 13 3331.75
18 14 3171.22
18 15 3003.44
18 16 2838.67
18 17 2684.77
18 18 2547.44
18 19 2430.16
18 20 2334.47
18 21 2260.49
18 22 2207.21
18 23 2172.79
18 24 2154.99
18 25 2151.3
18 26 2159.27
18 27 2176.56
18 28 2201.01
18 29 2230.74
18 30 2264.12
18 31 2299.81
18 32 2336.65
18 33 2373.73
18 34 2410.31
18 35 2445.83
18 36 2479.79
18 37 2511.92
18 38 2541.9
18 39 2569.61
18 40 2594.9
18 41 2617.72
18 42 2638.05
18 43 2655.88
18 44 2671.22
18 45 2684.12
18 46 2694.6
18 47 2702.71
18 48 2708.47
18 49 2711.92
18 50 2713.06
18 51 2711.92
18 52 2708.47
18 53 2702.71
18 54 2694.6
18 55 2684.12
18 56 2671.22
18 57 2655.88
18 58 2638.05
18 59 2617.72
18 60 2594.9
18 61 2569.61
18 62 2541.9
18 63 2511.92
18 64 2479.79
18 65 2445.83
18 66 2410.31
18 67 2373.73
18 68 2336.65
18 69 2299.81
18 70 2264.12
18 71 2230.74
18 72 2201.01
18 73 2176.56
18 74 2159.27
18 75 2151.3
18 76 2154.99
18 77 2172.79
18 78 2207.21
18 79 2260.49
18 80 2334.47
18 81 2430.16
18 82 2547.44
18 83 2684.77
18 84 2838.67
18 85 3003.44
18 86 3171.22
18 87 3331.75
18 88 3472.8
18 89 3580.62
18 90 3640.75
18 91 3638.93
18 92 3562.42
18 93 3401.05
18 94 3148.49
18 95 2803.14
18 96 2368.73
18 97 1854.56
18 98 1275.18
18 99 649.571
18 100 0

19 0 0
19 1 687.508
19 2 1349.07
19 3 1960.6
19 4 2501.44
19 5 2955.78
19 6 3313.41
19 7 3570.12
19 8 3727.49
19 9 3792.29
19 10 3775.41
19 11 3690.75
19 12 3553.78
19 13 3380.38
19 14 3185.65
19 15 2983.18
19 16 2784.26
19 17 2597.8
19 18 2430.16
19 19 2285.22
19 20 2164.88
19 21 2069.33
19 22 1997.45
19 23 1947.28
19 24 1916.31
19 25 1901.81
19 26 1901.01
19 27 1911.32
19 28 1930.37
19 29 1956.05
19 30 1986.55
19 31 2020.35
19 32 2056.19
19 33 2093.03
19 34 2130.01
19 35 2166.45
19 36 2201.85
19 37 2235.71
19 38 2267.77
19 39 2297.71
19 40 2325.37
19 41 2350.59
19 42 2373.29
19 43 2393.37
19 44 2410.82
19 45 2425.58
19 46 2437.67
19 47 2447.06
19 48 2453.78
19 49 2457.79
19 50 2459.14
19 51 2457.79
19 52 2453.78
19 53 2447.06
19 54 2437.67
19 55 2425.58
19 56 2410.82
19 57 2393.37
19 58 2373.29
19 59 2350.59
19 60 2325.37
19 61 2297.71
19 62 2267.77
19 63 2235.71
19 64 2201.85
19 65 2166.45
19 66 2130.01
19 67 2093.03
19 68 2056.19
19 69 2020.35
19 70 1986.55
19 71 1956.05
19 72 1930.37
19 73 1911.32
19 74 1901.01
19 75 1901.81
19 76 1916.31
19 77 1947.28
19 78 1997.45
19 79 2069.33
19 80 2164.88
19 81 2285.22
19 82 2430.16
19 83 2597.8
19 84 2784.26
19 85 2983.18
19 86 3185.65
19 87 3380.38
19 88 3553.78
19 89 3690.75
19 90 3775.41
19 91 3792.29
19 92 3727.49
19 93 3570.12
19 94 3313.41
19 95 2955.78
19 96 2501.44
19 97 1960.6
19 98 1349.07
19 99 687.508
19 100 0

20 0 0
20 1 716.471
20 2 1405.65
20 3 2042.11
20 4 2604.06
20 5 3074.66
20 6 3442.96
20 7 3704.24
20 8 3859.95
20 9 3916.94
20 10 3886.58
20 11 3783.42
20 12 3623.84
20 13 3424.66
20 14 3202.18
20 15 2970.88
20 16 2743.16
20 17 2528.71
20 18 2334.47
20 19 2164.88
20 20 2022.12
20 21 1906.5
20 22 1816.91
20 23 1751.28
20 24 1706.95
20 25 1680.95
20 26 1670.37
20 27 1672.35
20 28 1684.35
20 29 1704.07
20 30 1729.61
20 31 1759.3
20 32 1791.78
20 33 1825.93
20 34 1860.83
20 35 1895.73
20 36 1930.03
20 37 1963.27
20 38 1995
20 39 2024.97
20 40 2052.86
20 41 2078.52
20 42 2101.77
20 43 2122.5
20 44 2140.59
20 45 2156.01
20 46 2168.67
20 47 2178.57
20 48 2185.63
20 49 2189.89
20 50 2191.3
20 51 2189.89
20 52 2185.63
20 53 2178.57
20 54 2168.67
20 55 2156.01
20 56 2140.59
20 57 2122.5
20 58 2101.77
20 59 2078.52
20 60 2052.86
20 61 2024.97
20 62 1995
20 63 1963.27
20 64 1930.03
20 65 1895.73
20 66 1860.83
20 67 1825.93
20 68 1791.78
20 69 1759.3
20 70 1729.61
20 71 1704.07
20 72 1684.35
20 73 1672.35
20 74 1670.37
20 75 1680.95
20 76 1706.95
20 77 1751.28
20 78 1816.91
20 79 1906.5
20 80 2022.12
20 81 2164.88
20 82 2334.47
20 83 2528.71
20 84 2743.16
20 85 2970.88
20 86 3202.18
20 87 3424.66
20 88 3623.84
20 89 3783.42
20 90 3886.58
20 91 3916.94
20 92 3859.95
20 93 3704.24
20 94 3442.96
20 95 3074.66
20 96 2604.06
20 97 2042.11
20 98 1405.65
20 99 716.471
20 100 0

21 0 0
21 1 736.363
21 2 1444.69
21 3 2098.8
21 4 2676.2
21 5 3159.36
21 6 3536.69
21 7 3803.05
21 8 3959.46
21 9 4012.7
21 10 3974.11
21 11 3858.58
21 12 3682.89
21 13 3464.64
21 14 3220.75
21 15 2966.63
21 16 2715.42
21 17 2477.5
21 18 2260.49
21 19 2069.33
21 20 1906.5
21 21 1772.53
21 22 1666.36
21 23 1585.92
21 24 1528.44
21 25 1490.82
21 26 1469.96
21 27 1462.86
21 28 1466.82
21 29 1479.43
21 30 1498.62
21 31 1522.69
21 32 1550.18
21 33 1579.92
21 34 1610.94
21 35 1642.47
21 36 1673.86
21 37 1704.59
21 38 1734.25
21 39 1762.46
21 40 1788.94
21 41 1813.46
21 42 1835.81
21 43 1855.86
21 44 1873.45
21 45 1888.49
21 46 1900.9
21 47 1910.61
21 48 1917.58
21 49 1921.77
21 50 1923.17
21 51 1921.77
21 52 1917.58
21 53 1910.61
21 54 1900.9
21 55 1888.49
21 56 1873.45
21 57 1855.86
21 58 1835.81
21 59 1813.46
21 60 1788.94
21 61 1762.46
21 62 1734.25
21 63 1704.59
21 64 1673.86
21 65 1642.47
21 66 1610.94
21 67 1579.92
21 68 1550.18
21 69 1522.69
21 70 1498.62
21 71 1479.43
21 72 1466.82
21 73 1462.86
21 74 1469.96
21 75 1490.82
21 76 1528.44
21 77 1585.92
21 78 1666.36
21 79 1772.53
21 80 1906.5
21 81 2069.33
21 82 2260.49
21 83 2477.5
21 84 2715.42
21 85 2966.63
21 86 3220.75
21 87 3464.64
21 88 3682.89
21 89 3858.58
21 90 3974.11
21 91 4012.7
21 92 3959.46
21 93 3803.05
21 94 3536.69
21 95 3159.36
21 96 2676.2
21 97 2098.8
21 98 1444.69
21 99 736.363
21 100 0

22 0 0
22 1 747.368
22 2 1466.55
22 3 2131.2
22 4 2718.52
22 5 3210.6
22 6 3595.44
22 7 3867.3
22 8 4026.77
22 9 4080.1
22 10 4038.44
22 11 3916.42
22 12 3731.08
22 13 3500.14
22 14 3241.07
22 15 2969.87
22 16 2700.23
22 17 2443.27
22 18 2207.21
22 19 1997.45
22 20 1816.91
22 21 1666.36
22 22 1544.93
22 23 1450.55
22 24 1380.45
22 25 1331.44
22 26 1300.3
22 27 1283.9
22 28 1279.41
22 29 1284.32
22 30 1296.48
22 31 1314.08
22 32 1335.63
22 33 1359.92
22 34 1385.95
22 35 1412.91
22 36 1440.15
22 37 1467.17
22 38 1493.46
22 39 1518.72
22 40 1542.59
22 41 1564.84
22 42 1585.24
22 43 1603.63
22 44 1619.84
22 45 1633.75
22 46 1645.26
22 47 1654.29
22 48 1660.78
22 49 1664.7
22 50 1666
22 51 1664.7
22 52 1660.78
22 53 1654.29
22 54 1645.26
22 55 1633.75
22 56 1619.84
22 57 1603.63
22 58 1585.24
22 59 1564.84
22 60 1542.59
22 61 1518.72
22 62 1493.46
22 63 1467.17
22 64 1440.15
22 65 1412.91
22 66 1385.95
22 67 1359.92
22 68 1335.63
22 69 1314.08
22 70 1296.48
22 71 1284.32
22 72 1279.41
22 73 1283.9
22 74 1300.3
22 75 1331.44
22 76 1380.45
22 77 1450.55
22 78 1544.93
22 79 1666.36
22 80 1816.91
22 81 1997.45
22 82 2207.21
22 83 2443.27
22 84 2700.23
22 85 2969.87
22 86 3241.07
22 87 3500.14
22 88 3731.08
22 89 3916.42
22 90 4038.44
22 91 4080.1
22 92 4026.77
22 93 3867.3
22 94 3595.44
22 95 3210.6
22 96 2718.52
22 97 2131.2
22 98 1466.55
22 99 747.368
22 100 0

23 0 0
23 1 749.954
23 2 1472.12
23 3 2140.56
23 4 2732.53
23 5 3230.11
23 6 3620.92
23 7 3898.7
23 8 4063.34
23 9 4120.47
23 10 4080.46
23 11 3957.63
23 12 3768.54
23 13 3530.98
23 14 3262.56
23 15 2979.57
23 16 2696.32
23 17 2424.45
23 18 2172.79
23 19 1947.28
23 20 1751.28
23 21 1585.92
23 22 1450.55
23 23 1343.25
23 24 1261.25
23 25 1201.36
23 26 1160.25
23 27 1134.73
23 28 1121.84
23 29 1118.99
23 30 1123.91
23 31 1134.77
23 32 1150.01
23 33 1168.38
23 34 1188.88
23 35 1210.68
23 36 1233.14
23 37 1255.71
23 38 1277.97
23 39 1299.51
23 40 1320.06
23 41 1339.32
23 42 1357.1
23 43 1373.19
23 44 1387.44
23 45 1399.71
23 46 1409.91
23 47 1417.92
23 48 1423.69
23 49 1427.17
23 50 1428.34
23 51 1427.17
23 52 1423.69
23 53 1417.92
23 54 1409.91
23 55 1399.71
23 56 1387.44
23 57 1373.19
23 58 1357.1
23 59 1339.32
23 60 1320.06
23 61 1299.51
23 62 1277.97
23 63 1255.71
23 64 1233.14
23 65 1210.68
23 66 1188.88
23 67 1168.38
23 68 1150.01
23 69 1134.77
23 70 1123.91
23 71 1118.99
23 72 1121.84
23 73 1134.73
23 74 1160.25
23 75 1201.36
23 76 1261.25
23 77 1343.25
23 78 1450.55
23 79 1585.92
23 80 1751.28
23 81 1947.28
23 82 2172.79
23 83 2424.45
23 84 2696.32
23 85 2979.57
23 86 3262.56
23 87 3530.98
23 88 3768.54
23 89 3957.63
23 90 4080.46
23 91 4120.47
23 92 4063.34
23 93 3898.7
23 94 3620.92
23 95 3230.11
23 96 2732.53
23 97 2140.56
23 98 1472.12
23 99 749.954
23 100 0

24 0 0
24 1 744.767
24 2 1462.72
24 3 2128.68
24 4 2720.49
24 5 3220.32
24 6 3615.66
24 7 3899.63
24 8 4071.41
24 9 4135.56
24 10 4101.63
24 11 3983
24 12 3795.62
24 13 3556.94
24 14 3284.42
24 15 2994.58
24 16 2702.08
24 17 2419.08
24 18 2154.99
24 19 1916.31
24 20 1706.95
24 21 1528.44
24 22 1380.45
24 23 1261.25
24 24 1168.18
24 25 1098.07
24 26 1047.56
24 27 1013.35
24 28 992.423
24 29 982.075
24 30 980.007
24 31 984.244
24 32 993.253
24 33 1005.72
24 34 1020.63
24 35 1037.14
24 36 1054.63
24 37 1072.54
24 38 1090.45
24 39 1108
24 40 1124.87
24 41 1140.82
24 42 1155.63
24 43 1169.11
24 44 1181.1
24 45 1191.47
24 46 1200.1
24 47 1206.91
24 48 1211.82
24 49 1214.79
24 50 1215.77
24 51 1214.79
24 52 1211.82
24 53 1206.91
24 54 1200.1
24 55 1191.47
24 56 1181.1
24 57 1169.11
24 58 1155.63
24 59 1140.82
24 60 1124.87
24 61 1108
24 62 1090.45
24 63 1072.54
24 64 1054.63
24 65 1037.14
24 66 1020.63
24 67 1005.72
24 68 993.253
24 69 984.244
24 70 980.007
24 71 982.075
24 72 992.423
24 73 1013.35
24 74 1047.56
24 75 1098.07
24 76 1168.18
24 77 1261.25
24 78 1380.45
24 79 1528.44
24 80 1706.95
24 81 1916.31
24 82 2154.99
24 83 2419.08
24 84 2702.08
24 85 2994.58
24 86 3284.42
24 87 3556.94
24 88 3795.62
24 89 3983
24 90 4101.63
24 91 4135.56
24 92 4071.41
24 93 3899.63
24 94 3615.66
24 95 3220.32
24 96 2720.49
24 97 2128.68
24 98 1462.72
24 99 744.767
24 100 0

25 0 0
25 1 732.679
25 2 1439.96
25 3 2097.85
25 4 2685.07
25 5 3184.25
25 6 3582.68
25 7 3873.09
25 8 4053.55
25 9 4127.64
25 10 4103.59
25 11 3993.61
25 12 3812.8
25 13 3577.85
25 14 3305.96
25 15 3013.63
25 16 2715.76
25 17 2425
25 18 2151.3
25 19 1901.81
25 20 1680.95
25 21 1490.82
25 22 1331.44
25 23 1201.36
25 24 1098.07
25 25 1018.48
25 26 959.196
25 27 916.915
25 28 888.505
25 29 871.193
25 30 862.578
25 31 860.664
25 32 863.813
25 33 870.703
25 34 880.299
25 35 891.765
25 36 904.439
25 37 917.808
25 38 931.468
25 39 945.028
25 40 958.245
25 41 970.842
25 42 982.624
25 43 993.423
25 44 1003.07
25 45 1011.45
25 46 1018.45
25 47 1023.99
25 48 1027.99
25 49 1030.41
25 50 1031.22
25 51 1030.41
25 52 1027.99
25 53 1023.99
25 54 1018.45
25 55 1011.45
25 56 1003.07
25 57 993.423
25 58 982.624
25 59 970.842
25 60 958.245
25 61 945.028
25 62 931.468
25 63 917.808
25 64 904.439
25 65 891.765
25 66 880.299
25 67 870.703
25 68 863.813
25 69 860.664
25 70 862.578
25 71 871.193
25 72 888.505
25 73 916.915
25 74 959.196
25 75 1018.48
25 76 1098.07
25 77 1201.36
25 78 1331.44
25 79 1490.82
25 80 1680.95
25 81 1901.81
25 82 2151.3
25 83 2425
25 84 2715.76
25 85 3013.63
25 86 3305.96
25 87 3577.85
25 88 3812.8
25 89 3993.61
25 90 4103.59
25 91 4127.64
25 92 4053.55
25 93 3873.09
25 94 3582.68
25 95 3184.25
25 96 2685.07
25 97 2097.85
25 98 1439.96
25 99 732.679
25 100 0

26 0 0
26 1 714.605
26 2 1405.6
26 3 2050.54
26 4 2629.36
26 5 3125.2
26 6 3525.49
26 7 3822.3
26 8 4012.81
26 9 4099.18
26 10 4088.22
26 11 3990.74
26 12 3820.6
26 13 3593.62
26 14 3326.47
26 15 3035.46
26 16 2735.65
26 17 2440.08
26 18 2159.27
26 19 1901.01
26 20 1670.37
26 21 1469.96
26 22 1300.3
26 23 1160.25
26 24 1047.56
26 25 959.196
26 26 891.855
26 27 842.135
26 28 806.897
26 29 783.253
26 30 768.74
26 31 761.252
26 32 759.131
26 33 761.002
26 34 765.792
26 35 772.653
26 36 780.946
26 37 790.147
26 38 799.837
26 39 809.723
26 40 819.475
26 41 828.916
26 42 837.825
26 43 846.052
26 44 853.456
26 45 859.919
26 46 865.339
26 47 869.64
26 48 872.753
26 49 874.642
26 50 875.271
26 51 874.642
26 52 872.753
26 53 869.64
26 54 865.339
26 55 859.919
26 56 853.456
26 57 846.052
26 58 837.825
26 59 828.916
26 60 819.475
26 61 809.723
26 62 799.837
26 63 790.147
26 64 780.946
26 65 772.653
26 66 765.792
26 67 761.002
26 68 759.131
26 69 761.252
26 70 768.74
26 71 783.253
26 72 806.897
26 73 842.135
26 74 891.855
26 75 959.196
26 76 1047.56
26 77 1160.25
26 78 1300.3
26 79 1469.96
26 80 1670.37
26 81 1901.01
26 82 2159.27
26 83 2440.08
26 84 2735.65
26 85 3035.46
26 86 3326.47
26 87 3593.62
26 88 3820.6
26 89 3990.74
26 90 4088.22
26 91 4099.18
26 92 4012.81
26 93 3822.3
26 94 3525.49
26 95 3125.2
26 96 2629.36
26 97 2050.54
26 98 1405.6
26 99 714.605
26 100 0

27 0 0
27 1 691.523
27 2 1361.5
27 3 1989.43
27 4 2556.49
27 5 3046.76
27 6 3447.68
27 7 3750.82
27 8 3952.31
27 9 4052.8
27 10 4057.54
27 11 3975.69
27 12 3819.69
27 13 3604.27
27 14 3345.33
27 15 3058.91
27 16 2760.1
27 17 2462.29
27 18 2176.56
27 19 1911.32
27 20 1672.35
27 21 1462.86
27 22 1283.9
27 23 1134.73
27 24 1013.35
27 25 916.915
27 26 842.135
27 27 785.669
27 28 744.232
27 29 714.935
27 30 695.166
27 31 682.814
27 32 676.067
27 33 673.561
27 34 674.166
27 35 677.031
27 36 681.476
27 37 687.01
27 38 693.241
27 39 699.813
27 40 706.528
27 41 713.115
27 42 719.447
27 43 725.351
27 44 730.717
27 45 735.428
27 46 739.409
27 47 742.572
27 48 744.879
27 49 746.271
27 50 746.744
27 51 746.271
27 52 744.879
27 53 742.572
27 54 739.409
27 55 735.428
27 56 730.717
27 57 725.351
27 58 719.447
27 59 713.115
27 60 706.528
27 61 699.813
27 62 693.241
27 63 687.01
27 64 681.476
27 65 677.031
27 66 674.166
27 67 673.561
27 68 676.067
27 69 682.814
27 70 695.166
27 71 714.935
27 72 744.232
27 73 785.669
27 74 842.135
27 75 916.915
27 76 1013.35
27 77 1134.73
27 78 1283.9
27 79 1462.86
27 80 1672.35
27 81 1911.32
27 82 2176.56
27 83 2462.29
27 84 2760.1
27 85 3058.91
27 86 3345.33
27 87 3604.27
27 88 3819.69
27 89 3975.69
27 90 4057.54
27 91 4052.8
27 92 3952.31
27 93 3750.82
27 94 3447.68
27 95 3046.76
27 96 2556.49
27 97 1989.43
27 98 1361.5
27 99 691.523
27 100 0

28 0 0
28 1 664.393
28 2 1309.61
28 3 1917.1
28 4 2469.75
28 5 2952.45
28 6 3352.9
28 7 3662.17
28 8 3875.2
28 9 3991.23
28 10 4013.65
28 11 3949.91
28 12 3810.83
28 13 3609.86
28 14 3362.04
28 15 3082.95
28 16 2787.65
28 17 2489.79
28 18 2201.01
28 19 1930.37
28 20 1684.35
28 21 1466.82
28 22 1279.41
28 23 1121.84
28 24 992.423
28 25 888.505
28 26 806.897
28 27 744.232
28 28 697.24
28 29 662.897
28 30 638.558
28 31 621.955
28 32 611.291
28 33 605.06
28 34 602.144
28 35 601.619
28 36 602.856
28 37 605.288
28 38 608.567
28 39 612.371
28 40 616.45
28 41 620.623
28 42 624.73
28 43 628.627
28 44 632.232
28 45 635.42
28 46 638.146
28 47 640.32
28 48 641.915
28 49 642.879
28 50 643.208
28 51 642.879
28 52 641.915
28 53 640.32
28 54 638.146
28 55 635.42
28 56 632.232
28 57 628.627
28 58 624.73
28 59 620.623
28 60 616.45
28 61 612.371
28 62 608.567
28 63 605.288
28 64 602.856
28 65 601.619
28 66 602.144
28 67 605.06
28 68 611.291
28 69 621.955
28 70 638.558
28 71 662.897
28 72 697.24
28 73 744.232
28 74 806.897
28 75 888.505
28 76 992.423
28 77 1121.84
28 78 1279.41
28 79 1466.82
28 80 1684.35
28 81 1930.37
28 82 2201.01
28 83 2489.79
28 84 2787.65
28 85 3082.95
28 86 3362.04
28 87 3609.86
28 88 3810.83
28 89 3949.91
28 90 4013.65
28 91 3991.23
28 92 3875.2
28 93 3662.17
28 94 3352.9
28 95 2952.45
28 96 2469.75
28 97 1917.1
28 98 1309.61
28 99 664.393
28 100 0

29 0 0
29 1 634.208
29 2 1251.72
29 3 1836.2
29 4 2372.26
29 5 2845.77
29 6 3244.74
29 7 3559.73
29 8 3784.65
29 9 3917.08
29 10 3958.63
29 11 3914.84
29 12 3794.83
29 13 3610.61
29 14 3376.24
29 15 3106.72
29 16 2817
29 17 2520.98
29 18 2230.74
29 19 1956.05
29 20 1704.07
29 21 1479.43
29 22 1284.32
29 23 1118.99
29 24 982.075
29 25 871.193
29 26 783.253
29 27 714.935
29 28 662.897
29 29 624.084
29 30 595.736
29 31 575.532
29 32 561.528
29 33 552.217
29 34 546.387
29 35 543.115
29 36 541.692
29 37 541.619
29 38 542.491
29 39 543.999
29 40 545.947
29 41 548.111
29 42 550.379
29 43 552.625
29 44 554.747
29 45 556.683
29 46 558.346
29 47 559.702
29 48 560.693
29 49 561.305
29 50 561.506
29 51 561.305
29 52 560.693
29 53 559.702
29 54 558.346
29 55 556.683
29 56 554.747
29 57 552.625
29 58 550.379
29 59 548.111
29 60 545.947
29 61 543.999
29 62 542.491
29 63 541.619
29 64 541.692
29 65 543.115
29 66 546.387
29 67 552.217
29 68 561.528
29 69 575.532
29 70 595.736
29 71 624.084
29 72 662.897
29 73 714.935
29 74 783.253
29 75 871.193
29 76 982.075
29 77 1118.99
29 78 1284.32
29 79 1479.43
29 80 1704.07
29 81 1956.05
29 82 2230.74
29 83 2520.98
29 84 2817
29 85 3106.72
29 86 3376.24
29 87 3610.61
29 88 3794.83
29 89 3914.84
29 90 3958.63
29 91 3917.08
29 92 3784.65
29 93 3559.73
29 94 3244.74
29 95 2845.77
29 96 2372.26
29 97 1836.2
29 98 1251.72
29 99 634.208
29 100 0

30 0 0
30 1 601.876
30 2 1189.59
30 3 1749.2
30 4 2266.95
30 5 2729.99
30 6 3126.53
30 7 3446.82
