0 0 0
0 1 0
0 2 0
0 3 0
0 4 0
0 5 0
0 6 0
0 7 0
0 8 0
0 9 0
0 10 0
0 11 0
0 12 0
0 13 0
0 14 0
0 15 0
0 16 0
0 17 0
0 18 0
0 19 0
0 20 0
0 21 0
0 22 0
0 23 0
0 24 0
0 25 0
0 26 0
0 27 0
0 28 0
0 29 0
0 30 0
0 31 0
0 32 0
0 33 0
0 34 0
0 35 0
0 36 0
0 37 0
0 38 0
0 39 0
0 40 0
0 41 0
0 42 0
0 43 0
0 44 0
0 45 0
0 46 0
0 47 0
0 48 0
0 49 0
0 50 0
0 51 0
0 52 0
0 53 0
0 54 0
0 55 0
0 56 0
0 57 0
0 58 0
0 59 0
0 60 0
0 61 0
0 62 0
0 63 0
0 64 0
0 65 0
0 66 0
0 67 0
0 68 0
0 69 0
0 70 0
0 71 0
0 72 0
0 73 0
0 74 0
0 75 0
0 76 0
0 77 0
0 78 0
0 79 0
0 80 0
0 81 0
0 82 0
0 83 0
0 84 0
0 85 0
0 86 0
0 87 0
0 88 0
0 89 0
0 90 0
0 91 0
0 92 0
0 93 0
0 94 0
0 95 0
0 96 0
0 97 0
0 98 0
0 99 0
0 100 0

1 0 0
1 1 -94.2336
1 2 -186.223
1 3 -273.713
1 4 -354.479
1 5 -426.324
1 6 -487.161
1 7 -535.091
1 8 -568.494
1 9 -586.172
1 10 -587.447
1 11 -572.277
1 12 -541.31
1 13 -495.935
1 14 -438.21
1 15 -370.816
1 16 -296.884
1 17 -219.799
1 18 -143.028
1 19 -69.8275
1 20 -3.08887
1 21 54.8577
1 22 102.38
1 23 138.57
1 24 163.262
1 25 176.957
1 26 180.727
1 27 176.025
1 28 164.599
1 29 148.251
1 30 128.741
1 31 107.663
1 32 86.3766
1 33 65.9415
1 34 47.123
1 35 30.4156
1 36 16.0382
1 37 4.03232
1 38 -5.71525
1 39 -13.402
1 40 -19.324
1 41 -23.7605
1 42 -26.994
1 43 -29.2709
1 44 -30.8432
1 45 -31.8923
1 46 -32.5687
1 47 -32.9692
1 48 -33.2162
1 49 -33.3416
1 50 -33.3686
1 51 -33.3416
1 52 -33.2162
1 53 -32.9692
1 54 -32.5687
1 55 -31.8923
1 56 -30.8432
1 57 -29.2709
1 58 -26.994
1 59 -23.7605
1 60 -19.324
1 61 -13.402
1 62 -5.71525
1 63 4.03232
1 64 16.0382
1 65 30.4156
1 66 47.123
1 67 65.9415
1 68 86.3766
1 69 107.663
1 70 128.741
1 71 148.251
1 72 164.599
1 73 176.025
1 74 180.727
1 75 176.957
1 76 163.262
1 77 138.57
1 78 102.38
1 79 54.8577
1 80 -3.08887
1 81 -69.8275
1 82 -143.028
1 83 -219.799
1 84 -296.884
1 85 -370.816
1 86 -438.21
1 87 -495.935
1 88 -541.31
1 89 -572.277
1 90 -587.447
1 91 -586.172
1 92 -568.494
1 93 -535.091
1 94 -487.161
1 95 -426.324
1 96 -354.479
1 97 -273.713
1 98 -186.223
1 99 -94.2336
1 100 0

2 0 0
2 1 -186.223
2 2 -367.997
2 3 -540.856
2 4 -700.401
2 5 -842.297
2 6 -962.44
2 7 -1057.09
2 8 -1123.09
2 9 -1158.09
2 10 -1160.77
2 11 -1131.05
2 12 -1070.2
2 13 -980.958
2 14 -867.357
2 15 -734.655
2 16 -589.001
2 17 -437.041
2 18 -285.585
2 19 -141.031
2 20 -9.08753
2 21 105.645
2 22 199.906
2 23 271.874
2 24 321.176
2 25 348.772
2 26 356.732
2 27 347.901
2 28 325.679
2 29 293.619
2 30 255.197
2 31 213.576
2 32 171.457
2 33 130.939
2 34 93.5538
2 35 60.2993
2 36 31.6537
2 37 7.70022
2 38 -11.7798
2 39 -27.1843
2 40 -39.0556
2 41 -47.9509
2 42 -54.448
2 43 -59.0481
2 44 -62.2213
2 45 -64.3266
2 46 -65.6882
2 47 -66.5324
2 48 -67.0097
2 49 -67.2478
2 50 -67.3561
2 51 -67.2478
2 52 -67.0097
2 53 -66.5324
2 54 -65.6882
2 55 -64.3266
2 56 -62.2213
2 57 -59.0481
2 58 -54.448
2 59 -47.9509
2 60 -39.0556
2 61 -27.1843
2 62 -11.7798
2 63 7.70022
2 64 31.6537
2 65 60.2993
2 66 93.5538
2 67 130.939
2 68 171.457
2 69 213.576
2 70 255.197
2 71 293.619
2 72 325.679
2 73 347.901
2 74 356.732
2 75 348.772
2 76 321.176
2 77 271.874
2 78 199.906
2 79 105.645
2 80 -9.08753
2 81 -141.031
2 82 -285.585
2 83 -437.041
2 84 -589.001
2 85 -734.655
2 86 -867.357
2 87 -980.958
2 88 -1070.2
2 89 -1131.05
2 90 -1160.77
2 91 -1158.09
2 92 -1123.09
2 93 -1057.09
2 94 -962.44
2 95 -842.297
2 96 -700.401
2 97 -540.856
2 98 -367.997
2 99 -186.223
2 100 0

3 0 0
3 1 -273.713
3 2 -540.856
3 3 -794.854
3 4 -1029.23
3 5 -1237.64
3 6 -1414.07
3 7 -1553.1
3 8 -1650.11
3 9 -1701.74
3 10 -1706.06
3 11 -1663
3 12 -1574.44
3 13 -1444.31
3 14 -1278.5
3 15 -1084.63
3 16 -871.611
3 17 -649.127
3 18 -427.067
3 19 -214.807
3 20 -20.6893
3 21 148.505
3 22 287.945
3 23 394.869
3 24 468.637
3 25 510.532
3 26 523.486
3 27 511.601
3 28 479.81
3 29 433.299
3 30 377.159
3 31 316.045
3 32 253.947
3 33 194.024
3 34 138.584
3 35 89.1376
3 36 46.4145
3 37 10.5964
3 38 -18.5989
3 39 -41.7288
3 40 -59.6057
3 41 -73.048
3 42 -82.8816
3 43 -89.8506
3 44 -94.6712
3 45 -97.8991
3 46 -99.9869
3 47 -101.245
3 48 -102.006
3 49 -102.4
3 50 -102.489
3 51 -102.4
3 52 -102.006
3 53 -101.245
3 54 -99.9869
3 55 -97.8991
3 56 -94.6712
3 57 -89.8506
3 58 -82.8816
3 59 -73.048
3 60 -59.6057
3 61 -41.7288
3 62 -18.5989
3 63 10.5964
3 64 46.4145
3 65 89.1376
3 66 138.584
3 67 194.024
3 68 253.947
3 69 316.045
3 70 377.159
3 71 433.299
3 72 479.81
3 73 511.601
3 74 523.486
3 75 510.532
3 76 468.637
3 77 394.869
3 78 287.945
3 79 148.505
3 80 -20.6893
3 81 -214.807
3 82 -427.067
3 83 -649.127
3 84 -871.611
3 85 -1084.63
3 86 -1278.5
3 87 -1444.31
3 88 -1574.44
3 89 -1663
3 90 -1706.06
3 91 -1701.74
3 92 -1650.11
3 93 -1553.1
3 94 -1414.07
3 95 -1237.64
3 96 -1029.23
3 97 -794.854
3 98 -540.856
3 99 -273.713
3 100 0

4 0 0
4 1 -354.479
4 2 -700.401
4 3 -1029.23
4 4 -1332.57
4 5 -1602.23
4 6 -1830.51
4 7 -2010.44
4 8 -2136.2
4 9 -2203.48
4 10 -2209.9
4 11 -2155.35
4 12 -2042.26
4 13 -1875.64
4 14 -1662.98
4 15 -1413.96
4 16 -1139.95
4 17 -853.294
4 18 -566.63
4 19 -291.992
4 20 -40.1446
4 21 180.119
4 22 362.42
4 23 503.047
4 24 600.975
4 25 657.681
4 26 676.757
4 27 663.378
4 28 623.774
4 29 564.601
4 30 492.438
4 31 413.347
4 32 332.555
4 33 254.231
4 34 181.47
4 35 116.305
4 36 59.8177
4 37 12.293
4 38 -26.5718
4 39 -57.4986
4 40 -81.4604
4 41 -99.5297
4 42 -112.791
4 43 -122.248
4 44 -128.801
4 45 -133.19
4 46 -136.03
4 47 -137.806
4 48 -138.827
4 49 -139.341
4 50 -139.545
4 51 -139.341
4 52 -138.827
4 53 -137.806
4 54 -136.03
4 55 -133.19
4 56 -128.801
4 57 -122.248
4 58 -112.791
4 59 -99.5297
4 60 -81.4604
4 61 -57.4986
4 62 -26.5718
4 63 12.293
4 64 59.8177
4 65 116.305
4 66 181.47
4 67 254.231
4 68 332.555
4 69 413.347
4 70 492.438
4 71 564.601
4 72 623.774
4 73 663.378
4 74 676.757
4 75 657.681
4 76 600.975
4 77 503.047
4 78 362.42
4 79 180.119
4 80 -40.1446
4 81 -291.992
4 82 -566.63
4 83 -853.294
4 84 -1139.95
4 85 -1413.96
4 86 -1662.98
4 87 -1875.64
4 88 -2042.26
4 89 -2155.35
4 90 -2209.9
4 91 -2203.48
4 92 -2136.2
4 93 -2010.44
4 94 -1830.51
4 95 -1602.23
4 96 -1332.57
4 97 -1029.23
4 98 -700.401
4 99 -354.479
4 100 0

5 0 0
5 1 -426.324
5 2 -842.297
5 3 -1237.64
5 4 -1602.23
5 5 -1926.3
5 6 -2200.66
5 7 -2417.08
5 8 -2568.69
5 9 -2650.44
5 10 -2659.56
5 11 -2595.98
5 12 -2462.52
5 13 -2265.1
5 14 -2012.51
5 15 -1716.12
5 16 -1389.29
5 17 -1046.62
5 18 -703.03
5 19 -372.883
5 20 -69.0424
5 21 197.847
5 22 419.964
5 23 592.597
5 24 714.231
5 25 786.318
5 26 812.875
5 27 799.889
5 28 754.654
5 29 685.08
5 30 599.053
5 31 503.909
5 32 406.021
5 33 310.573
5 34 221.433
5 35 141.209
5 36 71.3337
5 37 12.2887
5 38 -36.2127
5 39 -74.9667
5 40 -105.121
5 41 -127.96
5 42 -144.79
5 43 -156.844
5 44 -165.226
5 45 -170.875
5 46 -174.556
5 47 -176.83
5 48 -178.176
5 49 -178.888
5 50 -179.065
5 51 -178.888
5 52 -178.176
5 53 -176.83
5 54 -174.556
5 55 -170.875
5 56 -165.226
5 57 -156.844
5 58 -144.79
5 59 -127.96
5 60 -105.121
5 61 -74.9667
5 62 -36.2127
5 63 12.2887
5 64 71.3337
5 65 141.209
5 66 221.433
5 67 310.573
5 68 406.021
5 69 503.909
5 70 599.053
5 71 685.08
5 72 754.654
5 73 799.889
5 74 812.875
5 75 786.318
5 76 714.231
5 77 592.597
5 78 419.964
5 79 197.847
5 80 -69.0424
5 81 -372.883
5 82 -703.03
5 83 -1046.62
5 84 -1389.29
5 85 -1716.12
5 86 -2012.51
5 87 -2265.1
5 88 -2462.52
5 89 -2595.98
5 90 -2659.56
5 91 -2650.44
5 92 -2568.69
5 93 -2417.08
5 94 -2200.66
5 95 -1926.3
5 96 -1602.23
5 97 -1237.64
5 98 -842.297
5 99 -426.324
5 100 0

6 0 0
6 1 -487.161
6 2 -962.44
6 3 -1414.07
6 4 -1830.51
6 5 -2200.66
6 6 -2514.17
6 7 -2761.78
6 8 -2935.85
6 9 -3030.75
6 10 -3043.43
6 11 -2973.79
6 12 -2825.01
6 13 -2603.6
6 14 -2319.33
6 15 -1984.8
6 16 -1614.89
6 17 -1225.88
6 18 -834.53
6 19 -457.053
6 20 -108.114
6 21 200.051
6 22 458.232
6 23 660.724
6 24 805.352
6 25 893.342
6 26 928.843
6 27 918.375
6 28 869.995
6 29 792.615
6 30 695.221
6 31 586.261
6 32 473.178
6 33 362.103
6 34 257.713
6 35 163.182
6 36 80.395
6 37 10.0472
6 38 -48.0232
6 39 -94.6814
6 40 -131.153
6 41 -158.922
6 42 -179.482
6 43 -194.291
6 44 -204.637
6 45 -211.653
6 46 -216.223
6 47 -219.106
6 48 -220.801
6 49 -221.661
6 50 -221.96
6 51 -221.661
6 52 -220.801
6 53 -219.106
6 54 -216.223
6 55 -211.653
6 56 -204.637
6 57 -194.291
6 58 -179.482
6 59 -158.922
6 60 -131.153
6 61 -94.6814
6 62 -48.0232
6 63 10.0472
6 64 80.395
6 65 163.182
6 66 257.713
6 67 362.103
6 68 473.178
6 69 586.261
6 70 695.221
6 71 792.615
6 72 869.995
6 73 918.375
6 74 928.843
6 75 893.342
6 76 805.352
6 77 660.724
6 78 458.232
6 79 200.051
6 80 -108.114
6 81 -457.053
6 82 -834.53
6 83 -1225.88
6 84 -1614.89
6 85 -1984.8
6 86 -2319.33
6 87 -2603.6
6 88 -2825.01
6 89 -2973.79
6 90 -3043.43
6 91 -3030.75
6 92 -2935.85
6 93 -2761.78
6 94 -2514.17
6 95 -2200.66
6 96 -1830.51
6 97 -1414.07
6 98 -962.44
6 99 -487.161
6 100 0

7 0 0
7 1 -535.091
7 2 -1057.09
7 3 -1553.1
7 4 -2010.44
7 5 -2417.08
7 6 -2761.78
7 7 -3034.6
7 8 -3227.33
7 9 -3333.96
7 10 -3351.24
7 11 -3279.03
7 12 -3120.65
7 13 -2882.98
7 14 -2576.33
7 15 -2214.05
7 16 -1811.97
7 17 -1387.53
7 18 -958.74
7 19 -543.217
7 20 -157.009
7 21 186.254
7 22 476.126
7 23 705.834
7 24 872.436
7 25 976.675
7 26 1022.57
7 27 1016.83
7 28 967.948
7 29 885.554
7 30 779.5
7 31 659.186
7 32 533.007
7 33 407.997
7 34 289.59
7 35 181.617
7 36 86.4303
7 37 5.06039
7 38 -62.5372
7 39 -117.171
7 40 -160.127
7 41 -193.005
7 42 -217.495
7 43 -235.25
7 44 -247.724
7 45 -256.212
7 46 -261.809
7 47 -265.347
7 48 -267.426
7 49 -268.535
7 50 -268.841
7 51 -268.535
7 52 -267.426
7 53 -265.347
7 54 -261.809
7 55 -256.212
7 56 -247.724
7 57 -235.25
7 58 -217.495
7 59 -193.005
7 60 -160.127
7 61 -117.171
7 62 -62.5372
7 63 5.06039
7 64 86.4303
7 65 181.617
7 66 289.59
7 67 407.997
7 68 533.007
7 69 659.186
7 70 779.5
7 71 885.554
7 72 967.948
7 73 1016.83
7 74 1022.57
7 75 976.675
7 76 872.436
7 77 705.834
7 78 476.126
7 79 186.254
7 80 -157.009
7 81 -543.217
7 82 -958.74
7 83 -1387.53
7 84 -1811.97
7 85 -2214.05
7 86 -2576.33
7 87 -2882.98
7 88 -3120.65
7 89 -3279.03
7 90 -3351.24
7 91 -3333.96
7 92 -3227.33
7 93 -3034.6
7 94 -2761.78
7 95 -2417.08
7 96 -2010.44
7 97 -1553.1
7 98 -1057.09
7 99 -535.091
7 100 0

8 0 0
8 1 -568.494
8 2 -1123.09
8 3 -1650.11
8 4 -2136.2
8 5 -2568.69
8 6 -2935.85
8 7 -3227.33
8 8 -3434.63
8 9 -3551.5
8 10 -3574.54
8 11 -3503.55
8 12 -3341.8
8 13 -3096.19
8 14 -2777.17
8 15 -2398.32
8 16 -1975.83
8 17 -1527.68
8 18 -1072.6
8 19 -629.068
8 20 -214.187
8 21 157.337
8 22 473.914
8 23 727.74
8 24 914.93
8 25 1035.53
8 26 1093.1
8 27 1094.18
8 28 1047.44
8 29 962.884
8 30 850.988
8 31 721.884
8 32 584.806
8 33 447.61
8 34 316.531
8 35 196.035
8 36 89.0171
8 37 -3.14638
8 38 -80.2164
8 39 -142.919
8 40 -192.533
8 41 -230.774
8 42 -259.443
8 43 -280.344
8 44 -295.127
8 45 -305.289
8 46 -312.009
8 47 -316.282
8 48 -318.852
8 49 -320.169
8 50 -320.592
8 51 -320.169
8 52 -318.852
8 53 -316.282
8 54 -312.009
8 55 -305.289
8 56 -295.127
8 57 -280.344
8 58 -259.443
8 59 -230.774
8 60 -192.533
8 61 -142.919
8 62 -80.2164
8 63 -3.14638
8 64 89.0171
8 65 196.035
8 66 316.531
8 67 447.61
8 68 584.806
8 69 721.884
8 70 850.988
8 71 962.884
8 72 1047.44
8 73 1094.18
8 74 1093.1
8 75 1035.53
8 76 914.93
8 77 727.74
8 78 473.914
8 79 157.337
8 80 -214.187
8 81 -629.068
8 82 -1072.6
8 83 -1527.68
8 84 -1975.83
8 85 -2398.32
8 86 -2777.17
8 87 -3096.19
8 88 -3341.8
8 89 -3503.55
8 90 -3574.54
8 91 -3551.5
8 92 -3434.63
8 93 -3227.33
8 94 -2935.85
8 95 -2568.69
8 96 -2136.2
8 97 -1650.11
8 98 -1123.09
8 99 -568.494
8 100 0

9 0 0
9 1 -586.172
9 2 -1158.09
9 3 -1701.74
9 4 -2203.48
9 5 -2650.44
9 6 -3030.75
9 7 -3333.96
9 8 -3551.5
9 9 -3677.05
9 10 -3707.1
9 11 -3641.26
9 12 -3482.55
9 13 -3237.61
9 14 -2916.5
9 15 -2532.57
9 16 -2101.77
9 17 -1642.04
9 18 -1172.25
9 19 -711.267
9 20 -276.775
9 21 115.661
9 22 453.501
9 23 727.85
9 24 933.806
9 25 1070.47
9 26 1140.68
9 27 1150.49
9 28 1108.37
9 29 1024.4
9 30 909.39
9 31 774.049
9 32 628.287
9 33 480.721
9 34 338.296
9 35 206.204
9 36 87.8889
9 37 -14.7795
9 38 -101.31
9 39 -172.217
9 40 -228.748
9 41 -272.605
9 42 -305.724
9 43 -330.055
9 44 -347.408
9 45 -359.387
9 46 -367.4
9 47 -372.561
9 48 -375.629
9 49 -377.267
9 50 -377.759
9 51 -377.267
9 52 -375.629
9 53 -372.561
9 54 -367.4
9 55 -359.387
9 56 -347.408
9 57 -330.055
9 58 -305.724
9 59 -272.605
9 60 -228.748
9 61 -172.217
9 62 -101.31
9 63 -14.7795
9 64 87.8889
9 65 206.204
9 66 338.296
9 67 480.721
9 68 628.287
9 69 774.049
9 70 909.39
9 71 1024.4
9 72 1108.37
9 73 1150.49
9 74 1140.68
9 75 1070.47
9 76 933.806
9 77 727.85
9 78 453.501
9 79 115.661
9 80 -276.775
9 81 -711.267
9 82 -1172.25
9 83 -1642.04
9 84 -2101.77
9 85 -2532.57
9 86 -2916.5
9 87 -3237.61
9 88 -3482.55
9 89 -3641.26
9 90 -3707.1
9 91 -3677.05
9 92 -3551.5
9 93 -3333.96
9 94 -3030.75
9 95 -2650.44
9 96 -2203.48
9 97 -1701.74
9 98 -1158.09
9 99 -586.172
9 100 0

10 0 0
10 1 -587.447
10 2 -1160.77
10 3 -1706.06
10 4 -2209.9
10 5 -2659.56
10 6 -3043.43
10 7 -3351.24
10 8 -3574.54
10 9 -3707.1
10 10 -3745.28
10 11 -3688.39
10 12 -3539.03
10 13 -3303.15
10 14 -2990.12
10 15 -2612.44
10 16 -2185.35
10 17 -1726.1
10 18 -1253.22
10 19 -785.405
10 20 -340.603
10 21 65.1069
10 22 418.353
10 23 709.223
10 24 931.668
10 25 1083.68
10 26 1167.09
10 27 1187.13
10 28 1151.78
10 29 1070.88
10 30 955.334
10 31 816.164
10 32 663.834
10 33 507.595
10 34 355.137
10 35 212.329
10 36 83.2519
10 37 -29.7495
10 38 -125.761
10 39 -205.066
10 40 -268.783
10 41 -318.615
10 42 -356.543
10 43 -384.616
10 44 -404.792
10 45 -418.876
10 46 -428.377
10 47 -434.498
10 48 -438.249
10 49 -440.205
10 50 -440.82
10 51 -440.205
10 52 -438.249
10 53 -434.498
10 54 -428.377
10 55 -418.876
10 56 -404.792
10 57 -384.616
10 58 -356.543
10 59 -318.615
10 60 -268.783
10 61 -205.066
10 62 -125.761
10 63 -29.7495
10 64 83.2519
10 65 212.329
10 66 355.137
10 67 507.595
10 68 663.834
10 69 816.164
10 70 955.334
10 71 1070.88
10 72 1151.78
10 73 1187.13
10 74 1167.09
10 75 1083.68
10 76 931.668
10 77 709.223
10 78 418.353
10 79 65.1069
10 80 -340.603
10 81 -785.405
10 82 -1253.22
10 83 -1726.1
10 84 -2185.35
10 85 -2612.44
10 86 -2990.12
10 87 -3303.15
10 88 -3539.03
10 89 -3688.39
10 90 -3745.28
10 91 -3707.1
10 92 -3574.54
10 93 -3351.24
10 94 -3043.43
10 95 -2659.56
10 96 -2209.9
10 97 -1706.06
10 98 -1160.77
10 99 -587.447
10 100 0

11 0 0
11 1 -572.277
11 2 -1131.05
11 3 -1663
11 4 -2155.35
11 5 -2595.98
11 6 -2973.79
11 7 -3279.03
11 8 -3503.55
11 9 -3641.26
11 10 -3688.39
11 11 -3643.88
11 12 -3509.64
11 13 -3290.68
11 14 -2995.22
11 15 -2634.5
11 16 -2222.46
11 17 -1775.25
11 18 -1310.44
11 19 -846.199
11 20 -400.269
11 21 10.9765
11 22 373.568
11 23 676.577
11 24 912.803
11 25 1078.94
11 26 1175.58
11 27 1206.89
11 28 1180.02
11 29 1104.31
11 30 990.459
11 31 849.631
11 32 692.634
11 33 529.31
11 34 367.983
11 35 215.266
11 36 75.8314
11 37 -47.353
11 38 -152.964
11 39 -240.925
11 40 -312.217
11 41 -368.434
11 42 -411.584
11 43 -443.789
11 44 -467.174
11 45 -483.63
11 46 -494.83
11 47 -502.175
11 48 -506.639
11 49 -509.043
11 50 -509.791
11 51 -509.043
11 52 -506.639
11 53 -502.175
11 54 -494.83
11 55 -483.63
11 56 -467.174
11 57 -443.789
11 58 -411.584
11 59 -368.434
11 60 -312.217
11 61 -240.925
11 62 -152.964
11 63 -47.353
11 64 75.8314
11 65 215.266
11 66 367.983
11 67 529.31
11 68 692.634
11 69 849.631
11 70 990.459
11 71 1104.31
11 72 1180.02
11 73 1206.89
11 74 1175.58
11 75 1078.94
11 76 912.803
11 77 676.577
11 78 373.568
11 79 10.9765
11 80 -400.269
11 81 -846.199
11 82 -1310.44
11 83 -1775.25
11 84 -2222.46
11 85 -2634.5
11 86 -2995.22
11 87 -3290.68
11 88 -3509.64
11 89 -3643.88
11 90 -3688.39
11 91 -3641.26
11 92 -3503.55
11 93 -3279.03
11 94 -2973.79
11 95 -2595.98
11 96 -2155.35
11 97 -1663
11 98 -1131.05
11 99 -572.277
11 100 0

12 0 0
12 1 -541.31
12 2 -1070.2
12 3 -1574.44
12 4 -2042.26
12 5 -2462.52
12 6 -2825.01
12 7 -3120.65
12 8 -3341.8
12 9 -3482.55
12 10 -3539.03
12 11 -3509.64
12 12 -3395.44
12 13 -3200.2
12 14 -2930.68
12 15 -2596.42
12 16 -2209.69
12 17 -1785
12 18 -1338.63
12 19 -887.684
12 20 -449.431
12 21 -40.1743
12 22 325.631
12 23 636.185
12 24 883.067
12 25 1061.6
12 26 1170.98
12 27 1214.03
12 28 1196.84
12 29 1127.96
12 30 1017.63
12 31 876.941
12 32 716.934
12 33 547.868
12 34 378.699
12 35 216.685
12 36 67.2188
12 37 -66.145
12 38 -181.539
12 39 -278.553
12 40 -357.884
12 41 -420.999
12 42 -469.875
12 43 -506.716
12 44 -533.713
12 45 -552.916
12 46 -566.148
12 47 -574.855
12 48 -580.281
12 49 -583.182
12 50 -584.097
12 51 -583.182
12 52 -580.281
12 53 -574.855
12 54 -566.148
12 55 -552.916
12 56 -533.713
12 57 -506.716
12 58 -469.875
12 59 -420.999
12 60 -357.884
12 61 -278.553
12 62 -181.539
12 63 -66.145
12 64 67.2188
12 65 216.685
12 66 378.699
12 67 547.868
12 68 716.934
12 69 876.941
12 70 1017.63
12 71 1127.96
12 72 1196.84
12 73 1214.03
12 74 1170.98
12 75 1061.6
12 76 883.067
12 77 636.185
12 78 325.631
12 79 -40.1743
12 80 -449.431
12 81 -887.684
12 82 -1338.63
12 83 -1785
12 84 -2209.69
12 85 -2596.42
12 86 -2930.68
12 87 -3200.2
12 88 -3395.44
12 89 -3509.64
12 90 -3539.03
12 91 -3482.55
12 92 -3341.8
12 93 -3120.65
12 94 -2825.01
12 95 -2462.52
12 96 -2042.26
12 97 -1574.44
12 98 -1070.2
12 99 -541.31
12 100 0

13 0 0
13 1 -495.935
13 2 -980.958
13 3 -1444.31
13 4 -1875.64
13 5 -2265.1
13 6 -2603.6
13 7 -2882.98
13 8 -3096.19
13 9 -3237.61
13 10 -3303.15
13 11 -3290.68
13 12 -3200.2
13 13 -3034.09
13 14 -2797.28
13 15 -2497.41
13 16 -2144.63
13 17 -1751.54
13 18 -1332.61
13 19 -903.679
13 20 -481.108
13 21 -80.9408
13 22 282.136
13 23 595.54
13 24 849.708
13 25 1038.51
13 26 1159.59
13 27 1214.3
13 28 1207.4
13 29 1146.43
13 30 1041
13 31 901.887
13 32 740.151
13 33 566.42
13 34 390.167
13 35 219.347
13 36 59.9885
13 37 -83.6671
13 38 -209.215
13 39 -315.755
13 40 -403.703
13 41 -474.349
13 42 -529.596
13 43 -571.633
13 44 -602.771
13 45 -625.182
13 46 -640.761
13 47 -651.191
13 48 -657.695
13 49 -661.254
13 50 -662.375
13 51 -661.254
13 52 -657.695
13 53 -651.191
13 54 -640.761
13 55 -625.182
13 56 -602.771
13 57 -571.633
13 58 -529.596
13 59 -474.349
13 60 -403.703
13 61 -315.755
13 62 -209.215
13 63 -83.6671
13 64 59.9885
13 65 219.347
13 66 390.167
13 67 566.42
13 68 740.151
13 69 901.887
13 70 1041
13 71 1146.43
13 72 1207.4
13 73 1214.3
13 74 1159.59
13 75 1038.51
13 76 849.708
13 77 595.54
13 78 282.136
13 79 -80.9408
13 80 -481.108
13 81 -903.679
13 82 -1332.61
13 83 -1751.54
13 84 -2144.63
13 85 -2497.41
13 86 -2797.28
13 87 -3034.09
13 88 -3200.2
13 89 -3290.68
13 90 -3303.15
13 91 -3237.61
13 92 -3096.19
13 93 -2882.98
13 94 -2603.6
13 95 -2265.1
13 96 -1875.64
13 97 -1444.31
13 98 -980.958
13 99 -495.935
13 100 0

14 0 0
14 1 -438.21
14 2 -867.357
14 3 -1278.5
14 4 -1662.98
14 5 -2012.51
14 6 -2319.33
14 7 -2576.33
14 8 -2777.17
14 9 -2916.5
14 10 -2990.12
14 11 -2995.22
14 12 -2930.68
14 13 -2797.28
14 14 -2598.07
14 15 -2338.44
14 16 -2026.29
14 17 -1671.93
14 18 -1287.85
14 19 -888.228
14 20 -488.311
14 21 -103.55
14 22 251.274
14 23 563.003
14 24 820.944
14 25 1017.56
14 26 1148.88
14 27 1214.64
14 28 1218.13
14 29 1165.67
14 30 1066.02
14 31 929.45
14 32 766.954
14 33 589.338
14 34 406.574
14 35 227.167
14 36 57.9077
14 37 -96.3215
14 38 -232.462
14 39 -349.174
14 40 -446.469
14 41 -525.393
14 42 -587.717
14 43 -635.672
14 44 -671.589
14 45 -697.706
14 46 -716.119
14 47 -728.549
14 48 -736.445
14 49 -740.765
14 50 -742.145
14 51 -740.765
14 52 -736.445
14 53 -728.549
14 54 -716.119
14 55 -697.706
14 56 -671.589
14 57 -635.672
14 58 -587.717
14 59 -525.393
14 60 -446.469
14 61 -349.174
14 62 -232.462
14 63 -96.3215
14 64 57.9077
14 65 227.167
14 66 406.574
14 67 589.338
14 68 766.954
14 69 929.45
14 70 1066.02
14 71 1165.67
14 72 1218.13
14 73 1214.64
14 74 1148.88
14 75 1017.56
14 76 820.944
14 77 563.003
14 78 251.274
14 79 -103.55
14 80 -488.311
14 81 -888.228
14 82 -1287.85
14 83 -1671.93
14 84 -2026.29
14 85 -2338.44
14 86 -2598.07
14 87 -2797.28
14 88 -2930.68
14 89 -2995.22
14 90 -2990.12
14 91 -2916.5
14 92 -2777.17
14 93 -2576.33
14 94 -2319.33
14 95 -2012.51
14 96 -1662.98
14 97 -1278.5
14 98 -867.357
14 99 -438.21
14 100 0

15 0 0
15 1 -370.816
15 2 -734.655
15 3 -1084.63
15 4 -1413.96
15 5 -1716.12
15 6 -1984.8
15 7 -2214.05
15 8 -2398.32
15 9 -2532.57
15 10 -2612.44
15 11 -2634.5
15 12 -2596.42
15 13 -2497.41
15 14 -2338.44
15 15 -2122.65
15 16 -1855.47
15 17 -1544.84
15 18 -1201
15 19 -836.289
15 20 -464.56
15 21 -100.505
15 22 241.263
15 23 547.14
15 24 805.467
15 25 1007.33
15 26 1147.14
15 27 1222.97
15 28 1236.48
15 29 1192.67
15 30 1099.24
15 31 965.846
15 32 803.194
15 33 622.215
15 34 433.216
15 35 245.323
15 36 65.9754
15 37 -99.2209
15 38 -246.598
15 39 -374.222
15 40 -481.681
15 41 -569.745
15 42 -640.045
15 43 -694.71
15 44 -736.098
15 45 -766.592
15 46 -788.32
15 47 -803.202
15 48 -812.722
15 49 -818.016
15 50 -819.7
15 51 -818.016
15 52 -812.722
15 53 -803.202
15 54 -788.32
15 55 -766.592
15 56 -736.098
15 57 -694.71
15 58 -640.045
15 59 -569.745
15 60 -481.681
15 61 -374.222
15 62 -246.598
15 63 -99.2209
15 64 65.9754
15 65 245.323
15 66 433.216
15 67 622.215
15 68 803.194
15 69 965.846
15 70 1099.24
15 71 1192.67
15 72 1236.48
15 73 1222.97
15 74 1147.14
15 75 1007.33
15 76 805.467
15 77 547.14
15 78 241.263
15 79 -100.505
15 80 -464.56
15 81 -836.289
15 82 -1201
15 83 -1544.84
15 84 -1855.47
15 85 -2122.65
15 86 -2338.44
15 87 -2497.41
15 88 -2596.42
15 89 -2634.5
15 90 -2612.44
15 91 -2532.57
15 92 -2398.32
15 93 -2214.05
15 94 -1984.8
15 95 -1716.12
15 96 -1413.96
15 97 -1084.63
15 98 -734.655
15 99 -370.816
15 100 0

16 0 0
16 1 -296.884
16 2 -589.001
16 3 -871.611
16 4 -1139.95
16 5 -1389.29
16 6 -1614.89
16 7 -1811.97
16 8 -1975.83
16 9 -2101.77
16 10 -2185.35
16 11 -2222.46
16 12 -2209.69
16 13 -2144.63
16 14 -2026.29
16 15 -1855.47
16 16 -1635.21
16 17 -1370.89
16 18 -1070.49
16 19 -744.304
16 20 -404.68
16 21 -65.2953
16 22 259.563
16 23 556.076
16 24 811.738
16 25 1016.38
16 26 1162.87
16 27 1247.55
16 28 1270.45
16 29 1235.09
16 30 1148.04
16 31 1018.13
16 32 855.703
16 33 671.632
16 34 476.562
16 35 280.092
16 36 90.3789
16 37 -86.3238
16 38 -245.624
16 39 -385.004
16 40 -503.566
16 41 -601.751
16 42 -680.959
16 43 -743.232
16 44 -790.949
16 45 -826.484
16 46 -852.152
16 47 -869.916
16 48 -881.443
16 49 -887.865
16 50 -889.944
16 51 -887.865
16 52 -881.443
16 53 -869.916
16 54 -852.152
16 55 -826.484
16 56 -790.949
16 57 -743.232
16 58 -680.959
16 59 -601.751
16 60 -503.566
16 61 -385.004
16 62 -245.624
16 63 -86.3238
16 64 90.3789
16 65 280.092
16 66 476.562
16 67 671.632
16 68 855.703
16 69 1018.13
16 70 1148.04
16 71 1235.09
16 72 1270.45
16 73 1247.55
16 74 1162.87
16 75 1016.38
16 76 811.738
16 77 556.076
16 78 259.563
16 79 -65.2953
16 80 -404.68
16 81 -744.304
16 82 -1070.49
16 83 -1370.89
16 84 -1635.21
16 85 -1855.47
16 86 -2026.29
16 87 -2144.63
16 88 -2209.69
16 89 -2222.46
16 90 -2185.35
16 91 -2101.77
16 92 -1975.83
16 93 -1811.97
16 94 -1614.89
16 95 -1389.29
16 96 -1139.95
16 97 -871.611
16 98 -589.001
16 99 -296.884
16 100 0

17 0 0
17 1 -219.799
17 2 -437.041
17 3 -649.127
17 4 -853.294
17 5 -1046.62
17 6 -1225.88
17 7 -1387.53
17 8 -1527.68
17 9 -1642.04
17 10 -1726.1
17 11 -1775.25
17 12 -1785
17 13 -1751.54
17 14 -1671.93
17 15 -1544.84
17 16 -1370.89
17 17 -1153.06
17 18 -896.972
17 19 -610.886
17 20 -305.44
17 21 6.80275
17 22 312.138
17 23 596.661
17 24 847.237
17 25 1052.57
17 26 1204.06
17 27 1296.41
17 28 1327.98
17 29 1300.78
17 30 1220.07
17 31 1093.81
17 32 931.824
17 33 744.887
17 34 543.792
17 35 338.648
17 36 138.198
17 37 -50.5407
17 38 -222.503
17 39 -374.518
17 40 -505.172
17 41 -614.491
17 42 -703.63
17 43 -774.49
17 44 -829.384
17 45 -870.77
17 46 -901.002
17 47 -922.19
17 48 -936.048
17 49 -943.863
17 50 -946.374
17 51 -943.863
17 52 -936.048
17 53 -922.19
17 54 -901.002
17 55 -870.77
17 56 -829.384
17 57 -774.49
17 58 -703.63
17 59 -614.491
17 60 -505.172
17 61 -374.518
17 62 -222.503
17 63 -50.5407
17 64 138.198
17 65 338.648
17 66 543.792
17 67 744.887
17 68 931.824
17 69 1093.81
17 70 1220.07
17 71 1300.78
17 72 1327.98
17 73 1296.41
17 74 1204.06
17 75 1052.57
17 76 847.237
17 77 596.661
17 78 312.138
17 79 6.80275
17 80 -305.44
17 81 -610.886
17 82 -896.972
17 83 -1153.06
17 84 -1370.89
17 85 -1544.84
17 86 -1671.93
17 87 -1751.54
17 88 -1785
17 89 -1775.25
17 90 -1726.1
17 91 -1642.04
17 92 -1527.68
17 93 -1387.53
17 94 -1225.88
17 95 -1046.62
17 96 -853.294
17 97 -649.127
17 98 -437.041
17 99 -219.799
17 100 0

18 0 0
18 1 -143.028
18 2 -285.585
18 3 -427.067
18 4 -566.63
18 5 -703.03
18 6 -834.53
18 7 -958.74
18 8 -1072.6
18 9 -1172.25
18 10 -1253.22
18 11 -1310.44
18 12 -1338.63
18 13 -1332.61
18 14 -1287.85
18 15 -1201
18 16 -1070.49
18 17 -896.972
18 18 -683.848
18 19 -437.264
18 20 -166.169
18 21 118.158
18 22 402.716
18 23 673.73
18 24 917.627
18 25 1122.17
18 26 1277.44
18 27 1376.53
18 28 1416.21
18 29 1396.89
18 30 1322.56
18 31 1200.15
18 32 1038.91
18 33 849.312
18 34 642.323
18 35 428.432
18 36 217.018
18 37 15.754
18 38 -169.555
18 39 -335.045
18 40 -478.721
18 41 -600.181
18 42 -700.282
18 43 -780.692
18 44 -843.68
18 45 -891.697
18 46 -927.193
18 47 -952.314
18 48 -968.925
18 49 -978.324
18 50 -981.387
18 51 -978.324
18 52 -968.925
18 53 -952.314
18 54 -927.193
18 55 -891.697
18 56 -843.68
18 57 -780.692
18 58 -700.282
18 59 -600.181
18 60 -478.721
18 61 -335.045
18 62 -169.555
18 63 15.754
18 64 217.018
18 65 428.432
18 66 642.323
18 67 849.312
18 68 1038.91
18 69 1200.15
18 70 1322.56
18 71 1396.89
18 72 1416.21
18 73 1376.53
18 74 1277.44
18 75 1122.17
18 76 917.627
18 77 673.73
18 78 402.716
18 79 118.158
18 80 -166.169
18 81 -437.264
18 82 -683.848
18 83 -896.972
18 84 -1070.49
18 85 -1201
18 86 -1287.85
18 87 -1332.61
18 88 -1338.63
18 89 -1310.44
18 90 -1253.22
18 91 -1172.25
18 92 -1072.6
18 93 -958.74
18 94 -834.53
18 95 -703.03
18 96 -566.63
18 97 -427.067
18 98 -285.585
18 99 -143.028
18 100 0

19 0 0
19 1 -69.8275
19 2 -141.031
19 3 -214.807
19 4 -291.992
19 5 -372.883
19 6 -457.053
19 7 -543.217
19 8 -629.068
19 9 -711.267
19 10 -785.405
19 11 -846.199
19 12 -887.684
19 13 -903.679
19 14 -888.228
19 15 -836.289
19 16 -744.304
19 17 -610.886
19 18 -437.264
19 19 -227.642
19 20 10.792
19 21 268.078
19 22 532.096
19 23 789.349
19 24 1026.03
19 25 1229.15
19 26 1387.58
19 27 1493.01
19 28 1540.6
19 29 1529.26
19 30 1461.59
19 31 1343.49
19 32 1183.44
19 33 991.664
19 34 779.122
19 35 556.677
19 36 334.211
19 37 120.137
19 38 -78.9926
19 39 -258.622
19 40 -416.151
19 41 -550.679
19 42 -662.641
19 43 -753.526
19 44 -825.479
19 45 -880.922
19 46 -922.309
19 47 -951.925
19 48 -971.639
19 49 -982.898
19 50 -986.537
19 51 -982.898
19 52 -971.639
19 53 -951.925
19 54 -922.309
19 55 -880.922
19 56 -825.479
19 57 -753.526
19 58 -662.641
19 59 -550.679
19 60 -416.151
19 61 -258.622
19 62 -78.9926
19 63 120.137
19 64 334.211
19 65 556.677
19 66 779.122
19 67 991.664
19 68 1183.44
19 69 1343.49
19 70 1461.59
19 71 1529.26
19 72 1540.6
19 73 1493.01
19 74 1387.58
19 75 1229.15
19 76 1026.03
19 77 789.349
19 78 532.096
19 79 268.078
19 80 10.792
19 81 -227.642
19 82 -437.264
19 83 -610.886
19 84 -744.304
19 85 -836.289
19 86 -888.228
19 87 -903.679
19 88 -887.684
19 89 -846.199
19 90 -785.405
19 91 -711.267
19 92 -629.068
19 93 -543.217
19 94 -457.053
19 95 -372.883
19 96 -291.992
19 97 -214.807
19 98 -141.031
19 99 -69.8275
19 100 0

20 0 0
20 1 -3.08887
20 2 -9.08753
20 3 -20.6893
20 4 -40.1446
20 5 -69.0424
20 6 -108.114
20 7 -157.009
20 8 -214.187
20 9 -276.775
20 10 -340.603
20 11 -400.269
20 12 -449.431
20 13 -481.108
20 14 -488.311
20 15 -464.56
20 16 -404.68
20 17 -305.44
20 18 -166.169
20 19 10.792
20 20 219.922
20 21 452.658
20 22 697.812
20 23 942.355
20 24 1172.42
20 25 1374.43
20 26 1536.27
20 27 1648.32
20 28 1704.24
20 29 1701.45
20 30 1641.19
20 31 1528.23
20 32 1370.31
20 33 1177.19
20 34 959.849
20 35 729.361
20 36 496.175
20 37 269.369
20 38 56.2355
20 39 -137.945
20 40 -309.895
20 41 -458.138
20 42 -582.739
20 43 -684.894
20 44 -766.537
20 45 -830.081
20 46 -877.994
20 47 -912.552
20 48 -935.745
20 49 -949.042
20 50 -953.386
20 51 -949.042
20 52 -935.745
20 53 -912.552
20 54 -877.994
20 55 -830.081
20 56 -766.537
20 57 -684.894
20 58 -582.739
20 59 -458.138
20 60 -309.895
20 61 -137.945
20 62 56.2355
20 63 269.369
20 64 496.175
20 65 729.361
20 66 959.849
20 67 1177.19
20 68 1370.31
20 69 1528.23
20 70 1641.19
20 71 1701.45
20 72 1704.24
20 73 1648.32
20 74 1536.27
20 75 1374.43
20 76 1172.42
20 77 942.355
20 78 697.812
20 79 452.658
20 80 219.922
20 81 10.792
20 82 -166.169
20 83 -305.44
20 84 -404.68
20 85 -464.56
20 86 -488.311
20 87 -481.108
20 88 -449.431
20 89 -400.269
20 90 -340.603
20 91 -276.775
20 92 -214.187
20 93 -157.009
20 94 -108.114
20 95 -69.0424
20 96 -40.1446
20 97 -20.6893
20 98 -9.08753
20 99 -3.08887
20 100 0

21 0 0
21 1 54.8577
21 2 105.645
21 3 148.505
21 4 180.119
21 5 197.847
21 6 200.051
21 7 186.254
21 8 157.337
21 9 115.661
21 10 65.1069
21 11 10.9765
21 12 -40.1743
21 13 -80.9408
21 14 -103.55
21 15 -100.505
21 16 -65.2953
21 17 6.80275
21 18 118.158
21 19 268.078
21 20 452.658
21 21 664.682
21 22 893.966
21 23 1128.08
21 24 1353.24
21 25 1555.49
21 26 1721.88
21 27 1841.66
21 28 1907.05
21 29 1914.07
21 30 1862.57
21 31 1756.22
21 32 1601.86
21 33 1408.84
21 34 1187.95
21 35 950.499
21 36 707.414
21 37 468.419
21 38 241.558
21 39 32.8442
21 40 -153.696
21 41 -316.046
21 42 -453.754
21 43 -567.677
21 44 -659.599
21 45 -731.789
21 46 -786.649
21 47 -826.572
21 48 -853.517
21 49 -869.061
21 50 -874.11
21 51 -869.061
21 52 -853.517
21 53 -826.572
21 54 -786.649
21 55 -731.789
21 56 -659.599
21 57 -567.677
21 58 -453.754
21 59 -316.046
21 60 -153.696
21 61 32.8442
21 62 241.558
21 63 468.419
21 64 707.414
21 65 950.499
21 66 1187.95
21 67 1408.84
21 68 1601.86
21 69 1756.22
21 70 1862.57
21 71 1914.07
21 72 1907.05
21 73 1841.66
21 74 1721.88
21 75 1555.49
21 76 1353.24
21 77 1128.08
21 78 893.966
21 79 664.682
21 80 452.658
21 81 268.078
21 82 118.158
21 83 6.80275
21 84 -65.2953
21 85 -100.505
21 86 -103.55
21 87 -80.9408
21 88 -40.1743
21 89 10.9765
21 90 65.1069
21 91 115.661
21 92 157.337
21 93 186.254
21 94 200.051
21 95 197.847
21 96 180.119
21 97 148.505
21 98 105.645
21 99 54.8577
21 100 0

22 0 0
22 1 102.38
22 2 199.906
22 3 287.945
22 4 362.42
22 5 419.964
22 6 458.232
22 7 476.126
22 8 473.914
22 9 453.501
22 10 418.353
22 11 373.568
22 12 325.631
22 13 282.136
22 14 251.274
22 15 241.263
22 16 259.563
22 17 312.138
22 18 402.716
22 19 532.096
22 20 697.812
22 21 893.966
22 22 1111.41
22 23 1338.41
22 24 1561.41
22 25 1766.22
22 26 1939.22
22 27 2068.62
22 28 2145.42
22 29 2164.22
22 30 2123.59
22 31 2025.95
22 32 1877.3
22 33 1686.41
22 34 1463.91
22 35 1221.21
22 36 969.665
22 37 719.623
22 38 479.861
22 39 257.189
22 40 56.3134
22 41 -120.054
22 42 -270.944
22 43 -396.896
22 44 -499.349
22 45 -580.455
22 46 -642.611
22 47 -688.111
22 48 -719.017
22 49 -736.896
22 50 -742.758
22 51 -736.896
22 52 -719.017
22 53 -688.111
22 54 -642.611
22 55 -580.455
22 56 -499.349
22 57 -396.896
22 58 -270.944
22 59 -120.054
22 60 56.3134
22 61 257.189
22 62 479.861
22 63 719.623
22 64 969.665
22 65 1221.21
22 66 1463.91
22 67 1686.41
22 68 1877.3
22 69 2025.95
22 70 2123.59
22 71 2164.22
22 72 2145.42
22 73 2068.62
22 74 1939.22
22 75 1766.22
22 76 1561.41
22 77 1338.41
22 78 1111.41
22 79 893.966
22 80 697.812
22 81 532.096
22 82 402.716
22 83 312.138
22 84 259.563
22 85 241.263
22 86 251.274
22 87 282.136
22 88 325.631
22 89 373.568
22 90 418.353
22 91 453.501
22 92 473.914
22 93 476.126
22 94 458.232
22 95 419.964
22 96 362.42
22 97 287.945
22 98 199.906
22 99 102.38
22 100 0

23 0 0
23 1 138.57
23 2 271.874
23 3 394.869
23 4 503.047
23 5 592.597
23 6 660.724
23 7 705.834
23 8 727.74
23 9 727.85
23 10 709.223
23 11 676.577
23 12 636.185
23 13 595.54
23 14 563.003
23 15 547.14
23 16 556.076
23 17 596.661
23 18 673.73
23 19 789.349
23 20 942.355
23 21 1128.08
23 22 1338.41
23 23 1562.35
23 24 1786.65
23 25 1997.08
23 26 2179.49
23 27 2321.21
23 28 2412.05
23 29 2445.34
23 30 2418.28
23 31 2332.18
23 32 2192.07
23 33 2006.09
23 34 1784.58
23 35 1539.02
23 36 1281.15
23 37 1021.89
23 38 770.723
23 39 535.201
23 40 320.862
23 41 131.083
23 42 -32.6798
23 43 -170.423
23 44 -283.359
23 45 -373.43
23 46 -442.884
23 47 -494.07
23 48 -528.998
23 49 -549.285
23 50 -555.914
23 51 -549.285
23 52 -528.998
23 53 -494.07
23 54 -442.884
23 55 -373.43
23 56 -283.359
23 57 -170.423
23 58 -32.6798
23 59 131.083
23 60 320.862
23 61 535.201
23 62 770.723
23 63 1021.89
23 64 1281.15
23 65 1539.02
23 66 1784.58
23 67 2006.09
23 68 2192.07
23 69 2332.18
23 70 2418.28
23 71 2445.34
23 72 2412.05
23 73 2321.21
23 74 2179.49
23 75 1997.08
23 76 1786.65
23 77 1562.35
23 78 1338.41
23 79 1128.08
23 80 942.355
23 81 789.349
23 82 673.73
23 83 596.661
23 84 556.076
23 85 547.14
23 86 563.003
23 87 595.54
23 88 636.185
23 89 676.577
23 90 709.223
23 91 727.85
23 92 727.74
23 93 705.834
23 94 660.724
23 95 592.597
23 96 503.047
23 97 394.869
23 98 271.874
23 99 138.57
23 100 0

24 0 0
24 1 163.262
24 2 321.176
24 3 468.637
24 4 600.975
24 5 714.231
24 6 805.352
24 7 872.436
24 8 914.93
24 9 933.806
24 10 931.668
24 11 912.803
24 12 883.067
24 13 849.708
24 14 820.944
24 15 805.467
24 16 811.738
24 17 847.237
24 18 917.627
24 19 1026.03
24 20 1172.42
24 21 1353.24
24 22 1561.41
24 23 1786.65
24 24 2016.2
24 25 2235.8
24 26 2430.94
24 27 2588.15
24 28 2696.25
24 29 2747.25
24 30 2737.13
24 31 2665.97
24 32 2537.83
24 33 2360.14
24 34 2142.88
24 35 1897.57
24 36 1636.18
24 37 1370.17
24 38 1109.69
24 39 863.155
24 40 636.8
24 41 434.678
24 42 258.952
24 43 110.015
24 44 -12.9563
24 45 -111.648
24 46 -188.255
24 47 -244.969
24 48 -283.85
24 49 -306.484
24 50 -313.928
24 51 -306.484
24 52 -283.85
24 53 -244.969
24 54 -188.255
24 55 -111.648
24 56 -12.9563
24 57 110.015
24 58 258.952
24 59 434.678
24 60 636.8
24 61 863.155
24 62 1109.69
24 63 1370.17
24 64 1636.18
24 65 1897.57
24 66 2142.88
24 67 2360.14
24 68 2537.83
24 69 2665.97
24 70 2737.13
24 71 2747.25
24 72 2696.25
24 73 2588.15
24 74 2430.94
24 75 2235.8
24 76 2016.2
24 77 1786.65
24 78 1561.41
24 79 1353.24
24 80 1172.42
24 81 1026.03
24 82 917.627
24 83 847.237
24 84 811.738
24 85 805.467
24 86 820.944
24 87 849.708
24 88 883.067
24 89 912.803
24 90 931.668
24 91 933.806
24 92 914.93
24 93 872.436
24 94 805.352
24 95 714.231
24 96 600.975
24 97 468.637
24 98 321.176
24 99 163.262
24 100 0

25 0 0
25 1 176.957
25 2 348.772
25 3 510.532
25 4 657.681
25 5 786.318
25 6 893.342
25 7 976.675
25 8 1035.53
25 9 1070.47
25 10 1083.68
25 11 1078.94
25 12 1061.6
25 13 1038.51
25 14 1017.56
25 15 1007.33
25 16 1016.38
25 17 1052.57
25 18 1122.17
25 19 1229.15
25 20 1374.43
25 21 1555.49
25 22 1766.22
25 23 1997.08
25 24 2235.8
25 25 2468.24
25 26 2679.6
25 27 2855.77
25 28 2984.56
25 29 3056.88
25 30 3067.37
25 31 3014.98
25 32 2902.68
25 33 2737.16
25 34 2527.98
25 35 2286.53
25 36 2025
25 37 1755.3
25 38 1488.3
25 39 1233.1
25 40 996.695
25 41 783.962
25 42 597.571
25 43 438.522
25 44 306.364
25 45 199.646
25 46 116.411
25 47 54.4733
25 48 11.8734
25 49 -13.0047
25 50 -21.1621
25 51 -13.0047
25 52 11.8734
25 53 54.4733
25 54 116.411
25 55 199.646
25 56 306.364
25 57 438.522
25 58 597.571
25 59 783.962
25 60 996.695
25 61 1233.1
25 62 1488.3
25 63 1755.3
25 64 2025
25 65 2286.53
25 66 2527.98
25 67 2737.16
25 68 2902.68
25 69 3014.98
25 70 3067.37
25 71 3056.88
25 72 2984.56
25 73 2855.77
25 74 2679.6
25 75 2468.24
25 76 2235.8
25 77 1997.08
25 78 1766.22
25 79 1555.49
25 80 1374.43
25 81 1229.15
25 82 1122.17
25 83 1052.57
25 84 1016.38
25 85 1007.33
25 86 1017.56
25 87 1038.51
25 88 1061.6
25 89 1078.94
25 90 1083.68
25 91 1070.47
25 92 1035.53
25 93 976.675
25 94 893.342
25 95 786.318
25 96 657.681
25 97 510.532
25 98 348.772
25 99 176.957
25 100 0

26 0 0
26 1 180.727
26 2 356.732
26 3 523.486
26 4 676.757
26 5 812.875
26 6 928.843
26 7 1022.57
26 8 1093.1
26 9 1140.68
26 10 1167.09
26 11 1175.58
26 12 1170.98
26 13 1159.59
26 14 1148.88
26 15 1147.14
26 16 1162.87
26 17 1204.06
26 18 1277.44
26 19 1387.58
26 20 1536.27
26 21 1721.88
26 22 1939.22
26 23 2179.49
26 24 2430.94
26 25 2679.6
26 26 2910.48
26 27 3108.93
26 28 3261.88
26 29 3359.07
26 30 3393.97
26 31 3364.27
26 32 3271.89
26 33 3122.7
26 34 2925.71
26 35 2692.14
26 36 2434.25
26 37 2164.44
26 38 1894.11
26 39 1633.08
26 40 1389.17
26 41 1167.86
26 42 972.627
26 43 804.931
26 44 664.753
26 45 550.978
26 46 461.796
26 47 395.195
26 48 349.235
26 49 322.348
26 50 313.495
26 51 322.348
26 52 349.235
26 53 395.195
26 54 461.796
26 55 550.978
26 56 664.753
26 57 804.931
26 58 972.627
26 59 1167.86
26 60 1389.17
26 61 1633.08
26 62 1894.11
26 63 2164.44
26 64 2434.25
26 65 2692.14
26 66 2925.71
26 67 3122.7
26 68 3271.89
26 69 3364.27
26 70 3393.97
26 71 3359.07
26 72 3261.88
26 73 3108.93
26 74 2910.48
26 75 2679.6
26 76 2430.94
26 77 2179.49
26 78 1939.22
26 79 1721.88
26 80 1536.27
26 81 1387.58
26 82 1277.44
26 83 1204.06
26 84 1162.87
26 85 1147.14
26 86 1148.88
26 87 1159.59
26 88 1170.98
26 89 1175.58
26 90 1167.09
26 91 1140.68
26 92 1093.1
26 93 1022.57
26 94 928.843
26 95 812.875
26 96 676.757
26 97 523.486
26 98 356.732
26 99 180.727
26 100 0

27 0 0
27 1 176.025
27 2 347.901
27 3 511.601
27 4 663.378
27 5 799.889
27 6 918.375
27 7 1016.83
27 8 1094.18
27 9 1150.49
27 10 1187.13
27 11 1206.89
27 12 1214.03
27 13 1214.3
27 14 1214.64
27 15 1222.97
27 16 1247.55
27 17 1296.41
27 18 1376.53
27 19 1493.01
27 20 1648.32
27 21 1841.66
27 22 2068.62
27 23 2321.21
27 24 2588.15
27 25 2855.77
27 26 3108.93
27 27 3332.51
27 28 3512.61
27 29 3637.94
27 30 3700.74
27 31 3697.51
27 32 3629.02
27 33 3500.26
27 34 3319.63
27 35 3098.02
27 36 2847.82
27 37 2581.65
27 38 2311.47
27 39 2047.81
27 40 1799.14
27 41 1571.79
27 42 1369.78
27 43 1195.2
27 44 1048.49
27 45 928.812
27 46 834.644
27 47 764.053
27 48 715.226
27 49 686.593
27 50 677.184
27 51 686.593
27 52 715.226
27 53 764.053
27 54 834.644
27 55 928.812
27 56 1048.49
27 57 1195.2
27 58 1369.78
27 59 1571.79
27 60 1799.14
27 61 2047.81
27 62 2311.47
27 63 2581.65
27 64 2847.82
27 65 3098.02
27 66 3319.63
27 67 3500.26
27 68 3629.02
27 69 3697.51
27 70 3700.74
27 71 3637.94
27 72 3512.61
27 73 3332.51
27 74 3108.93
27 75 2855.77
27 76 2588.15
27 77 2321.21
27 78 2068.62
27 79 1841.66
27 80 1648.32
27 81 1493.01
27 82 1376.53
27 83 1296.41
27 84 1247.55
27 85 1222.97
27 86 1214.64
27 87 1214.3
27 88 1214.03
27 89 1206.89
27 90 1187.13
27 91 1150.49
27 92 1094.18
27 93 1016.83
27 94 918.375
27 95 799.889
27 96 663.378
27 97 511.601
27 98 347.901
27 99 176.025
27 100 0

28 0 0
28 1 164.599
28 2 325.679
28 3 479.81
28 4 623.774
28 5 754.654
28 6 869.995
28 7 967.948
28 8 1047.44
28 9 1108.37
28 10 1151.78
28 11 1180.02
28 12 1196.84
28 13 1207.4
28 14 1218.13
28 15 1236.48
28 16 1270.45
28 17 1327.98
28 18 1416.21
28 19 1540.6
28 20 1704.24
28 21 1907.05
28 22 2145.42
28 23 2412.05
28 24 2696.25
28 25 2984.56
28 26 3261.88
28 27 3512.61
28 28 3722.16
28 29 3878.21
28 30 3971.86
28 31 3998.31
28 32 3957.24
28 33 3852.68
28 34 3692.3
28 35 3486.65
28 36 3247.99
28 37 2989.21
28 38 2722.77
28 39 2459.7
28 40 2209.27
28 41 1978.43
28 42 1771.96
28 43 1592.46
28 44 1440.81
28 45 1316.59
28 46 1218.47
28 47 1144.72
28 48 1093.57
28 49 1063.55
28 50 1053.65
28 51 1063.55
28 52 1093.57
28 53 1144.72
28 54 1218.47
28 55 1316.59
28 56 1440.81
28 57 1592.46
28 58 1771.96
28 59 1978.43
28 60 2209.27
28 61 2459.7
28 62 2722.77
28 63 2989.21
28 64 3247.99
28 65 3486.65
28 66 3692.3
28 67 3852.68
28 68 3957.24
28 69 3998.31
28 70 3971.86
28 71 3878.21
28 72 3722.16
28 73 3512.61
28 74 3261.88
28 75 2984.56
28 76 2696.25
28 77 2412.05
28 78 2145.42
28 79 1907.05
28 80 1704.24
28 81 1540.6
28 82 1416.21
28 83 1327.98
28 84 1270.45
28 85 1236.48
28 86 1218.13
28 87 1207.4
28 88 1196.84
28 89 1180.02
28 90 1151.78
28 91 1108.37
28 92 1047.44
28 93 967.948
28 94 869.995
28 95 754.654
28 96 623.774
28 97 479.81
28 98 325.679
28 99 164.599
28 100 0

29 0 0
29 1 148.251
29 2 293.619
29 3 433.299
29 4 564.601
29 5 685.08
29 6 792.615
29 7 885.554
29 8 962.884
29 9 1024.4
