0 0 0
0 1 0
0 2 0
0 3 0
0 4 0
0 5 0
0 6 0
0 7 0
0 8 0
0 9 0
0 10 0
0 11 0
0 12 0
0 13 0
0 14 0
0 15 0
0 16 0
0 17 0
0 18 0
0 19 0
0 20 0
0 21 0
0 22 0
0 23 0
0 24 0
0 25 0
0 26 0
0 27 0
0 28 0
0 29 0
0 30 0
0 31 0
0 32 0
0 33 0
0 34 0
0 35 0
0 36 0
0 37 0
0 38 0
0 39 0
0 40 0
0 41 0
0 42 0
0 43 0
0 44 0
0 45 0
0 46 0
0 47 0
0 48 0
0 49 0
0 50 0
0 51 0
0 52 0
0 53 0
0 54 0
0 55 0
0 56 0
0 57 0
0 58 0
0 59 0
0 60 0
0 61 0
0 62 0
0 63 0
0 64 0
0 65 0
0 66 0
0 67 0
0 68 0
0 69 0
0 70 0
0 71 0
0 72 0
0 73 0
0 74 0
0 75 0
0 76 0
0 77 0
0 78 0
0 79 0
0 80 0
0 81 0
0 82 0
0 83 0
0 84 0
0 85 0
0 86 0
0 87 0
0 88 0
0 89 0
0 90 0
0 91 0
0 92 0
0 93 0
0 94 0
0 95 0
0 96 0
0 97 0
0 98 0
0 99 0
0 100 0

1 0 0
1 1 8.71746
1 2 17.3792
1 3 25.9214
1 4 34.2273
1 5 42.1446
1 6 49.4396
1 7 55.803
1 8 60.8391
1 9 64.0557
1 10 64.8846
1 11 62.6902
1 12 56.8054
1 13 46.5746
1 14 31.4219
1 15 10.8998
1 16 -15.1992
1 17 -46.8024
1 18 -83.4635
1 19 -124.309
1 20 -168.051
1 21 -212.948
1 22 -256.919
1 23 -297.617
1 24 -332.586
1 25 -359.457
1 26 -376.141
1 27 -381.022
1 28 -373.148
1 29 -352.346
1 30 -319.263
1 31 -275.394
1 32 -222.937
1 33 -164.644
1 34 -103.603
1 35 -42.9846
1 36 14.2727
1 37 65.5794
1 38 109.003
1 39 143.315
1 40 168.035
1 41 183.419
1 42 190.381
1 43 190.316
1 44 184.951
1 45 176.201
1 46 165.959
1 47 155.964
1 48 147.69
1 49 142.272
1 50 140.389
1 51 142.272
1 52 147.69
1 53 155.964
1 54 165.959
1 55 176.201
1 56 184.951
1 57 190.316
1 58 190.381
1 59 183.419
1 60 168.035
1 61 143.315
1 62 109.003
1 63 65.5794
1 64 14.2727
1 65 -42.9846
1 66 -103.603
1 67 -164.644
1 68 -222.937
1 69 -275.394
1 70 -319.263
1 71 -352.346
1 72 -373.148
1 73 -381.022
1 74 -376.141
1 75 -359.457
1 76 -332.586
1 77 -297.617
1 78 -256.919
1 79 -212.948
1 80 -168.051
1 81 -124.309
1 82 -83.4635
1 83 -46.8024
1 84 -15.1992
1 85 10.8998
1 86 31.4219
1 87 46.5746
1 88 56.8054
1 89 62.6902
1 90 64.8846
1 91 64.0557
1 92 60.8391
1 93 55.803
1 94 49.4396
1 95 42.1446
1 96 34.2273
1 97 25.9214
1 98 17.3792
1 99 8.71746
1 100 0

2 0 0
2 1 17.3792
2 2 34.634
2 3 51.6217
2 4 68.0989
2 5 83.7479
2 6 98.0943
2 7 110.514
2 8 120.215
2 9 126.22
2 10 127.405
2 11 122.523
2 12 110.27
2 13 89.3752
2 14 58.7261
2 15 17.475
2 16 -34.7573
2 17 -97.7899
2 18 -170.709
2 19 -251.763
2 20 -338.382
2 21 -427.116
2 22 -513.856
2 23 -593.975
2 24 -662.657
2 25 -715.252
2 26 -747.67
2 27 -756.752
2 28 -740.643
2 29 -699.015
2 30 -633.166
2 31 -546.058
2 32 -442.008
2 33 -326.471
2 34 -205.511
2 35 -85.3434
2 36 28.1523
2 37 129.948
2 38 216.168
2 39 284.369
2 40 333.626
2 41 364.429
2 42 378.531
2 43 378.684
2 44 368.327
2 45 351.219
2 46 331.11
2 47 311.44
2 48 295.149
2 49 284.462
2 50 280.748
2 51 284.462
2 52 295.149
2 53 311.44
2 54 331.11
2 55 351.219
2 56 368.327
2 57 378.684
2 58 378.531
2 59 364.429
2 60 333.626
2 61 284.369
2 62 216.168
2 63 129.948
2 64 28.1523
2 65 -85.3434
2 66 -205.511
2 67 -326.471
2 68 -442.008
2 69 -546.058
2 70 -633.166
2 71 -699.015
2 72 -740.643
2 73 -756.752
2 74 -747.67
2 75 -715.252
2 76 -662.657
2 77 -593.975
2 78 -513.856
2 79 -427.116
2 80 -338.382
2 81 -251.763
2 82 -170.709
2 83 -97.7899
2 84 -34.7573
2 85 17.475
2 86 58.7261
2 87 89.3752
2 88 110.27
2 89 122.523
2 90 127.405
2 91 126.22
2 92 120.215
2 93 110.514
2 94 98.0943
2 95 83.7479
2 96 68.0989
2 97 51.6217
2 98 34.634
2 99 17.3792
2 100 0

3 0 0
3 1 25.9214
3 2 51.6217
3 3 76.8477
3 4 101.208
3 5 124.197
3 6 145.085
3 7 162.93
3 8 176.546
3 9 184.489
3 10 185.111
3 11 176.594
3 12 157.054
3 13 124.673
3 14 77.8792
3 15 15.5121
3 16 -62.9022
3 17 -157.001
3 18 -265.356
3 19 -385.328
3 20 -513.085
3 21 -643.55
3 22 -770.687
3 23 -887.739
3 24 -987.682
3 25 -1063.76
3 26 -1110.05
3 27 -1122
3 28 -1096.95
3 29 -1034.49
3 30 -936.534
3 31 -807.423
3 32 -653.52
3 33 -482.761
3 34 -304.05
3 35 -126.53
3 36 41.281
3 37 191.894
3 38 319.674
3 39 421.004
3 40 494.438
3 41 540.662
3 42 562.258
3 43 563.238
3 44 548.603
3 45 523.905
3 46 494.662
3 47 465.964
3 48 442.137
3 49 426.498
3 50 421.057
3 51 426.498
3 52 442.137
3 53 465.964
3 54 494.662
3 55 523.905
3 56 548.603
3 57 563.238
3 58 562.258
3 59 540.662
3 60 494.438
3 61 421.004
3 62 319.674
3 63 191.894
3 64 41.281
3 65 -126.53
3 66 -304.05
3 67 -482.761
3 68 -653.52
3 69 -807.423
3 70 -936.534
3 71 -1034.49
3 72 -1096.95
3 73 -1122
3 74 -1110.05
3 75 -1063.76
3 76 -987.682
3 77 -887.739
3 78 -770.687
3 79 -643.55
3 80 -513.085
3 81 -385.328
3 82 -265.356
3 83 -157.001
3 84 -62.9022
3 85 15.5121
3 86 77.8792
3 87 124.673
3 88 157.054
3 89 176.594
3 90 185.111
3 91 184.489
3 92 176.546
3 93 162.93
3 94 145.085
3 95 124.197
3 96 101.208
3 97 76.8477
3 98 51.6217
3 99 25.9214
3 100 0

4 0 0
4 1 34.2273
4 2 68.0989
4 3 101.208
4 4 132.989
4 5 162.709
4 6 189.371
4 7 211.7
4 8 228.122
4 9 236.751
4 10 235.456
4 11 221.915
4 12 193.758
4 13 148.726
4 14 84.9032
4 15 0.943249
4 16 -103.62
4 17 -228.151
4 18 -370.65
4 19 -527.588
4 20 -693.9
4 21 -862.984
4 22 -1027.03
4 23 -1177.36
4 24 -1305
4 25 -1401.33
4 26 -1458.84
4 27 -1471.79
4 28 -1436.86
4 29 -1353.57
4 30 -1224.49
4 31 -1055.25
4 32 -854.013
4 33 -631.057
4 34 -397.822
4 35 -166.031
4 36 53.1767
4 37 250.265
4 38 417.805
4 39 551.069
4 40 648.161
4 41 709.894
4 42 739.497
4 43 742.129
4 44 724.289
4 45 693.128
4 46 655.83
4 47 619.035
4 48 588.41
4 49 568.254
4 50 561.238
4 51 568.254
4 52 588.41
4 53 619.035
4 54 655.83
4 55 693.128
4 56 724.289
4 57 742.129
4 58 739.497
4 59 709.894
4 60 648.161
4 61 551.069
4 62 417.805
4 63 250.265
4 64 53.1767
4 65 -166.031
4 66 -397.822
4 67 -631.057
4 68 -854.013
4 69 -1055.25
4 70 -1224.49
4 71 -1353.57
4 72 -1436.86
4 73 -1471.79
4 74 -1458.84
4 75 -1401.33
4 76 -1305
4 77 -1177.36
4 78 -1027.03
4 79 -862.984
4 80 -693.9
4 81 -527.588
4 82 -370.65
4 83 -228.151
4 84 -103.62
4 85 0.943249
4 86 84.9032
4 87 148.726
4 88 193.758
4 89 221.915
4 90 235.456
4 91 236.751
4 92 228.122
4 93 211.7
4 94 189.371
4 95 162.709
4 96 132.989
4 97 101.208
4 98 68.0989
4 99 34.2273
4 100 0

5 0 0
5 1 42.1446
5 2 83.7479
5 3 124.197
5 4 162.709
5 5 198.29
5 6 229.653
5 7 255.186
5 8 272.939
5 9 280.624
5 10 275.687
5 11 255.394
5 12 216.994
5 13 157.921
5 14 76.0593
5 15 -29.9759
5 16 -160.507
5 17 -314.513
5 18 -489.356
5 19 -680.613
5 20 -882.046
5 21 -1085.68
5 22 -1282.14
5 23 -1461.08
5 24 -1611.88
5 25 -1724.4
5 26 -1789.81
5 27 -1801.45
5 28 -1755.49
5 29 -1651.51
5 30 -1492.69
5 31 -1285.74
5 32 -1040.5
5 33 -769.195
5 34 -485.52
5 35 -203.561
5 36 63.454
5 37 303.904
5 38 508.909
5 39 672.668
5 40 792.749
5 41 870.025
5 42 908.302
5 43 913.714
5 44 894.012
5 45 857.84
5 46 813.875
5 47 770.198
5 48 733.688
5 49 709.613
5 50 701.217
5 51 709.613
5 52 733.688
5 53 770.198
5 54 813.875
5 55 857.84
5 56 894.012
5 57 913.714
5 58 908.302
5 59 870.025
5 60 792.749
5 61 672.668
5 62 508.909
5 63 303.904
5 64 63.454
5 65 -203.561
5 66 -485.52
5 67 -769.195
5 68 -1040.5
5 69 -1285.74
5 70 -1492.69
5 71 -1651.51
5 72 -1755.49
5 73 -1801.45
5 74 -1789.81
5 75 -1724.4
5 76 -1611.88
5 77 -1461.08
5 78 -1282.14
5 79 -1085.68
5 80 -882.046
5 81 -680.613
5 82 -489.356
5 83 -314.513
5 84 -160.507
5 85 -29.9759
5 86 76.0593
5 87 157.921
5 88 216.994
5 89 255.394
5 90 275.687
5 91 280.624
5 92 272.939
5 93 255.186
5 94 229.653
5 95 198.29
5 96 162.709
5 97 124.197
5 98 83.7479
5 99 42.1446
5 100 0

6 0 0
6 1 49.4396
6 2 98.0943
6 3 145.085
6 4 189.371
6 5 229.653
6 6 264.333
6 7 291.463
6 8 308.734
6 9 313.51
6 10 302.89
6 11 273.836
6 12 223.356
6 13 148.735
6 14 47.8234
6 15 -80.6309
6 16 -236.662
6 17 -418.747
6 18 -623.557
6 19 -845.785
6 20 -1078.11
6 21 -1311.35
6 22 -1534.82
6 23 -1736.84
6 24 -1905.49
6 25 -2029.45
6 26 -2098.98
6 27 -2106.71
6 28 -2048.56
6 29 -1924.2
6 30 -1737.36
6 31 -1495.71
6 32 -1210.44
6 33 -895.444
6 34 -566.271
6 35 -238.865
6 36 71.5254
6 37 351.774
6 38 591.509
6 39 783.991
6 40 926.283
6 41 1019.2
6 42 1066.94
6 43 1076.43
6 44 1056.51
6 45 1017.05
6 46 968.083
6 47 918.96
6 48 877.698
6 49 850.384
6 50 840.852
6 51 850.384
6 52 877.698
6 53 918.96
6 54 968.083
6 55 1017.05
6 56 1056.51
6 57 1076.43
6 58 1066.94
6 59 1019.2
6 60 926.283
6 61 783.991
6 62 591.509
6 63 351.774
6 64 71.5254
6 65 -238.865
6 66 -566.271
6 67 -895.444
6 68 -1210.44
6 69 -1495.71
6 70 -1737.36
6 71 -1924.2
6 72 -2048.56
6 73 -2106.71
6 74 -2098.98
6 75 -2029.45
6 76 -1905.49
6 77 -1736.84
6 78 -1534.82
6 79 -1311.35
6 80 -1078.11
6 81 -845.785
6 82 -623.557
6 83 -418.747
6 84 -236.662
6 85 -80.6309
6 86 47.8234
6 87 148.735
6 88 223.356
6 89 273.836
6 90 302.89
6 91 313.51
6 92 308.734
6 93 291.463
6 94 264.333
6 95 229.653
6 96 189.371
6 97 145.085
6 98 98.0943
6 99 49.4396
6 100 0

7 0 0
7 1 55.803
7 2 110.514
7 3 162.93
7 4 211.7
7 5 255.186
7 6 291.463
7 7 318.25
7 8 332.914
7 9 332.536
7 10 313.961
7 11 273.981
7 12 209.514
7 13 117.869
7 14 -2.94776
7 15 -153.89
7 16 -334.545
7 17 -542.794
7 18 -774.565
7 19 -1023.71
7 20 -1281.93
7 21 -1539.07
7 22 -1783.4
7 23 -2002.28
7 24 -2182.88
7 25 -2313.14
7 26 -2382.69
7 27 -2383.86
7 28 -2312.41
7 29 -2168.21
7 30 -1955.48
7 31 -1682.64
7 32 -1361.95
7 33 -1008.55
7 34 -639.402
7 35 -272.037
7 36 76.9305
7 37 392.841
7 38 664.267
7 39 883.513
7 40 1047.13
7 41 1155.79
7 42 1213.9
7 43 1228.94
7 44 1210.63
7 45 1169.86
7 46 1117.78
7 47 1064.87
7 48 1020.1
7 49 990.362
7 50 979.951
7 51 990.362
7 52 1020.1
7 53 1064.87
7 54 1117.78
7 55 1169.86
7 56 1210.63
7 57 1228.94
7 58 1213.9
7 59 1155.79
7 60 1047.13
7 61 883.513
7 62 664.267
7 63 392.841
7 64 76.9305
7 65 -272.037
7 66 -639.402
7 67 -1008.55
7 68 -1361.95
7 69 -1682.64
7 70 -1955.48
7 71 -2168.21
7 72 -2312.41
7 73 -2383.86
7 74 -2382.69
7 75 -2313.14
7 76 -2182.88
7 77 -2002.28
7 78 -1783.4
7 79 -1539.07
7 80 -1281.93
7 81 -1023.71
7 82 -774.565
7 83 -542.794
7 84 -334.545
7 85 -153.89
7 86 -2.94776
7 87 117.869
7 88 209.514
7 89 273.981
7 90 313.961
7 91 332.536
7 92 332.914
7 93 318.25
7 94 291.463
7 95 255.186
7 96 211.7
7 97 162.93
7 98 110.514
7 99 55.803
7 100 0

8 0 0
8 1 60.8391
8 2 120.215
8 3 176.546
8 4 228.122
8 5 272.939
8 6 308.734
8 7 332.914
8 8 342.573
8 9 334.588
8 10 305.667
8 11 252.572
8 12 172.297
8 13 62.3575
8 14 -78.9055
8 15 -251.978
8 16 -455.865
8 17 -687.754
8 18 -942.823
8 19 -1214.12
8 20 -1492.57
8 21 -1767.26
8 22 -2025.75
8 23 -2254.82
8 24 -2441.16
8 25 -2572.34
8 26 -2637.79
8 27 -2629.76
8 28 -2544.11
8 29 -2380.93
8 30 -2144.83
8 31 -1844.79
8 32 -1493.75
8 33 -1107.73
8 34 -704.693
8 35 -303.161
8 36 79.0097
8 37 426.247
8 38 726.027
8 39 969.948
8 40 1153.95
8 41 1278.45
8 42 1347.89
8 43 1370.11
8 44 1355.42
8 45 1315.47
8 46 1262.35
8 47 1207.43
8 48 1160.57
8 49 1129.27
8 50 1118.3
8 51 1129.27
8 52 1160.57
8 53 1207.43
8 54 1262.35
8 55 1315.47
8 56 1355.42
8 57 1370.11
8 58 1347.89
8 59 1278.45
8 60 1153.95
8 61 969.948
8 62 726.027
8 63 426.247
8 64 79.0097
8 65 -303.161
8 66 -704.693
8 67 -1107.73
8 68 -1493.75
8 69 -1844.79
8 70 -2144.83
8 71 -2380.93
8 72 -2544.11
8 73 -2629.76
8 74 -2637.79
8 75 -2572.34
8 76 -2441.16
8 77 -2254.82
8 78 -2025.75
8 79 -1767.26
8 80 -1492.57
8 81 -1214.12
8 82 -942.823
8 83 -687.754
8 84 -455.865
8 85 -251.978
8 86 -78.9055
8 87 62.3575
8 88 172.297
8 89 252.572
8 90 305.667
8 91 334.588
8 92 342.573
8 93 332.914
8 94 308.734
8 95 272.939
8 96 228.122
8 97 176.546
8 98 120.215
8 99 60.8391
8 100 0

9 0 0
9 1 64.0557
9 2 126.22
9 3 184.489
9 4 236.751
9 5 280.624
9 6 313.51
9 7 332.536
9 8 334.588
9 9 316.429
9 10 274.761
9 11 206.467
9 12 108.792
9 13 -20.3639
9 14 -182.14
9 15 -376.41
9 16 -601.476
9 17 -853.795
9 18 -1127.81
9 19 -1415.88
9 20 -1708.31
9 21 -1993.72
9 22 -2259.32
9 23 -2491.68
9 24 -2677.43
9 25 -2804.21
9 26 -2861.59
9 27 -2842.01
9 28 -2741.58
9 29 -2560.63
9 30 -2304.08
9 31 -1981.18
9 32 -1605.28
9 33 -1192.8
9 34 -762.202
9 35 -332.717
9 36 77.2221
9 37 451.144
9 38 775.886
9 39 1042.23
9 40 1245.64
9 41 1386.1
9 42 1467.91
9 43 1499
9 44 1490.02
9 45 1453.18
9 46 1401.2
9 47 1346.22
9 48 1298.72
9 49 1266.79
9 50 1255.56
9 51 1266.79
9 52 1298.72
9 53 1346.22
9 54 1401.2
9 55 1453.18
9 56 1490.02
9 57 1499
9 58 1467.91
9 59 1386.1
9 60 1245.64
9 61 1042.23
9 62 775.886
9 63 451.144
9 64 77.2221
9 65 -332.717
9 66 -762.202
9 67 -1192.8
9 68 -1605.28
9 69 -1981.18
9 70 -2304.08
9 71 -2560.63
9 72 -2741.58
9 73 -2842.01
9 74 -2861.59
9 75 -2804.21
9 76 -2677.43
9 77 -2491.68
9 78 -2259.32
9 79 -1993.72
9 80 -1708.31
9 81 -1415.88
9 82 -1127.81
9 83 -853.795
9 84 -601.476
9 85 -376.41
9 86 -182.14
9 87 -20.3639
9 88 108.792
9 89 206.467
9 90 274.761
9 91 316.429
9 92 334.588
9 93 332.536
9 94 313.51
9 95 280.624
9 96 236.751
9 97 184.489
9 98 126.22
9 99 64.0557
9 100 0

10 0 0
10 1 64.8846
10 2 127.405
10 3 185.111
10 4 235.456
10 5 275.687
10 6 302.89
10 7 313.961
10 8 305.667
10 9 274.761
10 10 218.082
10 11 132.786
10 12 16.5371
10 13 -132.213
10 14 -313.943
10 15 -527.788
10 16 -771.278
10 17 -1040.12
10 18 -1328.07
10 19 -1626.95
10 20 -1926.69
10 21 -2215.7
10 22 -2481.22
10 23 -2710.01
10 24 -2889.05
10 25 -3006.38
10 26 -3052.07
10 27 -3018.98
10 28 -2903.59
10 29 -2706.51
10 30 -2432.75
10 31 -2091.69
10 32 -1696.62
10 33 -1263.99
10 34 -812.389
10 35 -361.139
10 36 70.8998
10 37 466.911
10 38 813.063
10 39 1099.66
10 40 1321.46
10 41 1477.98
10 42 1573.2
10 43 1614.91
10 44 1613.81
10 45 1582.39
10 46 1533.83
10 47 1480.72
10 48 1434.13
10 49 1402.54
10 50 1391.41
10 51 1402.54
10 52 1434.13
10 53 1480.72
10 54 1533.83
10 55 1582.39
10 56 1613.81
10 57 1614.91
10 58 1573.2
10 59 1477.98
10 60 1321.46
10 61 1099.66
10 62 813.063
10 63 466.911
10 64 70.8998
10 65 -361.139
10 66 -812.389
10 67 -1263.99
10 68 -1696.62
10 69 -2091.69
10 70 -2432.75
10 71 -2706.51
10 72 -2903.59
10 73 -3018.98
10 74 -3052.07
10 75 -3006.38
10 76 -2889.05
10 77 -2710.01
10 78 -2481.22
10 79 -2215.7
10 80 -1926.69
10 81 -1626.95
10 82 -1328.07
10 83 -1040.12
10 84 -771.278
10 85 -527.788
10 86 -313.943
10 87 -132.213
10 88 16.5371
10 89 132.786
10 90 218.082
10 91 274.761
10 92 305.667
10 93 313.961
10 94 302.89
10 95 275.687
10 96 235.456
10 97 185.111
10 98 127.405
10 99 64.8846
10 100 0

11 0 0
11 1 62.6902
11 2 122.523
11 3 176.594
11 4 221.915
11 5 255.394
11 6 273.836
11 7 273.981
11 8 252.572
11 9 206.467
11 10 132.786
11 11 29.1031
11 12 -106.342
11 13 -274.403
11 14 -474.781
11 15 -705.795
11 16 -964.172
11 17 -1244.91
11 18 -1541.21
11 19 -1844.5
11 20 -2144.61
11 21 -2430.04
11 22 -2688.41
11 23 -2907.05
11 24 -3073.62
11 25 -3176.99
11 26 -3207.91
11 27 -3159.91
11 28 -3029.89
11 29 -2818.68
11 30 -2531.32
11 31 -2176.94
11 32 -1768.52
11 33 -1322.14
11 34 -855.962
11 35 -389.189
11 36 59.4726
11 37 472.944
11 38 837.139
11 39 1141.7
11 40 1380.91
11 41 1553.62
11 42 1663.28
11 43 1717.32
11 44 1726.26
11 45 1702.62
11 46 1659.72
11 47 1610.52
11 48 1566.36
11 49 1536.11
11 50 1525.37
11 51 1536.11
11 52 1566.36
11 53 1610.52
11 54 1659.72
11 55 1702.62
11 56 1726.26
11 57 1717.32
11 58 1663.28
11 59 1553.62
11 60 1380.91
11 61 1141.7
11 62 837.139
11 63 472.944
11 64 59.4726
11 65 -389.189
11 66 -855.962
11 67 -1322.14
11 68 -1768.52
11 69 -2176.94
11 70 -2531.32
11 71 -2818.68
11 72 -3029.89
11 73 -3159.91
11 74 -3207.91
11 75 -3176.99
11 76 -3073.62
11 77 -2907.05
11 78 -2688.41
11 79 -2430.04
11 80 -2144.61
11 81 -1844.5
11 82 -1541.21
11 83 -1244.91
11 84 -964.172
11 85 -705.795
11 86 -474.781
11 87 -274.403
11 88 -106.342
11 89 29.1031
11 90 132.786
11 91 206.467
11 92 252.572
11 93 273.981
11 94 273.836
11 95 255.394
11 96 221.915
11 97 176.594
11 98 122.523
11 99 62.6902
11 100 0

12 0 0
12 1 56.8054
12 2 110.27
12 3 157.054
12 4 193.758
12 5 216.994
12 6 223.356
12 7 209.514
12 8 172.297
12 9 108.792
12 10 16.5371
12 11 -106.342
12 12 -260.905
12 13 -447.202
12 14 -664.094
12 15 -909.045
12 16 -1178.03
12 17 -1465.41
12 18 -1763.97
12 19 -2065
12 20 -2358.47
12 21 -2633.28
12 22 -2877.8
12 23 -3080.22
12 24 -3229.26
12 25 -3314.81
12 26 -3328.6
12 27 -3264.9
12 28 -3121.1
12 29 -2898.2
12 30 -2601.03
12 31 -2238.31
12 32 -1822.33
12 33 -1368.38
12 34 -893.977
12 35 -417.604
12 36 42.3247
12 37 468.894
12 38 847.74
12 39 1168.22
12 40 1423.81
12 41 1612.8
12 42 1737.9
12 43 1805.95
12 44 1827.03
12 45 1813.44
12 46 1778.47
12 47 1735.11
12 48 1694.93
12 49 1666.96
12 50 1656.99
12 51 1666.96
12 52 1694.93
12 53 1735.11
12 54 1778.47
12 55 1813.44
12 56 1827.03
12 57 1805.95
12 58 1737.9
12 59 1612.8
12 60 1423.81
12 61 1168.22
12 62 847.74
12 63 468.894
12 64 42.3247
12 65 -417.604
12 66 -893.977
12 67 -1368.38
12 68 -1822.33
12 69 -2238.31
12 70 -2601.03
12 71 -2898.2
12 72 -3121.1
12 73 -3264.9
12 74 -3328.6
12 75 -3314.81
12 76 -3229.26
12 77 -3080.22
12 78 -2877.8
12 79 -2633.28
12 80 -2358.47
12 81 -2065
12 82 -1763.97
12 83 -1465.41
12 84 -1178.03
12 85 -909.045
12 86 -664.094
12 87 -447.202
12 88 -260.905
12 89 -106.342
12 90 16.5371
12 91 108.792
12 92 172.297
12 93 209.514
12 94 223.356
12 95 216.994
12 96 193.758
12 97 157.054
12 98 110.27
12 99 56.8054
12 100 0

13 0 0
13 1 46.5746
13 2 89.3752
13 3 124.673
13 4 148.726
13 5 157.921
13 6 148.735
13 7 117.869
13 8 62.3575
13 9 -20.3639
13 10 -132.213
13 11 -274.403
13 12 -447.202
13 13 -649.806
13 14 -880.211
13 15 -1135.07
13 16 -1409.68
13 17 -1697.93
13 18 -1992.38
13 19 -2284.4
13 20 -2564.37
13 21 -2821.95
13 22 -3046.48
13 23 -3227.38
13 24 -3354.62
13 25 -3419.39
13 26 -3414.46
13 27 -3334.98
13 28 -3178.78
13 29 -2946.94
13 30 -2643.95
13 31 -2277.82
13 32 -1859.87
13 33 -1404.35
13 34 -927.602
13 35 -447.279
13 36 18.9458
13 37 454.434
13 38 844.882
13 39 1179.16
13 40 1450.27
13 41 1655.58
13 42 1797.03
13 43 1880.66
13 44 1915.88
13 45 1914.55
13 46 1889.63
13 47 1854.04
13 48 1819.31
13 49 1794.6
13 50 1785.68
13 51 1794.6
13 52 1819.31
13 53 1854.04
13 54 1889.63
13 55 1914.55
13 56 1915.88
13 57 1880.66
13 58 1797.03
13 59 1655.58
13 60 1450.27
13 61 1179.16
13 62 844.882
13 63 454.434
13 64 18.9458
13 65 -447.279
13 66 -927.602
13 67 -1404.35
13 68 -1859.87
13 69 -2277.82
13 70 -2643.95
13 71 -2946.94
13 72 -3178.78
13 73 -3334.98
13 74 -3414.46
13 75 -3419.39
13 76 -3354.62
13 77 -3227.38
13 78 -3046.48
13 79 -2821.95
13 80 -2564.37
13 81 -2284.4
13 82 -1992.38
13 83 -1697.93
13 84 -1409.68
13 85 -1135.07
13 86 -880.211
13 87 -649.806
13 88 -447.202
13 89 -274.403
13 90 -132.213
13 91 -20.3639
13 92 62.3575
13 93 117.869
13 94 148.735
13 95 157.921
13 96 148.726
13 97 124.673
13 98 89.3752
13 99 46.5746
13 100 0

14 0 0
14 1 31.4219
14 2 58.7261
14 3 77.8792
14 4 84.9032
14 5 76.0593
14 6 47.8234
14 7 -2.94776
14 8 -78.9055
14 9 -182.14
14 10 -313.943
14 11 -474.781
14 12 -664.094
14 13 -880.211
14 14 -1120.32
14 15 -1380.34
14 16 -1655.03
14 17 -1938
14 18 -2221.84
14 19 -2498.24
14 20 -2758.3
14 21 -2992.65
14 22 -3191.91
14 23 -3346.9
14 24 -3449.1
14 25 -3491.03
14 26 -3466.7
14 27 -3372.04
14 28 -3205.35
14 29 -2967.62
14 30 -2662.82
14 31 -2298.06
14 32 -1883.47
14 33 -1431.85
14 34 -958.293
14 35 -479.128
14 36 -11.1871
14 37 429.477
14 38 828.594
14 39 1174.86
14 40 1460.51
14 41 1682.21
14 42 1840.85
14 43 1941.49
14 44 1992.72
14 45 2005.66
14 46 1992.83
14 47 1966.8
14 48 1938.98
14 49 1918.37
14 50 1910.85
14 51 1918.37
14 52 1938.98
14 53 1966.8
14 54 1992.83
14 55 2005.66
14 56 1992.72
14 57 1941.49
14 58 1840.85
14 59 1682.21
14 60 1460.51
14 61 1174.86
14 62 828.594
14 63 429.477
14 64 -11.1871
14 65 -479.128
14 66 -958.293
14 67 -1431.85
14 68 -1883.47
14 69 -2298.06
14 70 -2662.82
14 71 -2967.62
14 72 -3205.35
14 73 -3372.04
14 74 -3466.7
14 75 -3491.03
14 76 -3449.1
14 77 -3346.9
14 78 -3191.91
14 79 -2992.65
14 80 -2758.3
14 81 -2498.24
14 82 -2221.84
14 83 -1938
14 84 -1655.03
14 85 -1380.34
14 86 -1120.32
14 87 -880.211
14 88 -664.094
14 89 -474.781
14 90 -313.943
14 91 -182.14
14 92 -78.9055
14 93 -2.94776
14 94 47.8234
14 95 76.0593
14 96 84.9032
14 97 77.8792
14 98 58.7261
14 99 31.4219
14 100 0

15 0 0
15 1 10.8998
15 2 17.475
15 3 15.5121
15 4 0.943249
15 5 -29.9759
15 6 -80.6309
15 7 -153.89
15 8 -251.978
15 9 -376.41
15 10 -527.788
15 11 -705.795
15 12 -909.045
15 13 -1135.07
15 14 -1380.34
15 15 -1640.2
15 16 -1909.1
15 17 -2180.56
15 18 -2447.43
15 19 -2702.04
15 20 -2936.39
15 21 -3142.38
15 22 -3312.07
15 23 -3437.88
15 24 -3512.84
15 25 -3530.96
15 26 -3487.37
15 27 -3378.84
15 28 -3203.96
15 29 -2963.56
15 30 -2660.93
15 31 -2302.09
15 32 -1895.68
15 33 -1453.02
15 34 -987.478
15 35 -514.07
15 36 -48.4576
15 37 393.957
15 38 799.209
15 39 1155.67
15 40 1455.11
15 41 1693.13
15 42 1869.65
15 43 1988.58
15 44 2057.47
15 45 2086.6
15 46 2087.71
15 47 2072.91
15 48 2053.25
15 49 2037.66
15 50 2031.79
15 51 2037.66
15 52 2053.25
15 53 2072.91
15 54 2087.71
15 55 2086.6
15 56 2057.47
15 57 1988.58
15 58 1869.65
15 59 1693.13
15 60 1455.11
15 61 1155.67
15 62 799.209
15 63 393.957
15 64 -48.4576
15 65 -514.07
15 66 -987.478
15 67 -1453.02
15 68 -1895.68
15 69 -2302.09
15 70 -2660.93
15 71 -2963.56
15 72 -3203.96
15 73 -3378.84
15 74 -3487.37
15 75 -3530.96
15 76 -3512.84
15 77 -3437.88
15 78 -3312.07
15 79 -3142.38
15 80 -2936.39
15 81 -2702.04
15 82 -2447.43
15 83 -2180.56
15 84 -1909.1
15 85 -1640.2
15 86 -1380.34
15 87 -1135.07
15 88 -909.045
15 89 -705.795
15 90 -527.788
15 91 -376.41
15 92 -251.978
15 93 -153.89
15 94 -80.6309
15 95 -29.9759
15 96 0.943249
15 97 15.5121
15 98 17.475
15 99 10.8998
15 100 0

16 0 0
16 1 -15.1992
16 2 -34.7573
16 3 -62.9022
16 4 -103.62
16 5 -160.507
16 6 -236.662
16 7 -334.545
16 8 -455.865
16 9 -601.476
16 10 -771.278
16 11 -964.172
16 12 -1178.03
16 13 -1409.68
16 14 -1655.03
16 15 -1909.1
16 16 -2166.19
16 17 -2420.04
16 18 -2664.02
16 19 -2891.3
16 20 -3095.07
16 21 -3268.63
16 22 -3405.64
16 23 -3500.17
16 24 -3546.89
16 25 -3541.18
16 26 -3479.35
16 27 -3358.84
16 28 -3178.45
16 29 -2938.69
16 30 -2642.05
16 31 -2293.24
16 32 -1899.41
16 33 -1470
16 34 -1016.76
16 35 -553.029
16 36 -93.2687
16 37 348
16 38 757.072
16 39 1122.24
16 40 1434.59
16 41 1688.91
16 42 1883.85
16 43 2022.18
16 44 2110.22
16 45 2157.13
16 46 2173.87
16 47 2171.81
16 48 2161.58
16 49 2151.69
16 50 2147.76
16 51 2151.69
16 52 2161.58
16 53 2171.81
16 54 2173.87
16 55 2157.13
16 56 2110.22
16 57 2022.18
16 58 1883.85
16 59 1688.91
16 60 1434.59
16 61 1122.24
16 62 757.072
16 63 348
16 64 -93.2687
16 65 -553.029
16 66 -1016.76
16 67 -1470
16 68 -1899.41
16 69 -2293.24
16 70 -2642.05
16 71 -2938.69
16 72 -3178.45
16 73 -3358.84
16 74 -3479.35
16 75 -3541.18
16 76 -3546.89
16 77 -3500.17
16 78 -3405.64
16 79 -3268.63
16 80 -3095.07
16 81 -2891.3
16 82 -2664.02
16 83 -2420.04
16 84 -2166.19
16 85 -1909.1
16 86 -1655.03
16 87 -1409.68
16 88 -1178.03
16 89 -964.172
16 90 -771.278
16 91 -601.476
16 92 -455.865
16 93 -334.545
16 94 -236.662
16 95 -160.507
16 96 -103.62
16 97 -62.9022
16 98 -34.7573
16 99 -15.1992
16 100 0

17 0 0
17 1 -46.8024
17 2 -97.7899
17 3 -157.001
17 4 -228.151
17 5 -314.513
17 6 -418.747
17 7 -542.794
17 8 -687.754
17 9 -853.795
17 10 -1040.12
17 11 -1244.91
17 12 -1465.41
17 13 -1697.93
17 14 -1938
17 15 -2180.56
17 16 -2420.04
17 17 -2650.65
17 18 -2866.51
17 19 -3061.9
17 20 -3231.3
17 21 -3369.59
17 22 -3472.06
17 23 -3534.48
17 24 -3553.06
17 25 -3524.54
17 26 -3446.23
17 27 -3316.13
17 28 -3133.13
17 29 -2897.29
17 30 -2610.16
17 31 -2275.1
17 32 -1897.51
17 33 -1485.1
17 34 -1047.63
17 35 -596.885
17 36 -145.874
17 37 291.727
17 38 702.701
17 39 1075.17
17 40 1399.73
17 41 1670.14
17 42 1883.98
17 43 2042.57
17 44 2150.97
17 45 2217.14
17 46 2250.93
17 47 2262.96
17 48 2263.16
17 49 2259.73
17 50 2257.96
17 51 2259.73
17 52 2263.16
17 53 2262.96
17 54 2250.93
17 55 2217.14
17 56 2150.97
17 57 2042.57
17 58 1883.98
17 59 1670.14
17 60 1399.73
17 61 1075.17
17 62 702.701
17 63 291.727
17 64 -145.874
17 65 -596.885
17 66 -1047.63
17 67 -1485.1
17 68 -1897.51
17 69 -2275.1
17 70 -2610.16
17 71 -2897.29
17 72 -3133.13
17 73 -3316.13
17 74 -3446.23
17 75 -3524.54
17 76 -3553.06
17 77 -3534.48
17 78 -3472.06
17 79 -3369.59
17 80 -3231.3
17 81 -3061.9
17 82 -2866.51
17 83 -2650.65
17 84 -2420.04
17 85 -2180.56
17 86 -1938
17 87 -1697.93
17 88 -1465.41
17 89 -1244.91
17 90 -1040.12
17 91 -853.795
17 92 -687.754
17 93 -542.794
17 94 -418.747
17 95 -314.513
17 96 -228.151
17 97 -157.001
17 98 -97.7899
17 99 -46.8024
17 100 0

18 0 0
18 1 -83.4635
18 2 -170.709
18 3 -265.356
18 4 -370.65
18 5 -489.356
18 6 -623.557
18 7 -774.565
18 8 -942.823
18 9 -1127.81
18 10 -1328.07
18 11 -1541.21
18 12 -1763.97
18 13 -1992.38
18 14 -2221.84
18 15 -2447.43
18 16 -2664.02
18 17 -2866.51
18 18 -3050.05
18 19 -3210.11
18 20 -3342.68
18 21 -3444.2
18 22 -3511.63
18 23 -3542.33
18 24 -3534
18 25 -3484.54
18 26 -3392.16
18 27 -3255.25
18 28 -3072.65
18 29 -2843.87
18 30 -2569.43
18 31 -2251.22
18 32 -1893.01
18 33 -1500.48
18 34 -1081.63
18 35 -646.432
18 36 -206.544
18 37 225.402
18 38 636.598
18 39 1015.2
18 40 1351.24
18 41 1637.58
18 42 1870.49
18 43 2050.05
18 44 2179.81
18 45 2266.38
18 46 2318.49
18 47 2345.71
18 48 2357.32
18 49 2360.9
18 50 2361.52
18 51 2360.9
18 52 2357.32
18 53 2345.71
18 54 2318.49
18 55 2266.38
18 56 2179.81
18 57 2050.05
18 58 1870.49
18 59 1637.58
18 60 1351.24
18 61 1015.2
18 62 636.598
18 63 225.402
18 64 -206.544
18 65 -646.432
18 66 -1081.63
18 67 -1500.48
18 68 -1893.01
18 69 -2251.22
18 70 -2569.43
18 71 -2843.87
18 72 -3072.65
18 73 -3255.25
18 74 -3392.16
18 75 -3484.54
18 76 -3534
18 77 -3542.33
18 78 -3511.63
18 79 -3444.2
18 80 -3342.68
18 81 -3210.11
18 82 -3050.05
18 83 -2866.51
18 84 -2664.02
18 85 -2447.43
18 86 -2221.84
18 87 -1992.38
18 88 -1763.97
18 89 -1541.21
18 90 -1328.07
18 91 -1127.81
18 92 -942.823
18 93 -774.565
18 94 -623.557
18 95 -489.356
18 96 -370.65
18 97 -265.356
18 98 -170.709
18 99 -83.4635
18 100 0

19 0 0
19 1 -124.309
19 2 -251.763
19 3 -385.328
19 4 -527.588
19 5 -680.613
19 6 -845.785
19 7 -1023.71
19 8 -1214.12
19 9 -1415.88
19 10 -1626.95
19 11 -1844.5
19 12 -2065
19 13 -2284.4
19 14 -2498.24
19 15 -2702.04
19 16 -2891.3
19 17 -3061.9
19 18 -3210.11
19 19 -3332.81
19 20 -3427.47
19 21 -3492.15
19 22 -3525.37
19 23 -3525.97
19 24 -3492.93
19 25 -3425.23
19 26 -3321.69
19 27 -3180.99
19 28 -3001.8
19 29 -2782.99
19 30 -2523.94
19 31 -2225.2
19 32 -1888.66
19 33 -1518.3
19 34 -1120.11
19 35 -702.434
19 36 -275.419
19 37 149.243
19 38 559.363
19 39 943.044
19 40 1289.89
19 41 1591.82
19 42 1843.98
19 43 2044.91
19 44 2196.76
19 45 2304.68
19 46 2376.08
19 47 2419.48
19 48 2443.22
19 49 2454.35
19 50 2457.5
19 51 2454.35
19 52 2443.22
19 53 2419.48
19 54 2376.08
19 55 2304.68
19 56 2196.76
19 57 2044.91
19 58 1843.98
19 59 1591.82
19 60 1289.89
19 61 943.044
19 62 559.363
19 63 149.243
19 64 -275.419
19 65 -702.434
19 66 -1120.11
19 67 -1518.3
19 68 -1888.66
19 69 -2225.2
19 70 -2523.94
19 71 -2782.99
19 72 -3001.8
19 73 -3180.99
19 74 -3321.69
19 75 -3425.23
19 76 -3492.93
19 77 -3525.97
19 78 -3525.37
19 79 -3492.15
19 80 -3427.47
19 81 -3332.81
19 82 -3210.11
19 83 -3061.9
19 84 -2891.3
19 85 -2702.04
19 86 -2498.24
19 87 -2284.4
19 88 -2065
19 89 -1844.5
19 90 -1626.95
19 91 -1415.88
19 92 -1214.12
19 93 -1023.71
19 94 -845.785
19 95 -680.613
19 96 -527.588
19 97 -385.328
19 98 -251.763
19 99 -124.309
19 100 0

20 0 0
20 1 -168.051
20 2 -338.382
20 3 -513.085
20 4 -693.9
20 5 -882.046
20 6 -1078.11
20 7 -1281.93
20 8 -1492.57
20 9 -1708.31
20 10 -1926.69
20 11 -2144.61
20 12 -2358.47
20 13 -2564.37
20 14 -2758.3
20 15 -2936.39
20 16 -3095.07
20 17 -3231.3
20 18 -3342.68
20 19 -3427.47
20 20 -3484.69
20 21 -3513.86
20 22 -3514.98
20 23 -3488.16
20 24 -3433.54
20 25 -3350.86
20 26 -3239.47
20 27 -3098.16
20 28 -2925.27
20 29 -2718.97
20 30 -2477.6
20 31 -2200.2
20 32 -1887.13
20 33 -1540.4
20 34 -1164.33
20 35 -765.466
20 36 -352.63
20 37 63.602
20 38 471.53
20 39 859.406
20 40 1216.39
20 41 1533.58
20 42 1804.85
20 43 2027.42
20 44 2201.83
20 45 2331.77
20 46 2423.25
20 47 2483.52
20 48 2520.04
20 49 2539.1
20 50 2544.99
20 51 2539.1
20 52 2520.04
20 53 2483.52
20 54 2423.25
20 55 2331.77
20 56 2201.83
20 57 2027.42
20 58 1804.85
20 59 1533.58
20 60 1216.39
20 61 859.406
20 62 471.53
20 63 63.602
20 64 -352.63
20 65 -765.466
20 66 -1164.33
20 67 -1540.4
20 68 -1887.13
20 69 -2200.2
20 70 -2477.6
20 71 -2718.97
20 72 -2925.27
20 73 -3098.16
20 74 -3239.47
20 75 -3350.86
20 76 -3433.54
20 77 -3488.16
20 78 -3514.98
20 79 -3513.86
20 80 -3484.69
20 81 -3427.47
20 82 -3342.68
20 83 -3231.3
20 84 -3095.07
20 85 -2936.39
20 86 -2758.3
20 87 -2564.37
20 88 -2358.47
20 89 -2144.61
20 90 -1926.69
20 91 -1708.31
20 92 -1492.57
20 93 -1281.93
20 94 -1078.11
20 95 -882.046
20 96 -693.9
20 97 -513.085
20 98 -338.382
20 99 -168.051
20 100 0

21 0 0
21 1 -212.948
21 2 -427.116
21 3 -643.55
21 4 -862.984
21 5 -1085.68
21 6 -1311.35
21 7 -1539.07
21 8 -1767.26
21 9 -1993.72
21 10 -2215.7
21 11 -2430.04
21 12 -2633.28
21 13 -2821.95
21 14 -2992.65
21 15 -3142.38
21 16 -3268.63
21 17 -3369.59
21 18 -3444.2
21 19 -3492.15
21 20 -3513.86
21 21 -3510.26
21 22 -3482.56
21 23 -3432.04
21 24 -3359.64
21 25 -3265.78
21 26 -3150.06
21 27 -3011.27
21 28 -2847.38
21 29 -2655.82
21 30 -2433.85
21 31 -2179.22
21 32 -1890.6
21 33 -1568.45
21 34 -1215.25
21 35 -836.017
21 36 -438.136
21 37 -31.2203
21 38 373.722
21 39 765.023
21 40 1131.49
21 41 1463.44
21 42 1753.63
21 43 1997.82
21 44 2195.06
21 45 2347.43
21 46 2459.48
21 47 2537.21
21 48 2586.94
21 49 2614.28
21 50 2622.94
21 51 2614.28
21 52 2586.94
21 53 2537.21
21 54 2459.48
21 55 2347.43
21 56 2195.06
21 57 1997.82
21 58 1753.63
21 59 1463.44
21 60 1131.49
21 61 765.023
21 62 373.722
21 63 -31.2203
21 64 -438.136
21 65 -836.017
21 66 -1215.25
21 67 -1568.45
21 68 -1890.6
21 69 -2179.22
21 70 -2433.85
21 71 -2655.82
21 72 -2847.38
21 73 -3011.27
21 74 -3150.06
21 75 -3265.78
21 76 -3359.64
21 77 -3432.04
21 78 -3482.56
21 79 -3510.26
21 80 -3513.86
21 81 -3492.15
21 82 -3444.2
21 83 -3369.59
21 84 -3268.63
21 85 -3142.38
21 86 -2992.65
21 87 -2821.95
21 88 -2633.28
21 89 -2430.04
21 90 -2215.7
21 91 -1993.72
21 92 -1767.26
21 93 -1539.07
21 94 -1311.35
21 95 -1085.68
21 96 -862.984
21 97 -643.55
21 98 -427.116
21 99 -212.948
21 100 0

22 0 0
22 1 -256.919
22 2 -513.856
22 3 -770.687
22 4 -1027.03
22 5 -1282.14
22 6 -1534.82
22 7 -1783.4
22 8 -2025.75
22 9 -2259.32
22 10 -2481.22
22 11 -2688.41
22 12 -2877.8
22 13 -3046.48
22 14 -3191.91
22 15 -3312.07
22 16 -3405.64
22 17 -3472.06
22 18 -3511.63
22 19 -3525.37
22 20 -3514.98
22 21 -3482.56
22 22 -3430.43
22 23 -3360.66
22 24 -3274.9
22 25 -3173.93
22 26 -3057.53
22 27 -2924.34
22 28 -2771.88
22 29 -2596.87
22 30 -2395.6
22 31 -2164.49
22 32 -1900.91
22 33 -1603.61
22 34 -1273.59
22 35 -914.276
22 36 -531.818
22 37 -134.719
22 38 266.562
22 39 660.585
22 40 1035.88
22 41 1382.06
22 42 1690.76
22 43 1956.38
22 44 2176.42
22 45 2351.42
22 46 2484.36
22 47 2579.84
22 48 2643.15
22 49 2678.94
22 50 2690.5
22 51 2678.94
22 52 2643.15
22 53 2579.84
22 54 2484.36
22 55 2351.42
22 56 2176.42
22 57 1956.38
22 58 1690.76
22 59 1382.06
22 60 1035.88
22 61 660.585
22 62 266.562
22 63 -134.719
22 64 -531.818
22 65 -914.276
22 66 -1273.59
22 67 -1603.61
22 68 -1900.91
22 69 -2164.49
22 70 -2395.6
22 71 -2596.87
22 72 -2771.88
22 73 -2924.34
22 74 -3057.53
22 75 -3173.93
22 76 -3274.9
22 77 -3360.66
22 78 -3430.43
22 79 -3482.56
22 80 -3514.98
22 81 -3525.37
22 82 -3511.63
22 83 -3472.06
22 84 -3405.64
22 85 -3312.07
22 86 -3191.91
22 87 -3046.48
22 88 -2877.8
22 89 -2688.41
22 90 -2481.22
22 91 -2259.32
22 92 -2025.75
22 93 -1783.4
22 94 -1534.82
22 95 -1282.14
22 96 -1027.03
22 97 -770.687
22 98 -513.856
22 99 -256.919
22 100 0

23 0 0
23 1 -297.617
23 2 -593.975
23 3 -887.739
23 4 -1177.36
23 5 -1461.08
23 6 -1736.84
23 7 -2002.28
23 8 -2254.82
23 9 -2491.68
23 10 -2710.01
23 11 -2907.05
23 12 -3080.22
23 13 -3227.38
23 14 -3346.9
23 15 -3437.88
23 16 -3500.17
23 17 -3534.48
23 18 -3542.33
23 19 -3525.97
23 20 -3488.16
23 21 -3432.04
23 22 -3360.66
23 23 -3276.78
23 24 -3182.43
23 25 -3078.65
23 26 -2965.2
23 27 -2840.5
23 28 -2701.63
23 29 -2544.62
23 30 -2364.85
23 31 -2157.68
23 32 -1919.1
23 33 -1646.58
23 34 -1339.57
23 35 -1000.17
23 36 -633.221
23 37 -246.304
23 38 150.825
23 39 546.946
23 40 930.383
23 41 1290.13
23 42 1616.77
23 43 1903.43
23 44 2146.08
23 45 2343.63
23 46 2497.51
23 47 2610.95
23 48 2687.93
23 49 2732.35
23 50 2746.81
23 51 2732.35
23 52 2687.93
23 53 2610.95
23 54 2497.51
23 55 2343.63
23 56 2146.08
23 57 1903.43
23 58 1616.77
23 59 1290.13
23 60 930.383
23 61 546.946
23 62 150.825
23 63 -246.304
23 64 -633.221
23 65 -1000.17
23 66 -1339.57
23 67 -1646.58
23 68 -1919.1
23 69 -2157.68
23 70 -2364.85
23 71 -2544.62
23 72 -2701.63
23 73 -2840.5
23 74 -2965.2
23 75 -3078.65
23 76 -3182.43
23 77 -3276.78
23 78 -3360.66
23 79 -3432.04
23 80 -3488.16
23 81 -3525.97
23 82 -3542.33
23 83 -3534.48
23 84 -3500.17
23 85 -3437.88
23 86 -3346.9
23 87 -3227.38
23 88 -3080.22
23 89 -2907.05
23 90 -2710.01
23 91 -2491.68
23 92 -2254.82
23 93 -2002.28
23 94 -1736.84
23 95 -1461.08
23 96 -1177.36
23 97 -887.739
23 98 -593.975
23 99 -297.617
23 100 0

24 0 0
24 1 -332.586
24 2 -662.657
24 3 -987.682
24 4 -1305
24 5 -1611.88
24 6 -1905.49
24 7 -2182.88
24 8 -2441.16
24 9 -2677.43
24 10 -2889.05
24 11 -3073.62
24 12 -3229.26
24 13 -3354.62
24 14 -3449.1
24 15 -3512.84
24 16 -3546.89
24 17 -3553.06
24 18 -3534
24 19 -3492.93
24 20 -3433.54
24 21 -3359.64
24 22 -3274.9
24 23 -3182.43
24 24 -3084.54
24 25 -2982.26
24 26 -2875.3
24 27 -2761.78
24 28 -2638.36
24 29 -2500.45
24 30 -2342.69
24 31 -2159.4
24 32 -1945.56
24 33 -1697.3
24 34 -1412.88
24 35 -1093.07
24 36 -741.595
24 37 -365.016
24 38 27.5402
24 39 425.132
24 40 815.996
24 41 1188.53
24 42 1532.44
24 43 1839.52
24 44 2104.34
24 45 2324.16
24 46 2498.85
24 47 2630.17
24 48 2720.93
24 49 2773.94
24 50 2791.37
24 51 2773.94
24 52 2720.93
24 53 2630.17
24 54 2498.85
24 55 2324.16
24 56 2104.34
24 57 1839.52
24 58 1532.44
24 59 1188.53
24 60 815.996
24 61 425.132
24 62 27.5402
24 63 -365.016
24 64 -741.595
24 65 -1093.07
24 66 -1412.88
24 67 -1697.3
24 68 -1945.56
24 69 -2159.4
24 70 -2342.69
24 71 -2500.45
24 72 -2638.36
24 73 -2761.78
24 74 -2875.3
24 75 -2982.26
24 76 -3084.54
24 77 -3182.43
24 78 -3274.9
24 79 -3359.64
24 80 -3433.54
24 81 -3492.93
24 82 -3534
24 83 -3553.06
24 84 -3546.89
24 85 -3512.84
24 86 -3449.1
24 87 -3354.62
24 88 -3229.26
24 89 -3073.62
24 90 -2889.05
24 91 -2677.43
24 92 -2441.16
24 93 -2182.88
24 94 -1905.49
24 95 -1611.88
24 96 -1305
24 97 -987.682
24 98 -662.657
24 99 -332.586
24 100 0

25 0 0
25 1 -359.457
25 2 -715.252
25 3 -1063.76
25 4 -1401.33
25 5 -1724.4
25 6 -2029.45
25 7 -2313.14
25 8 -2572.34
25 9 -2804.21
25 10 -3006.38
25 11 -3176.99
25 12 -3314.81
25 13 -3419.39
25 14 -3491.03
25 15 -3530.96
25 16 -3541.18
25 17 -3524.54
25 18 -3484.54
25 19 -3425.23
25 20 -3350.86
25 21 -3265.78
25 22 -3173.93
25 23 -3078.65
25 24 -2982.26
25 25 -2885.76
25 26 -2788.66
25 27 -2688.8
25 28 -2582.44
25 29 -2464.5
25 30 -2328.9
25 31 -2169.27
25 32 -1979.56
25 33 -1754.94
25 34 -1492.47
25 35 -1191.82
25 36 -855.592
25 37 -489.462
25 38 -101.881
25 39 296.562
25 40 694.038
25 41 1078.51
25 42 1438.79
25 43 1765.57
25 44 2051.87
25 45 2293.47
25 46 2488.65
25 47 2637.67
25 48 2742.03
25 49 2803.64
25 50 2823.98
25 51 2803.64
25 52 2742.03
25 53 2637.67
25 54 2488.65
25 55 2293.47
25 56 2051.87
25 57 1765.57
25 58 1438.79
25 59 1078.51
25 60 694.038
25 61 296.562
25 62 -101.881
25 63 -489.462
25 64 -855.592
25 65 -1191.82
25 66 -1492.47
25 67 -1754.94
25 68 -1979.56
25 69 -2169.27
25 70 -2328.9
25 71 -2464.5
25 72 -2582.44
25 73 -2688.8
25 74 -2788.66
25 75 -2885.76
25 76 -2982.26
25 77 -3078.65
25 78 -3173.93
25 79 -3265.78
25 80 -3350.86
25 81 -3425.23
25 82 -3484.54
25 83 -3524.54
25 84 -3541.18
25 85 -3530.96
25 86 -3491.03
25 87 -3419.39
25 88 -3314.81
25 89 -3176.99
25 90 -3006.38
25 91 -2804.21
25 92 -2572.34
25 93 -2313.14
25 94 -2029.45
25 95 -1724.4
25 96 -1401.33
25 97 -1063.76
25 98 -715.252
25 99 -359.457
25 100 0

26 0 0
26 1 -376.141
26 2 -747.67
26 3 -1110.05
26 4 -1458.84
26 5 -1789.81
26 6 -2098.98
26 7 -2382.69
26 8 -2637.79
26 9 -2861.59
26 10 -3052.07
26 11 -3207.91
26 12 -3328.6
26 13 -3414.46
26 14 -3466.7
26 15 -3487.37
26 16 -3479.35
26 17 -3446.23
26 18 -3392.16
26 19 -3321.69
26 20 -3239.47
26 21 -3150.06
26 22 -3057.53
26 23 -2965.2
26 24 -2875.3
26 25 -2788.66
26 26 -2704.57
26 27 -2620.6
26 28 -2532.68
26 29 -2435.3
26 30 -2321.94
26 31 -2185.51
26 32 -2019.3
26 33 -1817.54
26 34 -1576.34
26 35 -1294.33
26 36 -973.16
26 37 -617.58
26 38 -235.382
26 39 163.229
26 40 566.449
26 41 961.848
26 42 1337.51
26 43 1682.97
26 44 1989.96
26 45 2252.66
26 46 2467.77
26 47 2634.1
26 48 2751.85
26 49 2821.9
26 50 2845.14
26 51 2821.9
26 52 2751.85
26 53 2634.1
26 54 2467.77
26 55 2252.66
26 56 1989.96
26 57 1682.97
26 58 1337.51
26 59 961.848
26 60 566.449
26 61 163.229
26 62 -235.382
26 63 -617.58
26 64 -973.16
26 65 -1294.33
26 66 -1576.34
26 67 -1817.54
26 68 -2019.3
26 69 -2185.51
26 70 -2321.94
26 71 -2435.3
26 72 -2532.68
26 73 -2620.6
26 74 -2704.57
26 75 -2788.66
26 76 -2875.3
26 77 -2965.2
26 78 -3057.53
26 79 -3150.06
26 80 -3239.47
26 81 -3321.69
26 82 -3392.16
26 83 -3446.23
26 84 -3479.35
26 85 -3487.37
26 86 -3466.7
26 87 -3414.46
26 88 -3328.6
26 89 -3207.91
26 90 -3052.07
26 91 -2861.59
26 92 -2637.79
26 93 -2382.69
26 94 -2098.98
26 95 -1789.81
26 96 -1458.84
26 97 -1110.05
26 98 -747.67
26 99 -376.141
26 100 0

27 0 0
27 1 -381.022
27 2 -756.752
27 3 -1122
27 4 -1471.79
27 5 -1801.45
27 6 -2106.71
27 7 -2383.86
27 8 -2629.76
27 9 -2842.01
27 10 -3018.98
27 11 -3159.91
27 12 -3264.9
27 13 -3334.98
27 14 -3372.04
27 15 -3378.84
27 16 -3358.84
27 17 -3316.13
27 18 -3255.25
27 19 -3180.99
27 20 -3098.16
27 21 -3011.27
27 22 -2924.34
27 23 -2840.5
27 24 -2761.78
27 25 -2688.8
27 26 -2620.6
27 27 -2554.51
27 28 -2486.22
27 29 -2409.93
27 30 -2318.69
27 31 -2205.06
27 32 -2061.63
27 33 -1882
27 34 -1661.41
27 35 -1397.62
27 36 -1091.3
27 37 -746.434
27 38 -370.088
27 39 27.923
27 40 435.898
27 41 841.1
27 42 1230.97
27 43 1594.03
27 44 1920.64
27 45 2203.55
27 46 2437.91
27 47 2621.01
27 48 2751.79
27 49 2830.07
27 50 2856.12
27 51 2830.07
27 52 2751.79
27 53 2621.01
27 54 2437.91
27 55 2203.55
27 56 1920.64
27 57 1594.03
27 58 1230.97
27 59 841.1
27 60 435.898
27 61 27.923
27 62 -370.088
27 63 -746.434
27 64 -1091.3
27 65 -1397.62
27 66 -1661.41
27 67 -1882
27 68 -2061.63
27 69 -2205.06
27 70 -2318.69
27 71 -2409.93
27 72 -2486.22
27 73 -2554.51
27 74 -2620.6
27 75 -2688.8
27 76 -2761.78
27 77 -2840.5
27 78 -2924.34
27 79 -3011.27
27 80 -3098.16
27 81 -3180.99
27 82 -3255.25
27 83 -3316.13
27 84 -3358.84
27 85 -3378.84
27 86 -3372.04
27 87 -3334.98
27 88 -3264.9
27 89 -3159.91
27 90 -3018.98
27 91 -2842.01
27 92 -2629.76
27 93 -2383.86
27 94 -2106.71
27 95 -1801.45
27 96 -1471.79
27 97 -1122
27 98 -756.752
27 99 -381.022
27 100 0

28 0 0
28 1 -373.148
28 2 -740.643
28 3 -1096.95
28 4 -1436.86
28 5 -1755.49
28 6 -2048.56
28 7 -2312.41
28 8 -2544.11
28 9 -2741.58
28 10 -2903.59
28 11 -3029.89
28 12 -3121.1
28 13 -3178.78
28 14 -3205.35
28 15 -3203.96
28 16 -3178.45
28 17 -3133.13
28 18 -3072.65
28 19 -3001.8
28 20 -2925.27
28 21 -2847.38
28 22 -2771.88
28 23 -2701.63
28 24 -2638.36
28 25 -2582.44
28 26 -2532.68
28 27 -2486.22
28 28 -2438.58
28 29 -2383.73
28 30 -2314.59
28 31 -2223.26
28 32 -2102.05
28 33 -1943.88
28 34 -1743.38
28 35 -1497.41
28 36 -1205.93
28 37 -871.998
28 38 -502.106
28 39 -105.538
28 40 306.065
28 41 719.858
28 42 1122.62
28 43 1501.96
28 44 1847.01
28 45 2149.09
28 46 2401.81
28 47 2601.02
28 48 2744.29
28 49 2830.57
28 50 2859.34
28 51 2830.57
28 52 2744.29
28 53 2601.02
28 54 2401.81
28 55 2149.09
28 56 1847.01
28 57 1501.96
28 58 1122.62
28 59 719.858
28 60 306.065
28 61 -105.538
28 62 -502.106
28 63 -871.998
28 64 -1205.93
28 65 -1497.41
28 66 -1743.38
28 67 -1943.88
28 68 -2102.05
28 69 -2223.26
28 70 -2314.59
28 71 -2383.73
28 72 -2438.58
28 73 -2486.22
28 74 -2532.68
28 75 -2582.44
28 76 -2638.36
28 77 -2701.63
28 78 -2771.88
28 79 -2847.38
28 80 -2925.27
28 81 -3001.8
28 82 -3072.65
28 83 -3133.13
28 84 -3178.45
28 85 -3203.96
28 86 -3205.35
28 87 -3178.78
28 88 -3121.1
28 89 -3029.89
28 90 -2903.59
28 91 -2741.58
28 92 -2544.11
28 93 -2312.41
