0 0 0
0 1 0
0 2 0
0 3 0
0 4 0
0 5 0
0 6 0
0 7 0
0 8 0
0 9 0
0 10 0
0 11 0
0 12 0
0 13 0
0 14 0
0 15 0
0 16 0
0 17 0
0 18 0
0 19 0
0 20 0
0 21 0
0 22 0
0 23 0
0 24 0
0 25 0
0 26 0
0 27 0
0 28 0
0 29 0
0 30 0
0 31 0
0 32 0
0 33 0
0 34 0
0 35 0
0 36 0
0 37 0
0 38 0
0 39 0
0 40 0
0 41 0
0 42 0
0 43 0
0 44 0
0 45 0
0 46 0
0 47 0
0 48 0
0 49 0
0 50 0
0 51 0
0 52 0
0 53 0
0 54 0
0 55 0
0 56 0
0 57 0
0 58 0
0 59 0
0 60 0
0 61 0
0 62 0
0 63 0
0 64 0
0 65 0
0 66 0
0 67 0
0 68 0
0 69 0
0 70 0
0 71 0
0 72 0
0 73 0
0 74 0
0 75 0
0 76 0
0 77 0
0 78 0
0 79 0
0 80 0
0 81 0
0 82 0
0 83 0
0 84 0
0 85 0
0 86 0
0 87 0
0 88 0
0 89 0
0 90 0
0 91 0
0 92 0
0 93 0
0 94 0
0 95 0
0 96 0
0 97 0
0 98 0
0 99 0
0 100 0

1 0 0
1 1 -99.1736
1 2 -194.076
1 3 -280.638
1 4 -355.238
1 5 -414.848
1 6 -457.222
1 7 -481.009
1 8 -485.815
1 9 -472.238
1 10 -441.807
1 11 -396.887
1 12 -340.507
1 13 -276.174
1 14 -207.599
1 15 -138.488
1 16 -72.2902
1 17 -11.9603
1 18 40.1346
1 19 82.3957
1 20 113.979
1 21 134.776
1 22 145.352
1 23 146.791
1 24 140.555
1 25 128.314
1 26 111.824
1 27 92.733
1 28 72.5407
1 29 52.4859
1 30 33.5157
1 31 16.2941
1 32 1.23079
1 33 -11.4978
1 34 -21.9247
1 35 -30.1846
1 36 -36.517
1 37 -41.1875
1 38 -44.5046
1 39 -46.7334
1 40 -48.1401
1 41 -48.9284
1 42 -49.2926
1 43 -49.3714
1 44 -49.2781
1 45 -49.0846
1 46 -48.8645
1 47 -48.6697
1 48 -48.5033
1 49 -48.391
1 50 -48.3659
1 51 -48.391
1 52 -48.5033
1 53 -48.6697
1 54 -48.8645
1 55 -49.0846
1 56 -49.2781
1 57 -49.3714
1 58 -49.2926
1 59 -48.9284
1 60 -48.1401
1 61 -46.7334
1 62 -44.5046
1 63 -41.1875
1 64 -36.517
1 65 -30.1846
1 66 -21.9247
1 67 -11.4978
1 68 1.23079
1 69 16.2941
1 70 33.5157
1 71 52.4859
1 72 72.5407
1 73 92.733
1 74 111.824
1 75 128.314
1 76 140.555
1 77 146.791
1 78 145.352
1 79 134.776
1 80 113.979
1 81 82.3957
1 82 40.1346
1 83 -11.9603
1 84 -72.2902
1 85 -138.488
1 86 -207.599
1 87 -276.174
1 88 -340.507
1 89 -396.887
1 90 -441.807
1 91 -472.238
1 92 -485.815
1 93 -481.009
1 94 -457.222
1 95 -414.848
1 96 -355.238
1 97 -280.638
1 98 -194.076
1 99 -99.1736
1 100 0

2 0 0
2 1 -194.076
2 2 -379.816
2 3 -549.281
2 4 -695.396
2 5 -812.244
2 6 -895.429
2 7 -942.293
2 8 -952.046
2 9 -925.822
2 10 -866.578
2 11 -778.896
2 12 -668.67
2 13 -542.731
2 14 -408.337
2 15 -272.742
2 16 -142.716
2 17 -24.0735
2 18 78.5196
2 19 161.889
2 20 224.329
2 21 265.579
2 22 286.694
2 23 289.769
2 24 277.656
2 25 253.632
2 26 221.141
2 27 183.424
2 28 143.441
2 29 103.648
2 30 65.9553
2 31 31.6889
2 32 1.67158
2 33 -23.7533
2 34 -44.6104
2 35 -61.1551
2 36 -73.8444
2 37 -83.2365
2 38 -89.9249
2 39 -94.4269
2 40 -97.2571
2 41 -98.8605
2 42 -99.6228
2 43 -99.785
2 44 -99.5933
2 45 -99.2148
2 46 -98.7975
2 47 -98.3705
2 48 -98.055
2 49 -97.8448
2 50 -97.7548
2 51 -97.8448
2 52 -98.055
2 53 -98.3705
2 54 -98.7975
2 55 -99.2148
2 56 -99.5933
2 57 -99.785
2 58 -99.6228
2 59 -98.8605
2 60 -97.2571
2 61 -94.4269
2 62 -89.9249
2 63 -83.2365
2 64 -73.8444
2 65 -61.1551
2 66 -44.6104
2 67 -23.7533
2 68 1.67158
2 69 31.6889
2 70 65.9553
2 71 103.648
2 72 143.441
2 73 183.424
2 74 221.141
2 75 253.632
2 76 277.656
2 77 289.769
2 78 286.694
2 79 265.579
2 80 224.329
2 81 161.889
2 82 78.5196
2 83 -24.0735
2 84 -142.716
2 85 -272.742
2 86 -408.337
2 87 -542.731
2 88 -668.67
2 89 -778.896
2 90 -866.578
2 91 -925.822
2 92 -952.046
2 93 -942.293
2 94 -895.429
2 95 -812.244
2 96 -695.396
2 97 -549.281
2 98 -379.816
2 99 -194.076
2 100 0

3 0 0
3 1 -280.638
3 2 -549.281
3 3 -794.512
3 4 -1006.13
3 5 -1175.59
3 6 -1296.53
3 7 -1365.08
3 8 -1380.01
3 9 -1342.9
3 10 -1257.92
3 11 -1131.62
3 12 -972.451
3 13 -790.215
3 14 -595.382
3 15 -398.441
3 16 -209.204
3 17 -36.1814
3 18 113.798
3 19 235.999
3 20 327.836
3 21 388.819
3 22 420.382
3 23 425.481
3 24 408.197
3 25 373.265
3 26 325.681
3 27 270.219
3 28 211.226
3 29 152.344
3 30 96.3956
3 31 45.3939
3 32 0.587079
3 33 -37.4481
3 34 -68.7292
3 35 -93.6175
3 36 -112.781
3 37 -126.994
3 38 -137.131
3 39 -143.989
3 40 -148.342
3 41 -150.822
3 42 -151.988
3 43 -152.274
3 44 -152.018
3 45 -151.463
3 46 -150.805
3 47 -150.214
3 48 -149.711
3 49 -149.377
3 50 -149.293
3 51 -149.377
3 52 -149.711
3 53 -150.214
3 54 -150.805
3 55 -151.463
3 56 -152.018
3 57 -152.274
3 58 -151.988
3 59 -150.822
3 60 -148.342
3 61 -143.989
3 62 -137.131
3 63 -126.994
3 64 -112.781
3 65 -93.6175
3 66 -68.7292
3 67 -37.4481
3 68 0.587079
3 69 45.3939
3 70 96.3956
3 71 152.344
3 72 211.226
3 73 270.219
3 74 325.681
3 75 373.265
3 76 408.197
3 77 425.481
3 78 420.382
3 79 388.819
3 80 327.836
3 81 235.999
3 82 113.798
3 83 -36.1814
3 84 -209.204
3 85 -398.441
3 86 -595.382
3 87 -790.215
3 88 -972.451
3 89 -1131.62
3 90 -1257.92
3 91 -1342.9
3 92 -1380.01
3 93 -1365.08
3 94 -1296.53
3 95 -1175.59
3 96 -1006.13
3 97 -794.512
3 98 -549.281
3 99 -280.638
3 100 0

4 0 0
4 1 -355.238
4 2 -695.396
4 3 -1006.13
4 4 -1274.57
4 5 -1489.95
4 6 -1644.19
4 7 -1732.31
4 8 -1752.68
4 9 -1707.12
4 10 -1600.78
4 11 -1441.75
4 12 -1240.6
4 13 -1009.61
4 14 -761.992
4 15 -511.031
4 16 -269.223
4 17 -47.4959
4 18 145.337
4 19 303.053
4 20 422.145
4 21 501.785
4 22 543.589
4 23 551.176
4 24 529.649
4 25 485.013
4 26 423.631
4 27 351.665
4 28 274.746
4 29 197.633
4 30 124.085
4 31 56.7914
4 32 -2.54281
4 33 -53.1242
4 34 -94.8646
4 35 -128.209
4 36 -153.965
4 37 -173.171
4 38 -186.928
4 39 -196.295
4 40 -202.262
4 41 -205.71
4 42 -207.381
4 43 -207.825
4 44 -207.519
4 45 -206.804
4 46 -205.974
4 47 -205.136
4 48 -204.489
4 49 -204.07
4 50 -203.896
4 51 -204.07
4 52 -204.489
4 53 -205.136
4 54 -205.974
4 55 -206.804
4 56 -207.519
4 57 -207.825
4 58 -207.381
4 59 -205.71
4 60 -202.262
4 61 -196.295
4 62 -186.928
4 63 -173.171
4 64 -153.965
4 65 -128.209
4 66 -94.8646
4 67 -53.1242
4 68 -2.54281
4 69 56.7914
4 70 124.085
4 71 197.633
4 72 274.746
4 73 351.665
4 74 423.631
4 75 485.013
4 76 529.649
4 77 551.176
4 78 543.589
4 79 501.785
4 80 422.145
4 81 303.053
4 82 145.337
4 83 -47.4959
4 84 -269.223
4 85 -511.031
4 86 -761.992
4 87 -1009.61
4 88 -1240.6
4 89 -1441.75
4 90 -1600.78
4 91 -1707.12
4 92 -1752.68
4 93 -1732.31
4 94 -1644.19
4 95 -1489.95
4 96 -1274.57
4 97 -1006.13
4 98 -695.396
4 99 -355.238
4 100 0

5 0 0
5 1 -414.848
5 2 -812.244
5 3 -1175.59
5 4 -1489.95
5 5 -1742.79
5 6 -1924.65
5 7 -2029.59
5 8 -2055.56
5 9 -2004.45
5 10 -1882.01
5 11 -1697.46
5 12 -1462.88
5 13 -1192.48
5 14 -901.607
5 15 -605.785
5 16 -319.721
5 17 -56.4307
5 18 173.526
5 19 362.504
5 20 506.05
5 21 602.865
5 22 654.546
5 23 665.119
5 24 640.44
5 25 587.528
5 26 513.88
5 27 426.898
5 28 333.357
5 29 239.082
5 30 148.705
5 31 65.6221
5 32 -8.00122
5 33 -71.0531
5 34 -123.336
5 35 -165.305
5 36 -197.911
5 37 -222.351
5 38 -239.958
5 39 -252.038
5 40 -259.823
5 41 -264.391
5 42 -266.645
5 43 -267.343
5 44 -267.047
5 45 -266.231
5 46 -265.178
5 47 -264.195
5 48 -263.367
5 49 -262.824
5 50 -262.667
5 51 -262.824
5 52 -263.367
5 53 -264.195
5 54 -265.178
5 55 -266.231
5 56 -267.047
5 57 -267.343
5 58 -266.645
5 59 -264.391
5 60 -259.823
5 61 -252.038
5 62 -239.958
5 63 -222.351
5 64 -197.911
5 65 -165.305
5 66 -123.336
5 67 -71.0531
5 68 -8.00122
5 69 65.6221
5 70 148.705
5 71 239.082
5 72 333.357
5 73 426.898
5 74 513.88
5 75 587.528
5 76 640.44
5 77 665.119
5 78 654.546
5 79 602.865
5 80 506.05
5 81 362.504
5 82 173.526
5 83 -56.4307
5 84 -319.721
5 85 -605.785
5 86 -901.607
5 87 -1192.48
5 88 -1462.88
5 89 -1697.46
5 90 -1882.01
5 91 -2004.45
5 92 -2055.56
5 93 -2029.59
5 94 -1924.65
5 95 -1742.79
5 96 -1489.95
5 97 -1175.59
5 98 -812.244
5 99 -414.848
5 100 0

6 0 0
6 1 -457.222
6 2 -895.429
6 3 -1296.53
6 4 -1644.19
6 5 -1924.65
6 6 -2127.42
6 7 -2245.81
6 8 -2277.32
6 9 -2223.72
6 10 -2090.99
6 11 -1888.94
6 12 -1630.58
6 13 -1331.34
6 14 -1008.03
6 15 -677.801
6 16 -357.05
6 17 -60.4512
6 18 199.927
6 19 415.147
6 20 579.772
6 21 691.901
6 22 752.874
6 23 766.85
6 24 740.136
6 25 680.463
6 26 596.227
6 27 495.846
6 28 387.121
6 29 276.821
6 30 170.449
6 31 72.0729
6 32 -15.5973
6 33 -91.1325
6 34 -154.11
6 35 -204.999
6 36 -244.776
6 37 -274.815
6 38 -296.602
6 39 -311.713
6 40 -321.571
6 41 -327.466
6 42 -330.489
6 43 -331.551
6 44 -331.376
6 45 -330.48
6 46 -329.324
6 47 -328.141
6 48 -327.182
6 49 -326.569
6 50 -326.328
6 51 -326.569
6 52 -327.182
6 53 -328.141
6 54 -329.324
6 55 -330.48
6 56 -331.376
6 57 -331.551
6 58 -330.489
6 59 -327.466
6 60 -321.571
6 61 -311.713
6 62 -296.602
6 63 -274.815
6 64 -244.776
6 65 -204.999
6 66 -154.11
6 67 -91.1325
6 68 -15.5973
6 69 72.0729
6 70 170.449
6 71 276.821
6 72 387.121
6 73 495.846
6 74 596.227
6 75 680.463
6 76 740.136
6 77 766.85
6 78 752.874
6 79 691.901
6 80 579.772
6 81 415.147
6 82 199.927
6 83 -60.4512
6 84 -357.05
6 85 -677.801
6 86 -1008.03
6 87 -1331.34
6 88 -1630.58
6 89 -1888.94
6 90 -2090.99
6 91 -2223.72
6 92 -2277.32
6 93 -2245.81
6 94 -2127.42
6 95 -1924.65
6 96 -1644.19
6 97 -1296.53
6 98 -895.429
6 99 -457.222
6 100 0

7 0 0
7 1 -481.009
7 2 -942.293
7 3 -1365.08
7 4 -1732.31
7 5 -2029.59
7 6 -2245.81
7 7 -2373.73
7 8 -2410.4
7 9 -2357.25
7 10 -2220.13
7 11 -2008.9
7 12 -1736.85
7 13 -1419.9
7 14 -1075.64
7 15 -722.189
7 16 -377.045
7 17 -56.1161
7 18 227.331
7 19 463.201
7 20 645.08
7 21 770.308
7 22 839.739
7 23 857.368
7 24 829.636
7 25 764.696
7 26 671.558
7 27 559.436
7 28 436.957
7 29 311.778
7 30 190.196
7 31 77.0053
7 32 -24.5698
7 33 -112.675
7 34 -186.667
7 35 -246.866
7 36 -294.291
7 37 -330.394
7 38 -356.856
7 39 -375.412
7 40 -387.7
7 41 -395.228
7 42 -399.264
7 43 -400.899
7 44 -400.948
7 45 -400.139
7 46 -398.883
7 47 -397.611
7 48 -396.536
7 49 -395.827
7 50 -395.6
7 51 -395.827
7 52 -396.536
7 53 -397.611
7 54 -398.883
7 55 -400.139
7 56 -400.948
7 57 -400.899
7 58 -399.264
7 59 -395.228
7 60 -387.7
7 61 -375.412
7 62 -356.856
7 63 -330.394
7 64 -294.291
7 65 -246.866
7 66 -186.667
7 67 -112.675
7 68 -24.5698
7 69 77.0053
7 70 190.196
7 71 311.778
7 72 436.957
7 73 559.436
7 74 671.558
7 75 764.696
7 76 829.636
7 77 857.368
7 78 839.739
7 79 770.308
7 80 645.08
7 81 463.201
7 82 227.331
7 83 -56.1161
7 84 -377.045
7 85 -722.189
7 86 -1075.64
7 87 -1419.9
7 88 -1736.85
7 89 -2008.9
7 90 -2220.13
7 91 -2357.25
7 92 -2410.4
7 93 -2373.73
7 94 -2245.81
7 95 -2029.59
7 96 -1732.31
7 97 -1365.08
7 98 -942.293
7 99 -481.009
7 100 0

8 0 0
8 1 -485.815
8 2 -952.046
8 3 -1380.01
8 4 -1752.68
8 5 -2055.56
8 6 -2277.32
8 7 -2410.4
8 8 -2451.39
8 9 -2401.24
8 10 -2265.27
8 11 -2052.88
8 12 -1777.01
8 13 -1453.42
8 14 -1099.74
8 15 -734.347
8 16 -375.31
8 17 -39.2549
8 18 259.622
8 19 510.254
8 20 705.24
8 21 841.054
8 22 917.86
8 23 939.202
8 24 911.336
8 25 842.489
8 26 742.031
8 27 619.703
8 28 484.849
8 29 345.854
8 30 209.789
8 31 82.0948
8 32 -33.3642
8 33 -134.301
8 34 -219.719
8 35 -289.821
8 36 -345.535
8 37 -388.376
8 38 -420.104
8 39 -442.671
8 40 -457.907
8 41 -467.487
8 42 -472.877
8 43 -475.333
8 44 -475.892
8 45 -475.253
8 46 -474.078
8 47 -472.768
8 48 -471.637
8 49 -470.899
8 50 -470.629
8 51 -470.899
8 52 -471.637
8 53 -472.768
8 54 -474.078
8 55 -475.253
8 56 -475.892
8 57 -475.333
8 58 -472.877
8 59 -467.487
8 60 -457.907
8 61 -442.671
8 62 -420.104
8 63 -388.376
8 64 -345.535
8 65 -289.821
8 66 -219.719
8 67 -134.301
8 68 -33.3642
8 69 82.0948
8 70 209.789
8 71 345.854
8 72 484.849
8 73 619.703
8 74 742.031
8 75 842.489
8 76 911.336
8 77 939.202
8 78 917.86
8 79 841.054
8 80 705.24
8 81 510.254
8 82 259.622
8 83 -39.2549
8 84 -375.31
8 85 -734.347
8 86 -1099.74
8 87 -1453.42
8 88 -1777.01
8 89 -2052.88
8 90 -2265.27
8 91 -2401.24
8 92 -2451.39
8 93 -2410.4
8 94 -2277.32
8 95 -2055.56
8 96 -1752.68
8 97 -1380.01
8 98 -952.046
8 99 -485.815
8 100 0

9 0 0
9 1 -472.238
9 2 -925.822
9 3 -1342.9
9 4 -1707.12
9 5 -2004.45
9 6 -2223.72
9 7 -2357.25
9 8 -2401.24
9 9 -2355.98
9 10 -2225.97
9 11 -2019.65
9 12 -1749.06
9 13 -1429.12
9 14 -1076.84
9 15 -710.269
9 16 -347.428
9 17 -5.23673
9 18 301.527
9 19 560.999
9 20 764.854
9 21 908.588
9 22 991.487
9 23 1016.37
9 24 989.009
9 25 917.425
9 26 811.052
9 27 679.937
9 28 533.911
9 29 382.021
9 30 232
9 31 90.0224
9 32 -39.4699
9 33 -153.637
9 34 -251.157
9 35 -331.908
9 36 -396.741
9 37 -447.127
9 38 -484.964
9 39 -512.285
9 40 -531.097
9 41 -543.285
9 42 -550.511
9 43 -554.215
9 44 -555.496
9 45 -555.349
9 46 -554.395
9 47 -553.184
9 48 -552.098
9 49 -551.354
9 50 -551.097
9 51 -551.354
9 52 -552.098
9 53 -553.184
9 54 -554.395
9 55 -555.349
9 56 -555.496
9 57 -554.215
9 58 -550.511
9 59 -543.285
9 60 -531.097
9 61 -512.285
9 62 -484.964
9 63 -447.127
9 64 -396.741
9 65 -331.908
9 66 -251.157
9 67 -153.637
9 68 -39.4699
9 69 90.0224
9 70 232
9 71 382.021
9 72 533.911
9 73 679.937
9 74 811.052
9 75 917.425
9 76 989.009
9 77 1016.37
9 78 991.487
9 79 908.588
9 80 764.854
9 81 560.999
9 82 301.527
9 83 -5.23673
9 84 -347.428
9 85 -710.269
9 86 -1076.84
9 87 -1429.12
9 88 -1749.06
9 89 -2019.65
9 90 -2225.97
9 91 -2355.98
9 92 -2401.24
9 93 -2357.25
9 94 -2223.72
9 95 -2004.45
9 96 -1707.12
9 97 -1342.9
9 98 -925.822
9 99 -472.238
9 100 0

10 0 0
10 1 -441.807
10 2 -866.578
10 3 -1257.92
10 4 -1600.78
10 5 -1882.01
10 6 -2090.99
10 7 -2220.13
10 8 -2265.27
10 9 -2225.97
10 10 -2105.61
10 11 -1911.33
10 12 -1653.75
10 13 -1346.42
10 14 -1005.13
10 15 -647.013
10 16 -289.542
10 17 50.5351
10 18 358.153
10 19 620.869
10 20 829.481
10 21 978.457
10 22 1066.07
10 23 1094.16
10 24 1067.77
10 25 994.408
10 26 883.326
10 27 744.61
10 28 588.459
10 29 424.404
10 30 260.835
10 31 104.565
10 32 -39.2731
10 33 -167.31
10 34 -277.729
10 35 -370.116
10 36 -445.096
10 37 -504.105
10 38 -549.034
10 39 -582.028
10 40 -605.266
10 41 -620.793
10 42 -630.477
10 43 -635.883
10 44 -638.403
10 45 -638.996
10 46 -638.539
10 47 -637.635
10 48 -636.697
10 49 -636.039
10 50 -635.807
10 51 -636.039
10 52 -636.697
10 53 -637.635
10 54 -638.539
10 55 -638.996
10 56 -638.403
10 57 -635.883
10 58 -630.477
10 59 -620.793
10 60 -605.266
10 61 -582.028
10 62 -549.034
10 63 -504.105
10 64 -445.096
10 65 -370.116
10 66 -277.729
10 67 -167.31
10 68 -39.2731
10 69 104.565
10 70 260.835
10 71 424.404
10 72 588.459
10 73 744.61
10 74 883.326
10 75 994.408
10 76 1067.77
10 77 1094.16
10 78 1066.07
10 79 978.457
10 80 829.481
10 81 620.869
10 82 358.153
10 83 50.5351
10 84 -289.542
10 85 -647.013
10 86 -1005.13
10 87 -1346.42
10 88 -1653.75
10 89 -1911.33
10 90 -2105.61
10 91 -2225.97
10 92 -2265.27
10 93 -2220.13
10 94 -2090.99
10 95 -1882.01
10 96 -1600.78
10 97 -1257.92
10 98 -866.578
10 99 -441.807
10 100 0

11 0 0
11 1 -396.887
11 2 -778.896
11 3 -1131.62
11 4 -1441.75
11 5 -1697.46
11 6 -1888.94
11 7 -2008.9
11 8 -2052.88
11 9 -2019.65
11 10 -1911.33
11 11 -1733.46
11 12 -1494.86
11 13 -1207.27
11 14 -884.784
11 15 -543.13
11 16 -198.762
11 17 132.107
11 18 434.465
11 19 695.461
11 20 905.122
11 21 1056.87
11 22 1147.85
11 23 1178.77
11 24 1153.68
11 25 1079.36
11 26 964.574
11 27 819.302
11 28 653.876
11 29 478.262
11 30 301.351
11 31 130.666
11 32 -28.0365
11 33 -170.706
11 34 -295.066
11 35 -400.232
11 36 -486.627
11 37 -555.495
11 38 -608.739
11 39 -648.543
11 40 -677.222
11 41 -697
11 42 -709.896
11 43 -717.732
11 44 -721.931
11 45 -723.769
11 46 -724.144
11 47 -723.766
11 48 -723.183
11 49 -722.706
11 50 -722.516
11 51 -722.706
11 52 -723.183
11 53 -723.766
11 54 -724.144
11 55 -723.769
11 56 -721.931
11 57 -717.732
11 58 -709.896
11 59 -697
11 60 -677.222
11 61 -648.543
11 62 -608.739
11 63 -555.495
11 64 -486.627
11 65 -400.232
11 66 -295.066
11 67 -170.706
11 68 -28.0365
11 69 130.666
11 70 301.351
11 71 478.262
11 72 653.876
11 73 819.302
11 74 964.574
11 75 1079.36
11 76 1153.68
11 77 1178.77
11 78 1147.85
11 79 1056.87
11 80 905.122
11 81 695.461
11 82 434.465
11 83 132.107
11 84 -198.762
11 85 -543.13
11 86 -884.784
11 87 -1207.27
11 88 -1494.86
11 89 -1733.46
11 90 -1911.33
11 91 -2019.65
11 92 -2052.88
11 93 -2008.9
11 94 -1888.94
11 95 -1697.46
11 96 -1441.75
11 97 -1131.62
11 98 -778.896
11 99 -396.887
11 100 0

12 0 0
12 1 -340.507
12 2 -668.67
12 3 -972.451
12 4 -1240.6
12 5 -1462.88
12 6 -1630.58
12 7 -1736.85
12 8 -1777.01
12 9 -1749.06
12 10 -1653.75
12 11 -1494.86
12 12 -1279.19
12 13 -1016.3
12 14 -718.279
12 15 -399.048
12 16 -73.7046
12 17 242.418
12 18 534.63
12 19 789.892
12 20 997.567
12 21 1150.07
12 22 1243.33
12 23 1276.79
12 24 1253.33
12 25 1178.76
12 26 1061.23
12 27 910.338
12 28 736.436
12 29 549.718
12 30 359.617
12 31 174.258
12 32 0.131303
12 33 -158.113
12 34 -297.552
12 35 -416.858
12 36 -516.052
12 37 -596.232
12 38 -659.194
12 39 -707.139
12 40 -742.471
12 41 -767.561
12 42 -784.662
12 43 -795.659
12 44 -802.289
12 45 -805.87
12 46 -807.503
12 47 -808.022
12 48 -807.983
12 49 -807.816
12 50 -807.75
12 51 -807.816
12 52 -807.983
12 53 -808.022
12 54 -807.503
12 55 -805.87
12 56 -802.289
12 57 -795.659
12 58 -784.662
12 59 -767.561
12 60 -742.471
12 61 -707.139
12 62 -659.194
12 63 -596.232
12 64 -516.052
12 65 -416.858
12 66 -297.552
12 67 -158.113
12 68 0.131303
12 69 174.258
12 70 359.617
12 71 549.718
12 72 736.436
12 73 910.338
12 74 1061.23
12 75 1178.76
12 76 1253.33
12 77 1276.79
12 78 1243.33
12 79 1150.07
12 80 997.567
12 81 789.892
12 82 534.63
12 83 242.418
12 84 -73.7046
12 85 -399.048
12 86 -718.279
12 87 -1016.3
12 88 -1279.19
12 89 -1494.86
12 90 -1653.75
12 91 -1749.06
12 92 -1777.01
12 93 -1736.85
12 94 -1630.58
12 95 -1462.88
12 96 -1240.6
12 97 -972.451
12 98 -668.67
12 99 -340.507
12 100 0

13 0 0
13 1 -276.174
13 2 -542.731
13 3 -790.215
13 4 -1009.61
13 5 -1192.48
13 6 -1331.34
13 7 -1419.9
13 8 -1453.42
13 9 -1429.12
13 10 -1346.42
13 11 -1207.27
13 12 -1016.3
13 13 -780.798
13 14 -510.559
13 15 -217.493
13 16 84.9743
13 17 382.628
13 18 661.368
13 19 908.119
13 20 1111.71
13 21 1263.6
13 22 1358.5
13 23 1394.5
13 24 1373.18
13 25 1299.24
13 26 1179.94
13 27 1024.41
13 28 842.795
13 29 645.516
13 30 442.369
13 31 242.125
13 32 51.9117
13 33 -122.839
13 34 -278.586
13 35 -413.408
13 36 -526.97
13 37 -620.041
13 38 -694.264
13 39 -751.815
13 40 -795.174
13 41 -826.865
13 42 -849.191
13 43 -864.36
13 44 -874.165
13 45 -880.174
13 46 -883.599
13 47 -885.366
13 48 -886.182
13 49 -886.5
13 50 -886.556
13 51 -886.5
13 52 -886.182
13 53 -885.366
13 54 -883.599
13 55 -880.174
13 56 -874.165
13 57 -864.36
13 58 -849.191
13 59 -826.865
13 60 -795.174
13 61 -751.815
13 62 -694.264
13 63 -620.041
13 64 -526.97
13 65 -413.408
13 66 -278.586
13 67 -122.839
13 68 51.9117
13 69 242.125
13 70 442.369
13 71 645.516
13 72 842.795
13 73 1024.41
13 74 1179.94
13 75 1299.24
13 76 1373.18
13 77 1394.5
13 78 1358.5
13 79 1263.6
13 80 1111.71
13 81 908.119
13 82 661.368
13 83 382.628
13 84 84.9743
13 85 -217.493
13 86 -510.559
13 87 -780.798
13 88 -1016.3
13 89 -1207.27
13 90 -1346.42
13 91 -1429.12
13 92 -1453.42
13 93 -1419.9
13 94 -1331.34
13 95 -1192.48
13 96 -1009.61
13 97 -790.215
13 98 -542.731
13 99 -276.174
13 100 0

14 0 0
14 1 -207.599
14 2 -408.337
14 3 -595.382
14 4 -761.992
14 5 -901.607
14 6 -1008.03
14 7 -1075.64
14 8 -1099.74
14 9 -1076.84
14 10 -1005.13
14 11 -884.784
14 12 -718.279
14 13 -510.559
14 14 -269.079
14 15 -3.56918
14 16 274.343
14 17 551.776
14 18 815.381
14 19 1052.24
14 20 1250.77
14 21 1401.58
14 22 1498.14
14 23 1537.18
14 24 1518.88
14 25 1446.68
14 26 1326.85
14 27 1167.85
14 28 979.562
14 29 772.385
14 30 556.539
14 31 341.295
14 32 134.557
14 33 -57.5694
14 34 -230.758
14 35 -382.534
14 36 -511.98
14 37 -619.546
14 38 -706.656
14 39 -775.41
14 40 -828.289
14 41 -867.861
14 42 -896.703
14 43 -917.047
14 44 -930.952
14 45 -940.125
14 46 -945.927
14 47 -949.434
14 48 -951.401
14 49 -952.372
14 50 -952.682
14 51 -952.372
14 52 -951.401
14 53 -949.434
14 54 -945.927
14 55 -940.125
14 56 -930.952
14 57 -917.047
14 58 -896.703
14 59 -867.861
14 60 -828.289
14 61 -775.41
14 62 -706.656
14 63 -619.546
14 64 -511.98
14 65 -382.534
14 66 -230.758
14 67 -57.5694
14 68 134.557
14 69 341.295
14 70 556.539
14 71 772.385
14 72 979.562
14 73 1167.85
14 74 1326.85
14 75 1446.68
14 76 1518.88
14 77 1537.18
14 78 1498.14
14 79 1401.58
14 80 1250.77
14 81 1052.24
14 82 815.381
14 83 551.776
14 84 274.343
14 85 -3.56918
14 86 -269.079
14 87 -510.559
14 88 -718.279
14 89 -884.784
14 90 -1005.13
14 91 -1076.84
14 92 -1099.74
14 93 -1075.64
14 94 -1008.03
14 95 -901.607
14 96 -761.992
14 97 -595.382
14 98 -408.337
14 99 -207.599
14 100 0

15 0 0
15 1 -138.488
15 2 -272.742
15 3 -398.441
15 4 -511.031
15 5 -605.785
15 6 -677.801
15 7 -722.189
15 8 -734.347
15 9 -710.269
15 10 -647.013
15 11 -543.13
15 12 -399.048
15 13 -217.493
15 14 -3.56918
15 15 235.154
15 16 488.938
15 17 746.335
15 18 994.885
15 19 1221.96
15 20 1415.72
15 21 1565.99
15 22 1665.06
15 23 1708.32
15 24 1694.46
15 25 1625.61
15 26 1506.91
15 27 1346.05
15 28 1152.43
15 29 936.456
15 30 708.57
15 31 478.612
15 32 255.131
15 33 45.0688
15 34 -146.529
15 35 -316.441
15 36 -463.208
15 37 -586.815
15 38 -688.401
15 39 -769.916
15 40 -833.788
15 41 -882.714
15 42 -919.253
15 43 -945.914
15 44 -964.884
15 45 -978.016
15 46 -986.857
15 47 -992.571
15 48 -996.059
15 49 -997.918
15 50 -998.48
15 51 -997.918
15 52 -996.059
15 53 -992.571
15 54 -986.857
15 55 -978.016
15 56 -964.884
15 57 -945.914
15 58 -919.253
15 59 -882.714
15 60 -833.788
15 61 -769.916
15 62 -688.401
15 63 -586.815
15 64 -463.208
15 65 -316.441
15 66 -146.529
15 67 45.0688
15 68 255.131
15 69 478.612
15 70 708.57
15 71 936.456
15 72 1152.43
15 73 1346.05
15 74 1506.91
15 75 1625.61
15 76 1694.46
15 77 1708.32
15 78 1665.06
15 79 1565.99
15 80 1415.72
15 81 1221.96
15 82 994.885
15 83 746.335
15 84 488.938
15 85 235.154
15 86 -3.56918
15 87 -217.493
15 88 -399.048
15 89 -543.13
15 90 -647.013
15 91 -710.269
15 92 -734.347
15 93 -722.189
15 94 -677.801
15 95 -605.785
15 96 -511.031
15 97 -398.441
15 98 -272.742
15 99 -138.488
15 100 0

16 0 0
16 1 -72.2902
16 2 -142.716
16 3 -209.204
16 4 -269.223
16 5 -319.721
16 6 -357.05
16 7 -377.045
16 8 -375.31
16 9 -347.428
16 10 -289.542
16 11 -198.762
16 12 -73.7046
16 13 84.9743
16 14 274.343
16 15 488.938
16 16 720.869
16 17 960.187
16 18 1195.39
16 19 1414.26
16 20 1604.79
16 21 1756.14
16 22 1859.51
16 23 1908.93
16 24 1901.67
16 25 1838.41
16 26 1723.12
16 27 1562.53
16 28 1365.56
16 29 1142.39
16 30 903.728
16 31 659.804
16 32 419.918
16 33 191.754
16 34 -18.7627
16 35 -207.709
16 36 -372.922
16 37 -513.88
16 38 -631.353
16 39 -727.057
16 40 -803.382
16 41 -862.914
16 42 -908.439
16 43 -942.508
16 44 -967.48
16 45 -985.395
16 46 -997.92
16 47 -1006.36
16 48 -1011.72
16 49 -1014.65
16 50 -1015.61
16 51 -1014.65
16 52 -1011.72
16 53 -1006.36
16 54 -997.92
16 55 -985.395
16 56 -967.48
16 57 -942.508
16 58 -908.439
16 59 -862.914
16 60 -803.382
16 61 -727.057
16 62 -631.353
16 63 -513.88
16 64 -372.922
16 65 -207.709
16 66 -18.7627
16 67 191.754
16 68 419.918
16 69 659.804
16 70 903.728
16 71 1142.39
16 72 1365.56
16 73 1562.53
16 74 1723.12
16 75 1838.41
16 76 1901.67
16 77 1908.93
16 78 1859.51
16 79 1756.14
16 80 1604.79
16 81 1414.26
16 82 1195.39
16 83 960.187
16 84 720.869
16 85 488.938
16 86 274.343
16 87 84.9743
16 88 -73.7046
16 89 -198.762
16 90 -289.542
16 91 -347.428
16 92 -375.31
16 93 -377.045
16 94 -357.05
16 95 -319.721
16 96 -269.223
16 97 -209.204
16 98 -142.716
16 99 -72.2902
16 100 0

17 0 0
17 1 -11.9603
17 2 -24.0735
17 3 -36.1814
17 4 -47.4959
17 5 -56.4307
17 6 -60.4512
17 7 -56.1161
17 8 -39.2549
17 9 -5.23673
17 10 50.5351
17 11 132.107
17 12 242.418
17 13 382.628
17 14 551.776
17 15 746.335
17 16 960.187
17 17 1184.83
17 18 1409.75
17 19 1623.24
17 20 1813.22
17 21 1968.3
17 22 2078.68
17 23 2137.09
17 24 2139.33
17 25 2084.65
17 26 1975.73
17 27 1818.33
17 28 1620.67
17 29 1392.71
17 30 1145.18
17 31 888.797
17 32 633.476
17 33 387.757
17 34 158.333
17 35 -49.9922
17 36 -234.334
17 37 -393.546
17 38 -527.979
17 39 -639.082
17 40 -728.987
17 41 -800.347
17 42 -855.917
17 43 -898.386
17 44 -930.268
17 45 -953.694
17 46 -970.525
17 47 -982.173
17 48 -989.74
17 49 -993.986
17 50 -995.337
17 51 -993.986
17 52 -989.74
17 53 -982.173
17 54 -970.525
17 55 -953.694
17 56 -930.268
17 57 -898.386
17 58 -855.917
17 59 -800.347
17 60 -728.987
17 61 -639.082
17 62 -527.979
17 63 -393.546
17 64 -234.334
17 65 -49.9922
17 66 158.333
17 67 387.757
17 68 633.476
17 69 888.797
17 70 1145.18
17 71 1392.71
17 72 1620.67
17 73 1818.33
17 74 1975.73
17 75 2084.65
17 76 2139.33
17 77 2137.09
17 78 2078.68
17 79 1968.3
17 80 1813.22
17 81 1623.24
17 82 1409.75
17 83 1184.83
17 84 960.187
17 85 746.335
17 86 551.776
17 87 382.628
17 88 242.418
17 89 132.107
17 90 50.5351
17 91 -5.23673
17 92 -39.2549
17 93 -56.1161
17 94 -60.4512
17 95 -56.4307
17 96 -47.4959
17 97 -36.1814
17 98 -24.0735
17 99 -11.9603
17 100 0

18 0 0
18 1 40.1346
18 2 78.5196
18 3 113.798
18 4 145.337
18 5 173.526
18 6 199.927
18 7 227.331
18 8 259.622
18 9 301.527
18 10 358.153
18 11 434.465
18 12 534.63
18 13 661.368
18 14 815.381
18 15 994.885
18 16 1195.39
18 17 1409.75
18 18 1628.47
18 19 1840.38
18 20 2033.45
18 21 2195.77
18 22 2316.68
18 23 2387.64
18 24 2403.05
18 25 2360.69
18 26 2261.92
18 27 2111.35
18 28 1916.5
18 29 1686.89
18 30 1433.32
18 31 1166.81
18 32 897.899
18 33 635.869
18 34 388.348
18 35 160.995
18 36 -42.5035
18 37 -220.351
18 38 -372.365
18 39 -499.546
18 40 -603.911
18 41 -687.934
18 42 -754.4
18 43 -806.075
18 44 -845.545
18 45 -875.13
18 46 -896.766
18 47 -912.018
18 48 -922.095
18 49 -927.79
18 50 -929.655
18 51 -927.79
18 52 -922.095
18 53 -912.018
18 54 -896.766
18 55 -875.13
18 56 -845.545
18 57 -806.075
18 58 -754.4
18 59 -687.934
18 60 -603.911
18 61 -499.546
18 62 -372.365
18 63 -220.351
18 64 -42.5035
18 65 160.995
18 66 388.348
18 67 635.869
18 68 897.899
18 69 1166.81
18 70 1433.32
18 71 1686.89
18 72 1916.5
18 73 2111.35
18 74 2261.92
18 75 2360.69
18 76 2403.05
18 77 2387.64
18 78 2316.68
18 79 2195.77
18 80 2033.45
18 81 1840.38
18 82 1628.47
18 83 1409.75
18 84 1195.39
18 85 994.885
18 86 815.381
18 87 661.368
18 88 534.63
18 89 434.465
18 90 358.153
18 91 301.527
18 92 259.622
18 93 227.331
18 94 199.927
18 95 173.526
18 96 145.337
18 97 113.798
18 98 78.5196
18 99 40.1346
18 100 0

19 0 0
19 1 82.3957
19 2 161.889
19 3 235.999
19 4 303.053
19 5 362.504
19 6 415.147
19 7 463.201
19 8 510.254
19 9 560.999
19 10 620.869
19 11 695.461
19 12 789.892
19 13 908.119
19 14 1052.24
19 15 1221.96
19 16 1414.26
19 17 1623.24
19 18 1840.38
19 19 2055.09
19 20 2255.4
19 21 2429.08
19 22 2564.6
19 23 2652.3
19 24 2685.16
19 25 2659.53
19 26 2575.32
19 27 2436.04
19 28 2248.27
19 29 2021.11
19 30 1765.16
19 31 1491.77
19 32 1211.97
19 33 935.86
19 34 671.901
19 35 426.676
19 36 204.714
19 37 8.56482
19 38 -160.941
19 39 -304.462
19 40 -423.603
19 41 -520.732
19 42 -598.584
19 43 -659.945
19 44 -707.492
19 45 -743.618
19 46 -770.42
19 47 -789.57
19 48 -802.329
19 49 -809.643
19 50 -812.003
19 51 -809.643
19 52 -802.329
19 53 -789.57
19 54 -770.42
19 55 -743.618
19 56 -707.492
19 57 -659.945
19 58 -598.584
19 59 -520.732
19 60 -423.603
19 61 -304.462
19 62 -160.941
19 63 8.56482
19 64 204.714
19 65 426.676
19 66 671.901
19 67 935.86
19 68 1211.97
19 69 1491.77
19 70 1765.16
19 71 2021.11
19 72 2248.27
19 73 2436.04
19 74 2575.32
19 75 2659.53
19 76 2685.16
19 77 2652.3
19 78 2564.6
19 79 2429.08
19 80 2255.4
19 81 2055.09
19 82 1840.38
19 83 1623.24
19 84 1414.26
19 85 1221.96
19 86 1052.24
19 87 908.119
19 88 789.892
19 89 695.461
19 90 620.869
19 91 560.999
19 92 510.254
19 93 463.201
19 94 415.147
19 95 362.504
19 96 303.053
19 97 235.999
19 98 161.889
19 99 82.3957
19 100 0

20 0 0
20 1 113.979
20 2 224.329
20 3 327.836
20 4 422.145
20 5 506.05
20 6 579.772
20 7 645.08
20 8 705.24
20 9 764.854
20 10 829.481
20 11 905.122
20 12 997.567
20 13 1111.71
20 14 1250.77
20 15 1415.72
20 16 1604.79
20 17 1813.22
20 18 2033.45
20 19 2255.4
20 20 2467.32
20 21 2656.63
20 22 2811.15
20 23 2920.06
20 24 2975.06
20 25 2970.98
20 26 2906.34
20 27 2783.36
20 28 2607.7
20 29 2387.76
20 30 2133.99
20 31 1857.82
20 32 1570.82
20 33 1283.72
20 34 1005.91
20 35 744.853
20 36 505.987
20 37 292.673
20 38 106.37
20 39 -52.9741
20 40 -186.66
20 41 -296.851
20 42 -386.119
20 43 -457.273
20 44 -513.008
20 45 -555.857
20 46 -587.949
20 47 -611.088
20 48 -626.659
20 49 -635.597
20 50 -638.521
20 51 -635.597
20 52 -626.659
20 53 -611.088
20 54 -587.949
20 55 -555.857
20 56 -513.008
20 57 -457.273
20 58 -386.119
20 59 -296.851
20 60 -186.66
20 61 -52.9741
20 62 106.37
20 63 292.673
20 64 505.987
20 65 744.853
20 66 1005.91
20 67 1283.72
20 68 1570.82
20 69 1857.82
20 70 2133.99
20 71 2387.76
20 72 2607.7
20 73 2783.36
20 74 2906.34
20 75 2970.98
20 76 2975.06
20 77 2920.06
20 78 2811.15
20 79 2656.63
20 80 2467.32
20 81 2255.4
20 82 2033.45
20 83 1813.22
20 84 1604.79
20 85 1415.72
20 86 1250.77
20 87 1111.71
20 88 997.567
20 89 905.122
20 90 829.481
20 91 764.854
20 92 705.24
20 93 645.08
20 94 579.772
20 95 506.05
20 96 422.145
20 97 327.836
20 98 224.329
20 99 113.979
20 100 0

21 0 0
21 1 134.776
21 2 265.579
21 3 388.819
21 4 501.785
21 5 602.865
21 6 691.901
21 7 770.308
21 8 841.054
21 9 908.588
21 10 978.457
21 11 1056.87
21 12 1150.07
21 13 1263.6
21 14 1401.58
21 15 1565.99
21 16 1756.14
21 17 1968.3
21 18 2195.77
21 19 2429.08
21 20 2656.63
21 21 2865.72
21 22 3043.43
21 23 3178.02
21 24 3259.83
21 25 3282.31
21 26 3242.46
21 27 3141.23
21 28 2983.1
21 29 2775.81
21 30 2529.4
21 31 2255.38
21 32 1965.62
21 33 1671.52
21 34 1383.3
21 35 1109.33
21 36 855.965
21 37 627.373
21 38 425.836
21 39 251.802
21 40 104.416
21 41 -18.1641
21 42 -118.395
21 43 -199.004
21 44 -262.717
21 45 -312.079
21 46 -349.362
21 47 -376.438
21 48 -394.719
21 49 -405.3
21 50 -408.742
21 51 -405.3
21 52 -394.719
21 53 -376.438
21 54 -349.362
21 55 -312.079
21 56 -262.717
21 57 -199.004
21 58 -118.395
21 59 -18.1641
21 60 104.416
21 61 251.802
21 62 425.836
21 63 627.373
21 64 855.965
21 65 1109.33
21 66 1383.3
21 67 1671.52
21 68 1965.62
21 69 2255.38
21 70 2529.4
21 71 2775.81
21 72 2983.1
21 73 3141.23
21 74 3242.46
21 75 3282.31
21 76 3259.83
21 77 3178.02
21 78 3043.43
21 79 2865.72
21 80 2656.63
21 81 2429.08
21 82 2195.77
21 83 1968.3
21 84 1756.14
21 85 1565.99
21 86 1401.58
21 87 1263.6
21 88 1150.07
21 89 1056.87
21 90 978.457
21 91 908.588
21 92 841.054
21 93 770.308
21 94 691.901
21 95 602.865
21 96 501.785
21 97 388.819
21 98 265.579
21 99 134.776
21 100 0

22 0 0
22 1 145.352
22 2 286.694
22 3 420.382
22 4 543.589
22 5 654.546
22 6 752.874
22 7 839.739
22 8 917.86
22 9 991.487
22 10 1066.07
22 11 1147.85
22 12 1243.33
22 13 1358.5
22 14 1498.14
22 15 1665.06
22 16 1859.51
22 17 2078.68
22 18 2316.68
22 19 2564.6
22 20 2811.15
22 21 3043.43
22 22 3248.06
22 23 3412.31
22 24 3525.36
22 25 3579.14
22 26 3569.25
22 27 3495.14
22 28 3360.22
22 29 3171.26
22 30 2937.88
22 31 2671.39
22 32 2383.95
22 33 2087.53
22 34 1793.08
22 35 1509.87
22 36 1245.12
22 37 1003.97
22 38 789.396
22 39 602.497
22 40 442.921
22 41 309.133
22 42 198.921
22 43 109.639
22 44 38.5946
22 45 -16.8268
22 46 -58.9051
22 47 -89.5954
22 48 -110.451
22 49 -122.505
22 50 -126.46
22 51 -122.505
22 52 -110.451
22 53 -89.5954
22 54 -58.9051
22 55 -16.8268
22 56 38.5946
22 57 109.639
22 58 198.921
22 59 309.133
22 60 442.921
22 61 602.497
22 62 789.396
22 63 1003.97
22 64 1245.12
22 65 1509.87
22 66 1793.08
22 67 2087.53
22 68 2383.95
22 69 2671.39
22 70 2937.88
22 71 3171.26
22 72 3360.22
22 73 3495.14
22 74 3569.25
22 75 3579.14
22 76 3525.36
22 77 3412.31
22 78 3248.06
22 79 3043.43
22 80 2811.15
22 81 2564.6
22 82 2316.68
22 83 2078.68
22 84 1859.51
22 85 1665.06
22 86 1498.14
22 87 1358.5
22 88 1243.33
22 89 1147.85
22 90 1066.07
22 91 991.487
22 92 917.86
22 93 839.739
22 94 752.874
22 95 654.546
22 96 543.589
22 97 420.382
22 98 286.694
22 99 145.352
22 100 0

23 0 0
23 1 146.791
23 2 289.769
23 3 425.481
23 4 551.176
23 5 665.119
23 6 766.85
23 7 857.368
23 8 939.202
23 9 1016.37
23 10 1094.16
23 11 1178.77
23 12 1276.79
23 13 1394.5
23 14 1537.18
23 15 1708.32
23 16 1908.93
23 17 2137.09
23 18 2387.64
23 19 2652.3
23 20 2920.06
23 21 3178.02
23 22 3412.31
23 23 3609.43
23 24 3757.31
23 25 3846.58
23 26 3871.26
23 27 3829.43
23 28 3723.1
23 29 3558.15
23 30 3343.47
23 31 3090.15
23 32 2810.47
23 33 2516.83
23 34 2220.83
23 35 1932.56
23 36 1660.24
23 37 1409.78
23 38 1184.97
23 39 987.638
23 40 817.89
23 41 674.634
23 42 555.864
23 43 459.112
23 44 381.697
23 45 321.056
23 46 274.803
23 47 240.942
23 48 217.919
23 49 204.539
23 50 200.164
23 51 204.539
23 52 217.919
23 53 240.942
23 54 274.803
23 55 321.056
23 56 381.697
23 57 459.112
23 58 555.864
23 59 674.634
23 60 817.89
23 61 987.638
23 62 1184.97
23 63 1409.78
23 64 1660.24
23 65 1932.56
23 66 2220.83
23 67 2516.83
23 68 2810.47
23 69 3090.15
23 70 3343.47
23 71 3558.15
23 72 3723.1
23 73 3829.43
23 74 3871.26
23 75 3846.58
23 76 3757.31
23 77 3609.43
23 78 3412.31
23 79 3178.02
23 80 2920.06
23 81 2652.3
23 82 2387.64
23 83 2137.09
23 84 1908.93
23 85 1708.32
23 86 1537.18
23 87 1394.5
23 88 1276.79
23 89 1178.77
23 90 1094.16
23 91 1016.37
23 92 939.202
23 93 857.368
23 94 766.85
23 95 665.119
23 96 551.176
23 97 425.481
23 98 289.769
23 99 146.791
23 100 0

24 0 0
24 1 140.555
24 2 277.656
24 3 408.197
24 4 529.649
24 5 640.44
24 6 740.136
24 7 829.636
24 8 911.336
24 9 989.009
24 10 1067.77
24 11 1153.68
24 12 1253.33
24 13 1373.18
24 14 1518.88
24 15 1694.46
24 16 1901.67
24 17 2139.33
24 18 2403.05
24 19 2685.16
24 20 2975.06
24 21 3259.83
24 22 3525.36
24 23 3757.31
24 24 3942.63
24 25 4070.52
24 26 4133.6
24 27 4128.34
24 28 4055.48
24 29 3919.71
24 30 3729.14
24 31 3494.49
24 32 3227.96
24 33 2942.28
24 34 2649.61
24 35 2360.87
24 36 2085.02
24 37 1828.9
24 38 1597.13
24 39 1392.15
24 40 1214.68
24 41 1064.05
24 42 938.539
24 43 835.824
24 44 753.344
24 45 688.497
24 46 638.928
24 47 602.579
24 48 577.777
24 49 563.395
24 50 558.673
24 51 563.395
24 52 577.777
24 53 602.579
24 54 638.928
24 55 688.497
24 56 753.344
24 57 835.824
24 58 938.539
24 59 1064.05
24 60 1214.68
24 61 1392.15
24 62 1597.13
24 63 1828.9
24 64 2085.02
24 65 2360.87
24 66 2649.61
24 67 2942.28
24 68 3227.96
24 69 3494.49
24 70 3729.14
24 71 3919.71
24 72 4055.48
24 73 4128.34
24 74 4133.6
24 75 4070.52
24 76 3942.63
24 77 3757.31
24 78 3525.36
24 79 3259.83
24 80 2975.06
24 81 2685.16
24 82 2403.05
24 83 2139.33
24 84 1901.67
24 85 1694.46
24 86 1518.88
24 87 1373.18
24 88 1253.33
24 89 1153.68
24 90 1067.77
24 91 989.009
24 92 911.336
24 93 829.636
24 94 740.136
24 95 640.44
24 96 529.649
24 97 408.197
24 98 277.656
24 99 140.555
24 100 0

25 0 0
25 1 128.314
25 2 253.632
25 3 373.265
25 4 485.013
25 5 587.528
25 6 680.463
25 7 764.696
25 8 842.489
25 9 917.425
25 10 994.408
25 11 1079.36
25 12 1178.76
25 13 1299.24
25 14 1446.68
25 15 1625.61
25 16 1838.41
25 17 2084.65
25 18 2360.69
25 19 2659.53
25 20 2970.98
25 21 3282.31
25 22 3579.14
25 23 3846.58
25 24 4070.52
25 25 4238.99
25 26 4343
25 27 4377.61
25 28 4342.05
25 29 4239.83
25 30 4078.12
25 31 3867.07
25 32 3618.72
25 33 3345.94
25 34 3061.39
25 35 2776.62
25 36 2501.41
25 37 2243.44
25 38 2008.05
25 39 1798.46
25 40 1615.95
25 41 1460.27
25 42 1330.01
25 43 1223.09
25 44 1136.98
25 45 1069.18
25 46 1017.27
25 47 979.144
25 48 953.174
25 49 938.056
25 50 933.112
25 51 938.056
25 52 953.174
25 53 979.144
25 54 1017.27
25 55 1069.18
25 56 1136.98
25 57 1223.09
25 58 1330.01
25 59 1460.27
25 60 1615.95
25 61 1798.46
25 62 2008.05
25 63 2243.44
25 64 2501.41
25 65 2776.62
25 66 3061.39
25 67 3345.94
25 68 3618.72
25 69 3867.07
25 70 4078.12
25 71 4239.83
25 72 4342.05
25 73 4377.61
25 74 4343
25 75 4238.99
25 76 4070.52
25 77 3846.58
25 78 3579.14
25 79 3282.31
25 80 2970.98
25 81 2659.53
25 82 2360.69
25 83 2084.65
25 84 1838.41
25 85 1625.61
25 86 1446.68
25 87 1299.24
25 88 1178.76
25 89 1079.36
25 90 994.408
25 91 917.425
25 92 842.489
25 93 764.696
25 94 680.463
25 95 587.528
25 96 485.013
25 97 373.265
25 98 253.632
25 99 128.314
25 100 0

26 0 0
26 1 111.824
26 2 221.141
26 3 325.681
26 4 423.631
26 5 513.88
26 6 596.227
26 7 671.558
26 8 742.031
26 9 811.052
26 10 883.326
26 11 964.574
26 12 1061.23
26 13 1179.94
26 14 1326.85
26 15 1506.91
26 16 1723.12
26 17 1975.73
26 18 2261.92
26 19 2575.32
26 20 2906.34
26 21 3242.46
26 22 3569.25
26 23 3871.26
26 24 4133.6
26 25 4343
26 26 4489.14
26 27 4565.51
26 28 4569.91
26 29 4504.46
26 30 4375.32
26 31 4191.95
26 32 3966.05
26 33 3710.54
26 34 3438.39
26 35 3161.72
26 36 2891.08
26 37 2634.83
26 38 2399.16
26 39 2187.93
26 40 2003.03
26 41 1844.63
26 42 1711.72
26 43 1602.34
26 44 1514.16
26 45 1444.64
26 46 1391.43
26 47 1352.37
26 48 1325.73
26 49 1310.27
26 50 1305.2
26 51 1310.27
26 52 1325.73
26 53 1352.37
26 54 1391.43
26 55 1444.64
26 56 1514.16
26 57 1602.34
26 58 1711.72
26 59 1844.63
26 60 2003.03
26 61 2187.93
26 62 2399.16
26 63 2634.83
26 64 2891.08
26 65 3161.72
26 66 3438.39
26 67 3710.54
26 68 3966.05
26 69 4191.95
26 70 4375.32
26 71 4504.46
26 72 4569.91
26 73 4565.51
26 74 4489.14
26 75 4343
26 76 4133.6
26 77 3871.26
26 78 3569.25
26 79 3242.46
26 80 2906.34
26 81 2575.32
26 82 2261.92
26 83 1975.73
26 84 1723.12
26 85 1506.91
26 86 1326.85
26 87 1179.94
26 88 1061.23
26 89 964.574
26 90 883.326
26 91 811.052
26 92 742.031
26 93 671.558
26 94 596.227
26 95 513.88
26 96 423.631
26 97 325.681
26 98 221.141
26 99 111.824
26 100 0

27 0 0
27 1 92.733
27 2 183.424
27 3 270.219
27 4 351.665
27 5 426.898
27 6 495.846
27 7 559.436
27 8 619.703
27 9 679.937
27 10 744.61
27 11 819.302
27 12 910.338
27 13 1024.41
27 14 1167.85
27 15 1346.05
27 16 1562.53
27 17 1818.33
27 18 2111.35
27 19 2436.04
27 20 2783.36
27 21 3141.23
27 22 3495.14
27 23 3829.43
27 24 4128.34
27 25 4377.61
27 26 4565.51
27 27 4684.09
27 28 4729.57
27 29 4702.75
27 30 4608.65
27 31 4455.89
27 32 4255.73
27 33 4020.91
27 34 3764.69
27 35 3499.66
27 36 3236.9
27 37 2985.57
27 38 2752.55
27 39 2542.38
27 40 2357.52
27 41 2198.62
27 42 2064.93
27 43 1954.8
27 44 1865.96
27 45 1795.96
27 46 1742.43
27 47 1703.17
27 48 1676.46
27 49 1660.95
27 50 1655.87
27 51 1660.95
27 52 1676.46
27 53 1703.17
27 54 1742.43
27 55 1795.96
27 56 1865.96
27 57 1954.8
27 58 2064.93
27 59 2198.62
27 60 2357.52
27 61 2542.38
27 62 2752.55
27 63 2985.57
27 64 3236.9
27 65 3499.66
27 66 3764.69
27 67 4020.91
27 68 4255.73
27 69 4455.89
27 70 4608.65
27 71 4702.75
27 72 4729.57
27 73 4684.09
27 74 4565.51
27 75 4377.61
27 76 4128.34
27 77 3829.43
27 78 3495.14
27 79 3141.23
27 80 2783.36
27 81 2436.04
27 82 2111.35
27 83 1818.33
27 84 1562.53
27 85 1346.05
27 86 1167.85
27 87 1024.41
27 88 910.338
27 89 819.302
27 90 744.61
27 91 679.937
27 92 619.703
27 93 559.436
27 94 495.846
27 95 426.898
27 96 351.665
27 97 270.219
27 98 183.424
27 99 92.733
27 100 0

28 0 0
28 1 72.5407
28 2 143.441
28 3 211.226
28 4 274.746
28 5 333.357
28 6 387.121
28 7 436.957
28 8 484.849
28 9 533.911
28 10 588.459
28 11 653.876
28 12 736.436
28 13 842.795
28 14 979.562
28 15 1152.43
28 16 1365.56
28 17 1620.67
28 18 1916.5
28 19 2248.27
28 20 2607.7
28 21 2983.1
28 22 3360.22
28 23 3723.1
28 24 4055.48
28 25 4342.05
28 26 4569.91
28 27 4729.57
28 28 4815.83
28 29 4828.07
28 30 4770.08
28 31 4649.55
28 32 4477.13
28 33 4265.41
28 34 4027.7
28 35 3776.86
28 36 3524.6
28 37 3280.7
28 38 3052.71
28 39 2845.8
28 40 2662.99
28 41 2505.37
28 42 2372.56
28 43 2263.07
28 44 2174.81
28 45 2105.37
28 46 2052.36
28 47 2013.6
28 48 1987.24
28 49 1971.99
28 50 1966.99
28 51 1971.99
28 52 1987.24
28 53 2013.6
28 54 2052.36
28 55 2105.37
28 56 2174.81
28 57 2263.07
28 58 2372.56
28 59 2505.37
28 60 2662.99
28 61 2845.8
28 62 3052.71
28 63 3280.7
28 64 3524.6
28 65 3776.86
28 66 4027.7
28 67 4265.41
28 68 4477.13
28 69 4649.55
28 70 4770.08
28 71 4828.07
28 72 4815.83
28 73 4729.57
28 74 4569.91
28 75 4342.05
28 76 4055.48
28 77 3723.1
28 78 3360.22
28 79 2983.1
28 80 2607.7
28 81 2248.27
28 82 1916.5
28 83 1620.67
28 84 1365.56
28 85 1152.43
28 86 979.562
28 87 842.795
28 88 736.436
28 89 653.876
28 90 588.459
28 91 533.911
28 92 484.849
28 93 436.957
28 94 387.121
28 95 333.357
28 96 274.746
28 97 211.226
28 98 143.441
28 99 72.5407
28 100 0

29 0 0
29 1 52.4859
29 2 103.648
29 3 152.344
29 4 197.633
29 5 239.082
29 6 276.821
29 7 311.778
29 8 345.854
29 9 382.021
29 10 424.404
29 11 478.262
29 12 549.718
29 13 645.516
