0 0 0
0 1 0
0 2 0
0 3 0
0 4 0
0 5 0
0 6 0
0 7 0
0 8 0
0 9 0
0 10 0
0 11 0
0 12 0
0 13 0
0 14 0
0 15 0
0 16 0
0 17 0
0 18 0
0 19 0
0 20 0
0 21 0
0 22 0
0 23 0
0 24 0
0 25 0
0 26 0
0 27 0
0 28 0
0 29 0
0 30 0
0 31 0
0 32 0
0 33 0
0 34 0
0 35 0
0 36 0
0 37 0
0 38 0
0 39 0
0 40 0
0 41 0
0 42 0
0 43 0
0 44 0
0 45 0
0 46 0
0 47 0
0 48 0
0 49 0
0 50 0
0 51 0
0 52 0
0 53 0
0 54 0
0 55 0
0 56 0
0 57 0
0 58 0
0 59 0
0 60 0
0 61 0
0 62 0
0 63 0
0 64 0
0 65 0
0 66 0
0 67 0
0 68 0
0 69 0
0 70 0
0 71 0
0 72 0
0 73 0
0 74 0
0 75 0
0 76 0
0 77 0
0 78 0
0 79 0
0 80 0
0 81 0
0 82 0
0 83 0
0 84 0
0 85 0
0 86 0
0 87 0
0 88 0
0 89 0
0 90 0
0 91 0
0 92 0
0 93 0
0 94 0
0 95 0
0 96 0
0 97 0
0 98 0
0 99 0
0 100 0

1 0 0
1 1 2.06347
1 2 4.16035
1 3 6.33364
1 4 8.61257
1 5 11.0448
1 6 13.6657
1 7 16.5196
1 8 19.649
1 9 23.09
1 10 26.8765
1 11 31.0269
1 12 35.5393
1 13 40.3844
1 14 45.4919
1 15 50.733
1 16 55.924
1 17 60.7847
1 18 64.96
1 19 67.9921
1 20 69.3215
1 21 68.332
1 22 64.3183
1 23 56.6053
1 24 44.5335
1 25 27.5857
1 26 5.45216
1 27 -21.9032
1 28 -54.1206
1 29 -90.4133
1 30 -129.528
1 31 -169.724
1 32 -208.857
1 33 -244.495
1 34 -274.04
1 35 -294.944
1 36 -304.944
1 37 -302.263
1 38 -285.806
1 39 -255.349
1 40 -211.585
1 41 -156.17
1 42 -91.6402
1 43 -21.2755
1 44 51.1421
1 45 121.538
1 46 185.863
1 47 240.349
1 48 281.774
1 49 307.655
1 50 316.457
1 51 307.655
1 52 281.774
1 53 240.349
1 54 185.863
1 55 121.538
1 56 51.1421
1 57 -21.2755
1 58 -91.6402
1 59 -156.17
1 60 -211.585
1 61 -255.349
1 62 -285.806
1 63 -302.263
1 64 -304.944
1 65 -294.944
1 66 -274.04
1 67 -244.495
1 68 -208.857
1 69 -169.724
1 70 -129.528
1 71 -90.4133
1 72 -54.1206
1 73 -21.9032
1 74 5.45216
1 75 27.5857
1 76 44.5335
1 77 56.6053
1 78 64.3183
1 79 68.332
1 80 69.3215
1 81 67.9921
1 82 64.96
1 83 60.7847
1 84 55.924
1 85 50.733
1 86 45.4919
1 87 40.3844
1 88 35.5393
1 89 31.0269
1 90 26.8765
1 91 23.09
1 92 19.649
1 93 16.5196
1 94 13.6657
1 95 11.0448
1 96 8.61257
1 97 6.33364
1 98 4.16035
1 99 2.06347
1 100 0

2 0 0
2 1 4.16035
2 2 8.38917
2 3 12.7713
2 4 17.3683
2 5 22.2725
2 6 27.5565
2 7 33.3046
2 8 39.6015
2 9 46.5133
2 10 54.1065
2 11 62.4096
2 12 71.4179
2 13 81.0635
2 14 91.203
2 15 101.571
2 16 111.793
2 17 121.303
2 18 129.388
2 19 135.13
2 20 137.425
2 21 135.039
2 22 126.612
2 23 110.787
2 24 86.313
2 25 52.1744
2 26 7.7683
2 27 -46.8921
2 28 -111.122
2 29 -183.303
2 30 -260.907
2 31 -340.521
2 32 -417.87
2 33 -488.146
2 34 -546.231
2 35 -587.134
2 36 -606.356
2 37 -600.427
2 38 -567.217
2 39 -506.314
2 40 -419.092
2 41 -308.846
2 42 -180.613
2 43 -40.8779
2 44 102.877
2 45 242.584
2 46 370.204
2 47 478.286
2 48 560.455
2 49 611.807
2 50 629.272
2 51 611.807
2 52 560.455
2 53 478.286
2 54 370.204
2 55 242.584
2 56 102.877
2 57 -40.8779
2 58 -180.613
2 59 -308.846
2 60 -419.092
2 61 -506.314
2 62 -567.217
2 63 -600.427
2 64 -606.356
2 65 -587.134
2 66 -546.231
2 67 -488.146
2 68 -417.87
2 69 -340.521
2 70 -260.907
2 71 -183.303
2 72 -111.122
2 73 -46.8921
2 74 7.7683
2 75 52.1744
2 76 86.313
2 77 110.787
2 78 126.612
2 79 135.039
2 80 137.425
2 81 135.13
2 82 129.388
2 83 121.303
2 84 111.793
2 85 101.571
2 86 91.203
2 87 81.0635
2 88 71.4179
2 89 62.4096
2 90 54.1065
2 91 46.5133
2 92 39.6015
2 93 33.3046
2 94 27.5565
2 95 22.2725
2 96 17.3683
2 97 12.7713
2 98 8.38917
2 99 4.16035
2 100 0

3 0 0
3 1 6.33364
3 2 12.7713
3 3 19.4377
3 4 26.4283
3 5 33.8786
3 6 41.8966
3 7 50.6089
3 8 60.1345
3 9 70.5724
3 10 82.0082
3 11 94.4779
3 12 107.954
3 13 122.323
3 14 137.342
3 15 152.604
3 16 167.52
3 17 181.243
3 18 192.691
3 19 200.5
3 20 203.03
3 21 198.476
3 22 184.821
3 23 160.14
3 24 122.592
3 25 70.7701
3 26 3.88988
3 27 -78.0232
3 28 -173.786
3 29 -280.993
3 30 -395.89
3 31 -513.344
3 32 -627.092
3 33 -730.056
3 34 -814.728
3 35 -873.775
3 36 -900.705
3 37 -890.451
3 38 -839.94
3 39 -748.603
3 40 -618.547
3 41 -454.644
3 42 -264.327
3 43 -57.1705
3 44 155.77
3 45 362.607
3 46 551.512
3 47 711.471
3 48 833.058
3 49 909.02
3 50 934.855
3 51 909.02
3 52 833.058
3 53 711.471
3 54 551.512
3 55 362.607
3 56 155.77
3 57 -57.1705
3 58 -264.327
3 59 -454.644
3 60 -618.547
3 61 -748.603
3 62 -839.94
3 63 -890.451
3 64 -900.705
3 65 -873.775
3 66 -814.728
3 67 -730.056
3 68 -627.092
3 69 -513.344
3 70 -395.89
3 71 -280.993
3 72 -173.786
3 73 -78.0232
3 74 3.88988
3 75 70.7701
3 76 122.592
3 77 160.14
3 78 184.821
3 79 198.476
3 80 203.03
3 81 200.5
3 82 192.691
3 83 181.243
3 84 167.52
3 85 152.604
3 86 137.342
3 87 122.323
3 88 107.954
3 89 94.4779
3 90 82.0082
3 91 70.5724
3 92 60.1345
3 93 50.6089
3 94 41.8966
3 95 33.8786
3 96 26.4283
3 97 19.4377
3 98 12.7713
3 99 6.33364
3 100 0

4 0 0
4 1 8.61257
4 2 17.3683
4 3 26.4283
4 4 35.9296
4 5 46.0419
4 6 56.9138
4 7 68.702
4 8 81.5583
4 9 95.598
4 10 110.921
4 11 127.547
4 12 145.422
4 13 164.357
4 14 184.005
4 15 203.788
4 16 222.894
4 17 240.173
4 18 254.176
4 19 263.091
4 20 264.786
4 21 256.889
4 22 236.866
4 23 202.208
4 24 150.681
4 25 80.5414
4 26 -9.12902
4 27 -118.058
4 28 -244.663
4 29 -385.631
4 30 -535.941
4 31 -688.93
4 32 -836.394
4 33 -969.155
4 34 -1077.53
4 35 -1152.13
4 36 -1184.57
4 37 -1168.42
4 38 -1099.83
4 39 -978.157
4 40 -806.205
4 41 -590.385
4 42 -340.405
4 43 -68.7206
4 44 210.268
4 45 481.091
4 46 728.306
4 47 937.582
4 48 1096.62
4 49 1196.01
4 50 1229.8
4 51 1196.01
4 52 1096.62
4 53 937.582
4 54 728.306
4 55 481.091
4 56 210.268
4 57 -68.7206
4 58 -340.405
4 59 -590.385
4 60 -806.205
4 61 -978.157
4 62 -1099.83
4 63 -1168.42
4 64 -1184.57
4 65 -1152.13
4 66 -1077.53
4 67 -969.155
4 68 -836.394
4 69 -688.93
4 70 -535.941
4 71 -385.631
4 72 -244.663
4 73 -118.058
4 74 -9.12902
4 75 80.5414
4 76 150.681
4 77 202.208
4 78 236.866
4 79 256.889
4 80 264.786
4 81 263.091
4 82 254.176
4 83 240.173
4 84 222.894
4 85 203.788
4 86 184.005
4 87 164.357
4 88 145.422
4 89 127.547
4 90 110.921
4 91 95.598
4 92 81.5583
4 93 68.702
4 94 56.9138
4 95 46.0419
4 96 35.9296
4 97 26.4283
4 98 17.3683
4 99 8.61257
4 100 0

5 0 0
5 1 11.0448
5 2 22.2725
5 3 33.8786
5 4 46.0419
5 5 58.9651
5 6 72.8306
5 7 87.8275
5 8 104.123
5 9 121.851
5 10 141.097
5 11 161.861
5 12 184.024
5 13 207.31
5 14 231.223
5 15 255.008
5 16 277.589
5 17 297.524
5 18 312.98
5 19 321.733
5 20 321.177
5 21 308.471
5 22 280.572
5 23 234.601
5 24 167.94
5 25 78.6995
5 26 -33.9775
5 27 -169.633
5 28 -325.998
5 29 -498.937
5 30 -682.242
5 31 -867.677
5 32 -1045.36
5 33 -1204.21
5 34 -1332.63
5 35 -1419.38
5 36 -1454.58
5 37 -1430.62
5 38 -1343.04
5 39 -1191.18
5 40 -978.634
5 41 -713.205
5 42 -406.695
5 43 -74.2231
5 44 266.731
5 45 597.421
5 46 899.145
5 47 1154.48
5 48 1348.48
5 49 1469.67
5 50 1510.89
5 51 1469.67
5 52 1348.48
5 53 1154.48
5 54 899.145
5 55 597.421
5 56 266.731
5 57 -74.2231
5 58 -406.695
5 59 -713.205
5 60 -978.634
5 61 -1191.18
5 62 -1343.04
5 63 -1430.62
5 64 -1454.58
5 65 -1419.38
5 66 -1332.63
5 67 -1204.21
5 68 -1045.36
5 69 -867.677
5 70 -682.242
5 71 -498.937
5 72 -325.998
5 73 -169.633
5 74 -33.9775
5 75 78.6995
5 76 167.94
5 77 234.601
5 78 280.572
5 79 308.471
5 80 321.177
5 81 321.733
5 82 312.98
5 83 297.524
5 84 277.589
5 85 255.008
5 86 231.223
5 87 207.31
5 88 184.024
5 89 161.861
5 90 141.097
5 91 121.851
5 92 104.123
5 93 87.8275
5 94 72.8306
5 95 58.9651
5 96 46.0419
5 97 33.8786
5 98 22.2725
5 99 11.0448
5 100 0

6 0 0
6 1 13.6657
6 2 27.5565
6 3 41.8966
6 4 56.9138
6 5 72.8306
6 6 89.8686
6 7 108.23
6 8 128.094
6 9 149.589
6 10 172.777
6 11 197.601
6 12 223.866
6 13 251.164
6 14 278.843
6 15 305.923
6 16 331.065
6 17 352.506
6 18 368.053
6 19 375.071
6 20 370.567
6 21 351.246
6 22 313.768
6 23 254.879
6 24 171.856
6 25 62.7589
6 26 -73.1338
6 27 -234.862
6 28 -419.611
6 29 -622.268
6 30 -835.448
6 31 -1049.6
6 32 -1253.26
6 33 -1433.73
6 34 -1577.8
6 35 -1672.8
6 36 -1707.55
6 37 -1673.58
6 38 -1566.01
6 39 -1384.34
6 40 -1132.82
6 41 -820.62
6 42 -461.419
6 43 -72.6955
6 44 325.327
6 45 710.995
6 46 1062.64
6 47 1360.1
6 48 1586.05
6 49 1727.21
6 50 1775.2
6 51 1727.21
6 52 1586.05
6 53 1360.1
6 54 1062.64
6 55 710.995
6 56 325.327
6 57 -72.6955
6 58 -461.419
6 59 -820.62
6 60 -1132.82
6 61 -1384.34
6 62 -1566.01
6 63 -1673.58
6 64 -1707.55
6 65 -1672.8
6 66 -1577.8
6 67 -1433.73
6 68 -1253.26
6 69 -1049.6
6 70 -835.448
6 71 -622.268
6 72 -419.611
6 73 -234.862
6 74 -73.1338
6 75 62.7589
6 76 171.856
6 77 254.879
6 78 313.768
6 79 351.246
6 80 370.567
6 81 375.071
6 82 368.053
6 83 352.506
6 84 331.065
6 85 305.923
6 86 278.843
6 87 251.164
6 88 223.866
6 89 197.601
6 90 172.777
6 91 149.589
6 92 128.094
6 93 108.23
6 94 89.8686
6 95 72.8306
6 96 56.9138
6 97 41.8966
6 98 27.5565
6 99 13.6657
6 100 0

7 0 0
7 1 16.5196
7 2 33.3046
7 3 50.6089
7 4 68.702
7 5 87.8275
7 6 108.23
7 7 130.124
7 8 153.674
7 9 178.999
7 10 206.094
7 11 234.839
7 12 264.913
7 13 295.766
7 14 326.534
7 15 356.012
7 16 382.558
7 17 404.103
7 18 418.091
7 19 421.543
7 20 411.1
7 21 383.187
7 22 334.176
7 23 260.733
7 24 160.065
7 25 30.4059
7 26 -128.599
7 27 -315.554
7 28 -526.798
7 29 -756.368
7 30 -995.78
7 31 -1234.21
7 32 -1458.96
7 33 -1655.96
7 34 -1810.81
7 35 -1909.63
7 36 -1940.45
7 37 -1894.15
7 38 -1765.67
7 39 -1554.69
7 40 -1266.24
7 41 -910.619
7 42 -503.168
7 43 -63.4088
7 44 386.08
7 45 821.109
7 46 1217.49
7 47 1552.62
7 48 1807.13
7 49 1966.1
7 50 2020.16
7 51 1966.1
7 52 1807.13
7 53 1552.62
7 54 1217.49
7 55 821.109
7 56 386.08
7 57 -63.4088
7 58 -503.168
7 59 -910.619
7 60 -1266.24
7 61 -1554.69
7 62 -1765.67
7 63 -1894.15
7 64 -1940.45
7 65 -1909.63
7 66 -1810.81
7 67 -1655.96
7 68 -1458.96
7 69 -1234.21
7 70 -995.78
7 71 -756.368
7 72 -526.798
7 73 -315.554
7 74 -128.599
7 75 30.4059
7 76 160.065
7 77 260.733
7 78 334.176
7 79 383.187
7 80 411.1
7 81 421.543
7 82 418.091
7 83 404.103
7 84 382.558
7 85 356.012
7 86 326.534
7 87 295.766
7 88 264.913
7 89 234.839
7 90 206.094
7 91 178.999
7 92 153.674
7 93 130.124
7 94 108.23
7 95 87.8275
7 96 68.702
7 97 50.6089
7 98 33.3046
7 99 16.5196
7 100 0

8 0 0
8 1 19.649
8 2 39.6015
8 3 60.1345
8 4 81.5583
8 5 104.123
8 6 128.094
8 7 153.674
8 8 181.011
8 9 210.17
8 10 241.077
8 11 273.497
8 12 306.969
8 13 340.744
8 14 373.745
8 15 404.486
8 16 431.041
8 17 451.017
8 18 461.549
8 19 459.339
8 20 440.798
8 21 402.102
8 22 339.603
8 23 249.899
8 24 130.436
8 25 -20.2479
8 26 -202.062
8 27 -412.863
8 28 -648.301
8 29 -901.43
8 30 -1162.79
8 31 -1420.55
8 32 -1660.94
8 33 -1868.95
8 34 -2029.24
8 35 -2127.29
8 36 -2150.51
8 37 -2089.57
8 38 -1939.36
8 39 -1699.92
8 40 -1376.91
8 41 -981.695
8 42 -530.969
8 43 -45.953
8 44 448.805
8 45 927.051
8 46 1362.45
8 47 1730.42
8 48 2009.75
8 49 2184.21
8 50 2243.52
8 51 2184.21
8 52 2009.75
8 53 1730.42
8 54 1362.45
8 55 927.051
8 56 448.805
8 57 -45.953
8 58 -530.969
8 59 -981.695
8 60 -1376.91
8 61 -1699.92
8 62 -1939.36
8 63 -2089.57
8 64 -2150.51
8 65 -2127.29
8 66 -2029.24
8 67 -1868.95
8 68 -1660.94
8 69 -1420.55
8 70 -1162.79
8 71 -901.43
8 72 -648.301
8 73 -412.863
8 74 -202.062
8 75 -20.2479
8 76 130.436
8 77 249.899
8 78 339.603
8 79 402.102
8 80 440.798
8 81 459.339
8 82 461.549
8 83 451.017
8 84 431.041
8 85 404.486
8 86 373.745
8 87 340.744
8 88 306.969
8 89 273.497
8 90 241.077
8 91 210.17
8 92 181.011
8 93 153.674
8 94 128.094
8 95 104.123
8 96 81.5583
8 97 60.1345
8 98 39.6015
8 99 19.649
8 100 0

9 0 0
9 1 23.09
9 2 46.5133
9 3 70.5724
9 4 95.598
9 5 121.851
9 6 149.589
9 7 178.999
9 8 210.17
9 9 243.109
9 10 277.616
9 11 313.334
9 12 349.603
9 13 385.474
9 14 419.605
9 15 450.241
9 16 475.152
9 17 491.658
9 18 496.602
9 19 486.476
9 20 457.497
9 21 405.832
9 22 327.825
9 23 220.352
9 24 81.152
9 25 -90.7256
9 26 -294.519
9 27 -527.414
9 28 -784.147
9 29 -1056.96
9 30 -1335.5
9 31 -1607.11
9 32 -1857.32
9 33 -2070.45
9 34 -2230.72
9 35 -2323.24
9 36 -2335.3
9 37 -2257.52
9 38 -2085.05
9 39 -1818.26
9 40 -1463.47
9 41 -1032.9
9 42 -544.327
9 43 -20.3002
9 44 513.141
9 45 1028.06
9 46 1496.44
9 47 1892.04
9 48 2192.29
9 49 2379.77
9 50 2443.52
9 51 2379.77
9 52 2192.29
9 53 1892.04
9 54 1496.44
9 55 1028.06
9 56 513.141
9 57 -20.3002
9 58 -544.327
9 59 -1032.9
9 60 -1463.47
9 61 -1818.26
9 62 -2085.05
9 63 -2257.52
9 64 -2335.3
9 65 -2323.24
9 66 -2230.72
9 67 -2070.45
9 68 -1857.32
9 69 -1607.11
9 70 -1335.5
9 71 -1056.96
9 72 -784.147
9 73 -527.414
9 74 -294.519
9 75 -90.7256
9 76 81.152
9 77 220.352
9 78 327.825
9 79 405.832
9 80 457.497
9 81 486.476
9 82 496.602
9 83 491.658
9 84 475.152
9 85 450.241
9 86 419.605
9 87 385.474
9 88 349.603
9 89 313.334
9 90 277.616
9 91 243.109
9 92 210.17
9 93 178.999
9 94 149.589
9 95 121.851
9 96 95.598
9 97 70.5724
9 98 46.5133
9 99 23.09
9 100 0

10 0 0
10 1 26.8765
10 2 54.1065
10 3 82.0082
10 4 110.921
10 5 141.097
10 6 172.777
10 7 206.094
10 8 241.077
10 9 277.616
10 10 315.39
10 11 353.851
10 12 392.142
10 13 429.054
10 14 462.989
10 15 491.889
10 16 513.258
10 17 524.139
10 18 521.185
10 19 500.723
10 20 458.973
10 21 392.131
10 22 296.841
10 23 170.285
10 24 10.7752
10 25 -181.985
10 26 -406.514
10 27 -659.109
10 28 -933.738
10 29 -1221.8
10 30 -1512.27
10 31 -1791.92
10 32 -2045.82
10 33 -2258.11
10 34 -2412.85
10 35 -2495.23
10 36 -2492.7
10 37 -2396.22
10 38 -2201.22
10 39 -1908.59
10 40 -1525.17
10 41 -1063.84
10 42 -543.168
10 43 13.3451
10 44 578.549
10 45 1123.34
10 46 1618.44
10 47 2036.41
10 48 2353.51
10 49 2551.48
10 50 2618.77
10 51 2551.48
10 52 2353.51
10 53 2036.41
10 54 1618.44
10 55 1123.34
10 56 578.549
10 57 13.3451
10 58 -543.168
10 59 -1063.84
10 60 -1525.17
10 61 -1908.59
10 62 -2201.22
10 63 -2396.22
10 64 -2492.7
10 65 -2495.23
10 66 -2412.85
10 67 -2258.11
10 68 -2045.82
10 69 -1791.92
10 70 -1512.27
10 71 -1221.8
10 72 -933.738
10 73 -659.109
10 74 -406.514
10 75 -181.985
10 76 10.7752
10 77 170.285
10 78 296.841
10 79 392.131
10 80 458.973
10 81 500.723
10 82 521.185
10 83 524.139
10 84 513.258
10 85 491.889
10 86 462.989
10 87 429.054
10 88 392.142
10 89 353.851
10 90 315.39
10 91 277.616
10 92 241.077
10 93 206.094
10 94 172.777
10 95 141.097
10 96 110.921
10 97 82.0082
10 98 54.1065
10 99 26.8765
10 100 0

11 0 0
11 1 31.0269
11 2 62.4096
11 3 94.4779
11 4 127.547
11 5 161.861
11 6 197.601
11 7 234.839
11 8 273.497
11 9 313.334
11 10 353.851
11 11 394.302
11 12 433.581
11 13 470.231
11 14 502.359
11 15 527.651
11 16 543.345
11 17 546.293
11 18 532.998
11 19 499.792
11 20 442.939
11 21 358.957
11 22 244.802
11 23 98.291
11 24 -81.616
11 25 -294.43
11 26 -537.773
11 27 -807.145
11 28 -1095.68
11 29 -1394.12
11 30 -1690.9
11 31 -1972.52
11 32 -2223.97
11 33 -2429.42
11 34 -2573.33
11 35 -2641.24
11 36 -2621.12
11 37 -2504.39
11 38 -2287.06
11 39 -1970.46
11 40 -1561.89
11 41 -1074.67
11 42 -527.914
11 43 54.3493
11 44 644.332
11 45 1212.13
11 46 1727.64
11 47 2162.57
11 48 2492.47
11 49 2698.38
11 50 2768.39
11 51 2698.38
11 52 2492.47
11 53 2162.57
11 54 1727.64
11 55 1212.13
11 56 644.332
11 57 54.3493
11 58 -527.914
11 59 -1074.67
11 60 -1561.89
11 61 -1970.46
11 62 -2287.06
11 63 -2504.39
11 64 -2621.12
11 65 -2641.24
11 66 -2573.33
11 67 -2429.42
11 68 -2223.97
11 69 -1972.52
11 70 -1690.9
11 71 -1394.12
11 72 -1095.68
11 73 -807.145
11 74 -537.773
11 75 -294.43
11 76 -81.616
11 77 98.291
11 78 244.802
11 79 358.957
11 80 442.939
11 81 499.792
11 82 532.998
11 83 546.293
11 84 543.345
11 85 527.651
11 86 502.359
11 87 470.231
11 88 433.581
11 89 394.302
11 90 353.851
11 91 313.334
11 92 273.497
11 93 234.839
11 94 197.601
11 95 161.861
11 96 127.547
11 97 94.4779
11 98 62.4096
11 99 31.0269
11 100 0

12 0 0
12 1 35.5393
12 2 71.4179
12 3 107.954
12 4 145.422
12 5 184.024
12 6 223.866
12 7 264.913
12 8 306.969
12 9 349.603
12 10 392.142
12 11 433.581
12 12 472.581
12 13 507.391
12 14 535.867
12 15 555.434
12 16 563.143
12 17 555.699
12 18 529.607
12 19 481.261
12 20 407.223
12 21 304.363
12 22 170.264
12 23 3.41293
12 24 -196.389
12 25 -427.741
12 26 -687.394
12 27 -969.976
12 28 -1267.92
12 29 -1571.43
12 30 -1868.69
12 31 -2146.13
12 32 -2388.99
12 33 -2581.98
12 34 -2710.07
12 35 -2759.63
12 36 -2719.35
12 37 -2581.42
12 38 -2342.36
12 39 -2004.06
12 40 -1574.12
12 41 -1066.13
12 42 -499.358
12 43 101.922
12 44 709.664
12 45 1293.65
12 46 1823.34
12 47 2270
12 48 2608.67
12 49 2820.04
12 50 2891.88
12 51 2820.04
12 52 2608.67
12 53 2270
12 54 1823.34
12 55 1293.65
12 56 709.664
12 57 101.922
12 58 -499.358
12 59 -1066.13
12 60 -1574.12
12 61 -2004.06
12 62 -2342.36
12 63 -2581.42
12 64 -2719.35
12 65 -2759.63
12 66 -2710.07
12 67 -2581.98
12 68 -2388.99
12 69 -2146.13
12 70 -1868.69
12 71 -1571.43
12 72 -1267.92
12 73 -969.976
12 74 -687.394
12 75 -427.741
12 76 -196.389
12 77 3.41293
12 78 170.264
12 79 304.363
12 80 407.223
12 81 481.261
12 82 529.607
12 83 555.699
12 84 563.143
12 85 555.434
12 86 535.867
12 87 507.391
12 88 472.581
12 89 433.581
12 90 392.142
12 91 349.603
12 92 306.969
12 93 264.913
12 94 223.866
12 95 184.024
12 96 145.422
12 97 107.954
12 98 71.4179
12 99 35.5393
12 100 0

13 0 0
13 1 40.3844
13 2 81.0635
13 3 122.323
13 4 164.357
13 5 207.31
13 6 251.164
13 7 295.766
13 8 340.744
13 9 385.474
13 10 429.054
13 11 470.231
13 12 507.391
13 13 538.536
13 14 561.259
13 15 572.806
13 16 570.078
13 17 549.774
13 18 508.464
13 19 442.829
13 20 349.776
13 21 226.821
13 22 72.1893
13 23 -114.723
13 24 -333.199
13 25 -580.911
13 26 -853.657
13 27 -1145.31
13 28 -1447.7
13 29 -1750.72
13 30 -2042.46
13 31 -2309.69
13 32 -2538.16
13 33 -2713.35
13 34 -2821.26
13 35 -2849.18
13 36 -2786.85
13 37 -2627.23
13 38 -2367.61
13 39 -2010.23
13 40 -1562.94
13 41 -1039.36
13 42 -458.691
13 43 154.952
13 44 773.642
13 45 1367.19
13 46 1905.05
13 47 2358.34
13 48 2701.94
13 49 2916.34
13 50 2989.22
13 51 2916.34
13 52 2701.94
13 53 2358.34
13 54 1905.05
13 55 1367.19
13 56 773.642
13 57 154.952
13 58 -458.691
13 59 -1039.36
13 60 -1562.94
13 61 -2010.23
13 62 -2367.61
13 63 -2627.23
13 64 -2786.85
13 65 -2849.18
13 66 -2821.26
13 67 -2713.35
13 68 -2538.16
13 69 -2309.69
13 70 -2042.46
13 71 -1750.72
13 72 -1447.7
13 73 -1145.31
13 74 -853.657
13 75 -580.911
13 76 -333.199
13 77 -114.723
13 78 72.1893
13 79 226.821
13 80 349.776
13 81 442.829
13 82 508.464
13 83 549.774
13 84 570.078
13 85 572.806
13 86 561.259
13 87 538.536
13 88 507.391
13 89 470.231
13 90 429.054
13 91 385.474
13 92 340.744
13 93 295.766
13 94 251.164
13 95 207.31
13 96 164.357
13 97 122.323
13 98 81.0635
13 99 40.3844
13 100 0

14 0 0
14 1 45.4919
14 2 91.203
14 3 137.342
14 4 184.005
14 5 231.223
14 6 278.843
14 7 326.534
14 8 373.745
14 9 419.605
14 10 462.989
14 11 502.359
14 12 535.867
14 13 561.259
14 14 575.943
14 15 577.03
14 16 561.396
14 17 525.813
14 18 467.11
14 19 382.313
14 20 268.951
14 21 125.185
14 22 -49.8376
14 23 -255.802
14 24 -491.002
14 25 -752.113
14 26 -1034.1
14 27 -1330.17
14 28 -1631.69
14 29 -1928.46
14 30 -2208.82
14 31 -2460.04
14 32 -2668.73
14 33 -2821.49
14 34 -2905.44
14 35 -2909.21
14 36 -2823.56
14 37 -2642.49
14 38 -2363.86
14 39 -1990.39
14 40 -1529.94
14 41 -995.999
14 42 -407.398
14 43 212.183
14 44 835.292
14 45 1432.14
14 46 1972.46
14 47 2427.57
14 48 2772.44
14 49 2987.63
14 50 3060.77
14 51 2987.63
14 52 2772.44
14 53 2427.57
14 54 1972.46
14 55 1432.14
14 56 835.292
14 57 212.183
14 58 -407.398
14 59 -995.999
14 60 -1529.94
14 61 -1990.39
14 62 -2363.86
14 63 -2642.49
14 64 -2823.56
14 65 -2909.21
14 66 -2905.44
14 67 -2821.49
14 68 -2668.73
14 69 -2460.04
14 70 -2208.82
14 71 -1928.46
14 72 -1631.69
14 73 -1330.17
14 74 -1034.1
14 75 -752.113
14 76 -491.002
14 77 -255.802
14 78 -49.8376
14 79 125.185
14 80 268.951
14 81 382.313
14 82 467.11
14 83 525.813
14 84 561.396
14 85 577.03
14 86 575.943
14 87 561.259
14 88 535.867
14 89 502.359
14 90 462.989
14 91 419.605
14 92 373.745
14 93 326.534
14 94 278.843
14 95 231.223
14 96 184.005
14 97 137.342
14 98 91.203
14 99 45.4919
14 100 0

15 0 0
15 1 50.733
15 2 101.571
15 3 152.604
15 4 203.788
15 5 255.008
15 6 305.923
15 7 356.012
15 8 404.486
15 9 450.241
15 10 491.889
15 11 527.651
15 12 555.434
15 13 572.806
15 14 577.03
15 15 565.2
15 16 534.245
15 17 481.188
15 18 403.197
15 19 297.894
15 20 163.447
15 21 -1.05792
15 22 -195.585
15 23 -418.773
15 24 -667.909
15 25 -938.776
15 26 -1225.56
15 27 -1520.92
15 28 -1816.06
15 29 -2100.85
15 30 -2364.13
15 31 -2594
15 32 -2778.18
15 33 -2904.54
15 34 -2961.69
15 35 -2939.5
15 36 -2830.1
15 37 -2628.33
15 38 -2332.82
15 39 -1946.47
15 40 -1477.18
15 41 -937.989
15 42 -347.194
15 43 272.273
15 44 893.665
15 45 1487.94
15 46 2025.44
15 47 2477.95
15 48 2820.74
15 49 3034.6
15 50 3107.29
15 51 3034.6
15 52 2820.74
15 53 2477.95
15 54 2025.44
15 55 1487.94
15 56 893.665
15 57 272.273
15 58 -347.194
15 59 -937.989
15 60 -1477.18
15 61 -1946.47
15 62 -2332.82
15 63 -2628.33
15 64 -2830.1
15 65 -2939.5
15 66 -2961.69
15 67 -2904.54
15 68 -2778.18
15 69 -2594
15 70 -2364.13
15 71 -2100.85
15 72 -1816.06
15 73 -1520.92
15 74 -1225.56
15 75 -938.776
15 76 -667.909
15 77 -418.773
15 78 -195.585
15 79 -1.05792
15 80 163.447
15 81 297.894
15 82 403.197
15 83 481.188
15 84 534.245
15 85 565.2
15 86 577.03
15 87 572.806
15 88 555.434
15 89 527.651
15 90 491.889
15 91 450.241
15 92 404.486
15 93 356.012
15 94 305.923
15 95 255.008
15 96 203.788
15 97 152.604
15 98 101.571
15 99 50.733
15 100 0

16 0 0
16 1 55.924
16 2 111.793
16 3 167.52
16 4 222.894
16 5 277.589
16 6 331.065
16 7 382.558
16 8 431.041
16 9 475.152
16 10 513.258
16 11 543.345
16 12 563.143
16 13 570.078
16 14 561.396
16 15 534.245
16 16 485.792
16 17 413.388
16 18 314.772
16 19 188.184
16 20 32.7046
16 21 -151.731
16 22 -363.99
16 23 -601.734
16 24 -861.279
16 25 -1137.57
16 26 -1424.17
16 27 -1713.47
16 28 -1996.6
16 29 -2263.87
16 30 -2504.84
16 31 -2708.64
16 32 -2864.32
16 33 -2961.26
16 34 -2989.52
16 35 -2940.57
16 36 -2807.63
16 37 -2586.62
16 38 -2276.65
16 39 -1880.92
16 40 -1407.02
16 41 -867.548
16 42 -279.958
16 43 333.739
16 44 947.837
16 45 1534.22
16 46 2064.1
16 47 2509.96
16 48 2847.63
16 49 3058.29
16 50 3129.88
16 51 3058.29
16 52 2847.63
16 53 2509.96
16 54 2064.1
16 55 1534.22
16 56 947.837
16 57 333.739
16 58 -279.958
16 59 -867.548
16 60 -1407.02
16 61 -1880.92
16 62 -2276.65
16 63 -2586.62
16 64 -2807.63
16 65 -2940.57
16 66 -2989.52
16 67 -2961.26
16 68 -2864.32
16 69 -2708.64
16 70 -2504.84
16 71 -2263.87
16 72 -1996.6
16 73 -1713.47
16 74 -1424.17
16 75 -1137.57
16 76 -861.279
16 77 -601.734
16 78 -363.99
16 79 -151.731
16 80 32.7046
16 81 188.184
16 82 314.772
16 83 413.388
16 84 485.792
16 85 534.245
16 86 561.396
16 87 570.078
16 88 563.143
16 89 543.345
16 90 513.258
16 91 475.152
16 92 431.041
16 93 382.558
16 94 331.065
16 95 277.589
16 96 222.894
16 97 167.52
16 98 111.793
16 99 55.924
16 100 0

17 0 0
17 1 60.7847
17 2 121.303
17 3 181.243
17 4 240.173
17 5 297.524
17 6 352.506
17 7 404.103
17 8 451.017
17 9 491.658
17 10 524.139
17 11 546.293
17 12 555.699
17 13 549.774
17 14 525.813
17 15 481.188
17 16 413.388
17 17 320.311
17 18 200.296
17 19 52.4753
17 20 -123.245
17 21 -325.827
17 22 -553.19
17 23 -801.977
17 24 -1067.65
17 25 -1344.46
17 26 -1625.61
17 27 -1903.28
17 28 -2168.98
17 29 -2413.54
17 30 -2627.51
17 31 -2801.29
17 32 -2925.4
17 33 -2990.79
17 34 -2989.17
17 35 -2913.36
17 36 -2757.94
17 37 -2519.59
17 38 -2198.02
17 39 -1796.43
17 40 -1322.16
17 41 -787.045
17 42 -207.62
17 43 395.233
17 44 996.986
17 45 1570.72
17 46 2088.73
17 47 2524.38
17 48 2854.27
17 49 3060.02
17 50 3129.96
17 51 3060.02
17 52 2854.27
17 53 2524.38
17 54 2088.73
17 55 1570.72
17 56 996.986
17 57 395.233
17 58 -207.62
17 59 -787.045
17 60 -1322.16
17 61 -1796.43
17 62 -2198.02
17 63 -2519.59
17 64 -2757.94
17 65 -2913.36
17 66 -2989.17
17 67 -2990.79
17 68 -2925.4
17 69 -2801.29
17 70 -2627.51
17 71 -2413.54
17 72 -2168.98
17 73 -1903.28
17 74 -1625.61
17 75 -1344.46
17 76 -1067.65
17 77 -801.977
17 78 -553.19
17 79 -325.827
17 80 -123.245
17 81 52.4753
17 82 200.296
17 83 320.311
17 84 413.388
17 85 481.188
17 86 525.813
17 87 549.774
17 88 555.699
17 89 546.293
17 90 524.139
17 91 491.658
17 92 451.017
17 93 404.103
17 94 352.506
17 95 297.524
17 96 240.173
17 97 181.243
17 98 121.303
17 99 60.7847
17 100 0

18 0 0
18 1 64.96
18 2 129.388
18 3 192.691
18 4 254.176
18 5 312.98
18 6 368.053
18 7 418.091
18 8 461.549
18 9 496.602
18 10 521.185
18 11 532.998
18 12 529.607
18 13 508.464
18 14 467.11
18 15 403.197
18 16 314.772
18 17 200.296
18 18 58.9837
18 19 -109.24
18 20 -303.37
18 21 -521.474
18 22 -760.397
18 23 -1015.95
18 24 -1282.86
18 25 -1554.9
18 26 -1825.06
18 27 -2085.73
18 28 -2328.8
18 29 -2546.05
18 30 -2729.11
18 31 -2869.82
18 32 -2960.27
18 33 -2993.01
18 34 -2961.35
18 35 -2859.55
18 36 -2683.25
18 37 -2430.03
18 38 -2099.9
18 39 -1696.05
18 40 -1225.35
18 41 -698.901
18 42 -132.112
18 43 455.394
18 44 1040.43
18 45 1597.42
18 46 2099.85
18 47 2522.24
18 48 2841.99
18 49 3041.43
18 50 3109.19
18 51 3041.43
18 52 2841.99
18 53 2522.24
18 54 2099.85
18 55 1597.42
18 56 1040.43
18 57 455.394
18 58 -132.112
18 59 -698.901
18 60 -1225.35
18 61 -1696.05
18 62 -2099.9
18 63 -2430.03
18 64 -2683.25
18 65 -2859.55
18 66 -2961.35
18 67 -2993.01
18 68 -2960.27
18 69 -2869.82
18 70 -2729.11
18 71 -2546.05
18 72 -2328.8
18 73 -2085.73
18 74 -1825.06
18 75 -1554.9
18 76 -1282.86
18 77 -1015.95
18 78 -760.397
18 79 -521.474
18 80 -303.37
18 81 -109.24
18 82 58.9837
18 83 200.296
18 84 314.772
18 85 403.197
18 86 467.11
18 87 508.464
18 88 529.607
18 89 532.998
18 90 521.185
18 91 496.602
18 92 461.549
18 93 418.091
18 94 368.053
18 95 312.98
18 96 254.176
18 97 192.691
18 98 129.388
18 99 64.96
18 100 0

19 0 0
19 1 67.9921
19 2 135.13
19 3 200.5
19 4 263.091
19 5 321.733
19 6 375.071
19 7 421.543
19 8 459.339
19 9 486.476
19 10 500.723
19 11 499.792
19 12 481.261
19 13 442.829
19 14 382.313
19 15 297.894
19 16 188.184
19 17 52.4753
19 18 -109.24
19 19 -295.961
19 20 -505.833
19 21 -735.827
19 22 -981.995
19 23 -1239.37
19 24 -1502.16
19 25 -1763.9
19 26 -2017.63
19 27 -2256.07
19 28 -2471.93
19 29 -2657.94
19 30 -2807.09
19 31 -2912.68
19 32 -2968.38
19 33 -2968.4
19 34 -2907.48
19 35 -2781.24
19 36 -2586.34
19 37 -2320.98
19 38 -1985.47
19 39 -1582.85
19 40 -1119.46
19 41 -605.503
19 42 -55.2228
19 43 513.058
19 44 1077.67
19 45 1614.42
19 46 2098.23
19 47 2504.73
19 48 2812.44
19 49 3004.3
19 50 3069.53
19 51 3004.3
19 52 2812.44
19 53 2504.73
19 54 2098.23
19 55 1614.42
19 56 1077.67
19 57 513.058
19 58 -55.2228
19 59 -605.503
19 60 -1119.46
19 61 -1582.85
19 62 -1985.47
19 63 -2320.98
19 64 -2586.34
19 65 -2781.24
19 66 -2907.48
19 67 -2968.4
19 68 -2968.38
19 69 -2912.68
19 70 -2807.09
19 71 -2657.94
19 72 -2471.93
19 73 -2256.07
19 74 -2017.63
19 75 -1763.9
19 76 -1502.16
19 77 -1239.37
19 78 -981.995
19 79 -735.827
19 80 -505.833
19 81 -295.961
19 82 -109.24
19 83 52.4753
19 84 188.184
19 85 297.894
19 86 382.313
19 87 442.829
19 88 481.261
19 89 499.792
19 90 500.723
19 91 486.476
19 92 459.339
19 93 421.543
19 94 375.071
19 95 321.733
19 96 263.091
19 97 200.5
19 98 135.13
19 99 67.9921
19 100 0

20 0 0
20 1 69.3215
20 2 137.425
20 3 203.03
20 4 264.786
20 5 321.177
20 6 370.567
20 7 411.1
20 8 440.798
20 9 457.497
20 10 458.973
20 11 442.939
20 12 407.223
20 13 349.776
20 14 268.951
20 15 163.447
20 16 32.7046
20 17 -123.245
20 18 -303.37
20 19 -505.833
20 20 -727.716
20 21 -965.207
20 22 -1213.58
20 23 -1467.32
20 24 -1720.38
20 25 -1966.25
20 26 -2198.29
20 27 -2409.86
20 28 -2594.58
20 29 -2746.33
20 30 -2859.53
20 31 -2928.97
20 32 -2949.91
20 33 -2918.02
20 34 -2829.51
20 35 -2681.04
20 36 -2470.2
20 37 -2195.73
20 38 -1858.04
20 39 -1459.95
20 40 -1007.22
20 41 -509.07
20 42 21.3942
20 43 567.304
20 44 1108.42
20 45 1622.15
20 46 2084.77
20 47 2473.36
20 48 2767.39
20 49 2950.75
20 50 3013.04
20 51 2950.75
20 52 2767.39
20 53 2473.36
20 54 2084.77
20 55 1622.15
20 56 1108.42
20 57 567.304
20 58 21.3942
20 59 -509.07
20 60 -1007.22
20 61 -1459.95
20 62 -1858.04
20 63 -2195.73
20 64 -2470.2
20 65 -2681.04
20 66 -2829.51
20 67 -2918.02
20 68 -2949.91
20 69 -2928.97
20 70 -2859.53
20 71 -2746.33
20 72 -2594.58
20 73 -2409.86
20 74 -2198.29
20 75 -1966.25
20 76 -1720.38
20 77 -1467.32
20 78 -1213.58
20 79 -965.207
20 80 -727.716
20 81 -505.833
20 82 -303.37
20 83 -123.245
20 84 32.7046
20 85 163.447
20 86 268.951
20 87 349.776
20 88 407.223
20 89 442.939
20 90 458.973
20 91 457.497
20 92 440.798
20 93 411.1
20 94 370.567
20 95 321.177
20 96 264.786
20 97 203.03
20 98 137.425
20 99 69.3215
20 100 0

21 0 0
21 1 68.332
21 2 135.039
21 3 198.476
21 4 256.889
21 5 308.471
21 6 351.246
21 7 383.187
21 8 402.102
21 9 405.832
21 10 392.131
21 11 358.957
21 12 304.363
21 13 226.821
21 14 125.185
21 15 -1.05792
21 16 -151.731
21 17 -325.827
21 18 -521.474
21 19 -735.827
21 20 -965.207
21 21 -1205.03
21 22 -1450.03
21 23 -1694.44
21 24 -1932.08
21 25 -2156.76
21 26 -2362.35
21 27 -2543.05
21 28 -2693.52
21 29 -2809.01
21 30 -2885.26
21 31 -2918.6
21 32 -2905.7
21 33 -2843.67
21 34 -2729.82
21 35 -2561.91
21 36 -2338.13
21 37 -2057.63
21 38 -1720.87
21 39 -1330.35
21 40 -891.139
21 41 -411.594
21 42 96.4265
21 43 617.408
21 44 1132.71
21 45 1621.19
21 46 2060.75
21 47 2429.74
21 48 2708.93
21 49 2882.95
21 50 2942.1
21 51 2882.95
21 52 2708.93
21 53 2429.74
21 54 2060.75
21 55 1621.19
21 56 1132.71
21 57 617.408
21 58 96.4265
21 59 -411.594
21 60 -891.139
21 61 -1330.35
21 62 -1720.87
21 63 -2057.63
21 64 -2338.13
21 65 -2561.91
21 66 -2729.82
21 67 -2843.67
21 68 -2905.7
21 69 -2918.6
21 70 -2885.26
21 71 -2809.01
21 72 -2693.52
21 73 -2543.05
21 74 -2362.35
21 75 -2156.76
21 76 -1932.08
21 77 -1694.44
21 78 -1450.03
21 79 -1205.03
21 80 -965.207
21 81 -735.827
21 82 -521.474
21 83 -325.827
21 84 -151.731
21 85 -1.05792
21 86 125.185
21 87 226.821
21 88 304.363
21 89 358.957
21 90 392.131
21 91 405.832
21 92 402.102
21 93 383.187
21 94 351.246
21 95 308.471
21 96 256.889
21 97 198.476
21 98 135.039
21 99 68.332
21 100 0

22 0 0
22 1 64.3183
22 2 126.612
22 3 184.821
22 4 236.866
22 5 280.572
22 6 313.768
22 7 334.176
22 8 339.603
22 9 327.825
22 10 296.841
22 11 244.802
22 12 170.264
22 13 72.1893
22 14 -49.8376
22 15 -195.585
22 16 -363.99
22 17 -553.19
22 18 -760.397
22 19 -981.995
22 20 -1213.58
22 21 -1450.03
22 22 -1685.83
22 23 -1915.05
22 24 -2131.84
22 25 -2330.42
22 26 -2505.46
22 27 -2652.13
22 28 -2766.32
22 29 -2844.51
22 30 -2883.89
22 31 -2882.14
22 32 -2837.26
22 33 -2747.51
22 34 -2611.28
22 35 -2426.99
22 36 -2193.45
22 37 -1909.99
22 38 -1577.03
22 39 -1196.71
22 40 -773.477
22 41 -314.72
22 42 168.836
22 43 663.057
22 44 1150.78
22 45 1612.48
22 46 2027.54
22 47 2375.79
22 48 2639.18
22 49 2803.37
22 50 2859.15
22 51 2803.37
22 52 2639.18
22 53 2375.79
22 54 2027.54
22 55 1612.48
22 56 1150.78
22 57 663.057
22 58 168.836
22 59 -314.72
22 60 -773.477
22 61 -1196.71
22 62 -1577.03
22 63 -1909.99
22 64 -2193.45
22 65 -2426.99
22 66 -2611.28
22 67 -2747.51
22 68 -2837.26
22 69 -2882.14
22 70 -2883.89
22 71 -2844.51
22 72 -2766.32
22 73 -2652.13
22 74 -2505.46
22 75 -2330.42
22 76 -2131.84
22 77 -1915.05
22 78 -1685.83
22 79 -1450.03
22 80 -1213.58
22 81 -981.995
22 82 -760.397
22 83 -553.19
22 84 -363.99
22 85 -195.585
22 86 -49.8376
22 87 72.1893
22 88 170.264
22 89 244.802
22 90 296.841
22 91 327.825
22 92 339.603
22 93 334.176
22 94 313.768
22 95 280.572
22 96 236.866
22 97 184.821
22 98 126.612
22 99 64.3183
22 100 0

23 0 0
23 1 56.6053
23 2 110.787
23 3 160.14
23 4 202.208
23 5 234.601
23 6 254.879
23 7 260.733
23 8 249.899
23 9 220.352
23 10 170.285
23 11 98.291
23 12 3.41293
23 13 -114.723
23 14 -255.802
23 15 -418.773
23 16 -601.734
23 17 -801.977
23 18 -1015.95
23 19 -1239.37
23 20 -1467.32
23 21 -1694.44
23 22 -1915.05
23 23 -2123.55
23 24 -2314.44
23 25 -2482.73
23 26 -2623.96
23 27 -2734.45
23 28 -2811.27
23 29 -2852.25
23 30 -2855.84
23 31 -2820.91
23 32 -2746.66
23 33 -2632.26
23 34 -2476.88
23 35 -2279.56
23 36 -2039.39
23 37 -1755.87
23 38 -1429.3
23 39 -1061.4
23 40 -656.018
23 41 -219.661
23 42 238.036
23 43 704.277
23 44 1163.31
23 45 1597.19
23 46 1986.86
23 47 2313.6
23 48 2560.62
23 49 2714.55
23 50 2766.85
23 51 2714.55
23 52 2560.62
23 53 2313.6
23 54 1986.86
23 55 1597.19
23 56 1163.31
23 57 704.277
23 58 238.036
23 59 -219.661
23 60 -656.018
23 61 -1061.4
23 62 -1429.3
23 63 -1755.87
23 64 -2039.39
23 65 -2279.56
23 66 -2476.88
23 67 -2632.26
23 68 -2746.66
23 69 -2820.91
23 70 -2855.84
23 71 -2852.25
23 72 -2811.27
23 73 -2734.45
23 74 -2623.96
23 75 -2482.73
23 76 -2314.44
23 77 -2123.55
23 78 -1915.05
23 79 -1694.44
23 80 -1467.32
23 81 -1239.37
23 82 -1015.95
23 83 -801.977
23 84 -601.734
23 85 -418.773
23 86 -255.802
23 87 -114.723
23 88 3.41293
23 89 98.291
23 90 170.285
23 91 220.352
23 92 249.899
23 93 260.733
23 94 254.879
23 95 234.601
23 96 202.208
23 97 160.14
23 98 110.787
23 99 56.6053
23 100 0

24 0 0
24 1 44.5335
24 2 86.313
24 3 122.592
24 4 150.681
24 5 167.94
24 6 171.856
24 7 160.065
24 8 130.436
24 9 81.152
24 10 10.7752
24 11 -81.616
24 12 -196.389
24 13 -333.199
24 14 -491.002
24 15 -667.909
24 16 -861.279
24 17 -1067.65
24 18 -1282.86
24 19 -1502.16
24 20 -1720.38
24 21 -1932.08
24 22 -2131.84
24 23 -2314.44
24 24 -2475.13
24 25 -2609.75
24 26 -2714.92
24 27 -2788.11
24 28 -2827.61
24 29 -2832.45
24 30 -2802.2
24 31 -2736.84
24 32 -2636.37
24 33 -2500.78
24 34 -2329.74
24 35 -2122.71
24 36 -1878.98
24 37 -1598.02
24 38 -1279.99
24 39 -926.272
24 40 -540.078
24 41 -127.154
24 42 303.899
24 43 741.488
24 44 1171.29
24 45 1576.86
24 46 1940.67
24 47 2245.48
24 48 2475.79
24 49 2619.29
24 50 2668.03
24 51 2619.29
24 52 2475.79
24 53 2245.48
24 54 1940.67
24 55 1576.86
24 56 1171.29
24 57 741.488
24 58 303.899
24 59 -127.154
24 60 -540.078
24 61 -926.272
24 62 -1279.99
24 63 -1598.02
24 64 -1878.98
24 65 -2122.71
24 66 -2329.74
24 67 -2500.78
24 68 -2636.37
24 69 -2736.84
24 70 -2802.2
24 71 -2832.45
24 72 -2827.61
24 73 -2788.11
24 74 -2714.92
24 75 -2609.75
24 76 -2475.13
24 77 -2314.44
24 78 -2131.84
24 79 -1932.08
24 80 -1720.38
24 81 -1502.16
24 82 -1282.86
24 83 -1067.65
24 84 -861.279
24 85 -667.909
24 86 -491.002
24 87 -333.199
24 88 -196.389
24 89 -81.616
24 90 10.7752
24 91 81.152
24 92 130.436
24 93 160.065
24 94 171.856
24 95 167.94
24 96 150.681
24 97 122.592
24 98 86.313
24 99 44.5335
24 100 0

25 0 0
25 1 27.5857
25 2 52.1744
25 3 70.7701
25 4 80.5414
25 5 78.6995
25 6 62.7589
25 7 30.4059
25 8 -20.2479
25 9 -90.7256
25 10 -181.985
25 11 -294.43
25 12 -427.741
25 13 -580.911
25 14 -752.113
25 15 -938.776
25 16 -1137.57
25 17 -1344.46
25 18 -1554.9
25 19 -1763.9
25 20 -1966.25
25 21 -2156.76
25 22 -2330.42
25 23 -2482.73
25 24 -2609.75
25 25 -2708.34
25 26 -2776.28
25 27 -2812.14
25 28 -2815.37
25 29 -2786.06
25 30 -2724.78
25 31 -2632.23
25 32 -2509.18
25 33 -2356.04
25 34 -2172.9
25 35 -1959.36
25 36 -1714.8
25 37 -1438.68
25 38 -1130.93
25 39 -792.579
25 40 -426.401
25 41 -37.3972
25 42 366.759
25 43 775.6
25 44 1176.1
25 45 1553.29
25 46 1891.18
25 47 2173.98
25 48 2387.52
25 49 2520.5
25 50 2565.67
25 51 2520.5
25 52 2387.52
25 53 2173.98
25 54 1891.18
25 55 1553.29
25 56 1176.1
25 57 775.6
25 58 366.759
25 59 -37.3972
25 60 -426.401
25 61 -792.579
25 62 -1130.93
25 63 -1438.68
25 64 -1714.8
25 65 -1959.36
25 66 -2172.9
25 67 -2356.04
25 68 -2509.18
25 69 -2632.23
25 70 -2724.78
25 71 -2786.06
25 72 -2815.37
25 73 -2812.14
25 74 -2776.28
25 75 -2708.34
25 76 -2609.75
25 77 -2482.73
25 78 -2330.42
25 79 -2156.76
25 80 -1966.25
25 81 -1763.9
25 82 -1554.9
25 83 -1344.46
25 84 -1137.57
25 85 -938.776
25 86 -752.113
25 87 -580.911
25 88 -427.741
25 89 -294.43
25 90 -181.985
25 91 -90.7256
25 92 -20.2479
25 93 30.4059
25 94 62.7589
25 95 78.6995
25 96 80.5414
25 97 70.7701
25 98 52.1744
25 99 27.5857
25 100 0

26 0 0
26 1 5.45216
26 2 7.7683
26 3 3.88988
26 4 -9.12902
26 5 -33.9775
26 6 -73.1338
26 7 -128.599
26 8 -202.062
26 9 -294.519
26 10 -406.514
26 11 -537.773
26 12 -687.394
26 13 -853.657
26 14 -1034.1
26 15 -1225.56
26 16 -1424.17
26 17 -1625.61
26 18 -1825.06
26 19 -2017.63
26 20 -2198.29
26 21 -2362.35
26 22 -2505.46
26 23 -2623.96
26 24 -2714.92
26 25 -2776.28
26 26 -2806.9
26 27 -2806.46
26 28 -2775.42
26 29 -2714.75
26 30 -2625.75
26 31 -2509.76
26 32 -2367.93
26 33 -2200.95
26 34 -2009.07
26 35 -1791.96
26 36 -1549
26 37 -1279.48
26 38 -983.256
26 39 -661.02
26 40 -315.133
26 41 49.9944
26 42 427.492
26 43 807.925
26 44 1179.5
26 45 1528.65
26 46 1840.88
26 47 2101.88
26 48 2298.76
26 49 2421.3
26 50 2462.9
26 51 2421.3
26 52 2298.76
26 53 2101.88
26 54 1840.88
26 55 1528.65
26 56 1179.5
26 57 807.925
26 58 427.492
26 59 49.9944
26 60 -315.133
26 61 -661.02
26 62 -983.256
26 63 -1279.48
26 64 -1549
26 65 -1791.96
26 66 -2009.07
26 67 -2200.95
26 68 -2367.93
26 69 -2509.76
26 70 -2625.75
26 71 -2714.75
26 72 -2775.42
26 73 -2806.46
26 74 -2806.9
26 75 -2776.28
26 76 -2714.92
26 77 -2623.96
26 78 -2505.46
26 79 -2362.35
26 80 -2198.29
26 81 -2017.63
26 82 -1825.06
26 83 -1625.61
26 84 -1424.17
26 85 -1225.56
26 86 -1034.1
26 87 -853.657
26 88 -687.394
26 89 -537.773
26 90 -406.514
26 91 -294.519
26 92 -202.062
26 93 -128.599
26 94 -73.1338
26 95 -33.9775
26 96 -9.12902
26 97 3.88988
26 98 7.7683
26 99 5.45216
26 100 0

27 0 0
27 1 -21.9032
27 2 -46.8921
27 3 -78.0232
27 4 -118.058
27 5 -169.633
27 6 -234.862
27 7 -315.554
27 8 -412.863
27 9 -527.414
27 10 -659.109
27 11 -807.145
27 12 -969.976
27 13 -1145.31
27 14 -1330.17
27 15 -1520.92
27 16 -1713.47
27 17 -1903.28
27 18 -2085.73
27 19 -2256.07
27 20 -2409.86
27 21 -2543.05
27 22 -2652.13
27 23 -2734.45
27 24 -2788.11
27 25 -2812.14
27 26 -2806.46
27 27 -2771.72
27 28 -2709.2
27 29 -2620.59
27 30 -2507.68
27 31 -2372.15
27 32 -2215.36
27 33 -2038.09
27 34 -1840.59
27 35 -1622.47
27 36 -1383.03
27 37 -1121.51
27 38 -837.503
27 39 -531.603
27 40 -205.821
27 41 135.912
27 42 487.408
27 43 840.168
27 44 1183.56
27 45 1505.36
27 46 1792.48
27 47 2032.09
27 48 2212.62
27 49 2324.89
27 50 2363
27 51 2324.89
27 52 2212.62
27 53 2032.09
27 54 1792.48
27 55 1505.36
27 56 1183.56
27 57 840.168
27 58 487.408
27 59 135.912
27 60 -205.821
27 61 -531.603
27 62 -837.503
27 63 -1121.51
27 64 -1383.03
27 65 -1622.47
27 66 -1840.59
27 67 -2038.09
27 68 -2215.36
27 69 -2372.15
27 70 -2507.68
27 71 -2620.59
27 72 -2709.2
27 73 -2771.72
27 74 -2806.46
27 75 -2812.14
27 76 -2788.11
27 77 -2734.45
27 78 -2652.13
27 79 -2543.05
27 80 -2409.86
27 81 -2256.07
27 82 -2085.73
27 83 -1903.28
27 84 -1713.47
27 85 -1520.92
27 86 -1330.17
27 87 -1145.31
27 88 -969.976
27 89 -807.145
27 90 -659.109
27 91 -527.414
27 92 -412.863
27 93 -315.554
27 94 -234.862
27 95 -169.633
27 96 -118.058
27 97 -78.0232
27 98 -46.8921
27 99 -21.9032
27 100 0

28 0 0
28 1 -54.1206
28 2 -111.122
28 3 -173.786
28 4 -244.663
28 5 -325.998
28 6 -419.611
28 7 -526.798
28 8 -648.301
28 9 -784.147
28 10 -933.738
28 11 -1095.68
28 12 -1267.92
28 13 -1447.7
28 14 -1631.69
28 15 -1816.06
28 16 -1996.6
28 17 -2168.98
28 18 -2328.8
28 19 -2471.93
28 20 -2594.58
28 21 -2693.52
28 22 -2766.32
28 23 -2811.27
28 24 -2827.61
28 25 -2815.37
28 26 -2775.42
28 27 -2709.2
28 28 -2618.67
28 29 -2505.94
28 30 -2373.09
28 31 -2221.98
28 32 -2053.91
28 33 -1869.64
28 34 -1669.22
28 35 -1452.22
28 36 -1217.75
28 37 -965.007
28 38 -693.525
28 39 -403.729
28 40 -97.4476
28 41 221.746
28 42 548.288
28 43 874.446
28 44 1190.69
28 45 1486.03
28 46 1748.85
28 47 1967.69
28 48 2132.33
28 49 2234.58
28 50 2269.27
28 51 2234.58
28 52 2132.33
28 53 1967.69
28 54 1748.85
28 55 1486.03
28 56 1190.69
28 57 874.446
28 58 548.288
28 59 221.746
28 60 -97.4476
28 61 -403.729
28 62 -693.525
28 63 -965.007
28 64 -1217.75
28 65 -1452.22
28 66 -1669.22
28 67 -1869.64
28 68 -2053.91
28 69 -2221.98
28 70 -2373.09
28 71 -2505.94
28 72 -2618.67
28 73 -2709.2
28 74 -2775.42
28 75 -2815.37
28 76 -2827.61
28 77 -2811.27
28 78 -2766.32
28 79 -2693.52
28 80 -2594.58
28 81 -2471.93
28 82 -2328.8
28 83 -2168.98
28 84 -1996.6
28 85 -1816.06
28 86 -1631.69
28 87 -1447.7
28 88 -1267.92
28 89 -1095.68
28 90 -933.738
28 91 -784.147
28 92 -648.301
28 93 -526.798
28 94 -419.611
28 95 -325.998
28 96 -244.663
28 97 -173.786
28 98 -111.122
28 99 -54.1206
28 100 0

29 0 0
29 1 -90.4133
29 2 -183.303
29 3 -280.993
29 4 -385.631
29 5 -498.937
29 6 -622.268
29 7 -756.368
29 8 -901.43
29 9 -1056.96
29 10 -1221.8
