0 0 0
0 1 0
0 2 0
0 3 0
0 4 0
0 5 0
0 6 0
0 7 0
0 8 0
0 9 0
0 10 0
0 11 0
0 12 0
0 13 0
0 14 0
0 15 0
0 16 0
0 17 0
0 18 0
0 19 0
0 20 0
0 21 0
0 22 0
0 23 0
0 24 0
0 25 0
0 26 0
0 27 0
0 28 0
0 29 0
0 30 0
0 31 0
0 32 0
0 33 0
0 34 0
0 35 0
0 36 0
0 37 0
0 38 0
0 39 0
0 40 0
0 41 0
0 42 0
0 43 0
0 44 0
0 45 0
0 46 0
0 47 0
0 48 0
0 49 0
0 50 0
0 51 0
0 52 0
0 53 0
0 54 0
0 55 0
0 56 0
0 57 0
0 58 0
0 59 0
0 60 0
0 61 0
0 62 0
0 63 0
0 64 0
0 65 0
0 66 0
0 67 0
0 68 0
0 69 0
0 70 0
0 71 0
0 72 0
0 73 0
0 74 0
0 75 0
0 76 0
0 77 0
0 78 0
0 79 0
0 80 0
0 81 0
0 82 0
0 83 0
0 84 0
0 85 0
0 86 0
0 87 0
0 88 0
0 89 0
0 90 0
0 91 0
0 92 0
0 93 0
0 94 0
0 95 0
0 96 0
0 97 0
0 98 0
0 99 0
0 100 0

1 0 0
1 1 -44.4345
1 2 -88.7363
1 3 -132.697
1 4 -176.044
1 5 -218.366
1 6 -259.096
1 7 -297.537
1 8 -332.855
1 9 -364.132
1 10 -390.348
1 11 -410.521
1 12 -423.707
1 13 -429.057
1 14 -425.944
1 15 -413.954
1 16 -392.849
1 17 -362.731
1 18 -323.947
1 19 -277.148
1 20 -223.103
1 21 -162.833
1 22 -97.5558
1 23 -28.4653
1 24 43.1051
1 25 115.898
1 26 188.694
1 27 260.365
1 28 329.914
1 29 396.48
1 30 459.381
1 31 518.069
1 32 572.194
1 33 621.514
1 34 665.969
1 35 705.577
1 36 740.492
1 37 770.925
1 38 797.167
1 39 819.541
1 40 838.401
1 41 854.115
1 42 867.038
1 43 877.531
1 44 885.905
1 45 892.47
1 46 897.469
1 47 901.134
1 48 903.619
1 49 905.068
1 50 905.536
1 51 905.068
1 52 903.619
1 53 901.134
1 54 897.469
1 55 892.47
1 56 885.905
1 57 877.531
1 58 867.038
1 59 854.115
1 60 838.401
1 61 819.541
1 62 797.167
1 63 770.925
1 64 740.492
1 65 705.577
1 66 665.969
1 67 621.514
1 68 572.194
1 69 518.069
1 70 459.381
1 71 396.48
1 72 329.914
1 73 260.365
1 74 188.694
1 75 115.898
1 76 43.1051
1 77 -28.4653
1 78 -97.5558
1 79 -162.833
1 80 -223.103
1 81 -277.148
1 82 -323.947
1 83 -362.731
1 84 -392.849
1 85 -413.954
1 86 -425.944
1 87 -429.057
1 88 -423.707
1 89 -410.521
1 90 -390.348
1 91 -364.132
1 92 -332.855
1 93 -297.537
1 94 -259.096
1 95 -218.366
1 96 -176.044
1 97 -132.697
1 98 -88.7363
1 99 -44.4345
1 100 0

2 0 0
2 1 -88.7363
2 2 -177.128
2 3 -264.698
2 4 -350.844
2 5 -434.705
2 6 -515.147
2 7 -590.763
2 8 -659.903
2 9 -720.72
2 10 -771.275
2 11 -809.659
2 12 -834.119
2 13 -843.037
2 14 -835.253
2 15 -809.97
2 16 -766.911
2 17 -706.307
2 18 -628.914
2 19 -535.96
2 20 -429.145
2 21 -310.482
2 22 -182.222
2 23 -46.8847
2 24 93.0327
2 25 235.092
2 26 376.896
2 27 516.317
2 28 651.428
2 29 780.6
2 30 902.534
2 31 1016.21
2 32 1120.96
2 33 1216.36
2 34 1302.31
2 35 1378.86
2 36 1446.31
2 37 1505.11
2 38 1555.81
2 39 1599.03
2 40 1635.48
2 41 1665.86
2 42 1690.86
2 43 1711.16
2 44 1727.38
2 45 1740.1
2 46 1749.79
2 47 1756.9
2 48 1761.73
2 49 1764.54
2 50 1765.46
2 51 1764.54
2 52 1761.73
2 53 1756.9
2 54 1749.79
2 55 1740.1
2 56 1727.38
2 57 1711.16
2 58 1690.86
2 59 1665.86
2 60 1635.48
2 61 1599.03
2 62 1555.81
2 63 1505.11
2 64 1446.31
2 65 1378.86
2 66 1302.31
2 67 1216.36
2 68 1120.96
2 69 1016.21
2 70 902.534
2 71 780.6
2 72 651.428
2 73 516.317
2 74 376.896
2 75 235.092
2 76 93.0327
2 77 -46.8847
2 78 -182.222
2 79 -310.482
2 80 -429.145
2 81 -535.96
2 82 -628.914
2 83 -706.307
2 84 -766.911
2 85 -809.97
2 86 -835.253
2 87 -843.037
2 88 -834.119
2 89 -809.659
2 90 -771.275
2 91 -720.72
2 92 -659.903
2 93 -590.763
2 94 -515.147
2 95 -434.705
2 96 -350.844
2 97 -264.698
2 98 -177.128
2 99 -88.7363
2 100 0

3 0 0
3 1 -132.697
3 2 -264.698
3 3 -395.161
3 4 -523.024
3 5 -646.903
3 6 -765.025
3 7 -875.288
3 8 -975.245
3 9 -1062.26
3 10 -1133.56
3 11 -1186.47
3 12 -1218.51
3 13 -1227.58
3 14 -1212.12
3 15 -1171.22
3 16 -1104.61
3 17 -1012.86
3 18 -897.176
3 19 -759.573
3 20 -602.513
3 21 -428.983
3 22 -242.42
3 23 -46.2778
3 24 155.779
3 25 360.25
3 26 563.835
3 27 763.479
3 28 956.542
3 29 1140.77
3 30 1314.37
3 31 1475.99
3 32 1624.72
3 33 1760.06
3 34 1881.85
3 35 1990.28
3 36 2085.79
3 37 2169.01
3 38 2240.76
3 39 2301.96
3 40 2353.58
3 41 2396.62
3 42 2432.07
3 43 2460.89
3 44 2483.94
3 45 2502.03
3 46 2515.84
3 47 2525.97
3 48 2532.87
3 49 2536.88
3 50 2538.19
3 51 2536.88
3 52 2532.87
3 53 2525.97
3 54 2515.84
3 55 2502.03
3 56 2483.94
3 57 2460.89
3 58 2432.07
3 59 2396.62
3 60 2353.58
3 61 2301.96
3 62 2240.76
3 63 2169.01
3 64 2085.79
3 65 1990.28
3 66 1881.85
3 67 1760.06
3 68 1624.72
3 69 1475.99
3 70 1314.37
3 71 1140.77
3 72 956.542
3 73 763.479
3 74 563.835
3 75 360.25
3 76 155.779
3 77 -46.2778
3 78 -242.42
3 79 -428.983
3 80 -602.513
3 81 -759.573
3 82 -897.176
3 83 -1012.86
3 84 -1104.61
3 85 -1171.22
3 86 -1212.12
3 87 -1227.58
3 88 -1218.51
3 89 -1186.47
3 90 -1133.56
3 91 -1062.26
3 92 -975.245
3 93 -875.288
3 94 -765.025
3 95 -646.903
3 96 -523.024
3 97 -395.161
3 98 -264.698
3 99 -132.697
3 100 0

4 0 0
4 1 -176.044
4 2 -350.844
4 3 -523.024
4 4 -690.92
4 5 -852.496
4 6 -1005.33
4 7 -1146.58
4 8 -1273.1
4 9 -1381.51
4 10 -1468.46
4 11 -1530.63
4 12 -1565.16
4 13 -1569.66
4 14 -1542.5
4 15 -1482.79
4 16 -1390.65
4 17 -1267.01
4 18 -1113.84
4 19 -933.764
4 20 -730.207
4 21 -507.123
4 22 -268.74
4 23 -19.6348
4 24 235.765
4 25 493.085
4 26 748.261
4 27 997.658
4 28 1238.07
4 29 1466.87
4 30 1681.94
4 31 1881.77
4 32 2065.32
4 33 2232.1
4 34 2382.01
4 35 2515.36
4 36 2632.73
4 37 2734.99
4 38 2823.14
4 39 2898.34
4 40 2961.81
4 41 3014.78
4 42 3058.46
4 43 3094
4 44 3122.48
4 45 3144.86
4 46 3161.98
4 47 3174.56
4 48 3183.14
4 49 3188.12
4 50 3189.76
4 51 3188.12
4 52 3183.14
4 53 3174.56
4 54 3161.98
4 55 3144.86
4 56 3122.48
4 57 3094
4 58 3058.46
4 59 3014.78
4 60 2961.81
4 61 2898.34
4 62 2823.14
4 63 2734.99
4 64 2632.73
4 65 2515.36
4 66 2382.01
4 67 2232.1
4 68 2065.32
4 69 1881.77
4 70 1681.94
4 71 1466.87
4 72 1238.07
4 73 997.658
4 74 748.261
4 75 493.085
4 76 235.765
4 77 -19.6348
4 78 -268.74
4 79 -507.123
4 80 -730.207
4 81 -933.764
4 82 -1113.84
4 83 -1267.01
4 84 -1390.65
4 85 -1482.79
4 86 -1542.5
4 87 -1569.66
4 88 -1565.16
4 89 -1530.63
4 90 -1468.46
4 91 -1381.51
4 92 -1273.1
4 93 -1146.58
4 94 -1005.33
4 95 -852.496
4 96 -690.92
4 97 -523.024
4 98 -350.844
4 99 -176.044
4 100 0

5 0 0
5 1 -218.366
5 2 -434.705
5 3 -646.903
5 4 -852.496
5 5 -1048.71
5 6 -1232.37
5 7 -1399.96
5 8 -1547.66
5 9 -1671.57
5 10 -1767.84
5 11 -1832.95
5 12 -1863.83
5 13 -1858.24
5 14 -1814.65
5 15 -1732.65
5 16 -1612.83
5 17 -1456.92
5 18 -1267.49
5 19 -1048.08
5 20 -802.973
5 21 -536.929
5 22 -255.061
5 23 37.4345
5 24 335.37
5 25 633.843
5 26 928.354
5 27 1214.86
5 28 1489.95
5 29 1750.8
5 30 1995.24
5 31 2221.72
5 32 2429.28
5 33 2617.5
5 34 2786.42
5 35 2936.49
5 36 3068.48
5 37 3183.41
5 38 3282.5
5 39 3367.06
5 40 3438.48
5 41 3498.14
5 42 3547.41
5 43 3587.56
5 44 3619.81
5 45 3645.2
5 46 3664.68
5 47 3679
5 48 3688.8
5 49 3694.49
5 50 3696.36
5 51 3694.49
5 52 3688.8
5 53 3679
5 54 3664.68
5 55 3645.2
5 56 3619.81
5 57 3587.56
5 58 3547.41
5 59 3498.14
5 60 3438.48
5 61 3367.06
5 62 3282.5
5 63 3183.41
5 64 3068.48
5 65 2936.49
5 66 2786.42
5 67 2617.5
5 68 2429.28
5 69 2221.72
5 70 1995.24
5 71 1750.8
5 72 1489.95
5 73 1214.86
5 74 928.354
5 75 633.843
5 76 335.37
5 77 37.4345
5 78 -255.061
5 79 -536.929
5 80 -802.973
5 81 -1048.08
5 82 -1267.49
5 83 -1456.92
5 84 -1612.83
5 85 -1732.65
5 86 -1814.65
5 87 -1858.24
5 88 -1863.83
5 89 -1832.95
5 90 -1767.84
5 91 -1671.57
5 92 -1547.66
5 93 -1399.96
5 94 -1232.37
5 95 -1048.71
5 96 -852.496
5 97 -646.903
5 98 -434.705
5 99 -218.366
5 100 0

6 0 0
6 1 -259.096
6 2 -515.147
6 3 -765.025
6 4 -1005.33
6 5 -1232.37
6 6 -1442.22
6 7 -1630.62
6 8 -1793.28
6 9 -1925.9
6 10 -2024.52
6 11 -2085.56
6 12 -2106.24
6 13 -2084.6
6 14 -2019.82
6 15 -1912.08
6 16 -1762.89
6 17 -1574.68
6 18 -1351.05
6 19 -1096.38
6 20 -815.706
6 21 -514.578
6 22 -198.684
6 23 126.206
6 24 454.615
6 25 781.298
6 26 1101.6
6 27 1411.48
6 28 1707.47
6 29 1986.89
6 30 2247.68
6 31 2488.49
6 32 2708.51
6 33 2907.54
6 34 3085.8
6 35 3243.93
6 36 3382.87
6 37 3503.79
6 38 3608.03
6 39 3697.03
6 40 3772.26
6 41 3835.19
6 42 3887.26
6 43 3929.78
6 44 3964.02
6 45 3991.04
6 46 4011.83
6 47 4027.15
6 48 4037.65
6 49 4043.76
6 50 4045.78
6 51 4043.76
6 52 4037.65
6 53 4027.15
6 54 4011.83
6 55 3991.04
6 56 3964.02
6 57 3929.78
6 58 3887.26
6 59 3835.19
6 60 3772.26
6 61 3697.03
6 62 3608.03
6 63 3503.79
6 64 3382.87
6 65 3243.93
6 66 3085.8
6 67 2907.54
6 68 2708.51
6 69 2488.49
6 70 2247.68
6 71 1986.89
6 72 1707.47
6 73 1411.48
6 74 1101.6
6 75 781.298
6 76 454.615
6 77 126.206
6 78 -198.684
6 79 -514.578
6 80 -815.706
6 81 -1096.38
6 82 -1351.05
6 83 -1574.68
6 84 -1762.89
6 85 -1912.08
6 86 -2019.82
6 87 -2084.6
6 88 -2106.24
6 89 -2085.56
6 90 -2024.52
6 91 -1925.9
6 92 -1793.28
6 93 -1630.62
6 94 -1442.22
6 95 -1232.37
6 96 -1005.33
6 97 -765.025
6 98 -515.147
6 99 -259.096
6 100 0

7 0 0
7 1 -297.537
7 2 -590.763
7 3 -875.288
7 4 -1146.58
7 5 -1399.96
7 6 -1630.62
7 7 -1833.74
7 8 -2004.59
7 9 -2138.78
7 10 -2232.37
7 11 -2282.24
7 12 -2286.1
7 13 -2242.83
7 14 -2152.41
7 15 -2016.17
7 16 -1836.48
7 17 -1616.96
7 18 -1362.08
7 19 -1077.08
7 20 -767.785
7 21 -440.276
7 22 -100.669
7 23 245.062
7 24 591.241
7 25 932.774
7 26 1265.09
7 27 1584.36
7 28 1887.47
7 29 2172.01
7 30 2436.29
7 31 2679.25
7 32 2900.44
7 33 3099.9
7 34 3278.12
7 35 3435.91
7 36 3574.37
7 37 3694.79
7 38 3798.6
7 39 3887.28
7 40 3962.32
7 41 4025.2
7 42 4077.34
7 43 4120.04
7 44 4154.5
7 45 4181.81
7 46 4202.87
7 47 4218.44
7 48 4229.14
7 49 4235.38
7 50 4237.43
7 51 4235.38
7 52 4229.14
7 53 4218.44
7 54 4202.87
7 55 4181.81
7 56 4154.5
7 57 4120.04
7 58 4077.34
7 59 4025.2
7 60 3962.32
7 61 3887.28
7 62 3798.6
7 63 3694.79
7 64 3574.37
7 65 3435.91
7 66 3278.12
7 67 3099.9
7 68 2900.44
7 69 2679.25
7 70 2436.29
7 71 2172.01
7 72 1887.47
7 73 1584.36
7 74 1265.09
7 75 932.774
7 76 591.241
7 77 245.062
7 78 -100.669
7 79 -440.276
7 80 -767.785
7 81 -1077.08
7 82 -1362.08
7 83 -1616.96
7 84 -1836.48
7 85 -2016.17
7 86 -2152.41
7 87 -2242.83
7 88 -2286.1
7 89 -2282.24
7 90 -2232.37
7 91 -2138.78
7 92 -2004.59
7 93 -1833.74
7 94 -1630.62
7 95 -1399.96
7 96 -1146.58
7 97 -875.288
7 98 -590.763
7 99 -297.537
7 100 0

8 0 0
8 1 -332.855
8 2 -659.903
8 3 -975.245
8 4 -1273.1
8 5 -1547.66
8 6 -1793.28
8 7 -2004.59
8 8 -2176.67
8 9 -2305.16
8 10 -2386.61
8 11 -2418.51
8 12 -2399.61
8 13 -2329.76
8 14 -2210.3
8 15 -2043.65
8 16 -1833.55
8 17 -1584.65
8 18 -1302.44
8 19 -993.012
8 20 -662.734
8 21 -318.06
8 22 34.6609
8 23 389.511
8 24 741.041
8 25 1084.4
8 26 1415.52
8 27 1731.03
8 28 2028.33
8 29 2305.56
8 30 2561.51
8 31 2795.58
8 32 3007.71
8 33 3198.27
8 34 3368.02
8 35 3517.96
8 36 3649.33
8 37 3763.5
8 38 3861.9
8 39 3946.02
8 40 4017.3
8 41 4077.16
8 42 4126.9
8 43 4167.79
8 44 4200.9
8 45 4227.24
8 46 4247.61
8 47 4262.75
8 48 4273.16
8 49 4279.26
8 50 4281.25
8 51 4279.26
8 52 4273.16
8 53 4262.75
8 54 4247.61
8 55 4227.24
8 56 4200.9
8 57 4167.79
8 58 4126.9
8 59 4077.16
8 60 4017.3
8 61 3946.02
8 62 3861.9
8 63 3763.5
8 64 3649.33
8 65 3517.96
8 66 3368.02
8 67 3198.27
8 68 3007.71
8 69 2795.58
8 70 2561.51
8 71 2305.56
8 72 2028.33
8 73 1731.03
8 74 1415.52
8 75 1084.4
8 76 741.041
8 77 389.511
8 78 34.6609
8 79 -318.06
8 80 -662.734
8 81 -993.012
8 82 -1302.44
8 83 -1584.65
8 84 -1833.55
8 85 -2043.65
8 86 -2210.3
8 87 -2329.76
8 88 -2399.61
8 89 -2418.51
8 90 -2386.61
8 91 -2305.16
8 92 -2176.67
8 93 -2004.59
8 94 -1793.28
8 95 -1547.66
8 96 -1273.1
8 97 -975.245
8 98 -659.903
8 99 -332.855
8 100 0

9 0 0
9 1 -364.132
9 2 -720.72
9 3 -1062.26
9 4 -1381.51
9 5 -1671.57
9 6 -1925.9
9 7 -2138.78
9 8 -2305.16
9 9 -2421.11
9 10 -2483.84
9 11 -2491.95
9 12 -2445.27
9 13 -2345.22
9 14 -2194.43
9 15 -1996.98
9 16 -1757.74
9 17 -1482.61
9 18 -1178.04
9 19 -850.783
9 20 -507.637
9 21 -155.218
9 22 200.225
9 23 553.035
9 24 898.214
9 25 1231.57
9 26 1549.62
9 27 1849.73
9 28 2130.02
9 29 2389.24
9 30 2626.85
9 31 2842.74
9 32 3037.31
9 33 3211.29
9 34 3365.67
9 35 3501.65
9 36 3620.56
9 37 3723.79
9 38 3812.75
9 39 3888.87
9 40 3953.47
9 41 4007.86
9 42 4053.21
9 43 4090.62
9 44 4121.04
9 45 4145.35
9 46 4164.23
9 47 4178.32
9 48 4188.04
9 49 4193.75
9 50 4195.62
9 51 4193.75
9 52 4188.04
9 53 4178.32
9 54 4164.23
9 55 4145.35
9 56 4121.04
9 57 4090.62
9 58 4053.21
9 59 4007.86
9 60 3953.47
9 61 3888.87
9 62 3812.75
9 63 3723.79
9 64 3620.56
9 65 3501.65
9 66 3365.67
9 67 3211.29
9 68 3037.31
9 69 2842.74
9 70 2626.85
9 71 2389.24
9 72 2130.02
9 73 1849.73
9 74 1549.62
9 75 1231.57
9 76 898.214
9 77 553.035
9 78 200.225
9 79 -155.218
9 80 -507.637
9 81 -850.783
9 82 -1178.04
9 83 -1482.61
9 84 -1757.74
9 85 -1996.98
9 86 -2194.43
9 87 -2345.22
9 88 -2445.27
9 89 -2491.95
9 90 -2483.84
9 91 -2421.11
9 92 -2305.16
9 93 -2138.78
9 94 -1925.9
9 95 -1671.57
9 96 -1381.51
9 97 -1062.26
9 98 -720.72
9 99 -364.132
9 100 0

10 0 0
10 1 -390.348
10 2 -771.275
10 3 -1133.56
10 4 -1468.46
10 5 -1767.84
10 6 -2024.52
10 7 -2232.37
10 8 -2386.61
10 9 -2483.84
10 10 -2522.35
10 11 -2501.89
10 12 -2423.98
10 13 -2291.52
10 14 -2108.95
10 15 -1881.65
10 16 -1616.01
10 17 -1319.02
10 18 -997.951
10 19 -660.027
10 20 -312.303
10 21 38.7025
10 22 387.064
10 23 727.682
10 24 1056.26
10 25 1369.35
10 26 1664.41
10 27 1939.59
10 28 2193.83
10 29 2426.68
10 30 2638.18
10 31 2828.86
10 32 2999.51
10 33 3151.21
10 34 3285.18
10 35 3402.77
10 36 3505.33
10 37 3594.27
10 38 3670.9
10 39 3736.53
10 40 3792.35
10 41 3839.49
10 42 3878.95
10 43 3911.65
10 44 3938.38
10 45 3959.84
10 46 3976.61
10 47 3989.17
10 48 3997.87
10 49 4002.99
10 50 4004.68
10 51 4002.99
10 52 3997.87
10 53 3989.17
10 54 3976.61
10 55 3959.84
10 56 3938.38
10 57 3911.65
10 58 3878.95
10 59 3839.49
10 60 3792.35
10 61 3736.53
10 62 3670.9
10 63 3594.27
10 64 3505.33
10 65 3402.77
10 66 3285.18
10 67 3151.21
10 68 2999.51
10 69 2828.86
10 70 2638.18
10 71 2426.68
10 72 2193.83
10 73 1939.59
10 74 1664.41
10 75 1369.35
10 76 1056.26
10 77 727.682
10 78 387.064
10 79 38.7025
10 80 -312.303
10 81 -660.027
10 82 -997.951
10 83 -1319.02
10 84 -1616.01
10 85 -1881.65
10 86 -2108.95
10 87 -2291.52
10 88 -2423.98
10 89 -2501.89
10 90 -2522.35
10 91 -2483.84
10 92 -2386.61
10 93 -2232.37
10 94 -2024.52
10 95 -1767.84
10 96 -1468.46
10 97 -1133.56
10 98 -771.275
10 99 -390.348
10 100 0

11 0 0
11 1 -410.521
11 2 -809.659
11 3 -1186.47
11 4 -1530.63
11 5 -1832.95
11 6 -2085.56
11 7 -2282.24
11 8 -2418.51
11 9 -2491.95
11 10 -2501.89
11 11 -2449.8
11 12 -2338.76
11 13 -2173.61
11 14 -1960.28
11 15 -1705.82
11 16 -1417.92
11 17 -1104.5
11 18 -773.458
11 19 -432.4
11 20 -88.2459
11 21 252.744
11 22 585.273
11 23 904.934
11 24 1208.36
11 25 1493.08
11 26 1757.44
11 27 2000.61
11 28 2222.34
11 29 2422.95
11 30 2603.16
11 31 2763.98
11 32 2906.66
11 33 3032.54
11 34 3143.03
11 35 3239.54
11 36 3323.47
11 37 3396.1
11 38 3458.7
11 39 3512.36
11 40 3558.15
11 41 3596.94
11 42 3629.59
11 43 3656.79
11 44 3679.18
11 45 3697.25
11 46 3711.47
11 47 3722.17
11 48 3729.62
11 49 3734.01
11 50 3735.47
11 51 3734.01
11 52 3729.62
11 53 3722.17
11 54 3711.47
11 55 3697.25
11 56 3679.18
11 57 3656.79
11 58 3629.59
11 59 3596.94
11 60 3558.15
11 61 3512.36
11 62 3458.7
11 63 3396.1
11 64 3323.47
11 65 3239.54
11 66 3143.03
11 67 3032.54
11 68 2906.66
11 69 2763.98
11 70 2603.16
11 71 2422.95
11 72 2222.34
11 73 2000.61
11 74 1757.44
11 75 1493.08
11 76 1208.36
11 77 904.934
11 78 585.273
11 79 252.744
11 80 -88.2459
11 81 -432.4
11 82 -773.458
11 83 -1104.5
11 84 -1417.92
11 85 -1705.82
11 86 -1960.28
11 87 -2173.61
11 88 -2338.76
11 89 -2449.8
11 90 -2501.89
11 91 -2491.95
11 92 -2418.51
11 93 -2282.24
11 94 -2085.56
11 95 -1832.95
11 96 -1530.63
11 97 -1186.47
11 98 -809.659
11 99 -410.521
11 100 0

12 0 0
12 1 -423.707
12 2 -834.119
12 3 -1218.51
12 4 -1565.16
12 5 -1863.83
12 6 -2106.24
12 7 -2286.1
12 8 -2399.61
12 9 -2445.27
12 10 -2423.98
12 11 -2338.76
12 12 -2194.68
12 13 -1998.16
12 14 -1756.94
12 15 -1479.52
12 16 -1174.71
12 17 -851.157
12 18 -517.218
12 19 -180.475
12 20 152.357
12 21 475.647
12 22 784.851
12 23 1076.53
12 24 1348.28
12 25 1598.69
12 26 1827.16
12 27 2033.73
12 28 2219.04
12 29 2384.14
12 30 2530.3
12 31 2659.06
12 32 2771.92
12 33 2870.5
12 34 2956.31
12 35 3030.77
12 36 3095.25
12 37 3150.91
12 38 3198.88
12 39 3240.07
12 40 3275.34
12 41 3305.38
12 42 3330.83
12 43 3352.18
12 44 3369.9
12 45 3384.32
12 46 3395.75
12 47 3404.41
12 48 3410.48
12 49 3414.07
12 50 3415.26
12 51 3414.07
12 52 3410.48
12 53 3404.41
12 54 3395.75
12 55 3384.32
12 56 3369.9
12 57 3352.18
12 58 3330.83
12 59 3305.38
12 60 3275.34
12 61 3240.07
12 62 3198.88
12 63 3150.91
12 64 3095.25
12 65 3030.77
12 66 2956.31
12 67 2870.5
12 68 2771.92
12 69 2659.06
12 70 2530.3
12 71 2384.14
12 72 2219.04
12 73 2033.73
12 74 1827.16
12 75 1598.69
12 76 1348.28
12 77 1076.53
12 78 784.851
12 79 475.647
12 80 152.357
12 81 -180.475
12 82 -517.218
12 83 -851.157
12 84 -1174.71
12 85 -1479.52
12 86 -1756.94
12 87 -1998.16
12 88 -2194.68
12 89 -2338.76
12 90 -2423.98
12 91 -2445.27
12 92 -2399.61
12 93 -2286.1
12 94 -2106.24
12 95 -1863.83
12 96 -1565.16
12 97 -1218.51
12 98 -834.119
12 99 -423.707
12 100 0

13 0 0
13 1 -429.057
13 2 -843.037
13 3 -1227.58
13 4 -1569.66
13 5 -1858.24
13 6 -2084.6
13 7 -2242.83
13 8 -2329.76
13 9 -2345.22
13 10 -2291.52
13 11 -2173.61
13 12 -1998.16
13 13 -1773.47
13 14 -1508.84
13 15 -1213.97
13 16 -898.517
13 17 -571.758
13 18 -242.067
13 19 83.108
13 20 397.676
13 21 696.71
13 22 976.651
13 23 1235.08
13 24 1470.72
13 25 1683.19
13 26 1872.85
13 27 2040.71
13 28 2188.12
13 29 2316.77
13 30 2428.45
13 31 2524.99
13 32 2608.24
13 33 2679.84
13 34 2741.42
13 35 2794.32
13 36 2839.83
13 37 2878.97
13 38 2912.69
13 39 2941.71
13 40 2966.7
13 41 2988.15
13 42 3006.49
13 43 3022.05
13 44 3035.1
13 45 3045.83
13 46 3054.43
13 47 3061
13 48 3065.64
13 49 3068.39
13 50 3069.31
13 51 3068.39
13 52 3065.64
13 53 3061
13 54 3054.43
13 55 3045.83
13 56 3035.1
13 57 3022.05
13 58 3006.49
13 59 2988.15
13 60 2966.7
13 61 2941.71
13 62 2912.69
13 63 2878.97
13 64 2839.83
13 65 2794.32
13 66 2741.42
13 67 2679.84
13 68 2608.24
13 69 2524.99
13 70 2428.45
13 71 2316.77
13 72 2188.12
13 73 2040.71
13 74 1872.85
13 75 1683.19
13 76 1470.72
13 77 1235.08
13 78 976.651
13 79 696.71
13 80 397.676
13 81 83.108
13 82 -242.067
13 83 -571.758
13 84 -898.517
13 85 -1213.97
13 86 -1508.84
13 87 -1773.47
13 88 -1998.16
13 89 -2173.61
13 90 -2291.52
13 91 -2345.22
13 92 -2329.76
13 93 -2242.83
13 94 -2084.6
13 95 -1858.24
13 96 -1569.66
13 97 -1227.58
13 98 -843.037
13 99 -429.057
13 100 0

14 0 0
14 1 -425.944
14 2 -835.253
14 3 -1212.12
14 4 -1542.5
14 5 -1814.65
14 6 -2019.82
14 7 -2152.41
14 8 -2210.3
14 9 -2194.43
14 10 -2108.95
14 11 -1960.28
14 12 -1756.94
14 13 -1508.84
14 14 -1226.53
14 15 -920.677
14 16 -601.627
14 17 -278.751
14 18 39.63
14 19 346.678
14 20 636.918
14 21 906.495
14 22 1152.83
14 23 1374.65
14 24 1571.72
14 25 1744.71
14 26 1894.9
14 27 2024.04
14 28 2134.18
14 29 2227.47
14 30 2306.06
14 31 2372.09
14 32 2427.44
14 33 2473.9
14 34 2512.95
14 35 2545.95
14 36 2573.97
14 37 2597.92
14 38 2618.51
14 39 2636.34
14 40 2651.82
14 41 2665.29
14 42 2677
14 43 2687.11
14 44 2695.73
14 45 2702.96
14 46 2708.83
14 47 2713.38
14 48 2716.62
14 49 2718.57
14 50 2719.21
14 51 2718.57
14 52 2716.62
14 53 2713.38
14 54 2708.83
14 55 2702.96
14 56 2695.73
14 57 2687.11
14 58 2677
14 59 2665.29
14 60 2651.82
14 61 2636.34
14 62 2618.51
14 63 2597.92
14 64 2573.97
14 65 2545.95
14 66 2512.95
14 67 2473.9
14 68 2427.44
14 69 2372.09
14 70 2306.06
14 71 2227.47
14 72 2134.18
14 73 2024.04
14 74 1894.9
14 75 1744.71
14 76 1571.72
14 77 1374.65
14 78 1152.83
14 79 906.495
14 80 636.918
14 81 346.678
14 82 39.63
14 83 -278.751
14 84 -601.627
14 85 -920.677
14 86 -1226.53
14 87 -1508.84
14 88 -1756.94
14 89 -1960.28
14 90 -2108.95
14 91 -2194.43
14 92 -2210.3
14 93 -2152.41
14 94 -2019.82
14 95 -1814.65
14 96 -1542.5
14 97 -1212.12
14 98 -835.253
14 99 -425.944
14 100 0

15 0 0
15 1 -413.954
15 2 -809.97
15 3 -1171.22
15 4 -1482.79
15 5 -1732.65
15 6 -1912.08
15 7 -2016.17
15 8 -2043.65
15 9 -1996.98
15 10 -1881.65
15 11 -1705.82
15 12 -1479.52
15 13 -1213.97
15 14 -920.677
15 15 -611.053
15 16 -295.606
15 17 16.2965
15 18 316.88
15 19 599.966
15 20 861.097
15 21 1097.37
15 22 1307.4
15 23 1490.96
15 24 1648.9
15 25 1782.72
15 26 1894.56
15 27 1986.79
15 28 2061.93
15 29 2122.51
15 30 2170.91
15 31 2209.33
15 32 2239.75
15 33 2263.86
15 34 2283.08
15 35 2298.58
15 36 2311.3
15 37 2321.97
15 38 2331.11
15 39 2339.12
15 40 2346.26
15 41 2352.69
15 42 2358.5
15 43 2363.73
15 44 2368.39
15 45 2372.42
15 46 2375.8
15 47 2378.49
15 48 2380.44
15 49 2381.62
15 50 2382.03
15 51 2381.62
15 52 2380.44
15 53 2378.49
15 54 2375.8
15 55 2372.42
15 56 2368.39
15 57 2363.73
15 58 2358.5
15 59 2352.69
15 60 2346.26
15 61 2339.12
15 62 2331.11
15 63 2321.97
15 64 2311.3
15 65 2298.58
15 66 2283.08
15 67 2263.86
15 68 2239.75
15 69 2209.33
15 70 2170.91
15 71 2122.51
15 72 2061.93
15 73 1986.79
15 74 1894.56
15 75 1782.72
15 76 1648.9
15 77 1490.96
15 78 1307.4
15 79 1097.37
15 80 861.097
15 81 599.966
15 82 316.88
15 83 16.2965
15 84 -295.606
15 85 -611.053
15 86 -920.677
15 87 -1213.97
15 88 -1479.52
15 89 -1705.82
15 90 -1881.65
15 91 -1996.98
15 92 -2043.65
15 93 -2016.17
15 94 -1912.08
15 95 -1732.65
15 96 -1482.79
15 97 -1171.22
15 98 -809.97
15 99 -413.954
15 100 0

16 0 0
16 1 -392.849
16 2 -766.911
16 3 -1104.61
16 4 -1390.65
16 5 -1612.83
16 6 -1762.89
16 7 -1836.48
16 8 -1833.55
16 9 -1757.74
16 10 -1616.01
16 11 -1417.92
16 12 -1174.71
16 13 -898.517
16 14 -601.627
16 15 -295.606
16 16 9.01202
16 17 303.404
16 18 580.392
16 19 834.812
16 20 1063.18
16 21 1263.81
16 22 1436.33
16 23 1581.59
16 24 1701.33
16 25 1797.87
16 26 1873.92
16 27 1932.35
16 28 1976.02
16 29 2007.61
16 30 2029.62
16 31 2044.26
16 32 2053.37
16 33 2058.6
16 34 2061.14
16 35 2062.05
16 36 2062.04
16 37 2061.67
16 38 2061.28
16 39 2061.12
16 40 2061.28
16 41 2061.79
16 42 2062.62
16 43 2063.7
16 44 2064.92
16 45 2066.19
16 46 2067.39
16 47 2068.44
16 48 2069.25
16 49 2069.76
16 50 2069.93
16 51 2069.76
16 52 2069.25
16 53 2068.44
16 54 2067.39
16 55 2066.19
16 56 2064.92
16 57 2063.7
16 58 2062.62
16 59 2061.79
16 60 2061.28
16 61 2061.12
16 62 2061.28
16 63 2061.67
16 64 2062.04
16 65 2062.05
16 66 2061.14
16 67 2058.6
16 68 2053.37
16 69 2044.26
16 70 2029.62
16 71 2007.61
16 72 1976.02
16 73 1932.35
16 74 1873.92
16 75 1797.87
16 76 1701.33
16 77 1581.59
16 78 1436.33
16 79 1263.81
16 80 1063.18
16 81 834.812
16 82 580.392
16 83 303.404
16 84 9.01202
16 85 -295.606
16 86 -601.627
16 87 -898.517
16 88 -1174.71
16 89 -1417.92
16 90 -1616.01
16 91 -1757.74
16 92 -1833.55
16 93 -1836.48
16 94 -1762.89
16 95 -1612.83
16 96 -1390.65
16 97 -1104.61
16 98 -766.911
16 99 -392.849
16 100 0

17 0 0
17 1 -362.731
17 2 -706.307
17 3 -1012.86
17 4 -1267.01
17 5 -1456.92
17 6 -1574.68
17 7 -1616.96
17 8 -1584.65
17 9 -1482.61
17 10 -1319.02
17 11 -1104.5
17 12 -851.157
17 13 -571.758
17 14 -278.751
17 15 16.2965
17 16 303.404
17 17 574.323
17 18 822.958
17 19 1045.08
17 20 1238.45
17 21 1402.35
17 22 1537.57
17 23 1645.82
17 24 1729.6
17 25 1791.84
17 26 1835.71
17 27 1864.35
17 28 1880.77
17 29 1887.75
17 30 1887.7
17 31 1882.7
17 32 1874.51
17 33 1864.49
17 34 1853.75
17 35 1843.07
17 36 1833.01
17 37 1823.93
17 38 1816.05
17 39 1809.41
17 40 1804.04
17 41 1799.81
17 42 1796.62
17 43 1794.31
17 44 1792.73
17 45 1791.7
17 46 1791.08
17 47 1790.74
17 48 1790.58
17 49 1790.51
17 50 1790.5
17 51 1790.51
17 52 1790.58
17 53 1790.74
17 54 1791.08
17 55 1791.7
17 56 1792.73
17 57 1794.31
17 58 1796.62
17 59 1799.81
17 60 1804.04
17 61 1809.41
17 62 1816.05
17 63 1823.93
17 64 1833.01
17 65 1843.07
17 66 1853.75
17 67 1864.49
17 68 1874.51
17 69 1882.7
17 70 1887.7
17 71 1887.75
17 72 1880.77
17 73 1864.35
17 74 1835.71
17 75 1791.84
17 76 1729.6
17 77 1645.82
17 78 1537.57
17 79 1402.35
17 80 1238.45
17 81 1045.08
17 82 822.958
17 83 574.323
17 84 303.404
17 85 16.2965
17 86 -278.751
17 87 -571.758
17 88 -851.157
17 89 -1104.5
17 90 -1319.02
17 91 -1482.61
17 92 -1584.65
17 93 -1616.96
17 94 -1574.68
17 95 -1456.92
17 96 -1267.01
17 97 -1012.86
17 98 -706.307
17 99 -362.731
17 100 0

18 0 0
18 1 -323.947
18 2 -628.914
18 3 -897.176
18 4 -1113.84
18 5 -1267.49
18 6 -1351.05
18 7 -1362.08
18 8 -1302.44
18 9 -1178.04
18 10 -997.951
18 11 -773.458
18 12 -517.218
18 13 -242.067
18 14 39.63
18 15 316.88
18 16 580.392
18 17 822.958
18 18 1039.46
18 19 1226.95
18 20 1384.18
18 21 1511.64
18 22 1610.85
18 23 1684.43
18 24 1735.39
18 25 1767.13
18 26 1783.02
18 27 1786.35
18 28 1780.15
18 29 1767.04
18 30 1749.36
18 31 1728.96
18 32 1707.36
18 33 1685.75
18 34 1664.97
18 35 1645.63
18 36 1628.09
18 37 1612.56
18 38 1599.08
18 39 1587.64
18 40 1578.09
18 41 1570.29
18 42 1564.02
18 43 1559.1
18 44 1555.31
18 45 1552.47
18 46 1550.39
18 47 1548.94
18 48 1547.99
18 49 1547.46
18 50 1547.28
18 51 1547.46
18 52 1547.99
18 53 1548.94
18 54 1550.39
18 55 1552.47
18 56 1555.31
18 57 1559.1
18 58 1564.02
18 59 1570.29
18 60 1578.09
18 61 1587.64
18 62 1599.08
18 63 1612.56
18 64 1628.09
18 65 1645.63
18 66 1664.97
18 67 1685.75
18 68 1707.36
18 69 1728.96
18 70 1749.36
18 71 1767.04
18 72 1780.15
18 73 1786.35
18 74 1783.02
18 75 1767.13
18 76 1735.39
18 77 1684.43
18 78 1610.85
18 79 1511.64
18 80 1384.18
18 81 1226.95
18 82 1039.46
18 83 822.958
18 84 580.392
18 85 316.88
18 86 39.63
18 87 -242.067
18 88 -517.218
18 89 -773.458
18 90 -997.951
18 91 -1178.04
18 92 -1302.44
18 93 -1362.08
18 94 -1351.05
18 95 -1267.49
18 96 -1113.84
18 97 -897.176
18 98 -628.914
18 99 -323.947
18 100 0

19 0 0
19 1 -277.148
19 2 -535.96
19 3 -759.573
19 4 -933.764
19 5 -1048.08
19 6 -1096.38
19 7 -1077.08
19 8 -993.012
19 9 -850.783
19 10 -660.027
19 11 -432.4
19 12 -180.475
19 13 83.108
19 14 346.678
19 15 599.966
19 16 834.812
19 17 1045.08
19 18 1226.95
19 19 1378.52
19 20 1499.73
19 21 1591.9
19 22 1657.43
19 23 1699.4
19 24 1721.32
19 25 1726.72
19 26 1719.14
19 27 1701.76
19 28 1677.49
19 29 1648.79
19 30 1617.7
19 31 1585.85
19 32 1554.53
19 33 1524.62
19 34 1496.79
19 35 1471.41
19 36 1448.71
19 37 1428.73
19 38 1411.41
19 39 1396.61
19 40 1384.15
19 41 1373.81
19 42 1365.33
19 43 1358.51
19 44 1353.09
19 45 1348.89
19 46 1345.71
19 47 1343.4
19 48 1341.84
19 49 1340.94
19 50 1340.65
19 51 1340.94
19 52 1341.84
19 53 1343.4
19 54 1345.71
19 55 1348.89
19 56 1353.09
19 57 1358.51
19 58 1365.33
19 59 1373.81
19 60 1384.15
19 61 1396.61
19 62 1411.41
19 63 1428.73
19 64 1448.71
19 65 1471.41
19 66 1496.79
19 67 1524.62
19 68 1554.53
19 69 1585.85
19 70 1617.7
19 71 1648.79
19 72 1677.49
19 73 1701.76
19 74 1719.14
19 75 1726.72
19 76 1721.32
19 77 1699.4
19 78 1657.43
19 79 1591.9
19 80 1499.73
19 81 1378.52
19 82 1226.95
19 83 1045.08
19 84 834.812
19 85 599.966
19 86 346.678
19 87 83.108
19 88 -180.475
19 89 -432.4
19 90 -660.027
19 91 -850.783
19 92 -993.012
19 93 -1077.08
19 94 -1096.38
19 95 -1048.08
19 96 -933.764
19 97 -759.573
19 98 -535.96
19 99 -277.148
19 100 0

20 0 0
20 1 -223.103
20 2 -429.145
20 3 -602.513
20 4 -730.207
20 5 -802.973
20 6 -815.706
20 7 -767.785
20 8 -662.734
20 9 -507.637
20 10 -312.303
20 11 -88.2459
20 12 152.357
20 13 397.676
20 14 636.918
20 15 861.097
20 16 1063.18
20 17 1238.45
20 18 1384.18
20 19 1499.73
20 20 1585.93
20 21 1644.93
20 22 1679.65
20 23 1693.62
20 24 1690.51
20 25 1673.94
20 26 1647.29
20 27 1613.65
20 28 1575.63
20 29 1535.41
20 30 1494.76
20 31 1455.01
20 32 1417.12
20 33 1381.83
20 34 1349.48
20 35 1320.35
20 36 1294.44
20 37 1271.73
20 38 1252.02
20 39 1235.14
20 40 1220.83
20 41 1208.85
20 42 1198.91
20 43 1190.81
20 44 1184.27
20 45 1179.12
20 46 1175.15
20 47 1172.23
20 48 1170.22
20 49 1169.06
20 50 1168.67
20 51 1169.06
20 52 1170.22
20 53 1172.23
20 54 1175.15
20 55 1179.12
20 56 1184.27
20 57 1190.81
20 58 1198.91
20 59 1208.85
20 60 1220.83
20 61 1235.14
20 62 1252.02
20 63 1271.73
20 64 1294.44
20 65 1320.35
20 66 1349.48
20 67 1381.83
20 68 1417.12
20 69 1455.01
20 70 1494.76
20 71 1535.41
20 72 1575.63
20 73 1613.65
20 74 1647.29
20 75 1673.94
20 76 1690.51
20 77 1693.62
20 78 1679.65
20 79 1644.93
20 80 1585.93
20 81 1499.73
20 82 1384.18
20 83 1238.45
20 84 1063.18
20 85 861.097
20 86 636.918
20 87 397.676
20 88 152.357
20 89 -88.2459
20 90 -312.303
20 91 -507.637
20 92 -662.734
20 93 -767.785
20 94 -815.706
20 95 -802.973
20 96 -730.207
20 97 -602.513
20 98 -429.145
20 99 -223.103
20 100 0

21 0 0
21 1 -162.833
21 2 -310.482
21 3 -428.983
21 4 -507.123
21 5 -536.929
21 6 -514.578
21 7 -440.276
21 8 -318.06
21 9 -155.218
21 10 38.7025
21 11 252.744
21 12 475.647
21 13 696.71
21 14 906.495
21 15 1097.37
21 16 1263.81
21 17 1402.35
21 18 1511.64
21 19 1591.9
21 20 1644.93
21 21 1673.38
21 22 1680.68
21 23 1670.43
21 24 1646.39
21 25 1612.03
21 26 1570.55
21 27 1524.68
21 28 1476.77
21 29 1428.65
21 30 1381.72
21 31 1337.04
21 32 1295.31
21 33 1256.95
21 34 1222.23
21 35 1191.12
21 36 1163.63
21 37 1139.52
21 38 1118.63
21 39 1100.66
21 40 1085.38
21 41 1072.47
21 42 1061.72
21 43 1052.83
21 44 1045.61
21 45 1039.84
21 46 1035.37
21 47 1032.02
21 48 1029.73
21 49 1028.37
21 50 1027.93
21 51 1028.37
21 52 1029.73
21 53 1032.02
21 54 1035.37
21 55 1039.84
21 56 1045.61
21 57 1052.83
21 58 1061.72
21 59 1072.47
21 60 1085.38
21 61 1100.66
21 62 1118.63
21 63 1139.52
21 64 1163.63
21 65 1191.12
21 66 1222.23
21 67 1256.95
21 68 1295.31
21 69 1337.04
21 70 1381.72
21 71 1428.65
21 72 1476.77
21 73 1524.68
21 74 1570.55
21 75 1612.03
21 76 1646.39
21 77 1670.43
21 78 1680.68
21 79 1673.38
21 80 1644.93
21 81 1591.9
21 82 1511.64
21 83 1402.35
21 84 1263.81
21 85 1097.37
21 86 906.495
21 87 696.71
21 88 475.647
21 89 252.744
21 90 38.7025
21 91 -155.218
21 92 -318.06
21 93 -440.276
21 94 -514.578
21 95 -536.929
21 96 -507.123
21 97 -428.983
21 98 -310.482
21 99 -162.833
21 100 0

22 0 0
22 1 -97.5558
22 2 -182.222
22 3 -242.42
22 4 -268.74
22 5 -255.061
22 6 -198.684
22 7 -100.669
22 8 34.6609
22 9 200.225
22 10 387.064
22 11 585.273
22 12 784.851
22 13 976.651
22 14 1152.83
22 15 1307.4
22 16 1436.33
22 17 1537.57
22 18 1610.85
22 19 1657.43
22 20 1679.65
22 21 1680.68
22 22 1664.02
22 23 1633.42
22 24 1592.35
22 25 1544.15
22 26 1491.58
22 27 1437.1
22 28 1382.6
22 29 1329.57
22 30 1279.1
22 31 1231.89
22 32 1188.43
22 33 1148.9
22 34 1113.35
22 35 1081.72
22 36 1053.8
22 37 1029.39
22 38 1008.18
22 39 989.918
22 40 974.299
22 41 961.065
22 42 949.936
22 43 940.701
22 44 933.119
22 45 927.035
22 46 922.257
22 47 918.692
22 48 916.201
22 49 914.751
22 50 914.259
22 51 914.751
22 52 916.201
22 53 918.692
22 54 922.257
22 55 927.035
22 56 933.119
22 57 940.701
22 58 949.936
22 59 961.065
22 60 974.299
22 61 989.918
22 62 1008.18
22 63 1029.39
22 64 1053.8
22 65 1081.72
22 66 1113.35
22 67 1148.9
22 68 1188.43
22 69 1231.89
22 70 1279.1
22 71 1329.57
22 72 1382.6
22 73 1437.1
22 74 1491.58
22 75 1544.15
22 76 1592.35
22 77 1633.42
22 78 1664.02
22 79 1680.68
22 80 1679.65
22 81 1657.43
22 82 1610.85
22 83 1537.57
22 84 1436.33
22 85 1307.4
22 86 1152.83
22 87 976.651
22 88 784.851
22 89 585.273
22 90 387.064
22 91 200.225
22 92 34.6609
22 93 -100.669
22 94 -198.684
22 95 -255.061
22 96 -268.74
22 97 -242.42
22 98 -182.222
22 99 -97.5558
22 100 0

23 0 0
23 1 -28.4653
23 2 -46.8847
23 3 -46.2778
23 4 -19.6348
23 5 37.4345
23 6 126.206
23 7 245.062
23 8 389.511
23 9 553.035
23 10 727.682
23 11 904.934
23 12 1076.53
23 13 1235.08
23 14 1374.65
23 15 1490.96
23 16 1581.59
23 17 1645.82
23 18 1684.43
23 19 1699.4
23 20 1693.62
23 21 1670.43
23 22 1633.42
23 23 1586.04
23 24 1531.64
23 25 1473.04
23 26 1412.72
23 27 1352.59
23 28 1294.25
23 29 1238.75
23 30 1186.84
23 31 1138.98
23 32 1095.37
23 33 1056.03
23 34 1020.89
23 35 989.7
23 36 962.263
23 37 938.25
23 38 917.393
23 39 899.371
23 40 883.916
23 41 870.747
23 42 859.628
23 43 850.329
23 44 842.665
23 45 836.459
23 46 831.575
23 47 827.893
23 48 825.329
23 49 823.814
23 50 823.315
23 51 823.814
23 52 825.329
23 53 827.893
23 54 831.575
23 55 836.459
23 56 842.665
23 57 850.329
23 58 859.628
23 59 870.747
23 60 883.916
23 61 899.371
23 62 917.393
23 63 938.25
23 64 962.263
23 65 989.7
23 66 1020.89
23 67 1056.03
23 68 1095.37
23 69 1138.98
23 70 1186.84
23 71 1238.75
23 72 1294.25
23 73 1352.59
23 74 1412.72
23 75 1473.04
23 76 1531.64
23 77 1586.04
23 78 1633.42
23 79 1670.43
23 80 1693.62
23 81 1699.4
23 82 1684.43
23 83 1645.82
23 84 1581.59
23 85 1490.96
23 86 1374.65
23 87 1235.08
23 88 1076.53
23 89 904.934
23 90 727.682
23 91 553.035
23 92 389.511
23 93 245.062
23 94 126.206
23 95 37.4345
23 96 -19.6348
23 97 -46.2778
23 98 -46.8847
23 99 -28.4653
23 100 0

24 0 0
24 1 43.1051
24 2 93.0327
24 3 155.779
24 4 235.765
24 5 335.37
24 6 454.615
24 7 591.241
24 8 741.041
24 9 898.214
24 10 1056.26
24 11 1208.36
24 12 1348.28
24 13 1470.72
24 14 1571.72
24 15 1648.9
24 16 1701.33
24 17 1729.6
24 18 1735.39
24 19 1721.32
24 20 1690.51
24 21 1646.39
24 22 1592.35
24 23 1531.64
24 24 1467.07
24 25 1401.13
24 26 1335.75
24 27 1272.5
24 28 1212.42
24 29 1156.31
24 30 1104.57
24 31 1057.39
24 32 1014.77
24 33 976.599
24 34 942.615
24 35 912.593
24 36 886.175
24 37 863.087
24 38 842.982
24 39 825.588
24 40 810.605
24 41 797.798
24 42 786.924
24 43 777.794
24 44 770.22
24 45 764.064
24 46 759.19
24 47 755.507
24 48 752.927
24 49 751.405
24 50 750.898
24 51 751.405
24 52 752.927
24 53 755.507
24 54 759.19
24 55 764.064
24 56 770.22
24 57 777.794
24 58 786.924
24 59 797.798
24 60 810.605
24 61 825.588
24 62 842.982
24 63 863.087
24 64 886.175
24 65 912.593
24 66 942.615
24 67 976.599
24 68 1014.77
24 69 1057.39
24 70 1104.57
24 71 1156.31
24 72 1212.42
24 73 1272.5
24 74 1335.75
24 75 1401.13
24 76 1467.07
24 77 1531.64
24 78 1592.35
24 79 1646.39
24 80 1690.51
24 81 1721.32
24 82 1735.39
24 83 1729.6
24 84 1701.33
24 85 1648.9
24 86 1571.72
24 87 1470.72
24 88 1348.28
24 89 1208.36
24 90 1056.26
24 91 898.214
24 92 741.041
24 93 591.241
24 94 454.615
24 95 335.37
24 96 235.765
24 97 155.779
24 98 93.0327
24 99 43.1051
24 100 0

25 0 0
25 1 115.898
25 2 235.092
25 3 360.25
25 4 493.085
25 5 633.843
25 6 781.298
25 7 932.774
25 8 1084.4
25 9 1231.57
25 10 1369.35
25 11 1493.08
25 12 1598.69
25 13 1683.19
25 14 1744.71
25 15 1782.72
25 16 1797.87
25 17 1791.84
25 18 1767.13
25 19 1726.72
25 20 1673.94
25 21 1612.03
25 22 1544.15
25 23 1473.04
25 24 1401.13
25 25 1330.34
25 26 1262.15
25 27 1197.63
25 28 1137.48
25 29 1082.1
25 30 1031.63
25 31 986.065
25 32 945.185
25 33 908.755
25 34 876.477
25 35 847.976
25 36 822.967
25 37 801.055
25 38 781.988
25 39 765.414
25 40 751.129
25 41 738.837
25 42 728.39
25 43 719.549
25 44 712.213
25 45 706.195
25 46 701.44
25 47 697.808
25 48 695.282
25 49 693.766
25 50 693.28
25 51 693.766
25 52 695.282
25 53 697.808
25 54 701.44
25 55 706.195
25 56 712.213
25 57 719.549
25 58 728.39
25 59 738.837
25 60 751.129
25 61 765.414
25 62 781.988
25 63 801.055
25 64 822.967
25 65 847.976
25 66 876.477
25 67 908.755
25 68 945.185
25 69 986.065
25 70 1031.63
25 71 1082.1
25 72 1137.48
25 73 1197.63
25 74 1262.15
25 75 1330.34
25 76 1401.13
25 77 1473.04
25 78 1544.15
25 79 1612.03
25 80 1673.94
25 81 1726.72
25 82 1767.13
25 83 1791.84
25 84 1797.87
25 85 1782.72
25 86 1744.71
25 87 1683.19
25 88 1598.69
25 89 1493.08
25 90 1369.35
25 91 1231.57
25 92 1084.4
25 93 932.774
25 94 781.298
25 95 633.843
25 96 493.085
25 97 360.25
25 98 235.092
25 99 115.898
25 100 0

26 0 0
26 1 188.694
26 2 376.896
26 3 563.835
26 4 748.261
26 5 928.354
26 6 1101.6
26 7 1265.09
26 8 1415.52
26 9 1549.62
26 10 1664.41
26 11 1757.44
26 12 1827.16
26 13 1872.85
26 14 1894.9
26 15 1894.56
26 16 1873.92
26 17 1835.71
26 18 1783.02
26 19 1719.14
26 20 1647.29
26 21 1570.55
26 22 1491.58
26 23 1412.72
26 24 1335.75
26 25 1262.15
26 26 1192.86
26 27 1128.53
26 28 1069.45
26 29 1015.75
26 30 967.305
26 31 923.875
26 32 885.187
26 33 850.845
26 34 820.492
26 35 793.76
26 36 770.274
26 37 749.718
26 38 731.767
26 39 716.158
26 40 702.632
26 41 690.987
26 42 681.019
26 43 672.585
26 44 665.526
26 45 659.749
26 46 655.136
26 47 651.636
26 48 649.165
26 49 647.71
26 50 647.218
26 51 647.71
26 52 649.165
26 53 651.636
26 54 655.136
26 55 659.749
26 56 665.526
26 57 672.585
26 58 681.019
26 59 690.987
26 60 702.632
26 61 716.158
26 62 731.767
26 63 749.718
26 64 770.274
26 65 793.76
26 66 820.492
26 67 850.845
26 68 885.187
26 69 923.875
26 70 967.305
26 71 1015.75
26 72 1069.45
26 73 1128.53
26 74 1192.86
26 75 1262.15
26 76 1335.75
26 77 1412.72
26 78 1491.58
26 79 1570.55
26 80 1647.29
26 81 1719.14
26 82 1783.02
26 83 1835.71
26 84 1873.92
26 85 1894.56
26 86 1894.9
26 87 1872.85
26 88 1827.16
26 89 1757.44
26 90 1664.41
26 91 1549.62
26 92 1415.52
26 93 1265.09
26 94 1101.6
26 95 928.354
26 96 748.261
26 97 563.835
26 98 376.896
26 99 188.694
26 100 0

27 0 0
27 1 260.365
27 2 516.317
27 3 763.479
27 4 997.658
27 5 1214.86
27 6 1411.48
27 7 1584.36
27 8 1731.03
27 9 1849.73
27 10 1939.59
27 11 2000.61
27 12 2033.73
27 13 2040.71
27 14 2024.04
27 15 1986.79
27 16 1932.35
27 17 1864.35
27 18 1786.35
27 19 1701.76
27 20 1613.65
27 21 1524.68
27 22 1437.1
27 23 1352.59
27 24 1272.5
27 25 1197.63
27 26 1128.53
27 27 1065.38
27 28 1008.18
27 29 956.718
27 30 910.694
27 31 869.75
27 32 833.413
27 33 801.305
27 34 772.974
27 35 748.041
27 36 726.145
27 37 706.948
27 38 690.165
27 39 675.528
27 40 662.817
27 41 651.829
27 42 642.404
27 43 634.389
27 44 627.675
27 45 622.147
27 46 617.738
27 47 614.367
27 48 612.002
27 49 610.588
27 50 610.126
27 51 610.588
27 52 612.002
27 53 614.367
27 54 617.738
27 55 622.147
27 56 627.675
27 57 634.389
27 58 642.404
27 59 651.829
27 60 662.817
27 61 675.528
27 62 690.165
27 63 706.948
27 64 726.145
27 65 748.041
27 66 772.974
27 67 801.305
27 68 833.413
27 69 869.75
27 70 910.694
27 71 956.718
27 72 1008.18
27 73 1065.38
27 74 1128.53
27 75 1197.63
27 76 1272.5
27 77 1352.59
27 78 1437.1
27 79 1524.68
27 80 1613.65
27 81 1701.76
27 82 1786.35
27 83 1864.35
27 84 1932.35
27 85 1986.79
27 86 2024.04
27 87 2040.71
27 88 2033.73
27 89 2000.61
27 90 1939.59
27 91 1849.73
27 92 1731.03
27 93 1584.36
27 94 1411.48
27 95 1214.86
27 96 997.658
27 97 763.479
27 98 516.317
27 99 260.365
27 100 0

28 0 0
28 1 329.914
28 2 651.428
28 3 956.542
28 4 1238.07
28 5 1489.95
28 6 1707.47
28 7 1887.47
28 8 2028.33
28 9 2130.02
28 10 2193.83
28 11 2222.34
28 12 2219.04
28 13 2188.12
28 14 2134.18
28 15 2061.93
28 16 1976.02
28 17 1880.77
28 18 1780.15
28 19 1677.49
28 20 1575.63
28 21 1476.77
28 22 1382.6
28 23 1294.25
28 24 1212.42
28 25 1137.48
28 26 1069.45
28 27 1008.18
28 28 953.292
28 29 904.413
28 30 861.013
28 31 822.609
28 32 788.698
28 33 758.793
28 34 732.448
28 35 709.285
28 36 688.912
28 37 671.047
28 38 655.384
28 39 641.701
28 40 629.783
28 41 619.453
28 42 610.565
28 43 602.985
28 44 596.618
28 45 591.362
28 46 587.161
28 47 583.943
28 48 581.681
28 49 580.329
28 50 579.886
28 51 580.329
28 52 581.681
28 53 583.943
28 54 587.161
28 55 591.362
28 56 596.618
28 57 602.985
28 58 610.565
28 59 619.453
28 60 629.783
28 61 641.701
28 62 655.384
28 63 671.047
28 64 688.912
28 65 709.285
28 66 732.448
28 67 758.793
28 68 788.698
28 69 822.609
28 70 861.013
28 71 904.413
28 72 953.292
28 73 1008.18
28 74 1069.45
28 75 1137.48
28 76 1212.42
28 77 1294.25
28 78 1382.6
28 79 1476.77
28 80 1575.63
28 81 1677.49
28 82 1780.15
28 83 1880.77
28 84 1976.02
28 85 2061.93
28 86 2134.18
28 87 2188.12
28 88 2219.04
28 89 2222.34
28 90 2193.83
28 91 2130.02
28 92 2028.33
28 93 1887.47
28 94 1707.47
28 95 1489.95
28 96 1238.07
28 97 956.542
28 98 651.428
28 99 329.914
28 100 0

29 0 0
29 1 396.48
29 2 780.6
29 3 1140.77
29 4 1466.87
29 5 1750.8
29 6 1986.89
29 7 2172.01
29 8 2305.56
29 9 2389.24
29 10 2426.68
29 11 2422.95
29 12 2384.14
29 13 2316.77
29 14 2227.47
29 15 2122.51
29 16 2007.61
29 17 1887.75
29 18 1767.04
29 19 1648.79
29 20 1535.41
29 21 1428.65
29 22 1329.57
29 23 1238.75
29 24 1156.31
29 25 1082.1
29 26 1015.75
29 27 956.718
29 28 904.413
29 29 858.187
29 30 817.43
29 31 781.548
29 32 749.947
29 33 722.155
29 34 697.696
29 35 676.168
29 36 657.249
29 37 640.603
29 38 626.009
29 39 613.209
29 40 602.05
29 41 592.34
29 42 583.975
29 43 576.814
29 44 570.791
29 45 565.804
29 46 561.815
29 47 558.75
29 48 556.598
