0 0 0
0 1 0
0 2 0
0 3 0
0 4 0
0 5 0
0 6 0
0 7 0
0 8 0
0 9 0
0 10 0
0 11 0
0 12 0
0 13 0
0 14 0
0 15 0
0 16 0
0 17 0
0 18 0
0 19 0
0 20 0
0 21 0
0 22 0
0 23 0
0 24 0
0 25 0
0 26 0
0 27 0
0 28 0
0 29 0
0 30 0
0 31 0
0 32 0
0 33 0
0 34 0
0 35 0
0 36 0
0 37 0
0 38 0
0 39 0
0 40 0
0 41 0
0 42 0
0 43 0
0 44 0
0 45 0
0 46 0
0 47 0
0 48 0
0 49 0
0 50 0
0 51 0
0 52 0
0 53 0
0 54 0
0 55 0
0 56 0
0 57 0
0 58 0
0 59 0
0 60 0
0 61 0
0 62 0
0 63 0
0 64 0
0 65 0
0 66 0
0 67 0
0 68 0
0 69 0
0 70 0
0 71 0
0 72 0
0 73 0
0 74 0
0 75 0
0 76 0
0 77 0
0 78 0
0 79 0
0 80 0
0 81 0
0 82 0
0 83 0
0 84 0
0 85 0
0 86 0
0 87 0
0 88 0
0 89 0
0 90 0
0 91 0
0 92 0
0 93 0
0 94 0
0 95 0
0 96 0
0 97 0
0 98 0
0 99 0
0 100 0

1 0 0
1 1 -9.91822
1 2 -20.3135
1 3 -31.62
1 4 -44.2637
1 5 -58.6307
1 6 -75.0225
1 7 -93.6991
1 8 -114.81
1 9 -138.447
1 10 -164.495
1 11 -192.741
1 12 -222.902
1 13 -254.534
1 14 -287.025
1 15 -319.687
1 16 -351.819
1 17 -382.611
1 18 -411.211
1 19 -436.835
1 20 -458.722
1 21 -476.19
1 22 -488.703
1 23 -495.818
1 24 -497.271
1 25 -492.947
1 26 -482.878
1 27 -467.279
1 28 -446.458
1 29 -420.897
1 30 -391.125
1 31 -357.79
1 32 -321.559
1 33 -283.145
1 34 -243.261
1 35 -202.595
1 36 -161.828
1 37 -121.565
1 38 -82.3965
1 39 -44.8116
1 40 -9.28355
1 41 23.8214
1 42 54.1526
1 43 81.4554
1 44 105.489
1 45 126.09
1 46 143.107
1 47 156.446
1 48 166.02
1 49 171.787
1 50 173.71
1 51 171.787
1 52 166.02
1 53 156.446
1 54 143.107
1 55 126.09
1 56 105.489
1 57 81.4554
1 58 54.1526
1 59 23.8214
1 60 -9.28355
1 61 -44.8116
1 62 -82.3965
1 63 -121.565
1 64 -161.828
1 65 -202.595
1 66 -243.261
1 67 -283.145
1 68 -321.559
1 69 -357.79
1 70 -391.125
1 71 -420.897
1 72 -446.458
1 73 -467.279
1 74 -482.878
1 75 -492.947
1 76 -497.271
1 77 -495.818
1 78 -488.703
1 79 -476.19
1 80 -458.722
1 81 -436.835
1 82 -411.211
1 83 -382.611
1 84 -351.819
1 85 -319.687
1 86 -287.025
1 87 -254.534
1 88 -222.902
1 89 -192.741
1 90 -164.495
1 91 -138.447
1 92 -114.81
1 93 -93.6991
1 94 -75.0225
1 95 -58.6307
1 96 -44.2637
1 97 -31.62
1 98 -20.3135
1 99 -9.91822
1 100 0

2 0 0
2 1 -20.3135
2 2 -41.5625
2 3 -64.6053
2 4 -90.3011
2 5 -119.394
2 6 -152.518
2 7 -190.121
2 8 -232.494
2 9 -279.695
2 10 -331.572
2 11 -387.675
2 12 -447.398
2 13 -509.737
2 14 -573.531
2 15 -637.509
2 16 -700.065
2 17 -759.706
2 18 -814.806
2 19 -863.753
2 20 -905.15
2 21 -937.675
2 22 -960.319
2 23 -972.274
2 24 -973.076
2 25 -962.546
2 26 -940.817
2 27 -908.333
2 28 -865.77
2 29 -814.076
2 30 -754.341
2 31 -687.828
2 32 -615.872
2 33 -539.854
2 34 -461.173
2 35 -381.16
2 36 -301.129
2 37 -222.245
2 38 -145.635
2 39 -72.2391
2 40 -2.9468
2 41 61.5386
2 42 120.565
2 43 173.647
2 44 220.341
2 45 260.339
2 46 293.362
2 47 319.235
2 48 337.801
2 49 348.983
2 50 352.711
2 51 348.983
2 52 337.801
2 53 319.235
2 54 293.362
2 55 260.339
2 56 220.341
2 57 173.647
2 58 120.565
2 59 61.5386
2 60 -2.9468
2 61 -72.2391
2 62 -145.635
2 63 -222.245
2 64 -301.129
2 65 -381.16
2 66 -461.173
2 67 -539.854
2 68 -615.872
2 69 -687.828
2 70 -754.341
2 71 -814.076
2 72 -865.77
2 73 -908.333
2 74 -940.817
2 75 -962.546
2 76 -973.076
2 77 -972.274
2 78 -960.319
2 79 -937.675
2 80 -905.15
2 81 -863.753
2 82 -814.806
2 83 -759.706
2 84 -700.065
2 85 -637.509
2 86 -573.531
2 87 -509.737
2 88 -447.398
2 89 -387.675
2 90 -331.572
2 91 -279.695
2 92 -232.494
2 93 -190.121
2 94 -152.518
2 95 -119.394
2 96 -90.3011
2 97 -64.6053
2 98 -41.5625
2 99 -20.3135
2 100 0

3 0 0
3 1 -31.62
3 2 -64.6053
3 3 -100.275
3 4 -139.843
3 5 -184.411
3 6 -234.833
3 7 -291.785
3 8 -355.592
3 9 -426.32
3 10 -503.596
3 11 -586.751
3 12 -674.67
3 13 -765.941
3 14 -858.796
3 15 -951.146
3 16 -1040.88
3 17 -1125.61
3 18 -1203.04
3 19 -1270.94
3 20 -1327.25
3 21 -1370.23
3 22 -1398.45
3 23 -1410.94
3 24 -1407.1
3 25 -1386.84
3 26 -1350.48
3 27 -1298.76
3 28 -1232.79
3 29 -1154.01
3 30 -1064.06
3 31 -964.814
3 32 -858.218
3 33 -746.282
3 34 -630.989
3 35 -514.266
3 36 -397.927
3 37 -283.654
3 38 -172.964
3 39 -67.2104
3 40 32.4341
3 41 124.963
3 42 209.538
3 43 285.464
3 44 352.186
3 45 409.263
3 46 456.361
3 47 493.222
3 48 519.673
3 49 535.586
3 50 540.9
3 51 535.586
3 52 519.673
3 53 493.222
3 54 456.361
3 55 409.263
3 56 352.186
3 57 285.464
3 58 209.538
3 59 124.963
3 60 32.4341
3 61 -67.2104
3 62 -172.964
3 63 -283.654
3 64 -397.927
3 65 -514.266
3 66 -630.989
3 67 -746.282
3 68 -858.218
3 69 -964.814
3 70 -1064.06
3 71 -1154.01
3 72 -1232.79
3 73 -1298.76
3 74 -1350.48
3 75 -1386.84
3 76 -1407.1
3 77 -1410.94
3 78 -1398.45
3 79 -1370.23
3 80 -1327.25
3 81 -1270.94
3 82 -1203.04
3 83 -1125.61
3 84 -1040.88
3 85 -951.146
3 86 -858.796
3 87 -765.941
3 88 -674.67
3 89 -586.751
3 90 -503.596
3 91 -426.32
3 92 -355.592
3 93 -291.785
3 94 -234.833
3 95 -184.411
3 96 -139.843
3 97 -100.275
3 98 -64.6053
3 99 -31.62
3 100 0

4 0 0
4 1 -44.2637
4 2 -90.3011
4 3 -139.843
4 4 -194.468
4 5 -255.504
4 6 -324.083
4 7 -400.912
4 8 -486.398
4 9 -580.386
4 10 -682.355
4 11 -791.186
4 12 -905.339
4 13 -1022.83
4 14 -1141.24
4 15 -1257.91
4 16 -1369.92
4 17 -1474.32
4 18 -1568.18
4 19 -1648.72
4 20 -1713.52
4 21 -1760.47
4 22 -1788
4 23 -1795.08
4 24 -1781.22
4 25 -1746.52
4 26 -1691.63
4 27 -1617.68
4 28 -1526.3
4 29 -1419.38
4 30 -1299.2
4 31 -1168.14
4 32 -1028.72
4 33 -883.473
4 34 -734.881
4 35 -585.322
4 36 -437.012
4 37 -291.989
4 38 -152.064
4 39 -18.8481
4 40 106.289
4 41 222.173
4 42 327.845
4 43 422.514
4 44 505.561
4 45 576.497
4 46 634.957
4 47 680.671
4 48 713.445
4 49 733.159
4 50 739.736
4 51 733.159
4 52 713.445
4 53 680.671
4 54 634.957
4 55 576.497
4 56 505.561
4 57 422.514
4 58 327.845
4 59 222.173
4 60 106.289
4 61 -18.8481
4 62 -152.064
4 63 -291.989
4 64 -437.012
4 65 -585.322
4 66 -734.881
4 67 -883.473
4 68 -1028.72
4 69 -1168.14
4 70 -1299.2
4 71 -1419.38
4 72 -1526.3
4 73 -1617.68
4 74 -1691.63
4 75 -1746.52
4 76 -1781.22
4 77 -1795.08
4 78 -1788
4 79 -1760.47
4 80 -1713.52
4 81 -1648.72
4 82 -1568.18
4 83 -1474.32
4 84 -1369.92
4 85 -1257.91
4 86 -1141.24
4 87 -1022.83
4 88 -905.339
4 89 -791.186
4 90 -682.355
4 91 -580.386
4 92 -486.398
4 93 -400.912
4 94 -324.083
4 95 -255.504
4 96 -194.468
4 97 -139.843
4 98 -90.3011
4 99 -44.2637
4 100 0

5 0 0
5 1 -58.6307
5 2 -119.394
5 3 -184.411
5 4 -255.504
5 5 -334.278
5 6 -421.948
5 7 -519.31
5 8 -626.54
5 9 -743.358
5 10 -868.799
5 11 -1001.43
5 12 -1139.08
5 13 -1279.12
5 14 -1418.61
5 15 -1554.17
5 16 -1682.33
5 17 -1799.51
5 18 -1902.39
5 19 -1987.89
5 20 -2053.25
5 21 -2096.42
5 22 -2115.79
5 23 -2110.54
5 24 -2080.46
5 25 -2026.03
5 26 -1948.36
5 27 -1849.1
5 28 -1730.38
5 29 -1594.68
5 30 -1444.77
5 31 -1283.55
5 32 -1113.99
5 33 -939.057
5 34 -761.563
5 35 -584.224
5 36 -409.468
5 37 -239.564
5 38 -76.4373
5 39 78.1631
5 40 222.83
5 41 356.32
5 42 477.686
5 43 586.115
5 44 681.025
5 45 761.928
5 46 828.505
5 47 880.492
5 48 917.737
5 49 940.118
5 50 947.59
5 51 940.118
5 52 917.737
5 53 880.492
5 54 828.505
5 55 761.928
5 56 681.025
5 57 586.115
5 58 477.686
5 59 356.32
5 60 222.83
5 61 78.1631
5 62 -76.4373
5 63 -239.564
5 64 -409.468
5 65 -584.224
5 66 -761.563
5 67 -939.057
5 68 -1113.99
5 69 -1283.55
5 70 -1444.77
5 71 -1594.68
5 72 -1730.38
5 73 -1849.1
5 74 -1948.36
5 75 -2026.03
5 76 -2080.46
5 77 -2110.54
5 78 -2115.79
5 79 -2096.42
5 80 -2053.25
5 81 -1987.89
5 82 -1902.39
5 83 -1799.51
5 84 -1682.33
5 85 -1554.17
5 86 -1418.61
5 87 -1279.12
5 88 -1139.08
5 89 -1001.43
5 90 -868.799
5 91 -743.358
5 92 -626.54
5 93 -519.31
5 94 -421.948
5 95 -334.278
5 96 -255.504
5 97 -184.411
5 98 -119.394
5 99 -58.6307
5 100 0

6 0 0
6 1 -75.0225
6 2 -152.518
6 3 -234.833
6 4 -324.083
6 5 -421.948
6 6 -529.735
6 7 -648.044
6 8 -776.953
6 9 -915.743
6 10 -1063.11
6 11 -1216.92
6 12 -1374.46
6 13 -1532.58
6 14 -1687.58
6 15 -1835.56
6 16 -1972.52
6 17 -2094.57
6 18 -2198.04
6 19 -2279.75
6 20 -2337.05
6 21 -2367.93
6 22 -2371.19
6 23 -2346.35
6 24 -2293.75
6 25 -2214.4
6 26 -2110.01
6 27 -1982.8
6 28 -1835.49
6 29 -1671.09
6 30 -1492.85
6 31 -1304.07
6 32 -1108.09
6 33 -908.114
6 34 -707.186
6 35 -508.115
6 36 -313.451
6 37 -125.442
6 38 53.9537
6 39 223.083
6 40 380.562
6 41 525.277
6 42 656.335
6 43 773.058
6 44 874.92
6 45 961.56
6 46 1032.7
6 47 1088.18
6 48 1127.87
6 49 1151.71
6 50 1159.66
6 51 1151.71
6 52 1127.87
6 53 1088.18
6 54 1032.7
6 55 961.56
6 56 874.92
6 57 773.058
6 58 656.335
6 59 525.277
6 60 380.562
6 61 223.083
6 62 53.9537
6 63 -125.442
6 64 -313.451
6 65 -508.115
6 66 -707.186
6 67 -908.114
6 68 -1108.09
6 69 -1304.07
6 70 -1492.85
6 71 -1671.09
6 72 -1835.49
6 73 -1982.8
6 74 -2110.01
6 75 -2214.4
6 76 -2293.75
6 77 -2346.35
6 78 -2371.19
6 79 -2367.93
6 80 -2337.05
6 81 -2279.75
6 82 -2198.04
6 83 -2094.57
6 84 -1972.52
6 85 -1835.56
6 86 -1687.58
6 87 -1532.58
6 88 -1374.46
6 89 -1216.92
6 90 -1063.11
6 91 -915.743
6 92 -776.953
6 93 -648.044
6 94 -529.735
6 95 -421.948
6 96 -324.083
6 97 -234.833
6 98 -152.518
6 99 -75.0225
6 100 0

7 0 0
7 1 -93.6991
7 2 -190.121
7 3 -291.785
7 4 -400.912
7 5 -519.31
7 6 -648.044
7 7 -787.64
7 8 -937.727
7 9 -1097.25
7 10 -1264.21
7 11 -1435.91
7 12 -1609.07
7 13 -1779.8
7 14 -1943.87
7 15 -2096.94
7 16 -2234.61
7 17 -2352.8
7 18 -2447.86
7 19 -2516.68
7 20 -2556.94
7 21 -2567.11
7 22 -2546.48
7 23 -2495.27
7 24 -2414.44
7 25 -2305.78
7 26 -2171.62
7 27 -2014.9
7 28 -1838.84
7 29 -1646.99
7 30 -1442.94
7 31 -1230.34
7 32 -1012.69
7 33 -793.312
7 34 -575.271
7 35 -361.338
7 36 -153.952
7 37 44.7747
7 38 233.066
7 39 409.452
7 40 572.76
7 41 722.066
7 42 856.681
7 43 976.092
7 44 1079.96
7 45 1168.03
7 46 1240.19
7 47 1296.35
7 48 1336.47
7 49 1360.54
7 50 1368.57
7 51 1360.54
7 52 1336.47
7 53 1296.35
7 54 1240.19
7 55 1168.03
7 56 1079.96
7 57 976.092
7 58 856.681
7 59 722.066
7 60 572.76
7 61 409.452
7 62 233.066
7 63 44.7747
7 64 -153.952
7 65 -361.338
7 66 -575.271
7 67 -793.312
7 68 -1012.69
7 69 -1230.34
7 70 -1442.94
7 71 -1646.99
7 72 -1838.84
7 73 -2014.9
7 74 -2171.62
7 75 -2305.78
7 76 -2414.44
7 77 -2495.27
7 78 -2546.48
7 79 -2567.11
7 80 -2556.94
7 81 -2516.68
7 82 -2447.86
7 83 -2352.8
7 84 -2234.61
7 85 -2096.94
7 86 -1943.87
7 87 -1779.8
7 88 -1609.07
7 89 -1435.91
7 90 -1264.21
7 91 -1097.25
7 92 -937.727
7 93 -787.64
7 94 -648.044
7 95 -519.31
7 96 -400.912
7 97 -291.785
7 98 -190.121
7 99 -93.6991
7 100 0

8 0 0
8 1 -114.81
8 2 -232.494
8 3 -355.592
8 4 -486.398
8 5 -626.54
8 6 -776.953
8 7 -937.727
8 8 -1108.16
8 9 -1286.45
8 10 -1470.05
8 11 -1655.66
8 12 -1839.28
8 13 -2016.45
8 14 -2182.45
8 15 -2332.61
8 16 -2462.42
8 17 -2567.8
8 18 -2645.32
8 19 -2692.32
8 20 -2707.07
8 21 -2688.68
8 22 -2637.33
8 23 -2553.99
8 24 -2440.55
8 25 -2299.54
8 26 -2134.08
8 27 -1947.71
8 28 -1744.22
8 29 -1527.52
8 30 -1301.52
8 31 -1069.95
8 32 -836.405
8 33 -604.08
8 34 -375.938
8 35 -154.473
8 36 58.0895
8 37 259.992
8 38 449.721
8 39 626.175
8 40 788.444
8 41 935.937
8 42 1068.2
8 43 1184.99
8 44 1286.15
8 45 1371.65
8 46 1441.5
8 47 1495.73
8 48 1534.41
8 49 1557.6
8 50 1565.32
8 51 1557.6
8 52 1534.41
8 53 1495.73
8 54 1441.5
8 55 1371.65
8 56 1286.15
8 57 1184.99
8 58 1068.2
8 59 935.937
8 60 788.444
8 61 626.175
8 62 449.721
8 63 259.992
8 64 58.0895
8 65 -154.473
8 66 -375.938
8 67 -604.08
8 68 -836.405
8 69 -1069.95
8 70 -1301.52
8 71 -1527.52
8 72 -1744.22
8 73 -1947.71
8 74 -2134.08
8 75 -2299.54
8 76 -2440.55
8 77 -2553.99
8 78 -2637.33
8 79 -2688.68
8 80 -2707.07
8 81 -2692.32
8 82 -2645.32
8 83 -2567.8
8 84 -2462.42
8 85 -2332.61
8 86 -2182.45
8 87 -2016.45
8 88 -1839.28
8 89 -1655.66
8 90 -1470.05
8 91 -1286.45
8 92 -1108.16
8 93 -937.727
8 94 -776.953
8 95 -626.54
8 96 -486.398
8 97 -355.592
8 98 -232.494
8 99 -114.81
8 100 0

9 0 0
9 1 -138.447
9 2 -279.695
9 3 -426.32
9 4 -580.386
9 5 -743.358
9 6 -915.743
9 7 -1097.25
9 8 -1286.45
9 9 -1480.98
9 10 -1677.64
9 11 -1872.38
9 12 -2060.6
9 13 -2237.38
9 14 -2397.67
9 15 -2536.65
9 16 -2649.91
9 17 -2733.68
9 18 -2785.07
9 19 -2802.06
9 20 -2783.79
9 21 -2730.37
9 22 -2642.89
9 23 -2523.41
9 24 -2374.67
9 25 -2200.13
9 26 -2003.61
9 27 -1789.25
9 28 -1561.25
9 29 -1323.82
9 30 -1080.94
9 31 -836.366
9 32 -593.477
9 33 -355.283
9 34 -124.357
9 35 97.1298
9 36 307.429
9 37 505.151
9 38 689.273
9 39 859.043
9 40 1014
9 41 1153.84
9 42 1278.49
9 43 1387.93
9 44 1482.3
9 45 1561.71
9 46 1626.37
9 47 1676.43
9 48 1712.08
9 49 1733.4
9 50 1740.51
9 51 1733.4
9 52 1712.08
9 53 1676.43
9 54 1626.37
9 55 1561.71
9 56 1482.3
9 57 1387.93
9 58 1278.49
9 59 1153.84
9 60 1014
9 61 859.043
9 62 689.273
9 63 505.151
9 64 307.429
9 65 97.1298
9 66 -124.357
9 67 -355.283
9 68 -593.477
9 69 -836.366
9 70 -1080.94
9 71 -1323.82
9 72 -1561.25
9 73 -1789.25
9 74 -2003.61
9 75 -2200.13
9 76 -2374.67
9 77 -2523.41
9 78 -2642.89
9 79 -2730.37
9 80 -2783.79
9 81 -2802.06
9 82 -2785.07
9 83 -2733.68
9 84 -2649.91
9 85 -2536.65
9 86 -2397.67
9 87 -2237.38
9 88 -2060.6
9 89 -1872.38
9 90 -1677.64
9 91 -1480.98
9 92 -1286.45
9 93 -1097.25
9 94 -915.743
9 95 -743.358
9 96 -580.386
9 97 -426.32
9 98 -279.695
9 99 -138.447
9 100 0

10 0 0
10 1 -164.495
10 2 -331.572
10 3 -503.596
10 4 -682.355
10 5 -868.799
10 6 -1063.11
10 7 -1264.21
10 8 -1470.05
10 9 -1677.64
10 10 -1882.98
10 11 -2081.41
10 12 -2267.85
10 13 -2436.98
10 14 -2583.71
10 15 -2703.27
10 16 -2791.65
10 17 -2845.67
10 18 -2863.2
10 19 -2843.31
10 20 -2786.09
10 21 -2692.86
10 22 -2565.89
10 23 -2408.23
10 24 -2223.71
10 25 -2016.51
10 26 -1791.19
10 27 -1552.3
10 28 -1304.37
10 29 -1051.65
10 30 -798.096
10 31 -547.22
10 32 -302.097
10 33 -65.29
10 34 161.088
10 35 375.405
10 36 576.421
10 37 763.295
10 38 935.477
10 39 1092.72
10 40 1234.94
10 41 1362.27
10 42 1474.91
10 43 1573.19
10 44 1657.42
10 45 1727.98
10 46 1785.18
10 47 1829.34
10 48 1860.68
10 49 1879.42
10 50 1885.65
10 51 1879.42
10 52 1860.68
10 53 1829.34
10 54 1785.18
10 55 1727.98
10 56 1657.42
10 57 1573.19
10 58 1474.91
10 59 1362.27
10 60 1234.94
10 61 1092.72
10 62 935.477
10 63 763.295
10 64 576.421
10 65 375.405
10 66 161.088
10 67 -65.29
10 68 -302.097
10 69 -547.22
10 70 -798.096
10 71 -1051.65
10 72 -1304.37
10 73 -1552.3
10 74 -1791.19
10 75 -2016.51
10 76 -2223.71
10 77 -2408.23
10 78 -2565.89
10 79 -2692.86
10 80 -2786.09
10 81 -2843.31
10 82 -2863.2
10 83 -2845.67
10 84 -2791.65
10 85 -2703.27
10 86 -2583.71
10 87 -2436.98
10 88 -2267.85
10 89 -2081.41
10 90 -1882.98
10 91 -1677.64
10 92 -1470.05
10 93 -1264.21
10 94 -1063.11
10 95 -868.799
10 96 -682.355
10 97 -503.596
10 98 -331.572
10 99 -164.495
10 100 0

11 0 0
11 1 -192.741
11 2 -387.675
11 3 -586.751
11 4 -791.186
11 5 -1001.43
11 6 -1216.92
11 7 -1435.91
11 8 -1655.66
11 9 -1872.38
11 10 -2081.41
11 11 -2277.58
11 12 -2455.43
11 13 -2609.56
11 14 -2734.95
11 15 -2827.28
11 16 -2883.15
11 17 -2900.35
11 18 -2877.78
11 19 -2815.71
11 20 -2715.6
11 21 -2579.97
11 22 -2412.3
11 23 -2216.82
11 24 -1998.17
11 25 -1761.36
11 26 -1511.38
11 27 -1253.15
11 28 -991.213
11 29 -729.788
11 30 -472.497
11 31 -222.516
11 32 17.6542
11 33 245.942
11 34 460.913
11 35 661.482
11 36 847.079
11 37 1017.38
11 38 1172.42
11 39 1312.39
11 40 1437.68
11 41 1548.75
11 42 1646.15
11 43 1730.46
11 44 1802.21
11 45 1861.95
11 46 1910.13
11 47 1947.17
11 48 1973.39
11 49 1989.03
11 50 1994.22
11 51 1989.03
11 52 1973.39
11 53 1947.17
11 54 1910.13
11 55 1861.95
11 56 1802.21
11 57 1730.46
11 58 1646.15
11 59 1548.75
11 60 1437.68
11 61 1312.39
11 62 1172.42
11 63 1017.38
11 64 847.079
11 65 661.482
11 66 460.913
11 67 245.942
11 68 17.6542
11 69 -222.516
11 70 -472.497
11 71 -729.788
11 72 -991.213
11 73 -1253.15
11 74 -1511.38
11 75 -1761.36
11 76 -1998.17
11 77 -2216.82
11 78 -2412.3
11 79 -2579.97
11 80 -2715.6
11 81 -2815.71
11 82 -2877.78
11 83 -2900.35
11 84 -2883.15
11 85 -2827.28
11 86 -2734.95
11 87 -2609.56
11 88 -2455.43
11 89 -2277.58
11 90 -2081.41
11 91 -1872.38
11 92 -1655.66
11 93 -1435.91
11 94 -1216.92
11 95 -1001.43
11 96 -791.186
11 97 -586.751
11 98 -387.675
11 99 -192.741
11 100 0

12 0 0
12 1 -222.902
12 2 -447.398
12 3 -674.67
12 4 -905.339
12 5 -1139.08
12 6 -1374.46
12 7 -1609.07
12 8 -1839.28
12 9 -2060.6
12 10 -2267.85
12 11 -2455.43
12 12 -2617.77
12 13 -2749.59
12 14 -2846.35
12 15 -2904.39
12 16 -2921.31
12 17 -2896.04
12 18 -2828.87
12 19 -2721.45
12 20 -2576.61
12 21 -2398.27
12 22 -2191.11
12 23 -1960.32
12 24 -1711.44
12 25 -1449.92
12 26 -1181.18
12 27 -910.105
12 28 -641.198
12 29 -378.286
12 30 -124.59
12 31 117.355
12 32 345.62
12 33 558.893
12 34 756.35
12 35 937.657
12 36 1102.8
12 37 1252.11
12 38 1386.08
12 39 1505.43
12 40 1610.86
12 41 1703.25
12 42 1783.36
12 43 1852.02
12 44 1909.92
12 45 1957.77
12 46 1996.09
12 47 2025.41
12 48 2046.06
12 49 2058.36
12 50 2062.42
12 51 2058.36
12 52 2046.06
12 53 2025.41
12 54 1996.09
12 55 1957.77
12 56 1909.92
12 57 1852.02
12 58 1783.36
12 59 1703.25
12 60 1610.86
12 61 1505.43
12 62 1386.08
12 63 1252.11
12 64 1102.8
12 65 937.657
12 66 756.35
12 67 558.893
12 68 345.62
12 69 117.355
12 70 -124.59
12 71 -378.286
12 72 -641.198
12 73 -910.105
12 74 -1181.18
12 75 -1449.92
12 76 -1711.44
12 77 -1960.32
12 78 -2191.11
12 79 -2398.27
12 80 -2576.61
12 81 -2721.45
12 82 -2828.87
12 83 -2896.04
12 84 -2921.31
12 85 -2904.39
12 86 -2846.35
12 87 -2749.59
12 88 -2617.77
12 89 -2455.43
12 90 -2267.85
12 91 -2060.6
12 92 -1839.28
12 93 -1609.07
12 94 -1374.46
12 95 -1139.08
12 96 -905.339
12 97 -674.67
12 98 -447.398
12 99 -222.902
12 100 0

13 0 0
13 1 -254.534
13 2 -509.737
13 3 -765.941
13 4 -1022.83
13 5 -1279.12
13 6 -1532.58
13 7 -1779.8
13 8 -2016.45
13 9 -2237.38
13 10 -2436.98
13 11 -2609.56
13 12 -2749.59
13 13 -2852.33
13 14 -2913.88
13 15 -2931.7
13 16 -2904.64
13 17 -2833.05
13 18 -2718.75
13 19 -2564.92
13 20 -2375.89
13 21 -2156.83
13 22 -1913.55
13 23 -1652.16
13 24 -1378.7
13 25 -1099.08
13 26 -818.631
13 27 -542.209
13 28 -273.853
13 29 -16.9202
13 30 226.051
13 31 453.209
13 32 663.41
13 33 856.062
13 34 1031.11
13 35 1188.85
13 36 1329.94
13 37 1455.2
13 38 1565.67
13 39 1662.39
13 40 1746.48
13 41 1818.99
13 42 1880.99
13 43 1933.38
13 44 1977.05
13 45 2012.71
13 46 2041.05
13 47 2062.53
13 48 2077.6
13 49 2086.51
13 50 2089.48
13 51 2086.51
13 52 2077.6
13 53 2062.53
13 54 2041.05
13 55 2012.71
13 56 1977.05
13 57 1933.38
13 58 1880.99
13 59 1818.99
13 60 1746.48
13 61 1662.39
13 62 1565.67
13 63 1455.2
13 64 1329.94
13 65 1188.85
13 66 1031.11
13 67 856.062
13 68 663.41
13 69 453.209
13 70 226.051
13 71 -16.9202
13 72 -273.853
13 73 -542.209
13 74 -818.631
13 75 -1099.08
13 76 -1378.7
13 77 -1652.16
13 78 -1913.55
13 79 -2156.83
13 80 -2375.89
13 81 -2564.92
13 82 -2718.75
13 83 -2833.05
13 84 -2904.64
13 85 -2931.7
13 86 -2913.88
13 87 -2852.33
13 88 -2749.59
13 89 -2609.56
13 90 -2436.98
13 91 -2237.38
13 92 -2016.45
13 93 -1779.8
13 94 -1532.58
13 95 -1279.12
13 96 -1022.83
13 97 -765.941
13 98 -509.737
13 99 -254.534
13 100 0

14 0 0
14 1 -287.025
14 2 -573.531
14 3 -858.796
14 4 -1141.24
14 5 -1418.61
14 6 -1687.58
14 7 -1943.87
14 8 -2182.45
14 9 -2397.67
14 10 -2583.71
14 11 -2734.95
14 12 -2846.35
14 13 -2913.88
14 14 -2934.82
14 15 -2907.88
14 16 -2833.5
14 17 -2713.64
14 18 -2551.83
14 19 -2352.77
14 20 -2122.21
14 21 -1866.58
14 22 -1592.56
14 23 -1306.92
14 24 -1016.09
14 25 -725.934
14 26 -441.709
14 27 -167.719
14 28 92.4722
14 29 336.324
14 30 561.991
14 31 768.533
14 32 955.537
14 33 1123.26
14 34 1272.31
14 35 1403.67
14 36 1518.52
14 37 1618.22
14 38 1704.13
14 39 1777.65
14 40 1840.14
14 41 1892.85
14 42 1936.94
14 43 1973.46
14 44 2003.31
14 45 2027.28
14 46 2046.03
14 47 2060.07
14 48 2069.82
14 49 2075.56
14 50 2077.45
14 51 2075.56
14 52 2069.82
14 53 2060.07
14 54 2046.03
14 55 2027.28
14 56 2003.31
14 57 1973.46
14 58 1936.94
14 59 1892.85
14 60 1840.14
14 61 1777.65
14 62 1704.13
14 63 1618.22
14 64 1518.52
14 65 1403.67
14 66 1272.31
14 67 1123.26
14 68 955.537
14 69 768.533
14 70 561.991
14 71 336.324
14 72 92.4722
14 73 -167.719
14 74 -441.709
14 75 -725.934
14 76 -1016.09
14 77 -1306.92
14 78 -1592.56
14 79 -1866.58
14 80 -2122.21
14 81 -2352.77
14 82 -2551.83
14 83 -2713.64
14 84 -2833.5
14 85 -2907.88
14 86 -2934.82
14 87 -2913.88
14 88 -2846.35
14 89 -2734.95
14 90 -2583.71
14 91 -2397.67
14 92 -2182.45
14 93 -1943.87
14 94 -1687.58
14 95 -1418.61
14 96 -1141.24
14 97 -858.796
14 98 -573.531
14 99 -287.025
14 100 0

15 0 0
15 1 -319.687
15 2 -637.509
15 3 -951.146
15 4 -1257.91
15 5 -1554.17
15 6 -1835.56
15 7 -2096.94
15 8 -2332.61
15 9 -2536.65
15 10 -2703.27
15 11 -2827.28
15 12 -2904.39
15 13 -2931.7
15 14 -2907.88
15 15 -2833.32
15 16 -2710.15
15 17 -2542.13
15 18 -2334.43
15 19 -2093.4
15 20 -1826
15 21 -1539.68
15 22 -1241.87
15 23 -939.628
15 24 -639.441
15 25 -347.002
15 26 -66.989
15 27 196.845
15 28 441.827
15 29 666.183
15 30 869.054
15 31 1050.28
15 32 1210.36
15 33 1350.22
15 34 1471.21
15 35 1574.82
15 36 1662.77
15 37 1736.71
15 38 1798.39
15 39 1849.35
15 40 1891.14
15 41 1925.09
15 42 1952.45
15 43 1974.24
15 44 1991.42
15 45 2004.71
15 46 2014.79
15 47 2022.11
15 48 2027.09
15 49 2029.95
15 50 2030.91
15 51 2029.95
15 52 2027.09
15 53 2022.11
15 54 2014.79
15 55 2004.71
15 56 1991.42
15 57 1974.24
15 58 1952.45
15 59 1925.09
15 60 1891.14
15 61 1849.35
15 62 1798.39
15 63 1736.71
15 64 1662.77
15 65 1574.82
15 66 1471.21
15 67 1350.22
15 68 1210.36
15 69 1050.28
15 70 869.054
15 71 666.183
15 72 441.827
15 73 196.845
15 74 -66.989
15 75 -347.002
15 76 -639.441
15 77 -939.628
15 78 -1241.87
15 79 -1539.68
15 80 -1826
15 81 -2093.4
15 82 -2334.43
15 83 -2542.13
15 84 -2710.15
15 85 -2833.32
15 86 -2907.88
15 87 -2931.7
15 88 -2904.39
15 89 -2827.28
15 90 -2703.27
15 91 -2536.65
15 92 -2332.61
15 93 -2096.94
15 94 -1835.56
15 95 -1554.17
15 96 -1257.91
15 97 -951.146
15 98 -637.509
15 99 -319.687
15 100 0

16 0 0
16 1 -351.819
16 2 -700.065
16 3 -1040.88
16 4 -1369.92
16 5 -1682.33
16 6 -1972.52
16 7 -2234.61
16 8 -2462.42
16 9 -2649.91
16 10 -2791.65
16 11 -2883.15
16 12 -2921.31
16 13 -2904.64
16 14 -2833.5
16 15 -2710.15
16 16 -2538.59
16 17 -2324.43
16 18 -2074.52
16 19 -1796.53
16 20 -1498.63
16 21 -1188.94
16 22 -875.282
16 23 -564.791
16 24 -263.684
16 25 22.9208
16 26 290.99
16 27 537.717
16 28 761.301
16 29 960.983
16 30 1136.79
16 31 1289.49
16 32 1420.32
16 33 1530.95
16 34 1623.22
16 35 1699.19
16 36 1760.81
16 37 1810.13
16 38 1848.95
16 39 1879.04
16 40 1901.91
16 41 1918.99
16 42 1931.41
16 43 1940.25
16 44 1946.33
16 45 1950.4
16 46 1952.98
16 47 1954.56
16 48 1955.45
16 49 1955.9
16 50 1956.03
16 51 1955.9
16 52 1955.45
16 53 1954.56
16 54 1952.98
16 55 1950.4
16 56 1946.33
16 57 1940.25
16 58 1931.41
16 59 1918.99
16 60 1901.91
16 61 1879.04
16 62 1848.95
16 63 1810.13
16 64 1760.81
16 65 1699.19
16 66 1623.22
16 67 1530.95
16 68 1420.32
16 69 1289.49
16 70 1136.79
16 71 960.983
16 72 761.301
16 73 537.717
16 74 290.99
16 75 22.9208
16 76 -263.684
16 77 -564.791
16 78 -875.282
16 79 -1188.94
16 80 -1498.63
16 81 -1796.53
16 82 -2074.52
16 83 -2324.43
16 84 -2538.59
16 85 -2710.15
16 86 -2833.5
16 87 -2904.64
16 88 -2921.31
16 89 -2883.15
16 90 -2791.65
16 91 -2649.91
16 92 -2462.42
16 93 -2234.61
16 94 -1972.52
16 95 -1682.33
16 96 -1369.92
16 97 -1040.88
16 98 -700.065
16 99 -351.819
16 100 0

17 0 0
17 1 -382.611
17 2 -759.706
17 3 -1125.61
17 4 -1474.32
17 5 -1799.51
17 6 -2094.57
17 7 -2352.8
17 8 -2567.8
17 9 -2733.68
17 10 -2845.67
17 11 -2900.35
17 12 -2896.04
17 13 -2833.05
17 14 -2713.64
17 15 -2542.13
17 16 -2324.43
17 17 -2067.96
17 18 -1781.1
17 19 -1472.73
17 20 -1151.81
17 21 -826.926
17 22 -505.952
17 23 -195.706
17 24 98.154
17 25 371.241
17 26 620.571
17 27 844.225
17 28 1041.56
17 29 1212.72
17 30 1358.75
17 31 1481.16
17 32 1581.96
17 33 1663.34
17 34 1727.65
17 35 1777.22
17 36 1814.32
17 37 1841.05
17 38 1859.35
17 39 1870.94
17 40 1877.36
17 41 1879.9
17 42 1879.7
17 43 1877.65
17 44 1874.56
17 45 1871
17 46 1867.5
17 47 1864.4
17 48 1862.02
17 49 1860.5
17 50 1859.99
17 51 1860.5
17 52 1862.02
17 53 1864.4
17 54 1867.5
17 55 1871
17 56 1874.56
17 57 1877.65
17 58 1879.7
17 59 1879.9
17 60 1877.36
17 61 1870.94
17 62 1859.35
17 63 1841.05
17 64 1814.32
17 65 1777.22
17 66 1727.65
17 67 1663.34
17 68 1581.96
17 69 1481.16
17 70 1358.75
17 71 1212.72
17 72 1041.56
17 73 844.225
17 74 620.571
17 75 371.241
17 76 98.154
17 77 -195.706
17 78 -505.952
17 79 -826.926
17 80 -1151.81
17 81 -1472.73
17 82 -1781.1
17 83 -2067.96
17 84 -2324.43
17 85 -2542.13
17 86 -2713.64
17 87 -2833.05
17 88 -2896.04
17 89 -2900.35
17 90 -2845.67
17 91 -2733.68
17 92 -2567.8
17 93 -2352.8
17 94 -2094.57
17 95 -1799.51
17 96 -1474.32
17 97 -1125.61
17 98 -759.706
17 99 -382.611
17 100 0

18 0 0
18 1 -411.211
18 2 -814.806
18 3 -1203.04
18 4 -1568.18
18 5 -1902.39
18 6 -2198.04
18 7 -2447.86
18 8 -2645.32
18 9 -2785.07
18 10 -2863.2
18 11 -2877.78
18 12 -2828.87
18 13 -2718.75
18 14 -2551.83
18 15 -2334.43
18 16 -2074.52
18 17 -1781.1
18 18 -1463.89
18 19 -1132.7
18 20 -797.01
18 21 -465.478
18 22 -145.652
18 23 156.175
18 24 435.25
18 25 688.202
18 26 913.061
18 27 1109.15
18 28 1276.76
18 29 1417.15
18 30 1532.12
18 31 1624
18 32 1695.3
18 33 1748.75
18 34 1786.92
18 35 1812.43
18 36 1827.57
18 37 1834.52
18 38 1835.16
18 39 1831.16
18 40 1823.9
18 41 1814.59
18 42 1804.2
18 43 1793.53
18 44 1783.22
18 45 1773.77
18 46 1765.58
18 47 1758.93
18 48 1754.04
18 49 1751.06
18 50 1750.05
18 51 1751.06
18 52 1754.04
18 53 1758.93
18 54 1765.58
18 55 1773.77
18 56 1783.22
18 57 1793.53
18 58 1804.2
18 59 1814.59
18 60 1823.9
18 61 1831.16
18 62 1835.16
18 63 1834.52
18 64 1827.57
18 65 1812.43
18 66 1786.92
18 67 1748.75
18 68 1695.3
18 69 1624
18 70 1532.12
18 71 1417.15
18 72 1276.76
18 73 1109.15
18 74 913.061
18 75 688.202
18 76 435.25
18 77 156.175
18 78 -145.652
18 79 -465.478
18 80 -797.01
18 81 -1132.7
18 82 -1463.89
18 83 -1781.1
18 84 -2074.52
18 85 -2334.43
18 86 -2551.83
18 87 -2718.75
18 88 -2828.87
18 89 -2877.78
18 90 -2863.2
18 91 -2785.07
18 92 -2645.32
18 93 -2447.86
18 94 -2198.04
18 95 -1902.39
18 96 -1568.18
18 97 -1203.04
18 98 -814.806
18 99 -411.211
18 100 0

19 0 0
19 1 -436.835
19 2 -863.753
19 3 -1270.94
19 4 -1648.72
19 5 -1987.89
19 6 -2279.75
19 7 -2516.68
19 8 -2692.32
19 9 -2802.06
19 10 -2843.31
19 11 -2815.71
19 12 -2721.45
19 13 -2564.92
19 14 -2352.77
19 15 -2093.4
19 16 -1796.53
19 17 -1472.73
19 18 -1132.7
19 19 -786.891
19 20 -444.881
19 21 -115.093
19 22 195.51
19 23 481.624
19 24 739.446
19 25 966.853
19 26 1163.06
19 27 1328.47
19 28 1464.53
19 29 1573.29
19 30 1657.43
19 31 1719.76
19 32 1763.35
19 33 1791.11
19 34 1805.91
19 35 1810.29
19 36 1806.66
19 37 1797.03
19 38 1783.2
19 39 1766.65
19 40 1748.65
19 41 1730.18
19 42 1712.08
19 43 1694.98
19 44 1679.4
19 45 1665.68
19 46 1654.15
19 47 1644.99
19 48 1638.36
19 49 1634.34
19 50 1633
19 51 1634.34
19 52 1638.36
19 53 1644.99
19 54 1654.15
19 55 1665.68
19 56 1679.4
19 57 1694.98
19 58 1712.08
19 59 1730.18
19 60 1748.65
19 61 1766.65
19 62 1783.2
19 63 1797.03
19 64 1806.66
19 65 1810.29
19 66 1805.91
19 67 1791.11
19 68 1763.35
19 69 1719.76
19 70 1657.43
19 71 1573.29
19 72 1464.53
19 73 1328.47
19 74 1163.06
19 75 966.853
19 76 739.446
19 77 481.624
19 78 195.51
19 79 -115.093
19 80 -444.881
19 81 -786.891
19 82 -1132.7
19 83 -1472.73
19 84 -1796.53
19 85 -2093.4
19 86 -2352.77
19 87 -2564.92
19 88 -2721.45
19 89 -2815.71
19 90 -2843.31
19 91 -2802.06
19 92 -2692.32
19 93 -2516.68
19 94 -2279.75
19 95 -1987.89
19 96 -1648.72
19 97 -1270.94
19 98 -863.753
19 99 -436.835
19 100 0

20 0 0
20 1 -458.722
20 2 -905.15
20 3 -1327.25
20 4 -1713.52
20 5 -2053.25
20 6 -2337.05
20 7 -2556.94
20 8 -2707.07
20 9 -2783.79
20 10 -2786.09
20 11 -2715.6
20 12 -2576.61
20 13 -2375.89
20 14 -2122.21
20 15 -1826
20 16 -1498.63
20 17 -1151.81
20 18 -797.01
20 19 -444.881
20 20 -104.831
20 21 215.369
20 22 509.641
20 23 773.761
20 24 1005.25
20 25 1203.17
20 26 1367.98
20 27 1501.24
20 28 1605.27
20 29 1683.02
20 30 1737.69
20 31 1772.62
20 32 1791.11
20 33 1796.25
20 34 1790.89
20 35 1777.61
20 36 1758.59
20 37 1735.76
20 38 1710.66
20 39 1684.64
20 40 1658.67
20 41 1633.64
20 42 1610.11
20 43 1588.63
20 44 1569.49
20 45 1553.01
20 46 1539.31
20 47 1528.59
20 48 1520.84
20 49 1516.21
20 50 1514.64
20 51 1516.21
20 52 1520.84
20 53 1528.59
20 54 1539.31
20 55 1553.01
20 56 1569.49
20 57 1588.63
20 58 1610.11
20 59 1633.64
20 60 1658.67
20 61 1684.64
20 62 1710.66
20 63 1735.76
20 64 1758.59
20 65 1777.61
20 66 1790.89
20 67 1796.25
20 68 1791.11
20 69 1772.62
20 70 1737.69
20 71 1683.02
20 72 1605.27
20 73 1501.24
20 74 1367.98
20 75 1203.17
20 76 1005.25
20 77 773.761
20 78 509.641
20 79 215.369
20 80 -104.831
20 81 -444.881
20 82 -797.01
20 83 -1151.81
20 84 -1498.63
20 85 -1826
20 86 -2122.21
20 87 -2375.89
20 88 -2576.61
20 89 -2715.6
20 90 -2786.09
20 91 -2783.79
20 92 -2707.07
20 93 -2556.94
20 94 -2337.05
20 95 -2053.25
20 96 -1713.52
20 97 -1327.25
20 98 -905.15
20 99 -458.722
20 100 0

21 0 0
21 1 -476.19
21 2 -937.675
21 3 -1370.23
21 4 -1760.47
21 5 -2096.42
21 6 -2367.93
21 7 -2567.11
21 8 -2688.68
21 9 -2730.37
21 10 -2692.86
21 11 -2579.97
21 12 -2398.27
21 13 -2156.83
21 14 -1866.58
21 15 -1539.68
21 16 -1188.94
21 17 -826.926
21 18 -465.478
21 19 -115.093
21 20 215.369
21 21 519.004
21 22 790.93
21 23 1028.22
21 24 1229.67
21 25 1395.69
21 26 1527.91
21 27 1628.87
21 28 1701.81
21 29 1750.23
21 30 1777.86
21 31 1788.28
21 32 1784.92
21 33 1770.89
21 34 1748.96
21 35 1721.52
21 36 1690.57
21 37 1657.79
21 38 1624.51
21 39 1591.8
21 40 1560.46
21 41 1531.12
21 42 1504.22
21 43 1480.08
21 44 1458.92
21 45 1440.88
21 46 1426.06
21 47 1414.49
21 48 1406.23
21 49 1401.26
21 50 1399.61
21 51 1401.26
21 52 1406.23
21 53 1414.49
21 54 1426.06
21 55 1440.88
21 56 1458.92
21 57 1480.08
21 58 1504.22
21 59 1531.12
21 60 1560.46
21 61 1591.8
21 62 1624.51
21 63 1657.79
21 64 1690.57
21 65 1721.52
21 66 1748.96
21 67 1770.89
21 68 1784.92
21 69 1788.28
21 70 1777.86
21 71 1750.23
21 72 1701.81
21 73 1628.87
21 74 1527.91
21 75 1395.69
21 76 1229.67
21 77 1028.22
21 78 790.93
21 79 519.004
21 80 215.369
21 81 -115.093
21 82 -465.478
21 83 -826.926
21 84 -1188.94
21 85 -1539.68
21 86 -1866.58
21 87 -2156.83
21 88 -2398.27
21 89 -2579.97
21 90 -2692.86
21 91 -2730.37
21 92 -2688.68
21 93 -2567.11
21 94 -2367.93
21 95 -2096.42
21 96 -1760.47
21 97 -1370.23
21 98 -937.675
21 99 -476.19
21 100 0

22 0 0
22 1 -488.703
22 2 -960.319
22 3 -1398.45
22 4 -1788
22 5 -2115.79
22 6 -2371.19
22 7 -2546.48
22 8 -2637.33
22 9 -2642.89
22 10 -2565.89
22 11 -2412.3
22 12 -2191.11
22 13 -1913.55
22 14 -1592.56
22 15 -1241.87
22 16 -875.282
22 17 -505.952
22 18 -145.652
22 19 195.51
22 20 509.641
22 21 790.93
22 22 1035.85
22 23 1242.82
22 24 1412.08
22 25 1545.22
22 26 1644.96
22 27 1714.79
22 28 1758.54
22 29 1780.28
22 30 1783.93
22 31 1773.26
22 32 1751.64
22 33 1722.07
22 34 1687.14
22 35 1648.97
22 36 1609.34
22 37 1569.62
22 38 1530.9
22 39 1493.99
22 40 1459.48
22 41 1427.78
22 42 1399.17
22 43 1373.83
22 44 1351.84
22 45 1333.26
22 46 1318.08
22 47 1306.31
22 48 1297.92
22 49 1292.9
22 50 1291.22
22 51 1292.9
22 52 1297.92
22 53 1306.31
22 54 1318.08
22 55 1333.26
22 56 1351.84
22 57 1373.83
22 58 1399.17
22 59 1427.78
22 60 1459.48
22 61 1493.99
22 62 1530.9
22 63 1569.62
22 64 1609.34
22 65 1648.97
22 66 1687.14
22 67 1722.07
22 68 1751.64
22 69 1773.26
22 70 1783.93
22 71 1780.28
22 72 1758.54
22 73 1714.79
22 74 1644.96
22 75 1545.22
22 76 1412.08
22 77 1242.82
22 78 1035.85
22 79 790.93
22 80 509.641
22 81 195.51
22 82 -145.652
22 83 -505.952
22 84 -875.282
22 85 -1241.87
22 86 -1592.56
22 87 -1913.55
22 88 -2191.11
22 89 -2412.3
22 90 -2565.89
22 91 -2642.89
22 92 -2637.33
22 93 -2546.48
22 94 -2371.19
22 95 -2115.79
22 96 -1788
22 97 -1398.45
22 98 -960.319
22 99 -488.703
22 100 0

23 0 0
23 1 -495.818
23 2 -972.274
23 3 -1410.94
23 4 -1795.08
23 5 -2110.54
23 6 -2346.35
23 7 -2495.27
23 8 -2553.99
23 9 -2523.41
23 10 -2408.23
23 11 -2216.82
23 12 -1960.32
23 13 -1652.16
23 14 -1306.92
23 15 -939.628
23 16 -564.791
23 17 -195.706
23 18 156.175
23 19 481.624
23 20 773.761
23 21 1028.22
23 22 1242.82
23 23 1417.5
23 24 1553.69
23 25 1654.3
23 26 1722.88
23 27 1763.66
23 28 1781.01
23 29 1779.23
23 30 1762.44
23 31 1734.28
23 32 1698.07
23 33 1656.51
23 34 1611.97
23 35 1566.24
23 36 1520.83
23 37 1476.79
23 38 1434.98
23 39 1395.93
23 40 1360.05
23 41 1327.54
23 42 1298.54
23 43 1273.1
23 44 1251.21
23 45 1232.82
23 46 1217.89
23 47 1206.35
23 48 1198.15
23 49 1193.25
23 50 1191.62
23 51 1193.25
23 52 1198.15
23 53 1206.35
23 54 1217.89
23 55 1232.82
23 56 1251.21
23 57 1273.1
23 58 1298.54
23 59 1327.54
23 60 1360.05
23 61 1395.93
23 62 1434.98
23 63 1476.79
23 64 1520.83
23 65 1566.24
23 66 1611.97
23 67 1656.51
23 68 1698.07
23 69 1734.28
23 70 1762.44
23 71 1779.23
23 72 1781.01
23 73 1763.66
23 74 1722.88
23 75 1654.3
23 76 1553.69
23 77 1417.5
23 78 1242.82
23 79 1028.22
23 80 773.761
23 81 481.624
23 82 156.175
23 83 -195.706
23 84 -564.791
23 85 -939.628
23 86 -1306.92
23 87 -1652.16
23 88 -1960.32
23 89 -2216.82
23 90 -2408.23
23 91 -2523.41
23 92 -2553.99
23 93 -2495.27
23 94 -2346.35
23 95 -2110.54
23 96 -1795.08
23 97 -1410.94
23 98 -972.274
23 99 -495.818
23 100 0

24 0 0
24 1 -497.271
24 2 -973.076
24 3 -1407.1
24 4 -1781.22
24 5 -2080.46
24 6 -2293.75
24 7 -2414.44
24 8 -2440.55
24 9 -2374.67
24 10 -2223.71
24 11 -1998.17
24 12 -1711.44
24 13 -1378.7
24 14 -1016.09
24 15 -639.441
24 16 -263.684
24 17 98.154
24 18 435.25
24 19 739.446
24 20 1005.25
24 21 1229.67
24 22 1412.08
24 23 1553.69
24 24 1657.35
24 25 1726.74
24 26 1766.4
24 27 1780.97
24 28 1775.18
24 29 1753.45
24 30 1719.81
24 31 1677.83
24 32 1630.48
24 33 1580.26
24 34 1529.13
24 35 1478.63
24 36 1429.89
24 37 1383.73
24 38 1340.7
24 39 1301.16
24 40 1265.27
24 41 1233.14
24 42 1204.72
24 43 1179.99
24 44 1158.83
24 45 1141.17
24 46 1126.87
24 47 1115.87
24 48 1108.06
24 49 1103.41
24 50 1101.85
24 51 1103.41
24 52 1108.06
24 53 1115.87
24 54 1126.87
24 55 1141.17
24 56 1158.83
24 57 1179.99
24 58 1204.72
24 59 1233.14
24 60 1265.27
24 61 1301.16
24 62 1340.7
24 63 1383.73
24 64 1429.89
24 65 1478.63
24 66 1529.13
24 67 1580.26
24 68 1630.48
24 69 1677.83
24 70 1719.81
24 71 1753.45
24 72 1775.18
24 73 1780.97
24 74 1766.4
24 75 1726.74
24 76 1657.35
24 77 1553.69
24 78 1412.08
24 79 1229.67
24 80 1005.25
24 81 739.446
24 82 435.25
24 83 98.154
24 84 -263.684
24 85 -639.441
24 86 -1016.09
24 87 -1378.7
24 88 -1711.44
24 89 -1998.17
24 90 -2223.71
24 91 -2374.67
24 92 -2440.55
24 93 -2414.44
24 94 -2293.75
24 95 -2080.46
24 96 -1781.22
24 97 -1407.1
24 98 -973.076
24 99 -497.271
24 100 0

25 0 0
25 1 -492.947
25 2 -962.546
25 3 -1386.84
25 4 -1746.52
25 5 -2026.03
25 6 -2214.4
25 7 -2305.78
25 8 -2299.54
25 9 -2200.13
25 10 -2016.51
25 11 -1761.36
25 12 -1449.92
25 13 -1099.08
25 14 -725.934
25 15 -347.002
25 16 22.9208
25 17 371.241
25 18 688.202
25 19 966.853
25 20 1203.17
25 21 1395.69
25 22 1545.22
25 23 1654.3
25 24 1726.74
25 25 1767.27
25 26 1780.79
25 27 1772.46
25 28 1747.03
25 29 1708.96
25 30 1662.07
25 31 1609.66
25 32 1554.39
25 33 1498.41
25 34 1443.33
25 35 1390.35
25 36 1340.3
25 37 1293.73
25 38 1250.95
25 39 1212.11
25 40 1177.24
25 41 1146.27
25 42 1119.12
25 43 1095.6
25 44 1075.62
25 45 1058.98
25 46 1045.58
25 47 1035.27
25 48 1028
25 49 1023.65
25 50 1022.21
25 51 1023.65
25 52 1028
25 53 1035.27
25 54 1045.58
25 55 1058.98
25 56 1075.62
25 57 1095.6
25 58 1119.12
25 59 1146.27
25 60 1177.24
25 61 1212.11
25 62 1250.95
25 63 1293.73
25 64 1340.3
25 65 1390.35
25 66 1443.33
25 67 1498.41
25 68 1554.39
25 69 1609.66
25 70 1662.07
25 71 1708.96
25 72 1747.03
25 73 1772.46
25 74 1780.79
25 75 1767.27
25 76 1726.74
25 77 1654.3
25 78 1545.22
25 79 1395.69
25 80 1203.17
25 81 966.853
25 82 688.202
25 83 371.241
25 84 22.9208
25 85 -347.002
25 86 -725.934
25 87 -1099.08
25 88 -1449.92
25 89 -1761.36
25 90 -2016.51
25 91 -2200.13
25 92 -2299.54
25 93 -2305.78
25 94 -2214.4
25 95 -2026.03
25 96 -1746.52
25 97 -1386.84
25 98 -962.546
25 99 -492.947
25 100 0

26 0 0
26 1 -482.878
26 2 -940.817
26 3 -1350.48
26 4 -1691.63
26 5 -1948.36
26 6 -2110.01
26 7 -2171.62
26 8 -2134.08
26 9 -2003.61
26 10 -1791.19
26 11 -1511.38
26 12 -1181.18
26 13 -818.631
26 14 -441.709
26 15 -66.989
26 16 290.99
26 17 620.571
26 18 913.061
26 19 1163.06
26 20 1367.98
26 21 1527.91
26 22 1644.96
26 23 1722.88
26 24 1766.4
26 25 1780.79
26 26 1771.5
26 27 1743.71
26 28 1702.24
26 29 1651.31
26 30 1594.5
26 31 1534.74
26 32 1474.36
26 33 1415.08
26 34 1358.21
26 35 1304.57
26 36 1254.77
26 37 1209.04
26 38 1167.56
26 39 1130.25
26 40 1097.06
26 41 1067.79
26 42 1042.28
26 43 1020.31
26 44 1001.71
26 45 986.28
26 46 973.885
26 47 964.378
26 48 957.667
26 49 953.667
26 50 952.342
26 51 953.667
26 52 957.667
26 53 964.378
26 54 973.885
26 55 986.28
26 56 1001.71
26 57 1020.31
26 58 1042.28
26 59 1067.79
26 60 1097.06
26 61 1130.25
26 62 1167.56
26 63 1209.04
26 64 1254.77
26 65 1304.57
26 66 1358.21
26 67 1415.08
26 68 1474.36
26 69 1534.74
26 70 1594.5
26 71 1651.31
26 72 1702.24
26 73 1743.71
26 74 1771.5
26 75 1780.79
26 76 1766.4
26 77 1722.88
26 78 1644.96
26 79 1527.91
26 80 1367.98
26 81 1163.06
26 82 913.061
26 83 620.571
26 84 290.99
26 85 -66.989
26 86 -441.709
26 87 -818.631
26 88 -1181.18
26 89 -1511.38
26 90 -1791.19
26 91 -2003.61
26 92 -2134.08
26 93 -2171.62
26 94 -2110.01
26 95 -1948.36
26 96 -1691.63
26 97 -1350.48
26 98 -940.817
26 99 -482.878
26 100 0

27 0 0
27 1 -467.279
27 2 -908.333
27 3 -1298.76
27 4 -1617.68
27 5 -1849.1
27 6 -1982.8
27 7 -2014.9
27 8 -1947.71
27 9 -1789.25
27 10 -1552.3
27 11 -1253.15
27 12 -910.105
27 13 -542.209
27 14 -167.719
27 15 196.845
27 16 537.717
27 17 844.225
27 18 1109.15
27 19 1328.47
27 20 1501.24
27 21 1628.87
27 22 1714.79
27 23 1763.66
27 24 1780.97
27 25 1772.46
27 26 1743.71
27 27 1699.97
27 28 1645.85
27 29 1585.29
27 30 1521.52
27 31 1457.1
27 32 1393.9
27 33 1333.36
27 34 1276.35
27 35 1223.48
27 36 1175
27 37 1131.05
27 38 1091.52
27 39 1056.3
27 40 1025.15
27 41 997.879
27 42 974.196
27 43 953.909
27 44 936.767
27 45 922.61
27 46 911.241
27 47 902.553
27 48 896.411
27 49 892.767
27 50 891.549
27 51 892.767
27 52 896.411
27 53 902.553
27 54 911.241
27 55 922.61
27 56 936.767
27 57 953.909
27 58 974.196
27 59 997.879
27 60 1025.15
27 61 1056.3
27 62 1091.52
27 63 1131.05
27 64 1175
27 65 1223.48
27 66 1276.35
27 67 1333.36
27 68 1393.9
27 69 1457.1
27 70 1521.52
27 71 1585.29
27 72 1645.85
27 73 1699.97
27 74 1743.71
27 75 1772.46
27 76 1780.97
27 77 1763.66
27 78 1714.79
27 79 1628.87
27 80 1501.24
27 81 1328.47
27 82 1109.15
27 83 844.225
27 84 537.717
27 85 196.845
27 86 -167.719
27 87 -542.209
27 88 -910.105
27 89 -1253.15
27 90 -1552.3
27 91 -1789.25
27 92 -1947.71
27 93 -2014.9
27 94 -1982.8
27 95 -1849.1
27 96 -1617.68
27 97 -1298.76
27 98 -908.333
27 99 -467.279
27 100 0

28 0 0
28 1 -446.458
28 2 -865.77
28 3 -1232.79
28 4 -1526.3
28 5 -1730.38
28 6 -1835.49
28 7 -1838.84
28 8 -1744.22
28 9 -1561.25
28 10 -1304.37
28 11 -991.213
28 12 -641.198
28 13 -273.853
28 14 92.4722
28 15 441.827
28 16 761.301
28 17 1041.56
28 18 1276.76
28 19 1464.53
28 20 1605.27
28 21 1701.81
28 22 1758.54
28 23 1781.01
28 24 1775.18
28 25 1747.03
28 26 1702.24
28 27 1645.85
28 28 1582.2
28 29 1514.89
28 30 1446.71
28 31 1379.82
28 32 1315.71
28 33 1255.42
28 34 1199.55
28 35 1148.39
28 36 1102.03
28 37 1060.36
28 38 1023.22
28 39 990.319
28 40 961.427
28 41 936.203
28 42 914.431
28 43 895.797
28 44 880.136
28 45 867.185
28 46 856.844
28 47 848.909
28 48 843.343
28 49 840.007
28 50 838.922
28 51 840.007
28 52 843.343
28 53 848.909
28 54 856.844
28 55 867.185
28 56 880.136
28 57 895.797
28 58 914.431
28 59 936.203
28 60 961.427
28 61 990.319
28 62 1023.22
28 63 1060.36
28 64 1102.03
28 65 1148.39
28 66 1199.55
28 67 1255.42
28 68 1315.71
28 69 1379.82
28 70 1446.71
28 71 1514.89
28 72 1582.2
28 73 1645.85
28 74 1702.24
28 75 1747.03
28 76 1775.18
28 77 1781.01
28 78 1758.54
28 79 1701.81
28 80 1605.27
28 81 1464.53
28 82 1276.76
28 83 1041.56
28 84 761.301
28 85 441.827
28 86 92.4722
28 87 -273.853
28 88 -641.198
28 89 -991.213
28 90 -1304.37
28 91 -1561.25
28 92 -1744.22
28 93 -1838.84
28 94 -1835.49
28 95 -1730.38
28 96 -1526.3
28 97 -1232.79
28 98 -865.77
28 99 -446.458
28 100 0

29 0 0
