0 0 0
0 1 0
0 2 0
0 3 0
0 4 0
0 5 0
0 6 0
0 7 0
0 8 0
0 9 0
0 10 0
0 11 0
0 12 0
0 13 0
0 14 0
0 15 0
0 16 0
0 17 0
0 18 0
0 19 0
0 20 0
0 21 0
0 22 0
0 23 0
0 24 0
0 25 0
0 26 0
0 27 0
0 28 0
0 29 0
0 30 0
0 31 0
0 32 0
0 33 0
0 34 0
0 35 0
0 36 0
0 37 0
0 38 0
0 39 0
0 40 0
0 41 0
0 42 0
0 43 0
0 44 0
0 45 0
0 46 0
0 47 0
0 48 0
0 49 0
0 50 0
0 51 0
0 52 0
0 53 0
0 54 0
0 55 0
0 56 0
0 57 0
0 58 0
0 59 0
0 60 0
0 61 0
0 62 0
0 63 0
0 64 0
0 65 0
0 66 0
0 67 0
0 68 0
0 69 0
0 70 0
0 71 0
0 72 0
0 73 0
0 74 0
0 75 0
0 76 0
0 77 0
0 78 0
0 79 0
0 80 0
0 81 0
0 82 0
0 83 0
0 84 0
0 85 0
0 86 0
0 87 0
0 88 0
0 89 0
0 90 0
0 91 0
0 92 0
0 93 0
0 94 0
0 95 0
0 96 0
0 97 0
0 98 0
0 99 0
0 100 0

1 0 0
1 1 144.297
1 2 284.361
1 3 416.219
1 4 536.285
1 5 641.617
1 6 730.001
1 7 799.98
1 8 850.967
1 9 883.087
1 10 897.164
1 11 894.604
1 12 877.198
1 13 847.041
1 14 806.368
1 15 757.408
1 16 702.332
1 17 643.141
1 18 581.643
1 19 519.363
1 20 457.63
1 21 397.473
1 22 339.714
1 23 284.979
1 24 233.696
1 25 186.128
1 26 142.395
1 27 102.558
1 28 66.5506
1 29 34.2461
1 30 5.45759
1 31 -20.0042
1 32 -42.3692
1 33 -61.9035
1 34 -78.8682
1 35 -93.4898
1 36 -106.009
1 37 -116.695
1 38 -125.724
1 39 -133.339
1 40 -139.699
1 41 -144.981
1 42 -149.326
1 43 -152.873
1 44 -155.724
1 45 -157.986
1 46 -159.727
1 47 -161.021
1 48 -161.908
1 49 -162.429
1 50 -162.599
1 51 -162.429
1 52 -161.908
1 53 -161.021
1 54 -159.727
1 55 -157.986
1 56 -155.724
1 57 -152.873
1 58 -149.326
1 59 -144.981
1 60 -139.699
1 61 -133.339
1 62 -125.724
1 63 -116.695
1 64 -106.009
1 65 -93.4898
1 66 -78.8682
1 67 -61.9035
1 68 -42.3692
1 69 -20.0042
1 70 5.45759
1 71 34.2461
1 72 66.5506
1 73 102.558
1 74 142.395
1 75 186.128
1 76 233.696
1 77 284.979
1 78 339.714
1 79 397.473
1 80 457.63
1 81 519.363
1 82 581.643
1 83 643.141
1 84 702.332
1 85 757.408
1 86 806.368
1 87 847.041
1 88 877.198
1 89 894.604
1 90 897.164
1 91 883.087
1 92 850.967
1 93 799.98
1 94 730.001
1 95 641.617
1 96 536.285
1 97 416.219
1 98 284.361
1 99 144.297
1 100 0

2 0 0
2 1 284.361
2 2 560.402
2 3 820.299
2 4 1057.01
2 5 1264.73
2 6 1439.1
2 7 1577.29
2 8 1678.11
2 9 1741.87
2 10 1770.17
2 11 1765.79
2 12 1732.25
2 13 1673.68
2 14 1594.47
2 15 1499.02
2 16 1391.57
2 17 1276.06
2 18 1155.97
2 19 1034.33
2 20 913.683
2 21 796.088
2 22 683.113
2 23 575.969
2 24 475.463
2 25 382.138
2 26 296.245
2 27 217.882
2 28 146.906
2 29 83.0902
2 30 26.1287
2 31 -24.3807
2 32 -68.889
2 33 -107.89
2 34 -141.811
2 35 -171.194
2 36 -196.459
2 37 -218.051
2 38 -236.432
2 39 -251.967
2 40 -265.009
2 41 -275.898
2 42 -284.895
2 43 -292.275
2 44 -298.24
2 45 -302.988
2 46 -306.665
2 47 -309.402
2 48 -311.288
2 49 -312.394
2 50 -312.758
2 51 -312.394
2 52 -311.288
2 53 -309.402
2 54 -306.665
2 55 -302.988
2 56 -298.24
2 57 -292.275
2 58 -284.895
2 59 -275.898
2 60 -265.009
2 61 -251.967
2 62 -236.432
2 63 -218.051
2 64 -196.459
2 65 -171.194
2 66 -141.811
2 67 -107.89
2 68 -68.889
2 69 -24.3807
2 70 26.1287
2 71 83.0902
2 72 146.906
2 73 217.882
2 74 296.245
2 75 382.138
2 76 475.463
2 77 575.969
2 78 683.113
2 79 796.088
2 80 913.683
2 81 1034.33
2 82 1155.97
2 83 1276.06
2 84 1391.57
2 85 1499.02
2 86 1594.47
2 87 1673.68
2 88 1732.25
2 89 1765.79
2 90 1770.17
2 91 1741.87
2 92 1678.11
2 93 1577.29
2 94 1439.1
2 95 1264.73
2 96 1057.01
2 97 820.299
2 98 560.402
2 99 284.361
2 100 0

3 0 0
3 1 416.219
3 2 820.299
3 3 1200.79
3 4 1547.45
3 5 1851.8
3 6 2107.51
3 7 2310.44
3 8 2458.91
3 9 2553.32
3 10 2596.11
3 11 2591.28
3 12 2544.06
3 13 2460.43
3 14 2346.8
3 15 2209.57
3 16 2054.9
3 17 1888.49
3 18 1715.41
3 19 1540
3 20 1365.94
3 21 1196.12
3 22 1032.83
3 23 877.763
3 24 732.116
3 25 596.614
3 26 471.632
3 27 357.299
3 28 253.469
3 29 159.828
3 30 75.9089
3 31 1.2
3 32 -64.9088
3 33 -123.076
3 34 -174.001
3 35 -218.287
3 36 -256.585
3 37 -289.58
3 38 -317.777
3 39 -341.803
3 40 -362.112
3 41 -379.174
3 42 -393.388
3 43 -405.12
3 44 -414.674
3 45 -422.326
3 46 -428.288
3 47 -432.748
3 48 -435.833
3 49 -437.649
3 50 -438.245
3 51 -437.649
3 52 -435.833
3 53 -432.748
3 54 -428.288
3 55 -422.326
3 56 -414.674
3 57 -405.12
3 58 -393.388
3 59 -379.174
3 60 -362.112
3 61 -341.803
3 62 -317.777
3 63 -289.58
3 64 -256.585
3 65 -218.287
3 66 -174.001
3 67 -123.076
3 68 -64.9088
3 69 1.2
3 70 75.9089
3 71 159.828
3 72 253.469
3 73 357.299
3 74 471.632
3 75 596.614
3 76 732.116
3 77 877.763
3 78 1032.83
3 79 1196.12
3 80 1365.94
3 81 1540
3 82 1715.41
3 83 1888.49
3 84 2054.9
3 85 2209.57
3 86 2346.8
3 87 2460.43
3 88 2544.06
3 89 2591.28
3 90 2596.11
3 91 2553.32
3 92 2458.91
3 93 2310.44
3 94 2107.51
3 95 1851.8
3 96 1547.45
3 97 1200.79
3 98 820.299
3 99 416.219
3 100 0

4 0 0
4 1 536.285
4 2 1057.01
4 3 1547.45
4 4 1994.49
4 5 2387.27
4 6 2717.63
4 7 2980.35
4 8 3173.24
4 9 3296.91
4 10 3354.47
4 11 3351.12
4 12 3293.56
4 13 3189.51
4 14 3047.15
4 15 2874.7
4 16 2680.02
4 17 2470.35
4 18 2252.09
4 19 2030.76
4 20 1810.92
4 21 1596.27
4 22 1389.6
4 23 1193.05
4 24 1008.04
4 25 835.513
4 26 675.942
4 27 529.469
4 28 395.938
4 29 274.977
4 30 166.092
4 31 68.6316
4 32 -18.1061
4 33 -94.9208
4 34 -162.539
4 35 -221.799
4 36 -273.453
4 37 -318.211
4 38 -356.862
4 39 -389.998
4 40 -418.27
4 41 -442.22
4 42 -462.341
4 43 -479.084
4 44 -492.833
4 45 -503.919
4 46 -512.622
4 47 -519.16
4 48 -523.711
4 49 -526.391
4 50 -527.278
4 51 -526.391
4 52 -523.711
4 53 -519.16
4 54 -512.622
4 55 -503.919
4 56 -492.833
4 57 -479.084
4 58 -462.341
4 59 -442.22
4 60 -418.27
4 61 -389.998
4 62 -356.862
4 63 -318.211
4 64 -273.453
4 65 -221.799
4 66 -162.539
4 67 -94.9208
4 68 -18.1061
4 69 68.6316
4 70 166.092
4 71 274.977
4 72 395.938
4 73 529.469
4 74 675.942
4 75 835.513
4 76 1008.04
4 77 1193.05
4 78 1389.6
4 79 1596.27
4 80 1810.92
4 81 2030.76
4 82 2252.09
4 83 2470.35
4 84 2680.02
4 85 2874.7
4 86 3047.15
4 87 3189.51
4 88 3293.56
4 89 3351.12
4 90 3354.47
4 91 3296.91
4 92 3173.24
4 93 2980.35
4 94 2717.63
4 95 2387.27
4 96 1994.49
4 97 1547.45
4 98 1057.01
4 99 536.285
4 100 0

5 0 0
5 1 641.617
5 2 1264.73
5 3 1851.8
5 4 2387.27
5 5 2858.19
5 6 3254.88
5 7 3571.17
5 8 3804.46
5 9 3955.52
5 10 4028.14
5 11 4028.47
5 12 3964.59
5 13 3845.64
5 14 3681.4
5 15 3481.59
5 16 3255.54
5 17 3011.73
5 18 2757.73
5 19 2499.93
5 20 2243.67
5 21 1993.15
5 22 1751.66
5 23 1521.52
5 24 1304.43
5 25 1101.38
5 26 912.967
5 27 739.303
5 28 580.253
5 29 435.452
5 30 304.341
5 31 186.267
5 32 80.4366
5 33 -13.9012
5 34 -97.6447
5 35 -171.585
5 36 -236.57
5 37 -293.432
5 38 -342.89
5 39 -385.732
5 40 -422.593
5 41 -454.1
5 42 -480.819
5 43 -503.234
5 44 -521.793
5 45 -536.869
5 46 -548.778
5 47 -557.779
5 48 -564.067
5 49 -567.785
5 50 -569.013
5 51 -567.785
5 52 -564.067
5 53 -557.779
5 54 -548.778
5 55 -536.869
5 56 -521.793
5 57 -503.234
5 58 -480.819
5 59 -454.1
5 60 -422.593
5 61 -385.732
5 62 -342.89
5 63 -293.432
5 64 -236.57
5 65 -171.585
5 66 -97.6447
5 67 -13.9012
5 68 80.4366
5 69 186.267
5 70 304.341
5 71 435.452
5 72 580.253
5 73 739.303
5 74 912.967
5 75 1101.38
5 76 1304.43
5 77 1521.52
5 78 1751.66
5 79 1993.15
5 80 2243.67
5 81 2499.93
5 82 2757.73
5 83 3011.73
5 84 3255.54
5 85 3481.59
5 86 3681.4
5 87 3845.64
5 88 3964.59
5 89 4028.47
5 90 4028.14
5 91 3955.52
5 92 3804.46
5 93 3571.17
5 94 3254.88
5 95 2858.19
5 96 2387.27
5 97 1851.8
5 98 1264.73
5 99 641.617
5 100 0

6 0 0
6 1 730.001
6 2 1439.1
6 3 2107.51
6 4 2717.63
6 5 3254.88
6 6 3708.31
6 7 4071.01
6 8 4340.03
6 9 4516.3
6 10 4604.1
6 11 4610.47
6 12 4544.53
6 13 4416.71
6 14 4237.97
6 15 4019.37
6 16 3771.3
6 17 3503.35
6 18 3223.86
6 19 2940.03
6 20 2657.61
6 21 2381.24
6 22 2114.42
6 23 1859.69
6 24 1618.78
6 25 1392.78
6 26 1182.26
6 27 987.336
6 28 807.92
6 29 643.627
6 30 493.917
6 31 358.111
6 32 235.526
6 33 125.335
6 34 26.7381
6 35 -61.0886
6 36 -138.997
6 37 -207.735
6 38 -268.153
6 39 -320.903
6 40 -366.749
6 41 -406.277
6 42 -440.089
6 43 -468.697
6 44 -492.565
6 45 -512.087
6 46 -527.607
6 47 -539.391
6 48 -547.661
6 49 -552.558
6 50 -554.184
6 51 -552.558
6 52 -547.661
6 53 -539.391
6 54 -527.607
6 55 -512.087
6 56 -492.565
6 57 -468.697
6 58 -440.089
6 59 -406.277
6 60 -366.749
6 61 -320.903
6 62 -268.153
6 63 -207.735
6 64 -138.997
6 65 -61.0886
6 66 26.7381
6 67 125.335
6 68 235.526
6 69 358.111
6 70 493.917
6 71 643.627
6 72 807.92
6 73 987.336
6 74 1182.26
6 75 1392.78
6 76 1618.78
6 77 1859.69
6 78 2114.42
6 79 2381.24
6 80 2657.61
6 81 2940.03
6 82 3223.86
6 83 3503.35
6 84 3771.3
6 85 4019.37
6 86 4237.97
6 87 4416.71
6 88 4544.53
6 89 4610.47
6 90 4604.1
6 91 4516.3
6 92 4340.03
6 93 4071.01
6 94 3708.31
6 95 3254.88
6 96 2717.63
6 97 2107.51
6 98 1439.1
6 99 730.001
6 100 0

7 0 0
7 1 799.98
7 2 1577.29
7 3 2310.44
7 4 2980.35
7 5 3571.17
7 6 4071.01
7 7 4472.34
7 8 4771.97
7 9 4970.93
7 10 5073.9
7 11 5088.55
7 12 5024.85
7 13 4894.11
7 14 4708.34
7 15 4479.49
7 16 4218.89
7 17 3936.83
7 18 3642.34
7 19 3342.97
7 20 3044.91
7 21 2752.95
7 22 2470.76
7 23 2200.84
7 24 1944.96
7 25 1704.15
7 26 1478.97
7 27 1269.52
7 28 1075.65
7 29 897.031
7 30 733.144
7 31 583.419
7 32 447.116
7 33 323.616
7 34 212.136
7 35 111.924
7 36 22.2272
7 37 -57.6876
7 38 -128.516
7 39 -190.994
7 40 -245.725
7 41 -293.354
7 42 -334.427
7 43 -369.447
7 44 -398.875
7 45 -423.101
7 46 -442.461
7 47 -457.236
7 48 -467.632
7 49 -473.813
7 50 -475.859
7 51 -473.813
7 52 -467.632
7 53 -457.236
7 54 -442.461
7 55 -423.101
7 56 -398.875
7 57 -369.447
7 58 -334.427
7 59 -293.354
7 60 -245.725
7 61 -190.994
7 62 -128.516
7 63 -57.6876
7 64 22.2272
7 65 111.924
7 66 212.136
7 67 323.616
7 68 447.116
7 69 583.419
7 70 733.144
7 71 897.031
7 72 1075.65
7 73 1269.52
7 74 1478.97
7 75 1704.15
7 76 1944.96
7 77 2200.84
7 78 2470.76
7 79 2752.95
7 80 3044.91
7 81 3342.97
7 82 3642.34
7 83 3936.83
7 84 4218.89
7 85 4479.49
7 86 4708.34
7 87 4894.11
7 88 5024.85
7 89 5088.55
7 90 5073.9
7 91 4970.93
7 92 4771.97
7 93 4472.34
7 94 4071.01
7 95 3571.17
7 96 2980.35
7 97 2310.44
7 98 1577.29
7 99 799.98
7 100 0

8 0 0
8 1 850.967
8 2 1678.11
8 3 2458.91
8 4 3173.24
8 5 3804.46
8 6 4340.03
8 7 4771.97
8 8 5096.91
8 9 5315.89
8 10 5433.78
8 11 5458.72
8 12 5401.17
8 13 5273.15
8 14 5087.3
8 15 4856.28
8 16 4591.99
8 17 4305.29
8 18 4005.55
8 19 3700.69
8 20 3396.99
8 21 3099.39
8 22 2811.43
8 23 2535.65
8 24 2273.65
8 25 2026.39
8 26 1794.29
8 27 1577.41
8 28 1375.58
8 29 1188.46
8 30 1015.58
8 31 856.362
8 32 710.321
8 33 576.817
8 34 455.226
8 35 344.947
8 36 245.326
8 37 155.763
8 38 75.6261
8 39 4.37075
8 40 -58.641
8 41 -113.892
8 42 -161.917
8 43 -203.163
8 44 -238.042
8 45 -266.924
8 46 -290.122
8 47 -307.891
8 48 -320.442
8 49 -327.91
8 50 -330.392
8 51 -327.91
8 52 -320.442
8 53 -307.891
8 54 -290.122
8 55 -266.924
8 56 -238.042
8 57 -203.163
8 58 -161.917
8 59 -113.892
8 60 -58.641
8 61 4.37075
8 62 75.6261
8 63 155.763
8 64 245.326
8 65 344.947
8 66 455.226
8 67 576.817
8 68 710.321
8 69 856.362
8 70 1015.58
8 71 1188.46
8 72 1375.58
8 73 1577.41
8 74 1794.29
8 75 2026.39
8 76 2273.65
8 77 2535.65
8 78 2811.43
8 79 3099.39
8 80 3396.99
8 81 3700.69
8 82 4005.55
8 83 4305.29
8 84 4591.99
8 85 4856.28
8 86 5087.3
8 87 5273.15
8 88 5401.17
8 89 5458.72
8 90 5433.78
8 91 5315.89
8 92 5096.91
8 93 4771.97
8 94 4340.03
8 95 3804.46
8 96 3173.24
8 97 2458.91
8 98 1678.11
8 99 850.967
8 100 0

9 0 0
9 1 883.087
9 2 1741.87
9 3 2553.32
9 4 3296.91
9 5 3955.52
9 6 4516.3
9 7 4970.93
9 8 5315.89
9 9 5552.07
9 10 5684.46
9 11 5721.3
9 12 5673.36
9 13 5552.94
9 14 5373.16
9 15 5146.99
9 16 4886.8
9 17 4603.68
9 18 4307.35
9 19 4005.77
9 20 3705.37
9 21 3410.96
9 22 3126.04
9 23 2852.96
9 24 2593.19
9 25 2347.46
9 26 2116.06
9 27 1898.95
9 28 1695.86
9 29 1506.42
9 30 1330.16
9 31 1166.66
9 32 1015.42
9 33 875.974
9 34 747.882
9 35 630.62
9 36 523.752
9 37 426.799
9 38 339.321
9 39 260.816
9 40 190.897
9 41 129.065
9 42 74.9596
9 43 28.1771
9 44 -11.6221
9 45 -44.7494
9 46 -71.4732
9 47 -92.0235
9 48 -106.57
9 49 -115.251
9 50 -118.132
9 51 -115.251
9 52 -106.57
9 53 -92.0235
9 54 -71.4732
9 55 -44.7494
9 56 -11.6221
9 57 28.1771
9 58 74.9596
9 59 129.065
9 60 190.897
9 61 260.816
9 62 339.321
9 63 426.799
9 64 523.752
9 65 630.62
9 66 747.882
9 67 875.974
9 68 1015.42
9 69 1166.66
9 70 1330.16
9 71 1506.42
9 72 1695.86
9 73 1898.95
9 74 2116.06
9 75 2347.46
9 76 2593.19
9 77 2852.96
9 78 3126.04
9 79 3410.96
9 80 3705.37
9 81 4005.77
9 82 4307.35
9 83 4603.68
9 84 4886.8
9 85 5146.99
9 86 5373.16
9 87 5552.94
9 88 5673.36
9 89 5721.3
9 90 5684.46
9 91 5552.07
9 92 5315.89
9 93 4970.93
9 94 4516.3
9 95 3955.52
9 96 3296.91
9 97 2553.32
9 98 1741.87
9 99 883.087
9 100 0

10 0 0
10 1 897.164
10 2 1770.17
10 3 2596.11
10 4 3354.47
10 5 4028.14
10 6 4604.1
10 7 5073.9
10 8 5433.78
10 9 5684.46
10 10 5830.7
10 11 5880.7
10 12 5845.1
10 13 5736.36
10 14 5567.61
10 15 5352.07
10 16 5102.22
10 17 4829.42
10 18 4543.39
10 19 4252.27
10 20 3962.38
10 21 3678.52
10 22 3404
10 23 3141.02
10 24 2890.74
10 25 2653.73
10 26 2430.06
10 27 2219.51
10 28 2021.69
10 29 1836.1
10 30 1662.37
10 31 1500
10 32 1348.63
10 33 1207.9
10 34 1077.46
10 35 957.032
10 36 846.3
10 37 744.958
10 38 652.731
10 39 569.333
10 40 494.416
10 41 427.742
10 42 368.967
10 43 317.851
10 44 274.12
10 45 237.549
10 46 207.92
10 47 185.072
10 48 168.844
10 49 159.159
10 50 155.928
10 51 159.159
10 52 168.844
10 53 185.072
10 54 207.92
10 55 237.549
10 56 274.12
10 57 317.851
10 58 368.967
10 59 427.742
10 60 494.416
10 61 569.333
10 62 652.731
10 63 744.958
10 64 846.3
10 65 957.032
10 66 1077.46
10 67 1207.9
10 68 1348.63
10 69 1500
10 70 1662.37
10 71 1836.1
10 72 2021.69
10 73 2219.51
10 74 2430.06
10 75 2653.73
10 76 2890.74
10 77 3141.02
10 78 3404
10 79 3678.52
10 80 3962.38
10 81 4252.27
10 82 4543.39
10 83 4829.42
10 84 5102.22
10 85 5352.07
10 86 5567.61
10 87 5736.36
10 88 5845.1
10 89 5880.7
10 90 5830.7
10 91 5684.46
10 92 5433.78
10 93 5073.9
10 94 4604.1
10 95 4028.14
10 96 3354.47
10 97 2596.11
10 98 1770.17
10 99 897.164
10 100 0

11 0 0
11 1 894.604
11 2 1765.79
11 3 2591.28
11 4 3351.12
11 5 4028.47
11 6 4610.47
11 7 5088.55
11 8 5458.72
11 9 5721.3
11 10 5880.7
11 11 5944.64
11 12 5923.52
11 13 5829.47
11 14 5675.58
11 15 5474.91
11 16 5240.09
11 17 4982.4
11 18 4711.74
11 19 4436.2
11 20 4162.18
11 21 3894.3
11 22 3635.77
11 23 3388.55
11 24 3153.62
11 25 2931.27
11 26 2721.3
11 27 2523.29
11 28 2336.63
11 29 2160.79
11 30 1995.19
11 31 1839.41
11 32 1693.11
11 33 1555.96
11 34 1427.79
11 35 1308.42
11 36 1197.71
11 37 1095.54
11 38 1001.79
11 39 916.313
11 40 839.013
11 41 769.678
11 42 708.21
11 43 654.418
11 44 608.165
11 45 569.31
11 46 537.714
11 47 513.267
11 48 495.874
11 49 485.467
11 50 482.002
11 51 485.467
11 52 495.874
11 53 513.267
11 54 537.714
11 55 569.31
11 56 608.165
11 57 654.418
11 58 708.21
11 59 769.678
11 60 839.013
11 61 916.313
11 62 1001.79
11 63 1095.54
11 64 1197.71
11 65 1308.42
11 66 1427.79
11 67 1555.96
11 68 1693.11
11 69 1839.41
11 70 1995.19
11 71 2160.79
11 72 2336.63
11 73 2523.29
11 74 2721.3
11 75 2931.27
11 76 3153.62
11 77 3388.55
11 78 3635.77
11 79 3894.3
11 80 4162.18
11 81 4436.2
11 82 4711.74
11 83 4982.4
11 84 5240.09
11 85 5474.91
11 86 5675.58
11 87 5829.47
11 88 5923.52
11 89 5944.64
11 90 5880.7
11 91 5721.3
11 92 5458.72
11 93 5088.55
11 94 4610.47
11 95 4028.47
11 96 3351.12
11 97 2591.28
11 98 1765.79
11 99 894.604
11 100 0

12 0 0
12 1 877.198
12 2 1732.25
12 3 2544.06
12 4 3293.56
12 5 3964.59
12 6 4544.53
12 7 5024.85
12 8 5401.17
12 9 5673.36
12 10 5845.1
12 11 5923.52
12 12 5918.32
12 13 5841.16
12 14 5704.66
12 15 5521.77
12 16 5304.87
12 17 5065.38
12 18 4813.11
12 19 4556.31
12 20 4301.3
12 21 4052.75
12 22 3813.74
12 23 3586.11
12 24 3370.57
12 25 3167.17
12 26 2975.47
12 27 2794.77
12 28 2624.26
12 29 2463.12
12 30 2310.76
12 31 2166.63
12 32 2030.32
12 33 1901.59
12 34 1780.29
12 35 1666.38
12 36 1559.83
12 37 1460.68
12 38 1368.94
12 39 1284.68
12 40 1207.87
12 41 1138.56
12 42 1076.69
12 43 1022.26
12 44 975.22
12 45 935.533
12 46 903.141
12 47 878.011
12 48 860.084
12 49 849.351
12 50 845.767
12 51 849.351
12 52 860.084
12 53 878.011
12 54 903.141
12 55 935.533
12 56 975.22
12 57 1022.26
12 58 1076.69
12 59 1138.56
12 60 1207.87
12 61 1284.68
12 62 1368.94
12 63 1460.68
12 64 1559.83
12 65 1666.38
12 66 1780.29
12 67 1901.59
12 68 2030.32
12 69 2166.63
12 70 2310.76
12 71 2463.12
12 72 2624.26
12 73 2794.77
12 74 2975.47
12 75 3167.17
12 76 3370.57
12 77 3586.11
12 78 3813.74
12 79 4052.75
12 80 4301.3
12 81 4556.31
12 82 4813.11
12 83 5065.38
12 84 5304.87
12 85 5521.77
12 86 5704.66
12 87 5841.16
12 88 5918.32
12 89 5923.52
12 90 5845.1
12 91 5673.36
12 92 5401.17
12 93 5024.85
12 94 4544.53
12 95 3964.59
12 96 3293.56
12 97 2544.06
12 98 1732.25
12 99 877.198
12 100 0

13 0 0
13 1 847.041
13 2 1673.68
13 3 2460.43
13 4 3189.51
13 5 3845.64
13 6 4416.71
13 7 4894.11
13 8 5273.15
13 9 5552.94
13 10 5736.36
13 11 5829.47
13 12 5841.16
13 13 5782.2
13 14 5664.69
13 15 5501.09
13 16 5303.64
13 17 5083.61
13 18 4851
13 19 4614.02
13 20 4379.21
13 21 4151.24
13 22 3933.26
13 23 3726.93
13 24 3532.89
13 25 3350.95
13 26 3180.4
13 27 3020.26
13 28 2869.43
13 29 2726.94
13 30 2591.91
13 31 2463.63
13 32 2341.66
13 33 2225.68
13 34 2115.55
13 35 2011.27
13 36 1912.92
13 37 1820.62
13 38 1734.53
13 39 1654.8
13 40 1581.64
13 41 1515.11
13 42 1455.4
13 43 1402.54
13 44 1356.65
13 45 1317.75
13 46 1285.9
13 47 1261.1
13 48 1243.4
13 49 1232.76
13 50 1229.22
13 51 1232.76
13 52 1243.4
13 53 1261.1
13 54 1285.9
13 55 1317.75
13 56 1356.65
13 57 1402.54
13 58 1455.4
13 59 1515.11
13 60 1581.64
13 61 1654.8
13 62 1734.53
13 63 1820.62
13 64 1912.92
13 65 2011.27
13 66 2115.55
13 67 2225.68
13 68 2341.66
13 69 2463.63
13 70 2591.91
13 71 2726.94
13 72 2869.43
13 73 3020.26
13 74 3180.4
13 75 3350.95
13 76 3532.89
13 77 3726.93
13 78 3933.26
13 79 4151.24
13 80 4379.21
13 81 4614.02
13 82 4851
13 83 5083.61
13 84 5303.64
13 85 5501.09
13 86 5664.69
13 87 5782.2
13 88 5841.16
13 89 5829.47
13 90 5736.36
13 91 5552.94
13 92 5273.15
13 93 4894.11
13 94 4416.71
13 95 3845.64
13 96 3189.51
13 97 2460.43
13 98 1673.68
13 99 847.041
13 100 0

14 0 0
14 1 806.368
14 2 1594.47
14 3 2346.8
14 4 3047.15
14 5 3681.4
14 6 4237.97
14 7 4708.34
14 8 5087.3
14 9 5373.16
14 10 5567.61
14 11 5675.58
14 12 5704.66
14 13 5664.69
14 14 5566.83
14 15 5423.1
14 16 5245.29
14 17 5044.71
14 18 4831.34
14 19 4613.66
14 20 4398.36
14 21 4190.38
14 22 3992.91
14 23 3807.69
14 24 3635.31
14 25 3475.42
14 26 3327.09
14 27 3189.04
14 28 3059.96
14 29 2938.53
14 30 2823.61
14 31 2714.35
14 32 2610.04
14 33 2510.31
14 34 2414.95
14 35 2323.94
14 36 2237.36
14 37 2155.41
14 38 2078.32
14 39 2006.34
14 40 1939.75
14 41 1878.81
14 42 1823.71
14 43 1774.68
14 44 1731.88
14 45 1695.44
14 46 1665.49
14 47 1642.11
14 48 1625.37
14 49 1615.31
14 50 1611.95
14 51 1615.31
14 52 1625.37
14 53 1642.11
14 54 1665.49
14 55 1695.44
14 56 1731.88
14 57 1774.68
14 58 1823.71
14 59 1878.81
14 60 1939.75
14 61 2006.34
14 62 2078.32
14 63 2155.41
14 64 2237.36
14 65 2323.94
14 66 2414.95
14 67 2510.31
14 68 2610.04
14 69 2714.35
14 70 2823.61
14 71 2938.53
14 72 3059.96
14 73 3189.04
14 74 3327.09
14 75 3475.42
14 76 3635.31
14 77 3807.69
14 78 3992.91
14 79 4190.38
14 80 4398.36
14 81 4613.66
14 82 4831.34
14 83 5044.71
14 84 5245.29
14 85 5423.1
14 86 5566.83
14 87 5664.69
14 88 5704.66
14 89 5675.58
14 90 5567.61
14 91 5373.16
14 92 5087.3
14 93 4708.34
14 94 4237.97
14 95 3681.4
14 96 3047.15
14 97 2346.8
14 98 1594.47
14 99 806.368
14 100 0

15 0 0
15 1 757.408
15 2 1499.02
15 3 2209.57
15 4 2874.7
15 5 3481.59
15 6 4019.37
15 7 4479.49
15 8 4856.28
15 9 5146.99
15 10 5352.07
15 11 5474.91
15 12 5521.77
15 13 5501.09
15 14 5423.1
15 15 5298.97
15 16 5140.22
15 17 4957.94
15 18 4762.33
15 19 4562.03
15 20 4364.15
15 21 4173.89
15 22 3994.78
15 23 3828.74
15 24 3676.41
15 25 3537.38
15 26 3410.52
15 27 3294.42
15 28 3187.42
15 29 3087.9
15 30 2994.46
15 31 2905.92
15 32 2821.41
15 33 2740.32
15 34 2662.33
15 35 2587.31
15 36 2515.35
15 37 2446.58
15 38 2381.3
15 39 2319.79
15 40 2262.41
15 41 2209.44
15 42 2161.25
15 43 2118.05
15 44 2080.15
15 45 2047.71
15 46 2020.95
15 47 1999.99
15 48 1984.95
15 49 1975.88
15 50 1972.87
15 51 1975.88
15 52 1984.95
15 53 1999.99
15 54 2020.95
15 55 2047.71
15 56 2080.15
15 57 2118.05
15 58 2161.25
15 59 2209.44
15 60 2262.41
15 61 2319.79
15 62 2381.3
15 63 2446.58
15 64 2515.35
15 65 2587.31
15 66 2662.33
15 67 2740.32
15 68 2821.41
15 69 2905.92
15 70 2994.46
15 71 3087.9
15 72 3187.42
15 73 3294.42
15 74 3410.52
15 75 3537.38
15 76 3676.41
15 77 3828.74
15 78 3994.78
15 79 4173.89
15 80 4364.15
15 81 4562.03
15 82 4762.33
15 83 4957.94
15 84 5140.22
15 85 5298.97
15 86 5423.1
15 87 5501.09
15 88 5521.77
15 89 5474.91
15 90 5352.07
15 91 5146.99
15 92 4856.28
15 93 4479.49
15 94 4019.37
15 95 3481.59
15 96 2874.7
15 97 2209.57
15 98 1499.02
15 99 757.408
15 100 0

16 0 0
16 1 702.332
16 2 1391.57
16 3 2054.9
16 4 2680.02
16 5 3255.54
16 6 3771.3
16 7 4218.89
16 8 4591.99
16 9 4886.8
16 10 5102.22
16 11 5240.09
16 12 5304.87
16 13 5303.64
16 14 5245.29
16 15 5140.22
16 16 4999.37
16 17 4833.74
16 18 4653.56
16 19 4467.92
16 20 4284.3
16 21 4108.45
16 22 3944.28
16 23 3794.08
16 24 3658.66
16 25 3537.7
16 26 3430.06
16 27 3334.07
16 28 3247.85
16 29 3169.55
16 30 3097.35
16 31 3029.83
16 32 2965.82
16 33 2904.47
16 34 2845.26
16 35 2787.9
16 36 2732.36
16 37 2678.75
16 38 2627.28
16 39 2578.27
16 40 2532.06
16 41 2489.04
16 42 2449.5
16 43 2413.83
16 44 2382.29
16 45 2355.16
16 46 2332.65
16 47 2314.96
16 48 2302.23
16 49 2294.55
16 50 2291.98
16 51 2294.55
16 52 2302.23
16 53 2314.96
16 54 2332.65
16 55 2355.16
16 56 2382.29
16 57 2413.83
16 58 2449.5
16 59 2489.04
16 60 2532.06
16 61 2578.27
16 62 2627.28
16 63 2678.75
16 64 2732.36
16 65 2787.9
16 66 2845.26
16 67 2904.47
16 68 2965.82
16 69 3029.83
16 70 3097.35
16 71 3169.55
16 72 3247.85
16 73 3334.07
16 74 3430.06
16 75 3537.7
16 76 3658.66
16 77 3794.08
16 78 3944.28
16 79 4108.45
16 80 4284.3
16 81 4467.92
16 82 4653.56
16 83 4833.74
16 84 4999.37
16 85 5140.22
16 86 5245.29
16 87 5303.64
16 88 5304.87
16 89 5240.09
16 90 5102.22
16 91 4886.8
16 92 4591.99
16 93 4218.89
16 94 3771.3
16 95 3255.54
16 96 2680.02
16 97 2054.9
16 98 1391.57
16 99 702.332
16 100 0

17 0 0
17 1 643.141
17 2 1276.06
17 3 1888.49
17 4 2470.35
17 5 3011.73
17 6 3503.35
17 7 3936.83
17 8 4305.29
17 9 4603.68
17 10 4829.42
17 11 4982.4
17 12 5065.38
17 13 5083.61
17 14 5044.71
17 15 4957.94
17 16 4833.74
17 17 4682.78
17 18 4515.5
17 19 4341.34
17 20 4168.35
17 21 4002.87
17 22 3849.42
17 23 3710.76
17 24 3588.06
17 25 3481.23
17 26 3389.15
17 27 3310.09
17 28 3242.01
17 29 3182.68
17 30 3130.1
17 31 3082.44
17 32 3038.26
17 33 2996.4
17 34 2956.08
17 35 2916.83
17 36 2878.43
17 37 2840.87
17 38 2804.29
17 39 2768.95
17 40 2735.15
17 41 2703.24
17 42 2673.61
17 43 2646.55
17 44 2622.44
17 45 2601.51
17 46 2584.06
17 47 2570.26
17 48 2560.29
17 49 2554.27
17 50 2552.25
17 51 2554.27
17 52 2560.29
17 53 2570.26
17 54 2584.06
17 55 2601.51
17 56 2622.44
17 57 2646.55
17 58 2673.61
17 59 2703.24
17 60 2735.15
17 61 2768.95
17 62 2804.29
17 63 2840.87
17 64 2878.43
17 65 2916.83
17 66 2956.08
17 67 2996.4
17 68 3038.26
17 69 3082.44
17 70 3130.1
17 71 3182.68
17 72 3242.01
17 73 3310.09
17 74 3389.15
17 75 3481.23
17 76 3588.06
17 77 3710.76
17 78 3849.42
17 79 4002.87
17 80 4168.35
17 81 4341.34
17 82 4515.5
17 83 4682.78
17 84 4833.74
17 85 4957.94
17 86 5044.71
17 87 5083.61
17 88 5065.38
17 89 4982.4
17 90 4829.42
17 91 4603.68
17 92 4305.29
17 93 3936.83
17 94 3503.35
17 95 3011.73
17 96 2470.35
17 97 1888.49
17 98 1276.06
17 99 643.141
17 100 0

18 0 0
18 1 581.643
18 2 1155.97
18 3 1715.41
18 4 2252.09
18 5 2757.73
18 6 3223.86
18 7 3642.34
18 8 4005.55
18 9 4307.35
18 10 4543.39
18 11 4711.74
18 12 4813.11
18 13 4851
18 14 4831.34
18 15 4762.33
18 16 4653.56
18 17 4515.5
18 18 4358.62
18 19 4192.85
18 20 4026.76
18 21 3867.44
18 22 3720.13
18 23 3588.24
18 24 3473.46
18 25 3376
18 26 3294.96
18 27 3228.65
18 28 3174.83
18 29 3131.15
18 30 3095.27
18 31 3065.07
18 32 3038.74
18 33 3014.87
18 34 2992.34
18 35 2970.45
18 36 2948.76
18 37 2927.11
18 38 2905.47
18 39 2884.02
18 40 2862.98
18 41 2842.69
18 42 2823.41
18 43 2805.55
18 44 2789.34
18 45 2775.13
18 46 2763.13
18 47 2753.59
18 48 2746.64
18 49 2742.43
18 50 2741.01
18 51 2742.43
18 52 2746.64
18 53 2753.59
18 54 2763.13
18 55 2775.13
18 56 2789.34
18 57 2805.55
18 58 2823.41
18 59 2842.69
18 60 2862.98
18 61 2884.02
18 62 2905.47
18 63 2927.11
18 64 2948.76
18 65 2970.45
18 66 2992.34
18 67 3014.87
18 68 3038.74
18 69 3065.07
18 70 3095.27
18 71 3131.15
18 72 3174.83
18 73 3228.65
18 74 3294.96
18 75 3376
18 76 3473.46
18 77 3588.24
18 78 3720.13
18 79 3867.44
18 80 4026.76
18 81 4192.85
18 82 4358.62
18 83 4515.5
18 84 4653.56
18 85 4762.33
18 86 4831.34
18 87 4851
18 88 4813.11
18 89 4711.74
18 90 4543.39
18 91 4307.35
18 92 4005.55
18 93 3642.34
18 94 3223.86
18 95 2757.73
18 96 2252.09
18 97 1715.41
18 98 1155.97
18 99 581.643
18 100 0

19 0 0
19 1 519.363
19 2 1034.33
19 3 1540
19 4 2030.76
19 5 2499.93
19 6 2940.03
19 7 3342.97
19 8 3700.69
19 9 4005.77
19 10 4252.27
19 11 4436.2
19 12 4556.31
19 13 4614.02
19 14 4613.66
19 15 4562.03
19 16 4467.92
19 17 4341.34
19 18 4192.85
19 19 4032.67
19 20 3870.09
19 21 3712.96
19 22 3567.37
19 23 3437.45
19 24 3325.55
19 25 3232.39
19 26 3157.44
19 27 3099
19 28 3054.92
19 29 3022.66
19 30 2999.66
19 31 2983.5
19 32 2972.07
19 33 2963.6
19 34 2956.69
19 35 2950.37
19 36 2943.93
19 37 2937.01
19 38 2929.44
19 39 2921.22
19 40 2912.48
19 41 2903.45
19 42 2894.41
19 43 2885.58
19 44 2877.3
19 45 2869.79
19 46 2863.32
19 47 2858.06
19 48 2854.19
19 49 2851.82
19 50 2851.02
19 51 2851.82
19 52 2854.19
19 53 2858.06
19 54 2863.32
19 55 2869.79
19 56 2877.3
19 57 2885.58
19 58 2894.41
19 59 2903.45
19 60 2912.48
19 61 2921.22
19 62 2929.44
19 63 2937.01
19 64 2943.93
19 65 2950.37
19 66 2956.69
19 67 2963.6
19 68 2972.07
19 69 2983.5
19 70 2999.66
19 71 3022.66
19 72 3054.92
19 73 3099
19 74 3157.44
19 75 3232.39
19 76 3325.55
19 77 3437.45
19 78 3567.37
19 79 3712.96
19 80 3870.09
19 81 4032.67
19 82 4192.85
19 83 4341.34
19 84 4467.92
19 85 4562.03
19 86 4613.66
19 87 4614.02
19 88 4556.31
19 89 4436.2
19 90 4252.27
19 91 4005.77
19 92 3700.69
19 93 3342.97
19 94 2940.03
19 95 2499.93
19 96 2030.76
19 97 1540
19 98 1034.33
19 99 519.363
19 100 0

20 0 0
20 1 457.63
20 2 913.683
20 3 1365.94
20 4 1810.92
20 5 2243.67
20 6 2657.61
20 7 3044.91
20 8 3396.99
20 9 3705.37
20 10 3962.38
20 11 4162.18
20 12 4301.3
20 13 4379.21
20 14 4398.36
20 15 4364.15
20 16 4284.3
20 17 4168.35
20 18 4026.76
20 19 3870.09
20 20 3708.26
20 21 3549.95
20 22 3402.09
20 23 3269.71
20 24 3155.95
20 25 3062.2
20 26 2988.19
20 27 2932.64
20 28 2893.41
20 29 2867.93
20 30 2853.42
20 31 2847.26
20 32 2847
20 33 2850.59
20 34 2856.33
20 35 2862.92
20 36 2869.44
20 37 2875.28
20 38 2880.05
20 39 2883.62
20 40 2885.98
20 41 2887.23
20 42 2887.54
20 43 2887.15
20 44 2886.22
20 45 2885.04
20 46 2883.75
20 47 2882.57
20 48 2881.61
20 49 2881
20 50 2880.79
20 51 2881
20 52 2881.61
20 53 2882.57
20 54 2883.75
20 55 2885.04
20 56 2886.22
20 57 2887.15
20 58 2887.54
20 59 2887.23
20 60 2885.98
20 61 2883.62
20 62 2880.05
20 63 2875.28
20 64 2869.44
20 65 2862.92
20 66 2856.33
20 67 2850.59
20 68 2847
20 69 2847.26
20 70 2853.42
20 71 2867.93
20 72 2893.41
20 73 2932.64
20 74 2988.19
20 75 3062.2
20 76 3155.95
20 77 3269.71
20 78 3402.09
20 79 3549.95
20 80 3708.26
20 81 3870.09
20 82 4026.76
20 83 4168.35
20 84 4284.3
20 85 4364.15
20 86 4398.36
20 87 4379.21
20 88 4301.3
20 89 4162.18
20 90 3962.38
20 91 3705.37
20 92 3396.99
20 93 3044.91
20 94 2657.61
20 95 2243.67
20 96 1810.92
20 97 1365.94
20 98 913.683
20 99 457.63
20 100 0

21 0 0
21 1 397.473
21 2 796.088
21 3 1196.12
21 4 1596.27
21 5 1993.15
21 6 2381.24
21 7 2752.95
21 8 3099.39
21 9 3410.96
21 10 3678.52
21 11 3894.3
21 12 4052.75
21 13 4151.24
21 14 4190.38
21 15 4173.89
21 16 4108.45
21 17 4002.87
21 18 3867.44
21 19 3712.96
21 20 3549.95
21 21 3387.84
21 22 3234.5
21 23 3095.96
21 24 2976.22
21 25 2877.27
21 26 2799.55
21 27 2742.06
21 28 2702.87
21 29 2679.42
21 30 2668.87
21 31 2668.36
21 32 2675.21
21 33 2687.07
21 34 2701.97
21 35 2718.31
21 36 2734.9
21 37 2750.9
21 38 2765.73
21 39 2779.06
21 40 2790.72
21 41 2800.7
21 42 2809.08
21 43 2815.93
21 44 2821.47
21 45 2825.8
21 46 2829.11
21 47 2831.52
21 48 2833.16
21 49 2834.11
21 50 2834.42
21 51 2834.11
21 52 2833.16
21 53 2831.52
21 54 2829.11
21 55 2825.8
21 56 2821.47
21 57 2815.93
21 58 2809.08
21 59 2800.7
21 60 2790.72
21 61 2779.06
21 62 2765.73
21 63 2750.9
21 64 2734.9
21 65 2718.31
21 66 2701.97
21 67 2687.07
21 68 2675.21
21 69 2668.36
21 70 2668.87
21 71 2679.42
21 72 2702.87
21 73 2742.06
21 74 2799.55
21 75 2877.27
21 76 2976.22
21 77 3095.96
21 78 3234.5
21 79 3387.84
21 80 3549.95
21 81 3712.96
21 82 3867.44
21 83 4002.87
21 84 4108.45
21 85 4173.89
21 86 4190.38
21 87 4151.24
21 88 4052.75
21 89 3894.3
21 90 3678.52
21 91 3410.96
21 92 3099.39
21 93 2752.95
21 94 2381.24
21 95 1993.15
21 96 1596.27
21 97 1196.12
21 98 796.088
21 99 397.473
21 100 0

22 0 0
22 1 339.714
22 2 683.113
22 3 1032.83
22 4 1389.6
22 5 1751.66
22 6 2114.42
22 7 2470.76
22 8 2811.43
22 9 3126.04
22 10 3404
22 11 3635.77
22 12 3813.74
22 13 3933.26
22 14 3992.91
22 15 3994.78
22 16 3944.28
22 17 3849.42
22 18 3720.13
22 19 3567.37
22 20 3402.09
22 21 3234.5
22 22 3073.44
22 23 2925.94
22 24 2796.77
22 25 2688.91
22 26 2603.37
22 27 2539.65
22 28 2496.09
22 29 2470.25
22 30 2459.27
22 31 2460.13
22 32 2470
22 33 2486.24
22 34 2506.62
22 35 2529.29
22 36 2552.79
22 37 2576.05
22 38 2598.27
22 39 2618.96
22 40 2637.78
22 41 2654.59
22 42 2669.31
22 43 2682.03
22 44 2692.73
22 45 2701.59
22 46 2708.63
22 47 2714.01
22 48 2717.78
22 49 2720.03
22 50 2720.76
22 51 2720.03
22 52 2717.78
22 53 2714.01
22 54 2708.63
22 55 2701.59
22 56 2692.73
22 57 2682.03
22 58 2669.31
22 59 2654.59
22 60 2637.78
22 61 2618.96
22 62 2598.27
22 63 2576.05
22 64 2552.79
22 65 2529.29
22 66 2506.62
22 67 2486.24
22 68 2470
22 69 2460.13
22 70 2459.27
22 71 2470.25
22 72 2496.09
22 73 2539.65
22 74 2603.37
22 75 2688.91
22 76 2796.77
22 77 2925.94
22 78 3073.44
22 79 3234.5
22 80 3402.09
22 81 3567.37
22 82 3720.13
22 83 3849.42
22 84 3944.28
22 85 3994.78
22 86 3992.91
22 87 3933.26
22 88 3813.74
22 89 3635.77
22 90 3404
22 91 3126.04
22 92 2811.43
22 93 2470.76
22 94 2114.42
22 95 1751.66
22 96 1389.6
22 97 1032.83
22 98 683.113
22 99 339.714
22 100 0

23 0 0
23 1 284.979
23 2 575.969
23 3 877.763
23 4 1193.05
23 5 1521.52
23 6 1859.69
23 7 2200.84
23 8 2535.65
23 9 2852.96
23 10 3141.02
23 11 3388.55
23 12 3586.11
23 13 3726.93
23 14 3807.69
23 15 3828.74
23 16 3794.08
23 17 3710.76
23 18 3588.24
23 19 3437.45
23 20 3269.71
23 21 3095.96
23 22 2925.94
23 23 2767.5
23 24 2626.57
23 25 2506.91
23 26 2410.31
23 27 2336.8
23 28 2285.11
23 29 2252.99
23 30 2237.65
23 31 2236
23 32 2245.04
23 33 2261.95
23 34 2284.27
23 35 2309.89
23 36 2337.12
23 37 2364.66
23 38 2391.55
23 39 2417.06
23 40 2440.74
23 41 2462.29
23 42 2481.55
23 43 2498.44
23 44 2512.97
23 45 2525.12
23 46 2534.98
23 47 2542.57
23 48 2547.95
23 49 2551.17
23 50 2552.24
23 51 2551.17
23 52 2547.95
23 53 2542.57
23 54 2534.98
23 55 2525.12
23 56 2512.97
23 57 2498.44
23 58 2481.55
23 59 2462.29
23 60 2440.74
23 61 2417.06
23 62 2391.55
23 63 2364.66
23 64 2337.12
23 65 2309.89
23 66 2284.27
23 67 2261.95
23 68 2245.04
23 69 2236
23 70 2237.65
23 71 2252.99
23 72 2285.11
23 73 2336.8
23 74 2410.31
23 75 2506.91
23 76 2626.57
23 77 2767.5
23 78 2925.94
23 79 3095.96
23 80 3269.71
23 81 3437.45
23 82 3588.24
23 83 3710.76
23 84 3794.08
23 85 3828.74
23 86 3807.69
23 87 3726.93
23 88 3586.11
23 89 3388.55
23 90 3141.02
23 91 2852.96
23 92 2535.65
23 93 2200.84
23 94 1859.69
23 95 1521.52
23 96 1193.05
23 97 877.763
23 98 575.969
23 99 284.979
23 100 0

24 0 0
24 1 233.696
24 2 475.463
24 3 732.116
24 4 1008.04
24 5 1304.43
24 6 1618.78
24 7 1944.96
24 8 2273.65
24 9 2593.19
24 10 2890.74
24 11 3153.62
24 12 3370.57
24 13 3532.89
24 14 3635.31
24 15 3676.41
24 16 3658.66
24 17 3588.06
24 18 3473.46
24 19 3325.55
24 20 3155.95
24 21 2976.22
24 22 2796.77
24 23 2626.57
24 24 2472.45
24 25 2339.11
24 26 2229.1
24 27 2143.14
24 28 2080.37
24 29 2038.84
24 30 2015.85
24 31 2008.38
24 32 2013.27
24 33 2027.59
24 34 2048.63
24 35 2074.12
24 36 2102.13
24 37 2131.17
24 38 2160.07
24 39 2187.98
24 40 2214.26
24 41 2238.51
24 42 2260.44
24 43 2279.91
24 44 2296.78
24 45 2311.08
24 46 2322.72
24 47 2331.77
24 48 2338.21
24 49 2342.07
24 50 2343.35
24 51 2342.07
24 52 2338.21
24 53 2331.77
24 54 2322.72
24 55 2311.08
24 56 2296.78
24 57 2279.91
24 58 2260.44
24 59 2238.51
24 60 2214.26
24 61 2187.98
24 62 2160.07
24 63 2131.17
24 64 2102.13
24 65 2074.12
24 66 2048.63
24 67 2027.59
24 68 2013.27
24 69 2008.38
24 70 2015.85
24 71 2038.84
24 72 2080.37
24 73 2143.14
24 74 2229.1
24 75 2339.11
24 76 2472.45
24 77 2626.57
24 78 2796.77
24 79 2976.22
24 80 3155.95
24 81 3325.55
24 82 3473.46
24 83 3588.06
24 84 3658.66
24 85 3676.41
24 86 3635.31
24 87 3532.89
24 88 3370.57
24 89 3153.62
24 90 2890.74
24 91 2593.19
24 92 2273.65
24 93 1944.96
24 94 1618.78
24 95 1304.43
24 96 1008.04
24 97 732.116
24 98 475.463
24 99 233.696
24 100 0

25 0 0
25 1 186.128
25 2 382.138
25 3 596.614
25 4 835.513
25 5 1101.38
25 6 1392.78
25 7 1704.15
25 8 2026.39
25 9 2347.46
25 10 2653.73
25 11 2931.27
25 12 3167.17
25 13 3350.95
25 14 3475.42
25 15 3537.38
25 16 3537.7
25 17 3481.23
25 18 3376
25 19 3232.39
25 20 3062.2
25 21 2877.27
25 22 2688.91
25 23 2506.91
25 24 2339.11
25 25 2191.1
25 26 2066.31
25 27 1966.11
25 28 1890.18
25 29 1836.91
25 30 1803.82
25 31 1787.89
25 32 1785.97
25 33 1794.99
25 34 1812.11
25 35 1834.83
25 36 1861.09
25 37 1889.18
25 38 1917.8
25 39 1945.9
25 40 1972.76
25 41 1997.82
25 42 2020.74
25 43 2041.23
25 44 2059.18
25 45 2074.42
25 46 2086.95
25 47 2096.7
25 48 2103.68
25 49 2107.85
25 50 2109.25
25 51 2107.85
25 52 2103.68
25 53 2096.7
25 54 2086.95
25 55 2074.42
25 56 2059.18
25 57 2041.23
25 58 2020.74
25 59 1997.82
25 60 1972.76
25 61 1945.9
25 62 1917.8
25 63 1889.18
25 64 1861.09
25 65 1834.83
25 66 1812.11
25 67 1794.99
25 68 1785.97
25 69 1787.89
25 70 1803.82
25 71 1836.91
25 72 1890.18
25 73 1966.11
25 74 2066.31
25 75 2191.1
25 76 2339.11
25 77 2506.91
25 78 2688.91
25 79 2877.27
25 80 3062.2
25 81 3232.39
25 82 3376
25 83 3481.23
25 84 3537.7
25 85 3537.38
25 86 3475.42
25 87 3350.95
25 88 3167.17
25 89 2931.27
25 90 2653.73
25 91 2347.46
25 92 2026.39
25 93 1704.15
25 94 1392.78
25 95 1101.38
25 96 835.513
25 97 596.614
25 98 382.138
25 99 186.128
25 100 0

26 0 0
26 1 142.395
26 2 296.245
26 3 471.632
26 4 675.942
26 5 912.967
26 6 1182.26
26 7 1478.97
26 8 1794.29
26 9 2116.06
26 10 2430.06
26 11 2721.3
26 12 2975.47
26 13 3180.4
26 14 3327.09
26 15 3410.52
26 16 3430.06
26 17 3389.15
26 18 3294.96
26 19 3157.44
26 20 2988.19
26 21 2799.55
26 22 2603.37
26 23 2410.31
26 24 2229.1
26 25 2066.31
26 26 1926.18
26 27 1810.85
26 28 1720.52
26 29 1654.03
26 30 1609.1
26 31 1582.88
26 32 1572.2
26 33 1573.89
26 34 1585.02
26 35 1602.94
26 36 1625.43
26 37 1650.6
26 38 1677.02
26 39 1703.53
26 40 1729.26
26 41 1753.56
26 42 1776
26 43 1796.24
26 44 1814.05
26 45 1829.31
26 46 1841.87
26 47 1851.71
26 48 1858.74
26 49 1862.98
26 50 1864.39
26 51 1862.98
26 52 1858.74
26 53 1851.71
26 54 1841.87
26 55 1829.31
26 56 1814.05
26 57 1796.24
26 58 1776
26 59 1753.56
26 60 1729.26
26 61 1703.53
26 62 1677.02
26 63 1650.6
26 64 1625.43
26 65 1602.94
26 66 1585.02
26 67 1573.89
26 68 1572.2
26 69 1582.88
26 70 1609.1
26 71 1654.03
26 72 1720.52
26 73 1810.85
26 74 1926.18
26 75 2066.31
26 76 2229.1
26 77 2410.31
26 78 2603.37
26 79 2799.55
26 80 2988.19
26 81 3157.44
26 82 3294.96
26 83 3389.15
26 84 3430.06
26 85 3410.52
26 86 3327.09
26 87 3180.4
26 88 2975.47
26 89 2721.3
26 90 2430.06
26 91 2116.06
26 92 1794.29
26 93 1478.97
26 94 1182.26
26 95 912.967
26 96 675.942
26 97 471.632
26 98 296.245
26 99 142.395
26 100 0

27 0 0
27 1 102.558
27 2 217.882
27 3 357.299
27 4 529.469
27 5 739.303
27 6 987.336
27 7 1269.52
27 8 1577.41
27 9 1898.95
27 10 2219.51
27 11 2523.29
27 12 2794.77
27 13 3020.26
27 14 3189.04
27 15 3294.42
27 16 3334.07
27 17 3310.09
27 18 3228.65
27 19 3099
27 20 2932.64
27 21 2742.06
27 22 2539.65
27 23 2336.8
27 24 2143.14
27 25 1966.11
27 26 1810.85
27 27 1680.19
27 28 1575.02
27 29 1494.56
27 30 1436.87
27 31 1399.21
27 32 1378.49
27 33 1371.51
27 34 1375.24
27 35 1386.91
27 36 1404.15
27 37 1424.98
27 38 1447.79
27 39 1471.31
27 40 1494.61
27 41 1516.93
27 42 1537.76
27 43 1556.7
27 44 1573.51
27 45 1587.94
27 46 1599.92
27 47 1609.28
27 48 1616.02
27 49 1620.08
27 50 1621.43
27 51 1620.08
27 52 1616.02
27 53 1609.28
27 54 1599.92
27 55 1587.94
27 56 1573.51
27 57 1556.7
27 58 1537.76
27 59 1516.93
27 60 1494.61
27 61 1471.31
27 62 1447.79
27 63 1424.98
27 64 1404.15
27 65 1386.91
27 66 1375.24
27 67 1371.51
27 68 1378.49
27 69 1399.21
27 70 1436.87
27 71 1494.56
27 72 1575.02
27 73 1680.19
27 74 1810.85
27 75 1966.11
27 76 2143.14
27 77 2336.8
27 78 2539.65
27 79 2742.06
27 80 2932.64
27 81 3099
27 82 3228.65
27 83 3310.09
27 84 3334.07
27 85 3294.42
27 86 3189.04
27 87 3020.26
27 88 2794.77
27 89 2523.29
27 90 2219.51
27 91 1898.95
27 92 1577.41
27 93 1269.52
27 94 987.336
27 95 739.303
27 96 529.469
27 97 357.299
27 98 217.882
27 99 102.558
27 100 0

28 0 0
28 1 66.5506
28 2 146.906
28 3 253.469
28 4 395.938
28 5 580.253
28 6 807.92
28 7 1075.65
28 8 1375.58
28 9 1695.86
28 10 2021.69
28 11 2336.63
28 12 2624.26
28 13 2869.43
28 14 3059.96
28 15 3187.42
28 16 3247.85
28 17 3242.01
28 18 3174.83
28 19 3054.92
28 20 2893.41
28 21 2702.87
28 22 2496.09
28 23 2285.11
28 24 2080.37
28 25 1890.18
28 26 1720.52
28 27 1575.02
28 28 1455.15
28 29 1360.64
28 30 1289.85
28 31 1240.3
28 32 1208.92
28 33 1192.53
28 34 1188.03
28 35 1192.58
28 36 1203.68
28 37 1219.21
28 38 1237.47
28 39 1257.12
28 40 1277.08
28 41 1296.57
28 42 1314.99
28 43 1331.92
28 44 1347.02
28 45 1360.11
28 46 1370.96
28 47 1379.52
28 48 1385.67
28 49 1389.38
28 50 1390.62
28 51 1389.38
28 52 1385.67
28 53 1379.52
28 54 1370.96
28 55 1360.11
28 56 1347.02
28 57 1331.92
28 58 1314.99
28 59 1296.57
28 60 1277.08
28 61 1257.12
28 62 1237.47
28 63 1219.21
28 64 1203.68
28 65 1192.58
28 66 1188.03
28 67 1192.53
28 68 1208.92
28 69 1240.3
28 70 1289.85
28 71 1360.64
28 72 1455.15
28 73 1575.02
28 74 1720.52
28 75 1890.18
28 76 2080.37
28 77 2285.11
28 78 2496.09
28 79 2702.87
28 80 2893.41
28 81 3054.92
28 82 3174.83
28 83 3242.01
28 84 3247.85
28 85 3187.42
28 86 3059.96
28 87 2869.43
28 88 2624.26
28 89 2336.63
28 90 2021.69
28 91 1695.86
28 92 1375.58
28 93 1075.65
28 94 807.92
28 95 580.253
28 96 395.938
28 97 253.469
28 98 146.906
28 99 66.5506
28 100 0

29 0 0
29 1 34.2461
29 2 83.0902
29 3 159.828
29 4 274.977
29 5 435.452
29 6 643.627
29 7 897.031
29 8 1188.46
29 9 1506.42
29 10 1836.1
29 11 2160.79
29 12 2463.12
29 13 2726.94
29 14 2938.53
29 15 3087.9
29 16 3169.55
29 17 3182.68
29 18 3131.15
29 19 3022.66
29 20 2867.93
29 21 2679.42
29 22 2470.25
29 23 2252.99
29 24 2038.84
29 25 1836.91
29 26 1654.03
29 27 1494.56
29 28 1360.64
29 29 1252.48
29 30 1168.83
29 31 1107.4
29 32 1065.26
29 33 1039.26
29 34 1026.24
29 35 1023.29
29 36 1027.8
29 37 1037.58
29 38 1050.81
29 39 1066.06
29 40 1082.19
29 41 1098.35
29 42 1113.89
29 43 1128.34
29 44 1141.37
29 45 1152.69
29 46 1162.18
29 47 1169.64
29 48 1175.04
29 49 1178.29
29 50 1179.39
29 51 1178.29
29 52 1175.04
29 53 1169.64
29 54 1162.18
29 55 1152.69
29 56 1141.37
29 57 1128.34
29 58 1113.89
29 59 1098.35
29 60 1082.19
29 61 1066.06
29 62 1050.81
29 63 1037.58
29 64 1027.8
29 65 1023.29
29 66 1026.24
29 67 1039.26
29 68 1065.26
29 69 1107.4
29 70 1168.83
29 71 1252.48
29 72 1360.64
29 73 1494.56
29 74 1654.03
29 75 1836.91
29 76 2038.84
29 77 2252.99
29 78 2470.25
29 79 2679.42
29 80 2867.93
29 81 3022.66
29 82 3131.15
29 83 3182.68
29 84 3169.55
29 85 3087.9
29 86 2938.53
29 87 2726.94
29 88 2463.12
29 89 2160.79
