0 0 0
0 1 0
0 2 0
0 3 0
0 4 0
0 5 0
0 6 0
0 7 0
0 8 0
0 9 0
0 10 0
0 11 0
0 12 0
0 13 0
0 14 0
0 15 0
0 16 0
0 17 0
0 18 0
0 19 0
0 20 0
0 21 0
0 22 0
0 23 0
0 24 0
0 25 0
0 26 0
0 27 0
0 28 0
0 29 0
0 30 0
0 31 0
0 32 0
0 33 0
0 34 0
0 35 0
0 36 0
0 37 0
0 38 0
0 39 0
0 40 0
0 41 0
0 42 0
0 43 0
0 44 0
0 45 0
0 46 0
0 47 0
0 48 0
0 49 0
0 50 0
0 51 0
0 52 0
0 53 0
0 54 0
0 55 0
0 56 0
0 57 0
0 58 0
0 59 0
0 60 0
0 61 0
0 62 0
0 63 0
0 64 0
0 65 0
0 66 0
0 67 0
0 68 0
0 69 0
0 70 0
0 71 0
0 72 0
0 73 0
0 74 0
0 75 0
0 76 0
0 77 0
0 78 0
0 79 0
0 80 0
0 81 0
0 82 0
0 83 0
0 84 0
0 85 0
0 86 0
0 87 0
0 88 0
0 89 0
0 90 0
0 91 0
0 92 0
0 93 0
0 94 0
0 95 0
0 96 0
0 97 0
0 98 0
0 99 0
0 100 0

1 0 0
1 1 -42.9207
1 2 -86.4679
1 3 -131.164
1 4 -177.265
1 5 -224.725
1 6 -273.08
1 7 -321.434
1 8 -368.49
1 9 -412.546
1 10 -451.663
1 11 -483.742
1 12 -506.717
1 13 -518.758
1 14 -518.401
1 15 -504.776
1 16 -477.691
1 17 -437.722
1 18 -386.229
1 19 -325.285
1 20 -257.551
1 21 -186.091
1 22 -114.162
1 23 -44.9224
1 24 18.7158
1 25 74.3719
1 26 120.282
1 27 155.402
1 28 179.425
1 29 192.738
1 30 196.291
1 31 191.473
1 32 179.963
1 33 163.516
1 34 143.882
1 35 122.649
1 36 101.179
1 37 80.5234
1 38 61.4659
1 39 44.4903
1 40 29.8427
1 41 17.5592
1 42 7.54546
1 43 -0.427446
1 44 -6.6003
1 45 -11.2594
1 46 -14.6619
1 47 -17.0403
1 48 -18.6109
1 49 -19.4939
1 50 -19.7767
1 51 -19.4939
1 52 -18.6109
1 53 -17.0403
1 54 -14.6619
1 55 -11.2594
1 56 -6.6003
1 57 -0.427446
1 58 7.54546
1 59 17.5592
1 60 29.8427
1 61 44.4903
1 62 61.4659
1 63 80.5234
1 64 101.179
1 65 122.649
1 66 143.882
1 67 163.516
1 68 179.963
1 69 191.473
1 70 196.291
1 71 192.738
1 72 179.425
1 73 155.402
1 74 120.282
1 75 74.3719
1 76 18.7158
1 77 -44.9224
1 78 -114.162
1 79 -186.091
1 80 -257.551
1 81 -325.285
1 82 -386.229
1 83 -437.722
1 84 -477.691
1 85 -504.776
1 86 -518.401
1 87 -518.758
1 88 -506.717
1 89 -483.742
1 90 -451.663
1 91 -412.546
1 92 -368.49
1 93 -321.434
1 94 -273.08
1 95 -224.725
1 96 -177.265
1 97 -131.164
1 98 -86.4679
1 99 -42.9207
1 100 0

2 0 0
2 1 -86.4679
2 2 -174.1
2 3 -263.854
2 4 -356.175
2 5 -450.922
2 6 -547.145
2 7 -643.064
2 8 -736.12
2 9 -822.986
2 10 -899.87
2 11 -962.691
2 12 -1007.43
2 13 -1030.53
2 14 -1029.15
2 15 -1001.62
2 16 -947.588
2 17 -868.212
2 18 -766.17
2 19 -645.545
2 20 -511.552
2 21 -370.216
2 22 -227.913
2 23 -90.8787
2 24 35.1667
2 25 145.504
2 26 236.652
2 27 306.526
2 28 354.505
2 29 381.307
2 30 388.779
2 31 379.629
2 32 357.155
2 33 324.829
2 34 286.106
2 35 244.124
2 36 201.576
2 37 160.566
2 38 122.676
2 39 88.8826
2 40 59.6761
2 41 35.1421
2 42 15.0967
2 43 -0.843778
2 44 -13.2321
2 45 -22.5895
2 46 -29.4261
2 47 -34.2324
2 48 -37.3687
2 49 -39.1601
2 50 -39.746
2 51 -39.1601
2 52 -37.3687
2 53 -34.2324
2 54 -29.4261
2 55 -22.5895
2 56 -13.2321
2 57 -0.843778
2 58 15.0967
2 59 35.1421
2 60 59.6761
2 61 88.8826
2 62 122.676
2 63 160.566
2 64 201.576
2 65 244.124
2 66 286.106
2 67 324.829
2 68 357.155
2 69 379.629
2 70 388.779
2 71 381.307
2 72 354.505
2 73 306.526
2 74 236.652
2 75 145.504
2 76 35.1667
2 77 -90.8787
2 78 -227.913
2 79 -370.216
2 80 -511.552
2 81 -645.545
2 82 -766.17
2 83 -868.212
2 84 -947.588
2 85 -1001.62
2 86 -1029.15
2 87 -1030.53
2 88 -1007.43
2 89 -962.691
2 90 -899.87
2 91 -822.986
2 92 -736.12
2 93 -643.064
2 94 -547.145
2 95 -450.922
2 96 -356.175
2 97 -263.854
2 98 -174.1
2 99 -86.4679
2 100 0

3 0 0
3 1 -131.164
3 2 -263.854
3 3 -399.286
3 4 -537.98
3 5 -679.597
3 6 -822.68
3 7 -964.589
3 8 -1101.58
3 9 -1228.84
3 10 -1340.89
3 11 -1431.88
3 12 -1496.05
3 13 -1528.32
3 14 -1524.69
3 15 -1482.77
3 16 -1402.14
3 17 -1284.51
3 18 -1133.82
3 19 -955.991
3 20 -758.633
3 21 -550.502
3 22 -340.897
3 23 -138.91
3 24 47.1025
3 25 210.226
3 26 345.305
3 27 449.238
3 28 521.02
3 29 561.634
3 30 573.718
3 31 561.203
3 32 528.861
3 33 481.775
3 34 425.009
3 35 363.206
3 36 300.363
3 37 239.631
3 38 183.353
3 39 133.022
3 40 89.4201
3 41 52.719
3 42 22.6802
3 43 -1.31783
3 44 -19.9664
3 45 -34.0892
3 46 -44.4427
3 47 -51.7052
3 48 -56.5072
3 49 -59.2094
3 50 -60.079
3 51 -59.2094
3 52 -56.5072
3 53 -51.7052
3 54 -44.4427
3 55 -34.0892
3 56 -19.9664
3 57 -1.31783
3 58 22.6802
3 59 52.719
3 60 89.4201
3 61 133.022
3 62 183.353
3 63 239.631
3 64 300.363
3 65 363.206
3 66 425.009
3 67 481.775
3 68 528.861
3 69 561.203
3 70 573.718
3 71 561.634
3 72 521.02
3 73 449.238
3 74 345.305
3 75 210.226
3 76 47.1025
3 77 -138.91
3 78 -340.897
3 79 -550.502
3 80 -758.633
3 81 -955.991
3 82 -1133.82
3 83 -1284.51
3 84 -1402.14
3 85 -1482.77
3 86 -1524.69
3 87 -1528.32
3 88 -1496.05
3 89 -1431.88
3 90 -1340.89
3 91 -1228.84
3 92 -1101.58
3 93 -964.589
3 94 -822.68
3 95 -679.597
3 96 -537.98
3 97 -399.286
3 98 -263.854
3 99 -131.164
3 100 0

4 0 0
4 1 -177.265
4 2 -356.175
4 3 -537.98
4 4 -723.097
4 5 -910.867
4 6 -1099.27
4 7 -1284.84
4 8 -1462.76
4 9 -1626.94
4 10 -1770.46
4 11 -1886
4 12 -1966.37
4 13 -2005.24
4 14 -1997.69
4 15 -1940.82
4 16 -1834.19
4 17 -1680.1
4 18 -1483.57
4 19 -1252.22
4 20 -995.756
4 21 -725.368
4 22 -452.92
4 23 -190.107
4 24 52.3545
4 25 265.485
4 26 442.584
4 27 579.528
4 28 674.906
4 29 729.817
4 30 747.548
4 31 733.05
4 32 692.415
4 33 632.196
4 34 558.948
4 35 478.714
4 36 396.721
4 37 317.157
4 38 243.152
4 39 176.742
4 40 119.01
4 41 70.2585
4 42 30.1909
4 43 -1.85647
4 44 -26.8847
4 45 -45.8769
4 46 -59.8344
4 47 -69.6944
4 48 -76.1574
4 49 -79.8417
4 50 -81.0384
4 51 -79.8417
4 52 -76.1574
4 53 -69.6944
4 54 -59.8344
4 55 -45.8769
4 56 -26.8847
4 57 -1.85647
4 58 30.1909
4 59 70.2585
4 60 119.01
4 61 176.742
4 62 243.152
4 63 317.157
4 64 396.721
4 65 478.714
4 66 558.948
4 67 632.196
4 68 692.415
4 69 733.05
4 70 747.548
4 71 729.817
4 72 674.906
4 73 579.528
4 74 442.584
4 75 265.485
4 76 52.3545
4 77 -190.107
4 78 -452.92
4 79 -725.368
4 80 -995.756
4 81 -1252.22
4 82 -1483.57
4 83 -1680.1
4 84 -1834.19
4 85 -1940.82
4 86 -1997.69
4 87 -2005.24
4 88 -1966.37
4 89 -1886
4 90 -1770.46
4 91 -1626.94
4 92 -1462.76
4 93 -1284.84
4 94 -1099.27
4 95 -910.867
4 96 -723.097
4 97 -537.98
4 98 -356.175
4 99 -177.265
4 100 0

5 0 0
5 1 -224.725
5 2 -450.922
5 3 -679.597
5 4 -910.867
5 5 -1143.6
5 6 -1375.17
5 7 -1601.35
5 8 -1816.38
5 9 -2013.14
5 10 -2183.59
5 11 -2319.26
5 12 -2411.96
5 13 -2454.43
5 14 -2441.12
5 15 -2368.84
5 16 -2237.23
5 17 -2049.11
5 18 -1810.51
5 19 -1530.42
5 20 -1220.34
5 21 -893.487
5 22 -563.925
5 23 -245.553
5 24 48.8316
5 25 308.444
5 26 525.117
5 27 693.757
5 28 812.428
5 29 882.234
5 30 906.89
5 31 892.188
5 32 845.285
5 33 774.027
5 34 686.278
5 35 589.38
5 36 489.73
5 37 392.526
5 38 301.663
5 39 219.747
5 40 148.232
5 41 87.5845
5 42 37.5673
5 43 -2.66129
5 44 -34.141
5 45 -58.1383
5 46 -75.8548
5 47 -88.3649
5 48 -96.6553
5 49 -101.335
5 50 -102.852
5 51 -101.335
5 52 -96.6553
5 53 -88.3649
5 54 -75.8548
5 55 -58.1383
5 56 -34.141
5 57 -2.66129
5 58 37.5673
5 59 87.5845
5 60 148.232
5 61 219.747
5 62 301.663
5 63 392.526
5 64 489.73
5 65 589.38
5 66 686.278
5 67 774.027
5 68 845.285
5 69 892.188
5 70 906.89
5 71 882.234
5 72 812.428
5 73 693.757
5 74 525.117
5 75 308.444
5 76 48.8316
5 77 -245.553
5 78 -563.925
5 79 -893.487
5 80 -1220.34
5 81 -1530.42
5 82 -1810.51
5 83 -2049.11
5 84 -2237.23
5 85 -2368.84
5 86 -2441.12
5 87 -2454.43
5 88 -2411.96
5 89 -2319.26
5 90 -2183.59
5 91 -2013.14
5 92 -1816.38
5 93 -1601.35
5 94 -1375.17
5 95 -1143.6
5 96 -910.867
5 97 -679.597
5 98 -450.922
5 99 -224.725
5 100 0

6 0 0
6 1 -273.08
6 2 -547.145
6 3 -822.68
6 4 -1099.27
6 5 -1375.17
6 6 -1647.11
6 7 -1910.17
6 8 -2157.81
6 9 -2382.18
6 10 -2574.43
6 11 -2725.39
6 12 -2826.21
6 13 -2869.15
6 14 -2848.34
6 15 -2760.49
6 16 -2605.43
6 17 -2386.48
6 18 -2110.45
6 19 -1787.44
6 20 -1430.32
6 21 -1053.93
6 22 -674.026
6 23 -306.347
6 24 34.6358
6 25 336.528
6 26 589.884
6 27 788.617
6 28 930.22
6 29 1015.59
6 30 1048.69
6 31 1035.85
6 32 985.08
6 33 905.256
6 34 805.381
6 35 693.949
6 36 578.441
6 37 465.023
6 38 358.361
6 39 261.67
6 40 176.804
6 41 104.5
6 42 44.5267
6 43 -3.87916
6 44 -41.9829
6 45 -71.1265
6 46 -92.7238
6 47 -108.09
6 48 -118.231
6 49 -124.011
6 50 -125.872
6 51 -124.011
6 52 -118.231
6 53 -108.09
6 54 -92.7238
6 55 -71.1265
6 56 -41.9829
6 57 -3.87916
6 58 44.5267
6 59 104.5
6 60 176.804
6 61 261.67
6 62 358.361
6 63 465.023
6 64 578.441
6 65 693.949
6 66 805.381
6 67 905.256
6 68 985.08
6 69 1035.85
6 70 1048.69
6 71 1015.59
6 72 930.22
6 73 788.617
6 74 589.884
6 75 336.528
6 76 34.6358
6 77 -306.347
6 78 -674.026
6 79 -1053.93
6 80 -1430.32
6 81 -1787.44
6 82 -2110.45
6 83 -2386.48
6 84 -2605.43
6 85 -2760.49
6 86 -2848.34
6 87 -2869.15
6 88 -2826.21
6 89 -2725.39
6 90 -2574.43
6 91 -2382.18
6 92 -2157.81
6 93 -1910.17
6 94 -1647.11
6 95 -1375.17
6 96 -1099.27
6 97 -822.68
6 98 -547.145
6 99 -273.08
6 100 0

7 0 0
7 1 -321.434
7 2 -643.064
7 3 -964.589
7 4 -1284.84
7 5 -1601.35
7 6 -1910.17
7 7 -2205.76
7 8 -2481.01
7 9 -2727.58
7 10 -2936.25
7 11 -3097.52
7 12 -3202.35
7 13 -3242.83
7 14 -3213.15
7 15 -3110.09
7 16 -2933.79
7 17 -2687.95
7 18 -2379.99
7 19 -2020.79
7 20 -1624.17
7 21 -1206.05
7 22 -783.474
7 23 -373.479
7 24 8.08914
7 25 347.562
7 26 634.3
7 27 861.308
7 28 1025.37
7 29 1127.05
7 30 1170.24
7 31 1161.57
7 32 1109.59
7 33 1023.99
7 34 914.673
7 35 791.137
7 36 661.83
7 37 533.841
7 38 412.618
7 39 302.011
7 40 204.348
7 41 120.615
7 42 50.8136
7 43 -5.8837
7 44 -50.6872
7 45 -85.1604
7 46 -110.847
7 47 -129.148
7 48 -141.322
7 49 -148.231
7 50 -150.488
7 51 -148.231
7 52 -141.322
7 53 -129.148
7 54 -110.847
7 55 -85.1604
7 56 -50.6872
7 57 -5.8837
7 58 50.8136
7 59 120.615
7 60 204.348
7 61 302.011
7 62 412.618
7 63 533.841
7 64 661.83
7 65 791.137
7 66 914.673
7 67 1023.99
7 68 1109.59
7 69 1161.57
7 70 1170.24
7 71 1127.05
7 72 1025.37
7 73 861.308
7 74 634.3
7 75 347.562
7 76 8.08914
7 77 -373.479
7 78 -783.474
7 79 -1206.05
7 80 -1624.17
7 81 -2020.79
7 82 -2379.99
7 83 -2687.95
7 84 -2933.79
7 85 -3110.09
7 86 -3213.15
7 87 -3242.83
7 88 -3202.35
7 89 -3097.52
7 90 -2936.25
7 91 -2727.58
7 92 -2481.01
7 93 -2205.76
7 94 -1910.17
7 95 -1601.35
7 96 -1284.84
7 97 -964.589
7 98 -643.064
7 99 -321.434
7 100 0

8 0 0
8 1 -368.49
8 2 -736.12
8 3 -1101.58
8 4 -1462.76
8 5 -1816.38
8 6 -2157.81
8 7 -2481.01
8 8 -2778.49
8 9 -3041.77
8 10 -3261.53
8 11 -3428.39
8 12 -3533.47
8 13 -3569.13
8 14 -3529.82
8 15 -3412.66
8 16 -3218.06
8 17 -2950.1
8 18 -2616.52
8 19 -2228.64
8 20 -1800.76
8 21 -1349.45
8 22 -892.48
8 23 -447.773
8 24 -32.1023
8 25 339.817
8 26 656.377
8 27 909.623
8 28 1095.59
8 29 1214.25
8 30 1269.25
8 31 1267.18
8 32 1216.86
8 33 1128.47
8 34 1012.62
8 35 879.615
8 36 738.787
8 37 598.075
8 38 463.69
8 39 340.142
8 40 230.271
8 41 135.49
8 42 55.9298
8 43 -9.04179
8 44 -60.7319
8 45 -100.694
8 46 -130.605
8 47 -152.064
8 48 -166.348
8 49 -174.513
8 50 -177.131
8 51 -174.513
8 52 -166.348
8 53 -152.064
8 54 -130.605
8 55 -100.694
8 56 -60.7319
8 57 -9.04179
8 58 55.9298
8 59 135.49
8 60 230.271
8 61 340.142
8 62 463.69
8 63 598.075
8 64 738.787
8 65 879.615
8 66 1012.62
8 67 1128.47
8 68 1216.86
8 69 1267.18
8 70 1269.25
8 71 1214.25
8 72 1095.59
8 73 909.623
8 74 656.377
8 75 339.817
8 76 -32.1023
8 77 -447.773
8 78 -892.48
8 79 -1349.45
8 80 -1800.76
8 81 -2228.64
8 82 -2616.52
8 83 -2950.1
8 84 -3218.06
8 85 -3412.66
8 86 -3529.82
8 87 -3569.13
8 88 -3533.47
8 89 -3428.39
8 90 -3261.53
8 91 -3041.77
8 92 -2778.49
8 93 -2481.01
8 94 -2157.81
8 95 -1816.38
8 96 -1462.76
8 97 -1101.58
8 98 -736.12
8 99 -368.49
8 100 0

9 0 0
9 1 -412.546
9 2 -822.986
9 3 -1228.84
9 4 -1626.94
9 5 -2013.14
9 6 -2382.18
9 7 -2727.58
9 8 -3041.77
9 9 -3316.28
9 10 -3542.14
9 11 -3710.39
9 12 -3812.7
9 13 -3841.97
9 14 -3793.18
9 15 -3663.86
9 16 -3454.8
9 17 -3170.23
9 18 -2818.06
9 19 -2409.63
9 20 -1959.34
9 21 -1483.85
9 22 -1001.22
9 23 -529.725
9 24 -86.7783
9 25 312.213
9 26 654.749
9 27 932.017
9 28 1139.16
9 29 1275.46
9 30 1343.95
9 31 1350.94
9 32 1305.2
9 33 1217.14
9 34 1097.81
9 35 958.145
9 36 808.223
9 37 656.75
9 38 510.722
9 39 375.326
9 40 253.997
9 41 148.501
9 42 59.3774
9 43 -13.9287
9 44 -72.5736
9 45 -118.206
9 46 -152.573
9 47 -177.309
9 48 -193.864
9 49 -203.32
9 50 -206.428
9 51 -203.32
9 52 -193.864
9 53 -177.309
9 54 -152.573
9 55 -118.206
9 56 -72.5736
9 57 -13.9287
9 58 59.3774
9 59 148.501
9 60 253.997
9 61 375.326
9 62 510.722
9 63 656.75
9 64 808.223
9 65 958.145
9 66 1097.81
9 67 1217.14
9 68 1305.2
9 69 1350.94
9 70 1343.95
9 71 1275.46
9 72 1139.16
9 73 932.017
9 74 654.749
9 75 312.213
9 76 -86.7783
9 77 -529.725
9 78 -1001.22
9 79 -1483.85
9 80 -1959.34
9 81 -2409.63
9 82 -2818.06
9 83 -3170.23
9 84 -3454.8
9 85 -3663.86
9 86 -3793.18
9 87 -3841.97
9 88 -3812.7
9 89 -3710.39
9 90 -3542.14
9 91 -3316.28
9 92 -3041.77
9 93 -2727.58
9 94 -2382.18
9 95 -2013.14
9 96 -1626.94
9 97 -1228.84
9 98 -822.986
9 99 -412.546
9 100 0

10 0 0
10 1 -451.663
10 2 -899.87
10 3 -1340.89
10 4 -1770.46
10 5 -2183.59
10 6 -2574.43
10 7 -2936.25
10 8 -3261.53
10 9 -3542.14
10 10 -3769.69
10 11 -3935.96
10 12 -4033.38
10 13 -4055.71
10 14 -3998.57
10 15 -3860.05
10 16 -3641.17
10 17 -3346.29
10 18 -2983.12
10 19 -2562.77
10 20 -2099.22
10 21 -1608.85
10 22 -1109.46
10 23 -619.344
10 24 -156.098
10 25 264.369
10 26 628.902
10 27 927.774
10 28 1155.24
10 29 1309.61
10 30 1393.16
10 31 1411.58
10 32 1373.32
10 33 1288.68
10 34 1168.96
10 35 1025.5
10 36 868.999
10 37 708.858
10 38 552.811
10 39 406.754
10 40 274.697
10 41 158.998
10 42 60.468
10 43 -21.1139
10 44 -86.8608
10 45 -138.334
10 46 -177.299
10 47 -205.509
10 48 -224.464
10 49 -235.356
10 50 -238.857
10 51 -235.356
10 52 -224.464
10 53 -205.509
10 54 -177.299
10 55 -138.334
10 56 -86.8608
10 57 -21.1139
10 58 60.468
10 59 158.998
10 60 274.697
10 61 406.754
10 62 552.811
10 63 708.858
10 64 868.999
10 65 1025.5
10 66 1168.96
10 67 1288.68
10 68 1373.32
10 69 1411.58
10 70 1393.16
10 71 1309.61
10 72 1155.24
10 73 927.774
10 74 628.902
10 75 264.369
10 76 -156.098
10 77 -619.344
10 78 -1109.46
10 79 -1608.85
10 80 -2099.22
10 81 -2562.77
10 82 -2983.12
10 83 -3346.29
10 84 -3641.17
10 85 -3860.05
10 86 -3998.57
10 87 -4055.71
10 88 -4033.38
10 89 -3935.96
10 90 -3769.69
10 91 -3542.14
10 92 -3261.53
10 93 -2936.25
10 94 -2574.43
10 95 -2183.59
10 96 -1770.46
10 97 -1340.89
10 98 -899.87
10 99 -451.663
10 100 0

11 0 0
11 1 -483.742
11 2 -962.691
11 3 -1431.88
11 4 -1886
11 5 -2319.26
11 6 -2725.39
11 7 -3097.52
11 8 -3428.39
11 9 -3710.39
11 10 -3935.96
11 11 -4097.77
11 12 -4189.31
11 13 -4205.25
11 14 -4141.99
11 15 -3998.12
11 16 -3774.93
11 17 -3476.6
11 18 -3110.53
11 19 -2687.11
11 20 -2219.65
11 21 -1723.73
11 22 -1216.55
11 23 -715.943
11 24 -239.452
11 25 196.85
11 26 579.21
11 27 897.109
11 28 1143.77
11 29 1316.46
11 30 1416.4
11 31 1448.43
11 32 1420.37
11 33 1342.17
11 34 1225.07
11 35 1080.67
11 36 920.123
11 37 753.432
11 38 589.05
11 39 433.554
11 40 291.66
11 41 166.206
11 42 58.5553
11 43 -31.2968
11 44 -104.214
11 45 -161.67
11 46 -205.446
11 47 -237.293
11 48 -258.791
11 49 -271.143
11 50 -275.218
11 51 -271.143
11 52 -258.791
11 53 -237.293
11 54 -205.446
11 55 -161.67
11 56 -104.214
11 57 -31.2968
11 58 58.5553
11 59 166.206
11 60 291.66
11 61 433.554
11 62 589.05
11 63 753.432
11 64 920.123
11 65 1080.67
11 66 1225.07
11 67 1342.17
11 68 1420.37
11 69 1448.43
11 70 1416.4
11 71 1316.46
11 72 1143.77
11 73 897.109
11 74 579.21
11 75 196.85
11 76 -239.452
11 77 -715.943
11 78 -1216.55
11 79 -1723.73
11 80 -2219.65
11 81 -2687.11
11 82 -3110.53
11 83 -3476.6
11 84 -3774.93
11 85 -3998.12
11 86 -4141.99
11 87 -4205.25
11 88 -4189.31
11 89 -4097.77
11 90 -3935.96
11 91 -3710.39
11 92 -3428.39
11 93 -3097.52
11 94 -2725.39
11 95 -2319.26
11 96 -1886
11 97 -1431.88
11 98 -962.691
11 99 -483.742
11 100 0

12 0 0
12 1 -506.717
12 2 -1007.43
12 3 -1496.05
12 4 -1966.37
12 5 -2411.96
12 6 -2826.21
12 7 -3202.35
12 8 -3533.47
12 9 -3812.7
12 10 -4033.38
12 11 -4189.31
12 12 -4275.03
12 13 -4286.25
12 14 -4220.08
12 15 -4075.64
12 16 -3854.24
12 17 -3559.84
12 18 -3199.12
12 19 -2781.62
12 20 -2319.5
12 21 -1827.27
12 22 -1321.06
12 23 -818.007
12 24 -335.204
12 25 111.226
12 26 507.166
12 27 841.267
12 28 1105.76
12 29 1296.67
12 30 1414.03
12 31 1461.53
12 32 1446.11
12 33 1377.11
12 34 1265.51
12 35 1122.93
12 36 960.801
12 37 789.669
12 38 618.629
12 39 454.999
12 40 304.103
12 41 169.497
12 42 52.9429
12 43 -45.0829
12 44 -125.236
12 45 -188.845
12 46 -237.596
12 47 -273.249
12 48 -297.424
12 49 -311.405
12 50 -315.935
12 51 -311.405
12 52 -297.424
12 53 -273.249
12 54 -237.596
12 55 -188.845
12 56 -125.236
12 57 -45.0829
12 58 52.9429
12 59 169.497
12 60 304.103
12 61 454.999
12 62 618.629
12 63 789.669
12 64 960.801
12 65 1122.93
12 66 1265.51
12 67 1377.11
12 68 1446.11
12 69 1461.53
12 70 1414.03
12 71 1296.67
12 72 1105.76
12 73 841.267
12 74 507.166
12 75 111.226
12 76 -335.204
12 77 -818.007
12 78 -1321.06
12 79 -1827.27
12 80 -2319.5
12 81 -2781.62
12 82 -3199.12
12 83 -3559.84
12 84 -3854.24
12 85 -4075.64
12 86 -4220.08
12 87 -4286.25
12 88 -4275.03
12 89 -4189.31
12 90 -4033.38
12 91 -3812.7
12 92 -3533.47
12 93 -3202.35
12 94 -2826.21
12 95 -2411.96
12 96 -1966.37
12 97 -1496.05
12 98 -1007.43
12 99 -506.717
12 100 0

13 0 0
13 1 -518.758
13 2 -1030.53
13 3 -1528.32
13 4 -2005.24
13 5 -2454.43
13 6 -2869.15
13 7 -3242.83
13 8 -3569.13
13 9 -3841.97
13 10 -4055.71
13 11 -4205.25
13 12 -4286.25
13 13 -4295.31
13 14 -4230.32
13 15 -4090.67
13 16 -3877.68
13 17 -3594.74
13 18 -3247.73
13 19 -2844.91
13 20 -2397.13
13 21 -1917.42
13 22 -1420.66
13 23 -922.903
13 24 -440.629
13 25 10.2938
13 26 415.422
13 27 762.735
13 28 1043.35
13 29 1252.01
13 30 1387.35
13 31 1451.76
13 32 1451.05
13 33 1393.71
13 34 1290.19
13 35 1151.95
13 36 990.578
13 37 817.038
13 38 641.025
13 39 470.483
13 40 311.519
13 41 168.27
13 42 43.1653
13 43 -62.965
13 44 -150.437
13 45 -220.316
13 46 -274.215
13 47 -313.858
13 48 -340.878
13 49 -356.496
13 50 -361.644
13 51 -356.496
13 52 -340.878
13 53 -313.858
13 54 -274.215
13 55 -220.316
13 56 -150.437
13 57 -62.965
13 58 43.1653
13 59 168.27
13 60 311.519
13 61 470.483
13 62 641.025
13 63 817.038
13 64 990.578
13 65 1151.95
13 66 1290.19
13 67 1393.71
13 68 1451.05
13 69 1451.76
13 70 1387.35
13 71 1252.01
13 72 1043.35
13 73 762.735
13 74 415.422
13 75 10.2938
13 76 -440.629
13 77 -922.903
13 78 -1420.66
13 79 -1917.42
13 80 -2397.13
13 81 -2844.91
13 82 -3247.73
13 83 -3594.74
13 84 -3877.68
13 85 -4090.67
13 86 -4230.32
13 87 -4295.31
13 88 -4286.25
13 89 -4205.25
13 90 -4055.71
13 91 -3841.97
13 92 -3569.13
13 93 -3242.83
13 94 -2869.15
13 95 -2454.43
13 96 -2005.24
13 97 -1528.32
13 98 -1030.53
13 99 -518.758
13 100 0

14 0 0
14 1 -518.401
14 2 -1029.15
14 3 -1524.69
14 4 -1997.69
14 5 -2441.12
14 6 -2848.34
14 7 -3213.15
14 8 -3529.82
14 9 -3793.18
14 10 -3998.57
14 11 -4141.99
14 12 -4220.08
14 13 -4230.32
14 14 -4171.09
14 15 -4042.02
14 16 -3844.13
14 17 -3580.17
14 18 -3254.87
14 19 -2875.15
14 20 -2450.18
14 21 -1991.37
14 22 -1512.02
14 23 -1026.95
14 24 -551.722
14 25 -101.89
14 26 308.001
14 27 665.238
14 28 959.912
14 29 1185.38
14 30 1338.8
14 31 1421.07
14 32 1436.64
14 33 1392.94
14 34 1299.73
14 35 1168.09
14 36 1009.61
14 37 835.549
14 38 656.082
14 39 479.884
14 40 313.688
14 41 162.412
14 42 28.9923
14 43 -85.1579
14 44 -179.955
14 45 -256.266
14 46 -315.51
14 47 -359.327
14 48 -389.286
14 49 -406.727
14 50 -412.424
14 51 -406.727
14 52 -389.286
14 53 -359.327
14 54 -315.51
14 55 -256.266
14 56 -179.955
14 57 -85.1579
14 58 28.9923
14 59 162.412
14 60 313.688
14 61 479.884
14 62 656.082
14 63 835.549
14 64 1009.61
14 65 1168.09
14 66 1299.73
14 67 1392.94
14 68 1436.64
14 69 1421.07
14 70 1338.8
14 71 1185.38
14 72 959.912
14 73 665.238
14 74 308.001
14 75 -101.89
14 76 -551.722
14 77 -1026.95
14 78 -1512.02
14 79 -1991.37
14 80 -2450.18
14 81 -2875.15
14 82 -3254.87
14 83 -3580.17
14 84 -3844.13
14 85 -4042.02
14 86 -4171.09
14 87 -4230.32
14 88 -4220.08
14 89 -4141.99
14 90 -3998.57
14 91 -3793.18
14 92 -3529.82
14 93 -3213.15
14 94 -2848.34
14 95 -2441.12
14 96 -1997.69
14 97 -1524.69
14 98 -1029.15
14 99 -518.401
14 100 0

15 0 0
15 1 -504.776
15 2 -1001.62
15 3 -1482.77
15 4 -1940.82
15 5 -2368.84
15 6 -2760.49
15 7 -3110.09
15 8 -3412.66
15 9 -3663.86
15 10 -3860.05
15 11 -3998.12
15 12 -4075.64
15 13 -4090.67
15 14 -4042.02
15 15 -3929.25
15 16 -3752.98
15 17 -3515.05
15 18 -3218.96
15 19 -2870
15 20 -2475.61
15 21 -2045.3
15 22 -1590.72
15 23 -1125.18
15 24 -663.248
15 25 -219.913
15 26 190.207
15 27 553.903
15 28 860.167
15 29 1101.04
15 30 1272.05
15 31 1372.5
15 32 1405.36
15 33 1376.82
15 34 1295.68
15 35 1172.53
15 36 1018.77
15 37 845.841
15 38 664.379
15 39 483.594
15 40 311.021
15 41 152.177
15 42 10.7618
15 43 -111.313
15 44 -213.546
15 45 -296.431
15 46 -361.192
15 47 -409.352
15 48 -442.48
15 49 -461.762
15 50 -468.102
15 51 -461.762
15 52 -442.48
15 53 -409.352
15 54 -361.192
15 55 -296.431
15 56 -213.546
15 57 -111.313
15 58 10.7618
15 59 152.177
15 60 311.021
15 61 483.594
15 62 664.379
15 63 845.841
15 64 1018.77
15 65 1172.53
15 66 1295.68
15 67 1376.82
15 68 1405.36
15 69 1372.5
15 70 1272.05
15 71 1101.04
15 72 860.167
15 73 553.903
15 74 190.207
15 75 -219.913
15 76 -663.248
15 77 -1125.18
15 78 -1590.72
15 79 -2045.3
15 80 -2475.61
15 81 -2870
15 82 -3218.96
15 83 -3515.05
15 84 -3752.98
15 85 -3929.25
15 86 -4042.02
15 87 -4090.67
15 88 -4075.64
15 89 -3998.12
15 90 -3860.05
15 91 -3663.86
15 92 -3412.66
15 93 -3110.09
15 94 -2760.49
15 95 -2368.84
15 96 -1940.82
15 97 -1482.77
15 98 -1001.62
15 99 -504.776
15 100 0

16 0 0
16 1 -477.691
16 2 -947.588
16 3 -1402.14
16 4 -1834.19
16 5 -2237.23
16 6 -2605.43
16 7 -2933.79
16 8 -3218.06
16 9 -3454.8
16 10 -3641.17
16 11 -3774.93
16 12 -3854.24
16 13 -3877.68
16 14 -3844.13
16 15 -3752.98
16 16 -3604.17
16 17 -3398.59
16 18 -3138.25
16 19 -2826.81
16 20 -2469.74
16 21 -2074.68
16 22 -1651.37
16 23 -1211.61
16 24 -768.742
16 25 -337.14
16 26 68.7316
16 27 435.164
16 28 750.21
16 29 1004.53
16 30 1192.08
16 31 1310.45
16 32 1360.99
16 33 1348.51
16 34 1280.72
16 35 1167.5
16 36 1019.95
16 37 849.564
16 38 667.273
16 39 482.921
16 40 304.633
16 41 138.729
16 42 -10.4808
16 43 -140.466
16 44 -250.179
16 45 -339.819
16 46 -410.314
16 47 -463.068
16 48 -499.438
16 49 -520.742
16 50 -527.741
16 51 -520.742
16 52 -499.438
16 53 -463.068
16 54 -410.314
16 55 -339.819
16 56 -250.179
16 57 -140.466
16 58 -10.4808
16 59 138.729
16 60 304.633
16 61 482.921
16 62 667.273
16 63 849.564
16 64 1019.95
16 65 1167.5
16 66 1280.72
16 67 1348.51
16 68 1360.99
16 69 1310.45
16 70 1192.08
16 71 1004.53
16 72 750.21
16 73 435.164
16 74 68.7316
16 75 -337.14
16 76 -768.742
16 77 -1211.61
16 78 -1651.37
16 79 -2074.68
16 80 -2469.74
16 81 -2826.81
16 82 -3138.25
16 83 -3398.59
16 84 -3604.17
16 85 -3752.98
16 86 -3844.13
16 87 -3877.68
16 88 -3854.24
16 89 -3774.93
16 90 -3641.17
16 91 -3454.8
16 92 -3218.06
16 93 -2933.79
16 94 -2605.43
16 95 -2237.23
16 96 -1834.19
16 97 -1402.14
16 98 -947.588
16 99 -477.691
16 100 0

17 0 0
17 1 -437.722
17 2 -868.212
17 3 -1284.51
17 4 -1680.1
17 5 -2049.11
17 6 -2386.48
17 7 -2687.95
17 8 -2950.1
17 9 -3170.23
17 10 -3346.29
17 11 -3476.6
17 12 -3559.84
17 13 -3594.74
17 14 -3580.17
17 15 -3515.05
17 16 -3398.59
17 17 -3230.46
17 18 -3011.24
17 19 -2742.77
17 20 -2428.61
17 21 -2074.37
17 22 -1687.93
17 23 -1279.37
17 24 -860.822
17 25 -445.81
17 26 -48.6277
17 27 316.723
17 28 637.382
17 29 902.772
17 30 1105.22
17 31 1240.62
17 32 1308.61
17 33 1312.5
17 34 1258.77
17 35 1156.45
17 36 1016.23
17 37 849.431
17 38 667.316
17 39 480.134
17 40 296.766
17 41 124.117
17 42 -32.729
17 43 -170.598
17 44 -287.956
17 45 -384.548
17 46 -461.032
17 47 -518.537
17 48 -558.431
17 49 -581.82
17 50 -589.515
17 51 -581.82
17 52 -558.431
17 53 -518.537
17 54 -461.032
17 55 -384.548
17 56 -287.956
17 57 -170.598
17 58 -32.729
17 59 124.117
17 60 296.766
17 61 480.134
17 62 667.316
17 63 849.431
17 64 1016.23
17 65 1156.45
17 66 1258.77
17 67 1312.5
17 68 1308.61
17 69 1240.62
17 70 1105.22
17 71 902.772
17 72 637.382
17 73 316.723
17 74 -48.6277
17 75 -445.81
17 76 -860.822
17 77 -1279.37
17 78 -1687.93
17 79 -2074.37
17 80 -2428.61
17 81 -2742.77
17 82 -3011.24
17 83 -3230.46
17 84 -3398.59
17 85 -3515.05
17 86 -3580.17
17 87 -3594.74
17 88 -3559.84
17 89 -3476.6
17 90 -3346.29
17 91 -3170.23
17 92 -2950.1
17 93 -2687.95
17 94 -2386.48
17 95 -2049.11
17 96 -1680.1
17 97 -1284.51
17 98 -868.212
17 99 -437.722
17 100 0

18 0 0
18 1 -386.229
18 2 -766.17
18 3 -1133.82
18 4 -1483.57
18 5 -1810.51
18 6 -2110.45
18 7 -2379.99
18 8 -2616.52
18 9 -2818.06
18 10 -2983.12
18 11 -3110.53
18 12 -3199.12
18 13 -3247.73
18 14 -3254.87
18 15 -3218.96
18 16 -3138.25
18 17 -3011.24
18 18 -2836.91
18 19 -2615.41
18 20 -2348.27
18 21 -2039.15
18 22 -1693.97
18 23 -1321.16
18 24 -931.437
18 25 -537.494
18 26 -153.202
18 27 207.188
18 28 530.127
18 29 803.798
18 30 1019.03
18 31 1169.97
18 32 1254.59
18 33 1274.58
18 34 1235.1
18 35 1144.19
18 36 1011.93
18 37 849.493
18 38 668.221
18 39 478.859
18 40 290.765
18 41 111.635
18 42 -52.759
18 43 -198.611
18 44 -323.774
18 45 -427.589
18 46 -510.29
18 47 -572.871
18 48 -616.409
18 49 -642.053
18 50 -650.513
18 51 -642.053
18 52 -616.409
18 53 -572.871
18 54 -510.29
18 55 -427.589
18 56 -323.774
18 57 -198.611
18 58 -52.759
18 59 111.635
18 60 290.765
18 61 478.859
18 62 668.221
18 63 849.493
18 64 1011.93
18 65 1144.19
18 66 1235.1
18 67 1274.58
18 68 1254.59
18 69 1169.97
18 70 1019.03
18 71 803.798
18 72 530.127
18 73 207.188
18 74 -153.202
18 75 -537.494
18 76 -931.437
18 77 -1321.16
18 78 -1693.97
18 79 -2039.15
18 80 -2348.27
18 81 -2615.41
18 82 -2836.91
18 83 -3011.24
18 84 -3138.25
18 85 -3218.96
18 86 -3254.87
18 87 -3247.73
18 88 -3199.12
18 89 -3110.53
18 90 -2983.12
18 91 -2818.06
18 92 -2616.52
18 93 -2379.99
18 94 -2110.45
18 95 -1810.51
18 96 -1483.57
18 97 -1133.82
18 98 -766.17
18 99 -386.229
18 100 0

19 0 0
19 1 -325.285
19 2 -645.545
19 3 -955.991
19 4 -1252.22
19 5 -1530.42
19 6 -1787.44
19 7 -2020.79
19 8 -2228.64
19 9 -2409.63
19 10 -2562.77
19 11 -2687.11
19 12 -2781.62
19 13 -2844.91
19 14 -2875.15
19 15 -2870
19 16 -2826.81
19 17 -2742.77
19 18 -2615.41
19 19 -2443.04
19 20 -2225.42
19 21 -1964.19
19 22 -1663.41
19 23 -1329.74
19 24 -972.55
19 25 -603.463
19 26 -235.918
19 27 115.813
19 28 437.573
19 29 716.51
19 30 942.01
19 31 1106.61
19 32 1206.53
19 33 1241.81
19 34 1216.25
19 35 1136.77
19 36 1012.79
19 37 855.091
19 38 675.125
19 39 483.882
19 40 291.37
19 41 105.883
19 42 -66.1076
19 43 -220.066
19 44 -353.304
19 45 -464.583
19 46 -553.865
19 47 -621.728
19 48 -669.2
19 49 -697.219
19 50 -706.472
19 51 -697.219
19 52 -669.2
19 53 -621.728
19 54 -553.865
19 55 -464.583
19 56 -353.304
19 57 -220.066
19 58 -66.1076
19 59 105.883
19 60 291.37
19 61 483.882
19 62 675.125
19 63 855.091
19 64 1012.79
19 65 1136.77
19 66 1216.25
19 67 1241.81
19 68 1206.53
19 69 1106.61
19 70 942.01
19 71 716.51
19 72 437.573
19 73 115.813
19 74 -235.918
19 75 -603.463
19 76 -972.55
19 77 -1329.74
19 78 -1663.41
19 79 -1964.19
19 80 -2225.42
19 81 -2443.04
19 82 -2615.41
19 83 -2742.77
19 84 -2826.81
19 85 -2870
19 86 -2875.15
19 87 -2844.91
19 88 -2781.62
19 89 -2687.11
19 90 -2562.77
19 91 -2409.63
19 92 -2228.64
19 93 -2020.79
19 94 -1787.44
19 95 -1530.42
19 96 -1252.22
19 97 -955.991
19 98 -645.545
19 99 -325.285
19 100 0

20 0 0
20 1 -257.551
20 2 -511.552
20 3 -758.633
20 4 -995.756
20 5 -1220.34
20 6 -1430.32
20 7 -1624.17
20 8 -1800.76
20 9 -1959.34
20 10 -2099.22
20 11 -2219.65
20 12 -2319.5
20 13 -2397.13
20 14 -2450.18
20 15 -2475.61
20 16 -2469.74
20 17 -2428.61
20 18 -2348.27
20 19 -2225.42
20 20 -2058
20 21 -1845.81
20 22 -1591.04
20 23 -1298.7
20 24 -976.638
20 25 -635.462
20 26 -287.936
20 27 51.7371
20 28 369.033
20 29 650.162
20 30 883.25
20 31 1059.27
20 32 1172.76
20 33 1222.17
20 34 1209.79
20 35 1141.43
20 36 1025.62
20 37 872.814
20 38 694.303
20 39 501.431
20 40 304.572
20 41 112.723
20 42 -66.9372
20 43 -229.229
20 44 -370.786
20 45 -489.92
20 46 -586.045
20 47 -659.543
20 48 -711.15
20 49 -741.712
20 50 -751.828
20 51 -741.712
20 52 -711.15
20 53 -659.543
20 54 -586.045
20 55 -489.92
20 56 -370.786
20 57 -229.229
20 58 -66.9372
20 59 112.723
20 60 304.572
20 61 501.431
20 62 694.303
20 63 872.814
20 64 1025.62
20 65 1141.43
20 66 1209.79
20 67 1222.17
20 68 1172.76
20 69 1059.27
20 70 883.25
20 71 650.162
20 72 369.033
20 73 51.7371
20 74 -287.936
20 75 -635.462
20 76 -976.638
20 77 -1298.7
20 78 -1591.04
20 79 -1845.81
20 80 -2058
20 81 -2225.42
20 82 -2348.27
20 83 -2428.61
20 84 -2469.74
20 85 -2475.61
20 86 -2450.18
20 87 -2397.13
20 88 -2319.5
20 89 -2219.65
20 90 -2099.22
20 91 -1959.34
20 92 -1800.76
20 93 -1624.17
20 94 -1430.32
20 95 -1220.34
20 96 -995.756
20 97 -758.633
20 98 -511.552
20 99 -257.551
20 100 0

21 0 0
21 1 -186.091
21 2 -370.216
21 3 -550.502
21 4 -725.368
21 5 -893.487
21 6 -1053.93
21 7 -1206.05
21 8 -1349.45
21 9 -1483.85
21 10 -1608.85
21 11 -1723.73
21 12 -1827.27
21 13 -1917.42
21 14 -1991.37
21 15 -2045.3
21 16 -2074.68
21 17 -2074.37
21 18 -2039.15
21 19 -1964.19
21 20 -1845.81
21 21 -1682.05
21 22 -1473.37
21 23 -1223.08
21 24 -937.6
21 25 -626.345
21 26 -301.371
21 27 23.443
21 28 333.309
21 29 613.746
21 30 851.744
21 31 1036.86
21 32 1162.04
21 33 1224.13
21 34 1223.96
21 35 1166.08
21 36 1058.17
21 37 910.122
21 38 733.132
21 39 538.612
21 40 337.44
21 41 139.193
21 42 -48.3194
21 43 -219.158
21 44 -369.394
21 45 -496.645
21 46 -600.009
21 47 -679.423
21 48 -735.427
21 49 -768.682
21 50 -779.706
21 51 -768.682
21 52 -735.427
21 53 -679.423
21 54 -600.009
21 55 -496.645
21 56 -369.394
21 57 -219.158
21 58 -48.3194
21 59 139.193
21 60 337.44
21 61 538.612
21 62 733.132
21 63 910.122
21 64 1058.17
21 65 1166.08
21 66 1223.96
21 67 1224.13
21 68 1162.04
21 69 1036.86
21 70 851.744
21 71 613.746
21 72 333.309
21 73 23.443
21 74 -301.371
21 75 -626.345
21 76 -937.6
21 77 -1223.08
21 78 -1473.37
21 79 -1682.05
21 80 -1845.81
21 81 -1964.19
21 82 -2039.15
21 83 -2074.37
21 84 -2074.68
21 85 -2045.3
21 86 -1991.37
21 87 -1917.42
21 88 -1827.27
21 89 -1723.73
21 90 -1608.85
21 91 -1483.85
21 92 -1349.45
21 93 -1206.05
21 94 -1053.93
21 95 -893.487
21 96 -725.368
21 97 -550.502
21 98 -370.216
21 99 -186.091
21 100 0

22 0 0
22 1 -114.162
22 2 -227.913
22 3 -340.897
22 4 -452.92
22 5 -563.925
22 6 -674.026
22 7 -783.474
22 8 -892.48
22 9 -1001.22
22 10 -1109.46
22 11 -1216.55
22 12 -1321.06
22 13 -1420.66
22 14 -1512.02
22 15 -1590.72
22 16 -1651.37
22 17 -1687.93
22 18 -1693.97
22 19 -1663.41
22 20 -1591.04
22 21 -1473.37
22 22 -1309.17
22 23 -1100.22
22 24 -851.398
22 25 -570.96
22 26 -270.051
22 27 37.8549
22 28 337.939
22 29 615.196
22 30 855.695
22 31 1047.72
22 32 1182.72
22 33 1256.01
22 34 1266.95
22 35 1218.85
22 36 1118.4
22 37 974.96
22 38 799.372
22 39 603.229
22 40 397.72
22 41 192.976
22 42 -2.4998
22 43 -182.167
22 44 -341.296
22 45 -477.053
22 46 -587.937
22 47 -673.577
22 48 -734.206
22 49 -770.312
22 50 -782.29
22 51 -770.312
22 52 -734.206
22 53 -673.577
22 54 -587.937
22 55 -477.053
22 56 -341.296
22 57 -182.167
22 58 -2.4998
22 59 192.976
22 60 397.72
22 61 603.229
22 62 799.372
22 63 974.96
22 64 1118.4
22 65 1218.85
22 66 1266.95
22 67 1256.01
22 68 1182.72
22 69 1047.72
22 70 855.695
22 71 615.196
22 72 337.939
22 73 37.8549
22 74 -270.051
22 75 -570.96
22 76 -851.398
22 77 -1100.22
22 78 -1309.17
22 79 -1473.37
22 80 -1591.04
22 81 -1663.41
22 82 -1693.97
22 83 -1687.93
22 84 -1651.37
22 85 -1590.72
22 86 -1512.02
22 87 -1420.66
22 88 -1321.06
22 89 -1216.55
22 90 -1109.46
22 91 -1001.22
22 92 -892.48
22 93 -783.474
22 94 -674.026
22 95 -563.925
22 96 -452.92
22 97 -340.897
22 98 -227.913
22 99 -114.162
22 100 0

23 0 0
23 1 -44.9224
23 2 -90.8787
23 3 -138.91
23 4 -190.107
23 5 -245.553
23 6 -306.347
23 7 -373.479
23 8 -447.773
23 9 -529.725
23 10 -619.344
23 11 -715.943
23 12 -818.007
23 13 -922.903
23 14 -1026.95
23 15 -1125.18
23 16 -1211.61
23 17 -1279.37
23 18 -1321.16
23 19 -1329.74
23 20 -1298.7
23 21 -1223.08
23 22 -1100.22
23 23 -930.308
23 24 -716.848
23 25 -466.802
23 26 -190.387
23 27 99.5449
23 28 388.294
23 29 660.572
23 30 901.678
23 31 1098.79
23 32 1241.99
23 33 1325.17
23 34 1346.25
23 35 1307.27
23 36 1213.95
23 37 1074.89
23 38 900.728
23 39 702.985
23 40 493.19
23 41 281.963
23 42 78.3861
23 43 -110.183
23 44 -278.48
23 45 -422.953
23 46 -541.652
23 47 -633.765
23 48 -699.22
23 49 -738.298
23 50 -751.288
23 51 -738.298
23 52 -699.22
23 53 -633.765
23 54 -541.652
23 55 -422.953
23 56 -278.48
23 57 -110.183
23 58 78.3861
23 59 281.963
23 60 493.19
23 61 702.985
23 62 900.728
23 63 1074.89
23 64 1213.95
23 65 1307.27
23 66 1346.25
23 67 1325.17
23 68 1241.99
23 69 1098.79
23 70 901.678
23 71 660.572
23 72 388.294
23 73 99.5449
23 74 -190.387
23 75 -466.802
23 76 -716.848
23 77 -930.308
23 78 -1100.22
23 79 -1223.08
23 80 -1298.7
23 81 -1329.74
23 82 -1321.16
23 83 -1279.37
23 84 -1211.61
23 85 -1125.18
23 86 -1026.95
23 87 -922.903
23 88 -818.007
23 89 -715.943
23 90 -619.344
23 91 -529.725
23 92 -447.773
23 93 -373.479
23 94 -306.347
23 95 -245.553
23 96 -190.107
23 97 -138.91
23 98 -90.8787
23 99 -44.9224
23 100 0

24 0 0
24 1 18.7158
24 2 35.1667
24 3 47.1025
24 4 52.3545
24 5 48.8316
24 6 34.6358
24 7 8.08914
24 8 -32.1023
24 9 -86.7783
24 10 -156.098
24 11 -239.452
24 12 -335.204
24 13 -440.629
24 14 -551.722
24 15 -663.248
24 16 -768.742
24 17 -860.822
24 18 -931.437
24 19 -972.55
24 20 -976.638
24 21 -937.6
24 22 -851.398
24 23 -716.848
24 24 -536.043
24 25 -314.692
24 26 -61.9342
24 27 210.063
24 28 486.933
24 29 753.247
24 30 993.754
24 31 1194.7
24 32 1345
24 33 1437.14
24 34 1467.68
24 35 1437.42
24 36 1351.02
24 37 1216.44
24 38 1043.82
24 39 844.704
24 40 630.825
24 41 413.239
24 42 201.735
24 43 4.18268
24 44 -173.315
24 45 -326.656
24 46 -453.326
24 47 -552.085
24 48 -622.511
24 49 -664.661
24 50 -678.677
24 51 -664.661
24 52 -622.511
24 53 -552.085
24 54 -453.326
24 55 -326.656
24 56 -173.315
24 57 4.18268
24 58 201.735
24 59 413.239
24 60 630.825
24 61 844.704
24 62 1043.82
24 63 1216.44
24 64 1351.02
24 65 1437.42
24 66 1467.68
24 67 1437.14
24 68 1345
24 69 1194.7
24 70 993.754
24 71 753.247
24 72 486.933
24 73 210.063
24 74 -61.9342
24 75 -314.692
24 76 -536.043
24 77 -716.848
24 78 -851.398
24 79 -937.6
24 80 -976.638
24 81 -972.55
24 82 -931.437
24 83 -860.822
24 84 -768.742
24 85 -663.248
24 86 -551.722
24 87 -440.629
24 88 -335.204
24 89 -239.452
24 90 -156.098
24 91 -86.7783
24 92 -32.1023
24 93 8.08914
24 94 34.6358
24 95 48.8316
24 96 52.3545
24 97 47.1025
24 98 35.1667
24 99 18.7158
24 100 0

25 0 0
25 1 74.3719
25 2 145.504
25 3 210.226
25 4 265.485
25 5 308.444
25 6 336.528
25 7 347.562
25 8 339.817
25 9 312.213
25 10 264.369
25 11 196.85
25 12 111.226
25 13 10.2938
25 14 -101.89
25 15 -219.913
25 16 -337.14
25 17 -445.81
25 18 -537.494
25 19 -603.463
25 20 -635.462
25 21 -626.345
25 22 -570.96
25 23 -466.802
25 24 -314.692
25 25 -119.033
25 26 112.1
25 27 367.365
25 28 632.869
25 29 893.225
25 30 1132.82
25 31 1337.13
25 32 1494.04
25 33 1594.75
25 34 1634.56
25 35 1613.02
25 36 1533.79
25 37 1403.98
25 38 1233.4
25 39 1033.4
25 40 815.919
25 41 592.457
25 42 373.249
25 43 167.026
25 44 -19.5583
25 45 -181.728
25 46 -316.401
25 47 -421.839
25 48 -497.294
25 49 -542.552
25 50 -557.635
25 51 -542.552
25 52 -497.294
25 53 -421.839
25 54 -316.401
25 55 -181.728
25 56 -19.5583
25 57 167.026
25 58 373.249
25 59 592.457
25 60 815.919
25 61 1033.4
25 62 1233.4
25 63 1403.98
25 64 1533.79
25 65 1613.02
25 66 1634.56
25 67 1594.75
25 68 1494.04
25 69 1337.13
25 70 1132.82
25 71 893.225
25 72 632.869
25 73 367.365
25 74 112.1
25 75 -119.033
25 76 -314.692
25 77 -466.802
25 78 -570.96
25 79 -626.345
25 80 -635.462
25 81 -603.463
25 82 -537.494
25 83 -445.81
25 84 -337.14
25 85 -219.913
25 86 -101.89
25 87 10.2938
25 88 111.226
25 89 196.85
25 90 264.369
25 91 312.213
25 92 339.817
25 93 347.562
25 94 336.528
25 95 308.444
25 96 265.485
25 97 210.226
25 98 145.504
25 99 74.3719
25 100 0

26 0 0
26 1 120.282
26 2 236.652
26 3 345.305
26 4 442.584
26 5 525.117
26 6 589.884
26 7 634.3
26 8 656.377
26 9 654.749
26 10 628.902
26 11 579.21
26 12 507.166
26 13 415.422
26 14 308.001
26 15 190.207
26 16 68.7316
26 17 -48.6277
26 18 -153.202
26 19 -235.918
26 20 -287.936
26 21 -301.371
26 22 -270.051
26 23 -190.387
26 24 -61.9342
26 25 112.1
26 26 324.77
26 27 565.607
26 28 821.334
26 29 1076.74
26 30 1316.03
26 31 1524.09
26 32 1687.86
26 33 1797.45
26 34 1846.93
26 35 1834.67
26 36 1763.25
26 37 1639.06
26 38 1471.37
26 39 1271.39
26 40 1051.17
26 41 822.519
26 42 596.375
26 43 381.962
26 44 186.668
26 45 15.9604
26 46 -126.514
26 47 -238.544
26 48 -318.974
26 49 -367.316
26 50 -383.436
26 51 -367.316
26 52 -318.974
26 53 -238.544
26 54 -126.514
26 55 15.9604
26 56 186.668
26 57 381.962
26 58 596.375
26 59 822.519
26 60 1051.17
26 61 1271.39
26 62 1471.37
26 63 1639.06
26 64 1763.25
26 65 1834.67
26 66 1846.93
26 67 1797.45
26 68 1687.86
26 69 1524.09
26 70 1316.03
26 71 1076.74
26 72 821.334
26 73 565.607
26 74 324.77
26 75 112.1
26 76 -61.9342
26 77 -190.387
26 78 -270.051
26 79 -301.371
26 80 -287.936
26 81 -235.918
26 82 -153.202
26 83 -48.6277
26 84 68.7316
26 85 190.207
26 86 308.001
26 87 415.422
26 88 507.166
26 89 579.21
26 90 628.902
26 91 654.749
26 92 656.377
26 93 634.3
26 94 589.884
26 95 525.117
26 96 442.584
26 97 345.305
26 98 236.652
26 99 120.282
26 100 0

27 0 0
27 1 155.402
27 2 306.526
27 3 449.238
27 4 579.528
27 5 693.757
27 6 788.617
27 7 861.308
27 8 909.623
27 9 932.017
27 10 927.774
27 11 897.109
27 12 841.267
27 13 762.735
27 14 665.238
27 15 553.903
27 16 435.164
27 17 316.723
27 18 207.188
27 19 115.813
27 20 51.7371
27 21 23.443
27 22 37.8549
27 23 99.5449
27 24 210.063
27 25 367.365
27 26 565.607
27 27 795.28
27 28 1043.77
27 29 1296.19
27 30 1536.66
27 31 1749.66
27 32 1921.36
27 33 2040.84
27 34 2101.04
27 35 2099.17
27 36 2036.82
27 37 1919.54
27 38 1756.1
27 39 1557.5
27 40 1335.76
27 41 1103.19
27 42 871.068
27 43 649.35
27 44 446.085
27 45 267.382
27 46 117.489
27 47 -0.820044
27 48 -86.0303
27 49 -137.355
27 50 -154.502
27 51 -137.355
27 52 -86.0303
27 53 -0.820044
27 54 117.489
27 55 267.382
27 56 446.085
27 57 649.35
27 58 871.068
27 59 1103.19
27 60 1335.76
27 61 1557.5
27 62 1756.1
27 63 1919.54
27 64 2036.82
27 65 2099.17
27 66 2101.04
27 67 2040.84
27 68 1921.36
27 69 1749.66
27 70 1536.66
27 71 1296.19
27 72 1043.77
27 73 795.28
27 74 565.607
27 75 367.365
27 76 210.063
27 77 99.5449
27 78 37.8549
27 79 23.443
27 80 51.7371
27 81 115.813
27 82 207.188
27 83 316.723
27 84 435.164
27 85 553.903
27 86 665.238
27 87 762.735
27 88 841.267
27 89 897.109
27 90 927.774
27 91 932.017
27 92 909.623
27 93 861.308
27 94 788.617
27 95 693.757
27 96 579.528
27 97 449.238
27 98 306.526
27 99 155.402
27 100 0

28 0 0
28 1 179.425
28 2 354.505
28 3 521.02
28 4 674.906
28 5 812.428
28 6 930.22
28 7 1025.37
28 8 1095.59
28 9 1139.16
28 10 1155.24
28 11 1143.77
28 12 1105.76
28 13 1043.35
28 14 959.912
28 15 860.167
28 16 750.21
28 17 637.382
28 18 530.127
28 19 437.573
28 20 369.033
28 21 333.309
28 22 337.939
28 23 388.294
28 24 486.933
28 25 632.869
28 26 821.334
28 27 1043.77
28 28 1288.28
28 29 1540.39
28 30 1784.32
28 31 2004.22
28 32 2185.59
28 33 2316.63
28 34 2389.2
28 35 2399.43
28 36 2347.89
28 37 2239.37
28 38 2082
28 39 1886.5
28 40 1665.07
28 41 1430.09
28 42 1193.45
28 43 965.67
28 44 755.449
28 45 569.587
28 46 412.972
28 47 288.839
28 48 199.175
28 49 145.059
28 50 126.977
28 51 145.059
28 52 199.175
28 53 288.839
28 54 412.972
28 55 569.587
28 56 755.449
28 57 965.67
28 58 1193.45
28 59 1430.09
28 60 1665.07
28 61 1886.5
28 62 2082
28 63 2239.37
28 64 2347.89
28 65 2399.43
28 66 2389.2
28 67 2316.63
28 68 2185.59
28 69 2004.22
28 70 1784.32
28 71 1540.39
28 72 1288.28
28 73 1043.77
28 74 821.334
28 75 632.869
28 76 486.933
28 77 388.294
28 78 337.939
28 79 333.309
28 80 369.033
28 81 437.573
28 82 530.127
28 83 637.382
28 84 750.21
28 85 860.167
28 86 959.912
28 87 1043.35
28 88 1105.76
28 89 1143.77
28 90 1155.24
28 91 1139.16
