0 0 0
0 1 0
0 2 0
0 3 0
0 4 0
0 5 0
0 6 0
0 7 0
0 8 0
0 9 0
0 10 0
0 11 0
0 12 0
0 13 0
0 14 0
0 15 0
0 16 0
0 17 0
0 18 0
0 19 0
0 20 0
0 21 0
0 22 0
0 23 0
0 24 0
0 25 0
0 26 0
0 27 0
0 28 0
0 29 0
0 30 0
0 31 0
0 32 0
0 33 0
0 34 0
0 35 0
0 36 0
0 37 0
0 38 0
0 39 0
0 40 0
0 41 0
0 42 0
0 43 0
0 44 0
0 45 0
0 46 0
0 47 0
0 48 0
0 49 0
0 50 0
0 51 0
0 52 0
0 53 0
0 54 0
0 55 0
0 56 0
0 57 0
0 58 0
0 59 0
0 60 0
0 61 0
0 62 0
0 63 0
0 64 0
0 65 0
0 66 0
0 67 0
0 68 0
0 69 0
0 70 0
0 71 0
0 72 0
0 73 0
0 74 0
0 75 0
0 76 0
0 77 0
0 78 0
0 79 0
0 80 0
0 81 0
0 82 0
0 83 0
0 84 0
0 85 0
0 86 0
0 87 0
0 88 0
0 89 0
0 90 0
0 91 0
0 92 0
0 93 0
0 94 0
0 95 0
0 96 0
0 97 0
0 98 0
0 99 0
0 100 0

1 0 0
1 1 -15.7811
1 2 -32.0747
1 3 -49.4011
1 4 -68.1911
1 5 -88.8163
1 6 -111.542
1 7 -136.51
1 8 -163.7
1 9 -192.941
1 10 -223.933
1 11 -256.24
1 12 -289.191
1 13 -322.082
1 14 -354.069
1 15 -384.265
1 16 -411.75
1 17 -435.557
1 18 -454.927
1 19 -469.08
1 20 -477.373
1 21 -479.385
1 22 -474.794
1 23 -463.537
1 24 -445.682
1 25 -421.509
1 26 -391.443
1 27 -356.044
1 28 -316.005
1 29 -272.063
1 30 -225.051
1 31 -175.781
1 32 -125.095
1 33 -73.7803
1 34 -22.5905
1 35 27.7847
1 36 76.7414
1 37 123.73
1 38 168.315
1 39 210.1
1 40 248.807
1 41 284.178
1 42 316.066
1 43 344.32
1 44 368.885
1 45 389.687
1 46 406.723
1 47 419.961
1 48 429.422
1 49 435.087
1 50 436.982
1 51 435.087
1 52 429.422
1 53 419.961
1 54 406.723
1 55 389.687
1 56 368.885
1 57 344.32
1 58 316.066
1 59 284.178
1 60 248.807
1 61 210.1
1 62 168.315
1 63 123.73
1 64 76.7414
1 65 27.7847
1 66 -22.5905
1 67 -73.7803
1 68 -125.095
1 69 -175.781
1 70 -225.051
1 71 -272.063
1 72 -316.005
1 73 -356.044
1 74 -391.443
1 75 -421.509
1 76 -445.682
1 77 -463.537
1 78 -474.794
1 79 -479.385
1 80 -477.373
1 81 -469.08
1 82 -454.927
1 83 -435.557
1 84 -411.75
1 85 -384.265
1 86 -354.069
1 87 -322.082
1 88 -289.191
1 89 -256.24
1 90 -223.933
1 91 -192.941
1 92 -163.7
1 93 -136.51
1 94 -111.542
1 95 -88.8163
1 96 -68.1911
1 97 -49.4011
1 98 -32.0747
1 99 -15.7811
1 100 0

2 0 0
2 1 -32.0747
2 2 -65.1701
2 3 -100.284
2 4 -138.272
2 5 -179.815
2 6 -225.426
2 7 -275.326
2 8 -329.507
2 9 -387.589
2 10 -448.96
2 11 -512.622
2 12 -577.322
2 13 -641.617
2 14 -703.898
2 15 -762.315
2 16 -815.079
2 17 -860.495
2 18 -896.883
2 19 -922.847
2 20 -937.229
2 21 -939.162
2 22 -928.158
2 23 -904.101
2 24 -867.215
2 25 -818.079
2 26 -757.586
2 27 -686.861
2 28 -607.284
2 29 -520.324
2 30 -427.606
2 31 -330.721
2 32 -231.301
2 33 -130.869
2 34 -30.8768
2 35 67.3614
2 36 162.681
2 37 254.053
2 38 340.638
2 39 421.708
2 40 496.724
2 41 565.229
2 42 626.929
2 43 681.578
2 44 729.052
2 45 769.247
2 46 802.142
2 47 827.706
2 48 845.961
2 49 856.901
2 50 860.552
2 51 856.901
2 52 845.961
2 53 827.706
2 54 802.142
2 55 769.247
2 56 729.052
2 57 681.578
2 58 626.929
2 59 565.229
2 60 496.724
2 61 421.708
2 62 340.638
2 63 254.053
2 64 162.681
2 65 67.3614
2 66 -30.8768
2 67 -130.869
2 68 -231.301
2 69 -330.721
2 70 -427.606
2 71 -520.324
2 72 -607.284
2 73 -686.861
2 74 -757.586
2 75 -818.079
2 76 -867.215
2 77 -904.101
2 78 -928.158
2 79 -939.162
2 80 -937.229
2 81 -922.847
2 82 -896.883
2 83 -860.495
2 84 -815.079
2 85 -762.315
2 86 -703.898
2 87 -641.617
2 88 -577.322
2 89 -512.622
2 90 -448.96
2 91 -387.589
2 92 -329.507
2 93 -275.326
2 94 -225.426
2 95 -179.815
2 96 -138.272
2 97 -100.284
2 98 -65.1701
2 99 -32.0747
2 100 0

3 0 0
3 1 -49.4011
3 2 -100.284
3 3 -154.068
3 4 -211.966
3 5 -274.978
3 6 -343.752
3 7 -418.598
3 8 -499.341
3 9 -585.428
3 10 -675.778
3 11 -768.954
3 12 -863.035
3 13 -955.872
3 14 -1044.98
3 15 -1127.81
3 16 -1201.79
3 17 -1264.34
3 18 -1313.28
3 19 -1346.63
3 20 -1362.79
3 21 -1360.74
3 22 -1339.86
3 23 -1300.16
3 24 -1242.08
3 25 -1166.6
3 26 -1075.11
3 27 -969.345
3 28 -851.32
3 29 -723.242
3 30 -587.423
3 31 -446.199
3 32 -301.858
3 33 -156.586
3 34 -12.404
3 35 128.844
3 36 265.549
3 37 396.302
3 38 519.947
3 39 635.517
3 40 742.277
3 41 839.643
3 42 927.218
3 43 1004.71
3 44 1071.96
3 45 1128.86
3 46 1175.39
3 47 1211.54
3 48 1237.34
3 49 1252.8
3 50 1257.95
3 51 1252.8
3 52 1237.34
3 53 1211.54
3 54 1175.39
3 55 1128.86
3 56 1071.96
3 57 1004.71
3 58 927.218
3 59 839.643
3 60 742.277
3 61 635.517
3 62 519.947
3 63 396.302
3 64 265.549
3 65 128.844
3 66 -12.404
3 67 -156.586
3 68 -301.858
3 69 -446.199
3 70 -587.423
3 71 -723.242
3 72 -851.32
3 73 -969.345
3 74 -1075.11
3 75 -1166.6
3 76 -1242.08
3 77 -1300.16
3 78 -1339.86
3 79 -1360.74
3 80 -1362.79
3 81 -1346.63
3 82 -1313.28
3 83 -1264.34
3 84 -1201.79
3 85 -1127.81
3 86 -1044.98
3 87 -955.872
3 88 -863.035
3 89 -768.954
3 90 -675.778
3 91 -585.428
3 92 -499.341
3 93 -418.598
3 94 -343.752
3 95 -274.978
3 96 -211.966
3 97 -154.068
3 98 -100.284
3 99 -49.4011
3 100 0

4 0 0
4 1 -68.1911
4 2 -138.272
4 3 -211.966
4 4 -290.826
4 5 -376.021
4 6 -468.322
4 7 -567.937
4 8 -674.578
4 9 -787.294
4 10 -904.634
4 11 -1024.51
4 12 -1144.48
4 13 -1261.56
4 14 -1372.61
4 15 -1474.37
4 16 -1563.54
4 17 -1637.11
4 18 -1692.27
4 19 -1726.79
4 20 -1738.91
4 21 -1727.49
4 22 -1692.13
4 23 -1632.99
4 24 -1550.98
4 25 -1447.5
4 26 -1324.52
4 27 -1184.38
4 28 -1029.73
4 29 -863.433
4 30 -688.42
4 31 -507.629
4 32 -323.897
4 33 -139.898
4 34 41.902
4 35 219.312
4 36 390.39
4 37 553.52
4 38 707.324
4 39 850.741
4 40 982.903
4 41 1103.22
4 42 1211.22
4 43 1306.67
4 44 1389.37
4 45 1459.28
4 46 1516.39
4 47 1560.73
4 48 1592.35
4 49 1611.31
4 50 1617.61
4 51 1611.31
4 52 1592.35
4 53 1560.73
4 54 1516.39
4 55 1459.28
4 56 1389.37
4 57 1306.67
4 58 1211.22
4 59 1103.22
4 60 982.903
4 61 850.741
4 62 707.324
4 63 553.52
4 64 390.39
4 65 219.312
4 66 41.902
4 67 -139.898
4 68 -323.897
4 69 -507.629
4 70 -688.42
4 71 -863.433
4 72 -1029.73
4 73 -1184.38
4 74 -1324.52
4 75 -1447.5
4 76 -1550.98
4 77 -1632.99
4 78 -1692.13
4 79 -1727.49
4 80 -1738.91
4 81 -1726.79
4 82 -1692.27
4 83 -1637.11
4 84 -1563.54
4 85 -1474.37
4 86 -1372.61
4 87 -1261.56
4 88 -1144.48
4 89 -1024.51
4 90 -904.634
4 91 -787.294
4 92 -674.578
4 93 -567.937
4 94 -468.322
4 95 -376.021
4 96 -290.826
4 97 -211.966
4 98 -138.272
4 99 -68.1911
4 100 0

5 0 0
5 1 -88.8163
5 2 -179.815
5 3 -274.978
5 4 -376.021
5 5 -484.257
5 6 -600.338
5 7 -724.413
5 8 -855.834
5 9 -993.353
5 10 -1134.89
5 11 -1277.84
5 12 -1419.02
5 13 -1554.91
5 14 -1681.65
5 15 -1795.41
5 16 -1892.46
5 17 -1969.37
5 18 -2023.17
5 19 -2051.44
5 20 -2052.57
5 21 -2025.63
5 22 -1970.49
5 23 -1887.83
5 24 -1779
5 25 -1646.04
5 26 -1491.48
5 27 -1318.31
5 28 -1129.74
5 29 -929.209
5 30 -720.13
5 31 -505.915
5 32 -289.758
5 33 -74.6688
5 34 136.655
5 35 341.822
5 36 538.771
5 37 725.794
5 38 901.48
5 39 1064.76
5 40 1214.78
5 41 1351
5 42 1473
5 43 1580.59
5 44 1673.67
5 45 1752.23
5 46 1816.33
5 47 1866.05
5 48 1901.49
5 49 1922.72
5 50 1929.78
5 51 1922.72
5 52 1901.49
5 53 1866.05
5 54 1816.33
5 55 1752.23
5 56 1673.67
5 57 1580.59
5 58 1473
5 59 1351
5 60 1214.78
5 61 1064.76
5 62 901.48
5 63 725.794
5 64 538.771
5 65 341.822
5 66 136.655
5 67 -74.6688
5 68 -289.758
5 69 -505.915
5 70 -720.13
5 71 -929.209
5 72 -1129.74
5 73 -1318.31
5 74 -1491.48
5 75 -1646.04
5 76 -1779
5 77 -1887.83
5 78 -1970.49
5 79 -2025.63
5 80 -2052.57
5 81 -2051.44
5 82 -2023.17
5 83 -1969.37
5 84 -1892.46
5 85 -1795.41
5 86 -1681.65
5 87 -1554.91
5 88 -1419.02
5 89 -1277.84
5 90 -1134.89
5 91 -993.353
5 92 -855.834
5 93 -724.413
5 94 -600.338
5 95 -484.257
5 96 -376.021
5 97 -274.978
5 98 -179.815
5 99 -88.8163
5 100 0

6 0 0
6 1 -111.542
6 2 -225.426
6 3 -343.752
6 4 -468.322
6 5 -600.338
6 6 -740.397
6 7 -888.274
6 8 -1043.04
6 9 -1202.79
6 10 -1365.03
6 11 -1526.45
6 12 -1683.34
6 13 -1831.5
6 14 -1966.59
6 15 -2084.44
6 16 -2181.01
6 17 -2252.76
6 18 -2296.73
6 19 -2310.8
6 20 -2293.62
6 21 -2244.74
6 22 -2164.64
6 23 -2054.54
6 24 -1916.52
6 25 -1753.21
6 26 -1567.81
6 27 -1363.85
6 28 -1145.1
6 29 -915.383
6 30 -678.514
6 31 -438.131
6 32 -197.655
6 33 39.8236
6 34 271.528
6 35 495.098
6 36 708.5
6 37 910.127
6 38 1098.66
6 39 1273.16
6 40 1432.91
6 41 1577.48
6 42 1706.6
6 43 1820.18
6 44 1918.21
6 45 2000.82
6 46 2068.11
6 47 2120.25
6 48 2157.37
6 49 2179.6
6 50 2187
6 51 2179.6
6 52 2157.37
6 53 2120.25
6 54 2068.11
6 55 2000.82
6 56 1918.21
6 57 1820.18
6 58 1706.6
6 59 1577.48
6 60 1432.91
6 61 1273.16
6 62 1098.66
6 63 910.127
6 64 708.5
6 65 495.098
6 66 271.528
6 67 39.8236
6 68 -197.655
6 69 -438.131
6 70 -678.514
6 71 -915.383
6 72 -1145.1
6 73 -1363.85
6 74 -1567.81
6 75 -1753.21
6 76 -1916.52
6 77 -2054.54
6 78 -2164.64
6 79 -2244.74
6 80 -2293.62
6 81 -2310.8
6 82 -2296.73
6 83 -2252.76
6 84 -2181.01
6 85 -2084.44
6 86 -1966.59
6 87 -1831.5
6 88 -1683.34
6 89 -1526.45
6 90 -1365.03
6 91 -1202.79
6 92 -1043.04
6 93 -888.274
6 94 -740.397
6 95 -600.338
6 96 -468.322
6 97 -343.752
6 98 -225.426
6 99 -111.542
6 100 0

7 0 0
7 1 -136.51
7 2 -275.326
7 3 -418.598
7 4 -567.937
7 5 -724.413
7 6 -888.274
7 7 -1058.98
7 8 -1234.95
7 9 -1413.88
7 10 -1592.52
7 11 -1767.13
7 12 -1933.26
7 13 -2086.35
7 14 -2221.79
7 15 -2335.11
7 16 -2422.32
7 17 -2480.06
7 18 -2505.72
7 19 -2497.64
7 20 -2455.13
7 21 -2378.46
7 22 -2268.81
7 23 -2128.28
7 24 -1959.59
7 25 -1766.14
7 26 -1551.7
7 27 -1320.32
7 28 -1076.17
7 29 -823.373
7 30 -565.896
7 31 -307.471
7 32 -51.4765
7 33 199.056
7 34 441.541
7 35 673.765
7 36 893.97
7 37 1100.73
7 38 1293.03
7 39 1470.1
7 40 1631.5
7 41 1776.96
7 42 1906.43
7 43 2019.96
7 44 2117.7
7 45 2199.86
7 46 2266.68
7 47 2318.37
7 48 2355.14
7 49 2377.13
7 50 2384.45
7 51 2377.13
7 52 2355.14
7 53 2318.37
7 54 2266.68
7 55 2199.86
7 56 2117.7
7 57 2019.96
7 58 1906.43
7 59 1776.96
7 60 1631.5
7 61 1470.1
7 62 1293.03
7 63 1100.73
7 64 893.97
7 65 673.765
7 66 441.541
7 67 199.056
7 68 -51.4765
7 69 -307.471
7 70 -565.896
7 71 -823.373
7 72 -1076.17
7 73 -1320.32
7 74 -1551.7
7 75 -1766.14
7 76 -1959.59
7 77 -2128.28
7 78 -2268.81
7 79 -2378.46
7 80 -2455.13
7 81 -2497.64
7 82 -2505.72
7 83 -2480.06
7 84 -2422.32
7 85 -2335.11
7 86 -2221.79
7 87 -2086.35
7 88 -1933.26
7 89 -1767.13
7 90 -1592.52
7 91 -1413.88
7 92 -1234.95
7 93 -1058.98
7 94 -888.274
7 95 -724.413
7 96 -567.937
7 97 -418.598
7 98 -275.326
7 99 -136.51
7 100 0

8 0 0
8 1 -163.7
8 2 -329.507
8 3 -499.341
8 4 -674.578
8 5 -855.834
8 6 -1043.04
8 7 -1234.95
8 8 -1429.55
8 9 -1623.81
8 10 -1814.02
8 11 -1995.69
8 12 -2164.04
8 13 -2314.24
8 14 -2441.55
8 15 -2541.54
8 16 -2610.55
8 17 -2645.67
8 18 -2644.98
8 19 -2607.6
8 20 -2533.66
8 21 -2424.43
8 22 -2282
8 23 -2109.29
8 24 -1909.91
8 25 -1687.86
8 26 -1447.51
8 27 -1193.26
8 28 -929.567
8 29 -660.628
8 30 -390.432
8 31 -122.536
8 32 139.868
8 33 394.066
8 34 637.786
8 35 869.198
8 36 1086.9
8 37 1289.84
8 38 1477.34
8 39 1648.97
8 40 1804.56
8 41 1944.12
8 42 2067.8
8 43 2175.85
8 44 2268.57
8 45 2346.31
8 46 2409.37
8 47 2458.08
8 48 2492.67
8 49 2513.35
8 50 2520.23
8 51 2513.35
8 52 2492.67
8 53 2458.08
8 54 2409.37
8 55 2346.31
8 56 2268.57
8 57 2175.85
8 58 2067.8
8 59 1944.12
8 60 1804.56
8 61 1648.97
8 62 1477.34
8 63 1289.84
8 64 1086.9
8 65 869.198
8 66 637.786
8 67 394.066
8 68 139.868
8 69 -122.536
8 70 -390.432
8 71 -660.628
8 72 -929.567
8 73 -1193.26
8 74 -1447.51
8 75 -1687.86
8 76 -1909.91
8 77 -2109.29
8 78 -2282
8 79 -2424.43
8 80 -2533.66
8 81 -2607.6
8 82 -2644.98
8 83 -2645.67
8 84 -2610.55
8 85 -2541.54
8 86 -2441.55
8 87 -2314.24
8 88 -2164.04
8 89 -1995.69
8 90 -1814.02
8 91 -1623.81
8 92 -1429.55
8 93 -1234.95
8 94 -1043.04
8 95 -855.834
8 96 -674.578
8 97 -499.341
8 98 -329.507
8 99 -163.7
8 100 0

9 0 0
9 1 -192.941
9 2 -387.589
9 3 -585.428
9 4 -787.294
9 5 -993.353
9 6 -1202.79
9 7 -1413.88
9 8 -1623.81
9 9 -1829.06
9 10 -2025.17
9 11 -2207.33
9 12 -2370.54
9 13 -2509.8
9 14 -2620.5
9 15 -2698.65
9 16 -2741.14
9 17 -2745.89
9 18 -2711.87
9 19 -2639.28
9 20 -2529.37
9 21 -2384.43
9 22 -2207.62
9 23 -2002.81
9 24 -1774.3
9 25 -1526.77
9 26 -1264.95
9 27 -993.552
9 28 -717.033
9 29 -439.556
9 30 -164.83
9 31 103.863
9 32 363.792
9 33 612.664
9 34 848.739
9 35 1070.65
9 36 1277.5
9 37 1468.68
9 38 1643.94
9 39 1803.22
9 40 1946.69
9 41 2074.62
9 42 2187.42
9 43 2285.5
9 44 2369.35
9 45 2439.39
9 46 2496.08
9 47 2539.74
9 48 2570.72
9 49 2589.21
9 50 2595.36
9 51 2589.21
9 52 2570.72
9 53 2539.74
9 54 2496.08
9 55 2439.39
9 56 2369.35
9 57 2285.5
9 58 2187.42
9 59 2074.62
9 60 1946.69
9 61 1803.22
9 62 1643.94
9 63 1468.68
9 64 1277.5
9 65 1070.65
9 66 848.739
9 67 612.664
9 68 363.792
9 69 103.863
9 70 -164.83
9 71 -439.556
9 72 -717.033
9 73 -993.552
9 74 -1264.95
9 75 -1526.77
9 76 -1774.3
9 77 -2002.81
9 78 -2207.62
9 79 -2384.43
9 80 -2529.37
9 81 -2639.28
9 82 -2711.87
9 83 -2745.89
9 84 -2741.14
9 85 -2698.65
9 86 -2620.5
9 87 -2509.8
9 88 -2370.54
9 89 -2207.33
9 90 -2025.17
9 91 -1829.06
9 92 -1623.81
9 93 -1413.88
9 94 -1202.79
9 95 -993.353
9 96 -787.294
9 97 -585.428
9 98 -387.589
9 99 -192.941
9 100 0

10 0 0
10 1 -223.933
10 2 -448.96
10 3 -675.778
10 4 -904.634
10 5 -1134.89
10 6 -1365.03
10 7 -1592.52
10 8 -1814.02
10 9 -2025.17
10 10 -2221.2
10 11 -2397.02
10 12 -2547.51
10 13 -2667.87
10 14 -2753.95
10 15 -2802.44
10 16 -2811.13
10 17 -2779.01
10 18 -2706.3
10 19 -2594.4
10 20 -2445.83
10 21 -2264.06
10 22 -2053.28
10 23 -1818.22
10 24 -1563.95
10 25 -1295.51
10 26 -1017.98
10 27 -736.037
10 28 -454.06
10 29 -175.877
10 30 95.1839
10 31 356.402
10 32 605.566
10 33 841.047
10 34 1061.65
10 35 1266.65
10 36 1455.65
10 37 1628.61
10 38 1785.66
10 39 1927.2
10 40 2053.66
10 41 2165.64
10 42 2263.73
10 43 2348.56
10 44 2420.7
10 45 2480.74
10 46 2529.13
10 47 2566.33
10 48 2592.65
10 49 2608.34
10 50 2613.55
10 51 2608.34
10 52 2592.65
10 53 2566.33
10 54 2529.13
10 55 2480.74
10 56 2420.7
10 57 2348.56
10 58 2263.73
10 59 2165.64
10 60 2053.66
10 61 1927.2
10 62 1785.66
10 63 1628.61
10 64 1455.65
10 65 1266.65
10 66 1061.65
10 67 841.047
10 68 605.566
10 69 356.402
10 70 95.1839
10 71 -175.877
10 72 -454.06
10 73 -736.037
10 74 -1017.98
10 75 -1295.51
10 76 -1563.95
10 77 -1818.22
10 78 -2053.28
10 79 -2264.06
10 80 -2445.83
10 81 -2594.4
10 82 -2706.3
10 83 -2779.01
10 84 -2811.13
10 85 -2802.44
10 86 -2753.95
10 87 -2667.87
10 88 -2547.51
10 89 -2397.02
10 90 -2221.2
10 91 -2025.17
10 92 -1814.02
10 93 -1592.52
10 94 -1365.03
10 95 -1134.89
10 96 -904.634
10 97 -675.778
10 98 -448.96
10 99 -223.933
10 100 0

11 0 0
11 1 -256.24
11 2 -512.622
11 3 -768.954
11 4 -1024.51
11 5 -1277.84
11 6 -1526.45
11 7 -1767.13
11 8 -1995.69
11 9 -2207.33
11 10 -2397.02
11 11 -2559.54
11 12 -2689.94
11 13 -2783.97
11 14 -2838.17
11 15 -2850.33
11 16 -2819.37
11 17 -2745.63
11 18 -2630.74
11 19 -2477.5
11 20 -2289.76
11 21 -2072.12
11 22 -1829.81
11 23 -1568.33
11 24 -1293.18
11 25 -1009.83
11 26 -723.244
11 27 -438.058
11 28 -158.204
11 29 112.914
11 30 372.618
11 31 618.811
11 32 850.013
11 33 1065.26
11 34 1264.07
11 35 1446.31
11 36 1612.19
11 37 1762.14
11 38 1896.77
11 39 2016.81
11 40 2123.03
11 41 2216.23
11 42 2297.23
11 43 2366.76
11 44 2425.53
11 45 2474.16
11 46 2513.2
11 47 2543.08
11 48 2564.18
11 49 2576.73
11 50 2580.91
11 51 2576.73
11 52 2564.18
11 53 2543.08
11 54 2513.2
11 55 2474.16
11 56 2425.53
11 57 2366.76
11 58 2297.23
11 59 2216.23
11 60 2123.03
11 61 2016.81
11 62 1896.77
11 63 1762.14
11 64 1612.19
11 65 1446.31
11 66 1264.07
11 67 1065.26
11 68 850.013
11 69 618.811
11 70 372.618
11 71 112.914
11 72 -158.204
11 73 -438.058
11 74 -723.244
11 75 -1009.83
11 76 -1293.18
11 77 -1568.33
11 78 -1829.81
11 79 -2072.12
11 80 -2289.76
11 81 -2477.5
11 82 -2630.74
11 83 -2745.63
11 84 -2819.37
11 85 -2850.33
11 86 -2838.17
11 87 -2783.97
11 88 -2689.94
11 89 -2559.54
11 90 -2397.02
11 91 -2207.33
11 92 -1995.69
11 93 -1767.13
11 94 -1526.45
11 95 -1277.84
11 96 -1024.51
11 97 -768.954
11 98 -512.622
11 99 -256.24
11 100 0

12 0 0
12 1 -289.191
12 2 -577.322
12 3 -863.035
12 4 -1144.48
12 5 -1419.02
12 6 -1683.34
12 7 -1933.26
12 8 -2164.04
12 9 -2370.54
12 10 -2547.51
12 11 -2689.94
12 12 -2793.44
12 13 -2854.5
12 14 -2870.81
12 15 -2841.38
12 16 -2766.68
12 17 -2648.52
12 18 -2490.13
12 19 -2295.71
12 20 -2070.45
12 21 -1820.06
12 22 -1550.56
12 23 -1268.07
12 24 -978.421
12 25 -687.023
12 26 -398.764
12 27 -117.773
12 28 152.472
12 29 409.328
12 30 650.78
12 31 875.574
12 32 1082.94
12 33 1272.72
12 34 1445.05
12 35 1600.5
12 36 1739.76
12 37 1863.78
12 38 1973.53
12 39 2070.06
12 40 2154.39
12 41 2227.53
12 42 2290.39
12 43 2343.84
12 44 2388.62
12 45 2425.41
12 46 2454.75
12 47 2477.1
12 48 2492.82
12 49 2502.15
12 50 2505.24
12 51 2502.15
12 52 2492.82
12 53 2477.1
12 54 2454.75
12 55 2425.41
12 56 2388.62
12 57 2343.84
12 58 2290.39
12 59 2227.53
12 60 2154.39
12 61 2070.06
12 62 1973.53
12 63 1863.78
12 64 1739.76
12 65 1600.5
12 66 1445.05
12 67 1272.72
12 68 1082.94
12 69 875.574
12 70 650.78
12 71 409.328
12 72 152.472
12 73 -117.773
12 74 -398.764
12 75 -687.023
12 76 -978.421
12 77 -1268.07
12 78 -1550.56
12 79 -1820.06
12 80 -2070.45
12 81 -2295.71
12 82 -2490.13
12 83 -2648.52
12 84 -2766.68
12 85 -2841.38
12 86 -2870.81
12 87 -2854.5
12 88 -2793.44
12 89 -2689.94
12 90 -2547.51
12 91 -2370.54
12 92 -2164.04
12 93 -1933.26
12 94 -1683.34
12 95 -1419.02
12 96 -1144.48
12 97 -863.035
12 98 -577.322
12 99 -289.191
12 100 0

13 0 0
13 1 -322.082
13 2 -641.617
13 3 -955.872
13 4 -1261.56
13 5 -1554.91
13 6 -1831.5
13 7 -2086.35
13 8 -2314.24
13 9 -2509.8
13 10 -2667.87
13 11 -2783.97
13 12 -2854.5
13 13 -2877.13
13 14 -2850.89
13 15 -2776.43
13 16 -2655.81
13 17 -2492.6
13 18 -2291.52
13 19 -2058.31
13 20 -1799.25
13 21 -1521.05
13 22 -1230.37
13 23 -933.6
13 24 -636.647
13 25 -344.735
13 26 -62.239
13 27 207.236
13 28 461.038
13 29 697.249
13 30 914.782
13 31 1113.13
13 32 1292.42
13 33 1453.13
13 34 1596.14
13 35 1722.51
13 36 1833.51
13 37 1930.39
13 38 2014.51
13 39 2087.11
13 40 2149.43
13 41 2202.54
13 42 2247.5
13 43 2285.15
13 44 2316.3
13 45 2341.58
13 46 2361.56
13 47 2376.65
13 48 2387.2
13 49 2393.43
13 50 2395.5
13 51 2393.43
13 52 2387.2
13 53 2376.65
13 54 2361.56
13 55 2341.58
13 56 2316.3
13 57 2285.15
13 58 2247.5
13 59 2202.54
13 60 2149.43
13 61 2087.11
13 62 2014.51
13 63 1930.39
13 64 1833.51
13 65 1722.51
13 66 1596.14
13 67 1453.13
13 68 1292.42
13 69 1113.13
13 70 914.782
13 71 697.249
13 72 461.038
13 73 207.236
13 74 -62.239
13 75 -344.735
13 76 -636.647
13 77 -933.6
13 78 -1230.37
13 79 -1521.05
13 80 -1799.25
13 81 -2058.31
13 82 -2291.52
13 83 -2492.6
13 84 -2655.81
13 85 -2776.43
13 86 -2850.89
13 87 -2877.13
13 88 -2854.5
13 89 -2783.97
13 90 -2667.87
13 91 -2509.8
13 92 -2314.24
13 93 -2086.35
13 94 -1831.5
13 95 -1554.91
13 96 -1261.56
13 97 -955.872
13 98 -641.617
13 99 -322.082
13 100 0

14 0 0
14 1 -354.069
14 2 -703.898
14 3 -1044.98
14 4 -1372.61
14 5 -1681.65
14 6 -1966.59
14 7 -2221.79
14 8 -2441.55
14 9 -2620.5
14 10 -2753.95
14 11 -2838.17
14 12 -2870.81
14 13 -2850.89
14 14 -2779.19
14 15 -2658.07
14 16 -2491.47
14 17 -2284.61
14 18 -2043.8
14 19 -1776.06
14 20 -1488.76
14 21 -1189.23
14 22 -884.505
14 23 -581.039
14 24 -284.498
14 25 0.417777
14 26 269.912
14 27 521.287
14 28 752.675
14 29 963.139
14 30 1152.43
14 31 1320.92
14 32 1469.48
14 33 1599.3
14 34 1711.82
14 35 1808.62
14 36 1891.29
14 37 1961.47
14 38 2020.65
14 39 2070.3
14 40 2111.68
14 41 2145.99
14 42 2174.21
14 43 2197.27
14 44 2215.85
14 45 2230.63
14 46 2242.06
14 47 2250.58
14 48 2256.44
14 49 2259.89
14 50 2261.01
14 51 2259.89
14 52 2256.44
14 53 2250.58
14 54 2242.06
14 55 2230.63
14 56 2215.85
14 57 2197.27
14 58 2174.21
14 59 2145.99
14 60 2111.68
14 61 2070.3
14 62 2020.65
14 63 1961.47
14 64 1891.29
14 65 1808.62
14 66 1711.82
14 67 1599.3
14 68 1469.48
14 69 1320.92
14 70 1152.43
14 71 963.139
14 72 752.675
14 73 521.287
14 74 269.912
14 75 0.417777
14 76 -284.498
14 77 -581.039
14 78 -884.505
14 79 -1189.23
14 80 -1488.76
14 81 -1776.06
14 82 -2043.8
14 83 -2284.61
14 84 -2491.47
14 85 -2658.07
14 86 -2779.19
14 87 -2850.89
14 88 -2870.81
14 89 -2838.17
14 90 -2753.95
14 91 -2620.5
14 92 -2441.55
14 93 -2221.79
14 94 -1966.59
14 95 -1681.65
14 96 -1372.61
14 97 -1044.98
14 98 -703.898
14 99 -354.069
14 100 0

15 0 0
15 1 -384.265
15 2 -762.315
15 3 -1127.81
15 4 -1474.37
15 5 -1795.41
15 6 -2084.44
15 7 -2335.11
15 8 -2541.54
15 9 -2698.65
15 10 -2802.44
15 11 -2850.33
15 12 -2841.38
15 13 -2776.43
15 14 -2658.07
15 15 -2490.65
15 16 -2279.89
15 17 -2032.79
15 18 -1757.02
15 19 -1460.74
15 20 -1152.06
15 21 -838.74
15 22 -527.864
15 23 -225.585
15 24 62.9135
15 25 333.64
15 26 583.74
15 27 811.342
15 28 1015.67
15 29 1196.63
15 30 1354.95
15 31 1491.73
15 32 1608.6
15 33 1707.28
15 34 1789.74
15 35 1857.89
15 36 1913.65
15 37 1958.78
15 38 1994.95
15 39 2023.64
15 40 2046.17
15 41 2063.67
15 42 2077.12
15 43 2087.34
15 44 2095
15 45 2100.65
15 46 2104.74
15 47 2107.59
15 48 2109.46
15 49 2110.51
15 50 2110.85
15 51 2110.51
15 52 2109.46
15 53 2107.59
15 54 2104.74
15 55 2100.65
15 56 2095
15 57 2087.34
15 58 2077.12
15 59 2063.67
15 60 2046.17
15 61 2023.64
15 62 1994.95
15 63 1958.78
15 64 1913.65
15 65 1857.89
15 66 1789.74
15 67 1707.28
15 68 1608.6
15 69 1491.73
15 70 1354.95
15 71 1196.63
15 72 1015.67
15 73 811.342
15 74 583.74
15 75 333.64
15 76 62.9135
15 77 -225.585
15 78 -527.864
15 79 -838.74
15 80 -1152.06
15 81 -1460.74
15 82 -1757.02
15 83 -2032.79
15 84 -2279.89
15 85 -2490.65
15 86 -2658.07
15 87 -2776.43
15 88 -2841.38
15 89 -2850.33
15 90 -2802.44
15 91 -2698.65
15 92 -2541.54
15 93 -2335.11
15 94 -2084.44
15 95 -1795.41
15 96 -1474.37
15 97 -1127.81
15 98 -762.315
15 99 -384.265
15 100 0

16 0 0
16 1 -411.75
16 2 -815.079
16 3 -1201.79
16 4 -1563.54
16 5 -1892.46
16 6 -2181.01
16 7 -2422.32
16 8 -2610.55
16 9 -2741.14
16 10 -2811.13
16 11 -2819.37
16 12 -2766.68
16 13 -2655.81
16 14 -2491.47
16 15 -2279.89
16 16 -2028.74
16 17 -1746.44
16 18 -1442
16 19 -1124.35
16 20 -802.108
16 21 -483.061
16 22 -174.042
16 23 119.307
16 24 392.66
16 25 642.907
16 26 868.176
16 27 1067.73
16 28 1241.66
16 29 1390.95
16 30 1517.03
16 31 1621.83
16 32 1707.47
16 33 1776.23
16 34 1830.34
16 35 1872.03
16 36 1903.31
16 37 1926.07
16 38 1941.96
16 39 1952.46
16 40 1958.79
16 41 1962.05
16 42 1963.08
16 43 1962.63
16 44 1961.26
16 45 1959.45
16 46 1957.54
16 47 1955.81
16 48 1954.43
16 49 1953.56
16 50 1953.26
16 51 1953.56
16 52 1954.43
16 53 1955.81
16 54 1957.54
16 55 1959.45
16 56 1961.26
16 57 1962.63
16 58 1963.08
16 59 1962.05
16 60 1958.79
16 61 1952.46
16 62 1941.96
16 63 1926.07
16 64 1903.31
16 65 1872.03
16 66 1830.34
16 67 1776.23
16 68 1707.47
16 69 1621.83
16 70 1517.03
16 71 1390.95
16 72 1241.66
16 73 1067.73
16 74 868.176
16 75 642.907
16 76 392.66
16 77 119.307
16 78 -174.042
16 79 -483.061
16 80 -802.108
16 81 -1124.35
16 82 -1442
16 83 -1746.44
16 84 -2028.74
16 85 -2279.89
16 86 -2491.47
16 87 -2655.81
16 88 -2766.68
16 89 -2819.37
16 90 -2811.13
16 91 -2741.14
16 92 -2610.55
16 93 -2422.32
16 94 -2181.01
16 95 -1892.46
16 96 -1563.54
16 97 -1201.79
16 98 -815.079
16 99 -411.75
16 100 0

17 0 0
17 1 -435.557
17 2 -860.495
17 3 -1264.34
17 4 -1637.11
17 5 -1969.37
17 6 -2252.76
17 7 -2480.06
17 8 -2645.67
17 9 -2745.89
17 10 -2779.01
17 11 -2745.63
17 12 -2648.52
17 13 -2492.6
17 14 -2284.61
17 15 -2032.79
17 16 -1746.44
17 17 -1435.44
17 18 -1109.64
17 19 -778.598
17 20 -450.944
17 21 -134.316
17 22 165.113
17 23 442.51
17 24 694.491
17 25 919.089
17 26 1115.51
17 27 1284.05
17 28 1425.86
17 29 1542.69
17 30 1636.81
17 31 1710.65
17 32 1766.85
17 33 1807.97
17 34 1836.51
17 35 1854.72
17 36 1864.75
17 37 1868.37
17 38 1867.24
17 39 1862.66
17 40 1855.82
17 41 1847.58
17 42 1838.77
17 43 1829.92
17 44 1821.54
17 45 1813.94
17 46 1807.45
17 47 1802.2
17 48 1798.38
17 49 1796.04
17 50 1795.27
17 51 1796.04
17 52 1798.38
17 53 1802.2
17 54 1807.45
17 55 1813.94
17 56 1821.54
17 57 1829.92
17 58 1838.77
17 59 1847.58
17 60 1855.82
17 61 1862.66
17 62 1867.24
17 63 1868.37
17 64 1864.75
17 65 1854.72
17 66 1836.51
17 67 1807.97
17 68 1766.85
17 69 1710.65
17 70 1636.81
17 71 1542.69
17 72 1425.86
17 73 1284.05
17 74 1115.51
17 75 919.089
17 76 694.491
17 77 442.51
17 78 165.113
17 79 -134.316
17 80 -450.944
17 81 -778.598
17 82 -1109.64
17 83 -1435.44
17 84 -1746.44
17 85 -2032.79
17 86 -2284.61
17 87 -2492.6
17 88 -2648.52
17 89 -2745.63
17 90 -2779.01
17 91 -2745.89
17 92 -2645.67
17 93 -2480.06
17 94 -2252.76
17 95 -1969.37
17 96 -1637.11
17 97 -1264.34
17 98 -860.495
17 99 -435.557
17 100 0

18 0 0
18 1 -454.927
18 2 -896.883
18 3 -1313.28
18 4 -1692.27
18 5 -2023.17
18 6 -2296.73
18 7 -2505.72
18 8 -2644.98
18 9 -2711.87
18 10 -2706.3
18 11 -2630.74
18 12 -2490.13
18 13 -2291.52
18 14 -2043.8
18 15 -1757.02
18 16 -1442
18 17 -1109.64
18 18 -770.512
18 19 -434.266
18 20 -109.364
18 21 197.21
18 22 480.048
18 23 735.417
18 24 961.087
18 25 1156.22
18 26 1321.17
18 27 1457.3
18 28 1566.59
18 29 1651.64
18 30 1715.23
18 31 1760.32
18 32 1789.79
18 33 1806.42
18 34 1812.75
18 35 1811.07
18 36 1803.4
18 37 1791.46
18 38 1776.7
18 39 1760.32
18 40 1743.29
18 41 1726.39
18 42 1710.19
18 43 1695.18
18 44 1681.68
18 45 1669.96
18 46 1660.17
18 47 1652.47
18 48 1646.9
18 49 1643.56
18 50 1642.43
18 51 1643.56
18 52 1646.9
18 53 1652.47
18 54 1660.17
18 55 1669.96
18 56 1681.68
18 57 1695.18
18 58 1710.19
18 59 1726.39
18 60 1743.29
18 61 1760.32
18 62 1776.7
18 63 1791.46
18 64 1803.4
18 65 1811.07
18 66 1812.75
18 67 1806.42
18 68 1789.79
18 69 1760.32
18 70 1715.23
18 71 1651.64
18 72 1566.59
18 73 1457.3
18 74 1321.17
18 75 1156.22
18 76 961.087
18 77 735.417
18 78 480.048
18 79 197.21
18 80 -109.364
18 81 -434.266
18 82 -770.512
18 83 -1109.64
18 84 -1442
18 85 -1757.02
18 86 -2043.8
18 87 -2291.52
18 88 -2490.13
18 89 -2630.74
18 90 -2706.3
18 91 -2711.87
18 92 -2644.98
18 93 -2505.72
18 94 -2296.73
18 95 -2023.17
18 96 -1692.27
18 97 -1313.28
18 98 -896.883
18 99 -454.927
18 100 0

19 0 0
19 1 -469.08
19 2 -922.847
19 3 -1346.63
19 4 -1726.79
19 5 -2051.44
19 6 -2310.8
19 7 -2497.64
19 8 -2607.6
19 9 -2639.28
19 10 -2594.4
19 11 -2477.5
19 12 -2295.71
19 13 -2058.31
19 14 -1776.06
19 15 -1460.74
19 16 -1124.35
19 17 -778.598
19 18 -434.266
19 19 -100.864
19 20 213.702
19 21 503.308
19 22 763.669
19 23 992.211
19 24 1187.95
19 25 1351.26
19 26 1483.6
19 27 1587.21
19 28 1664.97
19 29 1719.98
19 30 1755.56
19 31 1774.87
19 32 1781.03
19 33 1776.78
19 34 1764.68
19 35 1746.85
19 36 1725.2
19 37 1701.22
19 38 1676.2
19 39 1651.11
19 40 1626.77
19 41 1603.74
19 42 1582.48
19 43 1563.29
19 44 1546.42
19 45 1531.98
19 46 1520.1
19 47 1510.82
19 48 1504.18
19 49 1500.18
19 50 1498.86
19 51 1500.18
19 52 1504.18
19 53 1510.82
19 54 1520.1
19 55 1531.98
19 56 1546.42
19 57 1563.29
19 58 1582.48
19 59 1603.74
19 60 1626.77
19 61 1651.11
19 62 1676.2
19 63 1701.22
19 64 1725.2
19 65 1746.85
19 66 1764.68
19 67 1776.78
19 68 1781.03
19 69 1774.87
19 70 1755.56
19 71 1719.98
19 72 1664.97
19 73 1587.21
19 74 1483.6
19 75 1351.26
19 76 1187.95
19 77 992.211
19 78 763.669
19 79 503.308
19 80 213.702
19 81 -100.864
19 82 -434.266
19 83 -778.598
19 84 -1124.35
19 85 -1460.74
19 86 -1776.06
19 87 -2058.31
19 88 -2295.71
19 89 -2477.5
19 90 -2594.4
19 91 -2639.28
19 92 -2607.6
19 93 -2497.64
19 94 -2310.8
19 95 -2051.44
19 96 -1726.79
19 97 -1346.63
19 98 -922.847
19 99 -469.08
19 100 0

20 0 0
20 1 -477.373
20 2 -937.229
20 3 -1362.79
20 4 -1738.91
20 5 -2052.57
20 6 -2293.62
20 7 -2455.13
20 8 -2533.66
20 9 -2529.37
20 10 -2445.83
20 11 -2289.76
20 12 -2070.45
20 13 -1799.25
20 14 -1488.76
20 15 -1152.06
20 16 -802.108
20 17 -450.944
20 18 -109.364
20 19 213.702
20 20 511.185
20 21 778.066
20 22 1011.29
20 23 1209.59
20 24 1373.27
20 25 1503.79
20 26 1603.67
20 27 1675.97
20 28 1724.15
20 29 1751.85
20 30 1762.56
20 31 1759.69
20 32 1746.24
20 33 1724.99
20 34 1698.23
20 35 1668
20 36 1635.86
20 37 1603.19
20 38 1570.96
20 39 1539.99
20 40 1510.84
20 41 1483.96
20 42 1459.59
20 43 1437.96
20 44 1419.14
20 45 1403.23
20 46 1390.21
20 47 1380.11
20 48 1372.91
20 49 1368.6
20 50 1367.16
20 51 1368.6
20 52 1372.91
20 53 1380.11
20 54 1390.21
20 55 1403.23
20 56 1419.14
20 57 1437.96
20 58 1459.59
20 59 1483.96
20 60 1510.84
20 61 1539.99
20 62 1570.96
20 63 1603.19
20 64 1635.86
20 65 1668
20 66 1698.23
20 67 1724.99
20 68 1746.24
20 69 1759.69
20 70 1762.56
20 71 1751.85
20 72 1724.15
20 73 1675.97
20 74 1603.67
20 75 1503.79
20 76 1373.27
20 77 1209.59
20 78 1011.29
20 79 778.066
20 80 511.185
20 81 213.702
20 82 -109.364
20 83 -450.944
20 84 -802.108
20 85 -1152.06
20 86 -1488.76
20 87 -1799.25
20 88 -2070.45
20 89 -2289.76
20 90 -2445.83
20 91 -2529.37
20 92 -2533.66
20 93 -2455.13
20 94 -2293.62
20 95 -2052.57
20 96 -1738.91
20 97 -1362.79
20 98 -937.229
20 99 -477.373
20 100 0

21 0 0
21 1 -479.385
21 2 -939.162
21 3 -1360.74
21 4 -1727.49
21 5 -2025.63
21 6 -2244.74
21 7 -2378.46
21 8 -2424.43
21 9 -2384.43
21 10 -2264.06
21 11 -2072.12
21 12 -1820.06
21 13 -1521.05
21 14 -1189.23
21 15 -838.74
21 16 -483.061
21 17 -134.316
21 18 197.21
21 19 503.308
21 20 778.066
21 21 1017.71
21 22 1220.56
21 23 1386.62
21 24 1517.42
21 25 1615.54
21 26 1684.27
21 27 1727.41
21 28 1748.85
21 29 1752.49
21 30 1741.99
21 31 1720.67
21 32 1691.49
21 33 1656.97
21 34 1619.24
21 35 1579.99
21 36 1540.63
21 37 1502.17
21 38 1465.44
21 39 1430.95
21 40 1399.16
21 41 1370.24
21 42 1344.42
21 43 1321.68
21 44 1302.12
21 45 1285.64
21 46 1272.28
21 47 1261.92
21 48 1254.58
21 49 1250.17
21 50 1248.72
21 51 1250.17
21 52 1254.58
21 53 1261.92
21 54 1272.28
21 55 1285.64
21 56 1302.12
21 57 1321.68
21 58 1344.42
21 59 1370.24
21 60 1399.16
21 61 1430.95
21 62 1465.44
21 63 1502.17
21 64 1540.63
21 65 1579.99
21 66 1619.24
21 67 1656.97
21 68 1691.49
21 69 1720.67
21 70 1741.99
21 71 1752.49
21 72 1748.85
21 73 1727.41
21 74 1684.27
21 75 1615.54
21 76 1517.42
21 77 1386.62
21 78 1220.56
21 79 1017.71
21 80 778.066
21 81 503.308
21 82 197.21
21 83 -134.316
21 84 -483.061
21 85 -838.74
21 86 -1189.23
21 87 -1521.05
21 88 -1820.06
21 89 -2072.12
21 90 -2264.06
21 91 -2384.43
21 92 -2424.43
21 93 -2378.46
21 94 -2244.74
21 95 -2025.63
21 96 -1727.49
21 97 -1360.74
21 98 -939.162
21 99 -479.385
21 100 0

22 0 0
22 1 -474.794
22 2 -928.158
22 3 -1339.86
22 4 -1692.13
22 5 -1970.49
22 6 -2164.64
22 7 -2268.81
22 8 -2282
22 9 -2207.62
22 10 -2053.28
22 11 -1829.81
22 12 -1550.56
22 13 -1230.37
22 14 -884.505
22 15 -527.864
22 16 -174.042
22 17 165.113
22 18 480.048
22 19 763.669
22 20 1011.29
22 21 1220.56
22 22 1391.1
22 23 1524.27
22 24 1622.66
22 25 1689.76
22 26 1729.64
22 27 1746.48
22 28 1744.53
22 29 1727.76
22 30 1699.79
22 31 1663.83
22 32 1622.6
22 33 1578.36
22 34 1532.94
22 35 1487.76
22 36 1443.9
22 37 1402.17
22 38 1363.1
22 39 1327.07
22 40 1294.26
22 41 1264.81
22 42 1238.71
22 43 1215.96
22 44 1196.47
22 45 1180.18
22 46 1166.98
22 47 1156.83
22 48 1149.61
22 49 1145.31
22 50 1143.87
22 51 1145.31
22 52 1149.61
22 53 1156.83
22 54 1166.98
22 55 1180.18
22 56 1196.47
22 57 1215.96
22 58 1238.71
22 59 1264.81
22 60 1294.26
22 61 1327.07
22 62 1363.1
22 63 1402.17
22 64 1443.9
22 65 1487.76
22 66 1532.94
22 67 1578.36
22 68 1622.6
22 69 1663.83
22 70 1699.79
22 71 1727.76
22 72 1744.53
22 73 1746.48
22 74 1729.64
22 75 1689.76
22 76 1622.66
22 77 1524.27
22 78 1391.1
22 79 1220.56
22 80 1011.29
22 81 763.669
22 82 480.048
22 83 165.113
22 84 -174.042
22 85 -527.864
22 86 -884.505
22 87 -1230.37
22 88 -1550.56
22 89 -1829.81
22 90 -2053.28
22 91 -2207.62
22 92 -2282
22 93 -2268.81
22 94 -2164.64
22 95 -1970.49
22 96 -1692.13
22 97 -1339.86
22 98 -928.158
22 99 -474.794
22 100 0

23 0 0
23 1 -463.537
23 2 -904.101
23 3 -1300.16
23 4 -1632.99
23 5 -1887.83
23 6 -2054.54
23 7 -2128.28
23 8 -2109.29
23 9 -2002.81
23 10 -1818.22
23 11 -1568.33
23 12 -1268.07
23 13 -933.6
23 14 -581.039
23 15 -225.585
23 16 119.307
23 17 442.51
23 18 735.417
23 19 992.211
23 20 1209.59
23 21 1386.62
23 22 1524.27
23 23 1625.02
23 24 1692.49
23 25 1730.91
23 26 1744.8
23 27 1738.71
23 28 1716.98
23 29 1683.5
23 30 1641.8
23 31 1594.77
23 32 1544.87
23 33 1494.05
23 34 1443.79
23 35 1395.23
23 36 1349.17
23 37 1306.14
23 38 1266.47
23 39 1230.34
23 40 1197.81
23 41 1168.86
23 42 1143.41
23 43 1121.35
23 44 1102.56
23 45 1086.9
23 46 1074.28
23 47 1064.57
23 48 1057.7
23 49 1053.6
23 50 1052.25
23 51 1053.6
23 52 1057.7
23 53 1064.57
23 54 1074.28
23 55 1086.9
23 56 1102.56
23 57 1121.35
23 58 1143.41
23 59 1168.86
23 60 1197.81
23 61 1230.34
23 62 1266.47
23 63 1306.14
23 64 1349.17
23 65 1395.23
23 66 1443.79
23 67 1494.05
23 68 1544.87
23 69 1594.77
23 70 1641.8
23 71 1683.5
23 72 1716.98
23 73 1738.71
23 74 1744.8
23 75 1730.91
23 76 1692.49
23 77 1625.02
23 78 1524.27
23 79 1386.62
23 80 1209.59
23 81 992.211
23 82 735.417
23 83 442.51
23 84 119.307
23 85 -225.585
23 86 -581.039
23 87 -933.6
23 88 -1268.07
23 89 -1568.33
23 90 -1818.22
23 91 -2002.81
23 92 -2109.29
23 93 -2128.28
23 94 -2054.54
23 95 -1887.83
23 96 -1632.99
23 97 -1300.16
23 98 -904.101
23 99 -463.537
23 100 0

24 0 0
24 1 -445.682
24 2 -867.215
24 3 -1242.08
24 4 -1550.98
24 5 -1779
24 6 -1916.52
24 7 -1959.59
24 8 -1909.91
24 9 -1774.3
24 10 -1563.95
24 11 -1293.18
24 12 -978.421
24 13 -636.647
24 14 -284.498
24 15 62.9135
24 16 392.66
24 17 694.491
24 18 961.087
24 19 1187.95
24 20 1373.27
24 21 1517.42
24 22 1622.66
24 23 1692.49
24 24 1731.32
24 25 1743.9
24 26 1735.15
24 27 1709.69
24 28 1671.8
24 29 1625.27
24 30 1573.24
24 31 1518.41
24 32 1462.81
24 33 1408.08
24 34 1355.34
24 35 1305.48
24 36 1258.96
24 37 1216.16
24 38 1177.15
24 39 1142.01
24 40 1110.62
24 41 1082.9
24 42 1058.67
24 43 1037.77
24 44 1020.04
24 45 1005.33
24 46 993.492
24 47 984.411
24 48 977.991
24 49 974.168
24 50 972.898
24 51 974.168
24 52 977.991
24 53 984.411
24 54 993.492
24 55 1005.33
24 56 1020.04
24 57 1037.77
24 58 1058.67
24 59 1082.9
24 60 1110.62
24 61 1142.01
24 62 1177.15
24 63 1216.16
24 64 1258.96
24 65 1305.48
24 66 1355.34
24 67 1408.08
24 68 1462.81
24 69 1518.41
24 70 1573.24
24 71 1625.27
24 72 1671.8
24 73 1709.69
24 74 1735.15
24 75 1743.9
24 76 1731.32
24 77 1692.49
24 78 1622.66
24 79 1517.42
24 80 1373.27
24 81 1187.95
24 82 961.087
24 83 694.491
24 84 392.66
24 85 62.9135
24 86 -284.498
24 87 -636.647
24 88 -978.421
24 89 -1293.18
24 90 -1563.95
24 91 -1774.3
24 92 -1909.91
24 93 -1959.59
24 94 -1916.52
24 95 -1779
24 96 -1550.98
24 97 -1242.08
24 98 -867.215
24 99 -445.682
24 100 0

25 0 0
25 1 -421.509
25 2 -818.079
25 3 -1166.6
25 4 -1447.5
25 5 -1646.04
25 6 -1753.21
25 7 -1766.14
25 8 -1687.86
25 9 -1526.77
25 10 -1295.51
25 11 -1009.83
25 12 -687.023
25 13 -344.735
25 14 0.417777
25 15 333.64
25 16 642.907
25 17 919.089
25 18 1156.22
25 19 1351.26
25 20 1503.79
25 21 1615.54
25 22 1689.76
25 23 1730.91
25 24 1743.9
25 25 1733.95
25 26 1706.01
25 27 1664.76
25 28 1614.23
25 29 1557.93
25 30 1498.73
25 31 1438.85
25 32 1380.06
25 33 1323.56
25 34 1270.24
25 35 1220.61
25 36 1174.98
25 37 1133.44
25 38 1096
25 39 1062.51
25 40 1032.84
25 41 1006.77
25 42 984.107
25 43 964.632
25 44 948.174
25 45 934.541
25 46 923.603
25 47 915.217
25 48 909.305
25 49 905.778
25 50 904.613
25 51 905.778
25 52 909.305
25 53 915.217
25 54 923.603
25 55 934.541
25 56 948.174
25 57 964.632
25 58 984.107
25 59 1006.77
25 60 1032.84
25 61 1062.51
25 62 1096
25 63 1133.44
25 64 1174.98
25 65 1220.61
25 66 1270.24
25 67 1323.56
25 68 1380.06
25 69 1438.85
25 70 1498.73
25 71 1557.93
25 72 1614.23
25 73 1664.76
25 74 1706.01
25 75 1733.95
25 76 1743.9
25 77 1730.91
25 78 1689.76
25 79 1615.54
25 80 1503.79
25 81 1351.26
25 82 1156.22
25 83 919.089
25 84 642.907
25 85 333.64
25 86 0.417777
25 87 -344.735
25 88 -687.023
25 89 -1009.83
25 90 -1295.51
25 91 -1526.77
25 92 -1687.86
25 93 -1766.14
25 94 -1753.21
25 95 -1646.04
25 96 -1447.5
25 97 -1166.6
25 98 -818.079
25 99 -421.509
25 100 0

26 0 0
26 1 -391.443
26 2 -757.586
26 3 -1075.11
26 4 -1324.52
26 5 -1491.48
26 6 -1567.81
26 7 -1551.7
26 8 -1447.51
26 9 -1264.95
26 10 -1017.98
26 11 -723.244
26 12 -398.764
26 13 -62.239
26 14 269.912
26 15 583.74
26 16 868.176
26 17 1115.51
26 18 1321.17
26 19 1483.6
26 20 1603.67
26 21 1684.27
26 22 1729.64
26 23 1744.8
26 24 1735.15
26 25 1706.01
26 26 1662.41
26 27 1608.69
26 28 1548.77
26 29 1485.66
26 30 1421.92
26 31 1359.36
26 32 1299.36
26 33 1242.8
26 34 1190.26
26 35 1142.01
26 36 1098.15
26 37 1058.61
26 38 1023.24
26 39 991.846
26 40 964.159
26 41 939.975
26 42 919.007
26 43 901.076
26 44 885.931
26 45 873.441
26 46 863.405
26 47 855.75
26 48 850.329
26 49 847.123
26 50 846.043
26 51 847.123
26 52 850.329
26 53 855.75
26 54 863.405
26 55 873.441
26 56 885.931
26 57 901.076
26 58 919.007
26 59 939.975
26 60 964.159
26 61 991.846
26 62 1023.24
26 63 1058.61
26 64 1098.15
26 65 1142.01
26 66 1190.26
26 67 1242.8
26 68 1299.36
26 69 1359.36
26 70 1421.92
26 71 1485.66
26 72 1548.77
26 73 1608.69
26 74 1662.41
26 75 1706.01
26 76 1735.15
26 77 1744.8
26 78 1729.64
26 79 1684.27
26 80 1603.67
26 81 1483.6
26 82 1321.17
26 83 1115.51
26 84 868.176
26 85 583.74
26 86 269.912
26 87 -62.239
26 88 -398.764
26 89 -723.244
26 90 -1017.98
26 91 -1264.95
26 92 -1447.51
26 93 -1551.7
26 94 -1567.81
26 95 -1491.48
26 96 -1324.52
26 97 -1075.11
26 98 -757.586
26 99 -391.443
26 100 0

27 0 0
27 1 -356.044
27 2 -686.861
27 3 -969.345
27 4 -1184.38
27 5 -1318.31
27 6 -1363.85
27 7 -1320.32
27 8 -1193.26
27 9 -993.552
27 10 -736.037
27 11 -438.058
27 12 -117.773
27 13 207.236
27 14 521.287
27 15 811.342
27 16 1067.73
27 17 1284.05
27 18 1457.3
27 19 1587.21
27 20 1675.97
27 21 1727.41
27 22 1746.48
27 23 1738.71
27 24 1709.69
27 25 1664.76
27 26 1608.69
27 27 1545.72
27 28 1479.16
27 29 1411.83
27 30 1345.72
27 31 1282.34
27 32 1222.65
27 33 1167.28
27 34 1116.5
27 35 1070.39
27 36 1028.84
27 37 991.704
27 38 958.69
27 39 929.55
27 40 903.976
27 41 881.707
27 42 862.472
27 43 846.047
27 44 832.216
27 45 820.808
27 46 811.671
27 47 804.686
27 48 799.763
27 49 796.833
27 50 795.863
27 51 796.833
27 52 799.763
27 53 804.686
27 54 811.671
27 55 820.808
27 56 832.216
27 57 846.047
27 58 862.472
27 59 881.707
27 60 903.976
27 61 929.55
27 62 958.69
27 63 991.704
27 64 1028.84
27 65 1070.39
27 66 1116.5
27 67 1167.28
27 68 1222.65
27 69 1282.34
27 70 1345.72
27 71 1411.83
27 72 1479.16
27 73 1545.72
27 74 1608.69
27 75 1664.76
27 76 1709.69
27 77 1738.71
27 78 1746.48
27 79 1727.41
27 80 1675.97
27 81 1587.21
27 82 1457.3
27 83 1284.05
27 84 1067.73
27 85 811.342
27 86 521.287
27 87 207.236
27 88 -117.773
27 89 -438.058
27 90 -736.037
27 91 -993.552
27 92 -1193.26
27 93 -1320.32
27 94 -1363.85
27 95 -1318.31
27 96 -1184.38
27 97 -969.345
27 98 -686.861
27 99 -356.044
27 100 0

28 0 0
28 1 -316.005
28 2 -607.284
28 3 -851.32
28 4 -1029.73
28 5 -1129.74
28 6 -1145.1
28 7 -1076.17
28 8 -929.567
28 9 -717.033
28 10 -454.06
28 11 -158.204
28 12 152.472
28 13 461.038
28 14 752.675
28 15 1015.67
28 16 1241.66
28 17 1425.86
28 18 1566.59
28 19 1664.97
28 20 1724.15
28 21 1748.85
28 22 1744.53
28 23 1716.98
28 24 1671.8
28 25 1614.23
28 26 1548.77
28 27 1479.16
28 28 1408.48
28 29 1338.94
28 30 1272.23
28 31 1209.42
28 32 1151.2
28 33 1097.84
28 34 1049.47
28 35 1005.91
28 36 967.008
28 37 932.413
28 38 901.862
28 39 874.979
28 40 851.497
28 41 831.083
28 42 813.507
28 43 798.506
28 44 785.905
28 45 775.508
28 46 767.196
28 47 760.836
28 48 756.361
28 49 753.694
28 50 752.813
28 51 753.694
28 52 756.361
28 53 760.836
28 54 767.196
28 55 775.508
28 56 785.905
28 57 798.506
28 58 813.507
28 59 831.083
28 60 851.497
28 61 874.979
28 62 901.862
28 63 932.413
28 64 967.008
28 65 1005.91
28 66 1049.47
28 67 1097.84
28 68 1151.2
28 69 1209.42
28 70 1272.23
28 71 1338.94
28 72 1408.48
28 73 1479.16
28 74 1548.77
28 75 1614.23
28 76 1671.8
28 77 1716.98
28 78 1744.53
28 79 1748.85
28 80 1724.15
28 81 1664.97
28 82 1566.59
28 83 1425.86
28 84 1241.66
28 85 1015.67
28 86 752.675
28 87 461.038
28 88 152.472
28 89 -158.204
28 90 -454.06
28 91 -717.033
28 92 -929.567
28 93 -1076.17
28 94 -1145.1
28 95 -1129.74
28 96 -1029.73
28 97 -851.32
28 98 -607.284
28 99 -316.005
28 100 0

29 0 0
29 1 -272.063
29 2 -520.324
29 3 -723.242
29 4 -863.433
29 5 -929.209
29 6 -915.383
29 7 -823.373
29 8 -660.628
29 9 -439.556
29 10 -175.877
29 11 112.914
29 12 409.328
29 13 697.249
