0 0 0
0 1 0
0 2 0
0 3 0
0 4 0
0 5 0
0 6 0
0 7 0
0 8 0
0 9 0
0 10 0
0 11 0
0 12 0
0 13 0
0 14 0
0 15 0
0 16 0
0 17 0
0 18 0
0 19 0
0 20 0
0 21 0
0 22 0
0 23 0
0 24 0
0 25 0
0 26 0
0 27 0
0 28 0
0 29 0
0 30 0
0 31 0
0 32 0
0 33 0
0 34 0
0 35 0
0 36 0
0 37 0
0 38 0
0 39 0
0 40 0
0 41 0
0 42 0
0 43 0
0 44 0
0 45 0
0 46 0
0 47 0
0 48 0
0 49 0
0 50 0
0 51 0
0 52 0
0 53 0
0 54 0
0 55 0
0 56 0
0 57 0
0 58 0
0 59 0
0 60 0
0 61 0
0 62 0
0 63 0
0 64 0
0 65 0
0 66 0
0 67 0
0 68 0
0 69 0
0 70 0
0 71 0
0 72 0
0 73 0
0 74 0
0 75 0
0 76 0
0 77 0
0 78 0
0 79 0
0 80 0
0 81 0
0 82 0
0 83 0
0 84 0
0 85 0
0 86 0
0 87 0
0 88 0
0 89 0
0 90 0
0 91 0
0 92 0
0 93 0
0 94 0
0 95 0
0 96 0
0 97 0
0 98 0
0 99 0
0 100 0

1 0 0
1 1 -100.388
1 2 -197.871
1 3 -289.575
1 4 -372.78
1 5 -444.916
1 6 -503.714
1 7 -547.291
1 8 -574.225
1 9 -583.731
1 10 -575.672
1 11 -550.668
1 12 -510.104
1 13 -456.05
1 14 -391.24
1 15 -318.857
1 16 -242.384
1 17 -165.373
1 18 -91.2201
1 19 -22.9436
1 20 36.9779
1 21 86.7426
1 22 125.312
1 23 152.357
1 24 168.274
1 25 174.03
1 26 171.027
1 27 160.957
1 28 145.628
1 29 126.813
1 30 106.134
1 31 85.0115
1 32 64.5522
1 33 45.5822
1 34 28.6308
1 35 13.9831
1 36 1.69723
1 37 -8.30223
1 38 -16.2126
1 39 -22.3048
1 40 -26.8706
1 41 -30.1843
1 42 -32.5087
1 43 -34.0929
1 44 -35.1353
1 45 -35.7815
1 46 -36.1568
1 47 -36.3729
1 48 -36.479
1 49 -36.5293
1 50 -36.5519
1 51 -36.5293
1 52 -36.479
1 53 -36.3729
1 54 -36.1568
1 55 -35.7815
1 56 -35.1353
1 57 -34.0929
1 58 -32.5087
1 59 -30.1843
1 60 -26.8706
1 61 -22.3048
1 62 -16.2126
1 63 -8.30223
1 64 1.69723
1 65 13.9831
1 66 28.6308
1 67 45.5822
1 68 64.5522
1 69 85.0115
1 70 106.134
1 71 126.813
1 72 145.628
1 73 160.957
1 74 171.027
1 75 174.03
1 76 168.274
1 77 152.357
1 78 125.312
1 79 86.7426
1 80 36.9779
1 81 -22.9436
1 82 -91.2201
1 83 -165.373
1 84 -242.384
1 85 -318.857
1 86 -391.24
1 87 -456.05
1 88 -510.104
1 89 -550.668
1 90 -575.672
1 91 -583.731
1 92 -574.225
1 93 -547.291
1 94 -503.714
1 95 -444.916
1 96 -372.78
1 97 -289.575
1 98 -197.871
1 99 -100.388
1 100 0

2 0 0
2 1 -197.871
2 2 -390.013
2 3 -570.775
2 4 -734.789
2 5 -877.013
2 6 -992.987
2 7 -1079.01
2 8 -1132.3
2 9 -1151.31
2 10 -1135.76
2 11 -1086.86
2 12 -1007.32
2 13 -901.199
2 14 -773.841
2 15 -631.49
2 16 -480.966
2 17 -329.248
2 18 -183
2 19 -48.1813
2 20 70.3115
2 21 168.89
2 22 245.47
2 23 299.368
2 24 331.324
2 25 343.199
2 26 337.718
2 27 318.185
2 28 288.153
2 29 251.125
2 30 210.32
2 31 168.543
2 32 127.988
2 33 90.3105
2 34 56.5875
2 35 27.4143
2 36 2.90766
2 37 -17.0771
2 38 -32.9226
2 39 -45.1279
2 40 -54.2804
2 41 -60.9422
2 42 -65.6369
2 43 -68.8294
2 44 -70.9156
2 45 -72.2345
2 46 -73.01
2 47 -73.4264
2 48 -73.65
2 49 -73.7682
2 50 -73.7834
2 51 -73.7682
2 52 -73.65
2 53 -73.4264
2 54 -73.01
2 55 -72.2345
2 56 -70.9156
2 57 -68.8294
2 58 -65.6369
2 59 -60.9422
2 60 -54.2804
2 61 -45.1279
2 62 -32.9226
2 63 -17.0771
2 64 2.90766
2 65 27.4143
2 66 56.5875
2 67 90.3105
2 68 127.988
2 69 168.543
2 70 210.32
2 71 251.125
2 72 288.153
2 73 318.185
2 74 337.718
2 75 343.199
2 76 331.324
2 77 299.368
2 78 245.47
2 79 168.89
2 80 70.3115
2 81 -48.1813
2 82 -183
2 83 -329.248
2 84 -480.966
2 85 -631.49
2 86 -773.841
2 87 -901.199
2 88 -1007.32
2 89 -1086.86
2 90 -1135.76
2 91 -1151.31
2 92 -1132.3
2 93 -1079.01
2 94 -992.987
2 95 -877.013
2 96 -734.789
2 97 -570.775
2 98 -390.013
2 99 -197.871
2 100 0

3 0 0
3 1 -289.575
3 2 -570.775
3 3 -835.351
3 4 -1075.46
3 5 -1283.74
3 6 -1453.71
3 7 -1579.96
3 8 -1658.46
3 9 -1686.94
3 10 -1665.01
3 11 -1594.4
3 12 -1479.02
3 13 -1324.74
3 14 -1139.28
3 15 -931.676
3 16 -711.849
3 17 -489.932
3 18 -275.659
3 19 -77.7397
3 20 96.6226
3 21 242.129
3 22 355.611
3 23 435.979
3 24 484.18
3 25 502.839
3 26 495.872
3 27 468.063
3 28 424.576
3 29 370.532
3 30 310.665
3 31 249.117
3 32 189.188
3 33 133.35
3 34 83.2359
3 35 39.7407
3 36 3.12009
3 37 -26.8131
3 38 -50.5906
3 39 -68.9739
3 40 -82.7946
3 41 -92.8704
3 42 -99.9754
3 43 -104.833
3 44 -108.036
3 45 -110.037
3 46 -111.213
3 47 -111.886
3 48 -112.226
3 49 -112.382
3 50 -112.448
3 51 -112.382
3 52 -112.226
3 53 -111.886
3 54 -111.213
3 55 -110.037
3 56 -108.036
3 57 -104.833
3 58 -99.9754
3 59 -92.8704
3 60 -82.7946
3 61 -68.9739
3 62 -50.5906
3 63 -26.8131
3 64 3.12009
3 65 39.7407
3 66 83.2359
3 67 133.35
3 68 189.188
3 69 249.117
3 70 310.665
3 71 370.532
3 72 424.576
3 73 468.063
3 74 495.872
3 75 502.839
3 76 484.18
3 77 435.979
3 78 355.611
3 79 242.129
3 80 96.6226
3 81 -77.7397
3 82 -275.659
3 83 -489.932
3 84 -711.849
3 85 -931.676
3 86 -1139.28
3 87 -1324.74
3 88 -1479.02
3 89 -1594.4
3 90 -1665.01
3 91 -1686.94
3 92 -1658.46
3 93 -1579.96
3 94 -1453.71
3 95 -1283.74
3 96 -1075.46
3 97 -835.351
3 98 -570.775
3 99 -289.575
3 100 0

4 0 0
4 1 -372.78
4 2 -734.789
4 3 -1075.46
4 4 -1384.69
4 5 -1653.09
4 6 -1872.36
4 7 -2035.58
4 8 -2137.63
4 9 -2175.57
4 10 -2148.89
4 11 -2059.76
4 12 -1913.09
4 13 -1716.32
4 14 -1479.21
4 15 -1213.25
4 16 -931.036
4 17 -645.513
4 18 -369.132
4 19 -113.128
4 20 113.17
4 21 302.801
4 22 451.503
4 23 557.693
4 24 622.383
4 25 648.76
4 26 641.718
4 27 607.301
4 28 552.105
4 29 482.736
4 30 405.351
4 31 325.345
4 32 247.072
4 33 173.834
4 34 107.846
4 35 50.3704
4 36 1.81018
4 37 -38.0242
4 38 -69.7955
4 39 -94.4242
4 40 -112.993
4 41 -126.582
4 42 -136.219
4 43 -142.821
4 44 -147.166
4 45 -149.916
4 46 -151.557
4 47 -152.463
4 48 -152.944
4 49 -153.186
4 50 -153.229
4 51 -153.186
4 52 -152.944
4 53 -152.463
4 54 -151.557
4 55 -149.916
4 56 -147.166
4 57 -142.821
4 58 -136.219
4 59 -126.582
4 60 -112.993
4 61 -94.4242
4 62 -69.7955
4 63 -38.0242
4 64 1.81018
4 65 50.3704
4 66 107.846
4 67 173.834
4 68 247.072
4 69 325.345
4 70 405.351
4 71 482.736
4 72 552.105
4 73 607.301
4 74 641.718
4 75 648.76
4 76 622.383
4 77 557.693
4 78 451.503
4 79 302.801
4 80 113.17
4 81 -113.128
4 82 -369.132
4 83 -645.513
4 84 -931.036
4 85 -1213.25
4 86 -1479.21
4 87 -1716.32
4 88 -1913.09
4 89 -2059.76
4 90 -2148.89
4 91 -2175.57
4 92 -2137.63
4 93 -2035.58
4 94 -1872.36
4 95 -1653.09
4 96 -1384.69
4 97 -1075.46
4 98 -734.789
4 99 -372.78
4 100 0

5 0 0
5 1 -444.916
5 2 -877.013
5 3 -1283.74
5 4 -1653.09
5 5 -1973.96
5 6 -2236.48
5 7 -2432.49
5 8 -2555.93
5 9 -2603.29
5 10 -2573.93
5 11 -2470.34
5 12 -2298.19
5 13 -2066.16
5 14 -1785.64
5 15 -1470.08
5 16 -1134.31
5 17 -793.581
5 18 -462.702
5 19 -155.079
5 20 118.022
5 21 348.108
5 22 529.782
5 23 660.874
5 24 742.241
5 25 777.404
5 26 771.976
5 27 733.008
5 28 668.294
5 29 585.729
5 30 492.753
5 31 395.913
5 32 300.614
5 33 210.958
5 34 129.783
5 35 58.7234
5 36 -1.5682
5 37 -51.2547
5 38 -91.0426
5 39 -122.035
5 40 -145.494
5 41 -162.737
5 42 -175.015
5 43 -183.466
5 44 -189.073
5 45 -192.62
5 46 -194.748
5 47 -195.962
5 48 -196.599
5 49 -196.885
5 50 -196.993
5 51 -196.885
5 52 -196.599
5 53 -195.962
5 54 -194.748
5 55 -192.62
5 56 -189.073
5 57 -183.466
5 58 -175.015
5 59 -162.737
5 60 -145.494
5 61 -122.035
5 62 -91.0426
5 63 -51.2547
5 64 -1.5682
5 65 58.7234
5 66 129.783
5 67 210.958
5 68 300.614
5 69 395.913
5 70 492.753
5 71 585.729
5 72 668.294
5 73 733.008
5 74 771.976
5 75 777.404
5 76 742.241
5 77 660.874
5 78 529.782
5 79 348.108
5 80 118.022
5 81 -155.079
5 82 -462.702
5 83 -793.581
5 84 -1134.31
5 85 -1470.08
5 86 -1785.64
5 87 -2066.16
5 88 -2298.19
5 89 -2470.34
5 90 -2573.93
5 91 -2603.29
5 92 -2555.93
5 93 -2432.49
5 94 -2236.48
5 95 -1973.96
5 96 -1653.09
5 97 -1283.74
5 98 -877.013
5 99 -444.916
5 100 0

6 0 0
6 1 -503.714
6 2 -992.987
6 3 -1453.71
6 4 -1872.36
6 5 -2236.48
6 6 -2535.02
6 7 -2758.81
6 8 -2901.06
6 9 -2957.76
6 10 -2928.15
6 11 -2814.86
6 12 -2624.05
6 13 -2365.26
6 14 -2050.99
6 15 -1696.16
6 16 -1317.22
6 17 -931.248
6 18 -554.881
6 19 -203.363
6 20 110.388
6 21 376.436
6 22 588.271
6 23 742.982
6 24 841.077
6 25 886.122
6 26 884.157
6 27 842.933
6 28 771.18
6 29 677.853
6 30 571.5
6 31 459.729
6 32 348.919
6 33 243.995
6 34 148.408
6 35 64.2555
6 36 -7.54272
6 37 -67.0117
6 38 -114.9
6 39 -152.384
6 40 -180.909
6 41 -201.977
6 42 -217.066
6 43 -227.515
6 44 -234.475
6 45 -238.914
6 46 -241.614
6 47 -243.153
6 48 -243.972
6 49 -244.366
6 50 -244.459
6 51 -244.366
6 52 -243.972
6 53 -243.153
6 54 -241.614
6 55 -238.914
6 56 -234.475
6 57 -227.515
6 58 -217.066
6 59 -201.977
6 60 -180.909
6 61 -152.384
6 62 -114.9
6 63 -67.0117
6 64 -7.54272
6 65 64.2555
6 66 148.408
6 67 243.995
6 68 348.919
6 69 459.729
6 70 571.5
6 71 677.853
6 72 771.18
6 73 842.933
6 74 884.157
6 75 886.122
6 76 841.077
6 77 742.982
6 78 588.271
6 79 376.436
6 80 110.388
6 81 -203.363
6 82 -554.881
6 83 -931.248
6 84 -1317.22
6 85 -1696.16
6 86 -2050.99
6 87 -2365.26
6 88 -2624.05
6 89 -2814.86
6 90 -2928.15
6 91 -2957.76
6 92 -2901.06
6 93 -2758.81
6 94 -2535.02
6 95 -2236.48
6 96 -1872.36
6 97 -1453.71
6 98 -992.987
6 99 -503.714
6 100 0

7 0 0
7 1 -547.291
7 2 -1079.01
7 3 -1579.96
7 4 -2035.58
7 5 -2432.49
7 6 -2758.81
7 7 -3004.66
7 8 -3162.76
7 9 -3228.68
7 10 -3201.45
7 11 -3083.71
7 12 -2881.78
7 13 -2605.61
7 14 -2268.33
7 15 -1885.67
7 16 -1475.15
7 17 -1055.03
7 18 -643.299
7 19 -256.589
7 20 90.7753
7 21 387.584
7 22 626.188
7 23 802.837
7 24 917.457
7 25 973.383
7 26 976.734
7 27 935.637
7 28 859.454
7 29 757.959
7 30 640.63
7 31 515.993
7 32 391.344
7 33 272.379
7 34 163.24
7 35 66.5084
7 36 -16.5282
7 37 -85.7583
7 38 -141.839
7 39 -186.004
7 40 -219.791
7 41 -244.913
7 42 -263.031
7 43 -275.642
7 44 -284.106
7 45 -289.553
7 46 -292.904
7 47 -294.833
7 48 -295.882
7 49 -296.357
7 50 -296.518
7 51 -296.357
7 52 -295.882
7 53 -294.833
7 54 -292.904
7 55 -289.553
7 56 -284.106
7 57 -275.642
7 58 -263.031
7 59 -244.913
7 60 -219.791
7 61 -186.004
7 62 -141.839
7 63 -85.7583
7 64 -16.5282
7 65 66.5084
7 66 163.24
7 67 272.379
7 68 391.344
7 69 515.993
7 70 640.63
7 71 757.959
7 72 859.454
7 73 935.637
7 74 976.734
7 75 973.383
7 76 917.457
7 77 802.837
7 78 626.188
7 79 387.584
7 80 90.7753
7 81 -256.589
7 82 -643.299
7 83 -1055.03
7 84 -1475.15
7 85 -1885.67
7 86 -2268.33
7 87 -2605.61
7 88 -2881.78
7 89 -3083.71
7 90 -3201.45
7 91 -3228.68
7 92 -3162.76
7 93 -3004.66
7 94 -2758.81
7 95 -2432.49
7 96 -2035.58
7 97 -1579.96
7 98 -1079.01
7 99 -547.291
7 100 0

8 0 0
8 1 -574.225
8 2 -1132.3
8 3 -1658.46
8 4 -2137.63
8 5 -2555.93
8 6 -2901.06
8 7 -3162.76
8 8 -3333.37
8 9 -3408.22
8 10 -3386.05
8 11 -3269.3
8 12 -3064.14
8 13 -2780.47
8 14 -2431.46
8 15 -2033.08
8 16 -1603.24
8 17 -1160.81
8 18 -724.581
8 19 -312.144
8 20 61.1172
8 21 382.845
8 22 644.322
8 23 840.794
8 24 971.409
8 25 1038.95
8 26 1049.31
8 27 1010.64
8 28 932.649
8 29 825.634
8 30 699.762
8 31 564.38
8 32 427.595
8 33 295.904
8 34 174.091
8 35 65.3116
8 36 -28.7728
8 37 -107.736
8 38 -172.149
8 39 -223.211
8 40 -262.569
8 41 -292.021
8 42 -313.4
8 43 -328.412
8 44 -338.579
8 45 -345.178
8 46 -349.277
8 47 -351.694
8 48 -353.003
8 49 -353.632
8 50 -353.804
8 51 -353.632
8 52 -353.003
8 53 -351.694
8 54 -349.277
8 55 -345.178
8 56 -338.579
8 57 -328.412
8 58 -313.4
8 59 -292.021
8 60 -262.569
8 61 -223.211
8 62 -172.149
8 63 -107.736
8 64 -28.7728
8 65 65.3116
8 66 174.091
8 67 295.904
8 68 427.595
8 69 564.38
8 70 699.762
8 71 825.634
8 72 932.649
8 73 1010.64
8 74 1049.31
8 75 1038.95
8 76 971.409
8 77 840.794
8 78 644.322
8 79 382.845
8 80 61.1172
8 81 -312.144
8 82 -724.581
8 83 -1160.81
8 84 -1603.24
8 85 -2033.08
8 86 -2431.46
8 87 -2780.47
8 88 -3064.14
8 89 -3269.3
8 90 -3386.05
8 91 -3408.22
8 92 -3333.37
8 93 -3162.76
8 94 -2901.06
8 95 -2555.93
8 96 -2137.63
8 97 -1658.46
8 98 -1132.3
8 99 -574.225
8 100 0

9 0 0
9 1 -583.731
9 2 -1151.31
9 3 -1686.94
9 4 -2175.57
9 5 -2603.29
9 6 -2957.76
9 7 -3228.68
9 8 -3408.22
9 9 -3491.48
9 10 -3476.91
9 11 -3366.48
9 12 -3165.93
9 13 -2884.6
9 14 -2535.21
9 15 -2133.34
9 16 -1696.66
9 17 -1244.03
9 18 -794.496
9 19 -366.148
9 20 24.8529
9 21 365.222
9 22 645.175
9 23 858.895
9 24 1004.54
9 25 1084.1
9 26 1102.86
9 27 1068.71
9 28 991.327
9 29 881.283
9 30 749.244
9 31 605.197
9 32 457.975
9 33 314.79
9 34 181.153
9 35 60.7972
9 36 -44.1197
9 37 -132.888
9 38 -205.843
9 39 -264.125
9 40 -309.366
9 41 -343.496
9 42 -368.488
9 43 -386.18
9 44 -398.267
9 45 -406.217
9 46 -411.237
9 47 -414.211
9 48 -415.877
9 49 -416.67
9 50 -416.917
9 51 -416.67
9 52 -415.877
9 53 -414.211
9 54 -411.237
9 55 -406.217
9 56 -398.267
9 57 -386.18
9 58 -368.488
9 59 -343.496
9 60 -309.366
9 61 -264.125
9 62 -205.843
9 63 -132.888
9 64 -44.1197
9 65 60.7972
9 66 181.153
9 67 314.79
9 68 457.975
9 69 605.197
9 70 749.244
9 71 881.283
9 72 991.327
9 73 1068.71
9 74 1102.86
9 75 1084.1
9 76 1004.54
9 77 858.895
9 78 645.175
9 79 365.222
9 80 24.8529
9 81 -366.148
9 82 -794.496
9 83 -1244.03
9 84 -1696.66
9 85 -2133.34
9 86 -2535.21
9 87 -2884.6
9 88 -3165.93
9 89 -3366.48
9 90 -3476.91
9 91 -3491.48
9 92 -3408.22
9 93 -3228.68
9 94 -2957.76
9 95 -2603.29
9 96 -2175.57
9 97 -1686.94
9 98 -1151.31
9 99 -583.731
9 100 0

10 0 0
10 1 -575.672
10 2 -1135.76
10 3 -1665.01
10 4 -2148.89
10 5 -2573.93
10 6 -2928.15
10 7 -3201.45
10 8 -3386.05
10 9 -3476.91
10 10 -3472.03
10 11 -3372.83
10 12 -3184.21
10 13 -2914.59
10 14 -2575.68
10 15 -2182.1
10 16 -1750.69
10 17 -1299.74
10 18 -847.98
10 19 -413.612
10 20 -13.1912
10 21 339.229
10 22 632.913
10 23 860.878
10 24 1020.16
10 25 1111.67
10 26 1139.82
10 27 1111.89
10 28 1037.24
10 29 926.443
10 30 790.398
10 31 639.61
10 32 483.491
10 33 329.993
10 34 185.285
10 35 53.7675
10 36 -61.9254
10 37 -160.621
10 38 -242.419
10 39 -308.297
10 40 -359.887
10 41 -399.142
10 42 -428.124
10 43 -448.859
10 44 -463.195
10 45 -472.748
10 46 -478.837
10 47 -482.558
10 48 -484.645
10 49 -485.69
10 50 -485.989
10 51 -485.69
10 52 -484.645
10 53 -482.558
10 54 -478.837
10 55 -472.748
10 56 -463.195
10 57 -448.859
10 58 -428.124
10 59 -399.142
10 60 -359.887
10 61 -308.297
10 62 -242.419
10 63 -160.621
10 64 -61.9254
10 65 53.7675
10 66 185.285
10 67 329.993
10 68 483.491
10 69 639.61
10 70 790.398
10 71 926.443
10 72 1037.24
10 73 1111.89
10 74 1139.82
10 75 1111.67
10 76 1020.16
10 77 860.878
10 78 632.913
10 79 339.229
10 80 -13.1912
10 81 -413.612
10 82 -847.98
10 83 -1299.74
10 84 -1750.69
10 85 -2182.1
10 86 -2575.68
10 87 -2914.59
10 88 -3184.21
10 89 -3372.83
10 90 -3472.03
10 91 -3476.91
10 92 -3386.05
10 93 -3201.45
10 94 -2928.15
10 95 -2573.93
10 96 -2148.89
10 97 -1665.01
10 98 -1135.76
10 99 -575.672
10 100 0

11 0 0
11 1 -550.668
11 2 -1086.86
11 3 -1594.4
11 4 -2059.76
11 5 -2470.34
11 6 -2814.86
11 7 -3083.71
11 8 -3269.3
11 9 -3366.48
11 10 -3372.83
11 11 -3288.95
11 12 -3118.7
11 13 -2869.12
11 14 -2550.53
11 15 -2176.02
11 16 -1761.1
11 17 -1322.94
11 18 -879.509
11 19 -448.637
11 20 -47.0018
11 21 310.845
11 22 613.26
11 23 852.125
11 24 1023.19
11 25 1126.12
11 26 1164.14
11 27 1143.68
11 28 1073.48
11 29 963.821
11 30 825.655
11 31 669.783
11 32 506.145
11 33 343.311
11 34 188.172
11 35 45.7347
11 36 -80.7359
11 37 -189.635
11 38 -280.675
11 39 -354.682
11 40 -413.159
11 41 -458.075
11 42 -491.572
11 43 -515.807
11 44 -532.769
11 45 -544.231
11 46 -551.683
11 47 -556.285
11 48 -558.957
11 49 -560.303
11 50 -560.714
11 51 -560.303
11 52 -558.957
11 53 -556.285
11 54 -551.683
11 55 -544.231
11 56 -532.769
11 57 -515.807
11 58 -491.572
11 59 -458.075
11 60 -413.159
11 61 -354.682
11 62 -280.675
11 63 -189.635
11 64 -80.7359
11 65 45.7347
11 66 188.172
11 67 343.311
11 68 506.145
11 69 669.783
11 70 825.655
11 71 963.821
11 72 1073.48
11 73 1143.68
11 74 1164.14
11 75 1126.12
11 76 1023.19
11 77 852.125
11 78 613.26
11 79 310.845
11 80 -47.0018
11 81 -448.637
11 82 -879.509
11 83 -1322.94
11 84 -1761.1
11 85 -2176.02
11 86 -2550.53
11 87 -2869.12
11 88 -3118.7
11 89 -3288.95
11 90 -3372.83
11 91 -3366.48
11 92 -3269.3
11 93 -3083.71
11 94 -2814.86
11 95 -2470.34
11 96 -2059.76
11 97 -1594.4
11 98 -1086.86
11 99 -550.668
11 100 0

12 0 0
12 1 -510.104
12 2 -1007.32
12 3 -1479.02
12 4 -1913.09
12 5 -2298.19
12 6 -2624.05
12 7 -2881.78
12 8 -3064.14
12 9 -3165.93
12 10 -3184.21
12 11 -3118.7
12 12 -2971.89
12 13 -2749.26
12 14 -2459.26
12 15 -2113.11
12 16 -1724.49
12 17 -1309.02
12 18 -883.431
12 19 -464.847
12 20 -69.7016
12 21 287.128
12 22 593.252
12 23 839.413
12 24 1020.04
12 25 1133.36
12 26 1181.27
12 27 1169.02
12 28 1104.48
12 29 997.435
12 30 858.642
12 31 699.072
12 32 529.013
12 33 357.64
12 34 192.472
12 35 39.2476
12 36 -98.1881
12 37 -217.662
12 38 -318.527
12 39 -401.299
12 40 -467.342
12 41 -518.59
12 42 -557.229
12 43 -585.529
12 44 -605.596
12 45 -619.386
12 46 -628.481
12 47 -634.25
12 48 -637.638
12 49 -639.414
12 50 -639.943
12 51 -639.414
12 52 -637.638
12 53 -634.25
12 54 -628.481
12 55 -619.386
12 56 -605.596
12 57 -585.529
12 58 -557.229
12 59 -518.59
12 60 -467.342
12 61 -401.299
12 62 -318.527
12 63 -217.662
12 64 -98.1881
12 65 39.2476
12 66 192.472
12 67 357.64
12 68 529.013
12 69 699.072
12 70 858.642
12 71 997.435
12 72 1104.48
12 73 1169.02
12 74 1181.27
12 75 1133.36
12 76 1020.04
12 77 839.413
12 78 593.252
12 79 287.128
12 80 -69.7016
12 81 -464.847
12 82 -883.431
12 83 -1309.02
12 84 -1724.49
12 85 -2113.11
12 86 -2459.26
12 87 -2749.26
12 88 -2971.89
12 89 -3118.7
12 90 -3184.21
12 91 -3165.93
12 92 -3064.14
12 93 -2881.78
12 94 -2624.05
12 95 -2298.19
12 96 -1913.09
12 97 -1479.02
12 98 -1007.32
12 99 -510.104
12 100 0

13 0 0
13 1 -456.05
13 2 -901.199
13 3 -1324.74
13 4 -1716.32
13 5 -2066.16
13 6 -2365.26
13 7 -2605.61
13 8 -2780.47
13 9 -2884.6
13 10 -2914.59
13 11 -2869.12
13 12 -2749.26
13 13 -2558.62
13 14 -2303.57
13 15 -1993.09
13 16 -1638.72
13 17 -1254.13
13 18 -854.498
13 19 -455.855
13 20 -74.1469
13 21 275.712
13 22 580.698
13 23 830.533
13 24 1018.26
13 25 1140.58
13 26 1197.89
13 27 1194.1
13 28 1136
13 29 1032.6
13 30 894.321
13 31 732.052
13 32 556.406
13 33 377.023
13 34 202.103
13 35 37.9972
13 36 -110.732
13 37 -241.363
13 38 -352.727
13 39 -445.055
13 40 -519.501
13 41 -577.898
13 42 -622.434
13 43 -655.467
13 44 -679.262
13 45 -695.85
13 46 -707.014
13 47 -714.213
13 48 -718.579
13 49 -720.873
13 50 -721.589
13 51 -720.873
13 52 -718.579
13 53 -714.213
13 54 -707.014
13 55 -695.85
13 56 -679.262
13 57 -655.467
13 58 -622.434
13 59 -577.898
13 60 -519.501
13 61 -445.055
13 62 -352.727
13 63 -241.363
13 64 -110.732
13 65 37.9972
13 66 202.103
13 67 377.023
13 68 556.406
13 69 732.052
13 70 894.321
13 71 1032.6
13 72 1136
13 73 1194.1
13 74 1197.89
13 75 1140.58
13 76 1018.26
13 77 830.533
13 78 580.698
13 79 275.712
13 80 -74.1469
13 81 -455.855
13 82 -854.498
13 83 -1254.13
13 84 -1638.72
13 85 -1993.09
13 86 -2303.57
13 87 -2558.62
13 88 -2749.26
13 89 -2869.12
13 90 -2914.59
13 91 -2884.6
13 92 -2780.47
13 93 -2605.61
13 94 -2365.26
13 95 -2066.16
13 96 -1716.32
13 97 -1324.74
13 98 -901.199
13 99 -456.05
13 100 0

14 0 0
14 1 -391.24
14 2 -773.841
14 3 -1139.28
14 4 -1479.21
14 5 -1785.64
14 6 -2050.99
14 7 -2268.33
14 8 -2431.46
14 9 -2535.21
14 10 -2575.68
14 11 -2550.53
14 12 -2459.26
14 13 -2303.57
14 14 -2087.52
14 15 -1817.74
14 16 -1503.35
14 17 -1155.8
14 18 -788.442
14 19 -415.94
14 20 -53.4443
14 21 284.262
14 22 583.74
14 23 833.757
14 24 1026.03
14 25 1155.72
14 26 1221.64
14 27 1226.16
14 28 1174.82
14 29 1075.72
14 30 938.688
14 31 774.466
14 32 593.793
14 33 406.75
14 34 222.077
14 35 46.877
14 36 -113.641
14 37 -256.085
14 38 -378.828
14 39 -481.653
14 40 -565.452
14 41 -631.927
14 42 -683.265
14 43 -721.868
14 44 -750.055
14 45 -770.052
14 46 -783.762
14 47 -792.792
14 48 -798.348
14 49 -801.357
14 50 -802.29
14 51 -801.357
14 52 -798.348
14 53 -792.792
14 54 -783.762
14 55 -770.052
14 56 -750.055
14 57 -721.868
14 58 -683.265
14 59 -631.927
14 60 -565.452
14 61 -481.653
14 62 -378.828
14 63 -256.085
14 64 -113.641
14 65 46.877
14 66 222.077
14 67 406.75
14 68 593.793
14 69 774.466
14 70 938.688
14 71 1075.72
14 72 1174.82
14 73 1226.16
14 74 1221.64
14 75 1155.72
14 76 1026.03
14 77 833.757
14 78 583.74
14 79 284.262
14 80 -53.4443
14 81 -415.94
14 82 -788.442
14 83 -1155.8
14 84 -1503.35
14 85 -1817.74
14 86 -2087.52
14 87 -2303.57
14 88 -2459.26
14 89 -2550.53
14 90 -2575.68
14 91 -2535.21
14 92 -2431.46
14 93 -2268.33
14 94 -2050.99
14 95 -1785.64
14 96 -1479.21
14 97 -1139.28
14 98 -773.841
14 99 -391.24
14 100 0

15 0 0
15 1 -318.857
15 2 -631.49
15 3 -931.676
15 4 -1213.25
15 5 -1470.08
15 6 -1696.16
15 7 -1885.67
15 8 -2033.08
15 9 -2133.34
15 10 -2182.1
15 11 -2176.02
15 12 -2113.11
15 13 -1993.09
15 14 -1817.74
15 15 -1591.19
15 16 -1320.06
15 17 -1013.42
15 18 -682.596
15 19 -340.653
15 20 -1.76459
15 21 319.681
15 22 609.99
15 23 857.143
15 24 1051.61
15 25 1187.02
15 26 1260.56
15 27 1272.98
15 28 1228.46
15 29 1133.99
15 30 998.713
15 31 833
15 32 647.678
15 33 453.106
15 34 258.621
15 35 71.9572
15 36 -100.932
15 37 -256.032
15 38 -391.092
15 39 -505.446
15 40 -599.691
15 41 -675.331
15 42 -734.487
15 43 -779.539
15 44 -812.973
15 45 -837.066
15 46 -853.882
15 47 -865.152
15 48 -872.265
15 49 -876.123
15 50 -877.358
15 51 -876.123
15 52 -872.265
15 53 -865.152
15 54 -853.882
15 55 -837.066
15 56 -812.973
15 57 -779.539
15 58 -734.487
15 59 -675.331
15 60 -599.691
15 61 -505.446
15 62 -391.092
15 63 -256.032
15 64 -100.932
15 65 71.9572
15 66 258.621
15 67 453.106
15 68 647.678
15 69 833
15 70 998.713
15 71 1133.99
15 72 1228.46
15 73 1272.98
15 74 1260.56
15 75 1187.02
15 76 1051.61
15 77 857.143
15 78 609.99
15 79 319.681
15 80 -1.76459
15 81 -340.653
15 82 -682.596
15 83 -1013.42
15 84 -1320.06
15 85 -1591.19
15 86 -1817.74
15 87 -1993.09
15 88 -2113.11
15 89 -2176.02
15 90 -2182.1
15 91 -2133.34
15 92 -2033.08
15 93 -1885.67
15 94 -1696.16
15 95 -1470.08
15 96 -1213.25
15 97 -931.676
15 98 -631.49
15 99 -318.857
15 100 0

16 0 0
16 1 -242.384
16 2 -480.966
16 3 -711.849
16 4 -931.036
16 5 -1134.31
16 6 -1317.22
16 7 -1475.15
16 8 -1603.24
16 9 -1696.66
16 10 -1750.69
16 11 -1761.1
16 12 -1724.49
16 13 -1638.72
16 14 -1503.35
16 15 -1320.06
16 16 -1092.95
16 17 -828.674
16 18 -536.423
16 19 -227.535
16 20 85.0124
16 21 387.378
16 22 665.856
16 23 907.769
16 24 1102.49
16 25 1242.18
16 26 1322.4
16 27 1342.28
16 28 1304.51
16 29 1214.9
16 30 1081.71
16 31 914.903
16 32 725.179
16 33 523.199
16 34 318.735
16 35 120.239
16 36 -65.6857
16 37 -234.266
16 38 -382.658
16 39 -509.658
16 40 -615.503
16 41 -701.458
16 42 -769.512
16 43 -822.067
16 44 -861.614
16 45 -890.565
16 46 -911.136
16 47 -925.17
16 48 -934.123
16 49 -939.095
16 50 -940.676
16 51 -939.095
16 52 -934.123
16 53 -925.17
16 54 -911.136
16 55 -890.565
16 56 -861.614
16 57 -822.067
16 58 -769.512
16 59 -701.458
16 60 -615.503
16 61 -509.658
16 62 -382.658
16 63 -234.266
16 64 -65.6857
16 65 120.239
16 66 318.735
16 67 523.199
16 68 725.179
16 69 914.903
16 70 1081.71
16 71 1214.9
16 72 1304.51
16 73 1342.28
16 74 1322.4
16 75 1242.18
16 76 1102.49
16 77 907.769
16 78 665.856
16 79 387.378
16 80 85.0124
16 81 -227.535
16 82 -536.423
16 83 -828.674
16 84 -1092.95
16 85 -1320.06
16 86 -1503.35
16 87 -1638.72
16 88 -1724.49
16 89 -1761.1
16 90 -1750.69
16 91 -1696.66
16 92 -1603.24
16 93 -1475.15
16 94 -1317.22
16 95 -1134.31
16 96 -931.036
16 97 -711.849
16 98 -480.966
16 99 -242.384
16 100 0

17 0 0
17 1 -165.373
17 2 -329.248
17 3 -489.932
17 4 -645.513
17 5 -793.581
17 6 -931.248
17 7 -1055.03
17 8 -1160.81
17 9 -1244.03
17 10 -1299.74
17 11 -1322.94
17 12 -1309.02
17 13 -1254.13
17 14 -1155.8
17 15 -1013.42
17 16 -828.674
17 17 -605.853
17 18 -352.001
17 19 -76.6233
17 20 208.597
17 21 490.579
17 22 755.744
17 23 990.955
17 24 1184.63
17 25 1327.61
17 26 1413.88
17 27 1440.94
17 28 1409.99
17 29 1325.49
17 30 1194.81
17 31 1027.31
17 32 833.564
17 33 624.321
17 34 409.842
17 35 199.168
17 36 -0.328236
17 37 -183.184
17 38 -345.868
17 39 -486.609
17 40 -605.213
17 41 -702.633
17 42 -780.742
17 43 -841.819
17 44 -888.43
17 45 -923.08
17 46 -948.066
17 47 -965.363
17 48 -976.602
17 49 -982.859
17 50 -984.884
17 51 -982.859
17 52 -976.602
17 53 -965.363
17 54 -948.066
17 55 -923.08
17 56 -888.43
17 57 -841.819
17 58 -780.742
17 59 -702.633
17 60 -605.213
17 61 -486.609
17 62 -345.868
17 63 -183.184
17 64 -0.328236
17 65 199.168
17 66 409.842
17 67 624.321
17 68 833.564
17 69 1027.31
17 70 1194.81
17 71 1325.49
17 72 1409.99
17 73 1440.94
17 74 1413.88
17 75 1327.61
17 76 1184.63
17 77 990.955
17 78 755.744
17 79 490.579
17 80 208.597
17 81 -76.6233
17 82 -352.001
17 83 -605.853
17 84 -828.674
17 85 -1013.42
17 86 -1155.8
17 87 -1254.13
17 88 -1309.02
17 89 -1322.94
17 90 -1299.74
17 91 -1244.03
17 92 -1160.81
17 93 -1055.03
17 94 -931.248
17 95 -793.581
17 96 -645.513
17 97 -489.932
17 98 -329.248
17 99 -165.373
17 100 0

18 0 0
18 1 -91.2201
18 2 -183
18 3 -275.659
18 4 -369.132
18 5 -462.702
18 6 -554.881
18 7 -643.299
18 8 -724.581
18 9 -794.496
18 10 -847.98
18 11 -879.509
18 12 -883.431
18 13 -854.498
18 14 -788.442
18 15 -682.596
18 16 -536.423
18 17 -352.001
18 18 -134.239
18 19 109.127
18 20 367.831
18 21 629.658
18 22 881.341
18 23 1109.48
18 24 1301.72
18 25 1447.69
18 26 1539.9
18 27 1574.29
18 28 1550.48
18 29 1471.69
18 30 1344.17
18 31 1176.68
18 32 979.443
18 33 763.357
18 34 539.027
18 35 316.126
18 36 102.682
18 37 -95.0602
18 38 -272.84
18 39 -428.273
18 40 -560.677
18 41 -670.703
18 42 -759.909
18 43 -830.541
18 44 -885.161
18 45 -926.306
18 46 -956.394
18 47 -977.529
18 48 -991.369
18 49 -999.202
18 50 -1001.72
18 51 -999.202
18 52 -991.369
18 53 -977.529
18 54 -956.394
18 55 -926.306
18 56 -885.161
18 57 -830.541
18 58 -759.909
18 59 -670.703
18 60 -560.677
18 61 -428.273
18 62 -272.84
18 63 -95.0602
18 64 102.682
18 65 316.126
18 66 539.027
18 67 763.357
18 68 979.443
18 69 1176.68
18 70 1344.17
18 71 1471.69
18 72 1550.48
18 73 1574.29
18 74 1539.9
18 75 1447.69
18 76 1301.72
18 77 1109.48
18 78 881.341
18 79 629.658
18 80 367.831
18 81 109.127
18 82 -134.239
18 83 -352.001
18 84 -536.423
18 85 -682.596
18 86 -788.442
18 87 -854.498
18 88 -883.431
18 89 -879.509
18 90 -847.98
18 91 -794.496
18 92 -724.581
18 93 -643.299
18 94 -554.881
18 95 -462.702
18 96 -369.132
18 97 -275.659
18 98 -183
18 99 -91.2201
18 100 0

19 0 0
19 1 -22.9436
19 2 -48.1813
19 3 -77.7397
19 4 -113.128
19 5 -155.079
19 6 -203.363
19 7 -256.589
19 8 -312.144
19 9 -366.148
19 10 -413.612
19 11 -448.637
19 12 -464.847
19 13 -455.855
19 14 -415.94
19 15 -340.653
19 16 -227.535
19 17 -76.6233
19 18 109.127
19 19 323.745
19 20 558.38
19 21 801.813
19 22 1041.2
19 23 1263.08
19 24 1454.47
19 25 1603.95
19 26 1702.71
19 27 1745.16
19 28 1729.44
19 29 1657.35
19 30 1534.13
19 31 1367.72
19 32 1168.04
19 33 945.926
19 34 712.358
19 35 477.488
19 36 250.12
19 37 37.2447
19 38 -156.129
19 39 -326.971
19 40 -474.048
19 41 -597.531
19 42 -698.791
19 43 -779.915
19 44 -843.361
19 45 -891.77
19 46 -927.606
19 47 -953.043
19 48 -969.915
19 49 -979.489
19 50 -982.606
19 51 -979.489
19 52 -969.915
19 53 -953.043
19 54 -927.606
19 55 -891.77
19 56 -843.361
19 57 -779.915
19 58 -698.791
19 59 -597.531
19 60 -474.048
19 61 -326.971
19 62 -156.129
19 63 37.2447
19 64 250.12
19 65 477.488
19 66 712.358
19 67 945.926
19 68 1168.04
19 69 1367.72
19 70 1534.13
19 71 1657.35
19 72 1729.44
19 73 1745.16
19 74 1702.71
19 75 1603.95
19 76 1454.47
19 77 1263.08
19 78 1041.2
19 79 801.813
19 80 558.38
19 81 323.745
19 82 109.127
19 83 -76.6233
19 84 -227.535
19 85 -340.653
19 86 -415.94
19 87 -455.855
19 88 -464.847
19 89 -448.637
19 90 -413.612
19 91 -366.148
19 92 -312.144
19 93 -256.589
19 94 -203.363
19 95 -155.079
19 96 -113.128
19 97 -77.7397
19 98 -48.1813
19 99 -22.9436
19 100 0

20 0 0
20 1 36.9779
20 2 70.3115
20 3 96.6226
20 4 113.17
20 5 118.022
20 6 110.388
20 7 90.7753
20 8 61.1172
20 9 24.8529
20 10 -13.1912
20 11 -47.0018
20 12 -69.7016
20 13 -74.1469
20 14 -53.4443
20 15 -1.76459
20 16 85.0124
20 17 208.597
20 18 367.831
20 19 558.38
20 20 772.815
20 21 1000.95
20 22 1230.48
20 23 1448.05
20 24 1640.19
20 25 1794.66
20 26 1901.38
20 27 1953.39
20 28 1947.31
20 29 1883.63
20 30 1766.41
20 31 1602.81
20 32 1402.24
20 33 1175.53
20 34 933.847
20 35 687.882
20 36 447.121
20 37 219.322
20 38 10.2751
20 39 -176.291
20 40 -338.479
20 41 -476.089
20 42 -590.094
20 43 -682.363
20 44 -755.36
20 45 -811.646
20 46 -853.742
20 47 -883.953
20 48 -904.119
20 49 -915.674
20 50 -919.418
20 51 -915.674
20 52 -904.119
20 53 -883.953
20 54 -853.742
20 55 -811.646
20 56 -755.36
20 57 -682.363
20 58 -590.094
20 59 -476.089
20 60 -338.479
20 61 -176.291
20 62 10.2751
20 63 219.322
20 64 447.121
20 65 687.882
20 66 933.847
20 67 1175.53
20 68 1402.24
20 69 1602.81
20 70 1766.41
20 71 1883.63
20 72 1947.31
20 73 1953.39
20 74 1901.38
20 75 1794.66
20 76 1640.19
20 77 1448.05
20 78 1230.48
20 79 1000.95
20 80 772.815
20 81 558.38
20 82 367.831
20 83 208.597
20 84 85.0124
20 85 -1.76459
20 86 -53.4443
20 87 -74.1469
20 88 -69.7016
20 89 -47.0018
20 90 -13.1912
20 91 24.8529
20 92 61.1172
20 93 90.7753
20 94 110.388
20 95 118.022
20 96 113.17
20 97 96.6226
20 98 70.3115
20 99 36.9779
20 100 0

21 0 0
21 1 86.7426
21 2 168.89
21 3 242.129
21 4 302.801
21 5 348.108
21 6 376.436
21 7 387.584
21 8 382.845
21 9 365.222
21 10 339.229
21 11 310.845
21 12 287.128
21 13 275.712
21 14 284.262
21 15 319.681
21 16 387.378
21 17 490.579
21 18 629.658
21 19 801.813
21 20 1000.95
21 21 1217.91
21 22 1441.08
21 23 1657.26
21 24 1852.74
21 25 2014.52
21 26 2131.48
21 27 2195.28
21 28 2201.19
21 29 2148.28
21 30 2039.52
21 31 1881.09
21 32 1681.96
21 33 1452.72
21 34 1204.77
21 35 949.218
21 36 696.237
21 37 454.343
21 38 230.108
21 39 28.0617
21 40 -149.321
21 41 -301.229
21 42 -428.283
21 43 -532.169
21 44 -615.107
21 45 -679.673
21 46 -728.442
21 47 -763.692
21 48 -787.429
21 49 -801.059
21 50 -805.523
21 51 -801.059
21 52 -787.429
21 53 -763.692
21 54 -728.442
21 55 -679.673
21 56 -615.107
21 57 -532.169
21 58 -428.283
21 59 -301.229
21 60 -149.321
21 61 28.0617
21 62 230.108
21 63 454.343
21 64 696.237
21 65 949.218
21 66 1204.77
21 67 1452.72
21 68 1681.96
21 69 1881.09
21 70 2039.52
21 71 2148.28
21 72 2201.19
21 73 2195.28
21 74 2131.48
21 75 2014.52
21 76 1852.74
21 77 1657.26
21 78 1441.08
21 79 1217.91
21 80 1000.95
21 81 801.813
21 82 629.658
21 83 490.579
21 84 387.378
21 85 319.681
21 86 284.262
21 87 275.712
21 88 287.128
21 89 310.845
21 90 339.229
21 91 365.222
21 92 382.845
21 93 387.584
21 94 376.436
21 95 348.108
21 96 302.801
21 97 242.129
21 98 168.89
21 99 86.7426
21 100 0

22 0 0
22 1 125.312
22 2 245.47
22 3 355.611
22 4 451.503
22 5 529.782
22 6 588.271
22 7 626.188
22 8 644.322
22 9 645.175
22 10 632.913
22 11 613.26
22 12 593.252
22 13 580.698
22 14 583.74
22 15 609.99
22 16 665.856
22 17 755.744
22 18 881.341
22 19 1041.2
22 20 1230.48
22 21 1441.08
22 22 1662.06
22 23 1880.55
22 24 2082.67
22 25 2254.84
22 26 2384.97
22 27 2463.55
22 28 2484.46
22 29 2445.46
22 30 2348.24
22 31 2198.13
22 32 2003.43
22 33 1774.54
22 34 1522.89
22 35 1260.01
22 36 996.699
22 37 742.226
22 38 503.989
22 39 287.235
22 40 95.2273
22 41 -70.6863
22 42 -210.739
22 43 -326.196
22 44 -419.212
22 45 -492.231
22 46 -547.781
22 47 -588.26
22 48 -615.648
22 49 -631.469
22 50 -636.628
22 51 -631.469
22 52 -615.648
22 53 -588.26
22 54 -547.781
22 55 -492.231
22 56 -419.212
22 57 -326.196
22 58 -210.739
22 59 -70.6863
22 60 95.2273
22 61 287.235
22 62 503.989
22 63 742.226
22 64 996.699
22 65 1260.01
22 66 1522.89
22 67 1774.54
22 68 2003.43
22 69 2198.13
22 70 2348.24
22 71 2445.46
22 72 2484.46
22 73 2463.55
22 74 2384.97
22 75 2254.84
22 76 2082.67
22 77 1880.55
22 78 1662.06
22 79 1441.08
22 80 1230.48
22 81 1041.2
22 82 881.341
22 83 755.744
22 84 665.856
22 85 609.99
22 86 583.74
22 87 580.698
22 88 593.252
22 89 613.26
22 90 632.913
22 91 645.175
22 92 644.322
22 93 626.188
22 94 588.271
22 95 529.782
22 96 451.503
22 97 355.611
22 98 245.47
22 99 125.312
22 100 0

23 0 0
23 1 152.357
23 2 299.368
23 3 435.979
23 4 557.693
23 5 660.874
23 6 742.982
23 7 802.837
23 8 840.794
23 9 858.895
23 10 860.878
23 11 852.125
23 12 839.413
23 13 830.533
23 14 833.757
23 15 857.143
23 16 907.769
23 17 990.955
23 18 1109.48
23 19 1263.08
23 20 1448.05
23 21 1657.26
23 22 1880.55
23 23 2105.38
23 24 2317.87
23 25 2503.97
23 26 2650.78
23 27 2747.61
23 28 2787.1
23 29 2765.63
23 30 2683.73
23 31 2545.68
23 32 2359.14
23 33 2134.1
23 34 1882.04
23 35 1614.85
23 36 1343.84
23 37 1079.05
23 38 828.596
23 39 598.662
23 40 393.166
23 41 214.052
23 42 61.6655
23 43 -65.0133
23 44 -167.814
23 45 -249.09
23 46 -311.382
23 47 -357.005
23 48 -388.045
23 49 -406.014
23 50 -411.917
23 51 -406.014
23 52 -388.045
23 53 -357.005
23 54 -311.382
23 55 -249.09
23 56 -167.814
23 57 -65.0133
23 58 61.6655
23 59 214.052
23 60 393.166
23 61 598.662
23 62 828.596
23 63 1079.05
23 64 1343.84
23 65 1614.85
23 66 1882.04
23 67 2134.1
23 68 2359.14
23 69 2545.68
23 70 2683.73
23 71 2765.63
23 72 2787.1
23 73 2747.61
23 74 2650.78
23 75 2503.97
23 76 2317.87
23 77 2105.38
23 78 1880.55
23 79 1657.26
23 80 1448.05
23 81 1263.08
23 82 1109.48
23 83 990.955
23 84 907.769
23 85 857.143
23 86 833.757
23 87 830.533
23 88 839.413
23 89 852.125
23 90 860.878
23 91 858.895
23 92 840.794
23 93 802.837
23 94 742.982
23 95 660.874
23 96 557.693
23 97 435.979
23 98 299.368
23 99 152.357
23 100 0

24 0 0
24 1 168.274
24 2 331.324
24 3 484.18
24 4 622.383
24 5 742.241
24 6 841.077
24 7 917.457
24 8 971.409
24 9 1004.54
24 10 1020.16
24 11 1023.19
24 12 1020.04
24 13 1018.26
24 14 1026.03
24 15 1051.61
24 16 1102.49
24 17 1184.63
24 18 1301.72
24 19 1454.47
24 20 1640.19
24 21 1852.74
24 22 2082.67
24 23 2317.87
24 24 2544.51
24 25 2748.23
24 26 2915.35
24 27 3034.2
24 28 3096.11
24 29 3096.24
24 30 3033.78
24 31 2912.04
24 32 2737.84
24 33 2520.78
24 34 2272.25
24 35 2004.37
24 36 1728.96
24 37 1456.69
24 38 1196.62
24 39 955.588
24 40 738.303
24 41 547.439
24 42 383.775
24 43 246.783
24 44 134.845
24 45 45.7657
24 46 -22.8459
24 47 -73.3953
24 48 -107.897
24 49 -127.952
24 50 -134.507
24 51 -127.952
24 52 -107.897
24 53 -73.3953
24 54 -22.8459
24 55 45.7657
24 56 134.845
24 57 246.783
24 58 383.775
24 59 547.439
24 60 738.303
24 61 955.588
24 62 1196.62
24 63 1456.69
24 64 1728.96
24 65 2004.37
24 66 2272.25
24 67 2520.78
24 68 2737.84
24 69 2912.04
24 70 3033.78
24 71 3096.24
24 72 3096.11
24 73 3034.2
24 74 2915.35
24 75 2748.23
24 76 2544.51
24 77 2317.87
24 78 2082.67
24 79 1852.74
24 80 1640.19
24 81 1454.47
24 82 1301.72
24 83 1184.63
24 84 1102.49
24 85 1051.61
24 86 1026.03
24 87 1018.26
24 88 1020.04
24 89 1023.19
24 90 1020.16
24 91 1004.54
24 92 971.409
24 93 917.457
24 94 841.077
24 95 742.241
24 96 622.383
24 97 484.18
24 98 331.324
24 99 168.274
24 100 0

25 0 0
25 1 174.03
25 2 343.199
25 3 502.839
25 4 648.76
25 5 777.404
25 6 886.122
25 7 973.383
25 8 1038.95
25 9 1084.1
25 10 1111.67
25 11 1126.12
25 12 1133.36
25 13 1140.58
25 14 1155.72
25 15 1187.02
25 16 1242.18
25 17 1327.61
25 18 1447.69
25 19 1603.95
25 20 1794.66
25 21 2014.52
25 22 2254.84
25 23 2503.97
25 24 2748.23
25 25 2972.97
25 26 3163.9
25 27 3308.39
25 28 3396.61
25 29 3422.36
25 30 3383.66
25 31 3282.63
25 32 3125.27
25 33 2920.65
25 34 2679.99
25 35 2415.52
25 36 2139.48
25 37 1863.26
25 38 1596.57
25 39 1347.09
25 40 1120.34
25 41 919.567
25 42 746.244
25 43 600.183
25 44 480.143
25 45 384.109
25 46 309.74
25 47 254.758
25 48 217.097
25 49 195.17
25 50 187.962
25 51 195.17
25 52 217.097
25 53 254.758
25 54 309.74
25 55 384.109
25 56 480.143
25 57 600.183
25 58 746.244
25 59 919.567
25 60 1120.34
25 61 1347.09
25 62 1596.57
25 63 1863.26
25 64 2139.48
25 65 2415.52
25 66 2679.99
25 67 2920.65
25 68 3125.27
25 69 3282.63
25 70 3383.66
25 71 3422.36
25 72 3396.61
25 73 3308.39
25 74 3163.9
25 75 2972.97
25 76 2748.23
25 77 2503.97
25 78 2254.84
25 79 2014.52
25 80 1794.66
25 81 1603.95
25 82 1447.69
25 83 1327.61
25 84 1242.18
25 85 1187.02
25 86 1155.72
25 87 1140.58
25 88 1133.36
25 89 1126.12
25 90 1111.67
25 91 1084.1
25 92 1038.95
25 93 973.383
25 94 886.122
25 95 777.404
25 96 648.76
25 97 502.839
25 98 343.199
25 99 174.03
25 100 0

26 0 0
26 1 171.027
26 2 337.718
26 3 495.872
26 4 641.718
26 5 771.976
26 6 884.157
26 7 976.734
26 8 1049.31
26 9 1102.86
26 10 1139.82
26 11 1164.14
26 12 1181.27
26 13 1197.89
26 14 1221.64
26 15 1260.56
26 16 1322.4
26 17 1413.88
26 18 1539.9
26 19 1702.71
26 20 1901.38
26 21 2131.48
26 22 2384.97
26 23 2650.78
26 24 2915.35
26 25 3163.9
26 26 3381.58
26 27 3554.91
26 28 3672.88
26 29 3728.06
26 30 3717.14
26 31 3641.14
26 32 3505.09
26 33 3317.45
26 34 3089.12
26 35 2832.38
26 36 2559.86
26 37 2283.43
26 38 2013.56
26 39 1758.72
26 40 1525.1
26 41 1316.77
26 42 1135.7
26 43 982.221
26 44 855.404
26 45 753.452
26 46 674.223
26 47 615.412
26 48 575.035
26 49 551.473
26 50 543.756
26 51 551.473
26 52 575.035
26 53 615.412
26 54 674.223
26 55 753.452
26 56 855.404
26 57 982.221
26 58 1135.7
26 59 1316.77
26 60 1525.1
26 61 1758.72
26 62 2013.56
26 63 2283.43
26 64 2559.86
26 65 2832.38
26 66 3089.12
26 67 3317.45
26 68 3505.09
26 69 3641.14
26 70 3717.14
26 71 3728.06
26 72 3672.88
26 73 3554.91
26 74 3381.58
26 75 3163.9
26 76 2915.35
26 77 2650.78
26 78 2384.97
26 79 2131.48
26 80 1901.38
26 81 1702.71
26 82 1539.9
26 83 1413.88
26 84 1322.4
26 85 1260.56
26 86 1221.64
26 87 1197.89
26 88 1181.27
26 89 1164.14
26 90 1139.82
26 91 1102.86
26 92 1049.31
26 93 976.734
26 94 884.157
26 95 771.976
26 96 641.718
26 97 495.872
26 98 337.718
26 99 171.027
26 100 0

27 0 0
27 1 160.957
27 2 318.185
27 3 468.063
27 4 607.301
27 5 733.008
27 6 842.933
27 7 935.637
27 8 1010.64
27 9 1068.71
27 10 1111.89
27 11 1143.68
27 12 1169.02
27 13 1194.1
27 14 1226.16
27 15 1272.98
27 16 1342.28
27 17 1440.94
27 18 1574.29
27 19 1745.16
27 20 1953.39
27 21 2195.28
27 22 2463.55
27 23 2747.61
27 24 3034.2
27 25 3308.39
27 26 3554.91
27 27 3759.43
27 28 3909.89
27 29 3997.61
27 30 4018.02
27 31 3970.88
27 32 3860.24
27 33 3693.83
27 34 3482.14
27 35 3237.43
27 36 2972.5
27 37 2699.75
27 38 2430.29
27 39 2173.27
27 40 1935.72
27 41 1722.31
27 42 1535.69
27 43 1376.63
27 44 1244.57
27 45 1138
27 46 1054.85
27 47 992.994
27 48 950.425
27 49 925.566
27 50 917.382
27 51 925.566
27 52 950.425
27 53 992.994
27 54 1054.85
27 55 1138
27 56 1244.57
27 57 1376.63
27 58 1535.69
27 59 1722.31
27 60 1935.72
27 61 2173.27
27 62 2430.29
27 63 2699.75
27 64 2972.5
27 65 3237.43
27 66 3482.14
27 67 3693.83
27 68 3860.24
27 69 3970.88
27 70 4018.02
27 71 3997.61
27 72 3909.89
27 73 3759.43
27 74 3554.91
27 75 3308.39
27 76 3034.2
27 77 2747.61
27 78 2463.55
27 79 2195.28
27 80 1953.39
27 81 1745.16
27 82 1574.29
27 83 1440.94
27 84 1342.28
27 85 1272.98
27 86 1226.16
27 87 1194.1
27 88 1169.02
27 89 1143.68
27 90 1111.89
27 91 1068.71
27 92 1010.64
27 93 935.637
27 94 842.933
27 95 733.008
27 96 607.301
27 97 468.063
27 98 318.185
27 99 160.957
27 100 0

28 0 0
28 1 145.628
28 2 288.153
28 3 424.576
28 4 552.105
28 5 668.294
28 6 771.18
28 7 859.454
28 8 932.649
28 9 991.327
28 10 1037.24
28 11 1073.48
28 12 1104.48
28 13 1136
28 14 1174.82
28 15 1228.46
28 16 1304.51
28 17 1409.99
28 18 1550.48
28 19 1729.44
28 20 1947.31
28 21 2201.19
28 22 2484.46
28 23 2787.1
28 24 3096.11
28 25 3396.61
28 26 3672.88
28 27 3909.89
28 28 4094.57
28 29 4217.03
28 30 4271.38
28 31 4256.16
28 32 4174.35
28 33 4032.85
28 34 3841.68
28 35 3612.83
28 36 3359.34
28 37 3093.98
28 38 2828.36
28 39 2572.39
28 40 2333.75
28 41 2117.87
28 42 1927.91
28 43 1765.19
28 44 1629.52
28 45 1519.62
28 46 1433.67
28 47 1369.56
28 48 1325.38
28 49 1299.54
28 50 1291.06
28 51 1299.54
28 52 1325.38
28 53 1369.56
28 54 1433.67
28 55 1519.62
28 56 1629.52
28 57 1765.19
28 58 1927.91
28 59 2117.87
28 60 2333.75
28 61 2572.39
28 62 2828.36
28 63 3093.98
28 64 3359.34
28 65 3612.83
28 66 3841.68
28 67 4032.85
28 68 4174.35
28 69 4256.16
28 70 4271.38
28 71 4217.03
28 72 4094.57
28 73 3909.89
28 74 3672.88
28 75 3396.61
28 76 3096.11
28 77 2787.1
28 78 2484.46
28 79 2201.19
28 80 1947.31
28 81 1729.44
28 82 1550.48
28 83 1409.99
28 84 1304.51
28 85 1228.46
28 86 1174.82
28 87 1136
28 88 1104.48
28 89 1073.48
28 90 1037.24
28 91 991.327
28 92 932.649
28 93 859.454
28 94 771.18
28 95 668.294
28 96 552.105
28 97 424.576
28 98 288.153
28 99 145.628
28 100 0

29 0 0
29 1 126.813
29 2 251.125
29 3 370.532
29 4 482.736
29 5 585.729
