0 0 0
0 1 0
0 2 0
0 3 0
0 4 0
0 5 0
0 6 0
0 7 0
0 8 0
0 9 0
0 10 0
0 11 0
0 12 0
0 13 0
0 14 0
0 15 0
0 16 0
0 17 0
0 18 0
0 19 0
0 20 0
0 21 0
0 22 0
0 23 0
0 24 0
0 25 0
0 26 0
0 27 0
0 28 0
0 29 0
0 30 0
0 31 0
0 32 0
0 33 0
0 34 0
0 35 0
0 36 0
0 37 0
0 38 0
0 39 0
0 40 0
0 41 0
0 42 0
0 43 0
0 44 0
0 45 0
0 46 0
0 47 0
0 48 0
0 49 0
0 50 0
0 51 0
0 52 0
0 53 0
0 54 0
0 55 0
0 56 0
0 57 0
0 58 0
0 59 0
0 60 0
0 61 0
0 62 0
0 63 0
0 64 0
0 65 0
0 66 0
0 67 0
0 68 0
0 69 0
0 70 0
0 71 0
0 72 0
0 73 0
0 74 0
0 75 0
0 76 0
0 77 0
0 78 0
0 79 0
0 80 0
0 81 0
0 82 0
0 83 0
0 84 0
0 85 0
0 86 0
0 87 0
0 88 0
0 89 0
0 90 0
0 91 0
0 92 0
0 93 0
0 94 0
0 95 0
0 96 0
0 97 0
0 98 0
0 99 0
0 100 0

1 0 0
1 1 -49.8123
1 2 -99.1591
1 3 -147.591
1 4 -194.522
1 5 -239.295
1 6 -281.18
1 7 -319.262
1 8 -352.605
1 9 -380.239
1 10 -401.154
1 11 -414.454
1 12 -419.355
1 13 -415.215
1 14 -401.657
1 15 -378.547
1 16 -346.071
1 17 -304.6
1 18 -254.829
1 19 -197.706
1 20 -134.359
1 21 -66.0207
1 22 5.98395
1 23 80.2063
1 24 155.331
1 25 230.053
1 26 303.176
1 27 373.693
1 28 440.696
1 29 503.508
1 30 561.587
1 31 614.602
1 32 662.359
1 33 704.83
1 34 742.108
1 35 774.39
1 36 801.974
1 37 825.196
1 38 844.473
1 39 860.206
1 40 872.847
1 41 882.804
1 42 890.509
1 43 896.327
1 44 900.631
1 45 903.716
1 46 905.87
1 47 907.302
1 48 908.205
1 49 908.689
1 50 908.847
1 51 908.689
1 52 908.205
1 53 907.302
1 54 905.87
1 55 903.716
1 56 900.631
1 57 896.327
1 58 890.509
1 59 882.804
1 60 872.847
1 61 860.206
1 62 844.473
1 63 825.196
1 64 801.974
1 65 774.39
1 66 742.108
1 67 704.83
1 68 662.359
1 69 614.602
1 70 561.587
1 71 503.508
1 72 440.696
1 73 373.693
1 74 303.176
1 75 230.053
1 76 155.331
1 77 80.2063
1 78 5.98395
1 79 -66.0207
1 80 -134.359
1 81 -197.706
1 82 -254.829
1 83 -304.6
1 84 -346.071
1 85 -378.547
1 86 -401.657
1 87 -415.215
1 88 -419.355
1 89 -414.454
1 90 -401.154
1 91 -380.239
1 92 -352.605
1 93 -319.262
1 94 -281.18
1 95 -239.295
1 96 -194.522
1 97 -147.591
1 98 -99.1591
1 99 -49.8123
1 100 0

2 0 0
2 1 -99.1591
2 2 -197.345
2 3 -293.573
2 4 -386.63
2 5 -475.161
2 6 -557.654
2 7 -632.339
2 8 -697.369
2 9 -750.858
2 10 -790.853
2 11 -815.648
2 12 -823.752
2 13 -814.045
2 14 -785.834
2 15 -738.951
2 16 -673.755
2 17 -591.148
2 18 -492.532
2 19 -379.805
2 20 -255.115
2 21 -121.001
2 22 19.9159
2 23 164.988
2 24 311.502
2 25 457.007
2 26 599.236
2 27 736.199
2 28 866.222
2 29 987.993
2 30 1100.51
2 31 1203.15
2 32 1295.58
2 33 1377.74
2 34 1449.85
2 35 1512.29
2 36 1565.65
2 37 1610.59
2 38 1647.92
2 39 1678.41
2 40 1702.93
2 41 1722.28
2 42 1737.27
2 43 1748.63
2 44 1757.05
2 45 1763.11
2 46 1767.36
2 47 1770.2
2 48 1771.99
2 49 1772.97
2 50 1773.28
2 51 1772.97
2 52 1771.99
2 53 1770.2
2 54 1767.36
2 55 1763.11
2 56 1757.05
2 57 1748.63
2 58 1737.27
2 59 1722.28
2 60 1702.93
2 61 1678.41
2 62 1647.92
2 63 1610.59
2 64 1565.65
2 65 1512.29
2 66 1449.85
2 67 1377.74
2 68 1295.58
2 69 1203.15
2 70 1100.51
2 71 987.993
2 72 866.222
2 73 736.199
2 74 599.236
2 75 457.007
2 76 311.502
2 77 164.988
2 78 19.9159
2 79 -121.001
2 80 -255.115
2 81 -379.805
2 82 -492.532
2 83 -591.148
2 84 -673.755
2 85 -738.951
2 86 -785.834
2 87 -814.045
2 88 -823.752
2 89 -815.648
2 90 -790.853
2 91 -750.858
2 92 -697.369
2 93 -632.339
2 94 -557.654
2 95 -475.161
2 96 -386.63
2 97 -293.573
2 98 -197.345
2 99 -99.1591
2 100 0

3 0 0
3 1 -147.591
3 2 -293.573
3 3 -436.264
3 4 -573.783
3 5 -704.021
3 6 -824.652
3 7 -933.078
3 8 -1026.6
3 9 -1102.47
3 10 -1158.02
3 11 -1190.86
3 12 -1199.01
3 13 -1180.99
3 14 -1136.05
3 15 -1064.1
3 16 -965.923
3 17 -842.923
3 18 -697.318
3 19 -531.882
3 20 -349.937
3 21 -155.061
3 22 48.9709
3 23 258.211
3 24 468.997
3 25 677.777
3 26 881.368
3 27 1077.05
3 28 1262.48
3 29 1435.87
3 30 1595.9
3 31 1741.72
3 32 1872.92
3 33 1989.48
3 34 2091.75
3 35 2180.31
3 36 2256.01
3 37 2319.81
3 38 2372.83
3 39 2416.22
3 40 2451.17
3 41 2478.83
3 42 2500.32
3 43 2516.66
3 44 2528.83
3 45 2537.66
3 46 2543.87
3 47 2548.07
3 48 2550.73
3 49 2552.18
3 50 2552.65
3 51 2552.18
3 52 2550.73
3 53 2548.07
3 54 2543.87
3 55 2537.66
3 56 2528.83
3 57 2516.66
3 58 2500.32
3 59 2478.83
3 60 2451.17
3 61 2416.22
3 62 2372.83
3 63 2319.81
3 64 2256.01
3 65 2180.31
3 66 2091.75
3 67 1989.48
3 68 1872.92
3 69 1741.72
3 70 1595.9
3 71 1435.87
3 72 1262.48
3 73 1077.05
3 74 881.368
3 75 677.777
3 76 468.997
3 77 258.211
3 78 48.9709
3 79 -155.061
3 80 -349.937
3 81 -531.882
3 82 -697.318
3 83 -842.923
3 84 -965.923
3 85 -1064.1
3 86 -1136.05
3 87 -1180.99
3 88 -1199.01
3 89 -1190.86
3 90 -1158.02
3 91 -1102.47
3 92 -1026.6
3 93 -933.078
3 94 -824.652
3 95 -704.021
3 96 -573.783
3 97 -436.264
3 98 -293.573
3 99 -147.591
3 100 0

4 0 0
4 1 -194.522
4 2 -386.63
4 3 -573.783
4 4 -753.289
4 5 -922.218
4 6 -1077.36
4 7 -1215.39
4 8 -1332.8
4 9 -1426.17
4 10 -1492.31
4 11 -1528.41
4 12 -1532.2
4 13 -1502.22
4 14 -1437.78
4 15 -1339.25
4 16 -1207.81
4 17 -1045.7
4 18 -855.876
4 19 -642.122
4 20 -408.671
4 21 -160.163
4 22 98.55
4 23 362.743
4 24 627.714
4 25 889.227
4 26 1143.44
4 27 1387.03
4 28 1617.33
4 29 1832.18
4 30 2030.13
4 31 2210.23
4 32 2372.09
4 33 2515.79
4 34 2641.8
4 35 2750.92
4 36 2844.21
4 37 2922.93
4 38 2988.42
4 39 3042.12
4 40 3085.48
4 41 3119.92
4 42 3146.79
4 43 3167.35
4 44 3182.74
4 45 3194
4 46 3201.99
4 47 3207.45
4 48 3210.93
4 49 3212.86
4 50 3213.47
4 51 3212.86
4 52 3210.93
4 53 3207.45
4 54 3201.99
4 55 3194
4 56 3182.74
4 57 3167.35
4 58 3146.79
4 59 3119.92
4 60 3085.48
4 61 3042.12
4 62 2988.42
4 63 2922.93
4 64 2844.21
4 65 2750.92
4 66 2641.8
4 67 2515.79
4 68 2372.09
4 69 2210.23
4 70 2030.13
4 71 1832.18
4 72 1617.33
4 73 1387.03
4 74 1143.44
4 75 889.227
4 76 627.714
4 77 362.743
4 78 98.55
4 79 -160.163
4 80 -408.671
4 81 -642.122
4 82 -855.876
4 83 -1045.7
4 84 -1207.81
4 85 -1339.25
4 86 -1437.78
4 87 -1502.22
4 88 -1532.2
4 89 -1528.41
4 90 -1492.31
4 91 -1426.17
4 92 -1332.8
4 93 -1215.39
4 94 -1077.36
4 95 -922.218
4 96 -753.289
4 97 -573.783
4 98 -386.63
4 99 -194.522
4 100 0

5 0 0
5 1 -239.295
5 2 -475.161
5 3 -704.021
5 4 -922.218
5 5 -1125.87
5 6 -1310.93
5 7 -1473.29
5 8 -1608.89
5 9 -1713.77
5 10 -1784.5
5 11 -1818.09
5 12 -1812.39
5 13 -1766.17
5 14 -1679.28
5 15 -1552.56
5 16 -1388.01
5 17 -1188.64
5 18 -958.429
5 19 -701.907
5 20 -424.302
5 21 -131.111
5 22 172.08
5 23 479.758
5 24 786.773
5 25 1088.29
5 26 1380.16
5 27 1658.8
5 28 1921.34
5 29 2165.61
5 30 2390.1
5 31 2593.95
5 32 2776.89
5 33 2939.12
5 34 3081.3
5 35 3204.42
5 36 3309.72
5 37 3398.67
5 38 3472.8
5 39 3533.75
5 40 3583.12
5 41 3622.5
5 42 3653.39
5 43 3677.19
5 44 3695.16
5 45 3708.42
5 46 3717.94
5 47 3724.51
5 48 3728.75
5 49 3731.12
5 50 3731.88
5 51 3731.12
5 52 3728.75
5 53 3724.51
5 54 3717.94
5 55 3708.42
5 56 3695.16
5 57 3677.19
5 58 3653.39
5 59 3622.5
5 60 3583.12
5 61 3533.75
5 62 3472.8
5 63 3398.67
5 64 3309.72
5 65 3204.42
5 66 3081.3
5 67 2939.12
5 68 2776.89
5 69 2593.95
5 70 2390.1
5 71 2165.61
5 72 1921.34
5 73 1658.8
5 74 1380.16
5 75 1088.29
5 76 786.773
5 77 479.758
5 78 172.08
5 79 -131.111
5 80 -424.302
5 81 -701.907
5 82 -958.429
5 83 -1188.64
5 84 -1388.01
5 85 -1552.56
5 86 -1679.28
5 87 -1766.17
5 88 -1812.39
5 89 -1818.09
5 90 -1784.5
5 91 -1713.77
5 92 -1608.89
5 93 -1473.29
5 94 -1310.93
5 95 -1125.87
5 96 -922.218
5 97 -704.021
5 98 -475.161
5 99 -239.295
5 100 0

6 0 0
6 1 -281.18
6 2 -557.654
6 3 -824.652
6 4 -1077.36
6 5 -1310.93
6 6 -1520.42
6 7 -1701.08
6 8 -1848.34
6 9 -1958.05
6 10 -2026.71
6 11 -2051.61
6 12 -2030.99
6 13 -1964.28
6 14 -1851.97
6 15 -1695.9
6 16 -1498.93
6 17 -1265.09
6 18 -999.135
6 19 -706.58
6 20 -393.403
6 21 -65.7111
6 22 270.33
6 23 608.858
6 24 944.371
6 25 1271.98
6 26 1587.4
6 27 1887.1
6 28 2168.33
6 29 2429.02
6 30 2667.89
6 31 2884.26
6 32 3078.04
6 33 3249.67
6 34 3399.97
6 35 3530.1
6 36 3641.47
6 37 3735.67
6 38 3814.34
6 39 3879.22
6 40 3931.99
6 41 3974.32
6 42 4007.73
6 43 4033.69
6 44 4053.46
6 45 4068.23
6 46 4078.94
6 47 4086.44
6 48 4091.33
6 49 4094.09
6 50 4094.97
6 51 4094.09
6 52 4091.33
6 53 4086.44
6 54 4078.94
6 55 4068.23
6 56 4053.46
6 57 4033.69
6 58 4007.73
6 59 3974.32
6 60 3931.99
6 61 3879.22
6 62 3814.34
6 63 3735.67
6 64 3641.47
6 65 3530.1
6 66 3399.97
6 67 3249.67
6 68 3078.04
6 69 2884.26
6 70 2667.89
6 71 2429.02
6 72 2168.33
6 73 1887.1
6 74 1587.4
6 75 1271.98
6 76 944.371
6 77 608.858
6 78 270.33
6 79 -65.7111
6 80 -393.403
6 81 -706.58
6 82 -999.135
6 83 -1265.09
6 84 -1498.93
6 85 -1695.9
6 86 -1851.97
6 87 -1964.28
6 88 -2030.99
6 89 -2051.61
6 90 -2026.71
6 91 -1958.05
6 92 -1848.34
6 93 -1701.08
6 94 -1520.42
6 95 -1310.93
6 96 -1077.36
6 97 -824.652
6 98 -557.654
6 99 -281.18
6 100 0

7 0 0
7 1 -319.262
7 2 -632.339
7 3 -933.078
7 4 -1215.39
7 5 -1473.29
7 6 -1701.08
7 7 -1893.37
7 8 -2045.34
7 9 -2152.85
7 10 -2212.74
7 11 -2222.79
7 12 -2182.11
7 13 -2090.96
7 14 -1951.04
7 15 -1765.13
7 16 -1537.32
7 17 -1272.51
7 18 -976.509
7 19 -655.543
7 20 -316.141
7 21 35.0714
7 22 391.728
7 23 747.857
7 24 1098.04
7 25 1437.48
7 26 1762.21
7 27 2068.97
7 28 2355.34
7 29 2619.64
7 30 2860.88
7 31 3078.73
7 32 3273.37
7 33 3445.46
7 34 3596.03
7 35 3726.37
7 36 3838
7 37 3932.55
7 38 4011.74
7 39 4077.29
7 40 4130.87
7 41 4174.1
7 42 4208.51
7 43 4235.47
7 44 4256.24
7 45 4271.93
7 46 4283.46
7 47 4291.63
7 48 4297.03
7 49 4300.1
7 50 4301.09
7 51 4300.1
7 52 4297.03
7 53 4291.63
7 54 4283.46
7 55 4271.93
7 56 4256.24
7 57 4235.47
7 58 4208.51
7 59 4174.1
7 60 4130.87
7 61 4077.29
7 62 4011.74
7 63 3932.55
7 64 3838
7 65 3726.37
7 66 3596.03
7 67 3445.46
7 68 3273.37
7 69 3078.73
7 70 2860.88
7 71 2619.64
7 72 2355.34
7 73 2068.97
7 74 1762.21
7 75 1437.48
7 76 1098.04
7 77 747.857
7 78 391.728
7 79 35.0714
7 80 -316.141
7 81 -655.543
7 82 -976.509
7 83 -1272.51
7 84 -1537.32
7 85 -1765.13
7 86 -1951.04
7 87 -2090.96
7 88 -2182.11
7 89 -2222.79
7 90 -2212.74
7 91 -2152.85
7 92 -2045.34
7 93 -1893.37
7 94 -1701.08
7 95 -1473.29
7 96 -1215.39
7 97 -933.078
7 98 -632.339
7 99 -319.262
7 100 0

8 0 0
8 1 -352.605
8 2 -697.369
8 3 -1026.6
8 4 -1332.8
8 5 -1608.89
8 6 -1848.34
8 7 -2045.34
8 8 -2194.97
8 9 -2293.47
8 10 -2338.14
8 11 -2327.82
8 12 -2262.6
8 13 -2144.09
8 14 -1975.18
8 15 -1760.08
8 16 -1503.89
8 17 -1212.72
8 18 -893.097
8 19 -551.948
8 20 -196.21
8 21 167.362
8 22 532.43
8 23 893.202
8 24 1244.6
8 25 1582.37
8 26 1902.93
8 27 2203.68
8 28 2482.69
8 29 2738.79
8 30 2971.48
8 31 3180.79
8 32 3367.25
8 33 3531.76
8 34 3675.52
8 35 3799.93
8 36 3906.58
8 37 3997.09
8 38 4073.13
8 39 4136.33
8 40 4188.31
8 41 4230.55
8 42 4264.45
8 43 4291.3
8 44 4312.23
8 45 4328.23
8 46 4340.17
8 47 4348.73
8 48 4354.45
8 49 4357.73
8 50 4358.8
8 51 4357.73
8 52 4354.45
8 53 4348.73
8 54 4340.17
8 55 4328.23
8 56 4312.23
8 57 4291.3
8 58 4264.45
8 59 4230.55
8 60 4188.31
8 61 4136.33
8 62 4073.13
8 63 3997.09
8 64 3906.58
8 65 3799.93
8 66 3675.52
8 67 3531.76
8 68 3367.25
8 69 3180.79
8 70 2971.48
8 71 2738.79
8 72 2482.69
8 73 2203.68
8 74 1902.93
8 75 1582.37
8 76 1244.6
8 77 893.202
8 78 532.43
8 79 167.362
8 80 -196.21
8 81 -551.948
8 82 -893.097
8 83 -1212.72
8 84 -1503.89
8 85 -1760.08
8 86 -1975.18
8 87 -2144.09
8 88 -2262.6
8 89 -2327.82
8 90 -2338.14
8 91 -2293.47
8 92 -2194.97
8 93 -2045.34
8 94 -1848.34
8 95 -1608.89
8 96 -1332.8
8 97 -1026.6
8 98 -697.369
8 99 -352.605
8 100 0

9 0 0
9 1 -380.239
9 2 -750.858
9 3 -1102.47
9 4 -1426.17
9 5 -1713.77
9 6 -1958.05
9 7 -2152.85
9 8 -2293.47
9 9 -2376.57
9 10 -2400.5
9 11 -2365.17
9 12 -2272.21
9 13 -2124.55
9 14 -1926.7
9 15 -1684.11
9 16 -1403.28
9 17 -1091.15
9 18 -755.034
9 19 -402.328
9 20 -40.112
9 21 324.954
9 22 686.824
9 23 1040.23
9 24 1380.67
9 25 1704.58
9 26 2009.21
9 27 2292.57
9 28 2553.47
9 29 2791.39
9 30 3006.3
9 31 3198.72
9 32 3369.49
9 33 3519.75
9 34 3650.88
9 35 3764.32
9 36 3861.65
9 37 3944.44
9 38 4014.25
9 39 4072.58
9 40 4120.87
9 41 4160.44
9 42 4192.52
9 43 4218.21
9 44 4238.49
9 45 4254.22
9 46 4266.1
9 47 4274.74
9 48 4280.58
9 49 4283.96
9 50 4285.06
9 51 4283.96
9 52 4280.58
9 53 4274.74
9 54 4266.1
9 55 4254.22
9 56 4238.49
9 57 4218.21
9 58 4192.52
9 59 4160.44
9 60 4120.87
9 61 4072.58
9 62 4014.25
9 63 3944.44
9 64 3861.65
9 65 3764.32
9 66 3650.88
9 67 3519.75
9 68 3369.49
9 69 3198.72
9 70 3006.3
9 71 2791.39
9 72 2553.47
9 73 2292.57
9 74 2009.21
9 75 1704.58
9 76 1380.67
9 77 1040.23
9 78 686.824
9 79 324.954
9 80 -40.112
9 81 -402.328
9 82 -755.034
9 83 -1091.15
9 84 -1403.28
9 85 -1684.11
9 86 -1926.7
9 87 -2124.55
9 88 -2272.21
9 89 -2365.17
9 90 -2400.5
9 91 -2376.57
9 92 -2293.47
9 93 -2152.85
9 94 -1958.05
9 95 -1713.77
9 96 -1426.17
9 97 -1102.47
9 98 -750.858
9 99 -380.239
9 100 0

10 0 0
10 1 -401.154
10 2 -790.853
10 3 -1158.02
10 4 -1492.31
10 5 -1784.5
10 6 -2026.71
10 7 -2212.74
10 8 -2338.14
10 9 -2400.5
10 10 -2399.22
10 11 -2335.77
10 12 -2213.19
10 13 -2036.24
10 14 -1810.81
10 15 -1543.96
10 16 -1243.15
10 17 -916.283
10 18 -571.255
10 19 -215.652
10 20 143.55
10 21 500.008
10 22 848.255
10 23 1183.72
10 24 1502.8
10 25 1802.77
10 26 2081.75
10 27 2338.66
10 28 2573.03
10 29 2784.99
10 30 2975.13
10 31 3144.35
10 32 3293.84
10 33 3424.94
10 34 3539.12
10 35 3637.85
10 36 3722.66
10 37 3794.99
10 38 3856.25
10 39 3907.75
10 40 3950.73
10 41 3986.28
10 42 4015.43
10 43 4039.07
10 44 4057.98
10 45 4072.86
10 46 4084.26
10 47 4092.65
10 48 4098.39
10 49 4101.74
10 50 4102.83
10 51 4101.74
10 52 4098.39
10 53 4092.65
10 54 4084.26
10 55 4072.86
10 56 4057.98
10 57 4039.07
10 58 4015.43
10 59 3986.28
10 60 3950.73
10 61 3907.75
10 62 3856.25
10 63 3794.99
10 64 3722.66
10 65 3637.85
10 66 3539.12
10 67 3424.94
10 68 3293.84
10 69 3144.35
10 70 2975.13
10 71 2784.99
10 72 2573.03
10 73 2338.66
10 74 2081.75
10 75 1802.77
10 76 1502.8
10 77 1183.72
10 78 848.255
10 79 500.008
10 80 143.55
10 81 -215.652
10 82 -571.255
10 83 -916.283
10 84 -1243.15
10 85 -1543.96
10 86 -1810.81
10 87 -2036.24
10 88 -2213.19
10 89 -2335.77
10 90 -2399.22
10 91 -2400.5
10 92 -2338.14
10 93 -2212.74
10 94 -2026.71
10 95 -1784.5
10 96 -1492.31
10 97 -1158.02
10 98 -790.853
10 99 -401.154
10 100 0

11 0 0
11 1 -414.454
11 2 -815.648
11 3 -1190.86
11 4 -1528.41
11 5 -1818.09
11 6 -2051.61
11 7 -2222.79
11 8 -2327.82
11 9 -2365.17
11 10 -2335.77
11 11 -2242.49
11 12 -2090.25
11 13 -1885.35
11 14 -1635.41
11 15 -1348.6
11 16 -1033.54
11 17 -698.814
11 18 -352.616
11 19 -2.45038
11 20 344.92
11 21 683.825
11 22 1009.55
11 23 1318.46
11 24 1607.91
11 25 1876.18
11 26 2122.41
11 27 2346.31
11 28 2548.28
11 29 2729.07
11 30 2889.77
11 31 3031.74
11 32 3156.38
11 33 3265.24
11 34 3359.77
11 35 3441.49
11 36 3511.75
11 37 3571.89
11 38 3623.09
11 39 3666.46
11 40 3702.99
11 41 3733.55
11 42 3758.93
11 43 3779.81
11 44 3796.76
11 45 3810.29
11 46 3820.81
11 47 3828.66
11 48 3834.08
11 49 3837.27
11 50 3838.32
11 51 3837.27
11 52 3834.08
11 53 3828.66
11 54 3820.81
11 55 3810.29
11 56 3796.76
11 57 3779.81
11 58 3758.93
11 59 3733.55
11 60 3702.99
11 61 3666.46
11 62 3623.09
11 63 3571.89
11 64 3511.75
11 65 3441.49
11 66 3359.77
11 67 3265.24
11 68 3156.38
11 69 3031.74
11 70 2889.77
11 71 2729.07
11 72 2548.28
11 73 2346.31
11 74 2122.41
11 75 1876.18
11 76 1607.91
11 77 1318.46
11 78 1009.55
11 79 683.825
11 80 344.92
11 81 -2.45038
11 82 -352.616
11 83 -698.814
11 84 -1033.54
11 85 -1348.6
11 86 -1635.41
11 87 -1885.35
11 88 -2090.25
11 89 -2242.49
11 90 -2335.77
11 91 -2365.17
11 92 -2327.82
11 93 -2222.79
11 94 -2051.61
11 95 -1818.09
11 96 -1528.41
11 97 -1190.86
11 98 -815.648
11 99 -414.454
11 100 0

12 0 0
12 1 -419.355
12 2 -823.752
12 3 -1199.01
12 4 -1532.2
12 5 -1812.39
12 6 -2030.99
12 7 -2182.11
12 8 -2262.6
12 9 -2272.21
12 10 -2213.19
12 11 -2090.25
12 12 -1909.85
12 13 -1680.16
12 14 -1409.99
12 15 -1108.78
12 16 -785.989
12 17 -450.593
12 18 -110.818
12 19 226.04
12 20 553.867
12 21 867.689
12 22 1163.82
12 23 1439.61
12 24 1693.55
12 25 1924.9
12 26 2133.77
12 27 2320.81
12 28 2487.05
12 29 2633.9
12 30 2762.91
12 31 2875.71
12 32 2973.95
12 33 3059.22
12 34 3133.02
12 35 3196.73
12 36 3251.61
12 37 3298.78
12 38 3339.22
12 39 3373.8
12 40 3403.26
12 41 3428.25
12 42 3449.33
12 43 3466.93
12 44 3481.48
12 45 3493.27
12 46 3502.59
12 47 3509.62
12 48 3514.54
12 49 3517.44
12 50 3518.4
12 51 3517.44
12 52 3514.54
12 53 3509.62
12 54 3502.59
12 55 3493.27
12 56 3481.48
12 57 3466.93
12 58 3449.33
12 59 3428.25
12 60 3403.26
12 61 3373.8
12 62 3339.22
12 63 3298.78
12 64 3251.61
12 65 3196.73
12 66 3133.02
12 67 3059.22
12 68 2973.95
12 69 2875.71
12 70 2762.91
12 71 2633.9
12 72 2487.05
12 73 2320.81
12 74 2133.77
12 75 1924.9
12 76 1693.55
12 77 1439.61
12 78 1163.82
12 79 867.689
12 80 553.867
12 81 226.04
12 82 -110.818
12 83 -450.593
12 84 -785.989
12 85 -1108.78
12 86 -1409.99
12 87 -1680.16
12 88 -1909.85
12 89 -2090.25
12 90 -2213.19
12 91 -2272.21
12 92 -2262.6
12 93 -2182.11
12 94 -2030.99
12 95 -1812.39
12 96 -1532.2
12 97 -1199.01
12 98 -823.752
12 99 -419.355
12 100 0

13 0 0
13 1 -415.215
13 2 -814.045
13 3 -1180.99
13 4 -1502.22
13 5 -1766.17
13 6 -1964.28
13 7 -2090.96
13 8 -2144.09
13 9 -2124.55
13 10 -2036.24
13 11 -1885.35
13 12 -1680.16
13 13 -1430.07
13 14 -1145.29
13 15 -836.141
13 16 -512.595
13 17 -183.721
13 18 142.373
13 19 458.984
13 20 760.695
13 21 1043.57
13 22 1304.92
13 23 1543.24
13 24 1758.05
13 25 1949.7
13 26 2119.15
13 27 2267.82
13 28 2397.44
13 29 2509.85
13 30 2606.96
13 31 2690.67
13 32 2762.68
13 33 2824.65
13 34 2877.97
13 35 2923.93
13 36 2963.59
13 37 2997.89
13 38 3027.57
13 39 3053.28
13 40 3075.54
13 41 3094.75
13 42 3111.26
13 43 3125.33
13 44 3137.18
13 45 3146.96
13 46 3154.81
13 47 3160.82
13 48 3165.08
13 49 3167.6
13 50 3168.45
13 51 3167.6
13 52 3165.08
13 53 3160.82
13 54 3154.81
13 55 3146.96
13 56 3137.18
13 57 3125.33
13 58 3111.26
13 59 3094.75
13 60 3075.54
13 61 3053.28
13 62 3027.57
13 63 2997.89
13 64 2963.59
13 65 2923.93
13 66 2877.97
13 67 2824.65
13 68 2762.68
13 69 2690.67
13 70 2606.96
13 71 2509.85
13 72 2397.44
13 73 2267.82
13 74 2119.15
13 75 1949.7
13 76 1758.05
13 77 1543.24
13 78 1304.92
13 79 1043.57
13 80 760.695
13 81 458.984
13 82 142.373
13 83 -183.721
13 84 -512.595
13 85 -836.141
13 86 -1145.29
13 87 -1430.07
13 88 -1680.16
13 89 -1885.35
13 90 -2036.24
13 91 -2124.55
13 92 -2144.09
13 93 -2090.96
13 94 -1964.28
13 95 -1766.17
13 96 -1502.22
13 97 -1180.99
13 98 -814.045
13 99 -415.215
13 100 0

14 0 0
14 1 -401.657
14 2 -785.834
14 3 -1136.05
14 4 -1437.78
14 5 -1679.28
14 6 -1851.97
14 7 -1951.04
14 8 -1975.18
14 9 -1926.7
14 10 -1810.81
14 11 -1635.41
14 12 -1409.99
14 13 -1145.29
14 14 -852.451
14 15 -542.374
14 16 -225.16
14 17 90.134
14 18 396.012
14 19 686.409
14 20 956.934
14 21 1204.61
14 22 1427.94
14 23 1626.48
14 24 1800.79
14 25 1952.11
14 26 2082.23
14 27 2193.23
14 28 2287.27
14 29 2366.64
14 30 2433.44
14 31 2489.64
14 32 2537.06
14 33 2577.21
14 34 2611.45
14 35 2640.83
14 36 2666.29
14 37 2688.5
14 38 2708.03
14 39 2725.29
14 40 2740.59
14 41 2754.15
14 42 2766.11
14 43 2776.58
14 44 2785.61
14 45 2793.23
14 46 2799.47
14 47 2804.33
14 48 2807.8
14 49 2809.89
14 50 2810.58
14 51 2809.89
14 52 2807.8
14 53 2804.33
14 54 2799.47
14 55 2793.23
14 56 2785.61
14 57 2776.58
14 58 2766.11
14 59 2754.15
14 60 2740.59
14 61 2725.29
14 62 2708.03
14 63 2688.5
14 64 2666.29
14 65 2640.83
14 66 2611.45
14 67 2577.21
14 68 2537.06
14 69 2489.64
14 70 2433.44
14 71 2366.64
14 72 2287.27
14 73 2193.23
14 74 2082.23
14 75 1952.11
14 76 1800.79
14 77 1626.48
14 78 1427.94
14 79 1204.61
14 80 956.934
14 81 686.409
14 82 396.012
14 83 90.134
14 84 -225.16
14 85 -542.374
14 86 -852.451
14 87 -1145.29
14 88 -1409.99
14 89 -1635.41
14 90 -1810.81
14 91 -1926.7
14 92 -1975.18
14 93 -1951.04
14 94 -1851.97
14 95 -1679.28
14 96 -1437.78
14 97 -1136.05
14 98 -785.834
14 99 -401.657
14 100 0

15 0 0
15 1 -378.547
15 2 -738.951
15 3 -1064.1
15 4 -1339.25
15 5 -1552.56
15 6 -1695.9
15 7 -1765.13
15 8 -1760.08
15 9 -1684.11
15 10 -1543.96
15 11 -1348.6
15 12 -1108.78
15 13 -836.141
15 14 -542.374
15 15 -238.553
15 16 65.2811
15 17 360.604
15 18 640.527
15 19 900.016
15 20 1135.63
15 21 1345.61
15 22 1529.42
15 23 1687.74
15 24 1822.01
15 25 1934.29
15 26 2026.95
15 27 2102.58
15 28 2163.75
15 29 2212.86
15 30 2252.2
15 31 2283.72
15 32 2309.16
15 33 2329.94
15 34 2347.22
15 35 2361.93
15 36 2374.74
15 37 2386.18
15 38 2396.58
15 39 2406.18
15 40 2415.09
15 41 2423.39
15 42 2431.03
15 43 2438.02
15 44 2444.26
15 45 2449.71
15 46 2454.28
15 47 2457.92
15 48 2460.55
15 49 2462.16
15 50 2462.69
15 51 2462.16
15 52 2460.55
15 53 2457.92
15 54 2454.28
15 55 2449.71
15 56 2444.26
15 57 2438.02
15 58 2431.03
15 59 2423.39
15 60 2415.09
15 61 2406.18
15 62 2396.58
15 63 2386.18
15 64 2374.74
15 65 2361.93
15 66 2347.22
15 67 2329.94
15 68 2309.16
15 69 2283.72
15 70 2252.2
15 71 2212.86
15 72 2163.75
15 73 2102.58
15 74 2026.95
15 75 1934.29
15 76 1822.01
15 77 1687.74
15 78 1529.42
15 79 1345.61
15 80 1135.63
15 81 900.016
15 82 640.527
15 83 360.604
15 84 65.2811
15 85 -238.553
15 86 -542.374
15 87 -836.141
15 88 -1108.78
15 89 -1348.6
15 90 -1543.96
15 91 -1684.11
15 92 -1760.08
15 93 -1765.13
15 94 -1695.9
15 95 -1552.56
15 96 -1339.25
15 97 -1064.1
15 98 -738.951
15 99 -378.547
15 100 0

16 0 0
16 1 -346.071
16 2 -673.755
16 3 -965.923
16 4 -1207.81
16 5 -1388.01
16 6 -1498.93
16 7 -1537.32
16 8 -1503.89
16 9 -1403.28
16 10 -1243.15
16 11 -1033.54
16 12 -785.989
16 13 -512.595
16 14 -225.16
16 15 65.2811
16 16 349.251
16 17 618.859
16 18 868.237
16 19 1093.31
16 20 1291.81
16 21 1463
16 22 1607.44
16 23 1726.66
16 24 1822.9
16 25 1898.79
16 26 1957.24
16 27 2001.07
16 28 2033.07
16 29 2055.74
16 30 2071.3
16 31 2081.65
16 32 2088.38
16 33 2092.73
16 34 2095.7
16 35 2097.99
16 36 2100.11
16 37 2102.38
16 38 2104.96
16 39 2107.92
16 40 2111.23
16 41 2114.83
16 42 2118.57
16 43 2122.34
16 44 2125.97
16 45 2129.32
16 46 2132.26
16 47 2134.68
16 48 2136.47
16 49 2137.58
16 50 2137.95
16 51 2137.58
16 52 2136.47
16 53 2134.68
16 54 2132.26
16 55 2129.32
16 56 2125.97
16 57 2122.34
16 58 2118.57
16 59 2114.83
16 60 2111.23
16 61 2107.92
16 62 2104.96
16 63 2102.38
16 64 2100.11
16 65 2097.99
16 66 2095.7
16 67 2092.73
16 68 2088.38
16 69 2081.65
16 70 2071.3
16 71 2055.74
16 72 2033.07
16 73 2001.07
16 74 1957.24
16 75 1898.79
16 76 1822.9
16 77 1726.66
16 78 1607.44
16 79 1463
16 80 1291.81
16 81 1093.31
16 82 868.237
16 83 618.859
16 84 349.251
16 85 65.2811
16 86 -225.16
16 87 -512.595
16 88 -785.989
16 89 -1033.54
16 90 -1243.15
16 91 -1403.28
16 92 -1503.89
16 93 -1537.32
16 94 -1498.93
16 95 -1388.01
16 96 -1207.81
16 97 -965.923
16 98 -673.755
16 99 -346.071
16 100 0

17 0 0
17 1 -304.6
17 2 -591.148
17 3 -842.923
17 4 -1045.7
17 5 -1188.64
17 6 -1265.09
17 7 -1272.51
17 8 -1212.72
17 9 -1091.15
17 10 -916.283
17 11 -698.814
17 12 -450.593
17 13 -183.721
17 14 90.134
17 15 360.604
17 16 618.859
17 17 858.089
17 18 1073.37
17 19 1261.87
17 20 1422.33
17 21 1555.1
17 22 1661.56
17 23 1744.06
17 24 1805.37
17 25 1848.61
17 26 1876.88
17 27 1893.23
17 28 1900.43
17 29 1900.91
17 30 1896.81
17 31 1889.84
17 32 1881.37
17 33 1872.49
17 34 1863.93
17 35 1856.26
17 36 1849.75
17 37 1844.59
17 38 1840.77
17 39 1838.25
17 40 1836.87
17 41 1836.47
17 42 1836.83
17 43 1837.76
17 44 1839.03
17 45 1840.47
17 46 1841.89
17 47 1843.15
17 48 1844.14
17 49 1844.77
17 50 1844.98
17 51 1844.77
17 52 1844.14
17 53 1843.15
17 54 1841.89
17 55 1840.47
17 56 1839.03
17 57 1837.76
17 58 1836.83
17 59 1836.47
17 60 1836.87
17 61 1838.25
17 62 1840.77
17 63 1844.59
17 64 1849.75
17 65 1856.26
17 66 1863.93
17 67 1872.49
17 68 1881.37
17 69 1889.84
17 70 1896.81
17 71 1900.91
17 72 1900.43
17 73 1893.23
17 74 1876.88
17 75 1848.61
17 76 1805.37
17 77 1744.06
17 78 1661.56
17 79 1555.1
17 80 1422.33
17 81 1261.87
17 82 1073.37
17 83 858.089
17 84 618.859
17 85 360.604
17 86 90.134
17 87 -183.721
17 88 -450.593
17 89 -698.814
17 90 -916.283
17 91 -1091.15
17 92 -1212.72
17 93 -1272.51
17 94 -1265.09
17 95 -1188.64
17 96 -1045.7
17 97 -842.923
17 98 -591.148
17 99 -304.6
17 100 0

18 0 0
18 1 -254.829
18 2 -492.532
18 3 -697.318
18 4 -855.876
18 5 -958.429
18 6 -999.135
18 7 -976.509
18 8 -893.097
18 9 -755.034
18 10 -571.255
18 11 -352.616
18 12 -110.818
18 13 142.373
18 14 396.012
18 15 640.527
18 16 868.237
18 17 1073.37
18 18 1252.31
18 19 1403.19
18 20 1525.94
18 21 1621.68
18 22 1692.66
18 23 1741.66
18 24 1771.93
18 25 1786.79
18 26 1789.46
18 27 1782.93
18 28 1769.87
18 29 1752.6
18 30 1732.97
18 31 1712.5
18 32 1692.35
18 33 1673.33
18 34 1656.03
18 35 1640.75
18 36 1627.68
18 37 1616.79
18 38 1608.02
18 39 1601.16
18 40 1596.04
18 41 1592.37
18 42 1589.93
18 43 1588.45
18 44 1587.7
18 45 1587.45
18 46 1587.52
18 47 1587.75
18 48 1588
18 49 1588.19
18 50 1588.26
18 51 1588.19
18 52 1588
18 53 1587.75
18 54 1587.52
18 55 1587.45
18 56 1587.7
18 57 1588.45
18 58 1589.93
18 59 1592.37
18 60 1596.04
18 61 1601.16
18 62 1608.02
18 63 1616.79
18 64 1627.68
18 65 1640.75
18 66 1656.03
18 67 1673.33
18 68 1692.35
18 69 1712.5
18 70 1732.97
18 71 1752.6
18 72 1769.87
18 73 1782.93
18 74 1789.46
18 75 1786.79
18 76 1771.93
18 77 1741.66
18 78 1692.66
18 79 1621.68
18 80 1525.94
18 81 1403.19
18 82 1252.31
18 83 1073.37
18 84 868.237
18 85 640.527
18 86 396.012
18 87 142.373
18 88 -110.818
18 89 -352.616
18 90 -571.255
18 91 -755.034
18 92 -893.097
18 93 -976.509
18 94 -999.135
18 95 -958.429
18 96 -855.876
18 97 -697.318
18 98 -492.532
18 99 -254.829
18 100 0

19 0 0
19 1 -197.706
19 2 -379.805
19 3 -531.882
19 4 -642.122
19 5 -701.907
19 6 -706.58
19 7 -655.543
19 8 -551.948
19 9 -402.328
19 10 -215.652
19 11 -2.45038
19 12 226.04
19 13 458.984
19 14 686.409
19 15 900.016
19 16 1093.31
19 17 1261.87
19 18 1403.19
19 19 1516.61
19 20 1602.88
19 21 1663.97
19 22 1702.55
19 23 1721.91
19 24 1725.4
19 25 1716.43
19 26 1698.1
19 27 1673.31
19 28 1644.47
19 29 1613.62
19 30 1582.4
19 31 1552.02
19 32 1523.4
19 33 1497.14
19 34 1473.58
19 35 1452.91
19 36 1435.12
19 37 1420.11
19 38 1407.7
19 39 1397.63
19 40 1389.65
19 41 1383.47
19 42 1378.8
19 43 1375.38
19 44 1372.96
19 45 1371.31
19 46 1370.22
19 47 1369.56
19 48 1369.17
19 49 1368.98
19 50 1368.92
19 51 1368.98
19 52 1369.17
19 53 1369.56
19 54 1370.22
19 55 1371.31
19 56 1372.96
19 57 1375.38
19 58 1378.8
19 59 1383.47
19 60 1389.65
19 61 1397.63
19 62 1407.7
19 63 1420.11
19 64 1435.12
19 65 1452.91
19 66 1473.58
19 67 1497.14
19 68 1523.4
19 69 1552.02
19 70 1582.4
19 71 1613.62
19 72 1644.47
19 73 1673.31
19 74 1698.1
19 75 1716.43
19 76 1725.4
19 77 1721.91
19 78 1702.55
19 79 1663.97
19 80 1602.88
19 81 1516.61
19 82 1403.19
19 83 1261.87
19 84 1093.31
19 85 900.016
19 86 686.409
19 87 458.984
19 88 226.04
19 89 -2.45038
19 90 -215.652
19 91 -402.328
19 92 -551.948
19 93 -655.543
19 94 -706.58
19 95 -701.907
19 96 -642.122
19 97 -531.882
19 98 -379.805
19 99 -197.706
19 100 0

20 0 0
20 1 -134.359
20 2 -255.115
20 3 -349.937
20 4 -408.671
20 5 -424.302
20 6 -393.403
20 7 -316.141
20 8 -196.21
20 9 -40.112
20 10 143.55
20 11 344.92
20 12 553.867
20 13 760.695
20 14 956.934
20 15 1135.63
20 16 1291.81
20 17 1422.33
20 18 1525.94
20 19 1602.88
20 20 1654.78
20 21 1684.09
20 22 1693.95
20 23 1687.68
20 24 1668.75
20 25 1640.39
20 26 1605.56
20 27 1566.79
20 28 1526.27
20 29 1485.68
20 30 1446.35
20 31 1409.24
20 32 1374.99
20 33 1343.96
20 34 1316.36
20 35 1292.17
20 36 1271.31
20 37 1253.55
20 38 1238.68
20 39 1226.38
20 40 1216.37
20 41 1208.34
20 42 1202.01
20 43 1197.1
20 44 1193.37
20 45 1190.59
20 46 1188.58
20 47 1187.18
20 48 1186.27
20 49 1185.76
20 50 1185.59
20 51 1185.76
20 52 1186.27
20 53 1187.18
20 54 1188.58
20 55 1190.59
20 56 1193.37
20 57 1197.1
20 58 1202.01
20 59 1208.34
20 60 1216.37
20 61 1226.38
20 62 1238.68
20 63 1253.55
20 64 1271.31
20 65 1292.17
20 66 1316.36
20 67 1343.96
20 68 1374.99
20 69 1409.24
20 70 1446.35
20 71 1485.68
20 72 1526.27
20 73 1566.79
20 74 1605.56
20 75 1640.39
20 76 1668.75
20 77 1687.68
20 78 1693.95
20 79 1684.09
20 80 1654.78
20 81 1602.88
20 82 1525.94
20 83 1422.33
20 84 1291.81
20 85 1135.63
20 86 956.934
20 87 760.695
20 88 553.867
20 89 344.92
20 90 143.55
20 91 -40.112
20 92 -196.21
20 93 -316.141
20 94 -393.403
20 95 -424.302
20 96 -408.671
20 97 -349.937
20 98 -255.115
20 99 -134.359
20 100 0

21 0 0
21 1 -66.0207
21 2 -121.001
21 3 -155.061
21 4 -160.163
21 5 -131.111
21 6 -65.7111
21 7 35.0714
21 8 167.362
21 9 324.954
21 10 500.008
21 11 683.825
21 12 867.689
21 13 1043.57
21 14 1204.61
21 15 1345.61
21 16 1463
21 17 1555.1
21 18 1621.68
21 19 1663.97
21 20 1684.09
21 21 1684.98
21 22 1669.84
21 23 1642.07
21 24 1604.92
21 25 1561.38
21 26 1514.08
21 27 1465.23
21 28 1416.59
21 29 1369.55
21 30 1325.1
21 31 1283.9
21 32 1246.34
21 33 1212.64
21 34 1182.75
21 35 1156.63
21 36 1134.01
21 37 1114.68
21 38 1098.32
21 39 1084.64
21 40 1073.3
21 41 1064.03
21 42 1056.53
21 43 1050.55
21 44 1045.84
21 45 1042.21
21 46 1039.48
21 47 1037.52
21 48 1036.19
21 49 1035.42
21 50 1035.17
21 51 1035.42
21 52 1036.19
21 53 1037.52
21 54 1039.48
21 55 1042.21
21 56 1045.84
21 57 1050.55
21 58 1056.53
21 59 1064.03
21 60 1073.3
21 61 1084.64
21 62 1098.32
21 63 1114.68
21 64 1134.01
21 65 1156.63
21 66 1182.75
21 67 1212.64
21 68 1246.34
21 69 1283.9
21 70 1325.1
21 71 1369.55
21 72 1416.59
21 73 1465.23
21 74 1514.08
21 75 1561.38
21 76 1604.92
21 77 1642.07
21 78 1669.84
21 79 1684.98
21 80 1684.09
21 81 1663.97
21 82 1621.68
21 83 1555.1
21 84 1463
21 85 1345.61
21 86 1204.61
21 87 1043.57
21 88 867.689
21 89 683.825
21 90 500.008
21 91 324.954
21 92 167.362
21 93 35.0714
21 94 -65.7111
21 95 -131.111
21 96 -160.163
21 97 -155.061
21 98 -121.001
21 99 -66.0207
21 100 0

22 0 0
22 1 5.98395
22 2 19.9159
22 3 48.9709
22 4 98.55
22 5 172.08
22 6 270.33
22 7 391.728
22 8 532.43
22 9 686.824
22 10 848.255
22 11 1009.55
22 12 1163.82
22 13 1304.92
22 14 1427.94
22 15 1529.42
22 16 1607.44
22 17 1661.56
22 18 1692.66
22 19 1702.55
22 20 1693.95
22 21 1669.84
22 22 1633.53
22 23 1588.11
22 24 1536.64
22 25 1481.69
22 26 1425.49
22 27 1369.83
22 28 1316.1
22 29 1265.31
22 30 1218.12
22 31 1174.97
22 32 1135.98
22 33 1101.18
22 34 1070.45
22 35 1043.56
22 36 1020.28
22 37 1000.25
22 38 983.205
22 39 968.784
22 40 956.726
22 41 946.693
22 42 938.468
22 43 931.759
22 44 926.403
22 45 922.162
22 46 918.93
22 47 916.527
22 48 914.904
22 49 913.938
22 50 913.638
22 51 913.938
22 52 914.904
22 53 916.527
22 54 918.93
22 55 922.162
22 56 926.403
22 57 931.759
22 58 938.468
22 59 946.693
22 60 956.726
22 61 968.784
22 62 983.205
22 63 1000.25
22 64 1020.28
22 65 1043.56
22 66 1070.45
22 67 1101.18
22 68 1135.98
22 69 1174.97
22 70 1218.12
22 71 1265.31
22 72 1316.1
22 73 1369.83
22 74 1425.49
22 75 1481.69
22 76 1536.64
22 77 1588.11
22 78 1633.53
22 79 1669.84
22 80 1693.95
22 81 1702.55
22 82 1692.66
22 83 1661.56
22 84 1607.44
22 85 1529.42
22 86 1427.94
22 87 1304.92
22 88 1163.82
22 89 1009.55
22 90 848.255
22 91 686.824
22 92 532.43
22 93 391.728
22 94 270.33
22 95 172.08
22 96 98.55
22 97 48.9709
22 98 19.9159
22 99 5.98395
22 100 0

23 0 0
23 1 80.2063
23 2 164.988
23 3 258.211
23 4 362.743
23 5 479.758
23 6 608.858
23 7 747.857
23 8 893.202
23 9 1040.23
23 10 1183.72
23 11 1318.46
23 12 1439.61
23 13 1543.24
23 14 1626.48
23 15 1687.74
23 16 1726.66
23 17 1744.06
23 18 1741.66
23 19 1721.91
23 20 1687.68
23 21 1642.07
23 22 1588.11
23 23 1528.7
23 24 1466.32
23 25 1403.23
23 26 1341.12
23 27 1281.39
23 28 1224.96
23 29 1172.56
23 30 1124.52
23 31 1080.99
23 32 1041.96
23 33 1007.28
23 34 976.714
23 35 949.988
23 36 926.768
23 37 906.744
23 38 889.578
23 39 874.965
23 40 862.607
23 41 852.236
23 42 843.605
23 43 836.498
23 44 830.718
23 45 826.107
23 46 822.517
23 47 819.845
23 48 817.995
23 49 816.913
23 50 816.553
23 51 816.913
23 52 817.995
23 53 819.845
23 54 822.517
23 55 826.107
23 56 830.718
23 57 836.498
23 58 843.605
23 59 852.236
23 60 862.607
23 61 874.965
23 62 889.578
23 63 906.744
23 64 926.768
23 65 949.988
23 66 976.714
23 67 1007.28
23 68 1041.96
23 69 1080.99
23 70 1124.52
23 71 1172.56
23 72 1224.96
23 73 1281.39
23 74 1341.12
23 75 1403.23
23 76 1466.32
23 77 1528.7
23 78 1588.11
23 79 1642.07
23 80 1687.68
23 81 1721.91
23 82 1741.66
23 83 1744.06
23 84 1726.66
23 85 1687.74
23 86 1626.48
23 87 1543.24
23 88 1439.61
23 89 1318.46
23 90 1183.72
23 91 1040.23
23 92 893.202
23 93 747.857
23 94 608.858
23 95 479.758
23 96 362.743
23 97 258.211
23 98 164.988
23 99 80.2063
23 100 0

24 0 0
24 1 155.331
24 2 311.502
24 3 468.997
24 4 627.714
24 5 786.773
24 6 944.371
24 7 1098.04
24 8 1244.6
24 9 1380.67
24 10 1502.8
24 11 1607.91
24 12 1693.55
24 13 1758.05
24 14 1800.79
24 15 1822.01
24 16 1822.9
24 17 1805.37
24 18 1771.93
24 19 1725.4
24 20 1668.75
24 21 1604.92
24 22 1536.64
24 23 1466.32
24 24 1396.07
24 25 1327.5
24 26 1261.94
24 27 1200.23
24 28 1143.01
24 29 1090.56
24 30 1043.01
24 31 1000.28
24 32 962.181
24 33 928.45
24 34 898.774
24 35 872.8
24 36 850.211
24 37 830.64
24 38 813.792
24 39 799.345
24 40 787.041
24 41 776.619
24 42 767.868
24 43 760.583
24 44 754.606
24 45 749.781
24 46 745.999
24 47 743.153
24 48 741.177
24 49 740.008
24 50 739.626
24 51 740.008
24 52 741.177
24 53 743.153
24 54 745.999
24 55 749.781
24 56 754.606
24 57 760.583
24 58 767.868
24 59 776.619
24 60 787.041
24 61 799.345
24 62 813.792
24 63 830.64
24 64 850.211
24 65 872.8
24 66 898.774
24 67 928.45
24 68 962.181
24 69 1000.28
24 70 1043.01
24 71 1090.56
24 72 1143.01
24 73 1200.23
24 74 1261.94
24 75 1327.5
24 76 1396.07
24 77 1466.32
24 78 1536.64
24 79 1604.92
24 80 1668.75
24 81 1725.4
24 82 1771.93
24 83 1805.37
24 84 1822.9
24 85 1822.01
24 86 1800.79
24 87 1758.05
24 88 1693.55
24 89 1607.91
24 90 1502.8
24 91 1380.67
24 92 1244.6
24 93 1098.04
24 94 944.371
24 95 786.773
24 96 627.714
24 97 468.997
24 98 311.502
24 99 155.331
24 100 0

25 0 0
25 1 230.053
25 2 457.007
25 3 677.777
25 4 889.227
25 5 1088.29
25 6 1271.98
25 7 1437.48
25 8 1582.37
25 9 1704.58
25 10 1802.77
25 11 1876.18
25 12 1924.9
25 13 1949.7
25 14 1952.11
25 15 1934.29
25 16 1898.79
25 17 1848.61
25 18 1786.79
25 19 1716.43
25 20 1640.39
25 21 1561.38
25 22 1481.69
25 23 1403.23
25 24 1327.5
25 25 1255.67
25 26 1188.51
25 27 1126.47
25 28 1069.76
25 29 1018.42
25 30 972.287
25 31 931.116
25 32 894.586
25 33 862.34
25 34 833.979
25 35 809.182
25 36 787.526
25 37 768.745
25 38 752.465
25 39 738.458
25 40 726.424
25 41 716.18
25 42 707.493
25 43 700.221
25 44 694.193
25 45 689.304
25 46 685.434
25 47 682.515
25 48 680.469
25 49 679.264
25 50 678.861
25 51 679.264
25 52 680.469
25 53 682.515
25 54 685.434
25 55 689.304
25 56 694.193
25 57 700.221
25 58 707.493
25 59 716.18
25 60 726.424
25 61 738.458
25 62 752.465
25 63 768.745
25 64 787.526
25 65 809.182
25 66 833.979
25 67 862.34
25 68 894.586
25 69 931.116
25 70 972.287
25 71 1018.42
25 72 1069.76
25 73 1126.47
25 74 1188.51
25 75 1255.67
25 76 1327.5
25 77 1403.23
25 78 1481.69
25 79 1561.38
25 80 1640.39
25 81 1716.43
25 82 1786.79
25 83 1848.61
25 84 1898.79
25 85 1934.29
25 86 1952.11
25 87 1949.7
25 88 1924.9
25 89 1876.18
25 90 1802.77
25 91 1704.58
25 92 1582.37
25 93 1437.48
25 94 1271.98
25 95 1088.29
25 96 889.227
25 97 677.777
25 98 457.007
25 99 230.053
25 100 0

26 0 0
26 1 303.176
26 2 599.236
26 3 881.368
26 4 1143.44
26 5 1380.16
26 6 1587.4
26 7 1762.21
26 8 1902.93
26 9 2009.21
26 10 2081.75
26 11 2122.41
26 12 2133.77
26 13 2119.15
26 14 2082.23
26 15 2026.95
26 16 1957.24
26 17 1876.88
26 18 1789.46
26 19 1698.1
26 20 1605.56
26 21 1514.08
26 22 1425.49
26 23 1341.12
26 24 1261.94
26 25 1188.51
26 26 1121.16
26 27 1059.92
26 28 1004.68
26 29 955.159
26 30 911.019
26 31 871.875
26 32 837.258
26 33 806.784
26 34 780.009
26 35 756.548
26 36 736.063
26 37 718.194
26 38 702.685
26 39 689.236
26 40 677.656
26 41 667.703
26 42 659.244
26 43 652.086
26 44 646.147
26 45 641.274
26 46 637.424
26 47 634.48
26 48 632.435
26 49 631.204
26 50 630.812
26 51 631.204
26 52 632.435
26 53 634.48
26 54 637.424
26 55 641.274
26 56 646.147
26 57 652.086
26 58 659.244
26 59 667.703
26 60 677.656
26 61 689.236
26 62 702.685
26 63 718.194
26 64 736.063
26 65 756.548
26 66 780.009
26 67 806.784
26 68 837.258
26 69 871.875
26 70 911.019
26 71 955.159
26 72 1004.68
26 73 1059.92
26 74 1121.16
26 75 1188.51
26 76 1261.94
26 77 1341.12
26 78 1425.49
26 79 1514.08
26 80 1605.56
26 81 1698.1
26 82 1789.46
26 83 1876.88
26 84 1957.24
26 85 2026.95
26 86 2082.23
26 87 2119.15
26 88 2133.77
26 89 2122.41
26 90 2081.75
26 91 2009.21
26 92 1902.93
26 93 1762.21
26 94 1587.4
26 95 1380.16
26 96 1143.44
26 97 881.368
26 98 599.236
26 99 303.176
26 100 0

27 0 0
27 1 373.693
27 2 736.199
27 3 1077.05
27 4 1387.03
27 5 1658.8
27 6 1887.1
27 7 2068.97
27 8 2203.68
27 9 2292.57
27 10 2338.66
27 11 2346.31
27 12 2320.81
27 13 2267.82
27 14 2193.23
27 15 2102.58
27 16 2001.07
27 17 1893.23
27 18 1782.93
27 19 1673.31
27 20 1566.79
27 21 1465.23
27 22 1369.83
27 23 1281.39
27 24 1200.23
27 25 1126.47
27 26 1059.92
27 27 1000.26
27 28 947.049
27 29 899.793
27 30 857.966
27 31 821.035
27 32 788.532
27 33 759.926
27 34 734.82
27 35 712.806
27 36 693.523
27 37 676.682
27 38 661.98
27 39 649.206
27 40 638.125
27 41 628.584
27 42 620.402
27 43 613.476
27 44 607.669
27 45 602.915
27 46 599.111
27 47 596.225
27 48 594.184
27 49 592.984
27 50 592.576
27 51 592.984
27 52 594.184
27 53 596.225
27 54 599.111
27 55 602.915
27 56 607.669
27 57 613.476
27 58 620.402
27 59 628.584
27 60 638.125
27 61 649.206
27 62 661.98
27 63 676.682
27 64 693.523
27 65 712.806
27 66 734.82
27 67 759.926
27 68 788.532
27 69 821.035
27 70 857.966
27 71 899.793
27 72 947.049
27 73 1000.26
27 74 1059.92
27 75 1126.47
27 76 1200.23
27 77 1281.39
27 78 1369.83
27 79 1465.23
27 80 1566.79
27 81 1673.31
27 82 1782.93
27 83 1893.23
27 84 2001.07
27 85 2102.58
27 86 2193.23
27 87 2267.82
27 88 2320.81
27 89 2346.31
27 90 2338.66
27 91 2292.57
27 92 2203.68
27 93 2068.97
27 94 1887.1
27 95 1658.8
27 96 1387.03
27 97 1077.05
27 98 736.199
27 99 373.693
27 100 0

28 0 0
28 1 440.696
28 2 866.222
28 3 1262.48
28 4 1617.33
28 5 1921.34
28 6 2168.33
28 7 2355.34
28 8 2482.69
28 9 2553.47
28 10 2573.03
28 11 2548.28
28 12 2487.05
28 13 2397.44
28 14 2287.27
28 15 2163.75
28 16 2033.07
28 17 1900.43
28 18 1769.87
28 19 1644.47
28 20 1526.27
28 21 1416.59
28 22 1316.1
28 23 1224.96
28 24 1143.01
28 25 1069.76
28 26 1004.68
28 27 947.049
28 28 896.197
28 29 851.372
28 30 811.968
28 31 777.336
28 32 746.905
28 33 720.202
28 34 696.736
28 35 676.146
28 36 658.079
28 37 642.245
28 38 628.388
28 39 616.294
28 40 605.766
28 41 596.658
28 42 588.82
28 43 582.153
28 44 576.546
28 45 571.934
28 46 568.24
28 47 565.422
28 48 563.433
28 49 562.253
28 50 561.86
28 51 562.253
28 52 563.433
28 53 565.422
28 54 568.24
28 55 571.934
28 56 576.546
28 57 582.153
28 58 588.82
28 59 596.658
28 60 605.766
28 61 616.294
28 62 628.388
28 63 642.245
28 64 658.079
28 65 676.146
28 66 696.736
28 67 720.202
28 68 746.905
28 69 777.336
28 70 811.968
28 71 851.372
28 72 896.197
28 73 947.049
28 74 1004.68
28 75 1069.76
28 76 1143.01
28 77 1224.96
28 78 1316.1
28 79 1416.59
28 80 1526.27
28 81 1644.47
28 82 1769.87
28 83 1900.43
28 84 2033.07
28 85 2163.75
28 86 2287.27
28 87 2397.44
28 88 2487.05
28 89 2548.28
28 90 2573.03
28 91 2553.47
28 92 2482.69
28 93 2355.34
28 94 2168.33
28 95 1921.34
28 96 1617.33
28 97 1262.48
28 98 866.222
28 99 440.696
28 100 0

29 0 0
29 1 503.508
29 2 987.993
29 3 1435.87
29 4 1832.18
29 5 2165.61
29 6 2429.02
29 7 2619.64
29 8 2738.79
29 9 2791.39
29 10 2784.99
29 11 2729.07
29 12 2633.9
29 13 2509.85
29 14 2366.64
29 15 2212.86
29 16 2055.74
29 17 1900.91
29 18 1752.6
29 19 1613.62
29 20 1485.68
29 21 1369.55
29 22 1265.31
29 23 1172.56
29 24 1090.56
29 25 1018.42
29 26 955.159
29 27 899.793
29 28 851.372
29 29 809.05
29 30 772.011
29 31 739.596
29 32 711.197
29 33 686.27
29 34 664.382
29 35 645.151
29 36 628.231
29 37 613.383
29 38 600.331
29 39 588.916
29 40 578.937
29 41 570.279
29 42 562.799
29 43 556.417
29 44 551.033
29 45 546.591
29 46 543.025
29 47 540.299
29 48 538.373
29 49 537.229
29 50 536.847
29 51 537.229
29 52 538.373
29 53 540.299
29 54 543.025
