0 0 0
0 1 0
0 2 0
0 3 0
0 4 0
0 5 0
0 6 0
0 7 0
0 8 0
0 9 0
0 10 0
0 11 0
0 12 0
0 13 0
0 14 0
0 15 0
0 16 0
0 17 0
0 18 0
0 19 0
0 20 0
0 21 0
0 22 0
0 23 0
0 24 0
0 25 0
0 26 0
0 27 0
0 28 0
0 29 0
0 30 0
0 31 0
0 32 0
0 33 0
0 34 0
0 35 0
0 36 0
0 37 0
0 38 0
0 39 0
0 40 0
0 41 0
0 42 0
0 43 0
0 44 0
0 45 0
0 46 0
0 47 0
0 48 0
0 49 0
0 50 0
0 51 0
0 52 0
0 53 0
0 54 0
0 55 0
0 56 0
0 57 0
0 58 0
0 59 0
0 60 0
0 61 0
0 62 0
0 63 0
0 64 0
0 65 0
0 66 0
0 67 0
0 68 0
0 69 0
0 70 0
0 71 0
0 72 0
0 73 0
0 74 0
0 75 0
0 76 0
0 77 0
0 78 0
0 79 0
0 80 0
0 81 0
0 82 0
0 83 0
0 84 0
0 85 0
0 86 0
0 87 0
0 88 0
0 89 0
0 90 0
0 91 0
0 92 0
0 93 0
0 94 0
0 95 0
0 96 0
0 97 0
0 98 0
0 99 0
0 100 0

1 0 0
1 1 1.64191
1 2 3.31238
1 3 5.03236
1 4 6.83823
1 5 8.75281
1 6 10.8137
1 7 13.0548
1 8 15.5115
1 9 18.2265
1 10 21.2348
1 11 24.5746
1 12 28.2733
1 13 32.3468
1 14 36.7866
1 15 41.5601
1 16 46.5772
1 17 51.7092
1 18 56.738
1 19 61.3748
1 20 65.2355
1 21 67.8349
1 22 68.6087
1 23 66.911
1 24 62.0689
1 25 53.4022
1 26 40.3306
1 27 22.4022
1 28 -0.569872
1 29 -28.4368
1 30 -60.6468
1 31 -96.1721
1 32 -133.512
1 33 -170.689
1 34 -205.379
1 35 -234.998
1 36 -256.94
1 37 -268.796
1 38 -268.613
1 39 -255.091
1 40 -227.864
1 41 -187.582
1 42 -135.976
1 43 -75.7957
1 44 -10.6803
1 45 55.1312
1 46 117.112
1 47 170.843
1 48 212.387
1 49 238.645
1 50 247.625
1 51 238.645
1 52 212.387
1 53 170.843
1 54 117.112
1 55 55.1312
1 56 -10.6803
1 57 -75.7957
1 58 -135.976
1 59 -187.582
1 60 -227.864
1 61 -255.091
1 62 -268.613
1 63 -268.796
1 64 -256.94
1 65 -234.998
1 66 -205.379
1 67 -170.689
1 68 -133.512
1 69 -96.1721
1 70 -60.6468
1 71 -28.4368
1 72 -0.569872
1 73 22.4022
1 74 40.3306
1 75 53.4022
1 76 62.0689
1 77 66.911
1 78 68.6087
1 79 67.8349
1 80 65.2355
1 81 61.3748
1 82 56.738
1 83 51.7092
1 84 46.5772
1 85 41.5601
1 86 36.7866
1 87 32.3468
1 88 28.2733
1 89 24.5746
1 90 21.2348
1 91 18.2265
1 92 15.5115
1 93 13.0548
1 94 10.8137
1 95 8.75281
1 96 6.83823
1 97 5.03236
1 98 3.31238
1 99 1.64191
1 100 0

2 0 0
2 1 3.31238
2 2 6.68155
2 3 10.1502
2 4 13.7904
2 5 17.6483
2 6 21.8
2 7 26.3119
2 8 31.2577
2 9 36.7192
2 10 42.7682
2 11 49.4751
2 12 56.8935
2 13 65.0457
2 14 73.9115
2 15 83.4135
2 16 93.369
2 17 103.509
2 18 113.399
2 19 122.45
2 20 129.907
2 21 134.779
2 22 135.975
2 23 132.192
2 24 122.105
2 25 104.422
2 26 77.9568
2 27 41.8937
2 28 -4.10888
2 29 -59.7646
2 30 -123.907
2 31 -194.488
2 32 -268.521
2 33 -342.088
2 34 -410.545
2 35 -468.824
2 36 -511.79
2 37 -534.7
2 38 -533.705
2 39 -506.295
2 40 -451.768
2 41 -371.433
2 42 -268.733
2 43 -149.144
2 44 -19.882
2 45 110.682
2 46 233.602
2 47 340.137
2 48 422.477
2 49 474.504
2 50 492.29
2 51 474.504
2 52 422.477
2 53 340.137
2 54 233.602
2 55 110.682
2 56 -19.882
2 57 -149.144
2 58 -268.733
2 59 -371.433
2 60 -451.768
2 61 -506.295
2 62 -533.705
2 63 -534.7
2 64 -511.79
2 65 -468.824
2 66 -410.545
2 67 -342.088
2 68 -268.521
2 69 -194.488
2 70 -123.907
2 71 -59.7646
2 72 -4.10888
2 73 41.8937
2 74 77.9568
2 75 104.422
2 76 122.105
2 77 132.192
2 78 135.975
2 79 134.779
2 80 129.907
2 81 122.45
2 82 113.399
2 83 103.509
2 84 93.369
2 85 83.4135
2 86 73.9115
2 87 65.0457
2 88 56.8935
2 89 49.4751
2 90 42.7682
2 91 36.7192
2 92 31.2577
2 93 26.3119
2 94 21.8
2 95 17.6483
2 96 13.7904
2 97 10.1502
2 98 6.68155
2 99 3.31238
2 100 0

3 0 0
3 1 5.03236
3 2 10.1502
3 3 15.4235
3 4 20.9556
3 5 26.8226
3 6 33.1329
3 7 39.9886
3 8 47.4944
3 9 55.7715
3 10 64.9181
3 11 75.0375
3 12 86.1956
3 13 98.4208
3 14 111.666
3 15 125.8
3 16 140.534
3 17 155.444
3 18 169.858
3 19 182.893
3 20 193.387
3 21 199.909
3 22 200.79
3 23 194.163
3 24 178.092
3 25 150.656
3 26 110.245
3 27 55.6548
3 28 -13.5372
3 29 -96.7626
3 30 -192.285
3 31 -296.993
3 32 -406.418
3 33 -514.748
3 34 -615.197
3 35 -700.268
3 36 -762.447
3 37 -794.819
3 38 -791.813
3 39 -749.797
3 40 -667.822
3 41 -547.903
3 42 -395.175
3 43 -217.727
3 44 -26.1918
3 45 167.059
3 46 348.843
3 47 506.296
3 48 627.967
3 49 704.834
3 50 731.119
3 51 704.834
3 52 627.967
3 53 506.296
3 54 348.843
3 55 167.059
3 56 -26.1918
3 57 -217.727
3 58 -395.175
3 59 -547.903
3 60 -667.822
3 61 -749.797
3 62 -791.813
3 63 -794.819
3 64 -762.447
3 65 -700.268
3 66 -615.197
3 67 -514.748
3 68 -406.418
3 69 -296.993
3 70 -192.285
3 71 -96.7626
3 72 -13.5372
3 73 55.6548
3 74 110.245
3 75 150.656
3 76 178.092
3 77 194.163
3 78 200.79
3 79 199.909
3 80 193.387
3 81 182.893
3 82 169.858
3 83 155.444
3 84 140.534
3 85 125.8
3 86 111.666
3 87 98.4208
3 88 86.1956
3 89 75.0375
3 90 64.9181
3 91 55.7715
3 92 47.4944
3 93 39.9886
3 94 33.1329
3 95 26.8226
3 96 20.9556
3 97 15.4235
3 98 10.1502
3 99 5.03236
3 100 0

4 0 0
4 1 6.83823
4 2 13.7904
4 3 20.9556
4 4 28.4675
4 5 36.4326
4 6 44.9941
4 7 54.2845
4 8 64.4465
4 9 75.6281
4 10 87.9599
4 11 101.558
4 12 116.499
4 13 132.789
4 14 150.345
4 15 168.951
4 16 188.202
4 17 207.487
4 18 225.904
4 19 242.239
4 20 254.972
4 21 262.17
4 22 261.702
4 23 251.111
4 24 227.915
4 25 189.75
4 26 134.522
4 27 60.8802
4 28 -31.5958
4 29 -142.075
4 30 -268.085
4 31 -405.483
4 32 -548.358
4 33 -689.124
4 34 -818.874
4 35 -927.975
4 36 -1006.73
4 37 -1046.29
4 38 -1039.52
4 39 -981.898
4 40 -872.331
4 41 -713.551
4 42 -512.339
4 43 -279.306
4 44 -28.3208
4 45 224.545
4 46 462.17
4 47 667.85
4 48 826.689
4 49 926.997
4 50 961.283
4 51 926.997
4 52 826.689
4 53 667.85
4 54 462.17
4 55 224.545
4 56 -28.3208
4 57 -279.306
4 58 -512.339
4 59 -713.551
4 60 -872.331
4 61 -981.898
4 62 -1039.52
4 63 -1046.29
4 64 -1006.73
4 65 -927.975
4 66 -818.874
4 67 -689.124
4 68 -548.358
4 69 -405.483
4 70 -268.085
4 71 -142.075
4 72 -31.5958
4 73 60.8802
4 74 134.522
4 75 189.75
4 76 227.915
4 77 251.111
4 78 261.702
4 79 262.17
4 80 254.972
4 81 242.239
4 82 225.904
4 83 207.487
4 84 188.202
4 85 168.951
4 86 150.345
4 87 132.789
4 88 116.499
4 89 101.558
4 90 87.9599
4 91 75.6281
4 92 64.4465
4 93 54.2845
4 94 44.9941
4 95 36.4326
4 96 28.4675
4 97 20.9556
4 98 13.7904
4 99 6.83823
4 100 0

5 0 0
5 1 8.75281
5 2 17.6483
5 3 26.8226
5 4 36.4326
5 5 46.6252
5 6 57.5678
5 7 69.4293
5 8 82.3764
5 9 96.5851
5 10 112.198
5 11 129.344
5 12 148.081
5 13 168.391
5 14 190.122
5 15 212.96
5 16 236.35
5 17 259.48
5 18 281.179
5 19 299.926
5 20 313.774
5 21 320.422
5 22 317.189
5 23 301.2
5 24 269.508
5 25 219.297
5 26 148.308
5 27 55.0085
5 28 -60.8716
5 29 -198.018
5 30 -353.299
5 31 -521.463
5 32 -695.204
5 33 -865.251
5 34 -1020.89
5 35 -1150.48
5 36 -1242.44
5 37 -1286.26
5 38 -1273.57
5 39 -1199.12
5 40 -1061.82
5 41 -865.185
5 42 -617.594
5 43 -331.982
5 44 -25.1596
5 45 283.366
5 46 572.904
5 47 823.26
5 48 1016.5
5 49 1138.48
5 50 1180.18
5 51 1138.48
5 52 1016.5
5 53 823.26
5 54 572.904
5 55 283.366
5 56 -25.1596
5 57 -331.982
5 58 -617.594
5 59 -865.185
5 60 -1061.82
5 61 -1199.12
5 62 -1273.57
5 63 -1286.26
5 64 -1242.44
5 65 -1150.48
5 66 -1020.89
5 67 -865.251
5 68 -695.204
5 69 -521.463
5 70 -353.299
5 71 -198.018
5 72 -60.8716
5 73 55.0085
5 74 148.308
5 75 219.297
5 76 269.508
5 77 301.2
5 78 317.189
5 79 320.422
5 80 313.774
5 81 299.926
5 82 281.179
5 83 259.48
5 84 236.35
5 85 212.96
5 86 190.122
5 87 168.391
5 88 148.081
5 89 129.344
5 90 112.198
5 91 96.5851
5 92 82.3764
5 93 69.4293
5 94 57.5678
5 95 46.6252
5 96 36.4326
5 97 26.8226
5 98 17.6483
5 99 8.75281
5 100 0

6 0 0
6 1 10.8137
6 2 21.8
6 3 33.1329
6 4 44.9941
6 5 57.5678
6 6 71.0495
6 7 85.6328
6 8 101.516
6 9 118.88
6 10 137.885
6 11 158.638
6 12 181.178
6 13 205.419
6 14 231.127
6 15 257.846
6 16 284.859
6 17 311.107
6 18 335.161
6 19 355.143
6 20 368.77
6 21 373.282
6 22 365.644
6 23 342.539
6 24 300.667
6 25 237.026
6 26 149.128
6 27 35.5954
6 28 -103.589
6 29 -266.627
6 30 -449.516
6 31 -645.985
6 32 -847.375
6 33 -1042.94
6 34 -1220.26
6 35 -1366.09
6 36 -1467.27
6 37 -1511.97
6 38 -1490.83
6 39 -1398.22
6 40 -1233.15
6 41 -999.991
6 42 -708.597
6 43 -374.055
6 44 -15.8341
6 45 343.569
6 46 680.303
6 47 971.148
6 48 1195.44
6 49 1336.97
6 50 1385.32
6 51 1336.97
6 52 1195.44
6 53 971.148
6 54 680.303
6 55 343.569
6 56 -15.8341
6 57 -374.055
6 58 -708.597
6 59 -999.991
6 60 -1233.15
6 61 -1398.22
6 62 -1490.83
6 63 -1511.97
6 64 -1467.27
6 65 -1366.09
6 66 -1220.26
6 67 -1042.94
6 68 -847.375
6 69 -645.985
6 70 -449.516
6 71 -266.627
6 72 -103.589
6 73 35.5954
6 74 149.128
6 75 237.026
6 76 300.667
6 77 342.539
6 78 365.644
6 79 373.282
6 80 368.77
6 81 355.143
6 82 335.161
6 83 311.107
6 84 284.859
6 85 257.846
6 86 231.127
6 87 205.419
6 88 181.178
6 89 158.638
6 90 137.885
6 91 118.88
6 92 101.516
6 93 85.6328
6 94 71.0495
6 95 57.5678
6 96 44.9941
6 97 33.1329
6 98 21.8
6 99 10.8137
6 100 0

7 0 0
7 1 13.0548
7 2 26.3119
7 3 39.9886
7 4 54.2845
7 5 69.4293
7 6 85.6328
7 7 103.12
7 8 122.101
7 9 142.762
7 10 165.252
7 11 189.653
7 12 215.941
7 13 243.955
7 14 273.33
7 15 303.453
7 16 333.396
7 17 361.853
7 18 387.087
7 19 406.917
7 20 418.653
7 21 419.256
7 22 405.255
7 23 373.106
7 24 319.286
7 25 240.622
7 26 134.788
7 27 0.535593
7 28 -161.694
7 29 -349.419
7 30 -557.855
7 31 -779.618
7 32 -1004.86
7 33 -1221.48
7 34 -1415.71
7 35 -1572.95
7 36 -1678.89
7 37 -1720.7
7 38 -1688.44
7 39 -1576.29
7 40 -1383.6
7 41 -1115.56
7 42 -783.451
7 43 -404.255
7 44 0.279986
7 45 405.065
7 46 783.619
7 47 1110.13
7 48 1361.71
7 49 1520.34
7 50 1574.55
7 51 1520.34
7 52 1361.71
7 53 1110.13
7 54 783.619
7 55 405.065
7 56 0.279986
7 57 -404.255
7 58 -783.451
7 59 -1115.56
7 60 -1383.6
7 61 -1576.29
7 62 -1688.44
7 63 -1720.7
7 64 -1678.89
7 65 -1572.95
7 66 -1415.71
7 67 -1221.48
7 68 -1004.86
7 69 -779.618
7 70 -557.855
7 71 -349.419
7 72 -161.694
7 73 0.535593
7 74 134.788
7 75 240.622
7 76 319.286
7 77 373.106
7 78 405.255
7 79 419.256
7 80 418.653
7 81 406.917
7 82 387.087
7 83 361.853
7 84 333.396
7 85 303.453
7 86 273.33
7 87 243.955
7 88 215.941
7 89 189.653
7 90 165.252
7 91 142.762
7 92 122.101
7 93 103.12
7 94 85.6328
7 95 69.4293
7 96 54.2845
7 97 39.9886
7 98 26.3119
7 99 13.0548
7 100 0

8 0 0
8 1 15.5115
8 2 31.2577
8 3 47.4944
8 4 64.4465
8 5 82.3764
8 6 101.516
8 7 122.101
8 8 144.354
8 9 168.437
8 10 194.488
8 11 222.515
8 12 252.431
8 13 283.944
8 14 316.548
8 15 349.424
8 16 381.421
8 17 410.942
8 18 435.97
8 19 453.964
8 20 461.964
8 21 456.565
8 22 434.111
8 23 390.847
8 24 323.168
8 25 228.037
8 26 103.254
8 27 -51.9513
8 28 -236.596
8 29 -447.471
8 30 -678.845
8 31 -922.383
8 32 -1167.08
8 33 -1399.78
8 34 -1605.61
8 35 -1769.04
8 36 -1874.92
8 37 -1909.91
8 38 -1863.78
8 39 -1730.84
8 40 -1510.87
8 41 -1209.99
8 42 -840.721
8 43 -421.675
8 44 23.491
8 45 467.612
8 46 882.037
8 47 1238.95
8 48 1513.66
8 49 1686.78
8 50 1745.91
8 51 1686.78
8 52 1513.66
8 53 1238.95
8 54 882.037
8 55 467.612
8 56 23.491
8 57 -421.675
8 58 -840.721
8 59 -1209.99
8 60 -1510.87
8 61 -1730.84
8 62 -1863.78
8 63 -1909.91
8 64 -1874.92
8 65 -1769.04
8 66 -1605.61
8 67 -1399.78
8 68 -1167.08
8 69 -922.383
8 70 -678.845
8 71 -447.471
8 72 -236.596
8 73 -51.9513
8 74 103.254
8 75 228.037
8 76 323.168
8 77 390.847
8 78 434.111
8 79 456.565
8 80 461.964
8 81 453.964
8 82 435.97
8 83 410.942
8 84 381.421
8 85 349.424
8 86 316.548
8 87 283.944
8 88 252.431
8 89 222.515
8 90 194.488
8 91 168.437
8 92 144.354
8 93 122.101
8 94 101.516
8 95 82.3764
8 96 64.4465
8 97 47.4944
8 98 31.2577
8 99 15.5115
8 100 0

9 0 0
9 1 18.2265
9 2 36.7192
9 3 55.7715
9 4 75.6281
9 5 96.5851
9 6 118.88
9 7 142.762
9 8 168.437
9 9 196.047
9 10 225.671
9 11 257.246
9 12 290.56
9 13 325.186
9 14 360.412
9 15 395.208
9 16 428.145
9 17 457.357
9 18 480.5
9 19 494.78
9 20 496.901
9 21 483.313
9 22 450.144
9 23 393.641
9 24 310.303
9 25 197.276
9 26 52.8547
9 27 -123.239
9 28 -329.269
9 29 -561.204
9 30 -812.442
9 31 -1073.64
9 32 -1332.95
9 33 -1576.28
9 34 -1788.05
9 35 -1952.13
9 36 -2053.03
9 37 -2077.21
9 38 -2014.58
9 39 -1859.77
9 40 -1613.22
9 41 -1281.89
9 42 -879.43
9 43 -425.807
9 44 53.8407
9 45 530.76
9 46 974.756
9 47 1356.47
9 48 1649.93
9 49 1834.71
9 50 1897.81
9 51 1834.71
9 52 1649.93
9 53 1356.47
9 54 974.756
9 55 530.76
9 56 53.8407
9 57 -425.807
9 58 -879.43
9 59 -1281.89
9 60 -1613.22
9 61 -1859.77
9 62 -2014.58
9 63 -2077.21
9 64 -2053.03
9 65 -1952.13
9 66 -1788.05
9 67 -1576.28
9 68 -1332.95
9 69 -1073.64
9 70 -812.442
9 71 -561.204
9 72 -329.269
9 73 -123.239
9 74 52.8547
9 75 197.276
9 76 310.303
9 77 393.641
9 78 450.144
9 79 483.313
9 80 496.901
9 81 494.78
9 82 480.5
9 83 457.357
9 84 428.145
9 85 395.208
9 86 360.412
9 87 325.186
9 88 290.56
9 89 257.246
9 90 225.671
9 91 196.047
9 92 168.437
9 93 142.762
9 94 118.88
9 95 96.5851
9 96 75.6281
9 97 55.7715
9 98 36.7192
9 99 18.2265
9 100 0

10 0 0
10 1 21.2348
10 2 42.7682
10 3 64.9181
10 4 87.9599
10 5 112.198
10 6 137.885
10 7 165.252
10 8 194.488
10 9 225.671
10 10 258.814
10 11 293.732
10 12 330.08
10 13 367.234
10 14 404.277
10 15 439.917
10 16 472.459
10 17 499.729
10 18 519.124
10 19 527.541
10 20 521.547
10 21 497.387
10 22 451.239
10 23 379.439
10 24 278.734
10 25 146.751
10 26 -17.704
10 27 -214.137
10 28 -440.028
10 29 -690.447
10 30 -957.888
10 31 -1232.23
10 32 -1500.79
10 33 -1748.99
10 34 -1960.8
10 35 -2119.95
10 36 -2210.94
10 37 -2220.51
10 38 -2138.96
10 39 -1961.54
10 40 -1689.42
10 41 -1330.43
10 42 -899.188
10 43 -416.628
10 44 91.0289
10 45 593.973
10 46 1060.93
10 47 1461.65
10 48 1769.31
10 49 1962.9
10 50 2028.97
10 51 1962.9
10 52 1769.31
10 53 1461.65
10 54 1060.93
10 55 593.973
10 56 91.0289
10 57 -416.628
10 58 -899.188
10 59 -1330.43
10 60 -1689.42
10 61 -1961.54
10 62 -2138.96
10 63 -2220.51
10 64 -2210.94
10 65 -2119.95
10 66 -1960.8
10 67 -1748.99
10 68 -1500.79
10 69 -1232.23
10 70 -957.888
10 71 -690.447
10 72 -440.028
10 73 -214.137
10 74 -17.704
10 75 146.751
10 76 278.734
10 77 379.439
10 78 451.239
10 79 497.387
10 80 521.547
10 81 527.541
10 82 519.124
10 83 499.729
10 84 472.459
10 85 439.917
10 86 404.277
10 87 367.234
10 88 330.08
10 89 293.732
10 90 258.814
10 91 225.671
10 92 194.488
10 93 165.252
10 94 137.885
10 95 112.198
10 96 87.9599
10 97 64.9181
10 98 42.7682
10 99 21.2348
10 100 0

11 0 0
11 1 24.5746
11 2 49.4751
11 3 75.0375
11 4 101.558
11 5 129.344
11 6 158.638
11 7 189.653
11 8 222.515
11 9 257.246
11 10 293.732
11 11 331.664
11 12 370.502
11 13 409.423
11 14 447.248
11 15 482.428
11 16 512.963
11 17 536.428
11 18 549.928
11 19 550.216
11 20 533.673
11 21 496.601
11 22 435.259
11 23 346.262
11 24 226.829
11 25 75.1361
11 26 -109.226
11 27 -324.949
11 28 -568.574
11 29 -834.313
11 30 -1113.82
11 31 -1396.24
11 32 -1668.47
11 33 -1915.55
11 34 -2121.48
11 35 -2270.15
11 36 -2346.55
11 37 -2337.96
11 38 -2235.47
11 39 -2035.1
11 40 -1738.88
11 41 -1355.39
11 42 -900.033
11 43 -394.452
11 44 134.513
11 45 656.498
11 46 1139.78
11 47 1553.64
11 48 1870.96
11 49 2070.42
11 50 2138.48
11 51 2070.42
11 52 1870.96
11 53 1553.64
11 54 1139.78
11 55 656.498
11 56 134.513
11 57 -394.452
11 58 -900.033
11 59 -1355.39
11 60 -1738.88
11 61 -2035.1
11 62 -2235.47
11 63 -2337.96
11 64 -2346.55
11 65 -2270.15
11 66 -2121.48
11 67 -1915.55
11 68 -1668.47
11 69 -1396.24
11 70 -1113.82
11 71 -834.313
11 72 -568.574
11 73 -324.949
11 74 -109.226
11 75 75.1361
11 76 226.829
11 77 346.262
11 78 435.259
11 79 496.601
11 80 533.673
11 81 550.216
11 82 549.928
11 83 536.428
11 84 512.963
11 85 482.428
11 86 447.248
11 87 409.423
11 88 370.502
11 89 331.664
11 90 293.732
11 91 257.246
11 92 222.515
11 93 189.653
11 94 158.638
11 95 129.344
11 96 101.558
11 97 75.0375
11 98 49.4751
11 99 24.5746
11 100 0

12 0 0
12 1 28.2733
12 2 56.8935
12 3 86.1956
12 4 116.499
12 5 148.081
12 6 181.178
12 7 215.941
12 8 252.431
12 9 290.56
12 10 330.08
12 11 370.502
12 12 411.086
12 13 450.754
12 14 488.078
12 15 521.212
12 16 547.901
12 17 565.444
12 18 570.785
12 19 560.498
12 20 531.026
12 21 478.714
12 22 400.156
12 23 292.392
12 24 153.231
12 25 -18.3582
12 26 -221.939
12 27 -455.245
12 28 -713.908
12 29 -991.225
12 30 -1278.15
12 31 -1563.33
12 32 -1833.33
12 33 -2073.31
12 34 -2267.53
12 35 -2400.5
12 36 -2457.95
12 37 -2428.17
12 38 -2303.19
12 39 -2080.02
12 40 -1761.52
12 41 -1357.08
12 42 -882.588
12 43 -360.062
12 44 183.459
12 45 717.554
12 46 1210.51
12 47 1631.74
12 48 1954.2
12 49 2156.72
12 50 2225.77
12 51 2156.72
12 52 1954.2
12 53 1631.74
12 54 1210.51
12 55 717.554
12 56 183.459
12 57 -360.062
12 58 -882.588
12 59 -1357.08
12 60 -1761.52
12 61 -2080.02
12 62 -2303.19
12 63 -2428.17
12 64 -2457.95
12 65 -2400.5
12 66 -2267.53
12 67 -2073.31
12 68 -1833.33
12 69 -1563.33
12 70 -1278.15
12 71 -991.225
12 72 -713.908
12 73 -455.245
12 74 -221.939
12 75 -18.3582
12 76 153.231
12 77 292.392
12 78 400.156
12 79 478.714
12 80 531.026
12 81 560.498
12 82 570.785
12 83 565.444
12 84 547.901
12 85 521.212
12 86 488.078
12 87 450.754
12 88 411.086
12 89 370.502
12 90 330.08
12 91 290.56
12 92 252.431
12 93 215.941
12 94 181.178
12 95 148.081
12 96 116.499
12 97 86.1956
12 98 56.8935
12 99 28.2733
12 100 0

13 0 0
13 1 32.3468
13 2 65.0457
13 3 98.4208
13 4 132.789
13 5 168.391
13 6 205.419
13 7 243.955
13 8 283.944
13 9 325.186
13 10 367.234
13 11 409.423
13 12 450.754
13 13 489.906
13 14 525.166
13 15 554.428
13 16 575.172
13 17 584.525
13 18 579.258
13 19 555.99
13 20 511.203
13 21 441.566
13 22 344.084
13 23 216.387
13 24 57.0842
13 25 -133.987
13 26 -355.427
13 27 -603.956
13 28 -874.276
13 29 -1158.92
13 30 -1448.23
13 31 -1730.51
13 32 -1992.44
13 33 -2219.39
13 34 -2396.41
13 35 -2508.84
13 36 -2543.6
13 37 -2490.12
13 38 -2341.71
13 39 -2096.38
13 40 -1757.96
13 41 -1336.37
13 42 -847.882
13 43 -314.535
13 44 236.838
13 45 776.224
13 46 1272.43
13 47 1695.43
13 48 2018.73
13 49 2221.56
13 50 2290.69
13 51 2221.56
13 52 2018.73
13 53 1695.43
13 54 1272.43
13 55 776.224
13 56 236.838
13 57 -314.535
13 58 -847.882
13 59 -1336.37
13 60 -1757.96
13 61 -2096.38
13 62 -2341.71
13 63 -2490.12
13 64 -2543.6
13 65 -2508.84
13 66 -2396.41
13 67 -2219.39
13 68 -1992.44
13 69 -1730.51
13 70 -1448.23
13 71 -1158.92
13 72 -874.276
13 73 -603.956
13 74 -355.427
13 75 -133.987
13 76 57.0842
13 77 216.387
13 78 344.084
13 79 441.566
13 80 511.203
13 81 555.99
13 82 579.258
13 83 584.525
13 84 575.172
13 85 554.428
13 86 525.166
13 87 489.906
13 88 450.754
13 89 409.423
13 90 367.234
13 91 325.186
13 92 283.944
13 93 243.955
13 94 205.419
13 95 168.391
13 96 132.789
13 97 98.4208
13 98 65.0457
13 99 32.3468
13 100 0

14 0 0
14 1 36.7866
14 2 73.9115
14 3 111.666
14 4 150.345
14 5 190.122
14 6 231.127
14 7 273.33
14 8 316.548
14 9 360.412
14 10 404.277
14 11 447.248
14 12 488.078
14 13 525.166
14 14 556.552
14 15 579.855
14 16 592.39
14 17 591.107
14 18 572.811
14 19 534.143
14 20 471.918
14 21 383.156
14 22 265.489
14 23 117.299
14 24 -61.9255
14 25 -271.358
14 26 -508.543
14 27 -769.241
14 28 -1047.27
14 29 -1334.47
14 30 -1620.79
14 31 -1894.51
14 32 -2142.5
14 33 -2350.9
14 34 -2505.62
14 35 -2593.34
14 36 -2602.26
14 37 -2523.35
14 38 -2351.15
14 39 -2084.93
14 40 -1729.27
14 41 -1294.64
14 42 -797.366
14 43 -259.262
14 44 293.459
14 45 831.6
14 46 1324.94
14 47 1744.44
14 48 2064.51
14 49 2265.08
14 50 2333.4
14 51 2265.08
14 52 2064.51
14 53 1744.44
14 54 1324.94
14 55 831.6
14 56 293.459
14 57 -259.262
14 58 -797.366
14 59 -1294.64
14 60 -1729.27
14 61 -2084.93
14 62 -2351.15
14 63 -2523.35
14 64 -2602.26
14 65 -2593.34
14 66 -2505.62
14 67 -2350.9
14 68 -2142.5
14 69 -1894.51
14 70 -1620.79
14 71 -1334.47
14 72 -1047.27
14 73 -769.241
14 74 -508.543
14 75 -271.358
14 76 -61.9255
14 77 117.299
14 78 265.489
14 79 383.156
14 80 471.918
14 81 534.143
14 82 572.811
14 83 591.107
14 84 592.39
14 85 579.855
14 86 556.552
14 87 525.166
14 88 488.078
14 89 447.248
14 90 404.277
14 91 360.412
14 92 316.548
14 93 273.33
14 94 231.127
14 95 190.122
14 96 150.345
14 97 111.666
14 98 73.9115
14 99 36.7866
14 100 0

15 0 0
15 1 41.5601
15 2 83.4135
15 3 125.8
15 4 168.951
15 5 212.96
15 6 257.846
15 7 303.453
15 8 349.424
15 9 395.208
15 10 439.917
15 11 482.428
15 12 521.212
15 13 554.428
15 14 579.855
15 15 594.937
15 16 596.829
15 17 582.491
15 18 548.745
15 19 492.553
15 20 411.03
15 21 301.842
15 22 163.316
15 23 -5.276
15 24 -203.449
15 25 -429.302
15 26 -679.409
15 27 -948.516
15 28 -1229.73
15 29 -1514.37
15 30 -1792.2
15 31 -2051.64
15 32 -2280.22
15 33 -2464.9
15 34 -2592.97
15 35 -2652.45
15 36 -2633.27
15 37 -2527.86
15 38 -2332.31
15 39 -2046.9
15 40 -1677.1
15 41 -1233.68
15 42 -732.864
15 43 -195.872
15 44 352.009
15 45 882.779
15 46 1367.56
15 47 1778.68
15 48 2091.78
15 49 2287.74
15 50 2354.45
15 51 2287.74
15 52 2091.78
15 53 1778.68
15 54 1367.56
15 55 882.779
15 56 352.009
15 57 -195.872
15 58 -732.864
15 59 -1233.68
15 60 -1677.1
15 61 -2046.9
15 62 -2332.31
15 63 -2527.86
15 64 -2633.27
15 65 -2652.45
15 66 -2592.97
15 67 -2464.9
15 68 -2280.22
15 69 -2051.64
15 70 -1792.2
15 71 -1514.37
15 72 -1229.73
15 73 -948.516
15 74 -679.409
15 75 -429.302
15 76 -203.449
15 77 -5.276
15 78 163.316
15 79 301.842
15 80 411.03
15 81 492.553
15 82 548.745
15 83 582.491
15 84 596.829
15 85 594.937
15 86 579.855
15 87 554.428
15 88 521.212
15 89 482.428
15 90 439.917
15 91 395.208
15 92 349.424
15 93 303.453
15 94 257.846
15 95 212.96
15 96 168.951
15 97 125.8
15 98 83.4135
15 99 41.5601
15 100 0

16 0 0
16 1 46.5772
16 2 93.369
16 3 140.534
16 4 188.202
16 5 236.35
16 6 284.859
16 7 333.396
16 8 381.421
16 9 428.145
16 10 472.459
16 11 512.963
16 12 547.901
16 13 575.172
16 14 592.39
16 15 596.829
16 16 585.656
16 17 555.834
16 18 504.497
16 19 428.877
16 20 326.74
16 21 196.387
16 22 37.0458
16 23 -151.045
16 24 -366.341
16 25 -605.934
16 26 -865.326
16 27 -1138.52
16 28 -1417.95
16 29 -1694.64
16 30 -1958.42
16 31 -2198.17
16 32 -2402.19
16 33 -2558.74
16 34 -2656.44
16 35 -2685.14
16 36 -2636.34
16 37 -2504.26
16 38 -2286.33
16 39 -1984.07
16 40 -1603.53
16 41 -1155.67
16 42 -656.387
16 43 -126.093
16 44 411.164
16 45 928.933
16 46 1399.99
16 47 1798.34
16 48 2101.09
16 49 2290.36
16 50 2354.73
16 51 2290.36
16 52 2101.09
16 53 1798.34
16 54 1399.99
16 55 928.933
16 56 411.164
16 57 -126.093
16 58 -656.387
16 59 -1155.67
16 60 -1603.53
16 61 -1984.07
16 62 -2286.33
16 63 -2504.26
16 64 -2636.34
16 65 -2685.14
16 66 -2656.44
16 67 -2558.74
16 68 -2402.19
16 69 -2198.17
16 70 -1958.42
16 71 -1694.64
16 72 -1417.95
16 73 -1138.52
16 74 -865.326
16 75 -605.934
16 76 -366.341
16 77 -151.045
16 78 37.0458
16 79 196.387
16 80 326.74
16 81 428.877
16 82 504.497
16 83 555.834
16 84 585.656
16 85 596.829
16 86 592.39
16 87 575.172
16 88 547.901
16 89 512.963
16 90 472.459
16 91 428.145
16 92 381.421
16 93 333.396
16 94 284.859
16 95 236.35
16 96 188.202
16 97 140.534
16 98 93.369
16 99 46.5772
16 100 0

17 0 0
17 1 51.7092
17 2 103.509
17 3 155.444
17 4 207.487
17 5 259.48
17 6 311.107
17 7 361.853
17 8 410.942
17 9 457.357
17 10 499.729
17 11 536.428
17 12 565.444
17 13 584.525
17 14 591.107
17 15 582.491
17 16 555.834
17 17 508.406
17 18 437.583
17 19 341.244
17 20 217.723
17 21 66.2422
17 22 -113.068
17 23 -318.905
17 24 -548.698
17 25 -798.47
17 26 -1062.92
17 27 -1335.28
17 28 -1607.65
17 29 -1870.95
17 30 -2115.32
17 31 -2330.31
17 32 -2505.33
17 33 -2629.98
17 34 -2694.63
17 35 -2690.77
17 36 -2611.84
17 37 -2453.65
17 38 -2215.08
17 39 -1898.64
17 40 -1510.96
17 41 -1063.02
17 42 -570.171
17 43 -51.772
17 44 469.64
17 45 969.338
17 46 1422.11
17 47 1803.8
17 48 2093.32
17 49 2274.02
17 50 2335.48
17 51 2274.02
17 52 2093.32
17 53 1803.8
17 54 1422.11
17 55 969.338
17 56 469.64
17 57 -51.772
17 58 -570.171
17 59 -1063.02
17 60 -1510.96
17 61 -1898.64
17 62 -2215.08
17 63 -2453.65
17 64 -2611.84
17 65 -2690.77
17 66 -2694.63
17 67 -2629.98
17 68 -2505.33
17 69 -2330.31
17 70 -2115.32
17 71 -1870.95
17 72 -1607.65
17 73 -1335.28
17 74 -1062.92
17 75 -798.47
17 76 -548.698
17 77 -318.905
17 78 -113.068
17 79 66.2422
17 80 217.723
17 81 341.244
17 82 437.583
17 83 508.406
17 84 555.834
17 85 582.491
17 86 591.107
17 87 584.525
17 88 565.444
17 89 536.428
17 90 499.729
17 91 457.357
17 92 410.942
17 93 361.853
17 94 311.107
17 95 259.48
17 96 207.487
17 97 155.444
17 98 103.509
17 99 51.7092
17 100 0

18 0 0
18 1 56.738
18 2 113.399
18 3 169.858
18 4 225.904
18 5 281.179
18 6 335.161
18 7 387.087
18 8 435.97
18 9 480.5
18 10 519.124
18 11 549.928
18 12 570.785
18 13 579.258
18 14 572.811
18 15 548.745
18 16 504.497
18 17 437.583
18 18 346.001
18 19 228.161
18 20 83.3181
18 21 -88.4528
18 22 -285.981
18 23 -506.922
18 24 -747.686
18 25 -1003.43
18 26 -1268.04
18 27 -1534.35
18 28 -1794.22
18 29 -2038.78
18 30 -2258.7
18 31 -2444.46
18 32 -2586.75
18 33 -2676.72
18 34 -2706.46
18 35 -2669.37
18 36 -2560.62
18 37 -2377.65
18 38 -2120.69
18 39 -1793.16
18 40 -1402.09
18 41 -958.302
18 42 -476.465
18 43 25.3549
18 44 526.222
18 45 1003.51
18 46 1434.02
18 47 1795.82
18 48 2069.55
18 49 2240.23
18 50 2298.19
18 51 2240.23
18 52 2069.55
18 53 1795.82
18 54 1434.02
18 55 1003.51
18 56 526.222
18 57 25.3549
18 58 -476.465
18 59 -958.302
18 60 -1402.09
18 61 -1793.16
18 62 -2120.69
18 63 -2377.65
18 64 -2560.62
18 65 -2669.37
18 66 -2706.46
18 67 -2676.72
18 68 -2586.75
18 69 -2444.46
18 70 -2258.7
18 71 -2038.78
18 72 -1794.22
18 73 -1534.35
18 74 -1268.04
18 75 -1003.43
18 76 -747.686
18 77 -506.922
18 78 -285.981
18 79 -88.4528
18 80 83.3181
18 81 228.161
18 82 346.001
18 83 437.583
18 84 504.497
18 85 548.745
18 86 572.811
18 87 579.258
18 88 570.785
18 89 549.928
18 90 519.124
18 91 480.5
18 92 435.97
18 93 387.087
18 94 335.161
18 95 281.179
18 96 225.904
18 97 169.858
18 98 113.399
18 99 56.738
18 100 0

19 0 0
19 1 61.3748
19 2 122.45
19 3 182.893
19 4 242.239
19 5 299.926
19 6 355.143
19 7 406.917
19 8 453.964
19 9 494.78
19 10 527.541
19 11 550.216
19 12 560.498
19 13 555.99
19 14 534.143
19 15 492.553
19 16 428.877
19 17 341.244
19 18 228.161
19 19 88.9335
19 20 -76.3663
19 21 -266.647
19 22 -479.706
19 23 -712.231
19 24 -959.702
19 25 -1216.51
19 26 -1476.03
19 27 -1730.83
19 28 -1972.82
19 29 -2193.58
19 30 -2384.55
19 31 -2537.36
19 32 -2644.06
19 33 -2697.52
19 34 -2691.58
19 35 -2621.45
19 36 -2484.04
19 37 -2278.33
19 38 -2005.72
19 39 -1670.43
19 40 -1279.71
19 41 -844.137
19 42 -377.45
19 43 103.605
19 44 579.981
19 45 1031.09
19 46 1436.15
19 47 1775.3
19 48 2031.31
19 49 2190.62
19 50 2244.73
19 51 2190.62
19 52 2031.31
19 53 1775.3
19 54 1436.15
19 55 1031.09
19 56 579.981
19 57 103.605
19 58 -377.45
19 59 -844.137
19 60 -1279.71
19 61 -1670.43
19 62 -2005.72
19 63 -2278.33
19 64 -2484.04
19 65 -2621.45
19 66 -2691.58
19 67 -2697.52
19 68 -2644.06
19 69 -2537.36
19 70 -2384.55
19 71 -2193.58
19 72 -1972.82
19 73 -1730.83
19 74 -1476.03
19 75 -1216.51
19 76 -959.702
19 77 -712.231
19 78 -479.706
19 79 -266.647
19 80 -76.3663
19 81 88.9335
19 82 228.161
19 83 341.244
19 84 428.877
19 85 492.553
19 86 534.143
19 87 555.99
19 88 560.498
19 89 550.216
19 90 527.541
19 91 494.78
19 92 453.964
19 93 406.917
19 94 355.143
19 95 299.926
19 96 242.239
19 97 182.893
19 98 122.45
19 99 61.3748
19 100 0

20 0 0
20 1 65.2355
20 2 129.907
20 3 193.387
20 4 254.972
20 5 313.774
20 6 368.77
20 7 418.653
20 8 461.964
20 9 496.901
20 10 521.547
20 11 533.673
20 12 531.026
20 13 511.203
20 14 471.918
20 15 411.03
20 16 326.74
20 17 217.723
20 18 83.3181
20 19 -76.3663
20 20 -260.267
20 21 -466.296
20 22 -691.326
20 23 -931.076
20 24 -1180.32
20 25 -1432.85
20 26 -1681.75
20 27 -1919.57
20 28 -2138.57
20 29 -2330.98
20 30 -2489.22
20 31 -2606.17
20 32 -2675.47
20 33 -2691.57
20 34 -2650.12
20 35 -2548.08
20 36 -2383.95
20 37 -2158.09
20 38 -1872.96
20 39 -1533.34
20 40 -1146.65
20 41 -722.987
20 42 -275.172
20 43 181.605
20 44 630.135
20 45 1052.14
20 46 1429.1
20 47 1743.57
20 48 1980.24
20 49 2127.3
20 50 2177.17
20 51 2127.3
20 52 1980.24
20 53 1743.57
20 54 1429.1
20 55 1052.14
20 56 630.135
20 57 181.605
20 58 -275.172
20 59 -722.987
20 60 -1146.65
20 61 -1533.34
20 62 -1872.96
20 63 -2158.09
20 64 -2383.95
20 65 -2548.08
20 66 -2650.12
20 67 -2691.57
20 68 -2675.47
20 69 -2606.17
20 70 -2489.22
20 71 -2330.98
20 72 -2138.57
20 73 -1919.57
20 74 -1681.75
20 75 -1432.85
20 76 -1180.32
20 77 -931.076
20 78 -691.326
20 79 -466.296
20 80 -260.267
20 81 -76.3663
20 82 83.3181
20 83 217.723
20 84 326.74
20 85 411.03
20 86 471.918
20 87 511.203
20 88 531.026
20 89 533.673
20 90 521.547
20 91 496.901
20 92 461.964
20 93 418.653
20 94 368.77
20 95 313.774
20 96 254.972
20 97 193.387
20 98 129.907
20 99 65.2355
20 100 0

21 0 0
21 1 67.8349
21 2 134.779
21 3 199.909
21 4 262.17
21 5 320.422
21 6 373.282
21 7 419.256
21 8 456.565
21 9 483.313
21 10 497.387
21 11 496.601
21 12 478.714
21 13 441.566
21 14 383.156
21 15 301.842
21 16 196.387
21 17 66.2422
21 18 -88.4528
21 19 -266.647
21 20 -466.296
21 21 -684.434
21 22 -916.943
21 23 -1158.9
21 24 -1404.44
21 25 -1647.06
21 26 -1879.77
21 27 -2095.41
21 28 -2286.76
21 29 -2446.92
21 30 -2569.48
21 31 -2648.69
21 32 -2679.68
21 33 -2658.64
21 34 -2582.83
21 35 -2450.8
21 36 -2262.55
21 37 -2019.57
21 38 -1725.24
21 39 -1384.75
21 40 -1005.54
21 41 -597.156
21 42 -171.343
21 43 258.239
21 44 676.357
21 45 1066.96
21 46 1413.95
21 47 1702.15
21 48 1918.41
21 49 2052.51
21 50 2097.96
21 51 2052.51
21 52 1918.41
21 53 1702.15
21 54 1413.95
21 55 1066.96
21 56 676.357
21 57 258.239
21 58 -171.343
21 59 -597.156
21 60 -1005.54
21 61 -1384.75
21 62 -1725.24
21 63 -2019.57
21 64 -2262.55
21 65 -2450.8
21 66 -2582.83
21 67 -2658.64
21 68 -2679.68
21 69 -2648.69
21 70 -2569.48
21 71 -2446.92
21 72 -2286.76
21 73 -2095.41
21 74 -1879.77
21 75 -1647.06
21 76 -1404.44
21 77 -1158.9
21 78 -916.943
21 79 -684.434
21 80 -466.296
21 81 -266.647
21 82 -88.4528
21 83 66.2422
21 84 196.387
21 85 301.842
21 86 383.156
21 87 441.566
21 88 478.714
21 89 496.601
21 90 497.387
21 91 483.313
21 92 456.565
21 93 419.256
21 94 373.282
21 95 320.422
21 96 262.17
21 97 199.909
21 98 134.779
21 99 67.8349
21 100 0

22 0 0
22 1 68.6087
22 2 135.975
22 3 200.79
22 4 261.702
22 5 317.189
22 6 365.644
22 7 405.255
22 8 434.111
22 9 450.144
22 10 451.239
22 11 435.259
22 12 400.156
22 13 344.084
22 14 265.489
22 15 163.316
22 16 37.0458
22 17 -113.068
22 18 -285.981
22 19 -479.706
22 20 -691.326
22 21 -916.943
22 22 -1151.81
22 23 -1390.37
22 24 -1626.45
22 25 -1853.47
22 26 -2064.65
22 27 -2253.3
22 28 -2412.99
22 29 -2537.88
22 30 -2622.75
22 31 -2663.31
22 32 -2656.22
22 33 -2599.15
22 34 -2490.95
22 35 -2331.58
22 36 -2122.24
22 37 -1865.52
22 38 -1565.38
22 39 -1227.39
22 40 -858.784
22 41 -468.554
22 42 -67.2939
22 43 332.867
22 44 718.66
22 45 1076.28
22 46 1392.01
22 47 1653.01
22 48 1848.15
22 49 1968.87
22 50 2009.72
22 51 1968.87
22 52 1848.15
22 53 1653.01
22 54 1392.01
22 55 1076.28
22 56 718.66
22 57 332.867
22 58 -67.2939
22 59 -468.554
22 60 -858.784
22 61 -1227.39
22 62 -1565.38
22 63 -1865.52
22 64 -2122.24
22 65 -2331.58
22 66 -2490.95
22 67 -2599.15
22 68 -2656.22
22 69 -2663.31
22 70 -2622.75
22 71 -2537.88
22 72 -2412.99
22 73 -2253.3
22 74 -2064.65
22 75 -1853.47
22 76 -1626.45
22 77 -1390.37
22 78 -1151.81
22 79 -916.943
22 80 -691.326
22 81 -479.706
22 82 -285.981
22 83 -113.068
22 84 37.0458
22 85 163.316
22 86 265.489
22 87 344.084
22 88 400.156
22 89 435.259
22 90 451.239
22 91 450.144
22 92 434.111
22 93 405.255
22 94 365.644
22 95 317.189
22 96 261.702
22 97 200.79
22 98 135.975
22 99 68.6087
22 100 0

23 0 0
23 1 66.911
23 2 132.192
23 3 194.163
23 4 251.111
23 5 301.2
23 6 342.539
23 7 373.106
23 8 390.847
23 9 393.641
23 10 379.439
23 11 346.262
23 12 292.392
23 13 216.387
23 14 117.299
23 15 -5.276
23 16 -151.045
23 17 -318.905
23 18 -506.922
23 19 -712.231
23 20 -931.076
23 21 -1158.9
23 22 -1390.37
23 23 -1619.62
23 24 -1840.41
23 25 -2046.3
23 26 -2231.01
23 27 -2388.52
23 28 -2513.4
23 29 -2600.88
23 30 -2647.12
23 31 -2649.15
23 32 -2605.09
23 33 -2514.03
23 34 -2376.12
23 35 -2192.56
23 36 -1965.61
23 37 -1698.57
23 38 -1396
23 39 -1063.58
23 40 -708.359
23 41 -338.615
23 42 36.1131
23 43 405.277
23 44 757.548
23 45 1081.28
23 46 1365.07
23 47 1598.35
23 48 1772.07
23 49 1879.24
23 50 1915.48
23 51 1879.24
23 52 1772.07
23 53 1598.35
23 54 1365.07
23 55 1081.28
23 56 757.548
23 57 405.277
23 58 36.1131
23 59 -338.615
23 60 -708.359
23 61 -1063.58
23 62 -1396
23 63 -1698.57
23 64 -1965.61
23 65 -2192.56
23 66 -2376.12
23 67 -2514.03
23 68 -2605.09
23 69 -2649.15
23 70 -2647.12
23 71 -2600.88
23 72 -2513.4
23 73 -2388.52
23 74 -2231.01
23 75 -2046.3
23 76 -1840.41
23 77 -1619.62
23 78 -1390.37
23 79 -1158.9
23 80 -931.076
23 81 -712.231
23 82 -506.922
23 83 -318.905
23 84 -151.045
23 85 -5.276
23 86 117.299
23 87 216.387
23 88 292.392
23 89 346.262
23 90 379.439
23 91 393.641
23 92 390.847
23 93 373.106
23 94 342.539
23 95 301.2
23 96 251.111
23 97 194.163
23 98 132.192
23 99 66.911
23 100 0

24 0 0
24 1 62.0689
24 2 122.105
24 3 178.092
24 4 227.915
24 5 269.508
24 6 300.667
24 7 319.286
24 8 323.168
24 9 310.303
24 10 278.734
24 11 226.829
24 12 153.231
24 13 57.0842
24 14 -61.9255
24 15 -203.449
24 16 -366.341
24 17 -548.698
24 18 -747.686
24 19 -959.702
24 20 -1180.32
24 21 -1404.44
24 22 -1626.45
24 23 -1840.41
24 24 -2040.21
24 25 -2219.91
24 26 -2373.84
24 27 -2496.91
24 28 -2584.71
24 29 -2633.75
24 30 -2641.37
24 31 -2606
24 32 -2526.98
24 33 -2404.66
24 34 -2240.31
24 35 -2036.08
24 36 -1795.06
24 37 -1521.21
24 38 -1219.34
24 39 -895.274
24 40 -555.711
24 41 -208.278
24 42 138.609
24 43 475.867
24 44 794.009
24 45 1083.53
24 46 1335.24
24 47 1540.82
24 48 1693.12
24 49 1786.78
24 50 1818.37
24 51 1786.78
24 52 1693.12
24 53 1540.82
24 54 1335.24
24 55 1083.53
24 56 794.009
24 57 475.867
24 58 138.609
24 59 -208.278
24 60 -555.711
24 61 -895.274
24 62 -1219.34
24 63 -1521.21
24 64 -1795.06
24 65 -2036.08
24 66 -2240.31
24 67 -2404.66
24 68 -2526.98
24 69 -2606
24 70 -2641.37
24 71 -2633.75
24 72 -2584.71
24 73 -2496.91
24 74 -2373.84
24 75 -2219.91
24 76 -2040.21
24 77 -1840.41
24 78 -1626.45
24 79 -1404.44
24 80 -1180.32
24 81 -959.702
24 82 -747.686
24 83 -548.698
24 84 -366.341
24 85 -203.449
24 86 -61.9255
24 87 57.0842
24 88 153.231
24 89 226.829
24 90 278.734
24 91 310.303
24 92 323.168
24 93 319.286
24 94 300.667
24 95 269.508
24 96 227.915
24 97 178.092
24 98 122.105
24 99 62.0689
24 100 0

25 0 0
25 1 53.4022
25 2 104.422
25 3 150.656
25 4 189.75
25 5 219.297
25 6 237.026
25 7 240.622
25 8 228.037
25 9 197.276
25 10 146.751
25 11 75.1361
25 12 -18.3582
25 13 -133.987
25 14 -271.358
25 15 -429.302
25 16 -605.934
25 17 -798.47
25 18 -1003.43
25 19 -1216.51
25 20 -1432.85
25 21 -1647.06
25 22 -1853.47
25 23 -2046.3
25 24 -2219.91
25 25 -2368.96
25 26 -2488.65
25 27 -2574.9
25 28 -2624.46
25 29 -2634.96
25 30 -2605.04
25 31 -2534.24
25 32 -2423.03
25 33 -2272.76
25 34 -2085.57
25 35 -1864.41
25 36 -1612.92
25 37 -1335.5
25 38 -1037.23
25 39 -723.844
25 40 -401.716
25 41 -77.8114
25 42 240.477
25 43 545.5
25 44 829.539
25 45 1085.06
25 46 1305.05
25 47 1483.26
25 48 1614.5
25 49 1694.84
25 50 1721.91
25 51 1694.84
25 52 1614.5
25 53 1483.26
25 54 1305.05
25 55 1085.06
25 56 829.539
25 57 545.5
25 58 240.477
25 59 -77.8114
25 60 -401.716
25 61 -723.844
25 62 -1037.23
25 63 -1335.5
25 64 -1612.92
25 65 -1864.41
25 66 -2085.57
25 67 -2272.76
25 68 -2423.03
25 69 -2534.24
25 70 -2605.04
25 71 -2634.96
25 72 -2624.46
25 73 -2574.9
25 74 -2488.65
25 75 -2368.96
25 76 -2219.91
25 77 -2046.3
25 78 -1853.47
25 79 -1647.06
25 80 -1432.85
25 81 -1216.51
25 82 -1003.43
25 83 -798.47
25 84 -605.934
25 85 -429.302
25 86 -271.358
25 87 -133.987
25 88 -18.3582
25 89 75.1361
25 90 146.751
25 91 197.276
25 92 228.037
25 93 240.622
25 94 237.026
25 95 219.297
25 96 189.75
25 97 150.656
25 98 104.422
25 99 53.4022
25 100 0

26 0 0
26 1 40.3306
26 2 77.9568
26 3 110.245
26 4 134.522
26 5 148.308
26 6 149.128
26 7 134.788
26 8 103.254
26 9 52.8547
26 10 -17.704
26 11 -109.226
26 12 -221.939
26 13 -355.427
26 14 -508.543
26 15 -679.409
26 16 -865.326
26 17 -1062.92
26 18 -1268.04
26 19 -1476.03
26 20 -1681.75
26 21 -1879.77
26 22 -2064.65
26 23 -2231.01
26 24 -2373.84
26 25 -2488.65
26 26 -2571.61
26 27 -2619.74
26 28 -2630.89
26 29 -2603.87
26 30 -2538.33
26 31 -2434.85
26 32 -2294.76
26 33 -2120.24
26 34 -1914.04
26 35 -1679.64
26 36 -1421.14
26 37 -1143.18
26 38 -850.922
26 39 -550.074
26 40 -246.628
26 41 53.0578
26 42 342.59
26 43 615.605
26 44 866.057
26 45 1088.29
26 46 1277.31
26 47 1428.86
26 48 1539.57
26 49 1606.99
26 50 1629.64
26 51 1606.99
26 52 1539.57
26 53 1428.86
26 54 1277.31
26 55 1088.29
26 56 866.057
26 57 615.605
26 58 342.59
26 59 53.0578
26 60 -246.628
26 61 -550.074
26 62 -850.922
26 63 -1143.18
26 64 -1421.14
26 65 -1679.64
26 66 -1914.04
26 67 -2120.24
26 68 -2294.76
26 69 -2434.85
26 70 -2538.33
26 71 -2603.87
26 72 -2630.89
26 73 -2619.74
26 74 -2571.61
26 75 -2488.65
26 76 -2373.84
26 77 -2231.01
26 78 -2064.65
26 79 -1879.77
26 80 -1681.75
26 81 -1476.03
26 82 -1268.04
26 83 -1062.92
26 84 -865.326
26 85 -679.409
26 86 -508.543
26 87 -355.427
26 88 -221.939
26 89 -109.226
26 90 -17.704
26 91 52.8547
26 92 103.254
26 93 134.788
26 94 149.128
26 95 148.308
26 96 134.522
26 97 110.245
26 98 77.9568
26 99 40.3306
26 100 0

27 0 0
27 1 22.4022
27 2 41.8937
27 3 55.6548
27 4 60.8802
27 5 55.0085
27 6 35.5954
27 7 0.535593
27 8 -51.9513
27 9 -123.239
27 10 -214.137
27 11 -324.949
27 12 -455.245
27 13 -603.956
27 14 -769.241
27 15 -948.516
27 16 -1138.52
27 17 -1335.28
27 18 -1534.35
27 19 -1730.83
27 20 -1919.57
27 21 -2095.41
27 22 -2253.3
27 23 -2388.52
27 24 -2496.91
27 25 -2574.9
27 26 -2619.74
27 27 -2629.51
27 28 -2603.17
27 29 -2540.46
27 30 -2442.03
27 31 -2309.18
27 32 -2143.99
27 33 -1949.07
27 34 -1727.7
27 35 -1483.66
27 36 -1221.28
27 37 -945.354
27 38 -661.135
27 39 -374.143
27 40 -90.1275
27 41 185.216
27 42 446.318
27 43 688.073
27 44 905.874
27 45 1095.9
27 46 1255.02
27 47 1380.91
27 48 1471.87
27 49 1526.85
27 50 1545.24
27 51 1526.85
27 52 1471.87
27 53 1380.91
27 54 1255.02
27 55 1095.9
27 56 905.874
27 57 688.073
27 58 446.318
27 59 185.216
27 60 -90.1275
27 61 -374.143
27 62 -661.135
27 63 -945.354
27 64 -1221.28
27 65 -1483.66
27 66 -1727.7
27 67 -1949.07
27 68 -2143.99
27 69 -2309.18
27 70 -2442.03
27 71 -2540.46
27 72 -2603.17
27 73 -2629.51
27 74 -2619.74
27 75 -2574.9
27 76 -2496.91
27 77 -2388.52
27 78 -2253.3
27 79 -2095.41
27 80 -1919.57
27 81 -1730.83
27 82 -1534.35
27 83 -1335.28
27 84 -1138.52
27 85 -948.516
27 86 -769.241
27 87 -603.956
27 88 -455.245
27 89 -324.949
27 90 -214.137
27 91 -123.239
27 92 -51.9513
27 93 0.535593
27 94 35.5954
27 95 55.0085
27 96 60.8802
27 97 55.6548
27 98 41.8937
27 99 22.4022
27 100 0

28 0 0
28 1 -0.569872
28 2 -4.10888
28 3 -13.5372
28 4 -31.5958
28 5 -60.8716
28 6 -103.589
28 7 -161.694
28 8 -236.596
28 9 -329.269
28 10 -440.028
28 11 -568.574
28 12 -713.908
28 13 -874.276
28 14 -1047.27
28 15 -1229.73
28 16 -1417.95
28 17 -1607.65
28 18 -1794.22
28 19 -1972.82
28 20 -2138.57
28 21 -2286.76
28 22 -2412.99
28 23 -2513.4
28 24 -2584.71
28 25 -2624.46
28 26 -2630.89
28 27 -2603.17
28 28 -2541.13
28 29 -2445.48
28 30 -2317.45
28 31 -2159.03
28 32 -1972.61
28 33 -1761.26
28 34 -1528.38
28 35 -1277.98
28 36 -1014.49
28 37 -742.769
28 38 -468.059
28 39 -195.785
28 40 68.6322
28 41 319.935
28 42 553.397
28 43 764.973
28 44 951.485
28 45 1110.7
28 46 1241.29
28 47 1342.68
28 48 1414.81
28 49 1457.93
28 50 1472.28
28 51 1457.93
28 52 1414.81
28 53 1342.68
28 54 1241.29
28 55 1110.7
28 56 951.485
28 57 764.973
28 58 553.397
28 59 319.935
28 60 68.6322
28 61 -195.785
28 62 -468.059
28 63 -742.769
28 64 -1014.49
28 65 -1277.98
28 66 -1528.38
28 67 -1761.26
28 68 -1972.61
28 69 -2159.03
28 70 -2317.45
28 71 -2445.48
28 72 -2541.13
28 73 -2603.17
28 74 -2630.89
28 75 -2624.46
28 76 -2584.71
28 77 -2513.4
28 78 -2412.99
28 79 -2286.76
28 80 -2138.57
28 81 -1972.82
28 82 -1794.22
28 83 -1607.65
28 84 -1417.95
28 85 -1229.73
28 86 -1047.27
28 87 -874.276
28 88 -713.908
28 89 -568.574
28 90 -440.028
28 91 -329.269
28 92 -236.596
28 93 -161.694
28 94 -103.589
28 95 -60.8716
28 96 -31.5958
28 97 -13.5372
28 98 -4.10888
28 99 -0.569872
28 100 0

29 0 0
29 1 -28.4368
29 2 -59.7646
29 3 -96.7626
29 4 -142.075
29 5 -198.018
29 6 -266.627
29 7 -349.419
29 8 -447.471
29 9 -561.204
29 10 -690.447
29 11 -834.313
29 12 -991.225
29 13 -1158.92
