0 0 0
0 1 0
0 2 0
0 3 0
0 4 0
0 5 0
0 6 0
0 7 0
0 8 0
0 9 0
0 10 0
0 11 0
0 12 0
0 13 0
0 14 0
0 15 0
0 16 0
0 17 0
0 18 0
0 19 0
0 20 0
0 21 0
0 22 0
0 23 0
0 24 0
0 25 0
0 26 0
0 27 0
0 28 0
0 29 0
0 30 0
0 31 0
0 32 0
0 33 0
0 34 0
0 35 0
0 36 0
0 37 0
0 38 0
0 39 0
0 40 0
0 41 0
0 42 0
0 43 0
0 44 0
0 45 0
0 46 0
0 47 0
0 48 0
0 49 0
0 50 0
0 51 0
0 52 0
0 53 0
0 54 0
0 55 0
0 56 0
0 57 0
0 58 0
0 59 0
0 60 0
0 61 0
0 62 0
0 63 0
0 64 0
0 65 0
0 66 0
0 67 0
0 68 0
0 69 0
0 70 0
0 71 0
0 72 0
0 73 0
0 74 0
0 75 0
0 76 0
0 77 0
0 78 0
0 79 0
0 80 0
0 81 0
0 82 0
0 83 0
0 84 0
0 85 0
0 86 0
0 87 0
0 88 0
0 89 0
0 90 0
0 91 0
0 92 0
0 93 0
0 94 0
0 95 0
0 96 0
0 97 0
0 98 0
0 99 0
0 100 0

1 0 0
1 1 0.828569
1 2 1.66856
1 3 2.52104
1 4 3.40625
1 5 4.3226
1 6 5.29051
1 7 6.31796
1 8 7.41797
1 9 8.61534
1 10 9.91808
1 11 11.3635
1 12 12.9676
1 13 14.7676
1 14 16.8011
1 15 19.0958
1 16 21.7099
1 17 24.6677
1 18 28.0227
1 19 31.8088
1 20 36.0382
1 21 40.728
1 22 45.8427
1 23 51.3113
1 24 57.0406
1 25 62.8455
1 26 68.4918
1 27 73.6811
1 28 78.0329
1 29 81.1242
1 30 82.49
1 31 81.6515
1 32 78.1446
1 33 71.5717
1 34 61.6438
1 35 48.2215
1 36 31.3138
1 37 11.1472
1 38 -11.8536
1 39 -37.0962
1 40 -63.8421
1 41 -91.2393
1 42 -118.399
1 43 -144.443
1 44 -168.56
1 45 -190.048
1 46 -208.327
1 47 -222.95
1 48 -233.597
1 49 -240.059
1 50 -242.223
1 51 -240.059
1 52 -233.597
1 53 -222.95
1 54 -208.327
1 55 -190.048
1 56 -168.56
1 57 -144.443
1 58 -118.399
1 59 -91.2393
1 60 -63.8421
1 61 -37.0962
1 62 -11.8536
1 63 11.1472
1 64 31.3138
1 65 48.2215
1 66 61.6438
1 67 71.5717
1 68 78.1446
1 69 81.6515
1 70 82.49
1 71 81.1242
1 72 78.0329
1 73 73.6811
1 74 68.4918
1 75 62.8455
1 76 57.0406
1 77 51.3113
1 78 45.8427
1 79 40.728
1 80 36.0382
1 81 31.8088
1 82 28.0227
1 83 24.6677
1 84 21.7099
1 85 19.0958
1 86 16.8011
1 87 14.7676
1 88 12.9676
1 89 11.3635
1 90 9.91808
1 91 8.61534
1 92 7.41797
1 93 6.31796
1 94 5.29051
1 95 4.3226
1 96 3.40625
1 97 2.52104
1 98 1.66856
1 99 0.828569
1 100 0

2 0 0
2 1 1.66856
2 2 3.35853
2 3 5.07418
2 4 6.85248
2 5 8.69471
2 6 10.6391
2 7 12.7049
2 8 14.9186
2 9 17.3291
2 10 19.9551
2 11 22.8675
2 12 26.1004
2 13 29.7277
2 14 33.8167
2 15 38.4398
2 16 43.6853
2 17 49.6312
2 18 56.3629
2 19 63.9343
2 20 72.4063
2 21 81.748
2 22 91.9192
2 23 102.78
2 24 114.093
2 25 125.528
2 26 136.607
2 27 146.725
2 28 155.115
2 29 160.979
2 30 163.368
2 31 161.347
2 32 154.024
2 33 140.648
2 34 120.645
2 35 93.7545
2 36 60.0263
2 37 19.923
2 38 -25.721
2 39 -75.7343
2 40 -128.643
2 41 -182.774
2 42 -236.391
2 43 -287.789
2 44 -335.37
2 45 -377.749
2 46 -413.781
2 47 -442.606
2 48 -463.599
2 49 -476.35
2 50 -480.62
2 51 -476.35
2 52 -463.599
2 53 -442.606
2 54 -413.781
2 55 -377.749
2 56 -335.37
2 57 -287.789
2 58 -236.391
2 59 -182.774
2 60 -128.643
2 61 -75.7343
2 62 -25.721
2 63 19.923
2 64 60.0263
2 65 93.7545
2 66 120.645
2 67 140.648
2 68 154.024
2 69 161.347
2 70 163.368
2 71 160.979
2 72 155.115
2 73 146.725
2 74 136.607
2 75 125.528
2 76 114.093
2 77 102.78
2 78 91.9192
2 79 81.748
2 80 72.4063
2 81 63.9343
2 82 56.3629
2 83 49.6312
2 84 43.6853
2 85 38.4398
2 86 33.8167
2 87 29.7277
2 88 26.1004
2 89 22.8675
2 90 19.9551
2 91 17.3291
2 92 14.9186
2 93 12.7049
2 94 10.6391
2 95 8.69471
2 96 6.85248
2 97 5.07418
2 98 3.35853
2 99 1.66856
2 100 0

3 0 0
3 1 2.52104
3 2 5.07418
3 3 7.67109
3 4 10.3624
3 5 13.1558
3 6 16.1046
3 7 19.2384
3 8 22.5991
3 9 26.2548
3 10 30.2419
3 11 34.6599
3 12 39.5678
3 13 45.0699
3 14 51.2764
3 15 58.2741
3 16 66.2202
3 17 75.1909
3 18 85.3252
3 19 96.7113
3 20 109.368
3 21 123.319
3 22 138.433
3 23 154.481
3 24 171.146
3 25 187.863
3 26 203.925
3 27 218.435
3 28 230.285
3 29 238.242
3 30 240.978
3 31 237.138
3 32 225.435
3 33 204.781
3 34 174.414
3 35 133.998
3 36 83.6404
3 37 24.0488
3 38 -43.5156
3 39 -117.321
3 40 -195.232
3 41 -274.818
3 42 -353.547
3 43 -428.927
3 44 -498.66
3 45 -560.75
3 46 -613.547
3 47 -655.78
3 48 -686.533
3 49 -705.2
3 50 -711.454
3 51 -705.2
3 52 -686.533
3 53 -655.78
3 54 -613.547
3 55 -560.75
3 56 -498.66
3 57 -428.927
3 58 -353.547
3 59 -274.818
3 60 -195.232
3 61 -117.321
3 62 -43.5156
3 63 24.0488
3 64 83.6404
3 65 133.998
3 66 174.414
3 67 204.781
3 68 225.435
3 69 237.138
3 70 240.978
3 71 238.242
3 72 230.285
3 73 218.435
3 74 203.925
3 75 187.863
3 76 171.146
3 77 154.481
3 78 138.433
3 79 123.319
3 80 109.368
3 81 96.7113
3 82 85.3252
3 83 75.1909
3 84 66.2202
3 85 58.2741
3 86 51.2764
3 87 45.0699
3 88 39.5678
3 89 34.6599
3 90 30.2419
3 91 26.2548
3 92 22.5991
3 93 19.2384
3 94 16.1046
3 95 13.1558
3 96 10.3624
3 97 7.67109
3 98 5.07418
3 99 2.52104
3 100 0

4 0 0
4 1 3.40625
4 2 6.85248
4 3 10.3624
4 4 13.9931
4 5 17.7685
4 6 21.7513
4 7 25.9891
4 8 30.5396
4 9 35.4897
4 10 40.8989
4 11 46.8877
4 12 53.5429
4 13 61.001
4 14 69.3908
4 15 78.8592
4 16 89.5555
4 17 101.63
4 18 115.218
4 19 130.401
4 20 147.255
4 21 165.682
4 22 185.546
4 23 206.524
4 24 228.091
4 25 249.557
4 26 269.949
4 27 288.069
4 28 302.46
4 29 311.579
4 30 313.677
4 31 307.057
4 32 290.123
4 33 261.574
4 34 220.475
4 35 166.473
4 36 99.8082
4 37 21.4544
4 38 -66.9421
4 39 -163.129
4 40 -264.336
4 41 -367.464
4 42 -469.298
4 43 -566.696
4 44 -656.729
4 45 -736.853
4 46 -804.957
4 47 -859.435
4 48 -899.112
4 49 -923.213
4 50 -931.287
4 51 -923.213
4 52 -899.112
4 53 -859.435
4 54 -804.957
4 55 -736.853
4 56 -656.729
4 57 -566.696
4 58 -469.298
4 59 -367.464
4 60 -264.336
4 61 -163.129
4 62 -66.9421
4 63 21.4544
4 64 99.8082
4 65 166.473
4 66 220.475
4 67 261.574
4 68 290.123
4 69 307.057
4 70 313.677
4 71 311.579
4 72 302.46
4 73 288.069
4 74 269.949
4 75 249.557
4 76 228.091
4 77 206.524
4 78 185.546
4 79 165.682
4 80 147.255
4 81 130.401
4 82 115.218
4 83 101.63
4 84 89.5555
4 85 78.8592
4 86 69.3908
4 87 61.001
4 88 53.5429
4 89 46.8877
4 90 40.8989
4 91 35.4897
4 92 30.5396
4 93 25.9891
4 94 21.7513
4 95 17.7685
4 96 13.9931
4 97 10.3624
4 98 6.85248
4 99 3.40625
4 100 0

5 0 0
5 1 4.3226
5 2 8.69471
5 3 13.1558
5 4 17.7685
5 5 22.5749
5 6 27.6469
5 7 33.0474
5 8 38.8545
5 9 45.1669
5 10 52.0757
5 11 59.7165
5 12 68.2123
5 13 77.7184
5 14 88.4086
5 15 100.43
5 16 113.996
5 17 129.231
5 18 146.303
5 19 165.311
5 20 186.224
5 21 208.999
5 22 233.339
5 23 258.8
5 24 284.756
5 25 310.237
5 26 334.056
5 27 354.729
5 28 370.526
5 29 379.521
5 30 379.73
5 31 369.157
5 32 345.993
5 33 308.761
5 34 256.519
5 35 188.952
5 36 106.478
5 37 10.3391
5 38 -97.4181
5 39 -214.073
5 40 -336.346
5 41 -460.585
5 42 -583.003
5 43 -699.896
5 44 -807.852
5 45 -903.884
5 46 -985.517
5 47 -1050.82
5 48 -1098.39
5 49 -1127.28
5 50 -1136.96
5 51 -1127.28
5 52 -1098.39
5 53 -1050.82
5 54 -985.517
5 55 -903.884
5 56 -807.852
5 57 -699.896
5 58 -583.003
5 59 -460.585
5 60 -336.346
5 61 -214.073
5 62 -97.4181
5 63 10.3391
5 64 106.478
5 65 188.952
5 66 256.519
5 67 308.761
5 68 345.993
5 69 369.157
5 70 379.73
5 71 379.521
5 72 370.526
5 73 354.729
5 74 334.056
5 75 310.237
5 76 284.756
5 77 258.8
5 78 233.339
5 79 208.999
5 80 186.224
5 81 165.311
5 82 146.303
5 83 129.231
5 84 113.996
5 85 100.43
5 86 88.4086
5 87 77.7184
5 88 68.2123
5 89 59.7165
5 90 52.0757
5 91 45.1669
5 92 38.8545
5 93 33.0474
5 94 27.6469
5 95 22.5749
5 96 17.7685
5 97 13.1558
5 98 8.69471
5 99 4.3226
5 100 0

6 0 0
6 1 5.29051
6 2 10.6391
6 3 16.1046
6 4 21.7513
6 5 27.6469
6 6 33.868
6 7 40.5011
6 8 47.642
6 9 55.4047
6 10 63.9133
6 11 73.3149
6 12 83.7665
6 13 95.4506
6 14 108.545
6 15 123.261
6 16 139.766
6 17 158.255
6 18 178.851
6 19 201.602
6 20 226.516
6 21 253.351
6 22 281.782
6 23 311.216
6 24 340.773
6 25 369.352
6 26 395.478
6 27 417.42
6 28 433.162
6 29 440.579
6 30 437.402
6 31 421.498
6 32 390.934
6 33 344.232
6 34 280.465
6 35 199.474
6 36 101.903
6 37 -10.7038
6 38 -135.973
6 39 -270.78
6 40 -411.424
6 41 -553.832
6 42 -693.809
6 43 -827.264
6 44 -950.406
6 45 -1059.91
6 46 -1153
6 47 -1227.49
6 48 -1281.78
6 49 -1314.77
6 50 -1325.83
6 51 -1314.77
6 52 -1281.78
6 53 -1227.49
6 54 -1153
6 55 -1059.91
6 56 -950.406
6 57 -827.264
6 58 -693.809
6 59 -553.832
6 60 -411.424
6 61 -270.78
6 62 -135.973
6 63 -10.7038
6 64 101.903
6 65 199.474
6 66 280.465
6 67 344.232
6 68 390.934
6 69 421.498
6 70 437.402
6 71 440.579
6 72 433.162
6 73 417.42
6 74 395.478
6 75 369.352
6 76 340.773
6 77 311.216
6 78 281.782
6 79 253.351
6 80 226.516
6 81 201.602
6 82 178.851
6 83 158.255
6 84 139.766
6 85 123.261
6 86 108.545
6 87 95.4506
6 88 83.7665
6 89 73.3149
6 90 63.9133
6 91 55.4047
6 92 47.642
6 93 40.5011
6 94 33.868
6 95 27.6469
6 96 21.7513
6 97 16.1046
6 98 10.6391
6 99 5.29051
6 100 0

7 0 0
7 1 6.31796
7 2 12.7049
7 3 19.2384
7 4 25.9891
7 5 33.0474
7 6 40.5011
7 7 48.4557
7 8 57.0308
7 9 66.3527
7 10 76.5803
7 11 87.8704
7 12 100.417
7 13 114.409
7 14 130.063
7 15 147.572
7 16 167.146
7 17 188.931
7 18 213.034
7 19 239.489
7 20 268.133
7 21 298.73
7 22 330.733
7 23 363.39
7 24 395.672
7 25 426.18
7 26 453.269
7 27 474.932
7 28 489.006
7 29 493.102
7 30 484.913
7 31 462.185
7 32 423.048
7 33 366.07
7 34 290.533
7 35 196.456
7 36 84.7889
7 37 -42.6604
7 38 -183.198
7 39 -333.413
7 40 -489.311
7 41 -646.57
7 42 -800.737
7 43 -947.489
7 44 -1082.8
7 45 -1203.13
7 46 -1305.46
7 47 -1387.41
7 48 -1447.17
7 49 -1483.52
7 50 -1495.71
7 51 -1483.52
7 52 -1447.17
7 53 -1387.41
7 54 -1305.46
7 55 -1203.13
7 56 -1082.8
7 57 -947.489
7 58 -800.737
7 59 -646.57
7 60 -489.311
7 61 -333.413
7 62 -183.198
7 63 -42.6604
7 64 84.7889
7 65 196.456
7 66 290.533
7 67 366.07
7 68 423.048
7 69 462.185
7 70 484.913
7 71 493.102
7 72 489.006
7 73 474.932
7 74 453.269
7 75 426.18
7 76 395.672
7 77 363.39
7 78 330.733
7 79 298.73
7 80 268.133
7 81 239.489
7 82 213.034
7 83 188.931
7 84 167.146
7 85 147.572
7 86 130.063
7 87 114.409
7 88 100.417
7 89 87.8704
7 90 76.5803
7 91 66.3527
7 92 57.0308
7 93 48.4557
7 94 40.5011
7 95 33.0474
7 96 25.9891
7 97 19.2384
7 98 12.7049
7 99 6.31796
7 100 0

8 0 0
8 1 7.41797
8 2 14.9186
8 3 22.5991
8 4 30.5396
8 5 38.8545
8 6 47.642
8 7 57.0308
8 8 67.16
8 9 78.1727
8 10 90.2583
8 11 103.586
8 12 118.376
8 13 134.839
8 14 153.176
8 15 173.629
8 16 196.33
8 17 221.454
8 18 249.026
8 19 278.971
8 20 311.102
8 21 344.939
8 22 379.847
8 23 414.865
8 24 448.702
8 25 479.817
8 26 506.272
8 27 525.945
8 28 536.469
8 29 535.438
8 30 520.461
8 31 489.43
8 32 440.553
8 33 372.674
8 34 285.288
8 35 178.757
8 36 54.2943
8 37 -85.9836
8 38 -239.186
8 39 -401.685
8 40 -569.392
8 41 -737.873
8 42 -902.623
8 43 -1059.22
8 44 -1203.57
8 45 -1331.98
8 46 -1441.31
8 47 -1528.97
8 48 -1592.97
8 49 -1631.92
8 50 -1645
8 51 -1631.92
8 52 -1592.97
8 53 -1528.97
8 54 -1441.31
8 55 -1331.98
8 56 -1203.57
8 57 -1059.22
8 58 -902.623
8 59 -737.873
8 60 -569.392
8 61 -401.685
8 62 -239.186
8 63 -85.9836
8 64 54.2943
8 65 178.757
8 66 285.288
8 67 372.674
8 68 440.553
8 69 489.43
8 70 520.461
8 71 535.438
8 72 536.469
8 73 525.945
8 74 506.272
8 75 479.817
8 76 448.702
8 77 414.865
8 78 379.847
8 79 344.939
8 80 311.102
8 81 278.971
8 82 249.026
8 83 221.454
8 84 196.33
8 85 173.629
8 86 153.176
8 87 134.839
8 88 118.376
8 89 103.586
8 90 90.2583
8 91 78.1727
8 92 67.16
8 93 57.0308
8 94 47.642
8 95 38.8545
8 96 30.5396
8 97 22.5991
8 98 14.9186
8 99 7.41797
8 100 0

9 0 0
9 1 8.61534
9 2 17.3291
9 3 26.2548
9 4 35.4897
9 5 45.1669
9 6 55.4047
9 7 66.3527
9 8 78.1727
9 9 91.0286
9 10 105.132
9 11 120.667
9 12 137.875
9 13 156.957
9 14 178.144
9 15 201.614
9 16 227.523
9 17 255.948
9 18 286.845
9 19 320.062
9 20 355.2
9 21 391.688
9 22 428.642
9 23 464.896
9 24 498.981
9 25 529.075
9 26 553.163
9 27 568.889
9 28 573.934
9 29 565.815
9 30 542.348
9 31 501.523
9 32 441.941
9 33 362.708
9 34 263.742
9 35 145.689
9 36 10.1464
9 37 -140.597
9 38 -303.481
9 39 -474.869
9 40 -650.664
9 41 -826.555
9 42 -998.131
9 43 -1161.1
9 44 -1311.36
9 45 -1445.19
9 46 -1559.32
9 47 -1651.02
9 48 -1718.1
9 49 -1758.98
9 50 -1772.72
9 51 -1758.98
9 52 -1718.1
9 53 -1651.02
9 54 -1559.32
9 55 -1445.19
9 56 -1311.36
9 57 -1161.1
9 58 -998.131
9 59 -826.555
9 60 -650.664
9 61 -474.869
9 62 -303.481
9 63 -140.597
9 64 10.1464
9 65 145.689
9 66 263.742
9 67 362.708
9 68 441.941
9 69 501.523
9 70 542.348
9 71 565.815
9 72 573.934
9 73 568.889
9 74 553.163
9 75 529.075
9 76 498.981
9 77 464.896
9 78 428.642
9 79 391.688
9 80 355.2
9 81 320.062
9 82 286.845
9 83 255.948
9 84 227.523
9 85 201.614
9 86 178.144
9 87 156.957
9 88 137.875
9 89 120.667
9 90 105.132
9 91 91.0286
9 92 78.1727
9 93 66.3527
9 94 55.4047
9 95 45.1669
9 96 35.4897
9 97 26.2548
9 98 17.3291
9 99 8.61534
9 100 0

10 0 0
10 1 9.91808
10 2 19.9551
10 3 30.2419
10 4 40.8989
10 5 52.0757
10 6 63.9133
10 7 76.5803
10 8 90.2583
10 9 105.132
10 10 121.429
10 11 139.351
10 12 159.136
10 13 181.008
10 14 205.14
10 15 231.735
10 16 260.827
10 17 292.463
10 18 326.467
10 19 362.522
10 20 400.108
10 21 438.403
10 22 476.345
10 23 512.543
10 24 545.289
10 25 572.645
10 26 592.352
10 27 602.149
10 28 599.619
10 29 582.536
10 30 548.861
10 31 497.051
10 32 425.991
10 33 335.336
10 34 225.367
10 35 97.1982
10 36 -47.3718
10 37 -205.822
10 38 -375.111
10 39 -551.679
10 40 -731.708
10 41 -911.134
10 42 -1085.85
10 43 -1251.76
10 44 -1404.94
10 45 -1541.69
10 46 -1658.66
10 47 -1752.91
10 48 -1822.03
10 49 -1864.24
10 50 -1878.44
10 51 -1864.24
10 52 -1822.03
10 53 -1752.91
10 54 -1658.66
10 55 -1541.69
10 56 -1404.94
10 57 -1251.76
10 58 -1085.85
10 59 -911.134
10 60 -731.708
10 61 -551.679
10 62 -375.111
10 63 -205.822
10 64 -47.3718
10 65 97.1982
10 66 225.367
10 67 335.336
10 68 425.991
10 69 497.051
10 70 548.861
10 71 582.536
10 72 599.619
10 73 602.149
10 74 592.352
10 75 572.645
10 76 545.289
10 77 512.543
10 78 476.345
10 79 438.403
10 80 400.108
10 81 362.522
10 82 326.467
10 83 292.463
10 84 260.827
10 85 231.735
10 86 205.14
10 87 181.008
10 88 159.136
10 89 139.351
10 90 121.429
10 91 105.132
10 92 90.2583
10 93 76.5803
10 94 63.9133
10 95 52.0757
10 96 40.8989
10 97 30.2419
10 98 19.9551
10 99 9.91808
10 100 0

11 0 0
11 1 11.3635
11 2 22.8675
11 3 34.6599
11 4 46.8877
11 5 59.7165
11 6 73.3149
11 7 87.8704
11 8 103.586
11 9 120.667
11 10 139.351
11 11 159.845
11 12 182.396
11 13 207.175
11 14 234.379
11 15 264.077
11 16 296.304
11 17 330.929
11 18 367.665
11 19 406.026
11 20 445.264
11 21 484.358
11 22 522.013
11 23 556.606
11 24 586.268
11 25 608.859
11 26 622.186
11 27 623.865
11 28 611.788
11 29 583.888
11 30 538.607
11 31 474.755
11 32 391.888
11 33 290.1
11 34 170.231
11 35 33.7151
11 36 -117.334
11 37 -280.392
11 38 -452.52
11 39 -630.476
11 40 -810.811
11 41 -989.94
11 42 -1164.21
11 43 -1329.91
11 44 -1483.32
11 45 -1620.78
11 46 -1738.87
11 47 -1834.42
11 48 -1904.76
11 49 -1947.83
11 50 -1962.35
11 51 -1947.83
11 52 -1904.76
11 53 -1834.42
11 54 -1738.87
11 55 -1620.78
11 56 -1483.32
11 57 -1329.91
11 58 -1164.21
11 59 -989.94
11 60 -810.811
11 61 -630.476
11 62 -452.52
11 63 -280.392
11 64 -117.334
11 65 33.7151
11 66 170.231
11 67 290.1
11 68 391.888
11 69 474.755
11 70 538.607
11 71 583.888
11 72 611.788
11 73 623.865
11 74 622.186
11 75 608.859
11 76 586.268
11 77 556.606
11 78 522.013
11 79 484.358
11 80 445.264
11 81 406.026
11 82 367.665
11 83 330.929
11 84 296.304
11 85 264.077
11 86 234.379
11 87 207.175
11 88 182.396
11 89 159.845
11 90 139.351
11 91 120.667
11 92 103.586
11 93 87.8704
11 94 73.3149
11 95 59.7165
11 96 46.8877
11 97 34.6599
11 98 22.8675
11 99 11.3635
11 100 0

12 0 0
12 1 12.9676
12 2 26.1004
12 3 39.5678
12 4 53.5429
12 5 68.2123
12 6 83.7665
12 7 100.417
12 8 118.376
12 9 137.875
12 10 159.136
12 11 182.396
12 12 207.837
12 13 235.659
12 14 265.926
12 15 298.709
12 16 333.855
12 17 371.14
12 18 410.082
12 19 449.987
12 20 489.885
12 21 528.533
12 22 564.38
12 23 595.626
12 24 620.233
12 25 636.029
12 26 640.735
12 27 632.286
12 28 608.682
12 29 568.395
12 30 510.288
12 31 433.89
12 32 339.26
12 33 227.185
12 34 98.9627
12 35 -43.5707
12 36 -198.21
12 37 -362.464
12 38 -533.678
12 39 -709.105
12 40 -885.891
12 41 -1061.11
12 42 -1231.67
12 43 -1394.32
12 44 -1545.62
12 45 -1682.01
12 46 -1799.87
12 47 -1895.81
12 48 -1966.76
12 49 -2010.37
12 50 -2025.08
12 51 -2010.37
12 52 -1966.76
12 53 -1895.81
12 54 -1799.87
12 55 -1682.01
12 56 -1545.62
12 57 -1394.32
12 58 -1231.67
12 59 -1061.11
12 60 -885.891
12 61 -709.105
12 62 -533.678
12 63 -362.464
12 64 -198.21
12 65 -43.5707
12 66 98.9627
12 67 227.185
12 68 339.26
12 69 433.89
12 70 510.288
12 71 568.395
12 72 608.682
12 73 632.286
12 74 640.735
12 75 636.029
12 76 620.233
12 77 595.626
12 78 564.38
12 79 528.533
12 80 489.885
12 81 449.987
12 82 410.082
12 83 371.14
12 84 333.855
12 85 298.709
12 86 265.926
12 87 235.659
12 88 207.837
12 89 182.396
12 90 159.136
12 91 137.875
12 92 118.376
12 93 100.417
12 94 83.7665
12 95 68.2123
12 96 53.5429
12 97 39.5678
12 98 26.1004
12 99 12.9676
12 100 0

13 0 0
13 1 14.7676
13 2 29.7277
13 3 45.0699
13 4 61.001
13 5 77.7184
13 6 95.4506
13 7 114.409
13 8 134.839
13 9 156.957
13 10 181.008
13 11 207.175
13 12 235.659
13 13 266.53
13 14 299.865
13 15 335.515
13 16 373.288
13 17 412.709
13 18 453.128
13 19 493.611
13 20 532.953
13 21 569.652
13 22 601.968
13 23 627.925
13 24 645.378
13 25 652.155
13 26 646.18
13 27 625.527
13 28 588.738
13 29 534.75
13 30 463.128
13 31 374.036
13 32 268.321
13 33 147.333
13 34 12.8821
13 35 -132.922
13 36 -287.84
13 37 -449.606
13 38 -616.069
13 39 -785.113
13 40 -954.704
13 41 -1122.66
13 42 -1286.64
13 43 -1443.88
13 44 -1591.26
13 45 -1725.2
13 46 -1841.95
13 47 -1937.67
13 48 -2008.93
13 49 -2052.89
13 50 -2067.77
13 51 -2052.89
13 52 -2008.93
13 53 -1937.67
13 54 -1841.95
13 55 -1725.2
13 56 -1591.26
13 57 -1443.88
13 58 -1286.64
13 59 -1122.66
13 60 -954.704
13 61 -785.113
13 62 -616.069
13 63 -449.606
13 64 -287.84
13 65 -132.922
13 66 12.8821
13 67 147.333
13 68 268.321
13 69 374.036
13 70 463.128
13 71 534.75
13 72 588.738
13 73 625.527
13 74 646.18
13 75 652.155
13 76 645.378
13 77 627.925
13 78 601.968
13 79 569.652
13 80 532.953
13 81 493.611
13 82 453.128
13 83 412.709
13 84 373.288
13 85 335.515
13 86 299.865
13 87 266.53
13 88 235.659
13 89 207.175
13 90 181.008
13 91 156.957
13 92 134.839
13 93 114.409
13 94 95.4506
13 95 77.7184
13 96 61.001
13 97 45.0699
13 98 29.7277
13 99 14.7676
13 100 0

14 0 0
14 1 16.8011
14 2 33.8167
14 3 51.2764
14 4 69.3908
14 5 88.4086
14 6 108.545
14 7 130.063
14 8 153.176
14 9 178.144
14 10 205.14
14 11 234.379
14 12 265.926
14 13 299.865
14 14 336.058
14 15 374.313
14 16 414.189
14 17 455.041
14 18 495.992
14 19 535.845
14 20 573.149
14 21 606.202
14 22 633.046
14 23 651.59
14 24 659.714
14 25 655.314
14 26 636.55
14 27 601.98
14 28 550.592
14 29 482.072
14 30 396.697
14 31 295.455
14 32 179.885
14 33 51.975
14 34 -86.0351
14 35 -231.89
14 36 -383.459
14 37 -538.925
14 38 -696.754
14 39 -855.759
14 40 -1014.77
14 41 -1172.59
14 42 -1327.6
14 43 -1477.64
14 44 -1619.78
14 45 -1750.5
14 46 -1865.63
14 47 -1960.97
14 48 -2032.44
14 49 -2076.81
14 50 -2091.82
14 51 -2076.81
14 52 -2032.44
14 53 -1960.97
14 54 -1865.63
14 55 -1750.5
14 56 -1619.78
14 57 -1477.64
14 58 -1327.6
14 59 -1172.59
14 60 -1014.77
14 61 -855.759
14 62 -696.754
14 63 -538.925
14 64 -383.459
14 65 -231.89
14 66 -86.0351
14 67 51.975
14 68 179.885
14 69 295.455
14 70 396.697
14 71 482.072
14 72 550.592
14 73 601.98
14 74 636.55
14 75 655.314
14 76 659.714
14 77 651.59
14 78 633.046
14 79 606.202
14 80 573.149
14 81 535.845
14 82 495.992
14 83 455.041
14 84 414.189
14 85 374.313
14 86 336.058
14 87 299.865
14 88 265.926
14 89 234.379
14 90 205.14
14 91 178.144
14 92 153.176
14 93 130.063
14 94 108.545
14 95 88.4086
14 96 69.3908
14 97 51.2764
14 98 33.8167
14 99 16.8011
14 100 0

15 0 0
15 1 19.0958
15 2 38.4398
15 3 58.2741
15 4 78.8592
15 5 100.43
15 6 123.261
15 7 147.572
15 8 173.629
15 9 201.614
15 10 231.735
15 11 264.077
15 12 298.709
15 13 335.515
15 14 374.313
15 15 414.655
15 16 455.95
15 17 497.311
15 18 537.583
15 19 575.359
15 20 608.923
15 21 636.385
15 22 655.64
15 23 664.61
15 24 661.167
15 25 643.52
15 26 610.175
15 27 560.196
15 28 493.308
15 29 409.937
15 30 311.232
15 31 198.992
15 32 75.5033
15 33 -56.7178
15 34 -195.105
15 35 -337.39
15 36 -481.775
15 37 -627.031
15 38 -772.518
15 39 -918.038
15 40 -1063.56
15 41 -1208.86
15 42 -1353.15
15 43 -1494.75
15 44 -1631
15 45 -1758.16
15 46 -1871.72
15 47 -1966.81
15 48 -2038.76
15 49 -2083.65
15 50 -2098.92
15 51 -2083.65
15 52 -2038.76
15 53 -1966.81
15 54 -1871.72
15 55 -1758.16
15 56 -1631
15 57 -1494.75
15 58 -1353.15
15 59 -1208.86
15 60 -1063.56
15 61 -918.038
15 62 -772.518
15 63 -627.031
15 64 -481.775
15 65 -337.39
15 66 -195.105
15 67 -56.7178
15 68 75.5033
15 69 198.992
15 70 311.232
15 71 409.937
15 72 493.308
15 73 560.196
15 74 610.175
15 75 643.52
15 76 661.167
15 77 664.61
15 78 655.64
15 79 636.385
15 80 608.923
15 81 575.359
15 82 537.583
15 83 497.311
15 84 455.95
15 85 414.655
15 86 374.313
15 87 335.515
15 88 298.709
15 89 264.077
15 90 231.735
15 91 201.614
15 92 173.629
15 93 147.572
15 94 123.261
15 95 100.43
15 96 78.8592
15 97 58.2741
15 98 38.4398
15 99 19.0958
15 100 0

16 0 0
16 1 21.7099
16 2 43.6853
16 3 66.2202
16 4 89.5555
16 5 113.996
16 6 139.766
16 7 167.146
16 8 196.33
16 9 227.523
16 10 260.827
16 11 296.304
16 12 333.855
16 13 373.288
16 14 414.189
16 15 455.95
16 16 497.745
16 17 538.397
16 18 576.576
16 19 610.55
16 20 638.456
16 21 658.221
16 22 667.711
16 23 664.84
16 24 647.769
16 25 614.971
16 26 565.529
16 27 499.179
16 28 416.402
16 29 318.558
16 30 207.63
16 31 86.2866
16 32 -42.5462
16 33 -175.863
16 34 -310.984
16 35 -445.78
16 36 -578.982
16 37 -710.189
16 38 -839.836
16 39 -968.901
16 40 -1098.51
16 41 -1229.53
16 42 -1361.94
16 43 -1494.57
16 44 -1624.81
16 45 -1748.7
16 46 -1861.12
16 47 -1956.49
16 48 -2029.35
16 49 -2075.11
16 50 -2090.7
16 51 -2075.11
16 52 -2029.35
16 53 -1956.49
16 54 -1861.12
16 55 -1748.7
16 56 -1624.81
16 57 -1494.57
16 58 -1361.94
16 59 -1229.53
16 60 -1098.51
16 61 -968.901
16 62 -839.836
16 63 -710.189
16 64 -578.982
16 65 -445.78
16 66 -310.984
16 67 -175.863
16 68 -42.5462
16 69 86.2866
16 70 207.63
16 71 318.558
16 72 416.402
16 73 499.179
16 74 565.529
16 75 614.971
16 76 647.769
16 77 664.84
16 78 667.711
16 79 658.221
16 80 638.456
16 81 610.55
16 82 576.576
16 83 538.397
16 84 497.745
16 85 455.95
16 86 414.189
16 87 373.288
16 88 333.855
16 89 296.304
16 90 260.827
16 91 227.523
16 92 196.33
16 93 167.146
16 94 139.766
16 95 113.996
16 96 89.5555
16 97 66.2202
16 98 43.6853
16 99 21.7099
16 100 0

17 0 0
17 1 24.6677
17 2 49.6312
17 3 75.1909
17 4 101.63
17 5 129.231
17 6 158.255
17 7 188.931
17 8 221.454
17 9 255.948
17 10 292.463
17 11 330.929
17 12 371.14
17 13 412.709
17 14 455.041
17 15 497.311
17 16 538.397
17 17 576.96
17 18 611.306
17 19 639.593
17 20 659.728
17 21 669.592
17 22 667.062
17 23 650.266
17 24 617.626
17 25 568.176
17 26 501.617
17 27 418.467
17 28 320.155
17 29 208.872
17 30 87.6273
17 31 -40.2334
17 32 -171.128
17 33 -301.835
17 34 -429.61
17 35 -552.815
17 36 -670.857
17 37 -784.408
17 38 -895.072
17 39 -1005.18
17 40 -1117.09
17 41 -1232.73
17 42 -1352.82
17 43 -1476.55
17 44 -1601.28
17 45 -1722.62
17 46 -1834.76
17 47 -1931.24
17 48 -2005.69
17 49 -2052.75
17 50 -2068.85
17 51 -2052.75
17 52 -2005.69
17 53 -1931.24
17 54 -1834.76
17 55 -1722.62
17 56 -1601.28
17 57 -1476.55
17 58 -1352.82
17 59 -1232.73
17 60 -1117.09
17 61 -1005.18
17 62 -895.072
17 63 -784.408
17 64 -670.857
17 65 -552.815
17 66 -429.61
17 67 -301.835
17 68 -171.128
17 69 -40.2334
17 70 87.6273
17 71 208.872
17 72 320.155
17 73 418.467
17 74 501.617
17 75 568.176
17 76 617.626
17 77 650.266
17 78 667.062
17 79 669.592
17 80 659.728
17 81 639.593
17 82 611.306
17 83 576.96
17 84 538.397
17 85 497.311
17 86 455.041
17 87 412.709
17 88 371.14
17 89 330.929
17 90 292.463
17 91 255.948
17 92 221.454
17 93 188.931
17 94 158.255
17 95 129.231
17 96 101.63
17 97 75.1909
17 98 49.6312
17 99 24.6677
17 100 0

18 0 0
18 1 28.0227
18 2 56.3629
18 3 85.3252
18 4 115.218
18 5 146.303
18 6 178.851
18 7 213.034
18 8 249.026
18 9 286.845
18 10 326.467
18 11 367.665
18 12 410.082
18 13 453.128
18 14 495.992
18 15 537.583
18 16 576.576
18 17 611.306
18 18 639.952
18 19 660.429
18 20 670.59
18 21 668.328
18 22 651.66
18 23 619.004
18 24 569.263
18 25 502.094
18 26 417.97
18 27 318.337
18 28 205.515
18 29 82.7604
18 30 -46.2109
18 31 -177.218
18 32 -306.367
18 33 -430.217
18 34 -546.42
18 35 -653.824
18 36 -752.882
18 37 -845.427
18 38 -934.509
18 39 -1023.77
18 40 -1116.87
18 41 -1216.71
18 42 -1324.71
18 43 -1440.24
18 44 -1560.48
18 45 -1680.46
18 46 -1793.51
18 47 -1892.16
18 48 -1969.03
18 49 -2017.92
18 50 -2034.69
18 51 -2017.92
18 52 -1969.03
18 53 -1892.16
18 54 -1793.51
18 55 -1680.46
18 56 -1560.48
18 57 -1440.24
18 58 -1324.71
18 59 -1216.71
18 60 -1116.87
18 61 -1023.77
18 62 -934.509
18 63 -845.427
18 64 -752.882
18 65 -653.824
18 66 -546.42
18 67 -430.217
18 68 -306.367
18 69 -177.218
18 70 -46.2109
18 71 82.7604
18 72 205.515
18 73 318.337
18 74 417.97
18 75 502.094
18 76 569.263
18 77 619.004
18 78 651.66
18 79 668.328
18 80 670.59
18 81 660.429
18 82 639.952
18 83 611.306
18 84 576.576
18 85 537.583
18 86 495.992
18 87 453.128
18 88 410.082
18 89 367.665
18 90 326.467
18 91 286.845
18 92 249.026
18 93 213.034
18 94 178.851
18 95 146.303
18 96 115.218
18 97 85.3252
18 98 56.3629
18 99 28.0227
18 100 0

19 0 0
19 1 31.8088
19 2 63.9343
19 3 96.7113
19 4 130.401
19 5 165.311
19 6 201.602
19 7 239.489
19 8 278.971
19 9 320.062
19 10 362.522
19 11 406.026
19 12 449.987
19 13 493.611
19 14 535.845
19 15 575.359
19 16 610.55
19 17 639.593
19 18 660.429
19 19 670.906
19 20 668.896
19 21 652.357
19 22 619.653
19 23 569.571
19 24 501.679
19 25 416.337
19 26 314.954
19 27 199.902
19 28 74.5422
19 29 -57.0685
19 30 -190.265
19 31 -320.494
19 32 -443.499
19 33 -556.052
19 34 -656.199
19 35 -743.76
19 36 -820.278
19 37 -889.012
19 38 -954.436
19 39 -1021.65
19 40 -1095.54
19 41 -1179.9
19 42 -1276.65
19 43 -1385.25
19 44 -1502.49
19 45 -1622.64
19 46 -1738.06
19 47 -1840.1
19 48 -1920.34
19 49 -1971.64
19 50 -1989.3
19 51 -1971.64
19 52 -1920.34
19 53 -1840.1
19 54 -1738.06
19 55 -1622.64
19 56 -1502.49
19 57 -1385.25
19 58 -1276.65
19 59 -1179.9
19 60 -1095.54
19 61 -1021.65
19 62 -954.436
19 63 -889.012
19 64 -820.278
19 65 -743.76
19 66 -656.199
19 67 -556.052
19 68 -443.499
19 69 -320.494
19 70 -190.265
19 71 -57.0685
19 72 74.5422
19 73 199.902
19 74 314.954
19 75 416.337
19 76 501.679
19 77 569.571
19 78 619.653
19 79 652.357
19 80 668.896
19 81 670.906
19 82 660.429
19 83 639.593
19 84 610.55
19 85 575.359
19 86 535.845
19 87 493.611
19 88 449.987
19 89 406.026
19 90 362.522
19 91 320.062
19 92 278.971
19 93 239.489
19 94 201.602
19 95 165.311
19 96 130.401
19 97 96.7113
19 98 63.9343
19 99 31.8088
19 100 0

20 0 0
20 1 36.0382
20 2 72.4063
20 3 109.368
20 4 147.255
20 5 186.224
20 6 226.516
20 7 268.133
20 8 311.102
20 9 355.2
20 10 400.108
20 11 445.264
20 12 489.885
20 13 532.953
20 14 573.149
20 15 608.923
20 16 638.456
20 17 659.728
20 18 670.59
20 19 668.896
20 20 652.571
20 21 619.9
20 22 569.591
20 23 501.061
20 24 414.56
20 25 311.379
20 26 193.837
20 27 65.3348
20 28 -69.8375
20 29 -206.702
20 30 -340.093
20 31 -464.956
20 32 -577.13
20 33 -673.667
20 34 -753.464
20 35 -817.323
20 36 -868.22
20 37 -910.871
20 38 -951.306
20 39 -995.995
20 40 -1050.99
20 41 -1120.83
20 42 -1207.79
20 43 -1311.21
20 44 -1427.3
20 45 -1549.42
20 46 -1668.8
20 47 -1775.6
20 48 -1860.17
20 49 -1914.51
20 50 -1933.25
20 51 -1914.51
20 52 -1860.17
20 53 -1775.6
20 54 -1668.8
20 55 -1549.42
20 56 -1427.3
20 57 -1311.21
20 58 -1207.79
20 59 -1120.83
20 60 -1050.99
20 61 -995.995
20 62 -951.306
20 63 -910.871
20 64 -868.22
20 65 -817.323
20 66 -753.464
20 67 -673.667
20 68 -577.13
20 69 -464.956
20 70 -340.093
20 71 -206.702
20 72 -69.8375
20 73 65.3348
20 74 193.837
20 75 311.379
20 76 414.56
20 77 501.061
20 78 569.591
20 79 619.9
20 80 652.571
20 81 668.896
20 82 670.59
20 83 659.728
20 84 638.456
20 85 608.923
20 86 573.149
20 87 532.953
20 88 489.885
20 89 445.264
20 90 400.108
20 91 355.2
20 92 311.102
20 93 268.133
20 94 226.516
20 95 186.224
20 96 147.255
20 97 109.368
20 98 72.4063
20 99 36.0382
20 100 0

21 0 0
21 1 40.728
21 2 81.748
21 3 123.319
21 4 165.682
21 5 208.999
21 6 253.351
21 7 298.73
21 8 344.939
21 9 391.688
21 10 438.403
21 11 484.358
21 12 528.533
21 13 569.652
21 14 606.202
21 15 636.385
21 16 658.221
21 17 669.592
21 18 668.328
21 19 652.357
21 20 619.9
21 21 569.559
21 22 500.659
21 23 413.265
21 24 308.537
21 25 188.644
21 26 56.955
21 27 -82.1465
21 28 -223.49
21 29 -361.412
21 30 -490.197
21 31 -604.795
21 32 -701.174
21 33 -777.098
21 34 -832.372
21 35 -869.18
21 36 -891.914
21 37 -906.937
21 38 -921.749
21 39 -944.203
21 40 -981.313
21 41 -1038.24
21 42 -1117.37
21 43 -1217.73
21 44 -1334.77
21 45 -1460.82
21 46 -1585.87
21 47 -1698.75
21 48 -1788.66
21 49 -1846.6
21 50 -1866.61
21 51 -1846.6
21 52 -1788.66
21 53 -1698.75
21 54 -1585.87
21 55 -1460.82
21 56 -1334.77
21 57 -1217.73
21 58 -1117.37
21 59 -1038.24
21 60 -981.313
21 61 -944.203
21 62 -921.749
21 63 -906.937
21 64 -891.914
21 65 -869.18
21 66 -832.372
21 67 -777.098
21 68 -701.174
21 69 -604.795
21 70 -490.197
21 71 -361.412
21 72 -223.49
21 73 -82.1465
21 74 56.955
21 75 188.644
21 76 308.537
21 77 413.265
21 78 500.659
21 79 569.559
21 80 619.9
21 81 652.357
21 82 668.328
21 83 669.592
21 84 658.221
21 85 636.385
21 86 606.202
21 87 569.652
21 88 528.533
21 89 484.358
21 90 438.403
21 91 391.688
21 92 344.939
21 93 298.73
21 94 253.351
21 95 208.999
21 96 165.682
21 97 123.319
21 98 81.748
21 99 40.728
21 100 0

22 0 0
22 1 45.8427
22 2 91.9192
22 3 138.433
22 4 185.546
22 5 233.339
22 6 281.782
22 7 330.733
22 8 379.847
22 9 428.642
22 10 476.345
22 11 522.013
22 12 564.38
22 13 601.968
22 14 633.046
22 15 655.64
22 16 667.711
22 17 667.062
22 18 651.66
22 19 619.653
22 20 569.591
22 21 500.659
22 22 412.81
22 23 306.983
22 24 185.202
22 25 50.7161
22 26 -92.1816
22 27 -238.156
22 28 -381.281
22 29 -515.311
22 30 -634.408
22 31 -733.5
22 32 -809.207
22 33 -860.037
22 34 -887.132
22 35 -894.023
22 36 -886.836
22 37 -873.409
22 38 -862.806
22 39 -864.012
22 40 -884.938
22 41 -931.061
22 42 -1004.73
22 43 -1104.42
22 44 -1224.7
22 45 -1356.69
22 46 -1489.05
22 47 -1609.3
22 48 -1705.45
22 49 -1767.55
22 50 -1789.02
22 51 -1767.55
22 52 -1705.45
22 53 -1609.3
22 54 -1489.05
22 55 -1356.69
22 56 -1224.7
22 57 -1104.42
22 58 -1004.73
22 59 -931.061
22 60 -884.938
22 61 -864.012
22 62 -862.806
22 63 -873.409
22 64 -886.836
22 65 -894.023
22 66 -887.132
22 67 -860.037
22 68 -809.207
22 69 -733.5
22 70 -634.408
22 71 -515.311
22 72 -381.281
22 73 -238.156
22 74 -92.1816
22 75 50.7161
22 76 185.202
22 77 306.983
22 78 412.81
22 79 500.659
22 80 569.591
22 81 619.653
22 82 651.66
22 83 667.062
22 84 667.711
22 85 655.64
22 86 633.046
22 87 601.968
22 88 564.38
22 89 522.013
22 90 476.345
22 91 428.642
22 92 379.847
22 93 330.733
22 94 281.782
22 95 233.339
22 96 185.546
22 97 138.433
22 98 91.9192
22 99 45.8427
22 100 0

23 0 0
23 1 51.3113
23 2 102.78
23 3 154.481
23 4 206.524
23 5 258.8
23 6 311.216
23 7 363.39
23 8 414.865
23 9 464.896
23 10 512.543
23 11 556.606
23 12 595.626
23 13 627.925
23 14 651.59
23 15 664.61
23 16 664.84
23 17 650.266
23 18 619.004
23 19 569.571
23 20 501.061
23 21 413.265
23 22 306.983
23 23 183.998
23 24 47.4058
23 25 -98.6822
23 26 -248.916
23 27 -397.238
23 28 -537.064
23 29 -661.892
23 30 -765.797
23 31 -844.252
23 32 -894.475
23 33 -916.276
23 34 -912.028
23 35 -886.995
23 36 -848.805
23 37 -807.012
23 38 -771.912
23 39 -753.617
23 40 -760.574
23 41 -798.5
23 42 -869.37
23 43 -970.95
23 44 -1096.75
23 45 -1236.62
23 46 -1377.87
23 47 -1506.67
23 48 -1609.85
23 49 -1676.54
23 50 -1699.61
23 51 -1676.54
23 52 -1609.85
23 53 -1506.67
23 54 -1377.87
23 55 -1236.62
23 56 -1096.75
23 57 -970.95
23 58 -869.37
23 59 -798.5
23 60 -760.574
23 61 -753.617
23 62 -771.912
23 63 -807.012
23 64 -848.805
23 65 -886.995
23 66 -912.028
23 67 -916.276
23 68 -894.475
23 69 -844.252
23 70 -765.797
23 71 -661.892
23 72 -537.064
23 73 -397.238
23 74 -248.916
23 75 -98.6822
23 76 47.4058
23 77 183.998
23 78 306.983
23 79 413.265
23 80 501.061
23 81 569.571
23 82 619.004
23 83 650.266
23 84 664.84
23 85 664.61
23 86 651.59
23 87 627.925
23 88 595.626
23 89 556.606
23 90 512.543
23 91 464.896
23 92 414.865
23 93 363.39
23 94 311.216
23 95 258.8
23 96 206.524
23 97 154.481
23 98 102.78
23 99 51.3113
23 100 0

24 0 0
24 1 57.0406
24 2 114.093
24 3 171.146
24 4 228.091
24 5 284.756
24 6 340.773
24 7 395.672
24 8 448.702
24 9 498.981
24 10 545.289
24 11 586.268
24 12 620.233
24 13 645.378
24 14 659.714
24 15 661.167
24 16 647.769
24 17 617.626
24 18 569.263
24 19 501.679
24 20 414.56
24 21 308.537
24 22 185.202
24 23 47.4058
24 24 -100.929
24 25 -254.576
24 26 -407.518
24 27 -552.938
24 28 -683.943
24 29 -793.89
24 30 -877.227
24 31 -929.974
24 32 -950.522
24 33 -939.824
24 34 -901.945
24 35 -843.694
24 36 -774.439
24 37 -705.09
24 38 -647.252
24 39 -611.786
24 40 -607.559
24 41 -640.156
24 42 -711.056
24 43 -817.127
24 44 -950.699
24 45 -1100.29
24 46 -1251.79
24 47 -1390.12
24 48 -1500.97
24 49 -1572.64
24 50 -1597.41
24 51 -1572.64
24 52 -1500.97
24 53 -1390.12
24 54 -1251.79
24 55 -1100.29
24 56 -950.699
24 57 -817.127
24 58 -711.056
24 59 -640.156
24 60 -607.559
24 61 -611.786
24 62 -647.252
24 63 -705.09
24 64 -774.439
24 65 -843.694
24 66 -901.945
24 67 -939.824
24 68 -950.522
24 69 -929.974
24 70 -877.227
24 71 -793.89
24 72 -683.943
24 73 -552.938
24 74 -407.518
24 75 -254.576
24 76 -100.929
24 77 47.4058
24 78 185.202
24 79 308.537
24 80 414.56
24 81 501.679
24 82 569.263
24 83 617.626
24 84 647.769
24 85 661.167
24 86 659.714
24 87 645.378
24 88 620.233
24 89 586.268
24 90 545.289
24 91 498.981
24 92 448.702
24 93 395.672
24 94 340.773
24 95 284.756
24 96 228.091
24 97 171.146
24 98 114.093
24 99 57.0406
24 100 0

25 0 0
25 1 62.8455
25 2 125.528
25 3 187.863
25 4 249.557
25 5 310.237
25 6 369.352
25 7 426.18
25 8 479.817
25 9 529.075
25 10 572.645
25 11 608.859
25 12 636.029
25 13 652.155
25 14 655.314
25 15 643.52
25 16 614.971
25 17 568.176
25 18 502.094
25 19 416.337
25 20 311.379
25 21 188.644
25 22 50.7161
25 23 -98.6822
25 24 -254.576
25 25 -411.057
25 26 -561.289
25 27 -698.148
25 28 -814.488
25 29 -903.948
25 30 -961.463
25 31 -984.032
25 32 -971.176
25 33 -925.479
25 34 -852.48
25 35 -760.761
25 36 -661.154
25 37 -566.011
25 38 -487.832
25 39 -438.107
25 40 -425.798
25 41 -456.212
25 42 -530.058
25 43 -643.151
25 44 -786.575
25 45 -947.474
25 46 -1110.41
25 47 -1259.03
25 48 -1378.04
25 49 -1454.91
25 50 -1481.48
25 51 -1454.91
25 52 -1378.04
25 53 -1259.03
25 54 -1110.41
25 55 -947.474
25 56 -786.575
25 57 -643.151
25 58 -530.058
25 59 -456.212
25 60 -425.798
25 61 -438.107
25 62 -487.832
25 63 -566.011
25 64 -661.154
25 65 -760.761
25 66 -852.48
25 67 -925.479
25 68 -971.176
25 69 -984.032
25 70 -961.463
25 71 -903.948
25 72 -814.488
25 73 -698.148
25 74 -561.289
25 75 -411.057
25 76 -254.576
25 77 -98.6822
25 78 50.7161
25 79 188.644
25 80 311.379
25 81 416.337
25 82 502.094
25 83 568.176
25 84 614.971
25 85 643.52
25 86 655.314
25 87 652.155
25 88 636.029
25 89 608.859
25 90 572.645
25 91 529.075
25 92 479.817
25 93 426.18
25 94 369.352
25 95 310.237
25 96 249.557
25 97 187.863
25 98 125.528
25 99 62.8455
25 100 0

26 0 0
26 1 68.4918
26 2 136.607
26 3 203.925
26 4 269.949
26 5 334.056
26 6 395.478
26 7 453.269
26 8 506.272
26 9 553.163
26 10 592.352
26 11 622.186
26 12 640.735
26 13 646.18
26 14 636.55
26 15 610.175
26 16 565.529
26 17 501.617
26 18 417.97
26 19 314.954
26 20 193.837
26 21 56.955
26 22 -92.1816
26 23 -248.916
26 24 -407.518
26 25 -561.289
26 26 -703.041
26 27 -825.349
26 28 -921.273
26 29 -984.843
26 30 -1011.84
26 31 -1000.37
26 32 -951.417
26 33 -869.021
26 34 -760.527
26 35 -635.999
26 36 -507.783
26 37 -389.269
26 38 -293.834
26 39 -233.186
26 40 -216.227
26 41 -247.651
26 42 -327.314
26 43 -449.825
26 44 -604.969
26 45 -778.524
26 46 -953.776
26 47 -1113.25
26 48 -1240.68
26 49 -1322.88
26 50 -1351.28
26 51 -1322.88
26 52 -1240.68
26 53 -1113.25
26 54 -953.776
26 55 -778.524
26 56 -604.969
26 57 -449.825
26 58 -327.314
26 59 -247.651
26 60 -216.227
26 61 -233.186
26 62 -293.834
26 63 -389.269
26 64 -507.783
26 65 -635.999
26 66 -760.527
26 67 -869.021
26 68 -951.417
26 69 -1000.37
26 70 -1011.84
26 71 -984.843
26 72 -921.273
26 73 -825.349
26 74 -703.041
26 75 -561.289
26 76 -407.518
26 77 -248.916
26 78 -92.1816
26 79 56.955
26 80 193.837
26 81 314.954
26 82 417.97
26 83 501.617
26 84 565.529
26 85 610.175
26 86 636.55
26 87 646.18
26 88 640.735
26 89 622.186
26 90 592.352
26 91 553.163
26 92 506.272
26 93 453.269
26 94 395.478
26 95 334.056
26 96 269.949
26 97 203.925
26 98 136.607
26 99 68.4918
26 100 0

27 0 0
27 1 73.6811
27 2 146.725
27 3 218.435
27 4 288.069
27 5 354.729
27 6 417.42
27 7 474.932
27 8 525.945
27 9 568.889
27 10 602.149
27 11 623.865
27 12 632.286
27 13 625.527
27 14 601.98
27 15 560.196
27 16 499.179
27 17 418.467
27 18 318.337
27 19 199.902
27 20 65.3348
27 21 -82.1465
27 22 -238.156
27 23 -397.238
27 24 -552.938
27 25 -698.148
27 26 -825.349
27 27 -927.277
27 28 -997.25
27 29 -1030.14
27 30 -1022.66
27 31 -974.293
27 32 -887.461
27 33 -767.94
27 34 -624.532
27 35 -468.933
27 36 -314.611
27 37 -175.991
27 38 -66.8253
27 39 1.01419
27 40 19.0933
27 41 -16.589
27 42 -104.78
27 43 -238.893
27 44 -407.348
27 45 -594.626
27 46 -782.821
27 47 -953.425
27 48 -1089.39
27 49 -1176.94
27 50 -1207.17
27 51 -1176.94
27 52 -1089.39
27 53 -953.425
27 54 -782.821
27 55 -594.626
27 56 -407.348
27 57 -238.893
27 58 -104.78
27 59 -16.589
27 60 19.0933
27 61 1.01419
27 62 -66.8253
27 63 -175.991
27 64 -314.611
27 65 -468.933
27 66 -624.532
27 67 -767.94
27 68 -887.461
27 69 -974.293
27 70 -1022.66
27 71 -1030.14
27 72 -997.25
27 73 -927.277
27 74 -825.349
27 75 -698.148
27 76 -552.938
27 77 -397.238
27 78 -238.156
27 79 -82.1465
27 80 65.3348
27 81 199.902
27 82 318.337
27 83 418.467
27 84 499.179
27 85 560.196
27 86 601.98
27 87 625.527
27 88 632.286
27 89 623.865
27 90 602.149
27 91 568.889
27 92 525.945
27 93 474.932
27 94 417.42
27 95 354.729
27 96 288.069
27 97 218.435
27 98 146.725
27 99 73.6811
27 100 0

28 0 0
28 1 78.0329
28 2 155.115
28 3 230.285
28 4 302.46
28 5 370.526
28 6 433.162
28 7 489.006
28 8 536.469
28 9 573.934
28 10 599.619
28 11 611.788
28 12 608.682
28 13 588.738
28 14 550.592
28 15 493.308
28 16 416.402
28 17 320.155
28 18 205.515
28 19 74.5422
28 20 -69.8375
28 21 -223.49
28 22 -381.281
28 23 -537.064
28 24 -683.943
28 25 -814.488
28 26 -921.273
28 27 -997.25
28 28 -1036.5
28 29 -1034.68
28 30 -989.842
28 31 -902.8
28 32 -777.61
28 33 -621.527
28 34 -445.031
28 35 -260.973
28 36 -83.9827
28 37 70.9839
28 38 189.839
28 39 261.012
28 40 276.575
28 41 233.527
28 42 134.237
28 43 -13.3743
28 44 -196.431
28 45 -398.194
28 46 -599.68
28 47 -781.509
28 48 -925.929
28 49 -1018.75
28 50 -1050.76
28 51 -1018.75
28 52 -925.929
28 53 -781.509
28 54 -599.68
28 55 -398.194
28 56 -196.431
28 57 -13.3743
28 58 134.237
28 59 233.527
28 60 276.575
28 61 261.012
28 62 189.839
28 63 70.9839
28 64 -83.9827
28 65 -260.973
28 66 -445.031
28 67 -621.527
28 68 -777.61
28 69 -902.8
28 70 -989.842
28 71 -1034.68
28 72 -1036.5
28 73 -997.25
28 74 -921.273
28 75 -814.488
28 76 -683.943
28 77 -537.064
28 78 -381.281
28 79 -223.49
28 80 -69.8375
28 81 74.5422
28 82 205.515
28 83 320.155
28 84 416.402
28 85 493.308
28 86 550.592
28 87 588.738
28 88 608.682
28 89 611.788
28 90 599.619
28 91 573.934
28 92 536.469
28 93 489.006
28 94 433.162
28 95 370.526
28 96 302.46
28 97 230.285
28 98 155.115
28 99 78.0329
28 100 0

29 0 0
29 1 81.1242
29 2 160.979
29 3 238.242
29 4 311.579
29 5 379.521
29 6 440.579
29 7 493.102
29 8 535.438
29 9 565.815
29 10 582.536
29 11 583.888
29 12 568.395
29 13 534.75
29 14 482.072
29 15 409.937
29 16 318.558
29 17 208.872
29 18 82.7604
29 19 -57.0685
29 20 -206.702
29 21 -361.412
29 22 -515.311
29 23 -661.892
29 24 -793.89
29 25 -903.948
29 26 -984.843
29 27 -1030.14
29 28 -1034.68
29 29 -995.344
29 30 -911.423
29 31 -785.263
29 32 -622.422
