0 0 0
0 1 0
0 2 0
0 3 0
0 4 0
0 5 0
0 6 0
0 7 0
0 8 0
0 9 0
0 10 0
0 11 0
0 12 0
0 13 0
0 14 0
0 15 0
0 16 0
0 17 0
0 18 0
0 19 0
0 20 0
0 21 0
0 22 0
0 23 0
0 24 0
0 25 0
0 26 0
0 27 0
0 28 0
0 29 0
0 30 0
0 31 0
0 32 0
0 33 0
0 34 0
0 35 0
0 36 0
0 37 0
0 38 0
0 39 0
0 40 0
0 41 0
0 42 0
0 43 0
0 44 0
0 45 0
0 46 0
0 47 0
0 48 0
0 49 0
0 50 0
0 51 0
0 52 0
0 53 0
0 54 0
0 55 0
0 56 0
0 57 0
0 58 0
0 59 0
0 60 0
0 61 0
0 62 0
0 63 0
0 64 0
0 65 0
0 66 0
0 67 0
0 68 0
0 69 0
0 70 0
0 71 0
0 72 0
0 73 0
0 74 0
0 75 0
0 76 0
0 77 0
0 78 0
0 79 0
0 80 0
0 81 0
0 82 0
0 83 0
0 84 0
0 85 0
0 86 0
0 87 0
0 88 0
0 89 0
0 90 0
0 91 0
0 92 0
0 93 0
0 94 0
0 95 0
0 96 0
0 97 0
0 98 0
0 99 0
0 100 0

1 0 0
1 1 1.47671
1 2 2.97235
1 3 4.51794
1 4 6.12611
1 5 7.83485
1 6 9.66429
1 7 11.6491
1 8 13.8279
1 9 16.227
1 10 18.8995
1 11 21.8682
1 12 25.1792
1 13 28.8545
1 14 32.9042
1 15 37.328
1 16 42.0723
1 17 47.0601
1 18 52.1407
1 19 57.0942
1 20 61.6246
1 21 65.3286
1 22 67.7225
1 23 68.2365
1 24 66.2195
1 25 61.0193
1 26 51.9821
1 27 38.5496
1 28 20.3727
1 29 -2.67531
1 30 -30.333
1 31 -61.9234
1 32 -96.2949
1 33 -131.83
1 34 -166.445
1 35 -197.769
1 36 -223.263
1 37 -240.439
1 38 -247.115
1 39 -241.675
1 40 -223.318
1 41 -192.225
1 42 -149.653
1 43 -97.9367
1 44 -40.3932
1 45 18.9665
1 46 75.7371
1 47 125.513
1 48 164.298
1 49 188.941
1 50 197.389
1 51 188.941
1 52 164.298
1 53 125.513
1 54 75.7371
1 55 18.9665
1 56 -40.3932
1 57 -97.9367
1 58 -149.653
1 59 -192.225
1 60 -223.318
1 61 -241.675
1 62 -247.115
1 63 -240.439
1 64 -223.263
1 65 -197.769
1 66 -166.445
1 67 -131.83
1 68 -96.2949
1 69 -61.9234
1 70 -30.333
1 71 -2.67531
1 72 20.3727
1 73 38.5496
1 74 51.9821
1 75 61.0193
1 76 66.2195
1 77 68.2365
1 78 67.7225
1 79 65.3286
1 80 61.6246
1 81 57.0942
1 82 52.1407
1 83 47.0601
1 84 42.0723
1 85 37.328
1 86 32.9042
1 87 28.8545
1 88 25.1792
1 89 21.8682
1 90 18.8995
1 91 16.227
1 92 13.8279
1 93 11.6491
1 94 9.66429
1 95 7.83485
1 96 6.12611
1 97 4.51794
1 98 2.97235
1 99 1.47671
1 100 0

2 0 0
2 1 2.97235
2 2 5.98465
2 3 9.09808
2 4 12.341
2 5 15.7871
2 6 19.4771
2 7 23.4803
2 8 27.8696
2 9 32.7021
2 10 38.0761
2 11 44.0431
2 12 50.687
2 13 58.053
2 14 66.1542
2 15 74.9833
2 16 84.4264
2 17 94.3214
2 18 104.355
2 19 114.096
2 20 122.925
2 21 130.069
2 22 134.536
2 23 135.203
2 24 130.809
2 25 120.015
2 26 101.595
2 27 74.4559
2 28 37.9003
2 29 -8.23569
2 30 -63.4257
2 31 -126.305
2 32 -194.571
2 33 -264.968
2 34 -333.405
2 35 -395.176
2 36 -445.255
2 37 -478.74
2 38 -491.372
2 39 -479.99
2 40 -443.03
2 41 -380.882
2 42 -296.072
2 43 -193.248
2 44 -78.9721
2 45 38.8111
2 46 151.388
2 47 250.043
2 48 326.903
2 49 375.727
2 50 392.471
2 51 375.727
2 52 326.903
2 53 250.043
2 54 151.388
2 55 38.8111
2 56 -78.9721
2 57 -193.248
2 58 -296.072
2 59 -380.882
2 60 -443.03
2 61 -479.99
2 62 -491.372
2 63 -478.74
2 64 -445.255
2 65 -395.176
2 66 -333.405
2 67 -264.968
2 68 -194.571
2 69 -126.305
2 70 -63.4257
2 71 -8.23569
2 72 37.9003
2 73 74.4559
2 74 101.595
2 75 120.015
2 76 130.809
2 77 135.203
2 78 134.536
2 79 130.069
2 80 122.925
2 81 114.096
2 82 104.355
2 83 94.3214
2 84 84.4264
2 85 74.9833
2 86 66.1542
2 87 58.053
2 88 50.687
2 89 44.0431
2 90 38.0761
2 91 32.7021
2 92 27.8696
2 93 23.4803
2 94 19.4771
2 95 15.7871
2 96 12.341
2 97 9.09808
2 98 5.98465
2 99 2.97235
2 100 0

3 0 0
3 1 4.51794
3 2 9.09808
3 3 13.8264
3 4 18.755
3 5 23.9863
3 6 29.5907
3 7 35.6682
3 8 42.3292
3 9 49.66
3 10 57.8002
3 11 66.8246
3 12 76.8494
3 13 87.9292
3 14 100.078
3 15 113.262
3 16 127.305
3 17 141.938
3 18 156.686
3 19 170.865
3 20 183.572
3 21 193.597
3 22 199.506
3 23 199.622
3 24 192.066
3 25 174.966
3 26 146.476
3 27 105.07
3 28 49.8258
3 29 -19.486
3 30 -101.972
3 31 -195.531
3 32 -296.695
3 33 -400.659
3 34 -501.319
3 35 -591.765
3 36 -664.635
3 37 -712.782
3 38 -729.965
3 39 -711.63
3 40 -655.581
3 41 -562.485
3 42 -436.124
3 43 -283.394
3 44 -114
3 45 60.3488
3 46 226.823
3 47 372.618
3 48 486.14
3 49 558.227
3 50 582.936
3 51 558.227
3 52 486.14
3 53 372.618
3 54 226.823
3 55 60.3488
3 56 -114
3 57 -283.394
3 58 -436.124
3 59 -562.485
3 60 -655.581
3 61 -711.63
3 62 -729.965
3 63 -712.782
3 64 -664.635
3 65 -591.765
3 66 -501.319
3 67 -400.659
3 68 -296.695
3 69 -195.531
3 70 -101.972
3 71 -19.486
3 72 49.8258
3 73 105.07
3 74 146.476
3 75 174.966
3 76 192.066
3 77 199.622
3 78 199.506
3 79 193.597
3 80 183.572
3 81 170.865
3 82 156.686
3 83 141.938
3 84 127.305
3 85 113.262
3 86 100.078
3 87 87.9292
3 88 76.8494
3 89 66.8246
3 90 57.8002
3 91 49.66
3 92 42.3292
3 93 35.6682
3 94 29.5907
3 95 23.9863
3 96 18.755
3 97 13.8264
3 98 9.09808
3 99 4.51794
3 100 0

4 0 0
4 1 6.12611
4 2 12.341
4 3 18.755
4 4 25.4492
4 5 32.5517
4 6 40.1616
4 7 48.4113
4 8 57.4372
4 9 67.3644
4 10 78.3536
4 11 90.5154
4 12 103.975
4 13 118.798
4 14 134.978
4 15 152.438
4 16 170.918
4 17 190.022
4 18 209.08
4 19 227.181
4 20 243.062
4 21 255.17
4 22 261.567
4 23 260.074
4 24 248.31
4 25 223.786
4 26 184.267
4 27 127.853
4 28 53.4135
4 29 -39.1084
4 30 -148.45
4 31 -271.733
4 32 -404.334
4 33 -539.858
4 34 -670.407
4 35 -786.958
4 36 -880.003
4 37 -940.337
4 38 -960.043
4 39 -933.35
4 40 -857.563
4 41 -733.695
4 42 -566.812
4 43 -365.986
4 44 -143.855
4 45 84.3247
4 46 301.894
4 47 492.233
4 48 640.358
4 49 734.374
4 50 766.601
4 51 734.374
4 52 640.358
4 53 492.233
4 54 301.894
4 55 84.3247
4 56 -143.855
4 57 -365.986
4 58 -566.812
4 59 -733.695
4 60 -857.563
4 61 -933.35
4 62 -960.043
4 63 -940.337
4 64 -880.003
4 65 -786.958
4 66 -670.407
4 67 -539.858
4 68 -404.334
4 69 -271.733
4 70 -148.45
4 71 -39.1084
4 72 53.4135
4 73 127.853
4 74 184.267
4 75 223.786
4 76 248.31
4 77 260.074
4 78 261.567
4 79 255.17
4 80 243.062
4 81 227.181
4 82 209.08
4 83 190.022
4 84 170.918
4 85 152.438
4 86 134.978
4 87 118.798
4 88 103.975
4 89 90.5154
4 90 78.3536
4 91 67.3644
4 92 57.4372
4 93 48.4113
4 94 40.1616
4 95 32.5517
4 96 25.4492
4 97 18.755
4 98 12.341
4 99 6.12611
4 100 0

5 0 0
5 1 7.83485
5 2 15.7871
5 3 23.9863
5 4 32.5517
5 5 41.6288
5 6 51.3571
5 7 61.8926
5 8 73.4046
5 9 86.0474
5 10 100.001
5 11 115.396
5 12 132.359
5 13 150.941
5 14 171.106
5 15 192.699
5 16 215.37
5 17 238.553
5 18 261.391
5 19 282.672
5 20 300.851
5 21 313.922
5 22 319.565
5 23 315.113
5 24 297.672
5 25 264.411
5 26 212.638
5 27 140.27
5 28 46.1778
5 29 -69.5584
5 30 -205.12
5 31 -356.806
5 32 -518.812
5 33 -683.321
5 34 -840.652
5 35 -979.94
5 36 -1089.77
5 37 -1159.22
5 38 -1178.87
5 39 -1142.04
5 40 -1045.73
5 41 -891.416
5 42 -685.421
5 43 -438.866
5 44 -167.13
5 45 111.319
5 46 376.34
5 47 607.915
5 48 787.965
5 49 902.178
5 50 941.305
5 51 902.178
5 52 787.965
5 53 607.915
5 54 376.34
5 55 111.319
5 56 -167.13
5 57 -438.866
5 58 -685.421
5 59 -891.416
5 60 -1045.73
5 61 -1142.04
5 62 -1178.87
5 63 -1159.22
5 64 -1089.77
5 65 -979.94
5 66 -840.652
5 67 -683.321
5 68 -518.812
5 69 -356.806
5 70 -205.12
5 71 -69.5584
5 72 46.1778
5 73 140.27
5 74 212.638
5 75 264.411
5 76 297.672
5 77 315.113
5 78 319.565
5 79 313.922
5 80 300.851
5 81 282.672
5 82 261.391
5 83 238.553
5 84 215.37
5 85 192.699
5 86 171.106
5 87 150.941
5 88 132.359
5 89 115.396
5 90 100.001
5 91 86.0474
5 92 73.4046
5 93 61.8926
5 94 51.3571
5 95 41.6288
5 96 32.5517
5 97 23.9863
5 98 15.7871
5 99 7.83485
5 100 0

6 0 0
6 1 9.66429
6 2 19.4771
6 3 29.5907
6 4 40.1616
6 5 51.3571
6 6 63.3494
6 7 76.3246
6 8 90.4681
6 9 105.972
6 10 123.011
6 11 141.739
6 12 162.256
6 13 184.589
6 14 208.641
6 15 234.16
6 16 260.663
6 17 287.404
6 18 313.278
6 19 336.825
6 20 356.104
6 21 368.805
6 22 372.148
6 23 363.064
6 24 338.329
6 25 294.682
6 26 229.306
6 27 140.011
6 28 25.7344
6 29 -113.008
6 30 -273.854
6 31 -452.193
6 32 -641.098
6 33 -831.31
6 34 -1011.68
6 35 -1169.66
6 36 -1292.26
6 37 -1367.11
6 38 -1383.73
6 39 -1334.76
6 40 -1217.11
6 41 -1032.84
6 42 -789.515
6 43 -500.181
6 44 -182.638
6 45 141.762
6 46 449.859
6 47 718.644
6 48 927.428
6 49 1059.76
6 50 1105.1
6 51 1059.76
6 52 927.428
6 53 718.644
6 54 449.859
6 55 141.762
6 56 -182.638
6 57 -500.181
6 58 -789.515
6 59 -1032.84
6 60 -1217.11
6 61 -1334.76
6 62 -1383.73
6 63 -1367.11
6 64 -1292.26
6 65 -1169.66
6 66 -1011.68
6 67 -831.31
6 68 -641.098
6 69 -452.193
6 70 -273.854
6 71 -113.008
6 72 25.7344
6 73 140.011
6 74 229.306
6 75 294.682
6 76 338.329
6 77 363.064
6 78 372.148
6 79 368.805
6 80 356.104
6 81 336.825
6 82 313.278
6 83 287.404
6 84 260.663
6 85 234.16
6 86 208.641
6 87 184.589
6 88 162.256
6 89 141.739
6 90 123.011
6 91 105.972
6 92 90.4681
6 93 76.3246
6 94 63.3494
6 95 51.3571
6 96 40.1616
6 97 29.5907
6 98 19.4771
6 99 9.66429
6 100 0

7 0 0
7 1 11.6491
7 2 23.4803
7 3 35.6682
7 4 48.4113
7 5 61.8926
7 6 76.3246
7 7 91.9091
7 8 108.856
7 9 127.371
7 10 147.628
7 11 169.775
7 12 193.877
7 13 219.9
7 14 247.673
7 15 276.797
7 16 306.649
7 17 336.241
7 18 364.248
7 19 388.861
7 20 407.871
7 21 418.541
7 22 417.793
7 23 402.21
7 24 368.237
7 25 312.521
7 26 232.072
7 27 124.851
7 28 -9.9174
7 29 -171.282
7 30 -356.114
7 31 -558.92
7 32 -771.614
7 33 -983.737
7 34 -1182.74
7 35 -1354.77
7 36 -1485.56
7 37 -1561.73
7 38 -1572.02
7 39 -1508.77
7 40 -1369.03
7 41 -1155.53
7 42 -877.065
7 43 -548.408
7 44 -189.502
7 45 175.882
7 46 522.013
7 47 823.448
7 48 1057.29
7 49 1205.41
7 50 1256.11
7 51 1205.41
7 52 1057.29
7 53 823.448
7 54 522.013
7 55 175.882
7 56 -189.502
7 57 -548.408
7 58 -877.065
7 59 -1155.53
7 60 -1369.03
7 61 -1508.77
7 62 -1572.02
7 63 -1561.73
7 64 -1485.56
7 65 -1354.77
7 66 -1182.74
7 67 -983.737
7 68 -771.614
7 69 -558.92
7 70 -356.114
7 71 -171.282
7 72 -9.9174
7 73 124.851
7 74 232.072
7 75 312.521
7 76 368.237
7 77 402.21
7 78 417.793
7 79 418.541
7 80 407.871
7 81 388.861
7 82 364.248
7 83 336.241
7 84 306.649
7 85 276.797
7 86 247.673
7 87 219.9
7 88 193.877
7 89 169.775
7 90 147.628
7 91 127.371
7 92 108.856
7 93 91.9091
7 94 76.3246
7 95 61.8926
7 96 48.4113
7 97 35.6682
7 98 23.4803
7 99 11.6491
7 100 0

8 0 0
8 1 13.8279
8 2 27.8696
8 3 42.3292
8 4 57.4372
8 5 73.4046
8 6 90.4681
8 7 108.856
8 8 128.782
8 9 150.469
8 10 174.06
8 11 199.691
8 12 227.353
8 13 256.941
8 14 288.155
8 15 320.442
8 16 352.978
8 17 384.546
8 18 413.518
8 19 437.829
8 20 454.874
8 21 461.675
8 22 454.803
8 23 430.606
8 24 385.429
8 25 315.785
8 26 218.876
8 27 92.8908
8 28 -62.5223
8 29 -245.726
8 30 -452.865
8 31 -677.427
8 32 -910.33
8 33 -1139.94
8 34 -1352.68
8 35 -1533.62
8 36 -1667.66
8 37 -1740.75
8 38 -1741.3
8 39 -1661.63
8 40 -1499.19
8 41 -1257.47
8 42 -946.457
8 43 -582.444
8 44 -187.144
8 45 213.674
8 46 592.297
8 47 921.333
8 48 1176.25
8 49 1337.53
8 50 1392.73
8 51 1337.53
8 52 1176.25
8 53 921.333
8 54 592.297
8 55 213.674
8 56 -187.144
8 57 -582.444
8 58 -946.457
8 59 -1257.47
8 60 -1499.19
8 61 -1661.63
8 62 -1741.3
8 63 -1740.75
8 64 -1667.66
8 65 -1533.62
8 66 -1352.68
8 67 -1139.94
8 68 -910.33
8 69 -677.427
8 70 -452.865
8 71 -245.726
8 72 -62.5223
8 73 92.8908
8 74 218.876
8 75 315.785
8 76 385.429
8 77 430.606
8 78 454.803
8 79 461.675
8 80 454.874
8 81 437.829
8 82 413.518
8 83 384.546
8 84 352.978
8 85 320.442
8 86 288.155
8 87 256.941
8 88 227.353
8 89 199.691
8 90 174.06
8 91 150.469
8 92 128.782
8 93 108.856
8 94 90.4681
8 95 73.4046
8 96 57.4372
8 97 42.3292
8 98 27.8696
8 99 13.8279
8 100 0

9 0 0
9 1 16.227
9 2 32.7021
9 3 49.66
9 4 67.3644
9 5 86.0474
9 6 105.972
9 7 127.371
9 8 150.469
9 9 175.467
9 10 202.486
9 11 231.598
9 12 262.724
9 13 295.633
9 14 329.884
9 15 364.719
9 16 399.102
9 17 431.521
9 18 460.101
9 19 482.416
9 20 495.636
9 21 496.449
9 22 481.256
9 23 446.282
9 24 387.799
9 25 302.525
9 26 187.861
9 27 42.4949
9 28 -133.327
9 29 -337.237
9 30 -564.45
9 31 -807.595
9 32 -1056.54
9 33 -1298.8
9 34 -1519.9
9 35 -1704.31
9 36 -1836.4
9 37 -1901.91
9 38 -1889.3
9 39 -1791.23
9 40 -1605.72
9 41 -1337.13
9 42 -996.56
9 43 -601.585
9 44 -175.336
9 45 254.96
9 46 660.091
9 47 1011.36
9 48 1283.05
9 49 1454.79
9 50 1513.53
9 51 1454.79
9 52 1283.05
9 53 1011.36
9 54 660.091
9 55 254.96
9 56 -175.336
9 57 -601.585
9 58 -996.56
9 59 -1337.13
9 60 -1605.72
9 61 -1791.23
9 62 -1889.3
9 63 -1901.91
9 64 -1836.4
9 65 -1704.31
9 66 -1519.9
9 67 -1298.8
9 68 -1056.54
9 69 -807.595
9 70 -564.45
9 71 -337.237
9 72 -133.327
9 73 42.4949
9 74 187.861
9 75 302.525
9 76 387.799
9 77 446.282
9 78 481.256
9 79 496.449
9 80 495.636
9 81 482.416
9 82 460.101
9 83 431.521
9 84 399.102
9 85 364.719
9 86 329.884
9 87 295.633
9 88 262.724
9 89 231.598
9 90 202.486
9 91 175.467
9 92 150.469
9 93 127.371
9 94 105.972
9 95 86.0474
9 96 67.3644
9 97 49.66
9 98 32.7021
9 99 16.227
9 100 0

10 0 0
10 1 18.8995
10 2 38.0761
10 3 57.8002
10 4 78.3536
10 5 100.001
10 6 123.011
10 7 147.628
10 8 174.06
10 9 202.486
10 10 232.966
10 11 265.5
10 12 299.884
10 13 335.749
10 14 372.454
10 15 409.032
10 16 444.173
10 17 476.116
10 18 502.648
10 19 521.122
10 20 528.378
10 21 520.973
10 22 495.153
10 23 447.137
10 24 373.384
10 25 270.844
10 26 137.445
10 27 -27.5545
10 28 -223.127
10 29 -446.047
10 30 -690.674
10 31 -948.63
10 32 -1209.04
10 33 -1458.64
10 34 -1682.48
10 35 -1864.65
10 36 -1989.55
10 37 -2043.06
10 38 -2014.05
10 39 -1895.82
10 40 -1687.2
10 41 -1393.48
10 42 -1026.73
10 43 -605.578
10 44 -154.173
10 45 299.275
10 46 724.712
10 47 1092.62
10 48 1376.68
10 49 1556.02
10 50 1617.33
10 51 1556.02
10 52 1376.68
10 53 1092.62
10 54 724.712
10 55 299.275
10 56 -154.173
10 57 -605.578
10 58 -1026.73
10 59 -1393.48
10 60 -1687.2
10 61 -1895.82
10 62 -2014.05
10 63 -2043.06
10 64 -1989.55
10 65 -1864.65
10 66 -1682.48
10 67 -1458.64
10 68 -1209.04
10 69 -948.63
10 70 -690.674
10 71 -446.047
10 72 -223.127
10 73 -27.5545
10 74 137.445
10 75 270.844
10 76 373.384
10 77 447.137
10 78 495.153
10 79 520.973
10 80 528.378
10 81 521.122
10 82 502.648
10 83 476.116
10 84 444.173
10 85 409.032
10 86 372.454
10 87 335.749
10 88 299.884
10 89 265.5
10 90 232.966
10 91 202.486
10 92 174.06
10 93 147.628
10 94 123.011
10 95 100.001
10 96 78.3536
10 97 57.8002
10 98 38.0761
10 99 18.8995
10 100 0

11 0 0
11 1 21.8682
11 2 44.0431
11 3 66.8246
11 4 90.5154
11 5 115.396
11 6 141.739
11 7 169.775
11 8 199.691
11 9 231.598
11 10 265.5
11 11 301.263
11 12 338.559
11 13 376.823
11 14 415.205
11 15 452.484
11 16 487.082
11 17 516.93
11 18 539.578
11 19 552.062
11 20 551.107
11 21 533.096
11 22 494.31
11 23 431.128
11 24 340.265
11 25 219.187
11 26 66.4217
11 27 -117.973
11 28 -332.114
11 29 -571.843
11 30 -830.555
11 31 -1099.15
11 32 -1365.96
11 33 -1617.33
11 34 -1838.05
11 35 -2012.36
11 36 -2124.89
11 37 -2162.17
11 38 -2113.84
11 39 -1974.11
11 40 -1742.74
11 41 -1426
11 42 -1036.84
11 43 -594.615
11 44 -124.098
11 45 346.047
11 46 785.407
11 47 1164.29
11 48 1456.23
11 49 1640.34
11 50 1703.24
11 51 1640.34
11 52 1456.23
11 53 1164.29
11 54 785.407
11 55 346.047
11 56 -124.098
11 57 -594.615
11 58 -1036.84
11 59 -1426
11 60 -1742.74
11 61 -1974.11
11 62 -2113.84
11 63 -2162.17
11 64 -2124.89
11 65 -2012.36
11 66 -1838.05
11 67 -1617.33
11 68 -1365.96
11 69 -1099.15
11 70 -830.555
11 71 -571.843
11 72 -332.114
11 73 -117.973
11 74 66.4217
11 75 219.187
11 76 340.265
11 77 431.128
11 78 494.31
11 79 533.096
11 80 551.107
11 81 552.062
11 82 539.578
11 83 516.93
11 84 487.082
11 85 452.484
11 86 415.205
11 87 376.823
11 88 338.559
11 89 301.263
11 90 265.5
11 91 231.598
11 92 199.691
11 93 169.775
11 94 141.739
11 95 115.396
11 96 90.5154
11 97 66.8246
11 98 44.0431
11 99 21.8682
11 100 0

12 0 0
12 1 25.1792
12 2 50.687
12 3 76.8494
12 4 103.975
12 5 132.359
12 6 162.256
12 7 193.877
12 8 227.353
12 9 262.724
12 10 299.884
12 11 338.559
12 12 378.24
12 13 418.156
12 14 457.197
12 15 493.896
12 16 526.358
12 17 552.288
12 18 568.923
12 19 573.178
12 20 561.593
12 21 530.6
12 22 476.604
12 23 396.261
12 24 286.79
12 25 146.274
12 26 -25.9553
12 27 -228.96
12 28 -459.847
12 29 -713.537
12 30 -982.582
12 31 -1257.06
12 32 -1524.95
12 33 -1772.31
12 34 -1984.11
12 35 -2144.94
12 36 -2240.28
12 37 -2257.49
12 38 -2187.39
12 39 -2025.25
12 40 -1772
12 41 -1434.77
12 42 -1027.26
12 43 -569.279
12 44 -85.8405
12 45 394.446
12 46 841.397
12 47 1225.63
12 48 1521.05
12 49 1707.09
12 50 1770.61
12 51 1707.09
12 52 1521.05
12 53 1225.63
12 54 841.397
12 55 394.446
12 56 -85.8405
12 57 -569.279
12 58 -1027.26
12 59 -1434.77
12 60 -1772
12 61 -2025.25
12 62 -2187.39
12 63 -2257.49
12 64 -2240.28
12 65 -2144.94
12 66 -1984.11
12 67 -1772.31
12 68 -1524.95
12 69 -1257.06
12 70 -982.582
12 71 -713.537
12 72 -459.847
12 73 -228.96
12 74 -25.9553
12 75 146.274
12 76 286.79
12 77 396.261
12 78 476.604
12 79 530.6
12 80 561.593
12 81 573.178
12 82 568.923
12 83 552.288
12 84 526.358
12 85 493.896
12 86 457.197
12 87 418.156
12 88 378.24
12 89 338.559
12 90 299.884
12 91 262.724
12 92 227.353
12 93 193.877
12 94 162.256
12 95 132.359
12 96 103.975
12 97 76.8494
12 98 50.687
12 99 25.1792
12 100 0

13 0 0
13 1 28.8545
13 2 58.053
13 3 87.9292
13 4 118.798
13 5 150.941
13 6 184.589
13 7 219.9
13 8 256.941
13 9 295.633
13 10 335.749
13 11 376.823
13 12 418.156
13 13 458.722
13 14 497.158
13 15 531.71
13 16 560.225
13 17 580.129
13 18 588.512
13 19 582.099
13 20 557.494
13 21 511.196
13 22 439.916
13 23 340.778
13 24 211.617
13 25 51.3065
13 26 -139.876
13 27 -360.012
13 28 -605.206
13 29 -869.433
13 30 -1144.41
13 31 -1419.78
13 32 -1683.12
13 33 -1920.69
13 34 -2117.84
13 35 -2260.03
13 36 -2333.69
13 37 -2327.59
13 38 -2233.8
13 39 -2048.98
13 40 -1775.13
13 41 -1420.35
13 42 -998.825
13 43 -530.575
13 44 -40.4044
13 45 443.576
13 46 891.902
13 47 1276.04
13 48 1570.67
13 49 1755.94
13 50 1819.15
13 51 1755.94
13 52 1570.67
13 53 1276.04
13 54 891.902
13 55 443.576
13 56 -40.4044
13 57 -530.575
13 58 -998.825
13 59 -1420.35
13 60 -1775.13
13 61 -2048.98
13 62 -2233.8
13 63 -2327.59
13 64 -2333.69
13 65 -2260.03
13 66 -2117.84
13 67 -1920.69
13 68 -1683.12
13 69 -1419.78
13 70 -1144.41
13 71 -869.433
13 72 -605.206
13 73 -360.012
13 74 -139.876
13 75 51.3065
13 76 211.617
13 77 340.778
13 78 439.916
13 79 511.196
13 80 557.494
13 81 582.099
13 82 588.512
13 83 580.129
13 84 560.225
13 85 531.71
13 86 497.158
13 87 458.722
13 88 418.156
13 89 376.823
13 90 335.749
13 91 295.633
13 92 256.941
13 93 219.9
13 94 184.589
13 95 150.941
13 96 118.798
13 97 87.9292
13 98 58.053
13 99 28.8545
13 100 0

14 0 0
14 1 32.9042
14 2 66.1542
14 3 100.078
14 4 134.978
14 5 171.106
14 6 208.641
14 7 247.673
14 8 288.155
14 9 329.884
14 10 372.454
14 11 415.205
14 12 457.197
14 13 497.158
14 14 533.435
14 15 564.036
14 16 586.513
14 17 598.156
14 18 595.845
14 19 576.368
14 20 536.367
14 21 472.647
14 22 382.355
14 23 263.211
14 24 113.839
14 25 -65.9365
14 26 -274.876
14 27 -509.974
14 28 -766.328
14 29 -1037.05
14 30 -1313.24
14 31 -1584.06
14 32 -1837.26
14 33 -2059.32
14 34 -2236.48
14 35 -2355.21
14 36 -2403.45
14 37 -2371.37
14 38 -2252.71
14 39 -2045.45
14 40 -1752.88
14 41 -1383.8
14 42 -952.836
14 43 -479.812
14 44 10.9955
14 45 492.425
14 46 936.19
14 47 1315.03
14 48 1604.86
14 49 1786.81
14 50 1848.85
14 51 1786.81
14 52 1604.86
14 53 1315.03
14 54 936.19
14 55 492.425
14 56 10.9955
14 57 -479.812
14 58 -952.836
14 59 -1383.8
14 60 -1752.88
14 61 -2045.45
14 62 -2252.71
14 63 -2371.37
14 64 -2403.45
14 65 -2355.21
14 66 -2236.48
14 67 -2059.32
14 68 -1837.26
14 69 -1584.06
14 70 -1313.24
14 71 -1037.05
14 72 -766.328
14 73 -509.974
14 74 -274.876
14 75 -65.9365
14 76 113.839
14 77 263.211
14 78 382.355
14 79 472.647
14 80 536.367
14 81 576.368
14 82 595.845
14 83 598.156
14 84 586.513
14 85 564.036
14 86 533.435
14 87 497.158
14 88 457.197
14 89 415.205
14 90 372.454
14 91 329.884
14 92 288.155
14 93 247.673
14 94 208.641
14 95 171.106
14 96 134.978
14 97 100.078
14 98 66.1542
14 99 32.9042
14 100 0

15 0 0
15 1 37.328
15 2 74.9833
15 3 113.262
15 4 152.438
15 5 192.699
15 6 234.16
15 7 276.797
15 8 320.442
15 9 364.719
15 10 409.032
15 11 452.484
15 12 493.896
15 13 531.71
15 14 564.036
15 15 588.599
15 16 602.802
15 17 603.734
15 18 588.334
15 19 553.386
15 20 495.867
15 21 412.93
15 22 302.34
15 23 162.562
15 24 -6.84089
15 25 -205.086
15 26 -429.779
15 27 -676.927
15 28 -940.656
15 29 -1213.34
15 30 -1485.54
15 31 -1746.4
15 32 -1983.79
15 33 -2185.03
15 34 -2337.25
15 35 -2428.46
15 36 -2448.11
15 37 -2388.25
15 38 -2244.18
15 39 -2015.45
15 40 -1706.44
15 41 -1326.7
15 42 -890.914
15 43 -418.563
15 44 66.9955
15 45 539.951
15 46 973.593
15 47 1342.36
15 48 1623.67
15 49 1799.97
15 50 1860
15 51 1799.97
15 52 1623.67
15 53 1342.36
15 54 973.593
15 55 539.951
15 56 66.9955
15 57 -418.563
15 58 -890.914
15 59 -1326.7
15 60 -1706.44
15 61 -2015.45
15 62 -2244.18
15 63 -2388.25
15 64 -2448.11
15 65 -2428.46
15 66 -2337.25
15 67 -2185.03
15 68 -1983.79
15 69 -1746.4
15 70 -1485.54
15 71 -1213.34
15 72 -940.656
15 73 -676.927
15 74 -429.779
15 75 -205.086
15 76 -6.84089
15 77 162.562
15 78 302.34
15 79 412.93
15 80 495.867
15 81 553.386
15 82 588.334
15 83 603.734
15 84 602.802
15 85 588.599
15 86 564.036
15 87 531.71
15 88 493.896
15 89 452.484
15 90 409.032
15 91 364.719
15 92 320.442
15 93 276.797
15 94 234.16
15 95 192.699
15 96 152.438
15 97 113.262
15 98 74.9833
15 99 37.328
15 100 0

16 0 0
16 1 42.0723
16 2 84.4264
16 3 127.305
16 4 170.918
16 5 215.37
16 6 260.663
16 7 306.649
16 8 352.978
16 9 399.102
16 10 444.173
16 11 487.082
16 12 526.358
16 13 560.225
16 14 586.513
16 15 602.802
16 16 606.294
16 17 594.13
16 18 563.217
16 19 510.682
16 20 433.788
16 21 330.318
16 22 198.739
16 23 38.4223
16 24 -150.106
16 25 -364.911
16 26 -602.626
16 27 -858.18
16 28 -1124.9
16 29 -1394.56
16 30 -1657.47
16 31 -1902.82
16 32 -2119.12
16 33 -2294.51
16 34 -2417.61
16 35 -2477.91
16 36 -2466.78
16 37 -2378.04
16 38 -2208.86
16 39 -1960.2
16 40 -1637.52
16 41 -1250.92
16 42 -815.025
16 43 -348.634
16 44 126.167
16 45 585.16
16 46 1003.62
16 47 1357.9
16 48 1627.4
16 49 1795.94
16 50 1853.31
16 51 1795.94
16 52 1627.4
16 53 1357.9
16 54 1003.62
16 55 585.16
16 56 126.167
16 57 -348.634
16 58 -815.025
16 59 -1250.92
16 60 -1637.52
16 61 -1960.2
16 62 -2208.86
16 63 -2378.04
16 64 -2466.78
16 65 -2477.91
16 66 -2417.61
16 67 -2294.51
16 68 -2119.12
16 69 -1902.82
16 70 -1657.47
16 71 -1394.56
16 72 -1124.9
16 73 -858.18
16 74 -602.626
16 75 -364.911
16 76 -150.106
16 77 38.4223
16 78 198.739
16 79 330.318
16 80 433.788
16 81 510.682
16 82 563.217
16 83 594.13
16 84 606.294
16 85 602.802
16 86 586.513
16 87 560.225
16 88 526.358
16 89 487.082
16 90 444.173
16 91 399.102
16 92 352.978
16 93 306.649
16 94 260.663
16 95 215.37
16 96 170.918
16 97 127.305
16 98 84.4264
16 99 42.0723
16 100 0

17 0 0
17 1 47.0601
17 2 94.3214
17 3 141.938
17 4 190.022
17 5 238.553
17 6 287.404
17 7 336.241
17 8 384.546
17 9 431.521
17 10 476.116
17 11 516.93
17 12 552.288
17 13 580.129
17 14 598.156
17 15 603.734
17 16 594.13
17 17 566.431
17 18 517.896
17 19 445.891
17 20 348.311
17 21 223.591
17 22 71.0634
17 23 -108.929
17 24 -314.766
17 25 -543.504
17 26 -790.669
17 27 -1050.35
17 28 -1315.18
17 29 -1576.54
17 30 -1824.72
17 31 -2049.3
17 32 -2239.54
17 33 -2384.85
17 34 -2475.27
17 35 -2502.21
17 36 -2458.91
17 37 -2341.16
17 38 -2147.84
17 39 -1881.38
17 40 -1548.19
17 41 -1158.69
17 42 -727.288
17 43 -271.82
17 44 187.051
17 45 627.149
17 46 1025.87
17 47 1361.93
17 48 1616.65
17 49 1775.64
17 50 1829.65
17 51 1775.64
17 52 1616.65
17 53 1361.93
17 54 1025.87
17 55 627.149
17 56 187.051
17 57 -271.82
17 58 -727.288
17 59 -1158.69
17 60 -1548.19
17 61 -1881.38
17 62 -2147.84
17 63 -2341.16
17 64 -2458.91
17 65 -2502.21
17 66 -2475.27
17 67 -2384.85
17 68 -2239.54
17 69 -2049.3
17 70 -1824.72
17 71 -1576.54
17 72 -1315.18
17 73 -1050.35
17 74 -790.669
17 75 -543.504
17 76 -314.766
17 77 -108.929
17 78 71.0634
17 79 223.591
17 80 348.311
17 81 445.891
17 82 517.896
17 83 566.431
17 84 594.13
17 85 603.734
17 86 598.156
17 87 580.129
17 88 552.288
17 89 516.93
17 90 476.116
17 91 431.521
17 92 384.546
17 93 336.241
17 94 287.404
17 95 238.553
17 96 190.022
17 97 141.938
17 98 94.3214
17 99 47.0601
17 100 0

18 0 0
18 1 52.1407
18 2 104.355
18 3 156.686
18 4 209.08
18 5 261.391
18 6 313.278
18 7 364.248
18 8 413.518
18 9 460.101
18 10 502.648
18 11 539.578
18 12 568.923
18 13 588.512
18 14 595.845
18 15 588.334
18 16 563.217
18 17 517.896
18 18 449.861
18 19 357.099
18 20 238.098
18 21 92.157
18 22 -80.4518
18 23 -278.349
18 24 -498.868
18 25 -737.993
18 26 -990.368
18 27 -1249.33
18 28 -1507.03
18 29 -1754.71
18 30 -1982.87
18 31 -2181.74
18 32 -2341.58
18 33 -2453.2
18 34 -2508.41
18 35 -2500.44
18 36 -2424.54
18 37 -2278.45
18 38 -2062.71
18 39 -1781.1
18 40 -1440.77
18 41 -1052.43
18 42 -629.934
18 43 -190.06
18 44 248.353
18 45 665.156
18 46 1040.28
18 47 1354.78
18 48 1592.34
18 49 1740.2
18 50 1790.43
18 51 1740.2
18 52 1592.34
18 53 1354.78
18 54 1040.28
18 55 665.156
18 56 248.353
18 57 -190.06
18 58 -629.934
18 59 -1052.43
18 60 -1440.77
18 61 -1781.1
18 62 -2062.71
18 63 -2278.45
18 64 -2424.54
18 65 -2500.44
18 66 -2508.41
18 67 -2453.2
18 68 -2341.58
18 69 -2181.74
18 70 -1982.87
18 71 -1754.71
18 72 -1507.03
18 73 -1249.33
18 74 -990.368
18 75 -737.993
18 76 -498.868
18 77 -278.349
18 78 -80.4518
18 79 92.157
18 80 238.098
18 81 357.099
18 82 449.861
18 83 517.896
18 84 563.217
18 85 588.334
18 86 595.845
18 87 588.512
18 88 568.923
18 89 539.578
18 90 502.648
18 91 460.101
18 92 413.518
18 93 364.248
18 94 313.278
18 95 261.391
18 96 209.08
18 97 156.686
18 98 104.355
18 99 52.1407
18 100 0

19 0 0
19 1 57.0942
19 2 114.096
19 3 170.865
19 4 227.181
19 5 282.672
19 6 336.825
19 7 388.861
19 8 437.829
19 9 482.416
19 10 521.122
19 11 552.062
19 12 573.178
19 13 582.099
19 14 576.368
19 15 553.386
19 16 510.682
19 17 445.891
19 18 357.099
19 19 242.866
19 20 102.499
19 21 -63.7578
19 22 -254.694
19 23 -467.821
19 24 -699.49
19 25 -944.748
19 26 -1197.47
19 27 -1450.44
19 28 -1695.61
19 29 -1924.27
19 30 -2127.45
19 31 -2296.19
19 32 -2422.03
19 33 -2497.33
19 34 -2515.63
19 35 -2472.2
19 36 -2364.22
19 37 -2191.24
19 38 -1955.41
19 39 -1661.68
19 40 -1317.85
19 41 -934.598
19 42 -525.183
19 43 -105.022
19 44 308.857
19 45 698.72
19 46 1046.96
19 47 1337.3
19 48 1555.64
19 49 1691.22
19 50 1737.17
19 51 1691.22
19 52 1555.64
19 53 1337.3
19 54 1046.96
19 55 698.72
19 56 308.857
19 57 -105.022
19 58 -525.183
19 59 -934.598
19 60 -1317.85
19 61 -1661.68
19 62 -1955.41
19 63 -2191.24
19 64 -2364.22
19 65 -2472.2
19 66 -2515.63
19 67 -2497.33
19 68 -2422.03
19 69 -2296.19
19 70 -2127.45
19 71 -1924.27
19 72 -1695.61
19 73 -1450.44
19 74 -1197.47
19 75 -944.748
19 76 -699.49
19 77 -467.821
19 78 -254.694
19 79 -63.7578
19 80 102.499
19 81 242.866
19 82 357.099
19 83 445.891
19 84 510.682
19 85 553.386
19 86 576.368
19 87 582.099
19 88 573.178
19 89 552.062
19 90 521.122
19 91 482.416
19 92 437.829
19 93 388.861
19 94 336.825
19 95 282.672
19 96 227.181
19 97 170.865
19 98 114.096
19 99 57.0942
19 100 0

20 0 0
20 1 61.6246
20 2 122.925
20 3 183.572
20 4 243.062
20 5 300.851
20 6 356.104
20 7 407.871
20 8 454.874
20 9 495.636
20 10 528.378
20 11 551.107
20 12 561.593
20 13 557.494
20 14 536.367
20 15 495.867
20 16 433.788
20 17 348.311
20 18 238.098
20 19 102.499
20 20 -58.2697
20 21 -243.059
20 22 -449.56
20 23 -674.365
20 24 -912.857
20 25 -1159.33
20 26 -1407.07
20 27 -1648.58
20 28 -1875.8
20 29 -2080.39
20 30 -2254.08
20 31 -2389.04
20 32 -2478.11
20 33 -2515.36
20 34 -2496.17
20 35 -2417.65
20 36 -2278.93
20 37 -2081.25
20 38 -1828.18
20 39 -1525.67
20 40 -1181.98
20 41 -807.63
20 42 -415.058
20 43 -18.2667
20 44 367.742
20 45 727.606
20 46 1046.44
20 47 1310.5
20 48 1508.17
20 49 1630.49
20 50 1671.92
20 51 1630.49
20 52 1508.17
20 53 1310.5
20 54 1046.44
20 55 727.606
20 56 367.742
20 57 -18.2667
20 58 -415.058
20 59 -807.63
20 60 -1181.98
20 61 -1525.67
20 62 -1828.18
20 63 -2081.25
20 64 -2278.93
20 65 -2417.65
20 66 -2496.17
20 67 -2515.36
20 68 -2478.11
20 69 -2389.04
20 70 -2254.08
20 71 -2080.39
20 72 -1875.8
20 73 -1648.58
20 74 -1407.07
20 75 -1159.33
20 76 -912.857
20 77 -674.365
20 78 -449.56
20 79 -243.059
20 80 -58.2697
20 81 102.499
20 82 238.098
20 83 348.311
20 84 433.788
20 85 495.867
20 86 536.367
20 87 557.494
20 88 561.593
20 89 551.107
20 90 528.378
20 91 495.636
20 92 454.874
20 93 407.871
20 94 356.104
20 95 300.851
20 96 243.062
20 97 183.572
20 98 122.925
20 99 61.6246
20 100 0

21 0 0
21 1 65.3286
21 2 130.069
21 3 193.597
21 4 255.17
21 5 313.922
21 6 368.805
21 7 418.541
21 8 461.675
21 9 496.449
21 10 520.973
21 11 533.096
21 12 530.6
21 13 511.196
21 14 472.647
21 15 412.93
21 16 330.318
21 17 223.591
21 18 92.157
21 19 -63.7578
21 20 -243.059
21 21 -443.523
21 22 -661.981
21 23 -894.036
21 24 -1134.35
21 25 -1376.61
21 26 -1613.77
21 27 -1838.3
21 28 -2042.38
21 29 -2218.33
21 30 -2358.76
21 31 -2457.05
21 32 -2507.59
21 33 -2506.08
21 34 -2449.68
21 35 -2337.43
21 36 -2170.09
21 37 -1950.5
21 38 -1683.42
21 39 -1375.64
21 40 -1035.66
21 41 -673.74
21 42 -301.359
21 43 69.0189
21 44 424.45
21 45 752.041
21 46 1039.53
21 47 1275.88
21 48 1451.78
21 49 1560.26
21 50 1596.91
21 51 1560.26
21 52 1451.78
21 53 1275.88
21 54 1039.53
21 55 752.041
21 56 424.45
21 57 69.0189
21 58 -301.359
21 59 -673.74
21 60 -1035.66
21 61 -1375.64
21 62 -1683.42
21 63 -1950.5
21 64 -2170.09
21 65 -2337.43
21 66 -2449.68
21 67 -2506.08
21 68 -2507.59
21 69 -2457.05
21 70 -2358.76
21 71 -2218.33
21 72 -2042.38
21 73 -1838.3
21 74 -1613.77
21 75 -1376.61
21 76 -1134.35
21 77 -894.036
21 78 -661.981
21 79 -443.523
21 80 -243.059
21 81 -63.7578
21 82 92.157
21 83 223.591
21 84 330.318
21 85 412.93
21 86 472.647
21 87 511.196
21 88 530.6
21 89 533.096
21 90 520.973
21 91 496.449
21 92 461.675
21 93 418.541
21 94 368.805
21 95 313.922
21 96 255.17
21 97 193.597
21 98 130.069
21 99 65.3286
21 100 0

22 0 0
22 1 67.7225
22 2 134.536
22 3 199.506
22 4 261.567
22 5 319.565
22 6 372.148
22 7 417.793
22 8 454.803
22 9 481.256
22 10 495.153
22 11 494.31
22 12 476.604
22 13 439.916
22 14 382.355
22 15 302.34
22 16 198.739
22 17 71.0634
22 18 -80.4518
22 19 -254.694
22 20 -449.56
22 21 -661.981
22 22 -887.825
22 23 -1122
22 24 -1358.58
22 25 -1590.9
22 26 -1811.84
22 27 -2014.07
22 28 -2190.32
22 29 -2333.64
22 30 -2437.83
22 31 -2497.56
22 32 -2508.76
22 33 -2468.77
22 34 -2376.51
22 35 -2232.59
22 36 -2039.44
22 37 -1801.13
22 38 -1523.54
22 39 -1213.98
22 40 -881.172
22 41 -534.82
22 42 -185.436
22 43 156.109
22 44 478.941
22 45 772.625
22 46 1027.56
22 47 1235.26
22 48 1388.81
22 49 1483.06
22 50 1514.85
22 51 1483.06
22 52 1388.81
22 53 1235.26
22 54 1027.56
22 55 772.625
22 56 478.941
22 57 156.109
22 58 -185.436
22 59 -534.82
22 60 -881.172
22 61 -1213.98
22 62 -1523.54
22 63 -1801.13
22 64 -2039.44
22 65 -2232.59
22 66 -2376.51
22 67 -2468.77
22 68 -2508.76
22 69 -2497.56
22 70 -2437.83
22 71 -2333.64
22 72 -2190.32
22 73 -2014.07
22 74 -1811.84
22 75 -1590.9
22 76 -1358.58
22 77 -1122
22 78 -887.825
22 79 -661.981
22 80 -449.56
22 81 -254.694
22 82 -80.4518
22 83 71.0634
22 84 198.739
22 85 302.34
22 86 382.355
22 87 439.916
22 88 476.604
22 89 494.31
22 90 495.153
22 91 481.256
22 92 454.803
22 93 417.793
22 94 372.148
22 95 319.565
22 96 261.567
22 97 199.506
22 98 134.536
22 99 67.7225
22 100 0

23 0 0
23 1 68.2365
23 2 135.203
23 3 199.622
23 4 260.074
23 5 315.113
23 6 363.064
23 7 402.21
23 8 430.606
23 9 446.282
23 10 447.137
23 11 431.128
23 12 396.261
23 13 340.778
23 14 263.211
23 15 162.562
23 16 38.4223
23 17 -108.929
23 18 -278.349
23 19 -467.821
23 20 -674.365
23 21 -894.036
23 22 -1122
23 23 -1352.62
23 24 -1579.58
23 25 -1796.16
23 26 -1995.4
23 27 -2170.45
23 28 -2314.71
23 29 -2422.33
23 30 -2488.23
23 31 -2508.51
23 32 -2480.58
23 33 -2403.36
23 34 -2277.31
23 35 -2104.57
23 36 -1888.84
23 37 -1635.4
23 38 -1350.84
23 39 -1042.95
23 40 -720.367
23 41 -392.322
23 42 -68.2022
23 43 242.73
23 44 531.629
23 45 790.478
23 46 1012.2
23 47 1190.89
23 48 1321.85
23 49 1401.79
23 50 1428.65
23 51 1401.79
23 52 1321.85
23 53 1190.89
23 54 1012.2
23 55 790.478
23 56 531.629
23 57 242.73
23 58 -68.2022
23 59 -392.322
23 60 -720.367
23 61 -1042.95
23 62 -1350.84
23 63 -1635.4
23 64 -1888.84
23 65 -2104.57
23 66 -2277.31
23 67 -2403.36
23 68 -2480.58
23 69 -2508.51
23 70 -2488.23
23 71 -2422.33
23 72 -2314.71
23 73 -2170.45
23 74 -1995.4
23 75 -1796.16
23 76 -1579.58
23 77 -1352.62
23 78 -1122
23 79 -894.036
23 80 -674.365
23 81 -467.821
23 82 -278.349
23 83 -108.929
23 84 38.4223
23 85 162.562
23 86 263.211
23 87 340.778
23 88 396.261
23 89 431.128
23 90 447.137
23 91 446.282
23 92 430.606
23 93 402.21
23 94 363.064
23 95 315.113
23 96 260.074
23 97 199.622
23 98 135.203
23 99 68.2365
23 100 0

24 0 0
24 1 66.2195
24 2 130.809
24 3 192.066
24 4 248.31
24 5 297.672
24 6 338.329
24 7 368.237
24 8 385.429
24 9 387.799
24 10 373.384
24 11 340.265
24 12 286.79
24 13 211.617
24 14 113.839
24 15 -6.84089
24 16 -150.106
24 17 -314.766
24 18 -498.868
24 19 -699.49
24 20 -912.857
24 21 -1134.35
24 22 -1358.58
24 23 -1579.58
24 24 -1790.97
24 25 -1986.16
24 26 -2158.64
24 27 -2302.21
24 28 -2411.26
24 29 -2480.94
24 30 -2507.53
24 31 -2488.46
24 32 -2422.59
24 33 -2310.22
24 34 -2153.21
24 35 -1954.97
24 36 -1720.31
24 37 -1455.35
24 38 -1167.35
24 39 -864.295
24 40 -554.706
24 41 -247.154
24 42 50.0472
24 43 329.198
24 44 583.491
24 45 807.167
24 46 995.639
24 47 1145.38
24 48 1253.93
24 49 1319.65
24 50 1341.67
24 51 1319.65
24 52 1253.93
24 53 1145.38
24 54 995.639
24 55 807.167
24 56 583.491
24 57 329.198
24 58 50.0472
24 59 -247.154
24 60 -554.706
24 61 -864.295
24 62 -1167.35
24 63 -1455.35
24 64 -1720.31
24 65 -1954.97
24 66 -2153.21
24 67 -2310.22
24 68 -2422.59
24 69 -2488.46
24 70 -2507.53
24 71 -2480.94
24 72 -2411.26
24 73 -2302.21
24 74 -2158.64
24 75 -1986.16
24 76 -1790.97
24 77 -1579.58
24 78 -1358.58
24 79 -1134.35
24 80 -912.857
24 81 -699.49
24 82 -498.868
24 83 -314.766
24 84 -150.106
24 85 -6.84089
24 86 113.839
24 87 211.617
24 88 286.79
24 89 340.265
24 90 373.384
24 91 387.799
24 92 385.429
24 93 368.237
24 94 338.329
24 95 297.672
24 96 248.31
24 97 192.066
24 98 130.809
24 99 66.2195
24 100 0

25 0 0
25 1 61.0193
25 2 120.015
25 3 174.966
25 4 223.786
25 5 264.411
25 6 294.682
25 7 312.521
25 8 315.785
25 9 302.525
25 10 270.844
25 11 219.187
25 12 146.274
25 13 51.3065
25 14 -65.9365
25 15 -205.086
25 16 -364.911
25 17 -543.504
25 18 -737.993
25 19 -944.748
25 20 -1159.33
25 21 -1376.61
25 22 -1590.9
25 23 -1796.16
25 24 -1986.16
25 25 -2154.73
25 26 -2296.02
25 27 -2404.69
25 28 -2476.14
25 29 -2506.75
25 30 -2494.01
25 31 -2436.68
25 32 -2334.88
25 33 -2190.19
25 34 -2005.62
25 35 -1785.55
25 36 -1535.7
25 37 -1262.91
25 38 -974.736
25 39 -679.37
25 40 -385.03
25 41 -99.663
25 42 169.552
25 43 416.404
25 44 635.997
25 45 824.749
25 46 980.392
25 47 1101.71
25 48 1188.29
25 49 1240.12
25 50 1257.38
25 51 1240.12
25 52 1188.29
25 53 1101.71
25 54 980.392
25 55 824.749
25 56 635.997
25 57 416.404
25 58 169.552
25 59 -99.663
25 60 -385.03
25 61 -679.37
25 62 -974.736
25 63 -1262.91
25 64 -1535.7
25 65 -1785.55
25 66 -2005.62
25 67 -2190.19
25 68 -2334.88
25 69 -2436.68
25 70 -2494.01
25 71 -2506.75
25 72 -2476.14
25 73 -2404.69
25 74 -2296.02
25 75 -2154.73
25 76 -1986.16
25 77 -1796.16
25 78 -1590.9
25 79 -1376.61
25 80 -1159.33
25 81 -944.748
25 82 -737.993
25 83 -543.504
25 84 -364.911
25 85 -205.086
25 86 -65.9365
25 87 51.3065
25 88 146.274
25 89 219.187
25 90 270.844
25 91 302.525
25 92 315.785
25 93 312.521
25 94 294.682
25 95 264.411
25 96 223.786
25 97 174.966
25 98 120.015
25 99 61.0193
25 100 0

26 0 0
26 1 51.9821
26 2 101.595
26 3 146.476
26 4 184.267
26 5 212.638
26 6 229.306
26 7 232.072
26 8 218.876
26 9 187.861
26 10 137.445
26 11 66.4217
26 12 -25.9553
26 13 -139.876
26 14 -274.876
26 15 -429.779
26 16 -602.626
26 17 -790.669
26 18 -990.368
26 19 -1197.47
26 20 -1407.07
26 21 -1613.77
26 22 -1811.84
26 23 -1995.4
26 24 -2158.64
26 25 -2296.02
26 26 -2402.53
26 27 -2473.78
26 28 -2506.36
26 29 -2497.73
26 30 -2446.66
26 31 -2353.03
26 32 -2218.12
26 33 -2044.47
26 34 -1836.05
26 35 -1598.04
26 36 -1336.79
26 37 -1059.57
26 38 -774.271
26 39 -488.991
26 40 -211.685
26 41 50.4244
26 42 291.133
26 43 505.729
26 44 691.074
26 45 845.65
26 46 969.342
26 47 1063.1
26 48 1128.42
26 49 1166.83
26 50 1179.5
26 51 1166.83
26 52 1128.42
26 53 1063.1
26 54 969.342
26 55 845.65
26 56 691.074
26 57 505.729
26 58 291.133
26 59 50.4244
26 60 -211.685
26 61 -488.991
26 62 -774.271
26 63 -1059.57
26 64 -1336.79
26 65 -1598.04
26 66 -1836.05
26 67 -2044.47
26 68 -2218.12
26 69 -2353.03
26 70 -2446.66
26 71 -2497.73
26 72 -2506.36
26 73 -2473.78
26 74 -2402.53
26 75 -2296.02
26 76 -2158.64
26 77 -1995.4
26 78 -1811.84
26 79 -1613.77
26 80 -1407.07
26 81 -1197.47
26 82 -990.368
26 83 -790.669
26 84 -602.626
26 85 -429.779
26 86 -274.876
26 87 -139.876
26 88 -25.9553
26 89 66.4217
26 90 137.445
26 91 187.861
26 92 218.876
26 93 232.072
26 94 229.306
26 95 212.638
26 96 184.267
26 97 146.476
26 98 101.595
26 99 51.9821
26 100 0

27 0 0
27 1 38.5496
27 2 74.4559
27 3 105.07
27 4 127.853
27 5 140.27
27 6 140.011
27 7 124.851
27 8 92.8908
27 9 42.4949
27 10 -27.5545
27 11 -117.973
27 12 -228.96
27 13 -360.012
27 14 -509.974
27 15 -676.927
27 16 -858.18
27 17 -1050.35
27 18 -1249.33
27 19 -1450.44
27 20 -1648.58
27 21 -1838.3
27 22 -2014.07
27 23 -2170.45
27 24 -2302.21
27 25 -2404.69
27 26 -2473.78
27 27 -2506.23
27 28 -2499.65
27 29 -2452.73
27 30 -2365.19
27 31 -2238.02
27 32 -2073.31
27 33 -1874.51
27 34 -1646.18
27 35 -1394.1
27 36 -1125.05
27 37 -846.601
27 38 -566.711
27 39 -293.485
27 40 -34.4333
27 41 203.803
27 42 416.076
27 43 598.947
27 44 750.995
27 45 872.546
27 46 965.518
27 47 1032.84
27 48 1077.82
27 49 1103.43
27 50 1111.73
27 51 1103.43
27 52 1077.82
27 53 1032.84
27 54 965.518
27 55 872.546
27 56 750.995
27 57 598.947
27 58 416.076
27 59 203.803
27 60 -34.4333
27 61 -293.485
27 62 -566.711
27 63 -846.601
27 64 -1125.05
27 65 -1394.1
27 66 -1646.18
27 67 -1874.51
27 68 -2073.31
27 69 -2238.02
27 70 -2365.19
27 71 -2452.73
27 72 -2499.65
27 73 -2506.23
27 74 -2473.78
27 75 -2404.69
27 76 -2302.21
27 77 -2170.45
27 78 -2014.07
27 79 -1838.3
27 80 -1648.58
27 81 -1450.44
27 82 -1249.33
27 83 -1050.35
27 84 -858.18
27 85 -676.927
27 86 -509.974
27 87 -360.012
27 88 -228.96
27 89 -117.973
27 90 -27.5545
27 91 42.4949
27 92 92.8908
27 93 124.851
27 94 140.011
27 95 140.27
27 96 127.853
27 97 105.07
27 98 74.4559
27 99 38.5496
27 100 0

28 0 0
28 1 20.3727
28 2 37.9003
28 3 49.8258
28 4 53.4135
28 5 46.1778
28 6 25.7344
28 7 -9.9174
28 8 -62.5223
28 9 -133.327
28 10 -223.127
28 11 -332.114
28 12 -459.847
28 13 -605.206
28 14 -766.328
28 15 -940.656
28 16 -1124.9
28 17 -1315.18
28 18 -1507.03
28 19 -1695.61
28 20 -1875.8
28 21 -2042.38
28 22 -2190.32
28 23 -2314.71
28 24 -2411.26
28 25 -2476.14
28 26 -2506.36
28 27 -2499.65
28 28 -2454.78
28 29 -2371.34
28 30 -2250.07
28 31 -2092.67
28 32 -1902.01
28 33 -1682.01
28 34 -1437.74
28 35 -1175.33
28 36 -901.792
28 37 -624.867
28 38 -352.564
28 39 -92.7882
28 40 147.248
28 41 361.571
28 42 545.909
28 43 698.074
28 44 818.108
28 45 908.114
28 46 971.879
28 47 1014.15
28 48 1039.88
28 49 1053.35
28 50 1057.51
28 51 1053.35
28 52 1039.88
28 53 1014.15
28 54 971.879
28 55 908.114
28 56 818.108
28 57 698.074
28 58 545.909
28 59 361.571
28 60 147.248
28 61 -92.7882
28 62 -352.564
28 63 -624.867
28 64 -901.792
28 65 -1175.33
28 66 -1437.74
28 67 -1682.01
28 68 -1902.01
28 69 -2092.67
28 70 -2250.07
28 71 -2371.34
28 72 -2454.78
28 73 -2499.65
28 74 -2506.36
28 75 -2476.14
28 76 -2411.26
28 77 -2314.71
28 78 -2190.32
28 79 -2042.38
28 80 -1875.8
28 81 -1695.61
28 82 -1507.03
28 83 -1315.18
28 84 -1124.9
28 85 -940.656
28 86 -766.328
28 87 -605.206
28 88 -459.847
28 89 -332.114
28 90 -223.127
28 91 -133.327
28 92 -62.5223
28 93 -9.9174
28 94 25.7344
28 95 46.1778
28 96 53.4135
28 97 49.8258
28 98 37.9003
28 99 20.3727
28 100 0

29 0 0
29 1 -2.67531
29 2 -8.23569
29 3 -19.486
29 4 -39.1084
29 5 -69.5584
29 6 -113.008
29 7 -171.282
29 8 -245.726
29 9 -337.237
29 10 -446.047
29 11 -571.843
29 12 -713.537
29 13 -869.433
29 14 -1037.05
29 15 -1213.34
29 16 -1394.56
29 17 -1576.54
29 18 -1754.71
29 19 -1924.27
29 20 -2080.39
29 21 -2218.33
