0 0 0
0 1 0
0 2 0
0 3 0
0 4 0
0 5 0
0 6 0
0 7 0
0 8 0
0 9 0
0 10 0
0 11 0
0 12 0
0 13 0
0 14 0
0 15 0
0 16 0
0 17 0
0 18 0
0 19 0
0 20 0
0 21 0
0 22 0
0 23 0
0 24 0
0 25 0
0 26 0
0 27 0
0 28 0
0 29 0
0 30 0
0 31 0
0 32 0
0 33 0
0 34 0
0 35 0
0 36 0
0 37 0
0 38 0
0 39 0
0 40 0
0 41 0
0 42 0
0 43 0
0 44 0
0 45 0
0 46 0
0 47 0
0 48 0
0 49 0
0 50 0
0 51 0
0 52 0
0 53 0
0 54 0
0 55 0
0 56 0
0 57 0
0 58 0
0 59 0
0 60 0
0 61 0
0 62 0
0 63 0
0 64 0
0 65 0
0 66 0
0 67 0
0 68 0
0 69 0
0 70 0
0 71 0
0 72 0
0 73 0
0 74 0
0 75 0
0 76 0
0 77 0
0 78 0
0 79 0
0 80 0
0 81 0
0 82 0
0 83 0
0 84 0
0 85 0
0 86 0
0 87 0
0 88 0
0 89 0
0 90 0
0 91 0
0 92 0
0 93 0
0 94 0
0 95 0
0 96 0
0 97 0
0 98 0
0 99 0
0 100 0

1 0 0
1 1 0.551864
1 2 1.11004
1 3 1.67352
1 4 2.25434
1 5 2.84994
1 6 3.47164
1 7 4.12239
1 8 4.8095
1 9 5.5435
1 10 6.33075
1 11 7.1885
1 12 8.12756
1 13 9.17424
1 14 10.3528
1 15 11.6999
1 16 13.2674
1 17 15.1078
1 18 17.3007
1 19 19.9475
1 20 23.1588
1 21 27.0909
1 22 31.9195
1 23 37.8183
1 24 44.9985
1 25 53.6512
1 26 63.9304
1 27 75.9249
1 28 89.6063
1 29 104.774
1 30 121.014
1 31 137.633
1 32 153.637
1 33 167.703
1 34 178.208
1 35 183.317
1 36 181.072
1 37 169.582
1 38 147.232
1 39 112.912
1 40 66.2347
1 41 7.76434
1 42 -60.9084
1 43 -137.104
1 44 -217.167
1 45 -296.668
1 46 -370.774
1 47 -434.631
1 48 -483.847
1 49 -514.894
1 50 -525.508
1 51 -514.894
1 52 -483.847
1 53 -434.631
1 54 -370.774
1 55 -296.668
1 56 -217.167
1 57 -137.104
1 58 -60.9084
1 59 7.76434
1 60 66.2347
1 61 112.912
1 62 147.232
1 63 169.582
1 64 181.072
1 65 183.317
1 66 178.208
1 67 167.703
1 68 153.637
1 69 137.633
1 70 121.014
1 71 104.774
1 72 89.6063
1 73 75.9249
1 74 63.9304
1 75 53.6512
1 76 44.9985
1 77 37.8183
1 78 31.9195
1 79 27.0909
1 80 23.1588
1 81 19.9475
1 82 17.3007
1 83 15.1078
1 84 13.2674
1 85 11.6999
1 86 10.3528
1 87 9.17424
1 88 8.12756
1 89 7.1885
1 90 6.33075
1 91 5.5435
1 92 4.8095
1 93 4.12239
1 94 3.47164
1 95 2.84994
1 96 2.25434
1 97 1.67352
1 98 1.11004
1 99 0.551864
1 100 0

2 0 0
2 1 1.11004
2 2 2.23197
2 3 3.36466
2 4 4.53039
2 5 5.72597
2 6 6.97221
2 7 8.2777
2 8 9.65594
2 9 11.1294
2 10 12.7145
2 11 14.4371
2 12 16.3358
2 13 18.4422
2 14 20.8184
2 15 23.5436
2 16 26.6853
2 17 30.405
2 18 34.8151
2 19 40.1283
2 20 46.5983
2 21 54.4928
2 22 64.176
2 23 76.0028
2 24 90.38
2 25 107.658
2 26 128.171
2 27 152.075
2 28 179.293
2 29 209.415
2 30 241.625
2 31 274.52
2 32 306.103
2 33 333.75
2 34 354.253
2 35 363.977
2 36 359.043
2 37 335.726
2 38 290.863
2 39 222.28
2 40 129.239
2 41 12.8829
2 42 -123.593
2 43 -274.864
2 44 -433.685
2 45 -591.309
2 46 -738.173
2 47 -864.682
2 48 -962.148
2 49 -1023.62
2 50 -1044.63
2 51 -1023.62
2 52 -962.148
2 53 -864.682
2 54 -738.173
2 55 -591.309
2 56 -433.685
2 57 -274.864
2 58 -123.593
2 59 12.8829
2 60 129.239
2 61 222.28
2 62 290.863
2 63 335.726
2 64 359.043
2 65 363.977
2 66 354.253
2 67 333.75
2 68 306.103
2 69 274.52
2 70 241.625
2 71 209.415
2 72 179.293
2 73 152.075
2 74 128.171
2 75 107.658
2 76 90.38
2 77 76.0028
2 78 64.176
2 79 54.4928
2 80 46.5983
2 81 40.1283
2 82 34.8151
2 83 30.405
2 84 26.6853
2 85 23.5436
2 86 20.8184
2 87 18.4422
2 88 16.3358
2 89 14.4371
2 90 12.7145
2 91 11.1294
2 92 9.65594
2 93 8.2777
2 94 6.97221
2 95 5.72597
2 96 4.53039
2 97 3.36466
2 98 2.23197
2 99 1.11004
2 100 0

3 0 0
3 1 1.67352
3 2 3.36466
3 3 5.0747
3 4 6.83461
3 5 8.64238
3 6 10.5286
3 7 12.5045
3 8 14.5931
3 9 16.8253
3 10 19.2231
3 11 21.8381
3 12 24.7047
3 13 27.9026
3 14 31.5072
3 15 35.6266
3 16 40.421
3 17 46.0448
3 18 52.7426
3 19 60.8102
3 20 70.5811
3 21 82.5152
3 22 97.1171
3 23 114.906
3 24 136.478
3 25 162.379
3 26 193.03
3 27 228.657
3 28 269.126
3 29 313.803
3 30 361.409
3 31 409.862
3 32 456.191
3 33 496.49
3 34 525.993
3 35 539.342
3 36 530.849
3 37 495.065
3 38 427.362
3 39 324.624
3 40 185.853
3 41 12.8199
3 42 -189.72
3 43 -413.862
3 44 -648.903
3 45 -881.922
3 46 -1098.86
3 47 -1285.61
3 48 -1429.44
3 49 -1520.13
3 50 -1551.13
3 51 -1520.13
3 52 -1429.44
3 53 -1285.61
3 54 -1098.86
3 55 -881.922
3 56 -648.903
3 57 -413.862
3 58 -189.72
3 59 12.8199
3 60 185.853
3 61 324.624
3 62 427.362
3 63 495.065
3 64 530.849
3 65 539.342
3 66 525.993
3 67 496.49
3 68 456.191
3 69 409.862
3 70 361.409
3 71 313.803
3 72 269.126
3 73 228.657
3 74 193.03
3 75 162.379
3 76 136.478
3 77 114.906
3 78 97.1171
3 79 82.5152
3 80 70.5811
3 81 60.8102
3 82 52.7426
3 83 46.0448
3 84 40.421
3 85 35.6266
3 86 31.5072
3 87 27.9026
3 88 24.7047
3 89 21.8381
3 90 19.2231
3 91 16.8253
3 92 14.5931
3 93 12.5045
3 94 10.5286
3 95 8.64238
3 96 6.83461
3 97 5.0747
3 98 3.36466
3 99 1.67352
3 100 0

4 0 0
4 1 2.25434
4 2 4.53039
4 3 6.83461
4 4 9.20159
4 5 11.6366
4 6 14.1739
4 7 16.8356
4 8 19.6498
4 9 22.6596
4 10 25.9031
4 11 29.4326
4 12 33.3264
4 13 37.6547
4 14 42.5422
4 15 48.147
4 16 54.6184
4 17 62.2602
4 18 71.319
4 19 82.2031
4 20 95.4088
4 21 111.463
4 22 131.058
4 23 154.877
4 24 183.677
4 25 218.105
4 26 258.743
4 27 305.815
4 28 359.09
4 29 417.671
4 30 479.857
4 31 542.835
4 32 602.663
4 33 654.199
4 34 691.244
4 35 706.793
4 36 693.489
4 37 644.3
4 38 553.342
4 39 416.667
4 40 233.142
4 41 5.18603
4 42 -260.841
4 43 -554.58
4 44 -862.037
4 45 -1166.45
4 46 -1449.54
4 47 -1693.05
4 48 -1880.45
4 49 -1998.57
4 50 -2038.92
4 51 -1998.57
4 52 -1880.45
4 53 -1693.05
4 54 -1449.54
4 55 -1166.45
4 56 -862.037
4 57 -554.58
4 58 -260.841
4 59 5.18603
4 60 233.142
4 61 416.667
4 62 553.342
4 63 644.3
4 64 693.489
4 65 706.793
4 66 691.244
4 67 654.199
4 68 602.663
4 69 542.835
4 70 479.857
4 71 417.671
4 72 359.09
4 73 305.815
4 74 258.743
4 75 218.105
4 76 183.677
4 77 154.877
4 78 131.058
4 79 111.463
4 80 95.4088
4 81 82.2031
4 82 71.319
4 83 62.2602
4 84 54.6184
4 85 48.147
4 86 42.5422
4 87 37.6547
4 88 33.3264
4 89 29.4326
4 90 25.9031
4 91 22.6596
4 92 19.6498
4 93 16.8356
4 94 14.1739
4 95 11.6366
4 96 9.20159
4 97 6.83461
4 98 4.53039
4 99 2.25434
4 100 0

5 0 0
5 1 2.84994
5 2 5.72597
5 3 8.64238
5 4 11.6366
5 5 14.7219
5 6 17.9394
5 7 21.3153
5 8 24.8912
5 9 28.7164
5 10 32.8375
5 11 37.3389
5 12 42.2863
5 13 47.8132
5 14 54.0525
5 15 61.1843
5 16 69.4802
5 17 79.1962
5 18 90.7476
5 19 104.607
5 20 121.328
5 21 141.646
5 22 166.331
5 23 196.235
5 24 232.228
5 25 275.133
5 26 325.517
5 27 383.633
5 28 449.102
5 29 520.766
5 30 596.383
5 31 672.489
5 32 744.185
5 33 805.175
5 34 847.86
5 35 863.779
5 36 844.069
5 37 780.351
5 38 665.623
5 39 495.351
5 40 268.388
5 41 -12.088
5 42 -338.217
5 43 -697.28
5 44 -1072.28
5 45 -1442.89
5 46 -1787.05
5 47 -2082.75
5 48 -2310.16
5 49 -2453.43
5 50 -2502.37
5 51 -2453.43
5 52 -2310.16
5 53 -2082.75
5 54 -1787.05
5 55 -1442.89
5 56 -1072.28
5 57 -697.28
5 58 -338.217
5 59 -12.088
5 60 268.388
5 61 495.351
5 62 665.623
5 63 780.351
5 64 844.069
5 65 863.779
5 66 847.86
5 67 805.175
5 68 744.185
5 69 672.489
5 70 596.383
5 71 520.766
5 72 449.102
5 73 383.633
5 74 325.517
5 75 275.133
5 76 232.228
5 77 196.235
5 78 166.331
5 79 141.646
5 80 121.328
5 81 104.607
5 82 90.7476
5 83 79.1962
5 84 69.4802
5 85 61.1843
5 86 54.0525
5 87 47.8132
5 88 42.2863
5 89 37.3389
5 90 32.8375
5 91 28.7164
5 92 24.8912
5 93 21.3153
5 94 17.9394
5 95 14.7219
5 96 11.6366
5 97 8.64238
5 98 5.72597
5 99 2.84994
5 100 0

6 0 0
6 1 3.47164
6 2 6.97221
6 3 10.5286
6 4 14.1739
6 5 17.9394
6 6 21.8623
6 7 25.9867
6 8 30.3583
6 9 35.0373
6 10 40.0957
6 11 45.6087
6 12 51.7031
6 13 58.4937
6 14 66.1718
6 15 74.9731
6 16 85.1487
6 17 97.1166
6 18 111.285
6 19 128.227
6 20 148.66
6 21 173.341
6 22 203.226
6 23 239.26
6 24 282.448
6 25 333.622
6 26 393.456
6 27 462.074
6 28 538.96
6 29 622.59
6 30 710.275
6 31 797.794
6 32 879.376
6 33 947.603
6 34 993.687
6 35 1007.81
6 36 979.858
6 37 900.3
6 38 761.333
6 39 557.984
6 40 289.302
6 41 -40.7731
6 42 -422.832
6 43 -842.033
6 44 -1278.62
6 45 -1709.17
6 46 -2108.29
6 47 -2450.79
6 48 -2713.91
6 49 -2879.58
6 50 -2936.14
6 51 -2879.58
6 52 -2713.91
6 53 -2450.79
6 54 -2108.29
6 55 -1709.17
6 56 -1278.62
6 57 -842.033
6 58 -422.832
6 59 -40.7731
6 60 289.302
6 61 557.984
6 62 761.333
6 63 900.3
6 64 979.858
6 65 1007.81
6 66 993.687
6 67 947.603
6 68 879.376
6 69 797.794
6 70 710.275
6 71 622.59
6 72 538.96
6 73 462.074
6 74 393.456
6 75 333.622
6 76 282.448
6 77 239.26
6 78 203.226
6 79 173.341
6 80 148.66
6 81 128.227
6 82 111.285
6 83 97.1166
6 84 85.1487
6 85 74.9731
6 86 66.1718
6 87 58.4937
6 88 51.7031
6 89 45.6087
6 90 40.0957
6 91 35.0373
6 92 30.3583
6 93 25.9867
6 94 21.8623
6 95 17.9394
6 96 14.1739
6 97 10.5286
6 98 6.97221
6 99 3.47164
6 100 0

7 0 0
7 1 4.12239
7 2 8.2777
7 3 12.5045
7 4 16.8356
7 5 21.3153
7 6 25.9867
7 7 30.9008
7 8 36.119
7 9 41.7114
7 10 47.7578
7 11 54.3763
7 12 61.6732
7 13 69.8403
7 14 79.0705
7 15 89.6261
7 16 101.878
7 17 116.199
7 18 133.155
7 19 153.383
7 20 177.63
7 21 206.856
7 22 242.012
7 23 284.218
7 24 334.473
7 25 393.737
7 26 462.55
7 27 541.006
7 28 628.305
7 29 722.62
7 30 820.664
7 31 917.593
7 32 1006.73
7 33 1079.71
7 34 1126.61
7 35 1136.53
7 36 1098.31
7 37 1001.59
7 38 837.947
7 39 602.29
7 40 293.982
7 41 -82.1502
7 42 -515.277
7 43 -988.578
7 44 -1479.93
7 45 -1963.25
7 46 -2410.38
7 47 -2793.47
7 48 -3087.45
7 49 -3272.4
7 50 -3335.52
7 51 -3272.4
7 52 -3087.45
7 53 -2793.47
7 54 -2410.38
7 55 -1963.25
7 56 -1479.93
7 57 -988.578
7 58 -515.277
7 59 -82.1502
7 60 293.982
7 61 602.29
7 62 837.947
7 63 1001.59
7 64 1098.31
7 65 1136.53
7 66 1126.61
7 67 1079.71
7 68 1006.73
7 69 917.593
7 70 820.664
7 71 722.62
7 72 628.305
7 73 541.006
7 74 462.55
7 75 393.737
7 76 334.473
7 77 284.218
7 78 242.012
7 79 206.856
7 80 177.63
7 81 153.383
7 82 133.155
7 83 116.199
7 84 101.878
7 85 89.6261
7 86 79.0705
7 87 69.8403
7 88 61.6732
7 89 54.3763
7 90 47.7578
7 91 41.7114
7 92 36.119
7 93 30.9008
7 94 25.9867
7 95 21.3153
7 96 16.8356
7 97 12.5045
7 98 8.2777
7 99 4.12239
7 100 0

8 0 0
8 1 4.8095
8 2 9.65594
8 3 14.5931
8 4 19.6498
8 5 24.8912
8 6 30.3583
8 7 36.119
8 8 42.2476
8 9 48.8144
8 10 55.9453
8 11 63.7291
8 12 72.3602
8 13 81.9951
8 14 92.9026
8 15 105.391
8 16 119.825
8 17 136.714
8 18 156.631
8 19 180.286
8 20 208.569
8 21 242.414
8 22 282.948
8 23 331.264
8 24 388.475
8 25 455.44
8 26 532.709
8 27 620.116
8 28 716.671
8 29 820.08
8 30 926.574
8 31 1030.59
8 32 1124.71
8 33 1199.64
8 34 1244.59
8 35 1247.74
8 36 1197.18
8 37 1081.97
8 38 893.413
8 39 626.497
8 40 281.098
8 41 -137.026
8 42 -615.692
8 43 -1136.36
8 44 -1674.91
8 45 -2203.08
8 46 -2690.56
8 47 -3107.48
8 48 -3426.99
8 49 -3627.85
8 50 -3696.37
8 51 -3627.85
8 52 -3426.99
8 53 -3107.48
8 54 -2690.56
8 55 -2203.08
8 56 -1674.91
8 57 -1136.36
8 58 -615.692
8 59 -137.026
8 60 281.098
8 61 626.497
8 62 893.413
8 63 1081.97
8 64 1197.18
8 65 1247.74
8 66 1244.59
8 67 1199.64
8 68 1124.71
8 69 1030.59
8 70 926.574
8 71 820.08
8 72 716.671
8 73 620.116
8 74 532.709
8 75 455.44
8 76 388.475
8 77 331.264
8 78 282.948
8 79 242.414
8 80 208.569
8 81 180.286
8 82 156.631
8 83 136.714
8 84 119.825
8 85 105.391
8 86 92.9026
8 87 81.9951
8 88 72.3602
8 89 63.7291
8 90 55.9453
8 91 48.8144
8 92 42.2476
8 93 36.119
8 94 30.3583
8 95 24.8912
8 96 19.6498
8 97 14.5931
8 98 9.65594
8 99 4.8095
8 100 0

9 0 0
9 1 5.5435
9 2 11.1294
9 3 16.8253
9 4 22.6596
9 5 28.7164
9 6 35.0373
9 7 41.7114
9 8 48.8144
9 9 56.4527
9 10 64.7358
9 11 73.829
9 12 83.8816
9 13 95.1513
9 14 107.892
9 15 122.456
9 16 139.294
9 17 158.906
9 18 181.97
9 19 209.26
9 20 241.674
9 21 280.295
9 22 326.181
9 23 380.563
9 24 444.434
9 25 518.677
9 26 603.627
9 27 698.975
9 28 803.346
9 29 914.075
9 30 1026.82
9 31 1135.41
9 32 1231.69
9 33 1305.62
9 34 1345.72
9 35 1339.48
9 36 1274.54
9 37 1139.66
9 38 926.209
9 39 629.438
9 40 249.93
9 41 -205.63
9 42 -723.743
9 43 -1284.45
9 44 -1862.01
9 45 -2426.59
9 46 -2946.3
9 47 -3389.89
9 48 -3729.32
9 49 -3942.49
9 50 -4015.17
9 51 -3942.49
9 52 -3729.32
9 53 -3389.89
9 54 -2946.3
9 55 -2426.59
9 56 -1862.01
9 57 -1284.45
9 58 -723.743
9 59 -205.63
9 60 249.93
9 61 629.438
9 62 926.209
9 63 1139.66
9 64 1274.54
9 65 1339.48
9 66 1345.72
9 67 1305.62
9 68 1231.69
9 69 1135.41
9 70 1026.82
9 71 914.075
9 72 803.346
9 73 698.975
9 74 603.627
9 75 518.677
9 76 444.434
9 77 380.563
9 78 326.181
9 79 280.295
9 80 241.674
9 81 209.26
9 82 181.97
9 83 158.906
9 84 139.294
9 85 122.456
9 86 107.892
9 87 95.1513
9 88 83.8816
9 89 73.829
9 90 64.7358
9 91 56.4527
9 92 48.8144
9 93 41.7114
9 94 35.0373
9 95 28.7164
9 96 22.6596
9 97 16.8253
9 98 11.1294
9 99 5.5435
9 100 0

10 0 0
10 1 6.33075
10 2 12.7145
10 3 19.2231
10 4 25.9031
10 5 32.8375
10 6 40.0957
10 7 47.7578
10 8 55.9453
10 9 64.7358
10 10 74.322
10 11 84.8088
10 12 96.465
10 13 109.495
10 14 124.24
10 15 141.085
10 16 160.489
10 17 183.05
10 18 209.456
10 19 240.535
10 20 277.25
10 21 320.656
10 22 371.904
10 23 432.108
10 24 502.295
10 25 583.174
10 26 674.928
10 27 776.939
10 28 887.529
10 29 1003.56
10 30 1120.15
10 31 1230.57
10 32 1326.03
10 33 1395.95
10 34 1428.25
10 35 1410.1
10 36 1328.89
10 37 1173.47
10 38 935.404
10 39 610.603
10 40 200.377
10 41 -287.519
10 42 -838.551
10 43 -1431.52
10 44 -2039.57
10 45 -2631.75
10 46 -3175.29
10 47 -3638.14
10 48 -3991.75
10 49 -4213.57
10 50 -4289.18
10 51 -4213.57
10 52 -3991.75
10 53 -3638.14
10 54 -3175.29
10 55 -2631.75
10 56 -2039.57
10 57 -1431.52
10 58 -838.551
10 59 -287.519
10 60 200.377
10 61 610.603
10 62 935.404
10 63 1173.47
10 64 1328.89
10 65 1410.1
10 66 1428.25
10 67 1395.95
10 68 1326.03
10 69 1230.57
10 70 1120.15
10 71 1003.56
10 72 887.529
10 73 776.939
10 74 674.928
10 75 583.174
10 76 502.295
10 77 432.108
10 78 371.904
10 79 320.656
10 80 277.25
10 81 240.535
10 82 209.456
10 83 183.05
10 84 160.489
10 85 141.085
10 86 124.24
10 87 109.495
10 88 96.465
10 89 84.8088
10 90 74.322
10 91 64.7358
10 92 55.9453
10 93 47.7578
10 94 40.0957
10 95 32.8375
10 96 25.9031
10 97 19.2231
10 98 12.7145
10 99 6.33075
10 100 0

11 0 0
11 1 7.1885
11 2 14.4371
11 3 21.8381
11 4 29.4326
11 5 37.3389
11 6 45.6087
11 7 54.3763
11 8 63.7291
11 9 73.829
11 10 84.8088
11 11 96.8925
11 12 110.281
11 13 125.285
11 14 142.238
11 15 161.553
11 16 183.764
11 17 209.454
11 18 239.389
11 19 274.397
11 20 315.48
11 21 363.689
11 22 420.117
11 23 485.883
11 24 561.841
11 25 648.561
11 26 745.998
11 27 853.23
11 28 968.18
11 29 1087.26
11 30 1205.16
11 31 1314.54
11 32 1406.18
11 33 1469.02
11 34 1490.73
11 35 1458.31
11 36 1359.26
11 37 1182.69
11 38 920.828
11 39 570.229
11 40 133.178
11 41 -381.651
11 42 -958.673
11 43 -1575.87
11 44 -2205.62
11 45 -2816.5
11 46 -3375.41
11 47 -3850.17
11 48 -4212.19
11 49 -4439.03
11 50 -4516.28
11 51 -4439.03
11 52 -4212.19
11 53 -3850.17
11 54 -3375.41
11 55 -2816.5
11 56 -2205.62
11 57 -1575.87
11 58 -958.673
11 59 -381.651
11 60 133.178
11 61 570.229
11 62 920.828
11 63 1182.69
11 64 1359.26
11 65 1458.31
11 66 1490.73
11 67 1469.02
11 68 1406.18
11 69 1314.54
11 70 1205.16
11 71 1087.26
11 72 968.18
11 73 853.23
11 74 745.998
11 75 648.561
11 76 561.841
11 77 485.883
11 78 420.117
11 79 363.689
11 80 315.48
11 81 274.397
11 82 239.389
11 83 209.454
11 84 183.764
11 85 161.553
11 86 142.238
11 87 125.285
11 88 110.281
11 89 96.8925
11 90 84.8088
11 91 73.829
11 92 63.7291
11 93 54.3763
11 94 45.6087
11 95 37.3389
11 96 29.4326
11 97 21.8381
11 98 14.4371
11 99 7.1885
11 100 0

12 0 0
12 1 8.12756
12 2 16.3358
12 3 24.7047
12 4 33.3264
12 5 42.2863
12 6 51.7031
12 7 61.6732
12 8 72.3602
12 9 83.8816
12 10 96.465
12 11 110.281
12 12 125.627
12 13 142.798
12 14 162.159
12 15 184.193
12 16 209.391
12 17 238.438
12 18 272.044
12 19 311.117
12 20 356.57
12 21 409.48
12 22 470.866
12 23 541.694
12 24 622.73
12 25 714.315
12 26 816.111
12 27 926.881
12 28 1044.16
12 29 1163.94
12 30 1280.4
12 31 1385.84
12 32 1470.65
12 33 1523.54
12 34 1532.05
12 35 1483.35
12 36 1365.26
12 37 1167.5
12 38 883.012
12 39 509.351
12 40 49.7318
12 41 -486.189
12 42 -1082.09
12 43 -1715.34
12 44 -2358.07
12 45 -2978.84
12 46 -3544.81
12 47 -4024.26
12 48 -4389.14
12 49 -4617.45
12 50 -4695.16
12 51 -4617.45
12 52 -4389.14
12 53 -4024.26
12 54 -3544.81
12 55 -2978.84
12 56 -2358.07
12 57 -1715.34
12 58 -1082.09
12 59 -486.189
12 60 49.7318
12 61 509.351
12 62 883.012
12 63 1167.5
12 64 1365.26
12 65 1483.35
12 66 1532.05
12 67 1523.54
12 68 1470.65
12 69 1385.84
12 70 1280.4
12 71 1163.94
12 72 1044.16
12 73 926.881
12 74 816.111
12 75 714.315
12 76 622.73
12 77 541.694
12 78 470.866
12 79 409.48
12 80 356.57
12 81 311.117
12 82 272.044
12 83 238.438
12 84 209.391
12 85 184.193
12 86 162.159
12 87 142.798
12 88 125.627
12 89 110.281
12 90 96.465
12 91 83.8816
12 92 72.3602
12 93 61.6732
12 94 51.7031
12 95 42.2863
12 96 33.3264
12 97 24.7047
12 98 16.3358
12 99 8.12756
12 100 0

13 0 0
13 1 9.17424
13 2 18.4422
13 3 27.9026
13 4 37.6547
13 5 47.8132
13 6 58.4937
13 7 69.8403
13 8 81.9951
13 9 95.1513
13 10 109.495
13 11 125.285
13 12 142.798
13 13 162.358
13 14 184.401
13 15 209.339
13 16 237.784
13 17 270.329
13 18 307.768
13 19 350.897
13 20 400.697
13 21 458.073
13 22 523.993
13 23 599.292
13 24 684.501
13 25 779.734
13 26 884.368
13 27 996.82
13 28 1114.21
13 29 1232.15
13 30 1344.46
13 31 1443.1
13 32 1518.22
13 33 1558.49
13 34 1551.59
13 35 1485.04
13 36 1347.23
13 37 1128.71
13 38 823.402
13 39 429.879
13 40 -47.6443
13 41 -598.637
13 42 -1206.19
13 43 -1847.41
13 44 -2494.57
13 45 -3116.72
13 46 -3681.83
13 47 -4159.14
13 48 -4521.61
13 49 -4748.08
13 50 -4825.12
13 51 -4748.08
13 52 -4521.61
13 53 -4159.14
13 54 -3681.83
13 55 -3116.72
13 56 -2494.57
13 57 -1847.41
13 58 -1206.19
13 59 -598.637
13 60 -47.6443
13 61 429.879
13 62 823.402
13 63 1128.71
13 64 1347.23
13 65 1485.04
13 66 1551.59
13 67 1558.49
13 68 1518.22
13 69 1443.1
13 70 1344.46
13 71 1232.15
13 72 1114.21
13 73 996.82
13 74 884.368
13 75 779.734
13 76 684.501
13 77 599.292
13 78 523.993
13 79 458.073
13 80 400.697
13 81 350.897
13 82 307.768
13 83 270.329
13 84 237.784
13 85 209.339
13 86 184.401
13 87 162.358
13 88 142.798
13 89 125.285
13 90 109.495
13 91 95.1513
13 92 81.9951
13 93 69.8403
13 94 58.4937
13 95 47.8132
13 96 37.6547
13 97 27.9026
13 98 18.4422
13 99 9.17424
13 100 0

14 0 0
14 1 10.3528
14 2 20.8184
14 3 31.5072
14 4 42.5422
14 5 54.0525
14 6 66.1718
14 7 79.0705
14 8 92.9026
14 9 107.892
14 10 124.24
14 11 142.238
14 12 162.159
14 13 184.401
14 14 209.321
14 15 237.455
14 16 269.3
14 17 305.525
14 18 346.824
14 19 394.025
14 20 447.931
14 21 509.44
14 22 579.347
14 23 658.252
14 24 746.56
14 25 844.028
14 26 949.777
14 27 1061.84
14 28 1177.03
14 29 1290.58
14 30 1396.04
14 31 1485.14
14 32 1548.01
14 33 1573.4
14 34 1549.33
14 35 1463.91
14 36 1306.34
14 37 1068.13
14 38 744.321
14 39 334.587
14 40 -155.852
14 41 -715.744
14 42 -1327.77
14 43 -1969.12
14 44 -2612.57
14 45 -3228.13
14 46 -3785.01
14 47 -4253.9
14 48 -4609.14
14 49 -4830.76
14 50 -4906.07
14 51 -4830.76
14 52 -4609.14
14 53 -4253.9
14 54 -3785.01
14 55 -3228.13
14 56 -2612.57
14 57 -1969.12
14 58 -1327.77
14 59 -715.744
14 60 -155.852
14 61 334.587
14 62 744.321
14 63 1068.13
14 64 1306.34
14 65 1463.91
14 66 1549.33
14 67 1573.4
14 68 1548.01
14 69 1485.14
14 70 1396.04
14 71 1290.58
14 72 1177.03
14 73 1061.84
14 74 949.777
14 75 844.028
14 76 746.56
14 77 658.252
14 78 579.347
14 79 509.44
14 80 447.931
14 81 394.025
14 82 346.824
14 83 305.525
14 84 269.3
14 85 237.455
14 86 209.321
14 87 184.401
14 88 162.159
14 89 142.238
14 90 124.24
14 91 107.892
14 92 92.9026
14 93 79.0705
14 94 66.1718
14 95 54.0525
14 96 42.5422
14 97 31.5072
14 98 20.8184
14 99 10.3528
14 100 0

15 0 0
15 1 11.6999
15 2 23.5436
15 3 35.6266
15 4 48.147
15 5 61.1843
15 6 74.9731
15 7 89.6261
15 8 105.391
15 9 122.456
15 10 141.085
15 11 161.553
15 12 184.193
15 13 209.339
15 14 237.455
15 15 268.949
15 16 304.401
15 17 344.38
15 18 389.558
15 19 440.644
15 20 498.391
15 21 563.5
15 22 636.599
15 23 718.148
15 24 808.184
15 25 906.307
15 26 1011.24
15 27 1120.79
15 28 1231.37
15 29 1338.03
15 30 1434.06
15 31 1511.19
15 32 1559.59
15 33 1568.34
15 34 1525.96
15 35 1421.34
15 36 1244.62
15 37 988.446
15 38 649.022
15 39 227.164
15 40 -270.987
15 41 -833.57
15 42 -1443.13
15 43 -2077.18
15 44 -2709.38
15 45 -3311.06
15 46 -3853.09
15 47 -4307.95
15 48 -4651.71
15 49 -4865.81
15 50 -4938.51
15 51 -4865.81
15 52 -4651.71
15 53 -4307.95
15 54 -3853.09
15 55 -3311.06
15 56 -2709.38
15 57 -2077.18
15 58 -1443.13
15 59 -833.57
15 60 -270.987
15 61 227.164
15 62 649.022
15 63 988.446
15 64 1244.62
15 65 1421.34
15 66 1525.96
15 67 1568.34
15 68 1559.59
15 69 1511.19
15 70 1434.06
15 71 1338.03
15 72 1231.37
15 73 1120.79
15 74 1011.24
15 75 906.307
15 76 808.184
15 77 718.148
15 78 636.599
15 79 563.5
15 80 498.391
15 81 440.644
15 82 389.558
15 83 344.38
15 84 304.401
15 85 268.949
15 86 237.455
15 87 209.339
15 88 184.193
15 89 161.553
15 90 141.085
15 91 122.456
15 92 105.391
15 93 89.6261
15 94 74.9731
15 95 61.1843
15 96 48.147
15 97 35.6266
15 98 23.5436
15 99 11.6999
15 100 0

16 0 0
16 1 13.2674
16 2 26.6853
16 3 40.421
16 4 54.6184
16 5 69.4802
16 6 85.1487
16 7 101.878
16 8 119.825
16 9 139.294
16 10 160.489
16 11 183.764
16 12 209.391
16 13 237.784
16 14 269.3
16 15 304.401
16 16 343.578
16 17 387.329
16 18 436.273
16 19 490.98
16 20 552.06
16 21 620.06
16 22 695.431
16 23 778.324
16 24 868.649
16 25 965.591
16 26 1067.72
16 27 1172.48
16 28 1276.14
16 29 1373.49
16 30 1457.83
16 31 1520.91
16 32 1553.17
16 33 1544.13
16 34 1483.02
16 35 1359.58
16 36 1165.07
16 37 893.312
16 38 541.72
16 39 112.183
16 40 -388.341
16 41 -947.55
16 42 -1548.05
16 43 -2167.95
16 44 -2782.12
16 45 -3363.5
16 46 -3884.94
16 47 -4320.98
16 48 -4649.65
16 49 -4853.99
16 50 -4923.31
16 51 -4853.99
16 52 -4649.65
16 53 -4320.98
16 54 -3884.94
16 55 -3363.5
16 56 -2782.12
16 57 -2167.95
16 58 -1548.05
16 59 -947.55
16 60 -388.341
16 61 112.183
16 62 541.72
16 63 893.312
16 64 1165.07
16 65 1359.58
16 66 1483.02
16 67 1544.13
16 68 1553.17
16 69 1520.91
16 70 1457.83
16 71 1373.49
16 72 1276.14
16 73 1172.48
16 74 1067.72
16 75 965.591
16 76 868.649
16 77 778.324
16 78 695.431
16 79 620.06
16 80 552.06
16 81 490.98
16 82 436.273
16 83 387.329
16 84 343.578
16 85 304.401
16 86 269.3
16 87 237.784
16 88 209.391
16 89 183.764
16 90 160.489
16 91 139.294
16 92 119.825
16 93 101.878
16 94 85.1487
16 95 69.4802
16 96 54.6184
16 97 40.421
16 98 26.6853
16 99 13.2674
16 100 0

17 0 0
17 1 15.1078
17 2 30.405
17 3 46.0448
17 4 62.2602
17 5 79.1962
17 6 97.1166
17 7 116.199
17 8 136.714
17 9 158.906
17 10 183.05
17 11 209.454
17 12 238.438
17 13 270.329
17 14 305.525
17 15 344.38
17 16 387.329
17 17 434.812
17 18 487.269
17 19 545.174
17 20 608.948
17 21 678.949
17 22 755.388
17 23 838.252
17 24 927.102
17 25 1021.01
17 26 1118.18
17 27 1215.98
17 28 1310.46
17 29 1396.41
17 30 1467.12
17 31 1514.61
17 32 1529.67
17 33 1502.44
17 34 1422.91
17 35 1281.87
17 36 1071.68
17 37 787.359
17 38 427.483
17 39 -5.05359
17 40 -502.592
17 41 -1052.6
17 42 -1637.95
17 43 -2237.63
17 44 -2827.88
17 45 -3383.55
17 46 -3879.64
17 47 -4292.96
17 48 -4603.65
17 49 -4796.45
17 50 -4861.8
17 51 -4796.45
17 52 -4603.65
17 53 -4292.96
17 54 -3879.64
17 55 -3383.55
17 56 -2827.88
17 57 -2237.63
17 58 -1637.95
17 59 -1052.6
17 60 -502.592
17 61 -5.05359
17 62 427.483
17 63 787.359
17 64 1071.68
17 65 1281.87
17 66 1422.91
17 67 1502.44
17 68 1529.67
17 69 1514.61
17 70 1467.12
17 71 1396.41
17 72 1310.46
17 73 1215.98
17 74 1118.18
17 75 1021.01
17 76 927.102
17 77 838.252
17 78 755.388
17 79 678.949
17 80 608.948
17 81 545.174
17 82 487.269
17 83 434.812
17 84 387.329
17 85 344.38
17 86 305.525
17 87 270.329
17 88 238.438
17 89 209.454
17 90 183.05
17 91 158.906
17 92 136.714
17 93 116.199
17 94 97.1166
17 95 79.1962
17 96 62.2602
17 97 46.0448
17 98 30.405
17 99 15.1078
17 100 0

18 0 0
18 1 17.3007
18 2 34.8151
18 3 52.7426
18 4 71.319
18 5 90.7476
18 6 111.285
18 7 133.155
18 8 156.631
18 9 181.97
18 10 209.456
18 11 239.389
18 12 272.044
18 13 307.768
18 14 346.824
18 15 389.558
18 16 436.273
18 17 487.269
18 18 542.877
18 19 603.366
18 20 668.974
18 21 739.86
18 22 816.023
18 23 897.21
18 24 982.818
18 25 1071.63
18 26 1161.84
18 27 1250.56
18 28 1333.89
18 29 1406.64
18 30 1462.36
18 31 1493.3
18 32 1490.86
18 33 1445.82
18 34 1349.08
18 35 1192.4
18 36 969.337
18 37 676.046
18 38 312.192
18 39 -118.508
18 40 -607.848
18 41 -1143.25
18 42 -1708.04
18 43 -2282.27
18 44 -2843.75
18 45 -3369.38
18 46 -3836.43
18 47 -4224.09
18 48 -4514.64
18 49 -4694.61
18 50 -4755.54
18 51 -4694.61
18 52 -4514.64
18 53 -4224.09
18 54 -3836.43
18 55 -3369.38
18 56 -2843.75
18 57 -2282.27
18 58 -1708.04
18 59 -1143.25
18 60 -607.848
18 61 -118.508
18 62 312.192
18 63 676.046
18 64 969.337
18 65 1192.4
18 66 1349.08
18 67 1445.82
18 68 1490.86
18 69 1493.3
18 70 1462.36
18 71 1406.64
18 72 1333.89
18 73 1250.56
18 74 1161.84
18 75 1071.63
18 76 982.818
18 77 897.21
18 78 816.023
18 79 739.86
18 80 668.974
18 81 603.366
18 82 542.877
18 83 487.269
18 84 436.273
18 85 389.558
18 86 346.824
18 87 307.768
18 88 272.044
18 89 239.389
18 90 209.456
18 91 181.97
18 92 156.631
18 93 133.155
18 94 111.285
18 95 90.7476
18 96 71.319
18 97 52.7426
18 98 34.8151
18 99 17.3007
18 100 0

19 0 0
19 1 19.9475
19 2 40.1283
19 3 60.8102
19 4 82.2031
19 5 104.607
19 6 128.227
19 7 153.383
19 8 180.286
19 9 209.26
19 10 240.535
19 11 274.397
19 12 311.117
19 13 350.897
19 14 394.025
19 15 440.644
19 16 490.98
19 17 545.174
19 18 603.366
19 19 665.641
19 20 732.041
19 21 802.511
19 22 876.845
19 23 954.626
19 24 1035.04
19 25 1116.86
19 26 1198.04
19 27 1275.86
19 28 1346.4
19 29 1404.73
19 30 1444.6
19 31 1458.86
19 32 1439.38
19 33 1377.77
19 34 1265.79
19 35 1096.28
19 36 863.806
19 37 565.626
19 38 202.285
19 39 -221.74
19 40 -697.962
19 41 -1213.88
19 42 -1753.49
19 43 -2298.02
19 44 -2827.01
19 45 -3319.39
19 46 -3754.84
19 47 -4114.84
19 48 -4383.89
19 49 -4550.18
19 50 -4606.45
19 51 -4550.18
19 52 -4383.89
19 53 -4114.84
19 54 -3754.84
19 55 -3319.39
19 56 -2827.01
19 57 -2298.02
19 58 -1753.49
19 59 -1213.88
19 60 -697.962
19 61 -221.74
19 62 202.285
19 63 565.626
19 64 863.806
19 65 1096.28
19 66 1265.79
19 67 1377.77
19 68 1439.38
19 69 1458.86
19 70 1444.6
19 71 1404.73
19 72 1346.4
19 73 1275.86
19 74 1198.04
19 75 1116.86
19 76 1035.04
19 77 954.626
19 78 876.845
19 79 802.511
19 80 732.041
19 81 665.641
19 82 603.366
19 83 545.174
19 84 490.98
19 85 440.644
19 86 394.025
19 87 350.897
19 88 311.117
19 89 274.397
19 90 240.535
19 91 209.26
19 92 180.286
19 93 153.383
19 94 128.227
19 95 104.607
19 96 82.2031
19 97 60.8102
19 98 40.1283
19 99 19.9475
19 100 0

20 0 0
20 1 23.1588
20 2 46.5983
20 3 70.5811
20 4 95.4088
20 5 121.328
20 6 148.66
20 7 177.63
20 8 208.569
20 9 241.674
20 10 277.25
20 11 315.48
20 12 356.57
20 13 400.697
20 14 447.931
20 15 498.391
20 16 552.06
20 17 608.948
20 18 668.974
20 19 732.041
20 20 797.981
20 21 866.534
20 22 937.368
20 23 1009.89
20 24 1083.26
20 25 1156.1
20 26 1226.59
20 27 1291.93
20 28 1348.59
20 29 1391.77
20 30 1415.81
20 31 1413.92
20 32 1378.77
20 33 1302.65
20 34 1178.27
20 35 999.349
20 36 761.484
20 37 462.784
20 38 104.608
20 39 -308.121
20 40 -766.717
20 41 -1258.99
20 42 -1769.69
20 43 -2281.36
20 44 -2775.24
20 45 -3232.38
20 46 -3634.73
20 47 -3966.08
20 48 -4212.94
20 49 -4365.23
20 50 -4416.7
20 51 -4365.23
20 52 -4212.94
20 53 -3966.08
20 54 -3634.73
20 55 -3232.38
20 56 -2775.24
20 57 -2281.36
20 58 -1769.69
20 59 -1258.99
20 60 -766.717
20 61 -308.121
20 62 104.608
20 63 462.784
20 64 761.484
20 65 999.349
20 66 1178.27
20 67 1302.65
20 68 1378.77
20 69 1413.92
20 70 1415.81
20 71 1391.77
20 72 1348.59
20 73 1291.93
20 74 1226.59
20 75 1156.1
20 76 1083.26
20 77 1009.89
20 78 937.368
20 79 866.534
20 80 797.981
20 81 732.041
20 82 668.974
20 83 608.948
20 84 552.06
20 85 498.391
20 86 447.931
20 87 400.697
20 88 356.57
20 89 315.48
20 90 277.25
20 91 241.674
20 92 208.569
20 93 177.63
20 94 148.66
20 95 121.328
20 96 95.4088
20 97 70.5811
20 98 46.5983
20 99 23.1588
20 100 0

21 0 0
21 1 27.0909
21 2 54.4928
21 3 82.5152
21 4 111.463
21 5 141.646
21 6 173.341
21 7 206.856
21 8 242.414
21 9 280.295
21 10 320.656
21 11 363.689
21 12 409.48
21 13 458.073
21 14 509.44
21 15 563.5
21 16 620.06
21 17 678.949
21 18 739.86
21 19 802.511
21 20 866.534
21 21 931.555
21 22 997.083
21 23 1062.51
21 24 1126.97
21 25 1189.25
21 26 1247.52
21 27 1299.41
21 28 1341.54
21 29 1369.68
21 30 1378.52
21 31 1361.98
21 32 1313.29
21 33 1225.58
21 34 1092.29
21 35 908.007
21 36 669.101
21 37 374.443
21 38 25.9274
21 39 -371.187
21 40 -808.271
21 41 -1273.53
21 42 -1752.6
21 43 -2229.34
21 44 -2686.7
21 45 -3107.74
21 46 -3476.58
21 47 -3779.14
21 48 -4003.88
21 49 -4142.24
21 50 -4188.96
21 51 -4142.24
21 52 -4003.88
21 53 -3779.14
21 54 -3476.58
21 55 -3107.74
21 56 -2686.7
21 57 -2229.34
21 58 -1752.6
21 59 -1273.53
21 60 -808.271
21 61 -371.187
21 62 25.9274
21 63 374.443
21 64 669.101
21 65 908.007
21 66 1092.29
21 67 1225.58
21 68 1313.29
21 69 1361.98
21 70 1378.52
21 71 1369.68
21 72 1341.54
21 73 1299.41
21 74 1247.52
21 75 1189.25
21 76 1126.97
21 77 1062.51
21 78 997.083
21 79 931.555
21 80 866.534
21 81 802.511
21 82 739.86
21 83 678.949
21 84 620.06
21 85 563.5
21 86 509.44
21 87 458.073
21 88 409.48
21 89 363.689
21 90 320.656
21 91 280.295
21 92 242.414
21 93 206.856
21 94 173.341
21 95 141.646
21 96 111.463
21 97 82.5152
21 98 54.4928
21 99 27.0909
21 100 0

22 0 0
22 1 31.9195
22 2 64.176
22 3 97.1171
22 4 131.058
22 5 166.331
22 6 203.226
22 7 242.012
22 8 282.948
22 9 326.181
22 10 371.904
22 11 420.117
22 12 470.866
22 13 523.993
22 14 579.347
22 15 636.599
22 16 695.431
22 17 755.388
22 18 816.023
22 19 876.845
22 20 937.368
22 21 997.083
22 22 1055.51
22 23 1112.06
22 24 1165.98
22 25 1216.24
22 26 1261.38
22 27 1299.24
22 28 1327.01
22 29 1340.83
22 30 1336.05
22 31 1307.07
22 32 1247.84
22 33 1152.08
22 34 1013.97
22 35 828.723
22 36 593.36
22 37 307.225
22 38 -27.395
22 39 -405.143
22 40 -817.554
22 41 -1253.37
22 42 -1699.14
22 43 -2140.01
22 44 -2560.57
22 45 -2945.75
22 46 -3281.65
22 47 -3556.15
22 48 -3759.43
22 49 -3884.32
22 50 -3926.44
22 51 -3884.32
22 52 -3759.43
22 53 -3556.15
22 54 -3281.65
22 55 -2945.75
22 56 -2560.57
22 57 -2140.01
22 58 -1699.14
22 59 -1253.37
22 60 -817.554
22 61 -405.143
22 62 -27.395
22 63 307.225
22 64 593.36
22 65 828.723
22 66 1013.97
22 67 1152.08
22 68 1247.84
22 69 1307.07
22 70 1336.05
22 71 1340.83
22 72 1327.01
22 73 1299.24
22 74 1261.38
22 75 1216.24
22 76 1165.98
22 77 1112.06
22 78 1055.51
22 79 997.083
22 80 937.368
22 81 876.845
22 82 816.023
22 83 755.388
22 84 695.431
22 85 636.599
22 86 579.347
22 87 523.993
22 88 470.866
22 89 420.117
22 90 371.904
22 91 326.181
22 92 282.948
22 93 242.012
22 94 203.226
22 95 166.331
22 96 131.058
22 97 97.1171
22 98 64.176
22 99 31.9195
22 100 0

23 0 0
23 1 37.8183
23 2 76.0028
23 3 114.906
23 4 154.877
23 5 196.235
23 6 239.26
23 7 284.218
23 8 331.264
23 9 380.563
23 10 432.108
23 11 485.883
23 12 541.694
23 13 599.292
23 14 658.252
23 15 718.148
23 16 778.324
23 17 838.252
23 18 897.21
23 19 954.626
23 20 1009.89
23 21 1062.51
23 22 1112.06
23 23 1158.07
23 24 1200.1
23 25 1237.39
23 26 1268.86
23 27 1292.9
23 28 1307.08
23 29 1308.2
23 30 1292.04
23 31 1253.67
23 32 1187.49
23 33 1087.85
23 34 949.35
23 35 767.755
23 36 540.406
23 37 267.036
23 38 -49.9811
23 39 -405.287
23 40 -790.759
23 41 -1195.68
23 42 -1607.56
23 43 -2012.74
23 44 -2397.32
23 45 -2747.88
23 46 -3052.3
23 47 -3300.16
23 48 -3483.22
23 49 -3595.45
23 50 -3633.27
23 51 -3595.45
23 52 -3483.22
23 53 -3300.16
23 54 -3052.3
23 55 -2747.88
23 56 -2397.32
23 57 -2012.74
23 58 -1607.56
23 59 -1195.68
23 60 -790.759
23 61 -405.287
23 62 -49.9811
23 63 267.036
23 64 540.406
23 65 767.755
23 66 949.35
23 67 1087.85
23 68 1187.49
23 69 1253.67
23 70 1292.04
23 71 1308.2
23 72 1307.08
23 73 1292.9
23 74 1268.86
23 75 1237.39
23 76 1200.1
23 77 1158.07
23 78 1112.06
23 79 1062.51
23 80 1009.89
23 81 954.626
23 82 897.21
23 83 838.252
23 84 778.324
23 85 718.148
23 86 658.252
23 87 599.292
23 88 541.694
23 89 485.883
23 90 432.108
23 91 380.563
23 92 331.264
23 93 284.218
23 94 239.26
23 95 196.235
23 96 154.877
23 97 114.906
23 98 76.0028
23 99 37.8183
23 100 0

24 0 0
24 1 44.9985
24 2 90.38
24 3 136.478
24 4 183.677
24 5 232.228
24 6 282.448
24 7 334.473
24 8 388.475
24 9 444.434
24 10 502.295
24 11 561.841
24 12 622.73
24 13 684.501
24 14 746.56
24 15 808.184
24 16 868.649
24 17 927.102
24 18 982.818
24 19 1035.04
24 20 1083.26
24 21 1126.97
24 22 1165.98
24 23 1200.1
24 24 1229.19
24 25 1253.01
24 26 1270.96
24 27 1281.93
24 28 1284.14
24 29 1274.79
24 30 1250.33
24 31 1206.17
24 32 1137.24
24 33 1038.12
24 34 903.875
24 35 730.418
24 36 515.356
24 37 258.428
24 38 -37.9289
24 39 -368.603
24 40 -725.805
24 41 -1099.49
24 42 -1477.96
24 43 -1848.69
24 44 -2199.05
24 45 -2517.14
24 46 -2792.31
24 47 -3015.62
24 48 -3180.08
24 49 -3280.72
24 50 -3314.6
24 51 -3280.72
24 52 -3180.08
24 53 -3015.62
24 54 -2792.31
24 55 -2517.14
24 56 -2199.05
24 57 -1848.69
24 58 -1477.96
24 59 -1099.49
24 60 -725.805
24 61 -368.603
24 62 -37.9289
24 63 258.428
24 64 515.356
24 65 730.418
24 66 903.875
24 67 1038.12
24 68 1137.24
24 69 1206.17
24 70 1250.33
24 71 1274.79
24 72 1284.14
24 73 1281.93
24 74 1270.96
24 75 1253.01
24 76 1229.19
24 77 1200.1
24 78 1165.98
24 79 1126.97
24 80 1083.26
24 81 1035.04
24 82 982.818
24 83 927.102
24 84 868.649
24 85 808.184
24 86 746.56
24 87 684.501
24 88 622.73
24 89 561.841
24 90 502.295
24 91 444.434
24 92 388.475
24 93 334.473
24 94 282.448
24 95 232.228
24 96 183.677
24 97 136.478
24 98 90.38
24 99 44.9985
24 100 0

25 0 0
25 1 53.6512
25 2 107.658
25 3 162.379
25 4 218.105
25 5 275.133
25 6 333.622
25 7 393.737
25 8 455.44
25 9 518.677
25 10 583.174
25 11 648.561
25 12 714.315
25 13 779.734
25 14 844.028
25 15 906.307
25 16 965.591
25 17 1021.01
25 18 1071.63
25 19 1116.86
25 20 1156.1
25 21 1189.25
25 22 1216.24
25 23 1237.39
25 24 1253.01
25 25 1263.4
25 26 1268.58
25 27 1268.02
25 28 1260.44
25 29 1243.67
25 30 1214.43
25 31 1168.62
25 32 1101.31
25 33 1007.37
25 34 881.823
25 35 720.733
25 36 521.608
25 37 284.167
25 38 10.6003
25 39 -294.211
25 40 -622.902
25 41 -965.994
25 42 -1312.57
25 43 -1651.05
25 44 -1969.89
25 45 -2258.39
25 46 -2507.14
25 47 -2708.43
25 48 -2856.31
25 49 -2946.66
25 50 -2977.03
25 51 -2946.66
25 52 -2856.31
25 53 -2708.43
25 54 -2507.14
25 55 -2258.39
25 56 -1969.89
25 57 -1651.05
25 58 -1312.57
25 59 -965.994
25 60 -622.902
25 61 -294.211
25 62 10.6003
25 63 284.167
25 64 521.608
25 65 720.733
25 66 881.823
25 67 1007.37
25 68 1101.31
25 69 1168.62
25 70 1214.43
25 71 1243.67
25 72 1260.44
25 73 1268.02
25 74 1268.58
25 75 1263.4
25 76 1253.01
25 77 1237.39
25 78 1216.24
25 79 1189.25
25 80 1156.1
25 81 1116.86
25 82 1071.63
25 83 1021.01
25 84 965.591
25 85 906.307
25 86 844.028
25 87 779.734
25 88 714.315
25 89 648.561
25 90 583.174
25 91 518.677
25 92 455.44
25 93 393.737
25 94 333.622
25 95 275.133
25 96 218.105
25 97 162.379
25 98 107.658
25 99 53.6512
25 100 0

26 0 0
26 1 63.9304
26 2 128.171
26 3 193.03
26 4 258.743
26 5 325.517
26 6 393.456
26 7 462.55
26 8 532.709
26 9 603.627
26 10 674.928
26 11 745.998
26 12 816.111
26 13 884.368
26 14 949.777
26 15 1011.24
26 16 1067.72
26 17 1118.18
26 18 1161.84
26 19 1198.04
26 20 1226.59
26 21 1247.52
26 22 1261.38
26 23 1268.86
26 24 1270.96
26 25 1268.58
26 26 1262.36
26 27 1252.4
26 28 1237.94
26 29 1217.17
26 30 1187.21
26 31 1144.06
26 32 1082.9
26 33 998.471
26 34 885.81
26 35 740.677
26 36 560.452
26 37 344.554
26 38 94.9541
26 39 -183.827
26 40 -484.804
26 41 -799.029
26 42 -1116.19
26 43 -1425.44
26 44 -1716.15
26 45 -1978.53
26 46 -2204.19
26 47 -2386.34
26 48 -2519.88
26 49 -2601.34
26 50 -2628.71
26 51 -2601.34
26 52 -2519.88
26 53 -2386.34
26 54 -2204.19
26 55 -1978.53
26 56 -1716.15
26 57 -1425.44
26 58 -1116.19
26 59 -799.029
26 60 -484.804
26 61 -183.827
26 62 94.9541
26 63 344.554
26 64 560.452
26 65 740.677
26 66 885.81
26 67 998.471
26 68 1082.9
26 69 1144.06
26 70 1187.21
26 71 1217.17
26 72 1237.94
26 73 1252.4
26 74 1262.36
26 75 1268.58
26 76 1270.96
26 77 1268.86
26 78 1261.38
26 79 1247.52
26 80 1226.59
26 81 1198.04
26 82 1161.84
26 83 1118.18
26 84 1067.72
26 85 1011.24
26 86 949.777
26 87 884.368
26 88 816.111
26 89 745.998
26 90 674.928
26 91 603.627
26 92 532.709
26 93 462.55
26 94 393.456
26 95 325.517
26 96 258.743
26 97 193.03
26 98 128.171
26 99 63.9304
26 100 0

27 0 0
27 1 75.9249
27 2 152.075
27 3 228.657
27 4 305.815
27 5 383.633
27 6 462.074
27 7 541.006
27 8 620.116
27 9 698.975
27 10 776.939
27 11 853.23
27 12 926.881
27 13 996.82
27 14 1061.84
27 15 1120.79
27 16 1172.48
27 17 1215.98
27 18 1250.56
27 19 1275.86
27 20 1291.93
27 21 1299.41
27 22 1299.24
27 23 1292.9
27 24 1281.93
27 25 1268.02
27 26 1252.4
27 27 1235.73
27 28 1217.7
27 29 1196.83
27 30 1170.31
27 31 1134.17
27 32 1083.4
27 33 1012.54
27 34 916.19
27 35 789.857
27 36 630.488
27 37 437.223
27 38 211.63
27 39 -42.0313
27 40 -317.151
27 41 -605.147
27 42 -896.187
27 43 -1179.96
27 44 -1446.47
27 45 -1686.65
27 46 -1892.83
27 47 -2058.93
27 48 -2180.49
27 49 -2254.55
27 50 -2279.41
27 51 -2254.55
27 52 -2180.49
27 53 -2058.93
27 54 -1892.83
27 55 -1686.65
27 56 -1446.47
27 57 -1179.96
27 58 -896.187
27 59 -605.147
27 60 -317.151
27 61 -42.0313
27 62 211.63
27 63 437.223
27 64 630.488
27 65 789.857
27 66 916.19
27 67 1012.54
27 68 1083.4
27 69 1134.17
27 70 1170.31
27 71 1196.83
27 72 1217.7
27 73 1235.73
27 74 1252.4
27 75 1268.02
27 76 1281.93
27 77 1292.9
27 78 1299.24
27 79 1299.41
27 80 1291.93
27 81 1275.86
27 82 1250.56
27 83 1215.98
27 84 1172.48
27 85 1120.79
27 86 1061.84
27 87 996.82
27 88 926.881
27 89 853.23
27 90 776.939
27 91 698.975
27 92 620.116
27 93 541.006
27 94 462.074
27 95 383.633
27 96 305.815
27 97 228.657
27 98 152.075
27 99 75.9249
27 100 0

28 0 0
28 1 89.6063
28 2 179.293
28 3 269.126
28 4 359.09
28 5 449.102
28 6 538.96
28 7 628.305
28 8 716.671
28 9 803.346
28 10 887.529
28 11 968.18
28 12 1044.16
28 13 1114.21
28 14 1177.03
28 15 1231.37
28 16 1276.14
28 17 1310.46
28 18 1333.89
28 19 1346.4
28 20 1348.59
28 21 1341.54
28 22 1327.01
28 23 1307.08
28 24 1284.14
28 25 1260.44
28 26 1237.94
28 27 1217.7
28 28 1199.79
28 29 1182.77
28 30 1163.88
28 31 1138.81
28 32 1102.25
28 33 1048.22
28 34 970.882
28 35 865.13
28 36 727.561
28 37 556.808
28 38 354.207
28 39 123.664
28 40 -128.377
28 41 -393.62
28 42 -662.488
28 43 -925.048
28 44 -1171.68
28 45 -1393.8
28 46 -1584.25
28 47 -1737.47
28 48 -1849.44
28 49 -1917.59
28 50 -1940.46
28 51 -1917.59
28 52 -1849.44
28 53 -1737.47
28 54 -1584.25
28 55 -1393.8
28 56 -1171.68
28 57 -925.048
28 58 -662.488
28 59 -393.62
28 60 -128.377
28 61 123.664
28 62 354.207
28 63 556.808
28 64 727.561
28 65 865.13
28 66 970.882
28 67 1048.22
28 68 1102.25
28 69 1138.81
28 70 1163.88
28 71 1182.77
28 72 1199.79
28 73 1217.7
28 74 1237.94
28 75 1260.44
28 76 1284.14
28 77 1307.08
28 78 1327.01
28 79 1341.54
28 80 1348.59
28 81 1346.4
28 82 1333.89
28 83 1310.46
28 84 1276.14
28 85 1231.37
28 86 1177.03
28 87 1114.21
28 88 1044.16
28 89 968.18
28 90 887.529
28 91 803.346
28 92 716.671
28 93 628.305
28 94 538.96
28 95 449.102
28 96 359.09
28 97 269.126
28 98 179.293
28 99 89.6063
28 100 0

29 0 0
29 1 104.774
29 2 209.415
29 3 313.803
29 4 417.671
29 5 520.766
29 6 622.59
29 7 722.62
29 8 820.08
29 9 914.075
29 10 1003.56
29 11 1087.26
29 12 1163.94
29 13 1232.15
29 14 1290.58
29 15 1338.03
29 16 1373.49
29 17 1396.41
29 18 1406.64
29 19 1404.73
29 20 1391.77
29 21 1369.68
29 22 1340.83
29 23 1308.2
29 24 1274.79
29 25 1243.67
29 26 1217.17
29 27 1196.83
29 28 1182.77
29 29 1173.6
29 30 1166.15
29 31 1155.78
29 32 1136.53
29 33 1101.8
29 34 1045.07
29 35 960.659
29 36 844.592
29 37 695.189
29 38 513.44
29 39 303.137
29 40 70.5456
29 41 -176.064
29 42 -427.223
29 43 -673.133
29 44 -904.377
29 45 -1112.65
29 46 -1291.12
29 47 -1434.56
29 48 -1539.26
29 49 -1602.94
29 50 -1624.3
29 51 -1602.94
29 52 -1539.26
29 53 -1434.56
29 54 -1291.12
29 55 -1112.65
29 56 -904.377
29 57 -673.133
29 58 -427.223
29 59 -176.064
29 60 70.5456
29 61 303.137
29 62 513.44
29 63 695.189
29 64 844.592
