0 0 0
0 1 0
0 2 0
0 3 0
0 4 0
0 5 0
0 6 0
0 7 0
0 8 0
0 9 0
0 10 0
0 11 0
0 12 0
0 13 0
0 14 0
0 15 0
0 16 0
0 17 0
0 18 0
0 19 0
0 20 0
0 21 0
0 22 0
0 23 0
0 24 0
0 25 0
0 26 0
0 27 0
0 28 0
0 29 0
0 30 0
0 31 0
0 32 0
0 33 0
0 34 0
0 35 0
0 36 0
0 37 0
0 38 0
0 39 0
0 40 0
0 41 0
0 42 0
0 43 0
0 44 0
0 45 0
0 46 0
0 47 0
0 48 0
0 49 0
0 50 0
0 51 0
0 52 0
0 53 0
0 54 0
0 55 0
0 56 0
0 57 0
0 58 0
0 59 0
0 60 0
0 61 0
0 62 0
0 63 0
0 64 0
0 65 0
0 66 0
0 67 0
0 68 0
0 69 0
0 70 0
0 71 0
0 72 0
0 73 0
0 74 0
0 75 0
0 76 0
0 77 0
0 78 0
0 79 0
0 80 0
0 81 0
0 82 0
0 83 0
0 84 0
0 85 0
0 86 0
0 87 0
0 88 0
0 89 0
0 90 0
0 91 0
0 92 0
0 93 0
0 94 0
0 95 0
0 96 0
0 97 0
0 98 0
0 99 0
0 100 0

1 0 0
1 1 0.907743
1 2 1.82301
1 3 2.76174
1 4 3.72668
1 5 4.73749
1 6 5.80158
1 7 6.93679
1 8 8.16099
1 9 9.49198
1 10 10.956
1 11 12.5779
1 12 14.3886
1 13 16.4227
1 14 18.7167
1 15 21.3087
1 16 24.239
1 17 27.541
1 18 31.2445
1 19 35.3608
1 20 39.8851
1 21 44.7697
1 22 49.9299
1 23 55.2308
1 24 60.4547
1 25 65.3495
1 26 69.5651
1 27 72.6938
1 28 74.2774
1 29 73.8495
1 30 70.9305
1 31 65.131
1 32 56.1609
1 33 43.8863
1 34 28.3993
1 35 10.0231
1 36 -10.6762
1 37 -32.9187
1 38 -55.7501
1 39 -78.1359
1 40 -99.0419
1 41 -117.588
1 42 -133.097
1 43 -145.205
1 44 -153.886
1 45 -159.45
1 46 -162.452
1 47 -163.643
1 48 -163.793
1 49 -163.574
1 50 -163.441
1 51 -163.574
1 52 -163.793
1 53 -163.643
1 54 -162.452
1 55 -159.45
1 56 -153.886
1 57 -145.205
1 58 -133.097
1 59 -117.588
1 60 -99.0419
1 61 -78.1359
1 62 -55.7501
1 63 -32.9187
1 64 -10.6762
1 65 10.0231
1 66 28.3993
1 67 43.8863
1 68 56.1609
1 69 65.131
1 70 70.9305
1 71 73.8495
1 72 74.2774
1 73 72.6938
1 74 69.5651
1 75 65.3495
1 76 60.4547
1 77 55.2308
1 78 49.9299
1 79 44.7697
1 80 39.8851
1 81 35.3608
1 82 31.2445
1 83 27.541
1 84 24.239
1 85 21.3087
1 86 18.7167
1 87 16.4227
1 88 14.3886
1 89 12.5779
1 90 10.956
1 91 9.49198
1 92 8.16099
1 93 6.93679
1 94 5.80158
1 95 4.73749
1 96 3.72668
1 97 2.76174
1 98 1.82301
1 99 0.907743
1 100 0

2 0 0
2 1 1.82301
2 2 3.66235
2 3 5.54889
2 4 7.49098
2 5 9.52574
2 6 11.6704
2 7 13.9585
2 8 16.4269
2 9 19.1094
2 10 22.0591
2 11 25.3247
2 12 28.9692
2 13 33.0606
2 14 37.6757
2 15 42.8818
2 16 48.7743
2 17 55.3919
2 18 62.814
2 19 71.0462
2 20 80.0538
2 21 89.7822
2 22 100.003
2 23 110.468
2 24 120.76
2 25 130.322
2 26 138.49
2 27 144.452
2 28 147.296
2 29 146.083
2 30 139.926
2 31 128.044
2 32 109.884
2 33 85.207
2 34 54.2365
2 35 17.611
2 36 -23.5367
2 37 -67.6427
2 38 -112.805
2 39 -156.993
2 40 -198.195
2 41 -234.682
2 42 -265.132
2 43 -288.845
2 44 -305.799
2 45 -316.615
2 46 -322.403
2 47 -324.642
2 48 -324.864
2 49 -324.389
2 50 -324.117
2 51 -324.389
2 52 -324.864
2 53 -324.642
2 54 -322.403
2 55 -316.615
2 56 -305.799
2 57 -288.845
2 58 -265.132
2 59 -234.682
2 60 -198.195
2 61 -156.993
2 62 -112.805
2 63 -67.6427
2 64 -23.5367
2 65 17.611
2 66 54.2365
2 67 85.207
2 68 109.884
2 69 128.044
2 70 139.926
2 71 146.083
2 72 147.296
2 73 144.452
2 74 138.49
2 75 130.322
2 76 120.76
2 77 110.468
2 78 100.003
2 79 89.7822
2 80 80.0538
2 81 71.0462
2 82 62.814
2 83 55.3919
2 84 48.7743
2 85 42.8818
2 86 37.6757
2 87 33.0606
2 88 28.9692
2 89 25.3247
2 90 22.0591
2 91 19.1094
2 92 16.4269
2 93 13.9585
2 94 11.6704
2 95 9.52574
2 96 7.49098
2 97 5.54889
2 98 3.66235
2 99 1.82301
2 100 0

3 0 0
3 1 2.76174
3 2 5.54889
3 3 8.40567
3 4 11.3477
3 5 14.4291
3 6 17.6773
3 7 21.1451
3 8 24.8865
3 9 28.9575
3 10 33.4354
3 11 38.3958
3 12 43.9311
3 13 50.1424
3 14 57.1351
3 15 65.0211
3 16 73.9059
3 17 83.8855
3 18 95.025
3 19 107.343
3 20 120.799
3 21 135.223
3 22 150.342
3 23 165.72
3 24 180.697
3 25 194.501
3 26 206.089
3 27 214.269
3 28 217.714
3 29 215.085
3 30 205.044
3 31 186.522
3 32 158.757
3 33 121.462
3 34 74.9927
3 35 20.3772
3 36 -40.6715
3 37 -105.843
3 38 -172.356
3 39 -237.226
3 40 -297.515
3 41 -350.73
3 42 -394.999
3 43 -429.35
3 44 -453.782
3 45 -469.248
3 46 -477.405
3 47 -480.437
3 48 -480.579
3 49 -479.775
3 50 -479.338
3 51 -479.775
3 52 -480.579
3 53 -480.437
3 54 -477.405
3 55 -469.248
3 56 -453.782
3 57 -429.35
3 58 -394.999
3 59 -350.73
3 60 -297.515
3 61 -237.226
3 62 -172.356
3 63 -105.843
3 64 -40.6715
3 65 20.3772
3 66 74.9927
3 67 121.462
3 68 158.757
3 69 186.522
3 70 205.044
3 71 215.085
3 72 217.714
3 73 214.269
3 74 206.089
3 75 194.501
3 76 180.697
3 77 165.72
3 78 150.342
3 79 135.223
3 80 120.799
3 81 107.343
3 82 95.025
3 83 83.8855
3 84 73.9059
3 85 65.0211
3 86 57.1351
3 87 50.1424
3 88 43.9311
3 89 38.3958
3 90 33.4354
3 91 28.9575
3 92 24.8865
3 93 21.1451
3 94 17.6773
3 95 14.4291
3 96 11.3477
3 97 8.40567
3 98 5.54889
3 99 2.76174
3 100 0

4 0 0
4 1 3.72668
4 2 7.49098
4 3 11.3477
4 4 15.3273
4 5 19.4946
4 6 23.8948
4 7 28.594
4 8 33.667
4 9 39.1878
4 10 45.2596
4 11 51.9822
4 12 59.4795
4 13 67.8813
4 14 77.332
4 15 87.9587
4 16 99.9209
4 17 113.29
4 18 128.173
4 19 144.554
4 20 162.319
4 21 181.29
4 22 200.991
4 23 220.853
4 24 240.024
4 25 257.378
4 26 271.602
4 27 281.121
4 28 284.224
4 29 279.164
4 30 264.341
4 31 238.396
4 32 200.446
4 33 150.228
4 34 88.3371
4 35 16.1687
4 36 -63.9817
4 37 -149.058
4 38 -235.437
4 39 -319.288
4 40 -396.895
4 41 -465.1
4 42 -521.576
4 43 -565.157
4 44 -595.943
4 45 -615.213
4 46 -625.166
4 47 -628.624
4 48 -628.494
4 49 -627.274
4 50 -626.66
4 51 -627.274
4 52 -628.494
4 53 -628.624
4 54 -625.166
4 55 -615.213
4 56 -595.943
4 57 -565.157
4 58 -521.576
4 59 -465.1
4 60 -396.895
4 61 -319.288
4 62 -235.437
4 63 -149.058
4 64 -63.9817
4 65 16.1687
4 66 88.3371
4 67 150.228
4 68 200.446
4 69 238.396
4 70 264.341
4 71 279.164
4 72 284.224
4 73 281.121
4 74 271.602
4 75 257.378
4 76 240.024
4 77 220.853
4 78 200.991
4 79 181.29
4 80 162.319
4 81 144.554
4 82 128.173
4 83 113.29
4 84 99.9209
4 85 87.9587
4 86 77.332
4 87 67.8813
4 88 59.4795
4 89 51.9822
4 90 45.2596
4 91 39.1878
4 92 33.667
4 93 28.594
4 94 23.8948
4 95 19.4946
4 96 15.3273
4 97 11.3477
4 98 7.49098
4 99 3.72668
4 100 0

5 0 0
5 1 4.73749
5 2 9.52574
5 3 14.4291
5 4 19.4946
5 5 24.799
5 6 30.4041
5 7 36.3959
5 8 42.8656
5 9 49.9147
5 10 57.6664
5 11 66.2501
5 12 75.8152
5 13 86.5217
5 14 98.5296
5 15 112.011
5 16 127.098
5 17 143.922
5 18 162.524
5 19 182.874
5 20 204.83
5 21 228.016
5 22 251.92
5 23 275.72
5 24 298.305
5 25 318.343
5 26 334.141
5 27 343.815
5 28 345.319
5 29 336.637
5 30 315.86
5 31 281.525
5 32 232.707
5 33 169.284
5 34 92.0902
5 35 3.00637
5 36 -95.0927
5 37 -198.469
5 38 -302.774
5 39 -403.431
5 40 -496.065
5 41 -577.01
5 42 -643.639
5 43 -694.707
5 44 -730.444
5 45 -752.49
5 46 -763.553
5 47 -767.041
5 48 -766.421
5 49 -764.691
5 50 -763.867
5 51 -764.691
5 52 -766.421
5 53 -767.041
5 54 -763.553
5 55 -752.49
5 56 -730.444
5 57 -694.707
5 58 -643.639
5 59 -577.01
5 60 -496.065
5 61 -403.431
5 62 -302.774
5 63 -198.469
5 64 -95.0927
5 65 3.00637
5 66 92.0902
5 67 169.284
5 68 232.707
5 69 281.525
5 70 315.86
5 71 336.637
5 72 345.319
5 73 343.815
5 74 334.141
5 75 318.343
5 76 298.305
5 77 275.72
5 78 251.92
5 79 228.016
5 80 204.83
5 81 182.874
5 82 162.524
5 83 143.922
5 84 127.098
5 85 112.011
5 86 98.5296
5 87 86.5217
5 88 75.8152
5 89 66.2501
5 90 57.6664
5 91 49.9147
5 92 42.8656
5 93 36.3959
5 94 30.4041
5 95 24.799
5 96 19.4946
5 97 14.4291
5 98 9.52574
5 99 4.73749
5 100 0

6 0 0
6 1 5.80158
6 2 11.6704
6 3 17.6773
6 4 23.8948
6 5 30.4041
6 6 37.294
6 7 44.6627
6 8 52.6248
6 9 61.304
6 10 70.8459
6 11 81.4064
6 12 93.1602
6 13 106.287
6 14 120.978
6 15 137.395
6 16 155.71
6 17 175.993
6 18 198.294
6 19 222.509
6 20 248.361
6 21 275.435
6 22 302.952
6 23 329.931
6 24 355.042
6 25 376.597
6 26 392.682
6 27 401.087
6 28 399.522
6 29 385.708
6 30 357.674
6 31 313.86
6 32 253.464
6 33 176.576
6 34 84.414
6 35 -20.6893
6 36 -135.272
6 37 -254.965
6 38 -374.781
6 39 -489.57
6 40 -594.493
6 41 -685.536
6 42 -759.929
6 43 -816.458
6 44 -855.574
6 45 -879.263
6 46 -890.713
6 47 -893.808
6 48 -892.511
6 49 -890.201
6 50 -889.164
6 51 -890.201
6 52 -892.511
6 53 -893.808
6 54 -890.713
6 55 -879.263
6 56 -855.574
6 57 -816.458
6 58 -759.929
6 59 -685.536
6 60 -594.493
6 61 -489.57
6 62 -374.781
6 63 -254.965
6 64 -135.272
6 65 -20.6893
6 66 84.414
6 67 176.576
6 68 253.464
6 69 313.86
6 70 357.674
6 71 385.708
6 72 399.522
6 73 401.087
6 74 392.682
6 75 376.597
6 76 355.042
6 77 329.931
6 78 302.952
6 79 275.435
6 80 248.361
6 81 222.509
6 82 198.294
6 83 175.993
6 84 155.71
6 85 137.395
6 86 120.978
6 87 106.287
6 88 93.1602
6 89 81.4064
6 90 70.8459
6 91 61.304
6 92 52.6248
6 93 44.6627
6 94 37.294
6 95 30.4041
6 96 23.8948
6 97 17.6773
6 98 11.6704
6 99 5.80158
6 100 0

7 0 0
7 1 6.93679
7 2 13.9585
7 3 21.1451
7 4 28.594
7 5 36.3959
7 6 44.6627
7 7 53.5131
7 8 63.0777
7 9 73.5115
7 10 84.974
7 11 97.6519
7 12 111.735
7 13 127.427
7 14 144.916
7 15 164.394
7 16 185.967
7 17 209.738
7 18 235.638
7 19 263.493
7 20 292.949
7 21 323.329
7 22 353.779
7 23 383.013
7 24 409.453
7 25 431.205
7 26 446.017
7 27 451.503
7 28 445.15
7 29 424.619
7 30 387.859
7 31 333.47
7 32 260.821
7 33 170.387
7 34 63.7694
7 35 -56.1408
7 36 -185.36
7 37 -318.952
7 38 -451.457
7 39 -577.303
7 40 -691.395
7 41 -789.571
7 42 -869.095
7 43 -928.911
7 44 -969.741
7 45 -993.923
7 46 -1005.06
7 47 -1007.41
7 48 -1005.3
7 49 -1002.38
7 50 -1001.13
7 51 -1002.38
7 52 -1005.3
7 53 -1007.41
7 54 -1005.06
7 55 -993.923
7 56 -969.741
7 57 -928.911
7 58 -869.095
7 59 -789.571
7 60 -691.395
7 61 -577.303
7 62 -451.457
7 63 -318.952
7 64 -185.36
7 65 -56.1408
7 66 63.7694
7 67 170.387
7 68 260.821
7 69 333.47
7 70 387.859
7 71 424.619
7 72 445.15
7 73 451.503
7 74 446.017
7 75 431.205
7 76 409.453
7 77 383.013
7 78 353.779
7 79 323.329
7 80 292.949
7 81 263.493
7 82 235.638
7 83 209.738
7 84 185.967
7 85 164.394
7 86 144.916
7 87 127.427
7 88 111.735
7 89 97.6519
7 90 84.974
7 91 73.5115
7 92 63.0777
7 93 53.5131
7 94 44.6627
7 95 36.3959
7 96 28.594
7 97 21.1451
7 98 13.9585
7 99 6.93679
7 100 0

8 0 0
8 1 8.16099
8 2 16.4269
8 3 24.8865
8 4 33.667
8 5 42.8656
8 6 52.6248
8 7 63.0777
8 8 74.3797
8 9 86.7102
8 10 100.246
8 11 115.2
8 12 131.773
8 13 150.174
8 14 170.604
8 15 193.205
8 16 218.1
8 17 245.274
8 18 274.617
8 19 305.83
8 20 338.359
8 21 371.427
8 22 403.872
8 23 434.218
8 24 460.649
8 25 480.965
8 26 492.779
8 27 493.473
8 28 480.518
8 29 451.517
8 30 404.616
8 31 338.57
8 32 253.174
8 33 149.293
8 34 29.075
8 35 -104.099
8 36 -245.699
8 37 -390.388
8 38 -532.355
8 39 -665.851
8 40 -785.707
8 41 -887.849
8 42 -969.741
8 43 -1030.62
8 44 -1071.52
8 45 -1095.12
8 46 -1105.34
8 47 -1106.72
8 48 -1103.75
8 49 -1100.26
8 50 -1098.81
8 51 -1100.26
8 52 -1103.75
8 53 -1106.72
8 54 -1105.34
8 55 -1095.12
8 56 -1071.52
8 57 -1030.62
8 58 -969.741
8 59 -887.849
8 60 -785.707
8 61 -665.851
8 62 -532.355
8 63 -390.388
8 64 -245.699
8 65 -104.099
8 66 29.075
8 67 149.293
8 68 253.174
8 69 338.57
8 70 404.616
8 71 451.517
8 72 480.518
8 73 493.473
8 74 492.779
8 75 480.965
8 76 460.649
8 77 434.218
8 78 403.872
8 79 371.427
8 80 338.359
8 81 305.83
8 82 274.617
8 83 245.274
8 84 218.1
8 85 193.205
8 86 170.604
8 87 150.174
8 88 131.773
8 89 115.2
8 90 100.246
8 91 86.7102
8 92 74.3797
8 93 63.0777
8 94 52.6248
8 95 42.8656
8 96 33.667
8 97 24.8865
8 98 16.4269
8 99 8.16099
8 100 0

9 0 0
9 1 9.49198
9 2 19.1094
9 3 28.9575
9 4 39.1878
9 5 49.9147
9 6 61.304
9 7 73.5115
9 8 86.7102
9 9 101.106
9 10 116.887
9 11 134.286
9 12 153.505
9 13 174.761
9 14 198.219
9 15 224.024
9 16 252.185
9 17 282.663
9 18 315.184
9 19 349.301
9 20 384.319
9 21 419.16
9 22 452.518
9 23 482.617
9 24 507.414
9 25 524.544
9 26 531.386
9 27 525.35
9 28 503.83
9 29 464.671
9 30 406.202
9 31 327.65
9 32 229.193
9 33 112.335
9 34 -20.2975
9 35 -164.747
9 36 -316.122
9 37 -468.714
9 38 -616.607
9 39 -754.051
9 40 -876.104
9 41 -978.95
9 42 -1060.46
9 43 -1120.23
9 44 -1159.7
9 45 -1181.81
9 46 -1190.69
9 47 -1190.99
9 48 -1187.27
9 49 -1183.34
9 50 -1181.75
9 51 -1183.34
9 52 -1187.27
9 53 -1190.99
9 54 -1190.69
9 55 -1181.81
9 56 -1159.7
9 57 -1120.23
9 58 -1060.46
9 59 -978.95
9 60 -876.104
9 61 -754.051
9 62 -616.607
9 63 -468.714
9 64 -316.122
9 65 -164.747
9 66 -20.2975
9 67 112.335
9 68 229.193
9 69 327.65
9 70 406.202
9 71 464.671
9 72 503.83
9 73 525.35
9 74 531.386
9 75 524.544
9 76 507.414
9 77 482.617
9 78 452.518
9 79 419.16
9 80 384.319
9 81 349.301
9 82 315.184
9 83 282.663
9 84 252.185
9 85 224.024
9 86 198.219
9 87 174.761
9 88 153.505
9 89 134.286
9 90 116.887
9 91 101.106
9 92 86.7102
9 93 73.5115
9 94 61.304
9 95 49.9147
9 96 39.1878
9 97 28.9575
9 98 19.1094
9 99 9.49198
9 100 0

10 0 0
10 1 10.956
10 2 22.0591
10 3 33.4354
10 4 45.2596
10 5 57.6664
10 6 70.8459
10 7 84.974
10 8 100.246
10 9 116.887
10 10 135.099
10 11 155.12
10 12 177.155
10 13 201.389
10 14 227.979
10 15 256.96
10 16 288.323
10 17 321.842
10 18 357.14
10 19 393.581
10 20 430.22
10 21 465.806
10 22 498.727
10 23 527.004
10 24 548.383
10 25 560.307
10 26 560.159
10 27 545.266
10 28 513.319
10 29 462.335
10 30 391.15
10 31 299.414
10 32 188.025
10 33 58.9828
10 34 -84.4149
10 35 -237.795
10 36 -395.854
10 37 -552.833
10 38 -702.834
10 39 -840.415
10 40 -961.002
10 41 -1061.34
10 42 -1139.81
10 43 -1196.53
10 44 -1233.26
10 45 -1253.2
10 46 -1260.56
10 47 -1259.93
10 48 -1255.7
10 49 -1251.55
10 50 -1249.9
10 51 -1251.55
10 52 -1255.7
10 53 -1259.93
10 54 -1260.56
10 55 -1253.2
10 56 -1233.26
10 57 -1196.53
10 58 -1139.81
10 59 -1061.34
10 60 -961.002
10 61 -840.415
10 62 -702.834
10 63 -552.833
10 64 -395.854
10 65 -237.795
10 66 -84.4149
10 67 58.9828
10 68 188.025
10 69 299.414
10 70 391.15
10 71 462.335
10 72 513.319
10 73 545.266
10 74 560.159
10 75 560.307
10 76 548.383
10 77 527.004
10 78 498.727
10 79 465.806
10 80 430.22
10 81 393.581
10 82 357.14
10 83 321.842
10 84 288.323
10 85 256.96
10 86 227.979
10 87 201.389
10 88 177.155
10 89 155.12
10 90 135.099
10 91 116.887
10 92 100.246
10 93 84.974
10 94 70.8459
10 95 57.6664
10 96 45.2596
10 97 33.4354
10 98 22.0591
10 99 10.956
10 100 0

11 0 0
11 1 12.5779
11 2 25.3247
11 3 38.3958
11 4 51.9822
11 5 66.2501
11 6 81.4064
11 7 97.6519
11 8 115.2
11 9 134.286
11 10 155.12
11 11 177.939
11 12 202.921
11 13 230.236
11 14 259.944
11 15 292.056
11 16 326.376
11 17 362.596
11 18 400.112
11 19 438.079
11 20 475.334
11 21 510.348
11 22 541.28
11 23 565.939
11 24 581.894
11 25 586.536
11 26 577.197
11 27 551.489
11 28 507.23
11 29 443.028
11 30 358.165
11 31 253.061
11 32 129.168
11 33 -10.7059
11 34 -162.786
11 35 -322.227
11 36 -483.615
11 37 -641.155
11 38 -789.301
11 39 -923.093
11 40 -1038.65
11 41 -1133.42
11 42 -1206.45
11 43 -1258.42
11 44 -1291.46
11 45 -1308.89
11 46 -1314.83
11 47 -1313.61
11 48 -1309.32
11 49 -1305.3
11 50 -1303.71
11 51 -1305.3
11 52 -1309.32
11 53 -1313.61
11 54 -1314.83
11 55 -1308.89
11 56 -1291.46
11 57 -1258.42
11 58 -1206.45
11 59 -1133.42
11 60 -1038.65
11 61 -923.093
11 62 -789.301
11 63 -641.155
11 64 -483.615
11 65 -322.227
11 66 -162.786
11 67 -10.7059
11 68 129.168
11 69 253.061
11 70 358.165
11 71 443.028
11 72 507.23
11 73 551.489
11 74 577.197
11 75 586.536
11 76 581.894
11 77 565.939
11 78 541.28
11 79 510.348
11 80 475.334
11 81 438.079
11 82 400.112
11 83 362.596
11 84 326.376
11 85 292.056
11 86 259.944
11 87 230.236
11 88 202.921
11 89 177.939
11 90 155.12
11 91 134.286
11 92 115.2
11 93 97.6519
11 94 81.4064
11 95 66.2501
11 96 51.9822
11 97 38.3958
11 98 25.3247
11 99 12.5779
11 100 0

12 0 0
12 1 14.3886
12 2 28.9692
12 3 43.9311
12 4 59.4795
12 5 75.8152
12 6 93.1602
12 7 111.735
12 8 131.773
12 9 153.505
12 10 177.155
12 11 202.921
12 12 230.973
12 13 261.386
12 14 294.19
12 15 329.207
12 16 366.178
12 17 404.532
12 18 443.508
12 19 482.002
12 20 518.591
12 21 551.504
12 22 578.675
12 23 597.726
12 24 606.129
12 25 601.266
12 26 580.671
12 27 542.102
12 28 484.007
12 29 405.414
12 30 306.421
12 31 188.102
12 32 52.8073
12 33 -96.1214
12 34 -254.268
12 35 -416.56
12 36 -577.483
12 37 -731.586
12 38 -873.822
12 39 -1000.01
12 40 -1107.13
12 41 -1193.54
12 42 -1259.1
12 43 -1305.03
12 44 -1333.8
12 45 -1348.72
12 46 -1353.66
12 47 -1352.48
12 48 -1348.76
12 49 -1345.3
12 50 -1343.95
12 51 -1345.3
12 52 -1348.76
12 53 -1352.48
12 54 -1353.66
12 55 -1348.72
12 56 -1333.8
12 57 -1305.03
12 58 -1259.1
12 59 -1193.54
12 60 -1107.13
12 61 -1000.01
12 62 -873.822
12 63 -731.586
12 64 -577.483
12 65 -416.56
12 66 -254.268
12 67 -96.1214
12 68 52.8073
12 69 188.102
12 70 306.421
12 71 405.414
12 72 484.007
12 73 542.102
12 74 580.671
12 75 601.266
12 76 606.129
12 77 597.726
12 78 578.675
12 79 551.504
12 80 518.591
12 81 482.002
12 82 443.508
12 83 404.532
12 84 366.178
12 85 329.207
12 86 294.19
12 87 261.386
12 88 230.973
12 89 202.921
12 90 177.155
12 91 153.505
12 92 131.773
12 93 111.735
12 94 93.1602
12 95 75.8152
12 96 59.4795
12 97 43.9311
12 98 28.9692
12 99 14.3886
12 100 0

13 0 0
13 1 16.4227
13 2 33.0606
13 3 50.1424
13 4 67.8813
13 5 86.5217
13 6 106.287
13 7 127.427
13 8 150.174
13 9 174.761
13 10 201.389
13 11 230.236
13 12 261.386
13 13 294.882
13 14 330.564
13 15 368.207
13 16 407.265
13 17 447.046
13 18 486.494
13 19 524.268
13 20 558.679
13 21 587.744
13 22 609.152
13 23 620.459
13 24 619.088
13 25 602.549
13 26 568.601
13 27 515.538
13 28 442.24
13 29 348.603
13 30 235.437
13 31 104.751
13 32 -40.4195
13 33 -195.973
13 34 -357.115
13 35 -518.59
13 36 -675.08
13 37 -821.609
13 38 -953.929
13 39 -1068.87
13 40 -1164.46
13 41 -1240.15
13 42 -1296.61
13 43 -1335.69
13 44 -1360.04
13 45 -1372.88
13 46 -1377.55
13 47 -1377.33
13 48 -1374.96
13 49 -1372.66
13 50 -1371.72
13 51 -1372.66
13 52 -1374.96
13 53 -1377.33
13 54 -1377.55
13 55 -1372.88
13 56 -1360.04
13 57 -1335.69
13 58 -1296.61
13 59 -1240.15
13 60 -1164.46
13 61 -1068.87
13 62 -953.929
13 63 -821.609
13 64 -675.08
13 65 -518.59
13 66 -357.115
13 67 -195.973
13 68 -40.4195
13 69 104.751
13 70 235.437
13 71 348.603
13 72 442.24
13 73 515.538
13 74 568.601
13 75 602.549
13 76 619.088
13 77 620.459
13 78 609.152
13 79 587.744
13 80 558.679
13 81 524.268
13 82 486.494
13 83 447.046
13 84 407.265
13 85 368.207
13 86 330.564
13 87 294.882
13 88 261.386
13 89 230.236
13 90 201.389
13 91 174.761
13 92 150.174
13 93 127.427
13 94 106.287
13 95 86.5217
13 96 67.8813
13 97 50.1424
13 98 33.0606
13 99 16.4227
13 100 0

14 0 0
14 1 18.7167
14 2 37.6757
14 3 57.1351
14 4 77.332
14 5 98.5296
14 6 120.978
14 7 144.916
14 8 170.604
14 9 198.219
14 10 227.979
14 11 259.944
14 12 294.19
14 13 330.564
14 14 368.859
14 15 408.568
14 16 449.037
14 17 489.255
14 18 527.954
14 19 563.518
14 20 594.014
14 21 617.229
14 22 630.753
14 23 632.069
14 24 618.682
14 25 588.369
14 26 539.294
14 27 470.256
14 28 380.984
14 29 272.093
14 30 145.385
14 31 3.69859
14 32 -149.083
14 33 -308.341
14 34 -468.92
14 35 -625.614
14 36 -773.496
14 37 -908.327
14 38 -1026.91
14 39 -1127.24
14 40 -1208.67
14 41 -1271.72
14 42 -1318.04
14 43 -1349.93
14 44 -1370.23
14 45 -1381.77
14 46 -1387.3
14 47 -1389.11
14 48 -1389.12
14 49 -1388.59
14 50 -1388.34
14 51 -1388.59
14 52 -1389.12
14 53 -1389.11
14 54 -1387.3
14 55 -1381.77
14 56 -1370.23
14 57 -1349.93
14 58 -1318.04
14 59 -1271.72
14 60 -1208.67
14 61 -1127.24
14 62 -1026.91
14 63 -908.327
14 64 -773.496
14 65 -625.614
14 66 -468.92
14 67 -308.341
14 68 -149.083
14 69 3.69859
14 70 145.385
14 71 272.093
14 72 380.984
14 73 470.256
14 74 539.294
14 75 588.369
14 76 618.682
14 77 632.069
14 78 630.753
14 79 617.229
14 80 594.014
14 81 563.518
14 82 527.954
14 83 489.255
14 84 449.037
14 85 408.568
14 86 368.859
14 87 330.564
14 88 294.19
14 89 259.944
14 90 227.979
14 91 198.219
14 92 170.604
14 93 144.916
14 94 120.978
14 95 98.5296
14 96 77.332
14 97 57.1351
14 98 37.6757
14 99 18.7167
14 100 0

15 0 0
15 1 21.3087
15 2 42.8818
15 3 65.0211
15 4 87.9587
15 5 112.011
15 6 137.395
15 7 164.394
15 8 193.205
15 9 224.024
15 10 256.96
15 11 292.056
15 12 329.207
15 13 368.207
15 14 408.568
15 15 449.689
15 16 490.574
15 17 530.03
15 18 566.496
15 19 598.095
15 20 622.696
15 21 637.931
15 22 641.305
15 23 630.37
15 24 602.861
15 25 556.868
15 26 491.155
15 27 405.236
15 28 299.645
15 29 175.999
15 30 37.0102
15 31 -113.558
15 32 -271.129
15 33 -430.592
15 34 -586.667
15 35 -734.385
15 36 -869.423
15 37 -988.571
15 38 -1089.86
15 39 -1172.71
15 40 -1237.79
15 41 -1286.94
15 42 -1322.59
15 43 -1347.56
15 44 -1364.57
15 45 -1376.05
15 46 -1383.77
15 47 -1389.04
15 48 -1392.49
15 49 -1394.51
15 50 -1395.15
15 51 -1394.51
15 52 -1392.49
15 53 -1389.04
15 54 -1383.77
15 55 -1376.05
15 56 -1364.57
15 57 -1347.56
15 58 -1322.59
15 59 -1286.94
15 60 -1237.79
15 61 -1172.71
15 62 -1089.86
15 63 -988.571
15 64 -869.423
15 65 -734.385
15 66 -586.667
15 67 -430.592
15 68 -271.129
15 69 -113.558
15 70 37.0102
15 71 175.999
15 72 299.645
15 73 405.236
15 74 491.155
15 75 556.868
15 76 602.861
15 77 630.37
15 78 641.305
15 79 637.931
15 80 622.696
15 81 598.095
15 82 566.496
15 83 530.03
15 84 490.574
15 85 449.689
15 86 408.568
15 87 368.207
15 88 329.207
15 89 292.056
15 90 256.96
15 91 224.024
15 92 193.205
15 93 164.394
15 94 137.395
15 95 112.011
15 96 87.9587
15 97 65.0211
15 98 42.8818
15 99 21.3087
15 100 0

16 0 0
16 1 24.239
16 2 48.7743
16 3 73.9059
16 4 99.9209
16 5 127.098
16 6 155.71
16 7 185.967
16 8 218.1
16 9 252.185
16 10 288.323
16 11 326.376
16 12 366.178
16 13 407.265
16 14 449.037
16 15 490.574
16 16 530.691
16 17 567.913
16 18 600.394
16 19 626.091
16 20 642.647
16 21 647.636
16 22 638.589
16 23 613.248
16 24 569.633
16 25 506.443
16 26 423.052
16 27 319.857
16 28 198.35
16 29 61.1022
16 30 -88.1506
16 31 -244.846
16 32 -403.755
16 33 -559.473
16 34 -706.769
16 35 -841.175
16 36 -959.242
16 37 -1058.96
16 38 -1139.84
16 39 -1202.82
16 40 -1250.08
16 41 -1284.61
16 42 -1309.71
16 43 -1328.5
16 44 -1343.55
16 45 -1356.49
16 46 -1368.09
16 47 -1378.26
16 48 -1386.42
16 49 -1391.74
16 50 -1393.61
16 51 -1391.74
16 52 -1386.42
16 53 -1378.26
16 54 -1368.09
16 55 -1356.49
16 56 -1343.55
16 57 -1328.5
16 58 -1309.71
16 59 -1284.61
16 60 -1250.08
16 61 -1202.82
16 62 -1139.84
16 63 -1058.96
16 64 -959.242
16 65 -841.175
16 66 -706.769
16 67 -559.473
16 68 -403.755
16 69 -244.846
16 70 -88.1506
16 71 61.1022
16 72 198.35
16 73 319.857
16 74 423.052
16 75 506.443
16 76 569.633
16 77 613.248
16 78 638.589
16 79 647.636
16 80 642.647
16 81 626.091
16 82 600.394
16 83 567.913
16 84 530.691
16 85 490.574
16 86 449.037
16 87 407.265
16 88 366.178
16 89 326.376
16 90 288.323
16 91 252.185
16 92 218.1
16 93 185.967
16 94 155.71
16 95 127.098
16 96 99.9209
16 97 73.9059
16 98 48.7743
16 99 24.239
16 100 0

17 0 0
17 1 27.541
17 2 55.3919
17 3 83.8855
17 4 113.29
17 5 143.922
17 6 175.993
17 7 209.738
17 8 245.274
17 9 282.663
17 10 321.842
17 11 362.596
17 12 404.532
17 13 447.046
17 14 489.255
17 15 530.03
17 16 567.913
17 17 601.14
17 18 627.713
17 19 645.312
17 20 651.57
17 21 644.02
17 22 620.37
17 23 578.632
17 24 517.371
17 25 435.857
17 26 334.362
17 27 214.19
17 28 77.8551
17 29 -71.0092
17 30 -227.814
17 31 -387.158
17 32 -543.417
17 33 -691.03
17 34 -825.135
17 35 -941.903
17 36 -1039.06
17 37 -1116.01
17 38 -1173.9
17 39 -1215.28
17 40 -1243.84
17 41 -1263.75
17 42 -1279.03
17 43 -1292.94
17 44 -1307.65
17 45 -1323.92
17 46 -1341.21
17 47 -1357.96
17 48 -1372.07
17 49 -1381.53
17 50 -1384.86
17 51 -1381.53
17 52 -1372.07
17 53 -1357.96
17 54 -1341.21
17 55 -1323.92
17 56 -1307.65
17 57 -1292.94
17 58 -1279.03
17 59 -1263.75
17 60 -1243.84
17 61 -1215.28
17 62 -1173.9
17 63 -1116.01
17 64 -1039.06
17 65 -941.903
17 66 -825.135
17 67 -691.03
17 68 -543.417
17 69 -387.158
17 70 -227.814
17 71 -71.0092
17 72 77.8551
17 73 214.19
17 74 334.362
17 75 435.857
17 76 517.371
17 77 578.632
17 78 620.37
17 79 644.02
17 80 651.57
17 81 645.312
17 82 627.713
17 83 601.14
17 84 567.913
17 85 530.03
17 86 489.255
17 87 447.046
17 88 404.532
17 89 362.596
17 90 321.842
17 91 282.663
17 92 245.274
17 93 209.738
17 94 175.993
17 95 143.922
17 96 113.29
17 97 83.8855
17 98 55.3919
17 99 27.541
17 100 0

18 0 0
18 1 31.2445
18 2 62.814
18 3 95.025
18 4 128.173
18 5 162.524
18 6 198.294
18 7 235.638
18 8 274.617
18 9 315.184
18 10 357.14
18 11 400.112
18 12 443.508
18 13 486.494
18 14 527.954
18 15 566.496
18 16 600.394
18 17 627.713
18 18 646.176
18 19 653.464
18 20 647.119
18 21 624.837
18 22 584.596
18 23 524.857
18 24 444.794
18 25 344.495
18 26 225.14
18 27 89.0729
18 28 -60.1432
18 29 -217.931
18 30 -378.75
18 31 -536.743
18 32 -685.887
18 33 -820.834
18 34 -937.189
18 35 -1032.21
18 36 -1104.88
18 37 -1156.26
18 38 -1189.17
18 39 -1207.94
18 40 -1217.66
18 41 -1223.59
18 42 -1230.3
18 43 -1241.09
18 44 -1257.49
18 45 -1279.16
18 46 -1304.08
18 47 -1329.05
18 48 -1350.42
18 49 -1364.81
18 50 -1369.9
18 51 -1364.81
18 52 -1350.42
18 53 -1329.05
18 54 -1304.08
18 55 -1279.16
18 56 -1257.49
18 57 -1241.09
18 58 -1230.3
18 59 -1223.59
18 60 -1217.66
18 61 -1207.94
18 62 -1189.17
18 63 -1156.26
18 64 -1104.88
18 65 -1032.21
18 66 -937.189
18 67 -820.834
18 68 -685.887
18 69 -536.743
18 70 -378.75
18 71 -217.931
18 72 -60.1432
18 73 89.0729
18 74 225.14
18 75 344.495
18 76 444.794
18 77 524.857
18 78 584.596
18 79 624.837
18 80 647.119
18 81 653.464
18 82 646.176
18 83 627.713
18 84 600.394
18 85 566.496
18 86 527.954
18 87 486.494
18 88 443.508
18 89 400.112
18 90 357.14
18 91 315.184
18 92 274.617
18 93 235.638
18 94 198.294
18 95 162.524
18 96 128.173
18 97 95.025
18 98 62.814
18 99 31.2445
18 100 0

19 0 0
19 1 35.3608
19 2 71.0462
19 3 107.343
19 4 144.554
19 5 182.874
19 6 222.509
19 7 263.493
19 8 305.83
19 9 349.301
19 10 393.581
19 11 438.079
19 12 482.002
19 13 524.268
19 14 563.518
19 15 598.095
19 16 626.091
19 17 645.312
19 18 653.464
19 19 648.124
19 20 626.984
19 21 587.998
19 22 529.529
19 23 450.661
19 24 351.299
19 25 232.465
19 26 96.3088
19 27 -53.7235
19 28 -213.088
19 29 -376.215
19 30 -537.001
19 31 -688.997
19 32 -826.304
19 33 -943.836
19 34 -1038.13
19 35 -1107.51
19 36 -1152.64
19 37 -1176.24
19 38 -1182.99
19 39 -1178.82
19 40 -1170.26
19 41 -1163.48
19 42 -1163.45
19 43 -1173.24
19 44 -1193.57
19 45 -1222.83
19 46 -1257.36
19 47 -1292.23
19 48 -1322.06
19 49 -1342.16
19 50 -1349.23
19 51 -1342.16
19 52 -1322.06
19 53 -1292.23
19 54 -1257.36
19 55 -1222.83
19 56 -1193.57
19 57 -1173.24
19 58 -1163.45
19 59 -1163.48
19 60 -1170.26
19 61 -1178.82
19 62 -1182.99
19 63 -1176.24
19 64 -1152.64
19 65 -1107.51
19 66 -1038.13
19 67 -943.836
19 68 -826.304
19 69 -688.997
19 70 -537.001
19 71 -376.215
19 72 -213.088
19 73 -53.7235
19 74 96.3088
19 75 232.465
19 76 351.299
19 77 450.661
19 78 529.529
19 79 587.998
19 80 626.984
19 81 648.124
19 82 653.464
19 83 645.312
19 84 626.091
19 85 598.095
19 86 563.518
19 87 524.268
19 88 482.002
19 89 438.079
19 90 393.581
19 91 349.301
19 92 305.83
19 93 263.493
19 94 222.509
19 95 182.874
19 96 144.554
19 97 107.343
19 98 71.0462
19 99 35.3608
19 100 0

20 0 0
20 1 39.8851
20 2 80.0538
20 3 120.799
20 4 162.319
20 5 204.83
20 6 248.361
20 7 292.949
20 8 338.359
20 9 384.319
20 10 430.22
20 11 475.334
20 12 518.591
20 13 558.679
20 14 594.014
20 15 622.696
20 16 642.647
20 17 651.57
20 18 647.119
20 19 626.984
20 20 589.101
20 21 531.771
20 22 453.98
20 23 355.475
20 24 237.094
20 25 100.774
20 26 -50.2111
20 27 -211.422
20 28 -377.334
20 29 -541.623
20 30 -697.573
20 31 -838.711
20 32 -959.202
20 33 -1054.73
20 34 -1122.78
20 35 -1163.25
20 36 -1178.36
20 37 -1172.74
20 38 -1152.82
20 39 -1126.19
20 40 -1100.59
20 41 -1082.95
20 42 -1078.42
20 43 -1089.61
20 44 -1116.29
20 45 -1155.35
20 46 -1201.44
20 47 -1247.74
20 48 -1287.19
20 49 -1313.64
20 50 -1322.96
20 51 -1313.64
20 52 -1287.19
20 53 -1247.74
20 54 -1201.44
20 55 -1155.35
20 56 -1116.29
20 57 -1089.61
20 58 -1078.42
20 59 -1082.95
20 60 -1100.59
20 61 -1126.19
20 62 -1152.82
20 63 -1172.74
20 64 -1178.36
20 65 -1163.25
20 66 -1122.78
20 67 -1054.73
20 68 -959.202
20 69 -838.711
20 70 -697.573
20 71 -541.623
20 72 -377.334
20 73 -211.422
20 74 -50.2111
20 75 100.774
20 76 237.094
20 77 355.475
20 78 453.98
20 79 531.771
20 80 589.101
20 81 626.984
20 82 647.119
20 83 651.57
20 84 642.647
20 85 622.696
20 86 594.014
20 87 558.679
20 88 518.591
20 89 475.334
20 90 430.22
20 91 384.319
20 92 338.359
20 93 292.949
20 94 248.361
20 95 204.83
20 96 162.319
20 97 120.799
20 98 80.0538
20 99 39.8851
20 100 0

21 0 0
21 1 44.7697
21 2 89.7822
21 3 135.223
21 4 181.29
21 5 228.016
21 6 275.435
21 7 323.329
21 8 371.427
21 9 419.16
21 10 465.806
21 11 510.348
21 12 551.504
21 13 587.744
21 14 617.229
21 15 637.931
21 16 647.636
21 17 644.02
21 18 624.837
21 19 587.998
21 20 531.771
21 21 455.064
21 22 357.466
21 23 239.642
21 24 103.318
21 25 -48.4585
21 26 -211.444
21 27 -380.166
21 28 -548.276
21 29 -708.834
21 30 -854.895
21 31 -979.948
21 32 -1078.78
21 33 -1147.87
21 34 -1186.09
21 35 -1194.84
21 36 -1178.26
21 37 -1142.73
21 38 -1096.49
21 39 -1048.58
21 40 -1007.8
21 41 -981.631
21 42 -975.149
21 43 -990.358
21 44 -1025.81
21 45 -1076.88
21 46 -1136.29
21 47 -1195.42
21 48 -1245.45
21 49 -1278.87
21 50 -1290.59
21 51 -1278.87
21 52 -1245.45
21 53 -1195.42
21 54 -1136.29
21 55 -1076.88
21 56 -1025.81
21 57 -990.358
21 58 -975.149
21 59 -981.631
21 60 -1007.8
21 61 -1048.58
21 62 -1096.49
21 63 -1142.73
21 64 -1178.26
21 65 -1194.84
21 66 -1186.09
21 67 -1147.87
21 68 -1078.78
21 69 -979.948
21 70 -854.895
21 71 -708.834
21 72 -548.276
21 73 -380.166
21 74 -211.444
21 75 -48.4585
21 76 103.318
21 77 239.642
21 78 357.466
21 79 455.064
21 80 531.771
21 81 587.998
21 82 624.837
21 83 644.02
21 84 647.636
21 85 637.931
21 86 617.229
21 87 587.744
21 88 551.504
21 89 510.348
21 90 465.806
21 91 419.16
21 92 371.427
21 93 323.329
21 94 275.435
21 95 228.016
21 96 181.29
21 97 135.223
21 98 89.7822
21 99 44.7697
21 100 0

22 0 0
22 1 49.9299
22 2 100.003
22 3 150.342
22 4 200.991
22 5 251.92
22 6 302.952
22 7 353.779
22 8 403.872
22 9 452.518
22 10 498.727
22 11 541.28
22 12 578.675
22 13 609.152
22 14 630.753
22 15 641.305
22 16 638.589
22 17 620.37
22 18 584.596
22 19 529.529
22 20 453.98
22 21 357.466
22 22 240.444
22 23 104.464
22 24 -47.6975
22 25 -212.025
22 26 -383.212
22 27 -554.978
22 28 -720.295
22 29 -871.835
22 30 -1002.58
22 31 -1106.45
22 32 -1178.87
22 33 -1217.62
22 34 -1222.93
22 35 -1198.02
22 36 -1148.8
22 37 -1083.56
22 38 -1012.07
22 39 -944.745
22 40 -891.192
22 41 -859.222
22 42 -853.594
22 43 -875.471
22 44 -922.088
22 45 -987.133
22 46 -1061.49
22 47 -1134.62
22 48 -1196.04
22 49 -1236.86
22 50 -1251.15
22 51 -1236.86
22 52 -1196.04
22 53 -1134.62
22 54 -1061.49
22 55 -987.133
22 56 -922.088
22 57 -875.471
22 58 -853.594
22 59 -859.222
22 60 -891.192
22 61 -944.745
22 62 -1012.07
22 63 -1083.56
22 64 -1148.8
22 65 -1198.02
22 66 -1222.93
22 67 -1217.62
22 68 -1178.87
22 69 -1106.45
22 70 -1002.58
22 71 -871.835
22 72 -720.295
22 73 -554.978
22 74 -383.212
22 75 -212.025
22 76 -47.6975
22 77 104.464
22 78 240.444
22 79 357.466
22 80 453.98
22 81 529.529
22 82 584.596
22 83 620.37
22 84 638.589
22 85 641.305
22 86 630.753
22 87 609.152
22 88 578.675
22 89 541.28
22 90 498.727
22 91 452.518
22 92 403.872
22 93 353.779
22 94 302.952
22 95 251.92
22 96 200.991
22 97 150.342
22 98 100.003
22 99 49.9299
22 100 0

23 0 0
23 1 55.2308
23 2 110.468
23 3 165.72
23 4 220.853
23 5 275.72
23 6 329.931
23 7 383.013
23 8 434.218
23 9 482.617
23 10 527.004
23 11 565.939
23 12 597.726
23 13 620.459
23 14 632.069
23 15 630.37
23 16 613.248
23 17 578.632
23 18 524.857
23 19 450.661
23 20 355.475
23 21 239.642
23 22 104.464
23 23 -47.4879
23 24 -212.485
23 25 -385.441
23 26 -560.277
23 27 -729.926
23 28 -886.947
23 29 -1023.86
23 30 -1133.91
23 31 -1211.58
23 32 -1253.43
23 33 -1258.43
23 34 -1228.59
23 35 -1168.83
23 36 -1086.97
23 37 -992.931
23 38 -898.077
23 39 -813.786
23 40 -750.34
23 41 -715.516
23 42 -713.634
23 43 -744.793
23 44 -804.814
23 45 -885.614
23 46 -976.219
23 47 -1064.27
23 48 -1137.66
23 49 -1186.2
23 50 -1203.16
23 51 -1186.2
23 52 -1137.66
23 53 -1064.27
23 54 -976.219
23 55 -885.614
23 56 -804.814
23 57 -744.793
23 58 -713.634
23 59 -715.516
23 60 -750.34
23 61 -813.786
23 62 -898.077
23 63 -992.931
23 64 -1086.97
23 65 -1168.83
23 66 -1228.59
23 67 -1258.43
23 68 -1253.43
23 69 -1211.58
23 70 -1133.91
23 71 -1023.86
23 72 -886.947
23 73 -729.926
23 74 -560.277
23 75 -385.441
23 76 -212.485
23 77 -47.4879
23 78 104.464
23 79 239.642
23 80 355.475
23 81 450.661
23 82 524.857
23 83 578.632
23 84 613.248
23 85 630.37
23 86 632.069
23 87 620.459
23 88 597.726
23 89 565.939
23 90 527.004
23 91 482.617
23 92 434.218
23 93 383.013
23 94 329.931
23 95 275.72
23 96 220.853
23 97 165.72
23 98 110.468
23 99 55.2308
23 100 0

24 0 0
24 1 60.4547
24 2 120.76
24 3 180.697
24 4 240.024
24 5 298.305
24 6 355.042
24 7 409.453
24 8 460.649
24 9 507.414
24 10 548.383
24 11 581.894
24 12 606.129
24 13 619.088
24 14 618.682
24 15 602.861
24 16 569.633
24 17 517.371
24 18 444.794
24 19 351.299
24 20 237.094
24 21 103.318
24 22 -47.6975
24 23 -212.485
24 24 -386.248
24 25 -563.163
24 26 -736.274
24 27 -898.163
24 28 -1041.08
24 29 -1157.76
24 30 -1241.87
24 31 -1288.87
24 32 -1296.43
24 33 -1265.2
24 34 -1198.75
24 35 -1103.93
24 36 -990.216
24 37 -869.231
24 38 -753.449
24 39 -655.18
24 40 -584.976
24 41 -550.474
24 42 -555.206
24 43 -598.127
24 44 -673.52
24 45 -771.551
24 46 -879.43
24 47 -983.028
24 48 -1068.73
24 49 -1125.15
24 50 -1144.84
24 51 -1125.15
24 52 -1068.73
24 53 -983.028
24 54 -879.43
24 55 -771.551
24 56 -673.52
24 57 -598.127
24 58 -555.206
24 59 -550.474
24 60 -584.976
24 61 -655.18
24 62 -753.449
24 63 -869.231
24 64 -990.216
24 65 -1103.93
24 66 -1198.75
24 67 -1265.2
24 68 -1296.43
24 69 -1288.87
24 70 -1241.87
24 71 -1157.76
24 72 -1041.08
24 73 -898.163
24 74 -736.274
24 75 -563.163
24 76 -386.248
24 77 -212.485
24 78 -47.6975
24 79 103.318
24 80 237.094
24 81 351.299
24 82 444.794
24 83 517.371
24 84 569.633
24 85 602.861
24 86 618.682
24 87 619.088
24 88 606.129
24 89 581.894
24 90 548.383
24 91 507.414
24 92 460.649
24 93 409.453
24 94 355.042
24 95 298.305
24 96 240.024
24 97 180.697
24 98 120.76
24 99 60.4547
24 100 0

25 0 0
25 1 65.3495
25 2 130.322
25 3 194.501
25 4 257.378
25 5 318.343
25 6 376.597
25 7 431.205
25 8 480.965
25 9 524.544
25 10 560.307
25 11 586.536
25 12 601.266
25 13 602.549
25 14 588.369
25 15 556.868
25 16 506.443
25 17 435.857
25 18 344.495
25 19 232.465
25 20 100.774
25 21 -48.4585
25 22 -212.025
25 23 -385.441
25 24 -563.163
25 25 -738.487
25 26 -904.119
25 27 -1052.23
25 28 -1175.24
25 29 -1266.22
25 30 -1319.66
25 31 -1332.07
25 32 -1302.6
25 33 -1233.4
25 34 -1129.95
25 35 -1000.72
25 36 -856.894
25 37 -711.387
25 38 -577.794
25 39 -468.88
25 40 -395.322
25 41 -364.267
25 42 -378.388
25 43 -435.32
25 44 -527.758
25 45 -644.154
25 46 -769.971
25 47 -889.467
25 48 -987.577
25 49 -1051.92
25 50 -1074.3
25 51 -1051.92
25 52 -987.577
25 53 -889.467
25 54 -769.971
25 55 -644.154
25 56 -527.758
25 57 -435.32
25 58 -378.388
25 59 -364.267
25 60 -395.322
25 61 -468.88
25 62 -577.794
25 63 -711.387
25 64 -856.894
25 65 -1000.72
25 66 -1129.95
25 67 -1233.4
25 68 -1302.6
25 69 -1332.07
25 70 -1319.66
25 71 -1266.22
25 72 -1175.24
25 73 -1052.23
25 74 -904.119
25 75 -738.487
25 76 -563.163
25 77 -385.441
25 78 -212.025
25 79 -48.4585
25 80 100.774
25 81 232.465
25 82 344.495
25 83 435.857
25 84 506.443
25 85 556.868
25 86 588.369
25 87 602.549
25 88 601.266
25 89 586.536
25 90 560.307
25 91 524.544
25 92 480.965
25 93 431.205
25 94 376.597
25 95 318.343
25 96 257.378
25 97 194.501
25 98 130.322
25 99 65.3495
25 100 0

26 0 0
26 1 69.5651
26 2 138.49
26 3 206.089
26 4 271.602
26 5 334.141
26 6 392.682
26 7 446.017
26 8 492.779
26 9 531.386
26 10 560.159
26 11 577.197
26 12 580.671
26 13 568.601
26 14 539.294
26 15 491.155
26 16 423.052
26 17 334.362
26 18 225.14
26 19 96.3088
26 20 -50.2111
26 21 -211.444
26 22 -383.212
26 23 -560.277
26 24 -736.274
26 25 -904.119
26 26 -1056.08
26 27 -1184.47
26 28 -1281.94
26 29 -1342.29
26 30 -1360.96
26 31 -1335.76
26 32 -1267.37
26 33 -1159.65
26 34 -1019.69
26 35 -857.7
26 36 -686.232
26 37 -519.4
26 38 -371.459
26 39 -255.543
26 40 -182.079
26 41 -157.576
26 42 -183.625
26 43 -256.51
26 44 -367.331
26 45 -502.863
26 46 -646.966
26 47 -782.374
26 48 -892.812
26 49 -964.925
26 50 -989.985
26 51 -964.925
26 52 -892.812
26 53 -782.374
26 54 -646.966
26 55 -502.863
26 56 -367.331
26 57 -256.51
26 58 -183.625
26 59 -157.576
26 60 -182.079
26 61 -255.543
26 62 -371.459
26 63 -519.4
26 64 -686.232
26 65 -857.7
26 66 -1019.69
26 67 -1159.65
26 68 -1267.37
26 69 -1335.76
26 70 -1360.96
26 71 -1342.29
26 72 -1281.94
26 73 -1184.47
26 74 -1056.08
26 75 -904.119
26 76 -736.274
26 77 -560.277
26 78 -383.212
26 79 -211.444
26 80 -50.2111
26 81 96.3088
26 82 225.14
26 83 334.362
26 84 423.052
26 85 491.155
26 86 539.294
26 87 568.601
26 88 580.671
26 89 577.197
26 90 560.159
26 91 531.386
26 92 492.779
26 93 446.017
26 94 392.682
26 95 334.141
26 96 271.602
26 97 206.089
26 98 138.49
26 99 69.5651
26 100 0

27 0 0
27 1 72.6938
27 2 144.452
27 3 214.269
27 4 281.121
27 5 343.815
27 6 401.087
27 7 451.503
27 8 493.473
27 9 525.35
27 10 545.266
27 11 551.489
27 12 542.102
27 13 515.538
27 14 470.256
27 15 405.236
27 16 319.857
27 17 214.19
27 18 89.0729
27 19 -53.7235
27 20 -211.422
27 21 -380.166
27 22 -554.978
27 23 -729.926
27 24 -898.163
27 25 -1052.23
27 26 -1184.47
27 27 -1287.35
27 28 -1354.24
27 29 -1379.71
27 30 -1360.46
27 31 -1295.69
27 32 -1187.64
27 33 -1041.79
27 34 -866.951
27 35 -674.656
27 36 -478.809
27 37 -294.288
27 38 -135.907
27 39 -16.7136
27 40 53.2078
27 41 68.2677
27 42 27.9859
27 43 -62.4544
27 44 -192.627
27 45 -347.714
27 46 -510.098
27 47 -661.194
27 48 -783.64
27 49 -863.299
27 50 -890.925
27 51 -863.299
27 52 -783.64
27 53 -661.194
27 54 -510.098
27 55 -347.714
27 56 -192.627
27 57 -62.4544
27 58 27.9859
27 59 68.2677
27 60 53.2078
27 61 -16.7136
27 62 -135.907
27 63 -294.288
27 64 -478.809
27 65 -674.656
27 66 -866.951
27 67 -1041.79
27 68 -1187.64
27 69 -1295.69
27 70 -1360.46
27 71 -1379.71
27 72 -1354.24
27 73 -1287.35
27 74 -1184.47
27 75 -1052.23
27 76 -898.163
27 77 -729.926
27 78 -554.978
27 79 -380.166
27 80 -211.422
27 81 -53.7235
27 82 89.0729
27 83 214.19
27 84 319.857
27 85 405.236
27 86 470.256
27 87 515.538
27 88 542.102
27 89 551.489
27 90 545.266
27 91 525.35
27 92 493.473
27 93 451.503
27 94 401.087
27 95 343.815
27 96 281.121
27 97 214.269
27 98 144.452
27 99 72.6938
27 100 0

28 0 0
28 1 74.2774
28 2 147.296
28 3 217.714
28 4 284.224
28 5 345.319
28 6 399.522
28 7 445.15
28 8 480.518
28 9 503.83
28 10 513.319
28 11 507.23
28 12 484.007
28 13 442.24
28 14 380.984
28 15 299.645
28 16 198.35
28 17 77.8551
28 18 -60.1432
28 19 -213.088
28 20 -377.334
28 21 -548.276
28 22 -720.295
28 23 -886.947
28 24 -1041.08
28 25 -1175.24
28 26 -1281.94
28 27 -1354.24
28 28 -1386.2
28 29 -1373.62
28 30 -1314.38
28 31 -1209.21
28 32 -1061.9
28 33 -879.538
28 34 -672.291
28 35 -453.088
28 36 -236.652
28 37 -38.5789
28 38 126.237
28 39 244.863
28 40 307.972
28 41 310.876
28 42 254.418
28 43 145.156
28 44 -4.94975
28 45 -179.673
28 46 -360.06
28 47 -526.387
28 48 -660.37
28 49 -747.196
28 50 -777.257
28 51 -747.196
28 52 -660.37
28 53 -526.387
28 54 -360.06
28 55 -179.673
28 56 -4.94975
28 57 145.156
28 58 254.418
28 59 310.876
28 60 307.972
28 61 244.863
28 62 126.237
28 63 -38.5789
28 64 -236.652
28 65 -453.088
28 66 -672.291
28 67 -879.538
28 68 -1061.9
28 69 -1209.21
28 70 -1314.38
28 71 -1373.62
28 72 -1386.2
28 73 -1354.24
28 74 -1281.94
28 75 -1175.24
28 76 -1041.08
28 77 -886.947
28 78 -720.295
28 79 -548.276
28 80 -377.334
28 81 -213.088
28 82 -60.1432
28 83 77.8551
28 84 198.35
28 85 299.645
28 86 380.984
28 87 442.24
28 88 484.007
28 89 507.23
28 90 513.319
28 91 503.83
28 92 480.518
28 93 445.15
28 94 399.522
28 95 345.319
28 96 284.224
28 97 217.714
28 98 147.296
28 99 74.2774
28 100 0

29 0 0
29 1 73.8495
29 2 146.083
29 3 215.085
29 4 279.164
29 5 336.637
29 6 385.708
29 7 424.619
29 8 451.517
29 9 464.671
29 10 462.335
29 11 443.028
29 12 405.414
29 13 348.603
29 14 272.093
29 15 175.999
29 16 61.1022
29 17 -71.0092
29 18 -217.931
29 19 -376.215
29 20 -541.623
29 21 -708.834
29 22 -871.835
29 23 -1023.86
