0 0 0
0 1 0
0 2 0
0 3 0
0 4 0
0 5 0
0 6 0
0 7 0
0 8 0
0 9 0
0 10 0
0 11 0
0 12 0
0 13 0
0 14 0
0 15 0
0 16 0
0 17 0
0 18 0
0 19 0
0 20 0
0 21 0
0 22 0
0 23 0
0 24 0
0 25 0
0 26 0
0 27 0
0 28 0
0 29 0
0 30 0
0 31 0
0 32 0
0 33 0
0 34 0
0 35 0
0 36 0
0 37 0
0 38 0
0 39 0
0 40 0
0 41 0
0 42 0
0 43 0
0 44 0
0 45 0
0 46 0
0 47 0
0 48 0
0 49 0
0 50 0
0 51 0
0 52 0
0 53 0
0 54 0
0 55 0
0 56 0
0 57 0
0 58 0
0 59 0
0 60 0
0 61 0
0 62 0
0 63 0
0 64 0
0 65 0
0 66 0
0 67 0
0 68 0
0 69 0
0 70 0
0 71 0
0 72 0
0 73 0
0 74 0
0 75 0
0 76 0
0 77 0
0 78 0
0 79 0
0 80 0
0 81 0
0 82 0
0 83 0
0 84 0
0 85 0
0 86 0
0 87 0
0 88 0
0 89 0
0 90 0
0 91 0
0 92 0
0 93 0
0 94 0
0 95 0
0 96 0
0 97 0
0 98 0
0 99 0
0 100 0

1 0 0
1 1 1.33041
1 2 2.67718
1 3 4.06578
1 4 5.50847
1 5 7.0357
1 6 8.66651
1 7 10.4311
1 8 12.361
1 9 14.4877
1 10 16.8503
1 11 19.4857
1 12 22.4309
1 13 25.7207
1 14 29.381
1 15 33.4191
1 16 37.8295
1 17 42.5577
1 18 47.5168
1 19 52.5562
1 20 57.4394
1 21 61.875
1 22 65.4447
1 23 67.6652
1 24 67.9684
1 25 65.712
1 26 60.2583
1 27 51.0106
1 28 37.4649
1 29 19.3463
1 30 -3.35876
1 31 -30.2892
1 32 -60.6469
1 33 -93.1648
1 34 -126.126
1 35 -157.45
1 36 -184.801
1 37 -205.775
1 38 -218.145
1 39 -220.136
1 40 -210.617
1 41 -189.359
1 42 -157.153
1 43 -115.86
1 44 -68.2945
1 45 -18.052
1 46 30.8288
1 47 74.2083
1 48 108.307
1 49 130.081
1 50 137.57
1 51 130.081
1 52 108.307
1 53 74.2083
1 54 30.8288
1 55 -18.052
1 56 -68.2945
1 57 -115.86
1 58 -157.153
1 59 -189.359
1 60 -210.617
1 61 -220.136
1 62 -218.145
1 63 -205.775
1 64 -184.801
1 65 -157.45
1 66 -126.126
1 67 -93.1648
1 68 -60.6469
1 69 -30.2892
1 70 -3.35876
1 71 19.3463
1 72 37.4649
1 73 51.0106
1 74 60.2583
1 75 65.712
1 76 67.9684
1 77 67.6652
1 78 65.4447
1 79 61.875
1 80 57.4394
1 81 52.5562
1 82 47.5168
1 83 42.5577
1 84 37.8295
1 85 33.4191
1 86 29.381
1 87 25.7207
1 88 22.4309
1 89 19.4857
1 90 16.8503
1 91 14.4877
1 92 12.361
1 93 10.4311
1 94 8.66651
1 95 7.0357
1 96 5.50847
1 97 4.06578
1 98 2.67718
1 99 1.33041
1 100 0

2 0 0
2 1 2.67718
2 2 5.38868
2 3 8.18447
2 4 11.0923
2 5 14.1708
2 6 17.4606
2 7 21.0193
2 8 24.9112
2 9 29.1961
2 10 33.9531
2 11 39.2516
2 12 45.1674
2 13 51.7653
2 14 59.0964
2 15 67.1706
2 16 75.9713
2 17 85.38
2 18 95.2231
2 19 105.171
2 20 114.776
2 21 123.418
2 22 130.281
2 23 134.418
2 24 134.656
2 25 129.784
2 26 118.521
2 27 99.6786
2 28 72.3334
2 29 35.936
2 30 -9.50295
2 31 -63.228
2 32 -123.604
2 33 -188.145
2 34 -253.414
2 35 -315.285
2 36 -369.136
2 37 -410.249
2 38 -434.229
2 39 -437.591
2 40 -418.149
2 41 -375.503
2 42 -311.245
2 43 -229.06
2 44 -134.54
2 45 -34.8131
2 46 62.1193
2 47 148.098
2 48 215.659
2 49 258.803
2 50 273.638
2 51 258.803
2 52 215.659
2 53 148.098
2 54 62.1193
2 55 -34.8131
2 56 -134.54
2 57 -229.06
2 58 -311.245
2 59 -375.503
2 60 -418.149
2 61 -437.591
2 62 -434.229
2 63 -410.249
2 64 -369.136
2 65 -315.285
2 66 -253.414
2 67 -188.145
2 68 -123.604
2 69 -63.228
2 70 -9.50295
2 71 35.936
2 72 72.3334
2 73 99.6786
2 74 118.521
2 75 129.784
2 76 134.656
2 77 134.418
2 78 130.281
2 79 123.418
2 80 114.776
2 81 105.171
2 82 95.2231
2 83 85.38
2 84 75.9713
2 85 67.1706
2 86 59.0964
2 87 51.7653
2 88 45.1674
2 89 39.2516
2 90 33.9531
2 91 29.1961
2 92 24.9112
2 93 21.0193
2 94 17.4606
2 95 14.1708
2 96 11.0923
2 97 8.18447
2 98 5.38868
2 99 2.67718
2 100 0

3 0 0
3 1 4.06578
3 2 8.18447
3 3 12.4292
3 4 16.8453
3 5 21.5189
3 6 26.5128
3 7 31.916
3 8 37.8218
3 9 44.3249
3 10 51.5373
3 11 59.5646
3 12 68.5103
3 13 78.4665
3 14 89.4942
3 15 101.601
3 16 114.737
3 17 128.723
3 18 143.261
3 19 157.877
3 20 171.841
3 21 184.255
3 22 193.88
3 23 199.273
3 24 198.776
3 25 190.533
3 26 172.724
3 27 143.672
3 28 102.009
3 29 47.039
3 30 -21.1423
3 31 -101.345
3 32 -191.121
3 33 -286.672
3 34 -382.93
3 35 -473.796
3 36 -552.483
3 37 -612.057
3 38 -646.144
3 39 -649.694
3 40 -619.579
3 41 -555.282
3 42 -459.242
3 43 -336.976
3 44 -196.754
3 45 -49.0739
3 46 94.3016
3 47 221.358
3 48 321.132
3 49 384.808
3 50 406.7
3 51 384.808
3 52 321.132
3 53 221.358
3 54 94.3016
3 55 -49.0739
3 56 -196.754
3 57 -336.976
3 58 -459.242
3 59 -555.282
3 60 -619.579
3 61 -649.694
3 62 -646.144
3 63 -612.057
3 64 -552.483
3 65 -473.796
3 66 -382.93
3 67 -286.672
3 68 -191.121
3 69 -101.345
3 70 -21.1423
3 71 47.039
3 72 102.009
3 73 143.672
3 74 172.724
3 75 190.533
3 76 198.776
3 77 199.273
3 78 193.88
3 79 184.255
3 80 171.841
3 81 157.877
3 82 143.261
3 83 128.723
3 84 114.737
3 85 101.601
3 86 89.4942
3 87 78.4665
3 88 68.5103
3 89 59.5646
3 90 51.5373
3 91 44.3249
3 92 37.8218
3 93 31.916
3 94 26.5128
3 95 21.5189
3 96 16.8453
3 97 12.4292
3 98 8.18447
3 99 4.06578
3 100 0

4 0 0
4 1 5.50847
4 2 11.0923
4 3 16.8453
4 4 22.8384
4 5 29.1793
4 6 35.96
4 7 43.2938
4 8 51.3065
4 9 60.1189
4 10 69.8784
4 11 80.7139
4 12 92.7599
4 13 106.12
4 14 120.863
4 15 136.976
4 16 154.364
4 17 172.757
4 18 191.737
4 19 210.603
4 20 228.421
4 21 243.912
4 22 255.468
4 23 261.211
4 24 258.903
4 25 246.249
4 26 220.88
4 27 180.659
4 28 123.999
4 29 50.0624
4 30 -40.8573
4 31 -147.059
4 32 -265.181
4 33 -390.237
4 34 -515.532
4 35 -633.108
4 36 -734.156
4 37 -809.782
4 38 -851.805
4 39 -853.802
4 40 -811.909
4 41 -725.643
4 42 -598.32
4 43 -437.188
4 44 -253.087
4 45 -59.6843
4 46 127.718
4 47 293.588
4 48 423.728
4 49 506.755
4 50 535.285
4 51 506.755
4 52 423.728
4 53 293.588
4 54 127.718
4 55 -59.6843
4 56 -253.087
4 57 -437.188
4 58 -598.32
4 59 -725.643
4 60 -811.909
4 61 -853.802
4 62 -851.805
4 63 -809.782
4 64 -734.156
4 65 -633.108
4 66 -515.532
4 67 -390.237
4 68 -265.181
4 69 -147.059
4 70 -40.8573
4 71 50.0624
4 72 123.999
4 73 180.659
4 74 220.88
4 75 246.249
4 76 258.903
4 77 261.211
4 78 255.468
4 79 243.912
4 80 228.421
4 81 210.603
4 82 191.737
4 83 172.757
4 84 154.364
4 85 136.976
4 86 120.863
4 87 106.12
4 88 92.7599
4 89 80.7139
4 90 69.8784
4 91 60.1189
4 92 51.3065
4 93 43.2938
4 94 35.96
4 95 29.1793
4 96 22.8384
4 97 16.8453
4 98 11.0923
4 99 5.50847
4 100 0

5 0 0
5 1 7.0357
5 2 14.1708
5 3 21.5189
5 4 29.1793
5 5 37.2822
5 6 45.9468
5 7 55.3176
5 8 65.544
5 9 76.7835
5 10 89.2025
5 11 102.96
5 12 118.199
5 13 135.032
5 14 153.505
5 15 173.575
5 16 195.065
5 17 217.613
5 18 240.615
5 19 263.203
5 20 284.113
5 21 301.785
5 22 314.201
5 23 319.008
5 24 313.598
5 25 295.121
5 26 260.851
5 27 208.366
5 28 135.836
5 29 42.522
5 30 -71.0072
5 31 -202.445
5 32 -347.565
5 33 -500.067
5 34 -651.801
5 35 -793.079
5 36 -913.315
5 37 -1001.84
5 38 -1049.02
5 39 -1047.31
5 40 -992.326
5 41 -883.725
5 42 -725.766
5 43 -527.414
5 44 -301.875
5 45 -65.7075
5 46 162.624
5 47 364.387
5 48 522.515
5 49 623.311
5 50 657.939
5 51 623.311
5 52 522.515
5 53 364.387
5 54 162.624
5 55 -65.7075
5 56 -301.875
5 57 -527.414
5 58 -725.766
5 59 -883.725
5 60 -992.326
5 61 -1047.31
5 62 -1049.02
5 63 -1001.84
5 64 -913.315
5 65 -793.079
5 66 -651.801
5 67 -500.067
5 68 -347.565
5 69 -202.445
5 70 -71.0072
5 71 42.522
5 72 135.836
5 73 208.366
5 74 260.851
5 75 295.121
5 76 313.598
5 77 319.008
5 78 314.201
5 79 301.785
5 80 284.113
5 81 263.203
5 82 240.615
5 83 217.613
5 84 195.065
5 85 173.575
5 86 153.505
5 87 135.032
5 88 118.199
5 89 102.96
5 90 89.2025
5 91 76.7835
5 92 65.544
5 93 55.3176
5 94 45.9468
5 95 37.2822
5 96 29.1793
5 97 21.5189
5 98 14.1708
5 99 7.0357
5 100 0

6 0 0
6 1 8.66651
6 2 17.4606
6 3 26.5128
6 4 35.96
6 5 45.9468
6 6 56.6302
6 7 68.1745
6 8 80.7599
6 9 94.566
6 10 109.782
6 11 126.576
6 12 145.101
6 13 165.447
6 14 187.634
6 15 211.552
6 16 236.931
6 17 263.261
6 18 289.776
6 19 315.321
6 20 338.416
6 21 357.089
6 22 368.989
6 23 371.386
6 24 361.19
6 25 335.292
6 26 290.611
6 27 224.525
6 28 135.261
6 29 22.1839
6 30 -113.67
6 31 -269.332
6 32 -439.58
6 33 -616.982
6 34 -791.943
6 35 -953.276
6 36 -1088.84
6 37 -1186.57
6 38 -1235.63
6 39 -1227.7
6 40 -1158.11
6 41 -1026.87
6 42 -839.218
6 43 -605.7
6 44 -341.707
6 45 -66.3451
6 46 199.117
6 47 433.243
6 48 616.476
6 49 733.188
6 50 773.253
6 51 733.188
6 52 616.476
6 53 433.243
6 54 199.117
6 55 -66.3451
6 56 -341.707
6 57 -605.7
6 58 -839.218
6 59 -1026.87
6 60 -1158.11
6 61 -1227.7
6 62 -1235.63
6 63 -1186.57
6 64 -1088.84
6 65 -953.276
6 66 -791.943
6 67 -616.982
6 68 -439.58
6 69 -269.332
6 70 -113.67
6 71 22.1839
6 72 135.261
6 73 224.525
6 74 290.611
6 75 335.292
6 76 361.19
6 77 371.386
6 78 368.989
6 79 357.089
6 80 338.416
6 81 315.321
6 82 289.776
6 83 263.261
6 84 236.931
6 85 211.552
6 86 187.634
6 87 165.447
6 88 145.101
6 89 126.576
6 90 109.782
6 91 94.566
6 92 80.7599
6 93 68.1745
6 94 56.6302
6 95 45.9468
6 96 35.96
6 97 26.5128
6 98 17.4606
6 99 8.66651
6 100 0

7 0 0
7 1 10.4311
7 2 21.0193
7 3 31.916
7 4 43.2938
7 5 55.3176
7 6 68.1745
7 7 82.0575
7 8 97.1613
7 9 113.698
7 10 131.853
7 11 151.81
7 12 173.697
7 13 197.581
7 14 223.414
7 15 251.006
7 16 279.943
7 17 309.572
7 18 338.868
7 19 366.477
7 20 390.55
7 21 408.834
7 22 418.619
7 23 416.773
7 24 399.994
7 25 364.805
7 26 308.032
7 27 227.037
7 28 120.128
7 29 -12.924
7 30 -170.573
7 31 -349.035
7 32 -542.173
7 33 -741.335
7 34 -935.749
7 35 -1112.88
7 36 -1259.39
7 37 -1362.1
7 38 -1409.42
7 39 -1392.52
7 40 -1306.8
7 41 -1152.73
7 42 -936.571
7 43 -670.385
7 44 -371.45
7 45 -61.0759
7 46 237.171
7 47 499.588
7 48 704.649
7 49 835.117
7 50 879.891
7 51 835.117
7 52 704.649
7 53 499.588
7 54 237.171
7 55 -61.0759
7 56 -371.45
7 57 -670.385
7 58 -936.571
7 59 -1152.73
7 60 -1306.8
7 61 -1392.52
7 62 -1409.42
7 63 -1362.1
7 64 -1259.39
7 65 -1112.88
7 66 -935.749
7 67 -741.335
7 68 -542.173
7 69 -349.035
7 70 -170.573
7 71 -12.924
7 72 120.128
7 73 227.037
7 74 308.032
7 75 364.805
7 76 399.994
7 77 416.773
7 78 418.619
7 79 408.834
7 80 390.55
7 81 366.477
7 82 338.868
7 83 309.572
7 84 279.943
7 85 251.006
7 86 223.414
7 87 197.581
7 88 173.697
7 89 151.81
7 90 131.853
7 91 113.698
7 92 97.1613
7 93 82.0575
7 94 68.1745
7 95 55.3176
7 96 43.2938
7 97 31.916
7 98 21.0193
7 99 10.4311
7 100 0

8 0 0
8 1 12.361
8 2 24.9112
8 3 37.8218
8 4 51.3065
8 5 65.544
8 6 80.7599
8 7 97.1613
8 8 114.968
8 9 134.399
8 10 155.645
8 11 178.873
8 12 204.182
8 13 231.573
8 14 260.92
8 15 291.899
8 16 323.949
8 17 356.191
8 18 387.399
8 19 415.882
8 20 439.558
8 21 455.79
8 22 461.582
8 23 453.549
8 24 428.085
8 25 381.683
8 26 311.098
8 27 213.849
8 28 88.6015
8 29 -64.4416
8 30 -242.982
8 31 -442.452
8 32 -655.679
8 33 -873.006
8 34 -1082.53
8 35 -1270.73
8 36 -1423.32
8 37 -1526.48
8 38 -1568.17
8 39 -1539.51
8 40 -1436.16
8 41 -1259.26
8 42 -1016.12
8 43 -720.168
8 44 -390.31
8 45 -49.5955
8 46 276.571
8 47 562.805
8 48 786.047
8 49 927.926
8 50 976.57
8 51 927.926
8 52 786.047
8 53 562.805
8 54 276.571
8 55 -49.5955
8 56 -390.31
8 57 -720.168
8 58 -1016.12
8 59 -1259.26
8 60 -1436.16
8 61 -1539.51
8 62 -1568.17
8 63 -1526.48
8 64 -1423.32
8 65 -1270.73
8 66 -1082.53
8 67 -873.006
8 68 -655.679
8 69 -442.452
8 70 -242.982
8 71 -64.4416
8 72 88.6015
8 73 213.849
8 74 311.098
8 75 381.683
8 76 428.085
8 77 453.549
8 78 461.582
8 79 455.79
8 80 439.558
8 81 415.882
8 82 387.399
8 83 356.191
8 84 323.949
8 85 291.899
8 86 260.92
8 87 231.573
8 88 204.182
8 89 178.873
8 90 155.645
8 91 134.399
8 92 114.968
8 93 97.1613
8 94 80.7599
8 95 65.544
8 96 51.3065
8 97 37.8218
8 98 24.9112
8 99 12.361
8 100 0

9 0 0
9 1 14.4877
9 2 29.1961
9 3 44.3249
9 4 60.1189
9 5 76.7835
9 6 94.566
9 7 113.698
9 8 134.399
9 9 156.904
9 10 181.371
9 11 207.95
9 12 236.67
9 13 267.46
9 14 300.067
9 15 334.022
9 16 368.554
9 17 402.581
9 18 434.562
9 19 462.579
9 20 484.178
9 21 496.483
9 22 496.232
9 23 479.797
9 24 443.551
9 25 383.917
9 26 297.866
9 27 183.225
9 28 39.1201
9 29 -133.531
9 30 -331.712
9 31 -549.864
9 32 -779.932
9 33 -1011.26
9 34 -1231.13
9 35 -1425.22
9 36 -1578.77
9 37 -1677.64
9 38 -1709.78
9 39 -1666.58
9 40 -1544.26
9 41 -1344.82
9 42 -1076.59
9 43 -754.198
9 44 -397.825
9 45 -31.8849
9 46 316.964
9 47 622.163
9 48 859.718
9 49 1010.48
9 50 1062.15
9 51 1010.48
9 52 859.718
9 53 622.163
9 54 316.964
9 55 -31.8849
9 56 -397.825
9 57 -754.198
9 58 -1076.59
9 59 -1344.82
9 60 -1544.26
9 61 -1666.58
9 62 -1709.78
9 63 -1677.64
9 64 -1578.77
9 65 -1425.22
9 66 -1231.13
9 67 -1011.26
9 68 -779.932
9 69 -549.864
9 70 -331.712
9 71 -133.531
9 72 39.1201
9 73 183.225
9 74 297.866
9 75 383.917
9 76 443.551
9 77 479.797
9 78 496.232
9 79 496.483
9 80 484.178
9 81 462.579
9 82 434.562
9 83 402.581
9 84 368.554
9 85 334.022
9 86 300.067
9 87 267.46
9 88 236.67
9 89 207.95
9 90 181.371
9 91 156.904
9 92 134.399
9 93 113.698
9 94 94.566
9 95 76.7835
9 96 60.1189
9 97 44.3249
9 98 29.1961
9 99 14.4877
9 100 0

10 0 0
10 1 16.8503
10 2 33.9531
10 3 51.5373
10 4 69.8784
10 5 89.2025
10 6 109.782
10 7 131.853
10 8 155.645
10 9 181.371
10 10 209.167
10 11 239.12
10 12 271.184
10 13 305.162
10 14 340.658
10 15 377
10 16 413.212
10 17 447.916
10 18 479.348
10 19 505.23
10 20 522.897
10 21 529.183
10 22 520.636
10 23 493.577
10 24 444.336
10 25 369.57
10 26 266.542
10 27 133.608
10 28 -29.4469
10 29 -220.955
10 30 -436.926
10 31 -670.986
10 32 -914.098
10 33 -1154.87
10 34 -1379.87
10 35 -1574.47
10 36 -1723.65
10 37 -1813.44
10 38 -1832.16
10 39 -1771.87
10 40 -1629.57
10 41 -1408.19
10 42 -1117.11
10 43 -771.968
10 44 -393.908
10 45 -8.17474
10 46 357.826
10 47 676.962
10 48 924.764
10 49 1081.8
10 50 1135.57
10 51 1081.8
10 52 924.764
10 53 676.962
10 54 357.826
10 55 -8.17474
10 56 -393.908
10 57 -771.968
10 58 -1117.11
10 59 -1408.19
10 60 -1629.57
10 61 -1771.87
10 62 -1832.16
10 63 -1813.44
10 64 -1723.65
10 65 -1574.47
10 66 -1379.87
10 67 -1154.87
10 68 -914.098
10 69 -670.986
10 70 -436.926
10 71 -220.955
10 72 -29.4469
10 73 133.608
10 74 266.542
10 75 369.57
10 76 444.336
10 77 493.577
10 78 520.636
10 79 529.183
10 80 522.897
10 81 505.23
10 82 479.348
10 83 447.916
10 84 413.212
10 85 377
10 86 340.658
10 87 305.162
10 88 271.184
10 89 239.12
10 90 209.167
10 91 181.371
10 92 155.645
10 93 131.853
10 94 109.782
10 95 89.2025
10 96 69.8784
10 97 51.5373
10 98 33.9531
10 99 16.8503
10 100 0

11 0 0
11 1 19.4857
11 2 39.2516
11 3 59.5646
11 4 80.7139
11 5 102.96
11 6 126.576
11 7 151.81
11 8 178.873
11 9 207.95
11 10 239.12
11 11 272.392
11 12 307.601
11 13 344.411
11 14 382.232
11 15 420.184
11 16 457.018
11 17 491.116
11 18 520.372
11 19 542.299
11 20 553.921
11 21 551.929
11 22 532.772
11 23 492.77
11 24 428.466
11 25 336.819
11 26 215.63
11 27 63.8959
11 28 -117.777
11 29 -326.778
11 30 -558.278
11 31 -804.856
11 32 -1056.78
11 33 -1301.97
11 34 -1526.72
11 35 -1716.2
11 36 -1855.73
11 37 -1931.79
11 38 -1933.51
11 39 -1853.85
11 40 -1690.89
11 41 -1448.62
11 42 -1137.34
11 43 -773.487
11 44 -378.811
11 45 21.0456
11 46 398.507
11 47 726.399
11 48 980.346
11 49 1141
11 50 1195.98
11 51 1141
11 52 980.346
11 53 726.399
11 54 398.507
11 55 21.0456
11 56 -378.811
11 57 -773.487
11 58 -1137.34
11 59 -1448.62
11 60 -1690.89
11 61 -1853.85
11 62 -1933.51
11 63 -1931.79
11 64 -1855.73
11 65 -1716.2
11 66 -1526.72
11 67 -1301.97
11 68 -1056.78
11 69 -804.856
11 70 -558.278
11 71 -326.778
11 72 -117.777
11 73 63.8959
11 74 215.63
11 75 336.819
11 76 428.466
11 77 492.77
11 78 532.772
11 79 551.929
11 80 553.921
11 81 542.299
11 82 520.372
11 83 491.116
11 84 457.018
11 85 420.184
11 86 382.232
11 87 344.411
11 88 307.601
11 89 272.392
11 90 239.12
11 91 207.95
11 92 178.873
11 93 151.81
11 94 126.576
11 95 102.96
11 96 80.7139
11 97 59.5646
11 98 39.2516
11 99 19.4857
11 100 0

12 0 0
12 1 22.4309
12 2 45.1674
12 3 68.5103
12 4 92.7599
12 5 118.199
12 6 145.101
12 7 173.697
12 8 204.182
12 9 236.67
12 10 271.184
12 11 307.601
12 12 345.629
12 13 384.739
12 14 424.134
12 15 462.67
12 16 498.856
12 17 530.743
12 18 556.015
12 19 571.869
12 20 575.198
12 21 562.571
12 22 530.433
12 23 475.308
12 24 394.03
12 25 284.076
12 26 143.921
12 27 -26.6007
12 28 -225.961
12 29 -450.597
12 30 -694.616
12 31 -949.899
12 32 -1205.91
12 33 -1450.28
12 34 -1669.11
12 35 -1847.97
12 36 -1972.66
12 37 -2030.65
12 38 -2012.13
12 39 -1911.34
12 40 -1727.53
12 41 -1465.81
12 42 -1137.34
12 43 -759.121
12 44 -353.131
12 45 55.0686
12 46 438.252
12 47 769.748
12 48 1025.73
12 49 1187.39
12 50 1242.65
12 51 1187.39
12 52 1025.73
12 53 769.748
12 54 438.252
12 55 55.0686
12 56 -353.131
12 57 -759.121
12 58 -1137.34
12 59 -1465.81
12 60 -1727.53
12 61 -1911.34
12 62 -2012.13
12 63 -2030.65
12 64 -1972.66
12 65 -1847.97
12 66 -1669.11
12 67 -1450.28
12 68 -1205.91
12 69 -949.899
12 70 -694.616
12 71 -450.597
12 72 -225.961
12 73 -26.6007
12 74 143.921
12 75 284.076
12 76 394.03
12 77 475.308
12 78 530.433
12 79 562.571
12 80 575.198
12 81 571.869
12 82 556.015
12 83 530.743
12 84 498.856
12 85 462.67
12 86 424.134
12 87 384.739
12 88 345.629
12 89 307.601
12 90 271.184
12 91 236.67
12 92 204.182
12 93 173.697
12 94 145.101
12 95 118.199
12 96 92.7599
12 97 68.5103
12 98 45.1674
12 99 22.4309
12 100 0

13 0 0
13 1 25.7207
13 2 51.7653
13 3 78.4665
13 4 106.12
13 5 135.032
13 6 165.447
13 7 197.581
13 8 231.573
13 9 267.46
13 10 305.162
13 11 344.411
13 12 384.739
13 13 425.412
13 14 465.373
13 15 503.241
13 16 537.2
13 17 565.087
13 18 584.267
13 19 591.819
13 20 584.464
13 21 558.807
13 22 511.431
13 23 439.168
13 24 339.326
13 25 210.079
13 26 50.7087
13 27 -138.008
13 28 -353.499
13 29 -591.161
13 30 -844.28
13 31 -1103.82
13 32 -1358.93
13 33 -1596.95
13 34 -1804.32
13 35 -1967.09
13 36 -2072.17
13 37 -2108.17
13 38 -2066.75
13 39 -1943.55
13 40 -1739.25
13 41 -1459.98
13 42 -1117.69
13 43 -729.659
13 44 -317.76
13 45 92.9961
13 46 476.234
13 47 806.281
13 48 1060.33
13 49 1220.44
13 50 1275.13
13 51 1220.44
13 52 1060.33
13 53 806.281
13 54 476.234
13 55 92.9961
13 56 -317.76
13 57 -729.659
13 58 -1117.69
13 59 -1459.98
13 60 -1739.25
13 61 -1943.55
13 62 -2066.75
13 63 -2108.17
13 64 -2072.17
13 65 -1967.09
13 66 -1804.32
13 67 -1596.95
13 68 -1358.93
13 69 -1103.82
13 70 -844.28
13 71 -591.161
13 72 -353.499
13 73 -138.008
13 74 50.7087
13 75 210.079
13 76 339.326
13 77 439.168
13 78 511.431
13 79 558.807
13 80 584.464
13 81 591.819
13 82 584.267
13 83 565.087
13 84 537.2
13 85 503.241
13 86 465.373
13 87 425.412
13 88 384.739
13 89 344.411
13 90 305.162
13 91 267.46
13 92 231.573
13 93 197.581
13 94 165.447
13 95 135.032
13 96 106.12
13 97 78.4665
13 98 51.7653
13 99 25.7207
13 100 0

14 0 0
14 1 29.381
14 2 59.0964
14 3 89.4942
14 4 120.863
14 5 153.505
14 6 187.634
14 7 223.414
14 8 260.92
14 9 300.067
14 10 340.658
14 11 382.232
14 12 424.134
14 13 465.373
14 14 504.654
14 15 540.29
14 16 570.241
14 17 592.03
14 18 602.907
14 19 599.744
14 20 579.313
14 21 538.316
14 22 473.619
14 23 382.521
14 24 263.004
14 25 114.001
14 26 -64.1939
14 27 -269.792
14 28 -499.145
14 29 -746.687
14 30 -1004.75
14 31 -1263.85
14 32 -1512.69
14 33 -1738.89
14 34 -1929.26
14 35 -2070.96
14 36 -2152.04
14 37 -2162.76
14 38 -2096.36
14 39 -1950.19
14 40 -1726.25
14 41 -1431.82
14 42 -1079.37
14 43 -686.256
14 44 -273.852
14 45 133.795
14 46 511.603
14 47 835.376
14 48 1083.7
14 49 1239.86
14 50 1293.14
14 51 1239.86
14 52 1083.7
14 53 835.376
14 54 511.603
14 55 133.795
14 56 -273.852
14 57 -686.256
14 58 -1079.37
14 59 -1431.82
14 60 -1726.25
14 61 -1950.19
14 62 -2096.36
14 63 -2162.76
14 64 -2152.04
14 65 -2070.96
14 66 -1929.26
14 67 -1738.89
14 68 -1512.69
14 69 -1263.85
14 70 -1004.75
14 71 -746.687
14 72 -499.145
14 73 -269.792
14 74 -64.1939
14 75 114.001
14 76 263.004
14 77 382.521
14 78 473.619
14 79 538.316
14 80 579.313
14 81 599.744
14 82 602.907
14 83 592.03
14 84 570.241
14 85 540.29
14 86 504.654
14 87 465.373
14 88 424.134
14 89 382.232
14 90 340.658
14 91 300.067
14 92 260.92
14 93 223.414
14 94 187.634
14 95 153.505
14 96 120.863
14 97 89.4942
14 98 59.0964
14 99 29.381
14 100 0

15 0 0
15 1 33.4191
15 2 67.1706
15 3 101.601
15 4 136.976
15 5 173.575
15 6 211.552
15 7 251.006
15 8 291.899
15 9 334.022
15 10 377
15 11 420.184
15 12 462.67
15 13 503.241
15 14 540.29
15 15 571.921
15 16 595.767
15 17 609.251
15 18 609.383
15 19 593.115
15 20 557.253
15 21 498.795
15 22 415.03
15 23 303.895
15 24 164.105
15 25 -4.38481
15 26 -200.307
15 27 -420.747
15 28 -660.997
15 29 -914.53
15 30 -1173.03
15 31 -1426.5
15 32 -1663.73
15 33 -1872.61
15 34 -2040.9
15 35 -2156.89
15 36 -2210.3
15 37 -2193.1
15 38 -2100.44
15 39 -1931.34
15 40 -1689.27
15 41 -1382.44
15 42 -1023.75
15 43 -630.332
15 44 -222.724
15 45 176.35
15 46 543.565
15 47 856.518
15 48 1095.64
15 49 1245.61
15 50 1296.73
15 51 1245.61
15 52 1095.64
15 53 856.518
15 54 543.565
15 55 176.35
15 56 -222.724
15 57 -630.332
15 58 -1023.75
15 59 -1382.44
15 60 -1689.27
15 61 -1931.34
15 62 -2100.44
15 63 -2193.1
15 64 -2210.3
15 65 -2156.89
15 66 -2040.9
15 67 -1872.61
15 68 -1663.73
15 69 -1426.5
15 70 -1173.03
15 71 -914.53
15 72 -660.997
15 73 -420.747
15 74 -200.307
15 75 -4.38481
15 76 164.105
15 77 303.895
15 78 415.03
15 79 498.795
15 80 557.253
15 81 593.115
15 82 609.383
15 83 609.251
15 84 595.767
15 85 571.921
15 86 540.29
15 87 503.241
15 88 462.67
15 89 420.184
15 90 377
15 91 334.022
15 92 291.899
15 93 251.006
15 94 211.552
15 95 173.575
15 96 136.976
15 97 101.601
15 98 67.1706
15 99 33.4191
15 100 0

16 0 0
16 1 37.8295
16 2 75.9713
16 3 114.737
16 4 154.364
16 5 195.065
16 6 236.931
16 7 279.943
16 8 323.949
16 9 368.554
16 10 413.212
16 11 457.018
16 12 498.856
16 13 537.2
16 14 570.241
16 15 595.767
16 16 611.307
16 17 614.041
16 18 601.065
16 19 569.311
16 20 515.899
16 21 438.189
16 22 334.079
16 23 202.229
16 24 42.3405
16 25 -144.686
16 26 -356.411
16 27 -588.863
16 28 -836.333
16 29 -1091.48
16 30 -1345.42
16 31 -1588.01
16 32 -1808.2
16 33 -1994.64
16 34 -2136.11
16 35 -2222.49
16 36 -2245.25
16 37 -2198.37
16 38 -2078.9
16 39 -1887.63
16 40 -1629.44
16 41 -1313.37
16 42 -952.533
16 43 -563.543
16 44 -165.864
16 45 219.552
16 46 571.348
16 47 869.412
16 48 1096.11
16 49 1237.93
16 50 1286.16
16 51 1237.93
16 52 1096.11
16 53 869.412
16 54 571.348
16 55 219.552
16 56 -165.864
16 57 -563.543
16 58 -952.533
16 59 -1313.37
16 60 -1629.44
16 61 -1887.63
16 62 -2078.9
16 63 -2198.37
16 64 -2245.25
16 65 -2222.49
16 66 -2136.11
16 67 -1994.64
16 68 -1808.2
16 69 -1588.01
16 70 -1345.42
16 71 -1091.48
16 72 -836.333
16 73 -588.863
16 74 -356.411
16 75 -144.686
16 76 42.3405
16 77 202.229
16 78 334.079
16 79 438.189
16 80 515.899
16 81 569.311
16 82 601.065
16 83 614.041
16 84 611.307
16 85 595.767
16 86 570.241
16 87 537.2
16 88 498.856
16 89 457.018
16 90 413.212
16 91 368.554
16 92 323.949
16 93 279.943
16 94 236.931
16 95 195.065
16 96 154.364
16 97 114.737
16 98 75.9713
16 99 37.8295
16 100 0

17 0 0
17 1 42.5577
17 2 85.38
17 3 128.723
17 4 172.757
17 5 217.613
17 6 263.261
17 7 309.572
17 8 356.191
17 9 402.581
17 10 447.916
17 11 491.116
17 12 530.743
17 13 565.087
17 14 592.03
17 15 609.251
17 16 614.041
17 17 603.661
17 18 575.163
17 19 525.799
17 20 453.013
17 21 354.735
17 22 229.594
17 23 77.1389
17 24 -101.963
17 25 -305.665
17 26 -530.481
17 27 -771.384
17 28 -1021.77
17 29 -1273.65
17 30 -1517.8
17 31 -1744.14
17 32 -1942.16
17 33 -2101.36
17 34 -2212
17 35 -2265.59
17 36 -2255.6
17 37 -2178.07
17 38 -2032.07
17 39 -1820.11
17 40 -1548.3
17 41 -1226.45
17 42 -867.598
17 43 -487.702
17 44 -104.697
17 45 262.323
17 46 594.448
17 47 873.887
17 48 1085.45
17 49 1217.32
17 50 1262.15
17 51 1217.32
17 52 1085.45
17 53 873.887
17 54 594.448
17 55 262.323
17 56 -104.697
17 57 -487.702
17 58 -867.598
17 59 -1226.45
17 60 -1548.3
17 61 -1820.11
17 62 -2032.07
17 63 -2178.07
17 64 -2255.6
17 65 -2265.59
17 66 -2212
17 67 -2101.36
17 68 -1942.16
17 69 -1744.14
17 70 -1517.8
17 71 -1273.65
17 72 -1021.77
17 73 -771.384
17 74 -530.481
17 75 -305.665
17 76 -101.963
17 77 77.1389
17 78 229.594
17 79 354.735
17 80 453.013
17 81 525.799
17 82 575.163
17 83 603.661
17 84 614.041
17 85 609.251
17 86 592.03
17 87 565.087
17 88 530.743
17 89 491.116
17 90 447.916
17 91 402.581
17 92 356.191
17 93 309.572
17 94 263.261
17 95 217.613
17 96 172.757
17 97 128.723
17 98 85.38
17 99 42.5577
17 100 0

18 0 0
18 1 47.5168
18 2 95.2231
18 3 143.261
18 4 191.737
18 5 240.615
18 6 289.776
18 7 338.868
18 8 387.399
18 9 434.562
18 10 479.348
18 11 520.372
18 12 556.015
18 13 584.267
18 14 602.907
18 15 609.383
18 16 601.065
18 17 575.163
18 18 529.043
18 19 460.248
18 20 366.767
18 21 247.244
18 22 101.118
18 23 -71.07
18 24 -267.577
18 25 -485.29
18 26 -719.674
18 27 -964.741
18 28 -1213.21
18 29 -1456.6
18 30 -1685.65
18 31 -1890.56
18 32 -2061.58
18 33 -2189.44
18 34 -2265.9
18 35 -2284.4
18 36 -2240.48
18 37 -2132.28
18 38 -1960.8
18 39 -1730.19
18 40 -1447.76
18 41 -1123.74
18 42 -771.041
18 43 -404.568
18 44 -40.6982
18 45 303.789
18 46 612.426
18 47 870.187
18 48 1064.18
18 49 1184.7
18 50 1225.54
18 51 1184.7
18 52 1064.18
18 53 870.187
18 54 612.426
18 55 303.789
18 56 -40.6982
18 57 -404.568
18 58 -771.041
18 59 -1123.74
18 60 -1447.76
18 61 -1730.19
18 62 -1960.8
18 63 -2132.28
18 64 -2240.48
18 65 -2284.4
18 66 -2265.9
18 67 -2189.44
18 68 -2061.58
18 69 -1890.56
18 70 -1685.65
18 71 -1456.6
18 72 -1213.21
18 73 -964.741
18 74 -719.674
18 75 -485.29
18 76 -267.577
18 77 -71.07
18 78 101.118
18 79 247.244
18 80 366.767
18 81 460.248
18 82 529.043
18 83 575.163
18 84 601.065
18 85 609.383
18 86 602.907
18 87 584.267
18 88 556.015
18 89 520.372
18 90 479.348
18 91 434.562
18 92 387.399
18 93 338.868
18 94 289.776
18 95 240.615
18 96 191.737
18 97 143.261
18 98 95.2231
18 99 47.5168
18 100 0

19 0 0
19 1 52.5562
19 2 105.171
19 3 157.877
19 4 210.603
19 5 263.203
19 6 315.321
19 7 366.477
19 8 415.882
19 9 462.579
19 10 505.23
19 11 542.299
19 12 571.869
19 13 591.819
19 14 599.744
19 15 593.115
19 16 569.311
19 17 525.799
19 18 460.248
19 19 370.716
19 20 255.886
19 21 115.146
19 22 -51.0471
19 23 -241.182
19 24 -452.418
19 25 -680.618
19 26 -920.279
19 27 -1164.67
19 28 -1405.98
19 29 -1635.54
19 30 -1844.2
19 31 -2022.83
19 32 -2162.62
19 33 -2255.67
19 34 -2295.56
19 35 -2277.62
19 36 -2199.51
19 37 -2061.42
19 38 -1866.26
19 39 -1619.65
19 40 -1329.86
19 41 -1007.45
19 42 -664.872
19 43 -315.927
19 44 24.9408
19 45 343.244
19 46 625.285
19 47 858.718
19 48 1033.29
19 49 1141.23
19 50 1177.76
19 51 1141.23
19 52 1033.29
19 53 858.718
19 54 625.285
19 55 343.244
19 56 24.9408
19 57 -315.927
19 58 -664.872
19 59 -1007.45
19 60 -1329.86
19 61 -1619.65
19 62 -1866.26
19 63 -2061.42
19 64 -2199.51
19 65 -2277.62
19 66 -2295.56
19 67 -2255.67
19 68 -2162.62
19 69 -2022.83
19 70 -1844.2
19 71 -1635.54
19 72 -1405.98
19 73 -1164.67
19 74 -920.279
19 75 -680.618
19 76 -452.418
19 77 -241.182
19 78 -51.0471
19 79 115.146
19 80 255.886
19 81 370.716
19 82 460.248
19 83 525.799
19 84 569.311
19 85 593.115
19 86 599.744
19 87 591.819
19 88 571.869
19 89 542.299
19 90 505.23
19 91 462.579
19 92 415.882
19 93 366.477
19 94 315.321
19 95 263.203
19 96 210.603
19 97 157.877
19 98 105.171
19 99 52.5562
19 100 0

20 0 0
20 1 57.4394
20 2 114.776
20 3 171.841
20 4 228.421
20 5 284.113
20 6 338.416
20 7 390.55
20 8 439.558
20 9 484.178
20 10 522.897
20 11 553.921
20 12 575.198
20 13 584.464
20 14 579.313
20 15 557.253
20 16 515.899
20 17 453.013
20 18 366.767
20 19 255.886
20 20 119.755
20 21 -41.2166
20 22 -225.687
20 23 -431.034
20 24 -653.433
20 25 -887.787
20 26 -1127.83
20 27 -1366.25
20 28 -1594.95
20 29 -1805.31
20 30 -1988.66
20 31 -2136.62
20 32 -2241.62
20 33 -2297.36
20 34 -2299.13
20 35 -2244.37
20 36 -2132.73
20 37 -1966.41
20 38 -1749.98
20 39 -1490.45
20 40 -1196.8
20 41 -879.727
20 42 -551.055
20 43 -223.254
20 44 91.2164
20 45 380.371
20 46 633.258
20 47 840.39
20 48 994.052
20 49 1088.57
20 50 1120.46
20 51 1088.57
20 52 994.052
20 53 840.39
20 54 633.258
20 55 380.371
20 56 91.2164
20 57 -223.254
20 58 -551.055
20 59 -879.727
20 60 -1196.8
20 61 -1490.45
20 62 -1749.98
20 63 -1966.41
20 64 -2132.73
20 65 -2244.37
20 66 -2299.13
20 67 -2297.36
20 68 -2241.62
20 69 -2136.62
20 70 -1988.66
20 71 -1805.31
20 72 -1594.95
20 73 -1366.25
20 74 -1127.83
20 75 -887.787
20 76 -653.433
20 77 -431.034
20 78 -225.687
20 79 -41.2166
20 80 119.755
20 81 255.886
20 82 366.767
20 83 453.013
20 84 515.899
20 85 557.253
20 86 579.313
20 87 584.464
20 88 575.198
20 89 553.921
20 90 522.897
20 91 484.178
20 92 439.558
20 93 390.55
20 94 338.416
20 95 284.113
20 96 228.421
20 97 171.841
20 98 114.776
20 99 57.4394
20 100 0

21 0 0
21 1 61.875
21 2 123.418
21 3 184.255
21 4 243.912
21 5 301.785
21 6 357.089
21 7 408.834
21 8 455.79
21 9 496.483
21 10 529.183
21 11 551.929
21 12 562.571
21 13 558.807
21 14 538.316
21 15 498.795
21 16 438.189
21 17 354.735
21 18 247.244
21 19 115.146
21 20 -41.2166
21 21 -220.57
21 22 -420.502
21 23 -637.426
21 24 -866.599
21 25 -1102.12
21 26 -1337.16
21 27 -1564.03
21 28 -1774.66
21 29 -1960.72
21 30 -2114.23
21 31 -2227.86
21 32 -2295.4
21 33 -2312.14
21 34 -2275.34
21 35 -2184.28
21 36 -2040.67
21 37 -1848.44
21 38 -1613.75
21 39 -1344.66
21 40 -1050.75
21 41 -742.594
21 42 -431.265
21 43 -127.757
21 44 157.544
21 45 415.19
21 46 637.066
21 47 816.453
21 48 948.222
21 49 1028.69
21 50 1055.76
21 51 1028.69
21 52 948.222
21 53 816.453
21 54 637.066
21 55 415.19
21 56 157.544
21 57 -127.757
21 58 -431.265
21 59 -742.594
21 60 -1050.75
21 61 -1344.66
21 62 -1613.75
21 63 -1848.44
21 64 -2040.67
21 65 -2184.28
21 66 -2275.34
21 67 -2312.14
21 68 -2295.4
21 69 -2227.86
21 70 -2114.23
21 71 -1960.72
21 72 -1774.66
21 73 -1564.03
21 74 -1337.16
21 75 -1102.12
21 76 -866.599
21 77 -637.426
21 78 -420.502
21 79 -220.57
21 80 -41.2166
21 81 115.146
21 82 247.244
21 83 354.735
21 84 438.189
21 85 498.795
21 86 538.316
21 87 558.807
21 88 562.571
21 89 551.929
21 90 529.183
21 91 496.483
21 92 455.79
21 93 408.834
21 94 357.089
21 95 301.785
21 96 243.912
21 97 184.255
21 98 123.418
21 99 61.875
21 100 0

22 0 0
22 1 65.4447
22 2 130.281
22 3 193.88
22 4 255.468
22 5 314.201
22 6 368.989
22 7 418.619
22 8 461.582
22 9 496.232
22 10 520.636
22 11 532.772
22 12 530.433
22 13 511.431
22 14 473.619
22 15 415.03
22 16 334.079
22 17 229.594
22 18 101.118
22 19 -51.0471
22 20 -225.687
22 21 -420.502
22 22 -632.149
22 23 -856.156
22 24 -1086.97
22 25 -1318.14
22 26 -1542.45
22 27 -1752.2
22 28 -1939.47
22 29 -2096.59
22 30 -2216.42
22 31 -2292.84
22 32 -2321.12
22 33 -2298.28
22 34 -2223.31
22 35 -2097.47
22 36 -1924.15
22 37 -1708.97
22 38 -1459.35
22 39 -1184.29
22 40 -893.653
22 41 -597.788
22 42 -306.835
22 43 -30.2213
22 44 223.777
22 45 448.267
22 46 637.848
22 47 788.616
22 48 897.888
22 49 964.048
22 50 986.183
22 51 964.048
22 52 897.888
22 53 788.616
22 54 637.848
22 55 448.267
22 56 223.777
22 57 -30.2213
22 58 -306.835
22 59 -597.788
22 60 -893.653
22 61 -1184.29
22 62 -1459.35
22 63 -1708.97
22 64 -1924.15
22 65 -2097.47
22 66 -2223.31
22 67 -2298.28
22 68 -2321.12
22 69 -2292.84
22 70 -2216.42
22 71 -2096.59
22 72 -1939.47
22 73 -1752.2
22 74 -1542.45
22 75 -1318.14
22 76 -1086.97
22 77 -856.156
22 78 -632.149
22 79 -420.502
22 80 -225.687
22 81 -51.0471
22 82 101.118
22 83 229.594
22 84 334.079
22 85 415.03
22 86 473.619
22 87 511.431
22 88 530.433
22 89 532.772
22 90 520.636
22 91 496.232
22 92 461.582
22 93 418.619
22 94 368.989
22 95 314.201
22 96 255.468
22 97 193.88
22 98 130.281
22 99 65.4447
22 100 0

23 0 0
23 1 67.6652
23 2 134.418
23 3 199.273
23 4 261.211
23 5 319.008
23 6 371.386
23 7 416.773
23 8 453.549
23 9 479.797
23 10 493.577
23 11 492.77
23 12 475.308
23 13 439.168
23 14 382.521
23 15 303.895
23 16 202.229
23 17 77.1389
23 18 -71.07
23 19 -241.182
23 20 -431.034
23 21 -637.426
23 22 -856.156
23 23 -1081.96
23 24 -1308.78
23 25 -1529.75
23 26 -1737.58
23 27 -1924.73
23 28 -2083.84
23 29 -2207.95
23 30 -2291.06
23 31 -2328.34
23 32 -2316.59
23 33 -2254.49
23 34 -2142.77
23 35 -1984.35
23 36 -1784.31
23 37 -1549.56
23 38 -1288.65
23 39 -1011.18
23 40 -727.225
23 41 -446.654
23 42 -178.592
23 43 69.1121
23 44 290.302
23 45 480.568
23 46 637.256
23 47 759.042
23 48 845.69
23 49 897.416
23 50 914.626
23 51 897.416
23 52 845.69
23 53 759.042
23 54 637.256
23 55 480.568
23 56 290.302
23 57 69.1121
23 58 -178.592
23 59 -446.654
23 60 -727.225
23 61 -1011.18
23 62 -1288.65
23 63 -1549.56
23 64 -1784.31
23 65 -1984.35
23 66 -2142.77
23 67 -2254.49
23 68 -2316.59
23 69 -2328.34
23 70 -2291.06
23 71 -2207.95
23 72 -2083.84
23 73 -1924.73
23 74 -1737.58
23 75 -1529.75
23 76 -1308.78
23 77 -1081.96
23 78 -856.156
23 79 -637.426
23 80 -431.034
23 81 -241.182
23 82 -71.07
23 83 77.1389
23 84 202.229
23 85 303.895
23 86 382.521
23 87 439.168
23 88 475.308
23 89 492.77
23 90 493.577
23 91 479.797
23 92 453.549
23 93 416.773
23 94 371.386
23 95 319.008
23 96 261.211
23 97 199.273
23 98 134.418
23 99 67.6652
23 100 0

24 0 0
24 1 67.9684
24 2 134.656
24 3 198.776
24 4 258.903
24 5 313.598
24 6 361.19
24 7 399.994
24 8 428.085
24 9 443.551
24 10 444.336
24 11 428.466
24 12 394.03
24 13 339.326
24 14 263.004
24 15 164.105
24 16 42.3405
24 17 -101.963
24 18 -267.577
24 19 -452.418
24 20 -653.433
24 21 -866.599
24 22 -1086.97
24 23 -1308.78
24 24 -1525.56
24 25 -1730.39
24 26 -1916.11
24 27 -2075.67
24 28 -2202.36
24 29 -2290.27
24 30 -2334.53
24 31 -2331.73
24 32 -2280.18
24 33 -2180.09
24 34 -2033.82
24 35 -1845.8
24 36 -1622.42
24 37 -1371.81
24 38 -1103.29
24 39 -826.924
24 40 -552.713
24 41 -290.036
24 42 -46.8944
24 43 170.493
24 44 358.017
24 45 513.685
24 46 637.363
24 47 730.31
24 48 794.501
24 49 832.014
24 50 844.329
24 51 832.014
24 52 794.501
24 53 730.31
24 54 637.363
24 55 513.685
24 56 358.017
24 57 170.493
24 58 -46.8944
24 59 -290.036
24 60 -552.713
24 61 -826.924
24 62 -1103.29
24 63 -1371.81
24 64 -1622.42
24 65 -1845.8
24 66 -2033.82
24 67 -2180.09
24 68 -2280.18
24 69 -2331.73
24 70 -2334.53
24 71 -2290.27
24 72 -2202.36
24 73 -2075.67
24 74 -1916.11
24 75 -1730.39
24 76 -1525.56
24 77 -1308.78
24 78 -1086.97
24 79 -866.599
24 80 -653.433
24 81 -452.418
24 82 -267.577
24 83 -101.963
24 84 42.3405
24 85 164.105
24 86 263.004
24 87 339.326
24 88 394.03
24 89 428.466
24 90 444.336
24 91 443.551
24 92 428.085
24 93 399.994
24 94 361.19
24 95 313.598
24 96 258.903
24 97 198.776
24 98 134.656
24 99 67.9684
24 100 0

25 0 0
25 1 65.712
25 2 129.784
25 3 190.533
25 4 246.249
25 5 295.121
25 6 335.292
25 7 364.805
25 8 381.683
25 9 383.917
25 10 369.57
25 11 336.819
25 12 284.076
25 13 210.079
25 14 114.001
25 15 -4.38481
25 16 -144.686
25 17 -305.665
25 18 -485.29
25 19 -680.618
25 20 -887.787
25 21 -1102.12
25 22 -1318.14
25 23 -1529.75
25 24 -1730.39
25 25 -1913.28
25 26 -2071.71
25 27 -2199.25
25 28 -2290.15
25 29 -2339.53
25 30 -2343.85
25 31 -2301.03
25 32 -2210.83
25 33 -2074.9
25 34 -1896.99
25 35 -1682.8
25 36 -1439.9
25 37 -1177.2
25 38 -904.727
25 39 -632.687
25 40 -370.99
25 41 -128.278
25 42 88.504
25 43 274.764
25 44 428.348
25 45 549.573
25 46 640.698
25 47 705.346
25 48 747.621
25 49 771.256
25 50 778.828
25 51 771.256
25 52 747.621
25 53 705.346
25 54 640.698
25 55 549.573
25 56 428.348
25 57 274.764
25 58 88.504
25 59 -128.278
25 60 -370.99
25 61 -632.687
25 62 -904.727
25 63 -1177.2
25 64 -1439.9
25 65 -1682.8
25 66 -1896.99
25 67 -2074.9
25 68 -2210.83
25 69 -2301.03
25 70 -2343.85
25 71 -2339.53
25 72 -2290.15
25 73 -2199.25
25 74 -2071.71
25 75 -1913.28
25 76 -1730.39
25 77 -1529.75
25 78 -1318.14
25 79 -1102.12
25 80 -887.787
25 81 -680.618
25 82 -485.29
25 83 -305.665
25 84 -144.686
25 85 -4.38481
25 86 114.001
25 87 210.079
25 88 284.076
25 89 336.819
25 90 369.57
25 91 383.917
25 92 381.683
25 93 364.805
25 94 335.292
25 95 295.121
25 96 246.249
25 97 190.533
25 98 129.784
25 99 65.712
25 100 0

26 0 0
26 1 60.2583
26 2 118.521
26 3 172.724
26 4 220.88
26 5 260.851
26 6 290.611
26 7 308.032
26 8 311.098
26 9 297.866
26 10 266.542
26 11 215.63
26 12 143.921
26 13 50.7087
26 14 -64.1939
26 15 -200.307
26 16 -356.411
26 17 -530.481
26 18 -719.674
26 19 -920.279
26 20 -1127.83
26 21 -1337.16
26 22 -1542.45
26 23 -1737.58
26 24 -1916.11
26 25 -2071.71
26 26 -2198.26
26 27 -2290.24
26 28 -2342.84
26 29 -2352.46
26 30 -2316.73
26 31 -2234.96
26 32 -2108.15
26 33 -1939.25
26 34 -1733.17
26 35 -1496.64
26 36 -1238.06
26 37 -967.122
26 38 -694.087
26 39 -429.329
26 40 -182.375
26 41 38.7544
26 42 228.323
26 43 383.199
26 44 503.154
26 45 590.594
26 46 650.046
26 47 687.319
26 48 708.466
26 49 718.757
26 50 721.758
26 51 718.757
26 52 708.466
26 53 687.319
26 54 650.046
26 55 590.594
26 56 503.154
26 57 383.199
26 58 228.323
26 59 38.7544
26 60 -182.375
26 61 -429.329
26 62 -694.087
26 63 -967.122
26 64 -1238.06
26 65 -1496.64
26 66 -1733.17
26 67 -1939.25
26 68 -2108.15
26 69 -2234.96
26 70 -2316.73
26 71 -2352.46
26 72 -2342.84
26 73 -2290.24
26 74 -2198.26
26 75 -2071.71
26 76 -1916.11
26 77 -1737.58
26 78 -1542.45
26 79 -1337.16
26 80 -1127.83
26 81 -920.279
26 82 -719.674
26 83 -530.481
26 84 -356.411
26 85 -200.307
26 86 -64.1939
26 87 50.7087
26 88 143.921
26 89 215.63
26 90 266.542
26 91 297.866
26 92 311.098
26 93 308.032
26 94 290.611
26 95 260.851
26 96 220.88
26 97 172.724
26 98 118.521
26 99 60.2583
26 100 0

27 0 0
27 1 51.0106
27 2 99.6786
27 3 143.672
27 4 180.659
27 5 208.366
27 6 224.525
27 7 227.037
27 8 213.849
27 9 183.225
27 10 133.608
27 11 63.8959
27 12 -26.6007
27 13 -138.008
27 14 -269.792
27 15 -420.747
27 16 -588.863
27 17 -771.384
27 18 -964.741
27 19 -1164.67
27 20 -1366.25
27 21 -1564.03
27 22 -1752.2
27 23 -1924.73
27 24 -2075.67
27 25 -2199.25
27 26 -2290.24
27 27 -2343.99
27 28 -2356.96
27 29 -2326.57
27 30 -2251.78
27 31 -2132.98
27 32 -1972.41
27 33 -1773.97
27 34 -1543.54
27 35 -1288.67
27 36 -1018.39
27 37 -742.753
27 38 -472.325
27 39 -217.31
27 40 13.0843
27 41 211.625
27 42 373.603
27 43 497.389
27 44 584.487
27 45 639.264
27 46 668.294
27 47 679.39
27 48 680.42
27 49 678.018
27 50 676.695
27 51 678.018
27 52 680.42
27 53 679.39
27 54 668.294
27 55 639.264
27 56 584.487
27 57 497.389
27 58 373.603
27 59 211.625
27 60 13.0843
27 61 -217.31
27 62 -472.325
27 63 -742.753
27 64 -1018.39
27 65 -1288.67
27 66 -1543.54
27 67 -1773.97
27 68 -1972.41
27 69 -2132.98
27 70 -2251.78
27 71 -2326.57
27 72 -2356.96
27 73 -2343.99
27 74 -2290.24
27 75 -2199.25
27 76 -2075.67
27 77 -1924.73
27 78 -1752.2
27 79 -1564.03
27 80 -1366.25
27 81 -1164.67
27 82 -964.741
27 83 -771.384
27 84 -588.863
27 85 -420.747
27 86 -269.792
27 87 -138.008
27 88 -26.6007
27 89 63.8959
27 90 133.608
27 91 183.225
27 92 213.849
27 93 227.037
27 94 224.525
27 95 208.366
27 96 180.659
27 97 143.672
27 98 99.6786
27 99 51.0106
27 100 0

28 0 0
28 1 37.4649
28 2 72.3334
28 3 102.009
28 4 123.999
28 5 135.836
28 6 135.261
28 7 120.128
28 8 88.6015
28 9 39.1201
28 10 -29.4469
28 11 -117.777
28 12 -225.961
28 13 -353.499
28 14 -499.145
28 15 -660.997
28 16 -836.333
28 17 -1021.77
28 18 -1213.21
28 19 -1405.98
28 20 -1594.95
28 21 -1774.66
28 22 -1939.47
28 23 -2083.84
28 24 -2202.36
28 25 -2290.15
28 26 -2342.84
28 27 -2356.96
28 28 -2329.94
28 29 -2260.45
28 30 -2148.44
28 31 -1995.42
28 32 -1804.45
28 33 -1580.36
28 34 -1329.68
28 35 -1060.49
28 36 -782.255
28 37 -505.286
28 38 -240.151
28 39 3.04488
28 40 215.604
28 41 390.994
28 42 525.568
28 43 618.997
28 44 674.42
28 45 697.987
28 46 698.131
28 47 684.498
28 48 666.552
28 49 652.235
28 50 646.835
28 51 652.235
28 52 666.552
28 53 684.498
28 54 698.131
28 55 697.987
28 56 674.42
28 57 618.997
28 58 525.568
28 59 390.994
28 60 215.604
28 61 3.04488
28 62 -240.151
28 63 -505.286
28 64 -782.255
28 65 -1060.49
28 66 -1329.68
28 67 -1580.36
28 68 -1804.45
28 69 -1995.42
28 70 -2148.44
28 71 -2260.45
28 72 -2329.94
28 73 -2356.96
28 74 -2342.84
28 75 -2290.15
28 76 -2202.36
28 77 -2083.84
28 78 -1939.47
28 79 -1774.66
28 80 -1594.95
28 81 -1405.98
28 82 -1213.21
28 83 -1021.77
28 84 -836.333
28 85 -660.997
28 86 -499.145
28 87 -353.499
28 88 -225.961
28 89 -117.777
28 90 -29.4469
28 91 39.1201
28 92 88.6015
28 93 120.128
28 94 135.261
28 95 135.836
28 96 123.999
28 97 102.009
28 98 72.3334
28 99 37.4649
28 100 0

29 0 0
29 1 19.3463
29 2 35.936
29 3 47.039
29 4 50.0624
29 5 42.522
29 6 22.1839
29 7 -12.924
29 8 -64.4416
29 9 -133.531
29 10 -220.955
29 11 -326.778
29 12 -450.597
29 13 -591.161
29 14 -746.687
29 15 -914.53
29 16 -1091.48
29 17 -1273.65
29 18 -1456.6
29 19 -1635.54
29 20 -1805.31
29 21 -1960.72
29 22 -2096.59
29 23 -2207.95
