0 0 0
0 1 0
0 2 0
0 3 0
0 4 0
0 5 0
0 6 0
0 7 0
0 8 0
0 9 0
0 10 0
0 11 0
0 12 0
0 13 0
0 14 0
0 15 0
0 16 0
0 17 0
0 18 0
0 19 0
0 20 0
0 21 0
0 22 0
0 23 0
0 24 0
0 25 0
0 26 0
0 27 0
0 28 0
0 29 0
0 30 0
0 31 0
0 32 0
0 33 0
0 34 0
0 35 0
0 36 0
0 37 0
0 38 0
0 39 0
0 40 0
0 41 0
0 42 0
0 43 0
0 44 0
0 45 0
0 46 0
0 47 0
0 48 0
0 49 0
0 50 0
0 51 0
0 52 0
0 53 0
0 54 0
0 55 0
0 56 0
0 57 0
0 58 0
0 59 0
0 60 0
0 61 0
0 62 0
0 63 0
0 64 0
0 65 0
0 66 0
0 67 0
0 68 0
0 69 0
0 70 0
0 71 0
0 72 0
0 73 0
0 74 0
0 75 0
0 76 0
0 77 0
0 78 0
0 79 0
0 80 0
0 81 0
0 82 0
0 83 0
0 84 0
0 85 0
0 86 0
0 87 0
0 88 0
0 89 0
0 90 0
0 91 0
0 92 0
0 93 0
0 94 0
0 95 0
0 96 0
0 97 0
0 98 0
0 99 0
0 100 0

1 0 0
1 1 1.08956
1 2 2.1949
1 3 3.32428
1 4 4.5004
1 5 5.73213
1 6 7.04271
1 7 8.45081
1 8 9.97815
1 9 11.6546
1 10 13.5064
1 11 15.5695
1 12 17.8794
1 13 20.4743
1 14 23.3909
1 15 26.6668
1 16 30.3174
1 17 34.3636
1 18 38.7734
1 19 43.5074
1 20 48.4631
1 21 53.4742
1 22 58.3335
1 23 62.7025
1 24 66.2067
1 25 68.3678
1 26 68.6404
1 27 66.4706
1 28 61.3013
1 29 52.638
1 30 40.1453
1 31 23.7124
1 32 3.50035
1 33 -19.9589
1 34 -45.7752
1 35 -72.6634
1 36 -99.0413
1 37 -123.118
1 38 -143.065
1 39 -157.19
1 40 -164.188
1 41 -163.29
1 42 -154.45
1 43 -138.403
1 44 -116.676
1 45 -91.4575
1 46 -65.4074
1 47 -41.3302
1 48 -21.8859
1 49 -9.26254
1 50 -4.89272
1 51 -9.26254
1 52 -21.8859
1 53 -41.3302
1 54 -65.4074
1 55 -91.4575
1 56 -116.676
1 57 -138.403
1 58 -154.45
1 59 -163.29
1 60 -164.188
1 61 -157.19
1 62 -143.065
1 63 -123.118
1 64 -99.0413
1 65 -72.6634
1 66 -45.7752
1 67 -19.9589
1 68 3.50035
1 69 23.7124
1 70 40.1453
1 71 52.638
1 72 61.3013
1 73 66.4706
1 74 68.6404
1 75 68.3678
1 76 66.2067
1 77 62.7025
1 78 58.3335
1 79 53.4742
1 80 48.4631
1 81 43.5074
1 82 38.7734
1 83 34.3636
1 84 30.3174
1 85 26.6668
1 86 23.3909
1 87 20.4743
1 88 17.8794
1 89 15.5695
1 90 13.5064
1 91 11.6546
1 92 9.97815
1 93 8.45081
1 94 7.04271
1 95 5.73213
1 96 4.5004
1 97 3.32428
1 98 2.1949
1 99 1.08956
1 100 0

2 0 0
2 1 2.1949
2 2 4.42092
2 3 6.69532
2 4 9.06265
2 5 11.5415
2 6 14.1791
2 7 17.0124
2 8 20.0879
2 9 23.4637
2 10 27.1952
2 11 31.3519
2 12 36.005
2 13 41.2274
2 14 47.0905
2 15 53.6615
2 16 60.9762
2 17 69.0542
2 18 77.8543
2 19 87.2603
2 20 97.0848
2 21 106.991
2 22 116.52
2 23 125.051
2 24 131.787
2 25 135.782
2 26 135.999
2 27 131.302
2 28 120.62
2 29 103
2 30 77.8068
2 31 44.81
2 32 4.39905
2 33 -42.3519
2 34 -93.6554
2 35 -146.966
2 36 -199.117
2 37 -246.58
2 38 -285.766
2 39 -313.356
2 40 -326.778
2 41 -324.542
2 42 -306.606
2 43 -274.462
2 44 -231.147
2 45 -180.989
2 46 -129.252
2 47 -81.4808
2 48 -42.9342
2 49 -17.9179
2 50 -9.2618
2 51 -17.9179
2 52 -42.9342
2 53 -81.4808
2 54 -129.252
2 55 -180.989
2 56 -231.147
2 57 -274.462
2 58 -306.606
2 59 -324.542
2 60 -326.778
2 61 -313.356
2 62 -285.766
2 63 -246.58
2 64 -199.117
2 65 -146.966
2 66 -93.6554
2 67 -42.3519
2 68 4.39905
2 69 44.81
2 70 77.8068
2 71 103
2 72 120.62
2 73 131.302
2 74 135.999
2 75 135.782
2 76 131.787
2 77 125.051
2 78 116.52
2 79 106.991
2 80 97.0848
2 81 87.2603
2 82 77.8543
2 83 69.0542
2 84 60.9762
2 85 53.6615
2 86 47.0905
2 87 41.2274
2 88 36.005
2 89 31.3519
2 90 27.1952
2 91 23.4637
2 92 20.0879
2 93 17.0124
2 94 14.1791
2 95 11.5415
2 96 9.06265
2 97 6.69532
2 98 4.42092
2 99 2.1949
2 100 0

3 0 0
3 1 3.32428
3 2 6.69532
3 3 10.144
3 4 13.7333
3 5 17.4973
3 6 21.5028
3 7 25.8088
3 8 30.482
3 9 35.6108
3 10 41.2748
3 11 47.5797
3 12 54.6275
3 13 62.5276
3 14 71.3813
3 15 81.2849
3 16 92.2765
3 17 104.388
3 18 117.512
3 19 131.496
3 20 146.007
3 21 160.527
3 22 174.401
3 23 186.619
3 24 196.053
3 25 201.294
3 26 200.759
3 27 192.854
3 28 176
3 29 148.841
3 30 110.492
3 31 60.7393
3 32 0.180834
3 33 -69.5183
3 34 -145.655
3 35 -224.417
3 36 -301.161
3 37 -370.681
3 38 -427.706
3 39 -467.415
3 40 -486.119
3 41 -481.725
3 42 -454.23
3 43 -405.899
3 44 -341.256
3 45 -266.721
3 46 -190.034
3 47 -119.35
3 48 -62.3702
3 49 -25.4194
3 50 -12.6308
3 51 -25.4194
3 52 -62.3702
3 53 -119.35
3 54 -190.034
3 55 -266.721
3 56 -341.256
3 57 -405.899
3 58 -454.23
3 59 -481.725
3 60 -486.119
3 61 -467.415
3 62 -427.706
3 63 -370.681
3 64 -301.161
3 65 -224.417
3 66 -145.655
3 67 -69.5183
3 68 0.180834
3 69 60.7393
3 70 110.492
3 71 148.841
3 72 176
3 73 192.854
3 74 200.759
3 75 201.294
3 76 196.053
3 77 186.619
3 78 174.401
3 79 160.527
3 80 146.007
3 81 131.496
3 82 117.512
3 83 104.388
3 84 92.2765
3 85 81.2849
3 86 71.3813
3 87 62.5276
3 88 54.6275
3 89 47.5797
3 90 41.2748
3 91 35.6108
3 92 30.482
3 93 25.8088
3 94 21.5028
3 95 17.4973
3 96 13.7333
3 97 10.144
3 98 6.69532
3 99 3.32428
3 100 0

4 0 0
4 1 4.5004
4 2 9.06265
4 3 13.7333
4 4 18.5922
4 5 23.6908
4 6 29.1178
4 7 34.9521
4 8 41.2891
4 9 48.2409
4 10 55.9204
4 11 64.4604
4 12 73.9956
4 13 84.6606
4 14 96.5823
4 15 109.864
4 16 124.557
4 17 140.645
4 18 158.012
4 19 176.368
4 20 195.28
4 21 214.04
4 22 231.675
4 23 246.945
4 24 258.26
4 25 263.789
4 26 261.543
4 27 249.402
4 28 225.408
4 29 187.898
4 30 135.839
4 31 69.0239
4 32 -11.5619
4 33 -103.648
4 34 -203.592
4 35 -306.391
4 36 -405.935
4 37 -495.496
4 38 -568.305
4 39 -618.226
4 40 -640.581
4 41 -632.81
4 42 -595.08
4 43 -530.473
4 44 -444.954
4 45 -346.896
4 46 -246.358
4 47 -153.904
4 48 -79.5023
4 49 -31.2932
4 50 -14.6177
4 51 -31.2932
4 52 -79.5023
4 53 -153.904
4 54 -246.358
4 55 -346.896
4 56 -444.954
4 57 -530.473
4 58 -595.08
4 59 -632.81
4 60 -640.581
4 61 -618.226
4 62 -568.305
4 63 -495.496
4 64 -405.935
4 65 -306.391
4 66 -203.592
4 67 -103.648
4 68 -11.5619
4 69 69.0239
4 70 135.839
4 71 187.898
4 72 225.408
4 73 249.402
4 74 261.543
4 75 263.789
4 76 258.26
4 77 246.945
4 78 231.675
4 79 214.04
4 80 195.28
4 81 176.368
4 82 158.012
4 83 140.645
4 84 124.557
4 85 109.864
4 86 96.5823
4 87 84.6606
4 88 73.9956
4 89 64.4604
4 90 55.9204
4 91 48.2409
4 92 41.2891
4 93 34.9521
4 94 29.1178
4 95 23.6908
4 96 18.5922
4 97 13.7333
4 98 9.06265
4 99 4.5004
4 100 0

5 0 0
5 1 5.73213
5 2 11.5415
5 3 17.4973
5 4 23.6908
5 5 30.2006
5 6 37.1296
5 7 44.5845
5 8 52.6814
5 9 61.5608
5 10 71.3599
5 11 82.2424
5 12 94.3651
5 13 107.889
5 14 122.952
5 15 139.664
5 16 158.049
5 17 178.075
5 18 199.506
5 19 221.994
5 20 244.897
5 21 267.297
5 22 288.008
5 23 305.369
5 24 317.499
5 25 322.15
5 26 316.864
5 27 299.213
5 28 266.876
5 29 218
5 30 151.491
5 31 67.379
5 32 -32.9976
5 33 -146.66
5 34 -269.027
5 35 -393.911
5 36 -513.922
5 37 -620.937
5 38 -706.872
5 39 -764.504
5 40 -788.422
5 41 -775.802
5 42 -727.056
5 43 -646.12
5 44 -540.336
5 45 -419.921
5 46 -297.001
5 47 -184.313
5 48 -93.7991
5 49 -35.2293
5 50 -14.9694
5 51 -35.2293
5 52 -93.7991
5 53 -184.313
5 54 -297.001
5 55 -419.921
5 56 -540.336
5 57 -646.12
5 58 -727.056
5 59 -775.802
5 60 -788.422
5 61 -764.504
5 62 -706.872
5 63 -620.937
5 64 -513.922
5 65 -393.911
5 66 -269.027
5 67 -146.66
5 68 -32.9976
5 69 67.379
5 70 151.491
5 71 218
5 72 266.876
5 73 299.213
5 74 316.864
5 75 322.15
5 76 317.499
5 77 305.369
5 78 288.008
5 79 267.297
5 80 244.897
5 81 221.994
5 82 199.506
5 83 178.075
5 84 158.049
5 85 139.664
5 86 122.952
5 87 107.889
5 88 94.3651
5 89 82.2424
5 90 71.3599
5 91 61.5608
5 92 52.6814
5 93 44.5845
5 94 37.1296
5 95 30.2006
5 96 23.6908
5 97 17.4973
5 98 11.5415
5 99 5.73213
5 100 0

6 0 0
6 1 7.04271
6 2 14.1791
6 3 21.5028
6 4 29.1178
6 5 37.1296
6 6 45.6608
6 7 54.8397
6 8 64.8142
6 9 75.7408
6 10 87.7928
6 11 101.148
6 12 115.989
6 13 132.484
6 14 150.777
6 15 170.95
6 16 193.016
6 17 216.83
6 18 242.122
6 19 268.333
6 20 294.677
6 21 320.014
6 22 342.791
6 23 361.145
6 24 372.741
6 25 374.997
6 26 365.165
6 27 340.444
6 28 298.364
6 29 236.985
6 30 155.337
6 31 53.6861
6 32 -66.0379
6 33 -200.166
6 34 -343.14
6 35 -487.712
6 36 -625.278
6 37 -746.567
6 38 -842.437
6 39 -904.859
6 40 -927.917
6 41 -908.727
6 42 -848.115
6 43 -750.889
6 44 -625.707
6 45 -484.406
6 46 -340.943
6 47 -209.894
6 48 -104.9
6 49 -37.0497
6 50 -13.5994
6 51 -37.0497
6 52 -104.9
6 53 -209.894
6 54 -340.943
6 55 -484.406
6 56 -625.707
6 57 -750.889
6 58 -848.115
6 59 -908.727
6 60 -927.917
6 61 -904.859
6 62 -842.437
6 63 -746.567
6 64 -625.278
6 65 -487.712
6 66 -343.14
6 67 -200.166
6 68 -66.0379
6 69 53.6861
6 70 155.337
6 71 236.985
6 72 298.364
6 73 340.444
6 74 365.165
6 75 374.997
6 76 372.741
6 77 361.145
6 78 342.791
6 79 320.014
6 80 294.677
6 81 268.333
6 82 242.122
6 83 216.83
6 84 193.016
6 85 170.95
6 86 150.777
6 87 132.484
6 88 115.989
6 89 101.148
6 90 87.7928
6 91 75.7408
6 92 64.8142
6 93 54.8397
6 94 45.6608
6 95 37.1296
6 96 29.1178
6 97 21.5028
6 98 14.1791
6 99 7.04271
6 100 0

7 0 0
7 1 8.45081
7 2 17.0124
7 3 25.8088
7 4 34.9521
7 5 44.5845
7 6 54.8397
7 7 65.8789
7 8 77.8697
7 9 90.9941
7 10 105.447
7 11 121.424
7 12 139.116
7 13 158.695
7 14 180.282
7 15 203.934
7 16 229.582
7 17 257.023
7 18 285.801
7 19 315.249
7 20 344.32
7 21 371.617
7 22 395.351
7 23 413.25
7 24 422.741
7 25 420.912
7 26 404.717
7 27 371.244
7 28 317.895
7 29 242.856
7 30 145.357
7 31 26.1633
7 32 -112.243
7 33 -265.355
7 34 -426.713
7 35 -588.042
7 36 -739.766
7 37 -871.662
7 38 -973.833
7 39 -1037.74
7 40 -1057.26
7 41 -1029.69
7 42 -956.391
7 43 -843.075
7 44 -699.595
7 45 -539.226
7 46 -377.404
7 47 -230.228
7 48 -112.64
7 49 -36.7944
7 50 -10.5891
7 51 -36.7944
7 52 -112.64
7 53 -230.228
7 54 -377.404
7 55 -539.226
7 56 -699.595
7 57 -843.075
7 58 -956.391
7 59 -1029.69
7 60 -1057.26
7 61 -1037.74
7 62 -973.833
7 63 -871.662
7 64 -739.766
7 65 -588.042
7 66 -426.713
7 67 -265.355
7 68 -112.243
7 69 26.1633
7 70 145.357
7 71 242.856
7 72 317.895
7 73 371.244
7 74 404.717
7 75 420.912
7 76 422.741
7 77 413.25
7 78 395.351
7 79 371.617
7 80 344.32
7 81 315.249
7 82 285.801
7 83 257.023
7 84 229.582
7 85 203.934
7 86 180.282
7 87 158.695
7 88 139.116
7 89 121.424
7 90 105.447
7 91 90.9941
7 92 77.8697
7 93 65.8789
7 94 54.8397
7 95 44.5845
7 96 34.9521
7 97 25.8088
7 98 17.0124
7 99 8.45081
7 100 0

8 0 0
8 1 9.97815
8 2 20.0879
8 3 30.482
8 4 41.2891
8 5 52.6814
8 6 64.8142
8 7 77.8697
8 8 92.0466
8 9 107.534
8 10 124.557
8 11 143.308
8 12 163.985
8 13 186.738
8 14 211.661
8 15 238.736
8 16 267.834
8 17 298.576
8 18 330.41
8 19 362.397
8 20 393.287
8 21 421.427
8 22 444.657
8 23 460.522
8 24 466.078
8 25 458.22
8 26 433.77
8 27 389.697
8 28 323.559
8 29 233.718
8 30 119.875
8 31 -16.6963
8 32 -172.73
8 33 -342.969
8 34 -519.996
8 35 -694.715
8 36 -856.712
8 37 -995.143
8 38 -1099.63
8 39 -1161.47
8 40 -1174.66
8 41 -1136.89
8 42 -1050.2
8 43 -921.199
8 44 -760.829
8 45 -583.523
8 46 -405.89
8 47 -245.111
8 48 -117.091
8 49 -34.6723
8 50 -6.22888
8 51 -34.6723
8 52 -117.091
8 53 -245.111
8 54 -405.89
8 55 -583.523
8 56 -760.829
8 57 -921.199
8 58 -1050.2
8 59 -1136.89
8 60 -1174.66
8 61 -1161.47
8 62 -1099.63
8 63 -995.143
8 64 -856.712
8 65 -694.715
8 66 -519.996
8 67 -342.969
8 68 -172.73
8 69 -16.6963
8 70 119.875
8 71 233.718
8 72 323.559
8 73 389.697
8 74 433.77
8 75 458.22
8 76 466.078
8 77 460.522
8 78 444.657
8 79 421.427
8 80 393.287
8 81 362.397
8 82 330.41
8 83 298.576
8 84 267.834
8 85 238.736
8 86 211.661
8 87 186.738
8 88 163.985
8 89 143.308
8 90 124.557
8 91 107.534
8 92 92.0466
8 93 77.8697
8 94 64.8142
8 95 52.6814
8 96 41.2891
8 97 30.482
8 98 20.0879
8 99 9.97815
8 100 0

9 0 0
9 1 11.6546
9 2 23.4637
9 3 35.6108
9 4 48.2409
9 5 61.5608
9 6 75.7408
9 7 90.9941
9 8 107.534
9 9 125.57
9 10 145.334
9 11 167.018
9 12 190.802
9 13 216.803
9 14 245.045
9 15 275.443
9 16 307.705
9 17 341.351
9 18 375.567
9 19 409.245
9 20 440.841
9 21 468.407
9 22 489.559
9 23 501.497
9 24 501.126
9 25 485.169
9 26 450.401
9 27 393.932
9 28 313.491
9 29 207.943
9 30 77.4624
9 31 -75.9084
9 32 -248.181
9 33 -433.183
9 34 -622.754
9 35 -807.013
9 36 -975.022
9 37 -1115.55
9 38 -1218.16
9 39 -1274.29
9 40 -1278.34
9 41 -1228.65
9 42 -1128.06
9 43 -984.059
9 44 -808.521
9 45 -616.757
9 46 -426.16
9 47 -254.604
9 48 -118.505
9 49 -31.0928
9 50 -0.95226
9 51 -31.0928
9 52 -118.505
9 53 -254.604
9 54 -426.16
9 55 -616.757
9 56 -808.521
9 57 -984.059
9 58 -1128.06
9 59 -1228.65
9 60 -1278.34
9 61 -1274.29
9 62 -1218.16
9 63 -1115.55
9 64 -975.022
9 65 -807.013
9 66 -622.754
9 67 -433.183
9 68 -248.181
9 69 -75.9084
9 70 77.4624
9 71 207.943
9 72 313.491
9 73 393.932
9 74 450.401
9 75 485.169
9 76 501.126
9 77 501.497
9 78 489.559
9 79 468.407
9 80 440.841
9 81 409.245
9 82 375.567
9 83 341.351
9 84 307.705
9 85 275.443
9 86 245.045
9 87 216.803
9 88 190.802
9 89 167.018
9 90 145.334
9 91 125.57
9 92 107.534
9 93 90.9941
9 94 75.7408
9 95 61.5608
9 96 48.2409
9 97 35.6108
9 98 23.4637
9 99 11.6546
9 100 0

10 0 0
10 1 13.5064
10 2 27.1952
10 3 41.2748
10 4 55.9204
10 5 71.3599
10 6 87.7928
10 7 105.447
10 8 124.557
10 9 145.334
10 10 168.014
10 11 192.765
10 12 219.738
10 13 248.987
10 14 280.46
10 15 313.931
10 16 348.994
10 17 384.921
10 18 420.735
10 19 455.014
10 20 485.964
10 21 511.374
10 22 528.55
10 23 534.543
10 24 526.072
10 25 499.855
10 26 452.762
10 27 382.112
10 28 286.133
10 29 164.14
10 30 17.145
10 31 -152.092
10 32 -338.659
10 33 -535.664
10 34 -734.123
10 35 -923.707
10 36 -1093.12
10 37 -1231.16
10 38 -1327.57
10 39 -1374.35
10 40 -1366.59
10 41 -1303.5
10 42 -1188.78
10 43 -1030.79
10 44 -842.137
10 45 -638.707
10 46 -438.294
10 47 -259.003
10 48 -117.368
10 49 -26.6406
10 50 4.59889
10 51 -26.6406
10 52 -117.368
10 53 -259.003
10 54 -438.294
10 55 -638.707
10 56 -842.137
10 57 -1030.79
10 58 -1188.78
10 59 -1303.5
10 60 -1366.59
10 61 -1374.35
10 62 -1327.57
10 63 -1231.16
10 64 -1093.12
10 65 -923.707
10 66 -734.123
10 67 -535.664
10 68 -338.659
10 69 -152.092
10 70 17.145
10 71 164.14
10 72 286.133
10 73 382.112
10 74 452.762
10 75 499.855
10 76 526.072
10 77 534.543
10 78 528.55
10 79 511.374
10 80 485.964
10 81 455.014
10 82 420.735
10 83 384.921
10 84 348.994
10 85 313.931
10 86 280.46
10 87 248.987
10 88 219.738
10 89 192.765
10 90 168.014
10 91 145.334
10 92 124.557
10 93 105.447
10 94 87.7928
10 95 71.3599
10 96 55.9204
10 97 41.2748
10 98 27.1952
10 99 13.5064
10 100 0

11 0 0
11 1 15.5695
11 2 31.3519
11 3 47.5797
11 4 64.4604
11 5 82.2424
11 6 101.148
11 7 121.424
11 8 143.308
11 9 167.018
11 10 192.765
11 11 220.692
11 12 250.886
11 13 283.323
11 14 317.819
11 15 354.024
11 16 391.294
11 17 428.744
11 18 465.074
11 19 498.646
11 20 527.372
11 21 548.758
11 22 559.94
11 23 557.776
11 24 538.972
11 25 500.32
11 26 438.94
11 27 352.594
11 28 240.005
11 29 101.36
11 30 -61.637
11 31 -245.228
11 32 -443.732
11 33 -649.374
11 34 -852.738
11 35 -1043.06
11 36 -1209.09
11 37 -1339.88
11 38 -1425.87
11 39 -1459.81
11 40 -1437.84
11 41 -1360.16
11 42 -1231.45
11 43 -1060.84
11 44 -861.463
11 45 -649.449
11 46 -442.605
11 47 -258.82
11 48 -114.315
11 49 -22.0189
11 50 9.71419
11 51 -22.0189
11 52 -114.315
11 53 -258.82
11 54 -442.605
11 55 -649.449
11 56 -861.463
11 57 -1060.84
11 58 -1231.45
11 59 -1360.16
11 60 -1437.84
11 61 -1459.81
11 62 -1425.87
11 63 -1339.88
11 64 -1209.09
11 65 -1043.06
11 66 -852.738
11 67 -649.374
11 68 -443.732
11 69 -245.228
11 70 -61.637
11 71 101.36
11 72 240.005
11 73 352.594
11 74 438.94
11 75 500.32
11 76 538.972
11 77 557.776
11 78 559.94
11 79 548.758
11 80 527.372
11 81 498.646
11 82 465.074
11 83 428.744
11 84 391.294
11 85 354.024
11 86 317.819
11 87 283.323
11 88 250.886
11 89 220.692
11 90 192.765
11 91 167.018
11 92 143.308
11 93 121.424
11 94 101.148
11 95 82.2424
11 96 64.4604
11 97 47.5797
11 98 31.3519
11 99 15.5695
11 100 0

12 0 0
12 1 17.8794
12 2 36.005
12 3 54.6275
12 4 73.9956
12 5 94.3651
12 6 115.989
12 7 139.116
12 8 163.985
12 9 190.802
12 10 219.738
12 11 250.886
12 12 284.25
12 13 319.68
12 14 356.869
12 15 395.24
12 16 433.99
12 17 471.912
12 18 507.506
12 19 538.806
12 20 563.481
12 21 578.814
12 22 581.776
12 23 569.162
12 24 537.774
12 25 484.62
12 26 407.219
12 27 303.896
12 28 174.194
12 29 19.0102
12 30 -158.837
12 31 -354.791
12 32 -562.219
12 33 -772.799
12 34 -976.583
12 35 -1162.85
12 36 -1320.58
12 37 -1439.51
12 38 -1510.96
12 39 -1528.9
12 40 -1490.66
12 41 -1397.66
12 42 -1255.51
12 43 -1074.03
12 44 -866.637
12 45 -649.392
12 46 -439.684
12 47 -254.756
12 48 -110.12
12 49 -18.0516
12 50 13.5434
12 51 -18.0516
12 52 -110.12
12 53 -254.756
12 54 -439.684
12 55 -649.392
12 56 -866.637
12 57 -1074.03
12 58 -1255.51
12 59 -1397.66
12 60 -1490.66
12 61 -1528.9
12 62 -1510.96
12 63 -1439.51
12 64 -1320.58
12 65 -1162.85
12 66 -976.583
12 67 -772.799
12 68 -562.219
12 69 -354.791
12 70 -158.837
12 71 19.0102
12 72 174.194
12 73 303.896
12 74 407.219
12 75 484.62
12 76 537.774
12 77 569.162
12 78 581.776
12 79 578.814
12 80 563.481
12 81 538.806
12 82 507.506
12 83 471.912
12 84 433.99
12 85 395.24
12 86 356.869
12 87 319.68
12 88 284.25
12 89 250.886
12 90 219.738
12 91 190.802
12 92 163.985
12 93 139.116
12 94 115.989
12 95 94.3651
12 96 73.9956
12 97 54.6275
12 98 36.005
12 99 17.8794
12 100 0

13 0 0
13 1 20.4743
13 2 41.2274
13 3 62.5276
13 4 84.6606
13 5 107.889
13 6 132.484
13 7 158.695
13 8 186.738
13 9 216.803
13 10 248.987
13 11 283.323
13 12 319.68
13 13 357.791
13 14 397.129
13 15 436.956
13 16 476.148
13 17 513.32
13 18 546.608
13 19 573.842
13 20 592.432
13 21 599.489
13 22 591.914
13 23 566.566
13 24 520.421
13 25 450.892
13 26 356.048
13 27 234.976
13 28 88.0067
13 29 -82.8217
13 30 -273.876
13 31 -479.509
13 32 -692.43
13 33 -903.656
13 34 -1103.21
13 35 -1280.44
13 36 -1425.02
13 37 -1527.58
13 38 -1580.78
13 39 -1579.95
13 40 -1523.91
13 41 -1415.29
13 42 -1260.71
13 43 -1070.5
13 44 -858.109
13 45 -639.182
13 46 -430.295
13 47 -247.654
13 48 -105.632
13 49 -15.5883
13 50 15.2648
13 51 -15.5883
13 52 -105.632
13 53 -247.654
13 54 -430.295
13 55 -639.182
13 56 -858.109
13 57 -1070.5
13 58 -1260.71
13 59 -1415.29
13 60 -1523.91
13 61 -1579.95
13 62 -1580.78
13 63 -1527.58
13 64 -1425.02
13 65 -1280.44
13 66 -1103.21
13 67 -903.656
13 68 -692.43
13 69 -479.509
13 70 -273.876
13 71 -82.8217
13 72 88.0067
13 73 234.976
13 74 356.048
13 75 450.892
13 76 520.421
13 77 566.566
13 78 591.914
13 79 599.489
13 80 592.432
13 81 573.842
13 82 546.608
13 83 513.32
13 84 476.148
13 85 436.956
13 86 397.129
13 87 357.791
13 88 319.68
13 89 283.323
13 90 248.987
13 91 216.803
13 92 186.738
13 93 158.695
13 94 132.484
13 95 107.889
13 96 84.6606
13 97 62.5276
13 98 41.2274
13 99 20.4743
13 100 0

14 0 0
14 1 23.3909
14 2 47.0905
14 3 71.3813
14 4 96.5823
14 5 122.952
14 6 150.777
14 7 180.282
14 8 211.661
14 9 245.045
14 10 280.46
14 11 317.819
14 12 356.869
14 13 397.129
14 14 437.92
14 15 478.176
14 16 516.615
14 17 551.46
14 18 580.682
14 19 601.805
14 20 612.091
14 21 608.542
14 22 588.118
14 23 547.789
14 24 484.953
14 25 397.505
14 26 284.239
14 27 145.115
14 28 -18.4825
14 29 -203.594
14 30 -405.408
14 31 -617.529
14 32 -831.885
14 33 -1039.26
14 34 -1229.61
14 35 -1392.88
14 36 -1519.57
14 37 -1601.66
14 38 -1633.31
14 39 -1611.52
14 40 -1536.69
14 41 -1412.73
14 42 -1247.19
14 43 -1050.74
14 44 -836.628
14 45 -619.691
14 46 -415.384
14 47 -238.403
14 48 -101.737
14 49 -15.435
14 50 14.0446
14 51 -15.435
14 52 -101.737
14 53 -238.403
14 54 -415.384
14 55 -619.691
14 56 -836.628
14 57 -1050.74
14 58 -1247.19
14 59 -1412.73
14 60 -1536.69
14 61 -1611.52
14 62 -1633.31
14 63 -1601.66
14 64 -1519.57
14 65 -1392.88
14 66 -1229.61
14 67 -1039.26
14 68 -831.885
14 69 -617.529
14 70 -405.408
14 71 -203.594
14 72 -18.4825
14 73 145.115
14 74 284.239
14 75 397.505
14 76 484.953
14 77 547.789
14 78 588.118
14 79 608.542
14 80 612.091
14 81 601.805
14 82 580.682
14 83 551.46
14 84 516.615
14 85 478.176
14 86 437.92
14 87 397.129
14 88 356.869
14 89 317.819
14 90 280.46
14 91 245.045
14 92 211.661
14 93 180.282
14 94 150.777
14 95 122.952
14 96 96.5823
14 97 71.3813
14 98 47.0905
14 99 23.3909
14 100 0

15 0 0
15 1 26.6668
15 2 53.6615
15 3 81.2849
15 4 109.864
15 5 139.664
15 6 170.95
15 7 203.934
15 8 238.736
15 9 275.443
15 10 313.931
15 11 354.024
15 12 395.24
15 13 436.956
15 14 478.176
15 15 517.671
15 16 553.779
15 17 584.567
15 18 607.672
15 19 620.486
15 20 620.135
15 21 603.64
15 22 568.074
15 23 510.784
15 24 429.601
15 25 323.14
15 26 191.054
15 27 34.289
15 28 -144.732
15 29 -341.885
15 30 -551.49
15 31 -766.237
15 32 -977.635
15 33 -1176.26
15 34 -1352.47
15 35 -1496.91
15 36 -1601.36
15 37 -1659.32
15 38 -1666.72
15 39 -1622.42
15 40 -1528.41
15 41 -1389.98
15 42 -1215.4
15 43 -1015.57
15 44 -803.159
15 45 -592.011
15 46 -395.933
15 47 -227.959
15 48 -99.2099
15 49 -18.3791
15 50 9.20029
15 51 -18.3791
15 52 -99.2099
15 53 -227.959
15 54 -395.933
15 55 -592.011
15 56 -803.159
15 57 -1015.57
15 58 -1215.4
15 59 -1389.98
15 60 -1528.41
15 61 -1622.42
15 62 -1666.72
15 63 -1659.32
15 64 -1601.36
15 65 -1496.91
15 66 -1352.47
15 67 -1176.26
15 68 -977.635
15 69 -766.237
15 70 -551.49
15 71 -341.885
15 72 -144.732
15 73 34.289
15 74 191.054
15 75 323.14
15 76 429.601
15 77 510.784
15 78 568.074
15 79 603.64
15 80 620.135
15 81 620.486
15 82 607.672
15 83 584.567
15 84 553.779
15 85 517.671
15 86 478.176
15 87 436.956
15 88 395.24
15 89 354.024
15 90 313.931
15 91 275.443
15 92 238.736
15 93 203.934
15 94 170.95
15 95 139.664
15 96 109.864
15 97 81.2849
15 98 53.6615
15 99 26.6668
15 100 0

16 0 0
16 1 30.3174
16 2 60.9762
16 3 92.2765
16 4 124.557
16 5 158.049
16 6 193.016
16 7 229.582
16 8 267.834
16 9 307.705
16 10 348.994
16 11 391.294
16 12 433.99
16 13 476.148
16 14 516.615
16 15 553.779
16 16 585.835
16 17 610.494
16 18 625.284
16 19 627.438
16 20 614.071
16 21 582.338
16 22 529.603
16 23 453.639
16 24 352.96
16 25 226.993
16 26 76.331
16 27 -96.9556
16 28 -289.355
16 29 -495.697
16 30 -709.35
16 31 -922.42
16 32 -1126.04
16 33 -1310.96
16 34 -1468.11
16 35 -1589.21
16 36 -1667.49
16 37 -1698.25
16 38 -1679.42
16 39 -1611.72
16 40 -1498.88
16 41 -1347.35
16 42 -1166.13
16 43 -965.977
16 44 -758.882
16 45 -557.193
16 46 -372.995
16 47 -217.126
16 48 -98.8045
16 49 -24.9108
16 50 0.184627
16 51 -24.9108
16 52 -98.8045
16 53 -217.126
16 54 -372.995
16 55 -557.193
16 56 -758.882
16 57 -965.977
16 58 -1166.13
16 59 -1347.35
16 60 -1498.88
16 61 -1611.72
16 62 -1679.42
16 63 -1698.25
16 64 -1667.49
16 65 -1589.21
16 66 -1468.11
16 67 -1310.96
16 68 -1126.04
16 69 -922.42
16 70 -709.35
16 71 -495.697
16 72 -289.355
16 73 -96.9556
16 74 76.331
16 75 226.993
16 76 352.96
16 77 453.639
16 78 529.603
16 79 582.338
16 80 614.071
16 81 627.438
16 82 625.284
16 83 610.494
16 84 585.835
16 85 553.779
16 86 516.615
16 87 476.148
16 88 433.99
16 89 391.294
16 90 348.994
16 91 307.705
16 92 267.834
16 93 229.582
16 94 193.016
16 95 158.049
16 96 124.557
16 97 92.2765
16 98 60.9762
16 99 30.3174
16 100 0

17 0 0
17 1 34.3636
17 2 69.0542
17 3 104.388
17 4 140.645
17 5 178.075
17 6 216.83
17 7 257.023
17 8 298.576
17 9 341.351
17 10 384.921
17 11 428.744
17 12 471.912
17 13 513.32
17 14 551.46
17 15 584.567
17 16 610.494
17 17 626.842
17 18 630.971
17 19 620.08
17 20 591.427
17 21 542.374
17 22 470.73
17 23 374.887
17 24 254.133
17 25 108.817
17 26 -59.3478
17 27 -247.251
17 28 -450.216
17 29 -662.133
17 30 -875.593
17 31 -1082.2
17 32 -1273.08
17 33 -1439.32
17 34 -1572.72
17 35 -1666.35
17 36 -1715.15
17 37 -1716.42
17 38 -1670.08
17 39 -1578.9
17 40 -1448.18
17 41 -1285.54
17 42 -1100.37
17 43 -903.23
17 44 -705.01
17 45 -516.468
17 46 -347.462
17 47 -206.64
17 48 -100.914
17 49 -35.4413
17 50 -13.2558
17 51 -35.4413
17 52 -100.914
17 53 -206.64
17 54 -347.462
17 55 -516.468
17 56 -705.01
17 57 -903.23
17 58 -1100.37
17 59 -1285.54
17 60 -1448.18
17 61 -1578.9
17 62 -1670.08
17 63 -1716.42
17 64 -1715.15
17 65 -1666.35
17 66 -1572.72
17 67 -1439.32
17 68 -1273.08
17 69 -1082.2
17 70 -875.593
17 71 -662.133
17 72 -450.216
17 73 -247.251
17 74 -59.3478
17 75 108.817
17 76 254.133
17 77 374.887
17 78 470.73
17 79 542.374
17 80 591.427
17 81 620.08
17 82 630.971
17 83 626.842
17 84 610.494
17 85 584.567
17 86 551.46
17 87 513.32
17 88 471.912
17 89 428.744
17 90 384.921
17 91 341.351
17 92 298.576
17 93 257.023
17 94 216.83
17 95 178.075
17 96 140.645
17 97 104.388
17 98 69.0542
17 99 34.3636
17 100 0

18 0 0
18 1 38.7734
18 2 77.8543
18 3 117.512
18 4 158.012
18 5 199.506
18 6 242.122
18 7 285.801
18 8 330.41
18 9 375.567
18 10 420.735
18 11 465.074
18 12 507.506
18 13 546.608
18 14 580.682
18 15 607.672
18 16 625.284
18 17 630.971
18 18 622.04
18 19 595.839
18 20 549.767
18 21 481.671
18 22 389.873
18 23 273.543
18 24 132.846
18 25 -30.7972
18 26 -214.627
18 27 -414.37
18 28 -624.361
18 29 -837.59
18 30 -1046.08
18 31 -1241.22
18 32 -1414.26
18 33 -1557.03
18 34 -1662.41
18 35 -1725.05
18 36 -1741.77
18 37 -1711.99
18 38 -1637.75
18 39 -1523.71
18 40 -1376.73
18 41 -1205.4
18 42 -1019.36
18 43 -828.6
18 44 -642.801
18 45 -470.776
18 46 -320.119
18 47 -196.92
18 48 -105.799
18 49 -49.8949
18 50 -31.0688
18 51 -49.8949
18 52 -105.799
18 53 -196.92
18 54 -320.119
18 55 -470.776
18 56 -642.801
18 57 -828.6
18 58 -1019.36
18 59 -1205.4
18 60 -1376.73
18 61 -1523.71
18 62 -1637.75
18 63 -1711.99
18 64 -1741.77
18 65 -1725.05
18 66 -1662.41
18 67 -1557.03
18 68 -1414.26
18 69 -1241.22
18 70 -1046.08
18 71 -837.59
18 72 -624.361
18 73 -414.37
18 74 -214.627
18 75 -30.7972
18 76 132.846
18 77 273.543
18 78 389.873
18 79 481.671
18 80 549.767
18 81 595.839
18 82 622.04
18 83 630.971
18 84 625.284
18 85 607.672
18 86 580.682
18 87 546.608
18 88 507.506
18 89 465.074
18 90 420.735
18 91 375.567
18 92 330.41
18 93 285.801
18 94 242.122
18 95 199.506
18 96 158.012
18 97 117.512
18 98 77.8543
18 99 38.7734
18 100 0

19 0 0
19 1 43.5074
19 2 87.2603
19 3 131.496
19 4 176.368
19 5 221.994
19 6 268.333
19 7 315.249
19 8 362.397
19 9 409.245
19 10 455.014
19 11 498.646
19 12 538.806
19 13 573.842
19 14 601.805
19 15 620.486
19 16 627.438
19 17 620.08
19 18 595.839
19 19 552.188
19 20 487.011
19 21 398.597
19 22 286.035
19 23 149.343
19 24 -10.3134
19 25 -190.452
19 26 -387.19
19 27 -595.223
19 28 -807.947
19 29 -1017.7
19 30 -1216.12
19 31 -1394.59
19 32 -1544.91
19 33 -1659.71
19 34 -1733.34
19 35 -1762.15
19 36 -1745.05
19 37 -1683.51
19 38 -1581.77
19 39 -1446.24
19 40 -1285.22
19 41 -1108.02
19 42 -924.326
19 43 -743.367
19 44 -573.352
19 45 -421.007
19 46 -291.416
19 47 -188.099
19 48 -113.207
19 49 -67.9265
19 50 -52.7776
19 51 -67.9265
19 52 -113.207
19 53 -188.099
19 54 -291.416
19 55 -421.007
19 56 -573.352
19 57 -743.367
19 58 -924.326
19 59 -1108.02
19 60 -1285.22
19 61 -1446.24
19 62 -1581.77
19 63 -1683.51
19 64 -1745.05
19 65 -1762.15
19 66 -1733.34
19 67 -1659.71
19 68 -1544.91
19 69 -1394.59
19 70 -1216.12
19 71 -1017.7
19 72 -807.947
19 73 -595.223
19 74 -387.19
19 75 -190.452
19 76 -10.3134
19 77 149.343
19 78 286.035
19 79 398.597
19 80 487.011
19 81 552.188
19 82 595.839
19 83 620.08
19 84 627.438
19 85 620.486
19 86 601.805
19 87 573.842
19 88 538.806
19 89 498.646
19 90 455.014
19 91 409.245
19 92 362.397
19 93 315.249
19 94 268.333
19 95 221.994
19 96 176.368
19 97 131.496
19 98 87.2603
19 99 43.5074
19 100 0

20 0 0
20 1 48.4631
20 2 97.0848
20 3 146.007
20 4 195.28
20 5 244.897
20 6 294.677
20 7 344.32
20 8 393.287
20 9 440.841
20 10 485.964
20 11 527.372
20 12 563.481
20 13 592.432
20 14 612.091
20 15 620.135
20 16 614.071
20 17 591.427
20 18 549.767
20 19 487.011
20 20 401.466
20 21 292.152
20 22 158.981
20 23 2.90002
20 24 -173.847
20 25 -367.724
20 26 -573.762
20 27 -785.775
20 28 -996.361
20 29 -1197.43
20 30 -1380.47
20 31 -1537.22
20 32 -1660.08
20 33 -1743.03
20 34 -1781.83
20 35 -1774.83
20 36 -1722.94
20 37 -1629.9
20 38 -1501.82
20 39 -1346.87
20 40 -1174.49
20 41 -994.552
20 42 -816.523
20 43 -648.673
20 44 -497.557
20 45 -367.647
20 46 -261.478
20 47 -179.861
20 48 -122.538
20 49 -88.6477
20 50 -77.4683
20 51 -88.6477
20 52 -122.538
20 53 -179.861
20 54 -261.478
20 55 -367.647
20 56 -497.557
20 57 -648.673
20 58 -816.523
20 59 -994.552
20 60 -1174.49
20 61 -1346.87
20 62 -1501.82
20 63 -1629.9
20 64 -1722.94
20 65 -1774.83
20 66 -1781.83
20 67 -1743.03
20 68 -1660.08
20 69 -1537.22
20 70 -1380.47
20 71 -1197.43
20 72 -996.361
20 73 -785.775
20 74 -573.762
20 75 -367.724
20 76 -173.847
20 77 2.90002
20 78 158.981
20 79 292.152
20 80 401.466
20 81 487.011
20 82 549.767
20 83 591.427
20 84 614.071
20 85 620.135
20 86 612.091
20 87 592.432
20 88 563.481
20 89 527.372
20 90 485.964
20 91 440.841
20 92 393.287
20 93 344.32
20 94 294.677
20 95 244.897
20 96 195.28
20 97 146.007
20 98 97.0848
20 99 48.4631
20 100 0

21 0 0
21 1 53.4742
21 2 106.991
21 3 160.527
21 4 214.04
21 5 267.297
21 6 320.014
21 7 371.617
21 8 421.427
21 9 468.407
21 10 511.374
21 11 548.758
21 12 578.814
21 13 599.489
21 14 608.542
21 15 603.64
21 16 582.338
21 17 542.374
21 18 481.671
21 19 398.597
21 20 292.152
21 21 162.14
21 22 9.36716
21 23 -164.154
21 24 -355.188
21 25 -559.111
21 26 -770.091
21 27 -981.075
21 28 -1184.21
21 29 -1371.15
21 30 -1533.55
21 31 -1663.65
21 32 -1754.98
21 33 -1802.71
21 34 -1804.49
21 35 -1760.52
21 36 -1673.9
21 37 -1550.33
21 38 -1397.87
21 39 -1226.11
21 40 -1045.46
21 41 -866.095
21 42 -697.045
21 43 -545.423
21 44 -415.95
21 45 -310.826
21 46 -229.935
21 47 -171.467
21 48 -132.646
21 49 -110.73
21 50 -103.662
21 51 -110.73
21 52 -132.646
21 53 -171.467
21 54 -229.935
21 55 -310.826
21 56 -415.95
21 57 -545.423
21 58 -697.045
21 59 -866.095
21 60 -1045.46
21 61 -1226.11
21 62 -1397.87
21 63 -1550.33
21 64 -1673.9
21 65 -1760.52
21 66 -1804.49
21 67 -1802.71
21 68 -1754.98
21 69 -1663.65
21 70 -1533.55
21 71 -1371.15
21 72 -1184.21
21 73 -981.075
21 74 -770.091
21 75 -559.111
21 76 -355.188
21 77 -164.154
21 78 9.36716
21 79 162.14
21 80 292.152
21 81 398.597
21 82 481.671
21 83 542.374
21 84 582.338
21 85 603.64
21 86 608.542
21 87 599.489
21 88 578.814
21 89 548.758
21 90 511.374
21 91 468.407
21 92 421.427
21 93 371.617
21 94 320.014
21 95 267.297
21 96 214.04
21 97 160.527
21 98 106.991
21 99 53.4742
21 100 0

22 0 0
22 1 58.3335
22 2 116.52
22 3 174.401
22 4 231.675
22 5 288.008
22 6 342.791
22 7 395.351
22 8 444.657
22 9 489.559
22 10 528.55
22 11 559.94
22 12 581.776
22 13 591.914
22 14 588.118
22 15 568.074
22 16 529.603
22 17 470.73
22 18 389.873
22 19 286.035
22 20 158.981
22 21 9.36716
22 22 -160.959
22 23 -349.053
22 24 -550.602
22 25 -760.117
22 26 -970.905
22 27 -1175.44
22 28 -1365.5
22 29 -1532.82
22 30 -1669.5
22 31 -1768.6
22 32 -1824.79
22 33 -1834.88
22 34 -1798.25
22 35 -1717.15
22 36 -1596.64
22 37 -1444.4
22 38 -1270.12
22 39 -1084.65
22 40 -899.093
22 41 -723.652
22 42 -566.734
22 43 -434.141
22 44 -328.705
22 45 -250.214
22 46 -196.001
22 47 -161.586
22 48 -141.912
22 49 -132.276
22 50 -129.474
22 51 -132.276
22 52 -141.912
22 53 -161.586
22 54 -196.001
22 55 -250.214
22 56 -328.705
22 57 -434.141
22 58 -566.734
22 59 -723.652
22 60 -899.093
22 61 -1084.65
22 62 -1270.12
22 63 -1444.4
22 64 -1596.64
22 65 -1717.15
22 66 -1798.25
22 67 -1834.88
22 68 -1824.79
22 69 -1768.6
22 70 -1669.5
22 71 -1532.82
22 72 -1365.5
22 73 -1175.44
22 74 -970.905
22 75 -760.117
22 76 -550.602
22 77 -349.053
22 78 -160.959
22 79 9.36716
22 80 158.981
22 81 286.035
22 82 389.873
22 83 470.73
22 84 529.603
22 85 568.074
22 86 588.118
22 87 591.914
22 88 581.776
22 89 559.94
22 90 528.55
22 91 489.559
22 92 444.657
22 93 395.351
22 94 342.791
22 95 288.008
22 96 231.675
22 97 174.401
22 98 116.52
22 99 58.3335
22 100 0

23 0 0
23 1 62.7025
23 2 125.051
23 3 186.619
23 4 246.945
23 5 305.369
23 6 361.145
23 7 413.25
23 8 460.522
23 9 501.497
23 10 534.543
23 11 557.776
23 12 569.162
23 13 566.566
23 14 547.789
23 15 510.784
23 16 453.639
23 17 374.887
23 18 273.543
23 19 149.343
23 20 2.90002
23 21 -164.154
23 22 -349.053
23 23 -547.815
23 24 -755.269
23 25 -965.111
23 26 -1170.13
23 27 -1362.38
23 28 -1533.72
23 29 -1676.16
23 30 -1782.47
23 31 -1846.78
23 32 -1865.12
23 33 -1835.94
23 34 -1760.53
23 35 -1642.98
23 36 -1490.33
23 37 -1311.95
23 38 -1118.97
23 39 -923.201
23 40 -736.201
23 41 -567.988
23 42 -426.154
23 43 -315.032
23 44 -235.483
23 45 -184.987
23 46 -158.316
23 47 -148.51
23 48 -148.204
23 49 -150.974
23 50 -152.418
23 51 -150.974
23 52 -148.204
23 53 -148.51
23 54 -158.316
23 55 -184.987
23 56 -235.483
23 57 -315.032
23 58 -426.154
23 59 -567.988
23 60 -736.201
23 61 -923.201
23 62 -1118.97
23 63 -1311.95
23 64 -1490.33
23 65 -1642.98
23 66 -1760.53
23 67 -1835.94
23 68 -1865.12
23 69 -1846.78
23 70 -1782.47
23 71 -1676.16
23 72 -1533.72
23 73 -1362.38
23 74 -1170.13
23 75 -965.111
23 76 -755.269
23 77 -547.815
23 78 -349.053
23 79 -164.154
23 80 2.90002
23 81 149.343
23 82 273.543
23 83 374.887
23 84 453.639
23 85 510.784
23 86 547.789
23 87 566.566
23 88 569.162
23 89 557.776
23 90 534.543
23 91 501.497
23 92 460.522
23 93 413.25
23 94 361.145
23 95 305.369
23 96 246.945
23 97 186.619
23 98 125.051
23 99 62.7025
23 100 0

24 0 0
24 1 66.2067
24 2 131.787
24 3 196.053
24 4 258.26
24 5 317.499
24 6 372.741
24 7 422.741
24 8 466.078
24 9 501.126
24 10 526.072
24 11 538.972
24 12 537.774
24 13 520.421
24 14 484.953
24 15 429.601
24 16 352.96
24 17 254.133
24 18 132.846
24 19 -10.3134
24 20 -173.847
24 21 -355.188
24 22 -550.602
24 23 -755.269
24 24 -963.234
24 25 -1167.65
24 26 -1360.9
24 27 -1535.07
24 28 -1682.17
24 29 -1794.85
24 30 -1866.77
24 31 -1893.3
24 32 -1871.96
24 33 -1802.92
24 34 -1689.19
24 35 -1536.85
24 36 -1354.5
24 37 -1153.11
24 38 -944.905
24 39 -742.497
24 40 -557.516
24 41 -399.65
24 42 -275.46
24 43 -187.818
24 44 -135.554
24 45 -113.88
24 46 -115.128
24 47 -129.986
24 48 -148.992
24 49 -164.05
24 50 -169.715
24 51 -164.05
24 52 -148.992
24 53 -129.986
24 54 -115.128
24 55 -113.88
24 56 -135.554
24 57 -187.818
24 58 -275.46
24 59 -399.65
24 60 -557.516
24 61 -742.497
24 62 -944.905
24 63 -1153.11
24 64 -1354.5
24 65 -1536.85
24 66 -1689.19
24 67 -1802.92
24 68 -1871.96
24 69 -1893.3
24 70 -1866.77
24 71 -1794.85
24 72 -1682.17
24 73 -1535.07
24 74 -1360.9
24 75 -1167.65
24 76 -963.234
24 77 -755.269
24 78 -550.602
24 79 -355.188
24 80 -173.847
24 81 -10.3134
24 82 132.846
24 83 254.133
24 84 352.96
24 85 429.601
24 86 484.953
24 87 520.421
24 88 537.774
24 89 538.972
24 90 526.072
24 91 501.126
24 92 466.078
24 93 422.741
24 94 372.741
24 95 317.499
24 96 258.26
24 97 196.053
24 98 131.787
24 99 66.2067
24 100 0

25 0 0
25 1 68.3678
25 2 135.782
25 3 201.294
25 4 263.789
25 5 322.15
25 6 374.997
25 7 420.912
25 8 458.22
25 9 485.169
25 10 499.855
25 11 500.32
25 12 484.62
25 13 450.892
25 14 397.505
25 15 323.14
25 16 226.993
25 17 108.817
25 18 -30.7972
25 19 -190.452
25 20 -367.724
25 21 -559.111
25 22 -760.117
25 23 -965.111
25 24 -1167.65
25 25 -1360.48
25 26 -1535.97
25 27 -1686.3
25 28 -1804.11
25 29 -1882.76
25 30 -1917.11
25 31 -1903.79
25 32 -1841.93
25 33 -1733.35
25 34 -1582.85
25 35 -1398.01
25 36 -1189.13
25 37 -968.276
25 38 -748.643
25 39 -543.195
25 40 -363.606
25 41 -218.9
25 42 -114.583
25 43 -51.9043
25 44 -27.7951
25 45 -35.2595
25 46 -64.3375
25 47 -103.541
25 48 -141.467
25 49 -168.53
25 50 -178.293
25 51 -168.53
25 52 -141.467
25 53 -103.541
25 54 -64.3375
25 55 -35.2595
25 56 -27.7951
25 57 -51.9043
25 58 -114.583
25 59 -218.9
25 60 -363.606
25 61 -543.195
25 62 -748.643
25 63 -968.276
25 64 -1189.13
25 65 -1398.01
25 66 -1582.85
25 67 -1733.35
25 68 -1841.93
25 69 -1903.79
25 70 -1917.11
25 71 -1882.76
25 72 -1804.11
25 73 -1686.3
25 74 -1535.97
25 75 -1360.48
25 76 -1167.65
25 77 -965.111
25 78 -760.117
25 79 -559.111
25 80 -367.724
25 81 -190.452
25 82 -30.7972
25 83 108.817
25 84 226.993
25 85 323.14
25 86 397.505
25 87 450.892
25 88 484.62
25 89 500.32
25 90 499.855
25 91 485.169
25 92 458.22
25 93 420.912
25 94 374.997
25 95 322.15
25 96 263.789
25 97 201.294
25 98 135.782
25 99 68.3678
25 100 0

26 0 0
26 1 68.6404
26 2 135.999
26 3 200.759
26 4 261.543
26 5 316.864
26 6 365.165
26 7 404.717
26 8 433.77
26 9 450.401
26 10 452.762
26 11 438.94
26 12 407.219
26 13 356.048
26 14 284.239
26 15 191.054
26 16 76.331
26 17 -59.3478
26 18 -214.627
26 19 -387.19
26 20 -573.762
26 21 -770.091
26 22 -970.905
26 23 -1170.13
26 24 -1360.9
26 25 -1535.97
26 26 -1687.76
26 27 -1809.06
26 28 -1893.09
26 29 -1934.35
26 30 -1928.82
26 31 -1874.66
26 32 -1772.46
26 33 -1625.67
26 34 -1440.62
26 35 -1226.47
26 36 -994.608
26 37 -758.198
26 38 -530.951
26 39 -326.104
26 40 -154.968
26 41 -25.9057
26 42 56.8114
26 43 93.4892
26 44 89.0856
26 45 52.6604
26 46 -3.73365
26 47 -66.5944
26 48 -122.816
26 49 -161.402
26 50 -175.118
26 51 -161.402
26 52 -122.816
26 53 -66.5944
26 54 -3.73365
26 55 52.6604
26 56 89.0856
26 57 93.4892
26 58 56.8114
26 59 -25.9057
26 60 -154.968
26 61 -326.104
26 62 -530.951
26 63 -758.198
26 64 -994.608
26 65 -1226.47
26 66 -1440.62
26 67 -1625.67
26 68 -1772.46
26 69 -1874.66
26 70 -1928.82
26 71 -1934.35
26 72 -1893.09
26 73 -1809.06
26 74 -1687.76
26 75 -1535.97
26 76 -1360.9
26 77 -1170.13
26 78 -970.905
26 79 -770.091
26 80 -573.762
26 81 -387.19
26 82 -214.627
26 83 -59.3478
26 84 76.331
26 85 191.054
26 86 284.239
26 87 356.048
26 88 407.219
26 89 438.94
26 90 452.762
26 91 450.401
26 92 433.77
26 93 404.717
26 94 365.165
26 95 316.864
26 96 261.543
26 97 200.759
26 98 135.999
26 99 68.6404
26 100 0

27 0 0
27 1 66.4706
27 2 131.302
27 3 192.854
27 4 249.402
27 5 299.213
27 6 340.444
27 7 371.244
27 8 389.697
27 9 393.932
27 10 382.112
27 11 352.594
27 12 303.896
27 13 234.976
27 14 145.115
27 15 34.289
27 16 -96.9556
27 17 -247.251
27 18 -414.37
27 19 -595.223
27 20 -785.775
27 21 -981.075
27 22 -1175.44
27 23 -1362.38
27 24 -1535.07
27 25 -1686.3
27 26 -1809.06
27 27 -1896.67
27 28 -1943.41
27 29 -1944.82
27 30 -1898.28
27 31 -1803.27
27 32 -1661.93
27 33 -1479.16
27 34 -1262.66
27 35 -1022.78
27 36 -771.968
27 37 -523.996
27 38 -292.997
27 39 -92.1034
27 40 67.7609
27 41 179.146
27 42 238.983
27 43 249.141
27 44 216.336
27 45 151.538
27 46 68.7315
27 47 -16.8288
27 48 -90.4566
27 49 -139.999
27 50 -157.433
27 51 -139.999
27 52 -90.4566
27 53 -16.8288
27 54 68.7315
27 55 151.538
27 56 216.336
27 57 249.141
27 58 238.983
27 59 179.146
27 60 67.7609
27 61 -92.1034
27 62 -292.997
27 63 -523.996
27 64 -771.968
27 65 -1022.78
27 66 -1262.66
27 67 -1479.16
27 68 -1661.93
27 69 -1803.27
27 70 -1898.28
27 71 -1944.82
27 72 -1943.41
27 73 -1896.67
27 74 -1809.06
27 75 -1686.3
27 76 -1535.07
27 77 -1362.38
27 78 -1175.44
27 79 -981.075
27 80 -785.775
27 81 -595.223
27 82 -414.37
27 83 -247.251
27 84 -96.9556
27 85 34.289
27 86 145.115
27 87 234.976
27 88 303.896
27 89 352.594
27 90 382.112
27 91 393.932
27 92 389.697
27 93 371.244
27 94 340.444
27 95 299.213
27 96 249.402
27 97 192.854
27 98 131.302
27 99 66.4706
27 100 0

28 0 0
28 1 61.3013
28 2 120.62
28 3 176
28 4 225.408
28 5 266.876
28 6 298.364
28 7 317.895
28 8 323.559
28 9 313.491
28 10 286.133
28 11 240.005
28 12 174.194
28 13 88.0067
28 14 -18.4825
28 15 -144.732
28 16 -289.355
28 17 -450.216
28 18 -624.361
28 19 -807.947
28 20 -996.361
28 21 -1184.21
28 22 -1365.5
28 23 -1533.72
28 24 -1682.17
28 25 -1804.11
28 26 -1893.09
28 27 -1943.41
28 28 -1950.32
28 29 -1910.66
28 30 -1823
28 31 -1688.32
28 32 -1510.02
28 33 -1294.31
28 34 -1050.03
28 35 -788.518
28 36 -522.907
28 37 -267.483
28 38 -36.3901
28 39 157.413
28 40 303.646
28 41 395.72
28 42 431.875
28 43 415.422
28 44 354.747
28 45 262.542
28 46 154.512
28 47 47.4883
28 48 -42.5268
28 49 -102.333
28 50 -123.274
28 51 -102.333
28 52 -42.5268
28 53 47.4883
28 54 154.512
28 55 262.542
28 56 354.747
28 57 415.422
28 58 431.875
28 59 395.72
28 60 303.646
28 61 157.413
28 62 -36.3901
28 63 -267.483
28 64 -522.907
28 65 -788.518
28 66 -1050.03
28 67 -1294.31
28 68 -1510.02
28 69 -1688.32
28 70 -1823
28 71 -1910.66
28 72 -1950.32
28 73 -1943.41
28 74 -1893.09
28 75 -1804.11
28 76 -1682.17
28 77 -1533.72
28 78 -1365.5
28 79 -1184.21
28 80 -996.361
28 81 -807.947
28 82 -624.361
28 83 -450.216
28 84 -289.355
28 85 -144.732
28 86 -18.4825
28 87 88.0067
28 88 174.194
28 89 240.005
28 90 286.133
28 91 313.491
28 92 323.559
28 93 317.895
28 94 298.364
28 95 266.876
28 96 225.408
28 97 176
28 98 120.62
28 99 61.3013
28 100 0

29 0 0
29 1 52.638
29 2 103
29 3 148.841
29 4 187.898
29 5 218
29 6 236.985
29 7 242.856
29 8 233.718
29 9 207.943
29 10 164.14
29 11 101.36
29 12 19.0102
29 13 -82.8217
29 14 -203.594
29 15 -341.885
29 16 -495.697
