0 0 0
0 1 0
0 2 0
0 3 0
0 4 0
0 5 0
0 6 0
0 7 0
0 8 0
0 9 0
0 10 0
0 11 0
0 12 0
0 13 0
0 14 0
0 15 0
0 16 0
0 17 0
0 18 0
0 19 0
0 20 0
0 21 0
0 22 0
0 23 0
0 24 0
0 25 0
0 26 0
0 27 0
0 28 0
0 29 0
0 30 0
0 31 0
0 32 0
0 33 0
0 34 0
0 35 0
0 36 0
0 37 0
0 38 0
0 39 0
0 40 0
0 41 0
0 42 0
0 43 0
0 44 0
0 45 0
0 46 0
0 47 0
0 48 0
0 49 0
0 50 0
0 51 0
0 52 0
0 53 0
0 54 0
0 55 0
0 56 0
0 57 0
0 58 0
0 59 0
0 60 0
0 61 0
0 62 0
0 63 0
0 64 0
0 65 0
0 66 0
0 67 0
0 68 0
0 69 0
0 70 0
0 71 0
0 72 0
0 73 0
0 74 0
0 75 0
0 76 0
0 77 0
0 78 0
0 79 0
0 80 0
0 81 0
0 82 0
0 83 0
0 84 0
0 85 0
0 86 0
0 87 0
0 88 0
0 89 0
0 90 0
0 91 0
0 92 0
0 93 0
0 94 0
0 95 0
0 96 0
0 97 0
0 98 0
0 99 0
0 100 0

1 0 0
1 1 0.99443
1 2 1.99732
1 3 3.0282
1 4 4.08877
1 5 5.2043
1 6 6.38169
1 7 7.64242
1 8 9.00965
1 9 10.4976
1 10 12.1461
1 11 13.9708
1 12 16.0168
1 13 18.3149
1 14 20.902
1 15 23.8223
1 16 27.1015
1 17 30.7693
1 18 34.8345
1 19 39.2784
1 20 44.0533
1 21 49.0702
1 22 54.1589
1 23 59.115
1 24 63.6299
1 25 67.3265
1 26 69.7769
1 27 70.4687
1 28 68.8899
1 29 64.5256
1 30 56.9679
1 31 45.9216
1 32 31.3119
1 33 13.3177
1 34 -7.56542
1 35 -30.5496
1 36 -54.5262
1 37 -78.1792
1 38 -100.075
1 39 -118.797
1 40 -133.12
1 41 -142.175
1 42 -145.568
1 43 -143.476
1 44 -136.672
1 45 -126.433
1 46 -114.425
1 47 -102.497
1 48 -92.4466
1 49 -85.7555
1 50 -83.4124
1 51 -85.7555
1 52 -92.4466
1 53 -102.497
1 54 -114.425
1 55 -126.433
1 56 -136.672
1 57 -143.476
1 58 -145.568
1 59 -142.175
1 60 -133.12
1 61 -118.797
1 62 -100.075
1 63 -78.1792
1 64 -54.5262
1 65 -30.5496
1 66 -7.56542
1 67 13.3177
1 68 31.3119
1 69 45.9216
1 70 56.9679
1 71 64.5256
1 72 68.8899
1 73 70.4687
1 74 69.7769
1 75 67.3265
1 76 63.6299
1 77 59.115
1 78 54.1589
1 79 49.0702
1 80 44.0533
1 81 39.2784
1 82 34.8345
1 83 30.7693
1 84 27.1015
1 85 23.8223
1 86 20.902
1 87 18.3149
1 88 16.0168
1 89 13.9708
1 90 12.1461
1 91 10.4976
1 92 9.00965
1 93 7.64242
1 94 6.38169
1 95 5.2043
1 96 4.08877
1 97 3.0282
1 98 1.99732
1 99 0.99443
1 100 0

2 0 0
2 1 1.99732
2 2 4.01328
2 3 6.08607
2 4 8.22186
2 5 10.469
2 6 12.8422
2 7 15.3843
2 8 18.1387
2 9 21.1381
2 10 24.457
2 11 28.1327
2 12 32.2513
2 13 36.8763
2 14 42.0793
2 15 47.9488
2 16 54.5227
2 17 61.8748
2 18 69.9895
2 19 78.85
2 20 88.3489
2 21 98.276
2 22 108.341
2 23 118.077
2 24 126.879
2 25 134.024
2 26 138.61
2 27 139.655
2 28 136.154
2 29 127.107
2 30 111.693
2 31 89.395
2 32 60.0714
2 33 24.0974
2 34 -17.5289
2 35 -63.1952
2 36 -110.709
2 37 -157.47
2 38 -200.648
2 39 -237.448
2 40 -265.477
2 41 -283.056
2 42 -289.429
2 43 -284.964
2 44 -271.204
2 45 -250.71
2 46 -226.784
2 47 -203.074
2 48 -183.109
2 49 -169.82
2 50 -165.163
2 51 -169.82
2 52 -183.109
2 53 -203.074
2 54 -226.784
2 55 -250.71
2 56 -271.204
2 57 -284.964
2 58 -289.429
2 59 -283.056
2 60 -265.477
2 61 -237.448
2 62 -200.648
2 63 -157.47
2 64 -110.709
2 65 -63.1952
2 66 -17.5289
2 67 24.0974
2 68 60.0714
2 69 89.395
2 70 111.693
2 71 127.107
2 72 136.154
2 73 139.655
2 74 138.61
2 75 134.024
2 76 126.879
2 77 118.077
2 78 108.341
2 79 98.276
2 80 88.3489
2 81 78.85
2 82 69.9895
2 83 61.8748
2 84 54.5227
2 85 47.9488
2 86 42.0793
2 87 36.8763
2 88 32.2513
2 89 28.1327
2 90 24.457
2 91 21.1381
2 92 18.1387
2 93 15.3843
2 94 12.8422
2 95 10.469
2 96 8.22186
2 97 6.08607
2 98 4.01328
2 99 1.99732
2 100 0

3 0 0
3 1 3.0282
3 2 6.08607
3 3 9.22537
3 4 12.4638
3 5 15.8666
3 6 19.4646
3 7 23.3192
3 8 27.4984
3 9 32.054
3 10 37.0931
3 11 42.6757
3 12 48.9244
3 13 55.9327
3 14 63.8076
3 15 72.6649
3 16 82.5787
3 17 93.6135
3 18 105.78
3 19 118.999
3 20 133.1
3 21 147.787
3 22 162.534
3 23 176.7
3 24 189.359
3 25 199.384
3 26 205.512
3 27 206.261
3 28 200.161
3 29 185.773
3 30 161.973
3 31 127.998
3 32 83.739
3 33 29.8287
3 34 -32.1923
3 35 -99.9339
3 36 -170.122
3 37 -238.907
3 38 -302.138
3 39 -355.758
3 40 -396.299
3 41 -421.34
3 42 -429.86
3 43 -422.479
3 44 -401.525
3 45 -370.772
3 46 -335.092
3 47 -299.855
3 48 -270.261
3 49 -250.597
3 50 -243.717
3 51 -250.597
3 52 -270.261
3 53 -299.855
3 54 -335.092
3 55 -370.772
3 56 -401.525
3 57 -422.479
3 58 -429.86
3 59 -421.34
3 60 -396.299
3 61 -355.758
3 62 -302.138
3 63 -238.907
3 64 -170.122
3 65 -99.9339
3 66 -32.1923
3 67 29.8287
3 68 83.739
3 69 127.998
3 70 161.973
3 71 185.773
3 72 200.161
3 73 206.261
3 74 205.512
3 75 199.384
3 76 189.359
3 77 176.7
3 78 162.534
3 79 147.787
3 80 133.1
3 81 118.999
3 82 105.78
3 83 93.6135
3 84 82.5787
3 85 72.6649
3 86 63.8076
3 87 55.9327
3 88 48.9244
3 89 42.6757
3 90 37.0931
3 91 32.054
3 92 27.4984
3 93 23.3192
3 94 19.4646
3 95 15.8666
3 96 12.4638
3 97 9.22537
3 98 6.08607
3 99 3.0282
3 100 0

4 0 0
4 1 4.08877
4 2 8.22186
4 3 12.4638
4 4 16.8489
4 5 21.4561
4 6 26.3332
4 7 31.5616
4 8 37.2265
4 9 43.4086
4 10 50.2357
4 11 57.8033
4 12 66.2604
4 13 75.7349
4 14 86.3594
4 15 98.2809
4 16 111.568
4 17 126.318
4 18 142.476
4 19 159.951
4 20 178.48
4 21 197.591
4 22 216.657
4 23 234.704
4 24 250.528
4 25 262.683
4 26 269.424
4 27 268.896
4 28 259.212
4 29 238.581
4 30 205.574
4 31 159.381
4 32 99.9431
4 33 28.2123
4 34 -53.7147
4 35 -142.586
4 36 -234.122
4 37 -323.312
4 38 -404.794
4 39 -473.37
4 40 -524.657
4 41 -555.656
4 42 -565.167
4 43 -554.111
4 44 -525.588
4 45 -484.588
4 46 -437.456
4 47 -391.148
4 48 -352.348
4 49 -326.607
4 50 -317.598
4 51 -326.607
4 52 -352.348
4 53 -391.148
4 54 -437.456
4 55 -484.588
4 56 -525.588
4 57 -554.111
4 58 -565.167
4 59 -555.656
4 60 -524.657
4 61 -473.37
4 62 -404.794
4 63 -323.312
4 64 -234.122
4 65 -142.586
4 66 -53.7147
4 67 28.2123
4 68 99.9431
4 69 159.381
4 70 205.574
4 71 238.581
4 72 259.212
4 73 268.896
4 74 269.424
4 75 262.683
4 76 250.528
4 77 234.704
4 78 216.657
4 79 197.591
4 80 178.48
4 81 159.951
4 82 142.476
4 83 126.318
4 84 111.568
4 85 98.2809
4 86 86.3594
4 87 75.7349
4 88 66.2604
4 89 57.8033
4 90 50.2357
4 91 43.4086
4 92 37.2265
4 93 31.5616
4 94 26.3332
4 95 21.4561
4 96 16.8489
4 97 12.4638
4 98 8.22186
4 99 4.08877
4 100 0

5 0 0
5 1 5.2043
5 2 10.469
5 3 15.8666
5 4 21.4561
5 5 27.3233
5 6 33.5442
5 7 40.2149
5 8 47.4456
5 9 55.3436
5 10 64.0578
5 11 73.7168
5 12 84.4913
5 13 96.5357
5 14 110.01
5 15 125.058
5 16 141.783
5 17 160.218
5 18 180.325
5 19 201.894
5 20 224.558
5 21 247.737
5 22 270.5
5 23 291.706
5 24 309.813
5 25 322.981
5 26 329.176
5 27 326.119
5 28 311.59
5 29 283.524
5 30 240.382
5 31 181.28
5 32 106.392
5 33 17.0649
5 34 -83.975
5 35 -192.694
5 36 -303.821
5 37 -411.276
5 38 -508.64
5 39 -589.782
5 40 -649.581
5 41 -684.602
5 42 -693.63
5 43 -677.975
5 44 -641.528
5 45 -590.373
5 46 -532.207
5 47 -475.398
5 48 -427.991
5 49 -396.613
5 50 -385.65
5 51 -396.613
5 52 -427.991
5 53 -475.398
5 54 -532.207
5 55 -590.373
5 56 -641.528
5 57 -677.975
5 58 -693.63
5 59 -684.602
5 60 -649.581
5 61 -589.782
5 62 -508.64
5 63 -411.276
5 64 -303.821
5 65 -192.694
5 66 -83.975
5 67 17.0649
5 68 106.392
5 69 181.28
5 70 240.382
5 71 283.524
5 72 311.59
5 73 326.119
5 74 329.176
5 75 322.981
5 76 309.813
5 77 291.706
5 78 270.5
5 79 247.737
5 80 224.558
5 81 201.894
5 82 180.325
5 83 160.218
5 84 141.783
5 85 125.058
5 86 110.01
5 87 96.5357
5 88 84.4913
5 89 73.7168
5 90 64.0578
5 91 55.3436
5 92 47.4456
5 93 40.2149
5 94 33.5442
5 95 27.3233
5 96 21.4561
5 97 15.8666
5 98 10.469
5 99 5.2043
5 100 0

6 0 0
6 1 6.38169
6 2 12.8422
6 3 19.4646
6 4 26.3332
6 5 33.5442
6 6 41.1979
6 7 49.4117
6 8 58.3115
6 9 68.042
6 10 78.76
6 11 90.6369
6 12 103.853
6 13 118.59
6 14 135.016
6 15 153.282
6 16 173.457
6 17 195.573
6 18 219.478
6 19 244.905
6 20 271.344
6 21 297.977
6 22 323.751
6 23 347.151
6 24 366.376
6 25 379.293
6 26 383.456
6 27 376.358
6 28 355.49
6 29 318.672
6 30 264.269
6 31 191.598
6 32 101.078
6 33 -5.42849
6 34 -124.566
6 35 -251.448
6 36 -379.941
6 37 -503.026
6 38 -613.41
6 39 -704.233
6 40 -769.875
6 41 -806.691
6 42 -813.58
6 43 -792.324
6 44 -747.573
6 45 -686.465
6 46 -617.864
6 47 -551.364
6 48 -496.099
6 49 -459.62
6 50 -446.88
6 51 -459.62
6 52 -496.099
6 53 -551.364
6 54 -617.864
6 55 -686.465
6 56 -747.573
6 57 -792.324
6 58 -813.58
6 59 -806.691
6 60 -769.875
6 61 -704.233
6 62 -613.41
6 63 -503.026
6 64 -379.941
6 65 -251.448
6 66 -124.566
6 67 -5.42849
6 68 101.078
6 69 191.598
6 70 264.269
6 71 318.672
6 72 355.49
6 73 376.358
6 74 383.456
6 75 379.293
6 76 366.376
6 77 347.151
6 78 323.751
6 79 297.977
6 80 271.344
6 81 244.905
6 82 219.478
6 83 195.573
6 84 173.457
6 85 153.282
6 86 135.016
6 87 118.59
6 88 103.853
6 89 90.6369
6 90 78.76
6 91 68.042
6 92 58.3115
6 93 49.4117
6 94 41.1979
6 95 33.5442
6 96 26.3332
6 97 19.4646
6 98 12.8422
6 99 6.38169
6 100 0

7 0 0
7 1 7.64242
7 2 15.3843
7 3 23.3192
7 4 31.5616
7 5 40.2149
7 6 49.4117
7 7 59.2833
7 8 69.982
7 9 81.6781
7 10 94.5452
7 11 108.784
7 12 124.586
7 13 142.144
7 14 161.635
7 15 183.166
7 16 206.821
7 17 232.501
7 18 260.033
7 19 288.971
7 20 318.636
7 21 348.065
7 22 375.852
7 23 400.305
7 24 419.29
7 25 430.348
7 26 430.831
7 27 417.951
7 28 389.099
7 29 342.043
7 30 275.308
7 31 188.403
7 32 82.2326
7 33 -40.8092
7 34 -176.638
7 35 -319.624
7 36 -462.806
7 37 -598.418
7 38 -718.5
7 39 -815.734
7 40 -884.245
7 41 -920.392
7 42 -923.368
7 43 -895.497
7 44 -842.189
7 45 -771.49
7 46 -693.258
7 47 -618.047
7 48 -555.868
7 49 -514.942
7 50 -500.674
7 51 -514.942
7 52 -555.868
7 53 -618.047
7 54 -693.258
7 55 -771.49
7 56 -842.189
7 57 -895.497
7 58 -923.368
7 59 -920.392
7 60 -884.245
7 61 -815.734
7 62 -718.5
7 63 -598.418
7 64 -462.806
7 65 -319.624
7 66 -176.638
7 67 -40.8092
7 68 82.2326
7 69 188.403
7 70 275.308
7 71 342.043
7 72 389.099
7 73 417.951
7 74 430.831
7 75 430.348
7 76 419.29
7 77 400.305
7 78 375.852
7 79 348.065
7 80 318.636
7 81 288.971
7 82 260.033
7 83 232.501
7 84 206.821
7 85 183.166
7 86 161.635
7 87 142.144
7 88 124.586
7 89 108.784
7 90 94.5452
7 91 81.6781
7 92 69.982
7 93 59.2833
7 94 49.4117
7 95 40.2149
7 96 31.5616
7 97 23.3192
7 98 15.3843
7 99 7.64242
7 100 0

8 0 0
8 1 9.00965
8 2 18.1387
8 3 27.4984
8 4 37.2265
8 5 47.4456
8 6 58.3115
8 7 69.982
8 8 82.6258
8 9 96.4466
8 10 111.624
8 11 128.389
8 12 146.928
8 13 167.44
8 14 190.077
8 15 214.927
8 16 241.982
8 17 271.101
8 18 301.933
8 19 333.911
8 20 366.159
8 21 397.421
8 22 426.127
8 23 450.217
8 24 467.334
8 25 474.786
8 26 469.668
8 27 449.153
8 28 410.544
8 29 351.805
8 30 271.647
8 31 170.061
8 32 48.4212
8 33 -90.1561
8 34 -240.927
8 35 -397.492
8 36 -552.266
8 37 -696.872
8 38 -822.97
8 39 -923.037
8 40 -991.23
8 41 -1024.14
8 42 -1021.42
8 43 -986.015
8 44 -924.052
8 45 -844.347
8 46 -757.505
8 47 -674.797
8 48 -606.813
8 49 -562.232
8 50 -546.71
8 51 -562.232
8 52 -606.813
8 53 -674.797
8 54 -757.505
8 55 -844.347
8 56 -924.052
8 57 -986.015
8 58 -1021.42
8 59 -1024.14
8 60 -991.23
8 61 -923.037
8 62 -822.97
8 63 -696.872
8 64 -552.266
8 65 -397.492
8 66 -240.927
8 67 -90.1561
8 68 48.4212
8 69 170.061
8 70 271.647
8 71 351.805
8 72 410.544
8 73 449.153
8 74 469.668
8 75 474.786
8 76 467.334
8 77 450.217
8 78 426.127
8 79 397.421
8 80 366.159
8 81 333.911
8 82 301.933
8 83 271.101
8 84 241.982
8 85 214.927
8 86 190.077
8 87 167.44
8 88 146.928
8 89 128.389
8 90 111.624
8 91 96.4466
8 92 82.6258
8 93 69.982
8 94 58.3115
8 95 47.4456
8 96 37.2265
8 97 27.4984
8 98 18.1387
8 99 9.00965
8 100 0

9 0 0
9 1 10.4976
9 2 21.1381
9 3 32.054
9 4 43.4086
9 5 55.3436
9 6 68.042
9 7 81.6781
9 8 96.4466
9 9 112.566
9 10 130.233
9 11 149.685
9 12 171.108
9 13 194.682
9 14 220.535
9 15 248.666
9 16 279.027
9 17 311.29
9 18 345.013
9 19 379.393
9 20 413.32
9 21 445.349
9 22 473.552
9 23 495.691
9 24 509.128
9 25 510.979
9 26 498.276
9 27 468.116
9 28 418.026
9 29 346.162
9 30 251.733
9 31 135.203
9 32 -1.31356
9 33 -154.09
9 34 -317.592
9 35 -484.827
9 36 -647.643
9 37 -797.376
9 38 -925.504
9 39 -1024.64
9 40 -1089.22
9 41 -1116.35
9 42 -1106.27
9 43 -1062.59
9 44 -992.085
9 45 -904.201
9 46 -810.051
9 47 -721.298
9 48 -648.809
9 49 -601.446
9 50 -584.982
9 51 -601.446
9 52 -648.809
9 53 -721.298
9 54 -810.051
9 55 -904.201
9 56 -992.085
9 57 -1062.59
9 58 -1106.27
9 59 -1116.35
9 60 -1089.22
9 61 -1024.64
9 62 -925.504
9 63 -797.376
9 64 -647.643
9 65 -484.827
9 66 -317.592
9 67 -154.09
9 68 -1.31356
9 69 135.203
9 70 251.733
9 71 346.162
9 72 418.026
9 73 468.116
9 74 498.276
9 75 510.979
9 76 509.128
9 77 495.691
9 78 473.552
9 79 445.349
9 80 413.32
9 81 379.393
9 82 345.013
9 83 311.29
9 84 279.027
9 85 248.666
9 86 220.535
9 87 194.682
9 88 171.108
9 89 149.685
9 90 130.233
9 91 112.566
9 92 96.4466
9 93 81.6781
9 94 68.042
9 95 55.3436
9 96 43.4086
9 97 32.054
9 98 21.1381
9 99 10.4976
9 100 0

10 0 0
10 1 12.1461
10 2 24.457
10 3 37.0931
10 4 50.2357
10 5 64.0578
10 6 78.76
10 7 94.5452
10 8 111.624
10 9 130.233
10 10 150.575
10 11 172.884
10 12 197.327
10 13 224.053
10 14 253.112
10 15 284.451
10 16 317.85
10 17 352.894
10 18 388.89
10 19 424.847
10 20 459.414
10 21 490.829
10 22 516.967
10 23 535.302
10 24 543.038
10 25 537.187
10 26 514.752
10 27 473.04
10 28 409.746
10 29 323.585
10 30 214.236
10 31 82.929
10 32 -67.5767
10 33 -232.686
10 34 -406.291
10 35 -580.804
10 36 -747.804
10 37 -898.459
10 38 -1024.48
10 39 -1118.83
10 40 -1176.58
10 41 -1195.49
10 42 -1176.57
10 43 -1124.13
10 44 -1045.54
10 45 -950.605
10 46 -850.689
10 47 -757.539
10 48 -682.016
10 49 -632.89
10 50 -615.852
10 51 -632.89
10 52 -682.016
10 53 -757.539
10 54 -850.689
10 55 -950.605
10 56 -1045.54
10 57 -1124.13
10 58 -1176.57
10 59 -1195.49
10 60 -1176.58
10 61 -1118.83
10 62 -1024.48
10 63 -898.459
10 64 -747.804
10 65 -580.804
10 66 -406.291
10 67 -232.686
10 68 -67.5767
10 69 82.929
10 70 214.236
10 71 323.585
10 72 409.746
10 73 473.04
10 74 514.752
10 75 537.187
10 76 543.038
10 77 535.302
10 78 516.967
10 79 490.829
10 80 459.414
10 81 424.847
10 82 388.89
10 83 352.894
10 84 317.85
10 85 284.451
10 86 253.112
10 87 224.053
10 88 197.327
10 89 172.884
10 90 150.575
10 91 130.233
10 92 111.624
10 93 94.5452
10 94 78.76
10 95 64.0578
10 96 50.2357
10 97 37.0931
10 98 24.457
10 99 12.1461
10 100 0

11 0 0
11 1 13.9708
11 2 28.1327
11 3 42.6757
11 4 57.8033
11 5 73.7168
11 6 90.6369
11 7 108.784
11 8 128.389
11 9 149.685
11 10 172.884
11 11 198.191
11 12 225.751
11 13 255.64
11 14 287.847
11 15 322.162
11 16 358.269
11 17 395.499
11 18 432.996
11 19 469.49
11 20 503.359
11 21 532.611
11 22 554.844
11 23 567.362
11 24 567.246
11 25 551.498
11 26 517.271
11 27 462.067
11 28 384.17
11 29 282.723
11 30 158.262
11 31 12.7079
11 32 -150.261
11 33 -325.45
11 34 -506.018
11 35 -684.081
11 36 -851.023
11 37 -998.283
11 38 -1117.95
11 39 -1203.74
11 40 -1251.54
11 41 -1260.09
11 42 -1231.19
11 43 -1169.86
11 44 -1083.9
11 45 -983.355
11 46 -879.513
11 47 -783.875
11 48 -706.937
11 49 -657.124
11 50 -639.886
11 51 -657.124
11 52 -706.937
11 53 -783.875
11 54 -879.513
11 55 -983.355
11 56 -1083.9
11 57 -1169.86
11 58 -1231.19
11 59 -1260.09
11 60 -1251.54
11 61 -1203.74
11 62 -1117.95
11 63 -998.283
11 64 -851.023
11 65 -684.081
11 66 -506.018
11 67 -325.45
11 68 -150.261
11 69 12.7079
11 70 158.262
11 71 282.723
11 72 384.17
11 73 462.067
11 74 517.271
11 75 551.498
11 76 567.246
11 77 567.362
11 78 554.844
11 79 532.611
11 80 503.359
11 81 469.49
11 82 432.996
11 83 395.499
11 84 358.269
11 85 322.162
11 86 287.847
11 87 255.64
11 88 225.751
11 89 198.191
11 90 172.884
11 91 149.685
11 92 128.389
11 93 108.784
11 94 90.6369
11 95 73.7168
11 96 57.8033
11 97 42.6757
11 98 28.1327
11 99 13.9708
11 100 0

12 0 0
12 1 16.0168
12 2 32.2513
12 3 48.9244
12 4 66.2604
12 5 84.4913
12 6 103.853
12 7 124.586
12 8 146.928
12 9 171.108
12 10 197.327
12 11 225.751
12 12 256.465
12 13 289.476
12 14 324.62
12 15 361.602
12 16 399.833
12 17 438.523
12 18 476.489
12 19 512.239
12 20 543.882
12 21 569.157
12 22 585.466
12 23 589.994
12 24 579.779
12 25 551.943
12 26 503.882
12 27 433.604
12 28 339.85
12 29 222.674
12 30 83.3095
12 31 -75.334
12 32 -248.865
12 33 -431.231
12 34 -615.239
12 35 -792.707
12 36 -955.214
12 37 -1094.58
12 38 -1203.76
12 39 -1277.38
12 40 -1312.48
12 41 -1308.82
12 42 -1269.19
12 43 -1199.21
12 44 -1107.04
12 45 -1002.64
12 46 -896.941
12 47 -800.883
12 48 -724.285
12 49 -674.974
12 50 -657.951
12 51 -674.974
12 52 -724.285
12 53 -800.883
12 54 -896.941
12 55 -1002.64
12 56 -1107.04
12 57 -1199.21
12 58 -1269.19
12 59 -1308.82
12 60 -1312.48
12 61 -1277.38
12 62 -1203.76
12 63 -1094.58
12 64 -955.214
12 65 -792.707
12 66 -615.239
12 67 -431.231
12 68 -248.865
12 69 -75.334
12 70 83.3095
12 71 222.674
12 72 339.85
12 73 433.604
12 74 503.882
12 75 551.943
12 76 579.779
12 77 589.994
12 78 585.466
12 79 569.157
12 80 543.882
12 81 512.239
12 82 476.489
12 83 438.523
12 84 399.833
12 85 361.602
12 86 324.62
12 87 289.476
12 88 256.465
12 89 225.751
12 90 197.327
12 91 171.108
12 92 146.928
12 93 124.586
12 94 103.853
12 95 84.4913
12 96 66.2604
12 97 48.9244
12 98 32.2513
12 99 16.0168
12 100 0

13 0 0
13 1 18.3149
13 2 36.8763
13 3 55.9327
13 4 75.7349
13 5 96.5357
13 6 118.59
13 7 142.144
13 8 167.44
13 9 194.682
13 10 224.053
13 11 255.64
13 12 289.476
13 13 325.416
13 14 363.2
13 15 402.285
13 16 441.944
13 17 481.065
13 18 518.263
13 19 551.742
13 20 579.366
13 21 598.644
13 22 606.866
13 23 601.117
13 24 578.56
13 25 536.54
13 26 472.883
13 27 386.112
13 28 275.868
13 29 142.881
13 30 -10.5112
13 31 -180.594
13 32 -362.044
13 33 -548.314
13 34 -731.748
13 35 -904.263
13 36 -1057.76
13 37 -1184.87
13 38 -1279.56
13 39 -1337.74
13 40 -1357.74
13 41 -1340.55
13 42 -1289.88
13 43 -1211.95
13 44 -1115.07
13 45 -1008.86
13 46 -903.651
13 47 -809.4
13 48 -735.014
13 49 -687.401
13 50 -671.04
13 51 -687.401
13 52 -735.014
13 53 -809.4
13 54 -903.651
13 55 -1008.86
13 56 -1115.07
13 57 -1211.95
13 58 -1289.88
13 59 -1340.55
13 60 -1357.74
13 61 -1337.74
13 62 -1279.56
13 63 -1184.87
13 64 -1057.76
13 65 -904.263
13 66 -731.748
13 67 -548.314
13 68 -362.044
13 69 -180.594
13 70 -10.5112
13 71 142.881
13 72 275.868
13 73 386.112
13 74 472.883
13 75 536.54
13 76 578.56
13 77 601.117
13 78 606.866
13 79 598.644
13 80 579.366
13 81 551.742
13 82 518.263
13 83 481.065
13 84 441.944
13 85 402.285
13 86 363.2
13 87 325.416
13 88 289.476
13 89 255.64
13 90 224.053
13 91 194.682
13 92 167.44
13 93 142.144
13 94 118.59
13 95 96.5357
13 96 75.7349
13 97 55.9327
13 98 36.8763
13 99 18.3149
13 100 0

14 0 0
14 1 20.902
14 2 42.0793
14 3 63.8076
14 4 86.3594
14 5 110.01
14 6 135.016
14 7 161.635
14 8 190.077
14 9 220.535
14 10 253.112
14 11 287.847
14 12 324.62
14 13 363.2
14 14 403.071
14 15 443.581
14 16 483.643
14 17 521.995
14 18 556.895
14 19 586.331
14 20 607.925
14 21 619.038
14 22 616.854
14 23 598.569
14 24 561.513
14 25 503.419
14 26 422.679
14 27 318.586
14 28 191.564
14 29 43.4512
14 30 -122.544
14 31 -301.68
14 32 -487.961
14 33 -674.247
14 34 -852.831
14 35 -1015.81
14 36 -1155.78
14 37 -1266.39
14 38 -1342.95
14 39 -1382.85
14 40 -1385.88
14 41 -1354.34
14 42 -1292.86
14 43 -1208.15
14 44 -1108.39
14 45 -1002.75
14 46 -900.491
14 47 -810.439
14 48 -740.141
14 49 -695.516
14 50 -680.206
14 51 -695.516
14 52 -740.141
14 53 -810.439
14 54 -900.491
14 55 -1002.75
14 56 -1108.39
14 57 -1208.15
14 58 -1292.86
14 59 -1354.34
14 60 -1385.88
14 61 -1382.85
14 62 -1342.95
14 63 -1266.39
14 64 -1155.78
14 65 -1015.81
14 66 -852.831
14 67 -674.247
14 68 -487.961
14 69 -301.68
14 70 -122.544
14 71 43.4512
14 72 191.564
14 73 318.586
14 74 422.679
14 75 503.419
14 76 561.513
14 77 598.569
14 78 616.854
14 79 619.038
14 80 607.925
14 81 586.331
14 82 556.895
14 83 521.995
14 84 483.643
14 85 443.581
14 86 403.071
14 87 363.2
14 88 324.62
14 89 287.847
14 90 253.112
14 91 220.535
14 92 190.077
14 93 161.635
14 94 135.016
14 95 110.01
14 96 86.3594
14 97 63.8076
14 98 42.0793
14 99 20.902
14 100 0

15 0 0
15 1 23.8223
15 2 47.9488
15 3 72.6649
15 4 98.2809
15 5 125.058
15 6 153.282
15 7 183.166
15 8 214.927
15 9 248.666
15 10 284.451
15 11 322.162
15 12 361.602
15 13 402.285
15 14 443.581
15 15 484.488
15 16 523.776
15 17 559.814
15 18 590.663
15 19 614.054
15 20 627.438
15 21 628.07
15 22 613.209
15 23 580.163
15 24 526.646
15 25 450.933
15 26 352.09
15 27 230.299
15 28 87.0146
15 29 -74.9778
15 30 -251.366
15 31 -436.604
15 32 -623.985
15 33 -806.084
15 34 -975.233
15 35 -1124.06
15 36 -1246.09
15 37 -1336.28
15 38 -1391.53
15 39 -1410.85
15 40 -1395.67
15 41 -1349.53
15 42 -1278.01
15 43 -1188.06
15 44 -1087.71
15 45 -985.154
15 46 -888.525
15 47 -805.018
15 48 -740.791
15 49 -700.345
15 50 -686.578
15 51 -700.345
15 52 -740.791
15 53 -805.018
15 54 -888.525
15 55 -985.154
15 56 -1087.71
15 57 -1188.06
15 58 -1278.01
15 59 -1349.53
15 60 -1395.67
15 61 -1410.85
15 62 -1391.53
15 63 -1336.28
15 64 -1246.09
15 65 -1124.06
15 66 -975.233
15 67 -806.084
15 68 -623.985
15 69 -436.604
15 70 -251.366
15 71 -74.9778
15 72 87.0146
15 73 230.299
15 74 352.09
15 75 450.933
15 76 526.646
15 77 580.163
15 78 613.209
15 79 628.07
15 80 627.438
15 81 614.054
15 82 590.663
15 83 559.814
15 84 523.776
15 85 484.488
15 86 443.581
15 87 402.285
15 88 361.602
15 89 322.162
15 90 284.451
15 91 248.666
15 92 214.927
15 93 183.166
15 94 153.282
15 95 125.058
15 96 98.2809
15 97 72.6649
15 98 47.9488
15 99 23.8223
15 100 0

16 0 0
16 1 27.1015
16 2 54.5227
16 3 82.5787
16 4 111.568
16 5 141.783
16 6 173.457
16 7 206.821
16 8 241.982
16 9 279.027
16 10 317.85
16 11 358.269
16 12 399.833
16 13 441.944
16 14 483.643
16 15 523.776
16 16 560.748
16 17 592.74
16 18 617.544
16 19 632.692
16 20 635.564
16 21 623.399
16 22 593.601
16 23 543.808
16 24 472.231
16 25 377.774
16 26 260.419
16 27 121.274
16 28 -37.1377
16 29 -210.935
16 30 -394.882
16 31 -582.584
16 32 -766.882
16 33 -940.215
16 34 -1095.26
16 35 -1225.39
16 36 -1325.36
16 37 -1391.68
16 38 -1422.97
16 39 -1420.09
16 40 -1386.05
16 41 -1325.74
16 42 -1245.44
16 43 -1152.33
16 44 -1053.81
16 45 -957.119
16 46 -868.762
16 47 -794.269
16 48 -737.94
16 49 -702.936
16 50 -691.057
16 51 -702.936
16 52 -737.94
16 53 -794.269
16 54 -868.762
16 55 -957.119
16 56 -1053.81
16 57 -1152.33
16 58 -1245.44
16 59 -1325.74
16 60 -1386.05
16 61 -1420.09
16 62 -1422.97
16 63 -1391.68
16 64 -1325.36
16 65 -1225.39
16 66 -1095.26
16 67 -940.215
16 68 -766.882
16 69 -582.584
16 70 -394.882
16 71 -210.935
16 72 -37.1377
16 73 121.274
16 74 260.419
16 75 377.774
16 76 472.231
16 77 543.808
16 78 593.601
16 79 623.399
16 80 635.564
16 81 632.692
16 82 617.544
16 83 592.74
16 84 560.748
16 85 523.776
16 86 483.643
16 87 441.944
16 88 399.833
16 89 358.269
16 90 317.85
16 91 279.027
16 92 241.982
16 93 206.821
16 94 173.457
16 95 141.783
16 96 111.568
16 97 82.5787
16 98 54.5227
16 99 27.1015
16 100 0

17 0 0
17 1 30.7693
17 2 61.8748
17 3 93.6135
17 4 126.318
17 5 160.218
17 6 195.573
17 7 232.501
17 8 271.101
17 9 311.29
17 10 352.894
17 11 395.499
17 12 438.523
17 13 481.065
17 14 521.995
17 15 559.814
17 16 592.74
17 17 618.679
17 18 635.223
17 19 639.849
17 20 629.848
17 21 602.646
17 22 555.891
17 23 487.696
17 24 396.872
17 25 283.2
17 26 147.542
17 27 -7.85772
17 28 -179.432
17 29 -362.243
17 30 -550.147
17 31 -736.172
17 32 -912.793
17 33 -1072.61
17 34 -1208.86
17 35 -1316.01
17 36 -1390.2
17 37 -1429.72
17 38 -1435.12
17 39 -1409.11
17 40 -1356.32
17 41 -1282.83
17 42 -1195.55
17 43 -1101.6
17 44 -1007.68
17 45 -919.639
17 46 -842.269
17 47 -779.069
17 48 -732.489
17 49 -704.012
17 50 -694.456
17 51 -704.012
17 52 -732.489
17 53 -779.069
17 54 -842.269
17 55 -919.639
17 56 -1007.68
17 57 -1101.6
17 58 -1195.55
17 59 -1282.83
17 60 -1356.32
17 61 -1409.11
17 62 -1435.12
17 63 -1429.72
17 64 -1390.2
17 65 -1316.01
17 66 -1208.86
17 67 -1072.61
17 68 -912.793
17 69 -736.172
17 70 -550.147
17 71 -362.243
17 72 -179.432
17 73 -7.85772
17 74 147.542
17 75 283.2
17 76 396.872
17 77 487.696
17 78 555.891
17 79 602.646
17 80 629.848
17 81 639.849
17 82 635.223
17 83 618.679
17 84 592.74
17 85 559.814
17 86 521.995
17 87 481.065
17 88 438.523
17 89 395.499
17 90 352.894
17 91 311.29
17 92 271.101
17 93 232.501
17 94 195.573
17 95 160.218
17 96 126.318
17 97 93.6135
17 98 61.8748
17 99 30.7693
17 100 0

18 0 0
18 1 34.8345
18 2 69.9895
18 3 105.78
18 4 142.476
18 5 180.325
18 6 219.478
18 7 260.033
18 8 301.933
18 9 345.013
18 10 388.89
18 11 432.996
18 12 476.489
18 13 518.263
18 14 556.895
18 15 590.663
18 16 617.544
18 17 635.223
18 18 641.247
18 19 632.964
18 20 607.869
18 21 563.574
18 22 498.175
18 23 410.378
18 24 299.79
18 25 167.074
18 26 14.1859
18 27 -155.574
18 28 -337.537
18 29 -525.805
18 30 -713.529
18 31 -893.184
18 32 -1057.3
18 33 -1198.78
18 34 -1311.77
18 35 -1391.96
18 36 -1437.25
18 37 -1447.77
18 38 -1426.07
18 39 -1376.73
18 40 -1305.97
18 41 -1220.9
18 42 -1128.89
18 43 -1036.76
18 44 -950.259
18 45 -873.71
18 46 -809.889
18 47 -760.194
18 48 -724.988
18 49 -704.102
18 50 -697.188
18 51 -704.102
18 52 -724.988
18 53 -760.194
18 54 -809.889
18 55 -873.71
18 56 -950.259
18 57 -1036.76
18 58 -1128.89
18 59 -1220.9
18 60 -1305.97
18 61 -1376.73
18 62 -1426.07
18 63 -1447.77
18 64 -1437.25
18 65 -1391.96
18 66 -1311.77
18 67 -1198.78
18 68 -1057.3
18 69 -893.184
18 70 -713.529
18 71 -525.805
18 72 -337.537
18 73 -155.574
18 74 14.1859
18 75 167.074
18 76 299.79
18 77 410.378
18 78 498.175
18 79 563.574
18 80 607.869
18 81 632.964
18 82 641.247
18 83 635.223
18 84 617.544
18 85 590.663
18 86 556.895
18 87 518.263
18 88 476.489
18 89 432.996
18 90 388.89
18 91 345.013
18 92 301.933
18 93 260.033
18 94 219.478
18 95 180.325
18 96 142.476
18 97 105.78
18 98 69.9895
18 99 34.8345
18 100 0

19 0 0
19 1 39.2784
19 2 78.85
19 3 118.999
19 4 159.951
19 5 201.894
19 6 244.905
19 7 288.971
19 8 333.911
19 9 379.393
19 10 424.847
19 11 469.49
19 12 512.239
19 13 551.742
19 14 586.331
19 15 614.054
19 16 632.692
19 17 639.849
19 18 632.964
19 19 609.574
19 20 567.311
19 21 504.242
19 22 419.006
19 23 311.05
19 24 180.868
19 25 30.1381
19 26 -138.088
19 27 -319.442
19 28 -508.235
19 29 -697.748
19 30 -880.509
19 31 -1048.9
19 32 -1195.49
19 33 -1313.98
19 34 -1399.5
19 35 -1449.4
19 36 -1463.26
19 37 -1443.35
19 38 -1394.13
19 39 -1322.07
19 40 -1234.75
19 41 -1140.24
19 42 -1046.08
19 43 -958.623
19 44 -882.437
19 45 -820.089
19 46 -772.243
19 47 -738.021
19 48 -715.679
19 49 -703.255
19 50 -699.303
19 51 -703.255
19 52 -715.679
19 53 -738.021
19 54 -772.243
19 55 -820.089
19 56 -882.437
19 57 -958.623
19 58 -1046.08
19 59 -1140.24
19 60 -1234.75
19 61 -1322.07
19 62 -1394.13
19 63 -1443.35
19 64 -1463.26
19 65 -1449.4
19 66 -1399.5
19 67 -1313.98
19 68 -1195.49
19 69 -1048.9
19 70 -880.509
19 71 -697.748
19 72 -508.235
19 73 -319.442
19 74 -138.088
19 75 30.1381
19 76 180.868
19 77 311.05
19 78 419.006
19 79 504.242
19 80 567.311
19 81 609.574
19 82 632.964
19 83 639.849
19 84 632.692
19 85 614.054
19 86 586.331
19 87 551.742
19 88 512.239
19 89 469.49
19 90 424.847
19 91 379.393
19 92 333.911
19 93 288.971
19 94 244.905
19 95 201.894
19 96 159.951
19 97 118.999
19 98 78.85
19 99 39.2784
19 100 0

20 0 0
20 1 44.0533
20 2 88.3489
20 3 133.1
20 4 178.48
20 5 224.558
20 6 271.344
20 7 318.636
20 8 366.159
20 9 413.32
20 10 459.414
20 11 503.359
20 12 543.882
20 13 579.366
20 14 607.925
20 15 627.438
20 16 635.564
20 17 629.848
20 18 607.869
20 19 567.311
20 20 506.223
20 21 423.213
20 22 317.571
20 23 189.668
20 24 40.9104
20 25 -125.902
20 26 -306.703
20 27 -496.036
20 28 -687.362
20 29 -873.283
20 30 -1046.04
20 31 -1197.93
20 32 -1322.17
20 33 -1413.23
20 34 -1467.68
20 35 -1484.48
20 36 -1465.27
20 37 -1414.25
20 38 -1337.93
20 39 -1244.43
20 40 -1142.63
20 41 -1041.24
20 42 -947.792
20 43 -867.943
20 44 -804.88
20 45 -759.3
20 46 -729.577
20 47 -712.563
20 48 -704.294
20 49 -701.102
20 50 -700.333
20 51 -701.102
20 52 -704.294
20 53 -712.563
20 54 -729.577
20 55 -759.3
20 56 -804.88
20 57 -867.943
20 58 -947.792
20 59 -1041.24
20 60 -1142.63
20 61 -1244.43
20 62 -1337.93
20 63 -1414.25
20 64 -1465.27
20 65 -1484.48
20 66 -1467.68
20 67 -1413.23
20 68 -1322.17
20 69 -1197.93
20 70 -1046.04
20 71 -873.283
20 72 -687.362
20 73 -496.036
20 74 -306.703
20 75 -125.902
20 76 40.9104
20 77 189.668
20 78 317.571
20 79 423.213
20 80 506.223
20 81 567.311
20 82 607.869
20 83 629.848
20 84 635.564
20 85 627.438
20 86 607.925
20 87 579.366
20 88 543.882
20 89 503.359
20 90 459.414
20 91 413.32
20 92 366.159
20 93 318.636
20 94 271.344
20 95 224.558
20 96 178.48
20 97 133.1
20 98 88.3489
20 99 44.0533
20 100 0

21 0 0
21 1 49.0702
21 2 98.276
21 3 147.787
21 4 197.591
21 5 247.737
21 6 297.977
21 7 348.065
21 8 397.421
21 9 445.349
21 10 490.829
21 11 532.611
21 12 569.157
21 13 598.644
21 14 619.038
21 15 628.07
21 16 623.399
21 17 602.646
21 18 563.574
21 19 504.242
21 20 423.213
21 21 319.719
21 22 193.947
21 23 47.1341
21 24 -118.214
21 25 -298.306
21 26 -487.962
21 27 -680.907
21 28 -869.831
21 29 -1046.92
21 30 -1204.3
21 31 -1334.66
21 32 -1431.82
21 33 -1491.57
21 34 -1511.9
21 35 -1493.68
21 36 -1440.5
21 37 -1358.63
21 38 -1256.38
21 39 -1143.43
21 40 -1029.69
21 41 -924.321
21 42 -834.622
21 43 -765.29
21 44 -718.029
21 45 -691.474
21 46 -681.753
21 47 -683.315
21 48 -690.124
21 49 -696.701
21 50 -699.346
21 51 -696.701
21 52 -690.124
21 53 -683.315
21 54 -681.753
21 55 -691.474
21 56 -718.029
21 57 -765.29
21 58 -834.622
21 59 -924.321
21 60 -1029.69
21 61 -1143.43
21 62 -1256.38
21 63 -1358.63
21 64 -1440.5
21 65 -1493.68
21 66 -1511.9
21 67 -1491.57
21 68 -1431.82
21 69 -1334.66
21 70 -1204.3
21 71 -1046.92
21 72 -869.831
21 73 -680.907
21 74 -487.962
21 75 -298.306
21 76 -118.214
21 77 47.1341
21 78 193.947
21 79 319.719
21 80 423.213
21 81 504.242
21 82 563.574
21 83 602.646
21 84 623.399
21 85 628.07
21 86 619.038
21 87 598.644
21 88 569.157
21 89 532.611
21 90 490.829
21 91 445.349
21 92 397.421
21 93 348.065
21 94 297.977
21 95 247.737
21 96 197.591
21 97 147.787
21 98 98.276
21 99 49.0702
21 100 0

22 0 0
22 1 54.1589
22 2 108.341
22 3 162.534
22 4 216.657
22 5 270.5
22 6 323.751
22 7 375.852
22 8 426.127
22 9 473.552
22 10 516.967
22 11 554.844
22 12 585.466
22 13 606.866
22 14 616.854
22 15 613.209
22 16 593.601
22 17 555.891
22 18 498.175
22 19 419.006
22 20 317.571
22 21 193.947
22 22 49.1579
22 23 -114.499
22 24 -293.54
22 25 -483.104
22 26 -677.174
22 27 -868.65
22 28 -1049.76
22 29 -1212.5
22 30 -1349.18
22 31 -1453.04
22 32 -1518.99
22 33 -1544.08
22 34 -1528.1
22 35 -1473.73
22 36 -1386.62
22 37 -1274.89
22 38 -1148.65
22 39 -1018.81
22 40 -896.12
22 41 -789.9
22 42 -706.996
22 43 -650.989
22 44 -621.908
22 45 -616.342
22 46 -628.093
22 47 -649.333
22 48 -671.873
22 49 -688.619
22 50 -694.756
22 51 -688.619
22 52 -671.873
22 53 -649.333
22 54 -628.093
22 55 -616.342
22 56 -621.908
22 57 -650.989
22 58 -706.996
22 59 -789.9
22 60 -896.12
22 61 -1018.81
22 62 -1148.65
22 63 -1274.89
22 64 -1386.62
22 65 -1473.73
22 66 -1528.1
22 67 -1544.08
22 68 -1518.99
22 69 -1453.04
22 70 -1349.18
22 71 -1212.5
22 72 -1049.76
22 73 -868.65
22 74 -677.174
22 75 -483.104
22 76 -293.54
22 77 -114.499
22 78 49.1579
22 79 193.947
22 80 317.571
22 81 419.006
22 82 498.175
22 83 555.891
22 84 593.601
22 85 613.209
22 86 616.854
22 87 606.866
22 88 585.466
22 89 554.844
22 90 516.967
22 91 473.552
22 92 426.127
22 93 375.852
22 94 323.751
22 95 270.5
22 96 216.657
22 97 162.534
22 98 108.341
22 99 54.1589
22 100 0

23 0 0
23 1 59.115
23 2 118.077
23 3 176.7
23 4 234.704
23 5 291.706
23 6 347.151
23 7 400.305
23 8 450.217
23 9 495.691
23 10 535.302
23 11 567.362
23 12 589.994
23 13 601.117
23 14 598.569
23 15 580.163
23 16 543.808
23 17 487.696
23 18 410.378
23 19 311.05
23 20 189.668
23 21 47.1341
23 22 -114.499
23 23 -291.993
23 24 -480.826
23 25 -675.286
23 26 -868.517
23 27 -1052.96
23 28 -1220.55
23 29 -1363.38
23 30 -1474.2
23 31 -1547.14
23 32 -1578.25
23 33 -1566.22
23 34 -1512.5
23 35 -1421.82
23 36 -1301.63
23 37 -1161.94
23 38 -1014.23
23 39 -870.56
23 40 -742.157
23 41 -638.323
23 42 -565.17
23 43 -525.06
23 44 -516.255
23 45 -533.239
23 46 -567.549
23 47 -609.119
23 48 -647.801
23 49 -674.909
23 50 -684.631
23 51 -674.909
23 52 -647.801
23 53 -609.119
23 54 -567.549
23 55 -533.239
23 56 -516.255
23 57 -525.06
23 58 -565.17
23 59 -638.323
23 60 -742.157
23 61 -870.56
23 62 -1014.23
23 63 -1161.94
23 64 -1301.63
23 65 -1421.82
23 66 -1512.5
23 67 -1566.22
23 68 -1578.25
23 69 -1547.14
23 70 -1474.2
23 71 -1363.38
23 72 -1220.55
23 73 -1052.96
23 74 -868.517
23 75 -675.286
23 76 -480.826
23 77 -291.993
23 78 -114.499
23 79 47.1341
23 80 189.668
23 81 311.05
23 82 410.378
23 83 487.696
23 84 543.808
23 85 580.163
23 86 598.569
23 87 601.117
23 88 589.994
23 89 567.362
23 90 535.302
23 91 495.691
23 92 450.217
23 93 400.305
23 94 347.151
23 95 291.706
23 96 234.704
23 97 176.7
23 98 118.077
23 99 59.115
23 100 0

24 0 0
24 1 63.6299
24 2 126.879
24 3 189.359
24 4 250.528
24 5 309.813
24 6 366.376
24 7 419.29
24 8 467.334
24 9 509.128
24 10 543.038
24 11 567.246
24 12 579.779
24 13 578.56
24 14 561.513
24 15 526.646
24 16 472.231
24 17 396.872
24 18 299.79
24 19 180.868
24 20 40.9104
24 21 -118.214
24 22 -293.54
24 23 -480.826
24 24 -674.712
24 25 -868.656
24 26 -1055.36
24 27 -1226.85
24 28 -1375.16
24 29 -1492.68
24 30 -1572.94
24 31 -1611.07
24 32 -1604.6
24 33 -1553.75
24 34 -1461.96
24 35 -1335.62
24 36 -1184.12
24 37 -1018.93
24 38 -852.902
24 39 -698.76
24 40 -568.088
24 41 -469.809
24 42 -409.235
24 43 -387.276
24 44 -400.418
24 45 -441.071
24 46 -498.616
24 47 -560.863
24 48 -615.777
24 49 -653.245
24 50 -666.518
24 51 -653.245
24 52 -615.777
24 53 -560.863
24 54 -498.616
24 55 -441.071
24 56 -400.418
24 57 -387.276
24 58 -409.235
24 59 -469.809
24 60 -568.088
24 61 -698.76
24 62 -852.902
24 63 -1018.93
24 64 -1184.12
24 65 -1335.62
24 66 -1461.96
24 67 -1553.75
24 68 -1604.6
24 69 -1611.07
24 70 -1572.94
24 71 -1492.68
24 72 -1375.16
24 73 -1226.85
24 74 -1055.36
24 75 -868.656
24 76 -674.712
24 77 -480.826
24 78 -293.54
24 79 -118.214
24 80 40.9104
24 81 180.868
24 82 299.79
24 83 396.872
24 84 472.231
24 85 526.646
24 86 561.513
24 87 578.56
24 88 579.779
24 89 567.246
24 90 543.038
24 91 509.128
24 92 467.334
24 93 419.29
24 94 366.376
24 95 309.813
24 96 250.528
24 97 189.359
24 98 126.879
24 99 63.6299
24 100 0

25 0 0
25 1 67.3265
25 2 134.024
25 3 199.384
25 4 262.683
25 5 322.981
25 6 379.293
25 7 430.348
25 8 474.786
25 9 510.979
25 10 537.187
25 11 551.498
25 12 551.943
25 13 536.54
25 14 503.419
25 15 450.933
25 16 377.774
25 17 283.2
25 18 167.074
25 19 30.1381
25 20 -125.902
25 21 -298.306
25 22 -483.104
25 23 -675.286
25 24 -868.656
25 25 -1056.24
25 26 -1230.28
25 27 -1382.9
25 28 -1506.3
25 29 -1593.6
25 30 -1639.17
25 31 -1639.5
25 32 -1593.54
25 33 -1503.3
25 34 -1373.86
25 35 -1213.53
25 36 -1033.16
25 37 -845.671
25 38 -664.761
25 39 -503.804
25 40 -374.284
25 41 -284.644
25 42 -239.126
25 43 -237.221
25 44 -273.578
25 45 -338.602
25 46 -419.623
25 47 -502.48
25 48 -573.469
25 49 -621.129
25 50 -637.909
25 51 -621.129
25 52 -573.469
25 53 -502.48
25 54 -419.623
25 55 -338.602
25 56 -273.578
25 57 -237.221
25 58 -239.126
25 59 -284.644
25 60 -374.284
25 61 -503.804
25 62 -664.761
25 63 -845.671
25 64 -1033.16
25 65 -1213.53
25 66 -1373.86
25 67 -1503.3
25 68 -1593.54
25 69 -1639.5
25 70 -1639.17
25 71 -1593.6
25 72 -1506.3
25 73 -1382.9
25 74 -1230.28
25 75 -1056.24
25 76 -868.656
25 77 -675.286
25 78 -483.104
25 79 -298.306
25 80 -125.902
25 81 30.1381
25 82 167.074
25 83 283.2
25 84 377.774
25 85 450.933
25 86 503.419
25 87 536.54
25 88 551.943
25 89 551.498
25 90 537.187
25 91 510.979
25 92 474.786
25 93 430.348
25 94 379.293
25 95 322.981
25 96 262.683
25 97 199.384
25 98 134.024
25 99 67.3265
25 100 0

26 0 0
26 1 69.7769
26 2 138.61
26 3 205.512
26 4 269.424
26 5 329.176
26 6 383.456
26 7 430.831
26 8 469.668
26 9 498.276
26 10 514.752
26 11 517.271
26 12 503.882
26 13 472.883
26 14 422.679
26 15 352.09
26 16 260.419
26 17 147.542
26 18 14.1859
26 19 -138.088
26 20 -306.703
26 21 -487.962
26 22 -677.174
26 23 -868.517
26 24 -1055.36
26 25 -1230.28
26 26 -1385.6
26 27 -1513.51
26 28 -1606.92
26 29 -1659.65
26 30 -1667.34
26 31 -1627.76
26 32 -1541.5
26 33 -1412.18
26 34 -1246.67
26 35 -1054.7
26 36 -848.651
26 37 -642.428
26 38 -450.486
26 39 -286.363
26 40 -161.363
26 41 -83.1697
26 42 -54.8996
26 43 -74.5181
26 44 -134.899
26 45 -224.564
26 46 -328.899
26 47 -432.012
26 48 -518.631
26 49 -576.185
26 50 -596.323
26 51 -576.185
26 52 -518.631
26 53 -432.012
26 54 -328.899
26 55 -224.564
26 56 -134.899
26 57 -74.5181
26 58 -54.8996
26 59 -83.1697
26 60 -161.363
26 61 -286.363
26 62 -450.486
26 63 -642.428
26 64 -848.651
26 65 -1054.7
26 66 -1246.67
26 67 -1412.18
26 68 -1541.5
26 69 -1627.76
26 70 -1667.34
26 71 -1659.65
26 72 -1606.92
26 73 -1513.51
26 74 -1385.6
26 75 -1230.28
26 76 -1055.36
26 77 -868.517
26 78 -677.174
26 79 -487.962
26 80 -306.703
26 81 -138.088
26 82 14.1859
26 83 147.542
26 84 260.419
26 85 352.09
26 86 422.679
26 87 472.883
26 88 503.882
26 89 517.271
26 90 514.752
26 91 498.276
26 92 469.668
26 93 430.831
26 94 383.456
26 95 329.176
26 96 269.424
26 97 205.512
26 98 138.61
26 99 69.7769
26 100 0

27 0 0
27 1 70.4687
27 2 139.655
27 3 206.261
27 4 268.896
27 5 326.119
27 6 376.358
27 7 417.951
27 8 449.153
27 9 468.116
27 10 473.04
27 11 462.067
27 12 433.604
27 13 386.112
27 14 318.586
27 15 230.299
27 16 121.274
27 17 -7.85772
27 18 -155.574
27 19 -319.442
27 20 -496.036
27 21 -680.907
27 22 -868.65
27 23 -1052.96
27 24 -1226.85
27 25 -1382.9
27 26 -1513.51
27 27 -1611.5
27 28 -1670.43
27 29 -1685.26
27 30 -1652.8
27 31 -1572.34
27 32 -1446
27 33 -1279.03
27 34 -1079.74
27 35 -859.383
27 36 -631.326
27 37 -410.361
27 38 -211.274
27 39 -47.6773
27 40 69.6655
27 41 133.875
27 42 143.118
27 43 100.922
27 44 16.1348
27 45 -98.01
27 46 -225.171
27 47 -347.866
27 48 -449.504
27 49 -516.466
27 50 -539.818
27 51 -516.466
27 52 -449.504
27 53 -347.866
27 54 -225.171
27 55 -98.01
27 56 16.1348
27 57 100.922
27 58 143.118
27 59 133.875
27 60 69.6655
27 61 -47.6773
27 62 -211.274
27 63 -410.361
27 64 -631.326
27 65 -859.383
27 66 -1079.74
27 67 -1279.03
27 68 -1446
27 69 -1572.34
27 70 -1652.8
27 71 -1685.26
27 72 -1670.43
27 73 -1611.5
27 74 -1513.51
27 75 -1382.9
27 76 -1226.85
27 77 -1052.96
27 78 -868.65
27 79 -680.907
27 80 -496.036
27 81 -319.442
27 82 -155.574
27 83 -7.85772
27 84 121.274
27 85 230.299
27 86 318.586
27 87 386.112
27 88 433.604
27 89 462.067
27 90 473.04
27 91 468.116
27 92 449.153
27 93 417.951
27 94 376.358
27 95 326.119
27 96 268.896
27 97 206.261
27 98 139.655
27 99 70.4687
27 100 0

28 0 0
28 1 68.8899
28 2 136.154
28 3 200.161
28 4 259.212
28 5 311.59
28 6 355.49
28 7 389.099
28 8 410.544
28 9 418.026
28 10 409.746
28 11 384.17
28 12 339.85
28 13 275.868
28 14 191.564
28 15 87.0146
28 16 -37.1377
28 17 -179.432
28 18 -337.537
28 19 -508.235
28 20 -687.362
28 21 -869.831
28 22 -1049.76
28 23 -1220.55
28 24 -1375.16
28 25 -1506.3
28 26 -1606.92
28 27 -1670.43
28 28 -1691.45
28 29 -1666
28 30 -1592.36
28 31 -1471.18
28 32 -1306.11
28 33 -1103.83
28 34 -874.038
28 35 -629.011
28 36 -383.112
28 37 -151.531
28 38 50.6912
28 39 210.283
28 40 317.03
28 41 365.132
28 42 353.963
28 43 288.578
28 44 179.371
28 45 41.2468
28 46 -107.921
28 47 -249.288
28 48 -365.129
28 49 -440.97
28 50 -467.334
28 51 -440.97
28 52 -365.129
28 53 -249.288
28 54 -107.921
28 55 41.2468
28 56 179.371
28 57 288.578
28 58 353.963
28 59 365.132
28 60 317.03
28 61 210.283
28 62 50.6912
28 63 -151.531
28 64 -383.112
28 65 -629.011
28 66 -874.038
28 67 -1103.83
28 68 -1306.11
28 69 -1471.18
28 70 -1592.36
28 71 -1666
28 72 -1691.45
28 73 -1670.43
28 74 -1606.92
28 75 -1506.3
28 76 -1375.16
28 77 -1220.55
28 78 -1049.76
28 79 -869.831
28 80 -687.362
28 81 -508.235
28 82 -337.537
28 83 -179.432
28 84 -37.1377
28 85 87.0146
28 86 191.564
28 87 275.868
28 88 339.85
28 89 384.17
28 90 409.746
28 91 418.026
28 92 410.544
28 93 389.099
28 94 355.49
28 95 311.59
28 96 259.212
28 97 200.161
28 98 136.154
28 99 68.8899
28 100 0

29 0 0
29 1 64.5256
29 2 127.107
29 3 185.773
29 4 238.581
29 5 283.524
29 6 318.672
29 7 342.043
29 8 351.805
29 9 346.162
29 10 323.585
29 11 282.723
29 12 222.674
29 13 142.881
29 14 43.4512
29 15 -74.9778
29 16 -210.935
29 17 -362.243
29 18 -525.805
29 19 -697.748
29 20 -873.283
29 21 -1046.92
