0 0 0
0 1 0
0 2 0
0 3 0
0 4 0
0 5 0
0 6 0
0 7 0
0 8 0
0 9 0
0 10 0
0 11 0
0 12 0
0 13 0
0 14 0
0 15 0
0 16 0
0 17 0
0 18 0
0 19 0
0 20 0
0 21 0
0 22 0
0 23 0
0 24 0
0 25 0
0 26 0
0 27 0
0 28 0
0 29 0
0 30 0
0 31 0
0 32 0
0 33 0
0 34 0
0 35 0
0 36 0
0 37 0
0 38 0
0 39 0
0 40 0
0 41 0
0 42 0
0 43 0
0 44 0
0 45 0
0 46 0
0 47 0
0 48 0
0 49 0
0 50 0
0 51 0
0 52 0
0 53 0
0 54 0
0 55 0
0 56 0
0 57 0
0 58 0
0 59 0
0 60 0
0 61 0
0 62 0
0 63 0
0 64 0
0 65 0
0 66 0
0 67 0
0 68 0
0 69 0
0 70 0
0 71 0
0 72 0
0 73 0
0 74 0
0 75 0
0 76 0
0 77 0
0 78 0
0 79 0
0 80 0
0 81 0
0 82 0
0 83 0
0 84 0
0 85 0
0 86 0
0 87 0
0 88 0
0 89 0
0 90 0
0 91 0
0 92 0
0 93 0
0 94 0
0 95 0
0 96 0
0 97 0
0 98 0
0 99 0
0 100 0

1 0 0
1 1 1.20043
1 2 2.42001
1 3 3.66702
1 4 4.97064
1 5 6.33783
1 6 7.79913
1 7 9.37395
1 8 11.0867
1 9 12.9762
1 10 15.0632
1 11 17.3976
1 12 20.007
1 13 22.9334
1 14 26.2131
1 15 29.8619
1 16 33.9011
1 17 38.3025
1 18 43.0276
1 19 47.9696
1 20 52.9797
1 21 57.8238
1 22 62.1901
1 23 65.682
1 24 67.8009
1 25 67.991
1 26 65.6456
1 27 60.1579
1 28 50.9796
1 29 37.7037
1 30 20.1171
1 31 -1.68736
1 32 -27.2298
1 33 -55.6262
1 34 -85.5703
1 35 -115.34
1 36 -142.924
1 37 -166.168
1 38 -182.968
1 39 -191.516
1 40 -190.519
1 41 -179.426
1 42 -158.591
1 43 -129.326
1 44 -93.8378
1 45 -55.1058
1 46 -16.5943
1 47 18.1135
1 48 45.6891
1 49 63.4148
1 50 69.5271
1 51 63.4148
1 52 45.6891
1 53 18.1135
1 54 -16.5943
1 55 -55.1058
1 56 -93.8378
1 57 -129.326
1 58 -158.591
1 59 -179.426
1 60 -190.519
1 61 -191.516
1 62 -182.968
1 63 -166.168
1 64 -142.924
1 65 -115.34
1 66 -85.5703
1 67 -55.6262
1 68 -27.2298
1 69 -1.68736
1 70 20.1171
1 71 37.7037
1 72 50.9796
1 73 60.1579
1 74 65.6456
1 75 67.991
1 76 67.8009
1 77 65.682
1 78 62.1901
1 79 57.8238
1 80 52.9797
1 81 47.9696
1 82 43.0276
1 83 38.3025
1 84 33.9011
1 85 29.8619
1 86 26.2131
1 87 22.9334
1 88 20.007
1 89 17.3976
1 90 15.0632
1 91 12.9762
1 92 11.0867
1 93 9.37395
1 94 7.79913
1 95 6.33783
1 96 4.97064
1 97 3.66702
1 98 2.42001
1 99 1.20043
1 100 0

2 0 0
2 1 2.42001
2 2 4.87683
2 3 7.3897
2 4 10.0132
2 5 12.7663
2 6 15.7071
2 7 18.8785
2 8 22.3288
2 9 26.1355
2 10 30.3406
2 11 35.0411
2 12 40.2908
2 13 46.1712
2 14 52.75
2 15 60.059
2 16 68.1307
2 17 76.9152
2 18 86.3092
2 19 96.1205
2 20 106.011
2 21 115.527
2 22 124.048
2 23 130.74
2 24 134.672
2 25 134.706
2 26 129.639
2 27 118.326
2 28 99.658
2 29 72.8581
2 30 37.543
2 31 -6.05365
2 32 -56.9903
2 33 -113.455
2 34 -172.839
2 35 -231.729
2 36 -286.168
2 37 -331.879
2 38 -364.718
2 39 -381.143
2 40 -378.645
2 41 -356.164
2 42 -314.432
2 43 -256.08
2 44 -185.498
2 45 -108.584
2 46 -32.1707
2 47 36.6479
2 48 91.2935
2 49 126.397
2 50 138.5
2 51 126.397
2 52 91.2935
2 53 36.6479
2 54 -32.1707
2 55 -108.584
2 56 -185.498
2 57 -256.08
2 58 -314.432
2 59 -356.164
2 60 -378.645
2 61 -381.143
2 62 -364.718
2 63 -331.879
2 64 -286.168
2 65 -231.729
2 66 -172.839
2 67 -113.455
2 68 -56.9903
2 69 -6.05365
2 70 37.543
2 71 72.8581
2 72 99.658
2 73 118.326
2 74 129.639
2 75 134.706
2 76 134.672
2 77 130.74
2 78 124.048
2 79 115.527
2 80 106.011
2 81 96.1205
2 82 86.3092
2 83 76.9152
2 84 68.1307
2 85 60.059
2 86 52.75
2 87 46.1712
2 88 40.2908
2 89 35.0411
2 90 30.3406
2 91 26.1355
2 92 22.3288
2 93 18.8785
2 94 15.7071
2 95 12.7663
2 96 10.0132
2 97 7.3897
2 98 4.87683
2 99 2.42001
2 100 0

3 0 0
3 1 3.66702
3 2 7.3897
3 3 11.203
3 4 15.1839
3 5 19.3671
3 6 23.8363
3 7 28.6547
3 8 33.8989
3 9 39.6756
3 10 46.0588
3 11 53.1802
3 12 61.1279
3 13 70.0139
3 14 79.9331
3 15 90.9245
3 16 103.023
3 17 116.128
3 18 130.093
3 19 144.574
3 20 159.094
3 21 172.933
3 22 185.139
3 23 194.529
3 24 199.628
3 25 198.816
3 26 190.344
3 27 172.484
3 28 143.717
3 29 102.94
3 30 49.659
3 31 -15.7267
3 32 -91.6933
3 33 -175.552
3 34 -263.39
3 35 -350.15
3 36 -429.958
3 37 -496.577
3 38 -543.964
3 39 -566.97
3 40 -561.979
3 41 -527.54
3 42 -464.823
3 43 -377.754
3 44 -272.852
3 45 -158.823
3 46 -45.7467
3 47 55.9707
3 48 136.676
3 49 188.514
3 50 206.382
3 51 188.514
3 52 136.676
3 53 55.9707
3 54 -45.7467
3 55 -158.823
3 56 -272.852
3 57 -377.754
3 58 -464.823
3 59 -527.54
3 60 -561.979
3 61 -566.97
3 62 -543.964
3 63 -496.577
3 64 -429.958
3 65 -350.15
3 66 -263.39
3 67 -175.552
3 68 -91.6933
3 69 -15.7267
3 70 49.659
3 71 102.94
3 72 143.717
3 73 172.484
3 74 190.344
3 75 198.816
3 76 199.628
3 77 194.529
3 78 185.139
3 79 172.933
3 80 159.094
3 81 144.574
3 82 130.093
3 83 116.128
3 84 103.023
3 85 90.9245
3 86 79.9331
3 87 70.0139
3 88 61.1279
3 89 53.1802
3 90 46.0588
3 91 39.6756
3 92 33.8989
3 93 28.6547
3 94 23.8363
3 95 19.3671
3 96 15.1839
3 97 11.203
3 98 7.3897
3 99 3.66702
3 100 0

4 0 0
4 1 4.97064
4 2 10.0132
4 3 15.1839
4 4 20.5747
4 5 26.2472
4 6 32.3036
4 7 38.8375
4 8 45.9505
4 9 53.7805
4 10 62.4306
4 11 72.0639
4 12 82.7943
4 13 94.7599
4 14 108.067
4 15 122.761
4 16 138.847
4 17 156.195
4 18 174.538
4 19 193.438
4 20 212.176
4 21 229.8
4 22 245.044
4 23 256.264
4 24 261.623
4 25 258.952
4 26 245.998
4 27 220.631
4 28 180.897
4 29 125.487
4 30 53.9027
4 31 -33.1598
4 32 -133.642
4 33 -243.862
4 34 -358.635
4 35 -471.339
4 36 -574.369
4 37 -659.633
4 38 -719.381
4 39 -747.064
4 40 -738.169
4 41 -690.976
4 42 -607.153
4 43 -491.946
4 44 -353.913
4 45 -204.399
4 46 -56.4587
4 47 76.3996
4 48 181.688
4 49 249.252
4 50 272.536
4 51 249.252
4 52 181.688
4 53 76.3996
4 54 -56.4587
4 55 -204.399
4 56 -353.913
4 57 -491.946
4 58 -607.153
4 59 -690.976
4 60 -738.169
4 61 -747.064
4 62 -719.381
4 63 -659.633
4 64 -574.369
4 65 -471.339
4 66 -358.635
4 67 -243.862
4 68 -133.642
4 69 -33.1598
4 70 53.9027
4 71 125.487
4 72 180.897
4 73 220.631
4 74 245.998
4 75 258.952
4 76 261.623
4 77 256.264
4 78 245.044
4 79 229.8
4 80 212.176
4 81 193.438
4 82 174.538
4 83 156.195
4 84 138.847
4 85 122.761
4 86 108.067
4 87 94.7599
4 88 82.7943
4 89 72.0639
4 90 62.4306
4 91 53.7805
4 92 45.9505
4 93 38.8375
4 94 32.3036
4 95 26.2472
4 96 20.5747
4 97 15.1839
4 98 10.0132
4 99 4.97064
4 100 0

5 0 0
5 1 6.33783
5 2 12.7663
5 3 19.3671
5 4 26.2472
5 5 33.4962
5 6 41.2366
5 7 49.5852
5 8 58.6772
5 9 68.666
5 10 79.6983
5 11 91.9476
5 12 105.564
5 13 120.692
5 14 137.443
5 15 155.846
5 16 175.87
5 17 197.295
5 18 219.774
5 19 242.656
5 20 265.066
5 21 285.744
5 22 303.071
5 23 315.1
5 24 319.459
5 25 313.609
5 26 294.879
5 27 260.697
5 28 208.929
5 29 138.129
5 30 47.925
5 31 -60.6506
5 32 -184.808
5 33 -319.965
5 34 -459.665
5 35 -595.831
5 36 -719.219
5 37 -820.173
5 38 -889.483
5 39 -919.448
5 40 -904.866
5 41 -843.952
5 42 -738.972
5 43 -596.438
5 44 -426.848
5 45 -243.957
5 46 -63.5573
5 47 98.1163
5 48 226.048
5 49 308.093
5 50 336.351
5 51 308.093
5 52 226.048
5 53 98.1163
5 54 -63.5573
5 55 -243.957
5 56 -426.848
5 57 -596.438
5 58 -738.972
5 59 -843.952
5 60 -904.866
5 61 -919.448
5 62 -889.483
5 63 -820.173
5 64 -719.219
5 65 -595.831
5 66 -459.665
5 67 -319.965
5 68 -184.808
5 69 -60.6506
5 70 47.925
5 71 138.129
5 72 208.929
5 73 260.697
5 74 294.879
5 75 313.609
5 76 319.459
5 77 315.1
5 78 303.071
5 79 285.744
5 80 265.066
5 81 242.656
5 82 219.774
5 83 197.295
5 84 175.87
5 85 155.846
5 86 137.443
5 87 120.692
5 88 105.564
5 89 91.9476
5 90 79.6983
5 91 68.666
5 92 58.6772
5 93 49.5852
5 94 41.2366
5 95 33.4962
5 96 26.2472
5 97 19.3671
5 98 12.7663
5 99 6.33783
5 100 0

6 0 0
6 1 7.79913
6 2 15.7071
6 3 23.8363
6 4 32.3036
6 5 41.2366
6 6 50.7701
6 7 61.0559
6 8 72.2524
6 9 84.5367
6 10 98.0852
6 11 113.084
6 12 129.701
6 13 148.081
6 14 168.314
6 15 190.41
6 16 214.245
6 17 239.541
6 18 265.755
6 19 292.114
6 20 317.439
6 21 340.217
6 22 358.514
6 23 369.936
6 24 371.83
6 25 361.211
6 26 335.078
6 27 290.663
6 28 225.641
6 29 138.64
6 30 29.524
6 31 -100.145
6 32 -246.911
6 33 -405.148
6 34 -567.232
6 35 -723.737
6 36 -864.055
6 37 -977.157
6 38 -1052.69
6 39 -1082.11
6 40 -1059.81
6 41 -984.126
6 42 -858.001
6 43 -689.225
6 44 -490.068
6 45 -276.445
6 46 -66.4831
6 47 121.193
6 48 269.442
6 49 364.4
6 50 397.096
6 51 364.4
6 52 269.442
6 53 121.193
6 54 -66.4831
6 55 -276.445
6 56 -490.068
6 57 -689.225
6 58 -858.001
6 59 -984.126
6 60 -1059.81
6 61 -1082.11
6 62 -1052.69
6 63 -977.157
6 64 -864.055
6 65 -723.737
6 66 -567.232
6 67 -405.148
6 68 -246.911
6 69 -100.145
6 70 29.524
6 71 138.64
6 72 225.641
6 73 290.663
6 74 335.078
6 75 361.211
6 76 371.83
6 77 369.936
6 78 358.514
6 79 340.217
6 80 317.439
6 81 292.114
6 82 265.755
6 83 239.541
6 84 214.245
6 85 190.41
6 86 168.314
6 87 148.081
6 88 129.701
6 89 113.084
6 90 98.0852
6 91 84.5367
6 92 72.2524
6 93 61.0559
6 94 50.7701
6 95 41.2366
6 96 32.3036
6 97 23.8363
6 98 15.7071
6 99 7.79913
6 100 0

7 0 0
7 1 9.37395
7 2 18.8785
7 3 28.6547
7 4 38.8375
7 5 49.5852
7 6 61.0559
7 7 73.4243
7 8 86.8827
7 9 101.615
7 10 117.836
7 11 135.721
7 12 155.457
7 13 177.162
7 14 200.895
7 15 226.604
7 16 254.079
7 17 282.89
7 18 312.367
7 19 341.454
7 20 368.781
7 21 392.496
7 22 410.315
7 23 419.587
7 24 417.219
7 25 400.013
7 26 364.742
7 27 308.457
7 28 228.948
7 29 124.972
7 30 -3.15498
7 31 -153.317
7 32 -321.183
7 33 -500.216
7 34 -681.619
7 35 -854.833
7 36 -1008.06
7 37 -1129.27
7 38 -1207.28
7 39 -1233.03
7 40 -1200.82
7 41 -1109.3
7 42 -962.229
7 43 -768.584
7 44 -542.259
7 45 -300.986
7 46 -64.8784
7 47 145.547
7 48 311.4
7 49 417.515
7 50 454.017
7 51 417.515
7 52 311.4
7 53 145.547
7 54 -64.8784
7 55 -300.986
7 56 -542.259
7 57 -768.584
7 58 -962.229
7 59 -1109.3
7 60 -1200.82
7 61 -1233.03
7 62 -1207.28
7 63 -1129.27
7 64 -1008.06
7 65 -854.833
7 66 -681.619
7 67 -500.216
7 68 -321.183
7 69 -153.317
7 70 -3.15498
7 71 124.972
7 72 228.948
7 73 308.457
7 74 364.742
7 75 400.013
7 76 417.219
7 77 419.587
7 78 410.315
7 79 392.496
7 80 368.781
7 81 341.454
7 82 312.367
7 83 282.89
7 84 254.079
7 85 226.604
7 86 200.895
7 87 177.162
7 88 155.457
7 89 135.721
7 90 117.836
7 91 101.615
7 92 86.8827
7 93 73.4243
7 94 61.0559
7 95 49.5852
7 96 38.8375
7 97 28.6547
7 98 18.8785
7 99 9.37395
7 100 0

8 0 0
8 1 11.0867
8 2 22.3288
8 3 33.8989
8 4 45.9505
8 5 58.6772
8 6 72.2524
8 7 86.8827
8 8 102.775
8 9 120.135
8 10 139.184
8 11 160.099
8 12 183.05
8 13 208.127
8 14 235.319
8 15 264.505
8 16 295.315
8 17 327.206
8 18 359.237
8 19 390.185
8 20 418.338
8 21 441.57
8 22 457.314
8 23 462.54
8 24 453.992
8 25 428.206
8 26 381.881
8 27 312.135
8 28 216.896
8 29 95.3518
8 30 -51.6876
8 31 -221.325
8 32 -408.437
8 33 -605.457
8 34 -802.641
8 35 -988.397
8 36 -1150.08
8 37 -1274.94
8 38 -1351.38
8 39 -1370.18
8 40 -1325.82
8 41 -1217.53
8 42 -1049.91
8 43 -833.113
8 44 -582.397
8 45 -317.015
8 46 -58.5854
8 47 170.918
8 48 351.391
8 49 466.681
8 50 506.323
8 51 466.681
8 52 351.391
8 53 170.918
8 54 -58.5854
8 55 -317.015
8 56 -582.397
8 57 -833.113
8 58 -1049.91
8 59 -1217.53
8 60 -1325.82
8 61 -1370.18
8 62 -1351.38
8 63 -1274.94
8 64 -1150.08
8 65 -988.397
8 66 -802.641
8 67 -605.457
8 68 -408.437
8 69 -221.325
8 70 -51.6876
8 71 95.3518
8 72 216.896
8 73 312.135
8 74 381.881
8 75 428.206
8 76 453.992
8 77 462.54
8 78 457.314
8 79 441.57
8 80 418.338
8 81 390.185
8 82 359.237
8 83 327.206
8 84 295.315
8 85 264.505
8 86 235.319
8 87 208.127
8 88 183.05
8 89 160.099
8 90 139.184
8 91 120.135
8 92 102.775
8 93 86.8827
8 94 72.2524
8 95 58.6772
8 96 45.9505
8 97 33.8989
8 98 22.3288
8 99 11.0867
8 100 0

9 0 0
9 1 12.9762
9 2 26.1355
9 3 39.6756
9 4 53.7805
9 5 68.666
9 6 84.5367
9 7 101.615
9 8 120.135
9 9 140.299
9 10 162.343
9 11 186.415
9 12 212.66
9 13 241.099
9 14 271.643
9 15 304.039
9 16 337.781
9 17 372.093
9 18 405.859
9 19 437.52
9 20 465.138
9 21 486.263
9 22 498.019
9 23 497.204
9 24 480.306
9 25 443.853
9 26 384.576
9 27 299.775
9 28 187.799
9 29 48.2868
9 30 -117.164
9 31 -304.921
9 32 -508.899
9 33 -720.678
9 34 -929.563
9 35 -1123.28
9 36 -1288.58
9 37 -1412.41
9 38 -1483.07
9 39 -1491.59
9 40 -1432.94
9 41 -1307.11
9 42 -1119.64
9 43 -881.743
9 44 -609.836
9 45 -324.264
9 46 -47.7109
9 47 196.939
9 48 388.777
9 49 511.118
9 50 553.134
9 51 511.118
9 52 388.777
9 53 196.939
9 54 -47.7109
9 55 -324.264
9 56 -609.836
9 57 -881.743
9 58 -1119.64
9 59 -1307.11
9 60 -1432.94
9 61 -1491.59
9 62 -1483.07
9 63 -1412.41
9 64 -1288.58
9 65 -1123.28
9 66 -929.563
9 67 -720.678
9 68 -508.899
9 69 -304.921
9 70 -117.164
9 71 48.2868
9 72 187.799
9 73 299.775
9 74 384.576
9 75 443.853
9 76 480.306
9 77 497.204
9 78 498.019
9 79 486.263
9 80 465.138
9 81 437.52
9 82 405.859
9 83 372.093
9 84 337.781
9 85 304.039
9 86 271.643
9 87 241.099
9 88 212.66
9 89 186.415
9 90 162.343
9 91 140.299
9 92 120.135
9 93 101.615
9 94 84.5367
9 95 68.666
9 96 53.7805
9 97 39.6756
9 98 26.1355
9 99 12.9762
9 100 0

10 0 0
10 1 15.0632
10 2 30.3406
10 3 46.0588
10 4 62.4306
10 5 79.6983
10 6 98.0852
10 7 117.836
10 8 139.184
10 9 162.343
10 10 187.52
10 11 214.843
10 12 244.388
10 13 276.105
10 14 309.775
10 15 345.006
10 16 381.074
10 17 417.018
10 18 451.401
10 19 482.453
10 20 507.897
10 21 525.024
10 22 530.76
10 23 521.669
10 24 494.24
10 25 445.009
10 26 370.942
10 27 269.713
10 28 140.173
10 29 -17.2508
10 30 -200.258
10 31 -404.22
10 32 -622.233
10 33 -844.971
10 34 -1061.14
10 35 -1257.87
10 36 -1421.72
10 37 -1539.65
10 38 -1600.35
10 39 -1595.36
10 40 -1520.51
10 41 -1376.67
10 42 -1170.39
10 43 -913.824
10 44 -624.235
10 45 -322.722
10 46 -32.5359
10 47 223.029
10 48 422.833
10 49 550.009
10 50 593.655
10 51 550.009
10 52 422.833
10 53 223.029
10 54 -32.5359
10 55 -322.722
10 56 -624.235
10 57 -913.824
10 58 -1170.39
10 59 -1376.67
10 60 -1520.51
10 61 -1595.36
10 62 -1600.35
10 63 -1539.65
10 64 -1421.72
10 65 -1257.87
10 66 -1061.14
10 67 -844.971
10 68 -622.233
10 69 -404.22
10 70 -200.258
10 71 -17.2508
10 72 140.173
10 73 269.713
10 74 370.942
10 75 445.009
10 76 494.24
10 77 521.669
10 78 530.76
10 79 525.024
10 80 507.897
10 81 482.453
10 82 451.401
10 83 417.018
10 84 381.074
10 85 345.006
10 86 309.775
10 87 276.105
10 88 244.388
10 89 214.843
10 90 187.52
10 91 162.343
10 92 139.184
10 93 117.836
10 94 98.0852
10 95 79.6983
10 96 62.4306
10 97 46.0588
10 98 30.3406
10 99 15.0632
10 100 0

11 0 0
11 1 17.3976
11 2 35.0411
11 3 53.1802
11 4 72.0639
11 5 91.9476
11 6 113.084
11 7 135.721
11 8 160.099
11 9 186.415
11 10 214.843
11 11 245.455
11 12 278.246
11 13 313.042
11 14 349.488
11 15 386.978
11 16 424.607
11 17 461.103
11 18 494.824
11 19 523.651
11 20 545.078
11 21 556.156
11 22 553.609
11 23 533.975
11 24 493.759
11 25 429.734
11 26 339.219
11 27 220.454
11 28 73.0159
11 29 -101.92
11 30 -301.003
11 31 -518.803
11 32 -747.459
11 33 -977.009
11 34 -1195.56
11 35 -1390.14
11 36 -1547.34
11 37 -1654.59
11 38 -1701.23
11 39 -1679.81
11 40 -1587.14
11 41 -1425.21
11 42 -1201.51
11 43 -929.052
11 44 -625.658
11 45 -312.735
11 46 -13.5953
11 47 248.571
11 48 452.824
11 49 582.539
11 50 627.003
11 51 582.539
11 52 452.824
11 53 248.571
11 54 -13.5953
11 55 -312.735
11 56 -625.658
11 57 -929.052
11 58 -1201.51
11 59 -1425.21
11 60 -1587.14
11 61 -1679.81
11 62 -1701.23
11 63 -1654.59
11 64 -1547.34
11 65 -1390.14
11 66 -1195.56
11 67 -977.009
11 68 -747.459
11 69 -518.803
11 70 -301.003
11 71 -101.92
11 72 73.0159
11 73 220.454
11 74 339.219
11 75 429.734
11 76 493.759
11 77 533.975
11 78 553.609
11 79 556.156
11 80 545.078
11 81 523.651
11 82 494.824
11 83 461.103
11 84 424.607
11 85 386.978
11 86 349.488
11 87 313.042
11 88 278.246
11 89 245.455
11 90 214.843
11 91 186.415
11 92 160.099
11 93 135.721
11 94 113.084
11 95 91.9476
11 96 72.0639
11 97 53.1802
11 98 35.0411
11 99 17.3976
11 100 0

12 0 0
12 1 20.007
12 2 40.2908
12 3 61.1279
12 4 82.7943
12 5 105.564
12 6 129.701
12 7 155.457
12 8 183.05
12 9 212.66
12 10 244.388
12 11 278.246
12 12 314.097
12 13 351.636
12 14 390.312
12 15 429.316
12 16 467.466
12 17 503.261
12 18 534.719
12 19 559.51
12 20 574.847
12 21 577.617
12 22 564.476
12 23 531.984
12 24 476.846
12 25 396.202
12 26 287.915
12 27 150.934
12 28 -14.3457
12 29 -205.685
12 30 -418.921
12 31 -647.536
12 32 -882.997
12 33 -1114.68
12 34 -1330.58
12 35 -1517.65
12 36 -1663.07
12 37 -1754.98
12 38 -1783.84
12 39 -1743.39
12 40 -1631.75
12 41 -1452.06
12 42 -1212.8
12 43 -927.571
12 44 -614.483
12 45 -294.843
12 46 8.4352
12 47 272.781
12 48 477.96
12 49 607.944
12 50 652.454
12 51 607.944
12 52 477.96
12 53 272.781
12 54 8.4352
12 55 -294.843
12 56 -614.483
12 57 -927.571
12 58 -1212.8
12 59 -1452.06
12 60 -1631.75
12 61 -1743.39
12 62 -1783.84
12 63 -1754.98
12 64 -1663.07
12 65 -1517.65
12 66 -1330.58
12 67 -1114.68
12 68 -882.997
12 69 -647.536
12 70 -418.921
12 71 -205.685
12 72 -14.3457
12 73 150.934
12 74 287.915
12 75 396.202
12 76 476.846
12 77 531.984
12 78 564.476
12 79 577.617
12 80 574.847
12 81 559.51
12 82 534.719
12 83 503.261
12 84 467.466
12 85 429.316
12 86 390.312
12 87 351.636
12 88 314.097
12 89 278.246
12 90 244.388
12 91 212.66
12 92 183.05
12 93 155.457
12 94 129.701
12 95 105.564
12 96 82.7943
12 97 61.1279
12 98 40.2908
12 99 20.007
12 100 0

13 0 0
13 1 22.9334
13 2 46.1712
13 3 70.0139
13 4 94.7599
13 5 120.692
13 6 148.081
13 7 177.162
13 8 208.127
13 9 241.099
13 10 276.105
13 11 313.042
13 12 351.636
13 13 391.391
13 14 431.567
13 15 471.064
13 16 508.5
13 17 542.007
13 18 569.423
13 19 588.1
13 20 595.107
13 21 587.234
13 22 561.141
13 23 513.563
13 24 441.575
13 25 342.802
13 26 215.827
13 27 60.468
13 28 -121.891
13 29 -328.069
13 30 -552.746
13 31 -788.699
13 32 -1026.58
13 33 -1255.54
13 34 -1463.42
13 35 -1637.76
13 36 -1766.38
13 37 -1838.68
13 38 -1846.41
13 39 -1784.89
13 40 -1653.63
13 41 -1457.03
13 42 -1204.41
13 43 -909.875
13 44 -591.426
13 45 -269.882
13 46 32.7193
13 47 294.895
13 48 497.517
13 49 625.536
13 50 669.31
13 51 625.536
13 52 497.517
13 53 294.895
13 54 32.7193
13 55 -269.882
13 56 -591.426
13 57 -909.875
13 58 -1204.41
13 59 -1457.03
13 60 -1653.63
13 61 -1784.89
13 62 -1846.41
13 63 -1838.68
13 64 -1766.38
13 65 -1637.76
13 66 -1463.42
13 67 -1255.54
13 68 -1026.58
13 69 -788.699
13 70 -552.746
13 71 -328.069
13 72 -121.891
13 73 60.468
13 74 215.827
13 75 342.802
13 76 441.575
13 77 513.563
13 78 561.141
13 79 587.234
13 80 595.107
13 81 588.1
13 82 569.423
13 83 542.007
13 84 508.5
13 85 471.064
13 86 431.567
13 87 391.391
13 88 351.636
13 89 313.042
13 90 276.105
13 91 241.099
13 92 208.127
13 93 177.162
13 94 148.081
13 95 120.692
13 96 94.7599
13 97 70.0139
13 98 46.1712
13 99 22.9334
13 100 0

14 0 0
14 1 26.2131
14 2 52.75
14 3 79.9331
14 4 108.067
14 5 137.443
14 6 168.314
14 7 200.895
14 8 235.319
14 9 271.643
14 10 309.775
14 11 349.488
14 12 390.312
14 13 431.567
14 14 472.235
14 15 511.003
14 16 546.146
14 17 575.607
14 18 596.893
14 19 607.241
14 20 603.558
14 21 582.663
14 22 541.341
14 23 476.682
14 24 386.19
14 25 268.24
14 26 122.229
14 27 -51.0307
14 28 -249.125
14 29 -467.716
14 30 -700.676
14 31 -939.826
14 32 -1175.46
14 33 -1396.48
14 34 -1591.11
14 35 -1747.5
14 36 -1854.74
14 37 -1903.56
14 38 -1887.46
14 39 -1803.4
14 40 -1652.48
14 41 -1440.3
14 42 -1176.98
14 43 -876.827
14 44 -557.471
14 45 -238.848
14 46 58.3528
14 47 314.111
14 48 510.852
14 49 634.746
14 50 677.066
14 51 634.746
14 52 510.852
14 53 314.111
14 54 58.3528
14 55 -238.848
14 56 -557.471
14 57 -876.827
14 58 -1176.98
14 59 -1440.3
14 60 -1652.48
14 61 -1803.4
14 62 -1887.46
14 63 -1903.56
14 64 -1854.74
14 65 -1747.5
14 66 -1591.11
14 67 -1396.48
14 68 -1175.46
14 69 -939.826
14 70 -700.676
14 71 -467.716
14 72 -249.125
14 73 -51.0307
14 74 122.229
14 75 268.24
14 76 386.19
14 77 476.682
14 78 541.341
14 79 582.663
14 80 603.558
14 81 607.241
14 82 596.893
14 83 575.607
14 84 546.146
14 85 511.003
14 86 472.235
14 87 431.567
14 88 390.312
14 89 349.488
14 90 309.775
14 91 271.643
14 92 235.319
14 93 200.895
14 94 168.314
14 95 137.443
14 96 108.067
14 97 79.9331
14 98 52.75
14 99 26.2131
14 100 0

15 0 0
15 1 29.8619
15 2 60.059
15 3 90.9245
15 4 122.761
15 5 155.846
15 6 190.41
15 7 226.604
15 8 264.505
15 9 304.039
15 10 345.006
15 11 386.978
15 12 429.316
15 13 471.064
15 14 511.003
15 15 547.473
15 16 578.579
15 17 601.902
15 18 614.866
15 19 614.496
15 20 597.736
15 21 561.51
15 22 502.904
15 23 419.432
15 24 309.32
15 25 171.691
15 26 6.95529
15 27 -183.016
15 28 -394.695
15 29 -622.751
15 30 -860.057
15 31 -1097.93
15 32 -1326.24
15 33 -1534.1
15 34 -1710.26
15 35 -1843.95
15 36 -1925.62
15 37 -1947.79
15 38 -1905.78
15 39 -1798.41
15 40 -1628.38
15 41 -1402.47
15 42 -1131.47
15 43 -829.597
15 44 -513.842
15 45 -202.826
15 46 84.3748
15 47 329.721
15 48 517.401
15 49 635.224
15 50 675.372
15 51 635.224
15 52 517.401
15 53 329.721
15 54 84.3748
15 55 -202.826
15 56 -513.842
15 57 -829.597
15 58 -1131.47
15 59 -1402.47
15 60 -1628.38
15 61 -1798.41
15 62 -1905.78
15 63 -1947.79
15 64 -1925.62
15 65 -1843.95
15 66 -1710.26
15 67 -1534.1
15 68 -1326.24
15 69 -1097.93
15 70 -860.057
15 71 -622.751
15 72 -394.695
15 73 -183.016
15 74 6.95529
15 75 171.691
15 76 309.32
15 77 419.432
15 78 502.904
15 79 561.51
15 80 597.736
15 81 614.496
15 82 614.866
15 83 601.902
15 84 578.579
15 85 547.473
15 86 511.003
15 87 471.064
15 88 429.316
15 89 386.978
15 90 345.006
15 91 304.039
15 92 264.505
15 93 226.604
15 94 190.41
15 95 155.846
15 96 122.761
15 97 90.9245
15 98 60.059
15 99 29.8619
15 100 0

16 0 0
16 1 33.9011
16 2 68.1307
16 3 103.023
16 4 138.847
16 5 175.87
16 6 214.245
16 7 254.079
16 8 295.315
16 9 337.781
16 10 381.074
16 11 424.607
16 12 467.466
16 13 508.5
16 14 546.146
16 15 578.579
16 16 603.539
16 17 618.543
16 18 620.768
16 19 607.298
16 20 575.14
16 21 521.485
16 22 443.833
16 23 340.356
16 24 209.999
16 25 52.8969
16 26 -129.504
16 27 -334.228
16 28 -556.632
16 29 -790.407
16 30 -1027.71
16 31 -1259.34
16 32 -1475.19
16 33 -1664.69
16 34 -1817.48
16 35 -1924.09
16 36 -1976.7
16 37 -1969.72
16 38 -1900.49
16 39 -1769.79
16 40 -1581.84
16 41 -1344.57
16 42 -1069.14
16 43 -769.599
16 44 -461.866
16 45 -163.048
16 46 109.931
16 47 341.107
16 48 516.907
16 49 626.768
16 50 664.173
16 51 626.768
16 52 516.907
16 53 341.107
16 54 109.931
16 55 -163.048
16 56 -461.866
16 57 -769.599
16 58 -1069.14
16 59 -1344.57
16 60 -1581.84
16 61 -1769.79
16 62 -1900.49
16 63 -1969.72
16 64 -1976.7
16 65 -1924.09
16 66 -1817.48
16 67 -1664.69
16 68 -1475.19
16 69 -1259.34
16 70 -1027.71
16 71 -790.407
16 72 -556.632
16 73 -334.228
16 74 -129.504
16 75 52.8969
16 76 209.999
16 77 340.356
16 78 443.833
16 79 521.485
16 80 575.14
16 81 607.298
16 82 620.768
16 83 618.543
16 84 603.539
16 85 578.579
16 86 546.146
16 87 508.5
16 88 467.466
16 89 424.607
16 90 381.074
16 91 337.781
16 92 295.315
16 93 254.079
16 94 214.245
16 95 175.87
16 96 138.847
16 97 103.023
16 98 68.1307
16 99 33.9011
16 100 0

17 0 0
17 1 38.3025
17 2 76.9152
17 3 116.128
17 4 156.195
17 5 197.295
17 6 239.541
17 7 282.89
17 8 327.206
17 9 372.093
17 10 417.018
17 11 461.103
17 12 503.261
17 13 542.007
17 14 575.607
17 15 601.902
17 16 618.543
17 17 622.81
17 18 611.93
17 19 583.022
17 20 533.338
17 21 460.48
17 22 362.523
17 23 238.374
17 24 87.9301
17 25 -87.6658
17 26 -285.867
17 27 -502.555
17 28 -732.096
17 29 -967.294
17 30 -1199.74
17 31 -1420
17 32 -1618.15
17 33 -1784.33
17 34 -1909.29
17 35 -1985.12
17 36 -2005.88
17 37 -1968.09
17 38 -1871.19
17 39 -1717.8
17 40 -1513.75
17 41 -1267.87
17 42 -991.607
17 43 -698.394
17 44 -403.008
17 45 -120.566
17 46 134.184
17 47 347.894
17 48 509.19
17 49 609.571
17 50 643.622
17 51 609.571
17 52 509.19
17 53 347.894
17 54 134.184
17 55 -120.566
17 56 -403.008
17 57 -698.394
17 58 -991.607
17 59 -1267.87
17 60 -1513.75
17 61 -1717.8
17 62 -1871.19
17 63 -1968.09
17 64 -2005.88
17 65 -1985.12
17 66 -1909.29
17 67 -1784.33
17 68 -1618.15
17 69 -1420
17 70 -1199.74
17 71 -967.294
17 72 -732.096
17 73 -502.555
17 74 -285.867
17 75 -87.6658
17 76 87.9301
17 77 238.374
17 78 362.523
17 79 460.48
17 80 533.338
17 81 583.022
17 82 611.93
17 83 622.81
17 84 618.543
17 85 601.902
17 86 575.607
17 87 542.007
17 88 503.261
17 89 461.103
17 90 417.018
17 91 372.093
17 92 327.206
17 93 282.89
17 94 239.541
17 95 197.295
17 96 156.195
17 97 116.128
17 98 76.9152
17 99 38.3025
17 100 0

18 0 0
18 1 43.0276
18 2 86.3092
18 3 130.093
18 4 174.538
18 5 219.774
18 6 265.755
18 7 312.367
18 8 359.237
18 9 405.859
18 10 451.401
18 11 494.824
18 12 534.719
18 13 569.423
18 14 596.893
18 15 614.866
18 16 620.768
18 17 611.93
18 18 585.596
18 19 539.112
18 20 470.148
18 21 376.777
18 22 257.862
18 23 113.144
18 24 -56.4624
18 25 -248.742
18 26 -460.005
18 27 -685.132
18 28 -917.512
18 29 -1149.33
18 30 -1371.75
18 31 -1575.41
18 32 -1750.87
18 33 -1889.13
18 34 -1982.37
18 35 -2024.45
18 36 -2011.44
18 37 -1942.03
18 38 -1817.77
18 39 -1643.13
18 40 -1425.33
18 41 -1173.96
18 42 -900.48
18 43 -617.627
18 44 -338.603
18 45 -76.4705
18 46 156.627
18 47 349.898
18 48 494.557
18 49 584.025
18 50 614.318
18 51 584.025
18 52 494.557
18 53 349.898
18 54 156.627
18 55 -76.4705
18 56 -338.603
18 57 -617.627
18 58 -900.48
18 59 -1173.96
18 60 -1425.33
18 61 -1643.13
18 62 -1817.77
18 63 -1942.03
18 64 -2011.44
18 65 -2024.45
18 66 -1982.37
18 67 -1889.13
18 68 -1750.87
18 69 -1575.41
18 70 -1371.75
18 71 -1149.33
18 72 -917.512
18 73 -685.132
18 74 -460.005
18 75 -248.742
18 76 -56.4624
18 77 113.144
18 78 257.862
18 79 376.777
18 80 470.148
18 81 539.112
18 82 585.596
18 83 611.93
18 84 620.768
18 85 614.866
18 86 596.893
18 87 569.423
18 88 534.719
18 89 494.824
18 90 451.401
18 91 405.859
18 92 359.237
18 93 312.367
18 94 265.755
18 95 219.774
18 96 174.538
18 97 130.093
18 98 86.3092
18 99 43.0276
18 100 0

19 0 0
19 1 47.9696
19 2 96.1205
19 3 144.574
19 4 193.438
19 5 242.656
19 6 292.114
19 7 341.454
19 8 390.185
19 9 437.52
19 10 482.453
19 11 523.651
19 12 559.51
19 13 588.1
19 14 607.241
19 15 614.496
19 16 607.298
19 17 583.022
19 18 539.112
19 19 473.319
19 20 383.744
19 21 269.24
19 22 129.438
19 23 -34.9226
19 24 -221.882
19 25 -428.116
19 26 -648.919
19 27 -878.185
19 28 -1108.59
19 29 -1331.81
19 30 -1538.94
19 31 -1720.87
19 32 -1868.89
19 33 -1975.24
19 34 -2033.61
19 35 -2039.81
19 36 -1991.99
19 37 -1891.07
19 38 -1740.59
19 39 -1546.77
19 40 -1318.02
19 41 -1064.53
19 42 -797.566
19 43 -528.851
19 44 -269.918
19 45 -31.4877
19 46 176.917
19 47 347.348
19 48 473.529
19 49 551.025
19 50 577.141
19 51 551.025
19 52 473.529
19 53 347.348
19 54 176.917
19 55 -31.4877
19 56 -269.918
19 57 -528.851
19 58 -797.566
19 59 -1064.53
19 60 -1318.02
19 61 -1546.77
19 62 -1740.59
19 63 -1891.07
19 64 -1991.99
19 65 -2039.81
19 66 -2033.61
19 67 -1975.24
19 68 -1868.89
19 69 -1720.87
19 70 -1538.94
19 71 -1331.81
19 72 -1108.59
19 73 -878.185
19 74 -648.919
19 75 -428.116
19 76 -221.882
19 77 -34.9226
19 78 129.438
19 79 269.24
19 80 383.744
19 81 473.319
19 82 539.112
19 83 583.022
19 84 607.298
19 85 614.496
19 86 607.241
19 87 588.1
19 88 559.51
19 89 523.651
19 90 482.453
19 91 437.52
19 92 390.185
19 93 341.454
19 94 292.114
19 95 242.656
19 96 193.438
19 97 144.574
19 98 96.1205
19 99 47.9696
19 100 0

20 0 0
20 1 52.9797
20 2 106.011
20 3 159.094
20 4 212.176
20 5 265.066
20 6 317.439
20 7 368.781
20 8 418.338
20 9 465.138
20 10 507.897
20 11 545.078
20 12 574.847
20 13 595.107
20 14 603.558
20 15 597.736
20 16 575.14
20 17 533.338
20 18 470.148
20 19 383.744
20 20 272.988
20 21 137.427
20 22 -22.2988
20 23 -204.465
20 24 -406.038
20 25 -622.658
20 26 -848.671
20 27 -1077.17
20 28 -1300.33
20 29 -1509.58
20 30 -1696.15
20 31 -1851.51
20 32 -1967.96
20 33 -2039.01
20 34 -2060.24
20 35 -2029.32
20 36 -1946.63
20 37 -1815.11
20 38 -1640.32
20 39 -1429.93
20 40 -1193.45
20 41 -941.34
20 42 -684.507
20 43 -433.484
20 44 -197.915
20 45 13.8864
20 46 195.171
20 47 340.796
20 48 447.137
20 49 511.795
20 50 533.49
20 51 511.795
20 52 447.137
20 53 340.796
20 54 195.171
20 55 13.8864
20 56 -197.915
20 57 -433.484
20 58 -684.507
20 59 -941.34
20 60 -1193.45
20 61 -1429.93
20 62 -1640.32
20 63 -1815.11
20 64 -1946.63
20 65 -2029.32
20 66 -2060.24
20 67 -2039.01
20 68 -1967.96
20 69 -1851.51
20 70 -1696.15
20 71 -1509.58
20 72 -1300.33
20 73 -1077.17
20 74 -848.671
20 75 -622.658
20 76 -406.038
20 77 -204.465
20 78 -22.2988
20 79 137.427
20 80 272.988
20 81 383.744
20 82 470.148
20 83 533.338
20 84 575.14
20 85 597.736
20 86 603.558
20 87 595.107
20 88 574.847
20 89 545.078
20 90 507.897
20 91 465.138
20 92 418.338
20 93 368.781
20 94 317.439
20 95 265.066
20 96 212.176
20 97 159.094
20 98 106.011
20 99 52.9797
20 100 0

21 0 0
21 1 57.8238
21 2 115.527
21 3 172.933
21 4 229.8
21 5 285.744
21 6 340.217
21 7 392.496
21 8 441.57
21 9 486.263
21 10 525.024
21 11 556.156
21 12 577.617
21 13 587.234
21 14 582.663
21 15 561.51
21 16 521.485
21 17 460.48
21 18 376.777
21 19 269.24
21 20 137.427
21 21 -18.1545
21 22 -195.901
21 23 -393.086
21 24 -605.615
21 25 -828.237
21 26 -1054.46
21 27 -1276.86
21 28 -1487.23
21 29 -1677.12
21 30 -1838.13
21 31 -1962.57
21 32 -2043.86
21 33 -2077.19
21 34 -2059.83
21 35 -1991.57
21 36 -1874.78
21 37 -1714.46
21 38 -1517.85
21 39 -1294.03
21 40 -1053.22
21 41 -806.037
21 42 -562.759
21 43 -332.601
21 44 -123.209
21 45 59.621
21 46 211.887
21 47 331.319
21 48 416.817
21 49 468.099
21 50 485.158
21 51 468.099
21 52 416.817
21 53 331.319
21 54 211.887
21 55 59.621
21 56 -123.209
21 57 -332.601
21 58 -562.759
21 59 -806.037
21 60 -1053.22
21 61 -1294.03
21 62 -1517.85
21 63 -1714.46
21 64 -1874.78
21 65 -1991.57
21 66 -2059.83
21 67 -2077.19
21 68 -2043.86
21 69 -1962.57
21 70 -1838.13
21 71 -1677.12
21 72 -1487.23
21 73 -1276.86
21 74 -1054.46
21 75 -828.237
21 76 -605.615
21 77 -393.086
21 78 -195.901
21 79 -18.1545
21 80 137.427
21 81 269.24
21 82 376.777
21 83 460.48
21 84 521.485
21 85 561.51
21 86 582.663
21 87 587.234
21 88 577.617
21 89 556.156
21 90 525.024
21 91 486.263
21 92 441.57
21 93 392.496
21 94 340.217
21 95 285.744
21 96 229.8
21 97 172.933
21 98 115.527
21 99 57.8238
21 100 0

22 0 0
22 1 62.1901
22 2 124.048
22 3 185.139
22 4 245.044
22 5 303.071
22 6 358.514
22 7 410.315
22 8 457.314
22 9 498.019
22 10 530.76
22 11 553.609
22 12 564.476
22 13 561.141
22 14 541.341
22 15 502.904
22 16 443.833
22 17 362.523
22 18 257.862
22 19 129.438
22 20 -22.2988
22 21 -195.901
22 22 -388.808
22 23 -597.238
22 24 -816.256
22 25 -1039.75
22 26 -1260.72
22 27 -1471.3
22 28 -1663.38
22 29 -1828.7
22 30 -1959.6
22 31 -2049.39
22 32 -2092.88
22 33 -2086.84
22 34 -2030.5
22 35 -1925.53
22 36 -1776.34
22 37 -1589.67
22 38 -1374.33
22 39 -1140.47
22 40 -898.87
22 41 -660.05
22 42 -433.486
22 43 -226.94
22 44 -45.9653
22 45 106.102
22 46 228.084
22 47 320.4
22 48 384.524
22 49 422.078
22 50 434.442
22 51 422.078
22 52 384.524
22 53 320.4
22 54 228.084
22 55 106.102
22 56 -45.9653
22 57 -226.94
22 58 -433.486
22 59 -660.05
22 60 -898.87
22 61 -1140.47
22 62 -1374.33
22 63 -1589.67
22 64 -1776.34
22 65 -1925.53
22 66 -2030.5
22 67 -2086.84
22 68 -2092.88
22 69 -2049.39
22 70 -1959.6
22 71 -1828.7
22 72 -1663.38
22 73 -1471.3
22 74 -1260.72
22 75 -1039.75
22 76 -816.256
22 77 -597.238
22 78 -388.808
22 79 -195.901
22 80 -22.2988
22 81 129.438
22 82 257.862
22 83 362.523
22 84 443.833
22 85 502.904
22 86 541.341
22 87 561.141
22 88 564.476
22 89 553.609
22 90 530.76
22 91 498.019
22 92 457.314
22 93 410.315
22 94 358.514
22 95 303.071
22 96 245.044
22 97 185.139
22 98 124.048
22 99 62.1901
22 100 0

23 0 0
23 1 65.682
23 2 130.74
23 3 194.529
23 4 256.264
23 5 315.1
23 6 369.936
23 7 419.587
23 8 462.54
23 9 497.204
23 10 521.669
23 11 533.975
23 12 531.984
23 13 513.563
23 14 476.682
23 15 419.432
23 16 340.356
23 17 238.374
23 18 113.144
23 19 -34.9226
23 20 -204.465
23 21 -393.086
23 22 -597.238
23 23 -812.312
23 24 -1032.55
23 25 -1251.31
23 26 -1461.16
23 27 -1654.25
23 28 -1822.61
23 29 -1958.61
23 30 -2055.47
23 31 -2107.69
23 32 -2111.56
23 33 -2065.59
23 34 -1970.75
23 35 -1830.67
23 36 -1651.46
23 37 -1441.51
23 38 -1210.88
23 39 -970.614
23 40 -731.739
23 41 -504.491
23 42 -297.417
23 43 -116.714
23 44 34.1379
23 45 154.31
23 46 245.248
23 47 310.077
23 48 352.605
23 49 376.429
23 50 384.054
23 51 376.429
23 52 352.605
23 53 310.077
23 54 245.248
23 55 154.31
23 56 34.1379
23 57 -116.714
23 58 -297.417
23 59 -504.491
23 60 -731.739
23 61 -970.614
23 62 -1210.88
23 63 -1441.51
23 64 -1651.46
23 65 -1830.67
23 66 -1970.75
23 67 -2065.59
23 68 -2111.56
23 69 -2107.69
23 70 -2055.47
23 71 -1958.61
23 72 -1822.61
23 73 -1654.25
23 74 -1461.16
23 75 -1251.31
23 76 -1032.55
23 77 -812.312
23 78 -597.238
23 79 -393.086
23 80 -204.465
23 81 -34.9226
23 82 113.144
23 83 238.374
23 84 340.356
23 85 419.432
23 86 476.682
23 87 513.563
23 88 531.984
23 89 533.975
23 90 521.669
23 91 497.204
23 92 462.54
23 93 419.587
23 94 369.936
23 95 315.1
23 96 256.264
23 97 194.529
23 98 130.74
23 99 65.682
23 100 0

24 0 0
24 1 67.8009
24 2 134.672
24 3 199.628
24 4 261.623
24 5 319.459
24 6 371.83
24 7 417.219
24 8 453.992
24 9 480.306
24 10 494.24
24 11 493.759
24 12 476.846
24 13 441.575
24 14 386.19
24 15 309.32
24 16 209.999
24 17 87.9301
24 18 -56.4624
24 19 -221.882
24 20 -406.038
24 21 -605.615
24 22 -816.256
24 23 -1032.55
24 24 -1248.22
24 25 -1456.23
24 26 -1649.08
24 27 -1819.08
24 28 -1958.78
24 29 -2061.32
24 30 -2121
24 31 -2133.66
24 32 -2097.12
24 33 -2011.55
24 34 -1879.68
24 35 -1706.78
24 36 -1500.64
24 37 -1270.92
24 38 -1028.73
24 39 -785.65
24 40 -552.877
24 41 -340.102
24 42 -154.84
24 43 -1.67222
24 44 117.953
24 45 205.623
24 46 265.363
24 47 302.774
24 48 323.912
24 49 334.122
24 50 337.093
24 51 334.122
24 52 323.912
24 53 302.774
24 54 265.363
24 55 205.623
24 56 117.953
24 57 -1.67222
24 58 -154.84
24 59 -340.102
24 60 -552.877
24 61 -785.65
24 62 -1028.73
24 63 -1270.92
24 64 -1500.64
24 65 -1706.78
24 66 -1879.68
24 67 -2011.55
24 68 -2097.12
24 69 -2133.66
24 70 -2121
24 71 -2061.32
24 72 -1958.78
24 73 -1819.08
24 74 -1649.08
24 75 -1456.23
24 76 -1248.22
24 77 -1032.55
24 78 -816.256
24 79 -605.615
24 80 -406.038
24 81 -221.882
24 82 -56.4624
24 83 87.9301
24 84 209.999
24 85 309.32
24 86 386.19
24 87 441.575
24 88 476.846
24 89 493.759
24 90 494.24
24 91 480.306
24 92 453.992
24 93 417.219
24 94 371.83
24 95 319.459
24 96 261.623
24 97 199.628
24 98 134.672
24 99 67.8009
24 100 0

25 0 0
25 1 67.991
25 2 134.706
25 3 198.816
25 4 258.952
25 5 313.609
25 6 361.211
25 7 400.013
25 8 428.206
25 9 443.853
25 10 445.009
25 11 429.734
25 12 396.202
25 13 342.802
25 14 268.24
25 15 171.691
25 16 52.8969
25 17 -87.6658
25 18 -248.742
25 19 -428.116
25 20 -622.658
25 21 -828.237
25 22 -1039.75
25 23 -1251.31
25 24 -1456.23
25 25 -1647.42
25 26 -1817.49
25 27 -1959.27
25 28 -2065.93
25 29 -2131.69
25 30 -2151.98
25 31 -2124.09
25 32 -2047.33
25 33 -1923.46
25 34 -1756.79
25 35 -1554.17
25 36 -1324.58
25 37 -1078.9
25 38 -828.91
25 39 -586.613
25 40 -362.985
25 41 -167.2
25 42 -5.56899
25 43 118.897
25 44 206.785
25 45 261.938
25 46 290.792
25 47 301.275
25 48 301.508
25 49 298.494
25 50 296.931
25 51 298.494
25 52 301.508
25 53 301.275
25 54 290.792
25 55 261.938
25 56 206.785
25 57 118.897
25 58 -5.56899
25 59 -167.2
25 60 -362.985
25 61 -586.613
25 62 -828.91
25 63 -1078.9
25 64 -1324.58
25 65 -1554.17
25 66 -1756.79
25 67 -1923.46
25 68 -2047.33
25 69 -2124.09
25 70 -2151.98
25 71 -2131.69
25 72 -2065.93
25 73 -1959.27
25 74 -1817.49
25 75 -1647.42
25 76 -1456.23
25 77 -1251.31
25 78 -1039.75
25 79 -828.237
25 80 -622.658
25 81 -428.116
25 82 -248.742
25 83 -87.6658
25 84 52.8969
25 85 171.691
25 86 268.24
25 87 342.802
25 88 396.202
25 89 429.734
25 90 445.009
25 91 443.853
25 92 428.206
25 93 400.013
25 94 361.211
25 95 313.609
25 96 258.952
25 97 198.816
25 98 134.706
25 99 67.991
25 100 0

26 0 0
26 1 65.6456
26 2 129.639
26 3 190.344
26 4 245.998
26 5 294.879
26 6 335.078
26 7 364.742
26 8 381.881
26 9 384.576
26 10 370.942
26 11 339.219
26 12 287.915
26 13 215.827
26 14 122.229
26 15 6.95529
26 16 -129.504
26 17 -285.867
26 18 -460.005
26 19 -648.919
26 20 -848.671
26 21 -1054.46
26 22 -1260.72
26 23 -1461.16
26 24 -1649.08
26 25 -1817.49
26 26 -1959.49
26 27 -2068.47
26 28 -2138.63
26 29 -2165.18
26 30 -2144.95
26 31 -2076.5
26 32 -1960.69
26 33 -1800.69
26 34 -1602.22
26 35 -1373.36
26 36 -1124.26
26 37 -866.503
26 38 -612.483
26 39 -374.229
26 40 -162.536
26 41 14.2487
26 42 150.927
26 43 246.116
26 44 302.266
26 45 325.388
26 46 324.124
26 47 308.533
26 48 288.64
26 49 272.914
26 50 267.016
26 51 272.914
26 52 288.64
26 53 308.533
26 54 324.124
26 55 325.388
26 56 302.266
26 57 246.116
26 58 150.927
26 59 14.2487
26 60 -162.536
26 61 -374.229
26 62 -612.483
26 63 -866.503
26 64 -1124.26
26 65 -1373.36
26 66 -1602.22
26 67 -1800.69
26 68 -1960.69
26 69 -2076.5
26 70 -2144.95
26 71 -2165.18
26 72 -2138.63
26 73 -2068.47
26 74 -1959.49
26 75 -1817.49
26 76 -1649.08
26 77 -1461.16
26 78 -1260.72
26 79 -1054.46
26 80 -848.671
26 81 -648.919
26 82 -460.005
26 83 -285.867
26 84 -129.504
26 85 6.95529
26 86 122.229
26 87 215.827
26 88 287.915
26 89 339.219
26 90 370.942
26 91 384.576
26 92 381.881
26 93 364.742
26 94 335.078
26 95 294.879
26 96 245.998
26 97 190.344
26 98 129.639
26 99 65.6456
26 100 0

27 0 0
27 1 60.1579
27 2 118.326
27 3 172.484
27 4 220.631
27 5 260.697
27 6 290.663
27 7 308.457
27 8 312.135
27 9 299.775
27 10 269.713
27 11 220.454
27 12 150.934
27 13 60.468
27 14 -51.0307
27 15 -183.016
27 16 -334.228
27 17 -502.555
27 18 -685.132
27 19 -878.185
27 20 -1077.17
27 21 -1276.86
27 22 -1471.3
27 23 -1654.25
27 24 -1819.08
27 25 -1959.27
27 26 -2068.47
27 27 -2141.05
27 28 -2172.11
27 29 -2158.18
27 30 -2097.26
27 31 -1989.34
27 32 -1836.54
27 33 -1643.33
27 34 -1416.61
27 35 -1165.47
27 36 -900.841
27 37 -634.967
27 38 -380.435
27 39 -149.261
27 40 48.23
27 41 204.445
27 42 315.407
27 43 381.225
27 44 406.142
27 45 398.151
27 46 367.904
27 47 327.424
27 48 288.379
27 49 260.606
27 50 250.571
27 51 260.606
27 52 288.379
27 53 327.424
27 54 367.904
27 55 398.151
27 56 406.142
27 57 381.225
27 58 315.407
27 59 204.445
27 60 48.23
27 61 -149.261
27 62 -380.435
27 63 -634.967
27 64 -900.841
27 65 -1165.47
27 66 -1416.61
27 67 -1643.33
27 68 -1836.54
27 69 -1989.34
27 70 -2097.26
27 71 -2158.18
27 72 -2172.11
27 73 -2141.05
27 74 -2068.47
27 75 -1959.27
27 76 -1819.08
27 77 -1654.25
27 78 -1471.3
27 79 -1276.86
27 80 -1077.17
27 81 -878.185
27 82 -685.132
27 83 -502.555
27 84 -334.228
27 85 -183.016
27 86 -51.0307
27 87 60.468
27 88 150.934
27 89 220.454
27 90 269.713
27 91 299.775
27 92 312.135
27 93 308.457
27 94 290.663
27 95 260.697
27 96 220.631
27 97 172.484
27 98 118.326
27 99 60.1579
27 100 0

28 0 0
28 1 50.9796
28 2 99.658
28 3 143.717
28 4 180.897
28 5 208.929
28 6 225.641
28 7 228.948
28 8 216.896
28 9 187.799
28 10 140.173
28 11 73.0159
28 12 -14.3457
28 13 -121.891
28 14 -249.125
28 15 -394.695
28 16 -556.632
28 17 -732.096
28 18 -917.512
28 19 -1108.59
28 20 -1300.33
28 21 -1487.23
28 22 -1663.38
28 23 -1822.61
28 24 -1958.78
28 25 -2065.93
28 26 -2138.63
28 27 -2172.11
28 28 -2162.71
28 29 -2108.07
28 30 -2007.47
28 31 -1862.05
28 32 -1675.15
28 33 -1452.29
28 34 -1201.28
28 35 -932.002
28 36 -655.97
28 37 -385.707
28 38 -133.951
28 39 87.5645
28 40 268.98
28 41 403.582
28 42 488.503
28 43 525.331
28 44 519.958
28 45 482.147
28 46 424.357
28 47 360.338
28 48 303.311
28 49 264.241
28 50 250.37
28 51 264.241
28 52 303.311
28 53 360.338
28 54 424.357
28 55 482.147
28 56 519.958
28 57 525.331
28 58 488.503
28 59 403.582
28 60 268.98
28 61 87.5645
28 62 -133.951
28 63 -385.707
28 64 -655.97
28 65 -932.002
28 66 -1201.28
28 67 -1452.29
28 68 -1675.15
28 69 -1862.05
28 70 -2007.47
28 71 -2108.07
28 72 -2162.71
28 73 -2172.11
28 74 -2138.63
28 75 -2065.93
28 76 -1958.78
28 77 -1822.61
28 78 -1663.38
28 79 -1487.23
28 80 -1300.33
28 81 -1108.59
28 82 -917.512
28 83 -732.096
28 84 -556.632
28 85 -394.695
28 86 -249.125
28 87 -121.891
28 88 -14.3457
28 89 73.0159
28 90 140.173
28 91 187.799
28 92 216.896
28 93 228.948
28 94 225.641
28 95 208.929
28 96 180.897
28 97 143.717
28 98 99.658
28 99 50.9796
28 100 0

29 0 0
29 1 37.7037
29 2 72.8581
29 3 102.94
29 4 125.487
29 5 138.129
29 6 138.64
29 7 124.972
29 8 95.3518
29 9 48.2868
29 10 -17.2508
29 11 -101.92
29 12 -205.685
29 13 -328.069
29 14 -467.716
29 15 -622.751
29 16 -790.407
29 17 -967.294
29 18 -1149.33
29 19 -1331.81
29 20 -1509.58
29 21 -1677.12
29 22 -1828.7
