0 0 0
0 1 0
0 2 0
0 3 0
0 4 0
0 5 0
0 6 0
0 7 0
0 8 0
0 9 0
0 10 0
0 11 0
0 12 0
0 13 0
0 14 0
0 15 0
0 16 0
0 17 0
0 18 0
0 19 0
0 20 0
0 21 0
0 22 0
0 23 0
0 24 0
0 25 0
0 26 0
0 27 0
0 28 0
0 29 0
0 30 0
0 31 0
0 32 0
0 33 0
0 34 0
0 35 0
0 36 0
0 37 0
0 38 0
0 39 0
0 40 0
0 41 0
0 42 0
0 43 0
0 44 0
0 45 0
0 46 0
0 47 0
0 48 0
0 49 0
0 50 0
0 51 0
0 52 0
0 53 0
0 54 0
0 55 0
0 56 0
0 57 0
0 58 0
0 59 0
0 60 0
0 61 0
0 62 0
0 63 0
0 64 0
0 65 0
0 66 0
0 67 0
0 68 0
0 69 0
0 70 0
0 71 0
0 72 0
0 73 0
0 74 0
0 75 0
0 76 0
0 77 0
0 78 0
0 79 0
0 80 0
0 81 0
0 82 0
0 83 0
0 84 0
0 85 0
0 86 0
0 87 0
0 88 0
0 89 0
0 90 0
0 91 0
0 92 0
0 93 0
0 94 0
0 95 0
0 96 0
0 97 0
0 98 0
0 99 0
0 100 0

1 0 0
1 1 0.647519
1 2 1.29835
1 3 1.96362
1 4 2.6416
1 5 3.34627
1 6 4.07913
1 7 4.85098
1 8 5.67191
1 9 6.55033
1 10 7.50273
1 11 8.54289
1 12 9.68867
1 13 10.9669
1 14 12.4001
1 15 14.0271
1 16 15.8949
1 17 18.0437
1 18 20.5591
1 19 23.4944
1 20 26.946
1 21 31.0219
1 22 35.8101
1 23 41.4447
1 24 48.0184
1 25 55.6176
1 26 64.2826
1 27 74.0069
1 28 84.6717
1 29 96.0354
1 30 107.685
1 31 119.036
1 32 129.274
1 33 137.373
1 34 142.131
1 35 142.201
1 36 136.2
1 37 122.816
1 38 100.969
1 39 69.9777
1 40 29.7263
1 41 -19.24
1 42 -75.5709
1 43 -137.141
1 44 -201.116
1 45 -264.133
1 46 -322.504
1 47 -372.581
1 48 -411.046
1 49 -435.263
1 50 -443.527
1 51 -435.263
1 52 -411.046
1 53 -372.581
1 54 -322.504
1 55 -264.133
1 56 -201.116
1 57 -137.141
1 58 -75.5709
1 59 -19.24
1 60 29.7263
1 61 69.9777
1 62 100.969
1 63 122.816
1 64 136.2
1 65 142.201
1 66 142.131
1 67 137.373
1 68 129.274
1 69 119.036
1 70 107.685
1 71 96.0354
1 72 84.6717
1 73 74.0069
1 74 64.2826
1 75 55.6176
1 76 48.0184
1 77 41.4447
1 78 35.8101
1 79 31.0219
1 80 26.946
1 81 23.4944
1 82 20.5591
1 83 18.0437
1 84 15.8949
1 85 14.0271
1 86 12.4001
1 87 10.9669
1 88 9.68867
1 89 8.54289
1 90 7.50273
1 91 6.55033
1 92 5.67191
1 93 4.85098
1 94 4.07913
1 95 3.34627
1 96 2.6416
1 97 1.96362
1 98 1.29835
1 99 0.647519
1 100 0

2 0 0
2 1 1.29835
2 2 2.60434
2 3 3.93935
2 4 5.30212
2 5 6.71902
2 6 8.19432
2 7 9.74903
2 8 11.4022
2 9 13.1716
2 10 15.0888
2 11 17.1799
2 12 19.4883
2 13 22.0535
2 14 24.9441
2 15 28.2172
2 16 31.9735
2 17 36.3159
2 18 41.3614
2 19 47.2731
2 20 54.2095
2 21 62.3664
2 22 71.964
2 23 83.2277
2 24 96.342
2 25 111.482
2 26 128.733
2 27 148.032
2 28 169.16
2 29 191.632
2 30 214.615
2 31 236.931
2 32 256.984
2 33 272.744
2 34 281.822
2 35 281.551
2 36 269.218
2 37 242.253
2 38 198.532
2 39 136.727
2 40 56.6339
2 41 -40.6371
2 42 -152.411
2 43 -274.481
2 44 -401.241
2 45 -526.024
2 46 -641.553
2 47 -740.632
2 48 -816.727
2 49 -864.637
2 50 -880.988
2 51 -864.637
2 52 -816.727
2 53 -740.632
2 54 -641.553
2 55 -526.024
2 56 -401.241
2 57 -274.481
2 58 -152.411
2 59 -40.6371
2 60 56.6339
2 61 136.727
2 62 198.532
2 63 242.253
2 64 269.218
2 65 281.551
2 66 281.822
2 67 272.744
2 68 256.984
2 69 236.931
2 70 214.615
2 71 191.632
2 72 169.16
2 73 148.032
2 74 128.733
2 75 111.482
2 76 96.342
2 77 83.2277
2 78 71.964
2 79 62.3664
2 80 54.2095
2 81 47.2731
2 82 41.3614
2 83 36.3159
2 84 31.9735
2 85 28.2172
2 86 24.9441
2 87 22.0535
2 88 19.4883
2 89 17.1799
2 90 15.0888
2 91 13.1716
2 92 11.4022
2 93 9.74903
2 94 8.19432
2 95 6.71902
2 96 5.30212
2 97 3.93935
2 98 2.60434
2 99 1.29835
2 100 0

3 0 0
3 1 1.96362
3 2 3.93935
3 3 5.95677
3 4 8.01715
3 5 10.1572
3 6 12.3863
3 7 14.7354
3 8 17.2354
3 9 19.9136
3 10 22.8187
3 11 25.994
3 12 29.4948
3 13 33.4014
3 14 37.7841
3 15 42.7601
3 16 48.4656
3 17 55.0283
3 18 62.6889
3 19 71.6116
3 20 82.0741
3 21 94.3801
3 22 108.789
3 23 125.668
3 24 145.274
3 25 167.837
3 26 193.445
3 27 222.039
3 28 253.236
3 29 286.292
3 30 319.97
3 31 352.527
3 32 381.567
3 33 404.094
3 34 416.61
3 35 415.218
3 36 395.935
3 37 355.007
3 38 289.371
3 39 197.131
3 40 78.0295
3 41 -66.2501
3 42 -231.726
3 43 -412.17
3 44 -599.328
3 45 -783.408
3 46 -953.737
3 47 -1099.74
3 48 -1211.81
3 49 -1282.35
3 50 -1306.42
3 51 -1282.35
3 52 -1211.81
3 53 -1099.74
3 54 -953.737
3 55 -783.408
3 56 -599.328
3 57 -412.17
3 58 -231.726
3 59 -66.2501
3 60 78.0295
3 61 197.131
3 62 289.371
3 63 355.007
3 64 395.935
3 65 415.218
3 66 416.61
3 67 404.094
3 68 381.567
3 69 352.527
3 70 319.97
3 71 286.292
3 72 253.236
3 73 222.039
3 74 193.445
3 75 167.837
3 76 145.274
3 77 125.668
3 78 108.789
3 79 94.3801
3 80 82.0741
3 81 71.6116
3 82 62.6889
3 83 55.0283
3 84 48.4656
3 85 42.7601
3 86 37.7841
3 87 33.4014
3 88 29.4948
3 89 25.994
3 90 22.8187
3 91 19.9136
3 92 17.2354
3 93 14.7354
3 94 12.3863
3 95 10.1572
3 96 8.01715
3 97 5.95677
3 98 3.93935
3 99 1.96362
3 100 0

4 0 0
4 1 2.6416
4 2 5.30212
4 3 8.01715
4 4 10.7958
4 5 13.6814
4 6 16.6916
4 7 19.8666
4 8 23.2458
4 9 26.8701
4 10 30.8013
4 11 35.0961
4 12 39.843
4 13 45.1227
4 14 51.0713
4 15 57.8102
4 16 65.5269
4 17 74.4356
4 18 84.7534
4 19 96.8
4 20 110.875
4 21 127.34
4 22 146.607
4 23 169.063
4 24 195.048
4 25 224.834
4 26 258.531
4 27 295.954
4 28 336.61
4 29 379.479
4 30 422.916
4 31 464.584
4 32 501.386
4 33 529.42
4 34 544.127
4 35 540.467
4 36 513.333
4 37 457.931
4 38 370.367
4 39 248.27
4 40 91.4082
4 41 -97.927
4 42 -314.507
4 43 -550.22
4 44 -794.324
4 45 -1034.11
4 46 -1255.76
4 47 -1445.6
4 48 -1591.28
4 49 -1682.93
4 50 -1714.21
4 51 -1682.93
4 52 -1591.28
4 53 -1445.6
4 54 -1255.76
4 55 -1034.11
4 56 -794.324
4 57 -550.22
4 58 -314.507
4 59 -97.927
4 60 91.4082
4 61 248.27
4 62 370.367
4 63 457.931
4 64 513.333
4 65 540.467
4 66 544.127
4 67 529.42
4 68 501.386
4 69 464.584
4 70 422.916
4 71 379.479
4 72 336.61
4 73 295.954
4 74 258.531
4 75 224.834
4 76 195.048
4 77 169.063
4 78 146.607
4 79 127.34
4 80 110.875
4 81 96.8
4 82 84.7534
4 83 74.4356
4 84 65.5269
4 85 57.8102
4 86 51.0713
4 87 45.1227
4 88 39.843
4 89 35.0961
4 90 30.8013
4 91 26.8701
4 92 23.2458
4 93 19.8666
4 94 16.6916
4 95 13.6814
4 96 10.7958
4 97 8.01715
4 98 5.30212
4 99 2.6416
4 100 0

5 0 0
5 1 3.34627
5 2 6.71902
5 3 10.1572
5 4 13.6814
5 5 17.3382
5 6 21.1579
5 7 25.1882
5 8 29.4823
5 9 34.0936
5 10 39.0997
5 11 44.5806
5 12 50.6314
5 13 57.3869
5 14 64.9706
5 15 73.5786
5 16 83.4255
5 17 94.7364
5 18 107.868
5 19 123.101
5 20 140.857
5 21 161.581
5 22 185.679
5 23 213.656
5 24 245.869
5 25 282.605
5 26 323.908
5 27 369.57
5 28 418.863
5 29 470.505
5 30 522.441
5 31 571.817
5 32 614.803
5 33 646.687
5 34 661.973
5 35 654.646
5 36 618.582
5 37 548.11
5 38 438.667
5 39 287.556
5 40 94.6156
5 41 -137.224
5 42 -401.556
5 43 -688.49
5 44 -985.05
5 45 -1275.9
5 46 -1544.45
5 47 -1774.25
5 48 -1950.46
5 49 -2061.27
5 50 -2099.08
5 51 -2061.27
5 52 -1950.46
5 53 -1774.25
5 54 -1544.45
5 55 -1275.9
5 56 -985.05
5 57 -688.49
5 58 -401.556
5 59 -137.224
5 60 94.6156
5 61 287.556
5 62 438.667
5 63 548.11
5 64 618.582
5 65 654.646
5 66 661.973
5 67 646.687
5 68 614.803
5 69 571.817
5 70 522.441
5 71 470.505
5 72 418.863
5 73 369.57
5 74 323.908
5 75 282.605
5 76 245.869
5 77 213.656
5 78 185.679
5 79 161.581
5 80 140.857
5 81 123.101
5 82 107.868
5 83 94.7364
5 84 83.4255
5 85 73.5786
5 86 64.9706
5 87 57.3869
5 88 50.6314
5 89 44.5806
5 90 39.0997
5 91 34.0936
5 92 29.4823
5 93 25.1882
5 94 21.1579
5 95 17.3382
5 96 13.6814
5 97 10.1572
5 98 6.71902
5 99 3.34627
5 100 0

6 0 0
6 1 4.07913
6 2 8.19432
6 3 12.3863
6 4 16.6916
6 5 21.1579
6 6 25.8301
6 7 30.766
6 8 36.0269
6 9 41.6874
6 10 47.8354
6 11 54.5688
6 12 62.0208
6 13 70.3188
6 14 79.6633
6 15 90.2454
6 16 102.324
6 17 116.219
6 18 132.229
6 19 150.799
6 20 172.337
6 21 197.313
6 22 226.263
6 23 259.628
6 24 297.832
6 25 341.11
6 26 389.489
6 27 442.558
6 28 499.458
6 29 558.576
6 30 617.497
6 31 672.802
6 32 720.089
6 33 753.889
6 34 767.91
6 35 755.273
6 36 709.078
6 37 622.934
6 38 491.807
6 39 312.774
6 40 85.8801
6 41 -185.32
6 42 -493.297
6 43 -826.612
6 44 -1170.28
6 45 -1506.7
6 46 -1816.87
6 47 -2081.99
6 48 -2285.12
6 49 -2412.8
6 50 -2456.35
6 51 -2412.8
6 52 -2285.12
6 53 -2081.99
6 54 -1816.87
6 55 -1506.7
6 56 -1170.28
6 57 -826.612
6 58 -493.297
6 59 -185.32
6 60 85.8801
6 61 312.774
6 62 491.807
6 63 622.934
6 64 709.078
6 65 755.273
6 66 767.91
6 67 753.889
6 68 720.089
6 69 672.802
6 70 617.497
6 71 558.576
6 72 499.458
6 73 442.558
6 74 389.489
6 75 341.11
6 76 297.832
6 77 259.628
6 78 226.263
6 79 197.313
6 80 172.337
6 81 150.799
6 82 132.229
6 83 116.219
6 84 102.324
6 85 90.2454
6 86 79.6633
6 87 70.3188
6 88 62.0208
6 89 54.5688
6 90 47.8354
6 91 41.6874
6 92 36.0269
6 93 30.766
6 94 25.8301
6 95 21.1579
6 96 16.6916
6 97 12.3863
6 98 8.19432
6 99 4.07913
6 100 0

7 0 0
7 1 4.85098
7 2 9.74903
7 3 14.7354
7 4 19.8666
7 5 25.1882
7 6 30.766
7 7 36.6623
7 8 42.9561
7 9 49.737
7 10 57.1064
7 11 65.1948
7 12 74.1336
7 13 84.1175
7 14 95.3258
7 15 108.027
7 16 122.502
7 17 139.069
7 18 158.151
7 19 180.133
7 20 205.514
7 21 234.806
7 22 268.49
7 23 307.084
7 24 350.931
7 25 400.255
7 26 454.919
7 27 514.445
7 28 577.664
7 29 642.734
7 30 706.813
7 31 766.07
7 32 815.491
7 33 849.047
7 34 859.741
7 35 840.087
7 36 782.517
7 37 680.195
7 38 527.746
7 39 322.238
7 40 63.9339
7 41 -242.926
7 42 -589.842
7 43 -963.967
7 44 -1348.67
7 45 -1724.43
7 46 -2070.29
7 47 -2365.53
7 48 -2591.55
7 49 -2733.51
7 50 -2781.93
7 51 -2733.51
7 52 -2591.55
7 53 -2365.53
7 54 -2070.29
7 55 -1724.43
7 56 -1348.67
7 57 -963.967
7 58 -589.842
7 59 -242.926
7 60 63.9339
7 61 322.238
7 62 527.746
7 63 680.195
7 64 782.517
7 65 840.087
7 66 859.741
7 67 849.047
7 68 815.491
7 69 766.07
7 70 706.813
7 71 642.734
7 72 577.664
7 73 514.445
7 74 454.919
7 75 400.255
7 76 350.931
7 77 307.084
7 78 268.49
7 79 234.806
7 80 205.514
7 81 180.133
7 82 158.151
7 83 139.069
7 84 122.502
7 85 108.027
7 86 95.3258
7 87 84.1175
7 88 74.1336
7 89 65.1948
7 90 57.1064
7 91 49.737
7 92 42.9561
7 93 36.6623
7 94 30.766
7 95 25.1882
7 96 19.8666
7 97 14.7354
7 98 9.74903
7 99 4.85098
7 100 0

8 0 0
8 1 5.67191
8 2 11.4022
8 3 17.2354
8 4 23.2458
8 5 29.4823
8 6 36.0269
8 7 42.9561
8 8 50.3583
8 9 58.3488
8 10 67.0426
8 11 76.5869
8 12 87.16
8 13 98.9387
8 14 112.186
8 15 127.153
8 16 144.16
8 17 163.596
8 18 185.825
8 19 211.347
8 20 240.627
8 21 274.157
8 22 312.489
8 23 355.99
8 24 405.052
8 25 459.706
8 26 519.78
8 27 584.512
8 28 652.599
8 29 721.814
8 30 789.054
8 31 850.002
8 32 899.252
8 33 930.228
8 34 935.494
8 35 907.06
8 36 836.99
8 37 718.124
8 38 545.016
8 39 314.793
8 40 28.084
8 41 -310.269
8 42 -690.848
8 43 -1099.68
8 44 -1518.77
8 45 -1927.12
8 46 -2302.28
8 47 -2622.08
8 48 -2866.61
8 49 -3020.12
8 50 -3072.45
8 51 -3020.12
8 52 -2866.61
8 53 -2622.08
8 54 -2302.28
8 55 -1927.12
8 56 -1518.77
8 57 -1099.68
8 58 -690.848
8 59 -310.269
8 60 28.084
8 61 314.793
8 62 545.016
8 63 718.124
8 64 836.99
8 65 907.06
8 66 935.494
8 67 930.228
8 68 899.252
8 69 850.002
8 70 789.054
8 71 721.814
8 72 652.599
8 73 584.512
8 74 519.78
8 75 459.706
8 76 405.052
8 77 355.99
8 78 312.489
8 79 274.157
8 80 240.627
8 81 211.347
8 82 185.825
8 83 163.596
8 84 144.16
8 85 127.153
8 86 112.186
8 87 98.9387
8 88 87.16
8 89 76.5869
8 90 67.0426
8 91 58.3488
8 92 50.3583
8 93 42.9561
8 94 36.0269
8 95 29.4823
8 96 23.2458
8 97 17.2354
8 98 11.4022
8 99 5.67191
8 100 0

9 0 0
9 1 6.55033
9 2 13.1716
9 3 19.9136
9 4 26.8701
9 5 34.0936
9 6 41.6874
9 7 49.737
9 8 58.3488
9 9 67.6596
9 10 77.7909
9 11 88.938
9 12 101.259
9 13 115.016
9 14 130.434
9 15 147.839
9 16 167.56
9 17 189.974
9 18 215.518
9 19 244.631
9 20 277.798
9 21 315.506
9 22 358.191
9 23 406.248
9 24 459.857
9 25 519.044
9 26 583.359
9 27 651.942
9 28 723.139
9 29 794.56
9 30 862.698
9 31 922.974
9 32 969.579
9 33 995.657
9 34 993.387
9 35 954.556
9 36 871.003
9 37 735.527
9 38 542.716
9 39 289.939
9 40 -21.7816
9 41 -386.997
9 42 -795.55
9 43 -1232.57
9 44 -1679.05
9 45 -2112.94
9 46 -2510.72
9 47 -2849.26
9 48 -3107.84
9 49 -3270.05
9 50 -3325.33
9 51 -3270.05
9 52 -3107.84
9 53 -2849.26
9 54 -2510.72
9 55 -2112.94
9 56 -1679.05
9 57 -1232.57
9 58 -795.55
9 59 -386.997
9 60 -21.7816
9 61 289.939
9 62 542.716
9 63 735.527
9 64 871.003
9 65 954.556
9 66 993.387
9 67 995.657
9 68 969.579
9 69 922.974
9 70 862.698
9 71 794.56
9 72 723.139
9 73 651.942
9 74 583.359
9 75 519.044
9 76 459.857
9 77 406.248
9 78 358.191
9 79 315.506
9 80 277.798
9 81 244.631
9 82 215.518
9 83 189.974
9 84 167.56
9 85 147.839
9 86 130.434
9 87 115.016
9 88 101.259
9 89 88.938
9 90 77.7909
9 91 67.6596
9 92 58.3488
9 93 49.737
9 94 41.6874
9 95 34.0936
9 96 26.8701
9 97 19.9136
9 98 13.1716
9 99 6.55033
9 100 0

10 0 0
10 1 7.50273
10 2 15.0888
10 3 22.8187
10 4 30.8013
10 5 39.0997
10 6 47.8354
10 7 57.1064
10 8 67.0426
10 9 77.7909
10 10 89.513
10 11 102.392
10 12 116.664
10 13 132.541
10 14 150.343
10 15 170.354
10 16 192.939
10 17 218.492
10 18 247.406
10 19 280.135
10 20 317.122
10 21 358.774
10 22 405.503
10 23 457.501
10 24 514.943
10 25 577.553
10 26 644.819
10 27 715.578
10 28 788.031
10 29 859.446
10 30 926.16
10 31 983.291
10 32 1024.83
10 33 1043.69
10 34 1031.94
10 35 981.307
10 36 883.618
10 37 731.79
10 38 520.634
10 39 247.871
10 40 -85.0743
10 41 -472.198
10 42 -902.759
10 43 -1361.2
10 44 -1827.89
10 45 -2280.11
10 46 -2693.81
10 47 -3045.29
10 48 -3313.43
10 49 -3481.47
10 50 -3538.73
10 51 -3481.47
10 52 -3313.43
10 53 -3045.29
10 54 -2693.81
10 55 -2280.11
10 56 -1827.89
10 57 -1361.2
10 58 -902.759
10 59 -472.198
10 60 -85.0743
10 61 247.871
10 62 520.634
10 63 731.79
10 64 883.618
10 65 981.307
10 66 1031.94
10 67 1043.69
10 68 1024.83
10 69 983.291
10 70 926.16
10 71 859.446
10 72 788.031
10 73 715.578
10 74 644.819
10 75 577.553
10 76 514.943
10 77 457.501
10 78 405.503
10 79 358.774
10 80 317.122
10 81 280.135
10 82 247.406
10 83 218.492
10 84 192.939
10 85 170.354
10 86 150.343
10 87 132.541
10 88 116.664
10 89 102.392
10 90 89.513
10 91 77.7909
10 92 67.0426
10 93 57.1064
10 94 47.8354
10 95 39.0997
10 96 30.8013
10 97 22.8187
10 98 15.0888
10 99 7.50273
10 100 0

11 0 0
11 1 8.54289
11 2 17.1799
11 3 25.994
11 4 35.0961
11 5 44.5806
11 6 54.5688
11 7 65.1948
11 8 76.5869
11 9 88.938
11 10 102.392
11 11 117.209
11 12 133.568
11 13 151.791
11 14 172.123
11 15 194.922
11 16 220.527
11 17 249.305
11 18 281.651
11 19 317.949
11 20 358.58
11 21 403.872
11 22 454.09
11 23 509.356
11 24 569.566
11 25 634.405
11 26 703.051
11 27 774.2
11 28 845.788
11 29 914.96
11 30 977.801
11 31 1029.32
11 32 1063.42
11 33 1072.98
11 34 1050.09
11 35 986.566
11 36 874.482
11 37 706.989
11 38 479.287
11 39 189.449
11 40 -160.572
11 41 -564.391
11 42 -1010.77
11 43 -1483.85
11 44 -1963.59
11 45 -2427.11
11 46 -2850.1
11 47 -3208.87
11 48 -3482.2
11 49 -3653.39
11 50 -3711.67
11 51 -3653.39
11 52 -3482.2
11 53 -3208.87
11 54 -2850.1
11 55 -2427.11
11 56 -1963.59
11 57 -1483.85
11 58 -1010.77
11 59 -564.391
11 60 -160.572
11 61 189.449
11 62 479.287
11 63 706.989
11 64 874.482
11 65 986.566
11 66 1050.09
11 67 1072.98
11 68 1063.42
11 69 1029.32
11 70 977.801
11 71 914.96
11 72 845.788
11 73 774.2
11 74 703.051
11 75 634.405
11 76 569.566
11 77 509.356
11 78 454.09
11 79 403.872
11 80 358.58
11 81 317.949
11 82 281.651
11 83 249.305
11 84 220.527
11 85 194.922
11 86 172.123
11 87 151.791
11 88 133.568
11 89 117.209
11 90 102.392
11 91 88.938
11 92 76.5869
11 93 65.1948
11 94 54.5688
11 95 44.5806
11 96 35.0961
11 97 25.994
11 98 17.1799
11 99 8.54289
11 100 0

12 0 0
12 1 9.68867
12 2 19.4883
12 3 29.4948
12 4 39.843
12 5 50.6314
12 6 62.0208
12 7 74.1336
12 8 87.16
12 9 101.259
12 10 116.664
12 11 133.568
12 12 152.266
12 13 172.988
12 14 196.073
12 15 221.815
12 16 250.549
12 17 282.624
12 18 318.354
12 19 358.071
12 20 402.04
12 21 450.496
12 22 503.524
12 23 561.081
12 24 622.934
12 25 688.478
12 26 756.776
12 27 826.306
12 28 894.854
12 29 959.398
12 30 1015.97
12 31 1059.57
12 32 1084.08
12 33 1082.52
12 34 1047.19
12 35 970.188
12 36 843.9
12 37 661.944
12 38 419.902
12 39 116.371
12 40 -246.361
12 41 -661.484
12 42 -1117.57
12 43 -1598.53
12 44 -2084.43
12 45 -2552.43
12 46 -2978.53
12 47 -3339.23
12 48 -3613.69
12 49 -3785.41
12 50 -3843.87
12 51 -3785.41
12 52 -3613.69
12 53 -3339.23
12 54 -2978.53
12 55 -2552.43
12 56 -2084.43
12 57 -1598.53
12 58 -1117.57
12 59 -661.484
12 60 -246.361
12 61 116.371
12 62 419.902
12 63 661.944
12 64 843.9
12 65 970.188
12 66 1047.19
12 67 1082.52
12 68 1084.08
12 69 1059.57
12 70 1015.97
12 71 959.398
12 72 894.854
12 73 826.306
12 74 756.776
12 75 688.478
12 76 622.934
12 77 561.081
12 78 503.524
12 79 450.496
12 80 402.04
12 81 358.071
12 82 318.354
12 83 282.624
12 84 250.549
12 85 221.815
12 86 196.073
12 87 172.988
12 88 152.266
12 89 133.568
12 90 116.664
12 91 101.259
12 92 87.16
12 93 74.1336
12 94 62.0208
12 95 50.6314
12 96 39.843
12 97 29.4948
12 98 19.4883
12 99 9.68867
12 100 0

13 0 0
13 1 10.9669
13 2 22.0535
13 3 33.4014
13 4 45.1227
13 5 57.3869
13 6 70.3188
13 7 84.1175
13 8 98.9387
13 9 115.016
13 10 132.541
13 11 151.791
13 12 172.988
13 13 196.447
13 14 222.435
13 15 251.25
13 16 283.204
13 17 318.54
13 18 357.541
13 19 400.392
13 20 447.272
13 21 498.2
13 22 553.16
13 23 611.88
13 24 673.906
13 25 738.518
13 26 804.543
13 27 870.321
13 28 933.553
13 29 991.167
13 30 1039.19
13 31 1072.7
13 32 1085.82
13 33 1071.76
13 34 1023.21
13 35 932.638
13 36 792.956
13 37 598.22
13 38 344.556
13 39 30.9535
13 40 -339.857
13 41 -760.908
13 42 -1220.63
13 43 -1703.11
13 44 -2188.62
13 45 -2654.85
13 46 -3078.28
13 47 -3436.08
13 48 -3707.96
13 49 -3877.93
13 50 -3935.76
13 51 -3877.93
13 52 -3707.96
13 53 -3436.08
13 54 -3078.28
13 55 -2654.85
13 56 -2188.62
13 57 -1703.11
13 58 -1220.63
13 59 -760.908
13 60 -339.857
13 61 30.9535
13 62 344.556
13 63 598.22
13 64 792.956
13 65 932.638
13 66 1023.21
13 67 1071.76
13 68 1085.82
13 69 1072.7
13 70 1039.19
13 71 991.167
13 72 933.553
13 73 870.321
13 74 804.543
13 75 738.518
13 76 673.906
13 77 611.88
13 78 553.16
13 79 498.2
13 80 447.272
13 81 400.392
13 82 357.541
13 83 318.54
13 84 283.204
13 85 251.25
13 86 222.435
13 87 196.447
13 88 172.988
13 89 151.791
13 90 132.541
13 91 115.016
13 92 98.9387
13 93 84.1175
13 94 70.3188
13 95 57.3869
13 96 45.1227
13 97 33.4014
13 98 22.0535
13 99 10.9669
13 100 0

14 0 0
14 1 12.4001
14 2 24.9441
14 3 37.7841
14 4 51.0713
14 5 64.9706
14 6 79.6633
14 7 95.3258
14 8 112.186
14 9 130.434
14 10 150.343
14 11 172.123
14 12 196.073
14 13 222.435
14 14 251.474
14 15 283.475
14 16 318.611
14 17 357.132
14 18 399.128
14 19 444.709
14 20 493.828
14 21 546.42
14 22 602.155
14 23 660.663
14 24 721.273
14 25 783.056
14 26 844.756
14 27 904.597
14 28 960.272
14 29 1008.72
14 30 1046.15
14 31 1067.81
14 32 1068.14
14 33 1040.75
14 34 978.782
14 35 875.205
14 36 723.486
14 37 518.228
14 38 256.039
14 39 -63.6635
14 40 -437.882
14 41 -859.533
14 42 -1317.16
14 43 -1795.18
14 44 -2274.4
14 45 -2733.19
14 46 -3148.89
14 47 -3499.54
14 48 -3765.63
14 49 -3931.84
14 50 -3988.37
14 51 -3931.84
14 52 -3765.63
14 53 -3499.54
14 54 -3148.89
14 55 -2733.19
14 56 -2274.4
14 57 -1795.18
14 58 -1317.16
14 59 -859.533
14 60 -437.882
14 61 -63.6635
14 62 256.039
14 63 518.228
14 64 723.486
14 65 875.205
14 66 978.782
14 67 1040.75
14 68 1068.14
14 69 1067.81
14 70 1046.15
14 71 1008.72
14 72 960.272
14 73 904.597
14 74 844.756
14 75 783.056
14 76 721.273
14 77 660.663
14 78 602.155
14 79 546.42
14 80 493.828
14 81 444.709
14 82 399.128
14 83 357.132
14 84 318.611
14 85 283.475
14 86 251.474
14 87 222.435
14 88 196.073
14 89 172.123
14 90 150.343
14 91 130.434
14 92 112.186
14 93 95.3258
14 94 79.6633
14 95 64.9706
14 96 51.0713
14 97 37.7841
14 98 24.9441
14 99 12.4001
14 100 0

15 0 0
15 1 14.0271
15 2 28.2172
15 3 42.7601
15 4 57.8102
15 5 73.5786
15 6 90.2454
15 7 108.027
15 8 127.153
15 9 147.839
15 10 170.354
15 11 194.922
15 12 221.815
15 13 251.25
15 14 283.475
15 15 318.637
15 16 356.919
15 17 398.347
15 18 442.954
15 19 490.625
15 20 541.188
15 21 594.293
15 22 649.517
15 23 706.22
15 24 763.569
15 25 820.562
15 26 875.78
15 27 927.511
15 28 973.465
15 29 1010.8
15 30 1035.89
15 31 1044.41
15 32 1031.13
15 33 990.213
15 34 915.298
15 35 799.953
15 36 638.194
15 37 425.182
15 38 157.963
15 39 -163.692
15 40 -536.639
15 41 -953.817
15 42 -1404.05
15 43 -1872.23
15 44 -2339.94
15 45 -2786.44
15 46 -3190.13
15 47 -3530.06
15 48 -3787.7
15 49 -3948.5
15 50 -4003.17
15 51 -3948.5
15 52 -3787.7
15 53 -3530.06
15 54 -3190.13
15 55 -2786.44
15 56 -2339.94
15 57 -1872.23
15 58 -1404.05
15 59 -953.817
15 60 -536.639
15 61 -163.692
15 62 157.963
15 63 425.182
15 64 638.194
15 65 799.953
15 66 915.298
15 67 990.213
15 68 1031.13
15 69 1044.41
15 70 1035.89
15 71 1010.8
15 72 973.465
15 73 927.511
15 74 875.78
15 75 820.562
15 76 763.569
15 77 706.22
15 78 649.517
15 79 594.293
15 80 541.188
15 81 490.625
15 82 442.954
15 83 398.347
15 84 356.919
15 85 318.637
15 86 283.475
15 87 251.25
15 88 221.815
15 89 194.922
15 90 170.354
15 91 147.839
15 92 127.153
15 93 108.027
15 94 90.2454
15 95 73.5786
15 96 57.8102
15 97 42.7601
15 98 28.2172
15 99 14.0271
15 100 0

16 0 0
16 1 15.8949
16 2 31.9735
16 3 48.4656
16 4 65.5269
16 5 83.4255
16 6 102.324
16 7 122.502
16 8 144.16
16 9 167.56
16 10 192.939
16 11 220.527
16 12 250.549
16 13 283.204
16 14 318.611
16 15 356.919
16 16 398.074
16 17 442.064
16 18 488.683
16 19 537.653
16 20 588.579
16 21 640.942
16 22 694.064
16 23 747.176
16 24 799.338
16 25 849.399
16 26 896.06
16 27 937.568
16 28 971.939
16 29 996.485
16 30 1008.05
16 31 1002.63
16 32 975.62
16 33 921.665
16 34 835.036
16 35 709.822
16 36 540.652
16 37 323.115
16 38 54.6551
16 39 -264.748
16 40 -631.871
16 41 -1039.84
16 42 -1477.91
16 43 -1931.63
16 44 -2383.46
16 45 -2813.72
16 46 -3201.94
16 47 -3528.35
16 48 -3775.46
16 49 -3929.59
16 50 -3981.98
16 51 -3929.59
16 52 -3775.46
16 53 -3528.35
16 54 -3201.94
16 55 -2813.72
16 56 -2383.46
16 57 -1931.63
16 58 -1477.91
16 59 -1039.84
16 60 -631.871
16 61 -264.748
16 62 54.6551
16 63 323.115
16 64 540.652
16 65 709.822
16 66 835.036
16 67 921.665
16 68 975.62
16 69 1002.63
16 70 1008.05
16 71 996.485
16 72 971.939
16 73 937.568
16 74 896.06
16 75 849.399
16 76 799.338
16 77 747.176
16 78 694.064
16 79 640.942
16 80 588.579
16 81 537.653
16 82 488.683
16 83 442.064
16 84 398.074
16 85 356.919
16 86 318.611
16 87 283.204
16 88 250.549
16 89 220.527
16 90 192.939
16 91 167.56
16 92 144.16
16 93 122.502
16 94 102.324
16 95 83.4255
16 96 65.5269
16 97 48.4656
16 98 31.9735
16 99 15.8949
16 100 0

17 0 0
17 1 18.0437
17 2 36.3159
17 3 55.0283
17 4 74.4356
17 5 94.7364
17 6 116.219
17 7 139.069
17 8 163.596
17 9 189.974
17 10 218.492
17 11 249.305
17 12 282.624
17 13 318.54
17 14 357.132
17 15 398.347
17 16 442.064
17 17 488.038
17 18 535.875
17 19 585.121
17 20 635.131
17 21 685.2
17 22 734.49
17 23 782.104
17 24 827
17 25 868.117
17 26 904.133
17 27 933.641
17 28 954.802
17 29 965.448
17 30 962.784
17 31 943.436
17 32 903.259
17 33 837.573
17 34 741.164
17 35 608.709
17 36 435.254
17 37 216.822
17 38 -48.897
17 39 -361.825
17 40 -718.852
17 41 -1113.4
17 42 -1535.23
17 43 -1970.68
17 44 -2403.17
17 45 -2814.15
17 46 -3184.37
17 47 -3495.25
17 48 -3730.39
17 49 -3876.96
17 50 -3926.75
17 51 -3876.96
17 52 -3730.39
17 53 -3495.25
17 54 -3184.37
17 55 -2814.15
17 56 -2403.17
17 57 -1970.68
17 58 -1535.23
17 59 -1113.4
17 60 -718.852
17 61 -361.825
17 62 -48.897
17 63 216.822
17 64 435.254
17 65 608.709
17 66 741.164
17 67 837.573
17 68 903.259
17 69 943.436
17 70 962.784
17 71 965.448
17 72 954.802
17 73 933.641
17 74 904.133
17 75 868.117
17 76 827
17 77 782.104
17 78 734.49
17 79 685.2
17 80 635.131
17 81 585.121
17 82 535.875
17 83 488.038
17 84 442.064
17 85 398.347
17 86 357.132
17 87 318.54
17 88 282.624
17 89 249.305
17 90 218.492
17 91 189.974
17 92 163.596
17 93 139.069
17 94 116.219
17 95 94.7364
17 96 74.4356
17 97 55.0283
17 98 36.3159
17 99 18.0437
17 100 0

18 0 0
18 1 20.5591
18 2 41.3614
18 3 62.6889
18 4 84.7534
18 5 107.868
18 6 132.229
18 7 158.151
18 8 185.825
18 9 215.518
18 10 247.406
18 11 281.651
18 12 318.354
18 13 357.541
18 14 399.128
18 15 442.954
18 16 488.683
18 17 535.875
18 18 583.965
18 19 632.212
18 20 679.835
18 21 725.904
18 22 769.478
18 23 809.565
18 24 845.188
18 25 875.333
18 26 898.982
18 27 914.918
18 28 921.856
18 29 918.007
18 30 901.203
18 31 868.576
18 32 816.673
18 33 741.299
18 34 637.806
18 35 501.304
18 36 327.223
18 37 111.805
18 38 -147.15
18 39 -449.597
18 40 -792.638
18 41 -1170.1
18 42 -1572.4
18 43 -1986.67
18 44 -2397.34
18 45 -2786.99
18 46 -3137.57
18 47 -3431.69
18 48 -3654
18 49 -3792.5
18 50 -3839.55
18 51 -3792.5
18 52 -3654
18 53 -3431.69
18 54 -3137.57
18 55 -2786.99
18 56 -2397.34
18 57 -1986.67
18 58 -1572.4
18 59 -1170.1
18 60 -792.638
18 61 -449.597
18 62 -147.15
18 63 111.805
18 64 327.223
18 65 501.304
18 66 637.806
18 67 741.299
18 68 816.673
18 69 868.576
18 70 901.203
18 71 918.007
18 72 921.856
18 73 914.918
18 74 898.982
18 75 875.333
18 76 845.188
18 77 809.565
18 78 769.478
18 79 725.904
18 80 679.835
18 81 632.212
18 82 583.965
18 83 535.875
18 84 488.683
18 85 442.954
18 86 399.128
18 87 357.541
18 88 318.354
18 89 281.651
18 90 247.406
18 91 215.518
18 92 185.825
18 93 158.151
18 94 132.229
18 95 107.868
18 96 84.7534
18 97 62.6889
18 98 41.3614
18 99 20.5591
18 100 0

19 0 0
19 1 23.4944
19 2 47.2731
19 3 71.6116
19 4 96.8
19 5 123.101
19 6 150.799
19 7 180.133
19 8 211.347
19 9 244.631
19 10 280.135
19 11 317.949
19 12 358.071
19 13 400.392
19 14 444.709
19 15 490.625
19 16 537.653
19 17 585.121
19 18 632.212
19 19 678.037
19 20 721.573
19 21 761.796
19 22 797.673
19 23 828.251
19 24 852.659
19 25 870.12
19 26 879.908
19 27 881.345
19 28 873.516
19 29 855.353
19 30 825.206
19 31 780.891
19 32 719.426
19 33 637.224
19 34 529.992
19 35 393.208
19 36 222.441
19 37 14.0781
19 38 -234.154
19 39 -522.385
19 40 -848.081
19 41 -1205.54
19 42 -1585.85
19 43 -1976.97
19 44 -2364.31
19 45 -2731.53
19 46 -3061.72
19 47 -3338.58
19 48 -3547.78
19 49 -3678.07
19 50 -3722.32
19 51 -3678.07
19 52 -3547.78
19 53 -3338.58
19 54 -3061.72
19 55 -2731.53
19 56 -2364.31
19 57 -1976.97
19 58 -1585.85
19 59 -1205.54
19 60 -848.081
19 61 -522.385
19 62 -234.154
19 63 14.0781
19 64 222.441
19 65 393.208
19 66 529.992
19 67 637.224
19 68 719.426
19 69 780.891
19 70 825.206
19 71 855.353
19 72 873.516
19 73 881.345
19 74 879.908
19 75 870.12
19 76 852.659
19 77 828.251
19 78 797.673
19 79 761.796
19 80 721.573
19 81 678.037
19 82 632.212
19 83 585.121
19 84 537.653
19 85 490.625
19 86 444.709
19 87 400.392
19 88 358.071
19 89 317.949
19 90 280.135
19 91 244.631
19 92 211.347
19 93 180.133
19 94 150.799
19 95 123.101
19 96 96.8
19 97 71.6116
19 98 47.2731
19 99 23.4944
19 100 0

20 0 0
20 1 26.946
20 2 54.2095
20 3 82.0741
20 4 110.875
20 5 140.857
20 6 172.337
20 7 205.514
20 8 240.627
20 9 277.798
20 10 317.122
20 11 358.58
20 12 402.04
20 13 447.272
20 14 493.828
20 15 541.188
20 16 588.579
20 17 635.131
20 18 679.835
20 19 721.573
20 20 759.22
20 21 791.657
20 22 817.893
20 23 837.066
20 24 848.564
20 25 851.946
20 26 846.976
20 27 833.432
20 28 811.155
20 29 779.578
20 30 737.789
20 31 684.099
20 32 616.149
20 33 530.61
20 34 423.581
20 35 290.608
20 36 127.361
20 37 -69.9542
20 38 -303.746
20 39 -574.521
20 40 -880.112
20 41 -1215.43
20 42 -1572.17
20 43 -1939.13
20 44 -2302.57
20 45 -2647.18
20 46 -2957.03
20 47 -3216.85
20 48 -3413.13
20 49 -3535.39
20 50 -3576.9
20 51 -3535.39
20 52 -3413.13
20 53 -3216.85
20 54 -2957.03
20 55 -2647.18
20 56 -2302.57
20 57 -1939.13
20 58 -1572.17
20 59 -1215.43
20 60 -880.112
20 61 -574.521
20 62 -303.746
20 63 -69.9542
20 64 127.361
20 65 290.608
20 66 423.581
20 67 530.61
20 68 616.149
20 69 684.099
20 70 737.789
20 71 779.578
20 72 811.155
20 73 833.432
20 74 846.976
20 75 851.946
20 76 848.564
20 77 837.066
20 78 817.893
20 79 791.657
20 80 759.22
20 81 721.573
20 82 679.835
20 83 635.131
20 84 588.579
20 85 541.188
20 86 493.828
20 87 447.272
20 88 402.04
20 89 358.58
20 90 317.122
20 91 277.798
20 92 240.627
20 93 205.514
20 94 172.337
20 95 140.857
20 96 110.875
20 97 82.0741
20 98 54.2095
20 99 26.946
20 100 0

21 0 0
21 1 31.0219
21 2 62.3664
21 3 94.3801
21 4 127.34
21 5 161.581
21 6 197.313
21 7 234.806
21 8 274.157
21 9 315.506
21 10 358.774
21 11 403.872
21 12 450.496
21 13 498.2
21 14 546.42
21 15 594.293
21 16 640.942
21 17 685.2
21 18 725.904
21 19 761.796
21 20 791.657
21 21 814.418
21 22 829.141
21 23 835.287
21 24 832.528
21 25 820.951
21 26 800.839
21 27 772.73
21 28 736.96
21 29 693.829
21 30 642.864
21 31 583.045
21 32 512.252
21 33 427.556
21 34 325.017
21 35 200.251
21 36 48.6506
21 37 -133.763
21 38 -349.846
21 39 -600.459
21 40 -883.974
21 41 -1195.81
21 42 -1528.34
21 43 -1871
21 44 -2210.9
21 45 -2533.53
21 46 -2823.84
21 47 -3067.38
21 48 -3251.45
21 49 -3366.1
21 50 -3405.04
21 51 -3366.1
21 52 -3251.45
21 53 -3067.38
21 54 -2823.84
21 55 -2533.53
21 56 -2210.9
21 57 -1871
21 58 -1528.34
21 59 -1195.81
21 60 -883.974
21 61 -600.459
21 62 -349.846
21 63 -133.763
21 64 48.6506
21 65 200.251
21 66 325.017
21 67 427.556
21 68 512.252
21 69 583.045
21 70 642.864
21 71 693.829
21 72 736.96
21 73 772.73
21 74 800.839
21 75 820.951
21 76 832.528
21 77 835.287
21 78 829.141
21 79 814.418
21 80 791.657
21 81 761.796
21 82 725.904
21 83 685.2
21 84 640.942
21 85 594.293
21 86 546.42
21 87 498.2
21 88 450.496
21 89 403.872
21 90 358.774
21 91 315.506
21 92 274.157
21 93 234.806
21 94 197.313
21 95 161.581
21 96 127.34
21 97 94.3801
21 98 62.3664
21 99 31.0219
21 100 0

22 0 0
22 1 35.8101
22 2 71.964
22 3 108.789
22 4 146.607
22 5 185.679
22 6 226.263
22 7 268.49
22 8 312.489
22 9 358.191
22 10 405.503
22 11 454.09
22 12 503.524
22 13 553.16
22 14 602.155
22 15 649.517
22 16 694.064
22 17 734.49
22 18 769.478
22 19 797.673
22 20 817.893
22 21 829.141
22 22 830.798
22 23 822.585
22 24 804.765
22 25 777.943
22 26 743.146
22 27 701.511
22 28 654.252
22 29 602.121
22 30 545.377
22 31 483.258
22 32 414.021
22 33 334.648
22 34 241.221
22 35 128.979
22 36 -6.96111
22 37 -171.097
22 38 -366.702
22 39 -595.195
22 40 -855.42
22 41 -1143.36
22 42 -1451.88
22 43 -1771.02
22 44 -2088.51
22 45 -2390.53
22 46 -2662.7
22 47 -2891.25
22 48 -3064.12
22 49 -3171.84
22 50 -3208.43
22 51 -3171.84
22 52 -3064.12
22 53 -2891.25
22 54 -2662.7
22 55 -2390.53
22 56 -2088.51
22 57 -1771.02
22 58 -1451.88
22 59 -1143.36
22 60 -855.42
22 61 -595.195
22 62 -366.702
22 63 -171.097
22 64 -6.96111
22 65 128.979
22 66 241.221
22 67 334.648
22 68 414.021
22 69 483.258
22 70 545.377
22 71 602.121
22 72 654.252
22 73 701.511
22 74 743.146
22 75 777.943
22 76 804.765
22 77 822.585
22 78 830.798
22 79 829.141
22 80 817.893
22 81 797.673
22 82 769.478
22 83 734.49
22 84 694.064
22 85 649.517
22 86 602.155
22 87 553.16
22 88 503.524
22 89 454.09
22 90 405.503
22 91 358.191
22 92 312.489
22 93 268.49
22 94 226.263
22 95 185.679
22 96 146.607
22 97 108.789
22 98 71.964
22 99 35.8101
22 100 0

23 0 0
23 1 41.4447
23 2 83.2277
23 3 125.668
23 4 169.063
23 5 213.656
23 6 259.628
23 7 307.084
23 8 355.99
23 9 406.248
23 10 457.501
23 11 509.356
23 12 561.081
23 13 611.88
23 14 660.663
23 15 706.22
23 16 747.176
23 17 782.104
23 18 809.565
23 19 828.251
23 20 837.066
23 21 835.287
23 22 822.585
23 23 799.283
23 24 766.145
23 25 724.548
23 26 676.214
23 27 623.105
23 28 567.015
23 29 509.431
23 30 450.889
23 31 391.022
23 32 328.006
23 33 258.771
23 34 178.959
23 35 83.4471
23 36 -33.2727
23 37 -176.248
23 38 -349.382
23 39 -554.578
23 40 -791.19
23 41 -1055.63
23 42 -1341.22
23 43 -1638.39
23 44 -1935.31
23 45 -2218.67
23 46 -2474.61
23 47 -2689.87
23 48 -2852.82
23 49 -2954.43
23 50 -2988.94
23 51 -2954.43
23 52 -2852.82
23 53 -2689.87
23 54 -2474.61
23 55 -2218.67
23 56 -1935.31
23 57 -1638.39
23 58 -1341.22
23 59 -1055.63
23 60 -791.19
23 61 -554.578
23 62 -349.382
23 63 -176.248
23 64 -33.2727
23 65 83.4471
23 66 178.959
23 67 258.771
23 68 328.006
23 69 391.022
23 70 450.889
23 71 509.431
23 72 567.015
23 73 623.105
23 74 676.214
23 75 724.548
23 76 766.145
23 77 799.283
23 78 822.585
23 79 835.287
23 80 837.066
23 81 828.251
23 82 809.565
23 83 782.104
23 84 747.176
23 85 706.22
23 86 660.663
23 87 611.88
23 88 561.081
23 89 509.356
23 90 457.501
23 91 406.248
23 92 355.99
23 93 307.084
23 94 259.628
23 95 213.656
23 96 169.063
23 97 125.668
23 98 83.2277
23 99 41.4447
23 100 0

24 0 0
24 1 48.0184
24 2 96.342
24 3 145.274
24 4 195.048
24 5 245.869
24 6 297.832
24 7 350.931
24 8 405.052
24 9 459.857
24 10 514.943
24 11 569.566
24 12 622.934
24 13 673.906
24 14 721.273
24 15 763.569
24 16 799.338
24 17 827
24 18 845.188
24 19 852.659
24 20 848.564
24 21 832.528
24 22 804.765
24 23 766.145
24 24 718.208
24 25 663.073
24 26 603.268
24 27 541.457
24 28 480.148
24 29 421.18
24 30 365.531
24 31 312.722
24 32 260.897
24 33 206.492
24 34 144.695
24 35 69.5921
24 36 -24.925
24 37 -144.668
24 38 -294.104
24 39 -475.73
24 40 -689.273
24 41 -931.5
24 42 -1195.96
24 43 -1473.39
24 44 -1752.19
24 45 -2019.34
24 46 -2261.29
24 47 -2465.18
24 48 -2619.72
24 49 -2716.15
24 50 -2748.93
24 51 -2716.15
24 52 -2619.72
24 53 -2465.18
24 54 -2261.29
24 55 -2019.34
24 56 -1752.19
24 57 -1473.39
24 58 -1195.96
24 59 -931.5
24 60 -689.273
24 61 -475.73
24 62 -294.104
24 63 -144.668
24 64 -24.925
24 65 69.5921
24 66 144.695
24 67 206.492
24 68 260.897
24 69 312.722
24 70 365.531
24 71 421.18
24 72 480.148
24 73 541.457
24 74 603.268
24 75 663.073
24 76 718.208
24 77 766.145
24 78 804.765
24 79 832.528
24 80 848.564
24 81 852.659
24 82 845.188
24 83 827
24 84 799.338
24 85 763.569
24 86 721.273
24 87 673.906
24 88 622.934
24 89 569.566
24 90 514.943
24 91 459.857
24 92 405.052
24 93 350.931
24 94 297.832
24 95 245.869
24 96 195.048
24 97 145.274
24 98 96.342
24 99 48.0184
24 100 0

25 0 0
25 1 55.6176
25 2 111.482
25 3 167.837
25 4 224.834
25 5 282.605
25 6 341.11
25 7 400.255
25 8 459.706
25 9 519.044
25 10 577.553
25 11 634.405
25 12 688.478
25 13 738.518
25 14 783.056
25 15 820.562
25 16 849.399
25 17 868.117
25 18 875.333
25 19 870.12
25 20 851.946
25 21 820.951
25 22 777.943
25 23 724.548
25 24 663.073
25 25 596.462
25 26 528.015
25 27 461.111
25 28 398.741
25 29 343.158
25 30 295.279
25 31 254.642
25 32 218.805
25 33 183.732
25 34 143.709
25 35 92.1481
25 36 21.9691
25 37 -73.2911
25 38 -198.81
25 39 -357.458
25 40 -549.364
25 41 -771.409
25 42 -1017.29
25 43 -1277.75
25 44 -1541.29
25 45 -1794.98
25 46 -2025.49
25 47 -2220.12
25 48 -2367.83
25 49 -2460.06
25 50 -2491.42
25 51 -2460.06
25 52 -2367.83
25 53 -2220.12
25 54 -2025.49
25 55 -1794.98
25 56 -1541.29
25 57 -1277.75
25 58 -1017.29
25 59 -771.409
25 60 -549.364
25 61 -357.458
25 62 -198.81
25 63 -73.2911
25 64 21.9691
25 65 92.1481
25 66 143.709
25 67 183.732
25 68 218.805
25 69 254.642
25 70 295.279
25 71 343.158
25 72 398.741
25 73 461.111
25 74 528.015
25 75 596.462
25 76 663.073
25 77 724.548
25 78 777.943
25 79 820.951
25 80 851.946
25 81 870.12
25 82 875.333
25 83 868.117
25 84 849.399
25 85 820.562
25 86 783.056
25 87 738.518
25 88 688.478
25 89 634.405
25 90 577.553
25 91 519.044
25 92 459.706
25 93 400.255
25 94 341.11
25 95 282.605
25 96 224.834
25 97 167.837
25 98 111.482
25 99 55.6176
25 100 0

26 0 0
26 1 64.2826
26 2 128.733
26 3 193.445
26 4 258.531
26 5 323.908
26 6 389.489
26 7 454.919
26 8 519.78
26 9 583.359
26 10 644.819
26 11 703.051
26 12 756.776
26 13 804.543
26 14 844.756
26 15 875.78
26 16 896.06
26 17 904.133
26 18 898.982
26 19 879.908
26 20 846.976
26 21 800.839
26 22 743.146
26 23 676.214
26 24 603.268
26 25 528.015
26 26 454.519
26 27 386.721
26 28 328.022
26 29 280.75
26 30 245.814
26 31 222.149
26 32 206.871
26 33 194.963
26 34 179.899
26 35 153.995
26 36 109.406
26 37 38.8135
26 38 -63.4574
26 39 -200.719
26 40 -373.21
26 41 -577.84
26 42 -808.202
26 43 -1054.93
26 44 -1306.39
26 45 -1549.61
26 46 -1771.29
26 47 -1958.82
26 48 -2101.31
26 49 -2190.33
26 50 -2220.62
26 51 -2190.33
26 52 -2101.31
26 53 -1958.82
26 54 -1771.29
26 55 -1549.61
26 56 -1306.39
26 57 -1054.93
26 58 -808.202
26 59 -577.84
26 60 -373.21
26 61 -200.719
26 62 -63.4574
26 63 38.8135
26 64 109.406
26 65 153.995
26 66 179.899
26 67 194.963
26 68 206.871
26 69 222.149
26 70 245.814
26 71 280.75
26 72 328.022
26 73 386.721
26 74 454.519
26 75 528.015
26 76 603.268
26 77 676.214
26 78 743.146
26 79 800.839
26 80 846.976
26 81 879.908
26 82 898.982
26 83 904.133
26 84 896.06
26 85 875.78
26 86 844.756
26 87 804.543
26 88 756.776
26 89 703.051
26 90 644.819
26 91 583.359
26 92 519.78
26 93 454.919
26 94 389.489
26 95 323.908
26 96 258.531
26 97 193.445
26 98 128.733
26 99 64.2826
26 100 0

27 0 0
27 1 74.0069
27 2 148.032
27 3 222.039
27 4 295.954
27 5 369.57
27 6 442.558
27 7 514.445
27 8 584.512
27 9 651.942
27 10 715.578
27 11 774.2
27 12 826.306
27 13 870.321
27 14 904.597
27 15 927.511
27 16 937.568
27 17 933.641
27 18 914.918
27 19 881.345
27 20 833.432
27 21 772.73
27 22 701.511
27 23 623.105
27 24 541.457
27 25 461.111
27 26 386.721
27 27 322.69
27 28 272.61
27 29 238.723
27 30 221.511
27 31 219.397
27 32 228.475
27 33 242.862
27 34 254.841
27 35 255.816
27 36 236.898
27 37 190.158
27 38 109.393
27 39 -8.88566
27 40 -164.954
27 41 -355.51
27 42 -573.878
27 43 -810.384
27 44 -1053.13
27 45 -1288.94
27 46 -1504.41
27 47 -1686.99
27 48 -1825.82
27 49 -1912.61
27 50 -1942.13
27 51 -1912.61
27 52 -1825.82
27 53 -1686.99
27 54 -1504.41
27 55 -1288.94
27 56 -1053.13
27 57 -810.384
27 58 -573.878
27 59 -355.51
27 60 -164.954
27 61 -8.88566
27 62 109.393
27 63 190.158
27 64 236.898
27 65 255.816
27 66 254.841
27 67 242.862
27 68 228.475
27 69 219.397
27 70 221.511
27 71 238.723
27 72 272.61
27 73 322.69
27 74 386.721
27 75 461.111
27 76 541.457
27 77 623.105
27 78 701.511
27 79 772.73
27 80 833.432
27 81 881.345
27 82 914.918
27 83 933.641
27 84 937.568
27 85 927.511
27 86 904.597
27 87 870.321
27 88 826.306
27 89 774.2
27 90 715.578
27 91 651.942
27 92 584.512
27 93 514.445
27 94 442.558
27 95 369.57
27 96 295.954
27 97 222.039
27 98 148.032
27 99 74.0069
27 100 0

28 0 0
28 1 84.6717
28 2 169.16
28 3 253.236
28 4 336.61
28 5 418.863
28 6 499.458
28 7 577.664
28 8 652.599
28 9 723.139
28 10 788.031
28 11 845.788
28 12 894.854
28 13 933.553
28 14 960.272
28 15 973.465
28 16 971.939
28 17 954.802
28 18 921.856
28 19 873.516
28 20 811.155
28 21 736.96
28 22 654.252
28 23 567.015
28 24 480.148
28 25 398.741
28 26 328.022
28 27 272.61
28 28 236.041
28 29 220.318
28 30 225.263
28 31 248.406
28 32 284.885
28 33 327.551
28 34 367.644
28 35 395.414
28 36 401.206
28 37 376.385
28 38 314.502
28 39 211.961
28 40 68.7204
28 41 -111.586
28 42 -321.789
28 43 -551.744
28 44 -789.151
28 45 -1020.56
28 46 -1232.4
28 47 -1412.05
28 48 -1548.71
28 49 -1634.14
28 50 -1663.19
28 51 -1634.14
28 52 -1548.71
28 53 -1412.05
28 54 -1232.4
28 55 -1020.56
28 56 -789.151
28 57 -551.744
28 58 -321.789
28 59 -111.586
28 60 68.7204
28 61 211.961
28 62 314.502
28 63 376.385
28 64 401.206
28 65 395.414
28 66 367.644
28 67 327.551
28 68 284.885
28 69 248.406
28 70 225.263
28 71 220.318
28 72 236.041
28 73 272.61
28 74 328.022
28 75 398.741
28 76 480.148
28 77 567.015
28 78 654.252
28 79 736.96
28 80 811.155
28 81 873.516
28 82 921.856
28 83 954.802
28 84 971.939
28 85 973.465
28 86 960.272
28 87 933.553
28 88 894.854
28 89 845.788
28 90 788.031
28 91 723.139
28 92 652.599
28 93 577.664
28 94 499.458
28 95 418.863
28 96 336.61
28 97 253.236
28 98 169.16
28 99 84.6717
28 100 0

29 0 0
29 1 96.0354
29 2 191.632
29 3 286.292
29 4 379.479
29 5 470.505
29 6 558.576
29 7 642.734
29 8 721.814
29 9 794.56
29 10 859.446
29 11 914.96
29 12 959.398
29 13 991.167
29 14 1008.72
29 15 1010.8
29 16 996.485
29 17 965.448
29 18 918.007
29 19 855.353
29 20 779.578
29 21 693.829
29 22 602.121
29 23 509.431
29 24 421.18
29 25 343.158
29 26 280.75
29 27 238.723
29 28 220.318
29 29 226.943
29 30 257.641
29 31 308.883
29 32 374.564
29 33 446.39
29 34 514.328
29 35 567.723
29 36 596.029
29 37 590.266
29 38 543.718
29 39 453.03
29 40 318.498
29 41 144.358
29 42 -61.6443
29 43 -288.746
29 44 -524.155
29 45 -754.036
29 46 -964.605
29 47 -1143.18
29 48 -1279
29 49 -1363.89
29 50 -1392.75
29 51 -1363.89
29 52 -1279
29 53 -1143.18
29 54 -964.605
29 55 -754.036
29 56 -524.155
29 57 -288.746
29 58 -61.6443
29 59 144.358
29 60 318.498
29 61 453.03
29 62 543.718
29 63 590.266
