0 0 0
0 1 0
0 2 0
0 3 0
0 4 0
0 5 0
0 6 0
0 7 0
0 8 0
0 9 0
0 10 0
0 11 0
0 12 0
0 13 0
0 14 0
0 15 0
0 16 0
0 17 0
0 18 0
0 19 0
0 20 0
0 21 0
0 22 0
0 23 0
0 24 0
0 25 0
0 26 0
0 27 0
0 28 0
0 29 0
0 30 0
0 31 0
0 32 0
0 33 0
0 34 0
0 35 0
0 36 0
0 37 0
0 38 0
0 39 0
0 40 0
0 41 0
0 42 0
0 43 0
0 44 0
0 45 0
0 46 0
0 47 0
0 48 0
0 49 0
0 50 0
0 51 0
0 52 0
0 53 0
0 54 0
0 55 0
0 56 0
0 57 0
0 58 0
0 59 0
0 60 0
0 61 0
0 62 0
0 63 0
0 64 0
0 65 0
0 66 0
0 67 0
0 68 0
0 69 0
0 70 0
0 71 0
0 72 0
0 73 0
0 74 0
0 75 0
0 76 0
0 77 0
0 78 0
0 79 0
0 80 0
0 81 0
0 82 0
0 83 0
0 84 0
0 85 0
0 86 0
0 87 0
0 88 0
0 89 0
0 90 0
0 91 0
0 92 0
0 93 0
0 94 0
0 95 0
0 96 0
0 97 0
0 98 0
0 99 0
0 100 0

1 0 0
1 1 0.702436
1 2 1.40832
1 3 2.13135
1 4 2.86794
1 5 3.63656
1 6 4.43673
1 7 5.28245
1 8 6.18612
1 9 7.15325
1 10 8.21048
1 11 9.36208
1 12 10.6415
1 13 12.0648
1 14 13.667
1 15 15.4841
1 16 17.5552
1 17 19.9413
1 18 22.6852
1 19 25.8688
1 20 29.5454
1 21 33.7896
1 22 38.6776
1 23 44.2641
1 24 50.5933
1 25 57.682
1 26 65.488
1 27 73.8986
1 28 82.7465
1 29 91.7164
1 30 100.387
1 31 108.187
1 32 114.418
1 33 118.239
1 34 118.704
1 35 114.812
1 36 105.603
1 37 90.2117
1 38 67.9921
1 39 38.6437
1 40 2.30299
1 41 -40.3829
1 42 -88.2083
1 43 -139.416
1 44 -191.761
1 45 -242.64
1 46 -289.296
1 47 -329.006
1 48 -359.337
1 49 -378.364
1 50 -384.853
1 51 -378.364
1 52 -359.337
1 53 -329.006
1 54 -289.296
1 55 -242.64
1 56 -191.761
1 57 -139.416
1 58 -88.2083
1 59 -40.3829
1 60 2.30299
1 61 38.6437
1 62 67.9921
1 63 90.2117
1 64 105.603
1 65 114.812
1 66 118.704
1 67 118.239
1 68 114.418
1 69 108.187
1 70 100.387
1 71 91.7164
1 72 82.7465
1 73 73.8986
1 74 65.488
1 75 57.682
1 76 50.5933
1 77 44.2641
1 78 38.6776
1 79 33.7896
1 80 29.5454
1 81 25.8688
1 82 22.6852
1 83 19.9413
1 84 17.5552
1 85 15.4841
1 86 13.667
1 87 12.0648
1 88 10.6415
1 89 9.36208
1 90 8.21048
1 91 7.15325
1 92 6.18612
1 93 5.28245
1 94 4.43673
1 95 3.63656
1 96 2.86794
1 97 2.13135
1 98 1.40832
1 99 0.702436
1 100 0

2 0 0
2 1 1.40832
2 2 2.82502
2 3 4.27642
2 4 5.75802
2 5 7.30429
2 6 8.91567
2 7 10.6189
2 8 12.4379
2 9 14.3852
2 10 16.512
2 11 18.8311
2 12 21.4045
2 13 24.276
2 14 27.498
2 15 31.1652
2 16 35.3351
2 17 40.1285
2 18 45.6585
2 19 52.0318
2 20 59.4066
2 21 67.9108
2 22 77.6659
2 23 88.8217
2 24 101.433
2 25 115.518
2 26 130.991
2 27 147.644
2 28 165.098
2 29 182.744
2 30 199.752
2 31 214.989
2 32 227.051
2 33 234.287
2 34 234.849
2 35 226.755
2 36 208.118
2 37 177.248
2 38 132.901
2 39 74.4886
2 40 2.28264
2 41 -82.4275
2 42 -177.234
2 43 -278.659
2 44 -382.27
2 45 -482.943
2 46 -575.231
2 47 -653.762
2 48 -713.726
2 49 -751.338
2 50 -764.161
2 51 -751.338
2 52 -713.726
2 53 -653.762
2 54 -575.231
2 55 -482.943
2 56 -382.27
2 57 -278.659
2 58 -177.234
2 59 -82.4275
2 60 2.28264
2 61 74.4886
2 62 132.901
2 63 177.248
2 64 208.118
2 65 226.755
2 66 234.849
2 67 234.287
2 68 227.051
2 69 214.989
2 70 199.752
2 71 182.744
2 72 165.098
2 73 147.644
2 74 130.991
2 75 115.518
2 76 101.433
2 77 88.8217
2 78 77.6659
2 79 67.9108
2 80 59.4066
2 81 52.0318
2 82 45.6585
2 83 40.1285
2 84 35.3351
2 85 31.1652
2 86 27.498
2 87 24.276
2 88 21.4045
2 89 18.8311
2 90 16.512
2 91 14.3852
2 92 12.4379
2 93 10.6189
2 94 8.91567
2 95 7.30429
2 96 5.75802
2 97 4.27642
2 98 2.82502
2 99 1.40832
2 100 0

3 0 0
3 1 2.13135
3 2 4.27642
3 3 6.46961
3 4 8.71115
3 5 11.0462
3 6 13.4826
3 7 16.0588
3 8 18.8113
3 9 21.7648
3 10 24.989
3 11 28.5104
3 12 32.4199
3 13 36.7727
3 14 41.6733
3 15 47.2252
3 16 53.5503
3 17 60.8195
3 18 69.1624
3 19 78.8092
3 20 89.9121
3 21 102.68
3 22 117.317
3 23 133.964
3 24 152.73
3 25 173.628
3 26 196.509
3 27 221.018
3 28 246.623
3 29 272.387
3 30 297.061
3 31 318.972
3 32 336.084
3 33 345.959
3 34 345.882
3 35 332.983
3 36 304.521
3 37 258.042
3 38 191.741
3 39 104.805
3 40 -2.31686
3 41 -127.696
3 42 -267.796
3 43 -417.5
3 44 -570.287
3 45 -718.621
3 46 -854.516
3 47 -970.102
3 48 -1058.34
3 49 -1113.68
3 50 -1132.55
3 51 -1113.68
3 52 -1058.34
3 53 -970.102
3 54 -854.516
3 55 -718.621
3 56 -570.287
3 57 -417.5
3 58 -267.796
3 59 -127.696
3 60 -2.31686
3 61 104.805
3 62 191.741
3 63 258.042
3 64 304.521
3 65 332.983
3 66 345.882
3 67 345.959
3 68 336.084
3 69 318.972
3 70 297.061
3 71 272.387
3 72 246.623
3 73 221.018
3 74 196.509
3 75 173.628
3 76 152.73
3 77 133.964
3 78 117.317
3 79 102.68
3 80 89.9121
3 81 78.8092
3 82 69.1624
3 83 60.8195
3 84 53.5503
3 85 47.2252
3 86 41.6733
3 87 36.7727
3 88 32.4199
3 89 28.5104
3 90 24.989
3 91 21.7648
3 92 18.8113
3 93 16.0588
3 94 13.4826
3 95 11.0462
3 96 8.71115
3 97 6.46961
3 98 4.27642
3 99 2.13135
3 100 0

4 0 0
4 1 2.86794
4 2 5.75802
4 3 8.71115
4 4 11.7374
4 5 14.8883
4 6 18.1817
4 7 21.6654
4 8 25.3872
4 9 29.3863
4 10 33.7477
4 11 38.521
4 12 43.8123
4 13 49.721
4 14 56.353
4 15 63.8843
4 16 72.4449
4 17 82.2501
4 18 93.5233
4 19 106.46
4 20 121.346
4 21 138.406
4 22 157.852
4 23 179.915
4 24 204.663
4 25 232.078
4 26 261.935
4 27 293.778
4 28 326.805
4 29 359.821
4 30 391.178
4 31 418.702
4 32 439.711
4 33 451.084
4 34 449.336
4 35 430.792
4 36 391.931
4 37 329.663
4 38 241.736
4 39 127.151
4 40 -13.4633
4 41 -177.555
4 42 -360.491
4 43 -555.613
4 44 -754.486
4 45 -947.376
4 46 -1123.96
4 47 -1274.06
4 48 -1388.6
4 49 -1460.41
4 50 -1484.88
4 51 -1460.41
4 52 -1388.6
4 53 -1274.06
4 54 -1123.96
4 55 -947.376
4 56 -754.486
4 57 -555.613
4 58 -360.491
4 59 -177.555
4 60 -13.4633
4 61 127.151
4 62 241.736
4 63 329.663
4 64 391.931
4 65 430.792
4 66 449.336
4 67 451.084
4 68 439.711
4 69 418.702
4 70 391.178
4 71 359.821
4 72 326.805
4 73 293.778
4 74 261.935
4 75 232.078
4 76 204.663
4 77 179.915
4 78 157.852
4 79 138.406
4 80 121.346
4 81 106.46
4 82 93.5233
4 83 82.2501
4 84 72.4449
4 85 63.8843
4 86 56.353
4 87 49.721
4 88 43.8123
4 89 38.521
4 90 33.7477
4 91 29.3863
4 92 25.3872
4 93 21.6654
4 94 18.1817
4 95 14.8883
4 96 11.7374
4 97 8.71115
4 98 5.75802
4 99 2.86794
4 100 0

5 0 0
5 1 3.63656
5 2 7.30429
5 3 11.0462
5 4 14.8883
5 5 18.8831
5 6 23.0662
5 7 27.4939
5 8 32.2264
5 9 37.3246
5 10 42.8816
5 11 48.9749
5 12 55.7331
5 13 63.266
5 14 71.7444
5 15 81.3293
5 16 92.2312
5 17 104.699
5 18 118.947
5 19 135.309
5 20 154.009
5 21 175.343
5 22 199.577
5 23 226.865
5 24 257.314
5 25 290.834
5 26 327.111
5 27 365.494
5 28 405.026
5 29 444.176
5 30 480.924
5 31 512.621
5 32 536.076
5 33 547.517
5 34 542.794
5 35 517.561
5 36 467.672
5 37 389.486
5 38 280.399
5 39 139.316
5 40 -32.8967
5 41 -233.092
5 42 -455.649
5 43 -692.529
5 44 -933.558
5 45 -1167.04
5 46 -1380.55
5 47 -1561.92
5 48 -1700.26
5 49 -1786.96
5 50 -1816.5
5 51 -1786.96
5 52 -1700.26
5 53 -1561.92
5 54 -1380.55
5 55 -1167.04
5 56 -933.558
5 57 -692.529
5 58 -455.649
5 59 -233.092
5 60 -32.8967
5 61 139.316
5 62 280.399
5 63 389.486
5 64 467.672
5 65 517.561
5 66 542.794
5 67 547.517
5 68 536.076
5 69 512.621
5 70 480.924
5 71 444.176
5 72 405.026
5 73 365.494
5 74 327.111
5 75 290.834
5 76 257.314
5 77 226.865
5 78 199.577
5 79 175.343
5 80 154.009
5 81 135.309
5 82 118.947
5 83 104.699
5 84 92.2312
5 85 81.3293
5 86 71.7444
5 87 63.266
5 88 55.7331
5 89 48.9749
5 90 42.8816
5 91 37.3246
5 92 32.2264
5 93 27.4939
5 94 23.0662
5 95 18.8831
5 96 14.8883
5 97 11.0462
5 98 7.30429
5 99 3.63656
5 100 0

6 0 0
6 1 4.43673
6 2 8.91567
6 3 13.4826
6 4 18.1817
6 5 23.0662
6 6 28.1901
6 7 33.6177
6 8 39.4231
6 9 45.6876
6 10 52.5144
6 11 60.0152
6 12 68.3226
6 13 77.6033
6 14 88.0167
6 15 99.799
6 16 113.165
6 17 128.383
6 18 145.769
6 19 165.57
6 20 188.139
6 21 213.737
6 22 242.592
6 23 274.908
6 24 310.678
6 25 349.754
6 26 391.676
6 27 435.683
6 28 480.503
6 29 524.397
6 30 564.962
6 31 599.175
6 32 623.325
6 33 633.169
6 34 623.993
6 35 590.941
6 36 529.338
6 37 435.187
6 38 305.638
6 39 139.584
6 40 -61.8822
6 41 -295.033
6 42 -553.36
6 43 -827.593
6 44 -1106.09
6 45 -1375.45
6 46 -1621.51
6 47 -1830.33
6 48 -1989.52
6 49 -2089.24
6 50 -2123.21
6 51 -2089.24
6 52 -1989.52
6 53 -1830.33
6 54 -1621.51
6 55 -1375.45
6 56 -1106.09
6 57 -827.593
6 58 -553.36
6 59 -295.033
6 60 -61.8822
6 61 139.584
6 62 305.638
6 63 435.187
6 64 529.338
6 65 590.941
6 66 623.993
6 67 633.169
6 68 623.325
6 69 599.175
6 70 564.962
6 71 524.397
6 72 480.503
6 73 435.683
6 74 391.676
6 75 349.754
6 76 310.678
6 77 274.908
6 78 242.592
6 79 213.737
6 80 188.139
6 81 165.57
6 82 145.769
6 83 128.383
6 84 113.165
6 85 99.799
6 86 88.0167
6 87 77.6033
6 88 68.3226
6 89 60.0152
6 90 52.5144
6 91 45.6876
6 92 39.4231
6 93 33.6177
6 94 28.1901
6 95 23.0662
6 96 18.1817
6 97 13.4826
6 98 8.91567
6 99 4.43673
6 100 0

7 0 0
7 1 5.28245
7 2 10.6189
7 3 16.0588
7 4 21.6654
7 5 27.4939
7 6 33.6177
7 7 40.1121
7 8 47.063
7 9 54.5792
7 10 62.7694
7 11 71.7787
7 12 81.7635
7 13 92.8957
7 14 105.407
7 15 119.502
7 16 135.471
7 17 153.598
7 18 174.165
7 19 197.531
7 20 223.949
7 21 253.712
7 22 287.045
7 23 324.014
7 24 364.613
7 25 408.52
7 26 455.182
7 27 503.589
7 28 552.319
7 29 599.305
7 30 641.89
7 31 676.668
7 32 699.609
7 33 706.02
7 34 690.83
7 35 648.782
7 36 574.892
7 37 464.889
7 38 315.839
7 39 126.661
7 40 -101.252
7 41 -363.691
7 42 -653.352
7 43 -959.969
7 44 -1270.65
7 45 -1570.65
7 46 -1844.31
7 47 -2076.35
7 48 -2253.12
7 49 -2363.81
7 50 -2401.49
7 51 -2363.81
7 52 -2253.12
7 53 -2076.35
7 54 -1844.31
7 55 -1570.65
7 56 -1270.65
7 57 -959.969
7 58 -653.352
7 59 -363.691
7 60 -101.252
7 61 126.661
7 62 315.839
7 63 464.889
7 64 574.892
7 65 648.782
7 66 690.83
7 67 706.02
7 68 699.609
7 69 676.668
7 70 641.89
7 71 599.305
7 72 552.319
7 73 503.589
7 74 455.182
7 75 408.52
7 76 364.613
7 77 324.014
7 78 287.045
7 79 253.712
7 80 223.949
7 81 197.531
7 82 174.165
7 83 153.598
7 84 135.471
7 85 119.502
7 86 105.407
7 87 92.8957
7 88 81.7635
7 89 71.7787
7 90 62.7694
7 91 54.5792
7 92 47.063
7 93 40.1121
7 94 33.6177
7 95 27.4939
7 96 21.6654
7 97 16.0588
7 98 10.6189
7 99 5.28245
7 100 0

8 0 0
8 1 6.18612
8 2 12.4379
8 3 18.8113
8 4 25.3872
8 5 32.2264
8 6 39.4231
8 7 47.063
8 8 55.2521
8 9 64.1187
8 10 73.7864
8 11 84.4352
8 12 96.22
8 13 109.375
8 14 124.105
8 15 140.687
8 16 159.403
8 17 180.531
8 18 204.427
8 19 231.339
8 20 261.587
8 21 295.385
8 22 332.862
8 23 374.073
8 24 418.803
8 25 466.678
8 26 516.901
8 27 568.362
8 28 619.321
8 29 667.582
8 30 710.143
8 31 743.43
8 32 763.076
8 33 764.195
8 34 741.41
8 35 689.311
8 36 602.688
8 37 477.215
8 38 309.91
8 39 99.8552
8 40 -151.311
8 41 -438.903
8 42 -755.027
8 43 -1088.58
8 44 -1425.76
8 45 -1750.73
8 46 -2046.76
8 47 -2297.51
8 48 -2488.39
8 49 -2607.86
8 50 -2648.53
8 51 -2607.86
8 52 -2488.39
8 53 -2297.51
8 54 -2046.76
8 55 -1750.73
8 56 -1425.76
8 57 -1088.58
8 58 -755.027
8 59 -438.903
8 60 -151.311
8 61 99.8552
8 62 309.91
8 63 477.215
8 64 602.688
8 65 689.311
8 66 741.41
8 67 764.195
8 68 763.076
8 69 743.43
8 70 710.143
8 71 667.582
8 72 619.321
8 73 568.362
8 74 516.901
8 75 466.678
8 76 418.803
8 77 374.073
8 78 332.862
8 79 295.385
8 80 261.587
8 81 231.339
8 82 204.427
8 83 180.531
8 84 159.403
8 85 140.687
8 86 124.105
8 87 109.375
8 88 96.22
8 89 84.4352
8 90 73.7864
8 91 64.1187
8 92 55.2521
8 93 47.063
8 94 39.4231
8 95 32.2264
8 96 25.3872
8 97 18.8113
8 98 12.4379
8 99 6.18612
8 100 0

9 0 0
9 1 7.15325
9 2 14.3852
9 3 21.7648
9 4 29.3863
9 5 37.3246
9 6 45.6876
9 7 54.5792
9 8 64.1187
9 9 74.4583
9 10 85.7394
9 11 98.1597
9 12 111.916
9 13 127.225
9 14 144.369
9 15 163.577
9 16 185.182
9 17 209.454
9 18 236.688
9 19 267.172
9 20 301.111
9 21 338.675
9 22 379.922
9 23 424.714
9 24 472.794
9 25 523.507
9 26 575.996
9 27 628.855
9 28 680.249
9 29 727.695
9 30 768.125
9 31 797.711
9 32 812.02
9 33 805.973
9 34 774.185
9 35 711.126
9 36 611.612
9 37 471.316
9 38 287.402
9 39 59.0776
9 40 -211.74
9 41 -520.034
9 42 -857.402
9 43 -1212.19
9 44 -1569.9
9 45 -1914
9 46 -2227
9 47 -2491.84
9 48 -2693.3
9 49 -2819.33
9 50 -2862.21
9 51 -2819.33
9 52 -2693.3
9 53 -2491.84
9 54 -2227
9 55 -1914
9 56 -1569.9
9 57 -1212.19
9 58 -857.402
9 59 -520.034
9 60 -211.74
9 61 59.0776
9 62 287.402
9 63 471.316
9 64 611.612
9 65 711.126
9 66 774.185
9 67 805.973
9 68 812.02
9 69 797.711
9 70 768.125
9 71 727.695
9 72 680.249
9 73 628.855
9 74 575.996
9 75 523.507
9 76 472.794
9 77 424.714
9 78 379.922
9 79 338.675
9 80 301.111
9 81 267.172
9 82 236.688
9 83 209.454
9 84 185.182
9 85 163.577
9 86 144.369
9 87 127.225
9 88 111.916
9 89 98.1597
9 90 85.7394
9 91 74.4583
9 92 64.1187
9 93 54.5792
9 94 45.6876
9 95 37.3246
9 96 29.3863
9 97 21.7648
9 98 14.3852
9 99 7.15325
9 100 0

10 0 0
10 1 8.21048
10 2 16.512
10 3 24.989
10 4 33.7477
10 5 42.8816
10 6 52.5144
10 7 62.7694
10 8 73.7864
10 9 85.7394
10 10 98.7849
10 11 113.158
10 12 129.038
10 13 146.715
10 14 166.409
10 15 188.423
10 16 213.037
10 17 240.507
10 18 271.123
10 19 305.064
10 20 342.492
10 21 383.467
10 22 427.884
10 23 475.52
10 24 525.843
10 25 578.161
10 26 631.296
10 27 683.794
10 28 733.566
10 29 778.102
10 30 814.122
10 31 837.855
10 32 844.787
10 33 829.924
10 34 787.884
10 35 713.296
10 36 601.071
10 37 447.033
10 38 248.487
10 39 4.85664
10 40 -281.707
10 41 -605.937
10 42 -959.134
10 43 -1329.3
10 44 -1701.56
10 45 -2058.95
10 46 -2383.56
10 47 -2657.93
10 48 -2866.48
10 49 -2996.89
10 50 -3041.25
10 51 -2996.89
10 52 -2866.48
10 53 -2657.93
10 54 -2383.56
10 55 -2058.95
10 56 -1701.56
10 57 -1329.3
10 58 -959.134
10 59 -605.937
10 60 -281.707
10 61 4.85664
10 62 248.487
10 63 447.033
10 64 601.071
10 65 713.296
10 66 787.884
10 67 829.924
10 68 844.787
10 69 837.855
10 70 814.122
10 71 778.102
10 72 733.566
10 73 683.794
10 74 631.296
10 75 578.161
10 76 525.843
10 77 475.52
10 78 427.884
10 79 383.467
10 80 342.492
10 81 305.064
10 82 271.123
10 83 240.507
10 84 213.037
10 85 188.423
10 86 166.409
10 87 146.715
10 88 129.038
10 89 113.158
10 90 98.7849
10 91 85.7394
10 92 73.7864
10 93 62.7694
10 94 52.5144
10 95 42.8816
10 96 33.7477
10 97 24.989
10 98 16.512
10 99 8.21048
10 100 0

11 0 0
11 1 9.36208
11 2 18.8311
11 3 28.5104
11 4 38.521
11 5 48.9749
11 6 60.0152
11 7 71.7787
11 8 84.4352
11 9 98.1597
11 10 113.158
11 11 129.638
11 12 147.859
11 13 168.038
11 14 190.488
11 15 215.424
11 16 243.148
11 17 273.863
11 18 307.771
11 19 344.991
11 20 385.561
11 21 429.397
11 22 476.258
11 23 525.705
11 24 577.104
11 25 629.446
11 26 681.537
11 27 731.661
11 28 777.713
11 29 817.046
11 30 846.499
11 31 862.273
11 32 860.026
11 33 834.909
11 34 781.784
11 35 695.471
11 36 571.122
11 37 404.813
11 38 194.046
11 39 -61.5497
11 40 -359.709
11 41 -694.978
11 42 -1058.56
11 43 -1438.29
11 44 -1819.22
11 45 -2184.24
11 46 -2515.32
11 47 -2794.87
11 48 -3007.22
11 49 -3139.93
11 50 -3185.08
11 51 -3139.93
11 52 -3007.22
11 53 -2794.87
11 54 -2515.32
11 55 -2184.24
11 56 -1819.22
11 57 -1438.29
11 58 -1058.56
11 59 -694.978
11 60 -359.709
11 61 -61.5497
11 62 194.046
11 63 404.813
11 64 571.122
11 65 695.471
11 66 781.784
11 67 834.909
11 68 860.026
11 69 862.273
11 70 846.499
11 71 817.046
11 72 777.713
11 73 731.661
11 74 681.537
11 75 629.446
11 76 577.104
11 77 525.705
11 78 476.258
11 79 429.397
11 80 385.561
11 81 344.991
11 82 307.771
11 83 273.863
11 84 243.148
11 85 215.424
11 86 190.488
11 87 168.038
11 88 147.859
11 89 129.638
11 90 113.158
11 91 98.1597
11 92 84.4352
11 93 71.7787
11 94 60.0152
11 95 48.9749
11 96 38.521
11 97 28.5104
11 98 18.8311
11 99 9.36208
11 100 0

12 0 0
12 1 10.6415
12 2 21.4045
12 3 32.4199
12 4 43.8123
12 5 55.7331
12 6 68.3226
12 7 81.7635
12 8 96.22
12 9 111.916
12 10 129.038
12 11 147.859
12 12 168.574
12 13 191.489
12 14 216.806
12 15 244.801
12 16 275.668
12 17 309.569
12 18 346.611
12 19 386.791
12 20 429.999
12 21 475.988
12 22 524.34
12 23 574.421
12 24 625.361
12 25 676.09
12 26 725.145
12 27 770.814
12 28 810.924
12 29 842.899
12 30 863.637
12 31 869.584
12 32 856.639
12 33 820.244
12 34 755.599
12 35 657.849
12 36 522.507
12 37 345.858
12 38 125.67
12 39 -138.326
12 40 -443.712
12 41 -785.096
12 42 -1153.66
12 43 -1537.41
12 44 -1921.42
12 45 -2288.78
12 46 -2621.55
12 47 -2902.3
12 48 -3115.4
12 49 -3248.56
12 50 -3293.84
12 51 -3248.56
12 52 -3115.4
12 53 -2902.3
12 54 -2621.55
12 55 -2288.78
12 56 -1921.42
12 57 -1537.41
12 58 -1153.66
12 59 -785.096
12 60 -443.712
12 61 -138.326
12 62 125.67
12 63 345.858
12 64 522.507
12 65 657.849
12 66 755.599
12 67 820.244
12 68 856.639
12 69 869.584
12 70 863.637
12 71 842.899
12 72 810.924
12 73 770.814
12 74 725.145
12 75 676.09
12 76 625.361
12 77 574.421
12 78 524.34
12 79 475.988
12 80 429.999
12 81 386.791
12 82 346.611
12 83 309.569
12 84 275.668
12 85 244.801
12 86 216.806
12 87 191.489
12 88 168.574
12 89 147.859
12 90 129.038
12 91 111.916
12 92 96.22
12 93 81.7635
12 94 68.3226
12 95 55.7331
12 96 43.8123
12 97 32.4199
12 98 21.4045
12 99 10.6415
12 100 0

13 0 0
13 1 12.0648
13 2 24.276
13 3 36.7727
13 4 49.721
13 5 63.266
13 6 77.6033
13 7 92.8957
13 8 109.375
13 9 127.225
13 10 146.715
13 11 168.038
13 12 191.489
13 13 217.255
13 14 245.601
13 15 276.692
13 16 310.67
13 17 347.621
13 18 387.489
13 19 430.149
13 20 475.309
13 21 522.54
13 22 571.19
13 23 620.469
13 24 669.323
13 25 716.481
13 26 760.478
13 27 799.513
13 28 831.5
13 29 853.99
13 30 864.158
13 31 858.72
13 32 833.954
13 33 785.755
13 34 709.712
13 35 601.401
13 36 456.65
13 37 272.091
13 38 45.6126
13 39 -222.905
13 40 -531.152
13 41 -873.765
13 42 -1242.22
13 43 -1624.73
13 44 -2006.75
13 45 -2371.65
13 46 -2701.89
13 47 -2980.28
13 48 -3191.52
13 49 -3323.46
13 50 -3368.34
13 51 -3323.46
13 52 -3191.52
13 53 -2980.28
13 54 -2701.89
13 55 -2371.65
13 56 -2006.75
13 57 -1624.73
13 58 -1242.22
13 59 -873.765
13 60 -531.152
13 61 -222.905
13 62 45.6126
13 63 272.091
13 64 456.65
13 65 601.401
13 66 709.712
13 67 785.755
13 68 833.954
13 69 858.72
13 70 864.158
13 71 853.99
13 72 831.5
13 73 799.513
13 74 760.478
13 75 716.481
13 76 669.323
13 77 620.469
13 78 571.19
13 79 522.54
13 80 475.309
13 81 430.149
13 82 387.489
13 83 347.621
13 84 310.67
13 85 276.692
13 86 245.601
13 87 217.255
13 88 191.489
13 89 168.038
13 90 146.715
13 91 127.225
13 92 109.375
13 93 92.8957
13 94 77.6033
13 95 63.266
13 96 49.721
13 97 36.7727
13 98 24.276
13 99 12.0648
13 100 0

14 0 0
14 1 13.667
14 2 27.498
14 3 41.6733
14 4 56.353
14 5 71.7444
14 6 88.0167
14 7 105.407
14 8 124.105
14 9 144.369
14 10 166.409
14 11 190.488
14 12 216.806
14 13 245.601
14 14 277.02
14 15 311.194
14 16 348.169
14 17 387.863
14 18 430.117
14 19 474.586
14 20 520.81
14 21 568.101
14 22 615.691
14 23 662.497
14 24 707.379
14 25 748.976
14 26 785.741
14 27 815.985
14 28 837.774
14 29 848.919
14 30 846.941
14 31 828.999
14 32 791.852
14 33 731.886
14 34 645.191
14 35 527.756
14 36 375.795
14 37 186.146
14 38 -43.1367
14 39 -312.229
14 40 -618.926
14 41 -958.165
14 42 -1321.74
14 43 -1698.33
14 44 -2073.85
14 45 -2432.18
14 46 -2756.25
14 47 -3029.34
14 48 -3236.49
14 49 -3365.87
14 50 -3409.87
14 51 -3365.87
14 52 -3236.49
14 53 -3029.34
14 54 -2756.25
14 55 -2432.18
14 56 -2073.85
14 57 -1698.33
14 58 -1321.74
14 59 -958.165
14 60 -618.926
14 61 -312.229
14 62 -43.1367
14 63 186.146
14 64 375.795
14 65 527.756
14 66 645.191
14 67 731.886
14 68 791.852
14 69 828.999
14 70 846.941
14 71 848.919
14 72 837.774
14 73 815.985
14 74 785.741
14 75 748.976
14 76 707.379
14 77 662.497
14 78 615.691
14 79 568.101
14 80 520.81
14 81 474.586
14 82 430.117
14 83 387.863
14 84 348.169
14 85 311.194
14 86 277.02
14 87 245.601
14 88 216.806
14 89 190.488
14 90 166.409
14 91 144.369
14 92 124.105
14 93 105.407
14 94 88.0167
14 95 71.7444
14 96 56.353
14 97 41.6733
14 98 27.498
14 99 13.667
14 100 0

15 0 0
15 1 15.4841
15 2 31.1652
15 3 47.2252
15 4 63.8843
15 5 81.3293
15 6 99.799
15 7 119.502
15 8 140.687
15 9 163.577
15 10 188.423
15 11 215.424
15 12 244.801
15 13 276.692
15 14 311.194
15 15 348.354
15 16 388.021
15 17 430.057
15 18 474.018
15 19 519.433
15 20 565.573
15 21 611.596
15 22 656.441
15 23 698.97
15 24 737.865
15 25 771.74
15 26 799.162
15 27 818.545
15 28 828.288
15 29 826.539
15 30 811.335
15 31 780.308
15 32 730.826
15 33 659.802
15 34 563.851
15 35 439.372
15 36 282.896
15 37 91.4176
15 38 -136.992
15 39 -402.634
15 40 -703.578
15 41 -1035.13
15 42 -1389.6
15 43 -1756.2
15 44 -2121.45
15 45 -2469.82
15 46 -2784.84
15 47 -3050.28
15 48 -3251.62
15 49 -3377.37
15 50 -3420.14
15 51 -3377.37
15 52 -3251.62
15 53 -3050.28
15 54 -2784.84
15 55 -2469.82
15 56 -2121.45
15 57 -1756.2
15 58 -1389.6
15 59 -1035.13
15 60 -703.578
15 61 -402.634
15 62 -136.992
15 63 91.4176
15 64 282.896
15 65 439.372
15 66 563.851
15 67 659.802
15 68 730.826
15 69 780.308
15 70 811.335
15 71 826.539
15 72 828.288
15 73 818.545
15 74 799.162
15 75 771.74
15 76 737.865
15 77 698.97
15 78 656.441
15 79 611.596
15 80 565.573
15 81 519.433
15 82 474.018
15 83 430.057
15 84 388.021
15 85 348.354
15 86 311.194
15 87 276.692
15 88 244.801
15 89 215.424
15 90 188.423
15 91 163.577
15 92 140.687
15 93 119.502
15 94 99.799
15 95 81.3293
15 96 63.8843
15 97 47.2252
15 98 31.1652
15 99 15.4841
15 100 0

16 0 0
16 1 17.5552
16 2 35.3351
16 3 53.5503
16 4 72.4449
16 5 92.2312
16 6 113.165
16 7 135.471
16 8 159.403
16 9 185.182
16 10 213.037
16 11 243.148
16 12 275.668
16 13 310.67
16 14 348.169
16 15 388.021
16 16 430.018
16 17 473.714
16 18 518.562
16 19 563.801
16 20 608.518
16 21 651.619
16 22 691.948
16 23 728.162
16 24 758.968
16 25 783.041
16 26 799.046
16 27 805.778
16 28 801.923
16 29 786.234
16 30 757.226
16 31 713.231
16 32 652.131
16 33 571.508
16 34 468.375
16 35 339.545
16 36 181.7
16 37 -8.04464
16 38 -231.762
16 39 -489.999
16 40 -781.251
16 41 -1101.3
16 42 -1443.04
16 43 -1796.33
16 44 -2148.35
16 45 -2484.19
16 46 -2788
16 47 -3044.09
16 48 -3238.42
16 49 -3359.82
16 50 -3401.12
16 51 -3359.82
16 52 -3238.42
16 53 -3044.09
16 54 -2788
16 55 -2484.19
16 56 -2148.35
16 57 -1796.33
16 58 -1443.04
16 59 -1101.3
16 60 -781.251
16 61 -489.999
16 62 -231.762
16 63 -8.04464
16 64 181.7
16 65 339.545
16 66 468.375
16 67 571.508
16 68 652.131
16 69 713.231
16 70 757.226
16 71 786.234
16 72 801.923
16 73 805.778
16 74 799.046
16 75 783.041
16 76 758.968
16 77 728.162
16 78 691.948
16 79 651.619
16 80 608.518
16 81 563.801
16 82 518.562
16 83 473.714
16 84 430.018
16 85 388.021
16 86 348.169
16 87 310.67
16 88 275.668
16 89 243.148
16 90 213.037
16 91 185.182
16 92 159.403
16 93 135.471
16 94 113.165
16 95 92.2312
16 96 72.4449
16 97 53.5503
16 98 35.3351
16 99 17.5552
16 100 0

17 0 0
17 1 19.9413
17 2 40.1285
17 3 60.8195
17 4 82.2501
17 5 104.699
17 6 128.383
17 7 153.598
17 8 180.531
17 9 209.454
17 10 240.507
17 11 273.863
17 12 309.569
17 13 347.621
17 14 387.863
17 15 430.057
17 16 473.714
17 17 518.272
17 18 562.895
17 19 606.615
17 20 648.317
17 21 686.72
17 22 720.52
17 23 748.355
17 24 768.975
17 25 781.179
17 26 784.001
17 27 776.521
17 28 758.089
17 29 727.917
17 30 685.291
17 31 629.095
17 32 557.945
17 33 469.83
17 34 362.279
17 35 232.298
17 36 76.7038
17 37 -107.548
17 38 -322.743
17 39 -569.848
17 40 -847.849
17 41 -1153.14
17 42 -1479.26
17 43 -1816.73
17 44 -2153.38
17 45 -2474.95
17 46 -2766.18
17 47 -3011.91
17 48 -3198.51
17 49 -3315.12
17 50 -3354.8
17 51 -3315.12
17 52 -3198.51
17 53 -3011.91
17 54 -2766.18
17 55 -2474.95
17 56 -2153.38
17 57 -1816.73
17 58 -1479.26
17 59 -1153.14
17 60 -847.849
17 61 -569.848
17 62 -322.743
17 63 -107.548
17 64 76.7038
17 65 232.298
17 66 362.279
17 67 469.83
17 68 557.945
17 69 629.095
17 70 685.291
17 71 727.917
17 72 758.089
17 73 776.521
17 74 784.001
17 75 781.179
17 76 768.975
17 77 748.355
17 78 720.52
17 79 686.72
17 80 648.317
17 81 606.615
17 82 562.895
17 83 518.272
17 84 473.714
17 85 430.057
17 86 387.863
17 87 347.621
17 88 309.569
17 89 273.863
17 90 240.507
17 91 209.454
17 92 180.531
17 93 153.598
17 94 128.383
17 95 104.699
17 96 82.2501
17 97 60.8195
17 98 40.1285
17 99 19.9413
17 100 0

18 0 0
18 1 22.6852
18 2 45.6585
18 3 69.1624
18 4 93.5233
18 5 118.947
18 6 145.769
18 7 174.165
18 8 204.427
18 9 236.688
18 10 271.123
18 11 307.771
18 12 346.611
18 13 387.489
18 14 430.117
18 15 474.018
18 16 518.562
18 17 562.895
18 18 605.975
18 19 646.639
18 20 683.524
18 21 715.271
18 22 740.475
18 23 757.848
18 24 766.257
18 25 764.837
18 26 752.957
18 27 730.336
18 28 696.792
18 29 652.394
18 30 596.997
18 31 530.255
18 32 451.268
18 33 358.595
18 34 249.97
18 35 122.545
18 36 -26.9841
18 37 -201.872
18 38 -404.844
18 39 -637.401
18 40 -899.127
18 41 -1187.08
18 42 -1495.44
18 43 -1815.42
18 44 -2135.44
18 45 -2441.85
18 46 -2719.87
18 47 -2954.83
18 48 -3133.44
18 49 -3245.17
18 50 -3283.19
18 51 -3245.17
18 52 -3133.44
18 53 -2954.83
18 54 -2719.87
18 55 -2441.85
18 56 -2135.44
18 57 -1815.42
18 58 -1495.44
18 59 -1187.08
18 60 -899.127
18 61 -637.401
18 62 -404.844
18 63 -201.872
18 64 -26.9841
18 65 122.545
18 66 249.97
18 67 358.595
18 68 451.268
18 69 530.255
18 70 596.997
18 71 652.394
18 72 696.792
18 73 730.336
18 74 752.957
18 75 764.837
18 76 766.257
18 77 757.848
18 78 740.475
18 79 715.271
18 80 683.524
18 81 646.639
18 82 605.975
18 83 562.895
18 84 518.562
18 85 474.018
18 86 430.117
18 87 387.489
18 88 346.611
18 89 307.771
18 90 271.123
18 91 236.688
18 92 204.427
18 93 174.165
18 94 145.769
18 95 118.947
18 96 93.5233
18 97 69.1624
18 98 45.6585
18 99 22.6852
18 100 0

19 0 0
19 1 25.8688
19 2 52.0318
19 3 78.8092
19 4 106.46
19 5 135.309
19 6 165.57
19 7 197.531
19 8 231.339
19 9 267.172
19 10 305.064
19 11 344.991
19 12 386.791
19 13 430.149
19 14 474.586
19 15 519.433
19 16 563.801
19 17 606.615
19 18 646.639
19 19 682.446
19 20 712.612
19 21 735.644
19 22 750.201
19 23 755.116
19 24 749.558
19 25 733.05
19 26 705.527
19 27 667.282
19 28 618.971
19 29 561.264
19 30 494.845
19 31 419.935
19 32 336.213
19 33 242.463
19 34 136.649
19 35 15.7952
19 36 -123.638
19 37 -285.387
19 38 -472.71
19 39 -687.757
19 40 -930.784
19 41 -1199.55
19 42 -1488.87
19 43 -1790.52
19 44 -2093.49
19 45 -2384.6
19 46 -2649.5
19 47 -2873.84
19 48 -3044.67
19 49 -3151.62
19 50 -3188.04
19 51 -3151.62
19 52 -3044.67
19 53 -2873.84
19 54 -2649.5
19 55 -2384.6
19 56 -2093.49
19 57 -1790.52
19 58 -1488.87
19 59 -1199.55
19 60 -930.784
19 61 -687.757
19 62 -472.71
19 63 -285.387
19 64 -123.638
19 65 15.7952
19 66 136.649
19 67 242.463
19 68 336.213
19 69 419.935
19 70 494.845
19 71 561.264
19 72 618.971
19 73 667.282
19 74 705.527
19 75 733.05
19 76 749.558
19 77 755.116
19 78 750.201
19 79 735.644
19 80 712.612
19 81 682.446
19 82 646.639
19 83 606.615
19 84 563.801
19 85 519.433
19 86 474.586
19 87 430.149
19 88 386.791
19 89 344.991
19 90 305.064
19 91 267.172
19 92 231.339
19 93 197.531
19 94 165.57
19 95 135.309
19 96 106.46
19 97 78.8092
19 98 52.0318
19 99 25.8688
19 100 0

20 0 0
20 1 29.5454
20 2 59.4066
20 3 89.9121
20 4 121.346
20 5 154.009
20 6 188.139
20 7 223.949
20 8 261.587
20 9 301.111
20 10 342.492
20 11 385.561
20 12 429.999
20 13 475.309
20 14 520.81
20 15 565.573
20 16 608.518
20 17 648.317
20 18 683.524
20 19 712.612
20 20 734.016
20 21 746.317
20 22 748.26
20 23 738.996
20 24 718.05
20 25 685.512
20 26 641.965
20 27 588.471
20 28 526.373
20 29 457.241
20 30 382.319
20 31 302.482
20 32 217.697
20 33 127.016
20 34 28.2418
20 35 -81.8121
20 36 -207.2
20 37 -352.215
20 38 -520.878
20 39 -716.026
20 40 -938.649
20 41 -1187.15
20 42 -1456.93
20 43 -1740.25
20 44 -2026.54
20 45 -2302.94
20 46 -2555.39
20 47 -2769.79
20 48 -2933.37
20 49 -3035.92
20 50 -3070.86
20 51 -3035.92
20 52 -2933.37
20 53 -2769.79
20 54 -2555.39
20 55 -2302.94
20 56 -2026.54
20 57 -1740.25
20 58 -1456.93
20 59 -1187.15
20 60 -938.649
20 61 -716.026
20 62 -520.878
20 63 -352.215
20 64 -207.2
20 65 -81.8121
20 66 28.2418
20 67 127.016
20 68 217.697
20 69 302.482
20 70 382.319
20 71 457.241
20 72 526.373
20 73 588.471
20 74 641.965
20 75 685.512
20 76 718.05
20 77 738.996
20 78 748.26
20 79 746.317
20 80 734.016
20 81 712.612
20 82 683.524
20 83 648.317
20 84 608.518
20 85 565.573
20 86 520.81
20 87 475.309
20 88 429.999
20 89 385.561
20 90 342.492
20 91 301.111
20 92 261.587
20 93 223.949
20 94 188.139
20 95 154.009
20 96 121.346
20 97 89.9121
20 98 59.4066
20 99 29.5454
20 100 0

21 0 0
21 1 33.7896
21 2 67.9108
21 3 102.68
21 4 138.406
21 5 175.343
21 6 213.737
21 7 253.712
21 8 295.385
21 9 338.675
21 10 383.467
21 11 429.397
21 12 475.988
21 13 522.54
21 14 568.101
21 15 611.596
21 16 651.619
21 17 686.72
21 18 715.271
21 19 735.644
21 20 746.317
21 21 745.959
21 22 733.61
21 23 708.765
21 24 671.547
21 25 622.669
21 26 563.491
21 27 495.837
21 28 421.964
21 29 344.008
21 30 264
21 31 183.108
21 32 101.639
21 33 18.4626
21 34 -68.7506
21 35 -163.819
21 36 -271.342
21 37 -396.487
21 38 -543.992
21 39 -717.551
21 40 -918.786
21 41 -1146.76
21 42 -1397.3
21 43 -1663.08
21 44 -1933.73
21 45 -2196.63
21 46 -2437.83
21 47 -2643.36
21 48 -2800.53
21 49 -2899.22
21 50 -2932.86
21 51 -2899.22
21 52 -2800.53
21 53 -2643.36
21 54 -2437.83
21 55 -2196.63
21 56 -1933.73
21 57 -1663.08
21 58 -1397.3
21 59 -1146.76
21 60 -918.786
21 61 -717.551
21 62 -543.992
21 63 -396.487
21 64 -271.342
21 65 -163.819
21 66 -68.7506
21 67 18.4626
21 68 101.639
21 69 183.108
21 70 264
21 71 344.008
21 72 421.964
21 73 495.837
21 74 563.491
21 75 622.669
21 76 671.547
21 77 708.765
21 78 733.61
21 79 745.959
21 80 746.317
21 81 735.644
21 82 715.271
21 83 686.72
21 84 651.619
21 85 611.596
21 86 568.101
21 87 522.54
21 88 475.988
21 89 429.397
21 90 383.467
21 91 338.675
21 92 295.385
21 93 253.712
21 94 213.737
21 95 175.343
21 96 138.406
21 97 102.68
21 98 67.9108
21 99 33.7896
21 100 0

22 0 0
22 1 38.6776
22 2 77.6659
22 3 117.317
22 4 157.852
22 5 199.577
22 6 242.592
22 7 287.045
22 8 332.862
22 9 379.922
22 10 427.884
22 11 476.258
22 12 524.34
22 13 571.19
22 14 615.691
22 15 656.441
22 16 691.948
22 17 720.52
22 18 740.475
22 19 750.201
22 20 748.26
22 21 733.61
22 22 705.612
22 23 664.395
22 24 610.62
22 25 545.862
22 26 472.244
22 27 392.498
22 28 309.556
22 29 226.389
22 30 145.331
22 31 67.9865
22 32 -5.49615
22 33 -76.3616
22 34 -147.603
22 35 -223.601
22 36 -309.911
22 37 -412.504
22 38 -537.085
22 39 -688.053
22 40 -867.757
22 41 -1075.7
22 42 -1308.1
22 43 -1557.75
22 44 -1814.42
22 45 -2065.52
22 46 -2297.08
22 47 -2495.13
22 48 -2646.94
22 49 -2742.41
22 50 -2774.98
22 51 -2742.41
22 52 -2646.94
22 53 -2495.13
22 54 -2297.08
22 55 -2065.52
22 56 -1814.42
22 57 -1557.75
22 58 -1308.1
22 59 -1075.7
22 60 -867.757
22 61 -688.053
22 62 -537.085
22 63 -412.504
22 64 -309.911
22 65 -223.601
22 66 -147.603
22 67 -76.3616
22 68 -5.49615
22 69 67.9865
22 70 145.331
22 71 226.389
22 72 309.556
22 73 392.498
22 74 472.244
22 75 545.862
22 76 610.62
22 77 664.395
22 78 705.612
22 79 733.61
22 80 748.26
22 81 750.201
22 82 740.475
22 83 720.52
22 84 691.948
22 85 656.441
22 86 615.691
22 87 571.19
22 88 524.34
22 89 476.258
22 90 427.884
22 91 379.922
22 92 332.862
22 93 287.045
22 94 242.592
22 95 199.577
22 96 157.852
22 97 117.317
22 98 77.6659
22 99 38.6776
22 100 0

23 0 0
23 1 44.2641
23 2 88.8217
23 3 133.964
23 4 179.915
23 5 226.865
23 6 274.908
23 7 324.014
23 8 374.073
23 9 424.714
23 10 475.52
23 11 525.705
23 12 574.421
23 13 620.469
23 14 662.497
23 15 698.97
23 16 728.162
23 17 748.355
23 18 757.848
23 19 755.116
23 20 738.996
23 21 708.765
23 22 664.395
23 23 606.535
23 24 536.768
23 25 457.382
23 26 371.456
23 27 282.475
23 28 194.196
23 29 109.989
23 30 32.6803
23 31 -36.2486
23 32 -96.7151
23 33 -150.594
23 34 -201.508
23 35 -254.86
23 36 -317.084
23 37 -395.217
23 38 -495.816
23 39 -624.081
23 40 -782.868
23 41 -972.05
23 42 -1188
23 43 -1423.58
23 44 -1668.43
23 45 -1909.8
23 46 -2133.61
23 47 -2325.73
23 48 -2473.39
23 49 -2566.37
23 50 -2598.13
23 51 -2566.37
23 52 -2473.39
23 53 -2325.73
23 54 -2133.61
23 55 -1909.8
23 56 -1668.43
23 57 -1423.58
23 58 -1188
23 59 -972.05
23 60 -782.868
23 61 -624.081
23 62 -495.816
23 63 -395.217
23 64 -317.084
23 65 -254.86
23 66 -201.508
23 67 -150.594
23 68 -96.7151
23 69 -36.2486
23 70 32.6803
23 71 109.989
23 72 194.196
23 73 282.475
23 74 371.456
23 75 457.382
23 76 536.768
23 77 606.535
23 78 664.395
23 79 708.765
23 80 738.996
23 81 755.116
23 82 757.848
23 83 748.355
23 84 728.162
23 85 698.97
23 86 662.497
23 87 620.469
23 88 574.421
23 89 525.705
23 90 475.52
23 91 424.714
23 92 374.073
23 93 324.014
23 94 274.908
23 95 226.865
23 96 179.915
23 97 133.964
23 98 88.8217
23 99 44.2641
23 100 0

24 0 0
24 1 50.5933
24 2 101.433
24 3 152.73
24 4 204.663
24 5 257.314
24 6 310.678
24 7 364.613
24 8 418.803
24 9 472.794
24 10 525.843
24 11 577.104
24 12 625.361
24 13 669.323
24 14 707.379
24 15 737.865
24 16 758.968
24 17 768.975
24 18 766.257
24 19 749.558
24 20 718.05
24 21 671.547
24 22 610.62
24 23 536.768
24 24 452.311
24 25 360.515
24 26 265.244
24 27 170.815
24 28 81.5178
24 29 1.20875
24 30 -67.2998
24 31 -122.556
24 32 -165.104
24 33 -197.44
24 34 -224.237
24 35 -251.854
24 36 -287.941
24 37 -340.472
24 38 -416.928
24 39 -523.128
24 40 -662.411
24 41 -834.794
24 42 -1036.65
24 43 -1260.62
24 44 -1496.12
24 45 -1730.11
24 46 -1948.23
24 47 -2136.14
24 48 -2280.87
24 49 -2372.14
24 50 -2403.32
24 51 -2372.14
24 52 -2280.87
24 53 -2136.14
24 54 -1948.23
24 55 -1730.11
24 56 -1496.12
24 57 -1260.62
24 58 -1036.65
24 59 -834.794
24 60 -662.411
24 61 -523.128
24 62 -416.928
24 63 -340.472
24 64 -287.941
24 65 -251.854
24 66 -224.237
24 67 -197.44
24 68 -165.104
24 69 -122.556
24 70 -67.2998
24 71 1.20875
24 72 81.5178
24 73 170.815
24 74 265.244
24 75 360.515
24 76 452.311
24 77 536.768
24 78 610.62
24 79 671.547
24 80 718.05
24 81 749.558
24 82 766.257
24 83 768.975
24 84 758.968
24 85 737.865
24 86 707.379
24 87 669.323
24 88 625.361
24 89 577.104
24 90 525.843
24 91 472.794
24 92 418.803
24 93 364.613
24 94 310.678
24 95 257.314
24 96 204.663
24 97 152.73
24 98 101.433
24 99 50.5933
24 100 0

25 0 0
25 1 57.682
25 2 115.518
25 3 173.628
25 4 232.078
25 5 290.834
25 6 349.754
25 7 408.52
25 8 466.678
25 9 523.507
25 10 578.161
25 11 629.446
25 12 676.09
25 13 716.481
25 14 748.976
25 15 771.74
25 16 783.041
25 17 781.179
25 18 764.837
25 19 733.05
25 20 685.512
25 21 622.669
25 22 545.862
25 23 457.382
25 24 360.515
25 25 259.333
25 26 158.558
25 27 63.1254
25 28 -22.1847
25 29 -93.3859
25 30 -147.701
25 31 -184.254
25 32 -204.137
25 33 -210.949
25 34 -210.386
25 35 -210.103
25 36 -218.783
25 37 -245.521
25 38 -298.52
25 39 -384.208
25 40 -506.094
25 41 -664.239
25 42 -854.76
25 43 -1069.99
25 44 -1298.87
25 45 -1527.95
25 46 -1742.5
25 47 -1927.89
25 48 -2070.94
25 49 -2161.25
25 50 -2192.12
25 51 -2161.25
25 52 -2070.94
25 53 -1927.89
25 54 -1742.5
25 55 -1527.95
25 56 -1298.87
25 57 -1069.99
25 58 -854.76
25 59 -664.239
25 60 -506.094
25 61 -384.208
25 62 -298.52
25 63 -245.521
25 64 -218.783
25 65 -210.103
25 66 -210.386
25 67 -210.949
25 68 -204.137
25 69 -184.254
25 70 -147.701
25 71 -93.3859
25 72 -22.1847
25 73 63.1254
25 74 158.558
25 75 259.333
25 76 360.515
25 77 457.382
25 78 545.862
25 79 622.669
25 80 685.512
25 81 733.05
25 82 764.837
25 83 781.179
25 84 783.041
25 85 771.74
25 86 748.976
25 87 716.481
25 88 676.09
25 89 629.446
25 90 578.161
25 91 523.507
25 92 466.678
25 93 408.52
25 94 349.754
25 95 290.834
25 96 232.078
25 97 173.628
25 98 115.518
25 99 57.682
25 100 0

26 0 0
26 1 65.488
26 2 130.991
26 3 196.509
26 4 261.935
26 5 327.111
26 6 391.676
26 7 455.182
26 8 516.901
26 9 575.996
26 10 631.296
26 11 681.537
26 12 725.145
26 13 760.478
26 14 785.741
26 15 799.162
26 16 799.046
26 17 784.001
26 18 752.957
26 19 705.527
26 20 641.965
26 21 563.491
26 22 472.244
26 23 371.456
26 24 265.244
26 25 158.558
26 26 56.7719
26 27 -34.6135
26 28 -110.64
26 29 -167.294
26 30 -202.274
26 31 -215.223
26 32 -208.386
26 33 -186.328
26 34 -156.142
26 35 -126.609
26 36 -107.726
26 37 -109.391
26 38 -140.578
26 39 -208.001
26 40 -315.303
26 41 -462.263
26 42 -644.625
26 43 -854.15
26 44 -1079.25
26 45 -1305.93
26 46 -1519
26 47 -1703.51
26 48 -1846.06
26 49 -1936.12
26 50 -1966.9
26 51 -1936.12
26 52 -1846.06
26 53 -1703.51
26 54 -1519
26 55 -1305.93
26 56 -1079.25
26 57 -854.15
26 58 -644.625
26 59 -462.263
26 60 -315.303
26 61 -208.001
26 62 -140.578
26 63 -109.391
26 64 -107.726
26 65 -126.609
26 66 -156.142
26 67 -186.328
26 68 -208.386
26 69 -215.223
26 70 -202.274
26 71 -167.294
26 72 -110.64
26 73 -34.6135
26 74 56.7719
26 75 158.558
26 76 265.244
26 77 371.456
26 78 472.244
26 79 563.491
26 80 641.965
26 81 705.527
26 82 752.957
26 83 784.001
26 84 799.046
26 85 799.162
26 86 785.741
26 87 760.478
26 88 725.145
26 89 681.537
26 90 631.296
26 91 575.996
26 92 516.901
26 93 455.182
26 94 391.676
26 95 327.111
26 96 261.935
26 97 196.509
26 98 130.991
26 99 65.488
26 100 0

27 0 0
27 1 73.8986
27 2 147.644
27 3 221.018
27 4 293.778
27 5 365.494
27 6 435.683
27 7 503.589
27 8 568.362
27 9 628.855
27 10 683.794
27 11 731.661
27 12 770.814
27 13 799.513
27 14 815.985
27 15 818.545
27 16 805.778
27 17 776.521
27 18 730.336
27 19 667.282
27 20 588.471
27 21 495.837
27 22 392.498
27 23 282.475
27 24 170.815
27 25 63.1254
27 26 -34.6135
27 27 -116.655
27 28 -177.967
27 29 -214.864
27 30 -225.619
27 31 -210.892
27 32 -173.901
27 33 -120.699
27 34 -59.5617
27 35 -0.671082
27 36 45.0063
27 37 66.6271
27 38 54.8074
27 39 2.60123
27 40 -93.4176
27 41 -232.668
27 42 -410.252
27 43 -617.252
27 44 -841.403
27 45 -1068.1
27 46 -1281.68
27 47 -1466.84
27 48 -1609.98
27 49 -1700.41
27 50 -1731.33
27 51 -1700.41
27 52 -1609.98
27 53 -1466.84
27 54 -1281.68
27 55 -1068.1
27 56 -841.403
27 57 -617.252
27 58 -410.252
27 59 -232.668
27 60 -93.4176
27 61 2.60123
27 62 54.8074
27 63 66.6271
27 64 45.0063
27 65 -0.671082
27 66 -59.5617
27 67 -120.699
27 68 -173.901
27 69 -210.892
27 70 -225.619
27 71 -214.864
27 72 -177.967
27 73 -116.655
27 74 -34.6135
27 75 63.1254
27 76 170.815
27 77 282.475
27 78 392.498
27 79 495.837
27 80 588.471
27 81 667.282
27 82 730.336
27 83 776.521
27 84 805.778
27 85 818.545
27 86 815.985
27 87 799.513
27 88 770.814
27 89 731.661
27 90 683.794
27 91 628.855
27 92 568.362
27 93 503.589
27 94 435.683
27 95 365.494
27 96 293.778
27 97 221.018
27 98 147.644
27 99 73.8986
27 100 0

28 0 0
28 1 82.7465
28 2 165.098
28 3 246.623
28 4 326.805
28 5 405.026
28 6 480.503
28 7 552.319
28 8 619.321
28 9 680.249
28 10 733.566
28 11 777.713
28 12 810.924
28 13 831.5
28 14 837.774
28 15 828.288
28 16 801.923
28 17 758.089
28 18 696.792
28 19 618.971
28 20 526.373
28 21 421.964
28 22 309.556
28 23 194.196
28 24 81.5178
28 25 -22.1847
28 26 -110.64
28 27 -177.967
28 28 -219.376
28 29 -231.746
28 30 -214.18
28 31 -168.419
28 32 -99.0881
28 33 -13.485
28 34 78.6341
28 35 165.97
28 36 236.48
28 37 278.742
28 38 282.985
28 39 242.38
28 40 153.847
28 41 18.6013
28 42 -157.706
28 43 -365.344
28 44 -591.282
28 45 -820.292
28 46 -1036.19
28 47 -1223.37
28 48 -1368.03
28 49 -1459.4
28 50 -1490.62
28 51 -1459.4
28 52 -1368.03
28 53 -1223.37
28 54 -1036.19
28 55 -820.292
28 56 -591.282
28 57 -365.344
28 58 -157.706
28 59 18.6013
28 60 153.847
28 61 242.38
28 62 282.985
28 63 278.742
28 64 236.48
28 65 165.97
28 66 78.6341
28 67 -13.485
28 68 -99.0881
28 69 -168.419
28 70 -214.18
28 71 -231.746
28 72 -219.376
28 73 -177.967
28 74 -110.64
28 75 -22.1847
28 76 81.5178
28 77 194.196
28 78 309.556
28 79 421.964
28 80 526.373
28 81 618.971
28 82 696.792
28 83 758.089
28 84 801.923
28 85 828.288
28 86 837.774
28 87 831.5
28 88 810.924
28 89 777.713
28 90 733.566
28 91 680.249
28 92 619.321
28 93 552.319
28 94 480.503
28 95 405.026
28 96 326.805
28 97 246.623
28 98 165.098
28 99 82.7465
28 100 0

29 0 0
29 1 91.7164
29 2 182.744
29 3 272.387
29 4 359.821
29 5 444.176
29 6 524.397
29 7 599.305
29 8 667.582
29 9 727.695
29 10 778.102
29 11 817.046
29 12 842.899
29 13 853.99
29 14 848.919
29 15 826.539
29 16 786.234
29 17 727.917
29 18 652.394
29 19 561.264
29 20 457.241
29 21 344.008
29 22 226.389
29 23 109.989
29 24 1.20875
29 25 -93.3859
29 26 -167.294
29 27 -214.864
29 28 -231.746
29 29 -215.571
29 30 -166.551
29 31 -87.6534
29 32 15.1329
29 33 133.001
29 34 255.003
29 35 368.594
29 36 461.028
29 37 520.313
29 38 536.704
29 39 503.571
29 40 418.468
29 41 283.357
29 42 104.836
29 43 -106.496
29 44 -336.794
29 45 -570.178
29 46 -789.998
29 47 -980.36
29 48 -1127.34
