0 0 0
0 1 0
0 2 0
0 3 0
0 4 0
0 5 0
0 6 0
0 7 0
0 8 0
0 9 0
0 10 0
0 11 0
0 12 0
0 13 0
0 14 0
0 15 0
0 16 0
0 17 0
0 18 0
0 19 0
0 20 0
0 21 0
0 22 0
0 23 0
0 24 0
0 25 0
0 26 0
0 27 0
0 28 0
0 29 0
0 30 0
0 31 0
0 32 0
0 33 0
0 34 0
0 35 0
0 36 0
0 37 0
0 38 0
0 39 0
0 40 0
0 41 0
0 42 0
0 43 0
0 44 0
0 45 0
0 46 0
0 47 0
0 48 0
0 49 0
0 50 0
0 51 0
0 52 0
0 53 0
0 54 0
0 55 0
0 56 0
0 57 0
0 58 0
0 59 0
0 60 0
0 61 0
0 62 0
0 63 0
0 64 0
0 65 0
0 66 0
0 67 0
0 68 0
0 69 0
0 70 0
0 71 0
0 72 0
0 73 0
0 74 0
0 75 0
0 76 0
0 77 0
0 78 0
0 79 0
0 80 0
0 81 0
0 82 0
0 83 0
0 84 0
0 85 0
0 86 0
0 87 0
0 88 0
0 89 0
0 90 0
0 91 0
0 92 0
0 93 0
0 94 0
0 95 0
0 96 0
0 97 0
0 98 0
0 99 0
0 100 0

1 0 0
1 1 0.760794
1 2 1.53102
1 3 2.31269
1 4 3.12131
1 5 3.95815
1 6 4.83813
1 7 5.76978
1 8 6.76476
1 9 7.84038
1 10 9.01074
1 11 10.2984
1 12 11.7267
1 13 13.325
1 14 15.1229
1 15 17.1661
1 16 19.4848
1 17 22.1402
1 18 25.1745
1 19 28.636
1 20 32.5856
1 21 37.044
1 22 42.0487
1 23 47.6006
1 24 53.67
1 25 60.1811
1 26 67.0026
1 27 73.9323
1 28 80.6852
1 29 86.9045
1 30 92.145
1 31 95.8647
1 32 97.4683
1 33 96.338
1 34 91.8257
1 35 83.3391
1 36 70.3795
1 37 52.6155
1 38 29.9193
1 39 2.42394
1 40 -29.4459
1 41 -64.9196
1 42 -102.941
1 43 -142.172
1 44 -181.049
1 45 -217.874
1 46 -250.945
1 47 -278.629
1 48 -299.518
1 49 -312.519
1 50 -316.936
1 51 -312.519
1 52 -299.518
1 53 -278.629
1 54 -250.945
1 55 -217.874
1 56 -181.049
1 57 -142.172
1 58 -102.941
1 59 -64.9196
1 60 -29.4459
1 61 2.42394
1 62 29.9193
1 63 52.6155
1 64 70.3795
1 65 83.3391
1 66 91.8257
1 67 96.338
1 68 97.4683
1 69 95.8647
1 70 92.145
1 71 86.9045
1 72 80.6852
1 73 73.9323
1 74 67.0026
1 75 60.1811
1 76 53.67
1 77 47.6006
1 78 42.0487
1 79 37.044
1 80 32.5856
1 81 28.636
1 82 25.1745
1 83 22.1402
1 84 19.4848
1 85 17.1661
1 86 15.1229
1 87 13.325
1 88 11.7267
1 89 10.2984
1 90 9.01074
1 91 7.84038
1 92 6.76476
1 93 5.76978
1 94 4.83813
1 95 3.95815
1 96 3.12131
1 97 2.31269
1 98 1.53102
1 99 0.760794
1 100 0

2 0 0
2 1 1.53102
2 2 3.08033
2 3 4.65257
2 4 6.27766
2 5 7.95905
2 6 9.72677
2 7 11.5982
2 8 13.5983
2 9 15.762
2 10 18.1187
2 11 20.7141
2 12 23.5954
2 13 26.8159
2 14 30.4458
2 15 34.553
2 16 39.225
2 17 44.5601
2 18 50.6412
2 19 57.5969
2 20 65.4888
2 21 74.4025
2 22 84.3977
2 23 95.4336
2 24 107.487
2 25 120.383
2 26 133.846
2 27 147.47
2 28 160.72
2 29 172.847
2 30 182.979
2 31 190.056
2 32 192.914
2 33 190.315
2 34 181.006
2 35 163.846
2 36 137.864
2 37 102.403
2 38 57.2228
2 39 2.60843
2 40 -60.5932
2 41 -130.864
2 42 -206.126
2 43 -283.727
2 44 -360.589
2 45 -433.37
2 46 -498.725
2 47 -553.428
2 48 -594.695
2 49 -620.366
2 50 -629.087
2 51 -620.366
2 52 -594.695
2 53 -553.428
2 54 -498.725
2 55 -433.37
2 56 -360.589
2 57 -283.727
2 58 -206.126
2 59 -130.864
2 60 -60.5932
2 61 2.60843
2 62 57.2228
2 63 102.403
2 64 137.864
2 65 163.846
2 66 181.006
2 67 190.315
2 68 192.914
2 69 190.056
2 70 182.979
2 71 172.847
2 72 160.72
2 73 147.47
2 74 133.846
2 75 120.383
2 76 107.487
2 77 95.4336
2 78 84.3977
2 79 74.4025
2 80 65.4888
2 81 57.5969
2 82 50.6412
2 83 44.5601
2 84 39.225
2 85 34.553
2 86 30.4458
2 87 26.8159
2 88 23.5954
2 89 20.7141
2 90 18.1187
2 91 15.762
2 92 13.5983
2 93 11.5982
2 94 9.72677
2 95 7.95905
2 96 6.27766
2 97 4.65257
2 98 3.08033
2 99 1.53102
2 100 0

3 0 0
3 1 2.31269
3 2 4.65257
3 3 7.0307
3 4 9.48828
3 5 12.0358
3 6 14.7146
3 7 17.5534
3 8 20.5886
3 9 23.8718
3 10 27.4482
3 11 31.3858
3 12 35.7543
3 13 40.6427
3 14 46.1392
3 15 52.375
3 16 59.4451
3 17 67.5156
3 18 76.7142
3 19 87.1691
3 20 99.0441
3 21 112.39
3 22 127.288
3 23 143.721
3 24 161.567
3 25 180.578
3 26 200.34
3 27 220.238
3 28 239.42
3 29 256.836
3 30 271.18
3 31 280.9
3 32 284.292
3 33 279.591
3 34 264.974
3 35 238.781
3 36 199.629
3 37 146.608
3 38 79.4003
3 39 -1.57072
3 40 -95.0405
3 41 -198.779
3 42 -309.723
3 43 -424.005
3 44 -537.119
3 45 -644.173
3 46 -740.248
3 47 -820.644
3 48 -881.289
3 49 -919.023
3 50 -931.84
3 51 -919.023
3 52 -881.289
3 53 -820.644
3 54 -740.248
3 55 -644.173
3 56 -537.119
3 57 -424.005
3 58 -309.723
3 59 -198.779
3 60 -95.0405
3 61 -1.57072
3 62 79.4003
3 63 146.608
3 64 199.629
3 65 238.781
3 66 264.974
3 67 279.591
3 68 284.292
3 69 280.9
3 70 271.18
3 71 256.836
3 72 239.42
3 73 220.238
3 74 200.34
3 75 180.578
3 76 161.567
3 77 143.721
3 78 127.288
3 79 112.39
3 80 99.0441
3 81 87.1691
3 82 76.7142
3 83 67.5156
3 84 59.4451
3 85 52.375
3 86 46.1392
3 87 40.6427
3 88 35.7543
3 89 31.3858
3 90 27.4482
3 91 23.8718
3 92 20.5886
3 93 17.5534
3 94 14.7146
3 95 12.0358
3 96 9.48828
3 97 7.0307
3 98 4.65257
3 99 2.31269
3 100 0

4 0 0
4 1 3.12131
4 2 6.27766
4 3 9.48828
4 4 12.8033
4 5 16.2425
4 6 19.8593
4 7 23.6937
4 8 27.7984
4 9 32.2414
4 10 37.0868
4 11 42.4256
4 12 48.3534
4 13 54.9779
4 14 62.4386
4 15 70.8641
4 16 80.429
4 17 91.3053
4 18 103.654
4 19 117.691
4 20 133.516
4 21 151.266
4 22 170.997
4 23 192.605
4 24 215.967
4 25 240.693
4 26 266.206
4 27 291.672
4 28 316.016
4 29 337.799
4 30 355.346
4 31 366.669
4 32 369.604
4 33 361.863
4 34 341.175
4 35 305.47
4 36 253.025
4 37 182.704
4 38 94.1475
4 39 -12.0378
4 40 -134.185
4 41 -269.42
4 42 -413.785
4 43 -562.28
4 44 -709.104
4 45 -847.968
4 46 -972.534
4 47 -1076.74
4 48 -1155.32
4 49 -1204.2
4 50 -1220.79
4 51 -1204.2
4 52 -1155.32
4 53 -1076.74
4 54 -972.534
4 55 -847.968
4 56 -709.104
4 57 -562.28
4 58 -413.785
4 59 -269.42
4 60 -134.185
4 61 -12.0378
4 62 94.1475
4 63 182.704
4 64 253.025
4 65 305.47
4 66 341.175
4 67 361.863
4 68 369.604
4 69 366.669
4 70 355.346
4 71 337.799
4 72 316.016
4 73 291.672
4 74 266.206
4 75 240.693
4 76 215.967
4 77 192.605
4 78 170.997
4 79 151.266
4 80 133.516
4 81 117.691
4 82 103.654
4 83 91.3053
4 84 80.429
4 85 70.8641
4 86 62.4386
4 87 54.9779
4 88 48.3534
4 89 42.4256
4 90 37.0868
4 91 32.2414
4 92 27.7984
4 93 23.6937
4 94 19.8593
4 95 16.2425
4 96 12.8033
4 97 9.48828
4 98 6.27766
4 99 3.12131
4 100 0

5 0 0
5 1 3.95815
5 2 7.95905
5 3 12.0358
5 4 16.2425
5 5 20.6159
5 6 25.216
5 7 30.099
5 8 35.3314
5 9 40.9965
5 10 47.1801
5 11 53.9936
5 12 61.555
5 13 70.0123
5 14 79.5099
5 15 90.2486
5 16 102.391
5 17 116.166
5 18 131.778
5 19 149.388
5 20 169.207
5 21 191.279
5 22 215.642
5 23 242.197
5 24 270.647
5 25 300.52
5 26 331.06
5 27 361.229
5 28 389.629
5 29 414.585
5 30 434.038
5 31 445.637
5 32 446.806
5 33 434.902
5 34 407.264
5 35 361.492
5 36 295.619
5 37 208.395
5 38 99.4665
5 39 -30.3939
5 40 -179.139
5 41 -343.314
5 42 -518.163
5 43 -697.715
5 44 -875.035
5 45 -1042.6
5 46 -1192.81
5 47 -1318.41
5 48 -1413.11
5 49 -1472.01
5 50 -1492.01
5 51 -1472.01
5 52 -1413.11
5 53 -1318.41
5 54 -1192.81
5 55 -1042.6
5 56 -875.035
5 57 -697.715
5 58 -518.163
5 59 -343.314
5 60 -179.139
5 61 -30.3939
5 62 99.4665
5 63 208.395
5 64 295.619
5 65 361.492
5 66 407.264
5 67 434.902
5 68 446.806
5 69 445.637
5 70 434.038
5 71 414.585
5 72 389.629
5 73 361.229
5 74 331.06
5 75 300.52
5 76 270.647
5 77 242.197
5 78 215.642
5 79 191.279
5 80 169.207
5 81 149.388
5 82 131.778
5 83 116.166
5 84 102.391
5 85 90.2486
5 86 79.5099
5 87 70.0123
5 88 61.555
5 89 53.9936
5 90 47.1801
5 91 40.9965
5 92 35.3314
5 93 30.099
5 94 25.216
5 95 20.6159
5 96 16.2425
5 97 12.0358
5 98 7.95905
5 99 3.95815
5 100 0

6 0 0
6 1 4.83813
6 2 9.72677
6 3 14.7146
6 4 19.8593
6 5 25.216
6 6 30.8531
6 7 36.8428
6 8 43.2695
6 9 50.2321
6 10 57.8402
6 11 66.2249
6 12 75.535
6 13 85.9297
6 14 97.6111
6 15 110.758
6 16 125.615
6 17 142.393
6 18 161.3
6 19 182.57
6 20 206.291
6 21 232.575
6 22 261.366
6 23 292.442
6 24 325.458
6 25 359.742
6 26 394.375
6 27 428.075
6 28 459.258
6 29 485.906
6 30 505.709
6 31 516.005
6 32 513.95
6 33 496.57
6 34 460.996
6 35 404.608
6 36 325.317
6 37 221.793
6 38 93.7497
6 39 -57.8595
6 40 -230.637
6 41 -420.661
6 42 -622.498
6 43 -829.361
6 44 -1033.36
6 45 -1225.97
6 46 -1398.51
6 47 -1542.73
6 48 -1651.44
6 49 -1719.04
6 50 -1741.98
6 51 -1719.04
6 52 -1651.44
6 53 -1542.73
6 54 -1398.51
6 55 -1225.97
6 56 -1033.36
6 57 -829.361
6 58 -622.498
6 59 -420.661
6 60 -230.637
6 61 -57.8595
6 62 93.7497
6 63 221.793
6 64 325.317
6 65 404.608
6 66 460.996
6 67 496.57
6 68 513.95
6 69 516.005
6 70 505.709
6 71 485.906
6 72 459.258
6 73 428.075
6 74 394.375
6 75 359.742
6 76 325.458
6 77 292.442
6 78 261.366
6 79 232.575
6 80 206.291
6 81 182.57
6 82 161.3
6 83 142.393
6 84 125.615
6 85 110.758
6 86 97.6111
6 87 85.9297
6 88 75.535
6 89 66.2249
6 90 57.8402
6 91 50.2321
6 92 43.2695
6 93 36.8428
6 94 30.8531
6 95 25.216
6 96 19.8593
6 97 14.7146
6 98 9.72677
6 99 4.83813
6 100 0

7 0 0
7 1 5.76978
7 2 11.5982
7 3 17.5534
7 4 23.6937
7 5 30.099
7 6 36.8428
7 7 44.0175
7 8 51.726
7 9 60.081
7 10 69.2213
7 11 79.2949
7 12 90.4728
7 13 102.954
7 14 116.931
7 15 132.652
7 16 150.328
7 17 170.202
7 18 192.507
7 19 217.374
7 20 244.966
7 21 275.247
7 22 308.095
7 23 343.231
7 24 380.073
7 25 417.857
7 26 455.424
7 27 491.331
7 28 523.702
7 29 550.371
7 30 568.743
7 31 576.004
7 32 569.082
7 33 544.89
7 34 500.404
7 35 432.949
7 36 340.385
7 37 221.428
7 38 75.859
7 39 -95.1723
7 40 -289
7 41 -501.31
7 42 -726.163
7 43 -956.121
7 44 -1182.58
7 45 -1396.19
7 46 -1587.4
7 47 -1747.18
7 48 -1867.58
7 49 -1942.45
7 50 -1967.85
7 51 -1942.45
7 52 -1867.58
7 53 -1747.18
7 54 -1587.4
7 55 -1396.19
7 56 -1182.58
7 57 -956.121
7 58 -726.163
7 59 -501.31
7 60 -289
7 61 -95.1723
7 62 75.859
7 63 221.428
7 64 340.385
7 65 432.949
7 66 500.404
7 67 544.89
7 68 569.082
7 69 576.004
7 70 568.743
7 71 550.371
7 72 523.702
7 73 491.331
7 74 455.424
7 75 417.857
7 76 380.073
7 77 343.231
7 78 308.095
7 79 275.247
7 80 244.966
7 81 217.374
7 82 192.507
7 83 170.202
7 84 150.328
7 85 132.652
7 86 116.931
7 87 102.954
7 88 90.4728
7 89 79.2949
7 90 69.2213
7 91 60.081
7 92 51.726
7 93 44.0175
7 94 36.8428
7 95 30.099
7 96 23.6937
7 97 17.5534
7 98 11.5982
7 99 5.76978
7 100 0

8 0 0
8 1 6.76476
8 2 13.5983
8 3 20.5886
8 4 27.7984
8 5 35.3314
8 6 43.2695
8 7 51.726
8 8 60.8221
8 9 70.6876
8 10 81.4868
8 11 93.3833
8 12 106.582
8 13 121.281
8 14 137.729
8 15 156.136
8 16 176.772
8 17 199.84
8 18 225.531
8 19 254.006
8 20 285.26
8 21 319.255
8 22 355.718
8 23 394.202
8 24 434.024
8 25 474.158
8 26 513.331
8 27 549.826
8 28 581.666
8 29 606.432
8 30 621.478
8 31 623.824
8 32 610.407
8 33 578.052
8 34 523.813
8 35 444.996
8 36 339.583
8 37 206.337
8 38 45.1988
8 39 -142.569
8 40 -354.057
8 41 -584.727
8 42 -828.254
8 43 -1076.79
8 44 -1321.19
8 45 -1551.51
8 46 -1757.56
8 47 -1929.69
8 48 -2059.38
8 49 -2140.02
8 50 -2167.38
8 51 -2140.02
8 52 -2059.38
8 53 -1929.69
8 54 -1757.56
8 55 -1551.51
8 56 -1321.19
8 57 -1076.79
8 58 -828.254
8 59 -584.727
8 60 -354.057
8 61 -142.569
8 62 45.1988
8 63 206.337
8 64 339.583
8 65 444.996
8 66 523.813
8 67 578.052
8 68 610.407
8 69 623.824
8 70 621.478
8 71 606.432
8 72 581.666
8 73 549.826
8 74 513.331
8 75 474.158
8 76 434.024
8 77 394.202
8 78 355.718
8 79 319.255
8 80 285.26
8 81 254.006
8 82 225.531
8 83 199.84
8 84 176.772
8 85 156.136
8 86 137.729
8 87 121.281
8 88 106.582
8 89 93.3833
8 90 81.4868
8 91 70.6876
8 92 60.8221
8 93 51.726
8 94 43.2695
8 95 35.3314
8 96 27.7984
8 97 20.5886
8 98 13.5983
8 99 6.76476
8 100 0

9 0 0
9 1 7.84038
9 2 15.762
9 3 23.8718
9 4 32.2414
9 5 40.9965
9 6 50.2321
9 7 60.081
9 8 70.6876
9 9 82.1966
9 10 94.8015
9 11 108.684
9 12 124.06
9 13 141.168
9 14 160.22
9 15 181.488
9 16 205.17
9 17 231.475
9 18 260.564
9 19 292.464
9 20 327.159
9 21 364.432
9 22 403.872
9 23 444.903
9 24 486.574
9 25 527.771
9 26 566.924
9 27 602.266
9 28 631.591
9 29 652.485
9 30 662.161
9 31 657.77
9 32 636.231
9 33 594.549
9 34 529.859
9 35 439.702
9 36 322.158
9 37 176.166
9 38 1.74021
9 39 -199.696
9 40 -425.158
9 41 -669.96
9 42 -927.623
9 43 -1190.02
9 44 -1447.73
9 45 -1690.4
9 46 -1907.44
9 47 -2088.71
9 48 -2225.29
9 49 -2310.2
9 50 -2339.01
9 51 -2310.2
9 52 -2225.29
9 53 -2088.71
9 54 -1907.44
9 55 -1690.4
9 56 -1447.73
9 57 -1190.02
9 58 -927.623
9 59 -669.96
9 60 -425.158
9 61 -199.696
9 62 1.74021
9 63 176.166
9 64 322.158
9 65 439.702
9 66 529.859
9 67 594.549
9 68 636.231
9 69 657.77
9 70 662.161
9 71 652.485
9 72 631.591
9 73 602.266
9 74 566.924
9 75 527.771
9 76 486.574
9 77 444.903
9 78 403.872
9 79 364.432
9 80 327.159
9 81 292.464
9 82 260.564
9 83 231.475
9 84 205.17
9 85 181.488
9 86 160.22
9 87 141.168
9 88 124.06
9 89 108.684
9 90 94.8015
9 91 82.1966
9 92 70.6876
9 93 60.081
9 94 50.2321
9 95 40.9965
9 96 32.2414
9 97 23.8718
9 98 15.762
9 99 7.84038
9 100 0

10 0 0
10 1 9.01074
10 2 18.1187
10 3 27.4482
10 4 37.0868
10 5 47.1801
10 6 57.8402
10 7 69.2213
10 8 81.4868
10 9 94.8015
10 10 109.381
10 11 125.415
10 12 143.156
10 13 162.811
10 14 184.65
10 15 208.864
10 16 235.685
10 17 265.24
10 18 297.604
10 19 332.748
10 20 370.474
10 21 410.445
10 22 452.077
10 23 494.57
10 24 536.847
10 25 577.496
10 26 614.931
10 27 647.121
10 28 671.913
10 29 686.788
10 30 689.156
10 31 676.188
10 32 645.121
10 33 593.138
10 34 517.703
10 35 416.526
10 36 287.975
10 37 131.116
10 38 -53.9042
10 39 -265.662
10 40 -501.145
10 41 -755.696
10 42 -1022.83
10 43 -1294.39
10 44 -1560.83
10 45 -1811.62
10 46 -2035.87
10 47 -2223.18
10 48 -2364.35
10 49 -2452.14
10 50 -2481.93
10 51 -2452.14
10 52 -2364.35
10 53 -2223.18
10 54 -2035.87
10 55 -1811.62
10 56 -1560.83
10 57 -1294.39
10 58 -1022.83
10 59 -755.696
10 60 -501.145
10 61 -265.662
10 62 -53.9042
10 63 131.116
10 64 287.975
10 65 416.526
10 66 517.703
10 67 593.138
10 68 645.121
10 69 676.188
10 70 689.156
10 71 686.788
10 72 671.913
10 73 647.121
10 74 614.931
10 75 577.496
10 76 536.847
10 77 494.57
10 78 452.077
10 79 410.445
10 80 370.474
10 81 332.748
10 82 297.604
10 83 265.24
10 84 235.685
10 85 208.864
10 86 184.65
10 87 162.811
10 88 143.156
10 89 125.415
10 90 109.381
10 91 94.8015
10 92 81.4868
10 93 69.2213
10 94 57.8402
10 95 47.1801
10 96 37.0868
10 97 27.4482
10 98 18.1187
10 99 9.01074
10 100 0

11 0 0
11 1 10.2984
11 2 20.7141
11 3 31.3858
11 4 42.4256
11 5 53.9936
11 6 66.2249
11 7 79.2949
11 8 93.3833
11 9 108.684
11 10 125.415
11 11 143.803
11 12 164.072
11 13 186.481
11 14 211.21
11 15 238.503
11 16 268.463
11 17 301.187
11 18 336.638
11 19 374.639
11 20 414.855
11 21 456.761
11 22 499.571
11 23 542.296
11 24 583.614
11 25 622.046
11 26 655.732
11 27 682.743
11 28 700.828
11 29 707.669
11 30 700.767
11 31 677.694
11 32 635.922
11 33 573.061
11 34 486.892
11 35 375.517
11 36 237.509
11 37 72.1017
11 38 -120.519
11 39 -338.963
11 40 -580.358
11 41 -840.231
11 42 -1112.25
11 43 -1388.41
11 44 -1659.19
11 45 -1914.08
11 46 -2142.08
11 47 -2332.62
11 48 -2476.25
11 49 -2565.61
11 50 -2595.93
11 51 -2565.61
11 52 -2476.25
11 53 -2332.62
11 54 -2142.08
11 55 -1914.08
11 56 -1659.19
11 57 -1388.41
11 58 -1112.25
11 59 -840.231
11 60 -580.358
11 61 -338.963
11 62 -120.519
11 63 72.1017
11 64 237.509
11 65 375.517
11 66 486.892
11 67 573.061
11 68 635.922
11 69 677.694
11 70 700.767
11 71 707.669
11 72 700.828
11 73 682.743
11 74 655.732
11 75 622.046
11 76 583.614
11 77 542.296
11 78 499.571
11 79 456.761
11 80 414.855
11 81 374.639
11 82 336.638
11 83 301.187
11 84 268.463
11 85 238.503
11 86 211.21
11 87 186.481
11 88 164.072
11 89 143.803
11 90 125.415
11 91 108.684
11 92 93.3833
11 93 79.2949
11 94 66.2249
11 95 53.9936
11 96 42.4256
11 97 31.3858
11 98 20.7141
11 99 10.2984
11 100 0

12 0 0
12 1 11.7267
12 2 23.5954
12 3 35.7543
12 4 48.3534
12 5 61.555
12 6 75.535
12 7 90.4728
12 8 106.582
12 9 124.06
12 10 143.156
12 11 164.072
12 12 187.077
12 13 212.344
12 14 240.112
12 15 270.475
12 16 303.539
12 17 339.252
12 18 377.45
12 19 417.8
12 20 459.78
12 21 502.64
12 22 545.404
12 23 586.859
12 24 625.539
12 25 659.747
12 26 687.696
12 27 707.332
12 28 716.629
12 29 713.426
12 30 695.626
12 31 661.104
12 32 607.87
12 33 533.983
12 34 437.661
12 35 317.358
12 36 171.897
12 37 0.655034
12 38 -196.251
12 39 -417.57
12 40 -660.742
12 41 -921.548
12 42 -1194.07
12 43 -1470.53
12 44 -1741.69
12 45 -1997.05
12 46 -2225.7
12 47 -2416.92
12 48 -2561.22
12 49 -2651.02
12 50 -2681.53
12 51 -2651.02
12 52 -2561.22
12 53 -2416.92
12 54 -2225.7
12 55 -1997.05
12 56 -1741.69
12 57 -1470.53
12 58 -1194.07
12 59 -921.548
12 60 -660.742
12 61 -417.57
12 62 -196.251
12 63 0.655034
12 64 171.897
12 65 317.358
12 66 437.661
12 67 533.983
12 68 607.87
12 69 661.104
12 70 695.626
12 71 713.426
12 72 716.629
12 73 707.332
12 74 687.696
12 75 659.747
12 76 625.539
12 77 586.859
12 78 545.404
12 79 502.64
12 80 459.78
12 81 417.8
12 82 377.45
12 83 339.252
12 84 303.539
12 85 270.475
12 86 240.112
12 87 212.344
12 88 187.077
12 89 164.072
12 90 143.156
12 91 124.06
12 92 106.582
12 93 90.4728
12 94 75.535
12 95 61.555
12 96 48.3534
12 97 35.7543
12 98 23.5954
12 99 11.7267
12 100 0

13 0 0
13 1 13.325
13 2 26.8159
13 3 40.6427
13 4 54.9779
13 5 70.0123
13 6 85.9297
13 7 102.954
13 8 121.281
13 9 141.168
13 10 162.811
13 11 186.481
13 12 212.344
13 13 240.638
13 14 271.446
13 15 304.877
13 16 340.866
13 17 379.251
13 18 419.704
13 19 461.691
13 20 504.475
13 21 547.093
13 22 588.363
13 23 626.84
13 24 660.946
13 25 688.927
13 26 708.912
13 27 719.086
13 28 717.571
13 29 702.6
13 30 672.485
13 31 625.681
13 32 560.71
13 33 476.183
13 34 370.809
13 35 243.399
13 36 92.9954
13 37 -81.0327
13 38 -278.646
13 39 -498.956
13 40 -739.762
13 41 -997.389
13 42 -1266.31
13 43 -1539.27
13 44 -1807.23
13 45 -2060.01
13 46 -2286.67
13 47 -2476.54
13 48 -2619.97
13 49 -2709.33
13 50 -2739.67
13 51 -2709.33
13 52 -2619.97
13 53 -2476.54
13 54 -2286.67
13 55 -2060.01
13 56 -1807.23
13 57 -1539.27
13 58 -1266.31
13 59 -997.389
13 60 -739.762
13 61 -498.956
13 62 -278.646
13 63 -81.0327
13 64 92.9954
13 65 243.399
13 66 370.809
13 67 476.183
13 68 560.71
13 69 625.681
13 70 672.485
13 71 702.6
13 72 717.571
13 73 719.086
13 74 708.912
13 75 688.927
13 76 660.946
13 77 626.84
13 78 588.363
13 79 547.093
13 80 504.475
13 81 461.691
13 82 419.704
13 83 379.251
13 84 340.866
13 85 304.877
13 86 271.446
13 87 240.638
13 88 212.344
13 89 186.481
13 90 162.811
13 91 141.168
13 92 121.281
13 93 102.954
13 94 85.9297
13 95 70.0123
13 96 54.9779
13 97 40.6427
13 98 26.8159
13 99 13.325
13 100 0

14 0 0
14 1 15.1229
14 2 30.4458
14 3 46.1392
14 4 62.4386
14 5 79.5099
14 6 97.6111
14 7 116.931
14 8 137.729
14 9 160.22
14 10 184.65
14 11 211.21
14 12 240.112
14 13 271.446
14 14 305.315
14 15 341.637
14 16 380.258
14 17 420.845
14 18 462.847
14 19 505.544
14 20 547.956
14 21 588.9
14 22 626.964
14 23 660.599
14 24 688.068
14 25 707.629
14 26 717.562
14 27 716.212
14 28 702.101
14 29 673.931
14 30 630.594
14 31 571.139
14 32 494.739
14 33 400.597
14 34 287.868
14 35 155.724
14 36 3.28761
14 37 -170.096
14 38 -364.725
14 39 -580.099
14 40 -814.65
14 41 -1065.23
14 42 -1326.99
14 43 -1593.1
14 44 -1855
14 45 -2102.65
14 46 -2325.31
14 47 -2512.21
14 48 -2653.66
14 49 -2741.87
14 50 -2771.86
14 51 -2741.87
14 52 -2653.66
14 53 -2512.21
14 54 -2325.31
14 55 -2102.65
14 56 -1855
14 57 -1593.1
14 58 -1326.99
14 59 -1065.23
14 60 -814.65
14 61 -580.099
14 62 -364.725
14 63 -170.096
14 64 3.28761
14 65 155.724
14 66 287.868
14 67 400.597
14 68 494.739
14 69 571.139
14 70 630.594
14 71 673.931
14 72 702.101
14 73 716.212
14 74 717.562
14 75 707.629
14 76 688.068
14 77 660.599
14 78 626.964
14 79 588.9
14 80 547.956
14 81 505.544
14 82 462.847
14 83 420.845
14 84 380.258
14 85 341.637
14 86 305.315
14 87 271.446
14 88 240.112
14 89 211.21
14 90 184.65
14 91 160.22
14 92 137.729
14 93 116.931
14 94 97.6111
14 95 79.5099
14 96 62.4386
14 97 46.1392
14 98 30.4458
14 99 15.1229
14 100 0

15 0 0
15 1 17.1661
15 2 34.553
15 3 52.375
15 4 70.8641
15 5 90.2486
15 6 110.758
15 7 132.652
15 8 156.136
15 9 181.488
15 10 208.864
15 11 238.503
15 12 270.475
15 13 304.877
15 14 341.637
15 15 380.573
15 16 421.376
15 17 463.458
15 18 506.128
15 19 548.364
15 20 588.992
15 21 626.579
15 22 659.592
15 23 686.274
15 24 704.974
15 25 713.978
15 26 711.778
15 27 697.121
15 28 668.955
15 29 626.62
15 30 569.649
15 31 497.824
15 32 410.958
15 33 308.863
15 34 191.114
15 35 57.1145
15 36 -94.008
15 37 -263.137
15 38 -450.982
15 39 -657.674
15 40 -882.309
15 41 -1122.49
15 42 -1374.01
15 43 -1630.65
15 44 -1884.21
15 45 -2124.94
15 46 -2342.12
15 47 -2524.97
15 48 -2663.68
15 49 -2750.34
15 50 -2779.81
15 51 -2750.34
15 52 -2663.68
15 53 -2524.97
15 54 -2342.12
15 55 -2124.94
15 56 -1884.21
15 57 -1630.65
15 58 -1374.01
15 59 -1122.49
15 60 -882.309
15 61 -657.674
15 62 -450.982
15 63 -263.137
15 64 -94.008
15 65 57.1145
15 66 191.114
15 67 308.863
15 68 410.958
15 69 497.824
15 70 569.649
15 71 626.62
15 72 668.955
15 73 697.121
15 74 711.778
15 75 713.978
15 76 704.974
15 77 686.274
15 78 659.592
15 79 626.579
15 80 588.992
15 81 548.364
15 82 506.128
15 83 463.458
15 84 421.376
15 85 380.573
15 86 341.637
15 87 304.877
15 88 270.475
15 89 238.503
15 90 208.864
15 91 181.488
15 92 156.136
15 93 132.652
15 94 110.758
15 95 90.2486
15 96 70.8641
15 97 52.375
15 98 34.553
15 99 17.1661
15 100 0

16 0 0
16 1 19.4848
16 2 39.225
16 3 59.4451
16 4 80.429
16 5 102.391
16 6 125.615
16 7 150.328
16 8 176.772
16 9 205.17
16 10 235.685
16 11 268.463
16 12 303.539
16 13 340.866
16 14 380.258
16 15 421.376
16 16 463.658
16 17 506.388
16 18 548.532
16 19 588.913
16 20 626.081
16 21 658.457
16 22 684.318
16 23 701.959
16 24 709.701
16 25 706.089
16 26 689.955
16 27 660.477
16 28 617.285
16 29 560.35
16 30 490.03
16 31 406.788
16 32 311.169
16 33 203.44
16 34 83.5916
16 35 -48.9137
16 36 -195.066
16 37 -356.177
16 38 -533.513
16 39 -727.975
16 40 -939.472
16 41 -1166.43
16 42 -1405.34
16 43 -1650.55
16 44 -1894.25
16 45 -2126.89
16 46 -2337.78
16 47 -2516.04
16 48 -2651.65
16 49 -2736.53
16 50 -2765.42
16 51 -2736.53
16 52 -2651.65
16 53 -2516.04
16 54 -2337.78
16 55 -2126.89
16 56 -1894.25
16 57 -1650.55
16 58 -1405.34
16 59 -1166.43
16 60 -939.472
16 61 -727.975
16 62 -533.513
16 63 -356.177
16 64 -195.066
16 65 -48.9137
16 66 83.5916
16 67 203.44
16 68 311.169
16 69 406.788
16 70 490.03
16 71 560.35
16 72 617.285
16 73 660.477
16 74 689.955
16 75 706.089
16 76 709.701
16 77 701.959
16 78 684.318
16 79 658.457
16 80 626.081
16 81 588.913
16 82 548.532
16 83 506.388
16 84 463.658
16 85 421.376
16 86 380.258
16 87 340.866
16 88 303.539
16 89 268.463
16 90 235.685
16 91 205.17
16 92 176.772
16 93 150.328
16 94 125.615
16 95 102.391
16 96 80.429
16 97 59.4451
16 98 39.225
16 99 19.4848
16 100 0

17 0 0
17 1 22.1402
17 2 44.5601
17 3 67.5156
17 4 91.3053
17 5 116.166
17 6 142.393
17 7 170.202
17 8 199.84
17 9 231.475
17 10 265.24
17 11 301.187
17 12 339.252
17 13 379.251
17 14 420.845
17 15 463.458
17 16 506.388
17 17 548.571
17 18 588.84
17 19 625.711
17 20 657.566
17 21 682.675
17 22 699.273
17 23 705.667
17 24 700.401
17 25 682.333
17 26 650.745
17 27 605.489
17 28 546.804
17 29 475.586
17 30 392.863
17 31 299.955
17 32 197.933
17 33 87.6196
17 34 -30.8989
17 35 -158.144
17 36 -295.494
17 37 -444.774
17 38 -608.081
17 39 -787.152
17 40 -982.82
17 41 -1194.34
17 42 -1418.95
17 43 -1651.53
17 44 -1884.61
17 45 -2108.71
17 46 -2313.07
17 47 -2486.63
17 48 -2619.15
17 49 -2702.29
17 50 -2730.63
17 51 -2702.29
17 52 -2619.15
17 53 -2486.63
17 54 -2313.07
17 55 -2108.71
17 56 -1884.61
17 57 -1651.53
17 58 -1418.95
17 59 -1194.34
17 60 -982.82
17 61 -787.152
17 62 -608.081
17 63 -444.774
17 64 -295.494
17 65 -158.144
17 66 -30.8989
17 67 87.6196
17 68 197.933
17 69 299.955
17 70 392.863
17 71 475.586
17 72 546.804
17 73 605.489
17 74 650.745
17 75 682.333
17 76 700.401
17 77 705.667
17 78 699.273
17 79 682.675
17 80 657.566
17 81 625.711
17 82 588.84
17 83 548.571
17 84 506.388
17 85 463.458
17 86 420.845
17 87 379.251
17 88 339.252
17 89 301.187
17 90 265.24
17 91 231.475
17 92 199.84
17 93 170.202
17 94 142.393
17 95 116.166
17 96 91.3053
17 97 67.5156
17 98 44.5601
17 99 22.1402
17 100 0

18 0 0
18 1 25.1745
18 2 50.6412
18 3 76.7142
18 4 103.654
18 5 131.778
18 6 161.3
18 7 192.507
18 8 225.531
18 9 260.564
18 10 297.604
18 11 336.638
18 12 377.45
18 13 419.704
18 14 462.847
18 15 506.128
18 16 548.532
18 17 588.84
18 18 625.575
18 19 657.077
18 20 681.597
18 21 697.293
18 22 702.46
18 23 695.558
18 24 675.445
18 25 641.414
18 26 593.396
18 27 531.885
18 28 458.067
18 29 373.504
18 30 280.215
18 31 180.095
18 32 74.8529
18 33 -34.513
18 34 -147.752
18 35 -265.745
18 36 -390.335
18 37 -524.169
18 38 -670.198
18 39 -831.18
18 40 -1008.91
18 41 -1203.53
18 42 -1412.92
18 43 -1632.42
18 44 -1854.77
18 45 -2070.49
18 46 -2268.67
18 47 -2437.92
18 48 -2567.67
18 49 -2649.28
18 50 -2677.14
18 51 -2649.28
18 52 -2567.67
18 53 -2437.92
18 54 -2268.67
18 55 -2070.49
18 56 -1854.77
18 57 -1632.42
18 58 -1412.92
18 59 -1203.53
18 60 -1008.91
18 61 -831.18
18 62 -670.198
18 63 -524.169
18 64 -390.335
18 65 -265.745
18 66 -147.752
18 67 -34.513
18 68 74.8529
18 69 180.095
18 70 280.215
18 71 373.504
18 72 458.067
18 73 531.885
18 74 593.396
18 75 641.414
18 76 675.445
18 77 695.558
18 78 702.46
18 79 697.293
18 80 681.597
18 81 657.077
18 82 625.575
18 83 588.84
18 84 548.532
18 85 506.128
18 86 462.847
18 87 419.704
18 88 377.45
18 89 336.638
18 90 297.604
18 91 260.564
18 92 225.531
18 93 192.507
18 94 161.3
18 95 131.778
18 96 103.654
18 97 76.7142
18 98 50.6412
18 99 25.1745
18 100 0

19 0 0
19 1 28.636
19 2 57.5969
19 3 87.1691
19 4 117.691
19 5 149.388
19 6 182.57
19 7 217.374
19 8 254.006
19 9 292.464
19 10 332.748
19 11 374.639
19 12 417.8
19 13 461.691
19 14 505.544
19 15 548.364
19 16 588.913
19 17 625.711
19 18 657.077
19 19 681.226
19 20 696.257
19 21 700.423
19 22 692.096
19 23 670.074
19 24 633.603
19 25 582.623
19 26 517.746
19 27 440.334
19 28 352.363
19 29 256.394
19 30 155.07
19 31 51.0226
19 32 -53.7314
19 33 -157.976
19 34 -261.747
19 35 -366.326
19 36 -474.32
19 37 -589.286
19 38 -715.271
19 39 -856.069
19 40 -1014.46
19 41 -1191.4
19 42 -1385.38
19 43 -1592.07
19 44 -1804.28
19 45 -2012.41
19 46 -2205.19
19 47 -2370.88
19 48 -2498.45
19 49 -2578.92
19 50 -2606.42
19 51 -2578.92
19 52 -2498.45
19 53 -2370.88
19 54 -2205.19
19 55 -2012.41
19 56 -1804.28
19 57 -1592.07
19 58 -1385.38
19 59 -1191.4
19 60 -1014.46
19 61 -856.069
19 62 -715.271
19 63 -589.286
19 64 -474.32
19 65 -366.326
19 66 -261.747
19 67 -157.976
19 68 -53.7314
19 69 51.0226
19 70 155.07
19 71 256.394
19 72 352.363
19 73 440.334
19 74 517.746
19 75 582.623
19 76 633.603
19 77 670.074
19 78 692.096
19 79 700.423
19 80 696.257
19 81 681.226
19 82 657.077
19 83 625.711
19 84 588.913
19 85 548.364
19 86 505.544
19 87 461.691
19 88 417.8
19 89 374.639
19 90 332.748
19 91 292.464
19 92 254.006
19 93 217.374
19 94 182.57
19 95 149.388
19 96 117.691
19 97 87.1691
19 98 57.5969
19 99 28.636
19 100 0

20 0 0
20 1 32.5856
20 2 65.4888
20 3 99.0441
20 4 133.516
20 5 169.207
20 6 206.291
20 7 244.966
20 8 285.26
20 9 327.159
20 10 370.474
20 11 414.855
20 12 459.78
20 13 504.475
20 14 547.956
20 15 588.992
20 16 626.081
20 17 657.566
20 18 681.597
20 19 696.257
20 20 699.728
20 21 690.304
20 22 666.693
20 23 628.056
20 24 574.269
20 25 505.947
20 26 424.549
20 27 332.319
20 28 232.187
20 29 127.419
20 30 21.5056
20 31 -82.5622
20 32 -182.47
20 33 -277.177
20 34 -367.03
20 35 -454.099
20 36 -541.864
20 37 -635.021
20 38 -738.724
20 39 -857.896
20 40 -996.26
20 41 -1155.52
20 42 -1334.62
20 43 -1529.43
20 44 -1732.67
20 45 -1934.45
20 46 -2123.06
20 47 -2286.21
20 48 -2412.4
20 49 -2492.23
20 50 -2519.56
20 51 -2492.23
20 52 -2412.4
20 53 -2286.21
20 54 -2123.06
20 55 -1934.45
20 56 -1732.67
20 57 -1529.43
20 58 -1334.62
20 59 -1155.52
20 60 -996.26
20 61 -857.896
20 62 -738.724
20 63 -635.021
20 64 -541.864
20 65 -454.099
20 66 -367.03
20 67 -277.177
20 68 -182.47
20 69 -82.5622
20 70 21.5056
20 71 127.419
20 72 232.187
20 73 332.319
20 74 424.549
20 75 505.947
20 76 574.269
20 77 628.056
20 78 666.693
20 79 690.304
20 80 699.728
20 81 696.257
20 82 681.597
20 83 657.566
20 84 626.081
20 85 588.992
20 86 547.956
20 87 504.475
20 88 459.78
20 89 414.855
20 90 370.474
20 91 327.159
20 92 285.26
20 93 244.966
20 94 206.291
20 95 169.207
20 96 133.516
20 97 99.0441
20 98 65.4888
20 99 32.5856
20 100 0

21 0 0
21 1 37.044
21 2 74.4025
21 3 112.39
21 4 151.266
21 5 191.279
21 6 232.575
21 7 275.247
21 8 319.255
21 9 364.432
21 10 410.445
21 11 456.761
21 12 502.64
21 13 547.093
21 14 588.9
21 15 626.579
21 16 658.457
21 17 682.675
21 18 697.293
21 19 700.423
21 20 690.304
21 21 665.533
21 22 625.184
21 23 569.014
21 24 497.55
21 25 412.279
21 26 315.54
21 27 210.498
21 28 100.939
21 29 -9.02581
21 30 -115.479
21 31 -214.994
21 32 -305.373
21 33 -385.794
21 34 -457.386
21 35 -523.014
21 36 -587.367
21 37 -656.27
21 38 -736.158
21 39 -832.973
21 40 -951.387
21 41 -1093.66
21 42 -1259.1
21 43 -1443.53
21 44 -1639.47
21 45 -1836.52
21 46 -2022.45
21 47 -2184.33
21 48 -2310.08
21 49 -2389.84
21 50 -2417.19
21 51 -2389.84
21 52 -2310.08
21 53 -2184.33
21 54 -2022.45
21 55 -1836.52
21 56 -1639.47
21 57 -1443.53
21 58 -1259.1
21 59 -1093.66
21 60 -951.387
21 61 -832.973
21 62 -736.158
21 63 -656.27
21 64 -587.367
21 65 -523.014
21 66 -457.386
21 67 -385.794
21 68 -305.373
21 69 -214.994
21 70 -115.479
21 71 -9.02581
21 72 100.939
21 73 210.498
21 74 315.54
21 75 412.279
21 76 497.55
21 77 569.014
21 78 625.184
21 79 665.533
21 80 690.304
21 81 700.423
21 82 697.293
21 83 682.675
21 84 658.457
21 85 626.579
21 86 588.9
21 87 547.093
21 88 502.64
21 89 456.761
21 90 410.445
21 91 364.432
21 92 319.255
21 93 275.247
21 94 232.575
21 95 191.279
21 96 151.266
21 97 112.39
21 98 74.4025
21 99 37.044
21 100 0

22 0 0
22 1 42.0487
22 2 84.3977
22 3 127.288
22 4 170.997
22 5 215.642
22 6 261.366
22 7 308.095
22 8 355.718
22 9 403.872
22 10 452.077
22 11 499.571
22 12 545.404
22 13 588.363
22 14 626.964
22 15 659.592
22 16 684.318
22 17 699.273
22 18 702.46
22 19 692.096
22 20 666.693
22 21 625.184
22 22 567.234
22 23 493.207
22 24 404.545
22 25 303.536
22 26 193.522
22 27 78.5546
22 28 -36.7258
22 29 -147.683
22 30 -249.859
22 31 -339.926
22 32 -415.765
22 33 -477.284
22 34 -526.352
22 35 -567.093
22 36 -605.319
22 37 -648.265
22 38 -703.489
22 39 -778.048
22 40 -877.291
22 41 -1003.98
22 42 -1157.52
22 43 -1333.59
22 44 -1524.23
22 45 -1718.48
22 46 -1903.4
22 47 -2065.38
22 48 -2191.69
22 49 -2272
22 50 -2299.56
22 51 -2272
22 52 -2191.69
22 53 -2065.38
22 54 -1903.4
22 55 -1718.48
22 56 -1524.23
22 57 -1333.59
22 58 -1157.52
22 59 -1003.98
22 60 -877.291
22 61 -778.048
22 62 -703.489
22 63 -648.265
22 64 -605.319
22 65 -567.093
22 66 -526.352
22 67 -477.284
22 68 -415.765
22 69 -339.926
22 70 -249.859
22 71 -147.683
22 72 -36.7258
22 73 78.5546
22 74 193.522
22 75 303.536
22 76 404.545
22 77 493.207
22 78 567.234
22 79 625.184
22 80 666.693
22 81 692.096
22 82 702.46
22 83 699.273
22 84 684.318
22 85 659.592
22 86 626.964
22 87 588.363
22 88 545.404
22 89 499.571
22 90 452.077
22 91 403.872
22 92 355.718
22 93 308.095
22 94 261.366
22 95 215.642
22 96 170.997
22 97 127.288
22 98 84.3977
22 99 42.0487
22 100 0

23 0 0
23 1 47.6006
23 2 95.4336
23 3 143.721
23 4 192.605
23 5 242.197
23 6 292.442
23 7 343.231
23 8 394.202
23 9 444.903
23 10 494.57
23 11 542.296
23 12 586.859
23 13 626.84
23 14 660.599
23 15 686.274
23 16 701.959
23 17 705.667
23 18 695.558
23 19 670.074
23 20 628.056
23 21 569.014
23 22 493.207
23 23 401.904
23 24 297.299
23 25 182.767
23 26 62.4676
23 27 -58.6222
23 28 -175.253
23 29 -282.208
23 30 -375.024
23 31 -450.35
23 32 -506.758
23 33 -544.813
23 34 -567.635
23 35 -580.496
23 36 -590.712
23 37 -606.705
23 38 -637.283
23 39 -690.362
23 40 -771.965
23 41 -885.057
23 42 -1028.98
23 43 -1199.03
23 44 -1386.68
23 45 -1580.2
23 46 -1765.87
23 47 -1929.33
23 48 -2057.21
23 49 -2138.68
23 50 -2166.66
23 51 -2138.68
23 52 -2057.21
23 53 -1929.33
23 54 -1765.87
23 55 -1580.2
23 56 -1386.68
23 57 -1199.03
23 58 -1028.98
23 59 -885.057
23 60 -771.965
23 61 -690.362
23 62 -637.283
23 63 -606.705
23 64 -590.712
23 65 -580.496
23 66 -567.635
23 67 -544.813
23 68 -506.758
23 69 -450.35
23 70 -375.024
23 71 -282.208
23 72 -175.253
23 73 -58.6222
23 74 62.4676
23 75 182.767
23 76 297.299
23 77 401.904
23 78 493.207
23 79 569.014
23 80 628.056
23 81 670.074
23 82 695.558
23 83 705.667
23 84 701.959
23 85 686.274
23 86 660.599
23 87 626.84
23 88 586.859
23 89 542.296
23 90 494.57
23 91 444.903
23 92 394.202
23 93 343.231
23 94 292.442
23 95 242.197
23 96 192.605
23 97 143.721
23 98 95.4336
23 99 47.6006
23 100 0

24 0 0
24 1 53.67
24 2 107.487
24 3 161.567
24 4 215.967
24 5 270.647
24 6 325.458
24 7 380.073
24 8 434.024
24 9 486.574
24 10 536.847
24 11 583.614
24 12 625.539
24 13 660.946
24 14 688.068
24 15 704.974
24 16 709.701
24 17 700.401
24 18 675.445
24 19 633.603
24 20 574.269
24 21 497.55
24 22 404.545
24 23 297.299
24 24 179.089
24 25 54.0692
24 26 -72.597
24 27 -195.285
24 28 -308.148
24 29 -405.795
24 30 -483.748
24 31 -539.213
24 32 -571.361
24 33 -581.973
24 34 -575.325
24 35 -558.193
24 36 -539.195
24 37 -528.152
24 38 -534.873
24 39 -568.089
24 40 -634.173
24 41 -736.177
24 42 -873.136
24 43 -1039.79
24 44 -1226.85
24 45 -1421.75
24 46 -1609.94
24 47 -1776.24
24 48 -1906.65
24 49 -1989.83
24 50 -2018.41
24 51 -1989.83
24 52 -1906.65
24 53 -1776.24
24 54 -1609.94
24 55 -1421.75
24 56 -1226.85
24 57 -1039.79
24 58 -873.136
24 59 -736.177
24 60 -634.173
24 61 -568.089
24 62 -534.873
24 63 -528.152
24 64 -539.195
24 65 -558.193
24 66 -575.325
24 67 -581.973
24 68 -571.361
24 69 -539.213
24 70 -483.748
24 71 -405.795
24 72 -308.148
24 73 -195.285
24 74 -72.597
24 75 54.0692
24 76 179.089
24 77 297.299
24 78 404.545
24 79 497.55
24 80 574.269
24 81 633.603
24 82 675.445
24 83 700.401
24 84 709.701
24 85 704.974
24 86 688.068
24 87 660.946
24 88 625.539
24 89 583.614
24 90 536.847
24 91 486.574
24 92 434.024
24 93 380.073
24 94 325.458
24 95 270.647
24 96 215.967
24 97 161.567
24 98 107.487
24 99 53.67
24 100 0

25 0 0
25 1 60.1811
25 2 120.383
25 3 180.578
25 4 240.693
25 5 300.52
25 6 359.742
25 7 417.857
25 8 474.158
25 9 527.771
25 10 577.496
25 11 622.046
25 12 659.747
25 13 688.927
25 14 707.629
25 15 713.978
25 16 706.089
25 17 682.333
25 18 641.414
25 19 582.623
25 20 505.947
25 21 412.279
25 22 303.536
25 23 182.767
25 24 54.0692
25 25 -77.3898
25 26 -205.788
25 27 -324.844
25 28 -428.462
25 29 -511.181
25 30 -568.93
25 31 -599.498
25 32 -603.2
25 33 -582.923
25 34 -544.465
25 35 -495.997
25 36 -447.638
25 37 -410.306
25 38 -394.814
25 39 -410.415
25 40 -463.715
25 41 -557.546
25 42 -690.461
25 43 -856.462
25 44 -1045.39
25 45 -1243.76
25 46 -1436.09
25 47 -1606.48
25 48 -1740.27
25 49 -1825.67
25 50 -1855.02
25 51 -1825.67
25 52 -1740.27
25 53 -1606.48
25 54 -1436.09
25 55 -1243.76
25 56 -1045.39
25 57 -856.462
25 58 -690.461
25 59 -557.546
25 60 -463.715
25 61 -410.415
25 62 -394.814
25 63 -410.306
25 64 -447.638
25 65 -495.997
25 66 -544.465
25 67 -582.923
25 68 -603.2
25 69 -599.498
25 70 -568.93
25 71 -511.181
25 72 -428.462
25 73 -324.844
25 74 -205.788
25 75 -77.3898
25 76 54.0692
25 77 182.767
25 78 303.536
25 79 412.279
25 80 505.947
25 81 582.623
25 82 641.414
25 83 682.333
25 84 706.089
25 85 713.978
25 86 707.629
25 87 688.927
25 88 659.747
25 89 622.046
25 90 577.496
25 91 527.771
25 92 474.158
25 93 417.857
25 94 359.742
25 95 300.52
25 96 240.693
25 97 180.578
25 98 120.383
25 99 60.1811
25 100 0

26 0 0
26 1 67.0026
26 2 133.846
26 3 200.34
26 4 266.206
26 5 331.06
26 6 394.375
26 7 455.424
26 8 513.331
26 9 566.924
26 10 614.931
26 11 655.732
26 12 687.696
26 13 708.912
26 14 717.562
26 15 711.778
26 16 689.955
26 17 650.745
26 18 593.396
26 19 517.746
26 20 424.549
26 21 315.54
26 22 193.522
26 23 62.4676
26 24 -72.597
26 25 -205.788
26 26 -330.595
26 27 -440.451
26 28 -529.092
26 29 -591.38
26 30 -623.786
26 31 -625.107
26 32 -596.72
26 33 -543.1
26 34 -471.383
26 35 -391.348
26 36 -314.315
26 37 -252.423
26 38 -217.096
26 39 -218.019
26 40 -261.669
26 41 -350.569
26 42 -482.508
26 43 -650.639
26 44 -843.802
26 45 -1047.57
26 46 -1245.56
26 47 -1421.13
26 48 -1559.03
26 49 -1647.05
26 50 -1677.29
26 51 -1647.05
26 52 -1559.03
26 53 -1421.13
26 54 -1245.56
26 55 -1047.57
26 56 -843.802
26 57 -650.639
26 58 -482.508
26 59 -350.569
26 60 -261.669
26 61 -218.019
26 62 -217.096
26 63 -252.423
26 64 -314.315
26 65 -391.348
26 66 -471.383
26 67 -543.1
26 68 -596.72
26 69 -625.107
26 70 -623.786
26 71 -591.38
26 72 -529.092
26 73 -440.451
26 74 -330.595
26 75 -205.788
26 76 -72.597
26 77 62.4676
26 78 193.522
26 79 315.54
26 80 424.549
26 81 517.746
26 82 593.396
26 83 650.745
26 84 689.955
26 85 711.778
26 86 717.562
26 87 708.912
26 88 687.696
26 89 655.732
26 90 614.931
26 91 566.924
26 92 513.331
26 93 455.424
26 94 394.375
26 95 331.06
26 96 266.206
26 97 200.34
26 98 133.846
26 99 67.0026
26 100 0

27 0 0
27 1 73.9323
27 2 147.47
27 3 220.238
27 4 291.672
27 5 361.229
27 6 428.075
27 7 491.331
27 8 549.826
27 9 602.266
27 10 647.121
27 11 682.743
27 12 707.332
27 13 719.086
27 14 716.212
27 15 697.121
27 16 660.477
27 17 605.489
27 18 531.885
27 19 440.334
27 20 332.319
27 21 210.498
27 22 78.5546
27 23 -58.6222
27 24 -195.285
27 25 -324.844
27 26 -440.451
27 27 -535.311
27 28 -603.428
27 29 -640.092
27 30 -642.677
27 31 -611.039
27 32 -548.065
27 33 -459.55
27 34 -354.32
27 35 -243.441
27 36 -139.558
27 37 -55.5775
27 38 -3.56761
27 39 6.78433
27 40 -30.7895
27 41 -118.14
27 42 -252.236
27 43 -425.189
27 44 -624.827
27 45 -835.741
27 46 -1040.69
27 47 -1222.34
27 48 -1364.91
27 49 -1455.87
27 50 -1487.11
27 51 -1455.87
27 52 -1364.91
27 53 -1222.34
27 54 -1040.69
27 55 -835.741
27 56 -624.827
27 57 -425.189
27 58 -252.236
27 59 -118.14
27 60 -30.7895
27 61 6.78433
27 62 -3.56761
27 63 -55.5775
27 64 -139.558
27 65 -243.441
27 66 -354.32
27 67 -459.55
27 68 -548.065
27 69 -611.039
27 70 -642.677
27 71 -640.092
27 72 -603.428
27 73 -535.311
27 74 -440.451
27 75 -324.844
27 76 -195.285
27 77 -58.6222
27 78 78.5546
27 79 210.498
27 80 332.319
27 81 440.334
27 82 531.885
27 83 605.489
27 84 660.477
27 85 697.121
27 86 716.212
27 87 719.086
27 88 707.332
27 89 682.743
27 90 647.121
27 91 602.266
27 92 549.826
27 93 491.331
27 94 428.075
27 95 361.229
27 96 291.672
27 97 220.238
27 98 147.47
27 99 73.9323
27 100 0

28 0 0
28 1 80.6852
28 2 160.72
28 3 239.42
28 4 316.016
28 5 389.629
28 6 459.258
28 7 523.702
28 8 581.666
28 9 631.591
28 10 671.913
28 11 700.828
28 12 716.629
28 13 717.571
28 14 702.101
28 15 668.955
28 16 617.285
28 17 546.804
28 18 458.067
28 19 352.363
28 20 232.187
28 21 100.939
28 22 -36.7258
28 23 -175.253
28 24 -308.148
28 25 -428.462
28 26 -529.092
28 27 -603.428
28 28 -645.812
28 29 -652.376
28 30 -621.495
28 31 -554.375
28 32 -455.277
28 33 -331.672
28 34 -193.714
28 35 -53.9145
28 36 74.1624
28 37 176.827
28 38 241.834
28 39 259.567
28 40 224.325
28 41 135.029
28 42 -4.26982
28 43 -184.612
28 44 -392.767
28 45 -612.332
28 46 -825.302
28 47 -1013.7
28 48 -1161.39
28 49 -1255.5
28 50 -1287.83
28 51 -1255.5
28 52 -1161.39
28 53 -1013.7
28 54 -825.302
28 55 -612.332
28 56 -392.767
28 57 -184.612
28 58 -4.26982
28 59 135.029
28 60 224.325
28 61 259.567
28 62 241.834
28 63 176.827
28 64 74.1624
28 65 -53.9145
28 66 -193.714
28 67 -331.672
28 68 -455.277
28 69 -554.375
28 70 -621.495
28 71 -652.376
28 72 -645.812
28 73 -603.428
28 74 -529.092
28 75 -428.462
28 76 -308.148
28 77 -175.253
28 78 -36.7258
28 79 100.939
28 80 232.187
28 81 352.363
28 82 458.067
28 83 546.804
28 84 617.285
28 85 668.955
28 86 702.101
28 87 717.571
28 88 716.629
28 89 700.828
28 90 671.913
28 91 631.591
28 92 581.666
28 93 523.702
28 94 459.258
28 95 389.629
28 96 316.016
28 97 239.42
28 98 160.72
28 99 80.6852
28 100 0

29 0 0
29 1 86.9045
29 2 172.847
29 3 256.836
29 4 337.799
29 5 414.585
29 6 485.906
29 7 550.371
29 8 606.432
29 9 652.485
29 10 686.788
29 11 707.669
29 12 713.426
29 13 702.6
29 14 673.931
29 15 626.62
29 16 560.35
29 17 475.586
29 18 373.504
29 19 256.394
29 20 127.419
29 21 -9.02581
29 22 -147.683
29 23 -282.208
29 24 -405.795
29 25 -511.181
29 26 -591.38
29 27 -640.092
29 28 -652.376
29 29 -625.305
29 30 -558.46
29 31 -454.477
29 32 -319.148
29 33 -161.37
29 34 7.19784
29 35 173.037
29 36 321.658
29 37 439.018
29 38 512.777
29 39 533.777
29 40 496.964
29 41 402.269
