0 0 0
0 1 0
0 2 0
0 3 0
0 4 0
0 5 0
0 6 0
0 7 0
0 8 0
0 9 0
0 10 0
0 11 0
0 12 0
0 13 0
0 14 0
0 15 0
0 16 0
0 17 0
0 18 0
0 19 0
0 20 0
0 21 0
0 22 0
0 23 0
0 24 0
0 25 0
0 26 0
0 27 0
0 28 0
0 29 0
0 30 0
0 31 0
0 32 0
0 33 0
0 34 0
0 35 0
0 36 0
0 37 0
0 38 0
0 39 0
0 40 0
0 41 0
0 42 0
0 43 0
0 44 0
0 45 0
0 46 0
0 47 0
0 48 0
0 49 0
0 50 0
0 51 0
0 52 0
0 53 0
0 54 0
0 55 0
0 56 0
0 57 0
0 58 0
0 59 0
0 60 0
0 61 0
0 62 0
0 63 0
0 64 0
0 65 0
0 66 0
0 67 0
0 68 0
0 69 0
0 70 0
0 71 0
0 72 0
0 73 0
0 74 0
0 75 0
0 76 0
0 77 0
0 78 0
0 79 0
0 80 0
0 81 0
0 82 0
0 83 0
0 84 0
0 85 0
0 86 0
0 87 0
0 88 0
0 89 0
0 90 0
0 91 0
0 92 0
0 93 0
0 94 0
0 95 0
0 96 0
0 97 0
0 98 0
0 99 0
0 100 0

1 0 0
1 1 0.595913
1 2 1.1994
1 3 1.80828
1 4 2.43802
1 5 3.08326
1 6 3.75898
1 7 4.46749
1 8 5.21552
1 9 6.01971
1 10 6.88034
1 11 7.82337
1 12 8.8573
1 13 10.0061
1 14 11.3017
1 15 12.7716
1 16 14.4665
1 17 16.443
1 18 18.7638
1 19 21.5195
1 20 24.8166
1 21 28.7706
1 22 33.5365
1 23 39.2627
1 24 46.1074
1 25 54.2082
1 26 63.6892
1 27 74.5937
1 28 86.8542
1 29 100.278
1 30 114.457
1 31 128.76
1 32 142.281
1 33 153.841
1 34 162
1 35 165.138
1 36 161.525
1 37 149.511
1 38 127.683
1 39 95.0801
1 40 51.3943
1 41 -2.84839
1 42 -66.1813
1 43 -136.165
1 44 -209.498
1 45 -282.189
1 46 -349.85
1 47 -408.101
1 48 -452.969
1 49 -481.262
1 50 -490.927
1 51 -481.262
1 52 -452.969
1 53 -408.101
1 54 -349.85
1 55 -282.189
1 56 -209.498
1 57 -136.165
1 58 -66.1813
1 59 -2.84839
1 60 51.3943
1 61 95.0801
1 62 127.683
1 63 149.511
1 64 161.525
1 65 165.138
1 66 162
1 67 153.841
1 68 142.281
1 69 128.76
1 70 114.457
1 71 100.278
1 72 86.8542
1 73 74.5937
1 74 63.6892
1 75 54.2082
1 76 46.1074
1 77 39.2627
1 78 33.5365
1 79 28.7706
1 80 24.8166
1 81 21.5195
1 82 18.7638
1 83 16.443
1 84 14.4665
1 85 12.7716
1 86 11.3017
1 87 10.0061
1 88 8.8573
1 89 7.82337
1 90 6.88034
1 91 6.01971
1 92 5.21552
1 93 4.46749
1 94 3.75898
1 95 3.08326
1 96 2.43802
1 97 1.80828
1 98 1.1994
1 99 0.595913
1 100 0

2 0 0
2 1 1.1994
2 2 2.41263
2 3 3.63693
2 4 4.90043
2 5 6.19554
2 6 7.5509
2 7 8.97239
2 8 10.4758
2 9 12.092
2 10 13.8242
2 11 15.7255
2 12 17.8034
2 13 20.1238
2 14 22.7288
2 15 25.6865
2 16 29.1107
2 17 33.0738
2 18 37.7586
2 19 43.3051
2 20 49.9214
2 21 57.8748
2 22 67.4285
2 23 78.8851
2 24 92.5661
2 25 108.744
2 26 127.627
2 27 149.323
2 28 173.687
2 29 200.308
2 30 228.359
2 31 256.596
2 32 283.215
2 33 305.86
2 34 321.683
2 35 327.492
2 36 319.873
2 37 295.562
2 38 251.783
2 39 186.673
2 40 99.6629
2 41 -8.18753
2 42 -133.961
2 43 -272.818
2 44 -418.209
2 45 -562.238
2 46 -696.241
2 47 -811.569
2 48 -900.377
2 49 -956.369
2 50 -975.494
2 51 -956.369
2 52 -900.377
2 53 -811.569
2 54 -696.241
2 55 -562.238
2 56 -418.209
2 57 -272.818
2 58 -133.961
2 59 -8.18753
2 60 99.6629
2 61 186.673
2 62 251.783
2 63 295.562
2 64 319.873
2 65 327.492
2 66 321.683
2 67 305.86
2 68 283.215
2 69 256.596
2 70 228.359
2 71 200.308
2 72 173.687
2 73 149.323
2 74 127.627
2 75 108.744
2 76 92.5661
2 77 78.8851
2 78 67.4285
2 79 57.8748
2 80 49.9214
2 81 43.3051
2 82 37.7586
2 83 33.0738
2 84 29.1107
2 85 25.6865
2 86 22.7288
2 87 20.1238
2 88 17.8034
2 89 15.7255
2 90 13.8242
2 91 12.092
2 92 10.4758
2 93 8.97239
2 94 7.5509
2 95 6.19554
2 96 4.90043
2 97 3.63693
2 98 2.41263
2 99 1.1994
2 100 0

3 0 0
3 1 1.80828
3 2 3.63693
3 3 5.48681
3 4 7.39466
3 5 9.35559
3 6 11.4064
3 7 13.5596
3 8 15.8368
3 9 18.2826
3 10 20.9093
3 11 23.7837
3 12 26.9427
3 13 30.454
3 14 34.4142
3 15 38.9121
3 16 44.0927
3 17 50.1317
3 18 57.2129
3 19 65.6064
3 20 75.6229
3 21 87.6024
3 22 101.989
3 23 119.21
3 24 139.714
3 25 163.886
3 26 192.057
3 27 224.313
3 28 260.427
3 29 299.772
3 30 341.117
3 31 382.561
3 32 421.423
3 33 454.228
3 34 476.77
3 35 484.325
3 36 471.898
3 37 434.738
3 38 368.814
3 39 271.43
3 40 141.811
3 41 -18.4072
3 42 -204.855
3 43 -410.37
3 44 -625.291
3 45 -837.997
3 46 -1035.74
3 47 -1205.84
3 48 -1336.76
3 49 -1419.28
3 50 -1447.47
3 51 -1419.28
3 52 -1336.76
3 53 -1205.84
3 54 -1035.74
3 55 -837.997
3 56 -625.291
3 57 -410.37
3 58 -204.855
3 59 -18.4072
3 60 141.811
3 61 271.43
3 62 368.814
3 63 434.738
3 64 471.898
3 65 484.325
3 66 476.77
3 67 454.228
3 68 421.423
3 69 382.561
3 70 341.117
3 71 299.772
3 72 260.427
3 73 224.313
3 74 192.057
3 75 163.886
3 76 139.714
3 77 119.21
3 78 101.989
3 79 87.6024
3 80 75.6229
3 81 65.6064
3 82 57.2129
3 83 50.1317
3 84 44.0927
3 85 38.9121
3 86 34.4142
3 87 30.454
3 88 26.9427
3 89 23.7837
3 90 20.9093
3 91 18.2826
3 92 15.8368
3 93 13.5596
3 94 11.4064
3 95 9.35559
3 96 7.39466
3 97 5.48681
3 98 3.63693
3 99 1.80828
3 100 0

4 0 0
4 1 2.43802
4 2 4.90043
4 3 7.39466
4 4 9.96094
4 5 12.6029
4 6 15.3641
4 7 18.2647
4 8 21.3395
4 9 24.6403
4 10 28.1939
4 11 32.0877
4 12 36.3593
4 13 41.1291
4 14 46.4894
4 15 52.5825
4 16 59.6215
4 17 67.77
4 18 77.3703
4 19 88.7075
4 20 102.186
4 21 118.311
4 22 137.58
4 23 160.57
4 24 187.853
4 25 219.927
4 26 257.131
4 27 299.594
4 28 346.959
4 29 398.342
4 30 452.064
4 31 505.63
4 32 555.491
4 33 597.085
4 34 624.926
4 35 632.905
4 36 614.566
4 37 563.791
4 38 475.431
4 39 346.126
4 40 175
4 41 -35.6964
4 42 -280.2
4 43 -549.123
4 44 -829.875
4 45 -1107.34
4 46 -1365.04
4 47 -1586.51
4 48 -1756.88
4 49 -1864.22
4 50 -1900.89
4 51 -1864.22
4 52 -1756.88
4 53 -1586.51
4 54 -1365.04
4 55 -1107.34
4 56 -829.875
4 57 -549.123
4 58 -280.2
4 59 -35.6964
4 60 175
4 61 346.126
4 62 475.431
4 63 563.791
4 64 614.566
4 65 632.905
4 66 624.926
4 67 597.085
4 68 555.491
4 69 505.63
4 70 452.064
4 71 398.342
4 72 346.959
4 73 299.594
4 74 257.131
4 75 219.927
4 76 187.853
4 77 160.57
4 78 137.58
4 79 118.311
4 80 102.186
4 81 88.7075
4 82 77.3703
4 83 67.77
4 84 59.6215
4 85 52.5825
4 86 46.4894
4 87 41.1291
4 88 36.3593
4 89 32.0877
4 90 28.1939
4 91 24.6403
4 92 21.3395
4 93 18.2647
4 94 15.3641
4 95 12.6029
4 96 9.96094
4 97 7.39466
4 98 4.90043
4 99 2.43802
4 100 0

5 0 0
5 1 3.08326
5 2 6.19554
5 3 9.35559
5 4 12.6029
5 5 15.9559
5 6 19.4575
5 7 23.142
5 8 27.0502
5 9 31.2444
5 10 35.7729
5 11 40.722
5 12 46.1812
5 13 52.2543
5 14 59.1037
5 15 66.8945
5 16 75.849
5 17 86.2725
5 18 98.4595
5 19 112.85
5 20 129.933
5 21 150.247
5 22 174.471
5 23 203.249
5 24 237.25
5 25 277.021
5 26 322.982
5 27 375.144
5 28 433.045
5 29 495.506
5 30 560.45
5 31 624.706
5 32 683.933
5 33 732.551
5 34 763.925
5 35 770.629
5 36 744.961
5 37 679.625
5 38 568.578
5 39 407.904
5 40 196.758
5 41 -61.96
5 42 -361.083
5 43 -689.181
5 44 -1030.95
5 45 -1368.15
5 46 -1680.89
5 47 -1949.41
5 48 -2155.79
5 49 -2285.78
5 50 -2330.16
5 51 -2285.78
5 52 -2155.79
5 53 -1949.41
5 54 -1680.89
5 55 -1368.15
5 56 -1030.95
5 57 -689.181
5 58 -361.083
5 59 -61.96
5 60 196.758
5 61 407.904
5 62 568.578
5 63 679.625
5 64 744.961
5 65 770.629
5 66 763.925
5 67 732.551
5 68 683.933
5 69 624.706
5 70 560.45
5 71 495.506
5 72 433.045
5 73 375.144
5 74 322.982
5 75 277.021
5 76 237.25
5 77 203.249
5 78 174.471
5 79 150.247
5 80 129.933
5 81 112.85
5 82 98.4595
5 83 86.2725
5 84 75.849
5 85 66.8945
5 86 59.1037
5 87 52.2543
5 88 46.1812
5 89 40.722
5 90 35.7729
5 91 31.2444
5 92 27.0502
5 93 23.142
5 94 19.4575
5 95 15.9559
5 96 12.6029
5 97 9.35559
5 98 6.19554
5 99 3.08326
5 100 0

6 0 0
6 1 3.75898
6 2 7.5509
6 3 11.4064
6 4 15.3641
6 5 19.4575
6 6 23.7333
6 7 28.2354
6 8 33.0221
6 9 38.1579
6 10 43.7157
6 11 49.7993
6 12 56.5021
6 13 63.989
6 14 72.4114
6 15 81.9943
6 16 93.0277
6 17 105.792
6 18 120.746
6 19 138.325
6 20 159.097
6 21 183.75
6 22 212.958
6 23 247.503
6 24 288.085
6 25 335.331
6 26 389.567
6 27 450.796
6 28 518.327
6 29 590.704
6 30 665.364
6 31 738.578
6 32 805.191
6 33 858.729
6 34 891.486
6 35 894.968
6 36 860.372
6 37 779.47
6 38 645.488
6 39 454.22
6 40 204.942
6 41 -98.7043
6 42 -448.275
6 43 -830.414
6 44 -1227.44
6 45 -1618.32
6 46 -1980.27
6 47 -2290.64
6 48 -2528.98
6 49 -2679
6 50 -2730.22
6 51 -2679
6 52 -2528.98
6 53 -2290.64
6 54 -1980.27
6 55 -1618.32
6 56 -1227.44
6 57 -830.414
6 58 -448.275
6 59 -98.7043
6 60 204.942
6 61 454.22
6 62 645.488
6 63 779.47
6 64 860.372
6 65 894.968
6 66 891.486
6 67 858.729
6 68 805.191
6 69 738.578
6 70 665.364
6 71 590.704
6 72 518.327
6 73 450.796
6 74 389.567
6 75 335.331
6 76 288.085
6 77 247.503
6 78 212.958
6 79 183.75
6 80 159.097
6 81 138.325
6 82 120.746
6 83 105.792
6 84 93.0277
6 85 81.9943
6 86 72.4114
6 87 63.989
6 88 56.5021
6 89 49.7993
6 90 43.7157
6 91 38.1579
6 92 33.0221
6 93 28.2354
6 94 23.7333
6 95 19.4575
6 96 15.3641
6 97 11.4064
6 98 7.5509
6 99 3.75898
6 100 0

7 0 0
7 1 4.46749
7 2 8.97239
7 3 13.5596
7 4 18.2647
7 5 23.142
7 6 28.2354
7 7 33.6092
7 8 39.3282
7 9 45.469
7 10 52.1342
7 11 59.4176
7 12 67.4811
7 13 76.4604
7 14 86.5872
7 15 98.1084
7 16 111.315
7 17 126.632
7 18 144.458
7 19 165.369
7 20 189.996
7 21 219.019
7 22 253.269
7 23 293.499
7 24 340.492
7 25 394.807
7 26 456.797
7 27 526.236
7 28 602.3
7 29 683.134
7 30 765.8
7 31 845.905
7 32 917.648
7 33 973.692
7 34 1005.49
7 35 1003.57
7 36 958.346
7 37 860.841
7 38 703.861
7 39 483.033
7 40 197.953
7 41 -147.008
7 42 -542.136
7 43 -972.425
7 44 -1418.09
7 45 -1855.79
7 46 -2260.32
7 47 -2606.69
7 48 -2872.39
7 49 -3039.52
7 50 -3096.55
7 51 -3039.52
7 52 -2872.39
7 53 -2606.69
7 54 -2260.32
7 55 -1855.79
7 56 -1418.09
7 57 -972.425
7 58 -542.136
7 59 -147.008
7 60 197.953
7 61 483.033
7 62 703.861
7 63 860.841
7 64 958.346
7 65 1003.57
7 66 1005.49
7 67 973.692
7 68 917.648
7 69 845.905
7 70 765.8
7 71 683.134
7 72 602.3
7 73 526.236
7 74 456.797
7 75 394.807
7 76 340.492
7 77 293.499
7 78 253.269
7 79 219.019
7 80 189.996
7 81 165.369
7 82 144.458
7 83 126.632
7 84 111.315
7 85 98.1084
7 86 86.5872
7 87 76.4604
7 88 67.4811
7 89 59.4176
7 90 52.1342
7 91 45.469
7 92 39.3282
7 93 33.6092
7 94 28.2354
7 95 23.142
7 96 18.2647
7 97 13.5596
7 98 8.97239
7 99 4.46749
7 100 0

8 0 0
8 1 5.21552
8 2 10.4758
8 3 15.8368
8 4 21.3395
8 5 27.0502
8 6 33.0221
8 7 39.3282
8 8 46.0516
8 9 53.2786
8 10 61.1284
8 11 69.7306
8 12 79.2368
8 13 89.8624
8 14 101.817
8 15 115.415
8 16 130.999
8 17 148.978
8 18 169.874
8 19 194.263
8 20 222.815
8 21 256.321
8 22 295.545
8 23 341.356
8 24 394.433
8 25 455.381
8 26 524.344
8 27 601.02
8 28 684.247
8 29 771.9
8 30 860.535
8 31 945.268
8 32 1019.61
8 33 1075.57
8 34 1103.85
8 35 1094.31
8 36 1036.73
8 37 921.724
8 38 741.857
8 39 492.857
8 40 174.714
8 41 -207.389
8 42 -642.613
8 43 -1114.48
8 44 -1601.52
8 45 -2078.52
8 46 -2518.42
8 47 -2894.44
8 48 -3182.53
8 49 -3363.59
8 50 -3425.37
8 51 -3363.59
8 52 -3182.53
8 53 -2894.44
8 54 -2518.42
8 55 -2078.52
8 56 -1601.52
8 57 -1114.48
8 58 -642.613
8 59 -207.389
8 60 174.714
8 61 492.857
8 62 741.857
8 63 921.724
8 64 1036.73
8 65 1094.31
8 66 1103.85
8 67 1075.57
8 68 1019.61
8 69 945.268
8 70 860.535
8 71 771.9
8 72 684.247
8 73 601.02
8 74 524.344
8 75 455.381
8 76 394.433
8 77 341.356
8 78 295.545
8 79 256.321
8 80 222.815
8 81 194.263
8 82 169.874
8 83 148.978
8 84 130.999
8 85 115.415
8 86 101.817
8 87 89.8624
8 88 79.2368
8 89 69.7306
8 90 61.1284
8 91 53.2786
8 92 46.0516
8 93 39.3282
8 94 33.0221
8 95 27.0502
8 96 21.3395
8 97 15.8368
8 98 10.4758
8 99 5.21552
8 100 0

9 0 0
9 1 6.01971
9 2 12.092
9 3 18.2826
9 4 24.6403
9 5 31.2444
9 6 38.1579
9 7 45.469
9 8 53.2786
9 9 61.6798
9 10 70.8352
9 11 80.8526
9 12 91.9706
9 13 104.358
9 14 118.319
9 15 134.169
9 16 152.269
9 17 173.125
9 18 197.224
9 19 225.221
9 20 257.825
9 21 295.778
9 22 339.944
9 23 391.049
9 24 449.843
9 25 516.727
9 26 591.794
9 27 674.441
9 28 763.322
9 29 855.865
9 30 948.267
9 31 1035.1
9 32 1109.37
9 33 1162.51
9 34 1184.7
9 35 1165.32
9 36 1093.81
9 37 960.579
9 38 758.235
9 39 482.798
9 40 134.783
9 41 -279.814
9 42 -749.156
9 43 -1255.55
9 44 -1776.21
9 45 -2284.55
9 46 -2752.22
9 47 -3151.23
9 48 -3456.51
9 49 -3648.2
9 50 -3713.58
9 51 -3648.2
9 52 -3456.51
9 53 -3151.23
9 54 -2752.22
9 55 -2284.55
9 56 -1776.21
9 57 -1255.55
9 58 -749.156
9 59 -279.814
9 60 134.783
9 61 482.798
9 62 758.235
9 63 960.579
9 64 1093.81
9 65 1165.32
9 66 1184.7
9 67 1162.51
9 68 1109.37
9 69 1035.1
9 70 948.267
9 71 855.865
9 72 763.322
9 73 674.441
9 74 591.794
9 75 516.727
9 76 449.843
9 77 391.049
9 78 339.944
9 79 295.778
9 80 257.825
9 81 225.221
9 82 197.224
9 83 173.125
9 84 152.269
9 85 134.169
9 86 118.319
9 87 104.358
9 88 91.9706
9 89 80.8526
9 90 70.8352
9 91 61.6798
9 92 53.2786
9 93 45.469
9 94 38.1579
9 95 31.2444
9 96 24.6403
9 97 18.2826
9 98 12.092
9 99 6.01971
9 100 0

10 0 0
10 1 6.88034
10 2 13.8242
10 3 20.9093
10 4 28.1939
10 5 35.7729
10 6 43.7157
10 7 52.1342
10 8 61.1284
10 9 70.8352
10 10 81.396
10 11 93.0018
10 12 105.839
10 13 120.189
10 14 136.313
10 15 154.594
10 16 175.425
10 17 199.299
10 18 226.769
10 19 258.483
10 20 295.145
10 21 337.528
10 22 386.388
10 23 442.498
10 24 506.391
10 25 578.441
10 26 658.474
10 27 745.705
10 28 838.418
10 29 933.768
10 30 1027.52
10 31 1113.82
10 32 1185.24
10 33 1232.83
10 34 1246.41
10 35 1215.11
10 36 1128.3
10 37 976.431
10 38 752.426
10 39 452.694
10 40 78.4327
10 41 -363.623
10 42 -860.695
10 43 -1394.22
10 44 -1940.45
10 45 -2471.98
10 46 -2959.64
10 47 -3374.87
10 48 -3692.06
10 49 -3891.06
10 50 -3958.88
10 51 -3891.06
10 52 -3692.06
10 53 -3374.87
10 54 -2959.64
10 55 -2471.98
10 56 -1940.45
10 57 -1394.22
10 58 -860.695
10 59 -363.623
10 60 78.4327
10 61 452.694
10 62 752.426
10 63 976.431
10 64 1128.3
10 65 1215.11
10 66 1246.41
10 67 1232.83
10 68 1185.24
10 69 1113.82
10 70 1027.52
10 71 933.768
10 72 838.418
10 73 745.705
10 74 658.474
10 75 578.441
10 76 506.391
10 77 442.498
10 78 386.388
10 79 337.528
10 80 295.145
10 81 258.483
10 82 226.769
10 83 199.299
10 84 175.425
10 85 154.594
10 86 136.313
10 87 120.189
10 88 105.839
10 89 93.0018
10 90 81.396
10 91 70.8352
10 92 61.1284
10 93 52.1342
10 94 43.7157
10 95 35.7729
10 96 28.1939
10 97 20.9093
10 98 13.8242
10 99 6.88034
10 100 0

11 0 0
11 1 7.82337
11 2 15.7255
11 3 23.7837
11 4 32.0877
11 5 40.722
11 6 49.7993
11 7 59.4176
11 8 69.7306
11 9 80.8526
11 10 93.0018
11 11 106.32
11 12 121.103
11 13 137.568
11 14 156.072
11 15 176.981
11 16 200.705
11 17 227.778
11 18 258.73
11 19 294.221
11 20 334.925
11 21 381.567
11 22 434.863
11 23 495.409
11 24 563.712
11 25 639.877
11 26 723.564
11 27 813.707
11 28 908.32
11 29 1004.19
11 30 1096.73
11 31 1179.8
11 32 1245.62
11 33 1285
11 34 1287.61
11 35 1242.63
11 36 1139.49
11 37 969.019
11 38 724.521
11 39 403.103
11 40 6.58522
11 41 -457.487
11 42 -975.696
11 43 -1528.75
11 44 -2092.45
11 45 -2638.94
11 46 -3138.93
11 47 -3563.66
11 48 -3887.61
11 49 -4090.6
11 50 -4159.76
11 51 -4090.6
11 52 -3887.61
11 53 -3563.66
11 54 -3138.93
11 55 -2638.94
11 56 -2092.45
11 57 -1528.75
11 58 -975.696
11 59 -457.487
11 60 6.58522
11 61 403.103
11 62 724.521
11 63 969.019
11 64 1139.49
11 65 1242.63
11 66 1287.61
11 67 1285
11 68 1245.62
11 69 1179.8
11 70 1096.73
11 71 1004.19
11 72 908.32
11 73 813.707
11 74 723.564
11 75 639.877
11 76 563.712
11 77 495.409
11 78 434.863
11 79 381.567
11 80 334.925
11 81 294.221
11 82 258.73
11 83 227.778
11 84 200.705
11 85 176.981
11 86 156.072
11 87 137.568
11 88 121.103
11 89 106.32
11 90 93.0018
11 91 80.8526
11 92 69.7306
11 93 59.4176
11 94 49.7993
11 95 40.722
11 96 32.0877
11 97 23.7837
11 98 15.7255
11 99 7.82337
11 100 0

12 0 0
12 1 8.8573
12 2 17.8034
12 3 26.9427
12 4 36.3593
12 5 46.1812
12 6 56.5021
12 7 67.4811
12 8 79.2368
12 9 91.9706
12 10 105.839
12 11 121.103
12 12 137.979
12 13 156.794
12 14 177.87
12 15 201.591
12 16 228.41
12 17 258.799
12 18 293.325
12 19 332.571
12 20 377.204
12 21 427.824
12 22 485.069
12 23 549.422
12 24 621.154
12 25 700.227
12 26 786.048
12 27 877.271
12 28 971.613
12 29 1065.6
12 30 1154.37
12 31 1231.49
12 32 1289.07
12 33 1317.81
12 34 1307.47
12 35 1247.37
12 36 1127.35
12 37 938.727
12 38 675.486
12 39 335.37
12 40 -78.9999
12 41 -559.475
12 42 -1092.03
12 43 -1657.07
12 44 -2230.21
12 45 -2783.74
12 46 -3288.57
12 47 -3716.4
12 48 -4042.14
12 49 -4246.03
12 50 -4315.44
12 51 -4246.03
12 52 -4042.14
12 53 -3716.4
12 54 -3288.57
12 55 -2783.74
12 56 -2230.21
12 57 -1657.07
12 58 -1092.03
12 59 -559.475
12 60 -78.9999
12 61 335.37
12 62 675.486
12 63 938.727
12 64 1127.35
12 65 1247.37
12 66 1307.47
12 67 1317.81
12 68 1289.07
12 69 1231.49
12 70 1154.37
12 71 1065.6
12 72 971.613
12 73 877.271
12 74 786.048
12 75 700.227
12 76 621.154
12 77 549.422
12 78 485.069
12 79 427.824
12 80 377.204
12 81 332.571
12 82 293.325
12 83 258.799
12 84 228.41
12 85 201.591
12 86 177.87
12 87 156.794
12 88 137.979
12 89 121.103
12 90 105.839
12 91 91.9706
12 92 79.2368
12 93 67.4811
12 94 56.5021
12 95 46.1812
12 96 36.3593
12 97 26.9427
12 98 17.8034
12 99 8.8573
12 100 0

13 0 0
13 1 10.0061
13 2 20.1238
13 3 30.454
13 4 41.1291
13 5 52.2543
13 6 63.989
13 7 76.4604
13 8 89.8624
13 9 104.358
13 10 120.189
13 11 137.568
13 12 156.794
13 13 178.163
13 14 202.016
13 15 228.767
13 16 258.798
13 17 292.623
13 18 330.711
13 19 373.641
13 20 421.916
13 21 476.129
13 22 536.687
13 23 603.934
13 24 677.98
13 25 758.515
13 26 844.715
13 27 934.999
13 28 1026.82
13 29 1116.47
13 30 1198.87
13 31 1267.51
13 32 1314.43
13 33 1330.45
13 34 1305.53
13 35 1229.45
13 36 1092.55
13 37 886.826
13 38 607.018
13 39 251.674
13 40 -175.892
13 41 -666.949
13 42 -1207.14
13 43 -1776.76
13 44 -2351.68
13 45 -2904.68
13 46 -3407.38
13 47 -3832.34
13 48 -4155.28
13 49 -4357.18
13 50 -4425.87
13 51 -4357.18
13 52 -4155.28
13 53 -3832.34
13 54 -3407.38
13 55 -2904.68
13 56 -2351.68
13 57 -1776.76
13 58 -1207.14
13 59 -666.949
13 60 -175.892
13 61 251.674
13 62 607.018
13 63 886.826
13 64 1092.55
13 65 1229.45
13 66 1305.53
13 67 1330.45
13 68 1314.43
13 69 1267.51
13 70 1198.87
13 71 1116.47
13 72 1026.82
13 73 934.999
13 74 844.715
13 75 758.515
13 76 677.98
13 77 603.934
13 78 536.687
13 79 476.129
13 80 421.916
13 81 373.641
13 82 330.711
13 83 292.623
13 84 258.798
13 85 228.767
13 86 202.016
13 87 178.163
13 88 156.794
13 89 137.568
13 90 120.189
13 91 104.358
13 92 89.8624
13 93 76.4604
13 94 63.989
13 95 52.2543
13 96 41.1291
13 97 30.454
13 98 20.1238
13 99 10.0061
13 100 0

14 0 0
14 1 11.3017
14 2 22.7288
14 3 34.4142
14 4 46.4894
14 5 59.1037
14 6 72.4114
14 7 86.5872
14 8 101.817
14 9 118.319
14 10 136.313
14 11 156.072
14 12 177.87
14 13 202.016
14 14 228.884
14 15 258.786
14 16 292.19
14 17 329.443
14 18 371.045
14 19 417.396
14 20 468.981
14 21 526.135
14 22 589.188
14 23 658.268
14 24 733.222
14 25 813.586
14 26 898.258
14 27 985.461
14 28 1072.41
14 29 1155.3
14 30 1228.9
14 31 1286.74
14 32 1320.95
14 33 1322.61
14 34 1282.1
14 35 1189.74
14 36 1036.57
14 37 815.388
14 38 521.745
14 39 154.998
14 40 -280.872
14 41 -776.689
14 42 -1317.95
14 43 -1885.13
14 44 -2454.66
14 45 -3000.18
14 46 -3494.41
14 47 -3911.11
14 48 -4227.17
14 49 -4424.5
14 50 -4491.59
14 51 -4424.5
14 52 -4227.17
14 53 -3911.11
14 54 -3494.41
14 55 -3000.18
14 56 -2454.66
14 57 -1885.13
14 58 -1317.95
14 59 -776.689
14 60 -280.872
14 61 154.998
14 62 521.745
14 63 815.388
14 64 1036.57
14 65 1189.74
14 66 1282.1
14 67 1322.61
14 68 1320.95
14 69 1286.74
14 70 1228.9
14 71 1155.3
14 72 1072.41
14 73 985.461
14 74 898.258
14 75 813.586
14 76 733.222
14 77 658.268
14 78 589.188
14 79 526.135
14 80 468.981
14 81 417.396
14 82 371.045
14 83 329.443
14 84 292.19
14 85 258.786
14 86 228.884
14 87 202.016
14 88 177.87
14 89 156.072
14 90 136.313
14 91 118.319
14 92 101.817
14 93 86.5872
14 94 72.4114
14 95 59.1037
14 96 46.4894
14 97 34.4142
14 98 22.7288
14 99 11.3017
14 100 0

15 0 0
15 1 12.7716
15 2 25.6865
15 3 38.9121
15 4 52.5825
15 5 66.8945
15 6 81.9943
15 7 98.1084
15 8 115.415
15 9 134.169
15 10 154.594
15 11 176.981
15 12 201.591
15 13 228.767
15 14 258.786
15 15 292.033
15 16 328.807
15 17 369.472
15 18 414.368
15 19 463.816
15 20 518.087
15 21 577.438
15 22 641.926
15 23 711.497
15 24 785.838
15 25 864.172
15 26 945.297
15 27 1027.18
15 28 1107
15 29 1180.77
15 30 1243.4
15 31 1288.46
15 32 1308.41
15 33 1294.67
15 34 1238.2
15 35 1129.95
15 36 961.804
15 37 727.395
15 38 423.144
15 39 49.1425
15 40 -390.013
15 41 -884.876
15 42 -1420.96
15 43 -1979.21
15 44 -2536.86
15 45 -3068.74
15 46 -3548.92
15 47 -3952.7
15 48 -4258.34
15 49 -4448.92
15 50 -4513.67
15 51 -4448.92
15 52 -4258.34
15 53 -3952.7
15 54 -3548.92
15 55 -3068.74
15 56 -2536.86
15 57 -1979.21
15 58 -1420.96
15 59 -884.876
15 60 -390.013
15 61 49.1425
15 62 423.144
15 63 727.395
15 64 961.804
15 65 1129.95
15 66 1238.2
15 67 1294.67
15 68 1308.41
15 69 1288.46
15 70 1243.4
15 71 1180.77
15 72 1107
15 73 1027.18
15 74 945.297
15 75 864.172
15 76 785.838
15 77 711.497
15 78 641.926
15 79 577.438
15 80 518.087
15 81 463.816
15 82 414.368
15 83 369.472
15 84 328.807
15 85 292.033
15 86 258.786
15 87 228.767
15 88 201.591
15 89 176.981
15 90 154.594
15 91 134.169
15 92 115.415
15 93 98.1084
15 94 81.9943
15 95 66.8945
15 96 52.5825
15 97 38.9121
15 98 25.6865
15 99 12.7716
15 100 0

16 0 0
16 1 14.4665
16 2 29.1107
16 3 44.0927
16 4 59.6215
16 5 75.849
16 6 93.0277
16 7 111.315
16 8 130.999
16 9 152.269
16 10 175.425
16 11 200.705
16 12 228.41
16 13 258.798
16 14 292.19
16 15 328.807
16 16 368.96
16 17 412.852
16 18 460.707
16 19 512.7
16 20 568.938
16 21 629.451
16 22 694.119
16 23 762.708
16 24 834.614
16 25 909.012
16 26 984.412
16 27 1058.82
16 28 1129.26
16 29 1191.91
16 30 1241.7
16 31 1272.56
16 32 1277.25
16 33 1247.76
16 34 1175.65
16 35 1052.68
16 36 871.549
16 37 626.755
16 38 315.53
16 39 -61.3241
16 40 -498.758
16 41 -987.184
16 42 -1512.34
16 43 -2055.83
16 44 -2595.92
16 45 -3108.88
16 46 -3570.38
16 47 -3957.38
16 48 -4249.72
16 49 -4431.77
16 50 -4493.57
16 51 -4431.77
16 52 -4249.72
16 53 -3957.38
16 54 -3570.38
16 55 -3108.88
16 56 -2595.92
16 57 -2055.83
16 58 -1512.34
16 59 -987.184
16 60 -498.758
16 61 -61.3241
16 62 315.53
16 63 626.755
16 64 871.549
16 65 1052.68
16 66 1175.65
16 67 1247.76
16 68 1277.25
16 69 1272.56
16 70 1241.7
16 71 1191.91
16 72 1129.26
16 73 1058.82
16 74 984.412
16 75 909.012
16 76 834.614
16 77 762.708
16 78 694.119
16 79 629.451
16 80 568.938
16 81 512.7
16 82 460.707
16 83 412.852
16 84 368.96
16 85 328.807
16 86 292.19
16 87 258.798
16 88 228.41
16 89 200.705
16 90 175.425
16 91 152.269
16 92 130.999
16 93 111.315
16 94 93.0277
16 95 75.849
16 96 59.6215
16 97 44.0927
16 98 29.1107
16 99 14.4665
16 100 0

17 0 0
17 1 16.443
17 2 33.0738
17 3 50.1317
17 4 67.77
17 5 86.2725
17 6 105.792
17 7 126.632
17 8 148.978
17 9 173.125
17 10 199.299
17 11 227.778
17 12 258.799
17 13 292.623
17 14 329.443
17 15 369.472
17 16 412.852
17 17 459.663
17 18 510.005
17 19 563.819
17 20 621.052
17 21 681.518
17 22 744.91
17 23 810.77
17 24 878.412
17 25 946.77
17 26 1014.42
17 27 1079.21
17 28 1138.38
17 29 1188.15
17 30 1223.81
17 31 1239.56
17 32 1228.75
17 33 1183.91
17 34 1097.33
17 35 961.521
17 36 770.047
17 37 518.232
17 38 204.036
17 39 -171.163
17 40 -601.994
17 41 -1078.86
17 42 -1587.94
17 43 -2111.65
17 44 -2629.49
17 45 -3119.24
17 46 -3558.36
17 47 -3925.59
17 48 -4202.45
17 49 -4374.63
17 50 -4433.05
17 51 -4374.63
17 52 -4202.45
17 53 -3925.59
17 54 -3558.36
17 55 -3119.24
17 56 -2629.49
17 57 -2111.65
17 58 -1587.94
17 59 -1078.86
17 60 -601.994
17 61 -171.163
17 62 204.036
17 63 518.232
17 64 770.047
17 65 961.521
17 66 1097.33
17 67 1183.91
17 68 1228.75
17 69 1239.56
17 70 1223.81
17 71 1188.15
17 72 1138.38
17 73 1079.21
17 74 1014.42
17 75 946.77
17 76 878.412
17 77 810.77
17 78 744.91
17 79 681.518
17 80 621.052
17 81 563.819
17 82 510.005
17 83 459.663
17 84 412.852
17 85 369.472
17 86 329.443
17 87 292.623
17 88 258.799
17 89 227.778
17 90 199.299
17 91 173.125
17 92 148.978
17 93 126.632
17 94 105.792
17 95 86.2725
17 96 67.77
17 97 50.1317
17 98 33.0738
17 99 16.443
17 100 0

18 0 0
18 1 18.7638
18 2 37.7586
18 3 57.2129
18 4 77.3703
18 5 98.4595
18 6 120.746
18 7 144.458
18 8 169.874
18 9 197.224
18 10 226.769
18 11 258.73
18 12 293.325
18 13 330.711
18 14 371.045
18 15 414.368
18 16 460.707
18 17 510.005
18 18 562.111
18 19 616.841
18 20 673.89
18 21 732.89
18 22 793.351
18 23 854.676
18 24 916.038
18 25 976.386
18 26 1034.21
18 27 1087.6
18 28 1133.86
18 29 1169.56
18 30 1190.32
18 31 1190.88
18 32 1165.05
18 33 1106.08
18 34 1006.95
18 35 860.966
18 36 662.424
18 37 407.395
18 38 94.4547
18 39 -274.573
18 40 -694.173
18 41 -1154.91
18 42 -1643.5
18 43 -2143.31
18 44 -2635.17
18 45 -3098.51
18 46 -3512.6
18 47 -3857.98
18 48 -4117.85
18 49 -4279.24
18 50 -4333.97
18 51 -4279.24
18 52 -4117.85
18 53 -3857.98
18 54 -3512.6
18 55 -3098.51
18 56 -2635.17
18 57 -2143.31
18 58 -1643.5
18 59 -1154.91
18 60 -694.173
18 61 -274.573
18 62 94.4547
18 63 407.395
18 64 662.424
18 65 860.966
18 66 1006.95
18 67 1106.08
18 68 1165.05
18 69 1190.88
18 70 1190.32
18 71 1169.56
18 72 1133.86
18 73 1087.6
18 74 1034.21
18 75 976.386
18 76 916.038
18 77 854.676
18 78 793.351
18 79 732.89
18 80 673.89
18 81 616.841
18 82 562.111
18 83 510.005
18 84 460.707
18 85 414.368
18 86 371.045
18 87 330.711
18 88 293.325
18 89 258.73
18 90 226.769
18 91 197.224
18 92 169.874
18 93 144.458
18 94 120.746
18 95 98.4595
18 96 77.3703
18 97 57.2129
18 98 37.7586
18 99 18.7638
18 100 0

19 0 0
19 1 21.5195
19 2 43.3051
19 3 65.6064
19 4 88.7075
19 5 112.85
19 6 138.325
19 7 165.369
19 8 194.263
19 9 225.221
19 10 258.483
19 11 294.221
19 12 332.571
19 13 373.641
19 14 417.396
19 15 463.816
19 16 512.7
19 17 563.819
19 18 616.841
19 19 671.343
19 20 726.839
19 21 782.77
19 22 838.521
19 23 893.381
19 24 946.522
19 25 996.894
19 26 1043.21
19 27 1083.63
19 28 1115.91
19 29 1136.91
19 30 1142.8
19 31 1128.74
19 32 1089.28
19 33 1018.23
19 34 909.288
19 35 756.406
19 36 554.601
19 37 300.482
19 38 -6.8688
19 39 -365.402
19 40 -769.546
19 41 -1210.19
19 42 -1674.69
19 43 -2147.49
19 44 -2610.76
19 45 -3045.57
19 46 -3432.95
19 47 -3755.27
19 48 -3997.33
19 49 -4147.49
19 50 -4198.37
19 51 -4147.49
19 52 -3997.33
19 53 -3755.27
19 54 -3432.95
19 55 -3045.57
19 56 -2610.76
19 57 -2147.49
19 58 -1674.69
19 59 -1210.19
19 60 -769.546
19 61 -365.402
19 62 -6.8688
19 63 300.482
19 64 554.601
19 65 756.406
19 66 909.288
19 67 1018.23
19 68 1089.28
19 69 1128.74
19 70 1142.8
19 71 1136.91
19 72 1115.91
19 73 1083.63
19 74 1043.21
19 75 996.894
19 76 946.522
19 77 893.381
19 78 838.521
19 79 782.77
19 80 726.839
19 81 671.343
19 82 616.841
19 83 563.819
19 84 512.7
19 85 463.816
19 86 417.396
19 87 373.641
19 88 332.571
19 89 294.221
19 90 258.483
19 91 225.221
19 92 194.263
19 93 165.369
19 94 138.325
19 95 112.85
19 96 88.7075
19 97 65.6064
19 98 43.3051
19 99 21.5195
19 100 0

20 0 0
20 1 24.8166
20 2 49.9214
20 3 75.6229
20 4 102.186
20 5 129.933
20 6 159.097
20 7 189.996
20 8 222.815
20 9 257.825
20 10 295.145
20 11 334.925
20 12 377.204
20 13 421.916
20 14 468.981
20 15 518.087
20 16 568.938
20 17 621.052
20 18 673.89
20 19 726.839
20 20 779.224
20 21 830.359
20 22 879.524
20 23 926.019
20 24 969.069
20 25 1007.82
20 26 1041.12
20 27 1067.65
20 28 1085.39
20 29 1091.84
20 30 1083.57
20 31 1056.47
20 32 1005.51
20 33 925.257
20 34 809.89
20 35 654.031
20 36 453.09
20 37 204.196
20 38 -93.346
20 39 -437.317
20 40 -822.352
20 41 -1239.68
20 42 -1677.47
20 43 -2121.14
20 44 -2554.27
20 45 -2959.46
20 46 -3319.49
20 47 -3618.37
20 48 -3842.46
20 49 -3981.29
20 50 -4028.32
20 51 -3981.29
20 52 -3842.46
20 53 -3618.37
20 54 -3319.49
20 55 -2959.46
20 56 -2554.27
20 57 -2121.14
20 58 -1677.47
20 59 -1239.68
20 60 -822.352
20 61 -437.317
20 62 -93.346
20 63 204.196
20 64 453.09
20 65 654.031
20 66 809.89
20 67 925.257
20 68 1005.51
20 69 1056.47
20 70 1083.57
20 71 1091.84
20 72 1085.39
20 73 1067.65
20 74 1041.12
20 75 1007.82
20 76 969.069
20 77 926.019
20 78 879.524
20 79 830.359
20 80 779.224
20 81 726.839
20 82 673.89
20 83 621.052
20 84 568.938
20 85 518.087
20 86 468.981
20 87 421.916
20 88 377.204
20 89 334.925
20 90 295.145
20 91 257.825
20 92 222.815
20 93 189.996
20 94 159.097
20 95 129.933
20 96 102.186
20 97 75.6229
20 98 49.9214
20 99 24.8166
20 100 0

21 0 0
21 1 28.7706
21 2 57.8748
21 3 87.6024
21 4 118.311
21 5 150.247
21 6 183.75
21 7 219.019
21 8 256.321
21 9 295.778
21 10 337.528
21 11 381.567
21 12 427.824
21 13 476.129
21 14 526.135
21 15 577.438
21 16 629.451
21 17 681.518
21 18 732.89
21 19 782.77
21 20 830.359
21 21 874.855
21 22 915.607
21 23 951.915
21 24 983.257
21 25 1008.98
21 26 1028.43
21 27 1040.55
21 28 1044.04
21 29 1036.77
21 30 1016.03
21 31 978.137
21 32 918.755
21 33 832.809
21 34 715.063
21 35 560.454
21 36 364.794
21 37 125.371
21 38 -158.337
21 39 -484.216
21 40 -847.121
21 41 -1238.81
21 42 -1648.16
21 43 -2061.65
21 44 -2464.12
21 45 -2839.65
21 46 -3172.57
21 47 -3448.42
21 48 -3654.93
21 49 -3782.74
21 50 -3826.01
21 51 -3782.74
21 52 -3654.93
21 53 -3448.42
21 54 -3172.57
21 55 -2839.65
21 56 -2464.12
21 57 -2061.65
21 58 -1648.16
21 59 -1238.81
21 60 -847.121
21 61 -484.216
21 62 -158.337
21 63 125.371
21 64 364.794
21 65 560.454
21 66 715.063
21 67 832.809
21 68 918.755
21 69 978.137
21 70 1016.03
21 71 1036.77
21 72 1044.04
21 73 1040.55
21 74 1028.43
21 75 1008.98
21 76 983.257
21 77 951.915
21 78 915.607
21 79 874.855
21 80 830.359
21 81 782.77
21 82 732.89
21 83 681.518
21 84 629.451
21 85 577.438
21 86 526.135
21 87 476.129
21 88 427.824
21 89 381.567
21 90 337.528
21 91 295.778
21 92 256.321
21 93 219.019
21 94 183.75
21 95 150.247
21 96 118.311
21 97 87.6024
21 98 57.8748
21 99 28.7706
21 100 0

22 0 0
22 1 33.5365
22 2 67.4285
22 3 101.989
22 4 137.58
22 5 174.471
22 6 212.958
22 7 253.269
22 8 295.545
22 9 339.944
22 10 386.388
22 11 434.863
22 12 485.069
22 13 536.687
22 14 589.188
22 15 641.926
22 16 694.119
22 17 744.91
22 18 793.351
22 19 838.521
22 20 879.524
22 21 915.607
22 22 946.133
22 23 970.691
22 24 989
22 25 1000.86
22 26 1006.03
22 27 1004.13
22 28 994.258
22 29 975.061
22 30 944.237
22 31 898.745
22 32 834.576
22 33 747.143
22 34 631.402
22 35 482.578
22 36 296.54
22 37 70.6668
22 38 -195.676
22 39 -500.53
22 40 -839.108
22 41 -1203.68
22 42 -1583.89
22 43 -1967.17
22 44 -2339.5
22 45 -2686.25
22 46 -2993.1
22 47 -3246.98
22 48 -3436.83
22 49 -3554.23
22 50 -3593.95
22 51 -3554.23
22 52 -3436.83
22 53 -3246.98
22 54 -2993.1
22 55 -2686.25
22 56 -2339.5
22 57 -1967.17
22 58 -1583.89
22 59 -1203.68
22 60 -839.108
22 61 -500.53
22 62 -195.676
22 63 70.6668
22 64 296.54
22 65 482.578
22 66 631.402
22 67 747.143
22 68 834.576
22 69 898.745
22 70 944.237
22 71 975.061
22 72 994.258
22 73 1004.13
22 74 1006.03
22 75 1000.86
22 76 989
22 77 970.691
22 78 946.133
22 79 915.607
22 80 879.524
22 81 838.521
22 82 793.351
22 83 744.91
22 84 694.119
22 85 641.926
22 86 589.188
22 87 536.687
22 88 485.069
22 89 434.863
22 90 386.388
22 91 339.944
22 92 295.545
22 93 253.269
22 94 212.958
22 95 174.471
22 96 137.58
22 97 101.989
22 98 67.4285
22 99 33.5365
22 100 0

23 0 0
23 1 39.2627
23 2 78.8851
23 3 119.21
23 4 160.57
23 5 203.249
23 6 247.503
23 7 293.499
23 8 341.356
23 9 391.049
23 10 442.498
23 11 495.409
23 12 549.422
23 13 603.934
23 14 658.268
23 15 711.497
23 16 762.708
23 17 810.77
23 18 854.676
23 19 893.381
23 20 926.019
23 21 951.915
23 22 970.691
23 23 982.215
23 24 986.652
23 25 984.32
23 26 975.589
23 27 960.629
23 28 939.273
23 29 910.61
23 30 872.992
23 31 823.676
23 32 759.058
23 33 674.634
23 34 565.563
23 35 426.978
23 36 254.732
23 37 46.0007
23 38 -200.005
23 39 -481.674
23 40 -794.594
23 41 -1131.6
23 42 -1482.95
23 43 -1836.93
23 44 -2180.49
23 45 -2500.15
23 46 -2782.72
23 47 -3016.27
23 48 -3190.76
23 49 -3298.6
23 50 -3335.06
23 51 -3298.6
23 52 -3190.76
23 53 -3016.27
23 54 -2782.72
23 55 -2500.15
23 56 -2180.49
23 57 -1836.93
23 58 -1482.95
23 59 -1131.6
23 60 -794.594
23 61 -481.674
23 62 -200.005
23 63 46.0007
23 64 254.732
23 65 426.978
23 66 565.563
23 67 674.634
23 68 759.058
23 69 823.676
23 70 872.992
23 71 910.61
23 72 939.273
23 73 960.629
23 74 975.589
23 75 984.32
23 76 986.652
23 77 982.215
23 78 970.691
23 79 951.915
23 80 926.019
23 81 893.381
23 82 854.676
23 83 810.77
23 84 762.708
23 85 711.497
23 86 658.268
23 87 603.934
23 88 549.422
23 89 495.409
23 90 442.498
23 91 391.049
23 92 341.356
23 93 293.499
23 94 247.503
23 95 203.249
23 96 160.57
23 97 119.21
23 98 78.8851
23 99 39.2627
23 100 0

24 0 0
24 1 46.1074
24 2 92.5661
24 3 139.714
24 4 187.853
24 5 237.25
24 6 288.085
24 7 340.492
24 8 394.433
24 9 449.843
24 10 506.391
24 11 563.712
24 12 621.154
24 13 677.98
24 14 733.222
24 15 785.838
24 16 834.614
24 17 878.412
24 18 916.038
24 19 946.522
24 20 969.069
24 21 983.257
24 22 989
24 23 986.652
24 24 976.921
24 25 960.738
24 26 939.139
24 27 913
24 28 882.671
24 29 847.912
24 30 807.317
24 31 758.581
24 32 698.095
24 33 621.466
24 34 523.593
24 35 399.52
24 36 244.738
24 37 56.1779
24 38 -167.375
24 39 -424.586
24 40 -711.49
24 41 -1021.36
24 42 -1345.07
24 43 -1671.55
24 44 -1988.58
24 45 -2283.51
24 46 -2544.14
24 47 -2759.43
24 48 -2920.2
24 49 -3019.51
24 50 -3053.09
24 51 -3019.51
24 52 -2920.2
24 53 -2759.43
24 54 -2544.14
24 55 -2283.51
24 56 -1988.58
24 57 -1671.55
24 58 -1345.07
24 59 -1021.36
24 60 -711.49
24 61 -424.586
24 62 -167.375
24 63 56.1779
24 64 244.738
24 65 399.52
24 66 523.593
24 67 621.466
24 68 698.095
24 69 758.581
24 70 807.317
24 71 847.912
24 72 882.671
24 73 913
24 74 939.139
24 75 960.738
24 76 976.921
24 77 986.652
24 78 989
24 79 983.257
24 80 969.069
24 81 946.522
24 82 916.038
24 83 878.412
24 84 834.614
24 85 785.838
24 86 733.222
24 87 677.98
24 88 621.154
24 89 563.712
24 90 506.391
24 91 449.843
24 92 394.433
24 93 340.492
24 94 288.085
24 95 237.25
24 96 187.853
24 97 139.714
24 98 92.5661
24 99 46.1074
24 100 0

25 0 0
25 1 54.2082
25 2 108.744
25 3 163.886
25 4 219.927
25 5 277.021
25 6 335.331
25 7 394.807
25 8 455.381
25 9 516.727
25 10 578.441
25 11 639.877
25 12 700.227
25 13 758.515
25 14 813.586
25 15 864.172
25 16 909.012
25 17 946.77
25 18 976.386
25 19 996.894
25 20 1007.82
25 21 1008.98
25 22 1000.86
25 23 984.32
25 24 960.738
25 25 931.759
25 26 899.119
25 27 864.331
25 28 828.387
25 29 791.338
25 30 752.246
25 31 708.701
25 32 657.177
25 33 592.905
25 34 510.597
25 35 404.715
25 36 270.437
25 37 104.163
25 38 -95.6425
25 39 -328.109
25 40 -589.587
25 41 -873.769
25 42 -1171.92
25 43 -1473.48
25 44 -1766.82
25 45 -2039.96
25 46 -2281.4
25 47 -2480.83
25 48 -2629.73
25 49 -2721.69
25 50 -2752.79
25 51 -2721.69
25 52 -2629.73
25 53 -2480.83
25 54 -2281.4
25 55 -2039.96
25 56 -1766.82
25 57 -1473.48
25 58 -1171.92
25 59 -873.769
25 60 -589.587
25 61 -328.109
25 62 -95.6425
25 63 104.163
25 64 270.437
25 65 404.715
25 66 510.597
25 67 592.905
25 68 657.177
25 69 708.701
25 70 752.246
25 71 791.338
25 72 828.387
25 73 864.331
25 74 899.119
25 75 931.759
25 76 960.738
25 77 984.32
25 78 1000.86
25 79 1008.98
25 80 1007.82
25 81 996.894
25 82 976.386
25 83 946.77
25 84 909.012
25 85 864.172
25 86 813.586
25 87 758.515
25 88 700.227
25 89 639.877
25 90 578.441
25 91 516.727
25 92 455.381
25 93 394.807
25 94 335.331
25 95 277.021
25 96 219.927
25 97 163.886
25 98 108.744
25 99 54.2082
25 100 0

26 0 0
26 1 63.6892
26 2 127.627
26 3 192.057
26 4 257.131
26 5 322.982
26 6 389.567
26 7 456.797
26 8 524.344
26 9 591.794
26 10 658.474
26 11 723.564
26 12 786.048
26 13 844.715
26 14 898.258
26 15 945.297
26 16 984.412
26 17 1014.42
26 18 1034.21
26 19 1043.21
26 20 1041.12
26 21 1028.43
26 22 1006.03
26 23 975.589
26 24 939.139
26 25 899.119
26 26 857.952
26 27 817.765
26 28 780.025
26 29 745.12
26 30 712.083
26 31 678.547
26 32 640.545
26 33 592.977
26 34 529.868
26 35 445.222
26 36 333.55
26 37 190.79
26 38 14.9138
26 39 -193.504
26 40 -431.135
26 41 -691.906
26 42 -967.352
26 43 -1247.23
26 44 -1520.25
26 45 -1774.91
26 46 -2000.21
26 47 -2186.4
26 48 -2325.4
26 49 -2411.25
26 50 -2440.27
26 51 -2411.25
26 52 -2325.4
26 53 -2186.4
26 54 -2000.21
26 55 -1774.91
26 56 -1520.25
26 57 -1247.23
26 58 -967.352
26 59 -691.906
26 60 -431.135
26 61 -193.504
26 62 14.9138
26 63 190.79
26 64 333.55
26 65 445.222
26 66 529.868
26 67 592.977
26 68 640.545
26 69 678.547
26 70 712.083
26 71 745.12
26 72 780.025
26 73 817.765
26 74 857.952
26 75 899.119
26 76 939.139
26 77 975.589
26 78 1006.03
26 79 1028.43
26 80 1041.12
26 81 1043.21
26 82 1034.21
26 83 1014.42
26 84 984.412
26 85 945.297
26 86 898.258
26 87 844.715
26 88 786.048
26 89 723.564
26 90 658.474
26 91 591.794
26 92 524.344
26 93 456.797
26 94 389.567
26 95 322.982
26 96 257.131
26 97 192.057
26 98 127.627
26 99 63.6892
26 100 0

27 0 0
27 1 74.5937
27 2 149.323
27 3 224.313
27 4 299.594
27 5 375.144
27 6 450.796
27 7 526.236
27 8 601.02
27 9 674.441
27 10 745.705
27 11 813.707
27 12 877.271
27 13 934.999
27 14 985.461
27 15 1027.18
27 16 1058.82
27 17 1079.21
27 18 1087.6
27 19 1083.63
27 20 1067.65
27 21 1040.55
27 22 1004.13
27 23 960.629
27 24 913
27 25 864.331
27 26 817.765
27 27 775.959
27 28 740.669
27 29 712.419
27 30 690.175
27 31 671.12
27 32 650.869
27 33 623.58
27 34 582.646
27 35 521.227
27 36 433.278
27 37 314.116
27 38 161.356
27 39 -24.7523
27 40 -241.016
27 41 -481.455
27 42 -737.689
27 43 -999.592
27 44 -1256.05
27 45 -1495.78
27 46 -1708.16
27 47 -1883.76
27 48 -2014.88
27 49 -2095.86
27 50 -2123.24
27 51 -2095.86
27 52 -2014.88
27 53 -1883.76
27 54 -1708.16
27 55 -1495.78
27 56 -1256.05
27 57 -999.592
27 58 -737.689
27 59 -481.455
27 60 -241.016
27 61 -24.7523
27 62 161.356
27 63 314.116
27 64 433.278
27 65 521.227
27 66 582.646
27 67 623.58
27 68 650.869
27 69 671.12
27 70 690.175
27 71 712.419
27 72 740.669
27 73 775.959
27 74 817.765
27 75 864.331
27 76 913
27 77 960.629
27 78 1004.13
27 79 1040.55
27 80 1067.65
27 81 1083.63
27 82 1087.6
27 83 1079.21
27 84 1058.82
27 85 1027.18
27 86 985.461
27 87 934.999
27 88 877.271
27 89 813.707
27 90 745.705
27 91 674.441
27 92 601.02
27 93 526.236
27 94 450.796
27 95 375.144
27 96 299.594
27 97 224.313
27 98 149.323
27 99 74.5937
27 100 0

28 0 0
28 1 86.8542
28 2 173.687
28 3 260.427
28 4 346.959
28 5 433.045
28 6 518.327
28 7 602.3
28 8 684.247
28 9 763.322
28 10 838.418
28 11 908.32
28 12 971.613
28 13 1026.82
28 14 1072.41
28 15 1107
28 16 1129.26
28 17 1138.38
28 18 1133.86
28 19 1115.91
28 20 1085.39
28 21 1044.04
28 22 994.258
28 23 939.273
28 24 882.671
28 25 828.387
28 26 780.025
28 27 740.669
28 28 712.262
28 29 695.185
28 30 688.071
28 31 687.588
28 32 688.547
28 33 684.344
28 34 667.411
28 35 630.214
28 36 565.882
28 37 469.333
28 38 337.76
28 39 171.324
28 40 -26.8665
28 41 -250.693
28 42 -491.709
28 43 -739.687
28 44 -983.517
28 45 -1211.99
28 46 -1414.65
28 47 -1582.3
28 48 -1707.51
28 49 -1784.85
28 50 -1811
28 51 -1784.85
28 52 -1707.51
28 53 -1582.3
28 54 -1414.65
28 55 -1211.99
28 56 -983.517
28 57 -739.687
28 58 -491.709
28 59 -250.693
28 60 -26.8665
28 61 171.324
28 62 337.76
28 63 469.333
28 64 565.882
28 65 630.214
28 66 667.411
28 67 684.344
28 68 688.547
28 69 687.588
28 70 688.071
28 71 695.185
28 72 712.262
28 73 740.669
28 74 780.025
28 75 828.387
28 76 882.671
28 77 939.273
28 78 994.258
28 79 1044.04
28 80 1085.39
28 81 1115.91
28 82 1133.86
28 83 1138.38
28 84 1129.26
28 85 1107
28 86 1072.41
28 87 1026.82
28 88 971.613
28 89 908.32
28 90 838.418
28 91 763.322
28 92 684.247
28 93 602.3
28 94 518.327
28 95 433.045
28 96 346.959
28 97 260.427
28 98 173.687
28 99 86.8542
28 100 0

29 0 0
29 1 100.278
29 2 200.308
29 3 299.772
29 4 398.342
29 5 495.506
29 6 590.704
29 7 683.134
29 8 771.9
29 9 855.865
29 10 933.768
29 11 1004.19
29 12 1065.6
29 13 1116.47
29 14 1155.3
29 15 1180.77
29 16 1191.91
29 17 1188.15
29 18 1169.56
29 19 1136.91
29 20 1091.84
29 21 1036.77
29 22 975.061
29 23 910.61
29 24 847.912
29 25 791.338
29 26 745.12
29 27 712.419
29 28 695.185
29 29 693.483
29 30 705.385
29 31 726.74
29 32 751.499
29 33 772.023
29 34 779.864
29 35 766.567
29 36 724.697
29 37 648.605
29 38 535.377
29 39 385.08
29 40 201.048
29 41 -10.3967
29 42 -240.487
29 43 -478.757
29 44 -713.924
29 45 -934.737
29 46 -1130.8
29 47 -1293.04
29 48 -1414.21
29 49 -1489.01
29 50 -1514.3
29 51 -1489.01
29 52 -1414.21
29 53 -1293.04
29 54 -1130.8
29 55 -934.737
29 56 -713.924
29 57 -478.757
29 58 -240.487
29 59 -10.3967
29 60 201.048
29 61 385.08
29 62 535.377
29 63 648.605
29 64 724.697
29 65 766.567
29 66 779.864
