0 0 0
0 1 0
0 2 0
0 3 0
0 4 0
0 5 0
0 6 0
0 7 0
0 8 0
0 9 0
0 10 0
0 11 0
0 12 0
0 13 0
0 14 0
0 15 0
0 16 0
0 17 0
0 18 0
0 19 0
0 20 0
0 21 0
0 22 0
0 23 0
0 24 0
0 25 0
0 26 0
0 27 0
0 28 0
0 29 0
0 30 0
0 31 0
0 32 0
0 33 0
0 34 0
0 35 0
0 36 0
0 37 0
0 38 0
0 39 0
0 40 0
0 41 0
0 42 0
0 43 0
0 44 0
0 45 0
0 46 0
0 47 0
0 48 0
0 49 0
0 50 0
0 51 0
0 52 0
0 53 0
0 54 0
0 55 0
0 56 0
0 57 0
0 58 0
0 59 0
0 60 0
0 61 0
0 62 0
0 63 0
0 64 0
0 65 0
0 66 0
0 67 0
0 68 0
0 69 0
0 70 0
0 71 0
0 72 0
0 73 0
0 74 0
0 75 0
0 76 0
0 77 0
0 78 0
0 79 0
0 80 0
0 81 0
0 82 0
0 83 0
0 84 0
0 85 0
0 86 0
0 87 0
0 88 0
0 89 0
0 90 0
0 91 0
0 92 0
0 93 0
0 94 0
0 95 0
0 96 0
0 97 0
0 98 0
0 99 0
0 100 0

1 0 0
1 1 0
1 2 0
1 3 0
1 4 0
1 5 0
1 6 0
1 7 0
1 8 0
1 9 0
1 10 0
1 11 0
1 12 0
1 13 -0.0243066
1 14 -0.020801
1 15 -0.045762
1 16 -0.0598807
1 17 -0.056612
1 18 -0.106695
1 19 -0.106261
1 20 -0.183531
1 21 -0.240631
1 22 -0.337616
1 23 -0.476808
1 24 -0.615671
1 25 -0.835573
1 26 -1.05999
1 27 -1.36538
1 28 -1.71676
1 29 -2.13197
1 30 -2.63593
1 31 -3.19347
1 32 -3.85874
1 33 -4.58038
1 34 -5.40051
1 35 -6.28427
1 36 -7.23653
1 37 -8.25224
1 38 -9.29484
1 39 -10.3861
1 40 -11.4574
1 41 -12.5476
1 42 -13.5702
1 43 -14.5716
1 44 -15.46
1 45 -16.2847
1 46 -16.9573
1 47 -17.5289
1 48 -17.9194
1 49 -18.1836
1 50 -18.2512
1 51 -18.1836
1 52 -17.9194
1 53 -17.5289
1 54 -16.9573
1 55 -16.2847
1 56 -15.46
1 57 -14.5716
1 58 -13.5702
1 59 -12.5476
1 60 -11.4574
1 61 -10.3861
1 62 -9.29484
1 63 -8.25224
1 64 -7.23653
1 65 -6.28427
1 66 -5.40051
1 67 -4.58038
1 68 -3.85874
1 69 -3.19347
1 70 -2.63593
1 71 -2.13197
1 72 -1.71676
1 73 -1.36538
1 74 -1.05999
1 75 -0.835573
1 76 -0.615671
1 77 -0.476808
1 78 -0.337616
1 79 -0.240631
1 80 -0.183531
1 81 -0.106261
1 82 -0.106695
1 83 -0.056612
1 84 -0.0598807
1 85 -0.045762
1 86 -0.020801
1 87 -0.0243066
1 88 0
1 89 0
1 90 0
1 91 0
1 92 0
1 93 0
1 94 0
1 95 0
1 96 0
1 97 0
1 98 0
1 99 0
1 100 0

2 0 0
2 1 0
2 2 0
2 3 0
2 4 0
2 5 0
2 6 0
2 7 0
2 8 0
2 9 0
2 10 0
2 11 0
2 12 -0.0313427
2 13 -0.0275473
2 14 -0.0644716
2 15 -0.0840778
2 16 -0.0969593
2 17 -0.165542
2 18 -0.187227
2 19 -0.305781
2 20 -0.396786
2 21 -0.571408
2 22 -0.776818
2 23 -1.04401
2 24 -1.39778
2 25 -1.81841
2 26 -2.36308
2 27 -3.00458
2 28 -3.79498
2 29 -4.71809
2 30 -5.80883
2 31 -7.05808
2 32 -8.4858
2 33 -10.0789
2 34 -11.8464
2 35 -13.7629
2 36 -15.8277
2 37 -18.0004
2 38 -20.2705
2 39 -22.5837
2 40 -24.921
2 41 -27.2182
2 42 -29.4512
2 43 -31.5514
2 44 -33.4946
2 45 -35.2145
2 46 -36.693
2 47 -37.8723
2 48 -38.746
2 49 -39.27
2 50 -39.4537
2 51 -39.27
2 52 -38.746
2 53 -37.8723
2 54 -36.693
2 55 -35.2145
2 56 -33.4946
2 57 -31.5514
2 58 -29.4512
2 59 -27.2182
2 60 -24.921
2 61 -22.5837
2 62 -20.2705
2 63 -18.0004
2 64 -15.8277
2 65 -13.7629
2 66 -11.8464
2 67 -10.0789
2 68 -8.4858
2 69 -7.05808
2 70 -5.80883
2 71 -4.71809
2 72 -3.79498
2 73 -3.00458
2 74 -2.36308
2 75 -1.81841
2 76 -1.39778
2 77 -1.04401
2 78 -0.776818
2 79 -0.571408
2 80 -0.396786
2 81 -0.305781
2 82 -0.187227
2 83 -0.165542
2 84 -0.0969593
2 85 -0.0840778
2 86 -0.0644716
2 87 -0.0275473
2 88 -0.0313427
2 89 0
2 90 0
2 91 0
2 92 0
2 93 0
2 94 0
2 95 0
2 96 0
2 97 0
2 98 0
2 99 0
2 100 0

3 0 0
3 1 0
3 2 0
3 3 0
3 4 0
3 5 0
3 6 0
3 7 0
3 8 0
3 9 0
3 10 0
3 11 -0.0385757
3 12 -0.0347966
3 13 -0.0672847
3 14 -0.0961749
3 15 -0.114733
3 16 -0.194655
3 17 -0.254957
3 18 -0.389714
3 19 -0.534496
3 20 -0.760161
3 21 -1.02347
3 22 -1.40713
3 23 -1.85787
3 24 -2.47606
3 25 -3.21822
3 26 -4.15443
3 27 -5.29684
3 28 -6.6449
3 29 -8.27754
3 30 -10.1292
3 31 -12.3112
3 32 -14.7288
3 33 -17.4762
3 34 -20.4633
3 35 -23.7335
3 36 -27.2151
3 37 -30.892
3 38 -34.7083
3 39 -38.5991
3 40 -42.5152
3 41 -46.3616
3 42 -50.0899
3 43 -53.5949
3 44 -56.8288
3 45 -59.6933
3 46 -62.1464
3 47 -64.1093
3 48 -65.5541
3 49 -66.4288
3 50 -66.7278
3 51 -66.4288
3 52 -65.5541
3 53 -64.1093
3 54 -62.1464
3 55 -59.6933
3 56 -56.8288
3 57 -53.5949
3 58 -50.0899
3 59 -46.3616
3 60 -42.5152
3 61 -38.5991
3 62 -34.7083
3 63 -30.892
3 64 -27.2151
3 65 -23.7335
3 66 -20.4633
3 67 -17.4762
3 68 -14.7288
3 69 -12.3112
3 70 -10.1292
3 71 -8.27754
3 72 -6.6449
3 73 -5.29684
3 74 -4.15443
3 75 -3.21822
3 76 -2.47606
3 77 -1.85787
3 78 -1.40713
3 79 -1.02347
3 80 -0.760161
3 81 -0.534496
3 82 -0.389714
3 83 -0.254957
3 84 -0.194655
3 85 -0.114733
3 86 -0.0961749
3 87 -0.0672847
3 88 -0.0347966
3 89 -0.0385757
3 90 0
3 91 0
3 92 0
3 93 0
3 94 0
3 95 0
3 96 0
3 97 0
3 98 0
3 99 0
3 100 0

4 0 0
4 1 0
4 2 0
4 3 0
4 4 0
4 5 0
4 6 0
4 7 0
4 8 0
4 9 0
4 10 -0.0453264
4 11 -0.0419344
4 12 -0.0668512
4 13 -0.105514
4 14 -0.126418
4 15 -0.216322
4 16 -0.306922
4 17 -0.456034
4 18 -0.649349
4 19 -0.919298
4 20 -1.25338
4 21 -1.73786
4 22 -2.31193
4 23 -3.11405
4 24 -4.07423
4 25 -5.31523
4 26 -6.81836
4 27 -8.64229
4 28 -10.8338
4 29 -13.3867
4 30 -16.3839
4 31 -19.7757
4 32 -23.6425
4 33 -27.9085
4 34 -32.6244
4 35 -37.6945
4 36 -43.1292
4 37 -48.8126
4 38 -54.7165
4 39 -60.7053
4 40 -66.7213
4 41 -72.615
4 42 -78.3119
4 43 -83.6594
4 44 -88.5814
4 45 -92.9355
4 46 -96.6594
4 47 -99.6341
4 48 -101.825
4 49 -103.147
4 50 -103.602
4 51 -103.147
4 52 -101.825
4 53 -99.6341
4 54 -96.6594
4 55 -92.9355
4 56 -88.5814
4 57 -83.6594
4 58 -78.3119
4 59 -72.615
4 60 -66.7213
4 61 -60.7053
4 62 -54.7165
4 63 -48.8126
4 64 -43.1292
4 65 -37.6945
4 66 -32.6244
4 67 -27.9085
4 68 -23.6425
4 69 -19.7757
4 70 -16.3839
4 71 -13.3867
4 72 -10.8338
4 73 -8.64229
4 74 -6.81836
4 75 -5.31523
4 76 -4.07423
4 77 -3.11405
4 78 -2.31193
4 79 -1.73786
4 80 -1.25338
4 81 -0.919298
4 82 -0.649349
4 83 -0.456034
4 84 -0.306922
4 85 -0.216322
4 86 -0.126418
4 87 -0.105514
4 88 -0.0668512
4 89 -0.0419344
4 90 -0.0453264
4 91 0
4 92 0
4 93 0
4 94 0
4 95 0
4 96 0
4 97 0
4 98 0
4 99 0
4 100 0

5 0 0
5 1 0
5 2 0
5 3 0
5 4 0
5 5 0
5 6 0
5 7 0
5 8 0
5 9 -0.050854
5 10 -0.0482245
5 11 -0.0639639
5 12 -0.111762
5 13 -0.141341
5 14 -0.237763
5 15 -0.351966
5 16 -0.518971
5 17 -0.742432
5 18 -1.0634
5 19 -1.46789
5 20 -2.05023
5 21 -2.77602
5 22 -3.75436
5 23 -4.9748
5 24 -6.53175
5 25 -8.44201
5 26 -10.7963
5 27 -13.6111
5 28 -16.9792
5 29 -20.9046
5 30 -25.4572
5 31 -30.6379
5 32 -36.4561
5 33 -42.9205
5 34 -49.9556
5 35 -57.5751
5 36 -65.6187
5 37 -74.0916
5 38 -82.7671
5 39 -91.63
5 40 -100.414
5 41 -109.081
5 42 -117.353
5 43 -125.176
5 44 -132.288
5 45 -138.636
5 46 -143.992
5 47 -148.325
5 48 -151.457
5 49 -153.396
5 50 -154.023
5 51 -153.396
5 52 -151.457
5 53 -148.325
5 54 -143.992
5 55 -138.636
5 56 -132.288
5 57 -125.176
5 58 -117.353
5 59 -109.081
5 60 -100.414
5 61 -91.63
5 62 -82.7671
5 63 -74.0916
5 64 -65.6187
5 65 -57.5751
5 66 -49.9556
5 67 -42.9205
5 68 -36.4561
5 69 -30.6379
5 70 -25.4572
5 71 -20.9046
5 72 -16.9792
5 73 -13.6111
5 74 -10.7963
5 75 -8.44201
5 76 -6.53175
5 77 -4.9748
5 78 -3.75436
5 79 -2.77602
5 80 -2.05023
5 81 -1.46789
5 82 -1.0634
5 83 -0.742432
5 84 -0.518971
5 85 -0.351966
5 86 -0.237763
5 87 -0.141341
5 88 -0.111762
5 89 -0.0639639
5 90 -0.0482245
5 91 -0.050854
5 92 0
5 93 0
5 94 0
5 95 0
5 96 0
5 97 0
5 98 0
5 99 0
5 100 0

6 0 0
6 1 0
6 2 0
6 3 0
6 4 0
6 5 0
6 6 0
6 7 0
6 8 -0.0544865
6 9 -0.0529294
6 10 -0.060075
6 11 -0.115247
6 12 -0.158482
6 13 -0.258759
6 14 -0.3897
6 15 -0.577876
6 16 -0.823714
6 17 -1.19844
6 18 -1.67562
6 19 -2.35629
6 20 -3.24061
6 21 -4.4044
6 22 -5.90108
6 23 -7.80243
6 24 -10.1677
6 25 -13.1089
6 26 -16.6505
6 27 -20.9375
6 28 -25.9654
6 29 -31.8612
6 30 -38.6146
6 31 -46.2832
6 32 -54.8582
6 33 -64.3025
6 34 -74.5955
6 35 -85.6054
6 36 -97.2819
6 37 -109.413
6 38 -121.909
6 39 -134.499
6 40 -147.06
6 41 -159.289
6 42 -171.045
6 43 -182.02
6 44 -192.08
6 45 -200.94
6 46 -208.496
6 47 -214.512
6 48 -218.937
6 49 -221.6
6 50 -222.519
6 51 -221.6
6 52 -218.937
6 53 -214.512
6 54 -208.496
6 55 -200.94
6 56 -192.08
6 57 -182.02
6 58 -171.045
6 59 -159.289
6 60 -147.06
6 61 -134.499
6 62 -121.909
6 63 -109.413
6 64 -97.2819
6 65 -85.6054
6 66 -74.5955
6 67 -64.3025
6 68 -54.8582
6 69 -46.2832
6 70 -38.6146
6 71 -31.8612
6 72 -25.9654
6 73 -20.9375
6 74 -16.6505
6 75 -13.1089
6 76 -10.1677
6 77 -7.80243
6 78 -5.90108
6 79 -4.4044
6 80 -3.24061
6 81 -2.35629
6 82 -1.67562
6 83 -1.19844
6 84 -0.823714
6 85 -0.577876
6 86 -0.3897
6 87 -0.258759
6 88 -0.158482
6 89 -0.115247
6 90 -0.060075
6 91 -0.0529294
6 92 -0.0544865
6 93 0
6 94 0
6 95 0
6 96 0
6 97 0
6 98 0
6 99 0
6 100 0

7 0 0
7 1 0
7 2 0
7 3 0
7 4 0
7 5 0
7 6 0
7 7 -0.0557536
7 8 -0.0554498
7 9 -0.0568515
7 10 -0.116774
7 11 -0.174987
7 12 -0.277934
7 13 -0.416303
7 14 -0.627795
7 15 -0.897584
7 16 -1.32206
7 17 -1.87831
7 18 -2.65545
7 19 -3.69265
7 20 -5.05661
7 21 -6.82848
7 22 -9.10743
7 23 -11.9667
7 24 -15.5503
7 25 -19.9217
7 26 -25.229
7 27 -31.54
7 28 -38.9674
7 29 -47.5688
7 30 -57.4064
7 31 -68.4913
7 32 -80.8278
7 33 -94.351
7 34 -108.996
7 35 -124.616
7 36 -141.063
7 37 -158.122
7 38 -175.564
7 39 -193.127
7 40 -210.515
7 41 -227.456
7 42 -243.611
7 43 -258.729
7 44 -272.465
7 45 -284.621
7 46 -294.882
7 47 -303.123
7 48 -309.095
7 49 -312.763
7 50 -313.964
7 51 -312.763
7 52 -309.095
7 53 -303.123
7 54 -294.882
7 55 -284.621
7 56 -272.465
7 57 -258.729
7 58 -243.611
7 59 -227.456
7 60 -210.515
7 61 -193.127
7 62 -175.564
7 63 -158.122
7 64 -141.063
7 65 -124.616
7 66 -108.996
7 67 -94.351
7 68 -80.8278
7 69 -68.4913
7 70 -57.4064
7 71 -47.5688
7 72 -38.9674
7 73 -31.54
7 74 -25.229
7 75 -19.9217
7 76 -15.5503
7 77 -11.9667
7 78 -9.10743
7 79 -6.82848
7 80 -5.05661
7 81 -3.69265
7 82 -2.65545
7 83 -1.87831
7 84 -1.32206
7 85 -0.897584
7 86 -0.627795
7 87 -0.416303
7 88 -0.277934
7 89 -0.174987
7 90 -0.116774
7 91 -0.0568515
7 92 -0.0554498
7 93 -0.0557536
7 94 0
7 95 0
7 96 0
7 97 0
7 98 0
7 99 0
7 100 0

8 0 0
8 1 0
8 2 0
8 3 0
8 4 0
8 5 0
8 6 -0.0544865
8 7 -0.0554498
8 8 -0.0556105
8 9 -0.117245
8 10 -0.187071
8 11 -0.292936
8 12 -0.43155
8 13 -0.665354
8 14 -0.964564
8 15 -1.43083
8 16 -2.06404
8 17 -2.93589
8 18 -4.11365
8 19 -5.68694
8 20 -7.73719
8 21 -10.4121
8 22 -13.8013
8 23 -18.0708
8 24 -23.3495
8 25 -29.7796
8 26 -37.5158
8 27 -46.6737
8 28 -57.3748
8 29 -69.7113
8 30 -83.7172
8 31 -99.4403
8 32 -116.804
8 33 -135.775
8 34 -156.169
8 35 -177.841
8 36 -200.52
8 37 -223.942
8 38 -247.774
8 39 -271.657
8 40 -295.224
8 41 -318.062
8 42 -339.807
8 43 -360.035
8 44 -378.424
8 45 -394.587
8 46 -408.274
8 47 -419.174
8 48 -427.136
8 49 -431.95
8 50 -433.586
8 51 -431.95
8 52 -427.136
8 53 -419.174
8 54 -408.274
8 55 -394.587
8 56 -378.424
8 57 -360.035
8 58 -339.807
8 59 -318.062
8 60 -295.224
8 61 -271.657
8 62 -247.774
8 63 -223.942
8 64 -200.52
8 65 -177.841
8 66 -156.169
8 67 -135.775
8 68 -116.804
8 69 -99.4403
8 70 -83.7172
8 71 -69.7113
8 72 -57.3748
8 73 -46.6737
8 74 -37.5158
8 75 -29.7796
8 76 -23.3495
8 77 -18.0708
8 78 -13.8013
8 79 -10.4121
8 80 -7.73719
8 81 -5.68694
8 82 -4.11365
8 83 -2.93589
8 84 -2.06404
8 85 -1.43083
8 86 -0.964564
8 87 -0.665354
8 88 -0.43155
8 89 -0.292936
8 90 -0.187071
8 91 -0.117245
8 92 -0.0556105
8 93 -0.0554498
8 94 -0.0544865
8 95 0
8 96 0
8 97 0
8 98 0
8 99 0
8 100 0

9 0 0
9 1 0
9 2 0
9 3 0
9 4 0
9 5 -0.050854
9 6 -0.0529294
9 7 -0.0568515
9 8 -0.117245
9 9 -0.191518
9 10 -0.30125
9 11 -0.438272
9 12 -0.689553
9 13 -1.02135
9 14 -1.52085
9 15 -2.21696
9 16 -3.18125
9 17 -4.4869
9 18 -6.2662
9 19 -8.60197
9 20 -11.6718
9 21 -15.612
9 22 -20.5961
9 23 -26.8246
9 24 -34.4685
9 25 -43.7366
9 26 -54.8068
9 27 -67.8365
9 28 -82.979
9 29 -100.309
9 30 -119.896
9 31 -141.715
9 32 -165.705
9 33 -191.725
9 34 -219.566
9 35 -248.961
9 36 -279.569
9 37 -311.005
9 38 -342.832
9 39 -374.576
9 40 -405.753
9 41 -435.847
9 42 -464.375
9 43 -490.837
9 44 -514.797
9 45 -535.82
9 46 -553.559
9 47 -567.681
9 48 -577.959
9 49 -584.191
9 50 -586.287
9 51 -584.191
9 52 -577.959
9 53 -567.681
9 54 -553.559
9 55 -535.82
9 56 -514.797
9 57 -490.837
9 58 -464.375
9 59 -435.847
9 60 -405.753
9 61 -374.576
9 62 -342.832
9 63 -311.005
9 64 -279.569
9 65 -248.961
9 66 -219.566
9 67 -191.725
9 68 -165.705
9 69 -141.715
9 70 -119.896
9 71 -100.309
9 72 -82.979
9 73 -67.8365
9 74 -54.8068
9 75 -43.7366
9 76 -34.4685
9 77 -26.8246
9 78 -20.5961
9 79 -15.612
9 80 -11.6718
9 81 -8.60197
9 82 -6.2662
9 83 -4.4869
9 84 -3.18125
9 85 -2.21696
9 86 -1.52085
9 87 -1.02135
9 88 -0.689553
9 89 -0.438272
9 90 -0.30125
9 91 -0.191518
9 92 -0.117245
9 93 -0.0568515
9 94 -0.0529294
9 95 -0.050854
9 96 0
9 97 0
9 98 0
9 99 0
9 100 0

10 0 0
10 1 0
10 2 0
10 3 0
10 4 -0.0453264
10 5 -0.0482246
10 6 -0.060075
10 7 -0.116774
10 8 -0.187071
10 9 -0.30125
10 10 -0.439994
10 11 -0.701153
10 12 -1.06066
10 13 -1.58652
10 14 -2.32623
10 15 -3.37587
10 16 -4.80132
10 17 -6.76871
10 18 -9.38609
10 19 -12.8363
10 20 -17.3176
10 21 -23.0292
10 22 -30.2203
10 23 -39.1366
10 24 -50.0211
10 25 -63.1364
10 26 -78.6952
10 27 -96.9006
10 28 -117.911
10 29 -141.805
10 30 -168.636
10 31 -198.326
10 32 -230.771
10 33 -265.732
10 34 -302.916
10 35 -341.938
10 36 -382.329
10 37 -423.588
10 38 -465.117
10 39 -506.344
10 40 -546.61
10 41 -585.326
10 42 -621.843
10 43 -655.611
10 44 -686.053
10 45 -712.707
10 46 -735.116
10 47 -752.94
10 48 -765.872
10 49 -773.722
10 50 -776.348
10 51 -773.722
10 52 -765.872
10 53 -752.94
10 54 -735.116
10 55 -712.707
10 56 -686.053
10 57 -655.611
10 58 -621.843
10 59 -585.326
10 60 -546.61
10 61 -506.344
10 62 -465.117
10 63 -423.588
10 64 -382.329
10 65 -341.938
10 66 -302.916
10 67 -265.732
10 68 -230.771
10 69 -198.326
10 70 -168.636
10 71 -141.805
10 72 -117.911
10 73 -96.9006
10 74 -78.6952
10 75 -63.1364
10 76 -50.0211
10 77 -39.1366
10 78 -30.2203
10 79 -23.0292
10 80 -17.3176
10 81 -12.8363
10 82 -9.38609
10 83 -6.76871
10 84 -4.80132
10 85 -3.37587
10 86 -2.32623
10 87 -1.58652
10 88 -1.06066
10 89 -0.701153
10 90 -0.439994
10 91 -0.30125
10 92 -0.187071
10 93 -0.116774
10 94 -0.060075
10 95 -0.0482246
10 96 -0.0453264
10 97 0
10 98 0
10 99 0
10 100 0

11 0 0
11 1 0
11 2 0
11 3 -0.0385757
11 4 -0.0419344
11 5 -0.0639639
11 6 -0.115247
11 7 -0.174987
11 8 -0.292936
11 9 -0.438272
11 10 -0.701153
11 11 -1.07485
11 12 -1.62152
11 13 -2.38954
11 14 -3.50902
11 15 -5.04563
11 16 -7.17282
11 17 -10.0442
11 18 -13.8507
11 19 -18.8362
11 20 -25.2623
11 21 -33.4089
11 22 -43.6067
11 23 -56.1594
11 24 -71.3915
11 25 -89.6166
11 26 -111.081
11 27 -136.043
11 28 -164.626
11 29 -196.938
11 30 -232.948
11 31 -272.547
11 32 -315.515
11 33 -361.512
11 34 -410.114
11 35 -460.78
11 36 -512.905
11 37 -565.807
11 38 -618.756
11 39 -671.002
11 40 -721.773
11 41 -770.324
11 42 -815.918
11 43 -857.884
11 44 -895.583
11 45 -928.468
11 46 -956.044
11 47 -977.919
11 48 -993.768
11 49 -1003.37
11 50 -1006.59
11 51 -1003.37
11 52 -993.768
11 53 -977.919
11 54 -956.044
11 55 -928.468
11 56 -895.583
11 57 -857.884
11 58 -815.918
11 59 -770.324
11 60 -721.773
11 61 -671.002
11 62 -618.756
11 63 -565.807
11 64 -512.905
11 65 -460.78
11 66 -410.114
11 67 -361.512
11 68 -315.515
11 69 -272.547
11 70 -232.948
11 71 -196.938
11 72 -164.626
11 73 -136.043
11 74 -111.081
11 75 -89.6166
11 76 -71.3915
11 77 -56.1594
11 78 -43.6067
11 79 -33.4089
11 80 -25.2623
11 81 -18.8362
11 82 -13.8507
11 83 -10.0442
11 84 -7.17282
11 85 -5.04563
11 86 -3.50902
11 87 -2.38954
11 88 -1.62152
11 89 -1.07485
11 90 -0.701153
11 91 -0.438272
11 92 -0.292936
11 93 -0.174987
11 94 -0.115247
11 95 -0.0639639
11 96 -0.0419344
11 97 -0.0385757
11 98 0
11 99 0
11 100 0

12 0 0
12 1 0
12 2 -0.0313427
12 3 -0.0347966
12 4 -0.0668512
12 5 -0.111762
12 6 -0.158482
12 7 -0.277934
12 8 -0.43155
12 9 -0.689553
12 10 -1.06066
12 11 -1.62152
12 12 -2.40994
12 13 -3.57605
12 14 -5.20367
12 15 -7.45839
12 16 -10.535
12 17 -14.6608
12 18 -20.1013
12 19 -27.1928
12 20 -36.2621
12 21 -47.6993
12 22 -61.9086
12 23 -79.2701
12 24 -100.207
12 25 -125.053
12 26 -154.138
12 27 -187.694
12 28 -225.864
12 29 -268.69
12 30 -316.079
12 31 -367.81
12 32 -423.54
12 33 -482.762
12 34 -544.901
12 35 -609.212
12 36 -674.932
12 37 -741.166
12 38 -807.044
12 39 -871.625
12 40 -934.019
12 41 -993.338
12 42 -1048.76
12 43 -1099.52
12 44 -1144.92
12 45 -1184.38
12 46 -1217.35
12 47 -1243.44
12 48 -1262.31
12 49 -1273.72
12 50 -1277.54
12 51 -1273.72
12 52 -1262.31
12 53 -1243.44
12 54 -1217.35
12 55 -1184.38
12 56 -1144.92
12 57 -1099.52
12 58 -1048.76
12 59 -993.338
12 60 -934.019
12 61 -871.625
12 62 -807.044
12 63 -741.166
12 64 -674.932
12 65 -609.212
12 66 -544.901
12 67 -482.762
12 68 -423.54
12 69 -367.81
12 70 -316.079
12 71 -268.69
12 72 -225.864
12 73 -187.694
12 74 -154.138
12 75 -125.053
12 76 -100.207
12 77 -79.2701
12 78 -61.9086
12 79 -47.6993
12 80 -36.2621
12 81 -27.1928
12 82 -20.1013
12 83 -14.6608
12 84 -10.535
12 85 -7.45839
12 86 -5.20367
12 87 -3.57605
12 88 -2.40994
12 89 -1.62152
12 90 -1.06066
12 91 -0.689553
12 92 -0.43155
12 93 -0.277934
12 94 -0.158482
12 95 -0.111762
12 96 -0.0668512
12 97 -0.0347966
12 98 -0.0313427
12 99 0
12 100 0

13 0 0
13 1 -0.0243066
13 2 -0.0275473
13 3 -0.0672846
13 4 -0.105514
13 5 -0.141341
13 6 -0.258759
13 7 -0.416303
13 8 -0.665354
13 9 -1.02135
13 10 -1.58652
13 11 -2.38954
13 12 -3.57605
13 13 -5.25877
13 14 -7.60705
13 15 -10.8339
13 16 -15.2225
13 17 -21.06
13 18 -28.7325
13 19 -38.6461
13 20 -51.2372
13 21 -67.0146
13 22 -86.4528
13 23 -110.061
13 24 -138.305
13 25 -171.592
13 26 -210.263
13 27 -254.546
13 28 -304.528
13 29 -360.186
13 30 -421.277
13 31 -487.47
13 32 -558.194
13 33 -632.797
13 34 -710.436
13 35 -790.202
13 36 -871.075
13 37 -951.996
13 38 -1031.89
13 39 -1109.67
13 40 -1184.3
13 41 -1254.82
13 42 -1320.3
13 43 -1379.95
13 44 -1433.04
13 45 -1478.97
13 46 -1517.22
13 47 -1547.39
13 48 -1569.15
13 49 -1582.3
13 50 -1586.69
13 51 -1582.3
13 52 -1569.15
13 53 -1547.39
13 54 -1517.22
13 55 -1478.97
13 56 -1433.04
13 57 -1379.95
13 58 -1320.3
13 59 -1254.82
13 60 -1184.3
13 61 -1109.67
13 62 -1031.89
13 63 -951.996
13 64 -871.075
13 65 -790.202
13 66 -710.436
13 67 -632.797
13 68 -558.194
13 69 -487.47
13 70 -421.277
13 71 -360.186
13 72 -304.528
13 73 -254.546
13 74 -210.263
13 75 -171.592
13 76 -138.305
13 77 -110.061
13 78 -86.4528
13 79 -67.0146
13 80 -51.2372
13 81 -38.6461
13 82 -28.7325
13 83 -21.06
13 84 -15.2225
13 85 -10.8339
13 86 -7.60705
13 87 -5.25877
13 88 -3.57605
13 89 -2.38954
13 90 -1.58652
13 91 -1.02135
13 92 -0.665354
13 93 -0.416303
13 94 -0.258759
13 95 -0.141341
13 96 -0.105514
13 97 -0.0672846
13 98 -0.0275473
13 99 -0.0243066
13 100 0

14 0 0
14 1 -0.020801
14 2 -0.0644716
14 3 -0.096175
14 4 -0.126418
14 5 -0.237763
14 6 -0.3897
14 7 -0.627794
14 8 -0.964564
14 9 -1.52085
14 10 -2.32623
14 11 -3.50902
14 12 -5.20367
14 13 -7.60705
14 14 -10.9337
14 15 -15.5091
14 16 -21.6634
14 17 -29.8083
14 18 -40.4353
14 19 -54.0532
14 20 -71.2499
14 21 -92.6296
14 22 -118.791
14 23 -150.326
14 24 -187.771
14 25 -231.551
14 26 -282.026
14 27 -339.338
14 28 -403.53
14 29 -474.391
14 30 -551.556
14 31 -634.437
14 32 -722.268
14 33 -814.115
14 34 -908.903
14 35 -1005.46
14 36 -1102.54
14 37 -1198.86
14 38 -1293.2
14 39 -1384.31
14 40 -1471.09
14 41 -1552.45
14 42 -1627.52
14 43 -1695.45
14 44 -1755.58
14 45 -1807.3
14 46 -1850.21
14 47 -1883.91
14 48 -1908.18
14 49 -1922.79
14 50 -1927.68
14 51 -1922.79
14 52 -1908.18
14 53 -1883.91
14 54 -1850.21
14 55 -1807.3
14 56 -1755.58
14 57 -1695.45
14 58 -1627.52
14 59 -1552.45
14 60 -1471.09
14 61 -1384.31
14 62 -1293.2
14 63 -1198.86
14 64 -1102.54
14 65 -1005.46
14 66 -908.903
14 67 -814.115
14 68 -722.268
14 69 -634.437
14 70 -551.556
14 71 -474.391
14 72 -403.53
14 73 -339.338
14 74 -282.026
14 75 -231.551
14 76 -187.771
14 77 -150.326
14 78 -118.791
14 79 -92.6296
14 80 -71.2499
14 81 -54.0532
14 82 -40.4353
14 83 -29.8083
14 84 -21.6634
14 85 -15.5091
14 86 -10.9337
14 87 -7.60705
14 88 -5.20367
14 89 -3.50902
14 90 -2.32623
14 91 -1.52085
14 92 -0.964564
14 93 -0.627794
14 94 -0.3897
14 95 -0.237763
14 96 -0.126418
14 97 -0.096175
14 98 -0.0644716
14 99 -0.020801
14 100 0

15 0 0
15 1 -0.045762
15 2 -0.0840778
15 3 -0.114733
15 4 -0.216322
15 5 -0.351966
15 6 -0.577876
15 7 -0.897584
15 8 -1.43083
15 9 -2.21696
15 10 -3.37587
15 11 -5.04563
15 12 -7.45839
15 13 -10.8339
15 14 -15.5091
15 15 -21.8702
15 16 -30.3629
15 17 -41.5384
15 18 -56.008
15 19 -74.4308
15 20 -97.5288
15 21 -126.031
15 22 -160.634
15 23 -202.034
15 24 -250.77
15 25 -307.32
15 26 -371.943
15 27 -444.727
15 28 -525.524
15 29 -613.945
15 30 -709.362
15 31 -810.923
15 32 -917.548
15 33 -1028.03
15 34 -1140.95
15 35 -1254.92
15 36 -1368.41
15 37 -1479.99
15 38 -1588.22
15 39 -1691.84
15 40 -1789.63
15 41 -1880.57
15 42 -1963.77
15 43 -2038.51
15 44 -2104.19
15 45 -2160.37
15 46 -2206.71
15 47 -2242.95
15 48 -2268.94
15 49 -2284.58
15 50 -2289.79
15 51 -2284.58
15 52 -2268.94
15 53 -2242.95
15 54 -2206.71
15 55 -2160.37
15 56 -2104.19
15 57 -2038.51
15 58 -1963.77
15 59 -1880.57
15 60 -1789.63
15 61 -1691.84
15 62 -1588.22
15 63 -1479.99
15 64 -1368.41
15 65 -1254.92
15 66 -1140.95
15 67 -1028.03
15 68 -917.548
15 69 -810.923
15 70 -709.362
15 71 -613.945
15 72 -525.524
15 73 -444.727
15 74 -371.943
15 75 -307.32
15 76 -250.77
15 77 -202.034
15 78 -160.634
15 79 -126.031
15 80 -97.5288
15 81 -74.4308
15 82 -56.008
15 83 -41.5384
15 84 -30.3629
15 85 -21.8702
15 86 -15.5091
15 87 -10.8339
15 88 -7.45839
15 89 -5.04563
15 90 -3.37587
15 91 -2.21696
15 92 -1.43083
15 93 -0.897584
15 94 -0.577876
15 95 -0.351966
15 96 -0.216322
15 97 -0.114733
15 98 -0.0840778
15 99 -0.045762
15 100 0

16 0 0
16 1 -0.0598808
16 2 -0.0969593
16 3 -0.194655
16 4 -0.306922
16 5 -0.518971
16 6 -0.823714
16 7 -1.32206
16 8 -2.06404
16 9 -3.18125
16 10 -4.80132
16 11 -7.17282
16 12 -10.535
16 13 -15.2225
16 14 -21.6634
16 15 -30.3629
16 16 -41.9101
16 17 -57.0076
16 18 -76.4113
16 19 -100.932
16 20 -131.451
16 21 -168.792
16 22 -213.794
16 23 -267.168
16 24 -329.502
16 25 -401.194
16 26 -482.411
16 27 -573.047
16 28 -672.741
16 29 -780.787
16 30 -896.269
16 31 -1017.94
16 32 -1144.41
16 33 -1274.06
16 34 -1405.24
16 35 -1536.18
16 36 -1665.21
16 37 -1790.68
16 38 -1911.1
16 39 -2025.14
16 40 -2131.65
16 41 -2229.68
16 42 -2318.51
16 43 -2397.55
16 44 -2466.43
16 45 -2524.88
16 46 -2572.77
16 47 -2610.02
16 48 -2636.62
16 49 -2652.57
16 50 -2657.89
16 51 -2652.57
16 52 -2636.62
16 53 -2610.02
16 54 -2572.77
16 55 -2524.88
16 56 -2466.43
16 57 -2397.55
16 58 -2318.51
16 59 -2229.68
16 60 -2131.65
16 61 -2025.14
16 62 -1911.1
16 63 -1790.68
16 64 -1665.21
16 65 -1536.18
16 66 -1405.24
16 67 -1274.06
16 68 -1144.41
16 69 -1017.94
16 70 -896.269
16 71 -780.787
16 72 -672.741
16 73 -573.047
16 74 -482.411
16 75 -401.194
16 76 -329.502
16 77 -267.168
16 78 -213.794
16 79 -168.792
16 80 -131.451
16 81 -100.932
16 82 -76.4113
16 83 -57.0076
16 84 -41.9101
16 85 -30.3629
16 86 -21.6634
16 87 -15.2225
16 88 -10.535
16 89 -7.17282
16 90 -4.80132
16 91 -3.18125
16 92 -2.06404
16 93 -1.32206
16 94 -0.823714
16 95 -0.518971
16 96 -0.306922
16 97 -0.194655
16 98 -0.0969593
16 99 -0.0598808
16 100 0

17 0 0
17 1 -0.056612
17 2 -0.165542
17 3 -0.254957
17 4 -0.456034
17 5 -0.742432
17 6 -1.19844
17 7 -1.87831
17 8 -2.93589
17 9 -4.4869
17 10 -6.76871
17 11 -10.0442
17 12 -14.6608
17 13 -21.06
17 14 -29.8083
17 15 -41.5384
17 16 -57.0076
17 17 -77.0851
17 18 -102.677
17 19 -134.796
17 20 -174.437
17 21 -222.572
17 22 -280.092
17 23 -347.74
17 24 -426.034
17 25 -515.276
17 26 -615.402
17 27 -726.083
17 28 -846.576
17 29 -975.848
17 30 -1112.52
17 31 -1254.97
17 32 -1401.34
17 33 -1549.68
17 34 -1697.96
17 35 -1844.19
17 36 -1986.47
17 37 -2123.09
17 38 -2252.52
17 39 -2373.54
17 40 -2485.09
17 41 -2586.49
17 42 -2677.21
17 43 -2757
17 44 -2825.74
17 45 -2883.49
17 46 -2930.37
17 47 -2966.57
17 48 -2992.26
17 49 -3007.61
17 50 -3012.71
17 51 -3007.61
17 52 -2992.26
17 53 -2966.57
17 54 -2930.37
17 55 -2883.49
17 56 -2825.74
17 57 -2757
17 58 -2677.21
17 59 -2586.49
17 60 -2485.09
17 61 -2373.54
17 62 -2252.52
17 63 -2123.09
17 64 -1986.47
17 65 -1844.19
17 66 -1697.96
17 67 -1549.68
17 68 -1401.34
17 69 -1254.97
17 70 -1112.52
17 71 -975.848
17 72 -846.576
17 73 -726.083
17 74 -615.402
17 75 -515.276
17 76 -426.034
17 77 -347.74
17 78 -280.092
17 79 -222.572
17 80 -174.437
17 81 -134.796
17 82 -102.677
17 83 -77.0851
17 84 -57.0076
17 85 -41.5384
17 86 -29.8083
17 87 -21.06
17 88 -14.6608
17 89 -10.0442
17 90 -6.76871
17 91 -4.4869
17 92 -2.93589
17 93 -1.87831
17 94 -1.19844
17 95 -0.742432
17 96 -0.456034
17 97 -0.254957
17 98 -0.165542
17 99 -0.056612
17 100 0

18 0 0
18 1 -0.106695
18 2 -0.187227
18 3 -0.389714
18 4 -0.649349
18 5 -1.0634
18 6 -1.67562
18 7 -2.65545
18 8 -4.11365
18 9 -6.2662
18 10 -9.38609
18 11 -13.8507
18 12 -20.1013
18 13 -28.7325
18 14 -40.4353
18 15 -56.008
18 16 -76.4113
18 17 -102.677
18 18 -135.926
18 19 -177.321
18 20 -228.004
18 21 -289.02
18 22 -361.314
18 23 -445.541
18 24 -542.144
18 25 -651.16
18 26 -772.271
18 27 -904.731
18 28 -1047.39
18 29 -1198.7
18 30 -1356.81
18 31 -1519.57
18 32 -1684.72
18 33 -1849.85
18 34 -2012.66
18 35 -2170.91
18 36 -2322.63
18 37 -2466.06
18 38 -2599.82
18 39 -2722.84
18 40 -2834.4
18 41 -2934.11
18 42 -3021.85
18 43 -3097.76
18 44 -3162.16
18 45 -3215.47
18 46 -3258.18
18 47 -3290.79
18 48 -3313.73
18 49 -3327.35
18 50 -3331.87
18 51 -3327.35
18 52 -3313.73
18 53 -3290.79
18 54 -3258.18
18 55 -3215.47
18 56 -3162.16
18 57 -3097.76
18 58 -3021.85
18 59 -2934.11
18 60 -2834.4
18 61 -2722.84
18 62 -2599.82
18 63 -2466.06
18 64 -2322.63
18 65 -2170.91
18 66 -2012.66
18 67 -1849.85
18 68 -1684.72
18 69 -1519.57
18 70 -1356.81
18 71 -1198.7
18 72 -1047.39
18 73 -904.731
18 74 -772.271
18 75 -651.16
18 76 -542.144
18 77 -445.541
18 78 -361.314
18 79 -289.02
18 80 -228.004
18 81 -177.321
18 82 -135.926
18 83 -102.677
18 84 -76.4113
18 85 -56.008
18 86 -40.4353
18 87 -28.7325
18 88 -20.1013
18 89 -13.8507
18 90 -9.38609
18 91 -6.2662
18 92 -4.11365
18 93 -2.65545
18 94 -1.67562
18 95 -1.0634
18 96 -0.649349
18 97 -0.389714
18 98 -0.187227
18 99 -0.106695
18 100 0

19 0 0
19 1 -0.106261
19 2 -0.305781
19 3 -0.534496
19 4 -0.919298
19 5 -1.46789
19 6 -2.35629
19 7 -3.69265
19 8 -5.68694
19 9 -8.60197
19 10 -12.8363
19 11 -18.8362
19 12 -27.1928
19 13 -38.6461
19 14 -54.0532
19 15 -74.4308
19 16 -100.932
19 17 -134.796
19 18 -177.321
19 19 -229.844
19 20 -293.582
19 21 -369.673
19 22 -458.974
19 23 -562.058
19 24 -679.103
19 25 -809.838
19 26 -953.496
19 27 -1108.86
19 28 -1274.17
19 29 -1447.35
19 30 -1625.92
19 31 -1807.23
19 32 -1988.49
19 33 -2166.98
19 34 -2340.07
19 35 -2505.45
19 36 -2661.1
19 37 -2805.42
19 38 -2937.28
19 39 -3055.95
19 40 -3161.15
19 41 -3252.97
19 42 -3331.84
19 43 -3398.41
19 44 -3453.5
19 45 -3498.06
19 46 -3532.97
19 47 -3559.12
19 48 -3577.21
19 49 -3587.85
19 50 -3591.35
19 51 -3587.85
19 52 -3577.21
19 53 -3559.12
19 54 -3532.97
19 55 -3498.06
19 56 -3453.5
19 57 -3398.41
19 58 -3331.84
19 59 -3252.97
19 60 -3161.15
19 61 -3055.95
19 62 -2937.28
19 63 -2805.42
19 64 -2661.1
19 65 -2505.45
19 66 -2340.07
19 67 -2166.98
19 68 -1988.49
19 69 -1807.23
19 70 -1625.92
19 71 -1447.35
19 72 -1274.17
19 73 -1108.86
19 74 -953.496
19 75 -809.838
19 76 -679.103
19 77 -562.058
19 78 -458.974
19 79 -369.673
19 80 -293.582
19 81 -229.844
19 82 -177.321
19 83 -134.796
19 84 -100.932
19 85 -74.4308
19 86 -54.0532
19 87 -38.6461
19 88 -27.1928
19 89 -18.8362
19 90 -12.8363
19 91 -8.60197
19 92 -5.68694
19 93 -3.69265
19 94 -2.35629
19 95 -1.46789
19 96 -0.919298
19 97 -0.534496
19 98 -0.305781
19 99 -0.106261
19 100 0

20 0 0
20 1 -0.183531
20 2 -0.396786
20 3 -0.760161
20 4 -1.25338
20 5 -2.05023
20 6 -3.24061
20 7 -5.05661
20 8 -7.73719
20 9 -11.6718
20 10 -17.3176
20 11 -25.2623
20 12 -36.2621
20 13 -51.2372
20 14 -71.2499
20 15 -97.5288
20 16 -131.451
20 17 -174.437
20 18 -228.004
20 19 -293.582
20 20 -372.493
20 21 -465.818
20 22 -574.312
20 23 -698.282
20 24 -837.575
20 25 -991.407
20 26 -1158.5
20 27 -1336.94
20 28 -1524.36
20 29 -1717.95
20 30 -1914.63
20 31 -2111.14
20 32 -2304.28
20 33 -2490.97
20 34 -2668.45
20 35 -2834.35
20 36 -2986.86
20 37 -3124.64
20 38 -3247.01
20 39 -3353.74
20 40 -3445.18
20 41 -3522.04
20 42 -3585.41
20 43 -3636.58
20 44 -3677.01
20 45 -3708.14
20 46 -3731.39
20 47 -3748.03
20 48 -3759.12
20 49 -3765.44
20 50 -3767.49
20 51 -3765.44
20 52 -3759.12
20 53 -3748.03
20 54 -3731.39
20 55 -3708.14
20 56 -3677.01
20 57 -3636.58
20 58 -3585.41
20 59 -3522.04
20 60 -3445.18
20 61 -3353.74
20 62 -3247.01
20 63 -3124.64
20 64 -2986.86
20 65 -2834.35
20 66 -2668.45
20 67 -2490.97
20 68 -2304.28
20 69 -2111.14
20 70 -1914.63
20 71 -1717.95
20 72 -1524.36
20 73 -1336.94
20 74 -1158.5
20 75 -991.407
20 76 -837.575
20 77 -698.282
20 78 -574.312
20 79 -465.818
20 80 -372.493
20 81 -293.582
20 82 -228.004
20 83 -174.437
20 84 -131.451
20 85 -97.5288
20 86 -71.2499
20 87 -51.2372
20 88 -36.2621
20 89 -25.2623
20 90 -17.3176
20 91 -11.6718
20 92 -7.73719
20 93 -5.05661
20 94 -3.24061
20 95 -2.05023
20 96 -1.25338
20 97 -0.760161
20 98 -0.396786
20 99 -0.183531
20 100 0

21 0 0
21 1 -0.240631
21 2 -0.571408
21 3 -1.02347
21 4 -1.73786
21 5 -2.77602
21 6 -4.4044
21 7 -6.82848
21 8 -10.4121
21 9 -15.612
21 10 -23.0292
21 11 -33.4089
21 12 -47.6993
21 13 -67.0146
21 14 -92.6296
21 15 -126.031
21 16 -168.792
21 17 -222.572
21 18 -289.02
21 19 -369.673
21 20 -465.818
21 21 -578.451
21 22 -708.043
21 23 -854.572
21 24 -1017.32
21 25 -1194.95
21 26 -1385.41
21 27 -1586.06
21 28 -1793.73
21 29 -2004.87
21 30 -2215.71
21 31 -2422.48
21 32 -2621.53
21 33 -2809.62
21 34 -2983.92
21 35 -3142.27
21 36 -3283.15
21 37 -3405.77
21 38 -3510.02
21 39 -3596.42
21 40 -3666.05
21 41 -3720.42
21 42 -3761.38
21 43 -3790.96
21 44 -3811.27
21 45 -3824.37
21 46 -3832.16
21 47 -3836.35
21 48 -3838.3
21 49 -3839.06
21 50 -3839.24
21 51 -3839.06
21 52 -3838.3
21 53 -3836.35
21 54 -3832.16
21 55 -3824.37
21 56 -3811.27
21 57 -3790.96
21 58 -3761.38
21 59 -3720.42
21 60 -3666.05
21 61 -3596.42
21 62 -3510.02
21 63 -3405.77
21 64 -3283.15
21 65 -3142.27
21 66 -2983.92
21 67 -2809.62
21 68 -2621.53
21 69 -2422.48
21 70 -2215.71
21 71 -2004.87
21 72 -1793.73
21 73 -1586.06
21 74 -1385.41
21 75 -1194.95
21 76 -1017.32
21 77 -854.572
21 78 -708.043
21 79 -578.451
21 80 -465.818
21 81 -369.673
21 82 -289.02
21 83 -222.572
21 84 -168.792
21 85 -126.031
21 86 -92.6296
21 87 -67.0146
21 88 -47.6993
21 89 -33.4089
21 90 -23.0292
21 91 -15.612
21 92 -10.4121
21 93 -6.82848
21 94 -4.4044
21 95 -2.77602
21 96 -1.73786
21 97 -1.02347
21 98 -0.571408
21 99 -0.240631
21 100 0

22 0 0
22 1 -0.337616
22 2 -0.776818
22 3 -1.40713
22 4 -2.31193
22 5 -3.75436
22 6 -5.90108
22 7 -9.10743
22 8 -13.8014
22 9 -20.5961
22 10 -30.2203
22 11 -43.6067
22 12 -61.9086
22 13 -86.4528
22 14 -118.791
22 15 -160.634
22 16 -213.794
22 17 -280.092
22 18 -361.314
22 19 -458.974
22 20 -574.312
22 21 -708.043
22 22 -860.295
22 23 -1030.47
22 24 -1217.23
22 25 -1418.39
22 26 -1631.1
22 27 -1851.77
22 28 -2076.43
22 29 -2300.68
22 30 -2520.16
22 31 -2730.56
22 32 -2928.01
22 33 -3109.16
22 34 -3271.37
22 35 -3412.86
22 36 -3532.68
22 37 -3630.73
22 38 -3707.73
22 39 -3765.09
22 40 -3804.79
22 41 -3829.24
22 42 -3841.14
22 43 -3843.26
22 44 -3838.44
22 45 -3829.3
22 46 -3818.28
22 47 -3807.42
22 48 -3798.43
22 49 -3792.53
22 50 -3790.49
22 51 -3792.53
22 52 -3798.43
22 53 -3807.42
22 54 -3818.28
22 55 -3829.3
22 56 -3838.44
22 57 -3843.26
22 58 -3841.14
22 59 -3829.24
22 60 -3804.79
22 61 -3765.09
22 62 -3707.73
22 63 -3630.73
22 64 -3532.68
22 65 -3412.86
22 66 -3271.37
22 67 -3109.16
22 68 -2928.01
22 69 -2730.56
22 70 -2520.16
22 71 -2300.68
22 72 -2076.43
22 73 -1851.77
22 74 -1631.1
22 75 -1418.39
22 76 -1217.23
22 77 -1030.47
22 78 -860.295
22 79 -708.043
22 80 -574.312
22 81 -458.974
22 82 -361.314
22 83 -280.092
22 84 -213.794
22 85 -160.634
22 86 -118.791
22 87 -86.4528
22 88 -61.9086
22 89 -43.6067
22 90 -30.2203
22 91 -20.5961
22 92 -13.8014
22 93 -9.10743
22 94 -5.90108
22 95 -3.75436
22 96 -2.31193
22 97 -1.40713
22 98 -0.776818
22 99 -0.337616
22 100 0

23 0 0
23 1 -0.476808
23 2 -1.04401
23 3 -1.85787
23 4 -3.11405
23 5 -4.9748
23 6 -7.80243
23 7 -11.9667
23 8 -18.0708
23 9 -26.8246
23 10 -39.1366
23 11 -56.1594
23 12 -79.2701
23 13 -110.061
23 14 -150.326
23 15 -202.034
23 16 -267.168
23 17 -347.74
23 18 -445.541
23 19 -562.058
23 20 -698.282
23 21 -854.572
23 22 -1030.47
23 23 -1224.72
23 24 -1435.08
23 25 -1658.48
23 26 -1891.03
23 27 -2128.21
23 28 -2365.07
23 29 -2596.51
23 30 -2817.54
23 31 -3023.52
23 32 -3210.45
23 33 -3375.16
23 34 -3515.41
23 35 -3630.04
23 36 -3718.88
23 37 -3782.81
23 38 -3823.52
23 39 -3843.47
23 40 -3845.67
23 41 -3833.48
23 42 -3810.46
23 43 -3780.2
23 44 -3746.12
23 45 -3711.44
23 46 -3678.97
23 47 -3651.15
23 48 -3629.87
23 49 -3616.54
23 50 -3612
23 51 -3616.54
23 52 -3629.87
23 53 -3651.15
23 54 -3678.97
23 55 -3711.44
23 56 -3746.12
23 57 -3780.2
23 58 -3810.46
23 59 -3833.48
23 60 -3845.67
23 61 -3843.47
23 62 -3823.52
23 63 -3782.81
23 64 -3718.88
23 65 -3630.04
23 66 -3515.41
23 67 -3375.16
23 68 -3210.45
23 69 -3023.52
23 70 -2817.54
23 71 -2596.51
23 72 -2365.07
23 73 -2128.21
23 74 -1891.03
23 75 -1658.48
23 76 -1435.08
23 77 -1224.72
23 78 -1030.47
23 79 -854.572
23 80 -698.282
23 81 -562.058
23 82 -445.541
23 83 -347.74
23 84 -267.168
23 85 -202.034
23 86 -150.326
23 87 -110.061
23 88 -79.2701
23 89 -56.1594
23 90 -39.1366
23 91 -26.8246
23 92 -18.0708
23 93 -11.9667
23 94 -7.80243
23 95 -4.9748
23 96 -3.11405
23 97 -1.85787
23 98 -1.04401
23 99 -0.476808
23 100 0

24 0 0
24 1 -0.615671
24 2 -1.39778
24 3 -2.47606
24 4 -4.07423
24 5 -6.53175
24 6 -10.1677
24 7 -15.5503
24 8 -23.3495
24 9 -34.4685
24 10 -50.0211
24 11 -71.3915
24 12 -100.207
24 13 -138.305
24 14 -187.771
24 15 -250.77
24 16 -329.502
24 17 -426.034
24 18 -542.144
24 19 -679.103
24 20 -837.575
24 21 -1017.32
24 22 -1217.23
24 23 -1435.08
24 24 -1667.67
24 25 -1910.81
24 26 -2159.53
24 27 -2408.26
24 28 -2651.17
24 29 -2882.43
24 30 -3096.62
24 31 -3288.92
24 32 -3455.47
24 33 -3593.5
24 34 -3701.48
24 35 -3779.11
24 36 -3827.3
24 37 -3848.05
24 38 -3844.23
24 39 -3819.46
24 40 -3777.81
24 41 -3723.62
24 42 -3661.29
24 43 -3595.08
24 44 -3529.02
24 45 -3466.71
24 46 -3411.32
24 47 -3365.47
24 48 -3331.24
24 49 -3310.09
24 50 -3302.96
24 51 -3310.09
24 52 -3331.24
24 53 -3365.47
24 54 -3411.32
24 55 -3466.71
24 56 -3529.02
24 57 -3595.08
24 58 -3661.29
24 59 -3723.62
24 60 -3777.81
24 61 -3819.46
24 62 -3844.23
24 63 -3848.05
24 64 -3827.3
24 65 -3779.11
24 66 -3701.48
24 67 -3593.5
24 68 -3455.47
24 69 -3288.92
24 70 -3096.62
24 71 -2882.43
24 72 -2651.17
24 73 -2408.26
24 74 -2159.53
24 75 -1910.81
24 76 -1667.67
24 77 -1435.08
24 78 -1217.23
24 79 -1017.32
24 80 -837.575
24 81 -679.103
24 82 -542.144
24 83 -426.034
24 84 -329.502
24 85 -250.77
24 86 -187.771
24 87 -138.305
24 88 -100.207
24 89 -71.3915
24 90 -50.0211
24 91 -34.4685
24 92 -23.3495
24 93 -15.5503
24 94 -10.1677
24 95 -6.53175
24 96 -4.07423
24 97 -2.47606
24 98 -1.39778
24 99 -0.615671
24 100 0

25 0 0
25 1 -0.835573
25 2 -1.81841
25 3 -3.21822
25 4 -5.31523
25 5 -8.44201
25 6 -13.1089
25 7 -19.9217
25 8 -29.7796
25 9 -43.7366
25 10 -63.1364
25 11 -89.6165
25 12 -125.053
25 13 -171.592
25 14 -231.551
25 15 -307.32
25 16 -401.194
25 17 -515.277
25 18 -651.16
25 19 -809.838
25 20 -991.407
25 21 -1194.95
25 22 -1418.39
25 23 -1658.48
25 24 -1910.81
25 25 -2170.02
25 26 -2429.93
25 27 -2683.97
25 28 -2925.46
25 29 -3148.03
25 30 -3345.97
25 31 -3514.58
25 32 -3650.41
25 33 -3751.41
25 34 -3817.03
25 35 -3848.14
25 36 -3846.91
25 37 -3816.67
25 38 -3761.58
25 39 -3686.49
25 40 -3596.48
25 41 -3496.86
25 42 -3392.71
25 43 -3288.91
25 44 -3189.83
25 45 -3099.41
25 46 -3020.91
25 47 -2957.09
25 48 -2910
25 49 -2881.17
25 50 -2871.45
25 51 -2881.17
25 52 -2910
25 53 -2957.09
25 54 -3020.91
25 55 -3099.41
25 56 -3189.83
25 57 -3288.91
25 58 -3392.71
25 59 -3496.86
25 60 -3596.48
25 61 -3686.49
25 62 -3761.58
25 63 -3816.67
25 64 -3846.91
25 65 -3848.14
25 66 -3817.03
25 67 -3751.41
25 68 -3650.41
25 69 -3514.58
25 70 -3345.97
25 71 -3148.03
25 72 -2925.46
25 73 -2683.97
25 74 -2429.93
25 75 -2170.02
25 76 -1910.81
25 77 -1658.48
25 78 -1418.39
25 79 -1194.95
25 80 -991.407
25 81 -809.838
25 82 -651.16
25 83 -515.277
25 84 -401.194
25 85 -307.32
25 86 -231.551
25 87 -171.592
25 88 -125.053
25 89 -89.6165
25 90 -63.1364
25 91 -43.7366
25 92 -29.7796
25 93 -19.9217
25 94 -13.1089
25 95 -8.44201
25 96 -5.31523
25 97 -3.21822
25 98 -1.81841
25 99 -0.835573
25 100 0

26 0 0
26 1 -1.05999
26 2 -2.36308
26 3 -4.15443
26 4 -6.81836
26 5 -10.7963
26 6 -16.6505
26 7 -25.229
26 8 -37.5158
26 9 -54.8068
26 10 -78.6952
26 11 -111.081
26 12 -154.138
26 13 -210.263
26 14 -282.026
26 15 -371.943
26 16 -482.412
26 17 -615.402
26 18 -772.271
26 19 -953.496
26 20 -1158.5
26 21 -1385.41
26 22 -1631.1
26 23 -1891.03
26 24 -2159.53
26 25 -2429.93
26 26 -2694.89
26 27 -2946.88
26 28 -3178.51
26 29 -3383.04
26 30 -3554.81
26 31 -3689.49
26 32 -3784.41
26 33 -3838.53
26 34 -3852.61
26 35 -3828.9
26 36 -3771.11
26 37 -3683.97
26 38 -3573.01
26 39 -3444.23
26 40 -3303.75
26 41 -3157.59
26 42 -3011.46
26 43 -2870.53
26 44 -2739.43
26 45 -2622.1
26 46 -2521.82
26 47 -2441.2
26 48 -2382.25
26 49 -2346.32
26 50 -2334.26
26 51 -2346.32
26 52 -2382.25
26 53 -2441.2
26 54 -2521.82
26 55 -2622.1
26 56 -2739.43
26 57 -2870.53
26 58 -3011.46
26 59 -3157.59
26 60 -3303.75
26 61 -3444.23
26 62 -3573.01
26 63 -3683.97
26 64 -3771.11
26 65 -3828.9
26 66 -3852.61
26 67 -3838.53
26 68 -3784.41
26 69 -3689.49
26 70 -3554.81
26 71 -3383.04
26 72 -3178.51
26 73 -2946.88
26 74 -2694.89
26 75 -2429.93
26 76 -2159.53
26 77 -1891.03
26 78 -1631.1
26 79 -1385.41
26 80 -1158.5
26 81 -953.496
26 82 -772.271
26 83 -615.402
26 84 -482.412
26 85 -371.943
26 86 -282.026
26 87 -210.263
26 88 -154.138
26 89 -111.081
26 90 -78.6952
26 91 -54.8068
26 92 -37.5158
26 93 -25.229
26 94 -16.6505
26 95 -10.7963
26 96 -6.81836
26 97 -4.15443
26 98 -2.36308
26 99 -1.05999
26 100 0

27 0 0
27 1 -1.36538
27 2 -3.00458
27 3 -5.29684
27 4 -8.64229
27 5 -13.6111
27 6 -20.9375
27 7 -31.54
27 8 -46.6737
27 9 -67.8365
27 10 -96.9007
27 11 -136.043
27 12 -187.694
27 13 -254.546
27 14 -339.338
27 15 -444.727
27 16 -573.047
27 17 -726.083
27 18 -904.731
27 19 -1108.86
27 20 -1336.94
27 21 -1586.06
27 22 -1851.77
27 23 -2128.21
27 24 -2408.26
27 25 -2683.97
27 26 -2946.88
27 27 -3188.61
27 28 -3401.27
27 29 -3578.09
27 30 -3713.71
27 31 -3804.59
27 32 -3849.12
27 33 -3847.7
27 34 -3802.59
27 35 -3717.75
27 36 -3598.44
27 37 -3450.95
27 38 -3282.1
27 39 -3098.99
27 40 -2908.55
27 41 -2717.41
27 42 -2531.53
27 43 -2356.26
27 44 -2196.1
27 45 -2054.87
27 46 -1935.54
27 47 -1840.51
27 48 -1771.44
27 49 -1729.57
27 50 -1715.52
27 51 -1729.57
27 52 -1771.44
27 53 -1840.51
27 54 -1935.54
27 55 -2054.87
27 56 -2196.1
27 57 -2356.26
27 58 -2531.53
27 59 -2717.41
27 60 -2908.55
27 61 -3098.99
27 62 -3282.1
27 63 -3450.95
27 64 -3598.44
27 65 -3717.75
27 66 -3802.59
27 67 -3847.7
27 68 -3849.12
27 69 -3804.59
27 70 -3713.71
27 71 -3578.09
27 72 -3401.27
27 73 -3188.61
27 74 -2946.88
27 75 -2683.97
27 76 -2408.26
27 77 -2128.21
27 78 -1851.77
27 79 -1586.06
27 80 -1336.94
27 81 -1108.86
27 82 -904.731
27 83 -726.083
27 84 -573.047
27 85 -444.727
27 86 -339.338
27 87 -254.546
27 88 -187.694
27 89 -136.043
27 90 -96.9007
27 91 -67.8365
27 92 -46.6737
27 93 -31.54
27 94 -20.9375
27 95 -13.6111
27 96 -8.64229
27 97 -5.29684
27 98 -3.00458
27 99 -1.36538
27 100 0

28 0 0
28 1 -1.71676
28 2 -3.79498
28 3 -6.6449
28 4 -10.8338
28 5 -16.9792
28 6 -25.9654
28 7 -38.9674
28 8 -57.3748
28 9 -82.979
28 10 -117.911
28 11 -164.626
28 12 -225.864
28 13 -304.528
28 14 -403.53
28 15 -525.524
28 16 -672.741
28 17 -846.575
28 18 -1047.39
28 19 -1274.17
28 20 -1524.36
28 21 -1793.73
28 22 -2076.43
28 23 -2365.07
28 24 -2651.17
28 25 -2925.46
28 26 -3178.51
28 27 -3401.27
28 28 -3585.69
28 29 -3725.24
28 30 -3815.29
28 31 -3853.41
28 32 -3839.49
28 33 -3775.57
28 34 -3665.8
28 35 -3515.88
28 36 -3332.8
28 37 -3124.29
28 38 -2898.43
28 39 -2663.18
28 40 -2426.11
28 41 -2194.08
28 42 -1973.15
28 43 -1768.41
28 44 -1584.1
28 45 -1423.51
28 46 -1289.23
28 47 -1183.1
28 48 -1106.46
28 49 -1060.15
28 50 -1044.67
28 51 -1060.15
28 52 -1106.46
28 53 -1183.1
