0 0 0
0 1 0
0 2 0
0 3 0
0 4 0
0 5 0
0 6 0
0 7 0
0 8 0
0 9 0
0 10 0
0 11 0
0 12 0
0 13 0
0 14 0
0 15 0
0 16 0
0 17 0
0 18 0
0 19 0
0 20 0
0 21 0
0 22 0
0 23 0
0 24 0
0 25 0
0 26 0
0 27 0
0 28 0
0 29 0
0 30 0
0 31 0
0 32 0
0 33 0
0 34 0
0 35 0
0 36 0
0 37 0
0 38 0
0 39 0
0 40 0
0 41 0
0 42 0
0 43 0
0 44 0
0 45 0
0 46 0
0 47 0
0 48 0
0 49 0
0 50 0
0 51 0
0 52 0
0 53 0
0 54 0
0 55 0
0 56 0
0 57 0
0 58 0
0 59 0
0 60 0
0 61 0
0 62 0
0 63 0
0 64 0
0 65 0
0 66 0
0 67 0
0 68 0
0 69 0
0 70 0
0 71 0
0 72 0
0 73 0
0 74 0
0 75 0
0 76 0
0 77 0
0 78 0
0 79 0
0 80 0
0 81 0
0 82 0
0 83 0
0 84 0
0 85 0
0 86 0
0 87 0
0 88 0
0 89 0
0 90 0
0 91 0
0 92 0
0 93 0
0 94 0
0 95 0
0 96 0
0 97 0
0 98 0
0 99 0
0 100 0

1 0 0
1 1 0
1 2 0
1 3 0
1 4 0
1 5 0
1 6 0
1 7 0
1 8 0
1 9 0
1 10 -0.0347148
1 11 -0.0314089
1 12 -0.0437858
1 13 -0.072061
1 14 -0.0544039
1 15 -0.119011
1 16 -0.147706
1 17 -0.227549
1 18 -0.34412
1 19 -0.45857
1 20 -0.653536
1 21 -0.863355
1 22 -1.14801
1 23 -1.51376
1 24 -1.94851
1 25 -2.51559
1 26 -3.18028
1 27 -3.99095
1 28 -4.95056
1 29 -6.05022
1 30 -7.34134
1 31 -8.76725
1 32 -10.3966
1 33 -12.1584
1 34 -14.1006
1 35 -16.1652
1 36 -18.3582
1 37 -20.6444
1 38 -22.9866
1 39 -25.3691
1 40 -27.7235
1 41 -30.0454
1 42 -32.2506
1 43 -34.3407
1 44 -36.2293
1 45 -37.9218
1 46 -39.3397
1 47 -40.4942
1 48 -41.3204
1 49 -41.8389
1 50 -42.0005
1 51 -41.8389
1 52 -41.3204
1 53 -40.4942
1 54 -39.3397
1 55 -37.9218
1 56 -36.2293
1 57 -34.3407
1 58 -32.2506
1 59 -30.0454
1 60 -27.7235
1 61 -25.3691
1 62 -22.9866
1 63 -20.6444
1 64 -18.3582
1 65 -16.1652
1 66 -14.1006
1 67 -12.1584
1 68 -10.3966
1 69 -8.76725
1 70 -7.34134
1 71 -6.05022
1 72 -4.95056
1 73 -3.99095
1 74 -3.18028
1 75 -2.51559
1 76 -1.94851
1 77 -1.51376
1 78 -1.14801
1 79 -0.863355
1 80 -0.653536
1 81 -0.45857
1 82 -0.34412
1 83 -0.227549
1 84 -0.147706
1 85 -0.119011
1 86 -0.0544039
1 87 -0.072061
1 88 -0.0437858
1 89 -0.0314089
1 90 -0.0347148
1 91 0
1 92 0
1 93 0
1 94 0
1 95 0
1 96 0
1 97 0
1 98 0
1 99 0
1 100 0

2 0 0
2 1 0
2 2 0
2 3 0
2 4 0
2 5 0
2 6 0
2 7 0
2 8 0
2 9 -0.0414884
2 10 -0.0384759
2 11 -0.0658514
2 12 -0.100457
2 13 -0.103335
2 14 -0.191033
2 15 -0.237742
2 16 -0.374052
2 17 -0.524437
2 18 -0.740557
2 19 -1.03513
2 20 -1.40492
2 21 -1.90401
2 22 -2.52403
2 23 -3.32208
2 24 -4.30198
2 25 -5.5156
2 26 -6.97364
2 27 -8.72325
2 28 -10.7732
2 29 -13.1627
2 30 -15.8911
2 31 -18.9841
2 32 -22.4239
2 33 -26.2188
2 34 -30.3272
2 35 -34.738
2 36 -39.3831
2 37 -44.232
2 38 -49.1924
2 39 -54.2172
2 40 -59.1969
2 41 -64.0733
2 42 -68.7297
2 43 -73.1051
2 44 -77.087
2 45 -80.6206
2 46 -83.6084
2 47 -86.0116
2 48 -87.7561
2 49 -88.8272
2 50 -89.1794
2 51 -88.8272
2 52 -87.7561
2 53 -86.0116
2 54 -83.6084
2 55 -80.6206
2 56 -77.087
2 57 -73.1051
2 58 -68.7297
2 59 -64.0733
2 60 -59.1969
2 61 -54.2172
2 62 -49.1924
2 63 -44.232
2 64 -39.3831
2 65 -34.738
2 66 -30.3272
2 67 -26.2188
2 68 -22.4239
2 69 -18.9841
2 70 -15.8911
2 71 -13.1627
2 72 -10.7732
2 73 -8.72325
2 74 -6.97364
2 75 -5.5156
2 76 -4.30198
2 77 -3.32208
2 78 -2.52403
2 79 -1.90401
2 80 -1.40492
2 81 -1.03513
2 82 -0.740557
2 83 -0.524437
2 84 -0.374052
2 85 -0.237742
2 86 -0.191033
2 87 -0.103335
2 88 -0.100457
2 89 -0.0658514
2 90 -0.0384759
2 91 -0.0414884
2 92 0
2 93 0
2 94 0
2 95 0
2 96 0
2 97 0
2 98 0
2 99 0
2 100 0

3 0 0
3 1 0
3 2 0
3 3 0
3 4 0
3 5 0
3 6 0
3 7 0
3 8 -0.0474153
3 9 -0.0450449
3 10 -0.0639504
3 11 -0.107693
3 12 -0.131975
3 13 -0.224669
3 14 -0.31714
3 15 -0.476158
3 16 -0.659355
3 17 -0.954291
3 18 -1.29914
3 19 -1.81714
3 20 -2.46264
3 21 -3.31325
3 22 -4.41638
3 23 -5.76014
3 24 -7.47851
3 25 -9.51937
3 26 -12.0239
3 27 -14.9682
3 28 -18.4353
3 29 -22.4471
3 30 -27.0178
3 31 -32.1814
3 32 -37.9089
3 33 -44.199
3 34 -51.0064
3 35 -58.2651
3 36 -65.9257
3 37 -73.8539
3 38 -81.9968
3 39 -90.1672
3 40 -98.3064
3 41 -106.199
3 42 -113.781
3 43 -120.834
3 44 -127.3
3 45 -132.976
3 46 -137.821
3 47 -141.667
3 48 -144.5
3 49 -146.199
3 50 -146.79
3 51 -146.199
3 52 -144.5
3 53 -141.667
3 54 -137.821
3 55 -132.976
3 56 -127.3
3 57 -120.834
3 58 -113.781
3 59 -106.199
3 60 -98.3064
3 61 -90.1672
3 62 -81.9968
3 63 -73.8539
3 64 -65.9257
3 65 -58.2651
3 66 -51.0064
3 67 -44.199
3 68 -37.9089
3 69 -32.1814
3 70 -27.0178
3 71 -22.4471
3 72 -18.4353
3 73 -14.9682
3 74 -12.0239
3 75 -9.51937
3 76 -7.47851
3 77 -5.76014
3 78 -4.41638
3 79 -3.31325
3 80 -2.46264
3 81 -1.81714
3 82 -1.29914
3 83 -0.954291
3 84 -0.659355
3 85 -0.476158
3 86 -0.31714
3 87 -0.224669
3 88 -0.131975
3 89 -0.107693
3 90 -0.0639504
3 91 -0.0450449
3 92 -0.0474153
3 93 0
3 94 0
3 95 0
3 96 0
3 97 0
3 98 0
3 99 0
3 100 0

4 0 0
4 1 0
4 2 0
4 3 0
4 4 0
4 5 0
4 6 0
4 7 -0.0518261
4 8 -0.0504074
4 9 -0.0604433
4 10 -0.112088
4 11 -0.14783
4 12 -0.245138
4 13 -0.367827
4 14 -0.543872
4 15 -0.769677
4 16 -1.11882
4 17 -1.5391
4 18 -2.17329
4 19 -2.95954
4 20 -4.02858
4 21 -5.38854
4 22 -7.11083
4 23 -9.28333
4 24 -11.9342
4 25 -15.1906
4 26 -19.0631
4 27 -23.6786
4 28 -29.0347
4 29 -35.2343
4 30 -42.2515
4 31 -50.1478
4 32 -58.863
4 33 -68.4032
4 34 -78.6668
4 35 -89.5973
4 36 -101.05
4 37 -112.911
4 38 -124.996
4 39 -137.145
4 40 -149.148
4 41 -160.821
4 42 -171.943
4 43 -182.33
4 44 -191.77
4 45 -200.104
4 46 -207.149
4 47 -212.79
4 48 -216.891
4 49 -219.394
4 50 -220.226
4 51 -219.394
4 52 -216.891
4 53 -212.79
4 54 -207.149
4 55 -200.104
4 56 -191.77
4 57 -182.33
4 58 -171.943
4 59 -160.821
4 60 -149.148
4 61 -137.145
4 62 -124.996
4 63 -112.911
4 64 -101.05
4 65 -89.5973
4 66 -78.6668
4 67 -68.4032
4 68 -58.863
4 69 -50.1478
4 70 -42.2515
4 71 -35.2343
4 72 -29.0347
4 73 -23.6786
4 74 -19.0631
4 75 -15.1906
4 76 -11.9342
4 77 -9.28333
4 78 -7.11083
4 79 -5.38854
4 80 -4.02858
4 81 -2.95954
4 82 -2.17329
4 83 -1.5391
4 84 -1.11882
4 85 -0.769677
4 86 -0.543872
4 87 -0.367827
4 88 -0.245138
4 89 -0.14783
4 90 -0.112088
4 91 -0.0604433
4 92 -0.0504074
4 93 -0.0518261
4 94 0
4 95 0
4 96 0
4 97 0
4 98 0
4 99 0
4 100 0

5 0 0
5 1 0
5 2 0
5 3 0
5 4 0
5 5 0
5 6 -0.0541818
5 7 -0.0539242
5 8 -0.0568532
5 9 -0.114247
5 10 -0.164445
5 11 -0.264624
5 12 -0.398288
5 13 -0.596069
5 14 -0.850679
5 15 -1.24814
5 16 -1.75881
5 17 -2.48673
5 18 -3.4357
5 19 -4.70458
5 20 -6.32734
5 21 -8.43478
5 22 -11.0604
5 23 -14.3622
5 24 -18.3934
5 25 -23.2768
5 26 -29.1219
5 27 -35.9652
5 28 -43.9642
5 29 -53.0667
5 30 -63.4218
5 31 -74.9155
5 32 -87.6251
5 33 -101.398
5 34 -116.203
5 35 -131.857
5 36 -148.219
5 37 -165.072
5 38 -182.19
5 39 -199.326
5 40 -216.206
5 41 -232.56
5 42 -248.105
5 43 -262.574
5 44 -275.706
5 45 -287.259
5 46 -297.027
5 47 -304.817
5 48 -310.495
5 49 -313.939
5 50 -315.1
5 51 -313.939
5 52 -310.495
5 53 -304.817
5 54 -297.027
5 55 -287.259
5 56 -275.706
5 57 -262.574
5 58 -248.105
5 59 -232.56
5 60 -216.206
5 61 -199.326
5 62 -182.19
5 63 -165.072
5 64 -148.219
5 65 -131.857
5 66 -116.203
5 67 -101.398
5 68 -87.6251
5 69 -74.9155
5 70 -63.4218
5 71 -53.0667
5 72 -43.9642
5 73 -35.9652
5 74 -29.1219
5 75 -23.2768
5 76 -18.3934
5 77 -14.3622
5 78 -11.0604
5 79 -8.43478
5 80 -6.32734
5 81 -4.70458
5 82 -3.4357
5 83 -2.48673
5 84 -1.75881
5 85 -1.24814
5 86 -0.850679
5 87 -0.596069
5 88 -0.398288
5 89 -0.264624
5 90 -0.164445
5 91 -0.114247
5 92 -0.0568532
5 93 -0.0539242
5 94 -0.0541818
5 95 0
5 96 0
5 97 0
5 98 0
5 99 0
5 100 0

6 0 0
6 1 0
6 2 0
6 3 0
6 4 0
6 5 -0.0541818
6 6 -0.0551498
6 7 -0.0546217
6 8 -0.115039
6 9 -0.178531
6 10 -0.281262
6 11 -0.417648
6 12 -0.637638
6 13 -0.918033
6 14 -1.35896
6 15 -1.95041
6 16 -2.76853
6 17 -3.86997
6 18 -5.3363
6 19 -7.23813
6 20 -9.7272
6 21 -12.8552
6 22 -16.8235
6 23 -21.6998
6 24 -27.6684
6 25 -34.8414
6 26 -43.3427
6 27 -53.3091
6 28 -64.7895
6 29 -77.9004
6 30 -92.6065
6 31 -108.964
6 32 -126.842
6 33 -146.212
6 34 -166.843
6 35 -188.617
6 36 -211.208
6 37 -234.415
6 38 -257.844
6 39 -281.231
6 40 -304.147
6 41 -326.297
6 42 -347.252
6 43 -366.723
6 44 -384.32
6 45 -399.792
6 46 -412.82
6 47 -423.219
6 48 -430.764
6 49 -435.362
6 50 -436.89
6 51 -435.362
6 52 -430.764
6 53 -423.219
6 54 -412.82
6 55 -399.792
6 56 -384.32
6 57 -366.723
6 58 -347.252
6 59 -326.297
6 60 -304.147
6 61 -281.231
6 62 -257.844
6 63 -234.415
6 64 -211.208
6 65 -188.617
6 66 -166.843
6 67 -146.212
6 68 -126.842
6 69 -108.964
6 70 -92.6065
6 71 -77.9004
6 72 -64.7895
6 73 -53.3091
6 74 -43.3427
6 75 -34.8414
6 76 -27.6684
6 77 -21.6998
6 78 -16.8235
6 79 -12.8552
6 80 -9.7272
6 81 -7.23813
6 82 -5.3363
6 83 -3.86997
6 84 -2.76853
6 85 -1.95041
6 86 -1.35896
6 87 -0.918033
6 88 -0.637638
6 89 -0.417648
6 90 -0.281262
6 91 -0.178531
6 92 -0.115039
6 93 -0.0546217
6 94 -0.0551498
6 95 -0.0541818
6 96 0
6 97 0
6 98 0
6 99 0
6 100 0

7 0 0
7 1 0
7 2 0
7 3 0
7 4 -0.0518261
7 5 -0.0539242
7 6 -0.0546217
7 7 -0.115206
7 8 -0.186663
7 9 -0.292633
7 10 -0.427473
7 11 -0.666689
7 12 -0.97768
7 13 -1.45385
7 14 -2.11247
7 15 -3.02017
7 16 -4.25115
7 17 -5.91673
7 18 -8.09829
7 19 -10.9663
7 20 -14.6303
7 21 -19.2765
7 22 -25.0621
7 23 -32.178
7 24 -40.7904
7 25 -51.0998
7 26 -63.2319
7 27 -77.3644
7 28 -93.5635
7 29 -111.917
7 30 -132.431
7 31 -155.043
7 32 -179.698
7 33 -206.156
7 34 -234.287
7 35 -263.696
7 36 -294.164
7 37 -325.185
7 38 -356.463
7 39 -387.431
7 40 -417.743
7 41 -446.829
7 42 -474.328
7 43 -499.715
7 44 -522.658
7 45 -542.715
7 46 -559.622
7 47 -573.042
7 48 -582.811
7 49 -588.717
7 50 -590.714
7 51 -588.717
7 52 -582.811
7 53 -573.042
7 54 -559.622
7 55 -542.715
7 56 -522.658
7 57 -499.715
7 58 -474.328
7 59 -446.829
7 60 -417.743
7 61 -387.431
7 62 -356.463
7 63 -325.185
7 64 -294.164
7 65 -263.696
7 66 -234.287
7 67 -206.156
7 68 -179.698
7 69 -155.043
7 70 -132.431
7 71 -111.917
7 72 -93.5635
7 73 -77.3644
7 74 -63.2319
7 75 -51.0998
7 76 -40.7904
7 77 -32.178
7 78 -25.0621
7 79 -19.2765
7 80 -14.6303
7 81 -10.9663
7 82 -8.09829
7 83 -5.91673
7 84 -4.25115
7 85 -3.02017
7 86 -2.11247
7 87 -1.45385
7 88 -0.97768
7 89 -0.666689
7 90 -0.427473
7 91 -0.292633
7 92 -0.186663
7 93 -0.115206
7 94 -0.0546217
7 95 -0.0539242
7 96 -0.0518261
7 97 0
7 98 0
7 99 0
7 100 0

8 0 0
8 1 0
8 2 0
8 3 -0.0474153
8 4 -0.0504074
8 5 -0.0568532
8 6 -0.115039
8 7 -0.186663
8 8 -0.29669
8 9 -0.431088
8 10 -0.683373
8 11 -1.02429
8 12 -1.52838
8 13 -2.23685
8 14 -3.22984
8 15 -4.57793
8 16 -6.43183
8 17 -8.8878
8 18 -12.1253
8 19 -16.3196
8 20 -21.657
8 21 -28.371
8 22 -36.6876
8 23 -46.8308
8 24 -59.0653
8 25 -73.5668
8 26 -90.576
8 27 -110.207
8 28 -132.599
8 29 -157.783
8 30 -185.74
8 31 -216.392
8 32 -249.541
8 33 -284.971
8 34 -322.317
8 35 -361.231
8 36 -401.204
8 37 -441.787
8 38 -482.374
8 39 -522.466
8 40 -561.412
8 41 -598.717
8 42 -633.742
8 43 -666.047
8 44 -695.057
8 45 -720.425
8 46 -741.676
8 47 -758.585
8 48 -770.805
8 49 -778.249
8 50 -780.711
8 51 -778.249
8 52 -770.805
8 53 -758.585
8 54 -741.676
8 55 -720.425
8 56 -695.057
8 57 -666.047
8 58 -633.742
8 59 -598.717
8 60 -561.412
8 61 -522.466
8 62 -482.374
8 63 -441.787
8 64 -401.204
8 65 -361.231
8 66 -322.317
8 67 -284.971
8 68 -249.541
8 69 -216.392
8 70 -185.74
8 71 -157.783
8 72 -132.599
8 73 -110.207
8 74 -90.576
8 75 -73.5668
8 76 -59.0653
8 77 -46.8308
8 78 -36.6876
8 79 -28.371
8 80 -21.657
8 81 -16.3196
8 82 -12.1253
8 83 -8.8878
8 84 -6.43183
8 85 -4.57793
8 86 -3.22984
8 87 -2.23685
8 88 -1.52838
8 89 -1.02429
8 90 -0.683373
8 91 -0.431088
8 92 -0.29669
8 93 -0.186663
8 94 -0.115039
8 95 -0.0568532
8 96 -0.0504074
8 97 -0.0474153
8 98 0
8 99 0
8 100 0

9 0 0
9 1 0
9 2 -0.0414884
9 3 -0.0450449
9 4 -0.0604433
9 5 -0.114247
9 6 -0.178531
9 7 -0.292633
9 8 -0.431088
9 9 -0.688747
9 10 -1.05033
9 11 -1.57669
9 12 -2.31788
9 13 -3.38524
9 14 -4.84373
9 15 -6.86256
9 16 -9.57511
9 17 -13.163
9 18 -17.8554
9 19 -23.8823
9 20 -31.5155
9 21 -41.056
9 22 -52.785
9 23 -67.0204
9 24 -84.0409
9 25 -104.108
9 26 -127.45
9 27 -154.226
9 28 -184.534
9 29 -218.398
9 30 -255.724
9 31 -296.368
9 32 -340.029
9 33 -386.373
9 34 -434.917
9 35 -485.146
9 36 -536.454
9 37 -588.179
9 38 -639.665
9 39 -690.167
9 40 -739.043
9 41 -785.539
9 42 -829.084
9 43 -868.981
9 44 -904.773
9 45 -935.866
9 46 -961.941
9 47 -982.541
9 48 -997.501
9 49 -1006.51
9 50 -1009.56
9 51 -1006.51
9 52 -997.501
9 53 -982.541
9 54 -961.941
9 55 -935.866
9 56 -904.773
9 57 -868.981
9 58 -829.084
9 59 -785.539
9 60 -739.043
9 61 -690.167
9 62 -639.665
9 63 -588.179
9 64 -536.454
9 65 -485.146
9 66 -434.917
9 67 -386.373
9 68 -340.029
9 69 -296.368
9 70 -255.724
9 71 -218.398
9 72 -184.534
9 73 -154.226
9 74 -127.45
9 75 -104.108
9 76 -84.0409
9 77 -67.0204
9 78 -52.785
9 79 -41.056
9 80 -31.5155
9 81 -23.8823
9 82 -17.8554
9 83 -13.163
9 84 -9.57511
9 85 -6.86256
9 86 -4.84373
9 87 -3.38524
9 88 -2.31788
9 89 -1.57669
9 90 -1.05033
9 91 -0.688747
9 92 -0.431088
9 93 -0.292633
9 94 -0.178531
9 95 -0.114247
9 96 -0.0604433
9 97 -0.0450449
9 98 -0.0414884
9 99 0
9 100 0

10 0 0
10 1 -0.0347148
10 2 -0.0384759
10 3 -0.0639504
10 4 -0.112088
10 5 -0.164445
10 6 -0.281262
10 7 -0.427473
10 8 -0.683373
10 9 -1.05033
10 10 -1.59352
10 11 -2.35684
10 12 -3.4797
10 13 -5.03577
10 14 -7.19012
10 15 -10.1204
10 16 -14.0294
10 17 -19.1754
10 18 -25.8594
10 19 -34.3877
10 20 -45.1289
10 21 -58.4496
10 22 -74.7132
10 23 -94.315
10 24 -117.569
10 25 -144.801
10 26 -176.239
10 27 -212.037
10 28 -252.275
10 29 -296.88
10 30 -345.715
10 31 -398.467
10 32 -454.751
10 33 -514.036
10 34 -575.707
10 35 -639.062
10 36 -703.326
10 37 -767.697
10 38 -831.323
10 39 -893.387
10 40 -953.046
10 41 -1009.54
10 42 -1062.12
10 43 -1110.13
10 44 -1152.94
10 45 -1190.07
10 46 -1221.03
10 47 -1245.5
10 48 -1263.16
10 49 -1273.86
10 50 -1277.42
10 51 -1273.86
10 52 -1263.16
10 53 -1245.5
10 54 -1221.03
10 55 -1190.07
10 56 -1152.94
10 57 -1110.13
10 58 -1062.12
10 59 -1009.54
10 60 -953.046
10 61 -893.387
10 62 -831.323
10 63 -767.697
10 64 -703.326
10 65 -639.062
10 66 -575.707
10 67 -514.036
10 68 -454.751
10 69 -398.467
10 70 -345.715
10 71 -296.88
10 72 -252.275
10 73 -212.037
10 74 -176.239
10 75 -144.801
10 76 -117.569
10 77 -94.315
10 78 -74.7132
10 79 -58.4496
10 80 -45.1289
10 81 -34.3877
10 82 -25.8594
10 83 -19.1754
10 84 -14.0294
10 85 -10.1204
10 86 -7.19012
10 87 -5.03577
10 88 -3.4797
10 89 -2.35684
10 90 -1.59352
10 91 -1.05033
10 92 -0.683373
10 93 -0.427473
10 94 -0.281262
10 95 -0.164445
10 96 -0.112088
10 97 -0.0639504
10 98 -0.0384759
10 99 -0.0347148
10 100 0

11 0 0
11 1 -0.0314089
11 2 -0.0658514
11 3 -0.107693
11 4 -0.14783
11 5 -0.264624
11 6 -0.417648
11 7 -0.666689
11 8 -1.02429
11 9 -1.57669
11 10 -2.35684
11 11 -3.51124
11 12 -5.13781
11 13 -7.3965
11 14 -10.4933
11 15 -14.6788
11 16 -20.228
11 17 -27.5024
11 18 -36.8708
11 19 -48.7461
11 20 -63.5988
11 21 -81.8625
11 22 -104.026
11 23 -130.514
11 24 -161.725
11 25 -197.99
11 26 -239.538
11 27 -286.489
11 28 -338.842
11 29 -396.43
11 30 -458.974
11 31 -526.006
11 32 -596.957
11 33 -671.104
11 34 -747.632
11 35 -825.649
11 36 -904.181
11 37 -982.265
11 38 -1058.89
11 39 -1133.11
11 40 -1203.99
11 41 -1270.68
11 42 -1332.38
11 43 -1388.42
11 44 -1438.16
11 45 -1481.09
11 46 -1516.78
11 47 -1544.89
11 48 -1565.15
11 49 -1577.37
11 50 -1581.46
11 51 -1577.37
11 52 -1565.15
11 53 -1544.89
11 54 -1516.78
11 55 -1481.09
11 56 -1438.16
11 57 -1388.42
11 58 -1332.38
11 59 -1270.68
11 60 -1203.99
11 61 -1133.11
11 62 -1058.89
11 63 -982.265
11 64 -904.181
11 65 -825.649
11 66 -747.632
11 67 -671.104
11 68 -596.957
11 69 -526.006
11 70 -458.974
11 71 -396.43
11 72 -338.842
11 73 -286.489
11 74 -239.538
11 75 -197.99
11 76 -161.725
11 77 -130.514
11 78 -104.026
11 79 -81.8625
11 80 -63.5988
11 81 -48.7461
11 82 -36.8708
11 83 -27.5024
11 84 -20.228
11 85 -14.6788
11 86 -10.4933
11 87 -7.3965
11 88 -5.13781
11 89 -3.51124
11 90 -2.35684
11 91 -1.57669
11 92 -1.02429
11 93 -0.666689
11 94 -0.417648
11 95 -0.264624
11 96 -0.14783
11 97 -0.107693
11 98 -0.0658514
11 99 -0.0314089
11 100 0

12 0 0
12 1 -0.0437858
12 2 -0.100457
12 3 -0.131975
12 4 -0.245138
12 5 -0.398288
12 6 -0.637638
12 7 -0.97768
12 8 -1.52838
12 9 -2.31788
12 10 -3.4797
12 11 -5.13781
12 12 -7.4672
12 13 -10.6808
12 14 -15.0793
12 15 -20.9676
12 16 -28.7387
12 17 -38.8441
12 18 -51.7502
12 19 -68.0132
12 20 -88.1802
12 21 -112.817
12 22 -142.478
12 23 -177.661
12 24 -218.785
12 25 -266.196
12 26 -320.055
12 27 -380.44
12 28 -447.185
12 29 -520.013
12 30 -598.416
12 31 -681.744
12 32 -769.183
12 33 -859.777
12 34 -952.49
12 35 -1046.19
12 36 -1139.73
12 37 -1231.95
12 38 -1321.73
12 39 -1407.99
12 40 -1489.76
12 41 -1566.14
12 42 -1636.33
12 43 -1699.67
12 44 -1755.58
12 45 -1803.59
12 46 -1843.33
12 47 -1874.52
12 48 -1896.93
12 49 -1910.44
12 50 -1914.95
12 51 -1910.44
12 52 -1896.93
12 53 -1874.52
12 54 -1843.33
12 55 -1803.59
12 56 -1755.58
12 57 -1699.67
12 58 -1636.33
12 59 -1566.14
12 60 -1489.76
12 61 -1407.99
12 62 -1321.73
12 63 -1231.95
12 64 -1139.73
12 65 -1046.19
12 66 -952.49
12 67 -859.777
12 68 -769.183
12 69 -681.744
12 70 -598.416
12 71 -520.013
12 72 -447.185
12 73 -380.44
12 74 -320.055
12 75 -266.196
12 76 -218.785
12 77 -177.661
12 78 -142.478
12 79 -112.817
12 80 -88.1802
12 81 -68.0132
12 82 -51.7502
12 83 -38.8441
12 84 -28.7387
12 85 -20.9676
12 86 -15.0793
12 87 -10.6808
12 88 -7.4672
12 89 -5.13781
12 90 -3.4797
12 91 -2.31788
12 92 -1.52838
12 93 -0.97768
12 94 -0.637638
12 95 -0.398288
12 96 -0.245138
12 97 -0.131975
12 98 -0.100457
12 99 -0.0437858
12 100 0

13 0 0
13 1 -0.072061
13 2 -0.103335
13 3 -0.224669
13 4 -0.367827
13 5 -0.596069
13 6 -0.918033
13 7 -1.45385
13 8 -2.23685
13 9 -3.38524
13 10 -5.03577
13 11 -7.3965
13 12 -10.6808
13 13 -15.2143
13 14 -21.3517
13 15 -29.509
13 16 -40.2076
13 17 -54.0004
13 18 -71.5091
13 19 -93.4023
13 20 -120.35
13 21 -153.011
13 22 -192.028
13 23 -237.91
13 24 -291.125
13 25 -351.921
13 26 -420.427
13 27 -496.533
13 28 -579.932
13 29 -670.094
13 30 -766.281
13 31 -867.555
13 32 -972.835
13 33 -1080.88
13 34 -1190.4
13 35 -1300.03
13 36 -1408.45
13 37 -1514.32
13 38 -1616.45
13 39 -1713.68
13 40 -1805.04
13 41 -1889.65
13 42 -1966.8
13 43 -2035.89
13 44 -2096.46
13 45 -2148.16
13 46 -2190.72
13 47 -2223.99
13 48 -2247.81
13 49 -2262.14
13 50 -2266.91
13 51 -2262.14
13 52 -2247.81
13 53 -2223.99
13 54 -2190.72
13 55 -2148.16
13 56 -2096.46
13 57 -2035.89
13 58 -1966.8
13 59 -1889.65
13 60 -1805.04
13 61 -1713.68
13 62 -1616.45
13 63 -1514.32
13 64 -1408.45
13 65 -1300.03
13 66 -1190.4
13 67 -1080.88
13 68 -972.835
13 69 -867.555
13 70 -766.281
13 71 -670.094
13 72 -579.932
13 73 -496.533
13 74 -420.427
13 75 -351.921
13 76 -291.125
13 77 -237.91
13 78 -192.028
13 79 -153.011
13 80 -120.35
13 81 -93.4023
13 82 -71.5091
13 83 -54.0004
13 84 -40.2076
13 85 -29.509
13 86 -21.3517
13 87 -15.2143
13 88 -10.6808
13 89 -7.3965
13 90 -5.03577
13 91 -3.38524
13 92 -2.23685
13 93 -1.45385
13 94 -0.918033
13 95 -0.596069
13 96 -0.367827
13 97 -0.224669
13 98 -0.103335
13 99 -0.072061
13 100 0

14 0 0
14 1 -0.0544039
14 2 -0.191033
14 3 -0.31714
14 4 -0.543872
14 5 -0.850679
14 6 -1.35896
14 7 -2.11247
14 8 -3.22984
14 9 -4.84373
14 10 -7.19012
14 11 -10.4933
14 12 -15.0793
14 13 -21.3517
14 14 -29.7711
14 15 -40.9011
14 16 -55.3911
14 17 -73.9397
14 18 -97.3086
14 19 -126.308
14 20 -161.698
14 21 -204.267
14 22 -254.665
14 23 -313.46
14 24 -381.032
14 25 -457.564
14 26 -542.999
14 27 -637.037
14 28 -739.085
14 29 -848.347
14 30 -963.723
14 31 -1083.99
14 32 -1207.69
14 33 -1333.32
14 34 -1459.3
14 35 -1584.06
14 36 -1706.09
14 37 -1823.98
14 38 -1936.45
14 39 -2042.4
14 40 -2140.9
14 41 -2231.2
14 42 -2312.74
14 43 -2385.08
14 44 -2447.97
14 45 -2501.24
14 46 -2544.81
14 47 -2578.66
14 48 -2602.81
14 49 -2617.29
14 50 -2622.11
14 51 -2617.29
14 52 -2602.81
14 53 -2578.66
14 54 -2544.81
14 55 -2501.24
14 56 -2447.97
14 57 -2385.08
14 58 -2312.74
14 59 -2231.2
14 60 -2140.9
14 61 -2042.4
14 62 -1936.45
14 63 -1823.98
14 64 -1706.09
14 65 -1584.06
14 66 -1459.3
14 67 -1333.32
14 68 -1207.69
14 69 -1083.99
14 70 -963.723
14 71 -848.347
14 72 -739.085
14 73 -637.037
14 74 -542.999
14 75 -457.564
14 76 -381.032
14 77 -313.46
14 78 -254.665
14 79 -204.267
14 80 -161.698
14 81 -126.308
14 82 -97.3086
14 83 -73.9397
14 84 -55.3911
14 85 -40.9011
14 86 -29.7711
14 87 -21.3517
14 88 -15.0793
14 89 -10.4933
14 90 -7.19012
14 91 -4.84373
14 92 -3.22984
14 93 -2.11247
14 94 -1.35896
14 95 -0.850679
14 96 -0.543872
14 97 -0.31714
14 98 -0.191033
14 99 -0.0544039
14 100 0

15 0 0
15 1 -0.119011
15 2 -0.237742
15 3 -0.476158
15 4 -0.769677
15 5 -1.24814
15 6 -1.95041
15 7 -3.02017
15 8 -4.57793
15 9 -6.86256
15 10 -10.1204
15 11 -14.6788
15 12 -20.9676
15 13 -29.509
15 14 -40.9011
15 15 -55.8611
15 16 -75.1897
15 17 -99.7286
15 18 -130.423
15 19 -168.177
15 20 -213.902
15 21 -268.419
15 22 -332.418
15 23 -406.399
15 24 -490.654
15 25 -585.153
15 26 -689.636
15 27 -803.451
15 28 -925.713
15 29 -1055.19
15 30 -1190.44
15 31 -1329.81
15 32 -1471.51
15 33 -1613.71
15 34 -1754.58
15 35 -1892.34
15 36 -2025.38
15 37 -2152.25
15 38 -2271.73
15 39 -2382.81
15 40 -2484.76
15 41 -2577.01
15 42 -2659.29
15 43 -2731.42
15 44 -2793.44
15 45 -2845.42
15 46 -2887.57
15 47 -2920.06
15 48 -2943.12
15 49 -2956.87
15 50 -2961.45
15 51 -2956.87
15 52 -2943.12
15 53 -2920.06
15 54 -2887.57
15 55 -2845.42
15 56 -2793.44
15 57 -2731.42
15 58 -2659.29
15 59 -2577.01
15 60 -2484.76
15 61 -2382.81
15 62 -2271.73
15 63 -2152.25
15 64 -2025.38
15 65 -1892.34
15 66 -1754.58
15 67 -1613.71
15 68 -1471.51
15 69 -1329.81
15 70 -1190.44
15 71 -1055.19
15 72 -925.713
15 73 -803.451
15 74 -689.636
15 75 -585.153
15 76 -490.654
15 77 -406.399
15 78 -332.418
15 79 -268.419
15 80 -213.902
15 81 -168.177
15 82 -130.423
15 83 -99.7286
15 84 -75.1897
15 85 -55.8611
15 86 -40.9011
15 87 -29.509
15 88 -20.9676
15 89 -14.6788
15 90 -10.1204
15 91 -6.86256
15 92 -4.57793
15 93 -3.02017
15 94 -1.95041
15 95 -1.24814
15 96 -0.769677
15 97 -0.476158
15 98 -0.237742
15 99 -0.119011
15 100 0

16 0 0
16 1 -0.147706
16 2 -0.374052
16 3 -0.659355
16 4 -1.11882
16 5 -1.75881
16 6 -2.76853
16 7 -4.25115
16 8 -6.43183
16 9 -9.57511
16 10 -14.0294
16 11 -20.228
16 12 -28.7387
16 13 -40.2076
16 14 -55.3911
16 15 -75.1897
16 16 -100.549
16 17 -132.521
16 18 -172.174
16 19 -220.558
16 20 -278.647
16 21 -347.304
16 22 -427.14
16 23 -518.58
16 24 -621.662
16 25 -736.14
16 26 -861.35
16 27 -996.285
16 28 -1139.58
16 29 -1289.56
16 30 -1444.3
16 31 -1601.76
16 32 -1759.73
16 33 -1916.11
16 34 -2068.8
16 35 -2215.95
16 36 -2355.88
16 37 -2487.24
16 38 -2608.93
16 39 -2720.22
16 40 -2820.61
16 41 -2909.95
16 42 -2988.27
16 43 -3055.82
16 44 -3112.97
16 45 -3160.18
16 46 -3197.95
16 47 -3226.74
16 48 -3246.98
16 49 -3258.99
16 50 -3262.97
16 51 -3258.99
16 52 -3246.98
16 53 -3226.74
16 54 -3197.95
16 55 -3160.18
16 56 -3112.97
16 57 -3055.82
16 58 -2988.27
16 59 -2909.95
16 60 -2820.61
16 61 -2720.22
16 62 -2608.93
16 63 -2487.24
16 64 -2355.88
16 65 -2215.95
16 66 -2068.8
16 67 -1916.11
16 68 -1759.73
16 69 -1601.76
16 70 -1444.3
16 71 -1289.56
16 72 -1139.58
16 73 -996.285
16 74 -861.35
16 75 -736.14
16 76 -621.662
16 77 -518.58
16 78 -427.14
16 79 -347.304
16 80 -278.647
16 81 -220.558
16 82 -172.174
16 83 -132.521
16 84 -100.549
16 85 -75.1897
16 86 -55.3911
16 87 -40.2076
16 88 -28.7387
16 89 -20.228
16 90 -14.0294
16 91 -9.57511
16 92 -6.43183
16 93 -4.25115
16 94 -2.76853
16 95 -1.75881
16 96 -1.11882
16 97 -0.659355
16 98 -0.374052
16 99 -0.147706
16 100 0

17 0 0
17 1 -0.227549
17 2 -0.524437
17 3 -0.954291
17 4 -1.5391
17 5 -2.48673
17 6 -3.86997
17 7 -5.91673
17 8 -8.8878
17 9 -13.163
17 10 -19.1754
17 11 -27.5024
17 12 -38.8441
17 13 -54.0004
17 14 -73.9397
17 15 -99.7286
17 16 -132.521
17 17 -173.524
17 18 -223.963
17 19 -284.954
17 20 -357.547
17 21 -442.514
17 22 -540.396
17 23 -651.353
17 24 -775.155
17 25 -911.129
17 26 -1058.18
17 27 -1214.74
17 28 -1378.95
17 29 -1548.56
17 30 -1721.18
17 31 -1894.25
17 32 -2065.29
17 33 -2231.85
17 34 -2391.74
17 35 -2543.06
17 36 -2684.23
17 37 -2814.08
17 38 -2931.84
17 39 -3037.11
17 40 -3129.87
17 41 -3210.4
17 42 -3279.24
17 43 -3337.1
17 44 -3384.82
17 45 -3423.27
17 46 -3453.34
17 47 -3475.81
17 48 -3491.35
17 49 -3500.45
17 50 -3503.46
17 51 -3500.45
17 52 -3491.35
17 53 -3475.81
17 54 -3453.34
17 55 -3423.27
17 56 -3384.82
17 57 -3337.1
17 58 -3279.24
17 59 -3210.4
17 60 -3129.87
17 61 -3037.11
17 62 -2931.84
17 63 -2814.08
17 64 -2684.23
17 65 -2543.06
17 66 -2391.74
17 67 -2231.85
17 68 -2065.29
17 69 -1894.25
17 70 -1721.18
17 71 -1548.56
17 72 -1378.95
17 73 -1214.74
17 74 -1058.18
17 75 -911.129
17 76 -775.155
17 77 -651.353
17 78 -540.396
17 79 -442.514
17 80 -357.547
17 81 -284.954
17 82 -223.963
17 83 -173.524
17 84 -132.521
17 85 -99.7286
17 86 -73.9397
17 87 -54.0004
17 88 -38.8441
17 89 -27.5024
17 90 -19.1754
17 91 -13.163
17 92 -8.8878
17 93 -5.91673
17 94 -3.86997
17 95 -2.48673
17 96 -1.5391
17 97 -0.954291
17 98 -0.524437
17 99 -0.227549
17 100 0

18 0 0
18 1 -0.34412
18 2 -0.740557
18 3 -1.29914
18 4 -2.17329
18 5 -3.4357
18 6 -5.3363
18 7 -8.09829
18 8 -12.1253
18 9 -17.8554
18 10 -25.8594
18 11 -36.8708
18 12 -51.7502
18 13 -71.5091
18 14 -97.3086
18 15 -130.423
18 16 -172.174
18 17 -223.963
18 18 -287.086
18 19 -362.761
18 20 -451.963
18 21 -555.373
18 22 -673.272
18 23 -805.507
18 24 -951.377
18 25 -1109.73
18 26 -1278.82
18 27 -1456.53
18 28 -1640.3
18 29 -1827.34
18 30 -2014.7
18 31 -2199.42
18 32 -2378.65
18 33 -2549.82
18 34 -2710.67
18 35 -2859.42
18 36 -2994.72
18 37 -3115.78
18 38 -3222.26
18 39 -3314.32
18 40 -3392.48
18 41 -3457.64
18 42 -3510.89
18 43 -3553.54
18 44 -3586.94
18 45 -3612.46
18 46 -3631.36
18 47 -3644.79
18 48 -3653.67
18 49 -3658.72
18 50 -3660.35
18 51 -3658.72
18 52 -3653.67
18 53 -3644.79
18 54 -3631.36
18 55 -3612.46
18 56 -3586.94
18 57 -3553.54
18 58 -3510.89
18 59 -3457.64
18 60 -3392.48
18 61 -3314.32
18 62 -3222.26
18 63 -3115.78
18 64 -2994.72
18 65 -2859.42
18 66 -2710.67
18 67 -2549.82
18 68 -2378.65
18 69 -2199.42
18 70 -2014.7
18 71 -1827.34
18 72 -1640.3
18 73 -1456.53
18 74 -1278.82
18 75 -1109.73
18 76 -951.377
18 77 -805.507
18 78 -673.272
18 79 -555.373
18 80 -451.963
18 81 -362.761
18 82 -287.086
18 83 -223.963
18 84 -172.174
18 85 -130.423
18 86 -97.3086
18 87 -71.5091
18 88 -51.7502
18 89 -36.8708
18 90 -25.8594
18 91 -17.8554
18 92 -12.1253
18 93 -8.09829
18 94 -5.3363
18 95 -3.4357
18 96 -2.17329
18 97 -1.29914
18 98 -0.740557
18 99 -0.34412
18 100 0

19 0 0
19 1 -0.45857
19 2 -1.03513
19 3 -1.81714
19 4 -2.95954
19 5 -4.70458
19 6 -7.23813
19 7 -10.9663
19 8 -16.3196
19 9 -23.8823
19 10 -34.3877
19 11 -48.7461
19 12 -68.0132
19 13 -93.4023
19 14 -126.308
19 15 -168.177
19 16 -220.558
19 17 -284.954
19 18 -362.761
19 19 -455.15
19 20 -563.001
19 21 -686.717
19 22 -826.264
19 23 -980.96
19 24 -1149.58
19 25 -1330.25
19 26 -1520.58
19 27 -1717.67
19 28 -1918.32
19 29 -2119.08
19 30 -2316.5
19 31 -2507.22
19 32 -2688.22
19 33 -2856.82
19 34 -3010.94
19 35 -3149.03
19 36 -3270.21
19 37 -3374.19
19 38 -3461.28
19 39 -3532.29
19 40 -3588.47
19 41 -3631.4
19 42 -3662.86
19 43 -3684.77
19 44 -3699.05
19 45 -3707.56
19 46 -3711.98
19 47 -3713.79
19 48 -3714.19
19 49 -3714.08
19 50 -3713.97
19 51 -3714.08
19 52 -3714.19
19 53 -3713.79
19 54 -3711.98
19 55 -3707.56
19 56 -3699.05
19 57 -3684.77
19 58 -3662.86
19 59 -3631.4
19 60 -3588.47
19 61 -3532.29
19 62 -3461.28
19 63 -3374.19
19 64 -3270.21
19 65 -3149.03
19 66 -3010.94
19 67 -2856.82
19 68 -2688.22
19 69 -2507.22
19 70 -2316.5
19 71 -2119.08
19 72 -1918.32
19 73 -1717.67
19 74 -1520.58
19 75 -1330.25
19 76 -1149.58
19 77 -980.96
19 78 -826.264
19 79 -686.717
19 80 -563.001
19 81 -455.15
19 82 -362.761
19 83 -284.954
19 84 -220.558
19 85 -168.177
19 86 -126.308
19 87 -93.4023
19 88 -68.0132
19 89 -48.7461
19 90 -34.3877
19 91 -23.8823
19 92 -16.3196
19 93 -10.9663
19 94 -7.23813
19 95 -4.70458
19 96 -2.95954
19 97 -1.81714
19 98 -1.03513
19 99 -0.45857
19 100 0

20 0 0
20 1 -0.653536
20 2 -1.40492
20 3 -2.46264
20 4 -4.02858
20 5 -6.32734
20 6 -9.7272
20 7 -14.6303
20 8 -21.657
20 9 -31.5155
20 10 -45.1289
20 11 -63.5988
20 12 -88.1802
20 13 -120.35
20 14 -161.698
20 15 -213.902
20 16 -278.647
20 17 -357.547
20 18 -451.963
20 19 -563.001
20 20 -691.249
20 21 -836.792
20 22 -999.041
20 23 -1176.72
20 24 -1367.84
20 25 -1569.76
20 26 -1779.24
20 27 -1992.61
20 28 -2205.91
20 29 -2415.13
20 30 -2616.33
20 31 -2805.91
20 32 -2980.74
20 33 -3138.31
20 34 -3276.82
20 35 -3395.24
20 36 -3493.29
20 37 -3571.41
20 38 -3630.7
20 39 -3672.78
20 40 -3699.72
20 41 -3713.86
20 42 -3717.7
20 43 -3713.81
20 44 -3704.66
20 45 -3692.59
20 46 -3679.67
20 47 -3667.71
20 48 -3658.1
20 49 -3651.92
20 50 -3649.78
20 51 -3651.92
20 52 -3658.1
20 53 -3667.71
20 54 -3679.67
20 55 -3692.59
20 56 -3704.66
20 57 -3713.81
20 58 -3717.7
20 59 -3713.86
20 60 -3699.72
20 61 -3672.78
20 62 -3630.7
20 63 -3571.41
20 64 -3493.29
20 65 -3395.24
20 66 -3276.82
20 67 -3138.31
20 68 -2980.74
20 69 -2805.91
20 70 -2616.33
20 71 -2415.13
20 72 -2205.91
20 73 -1992.61
20 74 -1779.24
20 75 -1569.76
20 76 -1367.84
20 77 -1176.72
20 78 -999.041
20 79 -836.792
20 80 -691.249
20 81 -563.001
20 82 -451.963
20 83 -357.547
20 84 -278.647
20 85 -213.902
20 86 -161.698
20 87 -120.35
20 88 -88.1802
20 89 -63.5988
20 90 -45.1289
20 91 -31.5155
20 92 -21.657
20 93 -14.6303
20 94 -9.7272
20 95 -6.32734
20 96 -4.02858
20 97 -2.46264
20 98 -1.40492
20 99 -0.653536
20 100 0

21 0 0
21 1 -0.863355
21 2 -1.90401
21 3 -3.31325
21 4 -5.38854
21 5 -8.43478
21 6 -12.8552
21 7 -19.2765
21 8 -28.371
21 9 -41.056
21 10 -58.4496
21 11 -81.8625
21 12 -112.817
21 13 -153.011
21 14 -204.267
21 15 -268.419
21 16 -347.304
21 17 -442.514
21 18 -555.373
21 19 -686.717
21 20 -836.792
21 21 -1005.12
21 22 -1190.47
21 23 -1390.74
21 24 -1603.09
21 25 -1823.93
21 26 -2049.14
21 27 -2274.21
21 28 -2494.48
21 29 -2705.38
21 30 -2902.66
21 31 -3082.61
21 32 -3242.22
21 33 -3379.32
21 34 -3492.69
21 35 -3581.96
21 36 -3647.72
21 37 -3691.28
21 38 -3714.72
21 39 -3720.54
21 40 -3711.7
21 41 -3691.33
21 42 -3662.68
21 43 -3628.89
21 44 -3592.97
21 45 -3557.64
21 46 -3525.33
21 47 -3498.04
21 48 -3477.38
21 49 -3464.52
21 50 -3460.16
21 51 -3464.52
21 52 -3477.38
21 53 -3498.04
21 54 -3525.33
21 55 -3557.64
21 56 -3592.97
21 57 -3628.89
21 58 -3662.68
21 59 -3691.33
21 60 -3711.7
21 61 -3720.54
21 62 -3714.72
21 63 -3691.28
21 64 -3647.72
21 65 -3581.96
21 66 -3492.69
21 67 -3379.32
21 68 -3242.22
21 69 -3082.61
21 70 -2902.66
21 71 -2705.38
21 72 -2494.48
21 73 -2274.21
21 74 -2049.14
21 75 -1823.93
21 76 -1603.09
21 77 -1390.74
21 78 -1190.47
21 79 -1005.12
21 80 -836.792
21 81 -686.717
21 82 -555.373
21 83 -442.514
21 84 -347.304
21 85 -268.419
21 86 -204.267
21 87 -153.011
21 88 -112.817
21 89 -81.8625
21 90 -58.4496
21 91 -41.056
21 92 -28.371
21 93 -19.2765
21 94 -12.8552
21 95 -8.43478
21 96 -5.38854
21 97 -3.31325
21 98 -1.90401
21 99 -0.863355
21 100 0

22 0 0
22 1 -1.14801
22 2 -2.52403
22 3 -4.41638
22 4 -7.11083
22 5 -11.0604
22 6 -16.8235
22 7 -25.0621
22 8 -36.6876
22 9 -52.785
22 10 -74.7132
22 11 -104.026
22 12 -142.478
22 13 -192.028
22 14 -254.665
22 15 -332.418
22 16 -427.14
22 17 -540.396
22 18 -673.272
22 19 -826.264
22 20 -999.041
22 21 -1190.47
22 22 -1398.43
22 23 -1619.9
22 24 -1851.01
22 25 -2087.18
22 26 -2323.33
22 27 -2554.13
22 28 -2774.28
22 29 -2978.81
22 30 -3163.3
22 31 -3324.18
22 32 -3458.78
22 33 -3565.58
22 34 -3644.1
22 35 -3694.97
22 36 -3719.75
22 37 -3720.87
22 38 -3701.39
22 39 -3664.83
22 40 -3615.03
22 41 -3555.91
22 42 -3491.33
22 43 -3425
22 44 -3360.3
22 45 -3300.27
22 46 -3247.55
22 47 -3204.28
22 48 -3172.16
22 49 -3152.41
22 50 -3145.74
22 51 -3152.41
22 52 -3172.16
22 53 -3204.28
22 54 -3247.55
22 55 -3300.27
22 56 -3360.3
22 57 -3425
22 58 -3491.33
22 59 -3555.91
22 60 -3615.03
22 61 -3664.83
22 62 -3701.39
22 63 -3720.87
22 64 -3719.75
22 65 -3694.97
22 66 -3644.1
22 67 -3565.58
22 68 -3458.78
22 69 -3324.18
22 70 -3163.3
22 71 -2978.81
22 72 -2774.28
22 73 -2554.13
22 74 -2323.33
22 75 -2087.18
22 76 -1851.01
22 77 -1619.9
22 78 -1398.43
22 79 -1190.47
22 80 -999.041
22 81 -826.264
22 82 -673.272
22 83 -540.396
22 84 -427.14
22 85 -332.418
22 86 -254.665
22 87 -192.028
22 88 -142.478
22 89 -104.026
22 90 -74.7132
22 91 -52.785
22 92 -36.6876
22 93 -25.0621
22 94 -16.8235
22 95 -11.0604
22 96 -7.11083
22 97 -4.41638
22 98 -2.52403
22 99 -1.14801
22 100 0

23 0 0
23 1 -1.51376
23 2 -3.32208
23 3 -5.76014
23 4 -9.28333
23 5 -14.3622
23 6 -21.6998
23 7 -32.178
23 8 -46.8308
23 9 -67.0204
23 10 -94.315
23 11 -130.514
23 12 -177.661
23 13 -237.91
23 14 -313.46
23 15 -406.399
23 16 -518.58
23 17 -651.353
23 18 -805.507
23 19 -980.96
23 20 -1176.72
23 21 -1390.74
23 22 -1619.9
23 23 -1860.08
23 24 -2106.31
23 25 -2352.92
23 26 -2593.91
23 27 -2823.19
23 28 -3034.99
23 29 -3224.08
23 30 -3386.17
23 31 -3518.05
23 32 -3617.73
23 33 -3684.55
23 34 -3719.11
23 35 -3723.18
23 36 -3699.52
23 37 -3651.73
23 38 -3583.96
23 39 -3500.73
23 40 -3406.71
23 41 -3306.49
23 42 -3204.48
23 43 -3104.74
23 44 -3010.94
23 45 -2926.24
23 46 -2853.35
23 47 -2794.43
23 48 -2751.17
23 49 -2724.73
23 50 -2715.85
23 51 -2724.73
23 52 -2751.17
23 53 -2794.43
23 54 -2853.35
23 55 -2926.24
23 56 -3010.94
23 57 -3104.74
23 58 -3204.48
23 59 -3306.49
23 60 -3406.71
23 61 -3500.73
23 62 -3583.96
23 63 -3651.73
23 64 -3699.52
23 65 -3723.18
23 66 -3719.11
23 67 -3684.55
23 68 -3617.73
23 69 -3518.05
23 70 -3386.17
23 71 -3224.08
23 72 -3034.99
23 73 -2823.19
23 74 -2593.91
23 75 -2352.92
23 76 -2106.31
23 77 -1860.08
23 78 -1619.9
23 79 -1390.74
23 80 -1176.72
23 81 -980.96
23 82 -805.507
23 83 -651.353
23 84 -518.58
23 85 -406.399
23 86 -313.46
23 87 -237.91
23 88 -177.661
23 89 -130.514
23 90 -94.315
23 91 -67.0204
23 92 -46.8308
23 93 -32.178
23 94 -21.6998
23 95 -14.3622
23 96 -9.28333
23 97 -5.76014
23 98 -3.32208
23 99 -1.51376
23 100 0

24 0 0
24 1 -1.94851
24 2 -4.30198
24 3 -7.47851
24 4 -11.9342
24 5 -18.3934
24 6 -27.6684
24 7 -40.7904
24 8 -59.0653
24 9 -84.0409
24 10 -117.569
24 11 -161.725
24 12 -218.785
24 13 -291.125
24 14 -381.032
24 15 -490.654
24 16 -621.662
24 17 -775.155
24 18 -951.377
24 19 -1149.58
24 20 -1367.84
24 21 -1603.09
24 22 -1851.01
24 23 -2106.31
24 24 -2362.8
24 25 -2613.79
24 26 -2852.39
24 27 -3071.91
24 28 -3266.28
24 29 -3430.34
24 30 -3560.16
24 31 -3653.23
24 32 -3708.54
24 33 -3726.6
24 34 -3709.27
24 35 -3659.7
24 36 -3581.96
24 37 -3480.86
24 38 -3361.65
24 39 -3229.76
24 40 -3090.57
24 41 -2949.21
24 42 -2810.43
24 43 -2678.47
24 44 -2557.04
24 45 -2449.3
24 46 -2357.82
24 47 -2284.64
24 48 -2231.31
24 49 -2198.89
24 50 -2188.02
24 51 -2198.89
24 52 -2231.31
24 53 -2284.64
24 54 -2357.82
24 55 -2449.3
24 56 -2557.04
24 57 -2678.47
24 58 -2810.43
24 59 -2949.21
24 60 -3090.57
24 61 -3229.76
24 62 -3361.65
24 63 -3480.86
24 64 -3581.96
24 65 -3659.7
24 66 -3709.27
24 67 -3726.6
24 68 -3708.54
24 69 -3653.23
24 70 -3560.16
24 71 -3430.34
24 72 -3266.28
24 73 -3071.91
24 74 -2852.39
24 75 -2613.79
24 76 -2362.8
24 77 -2106.31
24 78 -1851.01
24 79 -1603.09
24 80 -1367.84
24 81 -1149.58
24 82 -951.377
24 83 -775.155
24 84 -621.662
24 85 -490.654
24 86 -381.032
24 87 -291.125
24 88 -218.785
24 89 -161.725
24 90 -117.569
24 91 -84.0409
24 92 -59.0653
24 93 -40.7904
24 94 -27.6684
24 95 -18.3934
24 96 -11.9342
24 97 -7.47851
24 98 -4.30198
24 99 -1.94851
24 100 0

25 0 0
25 1 -2.51559
25 2 -5.5156
25 3 -9.51937
25 4 -15.1906
25 5 -23.2768
25 6 -34.8414
25 7 -51.0998
25 8 -73.5668
25 9 -104.108
25 10 -144.801
25 11 -197.99
25 12 -266.196
25 13 -351.921
25 14 -457.564
25 15 -585.153
25 16 -736.14
25 17 -911.129
25 18 -1109.73
25 19 -1330.25
25 20 -1569.76
25 21 -1823.93
25 22 -2087.18
25 23 -2352.92
25 24 -2613.79
25 25 -2862.09
25 26 -3090.21
25 27 -3291.07
25 28 -3458.58
25 29 -3587.93
25 30 -3675.94
25 31 -3721.1
25 32 -3723.7
25 33 -3685.68
25 34 -3610.41
25 35 -3502.49
25 36 -3367.39
25 37 -3211.11
25 38 -3039.92
25 39 -2860.01
25 40 -2677.28
25 41 -2497.17
25 42 -2324.55
25 43 -2163.6
25 44 -2017.89
25 45 -1890.27
25 46 -1783.07
25 47 -1698.02
25 48 -1636.42
25 49 -1599.13
25 50 -1586.65
25 51 -1599.13
25 52 -1636.42
25 53 -1698.02
25 54 -1783.07
25 55 -1890.27
25 56 -2017.89
25 57 -2163.6
25 58 -2324.55
25 59 -2497.17
25 60 -2677.28
25 61 -2860.01
25 62 -3039.92
25 63 -3211.11
25 64 -3367.39
25 65 -3502.49
25 66 -3610.41
25 67 -3685.68
25 68 -3723.7
25 69 -3721.1
25 70 -3675.94
25 71 -3587.93
25 72 -3458.58
25 73 -3291.07
25 74 -3090.21
25 75 -2862.09
25 76 -2613.79
25 77 -2352.92
25 78 -2087.18
25 79 -1823.93
25 80 -1569.76
25 81 -1330.25
25 82 -1109.73
25 83 -911.129
25 84 -736.14
25 85 -585.153
25 86 -457.564
25 87 -351.921
25 88 -266.196
25 89 -197.99
25 90 -144.801
25 91 -104.108
25 92 -73.5668
25 93 -51.0998
25 94 -34.8414
25 95 -23.2768
25 96 -15.1906
25 97 -9.51937
25 98 -5.5156
25 99 -2.51559
25 100 0

26 0 0
26 1 -3.18028
26 2 -6.97364
26 3 -12.0239
26 4 -19.0631
26 5 -29.1219
26 6 -43.3427
26 7 -63.2319
26 8 -90.576
26 9 -127.45
26 10 -176.239
26 11 -239.538
26 12 -320.055
26 13 -420.427
26 14 -542.999
26 15 -689.636
26 16 -861.35
26 17 -1058.18
26 18 -1278.82
26 19 -1520.58
26 20 -1779.24
26 21 -2049.14
26 22 -2323.33
26 23 -2593.91
26 24 -2852.39
26 25 -3090.21
26 26 -3299.24
26 27 -3472.31
26 28 -3603.62
26 29 -3689.09
26 30 -3726.62
26 31 -3716.09
26 32 -3659.34
26 33 -3559.99
26 34 -3423.05
26 35 -3254.67
26 36 -3061.64
26 37 -2851.13
26 38 -2630.18
26 39 -2405.58
26 40 -2183.49
26 41 -1969.41
26 42 -1768.02
26 43 -1583.23
26 44 -1418.15
26 45 -1275.22
26 46 -1156.27
26 47 -1062.59
26 48 -995.119
26 49 -954.418
26 50 -940.818
26 51 -954.418
26 52 -995.119
26 53 -1062.59
26 54 -1156.27
26 55 -1275.22
26 56 -1418.15
26 57 -1583.23
26 58 -1768.02
26 59 -1969.41
26 60 -2183.49
26 61 -2405.58
26 62 -2630.18
26 63 -2851.13
26 64 -3061.64
26 65 -3254.67
26 66 -3423.05
26 67 -3559.99
26 68 -3659.34
26 69 -3716.09
26 70 -3726.62
26 71 -3689.09
26 72 -3603.62
26 73 -3472.31
26 74 -3299.24
26 75 -3090.21
26 76 -2852.39
26 77 -2593.91
26 78 -2323.33
26 79 -2049.14
26 80 -1779.24
26 81 -1520.58
26 82 -1278.82
26 83 -1058.18
26 84 -861.35
26 85 -689.636
26 86 -542.999
26 87 -420.427
26 88 -320.055
26 89 -239.538
26 90 -176.239
26 91 -127.45
26 92 -90.576
26 93 -63.2319
26 94 -43.3427
26 95 -29.1219
26 96 -19.0631
26 97 -12.0239
26 98 -6.97364
26 99 -3.18028
26 100 0

27 0 0
27 1 -3.99095
27 2 -8.72325
27 3 -14.9682
27 4 -23.6786
27 5 -35.9652
27 6 -53.3091
27 7 -77.3644
27 8 -110.207
27 9 -154.226
27 10 -212.037
27 11 -286.489
27 12 -380.44
27 13 -496.533
27 14 -637.037
27 15 -803.451
27 16 -996.285
27 17 -1214.74
27 18 -1456.53
27 19 -1717.67
27 20 -1992.61
27 21 -2274.21
27 22 -2554.13
27 23 -2823.19
27 24 -3071.91
27 25 -3291.07
27 26 -3472.31
27 27 -3608.68
27 28 -3695.07
27 29 -3728.5
27 30 -3708.33
27 31 -3636.12
27 32 -3515.57
27 33 -3352.08
27 34 -3152.42
27 35 -2924.24
27 36 -2675.6
27 37 -2414.57
27 38 -2148.83
27 39 -1885.41
27 40 -1630.47
27 41 -1389.26
27 42 -1166.01
27 43 -964.055
27 44 -785.868
27 45 -633.215
27 46 -507.291
27 47 -408.839
27 48 -338.305
27 49 -295.911
27 50 -281.773
27 51 -295.911
27 52 -338.305
27 53 -408.839
27 54 -507.291
27 55 -633.215
27 56 -785.868
27 57 -964.055
27 58 -1166.01
27 59 -1389.26
27 60 -1630.47
27 61 -1885.41
27 62 -2148.83
27 63 -2414.57
27 64 -2675.6
27 65 -2924.24
27 66 -3152.42
27 67 -3352.08
27 68 -3515.57
27 69 -3636.12
27 70 -3708.33
27 71 -3728.5
27 72 -3695.07
27 73 -3608.68
27 74 -3472.31
27 75 -3291.07
27 76 -3071.91
27 77 -2823.19
27 78 -2554.13
27 79 -2274.21
27 80 -1992.61
27 81 -1717.67
27 82 -1456.53
27 83 -1214.74
27 84 -996.285
27 85 -803.451
27 86 -637.037
27 87 -496.533
27 88 -380.44
27 89 -286.489
27 90 -212.037
27 91 -154.226
27 92 -110.207
27 93 -77.3644
27 94 -53.3091
27 95 -35.9652
27 96 -23.6786
27 97 -14.9682
27 98 -8.72325
27 99 -3.99095
27 100 0

28 0 0
28 1 -4.95056
28 2 -10.7732
28 3 -18.4353
28 4 -29.0347
28 5 -43.9642
28 6 -64.7895
28 7 -93.5635
28 8 -132.599
28 9 -184.534
28 10 -252.275
28 11 -338.842
28 12 -447.185
28 13 -579.932
28 14 -739.085
28 15 -925.713
28 16 -1139.58
28 17 -1378.95
28 18 -1640.3
28 19 -1918.32
28 20 -2205.91
28 21 -2494.48
28 22 -2774.28
28 23 -3034.99
28 24 -3266.28
28 25 -3458.58
28 26 -3603.62
28 27 -3695.07
28 28 -3728.89
28 29 -3703.62
28 30 -3620.38
