0 0 0
0 1 0
0 2 0
0 3 0
0 4 0
0 5 0
0 6 0
0 7 0
0 8 0
0 9 0
0 10 0
0 11 0
0 12 0
0 13 0
0 14 0
0 15 0
0 16 0
0 17 0
0 18 0
0 19 0
0 20 0
0 21 0
0 22 0
0 23 0
0 24 0
0 25 0
0 26 0
0 27 0
0 28 0
0 29 0
0 30 0
0 31 0
0 32 0
0 33 0
0 34 0
0 35 0
0 36 0
0 37 0
0 38 0
0 39 0
0 40 0
0 41 0
0 42 0
0 43 0
0 44 0
0 45 0
0 46 0
0 47 0
0 48 0
0 49 0
0 50 0
0 51 0
0 52 0
0 53 0
0 54 0
0 55 0
0 56 0
0 57 0
0 58 0
0 59 0
0 60 0
0 61 0
0 62 0
0 63 0
0 64 0
0 65 0
0 66 0
0 67 0
0 68 0
0 69 0
0 70 0
0 71 0
0 72 0
0 73 0
0 74 0
0 75 0
0 76 0
0 77 0
0 78 0
0 79 0
0 80 0
0 81 0
0 82 0
0 83 0
0 84 0
0 85 0
0 86 0
0 87 0
0 88 0
0 89 0
0 90 0
0 91 0
0 92 0
0 93 0
0 94 0
0 95 0
0 96 0
0 97 0
0 98 0
0 99 0
0 100 0

1 0 0
1 1 0
1 2 0
1 3 0
1 4 0
1 5 0
1 6 0
1 7 0
1 8 0
1 9 0
1 10 0
1 11 -0.0312666
1 12 -0.0277846
1 13 -0.0456019
1 14 -0.0689213
1 15 -0.0546419
1 16 -0.11567
1 17 -0.131637
1 18 -0.211766
1 19 -0.309683
1 20 -0.416222
1 21 -0.597179
1 22 -0.779045
1 23 -1.04289
1 24 -1.3585
1 25 -1.74263
1 26 -2.23628
1 27 -2.80394
1 28 -3.50776
1 29 -4.317
1 30 -5.25799
1 31 -6.34122
1 32 -7.53769
1 33 -8.89513
1 34 -10.3442
1 35 -11.9431
1 36 -13.6088
1 37 -15.3836
1 38 -17.1918
1 39 -19.0459
1 40 -20.8882
1 41 -22.7003
1 42 -24.4449
1 43 -26.0804
1 44 -27.588
1 45 -28.9139
1 46 -30.0558
1 47 -30.9574
1 48 -31.6319
1 49 -32.0282
1 50 -32.1738
1 51 -32.0282
1 52 -31.6319
1 53 -30.9574
1 54 -30.0558
1 55 -28.9139
1 56 -27.588
1 57 -26.0804
1 58 -24.4449
1 59 -22.7003
1 60 -20.8882
1 61 -19.0459
1 62 -17.1918
1 63 -15.3836
1 64 -13.6088
1 65 -11.9431
1 66 -10.3442
1 67 -8.89513
1 68 -7.53769
1 69 -6.34122
1 70 -5.25799
1 71 -4.317
1 72 -3.50776
1 73 -2.80394
1 74 -2.23628
1 75 -1.74263
1 76 -1.3585
1 77 -1.04289
1 78 -0.779045
1 79 -0.597179
1 80 -0.416222
1 81 -0.309683
1 82 -0.211766
1 83 -0.131637
1 84 -0.11567
1 85 -0.0546419
1 86 -0.0689213
1 87 -0.0456019
1 88 -0.0277846
1 89 -0.0312666
1 90 0
1 91 0
1 92 0
1 93 0
1 94 0
1 95 0
1 96 0
1 97 0
1 98 0
1 99 0
1 100 0

2 0 0
2 1 0
2 2 0
2 3 0
2 4 0
2 5 0
2 6 0
2 7 0
2 8 0
2 9 0
2 10 -0.0383015
2 11 -0.0349089
2 12 -0.0663044
2 13 -0.0958828
2 14 -0.100939
2 15 -0.183358
2 16 -0.220094
2 17 -0.351255
2 18 -0.482525
2 19 -0.683618
2 20 -0.949871
2 21 -1.28285
2 22 -1.73219
2 23 -2.28218
2 24 -2.99004
2 25 -3.85065
2 26 -4.91217
2 27 -6.17857
2 28 -7.68973
2 29 -9.44807
2 30 -11.4856
2 31 -13.7948
2 32 -16.396
2 33 -19.2663
2 34 -22.4101
2 35 -25.7854
2 36 -29.3791
2 37 -33.1284
2 38 -37.0041
2 39 -40.9249
2 40 -44.8495
2 41 -48.6839
2 42 -52.3811
2 43 -55.8426
2 44 -59.0239
2 45 -61.8316
2 46 -64.2315
2 47 -66.1443
2 48 -67.5539
2 49 -68.402
2 50 -68.6957
2 51 -68.402
2 52 -67.5539
2 53 -66.1443
2 54 -64.2315
2 55 -61.8316
2 56 -59.0239
2 57 -55.8426
2 58 -52.3811
2 59 -48.6839
2 60 -44.8495
2 61 -40.9249
2 62 -37.0041
2 63 -33.1284
2 64 -29.3791
2 65 -25.7854
2 66 -22.4101
2 67 -19.2663
2 68 -16.396
2 69 -13.7948
2 70 -11.4856
2 71 -9.44807
2 72 -7.68973
2 73 -6.17857
2 74 -4.91217
2 75 -3.85065
2 76 -2.99004
2 77 -2.28218
2 78 -1.73219
2 79 -1.28285
2 80 -0.949871
2 81 -0.683618
2 82 -0.482525
2 83 -0.351255
2 84 -0.220094
2 85 -0.183358
2 86 -0.100939
2 87 -0.0958828
2 88 -0.0663044
2 89 -0.0349089
2 90 -0.0383015
2 91 0
2 92 0
2 93 0
2 94 0
2 95 0
2 96 0
2 97 0
2 98 0
2 99 0
2 100 0

3 0 0
3 1 0
3 2 0
3 3 0
3 4 0
3 5 0
3 6 0
3 7 0
3 8 0
3 9 -0.0448408
3 10 -0.0418906
3 11 -0.0657317
3 12 -0.104804
3 13 -0.125478
3 14 -0.215015
3 15 -0.297473
3 16 -0.448056
3 17 -0.620907
3 18 -0.891786
3 19 -1.20783
3 20 -1.68153
3 21 -2.25652
3 22 -3.02887
3 23 -4.00654
3 24 -5.2065
3 25 -6.72736
3 26 -8.5181
3 27 -10.7174
3 28 -13.2651
3 29 -16.2686
3 30 -19.7001
3 31 -23.5979
3 32 -27.9634
3 33 -32.7704
3 34 -38.0181
3 35 -43.6399
3 36 -49.6012
3 37 -55.8187
3 38 -62.2084
3 39 -68.686
3 40 -75.1201
3 41 -81.4347
3 42 -87.4658
3 43 -93.1526
3 44 -98.3191
3 45 -102.926
3 46 -106.806
3 47 -109.949
3 48 -112.211
3 49 -113.62
3 50 -114.067
3 51 -113.62
3 52 -112.211
3 53 -109.949
3 54 -106.806
3 55 -102.926
3 56 -98.3191
3 57 -93.1526
3 58 -87.4658
3 59 -81.4347
3 60 -75.1201
3 61 -68.686
3 62 -62.2084
3 63 -55.8187
3 64 -49.6012
3 65 -43.6399
3 66 -38.0181
3 67 -32.7704
3 68 -27.9634
3 69 -23.5979
3 70 -19.7001
3 71 -16.2686
3 72 -13.2651
3 73 -10.7174
3 74 -8.5181
3 75 -6.72736
3 76 -5.2065
3 77 -4.00654
3 78 -3.02887
3 79 -2.25652
3 80 -1.68153
3 81 -1.20783
3 82 -0.891786
3 83 -0.620907
3 84 -0.448056
3 85 -0.297473
3 86 -0.215015
3 87 -0.125478
3 88 -0.104804
3 89 -0.0657317
3 90 -0.0418906
3 91 -0.0448408
3 92 0
3 93 0
3 94 0
3 95 0
3 96 0
3 97 0
3 98 0
3 99 0
3 100 0

4 0 0
4 1 0
4 2 0
4 3 0
4 4 0
4 5 0
4 6 0
4 7 0
4 8 -0.050179
4 9 -0.048021
4 10 -0.0628483
4 11 -0.110728
4 12 -0.140202
4 13 -0.235881
4 14 -0.349883
4 15 -0.516309
4 16 -0.733296
4 17 -1.05609
4 18 -1.44565
4 19 -2.03165
4 20 -2.74386
4 21 -3.72358
4 22 -4.94778
4 23 -6.5029
4 24 -8.4462
4 25 -10.8055
4 26 -13.6891
4 27 -17.0926
4 28 -21.1306
4 29 -25.7821
4 30 -31.1378
4 31 -37.1562
4 32 -43.8888
4 33 -51.2634
4 34 -59.2838
4 35 -67.8403
4 36 -76.8862
4 37 -86.2745
4 38 -95.912
4 39 -105.622
4 40 -115.277
4 41 -124.682
4 42 -133.694
4 43 -142.119
4 44 -149.814
4 45 -156.607
4 46 -162.377
4 47 -166.988
4 48 -170.361
4 49 -172.406
4 50 -173.099
4 51 -172.406
4 52 -170.361
4 53 -166.988
4 54 -162.377
4 55 -156.607
4 56 -149.814
4 57 -142.119
4 58 -133.694
4 59 -124.682
4 60 -115.277
4 61 -105.622
4 62 -95.912
4 63 -86.2745
4 64 -76.8862
4 65 -67.8403
4 66 -59.2838
4 67 -51.2634
4 68 -43.8888
4 69 -37.1562
4 70 -31.1378
4 71 -25.7821
4 72 -21.1306
4 73 -17.0926
4 74 -13.6891
4 75 -10.8055
4 76 -8.4462
4 77 -6.5029
4 78 -4.94778
4 79 -3.72358
4 80 -2.74386
4 81 -2.03165
4 82 -1.44565
4 83 -1.05609
4 84 -0.733296
4 85 -0.516309
4 86 -0.349883
4 87 -0.235881
4 88 -0.140202
4 89 -0.110728
4 90 -0.0628483
4 91 -0.048021
4 92 -0.050179
4 93 0
4 94 0
4 95 0
4 96 0
4 97 0
4 98 0
4 99 0
4 100 0

5 0 0
5 1 0
5 2 0
5 3 0
5 4 0
5 5 0
5 6 0
5 7 -0.0536799
5 8 -0.0525944
5 9 -0.0590551
5 10 -0.114004
5 11 -0.156969
5 12 -0.256305
5 13 -0.386163
5 14 -0.57334
5 15 -0.817651
5 16 -1.19132
5 17 -1.66525
5 18 -2.34674
5 19 -3.22332
5 20 -4.39433
5 21 -5.88473
5 22 -7.80427
5 23 -10.1845
5 24 -13.1616
5 25 -16.7667
5 26 -21.1244
5 27 -26.2925
5 28 -32.3272
5 29 -39.3266
5 30 -47.251
5 31 -56.213
5 32 -66.0863
5 33 -76.9501
5 34 -88.6174
5 35 -101.093
5 36 -114.154
5 37 -127.716
5 38 -141.535
5 39 -155.447
5 40 -169.202
5 41 -182.585
5 42 -195.352
5 43 -207.271
5 44 -218.122
5 45 -227.69
5 46 -235.797
5 47 -242.273
5 48 -246.999
5 49 -249.869
5 50 -250.836
5 51 -249.869
5 52 -246.999
5 53 -242.273
5 54 -235.797
5 55 -227.69
5 56 -218.122
5 57 -207.271
5 58 -195.352
5 59 -182.585
5 60 -169.202
5 61 -155.447
5 62 -141.535
5 63 -127.716
5 64 -114.154
5 65 -101.093
5 66 -88.6174
5 67 -76.9501
5 68 -66.0863
5 69 -56.213
5 70 -47.251
5 71 -39.3266
5 72 -32.3272
5 73 -26.2925
5 74 -21.1244
5 75 -16.7667
5 76 -13.1616
5 77 -10.1845
5 78 -7.80427
5 79 -5.88473
5 80 -4.39433
5 81 -3.22332
5 82 -2.34674
5 83 -1.66525
5 84 -1.19132
5 85 -0.817651
5 86 -0.57334
5 87 -0.386163
5 88 -0.256305
5 89 -0.156969
5 90 -0.114004
5 91 -0.0590551
5 92 -0.0525944
5 93 -0.0536799
5 94 0
5 95 0
5 96 0
5 97 0
5 98 0
5 99 0
5 100 0

6 0 0
6 1 0
6 2 0
6 3 0
6 4 0
6 5 0
6 6 -0.0548999
6 7 -0.0550406
6 8 -0.0559382
6 9 -0.115421
6 10 -0.173001
6 11 -0.274922
6 12 -0.411616
6 13 -0.621464
6 14 -0.889243
6 15 -1.31086
6 16 -1.86547
6 17 -2.63968
6 18 -3.67408
6 19 -5.03983
6 20 -6.8092
6 21 -9.10276
6 22 -11.9716
6 23 -15.5951
6 24 -20.0133
6 25 -25.4067
6 26 -31.8391
6 27 -39.4335
6 28 -48.279
6 29 -58.4147
6 30 -69.9228
6 31 -82.7522
6 32 -96.9387
6 33 -112.341
6 34 -128.924
6 35 -146.457
6 36 -164.829
6 37 -183.732
6 38 -202.985
6 39 -222.228
6 40 -241.235
6 41 -259.616
6 42 -277.134
6 43 -293.406
6 44 -308.212
6 45 -321.21
6 46 -332.228
6 47 -340.992
6 48 -347.401
6 49 -351.271
6 50 -352.59
6 51 -351.271
6 52 -347.401
6 53 -340.992
6 54 -332.228
6 55 -321.21
6 56 -308.212
6 57 -293.406
6 58 -277.134
6 59 -259.616
6 60 -241.235
6 61 -222.228
6 62 -202.985
6 63 -183.732
6 64 -164.829
6 65 -146.457
6 66 -128.924
6 67 -112.341
6 68 -96.9387
6 69 -82.7522
6 70 -69.9228
6 71 -58.4147
6 72 -48.279
6 73 -39.4335
6 74 -31.8391
6 75 -25.4067
6 76 -20.0133
6 77 -15.5951
6 78 -11.9716
6 79 -9.10276
6 80 -6.8092
6 81 -5.03983
6 82 -3.67408
6 83 -2.63968
6 84 -1.86547
6 85 -1.31086
6 86 -0.889243
6 87 -0.621464
6 88 -0.411616
6 89 -0.274922
6 90 -0.173001
6 91 -0.115421
6 92 -0.0559382
6 93 -0.0550406
6 94 -0.0548999
6 95 0
6 96 0
6 97 0
6 98 0
6 99 0
6 100 0

7 0 0
7 1 0
7 2 0
7 3 0
7 4 0
7 5 -0.0536799
7 6 -0.0550406
7 7 -0.0547423
7 8 -0.11585
7 9 -0.184684
7 10 -0.289454
7 11 -0.426175
7 12 -0.657565
7 13 -0.954152
7 14 -1.41594
7 15 -2.0449
7 16 -2.91097
7 17 -4.08302
7 18 -5.65167
7 19 -7.69874
7 20 -10.3764
7 21 -13.7733
7 22 -18.0678
7 23 -23.3822
7 24 -29.8867
7 25 -37.721
7 26 -47.0429
7 27 -57.9602
7 28 -70.606
7 29 -85.0196
7 30 -101.268
7 31 -119.315
7 32 -139.109
7 33 -160.543
7 34 -183.42
7 35 -207.568
7 36 -232.643
7 37 -258.422
7 38 -284.446
7 39 -310.451
7 40 -335.917
7 41 -360.56
7 42 -383.852
7 43 -405.523
7 44 -425.082
7 45 -442.307
7 46 -456.784
7 47 -468.367
7 48 -476.744
7 49 -481.873
7 50 -483.558
7 51 -481.873
7 52 -476.744
7 53 -468.367
7 54 -456.784
7 55 -442.307
7 56 -425.082
7 57 -405.523
7 58 -383.852
7 59 -360.56
7 60 -335.917
7 61 -310.451
7 62 -284.446
7 63 -258.422
7 64 -232.643
7 65 -207.568
7 66 -183.42
7 67 -160.543
7 68 -139.109
7 69 -119.315
7 70 -101.268
7 71 -85.0196
7 72 -70.606
7 73 -57.9602
7 74 -47.0429
7 75 -37.721
7 76 -29.8867
7 77 -23.3822
7 78 -18.0678
7 79 -13.7733
7 80 -10.3764
7 81 -7.69874
7 82 -5.65167
7 83 -4.08302
7 84 -2.91097
7 85 -2.0449
7 86 -1.41594
7 87 -0.954152
7 88 -0.657565
7 89 -0.426175
7 90 -0.289454
7 91 -0.184684
7 92 -0.11585
7 93 -0.0547423
7 94 -0.0550406
7 95 -0.0536799
7 96 0
7 97 0
7 98 0
7 99 0
7 100 0

8 0 0
8 1 0
8 2 0
8 3 0
8 4 -0.050179
8 5 -0.0525944
8 6 -0.0559382
8 7 -0.11585
8 8 -0.188973
8 9 -0.297494
8 10 -0.432604
8 11 -0.680787
8 12 -1.00906
8 13 -1.50281
8 14 -2.19208
8 15 -3.14762
8 16 -4.44308
8 17 -6.21089
8 18 -8.53634
8 19 -11.5962
8 20 -15.5325
8 21 -20.5213
8 22 -26.768
8 23 -34.4579
8 24 -43.7986
8 25 -54.9995
8 26 -68.2116
8 27 -83.6326
8 28 -101.333
8 29 -121.429
8 30 -143.903
8 31 -168.732
8 32 -195.796
8 33 -224.906
8 34 -255.834
8 35 -288.232
8 36 -321.766
8 37 -355.966
8 38 -390.415
8 39 -424.565
8 40 -457.964
8 41 -490.035
8 42 -520.338
8 43 -548.322
8 44 -573.605
8 45 -595.705
8 46 -614.334
8 47 -629.116
8 48 -639.882
8 49 -646.382
8 50 -648.586
8 51 -646.382
8 52 -639.882
8 53 -629.116
8 54 -614.334
8 55 -595.705
8 56 -573.605
8 57 -548.322
8 58 -520.338
8 59 -490.035
8 60 -457.964
8 61 -424.565
8 62 -390.415
8 63 -355.966
8 64 -321.766
8 65 -288.232
8 66 -255.834
8 67 -224.906
8 68 -195.796
8 69 -168.732
8 70 -143.903
8 71 -121.429
8 72 -101.333
8 73 -83.6326
8 74 -68.2116
8 75 -54.9995
8 76 -43.7986
8 77 -34.4579
8 78 -26.768
8 79 -20.5213
8 80 -15.5325
8 81 -11.5962
8 82 -8.53634
8 83 -6.21089
8 84 -4.44308
8 85 -3.14762
8 86 -2.19208
8 87 -1.50281
8 88 -1.00906
8 89 -0.680787
8 90 -0.432604
8 91 -0.297494
8 92 -0.188973
8 93 -0.11585
8 94 -0.0559382
8 95 -0.0525944
8 96 -0.050179
8 97 0
8 98 0
8 99 0
8 100 0

9 0 0
9 1 0
9 2 0
9 3 -0.0448408
9 4 -0.048021
9 5 -0.0590551
9 6 -0.115421
9 7 -0.184684
9 8 -0.297494
9 9 -0.434257
9 10 -0.691912
9 11 -1.04698
9 12 -1.56612
9 13 -2.29704
9 14 -3.33487
9 15 -4.7461
9 16 -6.69501
9 17 -9.29262
9 18 -12.7198
9 19 -17.1795
9 20 -22.8731
9 21 -30.0553
9 22 -38.9808
9 23 -49.9008
9 24 -63.0941
9 25 -78.7859
9 26 -97.2056
9 27 -118.525
9 28 -142.863
9 29 -170.284
9 30 -200.764
9 31 -234.202
9 32 -270.419
9 33 -309.124
9 34 -349.983
9 35 -392.53
9 36 -436.293
9 37 -480.684
9 38 -525.125
9 39 -568.979
9 40 -611.614
9 41 -652.407
9 42 -690.732
9 43 -726.041
9 44 -757.766
9 45 -785.478
9 46 -808.707
9 47 -827.169
9 48 -840.525
9 49 -848.645
9 50 -851.342
9 51 -848.645
9 52 -840.525
9 53 -827.169
9 54 -808.707
9 55 -785.478
9 56 -757.766
9 57 -726.041
9 58 -690.732
9 59 -652.407
9 60 -611.614
9 61 -568.979
9 62 -525.125
9 63 -480.684
9 64 -436.293
9 65 -392.53
9 66 -349.983
9 67 -309.124
9 68 -270.419
9 69 -234.202
9 70 -200.764
9 71 -170.284
9 72 -142.863
9 73 -118.525
9 74 -97.2056
9 75 -78.7859
9 76 -63.0941
9 77 -49.9008
9 78 -38.9808
9 79 -30.0553
9 80 -22.8731
9 81 -17.1795
9 82 -12.7198
9 83 -9.29262
9 84 -6.69501
9 85 -4.7461
9 86 -3.33487
9 87 -2.29704
9 88 -1.56612
9 89 -1.04698
9 90 -0.691912
9 91 -0.434257
9 92 -0.297494
9 93 -0.184684
9 94 -0.115421
9 95 -0.0590551
9 96 -0.048021
9 97 -0.0448408
9 98 0
9 99 0
9 100 0

10 0 0
10 1 0
10 2 -0.0383015
10 3 -0.0418906
10 4 -0.0628483
10 5 -0.114004
10 6 -0.173001
10 7 -0.289454
10 8 -0.432604
10 9 -0.691912
10 10 -1.06064
10 11 -1.59983
10 12 -2.35782
10 13 -3.46278
10 14 -4.98129
10 15 -7.08378
10 16 -9.92565
10 17 -13.6963
10 18 -18.6413
10 19 -25.0246
10 20 -33.1306
10 21 -43.295
10 22 -55.8331
10 23 -71.0788
10 24 -89.3646
10 25 -110.957
10 26 -136.134
10 27 -165.056
10 28 -197.851
10 29 -234.537
10 30 -275.023
10 31 -319.146
10 32 -366.579
10 33 -416.953
10 34 -469.736
10 35 -524.366
10 36 -580.164
10 37 -636.425
10 38 -692.395
10 39 -747.305
10 40 -800.398
10 41 -850.919
10 42 -898.176
10 43 -941.493
10 44 -980.295
10 45 -1014.03
10 46 -1042.27
10 47 -1064.61
10 48 -1080.79
10 49 -1090.57
10 50 -1093.85
10 51 -1090.57
10 52 -1080.79
10 53 -1064.61
10 54 -1042.27
10 55 -1014.03
10 56 -980.295
10 57 -941.493
10 58 -898.176
10 59 -850.919
10 60 -800.398
10 61 -747.305
10 62 -692.395
10 63 -636.425
10 64 -580.164
10 65 -524.366
10 66 -469.736
10 67 -416.953
10 68 -366.579
10 69 -319.146
10 70 -275.023
10 71 -234.537
10 72 -197.851
10 73 -165.056
10 74 -136.134
10 75 -110.957
10 76 -89.3646
10 77 -71.0788
10 78 -55.8331
10 79 -43.295
10 80 -33.1306
10 81 -25.0246
10 82 -18.6413
10 83 -13.6963
10 84 -9.92565
10 85 -7.08378
10 86 -4.98129
10 87 -3.46278
10 88 -2.35782
10 89 -1.59983
10 90 -1.06064
10 91 -0.691912
10 92 -0.432604
10 93 -0.289454
10 94 -0.173001
10 95 -0.114004
10 96 -0.0628483
10 97 -0.0418906
10 98 -0.0383015
10 99 0
10 100 0

11 0 0
11 1 -0.0312666
11 2 -0.0349089
11 3 -0.0657317
11 4 -0.110728
11 5 -0.156969
11 6 -0.274922
11 7 -0.426175
11 8 -0.680787
11 9 -1.04698
11 10 -1.59983
11 11 -2.37741
11 12 -3.52712
11 13 -5.13323
11 14 -7.35821
11 15 -10.3968
11 16 -14.4744
11 17 -19.8571
11 18 -26.8803
11 19 -35.8753
11 20 -47.2336
11 21 -61.3697
11 22 -78.6722
11 23 -99.5801
11 24 -124.447
11 25 -153.626
11 26 -187.379
11 27 -225.881
11 28 -269.212
11 29 -317.317
11 30 -370.019
11 31 -427.01
11 32 -487.832
11 33 -551.933
11 34 -618.615
11 35 -687.122
11 36 -756.601
11 37 -826.167
11 38 -894.911
11 39 -961.914
11 40 -1026.3
11 41 -1087.21
11 42 -1143.88
11 43 -1195.57
11 44 -1241.66
11 45 -1281.57
11 46 -1314.87
11 47 -1341.15
11 48 -1360.13
11 49 -1371.6
11 50 -1375.44
11 51 -1371.6
11 52 -1360.13
11 53 -1341.15
11 54 -1314.87
11 55 -1281.57
11 56 -1241.66
11 57 -1195.57
11 58 -1143.88
11 59 -1087.21
11 60 -1026.3
11 61 -961.914
11 62 -894.911
11 63 -826.167
11 64 -756.601
11 65 -687.122
11 66 -618.615
11 67 -551.933
11 68 -487.832
11 69 -427.01
11 70 -370.019
11 71 -317.317
11 72 -269.212
11 73 -225.881
11 74 -187.379
11 75 -153.626
11 76 -124.447
11 77 -99.5801
11 78 -78.6722
11 79 -61.3697
11 80 -47.2336
11 81 -35.8753
11 82 -26.8803
11 83 -19.8571
11 84 -14.4744
11 85 -10.3968
11 86 -7.35821
11 87 -5.13323
11 88 -3.52712
11 89 -2.37741
11 90 -1.59983
11 91 -1.04698
11 92 -0.680787
11 93 -0.426175
11 94 -0.274922
11 95 -0.156969
11 96 -0.110728
11 97 -0.0657317
11 98 -0.0349089
11 99 -0.0312666
11 100 0

12 0 0
12 1 -0.0277846
12 2 -0.0663044
12 3 -0.104804
12 4 -0.140202
12 5 -0.256305
12 6 -0.411616
12 7 -0.657564
12 8 -1.00906
12 9 -1.56612
12 10 -2.35782
12 11 -3.52712
12 12 -5.18615
12 13 -7.50095
12 14 -10.6835
12 15 -15.0133
12 16 -20.7772
12 17 -28.3577
12 18 -38.1635
12 19 -50.6304
12 20 -66.2734
12 21 -85.5745
12 22 -109.055
12 23 -137.198
12 24 -170.435
12 25 -209.131
12 26 -253.553
12 27 -303.82
12 28 -359.956
12 29 -421.761
12 30 -488.947
12 31 -560.994
12 32 -637.283
12 33 -717.021
12 34 -799.315
12 35 -883.186
12 36 -967.578
12 37 -1051.44
12 38 -1133.67
12 39 -1213.26
12 40 -1289.19
12 41 -1360.57
12 42 -1426.55
12 43 -1486.41
12 44 -1539.49
12 45 -1585.27
12 46 -1623.29
12 47 -1653.21
12 48 -1674.77
12 49 -1687.78
12 50 -1692.12
12 51 -1687.78
12 52 -1674.77
12 53 -1653.21
12 54 -1623.29
12 55 -1585.27
12 56 -1539.49
12 57 -1486.41
12 58 -1426.55
12 59 -1360.57
12 60 -1289.19
12 61 -1213.26
12 62 -1133.67
12 63 -1051.44
12 64 -967.578
12 65 -883.186
12 66 -799.315
12 67 -717.021
12 68 -637.283
12 69 -560.994
12 70 -488.947
12 71 -421.761
12 72 -359.956
12 73 -303.82
12 74 -253.553
12 75 -209.131
12 76 -170.435
12 77 -137.198
12 78 -109.055
12 79 -85.5745
12 80 -66.2734
12 81 -50.6304
12 82 -38.1635
12 83 -28.3577
12 84 -20.7772
12 85 -15.0133
12 86 -10.6835
12 87 -7.50095
12 88 -5.18615
12 89 -3.52712
12 90 -2.35782
12 91 -1.56612
12 92 -1.00906
12 93 -0.657564
12 94 -0.411616
12 95 -0.256305
12 96 -0.140202
12 97 -0.104804
12 98 -0.0663044
12 99 -0.0277846
12 100 0

13 0 0
13 1 -0.0456019
13 2 -0.0958828
13 3 -0.125478
13 4 -0.235881
13 5 -0.386163
13 6 -0.621464
13 7 -0.954152
13 8 -1.50281
13 9 -2.29704
13 10 -3.46278
13 11 -5.13323
13 12 -7.50095
13 13 -10.7791
13 14 -15.2879
13 15 -21.3557
13 16 -29.3888
13 17 -39.8777
13 18 -53.3291
13 19 -70.3325
13 20 -91.4961
13 21 -117.428
13 22 -148.733
13 23 -185.967
13 24 -229.58
13 25 -279.966
13 26 -337.303
13 27 -401.679
13 28 -472.929
13 29 -550.738
13 30 -634.567
13 31 -723.694
13 32 -817.233
13 33 -914.143
13 34 -1013.28
13 35 -1113.42
13 36 -1213.31
13 37 -1311.72
13 38 -1407.39
13 39 -1499.24
13 40 -1586.16
13 41 -1667.25
13 42 -1741.67
13 43 -1808.74
13 44 -1867.84
13 45 -1918.55
13 46 -1960.47
13 47 -1993.34
13 48 -2016.95
13 49 -2031.17
13 50 -2035.91
13 51 -2031.17
13 52 -2016.95
13 53 -1993.34
13 54 -1960.47
13 55 -1918.55
13 56 -1867.84
13 57 -1808.74
13 58 -1741.67
13 59 -1667.25
13 60 -1586.16
13 61 -1499.24
13 62 -1407.39
13 63 -1311.72
13 64 -1213.31
13 65 -1113.42
13 66 -1013.28
13 67 -914.143
13 68 -817.233
13 69 -723.694
13 70 -634.567
13 71 -550.738
13 72 -472.929
13 73 -401.679
13 74 -337.303
13 75 -279.966
13 76 -229.58
13 77 -185.967
13 78 -148.733
13 79 -117.428
13 80 -91.4961
13 81 -70.3325
13 82 -53.3291
13 83 -39.8777
13 84 -29.3888
13 85 -21.3557
13 86 -15.2879
13 87 -10.7791
13 88 -7.50095
13 89 -5.13323
13 90 -3.46278
13 91 -2.29704
13 92 -1.50281
13 93 -0.954152
13 94 -0.621464
13 95 -0.386163
13 96 -0.235881
13 97 -0.125478
13 98 -0.0958828
13 99 -0.0456019
13 100 0

14 0 0
14 1 -0.0689213
14 2 -0.100939
14 3 -0.215015
14 4 -0.349883
14 5 -0.57334
14 6 -0.889243
14 7 -1.41594
14 8 -2.19208
14 9 -3.33487
14 10 -4.98129
14 11 -7.35821
14 12 -10.6835
14 13 -15.2879
14 14 -21.5538
14 15 -29.92
14 16 -40.9335
14 17 -55.1998
14 18 -73.3769
14 19 -96.1846
14 20 -124.358
14 21 -158.601
14 22 -199.623
14 23 -247.989
14 24 -304.203
14 25 -368.562
14 26 -441.194
14 27 -522.001
14 28 -610.646
14 29 -706.551
14 30 -808.92
14 31 -916.714
14 32 -1028.77
14 33 -1143.71
14 34 -1260.16
14 35 -1376.62
14 36 -1491.65
14 37 -1603.84
14 38 -1711.88
14 39 -1814.58
14 40 -1910.89
14 41 -1999.93
14 42 -2080.95
14 43 -2153.38
14 44 -2216.75
14 45 -2270.75
14 46 -2315.15
14 47 -2349.8
14 48 -2374.59
14 49 -2389.48
14 50 -2394.45
14 51 -2389.48
14 52 -2374.59
14 53 -2349.8
14 54 -2315.15
14 55 -2270.75
14 56 -2216.75
14 57 -2153.38
14 58 -2080.95
14 59 -1999.93
14 60 -1910.89
14 61 -1814.58
14 62 -1711.88
14 63 -1603.84
14 64 -1491.65
14 65 -1376.62
14 66 -1260.16
14 67 -1143.71
14 68 -1028.77
14 69 -916.714
14 70 -808.92
14 71 -706.551
14 72 -610.646
14 73 -522.001
14 74 -441.194
14 75 -368.562
14 76 -304.203
14 77 -247.989
14 78 -199.623
14 79 -158.601
14 80 -124.358
14 81 -96.1846
14 82 -73.3769
14 83 -55.1998
14 84 -40.9335
14 85 -29.92
14 86 -21.5538
14 87 -15.2879
14 88 -10.6835
14 89 -7.35821
14 90 -4.98129
14 91 -3.33487
14 92 -2.19208
14 93 -1.41594
14 94 -0.889243
14 95 -0.57334
14 96 -0.349883
14 97 -0.215015
14 98 -0.100939
14 99 -0.0689213
14 100 0

15 0 0
15 1 -0.0546419
15 2 -0.183358
15 3 -0.297473
15 4 -0.516309
15 5 -0.817651
15 6 -1.31086
15 7 -2.0449
15 8 -3.14762
15 9 -4.7461
15 10 -7.08378
15 11 -10.3968
15 12 -15.0133
15 13 -21.3557
15 14 -29.92
15 15 -41.2891
15 16 -56.1557
15 17 -75.2705
15 18 -99.4369
15 19 -129.537
15 20 -166.395
15 21 -210.861
15 22 -263.661
15 23 -325.406
15 24 -396.527
15 25 -477.234
15 26 -567.463
15 27 -666.909
15 28 -774.92
15 29 -890.636
15 30 -1012.86
15 31 -1140.25
15 32 -1271.23
15 33 -1404.16
15 34 -1537.32
15 35 -1669.01
15 36 -1797.6
15 37 -1921.59
15 38 -2039.63
15 39 -2150.56
15 40 -2253.43
15 41 -2347.5
15 42 -2432.19
15 43 -2507.15
15 44 -2572.13
15 45 -2627.05
15 46 -2671.86
15 47 -2706.62
15 48 -2731.38
15 49 -2746.21
15 50 -2751.14
15 51 -2746.21
15 52 -2731.38
15 53 -2706.62
15 54 -2671.86
15 55 -2627.05
15 56 -2572.13
15 57 -2507.15
15 58 -2432.19
15 59 -2347.5
15 60 -2253.43
15 61 -2150.56
15 62 -2039.63
15 63 -1921.59
15 64 -1797.6
15 65 -1669.01
15 66 -1537.32
15 67 -1404.16
15 68 -1271.23
15 69 -1140.25
15 70 -1012.86
15 71 -890.636
15 72 -774.92
15 73 -666.909
15 74 -567.463
15 75 -477.234
15 76 -396.527
15 77 -325.406
15 78 -263.661
15 79 -210.861
15 80 -166.395
15 81 -129.537
15 82 -99.4369
15 83 -75.2705
15 84 -56.1557
15 85 -41.2891
15 86 -29.92
15 87 -21.3557
15 88 -15.0133
15 89 -10.3968
15 90 -7.08378
15 91 -4.7461
15 92 -3.14762
15 93 -2.0449
15 94 -1.31086
15 95 -0.817651
15 96 -0.516309
15 97 -0.297473
15 98 -0.183358
15 99 -0.0546419
15 100 0

16 0 0
16 1 -0.11567
16 2 -0.220094
16 3 -0.448056
16 4 -0.733296
16 5 -1.19132
16 6 -1.86547
16 7 -2.91097
16 8 -4.44308
16 9 -6.69501
16 10 -9.92565
16 11 -14.4744
16 12 -20.7772
16 13 -29.3888
16 14 -40.9335
16 15 -56.1557
16 16 -75.9144
16 17 -101.104
16 18 -132.731
16 19 -171.783
16 20 -219.237
16 21 -275.99
16 22 -342.805
16 23 -420.223
16 24 -508.586
16 25 -607.872
16 26 -717.804
16 27 -837.697
16 28 -966.576
16 29 -1103.12
16 30 -1245.75
16 31 -1392.66
16 32 -1541.93
16 33 -1691.53
16 34 -1839.51
16 35 -1983.94
16 36 -2123.11
16 37 -2255.46
16 38 -2379.73
16 39 -2494.87
16 40 -2600.17
16 41 -2695.11
16 42 -2779.44
16 43 -2853.09
16 44 -2916.17
16 45 -2968.85
16 46 -3011.42
16 47 -3044.15
16 48 -3067.32
16 49 -3081.12
16 50 -3085.71
16 51 -3081.12
16 52 -3067.32
16 53 -3044.15
16 54 -3011.42
16 55 -2968.85
16 56 -2916.17
16 57 -2853.09
16 58 -2779.44
16 59 -2695.11
16 60 -2600.17
16 61 -2494.87
16 62 -2379.73
16 63 -2255.46
16 64 -2123.11
16 65 -1983.94
16 66 -1839.51
16 67 -1691.53
16 68 -1541.93
16 69 -1392.66
16 70 -1245.75
16 71 -1103.12
16 72 -966.576
16 73 -837.697
16 74 -717.804
16 75 -607.872
16 76 -508.586
16 77 -420.223
16 78 -342.805
16 79 -275.99
16 80 -219.237
16 81 -171.783
16 82 -132.731
16 83 -101.104
16 84 -75.9144
16 85 -56.1557
16 86 -40.9335
16 87 -29.3888
16 88 -20.7772
16 89 -14.4744
16 90 -9.92565
16 91 -6.69501
16 92 -4.44308
16 93 -2.91097
16 94 -1.86547
16 95 -1.19132
16 96 -0.733296
16 97 -0.448056
16 98 -0.220094
16 99 -0.11567
16 100 0

17 0 0
17 1 -0.131637
17 2 -0.351255
17 3 -0.620907
17 4 -1.05609
17 5 -1.66525
17 6 -2.63968
17 7 -4.08302
17 8 -6.21089
17 9 -9.29262
17 10 -13.6963
17 11 -19.8571
17 12 -28.3577
17 13 -39.8777
17 14 -55.1998
17 15 -75.2705
17 16 -101.104
17 17 -133.808
17 18 -174.533
17 19 -224.414
17 20 -284.497
17 21 -355.734
17 22 -438.801
17 23 -534.168
17 24 -641.914
17 25 -761.77
17 26 -893.048
17 27 -1034.66
17 28 -1185.12
17 29 -1342.63
17 30 -1505.08
17 31 -1670.26
17 32 -1835.77
17 33 -1999.33
17 34 -2158.68
17 35 -2311.83
17 36 -2456.99
17 37 -2592.74
17 38 -2717.97
17 39 -2831.94
17 40 -2934.23
17 41 -3024.74
17 42 -3103.62
17 43 -3171.24
17 44 -3228.1
17 45 -3274.79
17 46 -3311.94
17 47 -3340.13
17 48 -3359.86
17 49 -3371.54
17 50 -3375.4
17 51 -3371.54
17 52 -3359.86
17 53 -3340.13
17 54 -3311.94
17 55 -3274.79
17 56 -3228.1
17 57 -3171.24
17 58 -3103.62
17 59 -3024.74
17 60 -2934.23
17 61 -2831.94
17 62 -2717.97
17 63 -2592.74
17 64 -2456.99
17 65 -2311.83
17 66 -2158.68
17 67 -1999.33
17 68 -1835.77
17 69 -1670.26
17 70 -1505.08
17 71 -1342.63
17 72 -1185.12
17 73 -1034.66
17 74 -893.048
17 75 -761.77
17 76 -641.914
17 77 -534.168
17 78 -438.801
17 79 -355.734
17 80 -284.497
17 81 -224.414
17 82 -174.533
17 83 -133.808
17 84 -101.104
17 85 -75.2705
17 86 -55.1998
17 87 -39.8777
17 88 -28.3577
17 89 -19.8571
17 90 -13.6963
17 91 -9.29262
17 92 -6.21089
17 93 -4.08302
17 94 -2.63968
17 95 -1.66525
17 96 -1.05609
17 97 -0.620907
17 98 -0.351255
17 99 -0.131637
17 100 0

18 0 0
18 1 -0.211766
18 2 -0.482525
18 3 -0.891786
18 4 -1.44565
18 5 -2.34674
18 6 -3.67408
18 7 -5.65167
18 8 -8.53634
18 9 -12.7198
18 10 -18.6414
18 11 -26.8803
18 12 -38.1635
18 13 -53.3291
18 14 -73.3769
18 15 -99.4369
18 16 -132.731
18 17 -174.533
18 18 -226.168
18 19 -288.841
18 20 -363.688
18 21 -451.577
18 22 -553.102
18 23 -668.473
18 24 -797.466
18 25 -939.369
18 26 -1093.03
18 27 -1256.75
18 28 -1428.53
18 29 -1605.92
18 30 -1786.34
18 31 -1967.02
18 32 -2145.23
18 33 -2318.36
18 34 -2484.04
18 35 -2640.22
18 36 -2785.26
18 37 -2917.95
18 38 -3037.53
18 39 -3143.65
18 40 -3236.41
18 41 -3316.21
18 42 -3383.75
18 43 -3439.9
18 44 -3485.71
18 45 -3522.2
18 46 -3550.43
18 47 -3571.29
18 48 -3585.61
18 49 -3593.94
18 50 -3596.69
18 51 -3593.94
18 52 -3585.61
18 53 -3571.29
18 54 -3550.43
18 55 -3522.2
18 56 -3485.71
18 57 -3439.9
18 58 -3383.75
18 59 -3316.21
18 60 -3236.41
18 61 -3143.65
18 62 -3037.53
18 63 -2917.95
18 64 -2785.26
18 65 -2640.22
18 66 -2484.04
18 67 -2318.36
18 68 -2145.23
18 69 -1967.02
18 70 -1786.34
18 71 -1605.92
18 72 -1428.53
18 73 -1256.75
18 74 -1093.03
18 75 -939.369
18 76 -797.466
18 77 -668.473
18 78 -553.102
18 79 -451.577
18 80 -363.688
18 81 -288.841
18 82 -226.168
18 83 -174.533
18 84 -132.731
18 85 -99.4369
18 86 -73.3769
18 87 -53.3291
18 88 -38.1635
18 89 -26.8803
18 90 -18.6414
18 91 -12.7198
18 92 -8.53634
18 93 -5.65167
18 94 -3.67408
18 95 -2.34674
18 96 -1.44565
18 97 -0.891786
18 98 -0.482525
18 99 -0.211766
18 100 0

19 0 0
19 1 -0.309683
19 2 -0.683618
19 3 -1.20783
19 4 -2.03165
19 5 -3.22332
19 6 -5.03983
19 7 -7.69874
19 8 -11.5962
19 9 -17.1795
19 10 -25.0246
19 11 -35.8753
19 12 -50.6304
19 13 -70.3325
19 14 -96.1846
19 15 -129.537
19 16 -171.783
19 17 -224.414
19 18 -288.841
19 19 -366.371
19 20 -458.082
19 21 -564.742
19 22 -686.681
19 23 -823.785
19 24 -975.325
19 25 -1140.09
19 26 -1316.22
19 27 -1501.44
19 28 -1693
19 29 -1887.87
19 30 -2082.83
19 31 -2274.7
19 32 -2460.38
19 33 -2637.09
19 34 -2802.41
19 35 -2954.45
19 36 -3091.81
19 37 -3213.7
19 38 -3319.84
19 39 -3410.52
19 40 -3486.41
19 41 -3548.6
19 42 -3598.4
19 43 -3637.35
19 44 -3667.01
19 45 -3688.97
19 46 -3704.67
19 47 -3715.43
19 48 -3722.3
19 49 -3726.11
19 50 -3727.31
19 51 -3726.11
19 52 -3722.3
19 53 -3715.43
19 54 -3704.67
19 55 -3688.97
19 56 -3667.01
19 57 -3637.35
19 58 -3598.4
19 59 -3548.6
19 60 -3486.41
19 61 -3410.52
19 62 -3319.84
19 63 -3213.7
19 64 -3091.81
19 65 -2954.45
19 66 -2802.41
19 67 -2637.09
19 68 -2460.38
19 69 -2274.7
19 70 -2082.83
19 71 -1887.87
19 72 -1693
19 73 -1501.44
19 74 -1316.22
19 75 -1140.09
19 76 -975.325
19 77 -823.785
19 78 -686.681
19 79 -564.742
19 80 -458.082
19 81 -366.371
19 82 -288.841
19 83 -224.414
19 84 -171.783
19 85 -129.537
19 86 -96.1846
19 87 -70.3325
19 88 -50.6304
19 89 -35.8753
19 90 -25.0246
19 91 -17.1795
19 92 -11.5962
19 93 -7.69874
19 94 -5.03983
19 95 -3.22332
19 96 -2.03165
19 97 -1.20783
19 98 -0.683618
19 99 -0.309683
19 100 0

20 0 0
20 1 -0.416222
20 2 -0.949871
20 3 -1.68153
20 4 -2.74386
20 5 -4.39433
20 6 -6.8092
20 7 -10.3764
20 8 -15.5325
20 9 -22.8731
20 10 -33.1306
20 11 -47.2336
20 12 -66.2734
20 13 -91.4961
20 14 -124.358
20 15 -166.395
20 16 -219.237
20 17 -284.497
20 18 -363.688
20 19 -458.082
20 20 -568.672
20 21 -695.941
20 22 -839.899
20 23 -999.879
20 24 -1174.6
20 25 -1362.08
20 26 -1559.78
20 27 -1764.58
20 28 -1973.03
20 29 -2181.39
20 30 -2385.93
20 31 -2583.01
20 32 -2769.34
20 33 -2942.06
20 34 -3098.92
20 35 -3238.31
20 36 -3359.31
20 37 -3461.73
20 38 -3545.98
20 39 -3613.07
20 40 -3664.46
20 41 -3701.97
20 42 -3727.68
20 43 -3743.75
20 44 -3752.38
20 45 -3755.65
20 46 -3755.49
20 47 -3753.53
20 48 -3751.15
20 49 -3749.3
20 50 -3748.63
20 51 -3749.3
20 52 -3751.15
20 53 -3753.53
20 54 -3755.49
20 55 -3755.65
20 56 -3752.38
20 57 -3743.75
20 58 -3727.68
20 59 -3701.97
20 60 -3664.46
20 61 -3613.07
20 62 -3545.98
20 63 -3461.73
20 64 -3359.31
20 65 -3238.31
20 66 -3098.92
20 67 -2942.06
20 68 -2769.34
20 69 -2583.01
20 70 -2385.93
20 71 -2181.39
20 72 -1973.03
20 73 -1764.58
20 74 -1559.78
20 75 -1362.08
20 76 -1174.6
20 77 -999.879
20 78 -839.899
20 79 -695.941
20 80 -568.672
20 81 -458.082
20 82 -363.688
20 83 -284.497
20 84 -219.237
20 85 -166.395
20 86 -124.358
20 87 -91.4961
20 88 -66.2734
20 89 -47.2336
20 90 -33.1306
20 91 -22.8731
20 92 -15.5325
20 93 -10.3764
20 94 -6.8092
20 95 -4.39433
20 96 -2.74386
20 97 -1.68153
20 98 -0.949871
20 99 -0.416222
20 100 0

21 0 0
21 1 -0.597179
21 2 -1.28285
21 3 -2.25652
21 4 -3.72358
21 5 -5.88473
21 6 -9.10276
21 7 -13.7733
21 8 -20.5213
21 9 -30.0553
21 10 -43.295
21 11 -61.3697
21 12 -85.5745
21 13 -117.428
21 14 -158.601
21 15 -210.861
21 16 -275.99
21 17 -355.734
21 18 -451.577
21 19 -564.742
21 20 -695.942
21 21 -845.322
21 22 -1012.33
21 23 -1195.67
21 24 -1393.25
21 25 -1602.31
21 26 -1819.35
21 27 -2040.47
21 28 -2261.37
21 29 -2477.73
21 30 -2685.27
21 31 -2880.08
21 32 -3058.8
21 33 -3218.69
21 34 -3357.87
21 35 -3475.24
21 36 -3570.58
21 37 -3644.47
21 38 -3698.19
21 39 -3733.63
21 40 -3753.11
21 41 -3759.32
21 42 -3755.05
21 43 -3743.21
21 44 -3726.52
21 45 -3707.62
21 46 -3688.79
21 47 -3672.02
21 48 -3658.88
21 49 -3650.53
21 50 -3647.67
21 51 -3650.53
21 52 -3658.88
21 53 -3672.02
21 54 -3688.79
21 55 -3707.62
21 56 -3726.52
21 57 -3743.21
21 58 -3755.05
21 59 -3759.32
21 60 -3753.11
21 61 -3733.63
21 62 -3698.19
21 63 -3644.47
21 64 -3570.58
21 65 -3475.24
21 66 -3357.87
21 67 -3218.69
21 68 -3058.8
21 69 -2880.08
21 70 -2685.27
21 71 -2477.73
21 72 -2261.37
21 73 -2040.47
21 74 -1819.35
21 75 -1602.31
21 76 -1393.25
21 77 -1195.67
21 78 -1012.33
21 79 -845.322
21 80 -695.942
21 81 -564.742
21 82 -451.577
21 83 -355.734
21 84 -275.99
21 85 -210.861
21 86 -158.601
21 87 -117.428
21 88 -85.5745
21 89 -61.3697
21 90 -43.295
21 91 -30.0553
21 92 -20.5213
21 93 -13.7733
21 94 -9.10276
21 95 -5.88473
21 96 -3.72358
21 97 -2.25652
21 98 -1.28285
21 99 -0.597179
21 100 0

22 0 0
22 1 -0.779046
22 2 -1.73219
22 3 -3.02887
22 4 -4.94778
22 5 -7.80426
22 6 -11.9716
22 7 -18.0678
22 8 -26.768
22 9 -38.9808
22 10 -55.8331
22 11 -78.6722
22 12 -109.055
22 13 -148.733
22 14 -199.623
22 15 -263.661
22 16 -342.805
22 17 -438.801
22 18 -553.102
22 19 -686.681
22 20 -839.899
22 21 -1012.33
22 22 -1202.76
22 23 -1409.02
22 24 -1628.15
22 25 -1856.35
22 26 -2089.22
22 27 -2321.92
22 28 -2549.42
22 29 -2766.76
22 30 -2969.35
22 31 -3153.14
22 32 -3314.88
22 33 -3452.24
22 34 -3563.91
22 35 -3649.55
22 36 -3709.87
22 37 -3746.4
22 38 -3761.45
22 39 -3757.87
22 40 -3738.97
22 41 -3708.23
22 42 -3669.26
22 43 -3625.53
22 44 -3580.38
22 45 -3536.78
22 46 -3497.39
22 47 -3464.41
22 48 -3439.59
22 49 -3424.19
22 50 -3418.97
22 51 -3424.19
22 52 -3439.59
22 53 -3464.41
22 54 -3497.39
22 55 -3536.78
22 56 -3580.38
22 57 -3625.53
22 58 -3669.26
22 59 -3708.23
22 60 -3738.97
22 61 -3757.87
22 62 -3761.45
22 63 -3746.4
22 64 -3709.87
22 65 -3649.55
22 66 -3563.91
22 67 -3452.24
22 68 -3314.88
22 69 -3153.14
22 70 -2969.35
22 71 -2766.76
22 72 -2549.42
22 73 -2321.92
22 74 -2089.22
22 75 -1856.35
22 76 -1628.15
22 77 -1409.02
22 78 -1202.76
22 79 -1012.33
22 80 -839.899
22 81 -686.681
22 82 -553.102
22 83 -438.801
22 84 -342.805
22 85 -263.661
22 86 -199.623
22 87 -148.733
22 88 -109.055
22 89 -78.6722
22 90 -55.8331
22 91 -38.9808
22 92 -26.768
22 93 -18.0678
22 94 -11.9716
22 95 -7.80426
22 96 -4.94778
22 97 -3.02887
22 98 -1.73219
22 99 -0.779046
22 100 0

23 0 0
23 1 -1.04289
23 2 -2.28218
23 3 -4.00654
23 4 -6.5029
23 5 -10.1845
23 6 -15.5951
23 7 -23.3822
23 8 -34.4579
23 9 -49.9008
23 10 -71.0788
23 11 -99.5801
23 12 -137.198
23 13 -185.967
23 14 -247.989
23 15 -325.406
23 16 -420.223
23 17 -534.168
23 18 -668.472
23 19 -823.785
23 20 -999.879
23 21 -1195.67
23 22 -1409.02
23 23 -1636.82
23 24 -1874.99
23 25 -2118.71
23 26 -2362.51
23 27 -2600.7
23 28 -2827.54
23 29 -3037.64
23 30 -3226.19
23 31 -3389.29
23 32 -3524.07
23 33 -3628.85
23 34 -3703.16
23 35 -3747.71
23 36 -3764.28
23 37 -3755.56
23 38 -3724.96
23 39 -3676.41
23 40 -3614.12
23 41 -3542.45
23 42 -3465.61
23 43 -3387.68
23 44 -3312.33
23 45 -3242.9
23 46 -3182.18
23 47 -3132.55
23 48 -3095.78
23 49 -3073.22
23 50 -3065.6
23 51 -3073.22
23 52 -3095.78
23 53 -3132.55
23 54 -3182.18
23 55 -3242.9
23 56 -3312.33
23 57 -3387.68
23 58 -3465.61
23 59 -3542.45
23 60 -3614.12
23 61 -3676.41
23 62 -3724.96
23 63 -3755.56
23 64 -3764.28
23 65 -3747.71
23 66 -3703.16
23 67 -3628.85
23 68 -3524.07
23 69 -3389.29
23 70 -3226.19
23 71 -3037.64
23 72 -2827.54
23 73 -2600.7
23 74 -2362.51
23 75 -2118.71
23 76 -1874.99
23 77 -1636.82
23 78 -1409.02
23 79 -1195.67
23 80 -999.879
23 81 -823.785
23 82 -668.472
23 83 -534.168
23 84 -420.223
23 85 -325.406
23 86 -247.989
23 87 -185.967
23 88 -137.198
23 89 -99.5801
23 90 -71.0788
23 91 -49.9008
23 92 -34.4579
23 93 -23.3822
23 94 -15.5951
23 95 -10.1845
23 96 -6.5029
23 97 -4.00654
23 98 -2.28218
23 99 -1.04289
23 100 0

24 0 0
24 1 -1.3585
24 2 -2.99004
24 3 -5.2065
24 4 -8.4462
24 5 -13.1616
24 6 -20.0133
24 7 -29.8867
24 8 -43.7986
24 9 -63.0941
24 10 -89.3646
24 11 -124.447
24 12 -170.435
24 13 -229.58
24 14 -304.203
24 15 -396.527
24 16 -508.586
24 17 -641.914
24 18 -797.466
24 19 -975.325
24 20 -1174.6
24 21 -1393.25
24 22 -1628.15
24 23 -1874.99
24 24 -2128.58
24 25 -2382.87
24 26 -2631.47
24 27 -2867.82
24 28 -3085.65
24 29 -3279.31
24 30 -3444.08
24 31 -3576.44
24 32 -3674.22
24 33 -3736.68
24 34 -3764.48
24 35 -3759.56
24 36 -3725.01
24 37 -3664.73
24 38 -3583.37
24 39 -3485.83
24 40 -3377.27
24 41 -3262.69
24 42 -3146.9
24 43 -3034.31
24 44 -2928.87
24 45 -2833.98
24 46 -2752.54
24 47 -2686.84
24 48 -2638.67
24 49 -2609.27
24 50 -2599.4
24 51 -2609.27
24 52 -2638.67
24 53 -2686.84
24 54 -2752.54
24 55 -2833.98
24 56 -2928.87
24 57 -3034.31
24 58 -3146.9
24 59 -3262.69
24 60 -3377.27
24 61 -3485.83
24 62 -3583.37
24 63 -3664.73
24 64 -3725.01
24 65 -3759.56
24 66 -3764.48
24 67 -3736.68
24 68 -3674.22
24 69 -3576.44
24 70 -3444.08
24 71 -3279.31
24 72 -3085.65
24 73 -2867.82
24 74 -2631.47
24 75 -2382.87
24 76 -2128.58
24 77 -1874.99
24 78 -1628.15
24 79 -1393.25
24 80 -1174.6
24 81 -975.325
24 82 -797.466
24 83 -641.914
24 84 -508.586
24 85 -396.527
24 86 -304.203
24 87 -229.58
24 88 -170.435
24 89 -124.447
24 90 -89.3646
24 91 -63.0941
24 92 -43.7986
24 93 -29.8867
24 94 -20.0133
24 95 -13.1616
24 96 -8.4462
24 97 -5.2065
24 98 -2.99004
24 99 -1.3585
24 100 0

25 0 0
25 1 -1.74263
25 2 -3.85065
25 3 -6.72736
25 4 -10.8055
25 5 -16.7667
25 6 -25.4067
25 7 -37.721
25 8 -54.9995
25 9 -78.7859
25 10 -110.957
25 11 -153.626
25 12 -209.131
25 13 -279.966
25 14 -368.562
25 15 -477.234
25 16 -607.872
25 17 -761.77
25 18 -939.369
25 19 -1140.09
25 20 -1362.08
25 21 -1602.31
25 22 -1856.35
25 23 -2118.71
25 24 -2382.87
25 25 -2641.71
25 26 -2887.88
25 27 -3114.13
25 28 -3313.84
25 29 -3481.4
25 30 -3612.45
25 31 -3704.22
25 32 -3755.52
25 33 -3766.9
25 34 -3740.35
25 35 -3679.29
25 36 -3588.17
25 37 -3472.27
25 38 -3337.33
25 39 -3189.27
25 40 -3033.95
25 41 -2876.95
25 42 -2723.38
25 43 -2577.83
25 44 -2444.25
25 45 -2325.99
25 46 -2225.76
25 47 -2145.71
25 48 -2087.42
25 49 -2052.03
25 50 -2040.16
25 51 -2052.03
25 52 -2087.42
25 53 -2145.71
25 54 -2225.76
25 55 -2325.99
25 56 -2444.25
25 57 -2577.83
25 58 -2723.38
25 59 -2876.95
25 60 -3033.95
25 61 -3189.27
25 62 -3337.33
25 63 -3472.27
25 64 -3588.17
25 65 -3679.29
25 66 -3740.35
25 67 -3766.9
25 68 -3755.52
25 69 -3704.22
25 70 -3612.45
25 71 -3481.4
25 72 -3313.84
25 73 -3114.13
25 74 -2887.88
25 75 -2641.71
25 76 -2382.87
25 77 -2118.71
25 78 -1856.35
25 79 -1602.31
25 80 -1362.08
25 81 -1140.09
25 82 -939.369
25 83 -761.77
25 84 -607.872
25 85 -477.234
25 86 -368.562
25 87 -279.966
25 88 -209.131
25 89 -153.626
25 90 -110.957
25 91 -78.7859
25 92 -54.9995
25 93 -37.721
25 94 -25.4067
25 95 -16.7667
25 96 -10.8055
25 97 -6.72736
25 98 -3.85065
25 99 -1.74263
25 100 0

26 0 0
26 1 -2.23628
26 2 -4.91217
26 3 -8.5181
26 4 -13.6891
26 5 -21.1244
26 6 -31.8391
26 7 -47.0429
26 8 -68.2116
26 9 -97.2056
26 10 -136.134
26 11 -187.379
26 12 -253.553
26 13 -337.303
26 14 -441.194
26 15 -567.463
26 16 -717.804
26 17 -893.048
26 18 -1093.03
26 19 -1316.22
26 20 -1559.78
26 21 -1819.35
26 22 -2089.22
26 23 -2362.51
26 24 -2631.47
26 25 -2887.88
26 26 -3123.57
26 27 -3330.83
26 28 -3503.01
26 29 -3634.8
26 30 -3722.6
26 31 -3764.69
26 32 -3761.27
26 33 -3714.36
26 34 -3627.59
26 35 -3505.94
26 36 -3355.34
26 37 -3182.35
26 38 -2993.78
26 39 -2796.33
26 40 -2596.46
26 41 -2399.98
26 42 -2212.16
26 43 -2037.41
26 44 -1879.55
26 45 -1741.52
26 46 -1625.78
26 47 -1534.07
26 48 -1467.72
26 49 -1427.56
26 50 -1414.14
26 51 -1427.56
26 52 -1467.72
26 53 -1534.07
26 54 -1625.78
26 55 -1741.52
26 56 -1879.55
26 57 -2037.41
26 58 -2212.16
26 59 -2399.98
26 60 -2596.46
26 61 -2796.33
26 62 -2993.78
26 63 -3182.35
26 64 -3355.34
26 65 -3505.94
26 66 -3627.59
26 67 -3714.36
26 68 -3761.27
26 69 -3764.69
26 70 -3722.6
26 71 -3634.8
26 72 -3503.01
26 73 -3330.83
26 74 -3123.57
26 75 -2887.88
26 76 -2631.47
26 77 -2362.51
26 78 -2089.22
26 79 -1819.35
26 80 -1559.78
26 81 -1316.22
26 82 -1093.03
26 83 -893.048
26 84 -717.804
26 85 -567.463
26 86 -441.194
26 87 -337.303
26 88 -253.553
26 89 -187.379
26 90 -136.134
26 91 -97.2056
26 92 -68.2116
26 93 -47.0429
26 94 -31.8391
26 95 -21.1244
26 96 -13.6891
26 97 -8.5181
26 98 -4.91217
26 99 -2.23628
26 100 0

27 0 0
27 1 -2.80394
27 2 -6.17857
27 3 -10.7174
27 4 -17.0926
27 5 -26.2925
27 6 -39.4335
27 7 -57.9602
27 8 -83.6326
27 9 -118.525
27 10 -165.056
27 11 -225.881
27 12 -303.82
27 13 -401.679
27 14 -522.001
27 15 -666.909
27 16 -837.697
27 17 -1034.66
27 18 -1256.75
27 19 -1501.44
27 20 -1764.58
27 21 -2040.47
27 22 -2321.92
27 23 -2600.7
27 24 -2867.82
27 25 -3114.13
27 26 -3330.83
27 27 -3510.07
27 28 -3645.45
27 29 -3732.36
27 30 -3768.33
27 31 -3753.07
27 32 -3688.41
27 33 -3578.17
27 34 -3427.71
27 35 -3243.69
27 36 -3033.45
27 37 -2804.77
27 38 -2565.3
27 39 -2322.4
27 40 -2082.7
27 41 -1852.14
27 42 -1635.67
27 43 -1437.45
27 44 -1260.7
27 45 -1107.95
27 46 -980.998
27 47 -881.178
27 48 -809.34
27 49 -766.05
27 50 -751.582
27 51 -766.05
27 52 -809.34
27 53 -881.178
27 54 -980.998
27 55 -1107.95
27 56 -1260.7
27 57 -1437.45
27 58 -1635.67
27 59 -1852.14
27 60 -2082.7
27 61 -2322.4
27 62 -2565.3
27 63 -2804.77
27 64 -3033.45
27 65 -3243.69
27 66 -3427.71
27 67 -3578.17
27 68 -3688.41
27 69 -3753.07
27 70 -3768.33
27 71 -3732.36
27 72 -3645.45
27 73 -3510.07
27 74 -3330.83
27 75 -3114.13
27 76 -2867.82
27 77 -2600.7
27 78 -2321.92
27 79 -2040.47
27 80 -1764.58
27 81 -1501.44
27 82 -1256.75
27 83 -1034.66
27 84 -837.697
27 85 -666.909
27 86 -522.001
27 87 -401.679
27 88 -303.82
27 89 -225.881
27 90 -165.056
27 91 -118.525
27 92 -83.6326
27 93 -57.9602
27 94 -39.4335
27 95 -26.2925
27 96 -17.0926
27 97 -10.7174
27 98 -6.17857
27 99 -2.80394
27 100 0

28 0 0
28 1 -3.50776
28 2 -7.68973
28 3 -13.2651
28 4 -21.1306
28 5 -32.3272
28 6 -48.279
28 7 -70.6061
28 8 -101.333
28 9 -142.863
28 10 -197.851
28 11 -269.212
28 12 -359.955
28 13 -472.929
28 14 -610.647
28 15 -774.92
28 16 -966.576
28 17 -1185.12
28 18 -1428.53
28 19 -1693
28 20 -1973.03
28 21 -2261.37
28 22 -2549.42
28 23 -2827.54
28 24 -3085.65
28 25 -3313.85
28 26 -3503.01
28 27 -3645.45
28 28 -3735.41
28 29 -3769.38
28 30 -3746.41
28 31 -3667.95
28 32 -3537.79
28 33 -3361.65
28 34 -3146.77
