0 0 0
0 1 0
0 2 0
0 3 0
0 4 0
0 5 0
0 6 0
0 7 0
0 8 0
0 9 0
0 10 0
0 11 0
0 12 0
0 13 0
0 14 0
0 15 0
0 16 0
0 17 0
0 18 0
0 19 0
0 20 0
0 21 0
0 22 0
0 23 0
0 24 0
0 25 0
0 26 0
0 27 0
0 28 0
0 29 0
0 30 0
0 31 0
0 32 0
0 33 0
0 34 0
0 35 0
0 36 0
0 37 0
0 38 0
0 39 0
0 40 0
0 41 0
0 42 0
0 43 0
0 44 0
0 45 0
0 46 0
0 47 0
0 48 0
0 49 0
0 50 0
0 51 0
0 52 0
0 53 0
0 54 0
0 55 0
0 56 0
0 57 0
0 58 0
0 59 0
0 60 0
0 61 0
0 62 0
0 63 0
0 64 0
0 65 0
0 66 0
0 67 0
0 68 0
0 69 0
0 70 0
0 71 0
0 72 0
0 73 0
0 74 0
0 75 0
0 76 0
0 77 0
0 78 0
0 79 0
0 80 0
0 81 0
0 82 0
0 83 0
0 84 0
0 85 0
0 86 0
0 87 0
0 88 0
0 89 0
0 90 0
0 91 0
0 92 0
0 93 0
0 94 0
0 95 0
0 96 0
0 97 0
0 98 0
0 99 0
0 100 0

1 0 0
1 1 0
1 2 0
1 3 0
1 4 0
1 5 0
1 6 0
1 7 0
1 8 0
1 9 0
1 10 0
1 11 0
1 12 -0.027769
1 13 -0.024223
1 14 -0.046262
1 15 -0.0648142
1 16 -0.0555365
1 17 -0.111645
1 18 -0.117726
1 19 -0.197161
1 20 -0.27464
1 21 -0.375618
1 22 -0.537861
1 23 -0.695862
1 24 -0.938938
1 25 -1.20666
1 26 -1.54858
1 27 -1.96966
1 28 -2.45401
1 29 -3.05574
1 30 -3.72949
1 31 -4.52675
1 32 -5.41817
1 33 -6.41412
1 34 -7.52175
1 35 -8.70205
1 36 -9.99238
1 37 -11.3178
1 38 -12.7275
1 39 -14.1306
1 40 -15.5714
1 41 -16.9599
1 42 -18.3269
1 43 -19.5936
1 44 -20.7762
1 45 -21.8122
1 46 -22.7079
1 47 -23.4179
1 48 -23.9453
1 49 -24.261
1 50 -24.3715
1 51 -24.261
1 52 -23.9453
1 53 -23.4179
1 54 -22.7079
1 55 -21.8122
1 56 -20.7762
1 57 -19.5936
1 58 -18.3269
1 59 -16.9599
1 60 -15.5714
1 61 -14.1306
1 62 -12.7275
1 63 -11.3178
1 64 -9.99238
1 65 -8.70205
1 66 -7.52175
1 67 -6.41412
1 68 -5.41817
1 69 -4.52675
1 70 -3.72949
1 71 -3.05574
1 72 -2.45401
1 73 -1.96966
1 74 -1.54858
1 75 -1.20666
1 76 -0.938938
1 77 -0.695862
1 78 -0.537861
1 79 -0.375618
1 80 -0.27464
1 81 -0.197161
1 82 -0.117726
1 83 -0.111645
1 84 -0.0555365
1 85 -0.0648142
1 86 -0.046262
1 87 -0.024223
1 88 -0.027769
1 89 0
1 90 0
1 91 0
1 92 0
1 93 0
1 94 0
1 95 0
1 96 0
1 97 0
1 98 0
1 99 0
1 100 0

2 0 0
2 1 0
2 2 0
2 3 0
2 4 0
2 5 0
2 6 0
2 7 0
2 8 0
2 9 0
2 10 0
2 11 -0.0348893
2 12 -0.031235
2 13 -0.0658719
2 14 -0.0903962
2 15 -0.0988924
2 16 -0.174901
2 17 -0.203095
2 18 -0.328449
2 19 -0.439609
2 20 -0.626929
2 21 -0.863467
2 22 -1.16201
2 23 -1.56311
2 24 -2.04621
2 25 -2.66955
2 26 -3.41703
2 27 -4.33698
2 28 -5.4249
2 29 -6.7158
2 30 -8.2071
2 31 -9.92365
2 32 -11.8542
2 33 -14.0137
2 34 -16.3761
2 35 -18.9439
2 36 -21.6743
2 37 -24.5557
2 38 -27.5291
2 39 -30.5697
2 40 -33.6056
2 41 -36.6029
2 42 -39.4821
2 43 -42.2067
2 44 -44.6964
2 45 -46.9194
2 46 -48.8026
2 47 -50.3261
2 48 -51.4305
2 49 -52.1135
2 50 -52.335
2 51 -52.1135
2 52 -51.4305
2 53 -50.3261
2 54 -48.8026
2 55 -46.9194
2 56 -44.6964
2 57 -42.2067
2 58 -39.4821
2 59 -36.6029
2 60 -33.6056
2 61 -30.5697
2 62 -27.5291
2 63 -24.5557
2 64 -21.6743
2 65 -18.9439
2 66 -16.3761
2 67 -14.0137
2 68 -11.8542
2 69 -9.92365
2 70 -8.2071
2 71 -6.7158
2 72 -5.4249
2 73 -4.33698
2 74 -3.41703
2 75 -2.66955
2 76 -2.04621
2 77 -1.56311
2 78 -1.16201
2 79 -0.863467
2 80 -0.626929
2 81 -0.439609
2 82 -0.328449
2 83 -0.203095
2 84 -0.174901
2 85 -0.0988924
2 86 -0.0903962
2 87 -0.0658719
2 88 -0.031235
2 89 -0.0348893
2 90 0
2 91 0
2 92 0
2 93 0
2 94 0
2 95 0
2 96 0
2 97 0
2 98 0
2 99 0
2 100 0

3 0 0
3 1 0
3 2 0
3 3 0
3 4 0
3 5 0
3 6 0
3 7 0
3 8 0
3 9 0
3 10 -0.0418672
3 11 -0.038443
3 12 -0.066905
3 13 -0.100973
3 14 -0.119734
3 15 -0.205039
3 16 -0.276452
3 17 -0.419043
3 18 -0.579125
3 19 -0.826701
3 20 -1.11597
3 21 -1.54448
3 22 -2.05432
3 23 -2.7491
3 24 -3.60524
3 25 -4.66955
3 26 -5.99717
3 27 -7.55675
3 28 -9.46517
3 29 -11.6475
3 30 -14.2235
3 31 -17.1216
3 32 -20.4128
3 33 -24.0512
3 34 -28.0397
3 35 -32.3509
3 36 -36.929
3 37 -41.7445
3 38 -46.7051
3 39 -51.7615
3 40 -56.8073
3 41 -61.7675
3 42 -66.5396
3 43 -71.0279
3 44 -75.1472
3 45 -78.7938
3 46 -81.9089
3 47 -84.3957
3 48 -86.2287
3 49 -87.3312
3 50 -87.7143
3 51 -87.3312
3 52 -86.2287
3 53 -84.3957
3 54 -81.9089
3 55 -78.7938
3 56 -75.1472
3 57 -71.0279
3 58 -66.5396
3 59 -61.7675
3 60 -56.8073
3 61 -51.7615
3 62 -46.7051
3 63 -41.7445
3 64 -36.929
3 65 -32.3509
3 66 -28.0397
3 67 -24.0512
3 68 -20.4128
3 69 -17.1216
3 70 -14.2235
3 71 -11.6475
3 72 -9.46517
3 73 -7.55675
3 74 -5.99717
3 75 -4.66955
3 76 -3.60524
3 77 -2.7491
3 78 -2.05432
3 79 -1.54448
3 80 -1.11597
3 81 -0.826701
3 82 -0.579125
3 83 -0.419043
3 84 -0.276452
3 85 -0.205039
3 86 -0.119734
3 87 -0.100973
3 88 -0.066905
3 89 -0.038443
3 90 -0.0418672
3 91 0
3 92 0
3 93 0
3 94 0
3 95 0
3 96 0
3 97 0
3 98 0
3 99 0
3 100 0

4 0 0
4 1 0
4 2 0
4 3 0
4 4 0
4 5 0
4 6 0
4 7 0
4 8 0
4 9 -0.0479941
4 10 -0.0451706
4 11 -0.0650631
4 12 -0.108574
4 13 -0.132979
4 14 -0.22626
4 15 -0.329342
4 16 -0.486799
4 17 -0.693207
4 18 -0.989301
4 19 -1.3503
4 20 -1.88611
4 21 -2.52698
4 22 -3.41772
4 23 -4.50763
4 24 -5.90214
4 25 -7.62165
4 26 -9.70443
4 27 -12.2327
4 28 -15.1948
4 29 -18.6929
4 30 -22.6879
4 31 -27.2648
4 32 -32.3648
4 33 -38.0356
4 34 -44.1944
4 35 -50.8449
4 36 -57.8746
4 37 -65.2445
4 38 -72.8123
4 39 -80.5031
4 40 -88.1519
4 41 -95.6597
4 42 -102.852
4 43 -109.62
4 44 -115.797
4 45 -121.283
4 46 -125.933
4 47 -129.673
4 48 -132.394
4 49 -134.063
4 50 -134.614
4 51 -134.063
4 52 -132.394
4 53 -129.673
4 54 -125.933
4 55 -121.283
4 56 -115.797
4 57 -109.62
4 58 -102.852
4 59 -95.6597
4 60 -88.1519
4 61 -80.5031
4 62 -72.8123
4 63 -65.2445
4 64 -57.8746
4 65 -50.8449
4 66 -44.1944
4 67 -38.0356
4 68 -32.3648
4 69 -27.2648
4 70 -22.6879
4 71 -18.6929
4 72 -15.1948
4 73 -12.2327
4 74 -9.70443
4 75 -7.62165
4 76 -5.90214
4 77 -4.50763
4 78 -3.41772
4 79 -2.52698
4 80 -1.88611
4 81 -1.3503
4 82 -0.989301
4 83 -0.693207
4 84 -0.486799
4 85 -0.329342
4 86 -0.22626
4 87 -0.132979
4 88 -0.108574
4 89 -0.0650631
4 90 -0.0451706
4 91 -0.0479941
4 92 0
4 93 0
4 94 0
4 95 0
4 96 0
4 97 0
4 98 0
4 99 0
4 100 0

5 0 0
5 1 0
5 2 0
5 3 0
5 4 0
5 5 0
5 6 0
5 7 0
5 8 -0.052565
5 9 -0.0506792
5 10 -0.0614965
5 11 -0.113227
5 12 -0.149119
5 13 -0.247285
5 14 -0.370643
5 15 -0.547461
5 16 -0.781702
5 17 -1.12962
5 18 -1.56783
5 19 -2.20078
5 20 -3.00214
5 21 -4.0762
5 22 -5.43218
5 23 -7.16736
5 24 -9.3092
5 25 -11.9689
5 26 -15.1677
5 27 -19.0188
5 28 -23.5445
5 29 -28.8144
5 30 -34.8708
5 31 -41.6991
5 32 -49.3607
5 33 -57.7458
5 34 -66.9105
5 35 -76.6651
5 36 -87.0296
5 37 -97.7611
5 38 -108.824
5 39 -119.95
5 40 -131.048
5 41 -141.848
5 42 -152.217
5 43 -161.905
5 44 -170.767
5 45 -178.588
5 46 -185.236
5 47 -190.55
5 48 -194.436
5 49 -196.795
5 50 -197.592
5 51 -196.795
5 52 -194.436
5 53 -190.55
5 54 -185.236
5 55 -178.588
5 56 -170.767
5 57 -161.905
5 58 -152.217
5 59 -141.848
5 60 -131.048
5 61 -119.95
5 62 -108.824
5 63 -97.7611
5 64 -87.0296
5 65 -76.6651
5 66 -66.9105
5 67 -57.7458
5 68 -49.3607
5 69 -41.6991
5 70 -34.8708
5 71 -28.8144
5 72 -23.5445
5 73 -19.0188
5 74 -15.1677
5 75 -11.9689
5 76 -9.3092
5 77 -7.16736
5 78 -5.43218
5 79 -4.0762
5 80 -3.00214
5 81 -2.20078
5 82 -1.56783
5 83 -1.12962
5 84 -0.781702
5 85 -0.547461
5 86 -0.370643
5 87 -0.247285
5 88 -0.149119
5 89 -0.113227
5 90 -0.0614965
5 91 -0.0506792
5 92 -0.052565
5 93 0
5 94 0
5 95 0
5 96 0
5 97 0
5 98 0
5 99 0
5 100 0

6 0 0
6 1 0
6 2 0
6 3 0
6 4 0
6 5 0
6 6 0
6 7 -0.0550098
6 8 -0.0542991
6 9 -0.057797
6 10 -0.115537
6 11 -0.166165
6 12 -0.267327
6 13 -0.4024
6 14 -0.60148
6 15 -0.857847
6 16 -1.2573
6 17 -1.77321
6 18 -2.50169
6 19 -3.46331
6 20 -4.72779
6 21 -6.36224
6 22 -8.45875
6 23 -11.0729
6 24 -14.3526
6 25 -18.3239
6 26 -23.1555
6 27 -28.8697
6 28 -35.5937
6 29 -43.3648
6 30 -52.2268
6 31 -62.2195
6 32 -73.2904
6 33 -85.452
6 34 -98.5597
6 35 -112.573
6 36 -127.268
6 37 -142.542
6 38 -158.107
6 39 -173.807
6 40 -189.312
6 41 -204.438
6 42 -218.837
6 43 -232.323
6 44 -244.565
6 45 -255.401
6 46 -264.546
6 47 -271.889
6 48 -277.212
6 49 -280.479
6 50 -281.551
6 51 -280.479
6 52 -277.212
6 53 -271.889
6 54 -264.546
6 55 -255.401
6 56 -244.565
6 57 -232.323
6 58 -218.837
6 59 -204.438
6 60 -189.312
6 61 -173.807
6 62 -158.107
6 63 -142.542
6 64 -127.268
6 65 -112.573
6 66 -98.5597
6 67 -85.452
6 68 -73.2904
6 69 -62.2195
6 70 -52.2268
6 71 -43.3648
6 72 -35.5937
6 73 -28.8697
6 74 -23.1555
6 75 -18.3239
6 76 -14.3526
6 77 -11.0729
6 78 -8.45875
6 79 -6.36224
6 80 -4.72779
6 81 -3.46331
6 82 -2.50169
6 83 -1.77321
6 84 -1.2573
6 85 -0.857847
6 86 -0.60148
6 87 -0.4024
6 88 -0.267327
6 89 -0.166165
6 90 -0.115537
6 91 -0.057797
6 92 -0.0542991
6 93 -0.0550098
6 94 0
6 95 0
6 96 0
6 97 0
6 98 0
6 99 0
6 100 0

7 0 0
7 1 0
7 2 0
7 3 0
7 4 0
7 5 0
7 6 -0.0550098
7 7 -0.0555619
7 8 -0.0554848
7 9 -0.116398
7 10 -0.180702
7 11 -0.284478
7 12 -0.422653
7 13 -0.644656
7 14 -0.9273
7 15 -1.37192
7 16 -1.9663
7 17 -2.7888
7 18 -3.89643
7 19 -5.36387
7 20 -7.2743
7 21 -9.75472
7 22 -12.8819
7 23 -16.8213
7 24 -21.6618
7 25 -27.5618
7 26 -34.6265
7 27 -42.9844
7 28 -52.7222
7 29 -63.9313
7 30 -76.6361
7 31 -90.8731
7 32 -106.582
7 33 -123.714
7 34 -142.128
7 35 -161.66
7 36 -182.106
7 37 -203.186
7 38 -224.65
7 39 -246.122
7 40 -267.336
7 41 -287.854
7 42 -307.422
7 43 -325.588
7 44 -342.137
7 45 -356.646
7 46 -368.967
7 47 -378.746
7 48 -385.92
7 49 -390.23
7 50 -391.718
7 51 -390.23
7 52 -385.92
7 53 -378.746
7 54 -368.967
7 55 -356.646
7 56 -342.137
7 57 -325.588
7 58 -307.422
7 59 -287.854
7 60 -267.336
7 61 -246.122
7 62 -224.65
7 63 -203.186
7 64 -182.106
7 65 -161.66
7 66 -142.128
7 67 -123.714
7 68 -106.582
7 69 -90.8731
7 70 -76.6361
7 71 -63.9313
7 72 -52.7222
7 73 -42.9844
7 74 -34.6265
7 75 -27.5618
7 76 -21.6618
7 77 -16.8213
7 78 -12.8819
7 79 -9.75472
7 80 -7.2743
7 81 -5.36387
7 82 -3.89643
7 83 -2.7888
7 84 -1.9663
7 85 -1.37192
7 86 -0.9273
7 87 -0.644656
7 88 -0.422653
7 89 -0.284478
7 90 -0.180702
7 91 -0.116398
7 92 -0.0554848
7 93 -0.0555619
7 94 -0.0550098
7 95 0
7 96 0
7 97 0
7 98 0
7 99 0
7 100 0

8 0 0
8 1 0
8 2 0
8 3 0
8 4 0
8 5 -0.052565
8 6 -0.0542991
8 7 -0.0554848
8 8 -0.116583
8 9 -0.189122
8 10 -0.296223
8 11 -0.432933
8 12 -0.674897
8 13 -0.988881
8 14 -1.47016
8 15 -2.13433
8 16 -3.04924
8 17 -4.28824
8 18 -5.96194
8 19 -8.15139
8 20 -11.0232
8 21 -14.6895
8 22 -19.3214
8 23 -25.088
8 24 -32.1466
8 25 -40.6832
8 26 -50.8544
8 27 -62.7961
8 28 -76.6541
8 29 -92.4727
8 30 -110.34
8 31 -130.198
8 32 -152.023
8 33 -175.656
8 34 -200.93
8 35 -227.594
8 36 -255.337
8 37 -283.83
8 38 -312.648
8 39 -341.41
8 40 -369.623
8 41 -396.887
8 42 -422.697
8 43 -446.675
8 44 -468.349
8 45 -487.406
8 46 -503.448
8 47 -516.259
8 48 -525.545
8 49 -531.212
8 50 -533.089
8 51 -531.212
8 52 -525.545
8 53 -516.259
8 54 -503.448
8 55 -487.406
8 56 -468.349
8 57 -446.675
8 58 -422.697
8 59 -396.887
8 60 -369.623
8 61 -341.41
8 62 -312.648
8 63 -283.83
8 64 -255.337
8 65 -227.594
8 66 -200.93
8 67 -175.656
8 68 -152.023
8 69 -130.198
8 70 -110.34
8 71 -92.4727
8 72 -76.6541
8 73 -62.7961
8 74 -50.8544
8 75 -40.6832
8 76 -32.1466
8 77 -25.088
8 78 -19.3214
8 79 -14.6895
8 80 -11.0232
8 81 -8.15139
8 82 -5.96194
8 83 -4.28824
8 84 -3.04924
8 85 -2.13433
8 86 -1.47016
8 87 -0.988881
8 88 -0.674897
8 89 -0.432933
8 90 -0.296223
8 91 -0.189122
8 92 -0.116583
8 93 -0.0554848
8 94 -0.0542991
8 95 -0.052565
8 96 0
8 97 0
8 98 0
8 99 0
8 100 0

9 0 0
9 1 0
9 2 0
9 3 0
9 4 -0.0479941
9 5 -0.0506792
9 6 -0.057797
9 7 -0.116398
9 8 -0.189122
9 9 -0.300419
9 10 -0.436703
9 11 -0.69228
9 12 -1.03712
9 13 -1.54739
9 14 -2.26365
9 15 -3.26681
9 16 -4.62701
9 17 -6.49588
9 18 -8.96682
9 19 -12.2211
9 20 -16.4291
9 21 -21.7737
9 22 -28.487
9 23 -36.7775
9 24 -46.8746
9 25 -59.0091
9 26 -73.3652
9 27 -90.1385
9 28 -109.446
9 29 -131.381
9 30 -155.962
9 31 -183.14
9 32 -212.798
9 33 -244.732
9 34 -278.668
9 35 -314.263
9 36 -351.089
9 37 -388.694
9 38 -426.541
9 39 -464.105
9 40 -500.799
9 41 -536.078
9 42 -569.364
9 43 -600.142
9 44 -627.903
9 45 -652.204
9 46 -672.649
9 47 -688.903
9 48 -700.708
9 49 -707.865
9 50 -710.267
9 51 -707.865
9 52 -700.708
9 53 -688.903
9 54 -672.649
9 55 -652.204
9 56 -627.903
9 57 -600.142
9 58 -569.364
9 59 -536.078
9 60 -500.799
9 61 -464.105
9 62 -426.541
9 63 -388.694
9 64 -351.089
9 65 -314.263
9 66 -278.668
9 67 -244.732
9 68 -212.798
9 69 -183.14
9 70 -155.962
9 71 -131.381
9 72 -109.446
9 73 -90.1385
9 74 -73.3652
9 75 -59.0091
9 76 -46.8746
9 77 -36.7775
9 78 -28.487
9 79 -21.7737
9 80 -16.4291
9 81 -12.2211
9 82 -8.96682
9 83 -6.49588
9 84 -4.62701
9 85 -3.26681
9 86 -2.26365
9 87 -1.54739
9 88 -1.03712
9 89 -0.69228
9 90 -0.436703
9 91 -0.300419
9 92 -0.189122
9 93 -0.116398
9 94 -0.057797
9 95 -0.0506792
9 96 -0.0479941
9 97 0
9 98 0
9 99 0
9 100 0

10 0 0
10 1 0
10 2 0
10 3 -0.0418672
10 4 -0.0451706
10 5 -0.0614965
10 6 -0.115537
10 7 -0.180702
10 8 -0.296223
10 9 -0.436703
10 10 -0.697881
10 11 -1.06414
10 12 -1.59751
10 13 -2.34801
10 14 -3.4284
10 15 -4.90284
10 16 -6.9431
10 17 -9.68012
10 18 -13.2974
10 19 -18.0209
10 20 -24.0785
10 21 -31.7376
10 22 -41.2916
10 23 -53.014
10 24 -67.2072
10 25 -84.1399
10 26 -104.044
10 27 -127.14
10 28 -153.539
10 29 -183.336
10 30 -216.494
10 31 -252.915
10 32 -292.396
10 33 -334.622
10 34 -379.221
10 35 -425.683
10 36 -473.484
10 37 -521.975
10 38 -570.526
10 39 -618.423
10 40 -664.99
10 41 -709.522
10 42 -751.363
10 43 -789.882
10 44 -824.501
10 45 -854.707
10 46 -880.045
10 47 -900.152
10 48 -914.721
10 49 -923.554
10 50 -926.507
10 51 -923.554
10 52 -914.721
10 53 -900.152
10 54 -880.045
10 55 -854.707
10 56 -824.501
10 57 -789.882
10 58 -751.363
10 59 -709.522
10 60 -664.99
10 61 -618.423
10 62 -570.526
10 63 -521.975
10 64 -473.484
10 65 -425.683
10 66 -379.221
10 67 -334.622
10 68 -292.396
10 69 -252.915
10 70 -216.494
10 71 -183.336
10 72 -153.539
10 73 -127.14
10 74 -104.044
10 75 -84.1399
10 76 -67.2072
10 77 -53.014
10 78 -41.2916
10 79 -31.7376
10 80 -24.0785
10 81 -18.0209
10 82 -13.2974
10 83 -9.68012
10 84 -6.9431
10 85 -4.90284
10 86 -3.4284
10 87 -2.34801
10 88 -1.59751
10 89 -1.06414
10 90 -0.697881
10 91 -0.436703
10 92 -0.296223
10 93 -0.180702
10 94 -0.115537
10 95 -0.0614965
10 96 -0.0451706
10 97 -0.0418672
10 98 0
10 99 0
10 100 0

11 0 0
11 1 0
11 2 -0.0348893
11 3 -0.038443
11 4 -0.0650631
11 5 -0.113227
11 6 -0.166165
11 7 -0.284478
11 8 -0.432932
11 9 -0.692281
11 10 -1.06414
11 11 -1.61498
11 12 -2.38856
11 13 -3.52672
11 14 -5.10235
11 15 -7.28362
11 16 -10.2473
11 17 -14.198
11 18 -19.3928
11 19 -26.1322
11 20 -34.718
11 21 -45.516
11 22 -58.8822
11 23 -75.1712
11 24 -94.7627
11 25 -117.949
11 26 -145.039
11 27 -176.222
11 28 -211.636
11 29 -251.308
11 30 -295.147
11 31 -342.96
11 32 -394.416
11 33 -449.074
11 34 -506.388
11 35 -565.701
11 36 -626.301
11 37 -687.388
11 38 -748.153
11 39 -807.745
11 40 -865.342
11 41 -920.128
11 42 -971.341
11 43 -1018.27
11 44 -1060.27
11 45 -1096.79
11 46 -1127.33
11 47 -1151.5
11 48 -1168.98
11 49 -1179.56
11 50 -1183.1
11 51 -1179.56
11 52 -1168.98
11 53 -1151.5
11 54 -1127.33
11 55 -1096.79
11 56 -1060.27
11 57 -1018.27
11 58 -971.341
11 59 -920.128
11 60 -865.342
11 61 -807.745
11 62 -748.153
11 63 -687.388
11 64 -626.301
11 65 -565.701
11 66 -506.388
11 67 -449.074
11 68 -394.416
11 69 -342.96
11 70 -295.147
11 71 -251.308
11 72 -211.636
11 73 -176.222
11 74 -145.039
11 75 -117.949
11 76 -94.7627
11 77 -75.1712
11 78 -58.8822
11 79 -45.516
11 80 -34.718
11 81 -26.1322
11 82 -19.3928
11 83 -14.198
11 84 -10.2473
11 85 -7.28362
11 86 -5.10235
11 87 -3.52672
11 88 -2.38856
11 89 -1.61498
11 90 -1.06414
11 91 -0.692281
11 92 -0.432932
11 93 -0.284478
11 94 -0.166165
11 95 -0.113227
11 96 -0.0650631
11 97 -0.038443
11 98 -0.0348893
11 99 0
11 100 0

12 0 0
12 1 -0.027769
12 2 -0.031235
12 3 -0.066905
12 4 -0.108574
12 5 -0.149118
12 6 -0.267327
12 7 -0.422653
12 8 -0.674897
12 9 -1.03712
12 10 -1.59751
12 11 -2.38856
12 12 -3.55956
12 13 -5.20849
12 14 -7.49837
12 15 -10.6358
12 16 -14.8743
12 17 -20.4884
12 18 -27.8422
12 19 -37.301
12 20 -49.2774
12 21 -64.2343
12 22 -82.5972
12 23 -104.842
12 24 -131.374
12 25 -162.572
12 26 -198.738
12 27 -240.069
12 28 -286.648
12 29 -338.437
12 30 -395.222
12 31 -456.692
12 32 -522.323
12 33 -591.527
12 34 -663.526
12 35 -737.499
12 36 -812.507
12 37 -887.587
12 38 -961.744
12 39 -1033.98
12 40 -1103.36
12 41 -1168.94
12 42 -1229.91
12 43 -1285.48
12 44 -1334.99
12 45 -1377.84
12 46 -1413.56
12 47 -1441.74
12 48 -1462.09
12 49 -1474.37
12 50 -1478.49
12 51 -1474.37
12 52 -1462.09
12 53 -1441.74
12 54 -1413.56
12 55 -1377.84
12 56 -1334.99
12 57 -1285.48
12 58 -1229.91
12 59 -1168.94
12 60 -1103.36
12 61 -1033.98
12 62 -961.744
12 63 -887.587
12 64 -812.507
12 65 -737.499
12 66 -663.526
12 67 -591.527
12 68 -522.323
12 69 -456.692
12 70 -395.222
12 71 -338.437
12 72 -286.648
12 73 -240.069
12 74 -198.738
12 75 -162.572
12 76 -131.374
12 77 -104.842
12 78 -82.5972
12 79 -64.2343
12 80 -49.2774
12 81 -37.301
12 82 -27.8422
12 83 -20.4884
12 84 -14.8743
12 85 -10.6358
12 86 -7.49837
12 87 -5.20849
12 88 -3.55956
12 89 -2.38856
12 90 -1.59751
12 91 -1.03712
12 92 -0.674897
12 93 -0.422653
12 94 -0.267327
12 95 -0.149118
12 96 -0.108574
12 97 -0.066905
12 98 -0.031235
12 99 -0.027769
12 100 0

13 0 0
13 1 -0.024223
13 2 -0.0658719
13 3 -0.100973
13 4 -0.132979
13 5 -0.247285
13 6 -0.4024
13 7 -0.644655
13 8 -0.988881
13 9 -1.54739
13 10 -2.34801
13 11 -3.52672
13 12 -5.20849
13 13 -7.57198
13 14 -10.8312
13 15 -15.2918
13 16 -21.259
13 17 -29.1307
13 18 -39.3578
13 19 -52.4076
13 20 -68.8335
13 21 -89.1764
13 22 -113.992
13 23 -143.821
13 24 -179.139
13 25 -220.342
13 26 -267.742
13 27 -321.465
13 28 -381.547
13 29 -447.777
13 30 -519.835
13 31 -597.164
13 32 -679.076
13 33 -764.71
13 34 -853.087
13 35 -943.133
13 36 -1033.7
13 37 -1123.64
13 38 -1211.78
13 39 -1296.99
13 40 -1378.23
13 41 -1454.49
13 42 -1524.93
13 43 -1588.74
13 44 -1645.3
13 45 -1694
13 46 -1734.44
13 47 -1766.22
13 48 -1789.12
13 49 -1802.92
13 50 -1807.54
13 51 -1802.92
13 52 -1789.12
13 53 -1766.22
13 54 -1734.44
13 55 -1694
13 56 -1645.3
13 57 -1588.74
13 58 -1524.93
13 59 -1454.49
13 60 -1378.23
13 61 -1296.99
13 62 -1211.78
13 63 -1123.64
13 64 -1033.7
13 65 -943.133
13 66 -853.087
13 67 -764.71
13 68 -679.076
13 69 -597.164
13 70 -519.835
13 71 -447.777
13 72 -381.547
13 73 -321.465
13 74 -267.742
13 75 -220.342
13 76 -179.139
13 77 -143.821
13 78 -113.992
13 79 -89.1764
13 80 -68.8335
13 81 -52.4076
13 82 -39.3578
13 83 -29.1307
13 84 -21.259
13 85 -15.2918
13 86 -10.8312
13 87 -7.57198
13 88 -5.20849
13 89 -3.52672
13 90 -2.34801
13 91 -1.54739
13 92 -0.988881
13 93 -0.644655
13 94 -0.4024
13 95 -0.247285
13 96 -0.132979
13 97 -0.100973
13 98 -0.0658719
13 99 -0.024223
13 100 0

14 0 0
14 1 -0.0462619
14 2 -0.0903962
14 3 -0.119734
14 4 -0.22626
14 5 -0.370643
14 6 -0.60148
14 7 -0.9273
14 8 -1.47016
14 9 -2.26365
14 10 -3.4284
14 11 -5.10235
14 12 -7.49837
14 13 -10.8312
14 14 -15.4326
14 15 -21.6595
14 16 -29.9343
14 17 -40.781
14 18 -54.7561
14 19 -72.4817
14 20 -94.6255
14 21 -121.85
14 22 -154.806
14 23 -194.116
14 24 -240.271
14 25 -293.706
14 26 -354.635
14 27 -423.146
14 28 -499.082
14 29 -582.089
14 30 -671.589
14 31 -766.794
14 32 -866.725
14 33 -970.261
14 34 -1076.13
14 35 -1183.03
14 36 -1289.57
14 37 -1394.42
14 38 -1496.25
14 39 -1593.87
14 40 -1686.14
14 41 -1772.09
14 42 -1850.84
14 43 -1921.71
14 44 -1984.08
14 45 -2037.52
14 46 -2081.64
14 47 -2116.2
14 48 -2141
14 49 -2155.93
14 50 -2160.91
14 51 -2155.93
14 52 -2141
14 53 -2116.2
14 54 -2081.64
14 55 -2037.52
14 56 -1984.08
14 57 -1921.71
14 58 -1850.84
14 59 -1772.09
14 60 -1686.14
14 61 -1593.87
14 62 -1496.25
14 63 -1394.42
14 64 -1289.57
14 65 -1183.03
14 66 -1076.13
14 67 -970.261
14 68 -866.725
14 69 -766.794
14 70 -671.589
14 71 -582.089
14 72 -499.082
14 73 -423.146
14 74 -354.635
14 75 -293.706
14 76 -240.271
14 77 -194.116
14 78 -154.806
14 79 -121.85
14 80 -94.6255
14 81 -72.4817
14 82 -54.7561
14 83 -40.781
14 84 -29.9343
14 85 -21.6595
14 86 -15.4326
14 87 -10.8312
14 88 -7.49837
14 89 -5.10235
14 90 -3.4284
14 91 -2.26365
14 92 -1.47016
14 93 -0.9273
14 94 -0.60148
14 95 -0.370643
14 96 -0.22626
14 97 -0.119734
14 98 -0.0903962
14 99 -0.0462619
14 100 0

15 0 0
15 1 -0.0648142
15 2 -0.0988924
15 3 -0.205039
15 4 -0.329342
15 5 -0.547461
15 6 -0.857847
15 7 -1.37192
15 8 -2.13433
15 9 -3.26681
15 10 -4.90283
15 11 -7.28362
15 12 -10.6358
15 13 -15.2918
15 14 -21.6595
15 15 -30.2078
15 16 -41.5053
15 17 -56.209
15 18 -75.0211
15 19 -98.7076
15 20 -128.076
15 21 -163.883
15 22 -206.905
15 23 -257.774
15 24 -317.032
15 25 -385.028
15 26 -461.902
15 27 -547.556
15 28 -641.636
15 29 -743.503
15 30 -852.304
15 31 -966.896
15 32 -1086.01
15 33 -1208.16
15 34 -1331.82
15 35 -1455.38
15 36 -1577.28
15 37 -1696
15 38 -1810.14
15 39 -1918.44
15 40 -2019.81
15 41 -2113.32
15 42 -2198.24
15 43 -2273.99
15 44 -2340.15
15 45 -2396.41
15 46 -2442.58
15 47 -2478.56
15 48 -2504.28
15 49 -2519.72
15 50 -2524.87
15 51 -2519.72
15 52 -2504.28
15 53 -2478.56
15 54 -2442.58
15 55 -2396.41
15 56 -2340.15
15 57 -2273.99
15 58 -2198.24
15 59 -2113.32
15 60 -2019.81
15 61 -1918.44
15 62 -1810.14
15 63 -1696
15 64 -1577.28
15 65 -1455.38
15 66 -1331.82
15 67 -1208.16
15 68 -1086.01
15 69 -966.896
15 70 -852.304
15 71 -743.503
15 72 -641.636
15 73 -547.556
15 74 -461.902
15 75 -385.028
15 76 -317.032
15 77 -257.774
15 78 -206.905
15 79 -163.883
15 80 -128.076
15 81 -98.7076
15 82 -75.0211
15 83 -56.209
15 84 -41.5053
15 85 -30.2078
15 86 -21.6595
15 87 -15.2918
15 88 -10.6358
15 89 -7.28362
15 90 -4.90283
15 91 -3.26681
15 92 -2.13433
15 93 -1.37192
15 94 -0.857847
15 95 -0.547461
15 96 -0.329342
15 97 -0.205039
15 98 -0.0988924
15 99 -0.0648142
15 100 0

16 0 0
16 1 -0.0555365
16 2 -0.174901
16 3 -0.276452
16 4 -0.486799
16 5 -0.781702
16 6 -1.2573
16 7 -1.9663
16 8 -3.04924
16 9 -4.62701
16 10 -6.9431
16 11 -10.2473
16 12 -14.8743
16 13 -21.259
16 14 -29.9343
16 15 -41.5053
16 16 -56.7002
16 17 -76.3281
16 18 -101.239
16 19 -132.382
16 20 -170.663
16 21 -216.989
16 22 -272.17
16 23 -336.873
16 24 -411.574
16 25 -496.524
16 26 -591.656
16 27 -696.654
16 28 -810.816
16 29 -933.203
16 30 -1062.53
16 31 -1197.31
16 32 -1335.85
16 33 -1476.34
16 34 -1616.93
16 35 -1755.77
16 36 -1891.11
16 37 -2021.35
16 38 -2145.04
16 39 -2261.01
16 40 -2368.23
16 41 -2466.01
16 42 -2553.77
16 43 -2631.22
16 44 -2698.16
16 45 -2754.58
16 46 -2800.5
16 47 -2836.05
16 48 -2861.32
16 49 -2876.45
16 50 -2881.47
16 51 -2876.45
16 52 -2861.32
16 53 -2836.05
16 54 -2800.5
16 55 -2754.58
16 56 -2698.16
16 57 -2631.22
16 58 -2553.77
16 59 -2466.01
16 60 -2368.23
16 61 -2261.01
16 62 -2145.04
16 63 -2021.35
16 64 -1891.11
16 65 -1755.77
16 66 -1616.93
16 67 -1476.34
16 68 -1335.85
16 69 -1197.31
16 70 -1062.53
16 71 -933.203
16 72 -810.816
16 73 -696.654
16 74 -591.656
16 75 -496.524
16 76 -411.574
16 77 -336.873
16 78 -272.17
16 79 -216.989
16 80 -170.663
16 81 -132.382
16 82 -101.239
16 83 -76.3281
16 84 -56.7002
16 85 -41.5053
16 86 -29.9343
16 87 -21.259
16 88 -14.8743
16 89 -10.2473
16 90 -6.9431
16 91 -4.62701
16 92 -3.04924
16 93 -1.9663
16 94 -1.2573
16 95 -0.781702
16 96 -0.486799
16 97 -0.276452
16 98 -0.174901
16 99 -0.0555365
16 100 0

17 0 0
17 1 -0.111645
17 2 -0.203095
17 3 -0.419043
17 4 -0.693207
17 5 -1.12962
17 6 -1.77321
17 7 -2.7888
17 8 -4.28824
17 9 -6.49588
17 10 -9.68012
17 11 -14.198
17 12 -20.4884
17 13 -29.1307
17 14 -40.781
17 15 -56.209
17 16 -76.328
17 17 -102.097
17 18 -134.579
17 19 -174.85
17 20 -223.964
17 21 -282.89
17 22 -352.479
17 23 -433.32
17 24 -525.807
17 25 -629.939
17 26 -745.419
17 27 -871.532
17 28 -1007.21
17 29 -1151.03
17 30 -1301.28
17 31 -1455.99
17 32 -1613.07
17 33 -1770.32
17 34 -1925.61
17 35 -2076.87
17 36 -2222.26
17 37 -2360.13
17 38 -2489.16
17 39 -2608.29
17 40 -2716.81
17 41 -2814.23
17 42 -2900.4
17 43 -2975.32
17 44 -3039.2
17 45 -3092.34
17 46 -3135.11
17 47 -3167.89
17 48 -3191.02
17 49 -3204.79
17 50 -3209.35
17 51 -3204.79
17 52 -3191.02
17 53 -3167.89
17 54 -3135.11
17 55 -3092.34
17 56 -3039.2
17 57 -2975.32
17 58 -2900.4
17 59 -2814.23
17 60 -2716.81
17 61 -2608.29
17 62 -2489.16
17 63 -2360.13
17 64 -2222.26
17 65 -2076.87
17 66 -1925.61
17 67 -1770.32
17 68 -1613.07
17 69 -1455.99
17 70 -1301.28
17 71 -1151.03
17 72 -1007.21
17 73 -871.532
17 74 -745.419
17 75 -629.939
17 76 -525.807
17 77 -433.32
17 78 -352.479
17 79 -282.89
17 80 -223.964
17 81 -174.85
17 82 -134.579
17 83 -102.097
17 84 -76.328
17 85 -56.209
17 86 -40.781
17 87 -29.1307
17 88 -20.4884
17 89 -14.198
17 90 -9.68012
17 91 -6.49588
17 92 -4.28824
17 93 -2.7888
17 94 -1.77321
17 95 -1.12962
17 96 -0.693207
17 97 -0.419043
17 98 -0.203095
17 99 -0.111645
17 100 0

18 0 0
18 1 -0.117726
18 2 -0.328449
18 3 -0.579125
18 4 -0.989301
18 5 -1.56783
18 6 -2.50169
18 7 -3.89643
18 8 -5.96194
18 9 -8.96682
18 10 -13.2974
18 11 -19.3928
18 12 -27.8422
18 13 -39.3578
18 14 -54.7561
18 15 -75.0211
18 16 -101.239
18 17 -134.579
18 18 -176.266
18 19 -227.534
18 20 -289.507
18 21 -363.23
18 22 -449.462
18 23 -548.719
18 24 -661.129
18 25 -786.412
18 26 -923.846
18 27 -1072.27
18 28 -1230.07
18 29 -1395.32
18 30 -1565.71
18 31 -1738.84
18 32 -1912.11
18 33 -2083.03
18 34 -2249.18
18 35 -2408.4
18 36 -2558.8
18 37 -2698.87
18 38 -2827.5
18 39 -2943.93
18 40 -3047.84
18 41 -3139.18
18 42 -3218.26
18 43 -3285.56
18 44 -3341.75
18 45 -3387.57
18 46 -3423.78
18 47 -3451.1
18 48 -3470.12
18 49 -3481.35
18 50 -3485.05
18 51 -3481.35
18 52 -3470.12
18 53 -3451.1
18 54 -3423.78
18 55 -3387.57
18 56 -3341.75
18 57 -3285.56
18 58 -3218.26
18 59 -3139.18
18 60 -3047.84
18 61 -2943.93
18 62 -2827.5
18 63 -2698.87
18 64 -2558.8
18 65 -2408.4
18 66 -2249.18
18 67 -2083.03
18 68 -1912.11
18 69 -1738.84
18 70 -1565.71
18 71 -1395.32
18 72 -1230.07
18 73 -1072.27
18 74 -923.846
18 75 -786.412
18 76 -661.129
18 77 -548.719
18 78 -449.462
18 79 -363.23
18 80 -289.507
18 81 -227.534
18 82 -176.266
18 83 -134.579
18 84 -101.239
18 85 -75.0211
18 86 -54.7561
18 87 -39.3578
18 88 -27.8422
18 89 -19.3928
18 90 -13.2974
18 91 -8.96682
18 92 -5.96194
18 93 -3.89643
18 94 -2.50169
18 95 -1.56783
18 96 -0.989301
18 97 -0.579125
18 98 -0.328449
18 99 -0.117726
18 100 0

19 0 0
19 1 -0.197161
19 2 -0.439608
19 3 -0.826701
19 4 -1.3503
19 5 -2.20078
19 6 -3.46331
19 7 -5.36387
19 8 -8.15139
19 9 -12.2211
19 10 -18.0209
19 11 -26.1322
19 12 -37.301
19 13 -52.4076
19 14 -72.4817
19 15 -98.7076
19 16 -132.382
19 17 -174.85
19 18 -227.534
19 19 -291.745
19 20 -368.706
19 21 -459.392
19 22 -564.466
19 23 -684.184
19 24 -818.353
19 25 -966.217
19 26 -1126.56
19 27 -1297.58
19 28 -1477.1
19 29 -1662.49
19 30 -1850.92
19 31 -2039.4
19 32 -2224.98
19 33 -2404.81
19 34 -2576.34
19 35 -2737.39
19 36 -2886.21
19 37 -3021.54
19 38 -3142.65
19 39 -3249.27
19 40 -3341.6
19 41 -3420.19
19 42 -3485.92
19 43 -3539.86
19 44 -3583.25
19 45 -3617.31
19 46 -3643.28
19 47 -3662.21
19 48 -3675.06
19 49 -3682.47
19 50 -3684.9
19 51 -3682.47
19 52 -3675.06
19 53 -3662.21
19 54 -3643.28
19 55 -3617.31
19 56 -3583.25
19 57 -3539.86
19 58 -3485.92
19 59 -3420.19
19 60 -3341.6
19 61 -3249.27
19 62 -3142.65
19 63 -3021.54
19 64 -2886.21
19 65 -2737.39
19 66 -2576.34
19 67 -2404.81
19 68 -2224.98
19 69 -2039.4
19 70 -1850.92
19 71 -1662.49
19 72 -1477.1
19 73 -1297.58
19 74 -1126.56
19 75 -966.217
19 76 -818.353
19 77 -684.184
19 78 -564.466
19 79 -459.392
19 80 -368.706
19 81 -291.745
19 82 -227.534
19 83 -174.85
19 84 -132.382
19 85 -98.7076
19 86 -72.4817
19 87 -52.4076
19 88 -37.301
19 89 -26.1322
19 90 -18.0209
19 91 -12.2211
19 92 -8.15139
19 93 -5.36387
19 94 -3.46331
19 95 -2.20078
19 96 -1.3503
19 97 -0.826701
19 98 -0.439608
19 99 -0.197161
19 100 0

20 0 0
20 1 -0.27464
20 2 -0.626929
20 3 -1.11597
20 4 -1.88611
20 5 -3.00214
20 6 -4.72779
20 7 -7.2743
20 8 -11.0232
20 9 -16.4291
20 10 -24.0785
20 11 -34.718
20 12 -49.2774
20 13 -68.8335
20 14 -94.6255
20 15 -128.076
20 16 -170.663
20 17 -223.964
20 18 -289.507
20 19 -368.706
20 20 -462.742
20 21 -572.49
20 22 -698.339
20 23 -840.219
20 24 -997.398
20 25 -1168.59
20 26 -1351.86
20 27 -1544.73
20 28 -1744.25
20 29 -1947.15
20 30 -2149.93
20 31 -2349.14
20 32 -2541.42
20 33 -2723.76
20 34 -2893.55
20 35 -3048.78
20 36 -3188
20 37 -3310.41
20 38 -3415.81
20 39 -3504.61
20 40 -3577.67
20 41 -3636.27
20 42 -3682
20 43 -3716.61
20 44 -3741.92
20 45 -3759.75
20 46 -3771.76
20 47 -3779.45
20 48 -3784.03
20 49 -3786.4
20 50 -3787.13
20 51 -3786.4
20 52 -3784.03
20 53 -3779.45
20 54 -3771.76
20 55 -3759.75
20 56 -3741.92
20 57 -3716.61
20 58 -3682
20 59 -3636.27
20 60 -3577.67
20 61 -3504.61
20 62 -3415.81
20 63 -3310.41
20 64 -3188
20 65 -3048.78
20 66 -2893.55
20 67 -2723.76
20 68 -2541.42
20 69 -2349.14
20 70 -2149.93
20 71 -1947.15
20 72 -1744.25
20 73 -1544.73
20 74 -1351.86
20 75 -1168.59
20 76 -997.398
20 77 -840.219
20 78 -698.339
20 79 -572.49
20 80 -462.742
20 81 -368.706
20 82 -289.507
20 83 -223.964
20 84 -170.663
20 85 -128.076
20 86 -94.6255
20 87 -68.8335
20 88 -49.2774
20 89 -34.718
20 90 -24.0785
20 91 -16.4291
20 92 -11.0232
20 93 -7.2743
20 94 -4.72779
20 95 -3.00214
20 96 -1.88611
20 97 -1.11597
20 98 -0.626929
20 99 -0.27464
20 100 0

21 0 0
21 1 -0.375618
21 2 -0.863466
21 3 -1.54448
21 4 -2.52698
21 5 -4.0762
21 6 -6.36224
21 7 -9.75472
21 8 -14.6895
21 9 -21.7737
21 10 -31.7376
21 11 -45.516
21 12 -64.2343
21 13 -89.1764
21 14 -121.85
21 15 -163.883
21 16 -216.989
21 17 -282.89
21 18 -363.23
21 19 -459.392
21 20 -572.49
21 21 -703.112
21 22 -851.318
21 23 -1016.47
21 24 -1197.25
21 25 -1391.57
21 26 -1596.73
21 27 -1809.4
21 28 -2025.85
21 29 -2242.03
21 30 -2453.91
21 31 -2657.54
21 32 -2849.34
21 33 -3026.22
21 34 -3185.77
21 35 -3326.28
21 36 -3446.83
21 37 -3547.27
21 38 -3628.16
21 39 -3690.7
21 40 -3736.61
21 41 -3767.97
21 42 -3787.17
21 43 -3796.66
21 44 -3798.95
21 45 -3796.35
21 46 -3791.05
21 47 -3784.88
21 48 -3779.38
21 49 -3775.61
21 50 -3774.29
21 51 -3775.61
21 52 -3779.38
21 53 -3784.88
21 54 -3791.05
21 55 -3796.35
21 56 -3798.95
21 57 -3796.66
21 58 -3787.17
21 59 -3767.97
21 60 -3736.61
21 61 -3690.7
21 62 -3628.16
21 63 -3547.27
21 64 -3446.83
21 65 -3326.28
21 66 -3185.77
21 67 -3026.22
21 68 -2849.34
21 69 -2657.54
21 70 -2453.91
21 71 -2242.03
21 72 -2025.85
21 73 -1809.4
21 74 -1596.73
21 75 -1391.57
21 76 -1197.25
21 77 -1016.47
21 78 -851.318
21 79 -703.112
21 80 -572.49
21 81 -459.392
21 82 -363.23
21 83 -282.89
21 84 -216.989
21 85 -163.883
21 86 -121.85
21 87 -89.1764
21 88 -64.2343
21 89 -45.516
21 90 -31.7376
21 91 -21.7737
21 92 -14.6895
21 93 -9.75472
21 94 -6.36224
21 95 -4.0762
21 96 -2.52698
21 97 -1.54448
21 98 -0.863466
21 99 -0.375618
21 100 0

22 0 0
22 1 -0.537861
22 2 -1.16201
22 3 -2.05432
22 4 -3.41772
22 5 -5.43218
22 6 -8.45875
22 7 -12.8819
22 8 -19.3214
22 9 -28.487
22 10 -41.2916
22 11 -58.8822
22 12 -82.5971
22 13 -113.992
22 14 -154.806
22 15 -206.905
22 16 -272.17
22 17 -352.479
22 18 -449.462
22 19 -564.466
22 20 -698.339
22 21 -851.318
22 22 -1022.89
22 23 -1211.77
22 24 -1415.78
22 25 -1632
22 26 -1856.73
22 27 -2085.78
22 28 -2314.54
22 29 -2538.28
22 30 -2752.42
22 31 -2952.68
22 32 -3135.41
22 33 -3297.67
22 34 -3437.4
22 35 -3553.5
22 36 -3645.76
22 37 -3714.92
22 38 -3762.44
22 39 -3790.51
22 40 -3801.76
22 41 -3799.21
22 42 -3786
22 43 -3765.38
22 44 -3740.41
22 45 -3713.98
22 46 -3688.65
22 47 -3666.61
22 48 -3649.58
22 49 -3638.86
22 50 -3635.2
22 51 -3638.86
22 52 -3649.58
22 53 -3666.61
22 54 -3688.65
22 55 -3713.98
22 56 -3740.41
22 57 -3765.38
22 58 -3786
22 59 -3799.21
22 60 -3801.76
22 61 -3790.51
22 62 -3762.44
22 63 -3714.92
22 64 -3645.76
22 65 -3553.5
22 66 -3437.4
22 67 -3297.67
22 68 -3135.41
22 69 -2952.68
22 70 -2752.42
22 71 -2538.28
22 72 -2314.54
22 73 -2085.78
22 74 -1856.73
22 75 -1632
22 76 -1415.78
22 77 -1211.77
22 78 -1022.89
22 79 -851.318
22 80 -698.339
22 81 -564.466
22 82 -449.462
22 83 -352.479
22 84 -272.17
22 85 -206.905
22 86 -154.806
22 87 -113.992
22 88 -82.5971
22 89 -58.8822
22 90 -41.2916
22 91 -28.487
22 92 -19.3214
22 93 -12.8819
22 94 -8.45875
22 95 -5.43218
22 96 -3.41772
22 97 -2.05432
22 98 -1.16201
22 99 -0.537861
22 100 0

23 0 0
23 1 -0.695862
23 2 -1.56311
23 3 -2.7491
23 4 -4.50763
23 5 -7.16735
23 6 -11.0729
23 7 -16.8213
23 8 -25.088
23 9 -36.7775
23 10 -53.014
23 11 -75.1712
23 12 -104.842
23 13 -143.821
23 14 -194.116
23 15 -257.774
23 16 -336.873
23 17 -433.32
23 18 -548.719
23 19 -684.184
23 20 -840.219
23 21 -1016.47
23 22 -1211.77
23 23 -1423.91
23 24 -1649.8
23 25 -1885.44
23 26 -2126.15
23 27 -2366.73
23 28 -2601.76
23 29 -2825.87
23 30 -3034.07
23 31 -3221.95
23 32 -3385.98
23 33 -3523.62
23 34 -3633.47
23 35 -3715.21
23 36 -3769.66
23 37 -3798.58
23 38 -3804.55
23 39 -3790.78
23 40 -3760.95
23 41 -3718.96
23 42 -3668.78
23 43 -3614.26
23 44 -3559.08
23 45 -3506.5
23 46 -3459.44
23 47 -3420.28
23 48 -3390.94
23 49 -3372.79
23 50 -3366.65
23 51 -3372.79
23 52 -3390.94
23 53 -3420.28
23 54 -3459.44
23 55 -3506.5
23 56 -3559.08
23 57 -3614.26
23 58 -3668.78
23 59 -3718.96
23 60 -3760.95
23 61 -3790.78
23 62 -3804.55
23 63 -3798.58
23 64 -3769.66
23 65 -3715.21
23 66 -3633.47
23 67 -3523.62
23 68 -3385.98
23 69 -3221.95
23 70 -3034.07
23 71 -2825.87
23 72 -2601.76
23 73 -2366.73
23 74 -2126.15
23 75 -1885.44
23 76 -1649.8
23 77 -1423.91
23 78 -1211.77
23 79 -1016.47
23 80 -840.219
23 81 -684.184
23 82 -548.719
23 83 -433.32
23 84 -336.873
23 85 -257.774
23 86 -194.116
23 87 -143.821
23 88 -104.842
23 89 -75.1712
23 90 -53.014
23 91 -36.7775
23 92 -25.088
23 93 -16.8213
23 94 -11.0729
23 95 -7.16735
23 96 -4.50763
23 97 -2.7491
23 98 -1.56311
23 99 -0.695862
23 100 0

24 0 0
24 1 -0.938938
24 2 -2.04621
24 3 -3.60524
24 4 -5.90214
24 5 -9.3092
24 6 -14.3526
24 7 -21.6618
24 8 -32.1467
24 9 -46.8746
24 10 -67.2073
24 11 -94.7627
24 12 -131.374
24 13 -179.139
24 14 -240.271
24 15 -317.032
24 16 -411.574
24 17 -525.807
24 18 -661.128
24 19 -818.353
24 20 -997.398
24 21 -1197.24
24 22 -1415.78
24 23 -1649.8
24 24 -1895.06
24 25 -2146.46
24 26 -2398.18
24 27 -2644.1
24 28 -2878.03
24 29 -3094.12
24 30 -3287.12
24 31 -3452.77
24 32 -3587.92
24 33 -3690.73
24 34 -3760.72
24 35 -3798.66
24 36 -3806.54
24 37 -3787.36
24 38 -3744.9
24 39 -3683.51
24 40 -3607.83
24 41 -3522.68
24 42 -3432.66
24 43 -3342.27
24 44 -3255.48
24 45 -3175.93
24 46 -3106.64
24 47 -3050.17
24 48 -3008.42
24 49 -2982.84
24 50 -2974.21
24 51 -2982.84
24 52 -3008.42
24 53 -3050.17
24 54 -3106.64
24 55 -3175.93
24 56 -3255.48
24 57 -3342.27
24 58 -3432.66
24 59 -3522.68
24 60 -3607.83
24 61 -3683.51
24 62 -3744.9
24 63 -3787.36
24 64 -3806.54
24 65 -3798.66
24 66 -3760.72
24 67 -3690.73
24 68 -3587.92
24 69 -3452.77
24 70 -3287.12
24 71 -3094.12
24 72 -2878.03
24 73 -2644.1
24 74 -2398.18
24 75 -2146.46
24 76 -1895.06
24 77 -1649.8
24 78 -1415.78
24 79 -1197.24
24 80 -997.398
24 81 -818.353
24 82 -661.128
24 83 -525.807
24 84 -411.574
24 85 -317.032
24 86 -240.271
24 87 -179.139
24 88 -131.374
24 89 -94.7627
24 90 -67.2073
24 91 -46.8746
24 92 -32.1467
24 93 -21.6618
24 94 -14.3526
24 95 -9.3092
24 96 -5.90214
24 97 -3.60524
24 98 -2.04621
24 99 -0.938938
24 100 0

25 0 0
25 1 -1.20666
25 2 -2.66955
25 3 -4.66955
25 4 -7.62165
25 5 -11.9689
25 6 -18.3239
25 7 -27.5618
25 8 -40.6832
25 9 -59.0091
25 10 -84.1399
25 11 -117.949
25 12 -162.572
25 13 -220.342
25 14 -293.706
25 15 -385.028
25 16 -496.524
25 17 -629.939
25 18 -786.412
25 19 -966.217
25 20 -1168.59
25 21 -1391.57
25 22 -1632
25 23 -1885.44
25 24 -2146.46
25 25 -2408.68
25 26 -2665.27
25 27 -2909.17
25 28 -3133.59
25 29 -3332.36
25 30 -3500.31
25 31 -3633.56
25 32 -3729.71
25 33 -3787.9
25 34 -3808.84
25 35 -3794.64
25 36 -3748.69
25 37 -3675.3
25 38 -3579.53
25 39 -3466.82
25 40 -3342.79
25 41 -3212.91
25 42 -3082.44
25 43 -2956.14
25 44 -2838.29
25 45 -2732.55
25 46 -2641.99
25 47 -2569.07
25 48 -2515.68
25 49 -2483.12
25 50 -2472.19
25 51 -2483.12
25 52 -2515.68
25 53 -2569.07
25 54 -2641.99
25 55 -2732.55
25 56 -2838.29
25 57 -2956.14
25 58 -3082.44
25 59 -3212.91
25 60 -3342.79
25 61 -3466.82
25 62 -3579.53
25 63 -3675.3
25 64 -3748.69
25 65 -3794.64
25 66 -3808.84
25 67 -3787.9
25 68 -3729.71
25 69 -3633.56
25 70 -3500.31
25 71 -3332.36
25 72 -3133.59
25 73 -2909.17
25 74 -2665.27
25 75 -2408.68
25 76 -2146.46
25 77 -1885.44
25 78 -1632
25 79 -1391.57
25 80 -1168.59
25 81 -966.217
25 82 -786.412
25 83 -629.939
25 84 -496.524
25 85 -385.028
25 86 -293.706
25 87 -220.342
25 88 -162.572
25 89 -117.949
25 90 -84.1399
25 91 -59.0091
25 92 -40.6832
25 93 -27.5618
25 94 -18.3239
25 95 -11.9689
25 96 -7.62165
25 97 -4.66955
25 98 -2.66955
25 99 -1.20666
25 100 0

26 0 0
26 1 -1.54858
26 2 -3.41703
26 3 -5.99717
26 4 -9.70443
26 5 -15.1677
26 6 -23.1555
26 7 -34.6265
26 8 -50.8544
26 9 -73.3651
26 10 -104.044
26 11 -145.039
26 12 -198.738
26 13 -267.742
26 14 -354.635
26 15 -461.902
26 16 -591.656
26 17 -745.419
26 18 -923.846
26 19 -1126.56
26 20 -1351.86
26 21 -1596.73
26 22 -1856.73
26 23 -2126.15
26 24 -2398.18
26 25 -2665.27
26 26 -2919.52
26 27 -3153.15
26 28 -3358.93
26 29 -3530.69
26 30 -3663.63
26 31 -3754.61
26 32 -3802.27
26 33 -3807.1
26 34 -3771.25
26 35 -3698.41
26 36 -3593.42
26 37 -3462.06
26 38 -3310.57
26 39 -3145.45
26 40 -2973.07
26 41 -2799.5
26 42 -2630.25
26 43 -2470.3
26 44 -2323.83
26 45 -2194.43
26 46 -2084.93
26 47 -1997.61
26 48 -1934.09
26 49 -1895.56
26 50 -1882.62
26 51 -1895.56
26 52 -1934.09
26 53 -1997.61
26 54 -2084.93
26 55 -2194.43
26 56 -2323.83
26 57 -2470.3
26 58 -2630.25
26 59 -2799.5
26 60 -2973.07
26 61 -3145.45
26 62 -3310.57
26 63 -3462.06
26 64 -3593.42
26 65 -3698.41
26 66 -3771.25
26 67 -3807.1
26 68 -3802.27
26 69 -3754.61
26 70 -3663.63
26 71 -3530.69
26 72 -3358.93
26 73 -3153.15
26 74 -2919.52
26 75 -2665.27
26 76 -2398.18
26 77 -2126.15
26 78 -1856.73
26 79 -1596.73
26 80 -1351.86
26 81 -1126.56
26 82 -923.846
26 83 -745.419
26 84 -591.656
26 85 -461.902
26 86 -354.635
26 87 -267.742
26 88 -198.738
26 89 -145.039
26 90 -104.044
26 91 -73.3651
26 92 -50.8544
26 93 -34.6265
26 94 -23.1555
26 95 -15.1677
26 96 -9.70443
26 97 -5.99717
26 98 -3.41703
26 99 -1.54858
26 100 0

27 0 0
27 1 -1.96966
27 2 -4.33698
27 3 -7.55675
27 4 -12.2327
27 5 -19.0188
27 6 -28.8697
27 7 -42.9844
27 8 -62.7961
27 9 -90.1385
27 10 -127.14
27 11 -176.222
27 12 -240.069
27 13 -321.465
27 14 -423.146
27 15 -547.556
27 16 -696.654
27 17 -871.532
27 18 -1072.27
27 19 -1297.58
27 20 -1544.73
27 21 -1809.4
27 22 -2085.78
27 23 -2366.73
27 24 -2644.1
27 25 -2909.17
27 26 -3153.15
27 27 -3367.69
27 28 -3545.45
27 29 -3680.59
27 30 -3769.01
27 31 -3808.69
27 32 -3799.7
27 33 -3744.11
27 34 -3645.8
27 35 -3510.11
27 36 -3343.52
27 37 -3153.11
27 38 -2946.33
27 39 -2730.45
27 40 -2512.49
27 41 -2298.74
27 42 -2094.84
27 43 -1905.53
27 44 -1734.82
27 45 -1585.84
27 46 -1461.09
27 47 -1362.36
27 48 -1291.01
27 49 -1247.85
27 50 -1233.43
27 51 -1247.85
27 52 -1291.01
27 53 -1362.36
27 54 -1461.09
27 55 -1585.84
27 56 -1734.82
27 57 -1905.53
27 58 -2094.84
27 59 -2298.74
27 60 -2512.49
27 61 -2730.45
27 62 -2946.33
27 63 -3153.11
27 64 -3343.52
27 65 -3510.11
27 66 -3645.8
27 67 -3744.11
27 68 -3799.7
27 69 -3808.69
27 70 -3769.01
27 71 -3680.59
27 72 -3545.45
27 73 -3367.69
27 74 -3153.15
27 75 -2909.17
27 76 -2644.1
27 77 -2366.73
27 78 -2085.78
27 79 -1809.4
27 80 -1544.73
27 81 -1297.58
27 82 -1072.27
27 83 -871.532
27 84 -696.654
27 85 -547.556
27 86 -423.146
27 87 -321.465
27 88 -240.069
27 89 -176.222
27 90 -127.14
27 91 -90.1385
27 92 -62.7961
27 93 -42.9844
27 94 -28.8697
27 95 -19.0188
27 96 -12.2327
27 97 -7.55675
27 98 -4.33698
27 99 -1.96966
27 100 0

28 0 0
28 1 -2.45401
28 2 -5.4249
28 3 -9.46517
28 4 -15.1948
28 5 -23.5445
28 6 -35.5937
28 7 -52.7222
28 8 -76.6541
28 9 -109.446
28 10 -153.539
28 11 -211.636
28 12 -286.648
28 13 -381.547
28 14 -499.082
28 15 -641.636
28 16 -810.816
28 17 -1007.21
28 18 -1230.07
28 19 -1477.1
28 20 -1744.25
28 21 -2025.85
28 22 -2314.54
28 23 -2601.76
28 24 -2878.03
28 25 -3133.59
28 26 -3358.93
28 27 -3545.45
28 28 -3686.05
28 29 -3775.54
28 30 -3810.95
28 31 -3791.76
28 32 -3719.75
28 33 -3598.88
28 34 -3434.89
28 35 -3234.91
28 36 -3006.91
28 37 -2759.33
28 38 -2500.49
28 39 -2238.35
28 40 -1980.12
28 41 -1732.16
28 42 -1499.79
28 43 -1287.39
28 44 -1098.35
28 45 -935.254
28 46 -799.919
28 47 -693.652
28 48 -617.248
28 49 -571.247
28 50 -555.872
