0 0 0
0 1 0
0 2 0
0 3 0
0 4 0
0 5 0
0 6 0
0 7 0
0 8 0
0 9 0
0 10 0
0 11 0
0 12 0
0 13 0
0 14 0
0 15 0
0 16 0
0 17 0
0 18 0
0 19 0
0 20 0
0 21 0
0 22 0
0 23 0
0 24 0
0 25 0
0 26 0
0 27 0
0 28 0
0 29 0
0 30 0
0 31 0
0 32 0
0 33 0
0 34 0
0 35 0
0 36 0
0 37 0
0 38 0
0 39 0
0 40 0
0 41 0
0 42 0
0 43 0
0 44 0
0 45 0
0 46 0
0 47 0
0 48 0
0 49 0
0 50 0
0 51 0
0 52 0
0 53 0
0 54 0
0 55 0
0 56 0
0 57 0
0 58 0
0 59 0
0 60 0
0 61 0
0 62 0
0 63 0
0 64 0
0 65 0
0 66 0
0 67 0
0 68 0
0 69 0
0 70 0
0 71 0
0 72 0
0 73 0
0 74 0
0 75 0
0 76 0
0 77 0
0 78 0
0 79 0
0 80 0
0 81 0
0 82 0
0 83 0
0 84 0
0 85 0
0 86 0
0 87 0
0 88 0
0 89 0
0 90 0
0 91 0
0 92 0
0 93 0
0 94 0
0 95 0
0 96 0
0 97 0
0 98 0
0 99 0
0 100 0

1 0 0
1 1 0
1 2 0
1 3 0
1 4 0
1 5 0
1 6 0
1 7 0
1 8 0
1 9 0
1 10 0
1 11 0
1 12 0
1 13 0
1 14 0
1 15 -0.0177874
1 16 -0.0146231
1 17 -0.0416189
1 18 -0.0483134
1 19 -0.0574972
1 20 -0.0935429
1 21 -0.0901623
1 22 -0.157753
1 23 -0.181194
1 24 -0.27093
1 25 -0.357325
1 26 -0.470885
1 27 -0.632905
1 28 -0.791068
1 29 -1.02688
1 30 -1.25873
1 31 -1.56716
1 32 -1.89513
1 33 -2.27998
1 34 -2.71113
1 35 -3.17496
1 36 -3.69906
1 37 -4.23442
1 38 -4.82542
1 39 -5.40944
1 40 -6.02809
1 41 -6.62238
1 42 -7.22005
1 43 -7.77519
1 44 -8.29908
1 45 -8.762
1 46 -9.16184
1 47 -9.48433
1 48 -9.71964
1 49 -9.86619
1 50 -9.91261
1 51 -9.86619
1 52 -9.71964
1 53 -9.48433
1 54 -9.16184
1 55 -8.762
1 56 -8.29908
1 57 -7.77519
1 58 -7.22005
1 59 -6.62238
1 60 -6.02809
1 61 -5.40944
1 62 -4.82542
1 63 -4.23442
1 64 -3.69906
1 65 -3.17496
1 66 -2.71113
1 67 -2.27998
1 68 -1.89513
1 69 -1.56716
1 70 -1.25873
1 71 -1.02688
1 72 -0.791068
1 73 -0.632905
1 74 -0.470885
1 75 -0.357325
1 76 -0.27093
1 77 -0.181194
1 78 -0.157753
1 79 -0.0901623
1 80 -0.0935429
1 81 -0.0574972
1 82 -0.0483134
1 83 -0.0416189
1 84 -0.0146231
1 85 -0.0177874
1 86 0
1 87 0
1 88 0
1 89 0
1 90 0
1 91 0
1 92 0
1 93 0
1 94 0
1 95 0
1 96 0
1 97 0
1 98 0
1 99 0
1 100 0

2 0 0
2 1 0
2 2 0
2 3 0
2 4 0
2 5 0
2 6 0
2 7 0
2 8 0
2 9 0
2 10 0
2 11 0
2 12 0
2 13 0
2 14 -0.0242107
2 15 -0.0204724
2 16 -0.0587595
2 17 -0.0695224
2 18 -0.0922584
2 19 -0.143854
2 20 -0.159796
2 21 -0.260871
2 22 -0.316035
2 23 -0.466698
2 24 -0.60818
2 25 -0.822975
2 26 -1.08279
2 27 -1.39652
2 28 -1.79861
2 29 -2.25508
2 30 -2.82324
2 31 -3.4604
2 32 -4.21578
2 33 -5.0545
2 34 -6.00553
2 35 -7.04214
2 36 -8.17372
2 37 -9.37523
2 38 -10.642
2 39 -11.9447
2 40 -13.2706
2 41 -14.5839
2 42 -15.8685
2 43 -17.0837
2 44 -18.2144
2 45 -19.2187
2 46 -20.0865
2 47 -20.7792
2 48 -21.2953
2 49 -21.6035
2 50 -21.7132
2 51 -21.6035
2 52 -21.2953
2 53 -20.7792
2 54 -20.0865
2 55 -19.2187
2 56 -18.2144
2 57 -17.0837
2 58 -15.8685
2 59 -14.5839
2 60 -13.2706
2 61 -11.9447
2 62 -10.642
2 63 -9.37523
2 64 -8.17372
2 65 -7.04214
2 66 -6.00553
2 67 -5.0545
2 68 -4.21578
2 69 -3.4604
2 70 -2.82324
2 71 -2.25508
2 72 -1.79861
2 73 -1.39652
2 74 -1.08279
2 75 -0.822975
2 76 -0.60818
2 77 -0.466698
2 78 -0.316035
2 79 -0.260871
2 80 -0.159796
2 81 -0.143854
2 82 -0.0922584
2 83 -0.0695224
2 84 -0.0587595
2 85 -0.0204724
2 86 -0.0242107
2 87 0
2 88 0
2 89 0
2 90 0
2 91 0
2 92 0
2 93 0
2 94 0
2 95 0
2 96 0
2 97 0
2 98 0
2 99 0
2 100 0

3 0 0
3 1 0
3 2 0
3 3 0
3 4 0
3 5 0
3 6 0
3 7 0
3 8 0
3 9 0
3 10 0
3 11 0
3 12 0
3 13 -0.0314084
3 14 -0.0272965
3 15 -0.0651687
3 16 -0.0838702
3 17 -0.106308
3 18 -0.172184
3 19 -0.21373
3 20 -0.331828
3 21 -0.440655
3 22 -0.627708
3 23 -0.837206
3 24 -1.13754
3 25 -1.48566
3 26 -1.95767
3 27 -2.50349
3 28 -3.20447
3 29 -4.0179
3 30 -4.99797
3 31 -6.13708
3 32 -7.43349
3 33 -8.92541
3 34 -10.5506
3 35 -12.3799
3 36 -14.3065
3 37 -16.4092
3 38 -18.5594
3 39 -20.8221
3 40 -23.0667
3 41 -25.3338
3 42 -27.5031
3 43 -29.5913
3 44 -31.496
3 45 -33.2172
3 46 -34.6744
3 47 -35.8622
3 48 -36.7231
3 49 -37.2576
3 50 -37.4309
3 51 -37.2576
3 52 -36.7231
3 53 -35.8622
3 54 -34.6744
3 55 -33.2172
3 56 -31.496
3 57 -29.5913
3 58 -27.5031
3 59 -25.3338
3 60 -23.0667
3 61 -20.8221
3 62 -18.5594
3 63 -16.4092
3 64 -14.3065
3 65 -12.3799
3 66 -10.5506
3 67 -8.92541
3 68 -7.43349
3 69 -6.13708
3 70 -4.99797
3 71 -4.0179
3 72 -3.20447
3 73 -2.50349
3 74 -1.95767
3 75 -1.48566
3 76 -1.13754
3 77 -0.837206
3 78 -0.627708
3 79 -0.440655
3 80 -0.331828
3 81 -0.21373
3 82 -0.172184
3 83 -0.106308
3 84 -0.0838702
3 85 -0.0651687
3 86 -0.0272965
3 87 -0.0314084
3 88 0
3 89 0
3 90 0
3 91 0
3 92 0
3 93 0
3 94 0
3 95 0
3 96 0
3 97 0
3 98 0
3 99 0
3 100 0

4 0 0
4 1 0
4 2 0
4 3 0
4 4 0
4 5 0
4 6 0
4 7 0
4 8 0
4 9 0
4 10 0
4 11 0
4 12 -0.0388473
4 13 -0.0346739
4 14 -0.0682866
4 15 -0.0964428
4 16 -0.115628
4 17 -0.195303
4 18 -0.259975
4 19 -0.393365
4 20 -0.55202
4 21 -0.774345
4 22 -1.05529
4 23 -1.43876
4 24 -1.89575
4 25 -2.52377
4 26 -3.25037
4 27 -4.20544
4 28 -5.31139
4 29 -6.67451
4 30 -8.25527
4 31 -10.0975
4 32 -12.2116
4 33 -14.5729
4 34 -17.2248
4 35 -20.0888
4 36 -23.2152
4 37 -26.4904
4 38 -29.952
4 39 -33.467
4 40 -37.052
4 41 -40.5663
4 42 -44.0079
4 43 -47.2379
4 44 -50.2447
4 45 -52.9002
4 46 -55.1952
4 47 -57.0202
4 48 -58.38
4 49 -59.1904
4 50 -59.479
4 51 -59.1904
4 52 -58.38
4 53 -57.0202
4 54 -55.1952
4 55 -52.9002
4 56 -50.2447
4 57 -47.2379
4 58 -44.0079
4 59 -40.5663
4 60 -37.052
4 61 -33.467
4 62 -29.952
4 63 -26.4904
4 64 -23.2152
4 65 -20.0888
4 66 -17.2248
4 67 -14.5729
4 68 -12.2116
4 69 -10.0975
4 70 -8.25527
4 71 -6.67451
4 72 -5.31139
4 73 -4.20544
4 74 -3.25037
4 75 -2.52377
4 76 -1.89575
4 77 -1.43876
4 78 -1.05529
4 79 -0.774345
4 80 -0.55202
4 81 -0.393365
4 82 -0.259975
4 83 -0.195303
4 84 -0.115628
4 85 -0.0964428
4 86 -0.0682866
4 87 -0.0346739
4 88 -0.0388473
4 89 0
4 90 0
4 91 0
4 92 0
4 93 0
4 94 0
4 95 0
4 96 0
4 97 0
4 98 0
4 99 0
4 100 0

5 0 0
5 1 0
5 2 0
5 3 0
5 4 0
5 5 0
5 6 0
5 7 0
5 8 0
5 9 0
5 10 0
5 11 -0.0458198
5 12 -0.0419737
5 13 -0.0680087
5 14 -0.106223
5 15 -0.127389
5 16 -0.217623
5 17 -0.307518
5 18 -0.456898
5 19 -0.652978
5 20 -0.920285
5 21 -1.26339
5 22 -1.74052
5 23 -2.32379
5 24 -3.11445
5 25 -4.07025
5 26 -5.29492
5 27 -6.76461
5 28 -8.55967
5 29 -10.6749
5 30 -13.1688
5 31 -16.0333
5 32 -19.3098
5 33 -22.9712
5 34 -27.0345
5 35 -31.452
5 36 -36.2017
5 37 -41.2233
5 38 -46.4445
5 39 -51.8025
5 40 -57.1749
5 41 -62.5052
5 42 -67.6318
5 43 -72.5131
5 44 -76.9663
5 45 -80.9729
5 46 -84.35
5 47 -87.1103
5 48 -89.0891
5 49 -90.3374
5 50 -90.7227
5 51 -90.3374
5 52 -89.0891
5 53 -87.1103
5 54 -84.35
5 55 -80.9729
5 56 -76.9663
5 57 -72.5131
5 58 -67.6318
5 59 -62.5052
5 60 -57.1749
5 61 -51.8025
5 62 -46.4445
5 63 -41.2233
5 64 -36.2017
5 65 -31.452
5 66 -27.0345
5 67 -22.9712
5 68 -19.3098
5 69 -16.0333
5 70 -13.1688
5 71 -10.6749
5 72 -8.55967
5 73 -6.76461
5 74 -5.29492
5 75 -4.07025
5 76 -3.11445
5 77 -2.32379
5 78 -1.74052
5 79 -1.26339
5 80 -0.920285
5 81 -0.652978
5 82 -0.456898
5 83 -0.307518
5 84 -0.217623
5 85 -0.127389
5 86 -0.106223
5 87 -0.0680087
5 88 -0.0419737
5 89 -0.0458198
5 90 0
5 91 0
5 92 0
5 93 0
5 94 0
5 95 0
5 96 0
5 97 0
5 98 0
5 99 0
5 100 0

6 0 0
6 1 0
6 2 0
6 3 0
6 4 0
6 5 0
6 6 0
6 7 0
6 8 0
6 9 0
6 10 -0.0515473
6 11 -0.0484312
6 12 -0.0651235
6 13 -0.112815
6 14 -0.142512
6 15 -0.23967
6 16 -0.354035
6 17 -0.521589
6 18 -0.745778
6 19 -1.06602
6 20 -1.47095
6 21 -2.04945
6 22 -2.77478
6 23 -3.7412
6 24 -4.95618
6 25 -6.48495
6 26 -8.37089
6 27 -10.6697
6 28 -13.4167
6 29 -16.6857
6 30 -20.4686
6 31 -24.8528
6 32 -29.7833
6 33 -35.3289
6 34 -41.4026
6 35 -48.0203
6 36 -55.0787
6 37 -62.5219
6 38 -70.2402
6 39 -78.1064
6 40 -86.0104
6 41 -93.7706
6 42 -101.284
6 43 -108.338
6 44 -114.847
6 45 -120.598
6 46 -125.534
6 47 -129.464
6 48 -132.375
6 49 -134.117
6 50 -134.73
6 51 -134.117
6 52 -132.375
6 53 -129.464
6 54 -125.534
6 55 -120.598
6 56 -114.847
6 57 -108.338
6 58 -101.284
6 59 -93.7706
6 60 -86.0104
6 61 -78.1064
6 62 -70.2402
6 63 -62.5219
6 64 -55.0787
6 65 -48.0203
6 66 -41.4026
6 67 -35.3289
6 68 -29.7833
6 69 -24.8528
6 70 -20.4686
6 71 -16.6857
6 72 -13.4167
6 73 -10.6697
6 74 -8.37089
6 75 -6.48495
6 76 -4.95618
6 77 -3.7412
6 78 -2.77478
6 79 -2.04945
6 80 -1.47095
6 81 -1.06602
6 82 -0.745778
6 83 -0.521589
6 84 -0.354035
6 85 -0.23967
6 86 -0.142512
6 87 -0.112815
6 88 -0.0651235
6 89 -0.0484312
6 90 -0.0515473
6 91 0
6 92 0
6 93 0
6 94 0
6 95 0
6 96 0
6 97 0
6 98 0
6 99 0
6 100 0

7 0 0
7 1 0
7 2 0
7 3 0
7 4 0
7 5 0
7 6 0
7 7 0
7 8 0
7 9 -0.0553191
7 10 -0.0532743
7 11 -0.0611366
7 12 -0.116524
7 13 -0.160038
7 14 -0.261268
7 15 -0.393303
7 16 -0.582458
7 17 -0.829843
7 18 -1.2055
7 19 -1.68226
7 20 -2.36265
7 21 -3.24339
7 22 -4.40018
7 23 -5.88762
7 24 -7.76469
7 25 -10.1043
7 26 -12.9885
7 27 -16.4648
7 28 -20.6398
7 29 -25.5278
7 30 -31.2246
7 31 -37.7191
7 32 -45.0593
7 33 -53.2069
7 34 -62.1438
7 35 -71.7917
7 36 -82.066
7 37 -92.8379
7 38 -103.966
7 39 -115.272
7 40 -126.575
7 41 -137.661
7 42 -148.328
7 43 -158.355
7 44 -167.543
7 45 -175.688
7 46 -182.62
7 47 -188.178
7 48 -192.243
7 49 -194.719
7 50 -195.551
7 51 -194.719
7 52 -192.243
7 53 -188.178
7 54 -182.62
7 55 -175.688
7 56 -167.543
7 57 -158.355
7 58 -148.328
7 59 -137.661
7 60 -126.575
7 61 -115.272
7 62 -103.966
7 63 -92.8379
7 64 -82.066
7 65 -71.7917
7 66 -62.1438
7 67 -53.2069
7 68 -45.0593
7 69 -37.7191
7 70 -31.2246
7 71 -25.5278
7 72 -20.6398
7 73 -16.4648
7 74 -12.9885
7 75 -10.1043
7 76 -7.76469
7 77 -5.88762
7 78 -4.40018
7 79 -3.24339
7 80 -2.36265
7 81 -1.68226
7 82 -1.2055
7 83 -0.829843
7 84 -0.582458
7 85 -0.393303
7 86 -0.261268
7 87 -0.160038
7 88 -0.116524
7 89 -0.0611366
7 90 -0.0532743
7 91 -0.0553191
7 92 0
7 93 0
7 94 0
7 95 0
7 96 0
7 97 0
7 98 0
7 99 0
7 100 0

8 0 0
8 1 0
8 2 0
8 3 0
8 4 0
8 5 0
8 6 0
8 7 0
8 8 -0.0566362
8 9 -0.055873
8 10 -0.0578012
8 11 -0.118168
8 12 -0.177038
8 13 -0.281032
8 14 -0.421134
8 15 -0.634275
8 16 -0.906129
8 17 -1.33343
8 18 -1.89121
8 19 -2.67111
8 20 -3.70857
8 21 -5.07062
8 22 -6.83648
8 23 -9.10009
8 24 -11.9349
8 25 -15.4735
8 26 -19.7812
8 27 -24.9862
8 28 -31.161
8 29 -38.3875
8 30 -46.7321
8 31 -56.2166
8 32 -66.8616
8 33 -78.6312
8 34 -91.462
8 35 -105.263
8 36 -119.872
8 37 -135.144
8 38 -150.827
8 39 -166.726
8 40 -182.528
8 41 -198.003
8 42 -212.818
8 43 -226.728
8 44 -239.416
8 45 -250.659
8 46 -260.191
8 47 -267.838
8 48 -273.411
8 49 -276.813
8 50 -277.948
8 51 -276.813
8 52 -273.411
8 53 -267.838
8 54 -260.191
8 55 -250.659
8 56 -239.416
8 57 -226.728
8 58 -212.818
8 59 -198.003
8 60 -182.528
8 61 -166.726
8 62 -150.827
8 63 -135.144
8 64 -119.872
8 65 -105.263
8 66 -91.462
8 67 -78.6312
8 68 -66.8616
8 69 -56.2166
8 70 -46.7321
8 71 -38.3875
8 72 -31.161
8 73 -24.9862
8 74 -19.7812
8 75 -15.4735
8 76 -11.9349
8 77 -9.10009
8 78 -6.83648
8 79 -5.07062
8 80 -3.70857
8 81 -2.67111
8 82 -1.89121
8 83 -1.33343
8 84 -0.906129
8 85 -0.634275
8 86 -0.421134
8 87 -0.281032
8 88 -0.177038
8 89 -0.118168
8 90 -0.0578012
8 91 -0.055873
8 92 -0.0566362
8 93 0
8 94 0
8 95 0
8 96 0
8 97 0
8 98 0
8 99 0
8 100 0

9 0 0
9 1 0
9 2 0
9 3 0
9 4 0
9 5 0
9 6 0
9 7 -0.0553191
9 8 -0.055873
9 9 -0.0565125
9 10 -0.118684
9 11 -0.189546
9 12 -0.296531
9 13 -0.43712
9 14 -0.673385
9 15 -0.975297
9 16 -1.44612
9 17 -2.08358
9 18 -2.9612
9 19 -4.14449
9 20 -5.72197
9 21 -7.77346
9 22 -10.4444
9 23 -13.8189
9 24 -18.0605
9 25 -23.2887
9 26 -29.6375
9 27 -37.2534
9 28 -46.2302
9 29 -56.6879
9 30 -68.6812
9 31 -82.2484
9 32 -97.3903
9 33 -114.036
9 34 -132.105
9 35 -151.415
9 36 -171.788
9 37 -192.945
9 38 -214.611
9 39 -236.441
9 40 -258.086
9 41 -279.168
9 42 -299.308
9 43 -318.131
9 44 -335.275
9 45 -350.41
9 46 -363.229
9 47 -373.483
9 48 -380.957
9 49 -385.506
9 50 -387.03
9 51 -385.506
9 52 -380.957
9 53 -373.483
9 54 -363.229
9 55 -350.41
9 56 -335.275
9 57 -318.131
9 58 -299.308
9 59 -279.168
9 60 -258.086
9 61 -236.441
9 62 -214.611
9 63 -192.945
9 64 -171.788
9 65 -151.415
9 66 -132.105
9 67 -114.036
9 68 -97.3903
9 69 -82.2484
9 70 -68.6812
9 71 -56.6879
9 72 -46.2302
9 73 -37.2534
9 74 -29.6375
9 75 -23.2887
9 76 -18.0605
9 77 -13.8189
9 78 -10.4444
9 79 -7.77346
9 80 -5.72197
9 81 -4.14449
9 82 -2.9612
9 83 -2.08358
9 84 -1.44612
9 85 -0.975297
9 86 -0.673385
9 87 -0.43712
9 88 -0.296531
9 89 -0.189546
9 90 -0.118684
9 91 -0.0565125
9 92 -0.055873
9 93 -0.0553191
9 94 0
9 95 0
9 96 0
9 97 0
9 98 0
9 99 0
9 100 0

10 0 0
10 1 0
10 2 0
10 3 0
10 4 0
10 5 0
10 6 -0.0515473
10 7 -0.0532743
10 8 -0.0578012
10 9 -0.118684
10 10 -0.19416
10 11 -0.305136
10 12 -0.444157
10 13 -0.698626
10 14 -1.03406
10 15 -1.53947
10 16 -2.24259
10 17 -3.21581
10 18 -4.53175
10 19 -6.32244
10 20 -8.66816
10 21 -11.7471
10 22 -15.6888
10 23 -20.6654
10 24 -26.8683
10 25 -34.4599
10 26 -43.6387
10 27 -54.5653
10 28 -67.3841
10 29 -82.2233
10 30 -99.141
10 31 -118.176
10 32 -139.285
10 33 -162.37
10 34 -187.277
10 35 -213.758
10 36 -241.541
10 37 -270.246
10 38 -299.499
10 39 -328.83
10 40 -357.788
10 41 -385.872
10 42 -412.602
10 43 -437.495
10 44 -460.098
10 45 -479.998
10 46 -496.814
10 47 -510.241
10 48 -520.011
10 49 -525.955
10 50 -527.944
10 51 -525.955
10 52 -520.011
10 53 -510.241
10 54 -496.814
10 55 -479.998
10 56 -460.098
10 57 -437.495
10 58 -412.602
10 59 -385.872
10 60 -357.788
10 61 -328.83
10 62 -299.499
10 63 -270.246
10 64 -241.541
10 65 -213.758
10 66 -187.277
10 67 -162.37
10 68 -139.285
10 69 -118.176
10 70 -99.141
10 71 -82.2233
10 72 -67.3841
10 73 -54.5653
10 74 -43.6387
10 75 -34.4599
10 76 -26.8683
10 77 -20.6654
10 78 -15.6888
10 79 -11.7471
10 80 -8.66816
10 81 -6.32244
10 82 -4.53175
10 83 -3.21581
10 84 -2.24259
10 85 -1.53947
10 86 -1.03406
10 87 -0.698626
10 88 -0.444157
10 89 -0.305136
10 90 -0.19416
10 91 -0.118684
10 92 -0.0578012
10 93 -0.0532743
10 94 -0.0515473
10 95 0
10 96 0
10 97 0
10 98 0
10 99 0
10 100 0

11 0 0
11 1 0
11 2 0
11 3 0
11 4 0
11 5 -0.0458198
11 6 -0.0484312
11 7 -0.0611366
11 8 -0.118168
11 9 -0.189546
11 10 -0.305136
11 11 -0.445953
11 12 -0.710732
11 13 -1.07485
11 14 -1.60766
11 15 -2.35647
11 16 -3.41827
11 17 -4.85832
11 18 -6.8445
11 19 -9.4818
11 20 -12.9549
11 21 -17.457
11 22 -23.1847
11 23 -30.3811
11 24 -39.2828
11 25 -50.1216
11 26 -63.1467
11 27 -78.5502
11 28 -96.5178
11 29 -117.179
11 30 -140.587
11 31 -166.767
11 32 -195.603
11 33 -226.969
11 34 -260.581
11 35 -296.134
11 36 -333.198
11 37 -371.303
11 38 -409.91
11 39 -448.437
11 40 -486.286
11 41 -522.828
11 42 -557.465
11 43 -589.595
11 44 -618.678
11 45 -644.196
11 46 -665.717
11 47 -682.853
11 48 -695.316
11 49 -702.877
11 50 -705.416
11 51 -702.877
11 52 -695.316
11 53 -682.853
11 54 -665.717
11 55 -644.196
11 56 -618.678
11 57 -589.595
11 58 -557.465
11 59 -522.828
11 60 -486.286
11 61 -448.437
11 62 -409.91
11 63 -371.303
11 64 -333.198
11 65 -296.134
11 66 -260.581
11 67 -226.969
11 68 -195.603
11 69 -166.767
11 70 -140.587
11 71 -117.179
11 72 -96.5178
11 73 -78.5502
11 74 -63.1467
11 75 -50.1216
11 76 -39.2828
11 77 -30.3811
11 78 -23.1847
11 79 -17.457
11 80 -12.9549
11 81 -9.4818
11 82 -6.8445
11 83 -4.85832
11 84 -3.41827
11 85 -2.35647
11 86 -1.60766
11 87 -1.07485
11 88 -0.710732
11 89 -0.445953
11 90 -0.305136
11 91 -0.189546
11 92 -0.118168
11 93 -0.0611366
11 94 -0.0484312
11 95 -0.0458198
11 96 0
11 97 0
11 98 0
11 99 0
11 100 0

12 0 0
12 1 0
12 2 0
12 3 0
12 4 -0.0388473
12 5 -0.0419737
12 6 -0.0651235
12 7 -0.116524
12 8 -0.177038
12 9 -0.296531
12 10 -0.444157
12 11 -0.710732
12 12 -1.0896
12 13 -1.64404
12 14 -2.42248
12 15 -3.55701
12 16 -5.11235
12 17 -7.26498
12 18 -10.1666
12 19 -14.0097
12 20 -19.036
12 21 -25.5045
12 22 -33.6902
12 23 -43.9182
12 24 -56.4789
12 25 -71.6875
12 26 -89.8354
12 27 -111.151
12 28 -135.863
12 29 -164.067
12 30 -195.837
12 31 -231.104
12 32 -269.726
12 33 -311.439
12 34 -355.872
12 35 -402.563
12 36 -450.948
12 37 -500.39
12 38 -550.198
12 39 -599.625
12 40 -647.929
12 41 -694.331
12 42 -738.118
12 43 -778.558
12 44 -815.032
12 45 -846.921
12 46 -873.749
12 47 -895.052
12 48 -910.528
12 49 -919.898
12 50 -923.05
12 51 -919.898
12 52 -910.528
12 53 -895.052
12 54 -873.749
12 55 -846.921
12 56 -815.032
12 57 -778.558
12 58 -738.118
12 59 -694.331
12 60 -647.929
12 61 -599.625
12 62 -550.198
12 63 -500.39
12 64 -450.948
12 65 -402.563
12 66 -355.872
12 67 -311.439
12 68 -269.726
12 69 -231.104
12 70 -195.837
12 71 -164.067
12 72 -135.863
12 73 -111.151
12 74 -89.8354
12 75 -71.6875
12 76 -56.4789
12 77 -43.9182
12 78 -33.6902
12 79 -25.5045
12 80 -19.036
12 81 -14.0097
12 82 -10.1666
12 83 -7.26498
12 84 -5.11235
12 85 -3.55701
12 86 -2.42248
12 87 -1.64404
12 88 -1.0896
12 89 -0.710732
12 90 -0.444157
12 91 -0.296531
12 92 -0.177038
12 93 -0.116524
12 94 -0.0651235
12 95 -0.0419737
12 96 -0.0388473
12 97 0
12 98 0
12 99 0
12 100 0

13 0 0
13 1 0
13 2 0
13 3 -0.0314084
13 4 -0.0346739
13 5 -0.0680087
13 6 -0.112815
13 7 -0.160038
13 8 -0.281032
13 9 -0.43712
13 10 -0.698626
13 11 -1.07485
13 12 -1.64404
13 13 -2.44375
13 14 -3.62691
13 15 -5.2769
13 16 -7.56247
13 17 -10.6784
13 18 -14.8539
13 19 -20.3539
13 20 -27.515
13 21 -36.6591
13 22 -48.1747
13 23 -62.4541
13 24 -79.8687
13 25 -100.823
13 26 -125.631
13 27 -154.596
13 28 -187.918
13 29 -225.704
13 30 -267.958
13 31 -314.544
13 32 -365.199
13 33 -419.533
13 34 -477.003
13 35 -536.995
13 36 -598.729
13 37 -661.423
13 38 -724.156
13 39 -786.058
13 40 -846.172
13 41 -903.634
13 42 -957.551
13 43 -1007.14
13 44 -1051.65
13 45 -1090.45
13 46 -1122.96
13 47 -1148.74
13 48 -1167.4
13 49 -1178.71
13 50 -1182.49
13 51 -1178.71
13 52 -1167.4
13 53 -1148.74
13 54 -1122.96
13 55 -1090.45
13 56 -1051.65
13 57 -1007.14
13 58 -957.551
13 59 -903.634
13 60 -846.172
13 61 -786.058
13 62 -724.156
13 63 -661.423
13 64 -598.729
13 65 -536.995
13 66 -477.003
13 67 -419.533
13 68 -365.199
13 69 -314.544
13 70 -267.958
13 71 -225.704
13 72 -187.918
13 73 -154.596
13 74 -125.631
13 75 -100.823
13 76 -79.8687
13 77 -62.4541
13 78 -48.1747
13 79 -36.6591
13 80 -27.515
13 81 -20.3539
13 82 -14.8539
13 83 -10.6784
13 84 -7.56247
13 85 -5.2769
13 86 -3.62691
13 87 -2.44375
13 88 -1.64404
13 89 -1.07485
13 90 -0.698626
13 91 -0.43712
13 92 -0.281032
13 93 -0.160038
13 94 -0.112815
13 95 -0.0680087
13 96 -0.0346739
13 97 -0.0314084
13 98 0
13 99 0
13 100 0

14 0 0
14 1 0
14 2 -0.0242107
14 3 -0.0272965
14 4 -0.0682866
14 5 -0.106223
14 6 -0.142512
14 7 -0.261268
14 8 -0.421134
14 9 -0.673385
14 10 -1.03406
14 11 -1.60766
14 12 -2.42248
14 13 -3.62691
14 14 -5.33433
14 15 -7.71746
14 16 -10.9904
14 17 -15.4402
14 18 -21.354
14 19 -29.1213
14 20 -39.1457
14 21 -51.8635
14 22 -67.7764
14 23 -87.3507
14 24 -111.081
14 25 -139.415
14 26 -172.735
14 27 -211.351
14 28 -255.454
14 29 -305.091
14 30 -360.191
14 31 -420.467
14 32 -485.536
14 33 -554.779
14 34 -627.503
14 35 -702.821
14 36 -779.796
14 37 -857.374
14 38 -934.489
14 39 -1010.04
14 40 -1082.97
14 41 -1152.22
14 42 -1216.85
14 43 -1275.97
14 44 -1328.79
14 45 -1374.62
14 46 -1412.9
14 47 -1443.14
14 48 -1465.01
14 49 -1478.22
14 50 -1482.65
14 51 -1478.22
14 52 -1465.01
14 53 -1443.14
14 54 -1412.9
14 55 -1374.62
14 56 -1328.79
14 57 -1275.97
14 58 -1216.85
14 59 -1152.22
14 60 -1082.97
14 61 -1010.04
14 62 -934.489
14 63 -857.374
14 64 -779.796
14 65 -702.821
14 66 -627.503
14 67 -554.779
14 68 -485.536
14 69 -420.467
14 70 -360.191
14 71 -305.091
14 72 -255.454
14 73 -211.351
14 74 -172.735
14 75 -139.415
14 76 -111.081
14 77 -87.3507
14 78 -67.7764
14 79 -51.8635
14 80 -39.1457
14 81 -29.1213
14 82 -21.354
14 83 -15.4402
14 84 -10.9904
14 85 -7.71746
14 86 -5.33433
14 87 -3.62691
14 88 -2.42248
14 89 -1.60766
14 90 -1.03406
14 91 -0.673385
14 92 -0.421134
14 93 -0.261268
14 94 -0.142512
14 95 -0.106223
14 96 -0.0682866
14 97 -0.0272965
14 98 -0.0242107
14 99 0
14 100 0

15 0 0
15 1 -0.0177874
15 2 -0.0204724
15 3 -0.0651687
15 4 -0.0964428
15 5 -0.127389
15 6 -0.23967
15 7 -0.393303
15 8 -0.634275
15 9 -0.975297
15 10 -1.53947
15 11 -2.35647
15 12 -3.55701
15 13 -5.2769
15 14 -7.71746
15 15 -11.0946
15 16 -15.7395
15 17 -21.9841
15 18 -30.2452
15 19 -41.0153
15 20 -54.8055
15 21 -72.2007
15 22 -93.8012
15 23 -120.194
15 24 -151.958
15 25 -189.605
15 26 -233.535
15 27 -284.069
15 28 -341.31
15 29 -405.254
15 30 -475.634
15 31 -552.04
15 32 -633.822
15 33 -720.169
15 34 -810.098
15 35 -902.496
15 36 -996.152
15 37 -1089.81
15 38 -1182.16
15 39 -1271.98
15 40 -1358.02
15 41 -1439.18
15 42 -1514.4
15 43 -1582.81
15 44 -1643.57
15 45 -1696.06
15 46 -1739.68
15 47 -1774.06
15 48 -1798.82
15 49 -1813.78
15 50 -1818.77
15 51 -1813.78
15 52 -1798.82
15 53 -1774.06
15 54 -1739.68
15 55 -1696.06
15 56 -1643.57
15 57 -1582.81
15 58 -1514.4
15 59 -1439.18
15 60 -1358.02
15 61 -1271.98
15 62 -1182.16
15 63 -1089.81
15 64 -996.152
15 65 -902.496
15 66 -810.098
15 67 -720.169
15 68 -633.822
15 69 -552.04
15 70 -475.634
15 71 -405.254
15 72 -341.31
15 73 -284.069
15 74 -233.535
15 75 -189.605
15 76 -151.958
15 77 -120.194
15 78 -93.8012
15 79 -72.2007
15 80 -54.8055
15 81 -41.0153
15 82 -30.2452
15 83 -21.9841
15 84 -15.7395
15 85 -11.0946
15 86 -7.71746
15 87 -5.2769
15 88 -3.55701
15 89 -2.35647
15 90 -1.53947
15 91 -0.975297
15 92 -0.634275
15 93 -0.393303
15 94 -0.23967
15 95 -0.127389
15 96 -0.0964428
15 97 -0.0651687
15 98 -0.0204724
15 99 -0.0177874
15 100 0

16 0 0
16 1 -0.0146231
16 2 -0.0587595
16 3 -0.0838702
16 4 -0.115628
16 5 -0.217623
16 6 -0.354035
16 7 -0.582458
16 8 -0.906129
16 9 -1.44612
16 10 -2.24259
16 11 -3.41827
16 12 -5.11235
16 13 -7.56247
16 14 -10.9904
16 15 -15.7395
16 16 -22.2002
16 17 -30.825
16 18 -42.1694
16 19 -56.8508
16 20 -75.5287
16 21 -98.9272
16 22 -127.768
16 23 -162.74
16 24 -204.519
16 25 -253.623
16 26 -310.496
16 27 -375.357
16 28 -448.247
16 29 -528.965
16 30 -617.067
16 31 -711.866
16 32 -812.455
16 33 -917.7
16 34 -1026.34
16 35 -1136.95
16 36 -1248.07
16 37 -1358.18
16 38 -1465.83
16 39 -1569.58
16 40 -1668.16
16 41 -1760.38
16 42 -1845.23
16 43 -1921.8
16 44 -1989.4
16 45 -2047.43
16 46 -2095.44
16 47 -2133.09
16 48 -2160.15
16 49 -2176.44
16 50 -2181.88
16 51 -2176.44
16 52 -2160.15
16 53 -2133.09
16 54 -2095.44
16 55 -2047.43
16 56 -1989.4
16 57 -1921.8
16 58 -1845.23
16 59 -1760.38
16 60 -1668.16
16 61 -1569.58
16 62 -1465.83
16 63 -1358.18
16 64 -1248.07
16 65 -1136.95
16 66 -1026.34
16 67 -917.7
16 68 -812.455
16 69 -711.866
16 70 -617.067
16 71 -528.965
16 72 -448.247
16 73 -375.357
16 74 -310.496
16 75 -253.623
16 76 -204.519
16 77 -162.74
16 78 -127.768
16 79 -98.9272
16 80 -75.5287
16 81 -56.8508
16 82 -42.1694
16 83 -30.825
16 84 -22.2002
16 85 -15.7395
16 86 -10.9904
16 87 -7.56247
16 88 -5.11235
16 89 -3.41827
16 90 -2.24259
16 91 -1.44612
16 92 -0.906129
16 93 -0.582458
16 94 -0.354035
16 95 -0.217623
16 96 -0.115628
16 97 -0.0838702
16 98 -0.0587595
16 99 -0.0146231
16 100 0

17 0 0
17 1 -0.0416189
17 2 -0.0695224
17 3 -0.106308
17 4 -0.195303
17 5 -0.307518
17 6 -0.521589
17 7 -0.829843
17 8 -1.33343
17 9 -2.08358
17 10 -3.21581
17 11 -4.85832
17 12 -7.26498
17 13 -10.6784
17 14 -15.4402
17 15 -21.9841
17 16 -30.825
17 17 -42.5584
17 18 -57.8976
17 19 -77.6029
17 20 -102.492
17 21 -133.447
17 22 -171.288
17 23 -216.843
17 24 -270.805
17 25 -333.733
17 26 -405.992
17 27 -487.702
17 28 -578.705
17 29 -678.581
17 30 -786.565
17 31 -901.681
17 32 -1022.62
17 33 -1147.95
17 34 -1276
17 35 -1405.08
17 36 -1533.42
17 37 -1659.32
17 38 -1781.14
17 39 -1897.39
17 40 -2006.75
17 41 -2108.07
17 42 -2200.43
17 43 -2283.08
17 44 -2355.45
17 45 -2417.14
17 46 -2467.85
17 47 -2507.42
17 48 -2535.73
17 49 -2552.74
17 50 -2558.41
17 51 -2552.74
17 52 -2535.73
17 53 -2507.42
17 54 -2467.85
17 55 -2417.14
17 56 -2355.45
17 57 -2283.08
17 58 -2200.43
17 59 -2108.07
17 60 -2006.75
17 61 -1897.39
17 62 -1781.14
17 63 -1659.32
17 64 -1533.42
17 65 -1405.08
17 66 -1276
17 67 -1147.95
17 68 -1022.62
17 69 -901.681
17 70 -786.565
17 71 -678.581
17 72 -578.705
17 73 -487.702
17 74 -405.992
17 75 -333.733
17 76 -270.805
17 77 -216.843
17 78 -171.288
17 79 -133.447
17 80 -102.492
17 81 -77.6029
17 82 -57.8976
17 83 -42.5584
17 84 -30.825
17 85 -21.9841
17 86 -15.4402
17 87 -10.6784
17 88 -7.26498
17 89 -4.85832
17 90 -3.21581
17 91 -2.08358
17 92 -1.33343
17 93 -0.829843
17 94 -0.521589
17 95 -0.307518
17 96 -0.195303
17 97 -0.106308
17 98 -0.0695224
17 99 -0.0416189
17 100 0

18 0 0
18 1 -0.0483134
18 2 -0.0922584
18 3 -0.172184
18 4 -0.259975
18 5 -0.456898
18 6 -0.745778
18 7 -1.2055
18 8 -1.89121
18 9 -2.9612
18 10 -4.53175
18 11 -6.8445
18 12 -10.1666
18 13 -14.8539
18 14 -21.354
18 15 -30.2452
18 16 -42.1694
18 17 -57.8976
18 18 -78.309
18 19 -104.322
18 20 -136.957
18 21 -177.212
18 22 -226.057
18 23 -284.372
18 24 -352.88
18 25 -432.069
18 26 -522.202
18 27 -623.162
18 28 -734.566
18 29 -855.603
18 30 -985.182
18 31 -1121.86
18 32 -1263.94
18 33 -1409.55
18 34 -1556.68
18 35 -1703.28
18 36 -1847.35
18 37 -1987
18 38 -2120.52
18 39 -2246.4
18 40 -2363.42
18 41 -2470.57
18 42 -2567.15
18 43 -2652.61
18 44 -2726.7
18 45 -2789.25
18 46 -2840.28
18 47 -2879.8
18 48 -2907.95
18 49 -2924.78
18 50 -2930.39
18 51 -2924.78
18 52 -2907.95
18 53 -2879.8
18 54 -2840.28
18 55 -2789.25
18 56 -2726.7
18 57 -2652.61
18 58 -2567.15
18 59 -2470.57
18 60 -2363.42
18 61 -2246.4
18 62 -2120.52
18 63 -1987
18 64 -1847.35
18 65 -1703.28
18 66 -1556.68
18 67 -1409.55
18 68 -1263.94
18 69 -1121.86
18 70 -985.182
18 71 -855.603
18 72 -734.566
18 73 -623.162
18 74 -522.202
18 75 -432.069
18 76 -352.88
18 77 -284.372
18 78 -226.057
18 79 -177.212
18 80 -136.957
18 81 -104.322
18 82 -78.309
18 83 -57.8976
18 84 -42.1694
18 85 -30.2452
18 86 -21.354
18 87 -14.8539
18 88 -10.1666
18 89 -6.8445
18 90 -4.53175
18 91 -2.9612
18 92 -1.89121
18 93 -1.2055
18 94 -0.745778
18 95 -0.456898
18 96 -0.259975
18 97 -0.172184
18 98 -0.0922584
18 99 -0.0483134
18 100 0

19 0 0
19 1 -0.0574972
19 2 -0.143854
19 3 -0.21373
19 4 -0.393365
19 5 -0.652978
19 6 -1.06602
19 7 -1.68226
19 8 -2.67111
19 9 -4.14449
19 10 -6.32244
19 11 -9.4818
19 12 -14.0097
19 13 -20.3539
19 14 -29.1213
19 15 -41.0153
19 16 -56.8508
19 17 -77.6029
19 18 -104.322
19 19 -138.143
19 20 -180.241
19 21 -231.764
19 22 -293.757
19 23 -367.152
19 24 -452.586
19 25 -550.466
19 26 -660.783
19 27 -783.164
19 28 -916.801
19 29 -1060.47
19 30 -1212.57
19 31 -1371.17
19 32 -1534.08
19 33 -1698.98
19 34 -1863.45
19 35 -2025.18
19 36 -2181.92
19 37 -2331.73
19 38 -2472.88
19 39 -2604.02
19 40 -2724.09
19 41 -2832.42
19 42 -2928.59
19 43 -3012.5
19 44 -3084.22
19 45 -3144.02
19 46 -3192.23
19 47 -3229.23
19 48 -3255.36
19 49 -3270.91
19 50 -3276.08
19 51 -3270.91
19 52 -3255.36
19 53 -3229.23
19 54 -3192.23
19 55 -3144.02
19 56 -3084.22
19 57 -3012.5
19 58 -2928.59
19 59 -2832.42
19 60 -2724.09
19 61 -2604.02
19 62 -2472.88
19 63 -2331.73
19 64 -2181.92
19 65 -2025.18
19 66 -1863.45
19 67 -1698.98
19 68 -1534.08
19 69 -1371.17
19 70 -1212.57
19 71 -1060.47
19 72 -916.801
19 73 -783.164
19 74 -660.783
19 75 -550.466
19 76 -452.586
19 77 -367.152
19 78 -293.757
19 79 -231.764
19 80 -180.241
19 81 -138.143
19 82 -104.322
19 83 -77.6029
19 84 -56.8508
19 85 -41.0153
19 86 -29.1213
19 87 -20.3539
19 88 -14.0097
19 89 -9.4818
19 90 -6.32244
19 91 -4.14449
19 92 -2.67111
19 93 -1.68226
19 94 -1.06602
19 95 -0.652978
19 96 -0.393365
19 97 -0.21373
19 98 -0.143854
19 99 -0.0574972
19 100 0

20 0 0
20 1 -0.0935429
20 2 -0.159796
20 3 -0.331828
20 4 -0.55202
20 5 -0.920285
20 6 -1.47095
20 7 -2.36265
20 8 -3.70857
20 9 -5.72197
20 10 -8.66816
20 11 -12.9549
20 12 -19.036
20 13 -27.515
20 14 -39.1457
20 15 -54.8055
20 16 -75.5287
20 17 -102.492
20 18 -136.957
20 19 -180.241
20 20 -233.699
20 21 -298.556
20 22 -375.951
20 23 -466.732
20 24 -571.447
20 25 -690.233
20 26 -822.771
20 27 -968.23
20 28 -1125.32
20 29 -1292.21
20 30 -1466.77
20 31 -1646.42
20 32 -1828.5
20 33 -2010.17
20 34 -2188.68
20 35 -2361.45
20 36 -2526.15
20 37 -2680.83
20 38 -2823.93
20 39 -2954.36
20 40 -3071.45
20 41 -3174.94
20 42 -3264.94
20 43 -3341.84
20 44 -3406.25
20 45 -3458.91
20 46 -3500.62
20 47 -3532.13
20 48 -3554.11
20 49 -3567.08
20 50 -3571.37
20 51 -3567.08
20 52 -3554.11
20 53 -3532.13
20 54 -3500.62
20 55 -3458.91
20 56 -3406.25
20 57 -3341.84
20 58 -3264.94
20 59 -3174.94
20 60 -3071.45
20 61 -2954.36
20 62 -2823.93
20 63 -2680.83
20 64 -2526.15
20 65 -2361.45
20 66 -2188.68
20 67 -2010.17
20 68 -1828.5
20 69 -1646.42
20 70 -1466.77
20 71 -1292.21
20 72 -1125.32
20 73 -968.23
20 74 -822.771
20 75 -690.233
20 76 -571.447
20 77 -466.732
20 78 -375.951
20 79 -298.556
20 80 -233.699
20 81 -180.241
20 82 -136.957
20 83 -102.492
20 84 -75.5287
20 85 -54.8055
20 86 -39.1457
20 87 -27.515
20 88 -19.036
20 89 -12.9549
20 90 -8.66816
20 91 -5.72197
20 92 -3.70857
20 93 -2.36265
20 94 -1.47095
20 95 -0.920285
20 96 -0.55202
20 97 -0.331828
20 98 -0.159796
20 99 -0.0935429
20 100 0

21 0 0
21 1 -0.0901623
21 2 -0.260871
21 3 -0.440655
21 4 -0.774345
21 5 -1.26339
21 6 -2.04945
21 7 -3.24339
21 8 -5.07062
21 9 -7.77346
21 10 -11.7471
21 11 -17.457
21 12 -25.5045
21 13 -36.6591
21 14 -51.8635
21 15 -72.2007
21 16 -98.9272
21 17 -133.447
21 18 -177.212
21 19 -231.764
21 20 -298.556
21 21 -378.921
21 22 -473.945
21 23 -584.37
21 24 -710.472
21 25 -852.055
21 26 -1008.28
21 27 -1177.79
21 28 -1358.6
21 29 -1548.26
21 30 -1743.89
21 31 -1942.33
21 32 -2140.32
21 33 -2334.6
21 34 -2522.1
21 35 -2700.11
21 36 -2866.3
21 37 -3018.92
21 38 -3156.72
21 39 -3279.07
21 40 -3385.83
21 41 -3477.38
21 42 -3554.45
21 43 -3618.12
21 44 -3669.59
21 45 -3710.24
21 46 -3741.34
21 47 -3764.13
21 48 -3779.62
21 49 -3788.59
21 50 -3791.52
21 51 -3788.59
21 52 -3779.62
21 53 -3764.13
21 54 -3741.34
21 55 -3710.24
21 56 -3669.59
21 57 -3618.12
21 58 -3554.45
21 59 -3477.38
21 60 -3385.83
21 61 -3279.07
21 62 -3156.72
21 63 -3018.92
21 64 -2866.3
21 65 -2700.11
21 66 -2522.1
21 67 -2334.6
21 68 -2140.32
21 69 -1942.33
21 70 -1743.89
21 71 -1548.26
21 72 -1358.6
21 73 -1177.79
21 74 -1008.28
21 75 -852.055
21 76 -710.472
21 77 -584.37
21 78 -473.945
21 79 -378.921
21 80 -298.556
21 81 -231.764
21 82 -177.212
21 83 -133.447
21 84 -98.9272
21 85 -72.2007
21 86 -51.8635
21 87 -36.6591
21 88 -25.5045
21 89 -17.457
21 90 -11.7471
21 91 -7.77346
21 92 -5.07062
21 93 -3.24339
21 94 -2.04945
21 95 -1.26339
21 96 -0.774345
21 97 -0.440655
21 98 -0.260871
21 99 -0.0901623
21 100 0

22 0 0
22 1 -0.157753
22 2 -0.316035
22 3 -0.627708
22 4 -1.05529
22 5 -1.74052
22 6 -2.77478
22 7 -4.40018
22 8 -6.83648
22 9 -10.4444
22 10 -15.6888
22 11 -23.1847
22 12 -33.6902
22 13 -48.1747
22 14 -67.7764
22 15 -93.8012
22 16 -127.768
22 17 -171.288
22 18 -226.057
22 19 -293.757
22 20 -375.951
22 21 -473.945
22 22 -588.737
22 23 -720.78
22 24 -870.019
22 25 -1035.69
22 26 -1216.37
22 27 -1409.94
22 28 -1613.66
22 29 -1824.28
22 30 -2038.17
22 31 -2251.51
22 32 -2460.49
22 33 -2661.45
22 34 -2851.18
22 35 -3026.9
22 36 -3186.55
22 37 -3328.68
22 38 -3452.63
22 39 -3558.38
22 40 -3646.55
22 41 -3718.27
22 42 -3775.1
22 43 -3818.85
22 44 -3851.51
22 45 -3875.05
22 46 -3891.37
22 47 -3902.15
22 48 -3908.8
22 49 -3912.35
22 50 -3913.46
22 51 -3912.35
22 52 -3908.8
22 53 -3902.15
22 54 -3891.37
22 55 -3875.05
22 56 -3851.51
22 57 -3818.85
22 58 -3775.1
22 59 -3718.27
22 60 -3646.55
22 61 -3558.38
22 62 -3452.63
22 63 -3328.68
22 64 -3186.55
22 65 -3026.9
22 66 -2851.18
22 67 -2661.45
22 68 -2460.49
22 69 -2251.51
22 70 -2038.17
22 71 -1824.28
22 72 -1613.66
22 73 -1409.94
22 74 -1216.37
22 75 -1035.69
22 76 -870.019
22 77 -720.78
22 78 -588.737
22 79 -473.945
22 80 -375.951
22 81 -293.757
22 82 -226.057
22 83 -171.288
22 84 -127.768
22 85 -93.8012
22 86 -67.7764
22 87 -48.1747
22 88 -33.6902
22 89 -23.1847
22 90 -15.6888
22 91 -10.4444
22 92 -6.83648
22 93 -4.40018
22 94 -2.77478
22 95 -1.74052
22 96 -1.05529
22 97 -0.627708
22 98 -0.316035
22 99 -0.157753
22 100 0

23 0 0
23 1 -0.181194
23 2 -0.466698
23 3 -0.837206
23 4 -1.43876
23 5 -2.32379
23 6 -3.7412
23 7 -5.88762
23 8 -9.10009
23 9 -13.8189
23 10 -20.6654
23 11 -30.3811
23 12 -43.9182
23 13 -62.4541
23 14 -87.3507
23 15 -120.194
23 16 -162.74
23 17 -216.843
23 18 -284.372
23 19 -367.152
23 20 -466.732
23 21 -584.37
23 22 -720.78
23 23 -876.069
23 24 -1049.6
23 25 -1239.97
23 26 -1444.9
23 27 -1661.45
23 28 -1885.94
23 29 -2114.28
23 30 -2342
23 31 -2564.69
23 32 -2778.01
23 33 -2978.09
23 34 -3161.64
23 35 -3326.13
23 36 -3469.87
23 37 -3592.03
23 38 -3692.68
23 39 -3772.67
23 40 -3833.52
23 41 -3877.31
23 42 -3906.49
23 43 -3923.76
23 44 -3931.85
23 45 -3933.47
23 46 -3931.04
23 47 -3926.78
23 48 -3922.4
23 49 -3919.25
23 50 -3918.1
23 51 -3919.25
23 52 -3922.4
23 53 -3926.78
23 54 -3931.04
23 55 -3933.47
23 56 -3931.85
23 57 -3923.76
23 58 -3906.49
23 59 -3877.31
23 60 -3833.52
23 61 -3772.67
23 62 -3692.68
23 63 -3592.03
23 64 -3469.87
23 65 -3326.13
23 66 -3161.64
23 67 -2978.09
23 68 -2778.01
23 69 -2564.69
23 70 -2342
23 71 -2114.28
23 72 -1885.94
23 73 -1661.45
23 74 -1444.9
23 75 -1239.97
23 76 -1049.6
23 77 -876.069
23 78 -720.78
23 79 -584.37
23 80 -466.732
23 81 -367.152
23 82 -284.372
23 83 -216.843
23 84 -162.74
23 85 -120.194
23 86 -87.3507
23 87 -62.4541
23 88 -43.9182
23 89 -30.3811
23 90 -20.6654
23 91 -13.8189
23 92 -9.10009
23 93 -5.88762
23 94 -3.7412
23 95 -2.32379
23 96 -1.43876
23 97 -0.837206
23 98 -0.466698
23 99 -0.181194
23 100 0

24 0 0
24 1 -0.27093
24 2 -0.60818
24 3 -1.13754
24 4 -1.89575
24 5 -3.11445
24 6 -4.95618
24 7 -7.76469
24 8 -11.9349
24 9 -18.0605
24 10 -26.8683
24 11 -39.2828
24 12 -56.4789
24 13 -79.8687
24 14 -111.081
24 15 -151.958
24 16 -204.519
24 17 -270.805
24 18 -352.88
24 19 -452.586
24 20 -571.447
24 21 -710.472
24 22 -870.019
24 23 -1049.6
24 24 -1247.91
24 25 -1462.61
24 26 -1690.54
24 27 -1927.68
24 28 -2169.4
24 29 -2410.65
24 30 -2646.23
24 31 -2871.09
24 32 -3080.59
24 33 -3270.76
24 34 -3438.5
24 35 -3581.7
24 36 -3699.35
24 37 -3791.45
24 38 -3859.07
24 39 -3904.07
24 40 -3929.08
24 41 -3937.19
24 42 -3931.87
24 43 -3916.68
24 44 -3895.17
24 45 -3870.67
24 46 -3846.21
24 47 -3824.36
24 48 -3807.23
24 49 -3796.32
24 50 -3792.59
24 51 -3796.32
24 52 -3807.23
24 53 -3824.36
24 54 -3846.21
24 55 -3870.67
24 56 -3895.17
24 57 -3916.68
24 58 -3931.87
24 59 -3937.19
24 60 -3929.08
24 61 -3904.07
24 62 -3859.07
24 63 -3791.45
24 64 -3699.35
24 65 -3581.7
24 66 -3438.5
24 67 -3270.76
24 68 -3080.59
24 69 -2871.09
24 70 -2646.23
24 71 -2410.65
24 72 -2169.4
24 73 -1927.68
24 74 -1690.54
24 75 -1462.61
24 76 -1247.91
24 77 -1049.6
24 78 -870.019
24 79 -710.472
24 80 -571.447
24 81 -452.586
24 82 -352.88
24 83 -270.805
24 84 -204.519
24 85 -151.958
24 86 -111.081
24 87 -79.8687
24 88 -56.4789
24 89 -39.2828
24 90 -26.8683
24 91 -18.0605
24 92 -11.9349
24 93 -7.76469
24 94 -4.95618
24 95 -3.11445
24 96 -1.89575
24 97 -1.13754
24 98 -0.60818
24 99 -0.27093
24 100 0

25 0 0
25 1 -0.357325
25 2 -0.822975
25 3 -1.48566
25 4 -2.52377
25 5 -4.07025
25 6 -6.48495
25 7 -10.1043
25 8 -15.4735
25 9 -23.2887
25 10 -34.4599
25 11 -50.1216
25 12 -71.6875
25 13 -100.823
25 14 -139.415
25 15 -189.605
25 16 -253.623
25 17 -333.733
25 18 -432.069
25 19 -550.466
25 20 -690.233
25 21 -852.055
25 22 -1035.69
25 23 -1239.97
25 24 -1462.61
25 25 -1700.3
25 26 -1948.73
25 27 -2202.77
25 28 -2456.72
25 29 -2704.64
25 30 -2940.58
25 31 -3159.08
25 32 -3355.31
25 33 -3525.48
25 34 -3666.93
25 35 -3778.27
25 36 -3859.41
25 37 -3911.48
25 38 -3936.68
25 39 -3938.13
25 40 -3919.62
25 41 -3885.38
25 42 -3839.84
25 43 -3787.46
25 44 -3732.49
25 45 -3678.86
25 46 -3630.02
25 47 -3588.93
25 48 -3557.88
25 49 -3538.58
25 50 -3532.03
25 51 -3538.58
25 52 -3557.88
25 53 -3588.93
25 54 -3630.02
25 55 -3678.86
25 56 -3732.49
25 57 -3787.46
25 58 -3839.84
25 59 -3885.38
25 60 -3919.62
25 61 -3938.13
25 62 -3936.68
25 63 -3911.48
25 64 -3859.41
25 65 -3778.27
25 66 -3666.93
25 67 -3525.48
25 68 -3355.31
25 69 -3159.08
25 70 -2940.58
25 71 -2704.64
25 72 -2456.72
25 73 -2202.77
25 74 -1948.73
25 75 -1700.3
25 76 -1462.61
25 77 -1239.97
25 78 -1035.69
25 79 -852.055
25 80 -690.233
25 81 -550.466
25 82 -432.069
25 83 -333.733
25 84 -253.623
25 85 -189.605
25 86 -139.415
25 87 -100.823
25 88 -71.6875
25 89 -50.1216
25 90 -34.4599
25 91 -23.2887
25 92 -15.4735
25 93 -10.1043
25 94 -6.48495
25 95 -4.07025
25 96 -2.52377
25 97 -1.48566
25 98 -0.822975
25 99 -0.357325
25 100 0

26 0 0
26 1 -0.470885
26 2 -1.08279
26 3 -1.95767
26 4 -3.25037
26 5 -5.29492
26 6 -8.37089
26 7 -12.9885
26 8 -19.7812
26 9 -29.6375
26 10 -43.6387
26 11 -63.1467
26 12 -89.8354
26 13 -125.631
26 14 -172.735
26 15 -233.535
26 16 -310.496
26 17 -405.992
26 18 -522.202
26 19 -660.783
26 20 -822.771
26 21 -1008.28
26 22 -1216.37
26 23 -1444.9
26 24 -1690.54
26 25 -1948.73
26 26 -2213.95
26 27 -2479.85
26 28 -2739.7
26 29 -2986.67
26 30 -3214.28
26 31 -3416.78
26 32 -3589.49
26 33 -3729.02
26 34 -3833.48
26 35 -3902.51
26 36 -3937.22
26 37 -3940.05
26 38 -3914.61
26 39 -3865.3
26 40 -3797.19
26 41 -3715.57
26 42 -3625.88
26 43 -3533.28
26 44 -3442.66
26 45 -3358.35
26 46 -3284.15
26 47 -3223.18
26 48 -3177.88
26 49 -3150
26 50 -3140.59
26 51 -3150
26 52 -3177.88
26 53 -3223.18
26 54 -3284.15
26 55 -3358.35
26 56 -3442.66
26 57 -3533.28
26 58 -3625.88
26 59 -3715.57
26 60 -3797.19
26 61 -3865.3
26 62 -3914.61
26 63 -3940.05
26 64 -3937.22
26 65 -3902.51
26 66 -3833.48
26 67 -3729.02
26 68 -3589.49
26 69 -3416.78
26 70 -3214.28
26 71 -2986.67
26 72 -2739.7
26 73 -2479.85
26 74 -2213.95
26 75 -1948.73
26 76 -1690.54
26 77 -1444.9
26 78 -1216.37
26 79 -1008.28
26 80 -822.771
26 81 -660.783
26 82 -522.202
26 83 -405.992
26 84 -310.496
26 85 -233.535
26 86 -172.735
26 87 -125.631
26 88 -89.8354
26 89 -63.1467
26 90 -43.6387
26 91 -29.6375
26 92 -19.7812
26 93 -12.9885
26 94 -8.37089
26 95 -5.29492
26 96 -3.25037
26 97 -1.95767
26 98 -1.08279
26 99 -0.470885
26 100 0

27 0 0
27 1 -0.632905
27 2 -1.39652
27 3 -2.50349
27 4 -4.20544
27 5 -6.76461
27 6 -10.6697
27 7 -16.4648
27 8 -24.9862
27 9 -37.2534
27 10 -54.5653
27 11 -78.5502
27 12 -111.151
27 13 -154.596
27 14 -211.351
27 15 -284.069
27 16 -375.357
27 17 -487.702
27 18 -623.162
27 19 -783.164
27 20 -968.23
27 21 -1177.79
27 22 -1409.94
27 23 -1661.45
27 24 -1927.68
27 25 -2202.77
27 26 -2479.85
27 27 -2751.38
27 28 -3009.62
27 29 -3247.01
27 30 -3456.72
27 31 -3633.02
27 32 -3771.62
27 33 -3869.95
27 34 -3927.16
27 35 -3944.25
27 36 -3923.77
27 37 -3869.73
27 38 -3787.17
27 39 -3681.94
27 40 -3560.28
27 41 -3428.56
27 42 -3292.95
27 43 -3159.27
27 44 -3032.77
27 45 -2918.05
27 46 -2818.99
27 47 -2738.74
27 48 -2679.73
27 49 -2643.64
27 50 -2631.5
27 51 -2643.64
27 52 -2679.73
27 53 -2738.74
27 54 -2818.99
27 55 -2918.05
27 56 -3032.77
27 57 -3159.27
27 58 -3292.95
27 59 -3428.56
27 60 -3560.28
27 61 -3681.94
27 62 -3787.17
27 63 -3869.73
27 64 -3923.77
27 65 -3944.25
27 66 -3927.16
27 67 -3869.95
27 68 -3771.62
27 69 -3633.02
27 70 -3456.72
27 71 -3247.01
27 72 -3009.62
27 73 -2751.38
27 74 -2479.85
27 75 -2202.77
27 76 -1927.68
27 77 -1661.45
27 78 -1409.94
27 79 -1177.79
27 80 -968.23
27 81 -783.164
27 82 -623.162
27 83 -487.702
27 84 -375.357
27 85 -284.069
27 86 -211.351
27 87 -154.596
27 88 -111.151
27 89 -78.5502
27 90 -54.5653
27 91 -37.2534
27 92 -24.9862
27 93 -16.4648
27 94 -10.6697
27 95 -6.76461
27 96 -4.20544
27 97 -2.50349
27 98 -1.39652
27 99 -0.632905
27 100 0

28 0 0
28 1 -0.791068
28 2 -1.79861
28 3 -3.20447
28 4 -5.31139
28 5 -8.55967
28 6 -13.4167
28 7 -20.6398
28 8 -31.161
28 9 -46.2302
28 10 -67.3841
28 11 -96.5178
28 12 -135.863
28 13 -187.918
28 14 -255.454
28 15 -341.31
28 16 -448.247
28 17 -578.705
28 18 -734.566
28 19 -916.801
28 20 -1125.32
28 21 -1358.6
28 22 -1613.66
28 23 -1885.94
28 24 -2169.4
28 25 -2456.72
28 26 -2739.7
28 27 -3009.62
28 28 -3257.86
28 29 -3476.35
28 30 -3658.19
28 31 -3797.98
28 32 -3892.22
28 33 -3939.45
28 34 -3940.3
28 35 -3897.32
28 36 -3814.8
28 37 -3698.38
28 38 -3554.68
28 39 -3390.89
28 40 -3214.4
28 41 -3032.39
28 42 -2851.68
28 43 -2678.4
28 44 -2517.97
28 45 -2374.96
28 46 -2253.15
28 47 -2155.48
28 48 -2084.21
28 49 -2040.83
28 50 -2026.29
28 51 -2040.83
28 52 -2084.21
28 53 -2155.48
28 54 -2253.15
28 55 -2374.96
28 56 -2517.97
28 57 -2678.4
28 58 -2851.68
28 59 -3032.39
28 60 -3214.4
28 61 -3390.89
28 62 -3554.68
28 63 -3698.38
28 64 -3814.8
28 65 -3897.32
28 66 -3940.3
28 67 -3939.45
28 68 -3892.22
28 69 -3797.98
28 70 -3658.19
28 71 -3476.35
28 72 -3257.86
28 73 -3009.62
28 74 -2739.7
