0 0 0
0 1 0
0 2 0
0 3 0
0 4 0
0 5 0
0 6 0
0 7 0
0 8 0
0 9 0
0 10 0
0 11 0
0 12 0
0 13 0
0 14 0
0 15 0
0 16 0
0 17 0
0 18 0
0 19 0
0 20 0
0 21 0
0 22 0
0 23 0
0 24 0
0 25 0
0 26 0
0 27 0
0 28 0
0 29 0
0 30 0
0 31 0
0 32 0
0 33 0
0 34 0
0 35 0
0 36 0
0 37 0
0 38 0
0 39 0
0 40 0
0 41 0
0 42 0
0 43 0
0 44 0
0 45 0
0 46 0
0 47 0
0 48 0
0 49 0
0 50 0
0 51 0
0 52 0
0 53 0
0 54 0
0 55 0
0 56 0
0 57 0
0 58 0
0 59 0
0 60 0
0 61 0
0 62 0
0 63 0
0 64 0
0 65 0
0 66 0
0 67 0
0 68 0
0 69 0
0 70 0
0 71 0
0 72 0
0 73 0
0 74 0
0 75 0
0 76 0
0 77 0
0 78 0
0 79 0
0 80 0
0 81 0
0 82 0
0 83 0
0 84 0
0 85 0
0 86 0
0 87 0
0 88 0
0 89 0
0 90 0
0 91 0
0 92 0
0 93 0
0 94 0
0 95 0
0 96 0
0 97 0
0 98 0
0 99 0
0 100 0

1 0 0
1 1 0
1 2 0
1 3 0
1 4 0
1 5 0
1 6 0
1 7 0
1 8 0
1 9 0
1 10 0
1 11 0
1 12 0
1 13 0
1 14 -0.0209571
1 15 -0.0175838
1 16 -0.0441708
1 17 -0.0543078
1 18 -0.0574007
1 19 -0.100671
1 20 -0.0971895
1 21 -0.17053
1 22 -0.209124
1 23 -0.302697
1 24 -0.415896
1 25 -0.540225
1 26 -0.73311
1 27 -0.920688
1 28 -1.19173
1 29 -1.47911
1 30 -1.83706
1 31 -2.24885
1 32 -2.71083
1 33 -3.25395
1 34 -3.83266
1 35 -4.49666
1 36 -5.18831
1 37 -5.94655
1 38 -6.72519
1 39 -7.53561
1 40 -8.35396
1 41 -9.16095
1 42 -9.95603
1 43 -10.6949
1 44 -11.3967
1 45 -12.0012
1 46 -12.5428
1 47 -12.954
1 48 -13.2812
1 49 -13.4566
1 50 -13.5362
1 51 -13.4566
1 52 -13.2812
1 53 -12.954
1 54 -12.5428
1 55 -12.0012
1 56 -11.3967
1 57 -10.6949
1 58 -9.95603
1 59 -9.16095
1 60 -8.35396
1 61 -7.53561
1 62 -6.72519
1 63 -5.94655
1 64 -5.18831
1 65 -4.49666
1 66 -3.83266
1 67 -3.25395
1 68 -2.71083
1 69 -2.24885
1 70 -1.83706
1 71 -1.47911
1 72 -1.19173
1 73 -0.920688
1 74 -0.73311
1 75 -0.540225
1 76 -0.415896
1 77 -0.302697
1 78 -0.209124
1 79 -0.17053
1 80 -0.0971895
1 81 -0.100671
1 82 -0.0574007
1 83 -0.0543078
1 84 -0.0441708
1 85 -0.0175838
1 86 -0.0209571
1 87 0
1 88 0
1 89 0
1 90 0
1 91 0
1 92 0
1 93 0
1 94 0
1 95 0
1 96 0
1 97 0
1 98 0
1 99 0
1 100 0

2 0 0
2 1 0
2 2 0
2 3 0
2 4 0
2 5 0
2 6 0
2 7 0
2 8 0
2 9 0
2 10 0
2 11 0
2 12 0
2 13 -0.0277539
2 14 -0.0239335
2 15 -0.0620856
2 16 -0.0770604
2 17 -0.0948493
2 18 -0.155199
2 19 -0.172775
2 20 -0.283278
2 21 -0.355233
2 22 -0.517821
2 23 -0.691196
2 24 -0.930501
2 25 -1.23724
2 26 -1.60109
2 27 -2.07236
2 28 -2.61636
2 29 -3.28973
2 30 -4.06227
2 31 -4.97443
2 32 -6.00627
2 33 -7.17864
2 34 -8.47444
2 35 -9.89939
2 36 -11.4302
2 37 -13.0622
2 38 -14.761
2 39 -16.5148
2 40 -18.2776
2 41 -20.0334
2 42 -21.7281
2 43 -23.3446
2 44 -24.8259
2 45 -26.1581
2 46 -27.2872
2 47 -28.207
2 48 -28.8718
2 49 -29.2868
2 50 -29.4188
2 51 -29.2868
2 52 -28.8718
2 53 -28.207
2 54 -27.2872
2 55 -26.1581
2 56 -24.8259
2 57 -23.3446
2 58 -21.7281
2 59 -20.0334
2 60 -18.2776
2 61 -16.5148
2 62 -14.761
2 63 -13.0622
2 64 -11.4302
2 65 -9.89939
2 66 -8.47444
2 67 -7.17864
2 68 -6.00627
2 69 -4.97443
2 70 -4.06227
2 71 -3.28973
2 72 -2.61636
2 73 -2.07236
2 74 -1.60109
2 75 -1.23724
2 76 -0.930501
2 77 -0.691196
2 78 -0.517821
2 79 -0.355233
2 80 -0.283278
2 81 -0.172775
2 82 -0.155199
2 83 -0.0948493
2 84 -0.0770604
2 85 -0.0620856
2 86 -0.0239335
2 87 -0.0277539
2 88 0
2 89 0
2 90 0
2 91 0
2 92 0
2 93 0
2 94 0
2 95 0
2 96 0
2 97 0
2 98 0
2 99 0
2 100 0

3 0 0
3 1 0
3 2 0
3 3 0
3 4 0
3 5 0
3 6 0
3 7 0
3 8 0
3 9 0
3 10 0
3 11 0
3 12 -0.0350576
3 13 -0.0310488
3 14 -0.0667326
3 15 -0.0904436
3 16 -0.110339
3 17 -0.183744
3 18 -0.233822
3 19 -0.36054
3 20 -0.487928
3 21 -0.693418
3 22 -0.930384
3 23 -1.27091
3 24 -1.66817
3 25 -2.21163
3 26 -2.85001
3 27 -3.6651
3 28 -4.63481
3 29 -5.7902
3 30 -7.16498
3 31 -8.72185
3 32 -10.542
3 33 -12.5353
3 34 -14.7968
3 35 -17.2128
3 36 -19.8575
3 37 -22.6184
3 38 -25.5283
3 39 -28.4886
3 40 -31.4877
3 41 -34.4446
3 42 -37.3129
3 43 -40.029
3 44 -42.5269
3 45 -44.7605
3 46 -46.6601
3 47 -48.1991
3 48 -49.3168
3 49 -50.009
3 50 -50.2333
3 51 -50.009
3 52 -49.3168
3 53 -48.1991
3 54 -46.6601
3 55 -44.7605
3 56 -42.5269
3 57 -40.029
3 58 -37.3129
3 59 -34.4446
3 60 -31.4877
3 61 -28.4886
3 62 -25.5283
3 63 -22.6184
3 64 -19.8575
3 65 -17.2128
3 66 -14.7968
3 67 -12.5353
3 68 -10.542
3 69 -8.72185
3 70 -7.16498
3 71 -5.7902
3 72 -4.63481
3 73 -3.6651
3 74 -2.85001
3 75 -2.21163
3 76 -1.66817
3 77 -1.27091
3 78 -0.930384
3 79 -0.693418
3 80 -0.487928
3 81 -0.36054
3 82 -0.233822
3 83 -0.183744
3 84 -0.110339
3 85 -0.0904436
3 86 -0.0667326
3 87 -0.0310488
3 88 -0.0350576
3 89 0
3 90 0
3 91 0
3 92 0
3 93 0
3 94 0
3 95 0
3 96 0
3 97 0
3 98 0
3 99 0
3 100 0

4 0 0
4 1 0
4 2 0
4 3 0
4 4 0
4 5 0
4 6 0
4 7 0
4 8 0
4 9 0
4 10 0
4 11 -0.0422489
4 12 -0.0384025
4 13 -0.0679898
4 14 -0.101477
4 15 -0.120643
4 16 -0.206034
4 17 -0.283494
4 18 -0.424694
4 19 -0.602038
4 20 -0.847209
4 21 -1.15501
4 22 -1.58822
4 23 -2.10102
4 24 -2.81527
4 25 -3.65347
4 26 -4.74805
4 27 -6.04537
4 28 -7.62942
4 29 -9.50426
4 30 -11.6833
4 31 -14.2191
4 32 -17.0655
4 33 -20.2912
4 34 -23.811
4 35 -27.6801
4 36 -31.789
4 37 -36.1627
4 38 -40.6762
4 39 -45.3215
4 40 -49.9635
4 41 -54.568
4 42 -58.9962
4 43 -63.2007
4 44 -67.0473
4 45 -70.4897
4 46 -73.409
4 47 -75.7736
4 48 -77.4893
4 49 -78.5506
4 50 -78.8953
4 51 -78.5506
4 52 -77.4893
4 53 -75.7736
4 54 -73.409
4 55 -70.4897
4 56 -67.0473
4 57 -63.2007
4 58 -58.9962
4 59 -54.568
4 60 -49.9635
4 61 -45.3215
4 62 -40.6762
4 63 -36.1627
4 64 -31.789
4 65 -27.6801
4 66 -23.811
4 67 -20.2912
4 68 -17.0655
4 69 -14.2191
4 70 -11.6833
4 71 -9.50426
4 72 -7.62942
4 73 -6.04537
4 74 -4.74805
4 75 -3.65347
4 76 -2.81527
4 77 -2.10102
4 78 -1.58822
4 79 -1.15501
4 80 -0.847209
4 81 -0.602038
4 82 -0.424694
4 83 -0.283494
4 84 -0.206034
4 85 -0.120643
4 86 -0.101477
4 87 -0.0679898
4 88 -0.0384025
4 89 -0.0422489
4 90 0
4 91 0
4 92 0
4 93 0
4 94 0
4 95 0
4 96 0
4 97 0
4 98 0
4 99 0
4 100 0

5 0 0
5 1 0
5 2 0
5 3 0
5 4 0
5 5 0
5 6 0
5 7 0
5 8 0
5 9 0
5 10 -0.0485863
5 11 -0.0452953
5 12 -0.0662176
5 13 -0.109465
5 14 -0.134012
5 15 -0.227862
5 16 -0.330667
5 17 -0.488542
5 18 -0.699536
5 19 -0.993321
5 20 -1.36628
5 21 -1.89638
5 22 -2.54879
5 23 -3.43265
5 24 -4.51865
5 25 -5.9052
5 26 -7.59093
5 27 -9.65593
5 28 -12.1096
5 29 -15.0237
5 30 -18.3951
5 31 -22.2816
5 32 -26.6627
5 33 -31.5586
5 34 -36.9394
5 35 -42.7634
5 36 -48.9998
5 37 -55.5343
5 38 -62.3379
5 39 -69.2306
5 40 -76.1849
5 41 -82.9746
5 42 -89.5754
5 43 -95.7402
5 44 -101.454
5 45 -106.474
5 46 -110.806
5 47 -114.232
5 48 -116.789
5 49 -118.302
5 50 -118.849
5 51 -118.302
5 52 -116.789
5 53 -114.232
5 54 -110.806
5 55 -106.474
5 56 -101.454
5 57 -95.7402
5 58 -89.5754
5 59 -82.9746
5 60 -76.1849
5 61 -69.2306
5 62 -62.3379
5 63 -55.5343
5 64 -48.9998
5 65 -42.7634
5 66 -36.9394
5 67 -31.5586
5 68 -26.6627
5 69 -22.2816
5 70 -18.3951
5 71 -15.0237
5 72 -12.1096
5 73 -9.65593
5 74 -7.59093
5 75 -5.9052
5 76 -4.51865
5 77 -3.43265
5 78 -2.54879
5 79 -1.89638
5 80 -1.36628
5 81 -0.993321
5 82 -0.699536
5 83 -0.488542
5 84 -0.330667
5 85 -0.227862
5 86 -0.134012
5 87 -0.109465
5 88 -0.0662176
5 89 -0.0452953
5 90 -0.0485863
5 91 0
5 92 0
5 93 0
5 94 0
5 95 0
5 96 0
5 97 0
5 98 0
5 99 0
5 100 0

6 0 0
6 1 0
6 2 0
6 3 0
6 4 0
6 5 0
6 6 0
6 7 0
6 8 0
6 9 -0.0533264
6 10 -0.0509572
6 11 -0.0625928
6 12 -0.114393
6 13 -0.150442
6 14 -0.249473
6 15 -0.373485
6 16 -0.551051
6 17 -0.786498
6 18 -1.13454
6 19 -1.57443
6 20 -2.20508
6 21 -3.00973
6 22 -4.07411
6 23 -5.43046
6 24 -7.14174
6 25 -9.26431
6 26 -11.8769
6 27 -15.0098
6 28 -18.7741
6 29 -23.1564
6 30 -28.2707
6 31 -34.0741
6 32 -40.636
6 33 -47.9011
6 34 -55.8598
6 35 -64.4491
6 36 -73.5695
6 37 -83.1465
6 38 -93.0004
6 39 -103.041
6 40 -113.03
6 41 -122.866
6 42 -132.281
6 43 -141.173
6 44 -149.272
6 45 -156.495
6 46 -162.597
6 47 -167.53
6 48 -171.099
6 49 -173.308
6 50 -174.021
6 51 -173.308
6 52 -171.099
6 53 -167.53
6 54 -162.597
6 55 -156.495
6 56 -149.272
6 57 -141.173
6 58 -132.281
6 59 -122.866
6 60 -113.03
6 61 -103.041
6 62 -93.0004
6 63 -83.1465
6 64 -73.5695
6 65 -64.4491
6 66 -55.8598
6 67 -47.9011
6 68 -40.636
6 69 -34.0741
6 70 -28.2707
6 71 -23.1564
6 72 -18.7741
6 73 -15.0098
6 74 -11.8769
6 75 -9.26431
6 76 -7.14174
6 77 -5.43046
6 78 -4.07411
6 79 -3.00973
6 80 -2.20508
6 81 -1.57443
6 82 -1.13454
6 83 -0.786498
6 84 -0.551051
6 85 -0.373485
6 86 -0.249473
6 87 -0.150442
6 88 -0.114393
6 89 -0.0625928
6 90 -0.0509572
6 91 -0.0533264
6 92 0
6 93 0
6 94 0
6 95 0
6 96 0
6 97 0
6 98 0
6 99 0
6 100 0

7 0 0
7 1 0
7 2 0
7 3 0
7 4 0
7 5 0
7 6 0
7 7 0
7 8 -0.0558657
7 9 -0.0546857
7 10 -0.0587793
7 11 -0.116864
7 12 -0.167938
7 13 -0.2701
7 14 -0.40662
7 15 -0.60699
7 16 -0.865154
7 17 -1.26652
7 18 -1.78294
7 19 -2.5128
7 20 -3.4739
7 21 -4.7339
7 22 -6.36488
7 23 -8.44151
7 24 -11.0378
7 25 -14.2682
7 26 -18.1828
7 27 -22.9137
7 28 -28.4958
7 29 -35.0342
7 30 -42.5512
7 31 -51.0959
7 32 -60.6587
7 33 -71.2239
7 34 -82.7239
7 35 -95.0779
7 36 -108.147
7 37 -121.788
7 38 -135.797
7 39 -149.976
7 40 -164.078
7 41 -177.863
7 42 -191.074
7 43 -203.455
7 44 -214.766
7 45 -224.766
7 46 -233.265
7 47 -240.06
7 48 -245.033
7 49 -248.049
7 50 -249.072
7 51 -248.049
7 52 -245.033
7 53 -240.06
7 54 -233.265
7 55 -224.766
7 56 -214.766
7 57 -203.455
7 58 -191.074
7 59 -177.863
7 60 -164.078
7 61 -149.976
7 62 -135.797
7 63 -121.788
7 64 -108.147
7 65 -95.0779
7 66 -82.7239
7 67 -71.2239
7 68 -60.6587
7 69 -51.0959
7 70 -42.5512
7 71 -35.0342
7 72 -28.4958
7 73 -22.9137
7 74 -18.1828
7 75 -14.2682
7 76 -11.0378
7 77 -8.44151
7 78 -6.36488
7 79 -4.7339
7 80 -3.4739
7 81 -2.5128
7 82 -1.78294
7 83 -1.26652
7 84 -0.865154
7 85 -0.60699
7 86 -0.40662
7 87 -0.2701
7 88 -0.167938
7 89 -0.116864
7 90 -0.0587793
7 91 -0.0546857
7 92 -0.0558657
7 93 0
7 94 0
7 95 0
7 96 0
7 97 0
7 98 0
7 99 0
7 100 0

8 0 0
8 1 0
8 2 0
8 3 0
8 4 0
8 5 0
8 6 0
8 7 -0.0558657
8 8 -0.0559878
8 9 -0.056382
8 10 -0.117799
8 11 -0.182947
8 12 -0.287792
8 13 -0.427829
8 14 -0.651868
8 15 -0.936827
8 16 -1.38517
8 17 -1.98241
8 18 -2.80922
8 19 -3.91995
8 20 -5.38866
8 21 -7.29768
8 22 -9.76883
8 23 -12.8794
8 24 -16.7834
8 25 -21.5732
8 26 -27.3837
8 27 -34.3299
8 28 -42.5028
8 29 -52.0021
8 30 -62.8755
8 31 -75.153
8 32 -88.8369
8 33 -103.853
8 34 -120.142
8 35 -137.52
8 36 -155.851
8 37 -174.859
8 38 -194.326
8 39 -213.917
8 40 -233.346
8 41 -252.254
8 42 -270.318
8 43 -287.196
8 44 -302.566
8 45 -316.136
8 46 -327.624
8 47 -336.819
8 48 -343.514
8 49 -347.596
8 50 -348.957
8 51 -347.596
8 52 -343.514
8 53 -336.819
8 54 -327.624
8 55 -316.136
8 56 -302.566
8 57 -287.196
8 58 -270.318
8 59 -252.254
8 60 -233.346
8 61 -213.917
8 62 -194.326
8 63 -174.859
8 64 -155.851
8 65 -137.52
8 66 -120.142
8 67 -103.853
8 68 -88.8369
8 69 -75.153
8 70 -62.8755
8 71 -52.0021
8 72 -42.5028
8 73 -34.3299
8 74 -27.3837
8 75 -21.5732
8 76 -16.7834
8 77 -12.8794
8 78 -9.76883
8 79 -7.29768
8 80 -5.38866
8 81 -3.91995
8 82 -2.80922
8 83 -1.98241
8 84 -1.38517
8 85 -0.936827
8 86 -0.651868
8 87 -0.427829
8 88 -0.287792
8 89 -0.182947
8 90 -0.117799
8 91 -0.056382
8 92 -0.0559878
8 93 -0.0558657
8 94 0
8 95 0
8 96 0
8 97 0
8 98 0
8 99 0
8 100 0

9 0 0
9 1 0
9 2 0
9 3 0
9 4 0
9 5 0
9 6 -0.0533264
9 7 -0.0546857
9 8 -0.056382
9 9 -0.118005
9 10 -0.191673
9 11 -0.299934
9 12 -0.438597
9 13 -0.683376
9 14 -1.00045
9 15 -1.48695
9 16 -2.15675
9 17 -3.07896
9 18 -4.32597
9 19 -6.00752
9 20 -8.20272
9 21 -11.0776
9 22 -14.7382
9 23 -19.3536
9 24 -25.0853
9 25 -32.0794
9 26 -40.5184
9 27 -50.5317
9 28 -62.2581
9 29 -75.8016
9 30 -91.2113
9 31 -108.527
9 32 -127.691
9 33 -148.637
9 34 -171.195
9 35 -195.172
9 36 -220.294
9 37 -246.246
9 38 -272.669
9 39 -299.159
9 40 -325.301
9 41 -350.65
9 42 -374.773
9 43 -397.236
9 44 -417.634
9 45 -435.589
9 46 -450.765
9 47 -462.88
9 48 -471.699
9 49 -477.061
9 50 -478.858
9 51 -477.061
9 52 -471.699
9 53 -462.88
9 54 -450.765
9 55 -435.589
9 56 -417.634
9 57 -397.236
9 58 -374.773
9 59 -350.65
9 60 -325.301
9 61 -299.159
9 62 -272.669
9 63 -246.246
9 64 -220.294
9 65 -195.172
9 66 -171.195
9 67 -148.637
9 68 -127.691
9 69 -108.527
9 70 -91.2113
9 71 -75.8016
9 72 -62.2581
9 73 -50.5317
9 74 -40.5184
9 75 -32.0794
9 76 -25.0853
9 77 -19.3536
9 78 -14.7382
9 79 -11.0776
9 80 -8.20272
9 81 -6.00752
9 82 -4.32597
9 83 -3.07896
9 84 -2.15675
9 85 -1.48695
9 86 -1.00045
9 87 -0.683376
9 88 -0.438597
9 89 -0.299934
9 90 -0.191673
9 91 -0.118005
9 92 -0.056382
9 93 -0.0546857
9 94 -0.0533264
9 95 0
9 96 0
9 97 0
9 98 0
9 99 0
9 100 0

10 0 0
10 1 0
10 2 0
10 3 0
10 4 0
10 5 -0.0485863
10 6 -0.0509572
10 7 -0.0587793
10 8 -0.117799
10 9 -0.191673
10 10 -0.304276
10 11 -0.442534
10 12 -0.701506
10 13 -1.05042
10 14 -1.56705
10 15 -2.29135
10 16 -3.30494
10 17 -4.67749
10 18 -6.56144
10 19 -9.04726
10 20 -12.3178
10 21 -16.5374
10 22 -21.8872
10 23 -28.5921
10 24 -36.8513
10 25 -46.8853
10 26 -58.9077
10 27 -73.0895
10 28 -89.6014
10 29 -108.544
10 30 -129.975
10 31 -153.9
10 32 -180.221
10 33 -208.816
10 34 -239.428
10 35 -271.783
10 36 -305.488
10 37 -340.125
10 38 -375.203
10 39 -410.199
10 40 -444.575
10 41 -477.758
10 42 -509.218
10 43 -538.394
10 44 -564.814
10 45 -587.988
10 46 -607.545
10 47 -623.108
10 48 -634.439
10 49 -641.304
10 50 -643.617
10 51 -641.304
10 52 -634.439
10 53 -623.108
10 54 -607.545
10 55 -587.988
10 56 -564.814
10 57 -538.394
10 58 -509.218
10 59 -477.758
10 60 -444.575
10 61 -410.199
10 62 -375.203
10 63 -340.125
10 64 -305.488
10 65 -271.783
10 66 -239.428
10 67 -208.816
10 68 -180.221
10 69 -153.9
10 70 -129.975
10 71 -108.544
10 72 -89.6014
10 73 -73.0895
10 74 -58.9077
10 75 -46.8853
10 76 -36.8513
10 77 -28.5921
10 78 -21.8872
10 79 -16.5374
10 80 -12.3178
10 81 -9.04726
10 82 -6.56144
10 83 -4.67749
10 84 -3.30494
10 85 -2.29135
10 86 -1.56705
10 87 -1.05042
10 88 -0.701506
10 89 -0.442534
10 90 -0.304276
10 91 -0.191673
10 92 -0.117799
10 93 -0.0587793
10 94 -0.0509572
10 95 -0.0485863
10 96 0
10 97 0
10 98 0
10 99 0
10 100 0

11 0 0
11 1 0
11 2 0
11 3 0
11 4 -0.0422489
11 5 -0.0452953
11 6 -0.0625928
11 7 -0.116864
11 8 -0.182947
11 9 -0.299934
11 10 -0.442534
11 11 -0.707349
11 12 -1.07848
11 13 -1.6191
11 14 -2.37926
11 15 -3.47311
11 16 -4.96398
11 17 -7.02623
11 18 -9.78818
11 19 -13.435
11 20 -18.1896
11 21 -24.2768
11 22 -31.9591
11 23 -41.5226
11 24 -53.2289
11 25 -67.3698
11 26 -84.1929
11 27 -103.913
11 28 -126.724
11 29 -152.706
11 30 -181.93
11 31 -214.315
11 32 -249.743
11 33 -287.96
11 34 -328.638
11 35 -371.353
11 36 -415.591
11 37 -460.787
11 38 -506.299
11 39 -551.47
11 40 -595.602
11 41 -638.015
11 42 -678.031
11 43 -715.009
11 44 -748.356
11 45 -777.53
11 46 -802.067
11 47 -821.567
11 48 -835.725
11 49 -844.307
11 50 -847.187
11 51 -844.307
11 52 -835.725
11 53 -821.567
11 54 -802.067
11 55 -777.53
11 56 -748.356
11 57 -715.009
11 58 -678.031
11 59 -638.015
11 60 -595.602
11 61 -551.47
11 62 -506.299
11 63 -460.787
11 64 -415.591
11 65 -371.353
11 66 -328.638
11 67 -287.96
11 68 -249.743
11 69 -214.315
11 70 -181.93
11 71 -152.706
11 72 -126.724
11 73 -103.913
11 74 -84.1929
11 75 -67.3698
11 76 -53.2289
11 77 -41.5226
11 78 -31.9591
11 79 -24.2768
11 80 -18.1896
11 81 -13.435
11 82 -9.78818
11 83 -7.02623
11 84 -4.96398
11 85 -3.47311
11 86 -2.37926
11 87 -1.6191
11 88 -1.07848
11 89 -0.707349
11 90 -0.442534
11 91 -0.299934
11 92 -0.182947
11 93 -0.116864
11 94 -0.0625928
11 95 -0.0452953
11 96 -0.0422489
11 97 0
11 98 0
11 99 0
11 100 0

12 0 0
12 1 0
12 2 0
12 3 -0.0350576
12 4 -0.0384025
12 5 -0.0662176
12 6 -0.114393
12 7 -0.167938
12 8 -0.287792
12 9 -0.438597
12 10 -0.701506
12 11 -1.07848
12 12 -1.63725
12 13 -2.42152
12 14 -3.57556
12 15 -5.17147
12 16 -7.38058
12 17 -10.3788
12 18 -14.3722
12 19 -19.6168
12 20 -26.4121
12 21 -35.055
12 22 -45.9081
12 23 -59.3151
12 24 -75.6221
12 25 -95.1893
12 26 -118.29
12 27 -145.207
12 28 -176.099
12 29 -211.072
12 30 -250.114
12 31 -293.098
12 32 -339.788
12 33 -389.817
12 34 -442.704
12 35 -497.875
12 36 -554.638
12 37 -612.269
12 38 -669.937
12 39 -726.847
12 40 -782.126
12 41 -834.984
12 42 -884.595
12 43 -930.25
12 44 -971.24
12 45 -1006.99
12 46 -1036.95
12 47 -1060.72
12 48 -1077.93
12 49 -1088.36
12 50 -1091.85
12 51 -1088.36
12 52 -1077.93
12 53 -1060.72
12 54 -1036.95
12 55 -1006.99
12 56 -971.24
12 57 -930.25
12 58 -884.595
12 59 -834.984
12 60 -782.126
12 61 -726.847
12 62 -669.937
12 63 -612.269
12 64 -554.638
12 65 -497.875
12 66 -442.704
12 67 -389.817
12 68 -339.788
12 69 -293.098
12 70 -250.114
12 71 -211.072
12 72 -176.099
12 73 -145.207
12 74 -118.29
12 75 -95.1893
12 76 -75.6221
12 77 -59.3151
12 78 -45.9081
12 79 -35.055
12 80 -26.4121
12 81 -19.6168
12 82 -14.3722
12 83 -10.3788
12 84 -7.38058
12 85 -5.17147
12 86 -3.57556
12 87 -2.42152
12 88 -1.63725
12 89 -1.07848
12 90 -0.701506
12 91 -0.438597
12 92 -0.287792
12 93 -0.167938
12 94 -0.114393
12 95 -0.0662176
12 96 -0.0384025
12 97 -0.0350576
12 98 0
12 99 0
12 100 0

13 0 0
13 1 0
13 2 -0.0277539
13 3 -0.0310488
13 4 -0.0679898
13 5 -0.109465
13 6 -0.150442
13 7 -0.2701
13 8 -0.427829
13 9 -0.683376
13 10 -1.05042
13 11 -1.6191
13 12 -2.42152
13 13 -3.6098
13 14 -5.28199
13 15 -7.60427
13 16 -10.784
13 17 -15.0772
13 18 -20.7583
13 19 -28.1937
13 20 -37.7446
13 21 -49.8233
13 22 -64.8835
13 23 -83.3423
13 24 -105.66
13 25 -132.225
13 26 -163.388
13 27 -199.423
13 28 -240.49
13 29 -286.638
13 30 -337.781
13 31 -393.664
13 32 -453.929
13 33 -518.009
13 34 -585.28
13 35 -654.921
13 36 -726.093
13 37 -797.82
13 38 -869.141
13 39 -939.037
13 40 -1006.54
13 41 -1070.67
13 42 -1130.56
13 43 -1185.38
13 44 -1234.39
13 45 -1276.95
13 46 -1312.5
13 47 -1340.62
13 48 -1360.94
13 49 -1373.24
13 50 -1377.35
13 51 -1373.24
13 52 -1360.94
13 53 -1340.62
13 54 -1312.5
13 55 -1276.95
13 56 -1234.39
13 57 -1185.38
13 58 -1130.56
13 59 -1070.67
13 60 -1006.54
13 61 -939.037
13 62 -869.141
13 63 -797.82
13 64 -726.093
13 65 -654.921
13 66 -585.28
13 67 -518.009
13 68 -453.929
13 69 -393.664
13 70 -337.781
13 71 -286.638
13 72 -240.49
13 73 -199.423
13 74 -163.388
13 75 -132.225
13 76 -105.66
13 77 -83.3423
13 78 -64.8835
13 79 -49.8233
13 80 -37.7446
13 81 -28.1937
13 82 -20.7583
13 83 -15.0772
13 84 -10.784
13 85 -7.60427
13 86 -5.28199
13 87 -3.6098
13 88 -2.42152
13 89 -1.6191
13 90 -1.05042
13 91 -0.683376
13 92 -0.427829
13 93 -0.2701
13 94 -0.150442
13 95 -0.109465
13 96 -0.0679898
13 97 -0.0310488
13 98 -0.0277539
13 99 0
13 100 0

14 0 0
14 1 -0.0209571
14 2 -0.0239335
14 3 -0.0667326
14 4 -0.101477
14 5 -0.134012
14 6 -0.249473
14 7 -0.40662
14 8 -0.651868
14 9 -1.00045
14 10 -1.56705
14 11 -2.37926
14 12 -3.57556
14 13 -5.28199
14 14 -7.68099
14 15 -10.9878
14 16 -15.5128
14 17 -21.5622
14 18 -29.5381
14 19 -39.8908
14 20 -53.0886
14 21 -69.6805
14 22 -90.2011
14 23 -115.194
14 24 -145.185
14 25 -180.626
14 26 -221.887
14 27 -269.242
14 28 -322.778
14 29 -382.488
14 30 -448.111
14 31 -519.281
14 32 -595.387
14 33 -675.7
14 34 -759.313
14 35 -845.215
14 36 -932.3
14 37 -1019.41
14 38 -1105.36
14 39 -1188.99
14 40 -1269.18
14 41 -1344.89
14 42 -1415.12
14 43 -1479.05
14 44 -1535.89
14 45 -1585.03
14 46 -1625.92
14 47 -1658.15
14 48 -1681.39
14 49 -1695.43
14 50 -1700.11
14 51 -1695.43
14 52 -1681.39
14 53 -1658.15
14 54 -1625.92
14 55 -1585.03
14 56 -1535.89
14 57 -1479.05
14 58 -1415.12
14 59 -1344.89
14 60 -1269.18
14 61 -1188.99
14 62 -1105.36
14 63 -1019.41
14 64 -932.3
14 65 -845.215
14 66 -759.313
14 67 -675.7
14 68 -595.387
14 69 -519.281
14 70 -448.111
14 71 -382.488
14 72 -322.778
14 73 -269.242
14 74 -221.887
14 75 -180.626
14 76 -145.185
14 77 -115.194
14 78 -90.2011
14 79 -69.6805
14 80 -53.0886
14 81 -39.8908
14 82 -29.5381
14 83 -21.5622
14 84 -15.5128
14 85 -10.9878
14 86 -7.68099
14 87 -5.28199
14 88 -3.57556
14 89 -2.37926
14 90 -1.56705
14 91 -1.00045
14 92 -0.651868
14 93 -0.40662
14 94 -0.249473
14 95 -0.134012
14 96 -0.101477
14 97 -0.0667326
14 98 -0.0239335
14 99 -0.0209571
14 100 0

15 0 0
15 1 -0.0175838
15 2 -0.0620856
15 3 -0.0904436
15 4 -0.120643
15 5 -0.227862
15 6 -0.373485
15 7 -0.60699
15 8 -0.936827
15 9 -1.48695
15 10 -2.29135
15 11 -3.47311
15 12 -5.17147
15 13 -7.60427
15 14 -10.9878
15 15 -15.6599
15 16 -21.9803
15 17 -30.3775
15 18 -41.378
15 19 -55.5426
15 20 -73.4922
15 21 -95.894
15 22 -123.402
15 23 -156.655
15 24 -196.258
15 25 -242.675
15 26 -296.311
15 27 -357.339
15 28 -425.803
15 29 -501.495
15 30 -584.008
15 31 -672.712
15 32 -766.767
15 33 -865.147
15 34 -966.689
15 35 -1070.09
15 36 -1174.02
15 37 -1277.06
15 38 -1377.9
15 39 -1475.19
15 40 -1567.75
15 41 -1654.43
15 42 -1734.3
15 43 -1806.48
15 44 -1870.3
15 45 -1925.14
15 46 -1970.58
15 47 -2006.23
15 48 -2031.88
15 49 -2047.33
15 50 -2052.5
15 51 -2047.33
15 52 -2031.88
15 53 -2006.23
15 54 -1970.58
15 55 -1925.14
15 56 -1870.3
15 57 -1806.48
15 58 -1734.3
15 59 -1654.43
15 60 -1567.75
15 61 -1475.19
15 62 -1377.9
15 63 -1277.06
15 64 -1174.02
15 65 -1070.09
15 66 -966.689
15 67 -865.147
15 68 -766.767
15 69 -672.712
15 70 -584.008
15 71 -501.495
15 72 -425.803
15 73 -357.339
15 74 -296.311
15 75 -242.675
15 76 -196.258
15 77 -156.655
15 78 -123.402
15 79 -95.894
15 80 -73.4922
15 81 -55.5426
15 82 -41.378
15 83 -30.3775
15 84 -21.9803
15 85 -15.6599
15 86 -10.9878
15 87 -7.60427
15 88 -5.17147
15 89 -3.47311
15 90 -2.29135
15 91 -1.48695
15 92 -0.936827
15 93 -0.60699
15 94 -0.373485
15 95 -0.227862
15 96 -0.120643
15 97 -0.0904436
15 98 -0.0620856
15 99 -0.0175838
15 100 0

16 0 0
16 1 -0.0441708
16 2 -0.0770604
16 3 -0.110339
16 4 -0.206034
16 5 -0.330667
16 6 -0.551051
16 7 -0.865154
16 8 -1.38517
16 9 -2.15675
16 10 -3.30494
16 11 -4.96398
16 12 -7.38058
16 13 -10.784
16 14 -15.5128
16 15 -21.9803
16 16 -30.6633
16 17 -42.1355
16 18 -57.0625
16 19 -76.1488
16 20 -100.165
16 21 -129.916
16 22 -166.152
16 23 -209.638
16 24 -260.982
16 25 -320.701
16 26 -389.106
16 27 -466.294
16 28 -552.116
16 29 -646.164
16 30 -747.742
16 31 -855.942
16 32 -969.567
16 33 -1087.31
16 34 -1207.62
16 35 -1328.98
16 36 -1449.74
16 37 -1568.33
16 38 -1683.23
16 39 -1793.05
16 40 -1896.54
16 41 -1992.61
16 42 -2080.35
16 43 -2159.02
16 44 -2228.04
16 45 -2286.97
16 46 -2335.51
16 47 -2373.43
16 48 -2400.59
16 49 -2416.92
16 50 -2422.37
16 51 -2416.92
16 52 -2400.59
16 53 -2373.43
16 54 -2335.51
16 55 -2286.97
16 56 -2228.04
16 57 -2159.02
16 58 -2080.35
16 59 -1992.61
16 60 -1896.54
16 61 -1793.05
16 62 -1683.23
16 63 -1568.33
16 64 -1449.74
16 65 -1328.98
16 66 -1207.62
16 67 -1087.31
16 68 -969.567
16 69 -855.942
16 70 -747.742
16 71 -646.164
16 72 -552.116
16 73 -466.294
16 74 -389.106
16 75 -320.701
16 76 -260.982
16 77 -209.638
16 78 -166.152
16 79 -129.916
16 80 -100.165
16 81 -76.1488
16 82 -57.0625
16 83 -42.1355
16 84 -30.6633
16 85 -21.9803
16 86 -15.5128
16 87 -10.784
16 88 -7.38058
16 89 -4.96398
16 90 -3.30494
16 91 -2.15675
16 92 -1.38517
16 93 -0.865154
16 94 -0.551051
16 95 -0.330667
16 96 -0.206034
16 97 -0.110339
16 98 -0.0770604
16 99 -0.0441708
16 100 0

17 0 0
17 1 -0.0543078
17 2 -0.0948493
17 3 -0.183744
17 4 -0.283494
17 5 -0.488542
17 6 -0.786498
17 7 -1.26652
17 8 -1.98241
17 9 -3.07896
17 10 -4.67749
17 11 -7.02623
17 12 -10.3788
17 13 -15.0772
17 14 -21.5622
17 15 -30.3775
17 16 -42.1355
17 17 -57.5766
17 18 -77.5171
17 19 -102.817
17 20 -134.428
17 21 -173.258
17 22 -220.207
17 23 -276.07
17 24 -341.494
17 25 -416.924
17 26 -502.568
17 27 -598.311
17 28 -703.784
17 29 -818.222
17 30 -940.631
17 31 -1069.66
17 32 -1203.79
17 33 -1341.26
17 34 -1480.25
17 35 -1618.88
17 36 -1755.29
17 37 -1887.73
17 38 -2014.61
17 39 -2134.51
17 40 -2246.25
17 41 -2348.83
17 42 -2441.55
17 43 -2523.84
17 44 -2595.37
17 45 -2655.93
17 46 -2705.44
17 47 -2743.88
17 48 -2771.29
17 49 -2787.7
17 50 -2793.18
17 51 -2787.7
17 52 -2771.29
17 53 -2743.88
17 54 -2705.44
17 55 -2655.93
17 56 -2595.37
17 57 -2523.84
17 58 -2441.55
17 59 -2348.83
17 60 -2246.25
17 61 -2134.51
17 62 -2014.61
17 63 -1887.73
17 64 -1755.29
17 65 -1618.88
17 66 -1480.25
17 67 -1341.26
17 68 -1203.79
17 69 -1069.66
17 70 -940.631
17 71 -818.222
17 72 -703.784
17 73 -598.311
17 74 -502.568
17 75 -416.924
17 76 -341.494
17 77 -276.07
17 78 -220.207
17 79 -173.258
17 80 -134.428
17 81 -102.817
17 82 -77.5171
17 83 -57.5766
17 84 -42.1355
17 85 -30.3775
17 86 -21.5622
17 87 -15.0772
17 88 -10.3788
17 89 -7.02623
17 90 -4.67749
17 91 -3.07896
17 92 -1.98241
17 93 -1.26652
17 94 -0.786498
17 95 -0.488542
17 96 -0.283494
17 97 -0.183744
17 98 -0.0948493
17 99 -0.0543078
17 100 0

18 0 0
18 1 -0.0574007
18 2 -0.155199
18 3 -0.233822
18 4 -0.424694
18 5 -0.699536
18 6 -1.13454
18 7 -1.78294
18 8 -2.80922
18 9 -4.32597
18 10 -6.56144
18 11 -9.78818
18 12 -14.3722
18 13 -20.7583
18 14 -29.5381
18 15 -41.378
18 16 -57.0625
18 17 -77.5171
18 18 -103.716
18 19 -136.732
18 20 -177.651
18 21 -227.526
18 22 -287.324
18 23 -357.878
18 24 -439.757
18 25 -533.318
18 26 -638.513
18 27 -754.994
18 28 -881.983
18 29 -1018.35
18 30 -1162.62
18 31 -1313
18 32 -1467.5
18 33 -1623.97
18 34 -1780.2
18 35 -1934.06
18 36 -2083.47
18 37 -2226.62
18 38 -2361.87
18 39 -2487.95
18 40 -2603.79
18 41 -2708.72
18 42 -2802.24
18 43 -2884.2
18 44 -2954.54
18 45 -3013.43
18 46 -3061.08
18 47 -3097.78
18 48 -3123.76
18 49 -3139.25
18 50 -3144.4
18 51 -3139.25
18 52 -3123.76
18 53 -3097.78
18 54 -3061.08
18 55 -3013.43
18 56 -2954.54
18 57 -2884.2
18 58 -2802.24
18 59 -2708.72
18 60 -2603.79
18 61 -2487.95
18 62 -2361.87
18 63 -2226.62
18 64 -2083.47
18 65 -1934.06
18 66 -1780.2
18 67 -1623.97
18 68 -1467.5
18 69 -1313
18 70 -1162.62
18 71 -1018.35
18 72 -881.983
18 73 -754.994
18 74 -638.513
18 75 -533.318
18 76 -439.757
18 77 -357.878
18 78 -287.324
18 79 -227.526
18 80 -177.651
18 81 -136.732
18 82 -103.716
18 83 -77.5171
18 84 -57.0625
18 85 -41.378
18 86 -29.5381
18 87 -20.7583
18 88 -14.3722
18 89 -9.78818
18 90 -6.56144
18 91 -4.32597
18 92 -2.80922
18 93 -1.78294
18 94 -1.13454
18 95 -0.699536
18 96 -0.424694
18 97 -0.233822
18 98 -0.155199
18 99 -0.0574007
18 100 0

19 0 0
19 1 -0.100671
19 2 -0.172775
19 3 -0.36054
19 4 -0.602038
19 5 -0.993321
19 6 -1.57443
19 7 -2.5128
19 8 -3.91995
19 9 -6.00752
19 10 -9.04726
19 11 -13.435
19 12 -19.6168
19 13 -28.1937
19 14 -39.8908
19 15 -55.5426
19 16 -76.1488
19 17 -102.817
19 18 -136.732
19 19 -179.136
19 20 -231.275
19 21 -294.276
19 22 -369.181
19 23 -456.732
19 24 -557.421
19 25 -671.331
19 26 -798.136
19 27 -937.051
19 28 -1086.85
19 29 -1245.86
19 30 -1412.07
19 31 -1583.14
19 32 -1756.62
19 33 -1929.88
19 34 -2100.43
19 35 -2265.84
19 36 -2424
19 37 -2573.03
19 38 -2711.49
19 39 -2838.28
19 40 -2952.7
19 41 -3054.44
19 42 -3143.47
19 43 -3220.05
19 44 -3284.64
19 45 -3337.81
19 46 -3380.18
19 47 -3412.37
19 48 -3434.94
19 49 -3448.3
19 50 -3452.72
19 51 -3448.3
19 52 -3434.94
19 53 -3412.37
19 54 -3380.18
19 55 -3337.81
19 56 -3284.64
19 57 -3220.05
19 58 -3143.47
19 59 -3054.44
19 60 -2952.7
19 61 -2838.28
19 62 -2711.49
19 63 -2573.03
19 64 -2424
19 65 -2265.84
19 66 -2100.43
19 67 -1929.88
19 68 -1756.62
19 69 -1583.14
19 70 -1412.07
19 71 -1245.86
19 72 -1086.85
19 73 -937.051
19 74 -798.136
19 75 -671.331
19 76 -557.421
19 77 -456.732
19 78 -369.181
19 79 -294.276
19 80 -231.275
19 81 -179.136
19 82 -136.732
19 83 -102.817
19 84 -76.1488
19 85 -55.5426
19 86 -39.8908
19 87 -28.1937
19 88 -19.6168
19 89 -13.435
19 90 -9.04726
19 91 -6.00752
19 92 -3.91995
19 93 -2.5128
19 94 -1.57443
19 95 -0.993321
19 96 -0.602038
19 97 -0.36054
19 98 -0.172775
19 99 -0.100671
19 100 0

20 0 0
20 1 -0.0971895
20 2 -0.283278
20 3 -0.487928
20 4 -0.847209
20 5 -1.36628
20 6 -2.20508
20 7 -3.4739
20 8 -5.38866
20 9 -8.20272
20 10 -12.3178
20 11 -18.1896
20 12 -26.4121
20 13 -37.7446
20 14 -53.0886
20 15 -73.4922
20 16 -100.165
20 17 -134.428
20 18 -177.651
20 19 -231.275
20 20 -296.629
20 21 -374.942
20 22 -467.186
20 23 -574.005
20 24 -695.625
20 25 -831.805
20 26 -981.735
20 27 -1144.13
20 28 -1317.12
20 29 -1498.44
20 30 -1685.42
20 31 -1875.16
20 32 -2064.66
20 33 -2250.92
20 34 -2431.13
20 35 -2602.76
20 36 -2763.67
20 37 -2912.18
20 38 -3047.09
20 39 -3167.74
20 40 -3273.89
20 41 -3365.8
20 42 -3444.01
20 43 -3509.39
20 44 -3562.92
20 45 -3605.77
20 46 -3638.99
20 47 -3663.65
20 48 -3680.57
20 49 -3690.46
20 50 -3693.7
20 51 -3690.46
20 52 -3680.57
20 53 -3663.65
20 54 -3638.99
20 55 -3605.77
20 56 -3562.92
20 57 -3509.39
20 58 -3444.01
20 59 -3365.8
20 60 -3273.89
20 61 -3167.74
20 62 -3047.09
20 63 -2912.18
20 64 -2763.67
20 65 -2602.76
20 66 -2431.13
20 67 -2250.92
20 68 -2064.66
20 69 -1875.16
20 70 -1685.42
20 71 -1498.44
20 72 -1317.12
20 73 -1144.13
20 74 -981.735
20 75 -831.805
20 76 -695.625
20 77 -574.005
20 78 -467.186
20 79 -374.942
20 80 -296.629
20 81 -231.275
20 82 -177.651
20 83 -134.428
20 84 -100.165
20 85 -73.4922
20 86 -53.0886
20 87 -37.7446
20 88 -26.4121
20 89 -18.1896
20 90 -12.3178
20 91 -8.20272
20 92 -5.38866
20 93 -3.4739
20 94 -2.20508
20 95 -1.36628
20 96 -0.847209
20 97 -0.487928
20 98 -0.283278
20 99 -0.0971895
20 100 0

21 0 0
21 1 -0.17053
21 2 -0.355233
21 3 -0.693418
21 4 -1.15501
21 5 -1.89638
21 6 -3.00973
21 7 -4.7339
21 8 -7.29768
21 9 -11.0776
21 10 -16.5374
21 11 -24.2768
21 12 -35.055
21 13 -49.8233
21 14 -69.6805
21 15 -95.894
21 16 -129.916
21 17 -173.258
21 18 -227.526
21 19 -294.276
21 20 -374.942
21 21 -470.714
21 22 -582.463
21 23 -710.554
21 24 -854.882
21 25 -1014.66
21 26 -1188.54
21 27 -1374.51
21 28 -1570
21 29 -1772
21 30 -1977.16
21 31 -2181.95
21 32 -2382.88
21 33 -2576.6
21 34 -2760.13
21 35 -2930.92
21 36 -3087.03
21 37 -3227.08
21 38 -3350.39
21 39 -3456.84
21 40 -3546.9
21 41 -3621.48
21 42 -3681.9
21 43 -3729.7
21 44 -3766.56
21 45 -3794.2
21 46 -3814.26
21 47 -3828.19
21 48 -3837.22
21 49 -3842.26
21 50 -3843.87
21 51 -3842.26
21 52 -3837.22
21 53 -3828.19
21 54 -3814.26
21 55 -3794.2
21 56 -3766.56
21 57 -3729.7
21 58 -3681.9
21 59 -3621.48
21 60 -3546.9
21 61 -3456.84
21 62 -3350.39
21 63 -3227.08
21 64 -3087.03
21 65 -2930.92
21 66 -2760.13
21 67 -2576.6
21 68 -2382.88
21 69 -2181.95
21 70 -1977.16
21 71 -1772
21 72 -1570
21 73 -1374.51
21 74 -1188.54
21 75 -1014.66
21 76 -854.882
21 77 -710.554
21 78 -582.463
21 79 -470.714
21 80 -374.942
21 81 -294.276
21 82 -227.526
21 83 -173.258
21 84 -129.916
21 85 -95.894
21 86 -69.6805
21 87 -49.8233
21 88 -35.055
21 89 -24.2768
21 90 -16.5374
21 91 -11.0776
21 92 -7.29768
21 93 -4.7339
21 94 -3.00973
21 95 -1.89638
21 96 -1.15501
21 97 -0.693418
21 98 -0.355233
21 99 -0.17053
21 100 0

22 0 0
22 1 -0.209124
22 2 -0.517821
22 3 -0.930384
22 4 -1.58822
22 5 -2.54879
22 6 -4.07411
22 7 -6.36488
22 8 -9.76883
22 9 -14.7382
22 10 -21.8872
22 11 -31.9591
22 12 -45.9081
22 13 -64.8835
22 14 -90.2011
22 15 -123.402
22 16 -166.152
22 17 -220.207
22 18 -287.324
22 19 -369.181
22 20 -467.186
22 21 -582.463
22 22 -715.591
22 23 -866.604
22 24 -1034.82
22 25 -1218.85
22 26 -1416.55
22 27 -1625.1
22 28 -1841.08
22 29 -2060.7
22 30 -2279.84
22 31 -2494.43
22 32 -2700.48
22 33 -2894.47
22 34 -3073.34
22 35 -3234.76
22 36 -3377.14
22 37 -3499.67
22 38 -3602.33
22 39 -3685.8
22 40 -3751.37
22 41 -3800.82
22 42 -3836.28
22 43 -3860.11
22 44 -3874.69
22 45 -3882.4
22 46 -3885.4
22 47 -3885.62
22 48 -3884.6
22 49 -3883.52
22 50 -3883.07
22 51 -3883.52
22 52 -3884.6
22 53 -3885.62
22 54 -3885.4
22 55 -3882.4
22 56 -3874.69
22 57 -3860.11
22 58 -3836.28
22 59 -3800.82
22 60 -3751.37
22 61 -3685.8
22 62 -3602.33
22 63 -3499.67
22 64 -3377.14
22 65 -3234.76
22 66 -3073.34
22 67 -2894.47
22 68 -2700.48
22 69 -2494.43
22 70 -2279.84
22 71 -2060.7
22 72 -1841.08
22 73 -1625.1
22 74 -1416.55
22 75 -1218.85
22 76 -1034.82
22 77 -866.604
22 78 -715.591
22 79 -582.463
22 80 -467.186
22 81 -369.181
22 82 -287.324
22 83 -220.207
22 84 -166.152
22 85 -123.402
22 86 -90.2011
22 87 -64.8835
22 88 -45.9081
22 89 -31.9591
22 90 -21.8872
22 91 -14.7382
22 92 -9.76883
22 93 -6.36488
22 94 -4.07411
22 95 -2.54879
22 96 -1.58822
22 97 -0.930384
22 98 -0.517821
22 99 -0.209124
22 100 0

23 0 0
23 1 -0.302697
23 2 -0.691196
23 3 -1.27091
23 4 -2.10102
23 5 -3.43265
23 6 -5.43046
23 7 -8.44151
23 8 -12.8794
23 9 -19.3536
23 10 -28.5921
23 11 -41.5226
23 12 -59.3151
23 13 -83.3423
23 14 -115.194
23 15 -156.655
23 16 -209.638
23 17 -276.07
23 18 -357.878
23 19 -456.732
23 20 -574.005
23 21 -710.554
23 22 -866.604
23 23 -1041.61
23 24 -1234.23
23 25 -1442.19
23 26 -1662.5
23 27 -1891.33
23 28 -2124.41
23 29 -2357.01
23 30 -2584.37
23 31 -2801.84
23 32 -3005.16
23 33 -3190.71
23 34 -3355.65
23 35 -3498.01
23 36 -3616.85
23 37 -3712.11
23 38 -3784.69
23 39 -3836.2
23 40 -3868.95
23 41 -3885.66
23 42 -3889.4
23 43 -3883.32
23 44 -3870.59
23 45 -3854.17
23 46 -3836.78
23 47 -3820.7
23 48 -3807.86
23 49 -3799.58
23 50 -3796.73
23 51 -3799.58
23 52 -3807.86
23 53 -3820.7
23 54 -3836.78
23 55 -3854.17
23 56 -3870.59
23 57 -3883.32
23 58 -3889.4
23 59 -3885.66
23 60 -3868.95
23 61 -3836.2
23 62 -3784.69
23 63 -3712.11
23 64 -3616.85
23 65 -3498.01
23 66 -3355.65
23 67 -3190.71
23 68 -3005.16
23 69 -2801.84
23 70 -2584.37
23 71 -2357.01
23 72 -2124.41
23 73 -1891.33
23 74 -1662.5
23 75 -1442.19
23 76 -1234.23
23 77 -1041.61
23 78 -866.604
23 79 -710.554
23 80 -574.005
23 81 -456.732
23 82 -357.878
23 83 -276.07
23 84 -209.638
23 85 -156.655
23 86 -115.194
23 87 -83.3423
23 88 -59.3151
23 89 -41.5226
23 90 -28.5921
23 91 -19.3536
23 92 -12.8794
23 93 -8.44151
23 94 -5.43046
23 95 -3.43265
23 96 -2.10102
23 97 -1.27091
23 98 -0.691196
23 99 -0.302697
23 100 0

24 0 0
24 1 -0.415896
24 2 -0.930501
24 3 -1.66817
24 4 -2.81527
24 5 -4.51865
24 6 -7.14174
24 7 -11.0378
24 8 -16.7834
24 9 -25.0853
24 10 -36.8513
24 11 -53.2289
24 12 -75.6221
24 13 -105.66
24 14 -145.185
24 15 -196.258
24 16 -260.982
24 17 -341.494
24 18 -439.757
24 19 -557.421
24 20 -695.625
24 21 -854.882
24 22 -1034.82
24 23 -1234.23
24 24 -1450.81
24 25 -1681.38
24 26 -1921.83
24 27 -2167.34
24 28 -2412.6
24 29 -2652.09
24 30 -2880.36
24 31 -3092.4
24 32 -3283.8
24 33 -3451.12
24 34 -3591.91
24 35 -3704.93
24 36 -3790.05
24 37 -3848.26
24 38 -3881.53
24 39 -3892.62
24 40 -3884.91
24 41 -3862.17
24 42 -3828.39
24 43 -3787.56
24 44 -3743.51
24 45 -3699.78
24 46 -3659.5
24 47 -3625.34
24 48 -3599.4
24 49 -3583.22
24 50 -3577.72
24 51 -3583.22
24 52 -3599.4
24 53 -3625.34
24 54 -3659.5
24 55 -3699.78
24 56 -3743.51
24 57 -3787.56
24 58 -3828.39
24 59 -3862.17
24 60 -3884.91
24 61 -3892.62
24 62 -3881.53
24 63 -3848.26
24 64 -3790.05
24 65 -3704.93
24 66 -3591.91
24 67 -3451.12
24 68 -3283.8
24 69 -3092.4
24 70 -2880.36
24 71 -2652.09
24 72 -2412.6
24 73 -2167.34
24 74 -1921.83
24 75 -1681.38
24 76 -1450.81
24 77 -1234.23
24 78 -1034.82
24 79 -854.882
24 80 -695.625
24 81 -557.421
24 82 -439.757
24 83 -341.494
24 84 -260.982
24 85 -196.258
24 86 -145.185
24 87 -105.66
24 88 -75.6221
24 89 -53.2289
24 90 -36.8513
24 91 -25.0853
24 92 -16.7834
24 93 -11.0378
24 94 -7.14174
24 95 -4.51865
24 96 -2.81527
24 97 -1.66817
24 98 -0.930501
24 99 -0.415896
24 100 0

25 0 0
25 1 -0.540225
25 2 -1.23724
25 3 -2.21163
25 4 -3.65347
25 5 -5.9052
25 6 -9.26431
25 7 -14.2682
25 8 -21.5732
25 9 -32.0794
25 10 -46.8853
25 11 -67.3698
25 12 -95.1893
25 13 -132.225
25 14 -180.626
25 15 -242.675
25 16 -320.701
25 17 -416.924
25 18 -533.318
25 19 -671.331
25 20 -831.805
25 21 -1014.66
25 22 -1218.85
25 23 -1442.19
25 24 -1681.38
25 25 -1932.05
25 26 -2188.95
25 27 -2446.11
25 28 -2697.29
25 29 -2936.15
25 30 -3156.78
25 31 -3353.91
25 32 -3523.32
25 33 -3661.94
25 34 -3768.09
25 35 -3841.45
25 36 -3883.05
25 37 -3895.08
25 38 -3880.8
25 39 -3844.18
25 40 -3789.79
25 41 -3722.4
25 42 -3646.93
25 43 -3568.04
25 44 -3490.2
25 45 -3417.33
25 46 -3352.92
25 47 -3299.81
25 48 -3260.28
25 49 -3235.89
25 50 -3227.67
25 51 -3235.89
25 52 -3260.28
25 53 -3299.81
25 54 -3352.92
25 55 -3417.33
25 56 -3490.2
25 57 -3568.04
25 58 -3646.93
25 59 -3722.4
25 60 -3789.79
25 61 -3844.18
25 62 -3880.8
25 63 -3895.08
25 64 -3883.05
25 65 -3841.45
25 66 -3768.09
25 67 -3661.94
25 68 -3523.32
25 69 -3353.91
25 70 -3156.78
25 71 -2936.15
25 72 -2697.29
25 73 -2446.11
25 74 -2188.95
25 75 -1932.05
25 76 -1681.38
25 77 -1442.19
25 78 -1218.85
25 79 -1014.66
25 80 -831.805
25 81 -671.331
25 82 -533.318
25 83 -416.924
25 84 -320.701
25 85 -242.675
25 86 -180.626
25 87 -132.225
25 88 -95.1893
25 89 -67.3698
25 90 -46.8853
25 91 -32.0794
25 92 -21.5732
25 93 -14.2682
25 94 -9.26431
25 95 -5.9052
25 96 -3.65347
25 97 -2.21163
25 98 -1.23724
25 99 -0.540225
25 100 0

26 0 0
26 1 -0.73311
26 2 -1.60109
26 3 -2.85001
26 4 -4.74805
26 5 -7.59093
26 6 -11.8769
26 7 -18.1828
26 8 -27.3837
26 9 -40.5184
26 10 -58.9077
26 11 -84.1929
26 12 -118.29
26 13 -163.388
26 14 -221.887
26 15 -296.311
26 16 -389.106
26 17 -502.568
26 18 -638.513
26 19 -798.136
26 20 -981.735
26 21 -1188.54
26 22 -1416.55
26 23 -1662.5
26 24 -1921.83
26 25 -2188.95
26 26 -2457.31
26 27 -2719.88
26 28 -2969.45
26 29 -3199.1
26 30 -3402.57
26 31 -3574.69
26 32 -3711.62
26 33 -3811.08
26 34 -3872.4
26 35 -3896.52
26 36 -3885.81
26 37 -3843.94
26 38 -3775.49
26 39 -3685.78
26 40 -3580.46
26 41 -3465.34
26 42 -3346.02
26 43 -3227.82
26 44 -3115.54
26 45 -3013.41
26 46 -2925.02
26 47 -2853.28
26 48 -2800.45
26 49 -2768.12
26 50 -2757.24
26 51 -2768.12
26 52 -2800.45
26 53 -2853.28
26 54 -2925.02
26 55 -3013.41
26 56 -3115.54
26 57 -3227.82
26 58 -3346.02
26 59 -3465.34
26 60 -3580.46
26 61 -3685.78
26 62 -3775.49
26 63 -3843.94
26 64 -3885.81
26 65 -3896.52
26 66 -3872.4
26 67 -3811.08
26 68 -3711.62
26 69 -3574.69
26 70 -3402.57
26 71 -3199.1
26 72 -2969.45
26 73 -2719.88
26 74 -2457.31
26 75 -2188.95
26 76 -1921.83
26 77 -1662.5
26 78 -1416.55
26 79 -1188.54
26 80 -981.735
26 81 -798.136
26 82 -638.513
26 83 -502.568
26 84 -389.106
26 85 -296.311
26 86 -221.887
26 87 -163.388
26 88 -118.29
26 89 -84.1929
26 90 -58.9077
26 91 -40.5184
26 92 -27.3837
26 93 -18.1828
26 94 -11.8769
26 95 -7.59093
26 96 -4.74805
26 97 -2.85001
26 98 -1.60109
26 99 -0.73311
26 100 0

27 0 0
27 1 -0.920688
27 2 -2.07236
27 3 -3.6651
27 4 -6.04537
27 5 -9.65593
27 6 -15.0098
27 7 -22.9137
27 8 -34.3299
27 9 -50.5317
27 10 -73.0895
27 11 -103.913
27 12 -145.207
27 13 -199.423
27 14 -269.242
27 15 -357.339
27 16 -466.294
27 17 -598.311
27 18 -754.994
27 19 -937.051
27 20 -1144.13
27 21 -1374.51
27 22 -1625.1
27 23 -1891.33
27 24 -2167.34
27 25 -2446.11
27 26 -2719.88
27 27 -2980.52
27 28 -3220.07
27 29 -3431.13
27 30 -3607.49
27 31 -3744.29
27 32 -3838.51
27 33 -3888.92
27 34 -3896.25
27 35 -3862.92
27 36 -3792.91
27 37 -3691.41
27 38 -3564.47
27 39 -3418.67
27 40 -3260.73
27 41 -3097.22
27 42 -2934.37
27 43 -2777.82
27 44 -2632.56
27 45 -2502.83
27 46 -2392.16
27 47 -2303.31
27 48 -2238.41
27 49 -2198.89
27 50 -2185.63
27 51 -2198.89
27 52 -2238.41
27 53 -2303.31
27 54 -2392.16
27 55 -2502.83
27 56 -2632.56
27 57 -2777.82
27 58 -2934.37
27 59 -3097.22
27 60 -3260.73
27 61 -3418.67
27 62 -3564.47
27 63 -3691.41
27 64 -3792.91
27 65 -3862.92
27 66 -3896.25
27 67 -3888.92
27 68 -3838.51
27 69 -3744.29
27 70 -3607.49
27 71 -3431.13
27 72 -3220.07
27 73 -2980.52
27 74 -2719.88
27 75 -2446.11
27 76 -2167.34
27 77 -1891.33
27 78 -1625.1
27 79 -1374.51
27 80 -1144.13
27 81 -937.051
27 82 -754.994
27 83 -598.311
27 84 -466.294
27 85 -357.339
27 86 -269.242
27 87 -199.423
27 88 -145.207
27 89 -103.913
27 90 -73.0895
27 91 -50.5317
27 92 -34.3299
27 93 -22.9137
27 94 -15.0098
27 95 -9.65593
27 96 -6.04537
27 97 -3.6651
27 98 -2.07236
27 99 -0.920688
27 100 0

28 0 0
28 1 -1.19173
28 2 -2.61636
28 3 -4.63481
28 4 -7.62942
28 5 -12.1096
28 6 -18.7741
28 7 -28.4958
28 8 -42.5028
28 9 -62.2581
28 10 -89.6014
28 11 -126.724
28 12 -176.099
28 13 -240.49
28 14 -322.778
28 15 -425.803
28 16 -552.116
28 17 -703.784
28 18 -881.983
28 19 -1086.85
28 20 -1317.12
28 21 -1570
28 22 -1841.08
28 23 -2124.41
28 24 -2412.6
28 25 -2697.29
28 26 -2969.45
28 27 -3220.07
28 28 -3440.55
28 29 -3623.41
28 30 -3762.7
28 31 -3854.35
28 32 -3896.43
28 33 -3889.2
28 34 -3835.01
28 35 -3738.06
28 36 -3604.04
28 37 -3439.79
28 38 -3252.75
28 39 -3050.67
28 40 -2841.12
28 41 -2631.31
28 42 -2427.73
28 43 -2236.15
28 44 -2061.42
28 45 -1907.58
28 46 -1777.79
28 47 -1674.53
28 48 -1599.58
28 49 -1554.15
28 50 -1538.93
28 51 -1554.15
28 52 -1599.58
28 53 -1674.53
28 54 -1777.79
28 55 -1907.58
28 56 -2061.42
28 57 -2236.15
28 58 -2427.73
28 59 -2631.31
28 60 -2841.12
28 61 -3050.67
28 62 -3252.75
28 63 -3439.79
28 64 -3604.04
