0 0 0
0 1 0
0 2 0
0 3 0
0 4 0
0 5 0
0 6 0
0 7 0
0 8 0
0 9 0
0 10 0
0 11 0
0 12 0
0 13 0
0 14 0
0 15 0
0 16 0
0 17 0
0 18 0
0 19 0
0 20 0
0 21 0
0 22 0
0 23 0
0 24 0
0 25 0
0 26 0
0 27 0
0 28 0
0 29 0
0 30 0
0 31 0
0 32 0
0 33 0
0 34 0
0 35 0
0 36 0
0 37 0
0 38 0
0 39 0
0 40 0
0 41 0
0 42 0
0 43 0
0 44 0
0 45 0
0 46 0
0 47 0
0 48 0
0 49 0
0 50 0
0 51 0
0 52 0
0 53 0
0 54 0
0 55 0
0 56 0
0 57 0
0 58 0
0 59 0
0 60 0
0 61 0
0 62 0
0 63 0
0 64 0
0 65 0
0 66 0
0 67 0
0 68 0
0 69 0
0 70 0
0 71 0
0 72 0
0 73 0
0 74 0
0 75 0
0 76 0
0 77 0
0 78 0
0 79 0
0 80 0
0 81 0
0 82 0
0 83 0
0 84 0
0 85 0
0 86 0
0 87 0
0 88 0
0 89 0
0 90 0
0 91 0
0 92 0
0 93 0
0 94 0
0 95 0
0 96 0
0 97 0
0 98 0
0 99 0
0 100 0

1 0 0
1 1 0
1 2 0
1 3 0
1 4 0
1 5 0
1 6 0
1 7 -0.0438922
1 8 -0.0417918
1 9 -0.0325134
1 10 -0.0751637
1 11 -0.061304
1 12 -0.127945
1 13 -0.201521
1 14 -0.280789
1 15 -0.429946
1 16 -0.584231
1 17 -0.804275
1 18 -1.10807
1 19 -1.47968
1 20 -1.99004
1 21 -2.62732
1 22 -3.41778
1 23 -4.41827
1 24 -5.59665
1 25 -7.04558
1 26 -8.73072
1 27 -10.714
1 28 -13.0006
1 29 -15.5926
1 30 -18.5267
1 31 -21.7611
1 32 -25.3272
1 33 -29.1698
1 34 -33.2832
1 35 -37.6199
1 36 -42.1257
1 37 -46.766
1 38 -51.4452
1 39 -56.138
1 40 -60.7241
1 41 -65.1827
1 42 -69.3862
1 43 -73.3167
1 44 -76.8541
1 45 -79.9855
1 46 -82.6079
1 47 -84.7182
1 48 -86.2362
1 49 -87.1739
1 50 -87.4757
1 51 -87.1739
1 52 -86.2362
1 53 -84.7182
1 54 -82.6079
1 55 -79.9855
1 56 -76.8541
1 57 -73.3167
1 58 -69.3862
1 59 -65.1827
1 60 -60.7241
1 61 -56.138
1 62 -51.4452
1 63 -46.766
1 64 -42.1257
1 65 -37.6199
1 66 -33.2832
1 67 -29.1698
1 68 -25.3272
1 69 -21.7611
1 70 -18.5267
1 71 -15.5926
1 72 -13.0006
1 73 -10.714
1 74 -8.73072
1 75 -7.04558
1 76 -5.59665
1 77 -4.41827
1 78 -3.41778
1 79 -2.62732
1 80 -1.99004
1 81 -1.47968
1 82 -1.10807
1 83 -0.804275
1 84 -0.584231
1 85 -0.429946
1 86 -0.280789
1 87 -0.201521
1 88 -0.127945
1 89 -0.061304
1 90 -0.0751637
1 91 -0.0325134
1 92 -0.0417918
1 93 -0.0438922
1 94 0
1 95 0
1 96 0
1 97 0
1 98 0
1 99 0
1 100 0

2 0 0
2 1 0
2 2 0
2 3 0
2 4 0
2 5 0
2 6 -0.04888
2 7 -0.0476232
2 8 -0.060739
2 9 -0.108717
2 10 -0.1135
2 11 -0.210485
2 12 -0.288267
2 13 -0.439135
2 14 -0.636657
2 15 -0.903439
2 16 -1.27875
2 17 -1.76407
2 18 -2.4218
2 19 -3.26118
2 20 -4.35166
2 21 -5.71905
2 22 -7.4334
2 23 -9.53509
2 24 -12.0925
2 25 -15.1466
2 26 -18.7648
2 27 -22.9703
2 28 -27.8248
2 29 -33.3218
2 30 -39.5037
2 31 -46.3311
2 32 -53.8102
2 33 -61.8707
2 34 -70.4714
2 35 -79.5144
2 36 -88.9106
2 37 -98.5389
2 38 -108.271
2 39 -117.97
2 40 -127.485
2 41 -136.671
2 42 -145.372
2 43 -153.449
2 44 -160.759
2 45 -167.179
2 46 -172.594
2 47 -176.909
2 48 -180.048
2 49 -181.954
2 50 -182.593
2 51 -181.954
2 52 -180.048
2 53 -176.909
2 54 -172.594
2 55 -167.179
2 56 -160.759
2 57 -153.449
2 58 -145.372
2 59 -136.671
2 60 -127.485
2 61 -117.97
2 62 -108.271
2 63 -98.5389
2 64 -88.9106
2 65 -79.5144
2 66 -70.4714
2 67 -61.8707
2 68 -53.8102
2 69 -46.3311
2 70 -39.5037
2 71 -33.3218
2 72 -27.8248
2 73 -22.9703
2 74 -18.7648
2 75 -15.1466
2 76 -12.0925
2 77 -9.53509
2 78 -7.4334
2 79 -5.71905
2 80 -4.35166
2 81 -3.26118
2 82 -2.4218
2 83 -1.76407
2 84 -1.27875
2 85 -0.903439
2 86 -0.636657
2 87 -0.439135
2 88 -0.288267
2 89 -0.210485
2 90 -0.1135
2 91 -0.108717
2 92 -0.060739
2 93 -0.0476232
2 94 -0.04888
2 95 0
2 96 0
2 97 0
2 98 0
2 99 0
2 100 0

3 0 0
3 1 0
3 2 0
3 3 0
3 4 0
3 5 -0.0521387
3 6 -0.0519526
3 7 -0.0571302
3 8 -0.111613
3 9 -0.154063
3 10 -0.251558
3 11 -0.360787
3 12 -0.548445
3 13 -0.75565
3 14 -1.11875
3 15 -1.56785
3 16 -2.20625
3 17 -3.0735
3 18 -4.16604
3 19 -5.63466
3 20 -7.45543
3 21 -9.77845
3 22 -12.6529
3 23 -16.1698
3 24 -20.4353
3 25 -25.5139
3 26 -31.4911
3 27 -38.447
3 28 -46.3942
3 29 -55.4232
3 30 -65.4698
3 31 -76.5934
3 32 -88.675
3 33 -101.701
3 34 -115.518
3 35 -130.023
3 36 -145.038
3 37 -160.38
3 38 -175.854
3 39 -191.222
3 40 -206.279
3 41 -220.765
3 42 -234.477
3 43 -247.165
3 44 -258.645
3 45 -268.7
3 46 -277.181
3 47 -283.927
3 48 -288.835
3 49 -291.809
3 50 -292.81
3 51 -291.809
3 52 -288.835
3 53 -283.927
3 54 -277.181
3 55 -268.7
3 56 -258.645
3 57 -247.165
3 58 -234.477
3 59 -220.765
3 60 -206.279
3 61 -191.222
3 62 -175.854
3 63 -160.38
3 64 -145.038
3 65 -130.023
3 66 -115.518
3 67 -101.701
3 68 -88.675
3 69 -76.5934
3 70 -65.4698
3 71 -55.4232
3 72 -46.3942
3 73 -38.447
3 74 -31.4911
3 75 -25.5139
3 76 -20.4353
3 77 -16.1698
3 78 -12.6529
3 79 -9.77845
3 80 -7.45543
3 81 -5.63466
3 82 -4.16604
3 83 -3.0735
3 84 -2.20625
3 85 -1.56785
3 86 -1.11875
3 87 -0.75565
3 88 -0.548445
3 89 -0.360787
3 90 -0.251558
3 91 -0.154063
3 92 -0.111613
3 93 -0.0571302
3 94 -0.0519526
3 95 -0.0521387
3 96 0
3 97 0
3 98 0
3 99 0
3 100 0

4 0 0
4 1 0
4 2 0
4 3 0
4 4 -0.0532721
4 5 -0.0542616
4 6 -0.0542119
4 7 -0.112834
4 8 -0.169212
4 9 -0.269142
4 10 -0.402646
4 11 -0.609233
4 12 -0.859783
4 13 -1.27773
4 14 -1.79866
4 15 -2.56293
4 16 -3.56516
4 17 -4.90289
4 18 -6.66075
4 19 -8.90684
4 20 -11.7894
4 21 -15.3682
4 22 -19.8268
4 23 -25.2241
4 24 -31.7471
4 25 -39.4563
4 26 -48.504
4 27 -58.9432
4 28 -70.8618
4 29 -84.2785
4 30 -99.205
4 31 -115.59
4 32 -133.371
4 33 -152.403
4 34 -172.554
4 35 -193.582
4 36 -215.295
4 37 -237.373
4 38 -259.578
4 39 -281.543
4 40 -303.004
4 41 -323.582
4 42 -343.015
4 43 -360.948
4 44 -377.142
4 45 -391.295
4 46 -403.219
4 47 -412.684
4 48 -419.571
4 49 -423.736
4 50 -425.142
4 51 -423.736
4 52 -419.571
4 53 -412.684
4 54 -403.219
4 55 -391.295
4 56 -377.142
4 57 -360.948
4 58 -343.015
4 59 -323.582
4 60 -303.004
4 61 -281.543
4 62 -259.578
4 63 -237.373
4 64 -215.295
4 65 -193.582
4 66 -172.554
4 67 -152.403
4 68 -133.371
4 69 -115.59
4 70 -99.205
4 71 -84.2785
4 72 -70.8618
4 73 -58.9432
4 74 -48.504
4 75 -39.4563
4 76 -31.7471
4 77 -25.2241
4 78 -19.8268
4 79 -15.3682
4 80 -11.7894
4 81 -8.90684
4 82 -6.66075
4 83 -4.90289
4 84 -3.56516
4 85 -2.56293
4 86 -1.79866
4 87 -1.27773
4 88 -0.859783
4 89 -0.609233
4 90 -0.402646
4 91 -0.269142
4 92 -0.169212
4 93 -0.112834
4 94 -0.0542119
4 95 -0.0542616
4 96 -0.0532721
4 97 0
4 98 0
4 99 0
4 100 0

5 0 0
5 1 0
5 2 0
5 3 -0.0521387
5 4 -0.0542616
5 5 -0.0530993
5 6 -0.113187
5 7 -0.180153
5 8 -0.282808
5 9 -0.415965
5 10 -0.642663
5 11 -0.93423
5 12 -1.38727
5 13 -1.99857
5 14 -2.85474
5 15 -3.99022
5 16 -5.54763
5 17 -7.55803
5 18 -10.2191
5 19 -13.6107
5 20 -17.8936
5 21 -23.2633
5 22 -29.804
5 23 -37.7911
5 24 -47.275
5 25 -58.5096
5 26 -71.5509
5 27 -86.5541
5 28 -103.564
5 29 -122.615
5 30 -143.685
5 31 -166.701
5 32 -191.522
5 33 -217.984
5 34 -245.813
5 35 -274.767
5 36 -304.458
5 37 -334.581
5 38 -364.672
5 39 -394.388
5 40 -423.24
5 41 -450.875
5 42 -476.822
5 43 -500.752
5 44 -522.252
5 45 -541.048
5 46 -556.808
5 47 -569.339
5 48 -578.409
5 49 -583.922
5 50 -585.757
5 51 -583.922
5 52 -578.409
5 53 -569.339
5 54 -556.808
5 55 -541.048
5 56 -522.252
5 57 -500.752
5 58 -476.822
5 59 -450.875
5 60 -423.24
5 61 -394.388
5 62 -364.672
5 63 -334.581
5 64 -304.458
5 65 -274.767
5 66 -245.813
5 67 -217.984
5 68 -191.522
5 69 -166.701
5 70 -143.685
5 71 -122.615
5 72 -103.564
5 73 -86.5541
5 74 -71.5509
5 75 -58.5096
5 76 -47.275
5 77 -37.7911
5 78 -29.804
5 79 -23.2633
5 80 -17.8936
5 81 -13.6107
5 82 -10.2191
5 83 -7.55803
5 84 -5.54763
5 85 -3.99022
5 86 -2.85474
5 87 -1.99857
5 88 -1.38727
5 89 -0.93423
5 90 -0.642663
5 91 -0.415965
5 92 -0.282808
5 93 -0.180153
5 94 -0.113187
5 95 -0.0530993
5 96 -0.0542616
5 97 -0.0521387
5 98 0
5 99 0
5 100 0

6 0 0
6 1 0
6 2 -0.04888
6 3 -0.0519526
6 4 -0.0542119
6 5 -0.113187
6 6 -0.184154
6 7 -0.290344
6 8 -0.421867
6 9 -0.664104
6 10 -0.985694
6 11 -1.46839
6 12 -2.14448
6 13 -3.08293
6 14 -4.35232
6 15 -6.09822
6 16 -8.3831
6 17 -11.4213
6 18 -15.3182
6 19 -20.2993
6 20 -26.5481
6 21 -34.2776
6 22 -43.7277
6 23 -55.0835
6 24 -68.6031
6 25 -84.4092
6 26 -102.736
6 27 -123.608
6 28 -147.182
6 29 -173.368
6 30 -202.189
6 31 -233.437
6 32 -266.97
6 33 -302.469
6 34 -339.626
6 35 -378.026
6 36 -417.231
6 37 -456.756
6 38 -496.086
6 39 -534.698
6 40 -572.064
6 41 -607.66
6 42 -640.998
6 43 -671.595
6 44 -699.041
6 45 -722.929
6 46 -742.953
6 47 -758.805
6 48 -770.302
6 49 -777.248
6 50 -779.587
6 51 -777.248
6 52 -770.302
6 53 -758.805
6 54 -742.953
6 55 -722.929
6 56 -699.041
6 57 -671.595
6 58 -640.998
6 59 -607.66
6 60 -572.064
6 61 -534.698
6 62 -496.086
6 63 -456.756
6 64 -417.231
6 65 -378.026
6 66 -339.626
6 67 -302.469
6 68 -266.97
6 69 -233.437
6 70 -202.189
6 71 -173.368
6 72 -147.182
6 73 -123.608
6 74 -102.736
6 75 -84.4092
6 76 -68.6031
6 77 -55.0835
6 78 -43.7277
6 79 -34.2776
6 80 -26.5481
6 81 -20.2993
6 82 -15.3182
6 83 -11.4213
6 84 -8.3831
6 85 -6.09822
6 86 -4.35232
6 87 -3.08293
6 88 -2.14448
6 89 -1.46839
6 90 -0.985694
6 91 -0.664104
6 92 -0.421867
6 93 -0.290344
6 94 -0.184154
6 95 -0.113187
6 96 -0.0542119
6 97 -0.0519526
6 98 -0.04888
6 99 0
6 100 0

7 0 0
7 1 -0.0438922
7 2 -0.0476232
7 3 -0.0571302
7 4 -0.112834
7 5 -0.180153
7 6 -0.290344
7 7 -0.423396
7 8 -0.674367
7 9 -1.02105
7 10 -1.52738
7 11 -2.24157
7 12 -3.25674
7 13 -4.6406
7 14 -6.55359
7 15 -9.1083
7 16 -12.4901
7 17 -16.8908
7 18 -22.5454
7 19 -29.6781
7 20 -38.6035
7 21 -49.5474
7 22 -62.8431
7 23 -78.736
7 24 -97.4726
7 25 -119.313
7 26 -144.35
7 27 -172.795
7 28 -204.569
7 29 -239.747
7 30 -278.092
7 31 -319.478
7 32 -363.523
7 33 -409.897
7 34 -458.09
7 35 -507.607
7 36 -557.84
7 37 -608.193
7 38 -658.008
7 39 -706.658
7 40 -753.487
7 41 -797.901
7 42 -839.295
7 43 -877.157
7 44 -910.972
7 45 -940.339
7 46 -964.86
7 47 -984.264
7 48 -998.279
7 49 -1006.77
7 50 -1009.6
7 51 -1006.77
7 52 -998.279
7 53 -984.264
7 54 -964.86
7 55 -940.339
7 56 -910.972
7 57 -877.157
7 58 -839.295
7 59 -797.901
7 60 -753.487
7 61 -706.658
7 62 -658.008
7 63 -608.193
7 64 -557.84
7 65 -507.607
7 66 -458.09
7 67 -409.897
7 68 -363.523
7 69 -319.478
7 70 -278.092
7 71 -239.747
7 72 -204.569
7 73 -172.795
7 74 -144.35
7 75 -119.313
7 76 -97.4726
7 77 -78.736
7 78 -62.8431
7 79 -49.5474
7 80 -38.6035
7 81 -29.6781
7 82 -22.5454
7 83 -16.8908
7 84 -12.4901
7 85 -9.1083
7 86 -6.55359
7 87 -4.6406
7 88 -3.25674
7 89 -2.24157
7 90 -1.52738
7 91 -1.02105
7 92 -0.674367
7 93 -0.423396
7 94 -0.290344
7 95 -0.180153
7 96 -0.112834
7 97 -0.0571302
7 98 -0.0476232
7 99 -0.0438922
7 100 0

8 0 0
8 1 -0.0417918
8 2 -0.060739
8 3 -0.111613
8 4 -0.169212
8 5 -0.282808
8 6 -0.421867
8 7 -0.674367
8 8 -1.03375
8 9 -1.55872
8 10 -2.29776
8 11 -3.37512
8 12 -4.85917
8 13 -6.91441
8 14 -9.69944
8 15 -13.4002
8 16 -18.2636
8 17 -24.5612
8 18 -32.5733
8 19 -42.6639
8 20 -55.1386
8 21 -70.3851
8 22 -88.7282
8 23 -110.507
8 24 -136.013
8 25 -165.476
8 26 -199.079
8 27 -236.882
8 28 -278.906
8 29 -324.981
8 30 -374.944
8 31 -428.373
8 32 -484.92
8 33 -543.94
8 34 -604.925
8 35 -667.074
8 36 -729.763
8 37 -792.128
8 38 -853.491
8 39 -913.006
8 40 -970.008
8 41 -1023.74
8 42 -1073.6
8 43 -1118.97
8 44 -1159.35
8 45 -1194.26
8 46 -1223.35
8 47 -1246.29
8 48 -1262.85
8 49 -1272.85
8 50 -1276.2
8 51 -1272.85
8 52 -1262.85
8 53 -1246.29
8 54 -1223.35
8 55 -1194.26
8 56 -1159.35
8 57 -1118.97
8 58 -1073.6
8 59 -1023.74
8 60 -970.008
8 61 -913.006
8 62 -853.491
8 63 -792.128
8 64 -729.763
8 65 -667.074
8 66 -604.925
8 67 -543.94
8 68 -484.92
8 69 -428.373
8 70 -374.944
8 71 -324.981
8 72 -278.906
8 73 -236.882
8 74 -199.079
8 75 -165.476
8 76 -136.013
8 77 -110.507
8 78 -88.7282
8 79 -70.3851
8 80 -55.1386
8 81 -42.6639
8 82 -32.5733
8 83 -24.5612
8 84 -18.2636
8 85 -13.4002
8 86 -9.69944
8 87 -6.91441
8 88 -4.85917
8 89 -3.37512
8 90 -2.29776
8 91 -1.55872
8 92 -1.03375
8 93 -0.674367
8 94 -0.421867
8 95 -0.282808
8 96 -0.169212
8 97 -0.111613
8 98 -0.060739
8 99 -0.0417918
8 100 0

9 0 0
9 1 -0.0325134
9 2 -0.108717
9 3 -0.154063
9 4 -0.269142
9 5 -0.415965
9 6 -0.664104
9 7 -1.02105
9 8 -1.55872
9 9 -2.31589
9 10 -3.43459
9 11 -5.00001
9 12 -7.16858
9 13 -10.135
9 14 -14.1204
9 15 -19.3919
9 16 -26.2824
9 17 -35.1297
9 18 -46.33
9 19 -60.3071
9 20 -77.478
9 21 -98.2871
9 22 -123.152
9 23 -152.431
9 24 -186.479
9 25 -225.49
9 26 -269.643
9 27 -318.936
9 28 -373.267
9 29 -432.421
9 30 -495.975
9 31 -563.499
9 32 -634.285
9 33 -707.709
9 34 -782.863
9 35 -858.988
9 36 -935.084
9 37 -1010.34
9 38 -1083.76
9 39 -1154.57
9 40 -1221.88
9 41 -1285
9 42 -1343.18
9 43 -1395.89
9 44 -1442.54
9 45 -1482.74
9 46 -1516.09
9 47 -1542.33
9 48 -1561.21
9 49 -1572.62
9 50 -1576.41
9 51 -1572.62
9 52 -1561.21
9 53 -1542.33
9 54 -1516.09
9 55 -1482.74
9 56 -1442.54
9 57 -1395.89
9 58 -1343.18
9 59 -1285
9 60 -1221.88
9 61 -1154.57
9 62 -1083.76
9 63 -1010.34
9 64 -935.084
9 65 -858.988
9 66 -782.863
9 67 -707.709
9 68 -634.285
9 69 -563.499
9 70 -495.975
9 71 -432.421
9 72 -373.267
9 73 -318.936
9 74 -269.643
9 75 -225.49
9 76 -186.479
9 77 -152.431
9 78 -123.152
9 79 -98.2871
9 80 -77.478
9 81 -60.3071
9 82 -46.33
9 83 -35.1297
9 84 -26.2824
9 85 -19.3919
9 86 -14.1204
9 87 -10.135
9 88 -7.16858
9 89 -5.00001
9 90 -3.43459
9 91 -2.31589
9 92 -1.55872
9 93 -1.02105
9 94 -0.664104
9 95 -0.415965
9 96 -0.269142
9 97 -0.154063
9 98 -0.108717
9 99 -0.0325134
9 100 0

10 0 0
10 1 -0.0751637
10 2 -0.1135
10 3 -0.251558
10 4 -0.402646
10 5 -0.642663
10 6 -0.985694
10 7 -1.52738
10 8 -2.29776
10 9 -3.43459
10 10 -5.04899
10 11 -7.30059
10 12 -10.3995
10 13 -14.6177
10 14 -20.242
10 15 -27.6471
10 16 -37.2455
10 17 -49.4719
10 18 -64.8493
10 19 -83.8752
10 20 -107.086
10 21 -135.003
10 22 -168.084
10 23 -206.76
10 24 -251.334
10 25 -302.022
10 26 -358.888
10 27 -421.85
10 28 -490.665
10 29 -564.925
10 30 -644.064
10 31 -727.37
10 32 -814.012
10 33 -903.036
10 34 -993.457
10 35 -1084.18
10 36 -1174.2
10 37 -1262.4
10 38 -1347.86
10 39 -1429.54
10 40 -1506.69
10 41 -1578.44
10 42 -1644.23
10 43 -1703.37
10 44 -1755.51
10 45 -1800.14
10 46 -1837.08
10 47 -1865.97
10 48 -1886.78
10 49 -1899.26
10 50 -1903.46
10 51 -1899.26
10 52 -1886.78
10 53 -1865.97
10 54 -1837.08
10 55 -1800.14
10 56 -1755.51
10 57 -1703.37
10 58 -1644.23
10 59 -1578.44
10 60 -1506.69
10 61 -1429.54
10 62 -1347.86
10 63 -1262.4
10 64 -1174.2
10 65 -1084.18
10 66 -993.457
10 67 -903.036
10 68 -814.012
10 69 -727.37
10 70 -644.064
10 71 -564.925
10 72 -490.665
10 73 -421.85
10 74 -358.888
10 75 -302.022
10 76 -251.334
10 77 -206.76
10 78 -168.084
10 79 -135.003
10 80 -107.086
10 81 -83.8752
10 82 -64.8493
10 83 -49.4719
10 84 -37.2455
10 85 -27.6471
10 86 -20.242
10 87 -14.6177
10 88 -10.3995
10 89 -7.30059
10 90 -5.04899
10 91 -3.43459
10 92 -2.29776
10 93 -1.52738
10 94 -0.985694
10 95 -0.642663
10 96 -0.402646
10 97 -0.251558
10 98 -0.1135
10 99 -0.0751637
10 100 0

11 0 0
11 1 -0.061304
11 2 -0.210485
11 3 -0.360787
11 4 -0.609233
11 5 -0.93423
11 6 -1.46839
11 7 -2.24157
11 8 -3.37512
11 9 -5.00001
11 10 -7.30059
11 11 -10.4877
11 12 -14.8708
11 13 -20.7755
11 14 -28.5975
11 15 -38.8244
11 16 -51.9585
11 17 -68.5912
11 18 -89.3358
11 19 -114.817
11 20 -145.658
11 21 -182.451
11 22 -225.69
11 23 -275.819
11 24 -333.096
11 25 -397.663
11 26 -469.466
11 27 -548.244
11 28 -633.58
11 29 -724.803
11 30 -821.131
11 31 -921.566
11 32 -1025.03
11 33 -1130.34
11 34 -1236.25
11 35 -1341.55
11 36 -1444.98
11 37 -1545.43
11 38 -1641.78
11 39 -1733.13
11 40 -1818.58
11 41 -1897.46
11 42 -1969.13
11 43 -2033.18
11 44 -2089.16
11 45 -2136.9
11 46 -2176.11
11 47 -2206.75
11 48 -2228.65
11 49 -2241.84
11 50 -2246.21
11 51 -2241.84
11 52 -2228.65
11 53 -2206.75
11 54 -2176.11
11 55 -2136.9
11 56 -2089.16
11 57 -2033.18
11 58 -1969.13
11 59 -1897.46
11 60 -1818.58
11 61 -1733.13
11 62 -1641.78
11 63 -1545.43
11 64 -1444.98
11 65 -1341.55
11 66 -1236.25
11 67 -1130.34
11 68 -1025.03
11 69 -921.566
11 70 -821.131
11 71 -724.803
11 72 -633.58
11 73 -548.244
11 74 -469.466
11 75 -397.663
11 76 -333.096
11 77 -275.819
11 78 -225.69
11 79 -182.451
11 80 -145.658
11 81 -114.817
11 82 -89.3358
11 83 -68.5912
11 84 -51.9585
11 85 -38.8244
11 86 -28.5975
11 87 -20.7755
11 88 -14.8708
11 89 -10.4877
11 90 -7.30059
11 91 -5.00001
11 92 -3.37512
11 93 -2.24157
11 94 -1.46839
11 95 -0.93423
11 96 -0.609233
11 97 -0.360787
11 98 -0.210485
11 99 -0.061304
11 100 0

12 0 0
12 1 -0.127945
12 2 -0.288267
12 3 -0.548445
12 4 -0.859783
12 5 -1.38727
12 6 -2.14448
12 7 -3.25674
12 8 -4.85917
12 9 -7.16858
12 10 -10.3995
12 11 -14.8708
12 12 -20.958
12 13 -29.0864
12 14 -39.795
12 15 -53.678
12 16 -71.3897
12 17 -93.6451
12 18 -121.188
12 19 -154.733
12 20 -195.016
12 21 -242.638
12 22 -298.151
12 23 -361.919
12 24 -434.137
12 25 -514.798
12 26 -603.646
12 27 -700.203
12 28 -803.752
12 29 -913.353
12 30 -1027.89
12 31 -1146.08
12 32 -1266.55
12 33 -1387.86
12 34 -1508.55
12 35 -1627.22
12 36 -1742.53
12 37 -1853.28
12 38 -1958.38
12 39 -2056.93
12 40 -2148.17
12 41 -2231.52
12 42 -2306.56
12 43 -2372.96
12 44 -2430.56
12 45 -2479.26
12 46 -2519.04
12 47 -2549.91
12 48 -2571.93
12 49 -2585.1
12 50 -2589.51
12 51 -2585.1
12 52 -2571.93
12 53 -2549.91
12 54 -2519.04
12 55 -2479.26
12 56 -2430.56
12 57 -2372.96
12 58 -2306.56
12 59 -2231.52
12 60 -2148.17
12 61 -2056.93
12 62 -1958.38
12 63 -1853.28
12 64 -1742.53
12 65 -1627.22
12 66 -1508.55
12 67 -1387.86
12 68 -1266.55
12 69 -1146.08
12 70 -1027.89
12 71 -913.353
12 72 -803.752
12 73 -700.203
12 74 -603.646
12 75 -514.798
12 76 -434.137
12 77 -361.919
12 78 -298.151
12 79 -242.638
12 80 -195.016
12 81 -154.733
12 82 -121.188
12 83 -93.6451
12 84 -71.3897
12 85 -53.678
12 86 -39.795
12 87 -29.0864
12 88 -20.958
12 89 -14.8708
12 90 -10.3995
12 91 -7.16858
12 92 -4.85917
12 93 -3.25674
12 94 -2.14448
12 95 -1.38727
12 96 -0.859783
12 97 -0.548445
12 98 -0.288267
12 99 -0.127945
12 100 0

13 0 0
13 1 -0.201521
13 2 -0.439135
13 3 -0.75565
13 4 -1.27773
13 5 -1.99857
13 6 -3.08293
13 7 -4.6406
13 8 -6.91441
13 9 -10.135
13 10 -14.6177
13 11 -20.7755
13 12 -29.0864
13 13 -40.1216
13 14 -54.5553
13 15 -73.1273
13 16 -96.6276
13 17 -125.935
13 18 -161.877
13 19 -205.317
13 20 -257.005
13 21 -317.597
13 22 -387.574
13 23 -467.218
13 24 -556.544
13 25 -655.34
13 26 -763.047
13 27 -878.897
13 28 -1001.79
13 29 -1130.46
13 30 -1263.4
13 31 -1398.99
13 32 -1535.57
13 33 -1671.41
13 34 -1804.9
13 35 -1934.48
13 36 -2058.79
13 37 -2176.61
13 38 -2286.97
13 39 -2389.09
13 40 -2482.4
13 41 -2566.56
13 42 -2641.36
13 43 -2706.78
13 44 -2762.89
13 45 -2809.86
13 46 -2847.87
13 47 -2877.17
13 48 -2897.92
13 49 -2910.31
13 50 -2914.42
13 51 -2910.31
13 52 -2897.92
13 53 -2877.17
13 54 -2847.87
13 55 -2809.86
13 56 -2762.89
13 57 -2706.78
13 58 -2641.36
13 59 -2566.56
13 60 -2482.4
13 61 -2389.09
13 62 -2286.97
13 63 -2176.61
13 64 -2058.79
13 65 -1934.48
13 66 -1804.9
13 67 -1671.41
13 68 -1535.57
13 69 -1398.99
13 70 -1263.4
13 71 -1130.46
13 72 -1001.79
13 73 -878.897
13 74 -763.047
13 75 -655.34
13 76 -556.544
13 77 -467.218
13 78 -387.574
13 79 -317.597
13 80 -257.005
13 81 -205.317
13 82 -161.877
13 83 -125.935
13 84 -96.6276
13 85 -73.1273
13 86 -54.5553
13 87 -40.1216
13 88 -29.0864
13 89 -20.7755
13 90 -14.6177
13 91 -10.135
13 92 -6.91441
13 93 -4.6406
13 94 -3.08293
13 95 -1.99857
13 96 -1.27773
13 97 -0.75565
13 98 -0.439135
13 99 -0.201521
13 100 0

14 0 0
14 1 -0.280789
14 2 -0.636657
14 3 -1.11875
14 4 -1.79866
14 5 -2.85474
14 6 -4.35232
14 7 -6.55359
14 8 -9.69944
14 9 -14.1204
14 10 -20.242
14 11 -28.5975
14 12 -39.795
14 13 -54.5553
14 14 -73.7175
14 15 -98.1544
14 16 -128.857
14 17 -166.804
14 18 -212.973
14 19 -268.273
14 20 -333.496
14 21 -409.225
14 22 -495.867
14 23 -593.473
14 24 -701.855
14 25 -820.427
14 26 -948.312
14 27 -1084.29
14 28 -1226.86
14 29 -1374.3
14 30 -1524.72
14 31 -1676.14
14 32 -1826.59
14 33 -1974.13
14 34 -2117
14 35 -2253.59
14 36 -2382.57
14 37 -2502.86
14 38 -2613.67
14 39 -2714.46
14 40 -2804.99
14 41 -2885.22
14 42 -2955.32
14 43 -3015.6
14 44 -3066.47
14 45 -3108.42
14 46 -3141.92
14 47 -3167.44
14 48 -3185.35
14 49 -3195.99
14 50 -3199.5
14 51 -3195.99
14 52 -3185.35
14 53 -3167.44
14 54 -3141.92
14 55 -3108.42
14 56 -3066.47
14 57 -3015.6
14 58 -2955.32
14 59 -2885.22
14 60 -2804.99
14 61 -2714.46
14 62 -2613.67
14 63 -2502.86
14 64 -2382.57
14 65 -2253.59
14 66 -2117
14 67 -1974.13
14 68 -1826.59
14 69 -1676.14
14 70 -1524.72
14 71 -1374.3
14 72 -1226.86
14 73 -1084.29
14 74 -948.312
14 75 -820.427
14 76 -701.855
14 77 -593.473
14 78 -495.867
14 79 -409.225
14 80 -333.496
14 81 -268.273
14 82 -212.973
14 83 -166.804
14 84 -128.857
14 85 -98.1544
14 86 -73.7175
14 87 -54.5553
14 88 -39.795
14 89 -28.5975
14 90 -20.242
14 91 -14.1204
14 92 -9.69944
14 93 -6.55359
14 94 -4.35232
14 95 -2.85474
14 96 -1.79866
14 97 -1.11875
14 98 -0.636657
14 99 -0.280789
14 100 0

15 0 0
15 1 -0.429946
15 2 -0.903439
15 3 -1.56785
15 4 -2.56293
15 5 -3.99022
15 6 -6.09822
15 7 -9.1083
15 8 -13.4002
15 9 -19.3919
15 10 -27.6471
15 11 -38.8244
15 12 -53.678
15 13 -73.1273
15 14 -98.1544
15 15 -129.842
15 16 -169.315
15 17 -217.698
15 18 -276.03
15 19 -345.278
15 20 -426.149
15 21 -519.161
15 22 -624.463
15 23 -741.87
15 24 -870.79
15 25 -1010.24
15 26 -1158.84
15 27 -1314.89
15 28 -1476.36
15 29 -1641.09
15 30 -1806.73
15 31 -1970.98
15 32 -2131.57
15 33 -2286.43
15 34 -2433.72
15 35 -2571.92
15 36 -2699.84
15 37 -2816.64
15 38 -2921.86
15 39 -3015.33
15 40 -3097.24
15 41 -3167.99
15 42 -3228.19
15 43 -3278.57
15 44 -3319.98
15 45 -3353.25
15 46 -3379.19
15 47 -3398.53
15 48 -3411.89
15 49 -3419.71
15 50 -3422.29
15 51 -3419.71
15 52 -3411.89
15 53 -3398.53
15 54 -3379.19
15 55 -3353.25
15 56 -3319.98
15 57 -3278.57
15 58 -3228.19
15 59 -3167.99
15 60 -3097.24
15 61 -3015.33
15 62 -2921.86
15 63 -2816.64
15 64 -2699.84
15 65 -2571.92
15 66 -2433.72
15 67 -2286.43
15 68 -2131.57
15 69 -1970.98
15 70 -1806.73
15 71 -1641.09
15 72 -1476.36
15 73 -1314.89
15 74 -1158.84
15 75 -1010.24
15 76 -870.79
15 77 -741.87
15 78 -624.463
15 79 -519.161
15 80 -426.149
15 81 -345.278
15 82 -276.03
15 83 -217.698
15 84 -169.315
15 85 -129.842
15 86 -98.1544
15 87 -73.1273
15 88 -53.678
15 89 -38.8244
15 90 -27.6471
15 91 -19.3919
15 92 -13.4002
15 93 -9.1083
15 94 -6.09822
15 95 -3.99022
15 96 -2.56293
15 97 -1.56785
15 98 -0.903439
15 99 -0.429946
15 100 0

16 0 0
16 1 -0.584231
16 2 -1.27875
16 3 -2.20625
16 4 -3.56516
16 5 -5.54763
16 6 -8.3831
16 7 -12.4901
16 8 -18.2636
16 9 -26.2824
16 10 -37.2455
16 11 -51.9585
16 12 -71.3897
16 13 -96.6276
16 14 -128.857
16 15 -169.315
16 16 -219.297
16 17 -279.986
16 18 -352.514
16 19 -437.762
16 20 -536.36
16 21 -648.57
16 22 -774.252
16 23 -912.786
16 24 -1063.12
16 25 -1223.7
16 26 -1392.59
16 27 -1567.48
16 28 -1745.82
16 29 -1924.92
16 30 -2102.03
16 31 -2274.53
16 32 -2439.98
16 33 -2596.23
16 34 -2741.54
16 35 -2874.56
16 36 -2994.4
16 37 -3100.62
16 38 -3193.22
16 39 -3272.56
16 40 -3339.34
16 41 -3394.5
16 42 -3439.2
16 43 -3474.66
16 44 -3502.17
16 45 -3522.98
16 46 -3538.24
16 47 -3548.98
16 48 -3556.03
16 49 -3560
16 50 -3561.28
16 51 -3560
16 52 -3556.03
16 53 -3548.98
16 54 -3538.24
16 55 -3522.98
16 56 -3502.17
16 57 -3474.66
16 58 -3439.2
16 59 -3394.5
16 60 -3339.34
16 61 -3272.56
16 62 -3193.22
16 63 -3100.62
16 64 -2994.4
16 65 -2874.56
16 66 -2741.54
16 67 -2596.23
16 68 -2439.98
16 69 -2274.53
16 70 -2102.03
16 71 -1924.92
16 72 -1745.82
16 73 -1567.48
16 74 -1392.59
16 75 -1223.7
16 76 -1063.12
16 77 -912.786
16 78 -774.252
16 79 -648.57
16 80 -536.36
16 81 -437.762
16 82 -352.514
16 83 -279.986
16 84 -219.297
16 85 -169.315
16 86 -128.857
16 87 -96.6276
16 88 -71.3897
16 89 -51.9585
16 90 -37.2455
16 91 -26.2824
16 92 -18.2636
16 93 -12.4901
16 94 -8.3831
16 95 -5.54763
16 96 -3.56516
16 97 -2.20625
16 98 -1.27875
16 99 -0.584231
16 100 0

17 0 0
17 1 -0.804275
17 2 -1.76407
17 3 -3.0735
17 4 -4.90289
17 5 -7.55803
17 6 -11.4213
17 7 -16.8908
17 8 -24.5612
17 9 -35.1297
17 10 -49.4719
17 11 -68.5912
17 12 -93.6451
17 13 -125.935
17 14 -166.804
17 15 -217.698
17 16 -279.986
17 17 -354.952
17 18 -443.667
17 19 -546.915
17 20 -665.064
17 21 -798.07
17 22 -945.296
17 23 -1105.63
17 24 -1277.37
17 25 -1458.32
17 26 -1645.86
17 27 -1837.06
17 28 -2028.77
17 29 -2217.81
17 30 -2401.08
17 31 -2575.73
17 32 -2739.23
17 33 -2889.57
17 34 -3025.17
17 35 -3145.08
17 36 -3248.87
17 37 -3336.66
17 38 -3409.03
17 39 -3466.99
17 40 -3511.88
17 41 -3545.27
17 42 -3568.87
17 43 -3584.47
17 44 -3593.82
17 45 -3598.57
17 46 -3600.25
17 47 -3600.13
17 48 -3599.28
17 49 -3598.45
17 50 -3598.13
17 51 -3598.45
17 52 -3599.28
17 53 -3600.13
17 54 -3600.25
17 55 -3598.57
17 56 -3593.82
17 57 -3584.47
17 58 -3568.87
17 59 -3545.27
17 60 -3511.88
17 61 -3466.99
17 62 -3409.03
17 63 -3336.66
17 64 -3248.87
17 65 -3145.08
17 66 -3025.17
17 67 -2889.57
17 68 -2739.23
17 69 -2575.73
17 70 -2401.08
17 71 -2217.81
17 72 -2028.77
17 73 -1837.06
17 74 -1645.86
17 75 -1458.32
17 76 -1277.37
17 77 -1105.63
17 78 -945.296
17 79 -798.07
17 80 -665.064
17 81 -546.915
17 82 -443.667
17 83 -354.952
17 84 -279.986
17 85 -217.698
17 86 -166.804
17 87 -125.935
17 88 -93.6451
17 89 -68.5912
17 90 -49.4719
17 91 -35.1297
17 92 -24.5612
17 93 -16.8908
17 94 -11.4213
17 95 -7.55803
17 96 -4.90289
17 97 -3.0735
17 98 -1.76407
17 99 -0.804275
17 100 0

18 0 0
18 1 -1.10807
18 2 -2.4218
18 3 -4.16604
18 4 -6.66075
18 5 -10.2191
18 6 -15.3182
18 7 -22.5454
18 8 -32.5733
18 9 -46.33
18 10 -64.8493
18 11 -89.3358
18 12 -121.188
18 13 -161.877
18 14 -212.973
18 15 -276.03
18 16 -352.514
18 17 -443.667
18 18 -550.476
18 19 -673.443
18 20 -812.63
18 21 -967.455
18 22 -1136.74
18 23 -1318.65
18 24 -1510.76
18 25 -1710.11
18 26 -1913.36
18 27 -2116.86
18 28 -2316.95
18 29 -2509.97
18 30 -2692.6
18 31 -2861.86
18 32 -3015.35
18 33 -3151.28
18 34 -3268.55
18 35 -3366.7
18 36 -3445.97
18 37 -3507.18
18 38 -3551.65
18 39 -3581.13
18 40 -3597.66
18 41 -3603.48
18 42 -3600.92
18 43 -3592.28
18 44 -3579.78
18 45 -3565.45
18 46 -3551.13
18 47 -3538.32
18 48 -3528.29
18 49 -3521.9
18 50 -3519.72
18 51 -3521.9
18 52 -3528.29
18 53 -3538.32
18 54 -3551.13
18 55 -3565.45
18 56 -3579.78
18 57 -3592.28
18 58 -3600.92
18 59 -3603.48
18 60 -3597.66
18 61 -3581.13
18 62 -3551.65
18 63 -3507.18
18 64 -3445.97
18 65 -3366.7
18 66 -3268.55
18 67 -3151.28
18 68 -3015.35
18 69 -2861.86
18 70 -2692.6
18 71 -2509.97
18 72 -2316.95
18 73 -2116.86
18 74 -1913.36
18 75 -1710.11
18 76 -1510.76
18 77 -1318.65
18 78 -1136.74
18 79 -967.455
18 80 -812.63
18 81 -673.443
18 82 -550.476
18 83 -443.667
18 84 -352.514
18 85 -276.03
18 86 -212.973
18 87 -161.877
18 88 -121.188
18 89 -89.3358
18 90 -64.8493
18 91 -46.33
18 92 -32.5733
18 93 -22.5454
18 94 -15.3182
18 95 -10.2191
18 96 -6.66075
18 97 -4.16604
18 98 -2.4218
18 99 -1.10807
18 100 0

19 0 0
19 1 -1.47968
19 2 -3.26118
19 3 -5.63466
19 4 -8.90684
19 5 -13.6107
19 6 -20.2993
19 7 -29.6781
19 8 -42.6639
19 9 -60.3071
19 10 -83.8752
19 11 -114.817
19 12 -154.733
19 13 -205.317
19 14 -268.273
19 15 -345.278
19 16 -437.762
19 17 -546.915
19 18 -673.443
19 19 -817.526
19 20 -978.676
19 21 -1155.71
19 22 -1346.66
19 23 -1548.92
19 24 -1759.17
19 25 -1973.65
19 26 -2188.2
19 27 -2398.58
19 28 -2600.56
19 29 -2790.22
19 30 -2964.09
19 31 -3119.31
19 32 -3253.78
19 33 -3366.17
19 34 -3456
19 35 -3523.6
19 36 -3569.96
19 37 -3596.79
19 38 -3606.23
19 39 -3600.85
19 40 -3583.42
19 41 -3556.86
19 42 -3524.06
19 43 -3487.82
19 44 -3450.74
19 45 -3415.2
19 46 -3383.23
19 47 -3356.55
19 48 -3336.52
19 49 -3324.11
19 50 -3319.91
19 51 -3324.11
19 52 -3336.52
19 53 -3356.55
19 54 -3383.23
19 55 -3415.2
19 56 -3450.74
19 57 -3487.82
19 58 -3524.06
19 59 -3556.86
19 60 -3583.42
19 61 -3600.85
19 62 -3606.23
19 63 -3596.79
19 64 -3569.96
19 65 -3523.6
19 66 -3456
19 67 -3366.17
19 68 -3253.78
19 69 -3119.31
19 70 -2964.09
19 71 -2790.22
19 72 -2600.56
19 73 -2398.58
19 74 -2188.2
19 75 -1973.65
19 76 -1759.17
19 77 -1548.92
19 78 -1346.66
19 79 -1155.71
19 80 -978.676
19 81 -817.526
19 82 -673.443
19 83 -546.915
19 84 -437.762
19 85 -345.278
19 86 -268.273
19 87 -205.317
19 88 -154.733
19 89 -114.817
19 90 -83.8752
19 91 -60.3071
19 92 -42.6639
19 93 -29.6781
19 94 -20.2993
19 95 -13.6107
19 96 -8.90684
19 97 -5.63466
19 98 -3.26118
19 99 -1.47968
19 100 0

20 0 0
20 1 -1.99004
20 2 -4.35166
20 3 -7.45543
20 4 -11.7894
20 5 -17.8936
20 6 -26.5481
20 7 -38.6035
20 8 -55.1386
20 9 -77.478
20 10 -107.086
20 11 -145.658
20 12 -195.016
20 13 -257.005
20 14 -333.496
20 15 -426.149
20 16 -536.36
20 17 -665.064
20 18 -812.63
20 19 -978.676
20 20 -1162.08
20 21 -1360.82
20 22 -1572.08
20 23 -1792.27
20 24 -2017.16
20 25 -2242.11
20 26 -2462.23
20 27 -2672.66
20 28 -2868.82
20 29 -3046.61
20 30 -3202.69
20 31 -3334.5
20 32 -3440.5
20 33 -3520.05
20 34 -3573.55
20 35 -3602.22
20 36 -3608.05
20 37 -3593.66
20 38 -3562.14
20 39 -3516.85
20 40 -3461.3
20 41 -3399.01
20 42 -3333.38
20 43 -3267.61
20 44 -3204.57
20 45 -3146.85
20 46 -3096.62
20 47 -3055.69
20 48 -3025.46
20 49 -3006.92
20 50 -3000.68
20 51 -3006.92
20 52 -3025.46
20 53 -3055.69
20 54 -3096.62
20 55 -3146.85
20 56 -3204.57
20 57 -3267.61
20 58 -3333.38
20 59 -3399.01
20 60 -3461.3
20 61 -3516.85
20 62 -3562.14
20 63 -3593.66
20 64 -3608.05
20 65 -3602.22
20 66 -3573.55
20 67 -3520.05
20 68 -3440.5
20 69 -3334.5
20 70 -3202.69
20 71 -3046.61
20 72 -2868.82
20 73 -2672.66
20 74 -2462.23
20 75 -2242.11
20 76 -2017.16
20 77 -1792.27
20 78 -1572.08
20 79 -1360.82
20 80 -1162.08
20 81 -978.676
20 82 -812.63
20 83 -665.064
20 84 -536.36
20 85 -426.149
20 86 -333.496
20 87 -257.005
20 88 -195.016
20 89 -145.658
20 90 -107.086
20 91 -77.478
20 92 -55.1386
20 93 -38.6035
20 94 -26.5481
20 95 -17.8936
20 96 -11.7894
20 97 -7.45543
20 98 -4.35166
20 99 -1.99004
20 100 0

21 0 0
21 1 -2.62732
21 2 -5.71905
21 3 -9.77845
21 4 -15.3682
21 5 -23.2633
21 6 -34.2776
21 7 -49.5474
21 8 -70.3851
21 9 -98.2871
21 10 -135.003
21 11 -182.451
21 12 -242.638
21 13 -317.597
21 14 -409.225
21 15 -519.161
21 16 -648.57
21 17 -798.07
21 18 -967.455
21 19 -1155.71
21 20 -1360.82
21 21 -1579.84
21 22 -1808.93
21 23 -2043.46
21 24 -2278.22
21 25 -2507.73
21 26 -2726.38
21 27 -2928.91
21 28 -3110.5
21 29 -3267.18
21 30 -3395.92
21 31 -3494.8
21 32 -3563.03
21 33 -3600.98
21 34 -3610.06
21 35 -3592.59
21 36 -3551.64
21 37 -3490.84
21 38 -3414.19
21 39 -3325.83
21 40 -3229.92
21 41 -3130.49
21 42 -3031.29
21 43 -2935.77
21 44 -2846.96
21 45 -2767.49
21 46 -2699.55
21 47 -2644.92
21 48 -2604.94
21 49 -2580.59
21 50 -2572.4
21 51 -2580.59
21 52 -2604.94
21 53 -2644.92
21 54 -2699.55
21 55 -2767.49
21 56 -2846.96
21 57 -2935.77
21 58 -3031.29
21 59 -3130.49
21 60 -3229.92
21 61 -3325.83
21 62 -3414.19
21 63 -3490.84
21 64 -3551.64
21 65 -3592.59
21 66 -3610.06
21 67 -3600.98
21 68 -3563.03
21 69 -3494.8
21 70 -3395.92
21 71 -3267.18
21 72 -3110.5
21 73 -2928.91
21 74 -2726.38
21 75 -2507.73
21 76 -2278.22
21 77 -2043.46
21 78 -1808.93
21 79 -1579.84
21 80 -1360.82
21 81 -1155.71
21 82 -967.455
21 83 -798.07
21 84 -648.57
21 85 -519.161
21 86 -409.225
21 87 -317.597
21 88 -242.638
21 89 -182.451
21 90 -135.003
21 91 -98.2871
21 92 -70.3851
21 93 -49.5474
21 94 -34.2776
21 95 -23.2633
21 96 -15.3682
21 97 -9.77845
21 98 -5.71905
21 99 -2.62732
21 100 0

22 0 0
22 1 -3.41778
22 2 -7.4334
22 3 -12.6529
22 4 -19.8268
22 5 -29.804
22 6 -43.7277
22 7 -62.8431
22 8 -88.7282
22 9 -123.152
22 10 -168.084
22 11 -225.69
22 12 -298.151
22 13 -387.574
22 14 -495.867
22 15 -624.463
22 16 -774.252
22 17 -945.296
22 18 -1136.74
22 19 -1346.66
22 20 -1572.08
22 21 -1808.93
22 22 -2052.25
22 23 -2296.32
22 24 -2535
22 25 -2761.98
22 26 -2971.16
22 27 -3156.98
22 28 -3314.73
22 29 -3440.77
22 30 -3532.73
22 31 -3589.56
22 32 -3611.57
22 33 -3600.27
22 34 -3558.34
22 35 -3489.27
22 36 -3397.3
22 37 -3287.04
22 38 -3163.35
22 39 -3031.05
22 40 -2894.81
22 41 -2758.99
22 42 -2627.54
22 43 -2503.94
22 44 -2391.22
22 45 -2291.89
22 46 -2208
22 47 -2141.17
22 48 -2092.59
22 49 -2063.13
22 50 -2053.25
22 51 -2063.13
22 52 -2092.59
22 53 -2141.17
22 54 -2208
22 55 -2291.89
22 56 -2391.22
22 57 -2503.94
22 58 -2627.54
22 59 -2758.99
22 60 -2894.81
22 61 -3031.05
22 62 -3163.35
22 63 -3287.04
22 64 -3397.3
22 65 -3489.27
22 66 -3558.34
22 67 -3600.27
22 68 -3611.57
22 69 -3589.56
22 70 -3532.73
22 71 -3440.77
22 72 -3314.73
22 73 -3156.98
22 74 -2971.16
22 75 -2761.98
22 76 -2535
22 77 -2296.32
22 78 -2052.25
22 79 -1808.93
22 80 -1572.08
22 81 -1346.66
22 82 -1136.74
22 83 -945.296
22 84 -774.252
22 85 -624.463
22 86 -495.867
22 87 -387.574
22 88 -298.151
22 89 -225.69
22 90 -168.084
22 91 -123.152
22 92 -88.7282
22 93 -62.8431
22 94 -43.7277
22 95 -29.804
22 96 -19.8268
22 97 -12.6529
22 98 -7.4334
22 99 -3.41778
22 100 0

23 0 0
23 1 -4.41827
23 2 -9.53509
23 3 -16.1698
23 4 -25.2241
23 5 -37.7911
23 6 -55.0835
23 7 -78.736
23 8 -110.507
23 9 -152.431
23 10 -206.76
23 11 -275.819
23 12 -361.919
23 13 -467.218
23 14 -593.473
23 15 -741.87
23 16 -912.786
23 17 -1105.63
23 18 -1318.65
23 19 -1548.92
23 20 -1792.27
23 21 -2043.46
23 22 -2296.32
23 23 -2544.09
23 24 -2779.7
23 25 -2996.22
23 26 -3187.22
23 27 -3347.17
23 28 -3471.69
23 29 -3557.85
23 30 -3604.23
23 31 -3610.98
23 32 -3579.7
23 33 -3513.31
23 34 -3415.8
23 35 -3291.98
23 36 -3147.18
23 37 -2986.95
23 38 -2816.87
23 39 -2642.28
23 40 -2468.15
23 41 -2298.96
23 42 -2138.63
23 43 -1990.51
23 44 -1857.37
23 45 -1741.44
23 46 -1644.48
23 47 -1567.83
23 48 -1512.43
23 49 -1478.96
23 50 -1467.75
23 51 -1478.96
23 52 -1512.43
23 53 -1567.83
23 54 -1644.48
23 55 -1741.44
23 56 -1857.37
23 57 -1990.51
23 58 -2138.63
23 59 -2298.96
23 60 -2468.15
23 61 -2642.28
23 62 -2816.87
23 63 -2986.95
23 64 -3147.18
23 65 -3291.98
23 66 -3415.8
23 67 -3513.31
23 68 -3579.7
23 69 -3610.98
23 70 -3604.23
23 71 -3557.85
23 72 -3471.69
23 73 -3347.17
23 74 -3187.22
23 75 -2996.22
23 76 -2779.7
23 77 -2544.09
23 78 -2296.32
23 79 -2043.46
23 80 -1792.27
23 81 -1548.92
23 82 -1318.65
23 83 -1105.63
23 84 -912.786
23 85 -741.87
23 86 -593.473
23 87 -467.218
23 88 -361.919
23 89 -275.819
23 90 -206.76
23 91 -152.431
23 92 -110.507
23 93 -78.736
23 94 -55.0835
23 95 -37.7911
23 96 -25.2241
23 97 -16.1698
23 98 -9.53509
23 99 -4.41827
23 100 0

24 0 0
24 1 -5.59665
24 2 -12.0925
24 3 -20.4353
24 4 -31.7471
24 5 -47.275
24 6 -68.6031
24 7 -97.4726
24 8 -136.013
24 9 -186.479
24 10 -251.334
24 11 -333.096
24 12 -434.137
24 13 -556.544
24 14 -701.855
24 15 -870.79
24 16 -1063.12
24 17 -1277.37
24 18 -1510.76
24 19 -1759.17
24 20 -2017.16
24 21 -2278.22
24 22 -2535
24 23 -2779.7
24 24 -3004.52
24 25 -3202.1
24 26 -3365.97
24 27 -3490.92
24 28 -3573.3
24 29 -3611.19
24 30 -3604.45
24 31 -3554.69
24 32 -3465.06
24 33 -3339.97
24 34 -3184.86
24 35 -3005.75
24 36 -2809.02
24 37 -2601.01
24 38 -2387.83
24 39 -2175.1
24 40 -1967.85
24 41 -1770.44
24 42 -1586.53
24 43 -1419.07
24 44 -1270.4
24 45 -1142.31
24 46 -1036.11
24 47 -952.721
24 48 -892.774
24 49 -856.662
24 50 -844.603
24 51 -856.662
24 52 -892.774
24 53 -952.721
24 54 -1036.11
24 55 -1142.31
24 56 -1270.4
24 57 -1419.07
24 58 -1586.53
24 59 -1770.44
24 60 -1967.85
24 61 -2175.1
24 62 -2387.83
24 63 -2601.01
24 64 -2809.02
24 65 -3005.75
24 66 -3184.86
24 67 -3339.97
24 68 -3465.06
24 69 -3554.69
24 70 -3604.45
24 71 -3611.19
24 72 -3573.3
24 73 -3490.92
24 74 -3365.97
24 75 -3202.1
24 76 -3004.52
24 77 -2779.7
24 78 -2535
24 79 -2278.22
24 80 -2017.16
24 81 -1759.17
24 82 -1510.76
24 83 -1277.37
24 84 -1063.12
24 85 -870.79
24 86 -701.855
24 87 -556.544
24 88 -434.137
24 89 -333.096
24 90 -251.334
24 91 -186.479
24 92 -136.013
24 93 -97.4726
24 94 -68.6031
24 95 -47.275
24 96 -31.7471
24 97 -20.4353
24 98 -12.0925
24 99 -5.59665
24 100 0

25 0 0
25 1 -7.04558
25 2 -15.1466
25 3 -25.5139
25 4 -39.4563
25 5 -58.5096
25 6 -84.4092
25 7 -119.313
25 8 -165.476
25 9 -225.49
25 10 -302.022
25 11 -397.663
25 12 -514.798
25 13 -655.34
25 14 -820.427
25 15 -1010.24
25 16 -1223.7
25 17 -1458.32
25 18 -1710.11
25 19 -1973.65
25 20 -2242.11
25 21 -2507.73
25 22 -2761.98
25 23 -2996.22
25 24 -3202.1
25 25 -3372.13
25 26 -3500.11
25 27 -3581.53
25 28 -3613.82
25 29 -3596.42
25 30 -3530.79
25 31 -3420.23
25 32 -3269.54
25 33 -3084.76
25 34 -2872.69
25 35 -2640.54
25 36 -2395.53
25 37 -2144.57
25 38 -1894.05
25 39 -1649.6
25 40 -1416.05
25 41 -1197.35
25 42 -996.663
25 43 -816.337
25 44 -658.103
25 45 -523.119
25 46 -412.136
25 47 -325.576
25 48 -263.667
25 49 -226.5
25 50 -214.11
25 51 -226.5
25 52 -263.667
25 53 -325.576
25 54 -412.136
25 55 -523.119
25 56 -658.103
25 57 -816.337
25 58 -996.663
25 59 -1197.35
25 60 -1416.05
25 61 -1649.6
25 62 -1894.05
25 63 -2144.57
25 64 -2395.53
25 65 -2640.54
25 66 -2872.69
25 67 -3084.76
25 68 -3269.54
25 69 -3420.23
25 70 -3530.79
25 71 -3596.42
25 72 -3613.82
25 73 -3581.53
25 74 -3500.11
25 75 -3372.13
25 76 -3202.1
25 77 -2996.22
25 78 -2761.98
25 79 -2507.73
25 80 -2242.11
25 81 -1973.65
25 82 -1710.11
25 83 -1458.32
25 84 -1223.7
25 85 -1010.24
25 86 -820.427
25 87 -655.34
25 88 -514.798
25 89 -397.663
25 90 -302.022
25 91 -225.49
25 92 -165.476
25 93 -119.313
25 94 -84.4092
25 95 -58.5096
25 96 -39.4563
25 97 -25.5139
25 98 -15.1466
25 99 -7.04558
25 100 0

26 0 0
26 1 -8.73072
26 2 -18.7648
26 3 -31.4911
26 4 -48.504
26 5 -71.5509
26 6 -102.736
26 7 -144.35
26 8 -199.079
26 9 -269.643
26 10 -358.888
26 11 -469.466
26 12 -603.646
26 13 -763.047
26 14 -948.312
26 15 -1158.84
26 16 -1392.59
26 17 -1645.86
26 18 -1913.36
26 19 -2188.2
26 20 -2462.23
26 21 -2726.38
26 22 -2971.16
26 23 -3187.22
26 24 -3365.97
26 25 -3500.11
26 26 -3584.11
26 27 -3614.52
26 28 -3590.22
26 29 -3512.35
26 30 -3384.21
26 31 -3210.94
26 32 -2999.13
26 33 -2756.37
26 34 -2490.76
26 35 -2210.48
26 36 -1923.36
26 37 -1636.63
26 38 -1356.64
26 39 -1088.73
26 40 -837.244
26 41 -605.482
26 42 -395.852
26 43 -209.927
26 44 -48.6621
26 45 87.5259
26 46 198.535
26 47 284.515
26 48 345.675
26 49 382.267
26 50 394.438
26 51 382.267
26 52 345.675
26 53 284.515
26 54 198.535
26 55 87.5259
26 56 -48.6621
26 57 -209.927
26 58 -395.852
26 59 -605.482
26 60 -837.244
26 61 -1088.73
26 62 -1356.64
26 63 -1636.63
26 64 -1923.36
26 65 -2210.48
26 66 -2490.76
26 67 -2756.37
26 68 -2999.13
26 69 -3210.94
26 70 -3384.21
26 71 -3512.35
26 72 -3590.22
26 73 -3614.52
26 74 -3584.11
26 75 -3500.11
26 76 -3365.97
26 77 -3187.22
26 78 -2971.16
26 79 -2726.38
26 80 -2462.23
26 81 -2188.2
26 82 -1913.36
26 83 -1645.86
26 84 -1392.59
26 85 -1158.84
26 86 -948.312
26 87 -763.047
26 88 -603.646
26 89 -469.466
26 90 -358.888
26 91 -269.643
26 92 -199.079
26 93 -144.35
26 94 -102.736
26 95 -71.5509
26 96 -48.504
26 97 -31.4911
26 98 -18.7648
26 99 -8.73072
26 100 0

27 0 0
27 1 -10.714
27 2 -22.9703
27 3 -38.447
27 4 -58.9432
27 5 -86.5541
27 6 -123.608
27 7 -172.795
27 8 -236.882
27 9 -318.936
27 10 -421.85
27 11 -548.244
27 12 -700.203
27 13 -878.897
27 14 -1084.29
27 15 -1314.89
27 16 -1567.48
27 17 -1837.06
27 18 -2116.86
27 19 -2398.58
27 20 -2672.66
27 21 -2928.91
27 22 -3156.98
27 23 -3347.17
27 24 -3490.92
27 25 -3581.53
27 26 -3614.52
27 27 -3587.91
27 28 -3502.36
27 29 -3360.98
27 30 -3169.1
27 31 -2933.81
27 32 -2663.45
27 33 -2367.07
27 34 -2053.85
27 35 -1732.71
27 36 -1411.79
27 37 -1098.31
27 38 -798.244
27 39 -516.376
27 40 -256.255
27 41 -20.3078
27 42 190.002
27 43 374.028
27 44 531.707
27 45 663.427
27 46 769.796
27 47 851.548
27 48 909.357
27 49 943.805
27 50 955.24
27 51 943.805
27 52 909.357
27 53 851.548
27 54 769.796
27 55 663.427
27 56 531.707
27 57 374.028
27 58 190.002
27 59 -20.3078
27 60 -256.255
27 61 -516.376
27 62 -798.244
27 63 -1098.31
27 64 -1411.79
27 65 -1732.71
27 66 -2053.85
27 67 -2367.07
27 68 -2663.45
27 69 -2933.81
27 70 -3169.1
27 71 -3360.98
27 72 -3502.36
27 73 -3587.91
27 74 -3614.52
27 75 -3581.53
27 76 -3490.92
27 77 -3347.17
27 78 -3156.98
27 79 -2928.91
27 80 -2672.66
27 81 -2398.58
27 82 -2116.86
27 83 -1837.06
27 84 -1567.48
27 85 -1314.89
27 86 -1084.29
27 87 -878.897
27 88 -700.203
27 89 -548.244
27 90 -421.85
27 91 -318.936
27 92 -236.882
27 93 -172.795
27 94 -123.608
27 95 -86.5541
27 96 -58.9432
27 97 -38.447
27 98 -22.9703
27 99 -10.714
27 100 0

28 0 0
28 1 -13.0006
28 2 -27.8248
28 3 -46.3942
28 4 -70.8618
28 5 -103.564
28 6 -147.182
28 7 -204.569
28 8 -278.906
28 9 -373.267
28 10 -490.665
28 11 -633.58
28 12 -803.752
28 13 -1001.79
28 14 -1226.86
28 15 -1476.36
28 16 -1745.82
28 17 -2028.77
28 18 -2316.95
28 19 -2600.56
