0 0 0
0 1 0
0 2 0
0 3 0
0 4 0
0 5 0
0 6 0
0 7 0
0 8 0
0 9 0
0 10 0
0 11 0
0 12 0
0 13 0
0 14 0
0 15 0
0 16 0
0 17 0
0 18 0
0 19 0
0 20 0
0 21 0
0 22 0
0 23 0
0 24 0
0 25 0
0 26 0
0 27 0
0 28 0
0 29 0
0 30 0
0 31 0
0 32 0
0 33 0
0 34 0
0 35 0
0 36 0
0 37 0
0 38 0
0 39 0
0 40 0
0 41 0
0 42 0
0 43 0
0 44 0
0 45 0
0 46 0
0 47 0
0 48 0
0 49 0
0 50 0
0 51 0
0 52 0
0 53 0
0 54 0
0 55 0
0 56 0
0 57 0
0 58 0
0 59 0
0 60 0
0 61 0
0 62 0
0 63 0
0 64 0
0 65 0
0 66 0
0 67 0
0 68 0
0 69 0
0 70 0
0 71 0
0 72 0
0 73 0
0 74 0
0 75 0
0 76 0
0 77 0
0 78 0
0 79 0
0 80 0
0 81 0
0 82 0
0 83 0
0 84 0
0 85 0
0 86 0
0 87 0
0 88 0
0 89 0
0 90 0
0 91 0
0 92 0
0 93 0
0 94 0
0 95 0
0 96 0
0 97 0
0 98 0
0 99 0
0 100 0

1 0 0
1 1 0
1 2 0
1 3 -0.0506842
1 4 -0.0513461
1 5 -0.0123709
1 6 -0.0676598
1 7 -0.0897091
1 8 -0.145039
1 9 -0.250674
1 10 -0.345936
1 11 -0.491126
1 12 -0.712264
1 13 -0.991798
1 14 -1.39402
1 15 -1.93867
1 16 -2.61992
1 17 -3.5346
1 18 -4.66615
1 19 -6.09704
1 20 -7.87926
1 21 -10.0401
1 22 -12.6716
1 23 -15.7934
1 24 -19.464
1 25 -23.7366
1 26 -28.6071
1 27 -34.1452
1 28 -40.306
1 29 -47.128
1 30 -54.5573
1 31 -62.5677
1 32 -71.1086
1 33 -80.0869
1 34 -89.4488
1 35 -99.0557
1 36 -108.838
1 37 -118.64
1 38 -128.371
1 39 -137.878
1 40 -147.057
1 41 -155.773
1 42 -163.913
1 43 -171.373
1 44 -178.042
1 45 -183.85
1 46 -188.697
1 47 -192.545
1 48 -195.318
1 49 -197.008
1 50 -197.564
1 51 -197.008
1 52 -195.318
1 53 -192.545
1 54 -188.697
1 55 -183.85
1 56 -178.042
1 57 -171.373
1 58 -163.913
1 59 -155.773
1 60 -147.057
1 61 -137.878
1 62 -128.371
1 63 -118.64
1 64 -108.838
1 65 -99.0557
1 66 -89.4488
1 67 -80.0869
1 68 -71.1086
1 69 -62.5677
1 70 -54.5573
1 71 -47.128
1 72 -40.306
1 73 -34.1452
1 74 -28.6071
1 75 -23.7366
1 76 -19.464
1 77 -15.7934
1 78 -12.6716
1 79 -10.0401
1 80 -7.87926
1 81 -6.09704
1 82 -4.66615
1 83 -3.5346
1 84 -2.61992
1 85 -1.93867
1 86 -1.39402
1 87 -0.991798
1 88 -0.712264
1 89 -0.491126
1 90 -0.345936
1 91 -0.250674
1 92 -0.145039
1 93 -0.0897091
1 94 -0.0676598
1 95 -0.0123709
1 96 -0.0513461
1 97 -0.0506842
1 98 0
1 99 0
1 100 0

2 0 0
2 1 0
2 2 -0.0517401
2 3 -0.053531
2 4 -0.0526059
2 5 -0.110388
2 6 -0.128459
2 7 -0.228393
2 8 -0.33158
2 9 -0.50302
2 10 -0.747088
2 11 -1.0769
2 12 -1.55336
2 13 -2.18159
2 14 -3.04123
2 15 -4.17291
2 16 -5.65698
2 17 -7.56742
2 18 -10.0045
2 19 -13.0444
2 20 -16.8219
2 21 -21.4049
2 22 -26.9386
2 23 -33.4934
2 24 -41.1845
2 25 -50.0822
2 26 -60.2477
2 27 -71.7243
2 28 -84.5157
2 29 -98.6045
2 30 -113.94
2 31 -130.426
2 32 -147.959
2 33 -166.364
2 34 -185.489
2 35 -205.099
2 36 -224.999
2 37 -244.923
2 38 -264.645
2 39 -283.897
2 40 -302.44
2 41 -320.029
2 42 -336.432
2 43 -351.442
2 44 -364.854
2 45 -376.509
2 46 -386.245
2 47 -393.953
2 48 -399.521
2 49 -402.897
2 50 -404.02
2 51 -402.897
2 52 -399.521
2 53 -393.953
2 54 -386.245
2 55 -376.509
2 56 -364.854
2 57 -351.442
2 58 -336.432
2 59 -320.029
2 60 -302.44
2 61 -283.897
2 62 -264.645
2 63 -244.923
2 64 -224.999
2 65 -205.099
2 66 -185.489
2 67 -166.364
2 68 -147.959
2 69 -130.426
2 70 -113.94
2 71 -98.6045
2 72 -84.5157
2 73 -71.7243
2 74 -60.2477
2 75 -50.0822
2 76 -41.1845
2 77 -33.4934
2 78 -26.9386
2 79 -21.4049
2 80 -16.8219
2 81 -13.0444
2 82 -10.0045
2 83 -7.56742
2 84 -5.65698
2 85 -4.17291
2 86 -3.04123
2 87 -2.18159
2 88 -1.55336
2 89 -1.0769
2 90 -0.747088
2 91 -0.50302
2 92 -0.33158
2 93 -0.228393
2 94 -0.128459
2 95 -0.110388
2 96 -0.0526059
2 97 -0.053531
2 98 -0.0517401
2 99 0
2 100 0

3 0 0
3 1 -0.0506842
3 2 -0.053531
3 3 -0.0515684
3 4 -0.110675
3 5 -0.17592
3 6 -0.276548
3 7 -0.375537
3 8 -0.599975
3 9 -0.854419
3 10 -1.27547
3 11 -1.87042
3 12 -2.64361
3 13 -3.74132
3 14 -5.16842
3 15 -7.06529
3 16 -9.54338
3 17 -12.718
3 18 -16.7369
3 19 -21.7716
3 20 -27.9333
3 21 -35.4539
3 22 -44.4234
3 23 -55.056
3 24 -67.4498
3 25 -81.7352
3 26 -97.9977
3 27 -116.268
3 28 -136.562
3 29 -158.822
3 30 -182.949
3 31 -208.808
3 32 -236.175
3 33 -264.84
3 34 -294.475
3 35 -324.805
3 36 -355.439
3 37 -386.051
3 38 -416.233
3 39 -445.633
3 40 -473.865
3 41 -500.58
3 42 -525.442
3 43 -548.137
3 44 -568.393
3 45 -585.951
3 46 -600.616
3 47 -612.195
3 48 -620.572
3 49 -625.628
3 50 -627.328
3 51 -625.628
3 52 -620.572
3 53 -612.195
3 54 -600.616
3 55 -585.951
3 56 -568.393
3 57 -548.137
3 58 -525.442
3 59 -500.58
3 60 -473.865
3 61 -445.633
3 62 -416.233
3 63 -386.051
3 64 -355.439
3 65 -324.805
3 66 -294.475
3 67 -264.84
3 68 -236.175
3 69 -208.808
3 70 -182.949
3 71 -158.822
3 72 -136.562
3 73 -116.268
3 74 -97.9977
3 75 -81.7352
3 76 -67.4498
3 77 -55.056
3 78 -44.4234
3 79 -35.4539
3 80 -27.9333
3 81 -21.7716
3 82 -16.7369
3 83 -12.718
3 84 -9.54338
3 85 -7.06529
3 86 -5.16842
3 87 -3.74132
3 88 -2.64361
3 89 -1.87042
3 90 -1.27547
3 91 -0.854419
3 92 -0.599975
3 93 -0.375537
3 94 -0.276548
3 95 -0.17592
3 96 -0.110675
3 97 -0.0515684
3 98 -0.053531
3 99 -0.0506842
3 100 0

4 0 0
4 1 -0.0513461
4 2 -0.0526059
4 3 -0.110675
4 4 -0.17966
4 5 -0.283633
4 6 -0.411851
4 7 -0.648451
4 8 -0.939192
4 9 -1.41372
4 10 -2.04287
4 11 -2.9489
4 12 -4.18348
4 13 -5.84766
4 14 -8.09332
4 15 -11.0011
4 16 -14.8085
4 17 -19.6252
4 18 -25.712
4 19 -33.2514
4 20 -42.4853
4 21 -53.6354
4 22 -66.9296
4 23 -82.5485
4 24 -100.706
4 25 -121.482
4 26 -145.033
4 27 -171.326
4 28 -200.391
4 29 -232.089
4 30 -266.282
4 31 -302.727
4 32 -341.123
4 33 -381.127
4 34 -422.309
4 35 -464.245
4 36 -506.433
4 37 -548.394
4 38 -589.615
4 39 -629.599
4 40 -667.867
4 41 -703.947
4 42 -737.429
4 43 -767.898
4 44 -795.032
4 45 -818.494
4 46 -838.059
4 47 -853.479
4 48 -864.626
4 49 -871.346
4 50 -873.606
4 51 -871.346
4 52 -864.626
4 53 -853.479
4 54 -838.059
4 55 -818.494
4 56 -795.032
4 57 -767.898
4 58 -737.429
4 59 -703.947
4 60 -667.867
4 61 -629.599
4 62 -589.615
4 63 -548.394
4 64 -506.433
4 65 -464.245
4 66 -422.309
4 67 -381.127
4 68 -341.123
4 69 -302.727
4 70 -266.282
4 71 -232.089
4 72 -200.391
4 73 -171.326
4 74 -145.033
4 75 -121.482
4 76 -100.706
4 77 -82.5485
4 78 -66.9296
4 79 -53.6354
4 80 -42.4853
4 81 -33.2514
4 82 -25.712
4 83 -19.6252
4 84 -14.8085
4 85 -11.0011
4 86 -8.09332
4 87 -5.84766
4 88 -4.18348
4 89 -2.9489
4 90 -2.04287
4 91 -1.41372
4 92 -0.939192
4 93 -0.648451
4 94 -0.411851
4 95 -0.283633
4 96 -0.17966
4 97 -0.110675
4 98 -0.0526059
4 99 -0.0513461
4 100 0

5 0 0
5 1 -0.0123709
5 2 -0.110388
5 3 -0.17592
5 4 -0.283633
5 5 -0.41327
5 6 -0.657948
5 7 -0.99684
5 8 -1.49112
5 9 -2.17088
5 10 -3.16671
5 11 -4.4912
5 12 -6.3599
5 13 -8.85377
5 14 -12.1449
5 15 -16.4837
5 16 -22.0032
5 17 -29.0539
5 18 -37.829
5 19 -48.672
5 20 -61.8498
5 21 -77.6698
5 22 -96.39
5 23 -118.281
5 24 -143.505
5 25 -172.259
5 26 -204.562
5 27 -240.474
5 28 -279.857
5 29 -322.585
5 30 -368.36
5 31 -416.863
5 32 -467.651
5 33 -520.242
5 34 -574.081
5 35 -628.577
5 36 -683.113
5 37 -737.058
5 38 -789.784
5 39 -840.682
5 40 -889.164
5 41 -934.692
5 42 -976.757
5 43 -1014.92
5 44 -1048.77
5 45 -1077.99
5 46 -1102.26
5 47 -1121.39
5 48 -1135.16
5 49 -1143.49
5 50 -1146.26
5 51 -1143.49
5 52 -1135.16
5 53 -1121.39
5 54 -1102.26
5 55 -1077.99
5 56 -1048.77
5 57 -1014.92
5 58 -976.757
5 59 -934.692
5 60 -889.164
5 61 -840.682
5 62 -789.784
5 63 -737.058
5 64 -683.113
5 65 -628.577
5 66 -574.081
5 67 -520.242
5 68 -467.651
5 69 -416.863
5 70 -368.36
5 71 -322.585
5 72 -279.857
5 73 -240.474
5 74 -204.562
5 75 -172.259
5 76 -143.505
5 77 -118.281
5 78 -96.39
5 79 -77.6698
5 80 -61.8498
5 81 -48.672
5 82 -37.829
5 83 -29.0539
5 84 -22.0032
5 85 -16.4837
5 86 -12.1449
5 87 -8.85377
5 88 -6.3599
5 89 -4.4912
5 90 -3.16671
5 91 -2.17088
5 92 -1.49112
5 93 -0.99684
5 94 -0.657948
5 95 -0.41327
5 96 -0.283633
5 97 -0.17592
5 98 -0.110388
5 99 -0.0123709
5 100 0

6 0 0
6 1 -0.0676598
6 2 -0.128459
6 3 -0.276548
6 4 -0.411851
6 5 -0.657948
6 6 -1.00868
6 7 -1.52037
6 8 -2.24178
6 9 -3.29326
6 10 -4.73123
6 11 -6.74375
6 12 -9.44465
6 13 -13.0734
6 14 -17.8315
6 15 -24.0115
6 16 -31.9185
6 17 -41.8525
6 18 -54.2353
6 19 -69.3373
6 20 -87.6338
6 21 -109.376
6 22 -134.967
6 23 -164.633
6 24 -198.609
6 25 -237.022
6 26 -279.906
6 27 -327.195
6 28 -378.727
6 29 -434.184
6 30 -493.219
6 31 -555.276
6 32 -619.845
6 33 -686.196
6 34 -753.691
6 35 -821.522
6 36 -888.98
6 37 -955.266
6 38 -1019.67
6 39 -1081.47
6 40 -1140.01
6 41 -1194.7
6 42 -1244.98
6 43 -1290.4
6 44 -1330.52
6 45 -1365.03
6 46 -1393.62
6 47 -1416.09
6 48 -1432.24
6 49 -1441.99
6 50 -1445.24
6 51 -1441.99
6 52 -1432.24
6 53 -1416.09
6 54 -1393.62
6 55 -1365.03
6 56 -1330.52
6 57 -1290.4
6 58 -1244.98
6 59 -1194.7
6 60 -1140.01
6 61 -1081.47
6 62 -1019.67
6 63 -955.266
6 64 -888.98
6 65 -821.522
6 66 -753.691
6 67 -686.196
6 68 -619.845
6 69 -555.276
6 70 -493.219
6 71 -434.184
6 72 -378.727
6 73 -327.195
6 74 -279.906
6 75 -237.022
6 76 -198.609
6 77 -164.633
6 78 -134.967
6 79 -109.376
6 80 -87.6338
6 81 -69.3373
6 82 -54.2353
6 83 -41.8525
6 84 -31.9185
6 85 -24.0115
6 86 -17.8315
6 87 -13.0734
6 88 -9.44465
6 89 -6.74375
6 90 -4.73123
6 91 -3.29326
6 92 -2.24178
6 93 -1.52037
6 94 -1.00868
6 95 -0.657948
6 96 -0.411851
6 97 -0.276548
6 98 -0.128459
6 99 -0.0676598
6 100 0

7 0 0
7 1 -0.0897091
7 2 -0.228393
7 3 -0.375537
7 4 -0.648451
7 5 -0.99684
7 6 -1.52037
7 7 -2.25862
7 8 -3.34842
7 9 -4.87599
7 10 -6.99188
7 11 -9.88092
7 12 -13.781
7 13 -18.9217
7 14 -25.683
7 15 -34.3581
7 16 -45.3798
7 17 -59.1761
7 18 -76.1447
7 19 -96.8164
7 20 -121.535
7 21 -150.809
7 22 -184.907
7 23 -224.189
7 24 -268.786
7 25 -318.828
7 26 -374.23
7 27 -434.852
7 28 -500.347
7 29 -570.304
7 30 -644.121
7 31 -721.149
7 32 -800.59
7 33 -881.636
7 34 -963.372
7 35 -1044.93
7 36 -1125.38
7 37 -1203.88
7 38 -1279.56
7 39 -1351.71
7 40 -1419.59
7 41 -1482.61
7 42 -1540.21
7 43 -1591.96
7 44 -1637.45
7 45 -1676.41
7 46 -1708.57
7 47 -1733.77
7 48 -1751.85
7 49 -1762.74
7 50 -1766.37
7 51 -1762.74
7 52 -1751.85
7 53 -1733.77
7 54 -1708.57
7 55 -1676.41
7 56 -1637.45
7 57 -1591.96
7 58 -1540.21
7 59 -1482.61
7 60 -1419.59
7 61 -1351.71
7 62 -1279.56
7 63 -1203.88
7 64 -1125.38
7 65 -1044.93
7 66 -963.372
7 67 -881.636
7 68 -800.59
7 69 -721.149
7 70 -644.121
7 71 -570.304
7 72 -500.347
7 73 -434.852
7 74 -374.23
7 75 -318.828
7 76 -268.786
7 77 -224.189
7 78 -184.907
7 79 -150.809
7 80 -121.535
7 81 -96.8164
7 82 -76.1447
7 83 -59.1761
7 84 -45.3798
7 85 -34.3581
7 86 -25.683
7 87 -18.9217
7 88 -13.781
7 89 -9.88092
7 90 -6.99188
7 91 -4.87599
7 92 -3.34842
7 93 -2.25862
7 94 -1.52037
7 95 -0.99684
7 96 -0.648451
7 97 -0.375537
7 98 -0.228393
7 99 -0.0897091
7 100 0

8 0 0
8 1 -0.145039
8 2 -0.33158
8 3 -0.599975
8 4 -0.939192
8 5 -1.49112
8 6 -2.24179
8 7 -3.34842
8 8 -4.92148
8 9 -7.11444
8 10 -10.1356
8 11 -14.25
8 12 -19.737
8 13 -26.9783
8 14 -36.3602
8 15 -48.3557
8 16 -63.4472
8 17 -82.1864
8 18 -105.096
8 19 -132.723
8 20 -165.588
8 21 -204.091
8 22 -248.682
8 23 -299.51
8 24 -356.829
8 25 -420.5
8 26 -490.452
8 27 -566.265
8 28 -647.488
8 29 -733.441
8 30 -823.341
8 31 -916.294
8 32 -1011.31
8 33 -1107.34
8 34 -1203.35
8 35 -1298.27
8 36 -1391.1
8 37 -1480.86
8 38 -1566.71
8 39 -1647.83
8 40 -1723.58
8 41 -1793.34
8 42 -1856.7
8 43 -1913.19
8 44 -1962.61
8 45 -2004.67
8 46 -2039.26
8 47 -2066.23
8 48 -2085.56
8 49 -2097.15
8 50 -2101.04
8 51 -2097.15
8 52 -2085.56
8 53 -2066.23
8 54 -2039.26
8 55 -2004.67
8 56 -1962.61
8 57 -1913.19
8 58 -1856.7
8 59 -1793.34
8 60 -1723.58
8 61 -1647.83
8 62 -1566.71
8 63 -1480.86
8 64 -1391.1
8 65 -1298.27
8 66 -1203.35
8 67 -1107.34
8 68 -1011.31
8 69 -916.294
8 70 -823.341
8 71 -733.441
8 72 -647.488
8 73 -566.265
8 74 -490.452
8 75 -420.5
8 76 -356.829
8 77 -299.51
8 78 -248.682
8 79 -204.091
8 80 -165.588
8 81 -132.723
8 82 -105.096
8 83 -82.1864
8 84 -63.4472
8 85 -48.3557
8 86 -36.3602
8 87 -26.9783
8 88 -19.737
8 89 -14.25
8 90 -10.1356
8 91 -7.11444
8 92 -4.92148
8 93 -3.34842
8 94 -2.24179
8 95 -1.49112
8 96 -0.939192
8 97 -0.599975
8 98 -0.33158
8 99 -0.145039
8 100 0

9 0 0
9 1 -0.250674
9 2 -0.503019
9 3 -0.854419
9 4 -1.41372
9 5 -2.17088
9 6 -3.29325
9 7 -4.87599
9 8 -7.11444
9 9 -10.2173
9 10 -14.4842
9 11 -20.2375
9 12 -27.8631
9 13 -37.8413
9 14 -50.678
9 15 -66.9453
9 16 -87.2896
9 17 -112.308
9 18 -142.681
9 19 -178.992
9 20 -221.794
9 21 -271.573
9 22 -328.617
9 23 -393.182
9 24 -465.205
9 25 -544.593
9 26 -630.89
9 27 -723.612
9 28 -821.921
9 29 -924.981
9 30 -1031.66
9 31 -1140.88
9 32 -1251.36
9 33 -1361.91
9 34 -1471.26
9 35 -1578.27
9 36 -1681.83
9 37 -1780.97
9 38 -1874.8
9 39 -1962.61
9 40 -2043.81
9 41 -2117.91
9 42 -2184.58
9 43 -2243.59
9 44 -2294.78
9 45 -2338.08
9 46 -2373.47
9 47 -2400.95
9 48 -2420.54
9 49 -2432.29
9 50 -2436.2
9 51 -2432.29
9 52 -2420.54
9 53 -2400.95
9 54 -2373.47
9 55 -2338.08
9 56 -2294.78
9 57 -2243.59
9 58 -2184.58
9 59 -2117.91
9 60 -2043.81
9 61 -1962.61
9 62 -1874.8
9 63 -1780.97
9 64 -1681.83
9 65 -1578.27
9 66 -1471.26
9 67 -1361.91
9 68 -1251.36
9 69 -1140.88
9 70 -1031.66
9 71 -924.981
9 72 -821.921
9 73 -723.612
9 74 -630.89
9 75 -544.593
9 76 -465.205
9 77 -393.182
9 78 -328.617
9 79 -271.573
9 80 -221.794
9 81 -178.992
9 82 -142.681
9 83 -112.308
9 84 -87.2896
9 85 -66.9453
9 86 -50.678
9 87 -37.8413
9 88 -27.8631
9 89 -20.2375
9 90 -14.4842
9 91 -10.2173
9 92 -7.11444
9 93 -4.87599
9 94 -3.29325
9 95 -2.17088
9 96 -1.41372
9 97 -0.854419
9 98 -0.503019
9 99 -0.250674
9 100 0

10 0 0
10 1 -0.345936
10 2 -0.747088
10 3 -1.27547
10 4 -2.04287
10 5 -3.16671
10 6 -4.73123
10 7 -6.99188
10 8 -10.1356
10 9 -14.4842
10 10 -20.4063
10 11 -28.315
10 12 -38.7416
10 13 -52.2687
10 14 -69.5444
10 15 -91.2825
10 16 -118.22
10 17 -151.098
10 18 -190.644
10 19 -237.525
10 20 -292.29
10 21 -355.392
10 22 -427.064
10 23 -507.37
10 24 -596.148
10 25 -692.951
10 26 -797.203
10 27 -907.944
10 28 -1024.22
10 29 -1144.68
10 30 -1268.08
10 31 -1392.9
10 32 -1517.78
10 33 -1641.2
10 34 -1761.88
10 35 -1878.51
10 36 -1990.02
10 37 -2095.44
10 38 -2194.01
10 39 -2285.13
10 40 -2368.35
10 41 -2443.43
10 42 -2510.21
10 43 -2568.68
10 44 -2618.9
10 45 -2660.99
10 46 -2695.12
10 47 -2721.45
10 48 -2740.13
10 49 -2751.29
10 50 -2755
10 51 -2751.29
10 52 -2740.13
10 53 -2721.45
10 54 -2695.12
10 55 -2660.99
10 56 -2618.9
10 57 -2568.68
10 58 -2510.21
10 59 -2443.43
10 60 -2368.35
10 61 -2285.13
10 62 -2194.01
10 63 -2095.44
10 64 -1990.02
10 65 -1878.51
10 66 -1761.88
10 67 -1641.2
10 68 -1517.78
10 69 -1392.9
10 70 -1268.08
10 71 -1144.68
10 72 -1024.22
10 73 -907.944
10 74 -797.203
10 75 -692.951
10 76 -596.148
10 77 -507.37
10 78 -427.064
10 79 -355.392
10 80 -292.29
10 81 -237.525
10 82 -190.644
10 83 -151.098
10 84 -118.22
10 85 -91.2825
10 86 -69.5444
10 87 -52.2687
10 88 -38.7416
10 89 -28.315
10 90 -20.4063
10 91 -14.4842
10 92 -10.1356
10 93 -6.99188
10 94 -4.73123
10 95 -3.16671
10 96 -2.04287
10 97 -1.27547
10 98 -0.747088
10 99 -0.345936
10 100 0

11 0 0
11 1 -0.491126
11 2 -1.0769
11 3 -1.87042
11 4 -2.9489
11 5 -4.4912
11 6 -6.74375
11 7 -9.88092
11 8 -14.25
11 9 -20.2375
11 10 -28.315
11 11 -39.0429
11 12 -53.0775
11 13 -71.1486
11 14 -94.0323
11 15 -122.602
11 16 -157.687
11 17 -200.151
11 18 -250.782
11 19 -310.24
11 20 -379.081
11 21 -457.611
11 22 -545.945
11 23 -643.911
11 24 -751.058
11 25 -866.679
11 26 -989.751
11 27 -1119.08
11 28 -1253.17
11 29 -1390.51
11 30 -1529.34
11 31 -1668.06
11 32 -1804.89
11 33 -1938.36
11 34 -2066.94
11 35 -2189.47
11 36 -2304.82
11 37 -2412.25
11 38 -2511.09
11 39 -2601.06
11 40 -2681.91
11 41 -2753.71
11 42 -2816.57
11 43 -2870.79
11 44 -2916.69
11 45 -2954.68
11 46 -2985.1
11 47 -3008.35
11 48 -3024.7
11 49 -3034.43
11 50 -3037.65
11 51 -3034.43
11 52 -3024.7
11 53 -3008.35
11 54 -2985.1
11 55 -2954.68
11 56 -2916.69
11 57 -2870.79
11 58 -2816.57
11 59 -2753.71
11 60 -2681.91
11 61 -2601.06
11 62 -2511.09
11 63 -2412.25
11 64 -2304.82
11 65 -2189.47
11 66 -2066.94
11 67 -1938.36
11 68 -1804.89
11 69 -1668.06
11 70 -1529.34
11 71 -1390.51
11 72 -1253.17
11 73 -1119.08
11 74 -989.751
11 75 -866.679
11 76 -751.058
11 77 -643.911
11 78 -545.945
11 79 -457.611
11 80 -379.081
11 81 -310.24
11 82 -250.782
11 83 -200.151
11 84 -157.687
11 85 -122.602
11 86 -94.0323
11 87 -71.1486
11 88 -53.0775
11 89 -39.0429
11 90 -28.315
11 91 -20.2375
11 92 -14.25
11 93 -9.88092
11 94 -6.74375
11 95 -4.4912
11 96 -2.9489
11 97 -1.87042
11 98 -1.0769
11 99 -0.491126
11 100 0

12 0 0
12 1 -0.712264
12 2 -1.55336
12 3 -2.64361
12 4 -4.18348
12 5 -6.3599
12 6 -9.44465
12 7 -13.781
12 8 -19.737
12 9 -27.8631
12 10 -38.7416
12 11 -53.0775
12 12 -71.6921
12 13 -95.4372
12 14 -125.29
12 15 -162.215
12 16 -207.192
12 17 -261.136
12 18 -324.857
12 19 -398.981
12 20 -483.946
12 21 -579.891
12 22 -686.668
12 23 -803.81
12 24 -930.48
12 25 -1065.57
12 26 -1207.63
12 27 -1355.01
12 28 -1505.85
12 29 -1658.16
12 30 -1810
12 31 -1959.35
12 32 -2104.46
12 33 -2243.58
12 34 -2375.38
12 35 -2498.61
12 36 -2612.5
12 37 -2716.38
12 38 -2810.03
12 39 -2893.36
12 40 -2966.61
12 41 -3030.11
12 42 -3084.44
12 43 -3130.17
12 44 -3168.02
12 45 -3198.62
12 46 -3222.66
12 47 -3240.69
12 48 -3253.22
12 49 -3260.57
12 50 -3263.01
12 51 -3260.57
12 52 -3253.22
12 53 -3240.69
12 54 -3222.66
12 55 -3198.62
12 56 -3168.02
12 57 -3130.17
12 58 -3084.44
12 59 -3030.11
12 60 -2966.61
12 61 -2893.36
12 62 -2810.03
12 63 -2716.38
12 64 -2612.5
12 65 -2498.61
12 66 -2375.38
12 67 -2243.58
12 68 -2104.46
12 69 -1959.35
12 70 -1810
12 71 -1658.16
12 72 -1505.85
12 73 -1355.01
12 74 -1207.63
12 75 -1065.57
12 76 -930.48
12 77 -803.81
12 78 -686.668
12 79 -579.891
12 80 -483.946
12 81 -398.981
12 82 -324.857
12 83 -261.136
12 84 -207.192
12 85 -162.215
12 86 -125.29
12 87 -95.4372
12 88 -71.6921
12 89 -53.0775
12 90 -38.7416
12 91 -27.8631
12 92 -19.737
12 93 -13.781
12 94 -9.44465
12 95 -6.3599
12 96 -4.18348
12 97 -2.64361
12 98 -1.55336
12 99 -0.712264
12 100 0

13 0 0
13 1 -0.991799
13 2 -2.18159
13 3 -3.74132
13 4 -5.84766
13 5 -8.85377
13 6 -13.0734
13 7 -18.9217
13 8 -26.9783
13 9 -37.8413
13 10 -52.2687
13 11 -71.1486
13 12 -95.4372
13 13 -126.195
13 14 -164.52
13 15 -211.527
13 16 -268.247
13 17 -335.656
13 18 -414.483
13 19 -505.282
13 20 -608.265
13 21 -723.303
13 22 -849.902
13 23 -987.144
13 24 -1133.75
13 25 -1288.09
13 26 -1448.22
13 27 -1611.98
13 28 -1777.09
13 29 -1941.2
13 30 -2102.03
13 31 -2257.44
13 32 -2405.51
13 33 -2544.62
13 34 -2673.45
13 35 -2791.1
13 36 -2896.97
13 37 -2990.88
13 38 -3072.9
13 39 -3143.49
13 40 -3203.25
13 41 -3253.07
13 42 -3293.83
13 43 -3326.64
13 44 -3352.46
13 45 -3372.39
13 46 -3387.24
13 47 -3397.95
13 48 -3405.06
13 49 -3409.17
13 50 -3410.46
13 51 -3409.17
13 52 -3405.06
13 53 -3397.95
13 54 -3387.24
13 55 -3372.39
13 56 -3352.46
13 57 -3326.64
13 58 -3293.83
13 59 -3253.07
13 60 -3203.25
13 61 -3143.49
13 62 -3072.9
13 63 -2990.88
13 64 -2896.97
13 65 -2791.1
13 66 -2673.45
13 67 -2544.62
13 68 -2405.51
13 69 -2257.44
13 70 -2102.03
13 71 -1941.2
13 72 -1777.09
13 73 -1611.98
13 74 -1448.22
13 75 -1288.09
13 76 -1133.75
13 77 -987.144
13 78 -849.902
13 79 -723.303
13 80 -608.265
13 81 -505.282
13 82 -414.483
13 83 -335.656
13 84 -268.247
13 85 -211.527
13 86 -164.52
13 87 -126.195
13 88 -95.4372
13 89 -71.1486
13 90 -52.2687
13 91 -37.8413
13 92 -26.9783
13 93 -18.9217
13 94 -13.0734
13 95 -8.85377
13 96 -5.84766
13 97 -3.74132
13 98 -2.18159
13 99 -0.991799
13 100 0

14 0 0
14 1 -1.39402
14 2 -3.04123
14 3 -5.16843
14 4 -8.09332
14 5 -12.1449
14 6 -17.8315
14 7 -25.683
14 8 -36.3602
14 9 -50.678
14 10 -69.5444
14 11 -94.0323
14 12 -125.29
14 13 -164.52
14 14 -212.993
14 15 -271.869
14 16 -342.275
14 17 -425.099
14 18 -520.995
14 19 -630.275
14 20 -752.858
14 21 -888.205
14 22 -1035.35
14 23 -1192.84
14 24 -1358.82
14 25 -1531.06
14 26 -1707.07
14 27 -1884.19
14 28 -2059.68
14 29 -2230.88
14 30 -2395.27
14 31 -2550.64
14 32 -2695.09
14 33 -2827.16
14 34 -2945.81
14 35 -3050.48
14 36 -3141.06
14 37 -3217.8
14 38 -3281.38
14 39 -3332.69
14 40 -3372.99
14 41 -3403.54
14 42 -3425.85
14 43 -3441.3
14 44 -3451.39
14 45 -3457.38
14 46 -3460.56
14 47 -3461.87
14 48 -3462.22
14 49 -3462.16
14 50 -3462.12
14 51 -3462.16
14 52 -3462.22
14 53 -3461.87
14 54 -3460.56
14 55 -3457.38
14 56 -3451.39
14 57 -3441.3
14 58 -3425.85
14 59 -3403.54
14 60 -3372.99
14 61 -3332.69
14 62 -3281.38
14 63 -3217.8
14 64 -3141.06
14 65 -3050.48
14 66 -2945.81
14 67 -2827.16
14 68 -2695.09
14 69 -2550.64
14 70 -2395.27
14 71 -2230.88
14 72 -2059.68
14 73 -1884.19
14 74 -1707.07
14 75 -1531.06
14 76 -1358.82
14 77 -1192.84
14 78 -1035.35
14 79 -888.205
14 80 -752.858
14 81 -630.275
14 82 -520.995
14 83 -425.099
14 84 -342.275
14 85 -271.869
14 86 -212.993
14 87 -164.52
14 88 -125.29
14 89 -94.0323
14 90 -69.5444
14 91 -50.678
14 92 -36.3602
14 93 -25.683
14 94 -17.8315
14 95 -12.1449
14 96 -8.09332
14 97 -5.16843
14 98 -3.04123
14 99 -1.39402
14 100 0

15 0 0
15 1 -1.93867
15 2 -4.17291
15 3 -7.06529
15 4 -11.0011
15 5 -16.4838
15 6 -24.0115
15 7 -34.3581
15 8 -48.3557
15 9 -66.9453
15 10 -91.2825
15 11 -122.602
15 12 -162.216
15 13 -211.527
15 14 -271.869
15 15 -344.504
15 16 -430.49
15 17 -530.624
15 18 -645.307
15 19 -774.547
15 20 -917.785
15 21 -1074
15 22 -1241.58
15 23 -1418.45
15 24 -1602.09
15 25 -1789.62
15 26 -1977.97
15 27 -2163.96
15 28 -2344.48
15 29 -2516.61
15 30 -2677.73
15 31 -2825.67
15 32 -2958.74
15 33 -3075.78
15 34 -3176.22
15 35 -3259.98
15 36 -3327.55
15 37 -3379.81
15 38 -3418.05
15 39 -3443.8
15 40 -3458.86
15 41 -3465.08
15 42 -3464.38
15 43 -3458.67
15 44 -3449.71
15 45 -3439.15
15 46 -3428.43
15 47 -3418.79
15 48 -3411.19
15 49 -3406.35
15 50 -3404.68
15 51 -3406.35
15 52 -3411.19
15 53 -3418.79
15 54 -3428.43
15 55 -3439.15
15 56 -3449.71
15 57 -3458.67
15 58 -3464.38
15 59 -3465.08
15 60 -3458.86
15 61 -3443.8
15 62 -3418.05
15 63 -3379.81
15 64 -3327.55
15 65 -3259.98
15 66 -3176.22
15 67 -3075.78
15 68 -2958.74
15 69 -2825.67
15 70 -2677.73
15 71 -2516.61
15 72 -2344.48
15 73 -2163.96
15 74 -1977.97
15 75 -1789.62
15 76 -1602.09
15 77 -1418.45
15 78 -1241.58
15 79 -1074
15 80 -917.785
15 81 -774.547
15 82 -645.307
15 83 -530.624
15 84 -430.49
15 85 -344.504
15 86 -271.869
15 87 -211.527
15 88 -162.216
15 89 -122.602
15 90 -91.2825
15 91 -66.9453
15 92 -48.3557
15 93 -34.3581
15 94 -24.0115
15 95 -16.4838
15 96 -11.0011
15 97 -7.06529
15 98 -4.17291
15 99 -1.93867
15 100 0

16 0 0
16 1 -2.61992
16 2 -5.65699
16 3 -9.54338
16 4 -14.8085
16 5 -22.0032
16 6 -31.9185
16 7 -45.3798
16 8 -63.4472
16 9 -87.2896
16 10 -118.22
16 11 -157.687
16 12 -207.192
16 13 -268.247
16 14 -342.275
16 15 -430.49
16 16 -533.87
16 17 -652.935
16 18 -787.787
16 19 -937.911
16 20 -1102.22
16 21 -1279
16 22 -1465.93
16 23 -1660.17
16 24 -1858.49
16 25 -2057.31
16 26 -2253.01
16 27 -2441.96
16 28 -2620.75
16 29 -2786.36
16 30 -2936.21
16 31 -3068.38
16 32 -3181.52
16 33 -3275.03
16 34 -3348.9
16 35 -3403.78
16 36 -3440.82
16 37 -3461.66
16 38 -3468.26
16 39 -3462.83
16 40 -3447.74
16 41 -3425.39
16 42 -3398.16
16 43 -3368.31
16 44 -3337.93
16 45 -3308.9
16 46 -3282.87
16 47 -3261.18
16 48 -3244.92
16 49 -3234.85
16 50 -3231.44
16 51 -3234.85
16 52 -3244.92
16 53 -3261.18
16 54 -3282.87
16 55 -3308.9
16 56 -3337.93
16 57 -3368.31
16 58 -3398.16
16 59 -3425.39
16 60 -3447.74
16 61 -3462.83
16 62 -3468.26
16 63 -3461.66
16 64 -3440.82
16 65 -3403.78
16 66 -3348.9
16 67 -3275.03
16 68 -3181.52
16 69 -3068.38
16 70 -2936.21
16 71 -2786.36
16 72 -2620.75
16 73 -2441.96
16 74 -2253.01
16 75 -2057.31
16 76 -1858.49
16 77 -1660.17
16 78 -1465.93
16 79 -1279
16 80 -1102.22
16 81 -937.911
16 82 -787.787
16 83 -652.935
16 84 -533.87
16 85 -430.49
16 86 -342.275
16 87 -268.247
16 88 -207.192
16 89 -157.687
16 90 -118.22
16 91 -87.2896
16 92 -63.4472
16 93 -45.3798
16 94 -31.9185
16 95 -22.0032
16 96 -14.8085
16 97 -9.54338
16 98 -5.65699
16 99 -2.61992
16 100 0

17 0 0
17 1 -3.5346
17 2 -7.56741
17 3 -12.718
17 4 -19.6252
17 5 -29.054
17 6 -41.8525
17 7 -59.1761
17 8 -82.1865
17 9 -112.308
17 10 -151.098
17 11 -200.151
17 12 -261.136
17 13 -335.656
17 14 -425.099
17 15 -530.624
17 16 -652.935
17 17 -792.235
17 18 -948.094
17 19 -1119.41
17 20 -1304.35
17 21 -1500.42
17 22 -1704.43
17 23 -1912.79
17 24 -2121.43
17 25 -2326.19
17 26 -2522.9
17 27 -2707.59
17 28 -2876.75
17 29 -3027.38
17 30 -3157.2
17 31 -3264.7
17 32 -3349.14
17 33 -3410.61
17 34 -3449.89
17 35 -3468.43
17 36 -3468.23
17 37 -3451.69
17 38 -3421.5
17 39 -3380.55
17 40 -3331.74
17 41 -3277.97
17 42 -3221.98
17 43 -3166.31
17 44 -3113.3
17 45 -3064.97
17 46 -3023.06
17 47 -2988.98
17 48 -2963.86
17 49 -2948.46
17 50 -2943.28
17 51 -2948.46
17 52 -2963.86
17 53 -2988.98
17 54 -3023.06
17 55 -3064.97
17 56 -3113.3
17 57 -3166.31
17 58 -3221.98
17 59 -3277.97
17 60 -3331.74
17 61 -3380.55
17 62 -3421.5
17 63 -3451.69
17 64 -3468.23
17 65 -3468.43
17 66 -3449.89
17 67 -3410.61
17 68 -3349.14
17 69 -3264.7
17 70 -3157.2
17 71 -3027.38
17 72 -2876.75
17 73 -2707.59
17 74 -2522.9
17 75 -2326.19
17 76 -2121.43
17 77 -1912.79
17 78 -1704.43
17 79 -1500.42
17 80 -1304.35
17 81 -1119.41
17 82 -948.094
17 83 -792.235
17 84 -652.935
17 85 -530.624
17 86 -425.099
17 87 -335.656
17 88 -261.136
17 89 -200.151
17 90 -151.098
17 91 -112.308
17 92 -82.1865
17 93 -59.1761
17 94 -41.8525
17 95 -29.054
17 96 -19.6252
17 97 -12.718
17 98 -7.56741
17 99 -3.5346
17 100 0

18 0 0
18 1 -4.66615
18 2 -10.0045
18 3 -16.7369
18 4 -25.712
18 5 -37.829
18 6 -54.2353
18 7 -76.1447
18 8 -105.096
18 9 -142.681
18 10 -190.644
18 11 -250.782
18 12 -324.857
18 13 -414.483
18 14 -520.995
18 15 -645.307
18 16 -787.786
18 17 -948.095
18 18 -1125.19
18 19 -1317.15
18 20 -1521.33
18 21 -1734.27
18 22 -1951.94
18 23 -2169.83
18 24 -2383.19
18 25 -2587.25
18 26 -2777.44
18 27 -2949.66
18 28 -3100.44
18 29 -3227.07
18 30 -3327.81
18 31 -3401.77
18 32 -3449.06
18 33 -3470.63
18 34 -3468.2
18 35 -3444.18
18 36 -3401.41
18 37 -3343.11
18 38 -3272.7
18 39 -3193.64
18 40 -3109.32
18 41 -3023.01
18 42 -2937.69
18 43 -2856.12
18 44 -2780.66
18 45 -2713.42
18 46 -2656.1
18 47 -2610.11
18 48 -2576.51
18 49 -2556.05
18 50 -2549.18
18 51 -2556.05
18 52 -2576.51
18 53 -2610.11
18 54 -2656.1
18 55 -2713.42
18 56 -2780.66
18 57 -2856.12
18 58 -2937.69
18 59 -3023.01
18 60 -3109.32
18 61 -3193.64
18 62 -3272.7
18 63 -3343.11
18 64 -3401.41
18 65 -3444.18
18 66 -3468.2
18 67 -3470.63
18 68 -3449.06
18 69 -3401.77
18 70 -3327.81
18 71 -3227.07
18 72 -3100.44
18 73 -2949.66
18 74 -2777.44
18 75 -2587.25
18 76 -2383.19
18 77 -2169.83
18 78 -1951.94
18 79 -1734.27
18 80 -1521.33
18 81 -1317.15
18 82 -1125.19
18 83 -948.095
18 84 -787.786
18 85 -645.307
18 86 -520.995
18 87 -414.483
18 88 -324.857
18 89 -250.782
18 90 -190.644
18 91 -142.681
18 92 -105.096
18 93 -76.1447
18 94 -54.2353
18 95 -37.829
18 96 -25.712
18 97 -16.7369
18 98 -10.0045
18 99 -4.66615
18 100 0

19 0 0
19 1 -6.09705
19 2 -13.0444
19 3 -21.7716
19 4 -33.2514
19 5 -48.672
19 6 -69.3373
19 7 -96.8164
19 8 -132.723
19 9 -178.992
19 10 -237.525
19 11 -310.24
19 12 -398.981
19 13 -505.282
19 14 -630.275
19 15 -774.547
19 16 -937.911
19 17 -1119.41
19 18 -1317.15
19 19 -1528.33
19 20 -1749.27
19 21 -1975.58
19 22 -2202.22
19 23 -2423.9
19 24 -2635.17
19 25 -2830.84
19 26 -3006.12
19 27 -3156.98
19 28 -3280.26
19 29 -3373.85
19 30 -3436.71
19 31 -3468.92
19 32 -3471.56
19 33 -3446.67
19 34 -3397.01
19 35 -3325.95
19 36 -3237.25
19 37 -3134.91
19 38 -3022.94
19 39 -2905.32
19 40 -2785.78
19 41 -2667.79
19 42 -2554.46
19 43 -2448.52
19 44 -2352.32
19 45 -2267.84
19 46 -2196.66
19 47 -2140.07
19 48 -2098.98
19 49 -2074.08
19 50 -2065.73
19 51 -2074.08
19 52 -2098.98
19 53 -2140.07
19 54 -2196.66
19 55 -2267.84
19 56 -2352.32
19 57 -2448.52
19 58 -2554.46
19 59 -2667.79
19 60 -2785.78
19 61 -2905.32
19 62 -3022.94
19 63 -3134.91
19 64 -3237.25
19 65 -3325.95
19 66 -3397.01
19 67 -3446.67
19 68 -3471.56
19 69 -3468.92
19 70 -3436.71
19 71 -3373.85
19 72 -3280.26
19 73 -3156.98
19 74 -3006.12
19 75 -2830.84
19 76 -2635.17
19 77 -2423.9
19 78 -2202.22
19 79 -1975.58
19 80 -1749.27
19 81 -1528.33
19 82 -1317.15
19 83 -1119.41
19 84 -937.911
19 85 -774.547
19 86 -630.275
19 87 -505.282
19 88 -398.981
19 89 -310.24
19 90 -237.525
19 91 -178.992
19 92 -132.723
19 93 -96.8164
19 94 -69.3373
19 95 -48.672
19 96 -33.2514
19 97 -21.7716
19 98 -13.0444
19 99 -6.09705
19 100 0

20 0 0
20 1 -7.87925
20 2 -16.8219
20 3 -27.9333
20 4 -42.4853
20 5 -61.8497
20 6 -87.6338
20 7 -121.535
20 8 -165.588
20 9 -221.794
20 10 -292.29
20 11 -379.081
20 12 -483.946
20 13 -608.265
20 14 -752.858
20 15 -917.785
20 16 -1102.22
20 17 -1304.35
20 18 -1521.33
20 19 -1749.27
20 20 -1983.48
20 21 -2218.46
20 22 -2448.3
20 23 -2666.92
20 24 -2868.38
20 25 -3047.22
20 26 -3198.71
20 27 -3319.16
20 28 -3406.03
20 29 -3458.03
20 30 -3475.17
20 31 -3458.63
20 32 -3410.75
20 33 -3334.67
20 34 -3234.32
20 35 -3114.01
20 36 -2978.39
20 37 -2832.07
20 38 -2679.62
20 39 -2525.3
20 40 -2373.01
20 41 -2226.25
20 42 -2088.06
20 43 -1960.99
20 44 -1847.19
20 45 -1748.36
20 46 -1665.87
20 47 -1600.74
20 48 -1553.71
20 49 -1525.31
20 50 -1515.81
20 51 -1525.31
20 52 -1553.71
20 53 -1600.74
20 54 -1665.87
20 55 -1748.36
20 56 -1847.19
20 57 -1960.99
20 58 -2088.06
20 59 -2226.25
20 60 -2373.01
20 61 -2525.3
20 62 -2679.62
20 63 -2832.07
20 64 -2978.39
20 65 -3114.01
20 66 -3234.32
20 67 -3334.67
20 68 -3410.75
20 69 -3458.63
20 70 -3475.17
20 71 -3458.03
20 72 -3406.03
20 73 -3319.16
20 74 -3198.71
20 75 -3047.22
20 76 -2868.38
20 77 -2666.92
20 78 -2448.3
20 79 -2218.46
20 80 -1983.48
20 81 -1749.27
20 82 -1521.33
20 83 -1304.35
20 84 -1102.22
20 85 -917.785
20 86 -752.858
20 87 -608.265
20 88 -483.946
20 89 -379.081
20 90 -292.29
20 91 -221.794
20 92 -165.588
20 93 -121.535
20 94 -87.6338
20 95 -61.8497
20 96 -42.4853
20 97 -27.9333
20 98 -16.8219
20 99 -7.87925
20 100 0

21 0 0
21 1 -10.0401
21 2 -21.4049
21 3 -35.454
21 4 -53.6354
21 5 -77.6698
21 6 -109.376
21 7 -150.809
21 8 -204.091
21 9 -271.573
21 10 -355.392
21 11 -457.611
21 12 -579.891
21 13 -723.303
21 14 -888.205
21 15 -1074
21 16 -1279
21 17 -1500.42
21 18 -1734.27
21 19 -1975.58
21 20 -2218.46
21 21 -2456.42
21 22 -2682.73
21 23 -2890.66
21 24 -3073.97
21 25 -3227.23
21 26 -3346.05
21 27 -3427.39
21 28 -3469.62
21 29 -3472.62
21 30 -3437.63
21 31 -3367.21
21 32 -3264.96
21 33 -3135.32
21 34 -2983.27
21 35 -2814.09
21 36 -2633.09
21 37 -2445.46
21 38 -2256
21 39 -2069.12
21 40 -1888.66
21 41 -1717.96
21 42 -1559.73
21 43 -1416.23
21 44 -1289.18
21 45 -1179.96
21 46 -1089.5
21 47 -1018.55
21 48 -967.562
21 49 -936.871
21 50 -926.61
21 51 -936.871
21 52 -967.562
21 53 -1018.55
21 54 -1089.5
21 55 -1179.96
21 56 -1289.18
21 57 -1416.23
21 58 -1559.73
21 59 -1717.96
21 60 -1888.66
21 61 -2069.12
21 62 -2256
21 63 -2445.46
21 64 -2633.09
21 65 -2814.09
21 66 -2983.27
21 67 -3135.32
21 68 -3264.96
21 69 -3367.21
21 70 -3437.63
21 71 -3472.62
21 72 -3469.62
21 73 -3427.39
21 74 -3346.05
21 75 -3227.23
21 76 -3073.97
21 77 -2890.66
21 78 -2682.73
21 79 -2456.42
21 80 -2218.46
21 81 -1975.58
21 82 -1734.27
21 83 -1500.42
21 84 -1279
21 85 -1074
21 86 -888.205
21 87 -723.303
21 88 -579.891
21 89 -457.611
21 90 -355.392
21 91 -271.573
21 92 -204.091
21 93 -150.809
21 94 -109.376
21 95 -77.6698
21 96 -53.6354
21 97 -35.454
21 98 -21.4049
21 99 -10.0401
21 100 0

22 0 0
22 1 -12.6716
22 2 -26.9386
22 3 -44.4234
22 4 -66.9296
22 5 -96.39
22 6 -134.968
22 7 -184.907
22 8 -248.682
22 9 -328.617
22 10 -427.064
22 11 -545.945
22 12 -686.668
22 13 -849.902
22 14 -1035.35
22 15 -1241.58
22 16 -1465.93
22 17 -1704.43
22 18 -1951.94
22 19 -2202.22
22 20 -2448.3
22 21 -2682.73
22 22 -2898.05
22 23 -3087.15
22 24 -3243.79
22 25 -3362.82
22 26 -3440.57
22 27 -3474.97
22 28 -3465.65
22 29 -3413.84
22 30 -3322.33
22 31 -3195.09
22 32 -3037.16
22 33 -2854.14
22 34 -2652.09
22 35 -2437
22 36 -2214.79
22 37 -1990.85
22 38 -1770.14
22 39 -1556.87
22 40 -1354.65
22 41 -1166.37
22 42 -994.307
22 43 -840.164
22 44 -705.183
22 45 -590.178
22 46 -495.696
22 47 -422.03
22 48 -369.357
22 49 -337.731
22 50 -327.19
22 51 -337.731
22 52 -369.357
22 53 -422.03
22 54 -495.696
22 55 -590.178
22 56 -705.183
22 57 -840.164
22 58 -994.307
22 59 -1166.37
22 60 -1354.65
22 61 -1556.87
22 62 -1770.14
22 63 -1990.85
22 64 -2214.79
22 65 -2437
22 66 -2652.09
22 67 -2854.14
22 68 -3037.16
22 69 -3195.09
22 70 -3322.33
22 71 -3413.84
22 72 -3465.65
22 73 -3474.97
22 74 -3440.57
22 75 -3362.82
22 76 -3243.79
22 77 -3087.15
22 78 -2898.05
22 79 -2682.73
22 80 -2448.3
22 81 -2202.22
22 82 -1951.94
22 83 -1704.43
22 84 -1465.93
22 85 -1241.58
22 86 -1035.35
22 87 -849.902
22 88 -686.668
22 89 -545.945
22 90 -427.064
22 91 -328.617
22 92 -248.682
22 93 -184.907
22 94 -134.968
22 95 -96.39
22 96 -66.9296
22 97 -44.4234
22 98 -26.9386
22 99 -12.6716
22 100 0

23 0 0
23 1 -15.7934
23 2 -33.4934
23 3 -55.056
23 4 -82.5485
23 5 -118.281
23 6 -164.633
23 7 -224.189
23 8 -299.51
23 9 -393.182
23 10 -507.37
23 11 -643.911
23 12 -803.81
23 13 -987.144
23 14 -1192.84
23 15 -1418.45
23 16 -1660.17
23 17 -1912.79
23 18 -2169.83
23 19 -2423.9
23 20 -2666.92
23 21 -2890.66
23 22 -3087.15
23 23 -3249.21
23 24 -3370.85
23 25 -3447.63
23 26 -3476.89
23 27 -3457.91
23 28 -3391.82
23 29 -3281.53
23 30 -3131.38
23 31 -2946.96
23 32 -2734.59
23 33 -2501.09
23 34 -2253.27
23 35 -1997.8
23 36 -1740.8
23 37 -1487.76
23 38 -1243.37
23 39 -1011.51
23 40 -795.249
23 41 -596.886
23 42 -418.027
23 43 -259.738
23 44 -122.585
23 45 -6.8339
23 46 87.5295
23 47 160.618
23 48 212.64
23 49 243.76
23 50 254.124
23 51 243.76
23 52 212.64
23 53 160.618
23 54 87.5295
23 55 -6.8339
23 56 -122.585
23 57 -259.738
23 58 -418.027
23 59 -596.886
23 60 -795.249
23 61 -1011.51
23 62 -1243.37
23 63 -1487.76
23 64 -1740.8
23 65 -1997.8
23 66 -2253.27
23 67 -2501.09
23 68 -2734.59
23 69 -2946.96
23 70 -3131.38
23 71 -3281.53
23 72 -3391.82
23 73 -3457.91
23 74 -3476.89
23 75 -3447.63
23 76 -3370.85
23 77 -3249.21
23 78 -3087.15
23 79 -2890.66
23 80 -2666.92
23 81 -2423.9
23 82 -2169.83
23 83 -1912.79
23 84 -1660.17
23 85 -1418.45
23 86 -1192.84
23 87 -987.144
23 88 -803.81
23 89 -643.911
23 90 -507.37
23 91 -393.182
23 92 -299.51
23 93 -224.189
23 94 -164.633
23 95 -118.281
23 96 -82.5485
23 97 -55.056
23 98 -33.4934
23 99 -15.7934
23 100 0

24 0 0
24 1 -19.464
24 2 -41.1845
24 3 -67.4499
24 4 -100.706
24 5 -143.505
24 6 -198.609
24 7 -268.786
24 8 -356.829
24 9 -465.205
24 10 -596.148
24 11 -751.058
24 12 -930.48
24 13 -1133.75
24 14 -1358.82
24 15 -1602.09
24 16 -1858.49
24 17 -2121.43
24 18 -2383.19
24 19 -2635.17
24 20 -2868.38
24 21 -3073.98
24 22 -3243.79
24 23 -3370.85
24 24 -3449.84
24 25 -3477.34
24 26 -3452.14
24 27 -3375.11
24 28 -3249.17
24 29 -3078.99
24 30 -2870.67
24 31 -2631.24
24 32 -2368.34
24 33 -2089.69
24 34 -1802.79
24 35 -1514.55
24 36 -1231.13
24 37 -957.722
24 38 -698.593
24 39 -456.947
24 40 -235.159
24 41 -34.6973
24 42 143.568
24 43 299.399
24 44 432.883
24 45 544.442
24 46 634.604
24 47 703.961
24 48 753.057
24 49 782.326
24 50 792.05
24 51 782.326
24 52 753.057
24 53 703.961
24 54 634.604
24 55 544.442
24 56 432.883
24 57 299.399
24 58 143.568
24 59 -34.6973
24 60 -235.159
24 61 -456.947
24 62 -698.593
24 63 -957.722
24 64 -1231.13
24 65 -1514.55
24 66 -1802.79
24 67 -2089.69
24 68 -2368.34
24 69 -2631.24
24 70 -2870.67
24 71 -3078.99
24 72 -3249.17
24 73 -3375.11
24 74 -3452.14
24 75 -3477.34
24 76 -3449.84
24 77 -3370.85
24 78 -3243.79
24 79 -3073.98
24 80 -2868.38
24 81 -2635.17
24 82 -2383.19
24 83 -2121.43
24 84 -1858.49
24 85 -1602.09
24 86 -1358.82
24 87 -1133.75
24 88 -930.48
24 89 -751.058
24 90 -596.148
24 91 -465.205
24 92 -356.829
24 93 -268.786
24 94 -198.609
24 95 -143.505
24 96 -100.706
24 97 -67.4499
24 98 -41.1845
24 99 -19.464
24 100 0

25 0 0
25 1 -23.7366
25 2 -50.0823
25 3 -81.7352
25 4 -121.482
25 5 -172.259
25 6 -237.022
25 7 -318.828
25 8 -420.5
25 9 -544.593
25 10 -692.951
25 11 -866.679
25 12 -1065.57
25 13 -1288.09
25 14 -1531.06
25 15 -1789.62
25 16 -2057.31
25 17 -2326.19
25 18 -2587.25
25 19 -2830.84
25 20 -3047.22
25 21 -3227.23
25 22 -3362.82
25 23 -3447.63
25 24 -3477.34
25 25 -3450.02
25 26 -3366.13
25 27 -3228.47
25 28 -3041.87
25 29 -2812.9
25 30 -2549.3
25 31 -2259.57
25 32 -1952.36
25 33 -1636.13
25 34 -1318.66
25 35 -1006.92
25 36 -706.693
25 37 -422.682
25 38 -158.352
25 39 83.8765
25 40 302.599
25 41 497.215
25 42 667.782
25 43 814.856
25 44 939.273
25 45 1042.11
25 46 1124.4
25 47 1187.21
25 48 1231.38
25 49 1257.62
25 50 1266.31
25 51 1257.62
25 52 1231.38
25 53 1187.21
25 54 1124.4
25 55 1042.11
25 56 939.273
25 57 814.856
25 58 667.782
25 59 497.215
25 60 302.599
25 61 83.8765
25 62 -158.352
25 63 -422.682
25 64 -706.693
25 65 -1006.92
25 66 -1318.66
25 67 -1636.13
25 68 -1952.36
25 69 -2259.57
25 70 -2549.3
25 71 -2812.9
25 72 -3041.87
25 73 -3228.47
25 74 -3366.13
25 75 -3450.02
25 76 -3477.34
25 77 -3447.63
25 78 -3362.82
25 79 -3227.23
25 80 -3047.22
25 81 -2830.84
25 82 -2587.25
25 83 -2326.19
25 84 -2057.31
25 85 -1789.62
25 86 -1531.06
25 87 -1288.09
25 88 -1065.57
25 89 -866.679
25 90 -692.951
25 91 -544.593
25 92 -420.5
25 93 -318.828
25 94 -237.022
25 95 -172.259
25 96 -121.482
25 97 -81.7352
25 98 -50.0823
25 99 -23.7366
25 100 0

26 0 0
26 1 -28.6071
26 2 -60.2477
26 3 -97.9977
26 4 -145.033
26 5 -204.561
26 6 -279.906
26 7 -374.23
26 8 -490.452
26 9 -630.89
26 10 -797.203
26 11 -989.751
26 12 -1207.63
26 13 -1448.22
26 14 -1707.07
26 15 -1977.97
26 16 -2253.01
26 17 -2522.9
26 18 -2777.44
26 19 -3006.12
26 20 -3198.71
26 21 -3346.05
26 22 -3440.57
26 23 -3476.89
26 24 -3452.14
26 25 -3366.13
26 26 -3221.35
26 27 -3022.64
26 28 -2776.94
26 29 -2492.61
26 30 -2179.01
26 31 -1845.79
26 32 -1502.45
26 33 -1157.79
26 34 -819.656
26 35 -494.598
26 36 -187.848
26 37 96.7808
26 38 356.737
26 39 590.67
26 40 798.192
26 41 979.699
26 42 1136.19
26 43 1269.01
26 44 1379.77
26 45 1470.07
26 46 1541.52
26 47 1595.49
26 48 1633.18
26 49 1655.42
26 50 1662.79
26 51 1655.42
26 52 1633.18
26 53 1595.49
26 54 1541.52
26 55 1470.07
26 56 1379.77
26 57 1269.01
26 58 1136.19
26 59 979.699
26 60 798.192
26 61 590.67
26 62 356.737
26 63 96.7808
26 64 -187.848
26 65 -494.598
26 66 -819.656
26 67 -1157.79
26 68 -1502.45
26 69 -1845.79
26 70 -2179.01
26 71 -2492.61
26 72 -2776.94
26 73 -3022.64
26 74 -3221.35
26 75 -3366.13
26 76 -3452.14
26 77 -3476.89
26 78 -3440.57
26 79 -3346.05
26 80 -3198.71
26 81 -3006.12
26 82 -2777.44
26 83 -2522.9
26 84 -2253.01
26 85 -1977.97
26 86 -1707.07
26 87 -1448.22
26 88 -1207.63
26 89 -989.751
26 90 -797.203
26 91 -630.89
26 92 -490.452
26 93 -374.23
26 94 -279.906
26 95 -204.561
26 96 -145.033
26 97 -97.9977
26 98 -60.2477
26 99 -28.6071
26 100 0

27 0 0
27 1 -34.1452
27 2 -71.7243
27 3 -116.268
27 4 -171.326
27 5 -240.474
27 6 -327.195
27 7 -434.852
27 8 -566.265
27 9 -723.612
27 10 -907.944
27 11 -1119.08
27 12 -1355.01
27 13 -1611.98
27 14 -1884.19
27 15 -2163.96
27 16 -2441.96
27 17 -2707.59
27 18 -2949.66
27 19 -3156.98
27 20 -3319.16
27 21 -3427.39
27 22 -3474.97
27 23 -3457.91
27 24 -3375.11
27 25 -3228.47
27 26 -3022.65
27 27 -2764.73
27 28 -2463.65
27 29 -2129.55
27 30 -1773.12
27 31 -1404.97
27 32 -1035.03
27 33 -672.19
27 34 -323.877
27 35 3.97465
27 36 307.099
27 37 582.709
27 38 829.425
27 39 1047.05
27 40 1236.27
27 41 1398.55
27 42 1535.72
27 43 1649.98
27 44 1743.51
27 45 1818.51
27 46 1876.91
27 47 1920.48
27 48 1950.55
27 49 1968.2
27 50 1974
27 51 1968.2
27 52 1950.55
27 53 1920.48
27 54 1876.91
27 55 1818.51
27 56 1743.51
27 57 1649.98
27 58 1535.72
27 59 1398.55
27 60 1236.27
27 61 1047.05
27 62 829.425
27 63 582.709
27 64 307.099
27 65 3.97465
27 66 -323.877
27 67 -672.19
27 68 -1035.03
27 69 -1404.97
27 70 -1773.12
27 71 -2129.55
27 72 -2463.65
27 73 -2764.73
27 74 -3022.65
27 75 -3228.47
27 76 -3375.11
27 77 -3457.91
27 78 -3474.97
27 79 -3427.39
27 80 -3319.16
27 81 -3156.98
27 82 -2949.66
27 83 -2707.59
27 84 -2441.96
27 85 -2163.96
27 86 -1884.19
27 87 -1611.98
27 88 -1355.01
27 89 -1119.08
27 90 -907.944
27 91 -723.612
27 92 -566.265
27 93 -434.852
27 94 -327.195
27 95 -240.474
27 96 -171.326
27 97 -116.268
27 98 -71.7243
27 99 -34.1452
27 100 0

28 0 0
28 1 -40.306
28 2 -84.5157
28 3 -136.562
28 4 -200.391
28 5 -279.857
28 6 -378.727
28 7 -500.347
28 8 -647.488
28 9 -821.921
28 10 -1024.22
28 11 -1253.17
28 12 -1505.85
28 13 -1777.09
28 14 -2059.68
