0 0 0
0 1 0
0 2 0
0 3 0
0 4 0
0 5 0
0 6 0
0 7 0
0 8 0
0 9 0
0 10 0
0 11 0
0 12 0
0 13 0
0 14 0
0 15 0
0 16 0
0 17 0
0 18 0
0 19 0
0 20 0
0 21 0
0 22 0
0 23 0
0 24 0
0 25 0
0 26 0
0 27 0
0 28 0
0 29 0
0 30 0
0 31 0
0 32 0
0 33 0
0 34 0
0 35 0
0 36 0
0 37 0
0 38 0
0 39 0
0 40 0
0 41 0
0 42 0
0 43 0
0 44 0
0 45 0
0 46 0
0 47 0
0 48 0
0 49 0
0 50 0
0 51 0
0 52 0
0 53 0
0 54 0
0 55 0
0 56 0
0 57 0
0 58 0
0 59 0
0 60 0
0 61 0
0 62 0
0 63 0
0 64 0
0 65 0
0 66 0
0 67 0
0 68 0
0 69 0
0 70 0
0 71 0
0 72 0
0 73 0
0 74 0
0 75 0
0 76 0
0 77 0
0 78 0
0 79 0
0 80 0
0 81 0
0 82 0
0 83 0
0 84 0
0 85 0
0 86 0
0 87 0
0 88 0
0 89 0
0 90 0
0 91 0
0 92 0
0 93 0
0 94 0
0 95 0
0 96 0
0 97 0
0 98 0
0 99 0
0 100 0

1 0 0
1 1 -0.0532795
1 2 -0.00232002
1 3 -0.0596666
1 4 -0.112951
1 5 -0.15973
1 6 -0.253001
1 7 -0.370194
1 8 -0.521002
1 9 -0.771985
1 10 -1.12141
1 11 -1.57245
1 12 -2.21249
1 13 -3.02774
1 14 -4.09876
1 15 -5.49684
1 16 -7.25747
1 17 -9.48398
1 18 -12.2428
1 19 -15.5909
1 20 -19.6491
1 21 -24.4415
1 22 -30.0798
1 23 -36.6026
1 24 -44.0539
1 25 -52.4872
1 26 -61.8769
1 27 -72.2475
1 28 -83.5343
1 29 -95.6921
1 30 -108.64
1 31 -122.255
1 32 -136.443
1 33 -151.025
1 34 -165.889
1 35 -180.835
1 36 -195.729
1 37 -210.38
1 38 -224.638
1 39 -238.341
1 40 -251.337
1 41 -263.502
1 42 -274.694
1 43 -284.827
1 44 -293.777
1 45 -301.496
1 46 -307.883
1 47 -312.92
1 48 -316.53
1 49 -318.723
1 50 -319.443
1 51 -318.723
1 52 -316.53
1 53 -312.92
1 54 -307.883
1 55 -301.496
1 56 -293.777
1 57 -284.827
1 58 -274.694
1 59 -263.502
1 60 -251.337
1 61 -238.341
1 62 -224.638
1 63 -210.38
1 64 -195.729
1 65 -180.835
1 66 -165.889
1 67 -151.025
1 68 -136.443
1 69 -122.255
1 70 -108.64
1 71 -95.6921
1 72 -83.5343
1 73 -72.2475
1 74 -61.8769
1 75 -52.4872
1 76 -44.0539
1 77 -36.6026
1 78 -30.0798
1 79 -24.4415
1 80 -19.6491
1 81 -15.5909
1 82 -12.2428
1 83 -9.48398
1 84 -7.25747
1 85 -5.49684
1 86 -4.09876
1 87 -3.02774
1 88 -2.21249
1 89 -1.57245
1 90 -1.12141
1 91 -0.771985
1 92 -0.521002
1 93 -0.370194
1 94 -0.253001
1 95 -0.15973
1 96 -0.112951
1 97 -0.0596666
1 98 -0.00232002
1 99 -0.0532795
1 100 0

2 0 0
2 1 -0.00232001
2 2 -0.1089
2 3 -0.130884
2 4 -0.231851
2 5 -0.343889
2 6 -0.525774
2 7 -0.799198
2 8 -1.16192
2 9 -1.69045
2 10 -2.40883
2 11 -3.39187
2 12 -4.71513
2 13 -6.47671
2 14 -8.75858
2 15 -11.7179
2 16 -15.4446
2 17 -20.1229
2 18 -25.8852
2 19 -32.8984
2 20 -41.3258
2 21 -51.3105
2 22 -62.99
2 23 -76.4866
2 24 -91.8642
2 25 -109.201
2 26 -128.475
2 27 -149.678
2 28 -172.706
2 29 -197.442
2 30 -223.708
2 31 -251.278
2 32 -279.912
2 33 -309.303
2 34 -339.165
2 35 -369.15
2 36 -398.946
2 37 -428.208
2 38 -456.623
2 39 -483.881
2 40 -509.693
2 41 -533.802
2 42 -555.963
2 43 -575.981
2 44 -593.661
2 45 -608.87
2 46 -621.465
2 47 -631.369
2 48 -638.484
2 49 -642.783
2 50 -644.212
2 51 -642.783
2 52 -638.484
2 53 -631.369
2 54 -621.465
2 55 -608.87
2 56 -593.661
2 57 -575.981
2 58 -555.963
2 59 -533.802
2 60 -509.693
2 61 -483.881
2 62 -456.623
2 63 -428.208
2 64 -398.946
2 65 -369.15
2 66 -339.165
2 67 -309.303
2 68 -279.912
2 69 -251.278
2 70 -223.708
2 71 -197.442
2 72 -172.706
2 73 -149.678
2 74 -128.475
2 75 -109.201
2 76 -91.8642
2 77 -76.4866
2 78 -62.99
2 79 -51.3105
2 80 -41.3258
2 81 -32.8984
2 82 -25.8852
2 83 -20.1229
2 84 -15.4446
2 85 -11.7179
2 86 -8.75858
2 87 -6.47671
2 88 -4.71513
2 89 -3.39187
2 90 -2.40883
2 91 -1.69045
2 92 -1.16192
2 93 -0.799198
2 94 -0.525774
2 95 -0.343889
2 96 -0.231851
2 97 -0.130884
2 98 -0.1089
2 99 -0.00232001
2 100 0

3 0 0
3 1 -0.0596666
3 2 -0.130884
3 3 -0.279738
3 4 -0.366161
3 5 -0.604425
3 6 -0.90518
3 7 -1.34418
3 8 -1.99982
3 9 -2.86136
3 10 -4.06955
3 11 -5.71161
3 12 -7.90673
3 13 -10.8011
3 14 -14.5854
3 15 -19.3934
3 16 -25.5013
3 17 -33.0743
3 18 -42.3905
3 19 -53.6766
3 20 -67.1661
3 21 -83.0878
3 22 -101.633
3 23 -122.947
3 24 -147.164
3 25 -174.3
3 26 -204.386
3 27 -237.302
3 28 -272.928
3 29 -311.023
3 30 -351.306
3 31 -393.432
3 32 -436.985
3 33 -481.543
3 34 -526.612
3 35 -571.726
3 36 -616.372
3 37 -660.08
3 38 -702.374
3 39 -742.818
3 40 -781.006
3 41 -816.566
3 42 -849.18
3 43 -878.554
3 44 -904.461
3 45 -926.685
3 46 -945.083
3 47 -959.507
3 48 -969.884
3 49 -976.127
3 50 -978.219
3 51 -976.127
3 52 -969.884
3 53 -959.507
3 54 -945.083
3 55 -926.685
3 56 -904.461
3 57 -878.554
3 58 -849.18
3 59 -816.566
3 60 -781.006
3 61 -742.818
3 62 -702.374
3 63 -660.08
3 64 -616.372
3 65 -571.726
3 66 -526.612
3 67 -481.543
3 68 -436.985
3 69 -393.432
3 70 -351.306
3 71 -311.023
3 72 -272.928
3 73 -237.302
3 74 -204.386
3 75 -174.3
3 76 -147.164
3 77 -122.947
3 78 -101.633
3 79 -83.0878
3 80 -67.1661
3 81 -53.6766
3 82 -42.3905
3 83 -33.0743
3 84 -25.5013
3 85 -19.3934
3 86 -14.5854
3 87 -10.8011
3 88 -7.90673
3 89 -5.71161
3 90 -4.06955
3 91 -2.86136
3 92 -1.99982
3 93 -1.34418
3 94 -0.90518
3 95 -0.604425
3 96 -0.366161
3 97 -0.279738
3 98 -0.130884
3 99 -0.0596666
3 100 0

4 0 0
4 1 -0.112951
4 2 -0.231851
4 3 -0.366161
4 4 -0.647403
4 5 -0.954348
4 6 -1.45054
4 7 -2.12091
4 8 -3.1001
4 9 -4.47006
4 10 -6.31375
4 11 -8.84897
4 12 -12.1693
4 13 -16.5489
4 14 -22.1973
4 15 -29.3938
4 16 -38.4314
4 17 -49.639
4 18 -63.2967
4 19 -79.7884
4 20 -99.3478
4 21 -122.322
4 22 -148.903
4 23 -179.293
4 24 -213.606
4 25 -251.854
4 26 -293.998
4 27 -339.866
4 28 -389.211
4 29 -441.699
4 30 -496.873
4 31 -554.266
4 32 -613.269
4 33 -673.317
4 34 -733.729
4 35 -793.889
4 36 -853.128
4 37 -910.838
4 38 -966.425
4 39 -1019.34
4 40 -1069.09
4 41 -1115.23
4 42 -1157.4
4 43 -1195.24
4 44 -1228.52
4 45 -1256.99
4 46 -1280.5
4 47 -1298.9
4 48 -1312.13
4 49 -1320.07
4 50 -1322.73
4 51 -1320.07
4 52 -1312.13
4 53 -1298.9
4 54 -1280.5
4 55 -1256.99
4 56 -1228.52
4 57 -1195.24
4 58 -1157.4
4 59 -1115.23
4 60 -1069.09
4 61 -1019.34
4 62 -966.425
4 63 -910.838
4 64 -853.128
4 65 -793.889
4 66 -733.729
4 67 -673.317
4 68 -613.269
4 69 -554.266
4 70 -496.873
4 71 -441.699
4 72 -389.211
4 73 -339.866
4 74 -293.998
4 75 -251.854
4 76 -213.606
4 77 -179.293
4 78 -148.903
4 79 -122.322
4 80 -99.3478
4 81 -79.7884
4 82 -63.2967
4 83 -49.639
4 84 -38.4314
4 85 -29.3938
4 86 -22.1973
4 87 -16.5489
4 88 -12.1693
4 89 -8.84897
4 90 -6.31375
4 91 -4.47006
4 92 -3.1001
4 93 -2.12091
4 94 -1.45054
4 95 -0.954348
4 96 -0.647403
4 97 -0.366161
4 98 -0.231851
4 99 -0.112951
4 100 0

5 0 0
5 1 -0.15973
5 2 -0.343889
5 3 -0.604425
5 4 -0.954348
5 5 -1.4968
5 6 -2.18658
5 7 -3.24227
5 8 -4.67741
5 9 -6.68867
5 10 -9.44754
5 11 -13.0988
5 12 -17.9713
5 13 -24.2753
5 14 -32.393
5 15 -42.6494
5 16 -55.4594
5 17 -71.1973
5 18 -90.3128
5 19 -113.156
5 20 -140.152
5 21 -171.573
5 22 -207.728
5 23 -248.753
5 24 -294.757
5 25 -345.684
5 26 -401.399
5 27 -461.613
5 28 -525.945
5 29 -593.88
5 30 -664.823
5 31 -738.079
5 32 -812.908
5 33 -888.515
5 34 -964.101
5 35 -1038.86
5 36 -1112.01
5 37 -1182.82
5 38 -1250.61
5 39 -1314.77
5 40 -1374.76
5 41 -1430.1
5 42 -1480.42
5 43 -1525.39
5 44 -1564.76
5 45 -1598.33
5 46 -1625.96
5 47 -1647.54
5 48 -1663
5 49 -1672.29
5 50 -1675.39
5 51 -1672.29
5 52 -1663
5 53 -1647.54
5 54 -1625.96
5 55 -1598.33
5 56 -1564.76
5 57 -1525.39
5 58 -1480.42
5 59 -1430.1
5 60 -1374.76
5 61 -1314.77
5 62 -1250.61
5 63 -1182.82
5 64 -1112.01
5 65 -1038.86
5 66 -964.101
5 67 -888.515
5 68 -812.908
5 69 -738.079
5 70 -664.823
5 71 -593.88
5 72 -525.945
5 73 -461.613
5 74 -401.399
5 75 -345.684
5 76 -294.757
5 77 -248.753
5 78 -207.728
5 79 -171.573
5 80 -140.152
5 81 -113.156
5 82 -90.3128
5 83 -71.1973
5 84 -55.4594
5 85 -42.6494
5 86 -32.393
5 87 -24.2753
5 88 -17.9713
5 89 -13.0988
5 90 -9.44754
5 91 -6.68867
5 92 -4.67741
5 93 -3.24227
5 94 -2.18658
5 95 -1.4968
5 96 -0.954348
5 97 -0.604425
5 98 -0.343889
5 99 -0.15973
5 100 0

6 0 0
6 1 -0.253001
6 2 -0.525774
6 3 -0.90518
6 4 -1.45054
6 5 -2.18658
6 6 -3.29409
6 7 -4.79897
6 8 -6.91952
6 9 -9.79971
6 10 -13.7315
6 11 -18.9612
6 12 -25.816
6 13 -34.7271
6 14 -46.0168
6 15 -60.2583
6 16 -77.8403
6 17 -99.3309
6 18 -125.198
6 19 -155.916
6 20 -191.903
6 21 -233.519
6 22 -280.974
6 23 -334.458
6 24 -393.895
6 25 -459.217
6 26 -530.057
6 27 -606.026
6 28 -686.509
6 29 -770.806
6 30 -858.117
6 31 -947.524
6 32 -1038.11
6 33 -1128.88
6 34 -1218.89
6 35 -1307.2
6 36 -1392.92
6 37 -1475.26
6 38 -1553.48
6 39 -1626.97
6 40 -1695.17
6 41 -1757.7
6 42 -1814.16
6 43 -1864.34
6 44 -1908.01
6 45 -1945.1
6 46 -1975.48
6 47 -1999.15
6 48 -2016.04
6 49 -2026.2
6 50 -2029.57
6 51 -2026.2
6 52 -2016.04
6 53 -1999.15
6 54 -1975.48
6 55 -1945.1
6 56 -1908.01
6 57 -1864.34
6 58 -1814.16
6 59 -1757.7
6 60 -1695.17
6 61 -1626.97
6 62 -1553.48
6 63 -1475.26
6 64 -1392.92
6 65 -1307.2
6 66 -1218.89
6 67 -1128.88
6 68 -1038.11
6 69 -947.524
6 70 -858.117
6 71 -770.806
6 72 -686.509
6 73 -606.026
6 74 -530.057
6 75 -459.217
6 76 -393.895
6 77 -334.458
6 78 -280.974
6 79 -233.519
6 80 -191.903
6 81 -155.916
6 82 -125.198
6 83 -99.3309
6 84 -77.8403
6 85 -60.2583
6 86 -46.0168
6 87 -34.7271
6 88 -25.816
6 89 -18.9612
6 90 -13.7315
6 91 -9.79971
6 92 -6.91952
6 93 -4.79897
6 94 -3.29409
6 95 -2.18658
6 96 -1.45054
6 97 -0.90518
6 98 -0.525774
6 99 -0.253001
6 100 0

7 0 0
7 1 -0.370194
7 2 -0.799198
7 3 -1.34418
7 4 -2.12091
7 5 -3.24227
7 6 -4.79897
7 7 -6.99791
7 8 -9.99118
7 9 -14.1142
7 10 -19.6159
7 11 -26.924
7 12 -36.4474
7 13 -48.6501
7 14 -64.1227
7 15 -83.361
7 16 -107.044
7 17 -135.682
7 18 -169.922
7 19 -210.214
7 20 -257.049
7 21 -310.711
7 22 -371.424
7 23 -439.194
7 24 -513.909
7 25 -595.222
7 26 -682.663
7 27 -775.524
7 28 -873.022
7 29 -974.157
7 30 -1077.92
7 31 -1183.15
7 32 -1288.74
7 33 -1393.51
7 34 -1496.39
7 35 -1596.34
7 36 -1692.43
7 37 -1783.82
7 38 -1869.83
7 39 -1949.88
7 40 -2023.51
7 41 -2090.41
7 42 -2150.33
7 43 -2203.17
7 44 -2248.84
7 45 -2287.37
7 46 -2318.76
7 47 -2343.1
7 48 -2360.43
7 49 -2370.8
7 50 -2374.25
7 51 -2370.8
7 52 -2360.43
7 53 -2343.1
7 54 -2318.76
7 55 -2287.37
7 56 -2248.84
7 57 -2203.17
7 58 -2150.33
7 59 -2090.41
7 60 -2023.51
7 61 -1949.88
7 62 -1869.83
7 63 -1783.82
7 64 -1692.43
7 65 -1596.34
7 66 -1496.39
7 67 -1393.51
7 68 -1288.74
7 69 -1183.15
7 70 -1077.92
7 71 -974.157
7 72 -873.022
7 73 -775.524
7 74 -682.663
7 75 -595.222
7 76 -513.909
7 77 -439.194
7 78 -371.424
7 79 -310.711
7 80 -257.049
7 81 -210.214
7 82 -169.922
7 83 -135.682
7 84 -107.044
7 85 -83.361
7 86 -64.1227
7 87 -48.6501
7 88 -36.4474
7 89 -26.924
7 90 -19.6159
7 91 -14.1142
7 92 -9.99118
7 93 -6.99791
7 94 -4.79897
7 95 -3.24227
7 96 -2.12091
7 97 -1.34418
7 98 -0.799198
7 99 -0.370194
7 100 0

8 0 0
8 1 -0.521001
8 2 -1.16192
8 3 -1.99982
8 4 -3.1001
8 5 -4.67741
8 6 -6.91952
8 7 -9.99118
8 8 -14.2399
8 9 -19.9664
8 10 -27.6015
8 11 -37.6093
8 12 -50.5753
8 13 -67.0685
8 14 -87.7802
8 15 -113.406
8 16 -144.587
8 17 -182.095
8 18 -226.431
8 19 -278.248
8 20 -337.859
8 21 -405.588
8 22 -481.47
8 23 -565.388
8 24 -656.989
8 25 -755.716
8 26 -860.777
8 27 -971.246
8 28 -1085.96
8 29 -1203.73
8 30 -1323.18
8 31 -1443.03
8 32 -1561.88
8 33 -1678.49
8 34 -1791.63
8 35 -1900.27
8 36 -2003.46
8 37 -2100.45
8 38 -2190.62
8 39 -2273.54
8 40 -2348.94
8 41 -2416.64
8 42 -2476.63
8 43 -2528.96
8 44 -2573.77
8 45 -2611.22
8 46 -2641.52
8 47 -2664.84
8 48 -2681.37
8 49 -2691.22
8 50 -2694.51
8 51 -2691.22
8 52 -2681.37
8 53 -2664.84
8 54 -2641.52
8 55 -2611.22
8 56 -2573.77
8 57 -2528.96
8 58 -2476.63
8 59 -2416.64
8 60 -2348.94
8 61 -2273.54
8 62 -2190.62
8 63 -2100.45
8 64 -2003.46
8 65 -1900.27
8 66 -1791.63
8 67 -1678.49
8 68 -1561.88
8 69 -1443.03
8 70 -1323.18
8 71 -1203.73
8 72 -1085.96
8 73 -971.246
8 74 -860.777
8 75 -755.716
8 76 -656.989
8 77 -565.388
8 78 -481.47
8 79 -405.588
8 80 -337.859
8 81 -278.248
8 82 -226.431
8 83 -182.095
8 84 -144.587
8 85 -113.406
8 86 -87.7802
8 87 -67.0685
8 88 -50.5753
8 89 -37.6093
8 90 -27.6015
8 91 -19.9664
8 92 -14.2399
8 93 -9.99118
8 94 -6.91952
8 95 -4.67741
8 96 -3.1001
8 97 -1.99982
8 98 -1.16192
8 99 -0.521001
8 100 0

9 0 0
9 1 -0.771985
9 2 -1.69045
9 3 -2.86136
9 4 -4.47006
9 5 -6.68867
9 6 -9.79971
9 7 -14.1142
9 8 -19.9664
9 9 -27.8268
9 10 -38.2062
9 11 -51.7466
9 12 -69.0965
9 13 -91.0369
9 14 -118.332
9 15 -151.79
9 16 -192.217
9 17 -240.315
9 18 -296.777
9 19 -362.036
9 20 -436.503
9 21 -520.196
9 22 -613.087
9 23 -714.704
9 24 -824.486
9 25 -941.483
9 26 -1064.62
9 27 -1192.58
9 28 -1323.9
9 29 -1457.05
9 30 -1590.45
9 31 -1722.51
9 32 -1851.76
9 33 -1976.8
9 34 -2096.44
9 35 -2209.61
9 36 -2315.54
9 37 -2413.54
9 38 -2503.27
9 39 -2584.46
9 40 -2657.12
9 41 -2721.33
9 42 -2777.34
9 43 -2825.46
9 44 -2866.08
9 45 -2899.57
9 46 -2926.34
9 47 -2946.75
9 48 -2961.1
9 49 -2969.6
9 50 -2972.43
9 51 -2969.6
9 52 -2961.1
9 53 -2946.75
9 54 -2926.34
9 55 -2899.57
9 56 -2866.08
9 57 -2825.46
9 58 -2777.34
9 59 -2721.33
9 60 -2657.12
9 61 -2584.46
9 62 -2503.27
9 63 -2413.54
9 64 -2315.54
9 65 -2209.61
9 66 -2096.44
9 67 -1976.8
9 68 -1851.76
9 69 -1722.51
9 70 -1590.45
9 71 -1457.05
9 72 -1323.9
9 73 -1192.58
9 74 -1064.62
9 75 -941.483
9 76 -824.486
9 77 -714.704
9 78 -613.087
9 79 -520.196
9 80 -436.503
9 81 -362.036
9 82 -296.777
9 83 -240.315
9 84 -192.217
9 85 -151.79
9 86 -118.332
9 87 -91.0369
9 88 -69.0965
9 89 -51.7466
9 90 -38.2062
9 91 -27.8268
9 92 -19.9664
9 93 -14.1142
9 94 -9.79971
9 95 -6.68867
9 96 -4.47006
9 97 -2.86136
9 98 -1.69045
9 99 -0.771985
9 100 0

10 0 0
10 1 -1.12141
10 2 -2.40883
10 3 -4.06955
10 4 -6.31375
10 5 -9.44754
10 6 -13.7315
10 7 -19.6159
10 8 -27.6015
10 9 -38.2062
10 10 -52.1368
10 11 -70.1387
10 12 -93.0311
10 13 -121.71
10 14 -157.102
10 15 -200.086
10 16 -251.561
10 17 -312.251
10 18 -382.766
10 19 -463.544
10 20 -554.679
10 21 -656.149
10 22 -767.434
10 23 -887.918
10 24 -1016.49
10 25 -1151.93
10 26 -1292.67
10 27 -1437.05
10 28 -1583.23
10 29 -1729.36
10 30 -1873.61
10 31 -2014.24
10 32 -2149.66
10 33 -2278.48
10 34 -2399.53
10 35 -2511.95
10 36 -2615.07
10 37 -2708.56
10 38 -2792.29
10 39 -2866.39
10 40 -2931.12
10 41 -2986.97
10 42 -3034.48
10 43 -3074.31
10 44 -3107.1
10 45 -3133.52
10 46 -3154.19
10 47 -3169.65
10 48 -3180.35
10 49 -3186.64
10 50 -3188.71
10 51 -3186.64
10 52 -3180.35
10 53 -3169.65
10 54 -3154.19
10 55 -3133.52
10 56 -3107.1
10 57 -3074.31
10 58 -3034.48
10 59 -2986.97
10 60 -2931.12
10 61 -2866.39
10 62 -2792.29
10 63 -2708.56
10 64 -2615.07
10 65 -2511.95
10 66 -2399.53
10 67 -2278.48
10 68 -2149.66
10 69 -2014.24
10 70 -1873.61
10 71 -1729.36
10 72 -1583.23
10 73 -1437.05
10 74 -1292.67
10 75 -1151.93
10 76 -1016.49
10 77 -887.918
10 78 -767.434
10 79 -656.149
10 80 -554.679
10 81 -463.544
10 82 -382.766
10 83 -312.251
10 84 -251.561
10 85 -200.086
10 86 -157.102
10 87 -121.71
10 88 -93.0311
10 89 -70.1387
10 90 -52.1368
10 91 -38.2062
10 92 -27.6015
10 93 -19.6159
10 94 -13.7315
10 95 -9.44754
10 96 -6.31375
10 97 -4.06955
10 98 -2.40883
10 99 -1.12141
10 100 0

11 0 0
11 1 -1.57245
11 2 -3.39187
11 3 -5.71161
11 4 -8.84897
11 5 -13.0988
11 6 -18.9612
11 7 -26.924
11 8 -37.6093
11 9 -51.7466
11 10 -70.1387
11 11 -93.7012
11 12 -123.426
11 13 -160.35
11 14 -205.491
11 15 -259.848
11 16 -324.29
11 17 -399.539
11 18 -486.089
11 19 -584.168
11 20 -693.681
11 21 -814.17
11 22 -944.862
11 23 -1084.54
11 24 -1231.8
11 25 -1384.78
11 26 -1541.61
11 27 -1700.06
11 28 -1858.05
11 29 -2013.37
11 30 -2164.04
11 31 -2308.19
11 32 -2444.23
11 33 -2570.88
11 34 -2687.13
11 35 -2792.39
11 36 -2886.3
11 37 -2968.91
11 38 -3040.47
11 39 -3101.52
11 40 -3152.77
11 41 -3195.08
11 42 -3229.39
11 43 -3256.7
11 44 -3278
11 45 -3294.21
11 46 -3306.21
11 47 -3314.71
11 48 -3320.36
11 49 -3323.55
11 50 -3324.59
11 51 -3323.55
11 52 -3320.36
11 53 -3314.71
11 54 -3306.21
11 55 -3294.21
11 56 -3278
11 57 -3256.7
11 58 -3229.39
11 59 -3195.08
11 60 -3152.77
11 61 -3101.52
11 62 -3040.47
11 63 -2968.91
11 64 -2886.3
11 65 -2792.39
11 66 -2687.13
11 67 -2570.88
11 68 -2444.23
11 69 -2308.19
11 70 -2164.04
11 71 -2013.37
11 72 -1858.05
11 73 -1700.06
11 74 -1541.61
11 75 -1384.78
11 76 -1231.8
11 77 -1084.54
11 78 -944.862
11 79 -814.17
11 80 -693.681
11 81 -584.168
11 82 -486.089
11 83 -399.539
11 84 -324.29
11 85 -259.848
11 86 -205.491
11 87 -160.35
11 88 -123.426
11 89 -93.7012
11 90 -70.1387
11 91 -51.7466
11 92 -37.6093
11 93 -26.924
11 94 -18.9612
11 95 -13.0988
11 96 -8.84897
11 97 -5.71161
11 98 -3.39187
11 99 -1.57245
11 100 0

12 0 0
12 1 -2.21249
12 2 -4.71513
12 3 -7.90673
12 4 -12.1693
12 5 -17.9714
12 6 -25.816
12 7 -36.4473
12 8 -50.5753
12 9 -69.0965
12 10 -93.0311
12 11 -123.426
12 12 -161.442
12 13 -208.244
12 14 -264.925
12 15 -332.525
12 16 -411.875
12 17 -503.568
12 18 -607.933
12 19 -724.866
12 20 -853.93
12 21 -994.222
12 22 -1144.42
12 23 -1302.88
12 24 -1467.5
12 25 -1636.06
12 26 -1806.02
12 27 -1974.93
12 28 -2140.21
12 29 -2299.56
12 30 -2450.79
12 31 -2592.12
12 32 -2722.02
12 33 -2839.47
12 34 -2943.76
12 35 -3034.69
12 36 -3112.35
12 37 -3177.26
12 38 -3230.17
12 39 -3272.11
12 40 -3304.26
12 41 -3327.93
12 42 -3344.49
12 43 -3355.29
12 44 -3361.64
12 45 -3364.77
12 46 -3365.75
12 47 -3365.5
12 48 -3364.79
12 49 -3364.14
12 50 -3363.89
12 51 -3364.14
12 52 -3364.79
12 53 -3365.5
12 54 -3365.75
12 55 -3364.77
12 56 -3361.64
12 57 -3355.29
12 58 -3344.49
12 59 -3327.93
12 60 -3304.26
12 61 -3272.11
12 62 -3230.17
12 63 -3177.26
12 64 -3112.35
12 65 -3034.69
12 66 -2943.76
12 67 -2839.47
12 68 -2722.02
12 69 -2592.12
12 70 -2450.79
12 71 -2299.56
12 72 -2140.21
12 73 -1974.93
12 74 -1806.02
12 75 -1636.06
12 76 -1467.5
12 77 -1302.88
12 78 -1144.42
12 79 -994.222
12 80 -853.93
12 81 -724.866
12 82 -607.933
12 83 -503.568
12 84 -411.875
12 85 -332.525
12 86 -264.925
12 87 -208.244
12 88 -161.442
12 89 -123.426
12 90 -93.0311
12 91 -69.0965
12 92 -50.5753
12 93 -36.4473
12 94 -25.816
12 95 -17.9714
12 96 -12.1693
12 97 -7.90673
12 98 -4.71513
12 99 -2.21249
12 100 0

13 0 0
13 1 -3.02773
13 2 -6.47671
13 3 -10.8011
13 4 -16.5489
13 5 -24.2752
13 6 -34.7271
13 7 -48.6501
13 8 -67.0684
13 9 -91.0369
13 10 -121.71
13 11 -160.35
13 12 -208.244
13 13 -266.635
13 14 -336.7
13 15 -419.416
13 16 -515.506
13 17 -625.362
13 18 -748.963
13 19 -885.827
13 20 -1034.99
13 21 -1195.01
13 22 -1363.96
13 23 -1539.55
13 24 -1719.11
13 25 -1899.82
13 26 -2078.74
13 27 -2252.93
13 28 -2419.7
13 29 -2576.48
13 30 -2721.25
13 31 -2852.24
13 32 -2968.33
13 33 -3068.74
13 34 -3153.38
13 35 -3222.42
13 36 -3276.64
13 37 -3317.03
13 38 -3345
13 39 -3362.06
13 40 -3369.94
13 41 -3370.39
13 42 -3365.2
13 43 -3356.06
13 44 -3344.61
13 45 -3332.28
13 46 -3320.38
13 47 -3309.97
13 48 -3301.91
13 49 -3296.83
13 50 -3295.09
13 51 -3296.83
13 52 -3301.91
13 53 -3309.97
13 54 -3320.38
13 55 -3332.28
13 56 -3344.61
13 57 -3356.06
13 58 -3365.2
13 59 -3370.39
13 60 -3369.94
13 61 -3362.06
13 62 -3345
13 63 -3317.03
13 64 -3276.64
13 65 -3222.42
13 66 -3153.38
13 67 -3068.74
13 68 -2968.33
13 69 -2852.24
13 70 -2721.25
13 71 -2576.48
13 72 -2419.7
13 73 -2252.93
13 74 -2078.74
13 75 -1899.82
13 76 -1719.11
13 77 -1539.55
13 78 -1363.96
13 79 -1195.01
13 80 -1034.99
13 81 -885.827
13 82 -748.963
13 83 -625.362
13 84 -515.506
13 85 -419.416
13 86 -336.7
13 87 -266.635
13 88 -208.244
13 89 -160.35
13 90 -121.71
13 91 -91.0369
13 92 -67.0684
13 93 -48.6501
13 94 -34.7271
13 95 -24.2752
13 96 -16.5489
13 97 -10.8011
13 98 -6.47671
13 99 -3.02773
13 100 0

14 0 0
14 1 -4.09876
14 2 -8.75858
14 3 -14.5854
14 4 -22.1973
14 5 -32.393
14 6 -46.0168
14 7 -64.1227
14 8 -87.7802
14 9 -118.332
14 10 -157.102
14 11 -205.491
14 12 -264.925
14 13 -336.7
14 14 -421.952
14 15 -521.564
14 16 -636.007
14 17 -765.361
14 18 -909.137
14 19 -1066.32
14 20 -1235.34
14 21 -1414.05
14 22 -1599.85
14 23 -1789.73
14 24 -1980.43
14 25 -2168.56
14 26 -2350.76
14 27 -2523.83
14 28 -2684.89
14 29 -2831.5
14 30 -2961.71
14 31 -3074.19
14 32 -3168.16
14 33 -3243.51
14 34 -3300.62
14 35 -3340.47
14 36 -3364.36
14 37 -3374.06
14 38 -3371.45
14 39 -3358.75
14 40 -3338.07
14 41 -3311.72
14 42 -3281.73
14 43 -3250.21
14 44 -3218.93
14 45 -3189.63
14 46 -3163.64
14 47 -3142.22
14 48 -3126.22
14 49 -3116.38
14 50 -3113.04
14 51 -3116.38
14 52 -3126.22
14 53 -3142.22
14 54 -3163.64
14 55 -3189.63
14 56 -3218.93
14 57 -3250.21
14 58 -3281.73
14 59 -3311.72
14 60 -3338.07
14 61 -3358.75
14 62 -3371.45
14 63 -3374.06
14 64 -3364.36
14 65 -3340.47
14 66 -3300.62
14 67 -3243.51
14 68 -3168.16
14 69 -3074.19
14 70 -2961.71
14 71 -2831.5
14 72 -2684.89
14 73 -2523.83
14 74 -2350.76
14 75 -2168.56
14 76 -1980.43
14 77 -1789.73
14 78 -1599.85
14 79 -1414.05
14 80 -1235.34
14 81 -1066.32
14 82 -909.137
14 83 -765.361
14 84 -636.007
14 85 -521.564
14 86 -421.952
14 87 -336.7
14 88 -264.925
14 89 -205.491
14 90 -157.102
14 91 -118.332
14 92 -87.7802
14 93 -64.1227
14 94 -46.0168
14 95 -32.393
14 96 -22.1973
14 97 -14.5854
14 98 -8.75858
14 99 -4.09876
14 100 0

15 0 0
15 1 -5.49684
15 2 -11.718
15 3 -19.3934
15 4 -29.3938
15 5 -42.6494
15 6 -60.2583
15 7 -83.361
15 8 -113.406
15 9 -151.79
15 10 -200.086
15 11 -259.848
15 12 -332.525
15 13 -419.416
15 14 -521.564
15 15 -639.588
15 16 -773.653
15 17 -923.331
15 18 -1087.57
15 19 -1264.67
15 20 -1452.31
15 21 -1647.56
15 22 -1847.06
15 23 -2047.09
15 24 -2243.78
15 25 -2433.27
15 26 -2611.83
15 27 -2776.18
15 28 -2923.44
15 29 -3051.4
15 30 -3158.51
15 31 -3243.94
15 32 -3307.59
15 33 -3350
15 34 -3372.39
15 35 -3376.37
15 36 -3364.12
15 37 -3337.94
15 38 -3300.52
15 39 -3254.4
15 40 -3202.37
15 41 -3146.89
15 42 -3090.49
15 43 -3035.32
15 44 -2983.45
15 45 -2936.57
15 46 -2896.23
15 47 -2863.57
15 48 -2839.61
15 49 -2824.93
15 50 -2820.02
15 51 -2824.93
15 52 -2839.61
15 53 -2863.57
15 54 -2896.23
15 55 -2936.57
15 56 -2983.45
15 57 -3035.32
15 58 -3090.49
15 59 -3146.89
15 60 -3202.37
15 61 -3254.4
15 62 -3300.52
15 63 -3337.94
15 64 -3364.12
15 65 -3376.37
15 66 -3372.39
15 67 -3350
15 68 -3307.59
15 69 -3243.94
15 70 -3158.51
15 71 -3051.4
15 72 -2923.44
15 73 -2776.18
15 74 -2611.83
15 75 -2433.27
15 76 -2243.78
15 77 -2047.09
15 78 -1847.06
15 79 -1647.56
15 80 -1452.31
15 81 -1264.67
15 82 -1087.57
15 83 -923.331
15 84 -773.653
15 85 -639.588
15 86 -521.564
15 87 -419.416
15 88 -332.525
15 89 -259.848
15 90 -200.086
15 91 -151.79
15 92 -113.406
15 93 -83.361
15 94 -60.2583
15 95 -42.6494
15 96 -29.3938
15 97 -19.3934
15 98 -11.718
15 99 -5.49684
15 100 0

16 0 0
16 1 -7.25748
16 2 -15.4446
16 3 -25.5013
16 4 -38.4314
16 5 -55.4594
16 6 -77.8403
16 7 -107.044
16 8 -144.587
16 9 -192.217
16 10 -251.561
16 11 -324.289
16 12 -411.875
16 13 -515.506
16 14 -636.007
16 15 -773.653
16 16 -928.096
16 17 -1098.31
16 18 -1282.49
16 19 -1478.14
16 20 -1682.06
16 21 -1890.5
16 22 -2099.31
16 23 -2304.05
16 24 -2500.35
16 25 -2683.93
16 26 -2850.97
16 27 -2998.15
16 28 -3122.93
16 29 -3223.49
16 30 -3298.91
16 31 -3349.1
16 32 -3374.76
16 33 -3377.32
16 34 -3358.81
16 35 -3321.73
16 36 -3268.94
16 37 -3203.53
16 38 -3128.61
16 39 -3047.37
16 40 -2962.77
16 41 -2877.72
16 42 -2794.76
16 43 -2716.27
16 44 -2644.24
16 45 -2580.48
16 46 -2526.36
16 47 -2483.13
16 48 -2451.6
16 49 -2432.46
16 50 -2426.01
16 51 -2432.46
16 52 -2451.6
16 53 -2483.13
16 54 -2526.36
16 55 -2580.48
16 56 -2644.24
16 57 -2716.27
16 58 -2794.76
16 59 -2877.72
16 60 -2962.77
16 61 -3047.37
16 62 -3128.61
16 63 -3203.53
16 64 -3268.94
16 65 -3321.73
16 66 -3358.81
16 67 -3377.32
16 68 -3374.76
16 69 -3349.1
16 70 -3298.91
16 71 -3223.49
16 72 -3122.93
16 73 -2998.15
16 74 -2850.97
16 75 -2683.93
16 76 -2500.35
16 77 -2304.05
16 78 -2099.31
16 79 -1890.5
16 80 -1682.06
16 81 -1478.14
16 82 -1282.49
16 83 -1098.31
16 84 -928.096
16 85 -773.653
16 86 -636.007
16 87 -515.506
16 88 -411.875
16 89 -324.289
16 90 -251.561
16 91 -192.217
16 92 -144.587
16 93 -107.044
16 94 -77.8403
16 95 -55.4594
16 96 -38.4314
16 97 -25.5013
16 98 -15.4446
16 99 -7.25748
16 100 0

17 0 0
17 1 -9.48398
17 2 -20.1229
17 3 -33.0743
17 4 -49.639
17 5 -71.1973
17 6 -99.3309
17 7 -135.682
17 8 -182.095
17 9 -240.315
17 10 -312.251
17 11 -399.539
17 12 -503.568
17 13 -625.362
17 14 -765.361
17 15 -923.331
17 16 -1098.31
17 17 -1288.46
17 18 -1491.15
17 19 -1702.92
17 20 -1919.67
17 21 -2136.76
17 22 -2349.25
17 23 -2552.14
17 24 -2740.58
17 25 -2910.15
17 26 -3057.05
17 27 -3178.29
17 28 -3271.78
17 29 -3336.46
17 30 -3372.19
17 31 -3379.85
17 32 -3361.09
17 33 -3318.34
17 34 -3254.53
17 35 -3173.01
17 36 -3077.4
17 37 -2971.35
17 38 -2858.51
17 39 -2742.35
17 40 -2626.13
17 41 -2512.79
17 42 -2404.98
17 43 -2304.96
17 44 -2214.71
17 45 -2135.8
17 46 -2069.61
17 47 -2017.08
17 48 -1979.07
17 49 -1956.02
17 50 -1948.33
17 51 -1956.02
17 52 -1979.07
17 53 -2017.08
17 54 -2069.61
17 55 -2135.8
17 56 -2214.71
17 57 -2304.96
17 58 -2404.98
17 59 -2512.79
17 60 -2626.13
17 61 -2742.35
17 62 -2858.51
17 63 -2971.35
17 64 -3077.4
17 65 -3173.01
17 66 -3254.53
17 67 -3318.34
17 68 -3361.09
17 69 -3379.85
17 70 -3372.19
17 71 -3336.46
17 72 -3271.78
17 73 -3178.29
17 74 -3057.05
17 75 -2910.15
17 76 -2740.58
17 77 -2552.14
17 78 -2349.25
17 79 -2136.76
17 80 -1919.67
17 81 -1702.92
17 82 -1491.15
17 83 -1288.46
17 84 -1098.31
17 85 -923.331
17 86 -765.361
17 87 -625.362
17 88 -503.568
17 89 -399.539
17 90 -312.251
17 91 -240.315
17 92 -182.095
17 93 -135.682
17 94 -99.3309
17 95 -71.1973
17 96 -49.639
17 97 -33.0743
17 98 -20.1229
17 99 -9.48398
17 100 0

18 0 0
18 1 -12.2428
18 2 -25.8852
18 3 -42.3905
18 4 -63.2967
18 5 -90.3129
18 6 -125.198
18 7 -169.922
18 8 -226.431
18 9 -296.777
18 10 -382.766
18 11 -486.089
18 12 -607.933
18 13 -748.963
18 14 -909.137
18 15 -1087.57
18 16 -1282.49
18 17 -1491.15
18 18 -1709.9
18 19 -1934.31
18 20 -2159.28
18 21 -2379.35
18 22 -2588.87
18 23 -2782.36
18 24 -2954.77
18 25 -3101.7
18 26 -3219.69
18 27 -3306.29
18 28 -3360.23
18 29 -3381.34
18 30 -3370.59
18 31 -3329.92
18 32 -3262.1
18 33 -3170.59
18 34 -3059.24
18 35 -2932.23
18 36 -2793.8
18 37 -2648.11
18 38 -2499.13
18 39 -2350.51
18 40 -2205.56
18 41 -2067.17
18 42 -1937.85
18 43 -1819.66
18 44 -1714.33
18 45 -1623.22
18 46 -1547.4
18 47 -1487.67
18 48 -1444.62
18 49 -1418.64
18 50 -1409.96
18 51 -1418.64
18 52 -1444.62
18 53 -1487.67
18 54 -1547.4
18 55 -1623.22
18 56 -1714.33
18 57 -1819.66
18 58 -1937.85
18 59 -2067.17
18 60 -2205.56
18 61 -2350.51
18 62 -2499.13
18 63 -2648.11
18 64 -2793.8
18 65 -2932.23
18 66 -3059.24
18 67 -3170.59
18 68 -3262.1
18 69 -3329.92
18 70 -3370.59
18 71 -3381.34
18 72 -3360.23
18 73 -3306.29
18 74 -3219.69
18 75 -3101.7
18 76 -2954.77
18 77 -2782.36
18 78 -2588.87
18 79 -2379.35
18 80 -2159.28
18 81 -1934.31
18 82 -1709.9
18 83 -1491.15
18 84 -1282.49
18 85 -1087.57
18 86 -909.137
18 87 -748.963
18 88 -607.933
18 89 -486.089
18 90 -382.766
18 91 -296.777
18 92 -226.431
18 93 -169.922
18 94 -125.198
18 95 -90.3129
18 96 -63.2967
18 97 -42.3905
18 98 -25.8852
18 99 -12.2428
18 100 0

19 0 0
19 1 -15.5909
19 2 -32.8984
19 3 -53.6766
19 4 -79.7884
19 5 -113.156
19 6 -155.916
19 7 -210.214
19 8 -278.248
19 9 -362.036
19 10 -463.544
19 11 -584.168
19 12 -724.866
19 13 -885.828
19 14 -1066.32
19 15 -1264.67
19 16 -1478.14
19 17 -1702.92
19 18 -1934.31
19 19 -2166.8
19 20 -2394.37
19 21 -2610.79
19 22 -2809.84
19 23 -2985.8
19 24 -3133.62
19 25 -3249.26
19 26 -3329.86
19 27 -3373.84
19 28 -3380.98
19 29 -3352.28
19 30 -3289.97
19 31 -3197.19
19 32 -3077.89
19 33 -2936.54
19 34 -2777.91
19 35 -2606.85
19 36 -2428.09
19 37 -2246.13
19 38 -2065.05
19 39 -1888.5
19 40 -1719.65
19 41 -1561.13
19 42 -1415.14
19 43 -1283.39
19 44 -1167.24
19 45 -1067.69
19 46 -985.469
19 47 -921.087
19 48 -874.897
19 49 -847.1
19 50 -837.828
19 51 -847.1
19 52 -874.897
19 53 -921.087
19 54 -985.469
19 55 -1067.69
19 56 -1167.24
19 57 -1283.39
19 58 -1415.14
19 59 -1561.13
19 60 -1719.65
19 61 -1888.5
19 62 -2065.05
19 63 -2246.13
19 64 -2428.09
19 65 -2606.85
19 66 -2777.91
19 67 -2936.54
19 68 -3077.89
19 69 -3197.19
19 70 -3289.97
19 71 -3352.28
19 72 -3380.98
19 73 -3373.84
19 74 -3329.86
19 75 -3249.26
19 76 -3133.62
19 77 -2985.8
19 78 -2809.84
19 79 -2610.79
19 80 -2394.37
19 81 -2166.8
19 82 -1934.31
19 83 -1702.92
19 84 -1478.14
19 85 -1264.67
19 86 -1066.32
19 87 -885.828
19 88 -724.866
19 89 -584.168
19 90 -463.544
19 91 -362.036
19 92 -278.248
19 93 -210.214
19 94 -155.916
19 95 -113.156
19 96 -79.7884
19 97 -53.6766
19 98 -32.8984
19 99 -15.5909
19 100 0

20 0 0
20 1 -19.6491
20 2 -41.3258
20 3 -67.1661
20 4 -99.3478
20 5 -140.152
20 6 -191.903
20 7 -257.049
20 8 -337.859
20 9 -436.503
20 10 -554.679
20 11 -693.68
20 12 -853.93
20 13 -1034.99
20 14 -1235.34
20 15 -1452.31
20 16 -1682.06
20 17 -1919.67
20 18 -2159.28
20 19 -2394.37
20 20 -2618.07
20 21 -2823.47
20 22 -3004.06
20 23 -3154.11
20 24 -3268.9
20 25 -3345.04
20 26 -3380.61
20 27 -3375.2
20 28 -3329.86
20 29 -3247.01
20 30 -3130.21
20 31 -2983.93
20 32 -2813.24
20 33 -2623.6
20 34 -2420.5
20 35 -2209.33
20 36 -1995.12
20 37 -1782.46
20 38 -1575.34
20 39 -1377.19
20 40 -1190.81
20 41 -1018.42
20 42 -861.728
20 43 -721.965
20 44 -599.99
20 45 -496.357
20 46 -411.385
20 47 -345.244
20 48 -297.997
20 49 -269.653
20 50 -260.209
20 51 -269.653
20 52 -297.997
20 53 -345.244
20 54 -411.385
20 55 -496.357
20 56 -599.99
20 57 -721.965
20 58 -861.728
20 59 -1018.42
20 60 -1190.81
20 61 -1377.19
20 62 -1575.34
20 63 -1782.46
20 64 -1995.12
20 65 -2209.33
20 66 -2420.5
20 67 -2623.6
20 68 -2813.24
20 69 -2983.93
20 70 -3130.21
20 71 -3247.01
20 72 -3329.86
20 73 -3375.2
20 74 -3380.61
20 75 -3345.04
20 76 -3268.9
20 77 -3154.11
20 78 -3004.06
20 79 -2823.47
20 80 -2618.07
20 81 -2394.37
20 82 -2159.28
20 83 -1919.67
20 84 -1682.06
20 85 -1452.31
20 86 -1235.34
20 87 -1034.99
20 88 -853.93
20 89 -693.68
20 90 -554.679
20 91 -436.503
20 92 -337.859
20 93 -257.049
20 94 -191.903
20 95 -140.152
20 96 -99.3478
20 97 -67.1661
20 98 -41.3258
20 99 -19.6491
20 100 0

21 0 0
21 1 -24.4415
21 2 -51.3105
21 3 -83.0878
21 4 -122.322
21 5 -171.573
21 6 -233.519
21 7 -310.711
21 8 -405.588
21 9 -520.196
21 10 -656.149
21 11 -814.17
21 12 -994.222
21 13 -1195.01
21 14 -1414.05
21 15 -1647.56
21 16 -1890.5
21 17 -2136.76
21 18 -2379.35
21 19 -2610.79
21 20 -2823.47
21 21 -3010.09
21 22 -3164.1
21 23 -3280.06
21 24 -3353.93
21 25 -3383.32
21 26 -3367.56
21 27 -3307.64
21 28 -3206.18
21 29 -3067.08
21 30 -2895.36
21 31 -2696.72
21 32 -2477.36
21 33 -2243.47
21 34 -2001.18
21 35 -1756.11
21 36 -1513.39
21 37 -1277.43
21 38 -1051.93
21 39 -839.825
21 40 -643.391
21 41 -464.251
21 42 -303.481
21 43 -161.724
21 44 -39.2618
21 45 63.8666
21 46 147.789
21 47 212.716
21 48 258.887
21 49 286.494
21 50 295.683
21 51 286.494
21 52 258.887
21 53 212.716
21 54 147.789
21 55 63.8666
21 56 -39.2618
21 57 -161.724
21 58 -303.481
21 59 -464.251
21 60 -643.391
21 61 -839.825
21 62 -1051.93
21 63 -1277.43
21 64 -1513.39
21 65 -1756.11
21 66 -2001.18
21 67 -2243.47
21 68 -2477.36
21 69 -2696.72
21 70 -2895.36
21 71 -3067.08
21 72 -3206.18
21 73 -3307.64
21 74 -3367.56
21 75 -3383.32
21 76 -3353.93
21 77 -3280.06
21 78 -3164.1
21 79 -3010.09
21 80 -2823.47
21 81 -2610.79
21 82 -2379.35
21 83 -2136.76
21 84 -1890.5
21 85 -1647.56
21 86 -1414.05
21 87 -1195.01
21 88 -994.222
21 89 -814.17
21 90 -656.149
21 91 -520.196
21 92 -405.588
21 93 -310.711
21 94 -233.519
21 95 -171.573
21 96 -122.322
21 97 -83.0878
21 98 -51.3105
21 99 -24.4415
21 100 0

22 0 0
22 1 -30.0798
22 2 -62.99
22 3 -101.633
22 4 -148.903
22 5 -207.728
22 6 -280.973
22 7 -371.424
22 8 -481.47
22 9 -613.087
22 10 -767.434
22 11 -944.862
22 12 -1144.42
22 13 -1363.96
22 14 -1599.85
22 15 -1847.06
22 16 -2099.31
22 17 -2349.25
22 18 -2588.87
22 19 -2809.84
22 20 -3004.06
22 21 -3164.1
22 22 -3283.67
22 23 -3358
22 24 -3384.07
22 25 -3360.85
22 26 -3289.17
22 27 -3171.72
22 28 -3012.75
22 29 -2817.78
22 30 -2593.2
22 31 -2345.93
22 32 -2083.01
22 33 -1811.3
22 34 -1537.16
22 35 -1266.29
22 36 -1003.58
22 37 -753.052
22 38 -517.806
22 39 -300.173
22 40 -101.657
22 41 76.8131
22 42 234.902
22 43 372.626
22 44 490.327
22 45 588.503
22 46 667.747
22 47 728.651
22 48 771.733
22 49 797.411
22 50 805.939
22 51 797.411
22 52 771.733
22 53 728.651
22 54 667.747
22 55 588.503
22 56 490.327
22 57 372.626
22 58 234.902
22 59 76.8131
22 60 -101.657
22 61 -300.173
22 62 -517.806
22 63 -753.052
22 64 -1003.58
22 65 -1266.29
22 66 -1537.16
22 67 -1811.3
22 68 -2083.01
22 69 -2345.93
22 70 -2593.2
22 71 -2817.78
22 72 -3012.75
22 73 -3171.72
22 74 -3289.17
22 75 -3360.85
22 76 -3384.07
22 77 -3358
22 78 -3283.67
22 79 -3164.1
22 80 -3004.06
22 81 -2809.84
22 82 -2588.87
22 83 -2349.25
22 84 -2099.31
22 85 -1847.06
22 86 -1599.85
22 87 -1363.96
22 88 -1144.42
22 89 -944.862
22 90 -767.434
22 91 -613.087
22 92 -481.47
22 93 -371.424
22 94 -280.973
22 95 -207.728
22 96 -148.903
22 97 -101.633
22 98 -62.99
22 99 -30.0798
22 100 0

23 0 0
23 1 -36.6027
23 2 -76.4866
23 3 -122.947
23 4 -179.293
23 5 -248.753
23 6 -334.458
23 7 -439.194
23 8 -565.388
23 9 -714.704
23 10 -887.918
23 11 -1084.54
23 12 -1302.88
23 13 -1539.55
23 14 -1789.73
23 15 -2047.1
23 16 -2304.05
23 17 -2552.14
23 18 -2782.36
23 19 -2985.8
23 20 -3154.11
23 21 -3280.06
23 22 -3358
23 23 -3384.18
23 24 -3357
23 25 -3277.03
23 26 -3146.91
23 27 -2971.14
23 28 -2755.71
23 29 -2507.68
23 30 -2234.77
23 31 -1944.87
23 32 -1645.71
23 33 -1344.42
23 34 -1047.42
23 35 -760.108
23 36 -486.912
23 37 -231.151
23 38 4.78448
23 39 219.456
23 40 412.156
23 41 582.811
23 42 731.842
23 43 859.961
23 44 968.156
23 45 1057.41
23 46 1128.8
23 47 1183.22
23 48 1221.51
23 49 1244.22
23 50 1251.76
23 51 1244.22
23 52 1221.51
23 53 1183.22
23 54 1128.8
23 55 1057.41
23 56 968.156
23 57 859.961
23 58 731.842
23 59 582.811
23 60 412.156
23 61 219.456
23 62 4.78448
23 63 -231.151
23 64 -486.912
23 65 -760.108
23 66 -1047.42
23 67 -1344.42
23 68 -1645.71
23 69 -1944.87
23 70 -2234.77
23 71 -2507.68
23 72 -2755.71
23 73 -2971.14
23 74 -3146.91
23 75 -3277.03
23 76 -3357
23 77 -3384.18
23 78 -3358
23 79 -3280.06
23 80 -3154.11
23 81 -2985.8
23 82 -2782.36
23 83 -2552.14
23 84 -2304.05
23 85 -2047.1
23 86 -1789.73
23 87 -1539.55
23 88 -1302.88
23 89 -1084.54
23 90 -887.918
23 91 -714.704
23 92 -565.388
23 93 -439.194
23 94 -334.458
23 95 -248.753
23 96 -179.293
23 97 -122.947
23 98 -76.4866
23 99 -36.6027
23 100 0

24 0 0
24 1 -44.0539
24 2 -91.8642
24 3 -147.164
24 4 -213.605
24 5 -294.757
24 6 -393.895
24 7 -513.909
24 8 -656.989
24 9 -824.486
24 10 -1016.49
24 11 -1231.8
24 12 -1467.5
24 13 -1719.11
24 14 -1980.43
24 15 -2243.78
24 16 -2500.35
24 17 -2740.58
24 18 -2954.77
24 19 -3133.62
24 20 -3268.9
24 21 -3353.93
24 22 -3384.07
24 23 -3357
24 24 -3272.8
24 25 -3133.95
24 26 -2945.04
24 27 -2712.49
24 28 -2443.96
24 29 -2148.01
24 30 -1833.42
24 31 -1508.84
24 32 -1182.33
24 33 -861.076
24 34 -551.131
24 35 -257.378
24 36 16.5441
24 37 268.163
24 38 496.06
24 39 699.734
24 40 879.397
24 41 1035.87
24 42 1170.28
24 43 1284.11
24 44 1378.83
24 45 1455.99
24 46 1516.97
24 47 1563.04
24 48 1595.18
24 49 1614.17
24 50 1620.44
24 51 1614.17
24 52 1595.18
24 53 1563.04
24 54 1516.97
24 55 1455.99
24 56 1378.83
24 57 1284.11
24 58 1170.28
24 59 1035.87
24 60 879.397
24 61 699.734
24 62 496.06
24 63 268.163
24 64 16.5441
24 65 -257.378
24 66 -551.131
24 67 -861.076
24 68 -1182.33
24 69 -1508.84
24 70 -1833.42
24 71 -2148.01
24 72 -2443.96
24 73 -2712.49
24 74 -2945.04
24 75 -3133.95
24 76 -3272.8
24 77 -3357
24 78 -3384.07
24 79 -3353.93
24 80 -3268.9
24 81 -3133.62
24 82 -2954.77
24 83 -2740.58
24 84 -2500.35
24 85 -2243.78
24 86 -1980.43
24 87 -1719.11
24 88 -1467.5
24 89 -1231.8
24 90 -1016.49
24 91 -824.486
24 92 -656.989
24 93 -513.909
24 94 -393.895
24 95 -294.757
24 96 -213.605
24 97 -147.164
24 98 -91.8642
24 99 -44.0539
24 100 0

25 0 0
25 1 -52.4872
25 2 -109.202
25 3 -174.3
25 4 -251.854
25 5 -345.684
25 6 -459.217
25 7 -595.222
25 8 -755.716
25 9 -941.483
25 10 -1151.93
25 11 -1384.78
25 12 -1636.06
25 13 -1899.82
25 14 -2168.56
25 15 -2433.27
25 16 -2683.93
25 17 -2910.15
25 18 -3101.69
25 19 -3249.26
25 20 -3345.04
25 21 -3383.32
25 22 -3360.85
25 23 -3277.03
25 24 -3133.95
25 25 -2936.16
25 26 -2690.32
25 27 -2404.7
25 28 -2088.59
25 29 -1751.76
25 30 -1403.86
25 31 -1053.92
25 32 -710.045
25 33 -379.049
25 34 -66.4117
25 35 223.863
25 36 489.097
25 37 727.876
25 38 939.856
25 39 1125.53
25 40 1286.1
25 41 1423.15
25 42 1538.64
25 43 1634.56
25 44 1712.97
25 45 1775.73
25 46 1824.61
25 47 1861.03
25 48 1886.2
25 49 1900.94
25 50 1905.81
25 51 1900.94
25 52 1886.2
25 53 1861.03
25 54 1824.61
25 55 1775.73
25 56 1712.97
25 57 1634.56
25 58 1538.64
25 59 1423.15
25 60 1286.1
25 61 1125.53
25 62 939.856
25 63 727.876
25 64 489.097
25 65 223.863
25 66 -66.4117
25 67 -379.049
25 68 -710.045
25 69 -1053.92
25 70 -1403.86
25 71 -1751.76
25 72 -2088.59
25 73 -2404.7
25 74 -2690.32
25 75 -2936.16
25 76 -3133.95
25 77 -3277.03
25 78 -3360.85
25 79 -3383.32
25 80 -3345.04
25 81 -3249.26
25 82 -3101.69
25 83 -2910.15
25 84 -2683.93
25 85 -2433.27
25 86 -2168.56
25 87 -1899.82
25 88 -1636.06
25 89 -1384.78
25 90 -1151.93
25 91 -941.483
25 92 -755.716
25 93 -595.222
25 94 -459.217
25 95 -345.684
25 96 -251.854
25 97 -174.3
25 98 -109.202
25 99 -52.4872
25 100 0

26 0 0
26 1 -61.8769
26 2 -128.475
26 3 -204.386
26 4 -293.998
26 5 -401.399
26 6 -530.057
26 7 -682.662
26 8 -860.778
26 9 -1064.62
26 10 -1292.67
26 11 -1541.61
26 12 -1806.02
26 13 -2078.74
26 14 -2350.76
26 15 -2611.83
26 16 -2850.97
26 17 -3057.05
26 18 -3219.69
26 19 -3329.86
26 20 -3380.61
26 21 -3367.56
26 22 -3289.17
26 23 -3146.91
26 24 -2945.04
26 25 -2690.32
26 26 -2391.44
26 27 -2058.44
26 28 -1701.99
26 29 -1332.85
26 30 -961.111
26 31 -595.93
26 32 -245.014
26 33 85.4411
26 34 390.919
26 35 668.469
26 36 916.567
26 37 1135.01
26 38 1324.5
26 39 1486.64
26 40 1623.44
26 41 1737.38
26 42 1830.94
26 43 1906.71
26 44 1967.06
26 45 2014.21
26 46 2050.08
26 47 2076.29
26 48 2094.09
26 49 2104.41
26 50 2107.79
26 51 2104.41
26 52 2094.09
26 53 2076.29
26 54 2050.08
26 55 2014.21
26 56 1967.06
26 57 1906.71
26 58 1830.94
26 59 1737.38
26 60 1623.44
26 61 1486.64
26 62 1324.5
26 63 1135.01
26 64 916.567
26 65 668.469
26 66 390.919
26 67 85.4411
26 68 -245.014
26 69 -595.93
26 70 -961.111
26 71 -1332.85
26 72 -1701.99
26 73 -2058.44
26 74 -2391.44
26 75 -2690.32
26 76 -2945.04
26 77 -3146.91
26 78 -3289.17
26 79 -3367.56
26 80 -3380.61
26 81 -3329.86
26 82 -3219.69
26 83 -3057.05
26 84 -2850.97
26 85 -2611.83
26 86 -2350.76
26 87 -2078.74
26 88 -1806.02
26 89 -1541.61
26 90 -1292.67
26 91 -1064.62
26 92 -860.778
26 93 -682.662
26 94 -530.057
26 95 -401.399
26 96 -293.998
26 97 -204.386
26 98 -128.475
26 99 -61.8769
26 100 0

27 0 0
27 1 -72.2475
27 2 -149.678
27 3 -237.302
27 4 -339.866
27 5 -461.613
27 6 -606.026
27 7 -775.525
27 8 -971.246
27 9 -1192.58
27 10 -1437.05
27 11 -1700.06
27 12 -1974.93
27 13 -2252.93
27 14 -2523.83
27 15 -2776.18
27 16 -2998.15
27 17 -3178.29
27 18 -3306.29
27 19 -3373.84
27 20 -3375.2
27 21 -3307.64
27 22 -3171.72
27 23 -2971.14
27 24 -2712.49
27 25 -2404.7
27 26 -2058.44
27 27 -1685.28
27 28 -1297.04
27 29 -905.044
27 30 -519.559
27 31 -149.375
27 32 198.45
27 33 518.74
27 34 808.127
27 35 1064.9
27 36 1288.88
27 37 1480.98
27 38 1643.12
27 39 1777.78
27 40 1887.88
27 41 1976.47
27 42 2046.62
27 43 2101.23
27 44 2142.98
27 45 2174.26
27 46 2197.07
27 47 2213.11
27 48 2223.63
27 49 2229.59
27 50 2231.5
27 51 2229.59
27 52 2223.63
27 53 2213.11
27 54 2197.07
27 55 2174.26
27 56 2142.98
27 57 2101.23
27 58 2046.62
27 59 1976.47
27 60 1887.88
27 61 1777.78
27 62 1643.12
27 63 1480.98
27 64 1288.88
27 65 1064.9
27 66 808.127
27 67 518.74
27 68 198.45
27 69 -149.375
27 70 -519.559
27 71 -905.044
27 72 -1297.04
27 73 -1685.28
27 74 -2058.44
27 75 -2404.7
27 76 -2712.49
27 77 -2971.14
27 78 -3171.72
27 79 -3307.64
27 80 -3375.2
27 81 -3373.84
27 82 -3306.29
27 83 -3178.29
27 84 -2998.15
27 85 -2776.18
27 86 -2523.83
27 87 -2252.93
27 88 -1974.93
27 89 -1700.06
27 90 -1437.05
27 91 -1192.58
27 92 -971.246
27 93 -775.525
27 94 -606.026
27 95 -461.613
27 96 -339.866
27 97 -237.302
27 98 -149.678
27 99 -72.2475
27 100 0

28 0 0
28 1 -83.5343
28 2 -172.706
28 3 -272.928
28 4 -389.211
28 5 -525.945
28 6 -686.509
28 7 -873.022
28 8 -1085.96
28 9 -1323.9
28 10 -1583.23
28 11 -1858.05
28 12 -2140.21
28 13 -2419.7
28 14 -2684.89
28 15 -2923.44
28 16 -3122.93
28 17 -3271.78
28 18 -3360.23
28 19 -3380.98
