0 0 0
0 1 0
0 2 0
0 3 0
0 4 0
0 5 0
0 6 0
0 7 0
0 8 0
0 9 0
0 10 0
0 11 0
0 12 0
0 13 0
0 14 0
0 15 0
0 16 0
0 17 0
0 18 0
0 19 0
0 20 0
0 21 0
0 22 0
0 23 0
0 24 0
0 25 0
0 26 0
0 27 0
0 28 0
0 29 0
0 30 0
0 31 0
0 32 0
0 33 0
0 34 0
0 35 0
0 36 0
0 37 0
0 38 0
0 39 0
0 40 0
0 41 0
0 42 0
0 43 0
0 44 0
0 45 0
0 46 0
0 47 0
0 48 0
0 49 0
0 50 0
0 51 0
0 52 0
0 53 0
0 54 0
0 55 0
0 56 0
0 57 0
0 58 0
0 59 0
0 60 0
0 61 0
0 62 0
0 63 0
0 64 0
0 65 0
0 66 0
0 67 0
0 68 0
0 69 0
0 70 0
0 71 0
0 72 0
0 73 0
0 74 0
0 75 0
0 76 0
0 77 0
0 78 0
0 79 0
0 80 0
0 81 0
0 82 0
0 83 0
0 84 0
0 85 0
0 86 0
0 87 0
0 88 0
0 89 0
0 90 0
0 91 0
0 92 0
0 93 0
0 94 0
0 95 0
0 96 0
0 97 0
0 98 0
0 99 0
0 100 0

1 0 0
1 1 0
1 2 0
1 3 0
1 4 0
1 5 0
1 6 0
1 7 0
1 8 -0.0411119
1 9 -0.0385023
1 10 -0.0370639
1 11 -0.0751694
1 12 -0.0574899
1 13 -0.124851
1 14 -0.183603
1 15 -0.262404
1 16 -0.405247
1 17 -0.543812
1 18 -0.756458
1 19 -1.02893
1 20 -1.36582
1 21 -1.83015
1 22 -2.39346
1 23 -3.10806
1 24 -3.99397
1 25 -5.04014
1 26 -6.3232
1 27 -7.79502
1 28 -9.5357
1 29 -11.5101
1 30 -13.7526
1 31 -16.2627
1 32 -19.0177
1 33 -22.0381
1 34 -25.2618
1 35 -28.7033
1 36 -32.2868
1 37 -35.9993
1 38 -39.7703
1 39 -43.5529
1 40 -47.2906
1 41 -50.908
1 42 -54.366
1 43 -57.5721
1 44 -60.5049
1 45 -63.0678
1 46 -65.2577
1 47 -66.9845
1 48 -68.2645
1 49 -69.022
1 50 -69.2935
1 51 -69.022
1 52 -68.2645
1 53 -66.9845
1 54 -65.2577
1 55 -63.0678
1 56 -60.5049
1 57 -57.5721
1 58 -54.366
1 59 -50.908
1 60 -47.2906
1 61 -43.5529
1 62 -39.7703
1 63 -35.9993
1 64 -32.2868
1 65 -28.7033
1 66 -25.2618
1 67 -22.0381
1 68 -19.0177
1 69 -16.2627
1 70 -13.7526
1 71 -11.5101
1 72 -9.5357
1 73 -7.79502
1 74 -6.3232
1 75 -5.04014
1 76 -3.99397
1 77 -3.10806
1 78 -2.39346
1 79 -1.83015
1 80 -1.36582
1 81 -1.02893
1 82 -0.756458
1 83 -0.543812
1 84 -0.405247
1 85 -0.262404
1 86 -0.183603
1 87 -0.124851
1 88 -0.0574899
1 89 -0.0751694
1 90 -0.0370639
1 91 -0.0385023
1 92 -0.0411119
1 93 0
1 94 0
1 95 0
1 96 0
1 97 0
1 98 0
1 99 0
1 100 0

2 0 0
2 1 0
2 2 0
2 3 0
2 4 0
2 5 0
2 6 0
2 7 -0.0468484
2 8 -0.0449193
2 9 -0.0628759
2 10 -0.106823
2 11 -0.109642
2 12 -0.204519
2 13 -0.272472
2 14 -0.418401
2 15 -0.601965
2 16 -0.851331
2 17 -1.2
2 18 -1.64682
2 19 -2.25061
2 20 -3.016
2 21 -4.00694
2 22 -5.24099
2 23 -6.78267
2 24 -8.66002
2 25 -10.9341
2 26 -13.6347
2 27 -16.8164
2 28 -20.4962
2 29 -24.7189
2 30 -29.475
2 31 -34.7931
2 32 -40.6299
2 33 -46.9877
2 34 -53.7899
2 35 -61.0043
2 36 -68.5265
2 37 -76.2874
2 38 -84.1631
2 39 -92.0536
2 40 -99.8251
2 41 -107.358
2 42 -114.521
2 43 -121.19
2 44 -127.245
2 45 -132.573
2 46 -137.079
2 47 -140.674
2 48 -143.294
2 49 -144.885
2 50 -145.42
2 51 -144.885
2 52 -143.294
2 53 -140.674
2 54 -137.079
2 55 -132.573
2 56 -127.245
2 57 -121.19
2 58 -114.521
2 59 -107.358
2 60 -99.8251
2 61 -92.0536
2 62 -84.1631
2 63 -76.2874
2 64 -68.5265
2 65 -61.0043
2 66 -53.7899
2 67 -46.9877
2 68 -40.6299
2 69 -34.7931
2 70 -29.475
2 71 -24.7189
2 72 -20.4962
2 73 -16.8164
2 74 -13.6347
2 75 -10.9341
2 76 -8.66002
2 77 -6.78267
2 78 -5.24099
2 79 -4.00694
2 80 -3.016
2 81 -2.25061
2 82 -1.64682
2 83 -1.2
2 84 -0.851331
2 85 -0.601965
2 86 -0.418401
2 87 -0.272472
2 88 -0.204519
2 89 -0.109642
2 90 -0.106823
2 91 -0.0628759
2 92 -0.0449193
2 93 -0.0468484
2 94 0
2 95 0
2 96 0
2 97 0
2 98 0
2 99 0
2 100 0

3 0 0
3 1 0
3 2 0
3 3 0
3 4 0
3 5 0
3 6 -0.0511074
3 7 -0.0501425
3 8 -0.059429
3 9 -0.110975
3 10 -0.146573
3 11 -0.24303
3 12 -0.349323
3 13 -0.526974
3 14 -0.726341
3 15 -1.06825
3 16 -1.47976
3 17 -2.08037
3 18 -2.87482
3 19 -3.88515
3 20 -5.23623
3 21 -6.89172
3 22 -9.01089
3 23 -11.598
3 24 -14.7604
3 25 -18.5694
3 26 -23.0766
3 27 -28.3659
3 28 -34.4737
3 29 -41.4308
3 30 -49.2808
3 31 -57.9722
3 32 -67.5421
3 33 -77.8637
3 34 -88.9369
3 35 -100.584
3 36 -112.743
3 37 -125.211
3 38 -137.861
3 39 -150.481
3 40 -162.895
3 41 -174.896
3 42 -186.284
3 43 -196.873
3 44 -206.463
3 45 -214.903
3 46 -222.018
3 47 -227.704
3 48 -231.83
3 49 -234.348
3 50 -235.183
3 51 -234.348
3 52 -231.83
3 53 -227.704
3 54 -222.018
3 55 -214.903
3 56 -206.463
3 57 -196.873
3 58 -186.284
3 59 -174.896
3 60 -162.895
3 61 -150.481
3 62 -137.861
3 63 -125.211
3 64 -112.743
3 65 -100.584
3 66 -88.9369
3 67 -77.8637
3 68 -67.5421
3 69 -57.9722
3 70 -49.2808
3 71 -41.4308
3 72 -34.4737
3 73 -28.3659
3 74 -23.0766
3 75 -18.5694
3 76 -14.7604
3 77 -11.598
3 78 -9.01089
3 79 -6.89172
3 80 -5.23623
3 81 -3.88515
3 82 -2.87482
3 83 -2.08037
3 84 -1.47976
3 85 -1.06825
3 86 -0.726341
3 87 -0.526974
3 88 -0.349323
3 89 -0.24303
3 90 -0.146573
3 91 -0.110975
3 92 -0.059429
3 93 -0.0501425
3 94 -0.0511074
3 95 0
3 96 0
3 97 0
3 98 0
3 99 0
3 100 0

4 0 0
4 1 0
4 2 0
4 3 0
4 4 0
4 5 -0.0533788
4 6 -0.0535613
4 7 -0.0559442
4 8 -0.112993
4 9 -0.162773
4 10 -0.261988
4 11 -0.394275
4 12 -0.590753
4 13 -0.832586
4 14 -1.22991
4 15 -1.71695
4 16 -2.44022
4 17 -3.37344
4 18 -4.62193
4 19 -6.2496
4 20 -8.31972
4 21 -10.9628
4 22 -14.2273
4 23 -18.2749
4 24 -23.1486
4 25 -29.0133
4 26 -35.9037
4 27 -43.9574
4 28 -53.1927
4 29 -63.6905
4 30 -75.4374
4 31 -88.4392
4 32 -102.63
4 33 -117.938
4 34 -134.227
4 35 -151.356
4 36 -169.112
4 37 -187.304
4 38 -205.653
4 39 -223.936
4 40 -241.833
4 41 -259.113
4 42 -275.445
4 43 -290.612
4 44 -304.306
4 45 -316.347
4 46 -326.473
4 47 -334.563
4 48 -340.422
4 49 -344
4 50 -345.182
4 51 -344
4 52 -340.422
4 53 -334.563
4 54 -326.473
4 55 -316.347
4 56 -304.306
4 57 -290.612
4 58 -275.445
4 59 -259.113
4 60 -241.833
4 61 -223.936
4 62 -205.653
4 63 -187.304
4 64 -169.112
4 65 -151.356
4 66 -134.227
4 67 -117.938
4 68 -102.63
4 69 -88.4392
4 70 -75.4374
4 71 -63.6905
4 72 -53.1927
4 73 -43.9574
4 74 -35.9037
4 75 -29.0133
4 76 -23.1486
4 77 -18.2749
4 78 -14.2273
4 79 -10.9628
4 80 -8.31972
4 81 -6.2496
4 82 -4.62193
4 83 -3.37344
4 84 -2.44022
4 85 -1.71695
4 86 -1.22991
4 87 -0.832586
4 88 -0.590753
4 89 -0.394275
4 90 -0.261988
4 91 -0.162773
4 92 -0.112993
4 93 -0.0559442
4 94 -0.0535613
4 95 -0.0533788
4 96 0
4 97 0
4 98 0
4 99 0
4 100 0

5 0 0
5 1 0
5 2 0
5 3 0
5 4 -0.0533788
5 5 -0.0547515
5 6 -0.0537893
5 7 -0.113721
5 8 -0.176432
5 9 -0.27814
5 10 -0.412801
5 11 -0.630804
5 12 -0.90901
5 13 -1.34626
5 14 -1.92732
5 15 -2.74244
5 16 -3.82128
5 17 -5.2849
5 18 -7.1671
5 19 -9.64835
5 20 -12.7823
5 21 -16.74
5 22 -21.6607
5 23 -27.6389
5 24 -34.9027
5 25 -43.4773
5 26 -53.602
5 27 -65.2753
5 28 -78.6589
5 29 -93.7383
5 30 -110.552
5 31 -129.047
5 32 -149.138
5 33 -170.694
5 34 -193.529
5 35 -217.409
5 36 -242.077
5 37 -267.202
5 38 -292.483
5 39 -317.52
5 40 -341.998
5 41 -365.485
5 42 -387.68
5 43 -408.165
5 44 -426.682
5 45 -442.859
5 46 -456.505
5 47 -467.326
5 48 -475.214
5 49 -479.972
5 50 -481.59
5 51 -479.972
5 52 -475.214
5 53 -467.326
5 54 -456.505
5 55 -442.859
5 56 -426.682
5 57 -408.165
5 58 -387.68
5 59 -365.485
5 60 -341.998
5 61 -317.52
5 62 -292.483
5 63 -267.202
5 64 -242.077
5 65 -217.409
5 66 -193.529
5 67 -170.694
5 68 -149.138
5 69 -129.047
5 70 -110.552
5 71 -93.7383
5 72 -78.6589
5 73 -65.2753
5 74 -53.602
5 75 -43.4773
5 76 -34.9027
5 77 -27.6389
5 78 -21.6607
5 79 -16.74
5 80 -12.7823
5 81 -9.64835
5 82 -7.1671
5 83 -5.2849
5 84 -3.82128
5 85 -2.74244
5 86 -1.92732
5 87 -1.34626
5 88 -0.90901
5 89 -0.630804
5 90 -0.412801
5 91 -0.27814
5 92 -0.176432
5 93 -0.113721
5 94 -0.0537893
5 95 -0.0547515
5 96 -0.0533788
5 97 0
5 98 0
5 99 0
5 100 0

6 0 0
6 1 0
6 2 0
6 3 -0.0511074
6 4 -0.0535613
6 5 -0.0537893
6 6 -0.113871
6 7 -0.184291
6 8 -0.289156
6 9 -0.422202
6 10 -0.658736
6 11 -0.966825
6 12 -1.43801
6 13 -2.09117
6 14 -2.99172
6 15 -4.2099
6 16 -5.86819
6 17 -8.0285
6 18 -10.892
6 19 -14.5385
6 20 -19.1881
6 21 -24.9858
6 22 -32.1277
6 23 -40.816
6 24 -51.208
6 25 -63.5204
6 26 -77.8503
6 27 -94.3851
6 28 -113.13
6 29 -134.203
6 30 -157.494
6 31 -183.012
6 32 -210.528
6 33 -239.915
6 34 -270.837
6 35 -303.033
6 36 -336.082
6 37 -369.61
6 38 -403.147
6 39 -436.248
6 40 -468.429
6 41 -499.227
6 42 -528.183
6 43 -554.862
6 44 -578.862
6 45 -599.819
6 46 -617.416
6 47 -631.387
6 48 -641.518
6 49 -647.66
6 50 -649.717
6 51 -647.66
6 52 -641.518
6 53 -631.387
6 54 -617.416
6 55 -599.819
6 56 -578.862
6 57 -554.862
6 58 -528.183
6 59 -499.227
6 60 -468.429
6 61 -436.248
6 62 -403.147
6 63 -369.61
6 64 -336.082
6 65 -303.033
6 66 -270.837
6 67 -239.915
6 68 -210.528
6 69 -183.012
6 70 -157.494
6 71 -134.203
6 72 -113.13
6 73 -94.3851
6 74 -77.8503
6 75 -63.5204
6 76 -51.208
6 77 -40.816
6 78 -32.1277
6 79 -24.9858
6 80 -19.1881
6 81 -14.5385
6 82 -10.892
6 83 -8.0285
6 84 -5.86819
6 85 -4.2099
6 86 -2.99172
6 87 -2.09117
6 88 -1.43801
6 89 -0.966825
6 90 -0.658736
6 91 -0.422202
6 92 -0.289156
6 93 -0.184291
6 94 -0.113871
6 95 -0.0537893
6 96 -0.0535613
6 97 -0.0511074
6 98 0
6 99 0
6 100 0

7 0 0
7 1 0
7 2 -0.0468484
7 3 -0.0501425
7 4 -0.0559442
7 5 -0.113721
7 6 -0.184291
7 7 -0.293083
7 8 -0.425672
7 9 -0.674762
7 10 -1.01189
7 11 -1.50998
7 12 -2.21089
7 13 -3.19392
7 14 -4.53016
7 15 -6.36923
7 16 -8.80721
7 17 -12.0283
7 18 -16.1983
7 19 -21.5276
7 20 -28.2256
7 21 -36.5594
7 22 -46.7318
7 23 -59.0395
7 24 -73.6715
7 25 -90.8635
7 26 -110.797
7 27 -133.562
7 28 -159.304
7 29 -187.931
7 30 -219.491
7 31 -253.718
7 32 -290.506
7 33 -329.446
7 34 -370.258
7 35 -412.423
7 36 -455.511
7 37 -498.936
7 38 -542.169
7 39 -584.602
7 40 -625.671
7 41 -664.788
7 42 -701.419
7 43 -735.036
7 44 -765.181
7 45 -791.421
7 46 -813.405
7 47 -830.816
7 48 -843.431
7 49 -851.063
7 50 -853.624
7 51 -851.063
7 52 -843.431
7 53 -830.816
7 54 -813.405
7 55 -791.421
7 56 -765.181
7 57 -735.036
7 58 -701.419
7 59 -664.788
7 60 -625.671
7 61 -584.602
7 62 -542.169
7 63 -498.936
7 64 -455.511
7 65 -412.423
7 66 -370.258
7 67 -329.446
7 68 -290.506
7 69 -253.718
7 70 -219.491
7 71 -187.931
7 72 -159.304
7 73 -133.562
7 74 -110.797
7 75 -90.8635
7 76 -73.6715
7 77 -59.0395
7 78 -46.7318
7 79 -36.5594
7 80 -28.2256
7 81 -21.5276
7 82 -16.1983
7 83 -12.0283
7 84 -8.80721
7 85 -6.36923
7 86 -4.53016
7 87 -3.19392
7 88 -2.21089
7 89 -1.50998
7 90 -1.01189
7 91 -0.674762
7 92 -0.425672
7 93 -0.293083
7 94 -0.184291
7 95 -0.113721
7 96 -0.0559442
7 97 -0.0501425
7 98 -0.0468484
7 99 0
7 100 0

8 0 0
8 1 -0.0411119
8 2 -0.0449193
8 3 -0.059429
8 4 -0.112993
8 5 -0.176432
8 6 -0.289156
8 7 -0.425672
8 8 -0.679923
8 9 -1.03701
8 10 -1.5566
8 11 -2.2888
8 12 -3.34352
8 13 -4.78654
8 14 -6.78445
8 15 -9.47295
8 16 -13.0318
8 17 -17.6911
8 18 -23.687
8 19 -31.286
8 20 -40.8102
8 21 -52.5284
8 22 -66.7953
8 23 -83.8777
8 24 -104.08
8 25 -127.634
8 26 -154.73
8 27 -185.504
8 28 -219.981
8 29 -258.145
8 30 -299.82
8 31 -344.812
8 32 -392.728
8 33 -443.208
8 34 -495.657
8 35 -549.586
8 36 -604.254
8 37 -659.089
8 38 -713.282
8 39 -766.236
8 40 -817.148
8 41 -865.453
8 42 -910.422
8 43 -951.565
8 44 -988.27
8 45 -1020.16
8 46 -1046.75
8 47 -1067.81
8 48 -1083
8 49 -1092.21
8 50 -1095.28
8 51 -1092.21
8 52 -1083
8 53 -1067.81
8 54 -1046.75
8 55 -1020.16
8 56 -988.27
8 57 -951.565
8 58 -910.422
8 59 -865.453
8 60 -817.148
8 61 -766.236
8 62 -713.282
8 63 -659.089
8 64 -604.254
8 65 -549.586
8 66 -495.657
8 67 -443.208
8 68 -392.728
8 69 -344.812
8 70 -299.82
8 71 -258.145
8 72 -219.981
8 73 -185.504
8 74 -154.73
8 75 -127.634
8 76 -104.08
8 77 -83.8777
8 78 -66.7953
8 79 -52.5284
8 80 -40.8102
8 81 -31.286
8 82 -23.687
8 83 -17.6911
8 84 -13.0318
8 85 -9.47295
8 86 -6.78445
8 87 -4.78654
8 88 -3.34352
8 89 -2.2888
8 90 -1.5566
8 91 -1.03701
8 92 -0.679923
8 93 -0.425672
8 94 -0.289156
8 95 -0.176432
8 96 -0.112993
8 97 -0.059429
8 98 -0.0449193
8 99 -0.0411119
8 100 0

9 0 0
9 1 -0.0385023
9 2 -0.0628759
9 3 -0.110975
9 4 -0.162773
9 5 -0.27814
9 6 -0.422202
9 7 -0.674762
9 8 -1.03701
9 9 -1.57282
9 10 -2.32627
9 11 -3.43436
9 12 -4.97155
9 13 -7.09984
9 14 -9.99764
9 15 -13.866
9 16 -18.9641
9 17 -25.5933
9 18 -34.0631
9 19 -44.7461
9 20 -58.0137
9 21 -74.2459
9 22 -93.8384
9 23 -117.143
9 24 -144.482
9 25 -176.137
9 26 -212.265
9 27 -253
9 28 -298.291
9 29 -348.035
9 30 -401.973
9 31 -459.72
9 32 -520.823
9 33 -584.633
9 34 -650.546
9 35 -717.719
9 36 -785.45
9 37 -852.801
9 38 -919.042
9 39 -983.238
9 40 -1044.7
9 41 -1102.57
9 42 -1156.27
9 43 -1205.06
9 44 -1248.48
9 45 -1285.98
9 46 -1317.24
9 47 -1341.84
9 48 -1359.62
9 49 -1370.33
9 50 -1373.94
9 51 -1370.33
9 52 -1359.62
9 53 -1341.84
9 54 -1317.24
9 55 -1285.98
9 56 -1248.48
9 57 -1205.06
9 58 -1156.27
9 59 -1102.57
9 60 -1044.7
9 61 -983.238
9 62 -919.042
9 63 -852.801
9 64 -785.45
9 65 -717.719
9 66 -650.546
9 67 -584.633
9 68 -520.823
9 69 -459.72
9 70 -401.973
9 71 -348.035
9 72 -298.291
9 73 -253
9 74 -212.265
9 75 -176.137
9 76 -144.482
9 77 -117.143
9 78 -93.8384
9 79 -74.2459
9 80 -58.0137
9 81 -44.7461
9 82 -34.0631
9 83 -25.5933
9 84 -18.9641
9 85 -13.866
9 86 -9.99764
9 87 -7.09984
9 88 -4.97155
9 89 -3.43436
9 90 -2.32627
9 91 -1.57282
9 92 -1.03701
9 93 -0.674762
9 94 -0.422202
9 95 -0.27814
9 96 -0.162773
9 97 -0.110975
9 98 -0.0628759
9 99 -0.0385023
9 100 0

10 0 0
10 1 -0.0370639
10 2 -0.106823
10 3 -0.146573
10 4 -0.261988
10 5 -0.412801
10 6 -0.658736
10 7 -1.01189
10 8 -1.5566
10 9 -2.32627
10 10 -3.46468
10 11 -5.06974
10 12 -7.29838
10 13 -10.356
10 14 -14.4904
10 15 -19.9766
10 16 -27.1736
10 17 -36.4534
10 18 -48.2286
10 19 -62.9763
10 20 -81.1383
10 21 -103.211
10 22 -129.644
10 23 -160.844
10 24 -197.182
10 25 -238.897
10 26 -286.167
10 27 -339.003
10 28 -397.299
10 29 -460.795
10 30 -529.08
10 31 -601.608
10 32 -677.693
10 33 -756.553
10 34 -837.299
10 35 -919.002
10 36 -1000.67
10 37 -1081.33
10 38 -1160
10 39 -1235.77
10 40 -1307.73
10 41 -1375.15
10 42 -1437.22
10 43 -1493.4
10 44 -1543.06
10 45 -1585.84
10 46 -1621.28
10 47 -1649.17
10 48 -1669.2
10 49 -1681.32
10 50 -1685.34
10 51 -1681.32
10 52 -1669.2
10 53 -1649.17
10 54 -1621.28
10 55 -1585.84
10 56 -1543.06
10 57 -1493.4
10 58 -1437.22
10 59 -1375.15
10 60 -1307.73
10 61 -1235.77
10 62 -1160
10 63 -1081.33
10 64 -1000.67
10 65 -919.002
10 66 -837.299
10 67 -756.553
10 68 -677.693
10 69 -601.608
10 70 -529.08
10 71 -460.795
10 72 -397.299
10 73 -339.003
10 74 -286.167
10 75 -238.897
10 76 -197.182
10 77 -160.844
10 78 -129.644
10 79 -103.211
10 80 -81.1383
10 81 -62.9763
10 82 -48.2286
10 83 -36.4534
10 84 -27.1736
10 85 -19.9766
10 86 -14.4904
10 87 -10.356
10 88 -7.29838
10 89 -5.06974
10 90 -3.46468
10 91 -2.32627
10 92 -1.5566
10 93 -1.01189
10 94 -0.658736
10 95 -0.412801
10 96 -0.261988
10 97 -0.146573
10 98 -0.106823
10 99 -0.0370639
10 100 0

11 0 0
11 1 -0.0751694
11 2 -0.109642
11 3 -0.24303
11 4 -0.394275
11 5 -0.630804
11 6 -0.966825
11 7 -1.50998
11 8 -2.2888
11 9 -3.43436
11 10 -5.06974
11 11 -7.36637
11 12 -10.536
11 13 -14.8749
11 14 -20.6872
11 15 -28.3611
11 16 -38.3486
11 17 -51.1147
11 18 -67.2183
11 19 -87.2114
11 20 -111.669
11 21 -141.157
11 22 -176.193
11 23 -217.22
11 24 -264.609
11 25 -318.561
11 26 -379.181
11 27 -446.361
11 28 -519.843
11 29 -599.189
11 30 -683.759
11 31 -772.804
11 32 -865.375
11 33 -960.48
11 34 -1056.99
11 35 -1153.78
11 36 -1249.69
11 37 -1343.58
11 38 -1434.41
11 39 -1521.15
11 40 -1602.92
11 41 -1678.89
11 42 -1748.41
11 43 -1810.85
11 44 -1865.8
11 45 -1912.8
11 46 -1951.63
11 47 -1982
11 48 -2003.84
11 49 -2016.94
11 50 -2021.34
11 51 -2016.94
11 52 -2003.84
11 53 -1982
11 54 -1951.63
11 55 -1912.8
11 56 -1865.8
11 57 -1810.85
11 58 -1748.41
11 59 -1678.89
11 60 -1602.92
11 61 -1521.15
11 62 -1434.41
11 63 -1343.58
11 64 -1249.69
11 65 -1153.78
11 66 -1056.99
11 67 -960.48
11 68 -865.375
11 69 -772.804
11 70 -683.759
11 71 -599.189
11 72 -519.843
11 73 -446.361
11 74 -379.181
11 75 -318.561
11 76 -264.609
11 77 -217.22
11 78 -176.193
11 79 -141.157
11 80 -111.669
11 81 -87.2114
11 82 -67.2183
11 83 -51.1147
11 84 -38.3486
11 85 -28.3611
11 86 -20.6872
11 87 -14.8749
11 88 -10.536
11 89 -7.36637
11 90 -5.06974
11 91 -3.43436
11 92 -2.2888
11 93 -1.50998
11 94 -0.966825
11 95 -0.630804
11 96 -0.394275
11 97 -0.24303
11 98 -0.109642
11 99 -0.0751694
11 100 0

12 0 0
12 1 -0.0574899
12 2 -0.204519
12 3 -0.349323
12 4 -0.590753
12 5 -0.90901
12 6 -1.43801
12 7 -2.21089
12 8 -3.34352
12 9 -4.97155
12 10 -7.29838
12 11 -10.536
12 12 -15.0046
12 13 -21.0558
12 14 -29.1003
12 15 -39.6565
12 16 -53.2732
12 17 -70.5721
12 18 -92.2215
12 19 -118.899
12 20 -151.268
12 21 -189.99
12 22 -235.593
12 23 -288.57
12 24 -349.205
12 25 -417.659
12 26 -493.87
12 27 -577.568
12 28 -668.277
12 29 -765.29
12 30 -867.724
12 31 -974.514
12 32 -1084.47
12 33 -1196.3
12 34 -1308.66
12 35 -1420.23
12 36 -1529.68
12 37 -1635.79
12 38 -1737.43
12 39 -1833.57
12 40 -1923.35
12 41 -2006.04
12 42 -2081.05
12 43 -2147.92
12 44 -2206.3
12 45 -2255.95
12 46 -2296.71
12 47 -2328.48
12 48 -2351.2
12 49 -2364.84
12 50 -2369.39
12 51 -2364.84
12 52 -2351.2
12 53 -2328.48
12 54 -2296.71
12 55 -2255.95
12 56 -2206.3
12 57 -2147.92
12 58 -2081.05
12 59 -2006.04
12 60 -1923.35
12 61 -1833.57
12 62 -1737.43
12 63 -1635.79
12 64 -1529.68
12 65 -1420.23
12 66 -1308.66
12 67 -1196.3
12 68 -1084.47
12 69 -974.514
12 70 -867.724
12 71 -765.29
12 72 -668.277
12 73 -577.568
12 74 -493.87
12 75 -417.659
12 76 -349.205
12 77 -288.57
12 78 -235.593
12 79 -189.99
12 80 -151.268
12 81 -118.899
12 82 -92.2215
12 83 -70.5721
12 84 -53.2732
12 85 -39.6565
12 86 -29.1003
12 87 -21.0558
12 88 -15.0046
12 89 -10.536
12 90 -7.29838
12 91 -4.97155
12 92 -3.34352
12 93 -2.21089
12 94 -1.43801
12 95 -0.90901
12 96 -0.590753
12 97 -0.349323
12 98 -0.204519
12 99 -0.0574899
12 100 0

13 0 0
13 1 -0.124851
13 2 -0.272472
13 3 -0.526974
13 4 -0.832586
13 5 -1.34626
13 6 -2.09117
13 7 -3.19392
13 8 -4.78654
13 9 -7.09984
13 10 -10.356
13 11 -14.8749
13 12 -21.0558
13 13 -29.3517
13 14 -40.3212
13 15 -54.6059
13 16 -72.9014
13 17 -95.9642
13 18 -124.606
13 19 -159.591
13 20 -201.718
13 21 -251.652
13 22 -309.982
13 23 -377.121
13 24 -453.285
13 25 -538.459
13 26 -632.389
13 27 -734.528
13 28 -844.124
13 29 -960.125
13 30 -1081.34
13 31 -1206.35
13 32 -1333.66
13 33 -1461.72
13 34 -1588.94
13 35 -1713.83
13 36 -1834.93
13 37 -1951
13 38 -2060.88
13 39 -2163.66
13 40 -2258.55
13 41 -2345
13 42 -2422.59
13 43 -2491.07
13 44 -2550.32
13 45 -2600.29
13 46 -2641.01
13 47 -2672.56
13 48 -2695.02
13 49 -2708.46
13 50 -2712.94
13 51 -2708.46
13 52 -2695.02
13 53 -2672.56
13 54 -2641.01
13 55 -2600.29
13 56 -2550.32
13 57 -2491.07
13 58 -2422.59
13 59 -2345
13 60 -2258.55
13 61 -2163.66
13 62 -2060.88
13 63 -1951
13 64 -1834.93
13 65 -1713.83
13 66 -1588.94
13 67 -1461.72
13 68 -1333.66
13 69 -1206.35
13 70 -1081.34
13 71 -960.125
13 72 -844.124
13 73 -734.528
13 74 -632.389
13 75 -538.459
13 76 -453.285
13 77 -377.121
13 78 -309.982
13 79 -251.652
13 80 -201.718
13 81 -159.591
13 82 -124.606
13 83 -95.9642
13 84 -72.9014
13 85 -54.6059
13 86 -40.3212
13 87 -29.3517
13 88 -21.0558
13 89 -14.8749
13 90 -10.356
13 91 -7.09984
13 92 -4.78654
13 93 -3.19392
13 94 -2.09117
13 95 -1.34626
13 96 -0.832586
13 97 -0.526974
13 98 -0.272472
13 99 -0.124851
13 100 0

14 0 0
14 1 -0.183603
14 2 -0.418401
14 3 -0.726341
14 4 -1.22991
14 5 -1.92732
14 6 -2.99172
14 7 -4.53016
14 8 -6.78445
14 9 -9.99764
14 10 -14.4904
14 11 -20.6872
14 12 -29.1003
14 13 -40.3212
14 14 -55.0561
14 15 -74.0984
14 16 -98.2807
14 17 -128.544
14 18 -165.79
14 19 -210.936
14 20 -264.81
14 21 -328.12
14 22 -401.392
14 23 -484.949
14 24 -578.802
14 25 -682.736
14 26 -796.147
14 27 -918.196
14 28 -1047.7
14 29 -1183.26
14 30 -1323.25
14 31 -1465.91
14 32 -1609.43
14 33 -1751.95
14 34 -1891.72
14 35 -2027.09
14 36 -2156.59
14 37 -2278.97
14 38 -2393.22
14 39 -2498.55
14 40 -2594.44
14 41 -2680.57
14 42 -2756.82
14 43 -2823.23
14 44 -2879.98
14 45 -2927.29
14 46 -2965.46
14 47 -2994.79
14 48 -3015.52
14 49 -3027.87
14 50 -3031.98
14 51 -3027.87
14 52 -3015.52
14 53 -2994.79
14 54 -2965.46
14 55 -2927.29
14 56 -2879.98
14 57 -2823.23
14 58 -2756.82
14 59 -2680.57
14 60 -2594.44
14 61 -2498.55
14 62 -2393.22
14 63 -2278.97
14 64 -2156.59
14 65 -2027.09
14 66 -1891.72
14 67 -1751.95
14 68 -1609.43
14 69 -1465.91
14 70 -1323.25
14 71 -1183.26
14 72 -1047.7
14 73 -918.196
14 74 -796.147
14 75 -682.736
14 76 -578.802
14 77 -484.949
14 78 -401.392
14 79 -328.12
14 80 -264.81
14 81 -210.936
14 82 -165.79
14 83 -128.544
14 84 -98.2807
14 85 -74.0984
14 86 -55.0561
14 87 -40.3212
14 88 -29.1003
14 89 -20.6872
14 90 -14.4904
14 91 -9.99764
14 92 -6.78445
14 93 -4.53016
14 94 -2.99172
14 95 -1.92732
14 96 -1.22991
14 97 -0.726341
14 98 -0.418401
14 99 -0.183603
14 100 0

15 0 0
15 1 -0.262404
15 2 -0.601965
15 3 -1.06825
15 4 -1.71695
15 5 -2.74244
15 6 -4.2099
15 7 -6.36923
15 8 -9.47295
15 9 -13.866
15 10 -19.9766
15 11 -28.3611
15 12 -39.6565
15 13 -54.6059
15 14 -74.0984
15 15 -99.0656
15 16 -130.55
15 17 -169.611
15 18 -217.297
15 19 -274.581
15 20 -342.34
15 21 -421.202
15 22 -511.62
15 23 -613.669
15 24 -727.144
15 25 -851.435
15 26 -985.581
15 27 -1128.27
15 28 -1277.87
15 29 -1432.5
15 30 -1590.13
15 31 -1748.59
15 32 -1905.75
15 33 -2059.52
15 34 -2208.03
15 35 -2349.54
15 36 -2482.68
15 37 -2606.32
15 38 -2719.68
15 39 -2822.26
15 40 -2913.87
15 41 -2994.59
15 42 -3064.66
15 43 -3124.55
15 44 -3174.76
15 45 -3215.91
15 46 -3248.59
15 47 -3273.35
15 48 -3290.67
15 49 -3300.92
15 50 -3304.3
15 51 -3300.92
15 52 -3290.67
15 53 -3273.35
15 54 -3248.59
15 55 -3215.91
15 56 -3174.76
15 57 -3124.55
15 58 -3064.66
15 59 -2994.59
15 60 -2913.87
15 61 -2822.26
15 62 -2719.68
15 63 -2606.32
15 64 -2482.68
15 65 -2349.54
15 66 -2208.03
15 67 -2059.52
15 68 -1905.75
15 69 -1748.59
15 70 -1590.13
15 71 -1432.5
15 72 -1277.87
15 73 -1128.27
15 74 -985.581
15 75 -851.435
15 76 -727.144
15 77 -613.669
15 78 -511.62
15 79 -421.202
15 80 -342.34
15 81 -274.581
15 82 -217.297
15 83 -169.611
15 84 -130.55
15 85 -99.0656
15 86 -74.0984
15 87 -54.6059
15 88 -39.6565
15 89 -28.3611
15 90 -19.9766
15 91 -13.866
15 92 -9.47295
15 93 -6.36923
15 94 -4.2099
15 95 -2.74244
15 96 -1.71695
15 97 -1.06825
15 98 -0.601965
15 99 -0.262404
15 100 0

16 0 0
16 1 -0.405247
16 2 -0.851331
16 3 -1.47976
16 4 -2.44022
16 5 -3.82128
16 6 -5.86819
16 7 -8.80721
16 8 -13.0318
16 9 -18.9641
16 10 -27.1736
16 11 -38.3486
16 12 -53.2732
16 13 -72.9014
16 14 -98.2807
16 15 -130.55
16 16 -170.901
16 17 -220.548
16 18 -280.602
16 19 -352.114
16 20 -435.867
16 21 -532.423
16 22 -641.975
16 23 -764.333
16 24 -898.872
16 25 -1044.55
16 26 -1199.86
16 27 -1362.98
16 28 -1531.71
16 29 -1703.7
16 30 -1876.4
16 31 -2047.33
16 32 -2214.03
16 33 -2374.29
16 34 -2526.14
16 35 -2667.97
16 36 -2798.55
16 37 -2917.06
16 38 -3023.05
16 39 -3116.49
16 40 -3197.62
16 41 -3267.02
16 42 -3325.42
16 43 -3373.76
16 44 -3412.99
16 45 -3444.13
16 46 -3468.11
16 47 -3485.81
16 48 -3497.91
16 49 -3504.95
16 50 -3507.26
16 51 -3504.95
16 52 -3497.91
16 53 -3485.81
16 54 -3468.11
16 55 -3444.13
16 56 -3412.99
16 57 -3373.76
16 58 -3325.42
16 59 -3267.02
16 60 -3197.62
16 61 -3116.49
16 62 -3023.05
16 63 -2917.06
16 64 -2798.55
16 65 -2667.97
16 66 -2526.14
16 67 -2374.29
16 68 -2214.03
16 69 -2047.33
16 70 -1876.4
16 71 -1703.7
16 72 -1531.71
16 73 -1362.98
16 74 -1199.86
16 75 -1044.55
16 76 -898.872
16 77 -764.333
16 78 -641.975
16 79 -532.423
16 80 -435.867
16 81 -352.114
16 82 -280.602
16 83 -220.548
16 84 -170.901
16 85 -130.55
16 86 -98.2807
16 87 -72.9014
16 88 -53.2732
16 89 -38.3486
16 90 -27.1736
16 91 -18.9641
16 92 -13.0318
16 93 -8.80721
16 94 -5.86819
16 95 -3.82128
16 96 -2.44022
16 97 -1.47976
16 98 -0.851331
16 99 -0.405247
16 100 0

17 0 0
17 1 -0.543812
17 2 -1.2
17 3 -2.08037
17 4 -3.37344
17 5 -5.2849
17 6 -8.0285
17 7 -12.0283
17 8 -17.6911
17 9 -25.5933
17 10 -36.4534
17 11 -51.1147
17 12 -70.5721
17 13 -95.9642
17 14 -128.544
17 15 -169.611
17 16 -220.548
17 17 -282.636
17 18 -357.085
17 19 -444.872
17 20 -546.691
17 21 -662.846
17 22 -793.224
17 23 -937.169
17 24 -1093.58
17 25 -1260.78
17 26 -1436.69
17 27 -1618.83
17 28 -1804.43
17 29 -1990.58
17 30 -2174.3
17 31 -2352.77
17 32 -2523.34
17 33 -2683.74
17 34 -2832.1
17 35 -2967.02
17 36 -3087.62
17 37 -3193.49
17 38 -3284.74
17 39 -3361.85
17 40 -3425.7
17 41 -3477.4
17 42 -3518.32
17 43 -3549.88
17 44 -3573.56
17 45 -3590.79
17 46 -3602.9
17 47 -3611.03
17 48 -3616.13
17 49 -3618.9
17 50 -3619.78
17 51 -3618.9
17 52 -3616.13
17 53 -3611.03
17 54 -3602.9
17 55 -3590.79
17 56 -3573.56
17 57 -3549.88
17 58 -3518.32
17 59 -3477.4
17 60 -3425.7
17 61 -3361.85
17 62 -3284.74
17 63 -3193.49
17 64 -3087.62
17 65 -2967.02
17 66 -2832.1
17 67 -2683.74
17 68 -2523.34
17 69 -2352.77
17 70 -2174.3
17 71 -1990.58
17 72 -1804.43
17 73 -1618.83
17 74 -1436.69
17 75 -1260.78
17 76 -1093.58
17 77 -937.169
17 78 -793.224
17 79 -662.846
17 80 -546.691
17 81 -444.872
17 82 -357.085
17 83 -282.636
17 84 -220.548
17 85 -169.611
17 86 -128.544
17 87 -95.9642
17 88 -70.5721
17 89 -51.1147
17 90 -36.4534
17 91 -25.5933
17 92 -17.6911
17 93 -12.0283
17 94 -8.0285
17 95 -5.2849
17 96 -3.37344
17 97 -2.08037
17 98 -1.2
17 99 -0.543812
17 100 0

18 0 0
18 1 -0.756458
18 2 -1.64682
18 3 -2.87482
18 4 -4.62193
18 5 -7.1671
18 6 -10.892
18 7 -16.1983
18 8 -23.687
18 9 -34.0631
18 10 -48.2286
18 11 -67.2183
18 12 -92.2215
18 13 -124.606
18 14 -165.79
18 15 -217.297
18 16 -280.602
18 17 -357.085
18 18 -447.908
18 19 -553.953
18 20 -675.639
18 21 -812.961
18 22 -965.284
18 23 -1131.43
18 24 -1309.6
18 25 -1497.46
18 26 -1692.18
18 27 -1890.61
18 28 -2089.33
18 29 -2284.92
18 30 -2474.02
18 31 -2653.56
18 32 -2820.82
18 33 -2973.64
18 34 -3110.4
18 35 -3230.11
18 36 -3332.38
18 37 -3417.45
18 38 -3486.04
18 39 -3539.37
18 40 -3578.97
18 41 -3606.66
18 42 -3624.39
18 43 -3634.18
18 44 -3638.01
18 45 -3637.73
18 46 -3635.04
18 47 -3631.36
18 48 -3627.88
18 49 -3625.45
18 50 -3624.58
18 51 -3625.45
18 52 -3627.88
18 53 -3631.36
18 54 -3635.04
18 55 -3637.73
18 56 -3638.01
18 57 -3634.18
18 58 -3624.39
18 59 -3606.66
18 60 -3578.97
18 61 -3539.37
18 62 -3486.04
18 63 -3417.45
18 64 -3332.38
18 65 -3230.11
18 66 -3110.4
18 67 -2973.64
18 68 -2820.82
18 69 -2653.56
18 70 -2474.02
18 71 -2284.92
18 72 -2089.33
18 73 -1890.61
18 74 -1692.18
18 75 -1497.46
18 76 -1309.6
18 77 -1131.43
18 78 -965.284
18 79 -812.961
18 80 -675.639
18 81 -553.953
18 82 -447.908
18 83 -357.085
18 84 -280.602
18 85 -217.297
18 86 -165.79
18 87 -124.606
18 88 -92.2215
18 89 -67.2183
18 90 -48.2286
18 91 -34.0631
18 92 -23.687
18 93 -16.1983
18 94 -10.892
18 95 -7.1671
18 96 -4.62193
18 97 -2.87482
18 98 -1.64682
18 99 -0.756458
18 100 0

19 0 0
19 1 -1.02893
19 2 -2.25061
19 3 -3.88515
19 4 -6.2496
19 5 -9.64835
19 6 -14.5385
19 7 -21.5276
19 8 -31.286
19 9 -44.7461
19 10 -62.9763
19 11 -87.2114
19 12 -118.899
19 13 -159.591
19 14 -210.936
19 15 -274.581
19 16 -352.114
19 17 -444.872
19 18 -553.953
19 19 -679.949
19 20 -822.967
19 21 -982.455
19 22 -1157.19
19 23 -1345.25
19 24 -1544.07
19 25 -1750.48
19 26 -1960.89
19 27 -2171.38
19 28 -2377.99
19 29 -2576.77
19 30 -2764.12
19 31 -2936.85
19 32 -3092.39
19 33 -3228.83
19 34 -3345.02
19 35 -3440.58
19 36 -3515.82
19 37 -3571.73
19 38 -3609.86
19 39 -3632.19
19 40 -3641.04
19 41 -3638.91
19 42 -3628.42
19 43 -3612.13
19 44 -3592.5
19 45 -3571.76
19 46 -3551.95
19 47 -3534.72
19 48 -3521.45
19 49 -3513.08
19 50 -3510.23
19 51 -3513.08
19 52 -3521.45
19 53 -3534.72
19 54 -3551.95
19 55 -3571.76
19 56 -3592.5
19 57 -3612.13
19 58 -3628.42
19 59 -3638.91
19 60 -3641.04
19 61 -3632.19
19 62 -3609.86
19 63 -3571.73
19 64 -3515.82
19 65 -3440.58
19 66 -3345.02
19 67 -3228.83
19 68 -3092.39
19 69 -2936.85
19 70 -2764.12
19 71 -2576.77
19 72 -2377.99
19 73 -2171.38
19 74 -1960.89
19 75 -1750.48
19 76 -1544.07
19 77 -1345.25
19 78 -1157.19
19 79 -982.455
19 80 -822.967
19 81 -679.949
19 82 -553.953
19 83 -444.872
19 84 -352.114
19 85 -274.581
19 86 -210.936
19 87 -159.591
19 88 -118.899
19 89 -87.2114
19 90 -62.9763
19 91 -44.7461
19 92 -31.286
19 93 -21.5276
19 94 -14.5385
19 95 -9.64835
19 96 -6.2496
19 97 -3.88515
19 98 -2.25061
19 99 -1.02893
19 100 0

20 0 0
20 1 -1.36582
20 2 -3.016
20 3 -5.23623
20 4 -8.31972
20 5 -12.7823
20 6 -19.1881
20 7 -28.2256
20 8 -40.8102
20 9 -58.0137
20 10 -81.1383
20 11 -111.669
20 12 -151.268
20 13 -201.718
20 14 -264.81
20 15 -342.34
20 16 -435.867
20 17 -546.691
20 18 -675.639
20 19 -822.967
20 20 -988.228
20 21 -1170.24
20 22 -1366.95
20 23 -1575.63
20 24 -1792.76
20 25 -2014.31
20 26 -2235.85
20 27 -2452.78
20 28 -2660.55
20 29 -2854.93
20 30 -3032.15
20 31 -3189.15
20 32 -3323.67
20 33 -3434.34
20 34 -3520.67
20 35 -3583.09
20 36 -3622.79
20 37 -3641.69
20 38 -3642.21
20 39 -3627.22
20 40 -3599.81
20 41 -3563.21
20 42 -3520.61
20 43 -3475.08
20 44 -3429.47
20 45 -3386.36
20 46 -3347.97
20 47 -3316.16
20 48 -3292.38
20 49 -3277.7
20 50 -3272.73
20 51 -3277.7
20 52 -3292.38
20 53 -3316.16
20 54 -3347.97
20 55 -3386.36
20 56 -3429.47
20 57 -3475.08
20 58 -3520.61
20 59 -3563.21
20 60 -3599.81
20 61 -3627.22
20 62 -3642.21
20 63 -3641.69
20 64 -3622.79
20 65 -3583.09
20 66 -3520.67
20 67 -3434.34
20 68 -3323.67
20 69 -3189.15
20 70 -3032.15
20 71 -2854.93
20 72 -2660.55
20 73 -2452.78
20 74 -2235.85
20 75 -2014.31
20 76 -1792.76
20 77 -1575.63
20 78 -1366.95
20 79 -1170.24
20 80 -988.228
20 81 -822.967
20 82 -675.639
20 83 -546.691
20 84 -435.867
20 85 -342.34
20 86 -264.81
20 87 -201.718
20 88 -151.268
20 89 -111.669
20 90 -81.1383
20 91 -58.0137
20 92 -40.8102
20 93 -28.2256
20 94 -19.1881
20 95 -12.7823
20 96 -8.31972
20 97 -5.23623
20 98 -3.016
20 99 -1.36582
20 100 0

21 0 0
21 1 -1.83015
21 2 -4.00694
21 3 -6.89172
21 4 -10.9628
21 5 -16.74
21 6 -24.9858
21 7 -36.5594
21 8 -52.5284
21 9 -74.2459
21 10 -103.211
21 11 -141.157
21 12 -189.99
21 13 -251.652
21 14 -328.12
21 15 -421.202
21 16 -532.423
21 17 -662.846
21 18 -812.961
21 19 -982.455
21 20 -1170.24
21 21 -1374.24
21 22 -1591.54
21 23 -1818.37
21 24 -2050.24
21 25 -2282.19
21 26 -2508.97
21 27 -2725.34
21 28 -2926.37
21 29 -3107.62
21 30 -3265.46
21 31 -3397.14
21 32 -3501.02
21 33 -3576.47
21 34 -3623.94
21 35 -3644.83
21 36 -3641.4
21 37 -3616.55
21 38 -3573.69
21 39 -3516.56
21 40 -3449.01
21 41 -3374.89
21 42 -3297.92
21 43 -3221.54
21 44 -3148.9
21 45 -3082.74
21 46 -3025.43
21 47 -2978.87
21 48 -2944.56
21 49 -2923.55
21 50 -2916.48
21 51 -2923.55
21 52 -2944.56
21 53 -2978.87
21 54 -3025.43
21 55 -3082.74
21 56 -3148.9
21 57 -3221.54
21 58 -3297.92
21 59 -3374.89
21 60 -3449.01
21 61 -3516.56
21 62 -3573.69
21 63 -3616.55
21 64 -3641.4
21 65 -3644.83
21 66 -3623.94
21 67 -3576.47
21 68 -3501.02
21 69 -3397.14
21 70 -3265.46
21 71 -3107.62
21 72 -2926.37
21 73 -2725.34
21 74 -2508.97
21 75 -2282.19
21 76 -2050.24
21 77 -1818.37
21 78 -1591.54
21 79 -1374.24
21 80 -1170.24
21 81 -982.455
21 82 -812.961
21 83 -662.846
21 84 -532.423
21 85 -421.202
21 86 -328.12
21 87 -251.652
21 88 -189.99
21 89 -141.157
21 90 -103.211
21 91 -74.2459
21 92 -52.5284
21 93 -36.5594
21 94 -24.9858
21 95 -16.74
21 96 -10.9628
21 97 -6.89172
21 98 -4.00694
21 99 -1.83015
21 100 0

22 0 0
22 1 -2.39346
22 2 -5.24099
22 3 -9.01089
22 4 -14.2273
22 5 -21.6607
22 6 -32.1277
22 7 -46.7318
22 8 -66.7953
22 9 -93.8384
22 10 -129.644
22 11 -176.193
22 12 -235.593
22 13 -309.982
22 14 -401.392
22 15 -511.62
22 16 -641.975
22 17 -793.224
22 18 -965.284
22 19 -1157.19
22 20 -1366.95
22 21 -1591.54
22 22 -1826.94
22 23 -2068.31
22 24 -2310.1
22 25 -2546.44
22 26 -2771.33
22 27 -2979.06
22 28 -3164.46
22 29 -3323.19
22 30 -3451.97
22 31 -3548.71
22 32 -3612.58
22 33 -3644.02
22 34 -3644.57
22 35 -3616.84
22 36 -3564.2
22 37 -3490.66
22 38 -3400.57
22 39 -3298.51
22 40 -3188.98
22 41 -3076.36
22 42 -2964.71
22 43 -2857.72
22 44 -2758.63
22 45 -2670.25
22 46 -2594.88
22 47 -2534.4
22 48 -2490.2
22 49 -2463.29
22 50 -2454.25
22 51 -2463.29
22 52 -2490.2
22 53 -2534.4
22 54 -2594.88
22 55 -2670.25
22 56 -2758.63
22 57 -2857.72
22 58 -2964.71
22 59 -3076.36
22 60 -3188.98
22 61 -3298.51
22 62 -3400.57
22 63 -3490.66
22 64 -3564.2
22 65 -3616.84
22 66 -3644.57
22 67 -3644.02
22 68 -3612.58
22 69 -3548.71
22 70 -3451.97
22 71 -3323.19
22 72 -3164.46
22 73 -2979.06
22 74 -2771.33
22 75 -2546.44
22 76 -2310.1
22 77 -2068.31
22 78 -1826.94
22 79 -1591.54
22 80 -1366.95
22 81 -1157.19
22 82 -965.284
22 83 -793.224
22 84 -641.975
22 85 -511.62
22 86 -401.392
22 87 -309.982
22 88 -235.593
22 89 -176.193
22 90 -129.644
22 91 -93.8384
22 92 -66.7953
22 93 -46.7318
22 94 -32.1277
22 95 -21.6607
22 96 -14.2273
22 97 -9.01089
22 98 -5.24099
22 99 -2.39346
22 100 0

23 0 0
23 1 -3.10806
23 2 -6.78267
23 3 -11.598
23 4 -18.2749
23 5 -27.6389
23 6 -40.816
23 7 -59.0395
23 8 -83.8777
23 9 -117.143
23 10 -160.844
23 11 -217.22
23 12 -288.57
23 13 -377.121
23 14 -484.949
23 15 -613.669
23 16 -764.333
23 17 -937.169
23 18 -1131.43
23 19 -1345.25
23 20 -1575.63
23 21 -1818.37
23 22 -2068.31
23 23 -2319.41
23 24 -2565.15
23 25 -2798.77
23 26 -3013.7
23 27 -3203.94
23 28 -3364.35
23 29 -3490.96
23 30 -3581.18
23 31 -3633.84
23 32 -3649.28
23 33 -3629.16
23 34 -3576.38
23 35 -3494.8
23 36 -3389.03
23 37 -3264.12
23 38 -3125.34
23 39 -2977.96
23 40 -2827
23 41 -2677.16
23 42 -2532.67
23 43 -2397.24
23 44 -2274.05
23 45 -2165.74
23 46 -2074.43
23 47 -2001.8
23 48 -1949.07
23 49 -1917.11
23 50 -1906.4
23 51 -1917.11
23 52 -1949.07
23 53 -2001.8
23 54 -2074.43
23 55 -2165.74
23 56 -2274.05
23 57 -2397.24
23 58 -2532.67
23 59 -2677.16
23 60 -2827
23 61 -2977.96
23 62 -3125.34
23 63 -3264.12
23 64 -3389.03
23 65 -3494.8
23 66 -3576.38
23 67 -3629.16
23 68 -3649.28
23 69 -3633.84
23 70 -3581.18
23 71 -3490.96
23 72 -3364.35
23 73 -3203.94
23 74 -3013.7
23 75 -2798.77
23 76 -2565.15
23 77 -2319.41
23 78 -2068.31
23 79 -1818.37
23 80 -1575.63
23 81 -1345.25
23 82 -1131.43
23 83 -937.169
23 84 -764.333
23 85 -613.669
23 86 -484.949
23 87 -377.121
23 88 -288.57
23 89 -217.22
23 90 -160.844
23 91 -117.143
23 92 -83.8777
23 93 -59.0395
23 94 -40.816
23 95 -27.6389
23 96 -18.2749
23 97 -11.598
23 98 -6.78267
23 99 -3.10806
23 100 0

24 0 0
24 1 -3.99397
24 2 -8.66002
24 3 -14.7604
24 4 -23.1486
24 5 -34.9027
24 6 -51.208
24 7 -73.6715
24 8 -104.08
24 9 -144.482
24 10 -197.182
24 11 -264.609
24 12 -349.205
24 13 -453.285
24 14 -578.802
24 15 -727.144
24 16 -898.872
24 17 -1093.58
24 18 -1309.6
24 19 -1544.07
24 20 -1792.76
24 21 -2050.24
24 22 -2310.1
24 23 -2565.15
24 24 -2807.89
24 25 -3030.87
24 26 -3227.14
24 27 -3390.69
24 28 -3516.71
24 29 -3601.97
24 30 -3644.86
24 31 -3645.49
24 32 -3605.56
24 33 -3528.23
24 34 -3417.84
24 35 -3279.6
24 36 -3119.31
24 37 -2943
24 38 -2756.71
24 39 -2566.21
24 40 -2376.83
24 41 -2193.38
24 42 -2019.99
24 43 -1860.19
24 44 -1716.86
24 45 -1592.3
24 46 -1488.3
24 47 -1406.19
24 48 -1346.91
24 49 -1311.11
24 50 -1299.13
24 51 -1311.11
24 52 -1346.91
24 53 -1406.19
24 54 -1488.3
24 55 -1592.3
24 56 -1716.86
24 57 -1860.19
24 58 -2019.99
24 59 -2193.38
24 60 -2376.83
24 61 -2566.21
24 62 -2756.71
24 63 -2943
24 64 -3119.31
24 65 -3279.6
24 66 -3417.84
24 67 -3528.23
24 68 -3605.56
24 69 -3645.49
24 70 -3644.86
24 71 -3601.97
24 72 -3516.71
24 73 -3390.69
24 74 -3227.14
24 75 -3030.87
24 76 -2807.89
24 77 -2565.15
24 78 -2310.1
24 79 -2050.24
24 80 -1792.76
24 81 -1544.07
24 82 -1309.6
24 83 -1093.58
24 84 -898.872
24 85 -727.144
24 86 -578.802
24 87 -453.285
24 88 -349.205
24 89 -264.609
24 90 -197.182
24 91 -144.482
24 92 -104.08
24 93 -73.6715
24 94 -51.208
24 95 -34.9027
24 96 -23.1486
24 97 -14.7604
24 98 -8.66002
24 99 -3.99397
24 100 0

25 0 0
25 1 -5.04014
25 2 -10.9341
25 3 -18.5694
25 4 -29.0133
25 5 -43.4773
25 6 -63.5204
25 7 -90.8635
25 8 -127.634
25 9 -176.137
25 10 -238.897
25 11 -318.561
25 12 -417.659
25 13 -538.459
25 14 -682.736
25 15 -851.435
25 16 -1044.55
25 17 -1260.78
25 18 -1497.46
25 19 -1750.48
25 20 -2014.31
25 21 -2282.19
25 22 -2546.44
25 23 -2798.77
25 24 -3030.87
25 25 -3234.8
25 26 -3403.5
25 27 -3531.28
25 28 -3614.04
25 29 -3649.62
25 30 -3637.75
25 31 -3580.06
25 32 -3479.92
25 33 -3342.06
25 34 -3172.36
25 35 -2977.34
25 36 -2763.91
25 37 -2538.92
25 38 -2308.96
25 39 -2080.07
25 40 -1857.64
25 41 -1646.27
25 42 -1449.81
25 43 -1271.33
25 44 -1113.21
25 45 -977.234
25 46 -864.678
25 47 -776.429
25 48 -713.052
25 49 -674.909
25 50 -662.171
25 51 -674.909
25 52 -713.052
25 53 -776.429
25 54 -864.678
25 55 -977.234
25 56 -1113.21
25 57 -1271.33
25 58 -1449.81
25 59 -1646.27
25 60 -1857.64
25 61 -2080.07
25 62 -2308.96
25 63 -2538.92
25 64 -2763.91
25 65 -2977.34
25 66 -3172.36
25 67 -3342.06
25 68 -3479.92
25 69 -3580.06
25 70 -3637.75
25 71 -3649.62
25 72 -3614.04
25 73 -3531.28
25 74 -3403.5
25 75 -3234.8
25 76 -3030.87
25 77 -2798.77
25 78 -2546.44
25 79 -2282.19
25 80 -2014.31
25 81 -1750.48
25 82 -1497.46
25 83 -1260.78
25 84 -1044.55
25 85 -851.435
25 86 -682.736
25 87 -538.459
25 88 -417.659
25 89 -318.561
25 90 -238.897
25 91 -176.137
25 92 -127.634
25 93 -90.8635
25 94 -63.5204
25 95 -43.4773
25 96 -29.0133
25 97 -18.5694
25 98 -10.9341
25 99 -5.04014
25 100 0

26 0 0
26 1 -6.3232
26 2 -13.6347
26 3 -23.0766
26 4 -35.9037
26 5 -53.602
26 6 -77.8503
26 7 -110.797
26 8 -154.73
26 9 -212.265
26 10 -286.167
26 11 -379.181
26 12 -493.87
26 13 -632.389
26 14 -796.147
26 15 -985.581
26 16 -1199.86
26 17 -1436.69
26 18 -1692.18
26 19 -1960.89
26 20 -2235.85
26 21 -2508.97
26 22 -2771.33
26 23 -3013.7
26 24 -3227.14
26 25 -3403.5
26 26 -3535.98
26 27 -3619.54
26 28 -3651.19
26 29 -3630.19
26 30 -3557.92
26 31 -3437.82
26 32 -3275
26 33 -3075.94
26 34 -2847.96
26 35 -2598.85
26 36 -2336.41
26 37 -2068.09
26 38 -1800.77
26 39 -1540.48
26 40 -1292.35
26 41 -1060.53
26 42 -848.289
26 43 -658.032
26 44 -491.448
26 45 -349.644
26 46 -233.262
26 47 -142.643
26 48 -77.9045
26 49 -39.0782
26 50 -26.1355
26 51 -39.0782
26 52 -77.9045
26 53 -142.643
26 54 -233.262
26 55 -349.644
26 56 -491.448
26 57 -658.032
26 58 -848.289
26 59 -1060.53
26 60 -1292.35
26 61 -1540.48
26 62 -1800.77
26 63 -2068.09
26 64 -2336.41
26 65 -2598.85
26 66 -2847.96
26 67 -3075.94
26 68 -3275
26 69 -3437.82
26 70 -3557.92
26 71 -3630.19
26 72 -3651.19
26 73 -3619.54
26 74 -3535.98
26 75 -3403.5
26 76 -3227.14
26 77 -3013.7
26 78 -2771.33
26 79 -2508.97
26 80 -2235.85
26 81 -1960.89
26 82 -1692.18
26 83 -1436.69
26 84 -1199.86
26 85 -985.581
26 86 -796.147
26 87 -632.389
26 88 -493.87
26 89 -379.181
26 90 -286.167
26 91 -212.265
26 92 -154.73
26 93 -110.797
26 94 -77.8503
26 95 -53.602
26 96 -35.9037
26 97 -23.0766
26 98 -13.6347
26 99 -6.3232
26 100 0

27 0 0
27 1 -7.79502
27 2 -16.8164
27 3 -28.3659
27 4 -43.9574
27 5 -65.2753
27 6 -94.3851
27 7 -133.562
27 8 -185.504
27 9 -253
27 10 -339.003
27 11 -446.361
27 12 -577.568
27 13 -734.528
27 14 -918.196
27 15 -1128.27
27 16 -1362.98
27 17 -1618.83
27 18 -1890.61
27 19 -2171.38
27 20 -2452.78
27 21 -2725.34
27 22 -2979.06
27 23 -3203.94
27 24 -3390.69
27 25 -3531.28
27 26 -3619.54
27 27 -3651.5
27 28 -3625.66
27 29 -3543.02
27 30 -3406.9
27 31 -3222.7
27 32 -2997.42
27 33 -2739.18
27 34 -2456.72
27 35 -2158.85
27 36 -1854.04
27 37 -1550.06
27 38 -1253.73
27 39 -970.771
27 40 -705.757
27 41 -462.123
27 42 -242.318
27 43 -47.8784
27 44 120.345
27 45 262.061
27 46 377.327
27 47 466.431
27 48 529.725
27 49 567.548
27 50 580.127
27 51 567.548
27 52 529.725
27 53 466.431
27 54 377.327
27 55 262.061
27 56 120.345
27 57 -47.8784
27 58 -242.318
27 59 -462.123
27 60 -705.757
27 61 -970.771
27 62 -1253.73
27 63 -1550.06
27 64 -1854.04
27 65 -2158.85
27 66 -2456.72
27 67 -2739.18
27 68 -2997.42
27 69 -3222.7
27 70 -3406.9
27 71 -3543.02
27 72 -3625.66
27 73 -3651.5
27 74 -3619.54
27 75 -3531.28
27 76 -3390.69
27 77 -3203.94
27 78 -2979.06
27 79 -2725.34
27 80 -2452.78
27 81 -2171.38
27 82 -1890.61
27 83 -1618.83
27 84 -1362.98
27 85 -1128.27
27 86 -918.196
27 87 -734.528
27 88 -577.568
27 89 -446.361
27 90 -339.003
27 91 -253
27 92 -185.504
27 93 -133.562
27 94 -94.3851
27 95 -65.2753
27 96 -43.9574
27 97 -28.3659
27 98 -16.8164
27 99 -7.79502
27 100 0

28 0 0
28 1 -9.5357
28 2 -20.4962
28 3 -34.4737
28 4 -53.1927
28 5 -78.6589
28 6 -113.13
28 7 -159.304
28 8 -219.981
28 9 -298.291
28 10 -397.299
28 11 -519.843
28 12 -668.277
28 13 -844.124
28 14 -1047.7
28 15 -1277.87
28 16 -1531.71
28 17 -1804.43
28 18 -2089.33
28 19 -2377.99
28 20 -2660.55
28 21 -2926.37
28 22 -3164.46
28 23 -3364.35
28 24 -3516.71
28 25 -3614.04
28 26 -3651.19
