0 0 0
0 1 0
0 2 0
0 3 0
0 4 0
0 5 0
0 6 0
0 7 0
0 8 0
0 9 0
0 10 0
0 11 0
0 12 0
0 13 0
0 14 0
0 15 0
0 16 0
0 17 0
0 18 0
0 19 0
0 20 0
0 21 0
0 22 0
0 23 0
0 24 0
0 25 0
0 26 0
0 27 0
0 28 0
0 29 0
0 30 0
0 31 0
0 32 0
0 33 0
0 34 0
0 35 0
0 36 0
0 37 0
0 38 0
0 39 0
0 40 0
0 41 0
0 42 0
0 43 0
0 44 0
0 45 0
0 46 0
0 47 0
0 48 0
0 49 0
0 50 0
0 51 0
0 52 0
0 53 0
0 54 0
0 55 0
0 56 0
0 57 0
0 58 0
0 59 0
0 60 0
0 61 0
0 62 0
0 63 0
0 64 0
0 65 0
0 66 0
0 67 0
0 68 0
0 69 0
0 70 0
0 71 0
0 72 0
0 73 0
0 74 0
0 75 0
0 76 0
0 77 0
0 78 0
0 79 0
0 80 0
0 81 0
0 82 0
0 83 0
0 84 0
0 85 0
0 86 0
0 87 0
0 88 0
0 89 0
0 90 0
0 91 0
0 92 0
0 93 0
0 94 0
0 95 0
0 96 0
0 97 0
0 98 0
0 99 0
0 100 0

1 0 0
1 1 -0.0510081
1 2 -0.0531815
1 3 -0.00479789
1 4 -0.0621643
1 5 -0.106094
1 6 -0.155189
1 7 -0.255193
1 8 -0.365029
1 9 -0.510972
1 10 -0.754859
1 11 -1.08176
1 12 -1.51748
1 13 -2.13242
1 14 -2.9026
1 15 -3.92391
1 16 -5.23662
1 17 -6.88434
1 18 -8.96852
1 19 -11.528
1 20 -14.6387
1 21 -18.3896
1 22 -22.8025
1 23 -27.9873
1 24 -33.9488
1 25 -40.7521
1 26 -48.4141
1 27 -56.923
1 28 -66.2943
1 29 -76.4528
1 30 -87.3769
1 31 -98.9591
1 32 -111.116
1 33 -123.732
1 34 -136.663
1 35 -149.794
1 36 -162.942
1 37 -175.993
1 38 -188.754
1 39 -201.114
1 40 -212.893
1 41 -223.986
1 42 -234.241
1 43 -243.567
1 44 -251.845
1 45 -259
1 46 -264.95
1 47 -269.641
1 48 -273.024
1 49 -275.066
1 50 -275.751
1 51 -275.066
1 52 -273.024
1 53 -269.641
1 54 -264.95
1 55 -259
1 56 -251.845
1 57 -243.567
1 58 -234.241
1 59 -223.986
1 60 -212.893
1 61 -201.114
1 62 -188.754
1 63 -175.993
1 64 -162.942
1 65 -149.794
1 66 -136.663
1 67 -123.732
1 68 -111.116
1 69 -98.9591
1 70 -87.3769
1 71 -76.4528
1 72 -66.2943
1 73 -56.923
1 74 -48.4141
1 75 -40.7521
1 76 -33.9488
1 77 -27.9873
1 78 -22.8025
1 79 -18.3896
1 80 -14.6387
1 81 -11.528
1 82 -8.96852
1 83 -6.88434
1 84 -5.23662
1 85 -3.92391
1 86 -2.9026
1 87 -2.13242
1 88 -1.51748
1 89 -1.08176
1 90 -0.754859
1 91 -0.510972
1 92 -0.365029
1 93 -0.255193
1 94 -0.155189
1 95 -0.106094
1 96 -0.0621643
1 97 -0.00479789
1 98 -0.0531815
1 99 -0.0510081
1 100 0

2 0 0
2 1 -0.0531815
2 2 -0.0508426
2 3 -0.109471
2 4 -0.131381
2 5 -0.231929
2 6 -0.341214
2 7 -0.520569
2 8 -0.785215
2 9 -1.13838
2 10 -1.65288
2 11 -2.34334
2 12 -3.28761
2 13 -4.55168
2 14 -6.224
2 15 -8.38797
2 16 -11.1807
2 17 -14.6834
2 18 -19.0698
2 19 -24.4432
2 20 -30.9664
2 21 -38.7723
2 22 -47.9875
2 23 -58.7361
2 24 -71.1092
2 25 -85.1698
2 26 -100.969
2 27 -118.479
2 28 -137.69
2 29 -158.484
2 30 -180.765
2 31 -204.343
2 32 -229.025
2 33 -254.573
2 34 -280.715
2 35 -307.179
2 36 -333.65
2 37 -359.844
2 38 -385.435
2 39 -410.151
2 40 -433.689
2 41 -455.801
2 42 -476.23
2 43 -494.769
2 44 -511.216
2 45 -525.41
2 46 -537.209
2 47 -546.501
2 48 -553.2
2 49 -557.242
2 50 -558.595
2 51 -557.242
2 52 -553.2
2 53 -546.501
2 54 -537.209
2 55 -525.41
2 56 -511.216
2 57 -494.769
2 58 -476.23
2 59 -455.801
2 60 -433.689
2 61 -410.151
2 62 -385.435
2 63 -359.844
2 64 -333.65
2 65 -307.179
2 66 -280.715
2 67 -254.573
2 68 -229.025
2 69 -204.343
2 70 -180.765
2 71 -158.484
2 72 -137.69
2 73 -118.479
2 74 -100.969
2 75 -85.1698
2 76 -71.1092
2 77 -58.7361
2 78 -47.9875
2 79 -38.7723
2 80 -30.9664
2 81 -24.4432
2 82 -19.0698
2 83 -14.6834
2 84 -11.1807
2 85 -8.38797
2 86 -6.224
2 87 -4.55168
2 88 -3.28761
2 89 -2.34334
2 90 -1.65288
2 91 -1.13838
2 92 -0.785215
2 93 -0.520569
2 94 -0.341214
2 95 -0.231929
2 96 -0.131381
2 97 -0.109471
2 98 -0.0508426
2 99 -0.0531815
2 100 0

3 0 0
3 1 -0.00479789
3 2 -0.109471
3 3 -0.177526
3 4 -0.280427
3 5 -0.370185
3 6 -0.605641
3 7 -0.891596
3 8 -1.32633
3 9 -1.96799
3 10 -2.80185
3 11 -3.97683
3 12 -5.55403
3 13 -7.65279
3 14 -10.4186
3 15 -14.0107
3 16 -18.5649
3 17 -24.3312
3 18 -31.4431
3 19 -40.1724
3 20 -50.6967
3 21 -63.2363
3 22 -77.9885
3 23 -95.1075
3 24 -114.731
3 25 -136.949
3 26 -161.777
3 27 -189.223
3 28 -219.16
3 29 -251.479
3 30 -285.929
3 31 -322.267
3 32 -360.147
3 33 -399.205
3 34 -439.036
3 35 -479.193
3 36 -519.245
3 37 -558.718
3 38 -597.189
3 39 -634.204
3 40 -669.378
3 41 -702.313
3 42 -732.683
3 43 -760.169
3 44 -784.513
3 45 -805.481
3 46 -822.887
3 47 -836.578
3 48 -846.439
3 49 -852.388
3 50 -854.376
3 51 -852.388
3 52 -846.439
3 53 -836.578
3 54 -822.887
3 55 -805.481
3 56 -784.513
3 57 -760.169
3 58 -732.683
3 59 -702.313
3 60 -669.378
3 61 -634.204
3 62 -597.189
3 63 -558.718
3 64 -519.245
3 65 -479.193
3 66 -439.036
3 67 -399.205
3 68 -360.147
3 69 -322.267
3 70 -285.929
3 71 -251.479
3 72 -219.16
3 73 -189.223
3 74 -161.777
3 75 -136.949
3 76 -114.731
3 77 -95.1075
3 78 -77.9885
3 79 -63.2363
3 80 -50.6967
3 81 -40.1724
3 82 -31.4431
3 83 -24.3312
3 84 -18.5649
3 85 -14.0107
3 86 -10.4186
3 87 -7.65279
3 88 -5.55403
3 89 -3.97683
3 90 -2.80185
3 91 -1.96799
3 92 -1.32633
3 93 -0.891596
3 94 -0.605641
3 95 -0.370185
3 96 -0.280427
3 97 -0.177526
3 98 -0.109471
3 99 -0.00479789
3 100 0

4 0 0
4 1 -0.0621643
4 2 -0.131381
4 3 -0.280427
4 4 -0.408462
4 5 -0.650127
4 6 -0.95457
4 7 -1.44505
4 8 -2.10459
4 9 -3.06373
4 10 -4.39247
4 11 -6.18389
4 12 -8.6341
4 13 -11.8267
4 14 -16.0308
4 15 -21.4173
4 16 -28.2585
4 17 -36.8186
4 18 -47.3861
4 19 -60.2302
4 20 -75.6791
4 21 -93.9407
4 22 -115.329
4 23 -139.981
4 24 -168.095
4 25 -199.728
4 26 -234.896
4 27 -273.537
4 28 -315.473
4 29 -360.48
4 30 -408.215
4 31 -458.28
4 32 -510.213
4 33 -563.469
4 34 -617.516
4 35 -671.726
4 36 -725.546
4 37 -778.334
4 38 -829.56
4 39 -878.635
4 40 -925.083
4 41 -968.414
4 42 -1008.23
4 43 -1044.15
4 44 -1075.88
4 45 -1103.14
4 46 -1125.71
4 47 -1143.45
4 48 -1156.2
4 49 -1163.89
4 50 -1166.45
4 51 -1163.89
4 52 -1156.2
4 53 -1143.45
4 54 -1125.71
4 55 -1103.14
4 56 -1075.88
4 57 -1044.15
4 58 -1008.23
4 59 -968.414
4 60 -925.083
4 61 -878.635
4 62 -829.56
4 63 -778.334
4 64 -725.546
4 65 -671.726
4 66 -617.516
4 67 -563.469
4 68 -510.213
4 69 -458.28
4 70 -408.215
4 71 -360.48
4 72 -315.473
4 73 -273.537
4 74 -234.896
4 75 -199.728
4 76 -168.095
4 77 -139.981
4 78 -115.329
4 79 -93.9407
4 80 -75.6791
4 81 -60.2302
4 82 -47.3861
4 83 -36.8186
4 84 -28.2585
4 85 -21.4173
4 86 -16.0308
4 87 -11.8267
4 88 -8.6341
4 89 -6.18389
4 90 -4.39247
4 91 -3.06373
4 92 -2.10459
4 93 -1.44505
4 94 -0.95457
4 95 -0.650127
4 96 -0.408462
4 97 -0.280427
4 98 -0.131381
4 99 -0.0621643
4 100 0

5 0 0
5 1 -0.106094
5 2 -0.231929
5 3 -0.370185
5 4 -0.650127
5 5 -0.996775
5 6 -1.50214
5 7 -2.19058
5 8 -3.23181
5 9 -4.63437
5 10 -6.60692
5 11 -9.29115
5 12 -12.8342
5 13 -17.5479
5 14 -23.6104
5 15 -31.3944
5 16 -41.187
5 17 -53.3706
5 18 -68.2905
5 19 -86.345
5 20 -107.849
5 21 -133.182
5 22 -162.57
5 23 -196.288
5 24 -234.43
5 25 -277.087
5 26 -324.179
5 27 -375.567
5 28 -430.969
5 29 -490.019
5 30 -552.232
5 31 -617.055
5 32 -683.84
5 33 -751.908
5 34 -820.519
5 35 -888.943
5 36 -956.426
5 37 -1022.26
5 38 -1085.76
5 39 -1146.28
5 40 -1203.25
5 41 -1256.15
5 42 -1304.53
5 43 -1348.01
5 44 -1386.25
5 45 -1419.01
5 46 -1446.07
5 47 -1467.27
5 48 -1482.5
5 49 -1491.66
5 50 -1494.72
5 51 -1491.66
5 52 -1482.5
5 53 -1467.27
5 54 -1446.07
5 55 -1419.01
5 56 -1386.25
5 57 -1348.01
5 58 -1304.53
5 59 -1256.15
5 60 -1203.25
5 61 -1146.28
5 62 -1085.76
5 63 -1022.26
5 64 -956.426
5 65 -888.943
5 66 -820.519
5 67 -751.908
5 68 -683.84
5 69 -617.055
5 70 -552.232
5 71 -490.019
5 72 -430.969
5 73 -375.567
5 74 -324.179
5 75 -277.087
5 76 -234.43
5 77 -196.288
5 78 -162.57
5 79 -133.182
5 80 -107.849
5 81 -86.345
5 82 -68.2905
5 83 -53.3706
5 84 -41.187
5 85 -31.3944
5 86 -23.6104
5 87 -17.5479
5 88 -12.8342
5 89 -9.29115
5 90 -6.60692
5 91 -4.63437
5 92 -3.23181
5 93 -2.19058
5 94 -1.50214
5 95 -0.996775
5 96 -0.650127
5 97 -0.370185
5 98 -0.231929
5 99 -0.106094
5 100 0

6 0 0
6 1 -0.155189
6 2 -0.341214
6 3 -0.605641
6 4 -0.95457
6 5 -1.50214
6 6 -2.23143
6 7 -3.30753
6 8 -4.79823
6 9 -6.89106
6 10 -9.72449
6 11 -13.571
6 12 -18.6606
6 13 -25.3169
6 14 -33.9244
6 15 -44.7976
6 16 -58.4665
6 17 -75.2671
6 18 -95.7467
6 19 -120.296
6 20 -149.361
6 21 -183.307
6 22 -222.433
6 23 -266.938
6 24 -316.95
6 25 -372.393
6 26 -433.179
6 27 -498.94
6 28 -569.326
6 29 -643.722
6 30 -721.513
6 31 -801.918
6 32 -884.118
6 33 -967.252
6 34 -1050.4
6 35 -1132.71
6 36 -1213.28
6 37 -1291.33
6 38 -1366.06
6 39 -1436.82
6 40 -1503
6 41 -1564.07
6 42 -1619.6
6 43 -1669.24
6 44 -1712.71
6 45 -1749.78
6 46 -1780.29
6 47 -1804.12
6 48 -1821.2
6 49 -1831.46
6 50 -1834.89
6 51 -1831.46
6 52 -1821.2
6 53 -1804.12
6 54 -1780.29
6 55 -1749.78
6 56 -1712.71
6 57 -1669.24
6 58 -1619.6
6 59 -1564.07
6 60 -1503
6 61 -1436.82
6 62 -1366.06
6 63 -1291.33
6 64 -1213.28
6 65 -1132.71
6 66 -1050.4
6 67 -967.252
6 68 -884.118
6 69 -801.918
6 70 -721.513
6 71 -643.722
6 72 -569.326
6 73 -498.94
6 74 -433.179
6 75 -372.393
6 76 -316.95
6 77 -266.938
6 78 -222.433
6 79 -183.307
6 80 -149.361
6 81 -120.296
6 82 -95.7467
6 83 -75.2671
6 84 -58.4665
6 85 -44.7976
6 86 -33.9244
6 87 -25.3169
6 88 -18.6606
6 89 -13.571
6 90 -9.72449
6 91 -6.89106
6 92 -4.79823
6 93 -3.30753
6 94 -2.23143
6 95 -1.50214
6 96 -0.95457
6 97 -0.605641
6 98 -0.341214
6 99 -0.155189
6 100 0

7 0 0
7 1 -0.255193
7 2 -0.520569
7 3 -0.891596
7 4 -1.44505
7 5 -2.19058
7 6 -3.30753
7 7 -4.86102
7 8 -7.02619
7 9 -9.99664
7 10 -14.0634
7 11 -19.4648
7 12 -26.6203
7 13 -35.8982
7 14 -47.7496
7 15 -62.7175
7 16 -81.2588
7 17 -104.007
7 18 -131.417
7 19 -164.085
7 20 -202.405
7 21 -246.82
7 22 -297.561
7 23 -354.823
7 24 -418.577
7 25 -488.704
7 26 -564.859
7 27 -646.592
7 28 -733.238
7 29 -824.059
7 30 -918.132
7 31 -1014.52
7 32 -1112.15
7 33 -1210.01
7 34 -1307.01
7 35 -1402.16
7 36 -1494.48
7 37 -1583.13
7 38 -1667.29
7 39 -1746.31
7 40 -1819.61
7 41 -1886.75
7 42 -1947.36
7 43 -2001.17
7 44 -2048.01
7 45 -2087.73
7 46 -2120.28
7 47 -2145.6
7 48 -2163.69
7 49 -2174.54
7 50 -2178.16
7 51 -2174.54
7 52 -2163.69
7 53 -2145.6
7 54 -2120.28
7 55 -2087.73
7 56 -2048.01
7 57 -2001.17
7 58 -1947.36
7 59 -1886.75
7 60 -1819.61
7 61 -1746.31
7 62 -1667.29
7 63 -1583.13
7 64 -1494.48
7 65 -1402.16
7 66 -1307.01
7 67 -1210.01
7 68 -1112.15
7 69 -1014.52
7 70 -918.132
7 71 -824.059
7 72 -733.238
7 73 -646.592
7 74 -564.859
7 75 -488.704
7 76 -418.577
7 77 -354.823
7 78 -297.561
7 79 -246.82
7 80 -202.405
7 81 -164.085
7 82 -131.417
7 83 -104.007
7 84 -81.2588
7 85 -62.7175
7 86 -47.7496
7 87 -35.8982
7 88 -26.6203
7 89 -19.4648
7 90 -14.0634
7 91 -9.99664
7 92 -7.02619
7 93 -4.86102
7 94 -3.30753
7 95 -2.19058
7 96 -1.44505
7 97 -0.891596
7 98 -0.520569
7 99 -0.255193
7 100 0

8 0 0
8 1 -0.365029
8 2 -0.785215
8 3 -1.32633
8 4 -2.10459
8 5 -3.23181
8 6 -4.79823
8 7 -7.02619
8 8 -10.0893
8 9 -14.3012
8 10 -19.973
8 11 -27.5069
8 12 -37.3476
8 13 -50.0389
8 14 -66.1217
8 15 -86.2498
8 16 -111.051
8 17 -141.145
8 18 -177.218
8 19 -219.727
8 20 -269.272
8 21 -326.093
8 22 -390.502
8 23 -462.472
8 24 -541.896
8 25 -628.414
8 26 -721.489
8 27 -820.389
8 28 -924.226
8 29 -1031.94
8 30 -1142.42
8 31 -1254.4
8 32 -1366.71
8 33 -1478.03
8 34 -1587.26
8 35 -1693.23
8 36 -1794.99
8 37 -1891.64
8 38 -1982.46
8 39 -2066.84
8 40 -2144.34
8 41 -2214.62
8 42 -2277.49
8 43 -2332.83
8 44 -2380.6
8 45 -2420.83
8 46 -2453.58
8 47 -2478.94
8 48 -2496.97
8 49 -2507.77
8 50 -2511.36
8 51 -2507.77
8 52 -2496.97
8 53 -2478.94
8 54 -2453.58
8 55 -2420.83
8 56 -2380.6
8 57 -2332.83
8 58 -2277.49
8 59 -2214.62
8 60 -2144.34
8 61 -2066.84
8 62 -1982.46
8 63 -1891.64
8 64 -1794.99
8 65 -1693.23
8 66 -1587.26
8 67 -1478.03
8 68 -1366.71
8 69 -1254.4
8 70 -1142.42
8 71 -1031.94
8 72 -924.226
8 73 -820.389
8 74 -721.489
8 75 -628.414
8 76 -541.896
8 77 -462.472
8 78 -390.502
8 79 -326.093
8 80 -269.272
8 81 -219.727
8 82 -177.218
8 83 -141.145
8 84 -111.051
8 85 -86.2498
8 86 -66.1217
8 87 -50.0389
8 88 -37.3476
8 89 -27.5069
8 90 -19.973
8 91 -14.3012
8 92 -10.0893
8 93 -7.02619
8 94 -4.79823
8 95 -3.23181
8 96 -2.10459
8 97 -1.32633
8 98 -0.785215
8 99 -0.365029
8 100 0

9 0 0
9 1 -0.510972
9 2 -1.13838
9 3 -1.96799
9 4 -3.06373
9 5 -4.63437
9 6 -6.89106
9 7 -9.99664
9 8 -14.3012
9 9 -20.1454
9 10 -27.9504
9 11 -38.2369
9 12 -51.5967
9 13 -68.649
9 14 -90.1393
9 15 -116.772
9 16 -149.314
9 17 -188.501
9 18 -234.978
9 19 -289.373
9 20 -352.072
9 21 -423.428
9 22 -503.437
9 23 -592.048
9 24 -688.79
9 25 -793.139
9 26 -904.176
9 27 -1020.92
9 28 -1142.12
9 29 -1266.44
9 30 -1392.47
9 31 -1518.73
9 32 -1643.79
9 33 -1766.27
9 34 -1884.91
9 35 -1998.57
9 36 -2106.28
9 37 -2207.27
9 38 -2300.9
9 39 -2386.77
9 40 -2464.6
9 41 -2534.3
9 42 -2595.86
9 43 -2649.42
9 44 -2695.13
9 45 -2733.26
9 46 -2764.01
9 47 -2787.66
9 48 -2804.36
9 49 -2814.34
9 50 -2817.64
9 51 -2814.34
9 52 -2804.36
9 53 -2787.66
9 54 -2764.01
9 55 -2733.26
9 56 -2695.13
9 57 -2649.42
9 58 -2595.86
9 59 -2534.3
9 60 -2464.6
9 61 -2386.77
9 62 -2300.9
9 63 -2207.27
9 64 -2106.28
9 65 -1998.57
9 66 -1884.91
9 67 -1766.27
9 68 -1643.79
9 69 -1518.73
9 70 -1392.47
9 71 -1266.44
9 72 -1142.12
9 73 -1020.92
9 74 -904.176
9 75 -793.139
9 76 -688.79
9 77 -592.048
9 78 -503.437
9 79 -423.428
9 80 -352.072
9 81 -289.373
9 82 -234.978
9 83 -188.501
9 84 -149.314
9 85 -116.772
9 86 -90.1393
9 87 -68.649
9 88 -51.5967
9 89 -38.2369
9 90 -27.9504
9 91 -20.1454
9 92 -14.3012
9 93 -9.99664
9 94 -6.89106
9 95 -4.63437
9 96 -3.06373
9 97 -1.96799
9 98 -1.13838
9 99 -0.510972
9 100 0

10 0 0
10 1 -0.754859
10 2 -1.65288
10 3 -2.80185
10 4 -4.39247
10 5 -6.60692
10 6 -9.72449
10 7 -14.0634
10 8 -19.973
10 9 -27.9504
10 10 -38.5334
10 11 -52.3801
10 12 -70.2103
10 13 -92.8033
10 14 -121.01
10 15 -155.688
10 16 -197.67
10 17 -247.782
10 18 -306.681
10 19 -374.936
10 20 -452.907
10 21 -540.678
10 22 -638.188
10 23 -744.925
10 24 -860.308
10 25 -983.26
10 26 -1112.67
10 27 -1247.04
10 28 -1384.86
10 29 -1524.41
10 30 -1664.01
10 31 -1801.95
10 32 -1936.66
10 33 -2066.65
10 34 -2190.65
10 35 -2307.57
10 36 -2416.6
10 37 -2517.08
10 38 -2608.67
10 39 -2691.18
10 40 -2764.65
10 41 -2829.24
10 42 -2885.3
10 43 -2933.21
10 44 -2973.44
10 45 -3006.45
10 46 -3032.73
10 47 -3052.67
10 48 -3066.66
10 49 -3074.93
10 50 -3077.68
10 51 -3074.93
10 52 -3066.66
10 53 -3052.67
10 54 -3032.73
10 55 -3006.45
10 56 -2973.44
10 57 -2933.21
10 58 -2885.3
10 59 -2829.24
10 60 -2764.65
10 61 -2691.18
10 62 -2608.67
10 63 -2517.08
10 64 -2416.6
10 65 -2307.57
10 66 -2190.65
10 67 -2066.65
10 68 -1936.66
10 69 -1801.95
10 70 -1664.01
10 71 -1524.41
10 72 -1384.86
10 73 -1247.04
10 74 -1112.67
10 75 -983.26
10 76 -860.308
10 77 -744.925
10 78 -638.188
10 79 -540.678
10 80 -452.907
10 81 -374.936
10 82 -306.681
10 83 -247.782
10 84 -197.67
10 85 -155.688
10 86 -121.01
10 87 -92.8033
10 88 -70.2103
10 89 -52.3801
10 90 -38.5334
10 91 -27.9504
10 92 -19.973
10 93 -14.0634
10 94 -9.72449
10 95 -6.60692
10 96 -4.39247
10 97 -2.80185
10 98 -1.65288
10 99 -0.754859
10 100 0

11 0 0
11 1 -1.08176
11 2 -2.34334
11 3 -3.97683
11 4 -6.18389
11 5 -9.29115
11 6 -13.571
11 7 -19.4648
11 8 -27.5069
11 9 -38.2369
11 10 -52.3801
11 11 -70.7371
11 12 -94.1567
11 13 -123.606
11 14 -160.05
11 15 -204.454
11 16 -257.753
11 17 -320.742
11 18 -394.089
11 19 -478.228
11 20 -573.338
11 21 -679.306
11 22 -795.673
11 23 -921.684
11 24 -1056.2
11 25 -1197.88
11 26 -1344.99
11 27 -1495.8
11 28 -1648.23
11 29 -1800.39
11 30 -1950.2
11 31 -2095.9
11 32 -2235.72
11 33 -2368.24
11 34 -2492.22
11 35 -2606.8
11 36 -2711.32
11 37 -2805.48
11 38 -2889.24
11 39 -2962.77
11 40 -3026.5
11 41 -3080.96
11 42 -3126.86
11 43 -3164.92
11 44 -3195.95
11 45 -3220.67
11 46 -3239.83
11 47 -3254.03
11 48 -3263.79
11 49 -3269.48
11 50 -3271.36
11 51 -3269.48
11 52 -3263.79
11 53 -3254.03
11 54 -3239.83
11 55 -3220.67
11 56 -3195.95
11 57 -3164.92
11 58 -3126.86
11 59 -3080.96
11 60 -3026.5
11 61 -2962.77
11 62 -2889.24
11 63 -2805.48
11 64 -2711.32
11 65 -2606.8
11 66 -2492.22
11 67 -2368.24
11 68 -2235.72
11 69 -2095.9
11 70 -1950.2
11 71 -1800.39
11 72 -1648.23
11 73 -1495.8
11 74 -1344.99
11 75 -1197.88
11 76 -1056.2
11 77 -921.684
11 78 -795.673
11 79 -679.306
11 80 -573.338
11 81 -478.228
11 82 -394.089
11 83 -320.742
11 84 -257.753
11 85 -204.454
11 86 -160.05
11 87 -123.606
11 88 -94.1567
11 89 -70.7371
11 90 -52.3801
11 91 -38.2369
11 92 -27.5069
11 93 -19.4648
11 94 -13.571
11 95 -9.29115
11 96 -6.18389
11 97 -3.97683
11 98 -2.34334
11 99 -1.08176
11 100 0

12 0 0
12 1 -1.51748
12 2 -3.28761
12 3 -5.55403
12 4 -8.6341
12 5 -12.8342
12 6 -18.6606
12 7 -26.6203
12 8 -37.3476
12 9 -51.5967
12 10 -70.2103
12 11 -94.1567
12 12 -124.477
12 13 -162.265
12 14 -208.623
12 15 -264.584
12 16 -331.117
12 17 -408.975
12 18 -498.708
12 19 -600.574
12 20 -714.451
12 21 -839.9
12 22 -976.025
12 23 -1121.59
12 24 -1275.01
12 25 -1434.33
12 26 -1597.47
12 27 -1762.08
12 28 -1925.89
12 29 -2086.5
12 30 -2241.84
12 31 -2389.86
12 32 -2528.95
12 33 -2657.69
12 34 -2775.15
12 35 -2880.65
12 36 -2974
12 37 -3055.22
12 38 -3124.76
12 39 -3183.21
12 40 -3231.48
12 41 -3270.53
12 42 -3301.48
12 43 -3325.44
12 44 -3343.54
12 45 -3356.84
12 46 -3366.3
12 47 -3372.74
12 48 -3376.85
12 49 -3379.11
12 50 -3379.83
12 51 -3379.11
12 52 -3376.85
12 53 -3372.74
12 54 -3366.3
12 55 -3356.84
12 56 -3343.54
12 57 -3325.44
12 58 -3301.48
12 59 -3270.53
12 60 -3231.48
12 61 -3183.21
12 62 -3124.76
12 63 -3055.22
12 64 -2974
12 65 -2880.65
12 66 -2775.15
12 67 -2657.69
12 68 -2528.95
12 69 -2389.86
12 70 -2241.84
12 71 -2086.5
12 72 -1925.89
12 73 -1762.08
12 74 -1597.47
12 75 -1434.33
12 76 -1275.01
12 77 -1121.59
12 78 -976.025
12 79 -839.9
12 80 -714.451
12 81 -600.574
12 82 -498.708
12 83 -408.975
12 84 -331.117
12 85 -264.584
12 86 -208.623
12 87 -162.265
12 88 -124.477
12 89 -94.1567
12 90 -70.2103
12 91 -51.5967
12 92 -37.3476
12 93 -26.6203
12 94 -18.6606
12 95 -12.8342
12 96 -8.6341
12 97 -5.55403
12 98 -3.28761
12 99 -1.51748
12 100 0

13 0 0
13 1 -2.13242
13 2 -4.55168
13 3 -7.65279
13 4 -11.8267
13 5 -17.5479
13 6 -25.3169
13 7 -35.8982
13 8 -50.0389
13 9 -68.649
13 10 -92.8033
13 11 -123.606
13 12 -162.265
13 13 -210.03
13 14 -268.057
13 15 -337.466
13 16 -419.15
13 17 -513.77
13 18 -621.662
13 19 -742.762
13 20 -876.581
13 21 -1022.17
13 22 -1178.14
13 23 -1342.66
13 24 -1513.55
13 25 -1688.32
13 26 -1864.34
13 27 -2038.87
13 28 -2209.22
13 29 -2372.86
13 30 -2527.48
13 31 -2671.21
13 32 -2802.41
13 33 -2920.1
13 34 -3023.52
13 35 -3112.59
13 36 -3187.45
13 37 -3248.79
13 38 -3297.45
13 39 -3334.7
13 40 -3361.82
13 41 -3380.36
13 42 -3391.8
13 43 -3397.7
13 44 -3399.48
13 45 -3398.53
13 46 -3396
13 47 -3392.95
13 48 -3390.16
13 49 -3388.26
13 50 -3387.58
13 51 -3388.26
13 52 -3390.16
13 53 -3392.95
13 54 -3396
13 55 -3398.53
13 56 -3399.48
13 57 -3397.7
13 58 -3391.8
13 59 -3380.36
13 60 -3361.82
13 61 -3334.7
13 62 -3297.45
13 63 -3248.79
13 64 -3187.45
13 65 -3112.59
13 66 -3023.52
13 67 -2920.1
13 68 -2802.41
13 69 -2671.21
13 70 -2527.48
13 71 -2372.86
13 72 -2209.22
13 73 -2038.87
13 74 -1864.34
13 75 -1688.32
13 76 -1513.55
13 77 -1342.66
13 78 -1178.14
13 79 -1022.17
13 80 -876.581
13 81 -742.762
13 82 -621.662
13 83 -513.77
13 84 -419.15
13 85 -337.466
13 86 -268.057
13 87 -210.03
13 88 -162.265
13 89 -123.606
13 90 -92.8033
13 91 -68.649
13 92 -50.0389
13 93 -35.8982
13 94 -25.3169
13 95 -17.5479
13 96 -11.8267
13 97 -7.65279
13 98 -4.55168
13 99 -2.13242
13 100 0

14 0 0
14 1 -2.9026
14 2 -6.224
14 3 -10.4186
14 4 -16.0308
14 5 -23.6104
14 6 -33.9244
14 7 -47.7496
14 8 -66.1217
14 9 -90.1393
14 10 -121.01
14 11 -160.05
14 12 -208.623
14 13 -268.057
14 14 -339.601
14 15 -424.312
14 16 -522.989
14 17 -636.045
14 18 -763.511
14 19 -904.866
14 20 -1059.12
14 21 -1224.72
14 22 -1399.61
14 23 -1581.35
14 24 -1767.06
14 25 -1953.71
14 26 -2138.12
14 27 -2317.18
14 28 -2487.93
14 29 -2647.7
14 30 -2794.29
14 31 -2925.88
14 32 -3041.29
14 33 -3139.79
14 34 -3221.31
14 35 -3286.18
14 36 -3335.29
14 37 -3369.81
14 38 -3391.35
14 39 -3401.6
14 40 -3402.52
14 41 -3396.02
14 42 -3384.13
14 43 -3368.65
14 44 -3351.42
14 45 -3333.96
14 46 -3317.74
14 47 -3303.85
14 48 -3293.29
14 49 -3286.65
14 50 -3284.42
14 51 -3286.65
14 52 -3293.29
14 53 -3303.85
14 54 -3317.74
14 55 -3333.96
14 56 -3351.42
14 57 -3368.65
14 58 -3384.13
14 59 -3396.02
14 60 -3402.52
14 61 -3401.6
14 62 -3391.35
14 63 -3369.81
14 64 -3335.29
14 65 -3286.18
14 66 -3221.31
14 67 -3139.79
14 68 -3041.29
14 69 -2925.88
14 70 -2794.29
14 71 -2647.7
14 72 -2487.93
14 73 -2317.18
14 74 -2138.12
14 75 -1953.71
14 76 -1767.06
14 77 -1581.35
14 78 -1399.61
14 79 -1224.72
14 80 -1059.12
14 81 -904.866
14 82 -763.511
14 83 -636.045
14 84 -522.989
14 85 -424.312
14 86 -339.601
14 87 -268.057
14 88 -208.623
14 89 -160.05
14 90 -121.01
14 91 -90.1393
14 92 -66.1217
14 93 -47.7496
14 94 -33.9244
14 95 -23.6104
14 96 -16.0308
14 97 -10.4186
14 98 -6.224
14 99 -2.9026
14 100 0

15 0 0
15 1 -3.92391
15 2 -8.38797
15 3 -14.0107
15 4 -21.4173
15 5 -31.3944
15 6 -44.7976
15 7 -62.7175
15 8 -86.2498
15 9 -116.772
15 10 -155.688
15 11 -204.454
15 12 -264.584
15 13 -337.466
15 14 -424.312
15 15 -526.095
15 16 -643.339
15 17 -776.165
15 18 -924.091
15 19 -1086.07
15 20 -1260.42
15 21 -1444.9
15 22 -1636.71
15 23 -1832.65
15 24 -2029.21
15 25 -2222.76
15 26 -2409.69
15 27 -2586.55
15 28 -2750.29
15 29 -2898.28
15 30 -3028.51
15 31 -3139.54
15 32 -3230.67
15 33 -3301.8
15 34 -3353.48
15 35 -3386.79
15 36 -3403.28
15 37 -3404.89
15 38 -3393.77
15 39 -3372.34
15 40 -3342.95
15 41 -3308.09
15 42 -3270.01
15 43 -3230.99
15 44 -3192.93
15 45 -3157.7
15 46 -3126.72
15 47 -3101.36
15 48 -3082.49
15 49 -3070.93
15 50 -3066.99
15 51 -3070.93
15 52 -3082.49
15 53 -3101.36
15 54 -3126.72
15 55 -3157.7
15 56 -3192.93
15 57 -3230.99
15 58 -3270.01
15 59 -3308.09
15 60 -3342.95
15 61 -3372.34
15 62 -3393.77
15 63 -3404.89
15 64 -3403.28
15 65 -3386.79
15 66 -3353.48
15 67 -3301.8
15 68 -3230.67
15 69 -3139.54
15 70 -3028.51
15 71 -2898.28
15 72 -2750.29
15 73 -2586.55
15 74 -2409.69
15 75 -2222.76
15 76 -2029.21
15 77 -1832.65
15 78 -1636.71
15 79 -1444.9
15 80 -1260.42
15 81 -1086.07
15 82 -924.091
15 83 -776.165
15 84 -643.339
15 85 -526.095
15 86 -424.312
15 87 -337.466
15 88 -264.584
15 89 -204.454
15 90 -155.688
15 91 -116.772
15 92 -86.2498
15 93 -62.7175
15 94 -44.7976
15 95 -31.3944
15 96 -21.4173
15 97 -14.0107
15 98 -8.38797
15 99 -3.92391
15 100 0

16 0 0
16 1 -5.23662
16 2 -11.1807
16 3 -18.5649
16 4 -28.2585
16 5 -41.187
16 6 -58.4665
16 7 -81.2588
16 8 -111.051
16 9 -149.314
16 10 -197.67
16 11 -257.753
16 12 -331.117
16 13 -419.15
16 14 -522.989
16 15 -643.339
16 16 -780.415
16 17 -933.813
16 18 -1102.47
16 19 -1284.6
16 20 -1477.77
16 21 -1678.87
16 22 -1884.33
16 23 -2090.17
16 24 -2292.26
16 25 -2486.43
16 26 -2668.72
16 27 -2835.59
16 28 -2983.98
16 29 -3111.54
16 30 -3216.65
16 31 -3298.5
16 32 -3357.03
16 33 -3392.92
16 34 -3407.54
16 35 -3402.77
16 36 -3380.95
16 37 -3344.73
16 38 -3296.94
16 39 -3240.5
16 40 -3178.31
16 41 -3113.13
16 42 -3047.61
16 43 -2984.11
16 44 -2924.78
16 45 -2871.46
16 46 -2825.73
16 47 -2788.85
16 48 -2761.82
16 49 -2745.31
16 50 -2739.77
16 51 -2745.31
16 52 -2761.82
16 53 -2788.85
16 54 -2825.73
16 55 -2871.46
16 56 -2924.78
16 57 -2984.11
16 58 -3047.61
16 59 -3113.13
16 60 -3178.31
16 61 -3240.5
16 62 -3296.94
16 63 -3344.73
16 64 -3380.95
16 65 -3402.77
16 66 -3407.54
16 67 -3392.92
16 68 -3357.03
16 69 -3298.5
16 70 -3216.65
16 71 -3111.54
16 72 -2983.98
16 73 -2835.59
16 74 -2668.72
16 75 -2486.43
16 76 -2292.26
16 77 -2090.17
16 78 -1884.33
16 79 -1678.87
16 80 -1477.77
16 81 -1284.6
16 82 -1102.47
16 83 -933.813
16 84 -780.415
16 85 -643.339
16 86 -522.989
16 87 -419.15
16 88 -331.117
16 89 -257.753
16 90 -197.67
16 91 -149.314
16 92 -111.051
16 93 -81.2588
16 94 -58.4665
16 95 -41.187
16 96 -28.2585
16 97 -18.5649
16 98 -11.1807
16 99 -5.23662
16 100 0

17 0 0
17 1 -6.88434
17 2 -14.6834
17 3 -24.3312
17 4 -36.8186
17 5 -53.3706
17 6 -75.2671
17 7 -104.007
17 8 -141.145
17 9 -188.501
17 10 -247.782
17 11 -320.742
17 12 -408.975
17 13 -513.77
17 14 -636.045
17 15 -776.165
17 16 -933.813
17 17 -1107.98
17 18 -1296.8
17 19 -1497.69
17 20 -1707.26
17 21 -1921.56
17 22 -2136.16
17 23 -2346.35
17 24 -2547.41
17 25 -2734.79
17 26 -2904.37
17 27 -3052.63
17 28 -3176.83
17 29 -3275.08
17 30 -3346.43
17 31 -3390.85
17 32 -3409.17
17 33 -3402.98
17 34 -3374.59
17 35 -3326.73
17 36 -3262.57
17 37 -3185.44
17 38 -3098.79
17 39 -3005.98
17 40 -2910.3
17 41 -2814.75
17 42 -2722.11
17 43 -2634.85
17 44 -2555.1
17 45 -2484.68
17 46 -2425.1
17 47 -2377.56
17 48 -2342.96
17 49 -2321.96
17 50 -2314.91
17 51 -2321.96
17 52 -2342.96
17 53 -2377.56
17 54 -2425.1
17 55 -2484.68
17 56 -2555.1
17 57 -2634.85
17 58 -2722.11
17 59 -2814.75
17 60 -2910.3
17 61 -3005.98
17 62 -3098.79
17 63 -3185.44
17 64 -3262.57
17 65 -3326.73
17 66 -3374.59
17 67 -3402.98
17 68 -3409.17
17 69 -3390.85
17 70 -3346.43
17 71 -3275.08
17 72 -3176.83
17 73 -3052.63
17 74 -2904.37
17 75 -2734.79
17 76 -2547.41
17 77 -2346.35
17 78 -2136.16
17 79 -1921.56
17 80 -1707.26
17 81 -1497.69
17 82 -1296.8
17 83 -1107.98
17 84 -933.813
17 85 -776.165
17 86 -636.045
17 87 -513.77
17 88 -408.975
17 89 -320.742
17 90 -247.782
17 91 -188.501
17 92 -141.145
17 93 -104.007
17 94 -75.2671
17 95 -53.3706
17 96 -36.8186
17 97 -24.3312
17 98 -14.6834
17 99 -6.88434
17 100 0

18 0 0
18 1 -8.96852
18 2 -19.0698
18 3 -31.4431
18 4 -47.3861
18 5 -68.2905
18 6 -95.7467
18 7 -131.417
18 8 -177.218
18 9 -234.978
18 10 -306.681
18 11 -394.089
18 12 -498.708
18 13 -621.662
18 14 -763.511
18 15 -924.091
18 16 -1102.47
18 17 -1296.8
18 18 -1504.35
18 19 -1721.54
18 20 -1944.04
18 21 -2166.93
18 22 -2384.98
18 23 -2592.81
18 24 -2785.28
18 25 -2957.62
18 26 -3105.77
18 27 -3226.53
18 28 -3317.68
18 29 -3378.1
18 30 -3407.72
18 31 -3407.52
18 32 -3379.36
18 33 -3325.9
18 34 -3250.37
18 35 -3156.45
18 36 -3048.04
18 37 -2929.12
18 38 -2803.61
18 39 -2675.23
18 40 -2547.44
18 41 -2423.37
18 42 -2305.76
18 43 -2197.02
18 44 -2099.14
18 45 -2013.79
18 46 -1942.28
18 47 -1885.67
18 48 -1844.71
18 49 -1819.93
18 50 -1811.63
18 51 -1819.93
18 52 -1844.71
18 53 -1885.67
18 54 -1942.28
18 55 -2013.79
18 56 -2099.14
18 57 -2197.02
18 58 -2305.76
18 59 -2423.37
18 60 -2547.44
18 61 -2675.23
18 62 -2803.61
18 63 -2929.12
18 64 -3048.04
18 65 -3156.45
18 66 -3250.37
18 67 -3325.9
18 68 -3379.36
18 69 -3407.52
18 70 -3407.72
18 71 -3378.1
18 72 -3317.68
18 73 -3226.53
18 74 -3105.77
18 75 -2957.62
18 76 -2785.28
18 77 -2592.81
18 78 -2384.98
18 79 -2166.93
18 80 -1944.04
18 81 -1721.54
18 82 -1504.35
18 83 -1296.8
18 84 -1102.47
18 85 -924.091
18 86 -763.511
18 87 -621.662
18 88 -498.708
18 89 -394.089
18 90 -306.681
18 91 -234.978
18 92 -177.218
18 93 -131.417
18 94 -95.7467
18 95 -68.2905
18 96 -47.3861
18 97 -31.4431
18 98 -19.0698
18 99 -8.96852
18 100 0

19 0 0
19 1 -11.528
19 2 -24.4432
19 3 -40.1724
19 4 -60.2302
19 5 -86.345
19 6 -120.296
19 7 -164.085
19 8 -219.727
19 9 -289.373
19 10 -374.936
19 11 -478.228
19 12 -600.574
19 13 -742.762
19 14 -904.866
19 15 -1086.07
19 16 -1284.6
19 17 -1497.69
19 18 -1721.54
19 19 -1951.55
19 20 -2182.34
19 21 -2408.12
19 22 -2622.89
19 23 -2820.79
19 24 -2996.41
19 25 -3145.03
19 26 -3262.92
19 27 -3347.47
19 28 -3397.31
19 29 -3412.31
19 30 -3393.52
19 31 -3343.1
19 32 -3264.09
19 33 -3160.23
19 34 -3035.76
19 35 -2895.16
19 36 -2743.04
19 37 -2583.85
19 38 -2421.84
19 39 -2260.87
19 40 -2104.46
19 41 -1955.59
19 42 -1816.89
19 43 -1690.44
19 44 -1578.02
19 45 -1480.96
19 46 -1400.33
19 47 -1336.9
19 48 -1291.24
19 49 -1263.69
19 50 -1254.49
19 51 -1263.69
19 52 -1291.24
19 53 -1336.9
19 54 -1400.33
19 55 -1480.96
19 56 -1578.02
19 57 -1690.44
19 58 -1816.89
19 59 -1955.59
19 60 -2104.46
19 61 -2260.87
19 62 -2421.84
19 63 -2583.85
19 64 -2743.04
19 65 -2895.16
19 66 -3035.76
19 67 -3160.23
19 68 -3264.09
19 69 -3343.1
19 70 -3393.52
19 71 -3412.31
19 72 -3397.31
19 73 -3347.47
19 74 -3262.92
19 75 -3145.03
19 76 -2996.41
19 77 -2820.79
19 78 -2622.89
19 79 -2408.12
19 80 -2182.34
19 81 -1951.55
19 82 -1721.54
19 83 -1497.69
19 84 -1284.6
19 85 -1086.07
19 86 -904.866
19 87 -742.762
19 88 -600.574
19 89 -478.228
19 90 -374.936
19 91 -289.373
19 92 -219.727
19 93 -164.085
19 94 -120.296
19 95 -86.345
19 96 -60.2302
19 97 -40.1724
19 98 -24.4432
19 99 -11.528
19 100 0

20 0 0
20 1 -14.6387
20 2 -30.9664
20 3 -50.6967
20 4 -75.6791
20 5 -107.849
20 6 -149.361
20 7 -202.405
20 8 -269.272
20 9 -352.072
20 10 -452.907
20 11 -573.338
20 12 -714.451
20 13 -876.581
20 14 -1059.12
20 15 -1260.42
20 16 -1477.77
20 17 -1707.26
20 18 -1944.04
20 19 -2182.34
20 20 -2415.83
20 21 -2637.86
20 22 -2841.86
20 23 -3021.66
20 24 -3171.87
20 25 -3288.1
20 26 -3367.27
20 27 -3407.67
20 28 -3409.05
20 29 -3372.52
20 30 -3300.47
20 31 -3196.36
20 32 -3064.43
20 33 -2909.54
20 34 -2736.83
20 35 -2551.54
20 36 -2358.74
20 37 -2163.21
20 38 -1969.3
20 39 -1780.85
20 40 -1601.14
20 41 -1432.92
20 42 -1278.38
20 43 -1139.27
20 44 -1016.9
20 45 -912.222
20 46 -825.912
20 47 -758.43
20 48 -710.059
20 49 -680.98
20 50 -671.275
20 51 -680.98
20 52 -710.059
20 53 -758.43
20 54 -825.912
20 55 -912.222
20 56 -1016.9
20 57 -1139.27
20 58 -1278.38
20 59 -1432.92
20 60 -1601.14
20 61 -1780.85
20 62 -1969.3
20 63 -2163.21
20 64 -2358.74
20 65 -2551.54
20 66 -2736.83
20 67 -2909.54
20 68 -3064.43
20 69 -3196.36
20 70 -3300.47
20 71 -3372.52
20 72 -3409.05
20 73 -3407.67
20 74 -3367.27
20 75 -3288.1
20 76 -3171.87
20 77 -3021.66
20 78 -2841.86
20 79 -2637.86
20 80 -2415.83
20 81 -2182.34
20 82 -1944.04
20 83 -1707.26
20 84 -1477.77
20 85 -1260.42
20 86 -1059.12
20 87 -876.581
20 88 -714.451
20 89 -573.338
20 90 -452.907
20 91 -352.072
20 92 -269.272
20 93 -202.405
20 94 -149.361
20 95 -107.849
20 96 -75.6791
20 97 -50.6967
20 98 -30.9664
20 99 -14.6387
20 100 0

21 0 0
21 1 -18.3896
21 2 -38.7723
21 3 -63.2363
21 4 -93.9407
21 5 -133.182
21 6 -183.307
21 7 -246.82
21 8 -326.093
21 9 -423.428
21 10 -540.678
21 11 -679.306
21 12 -839.9
21 13 -1022.17
21 14 -1224.72
21 15 -1444.9
21 16 -1678.87
21 17 -1921.56
21 18 -2166.93
21 19 -2408.12
21 20 -2637.86
21 21 -2848.85
21 22 -3034.11
21 23 -3187.47
21 24 -3303.83
21 25 -3379.51
21 26 -3412.38
21 27 -3401.96
21 28 -3349.38
21 29 -3257.21
21 30 -3129.27
21 31 -2970.4
21 32 -2786.07
21 33 -2582.13
21 34 -2364.52
21 35 -2138.99
21 36 -1910.92
21 37 -1685.17
21 38 -1465.95
21 39 -1256.83
21 40 -1060.69
21 41 -879.769
21 42 -715.766
21 43 -569.843
21 44 -442.802
21 45 -335.08
21 46 -246.936
21 47 -178.416
21 48 -129.541
21 49 -100.232
21 50 -90.4788
21 51 -100.232
21 52 -129.541
21 53 -178.416
21 54 -246.936
21 55 -335.08
21 56 -442.802
21 57 -569.843
21 58 -715.766
21 59 -879.769
21 60 -1060.69
21 61 -1256.83
21 62 -1465.95
21 63 -1685.17
21 64 -1910.92
21 65 -2138.99
21 66 -2364.52
21 67 -2582.13
21 68 -2786.07
21 69 -2970.4
21 70 -3129.27
21 71 -3257.21
21 72 -3349.38
21 73 -3401.96
21 74 -3412.38
21 75 -3379.51
21 76 -3303.83
21 77 -3187.47
21 78 -3034.11
21 79 -2848.85
21 80 -2637.86
21 81 -2408.12
21 82 -2166.93
21 83 -1921.56
21 84 -1678.87
21 85 -1444.9
21 86 -1224.72
21 87 -1022.17
21 88 -839.9
21 89 -679.306
21 90 -540.678
21 91 -423.428
21 92 -326.093
21 93 -246.82
21 94 -183.307
21 95 -133.182
21 96 -93.9407
21 97 -63.2363
21 98 -38.7723
21 99 -18.3896
21 100 0

22 0 0
22 1 -22.8025
22 2 -47.9875
22 3 -77.9885
22 4 -115.329
22 5 -162.57
22 6 -222.433
22 7 -297.561
22 8 -390.502
22 9 -503.437
22 10 -638.188
22 11 -795.673
22 12 -976.025
22 13 -1178.14
22 14 -1399.61
22 15 -1636.71
22 16 -1884.33
22 17 -2136.16
22 18 -2384.98
22 19 -2622.89
22 20 -2841.86
22 21 -3034.11
22 22 -3192.57
22 23 -3311.36
22 24 -3386.07
22 25 -3414.02
22 26 -3394.41
22 27 -3328.23
22 28 -3218.23
22 29 -3068.57
22 30 -2884.61
22 31 -2672.51
22 32 -2438.88
22 33 -2190.42
22 34 -1933.64
22 35 -1674.59
22 36 -1418.69
22 37 -1170.6
22 38 -934.158
22 39 -712.431
22 40 -507.68
22 41 -321.511
22 42 -154.92
22 43 -8.44273
22 44 117.762
22 45 223.785
22 46 309.879
22 47 376.368
22 48 423.58
22 49 451.786
22 50 461.168
22 51 451.786
22 52 423.58
22 53 376.368
22 54 309.879
22 55 223.785
22 56 117.762
22 57 -8.44273
22 58 -154.92
22 59 -321.511
22 60 -507.68
22 61 -712.431
22 62 -934.158
22 63 -1170.6
22 64 -1418.69
22 65 -1674.59
22 66 -1933.64
22 67 -2190.42
22 68 -2438.88
22 69 -2672.51
22 70 -2884.61
22 71 -3068.57
22 72 -3218.23
22 73 -3328.23
22 74 -3394.41
22 75 -3414.02
22 76 -3386.07
22 77 -3311.36
22 78 -3192.57
22 79 -3034.11
22 80 -2841.86
22 81 -2622.89
22 82 -2384.98
22 83 -2136.16
22 84 -1884.33
22 85 -1636.71
22 86 -1399.61
22 87 -1178.14
22 88 -976.025
22 89 -795.673
22 90 -638.188
22 91 -503.437
22 92 -390.502
22 93 -297.561
22 94 -222.433
22 95 -162.57
22 96 -115.329
22 97 -77.9885
22 98 -47.9875
22 99 -22.8025
22 100 0

23 0 0
23 1 -27.9873
23 2 -58.7361
23 3 -95.1075
23 4 -139.981
23 5 -196.288
23 6 -266.938
23 7 -354.823
23 8 -462.472
23 9 -592.048
23 10 -744.925
23 11 -921.684
23 12 -1121.59
23 13 -1342.66
23 14 -1581.35
23 15 -1832.65
23 16 -2090.17
23 17 -2346.35
23 18 -2592.81
23 19 -2820.79
23 20 -3021.66
23 21 -3187.47
23 22 -3311.36
23 23 -3388.13
23 24 -3414.38
23 25 -3388.85
23 26 -3312.3
23 27 -3187.49
23 28 -3018.9
23 29 -2812.39
23 30 -2574.8
23 31 -2313.54
23 32 -2036.15
23 33 -1749.97
23 34 -1461.81
23 35 -1177.75
23 36 -902.928
23 37 -641.573
23 38 -396.904
23 39 -171.255
23 40 33.8828
23 41 217.701
23 42 379.969
23 43 520.878
23 44 640.919
23 45 740.761
23 46 821.139
23 47 882.78
23 48 926.308
23 49 952.223
23 50 960.822
23 51 952.223
23 52 926.308
23 53 882.78
23 54 821.139
23 55 740.761
23 56 640.919
23 57 520.878
23 58 379.969
23 59 217.701
23 60 33.8828
23 61 -171.255
23 62 -396.904
23 63 -641.573
23 64 -902.928
23 65 -1177.75
23 66 -1461.81
23 67 -1749.97
23 68 -2036.15
23 69 -2313.54
23 70 -2574.8
23 71 -2812.39
23 72 -3018.9
23 73 -3187.49
23 74 -3312.3
23 75 -3388.85
23 76 -3414.38
23 77 -3388.13
23 78 -3311.36
23 79 -3187.47
23 80 -3021.66
23 81 -2820.79
23 82 -2592.81
23 83 -2346.35
23 84 -2090.17
23 85 -1832.65
23 86 -1581.35
23 87 -1342.66
23 88 -1121.59
23 89 -921.684
23 90 -744.925
23 91 -592.048
23 92 -462.472
23 93 -354.823
23 94 -266.938
23 95 -196.288
23 96 -139.981
23 97 -95.1075
23 98 -58.7361
23 99 -27.9873
23 100 0

24 0 0
24 1 -33.9488
24 2 -71.1092
24 3 -114.731
24 4 -168.095
24 5 -234.43
24 6 -316.95
24 7 -418.577
24 8 -541.896
24 9 -688.79
24 10 -860.308
24 11 -1056.2
24 12 -1275.01
24 13 -1513.55
24 14 -1767.06
24 15 -2029.21
24 16 -2292.26
24 17 -2547.41
24 18 -2785.28
24 19 -2996.41
24 20 -3171.87
24 21 -3303.83
24 22 -3386.07
24 23 -3414.38
24 24 -3386.81
24 25 -3303.77
24 26 -3167.88
24 27 -2983.81
24 28 -2757.88
24 29 -2497.58
24 30 -2211.17
24 31 -1907.06
24 32 -1593.53
24 33 -1278.25
24 34 -968.011
24 35 -668.599
24 36 -384.637
24 37 -119.624
24 38 124.055
24 39 344.954
24 40 542.498
24 41 716.746
24 42 868.301
24 43 998.077
24 44 1107.23
24 45 1196.97
24 46 1268.5
24 47 1322.89
24 48 1361.05
24 49 1383.67
24 50 1391.16
24 51 1383.67
24 52 1361.05
24 53 1322.89
24 54 1268.5
24 55 1196.97
24 56 1107.23
24 57 998.077
24 58 868.301
24 59 716.746
24 60 542.498
24 61 344.954
24 62 124.055
24 63 -119.624
24 64 -384.637
24 65 -668.599
24 66 -968.011
24 67 -1278.25
24 68 -1593.53
24 69 -1907.06
24 70 -2211.17
24 71 -2497.58
24 72 -2757.88
24 73 -2983.81
24 74 -3167.88
24 75 -3303.77
24 76 -3386.81
24 77 -3414.38
24 78 -3386.07
24 79 -3303.83
24 80 -3171.87
24 81 -2996.41
24 82 -2785.28
24 83 -2547.41
24 84 -2292.26
24 85 -2029.21
24 86 -1767.06
24 87 -1513.55
24 88 -1275.01
24 89 -1056.2
24 90 -860.308
24 91 -688.79
24 92 -541.896
24 93 -418.577
24 94 -316.95
24 95 -234.43
24 96 -168.095
24 97 -114.731
24 98 -71.1092
24 99 -33.9488
24 100 0

25 0 0
25 1 -40.7521
25 2 -85.1698
25 3 -136.949
25 4 -199.728
25 5 -277.087
25 6 -372.393
25 7 -488.704
25 8 -628.414
25 9 -793.139
25 10 -983.26
25 11 -1197.88
25 12 -1434.33
25 13 -1688.32
25 14 -1953.71
25 15 -2222.76
25 16 -2486.43
25 17 -2734.79
25 18 -2957.62
25 19 -3145.03
25 20 -3288.1
25 21 -3379.51
25 22 -3414.02
25 23 -3388.85
25 24 -3303.77
25 25 -3161.15
25 26 -2965.68
25 27 -2724.01
25 28 -2444.27
25 29 -2135.5
25 30 -1807.12
25 31 -1468.36
25 32 -1127.86
25 33 -793.288
25 34 -471.139
25 35 -166.567
25 36 116.597
25 37 375.811
25 38 609.68
25 39 817.793
25 40 1000.54
25 41 1158.91
25 42 1294.29
25 43 1408.34
25 44 1502.78
25 45 1579.34
25 46 1639.59
25 47 1684.93
25 48 1716.47
25 49 1735.06
25 50 1741.2
25 51 1735.06
25 52 1716.47
25 53 1684.93
25 54 1639.59
25 55 1579.34
25 56 1502.78
25 57 1408.34
25 58 1294.29
25 59 1158.91
25 60 1000.54
25 61 817.793
25 62 609.68
25 63 375.811
25 64 116.597
25 65 -166.567
25 66 -471.139
25 67 -793.288
25 68 -1127.86
25 69 -1468.36
25 70 -1807.12
25 71 -2135.5
25 72 -2444.27
25 73 -2724.01
25 74 -2965.68
25 75 -3161.15
25 76 -3303.77
25 77 -3388.85
25 78 -3414.02
25 79 -3379.51
25 80 -3288.1
25 81 -3145.03
25 82 -2957.62
25 83 -2734.79
25 84 -2486.43
25 85 -2222.76
25 86 -1953.71
25 87 -1688.32
25 88 -1434.33
25 89 -1197.88
25 90 -983.26
25 91 -793.139
25 92 -628.414
25 93 -488.704
25 94 -372.393
25 95 -277.087
25 96 -199.728
25 97 -136.949
25 98 -85.1698
25 99 -40.7521
25 100 0

26 0 0
26 1 -48.4141
26 2 -100.969
26 3 -161.777
26 4 -234.896
26 5 -324.179
26 6 -433.179
26 7 -564.859
26 8 -721.489
26 9 -904.176
26 10 -1112.67
26 11 -1344.99
26 12 -1597.47
26 13 -1864.34
26 14 -2138.12
26 15 -2409.69
26 16 -2668.72
26 17 -2904.37
26 18 -3105.77
26 19 -3262.92
26 20 -3367.27
26 21 -3412.38
26 22 -3394.41
26 23 -3312.3
26 24 -3167.88
26 25 -2965.68
26 26 -2712.52
26 27 -2417.06
26 28 -2089.12
26 29 -1739.07
26 30 -1377.23
26 31 -1013.3
26 32 -655.939
26 33 -312.481
26 34 11.2407
26 35 310.962
26 36 583.894
26 37 828.612
26 38 1044.85
26 39 1233.28
26 40 1395.28
26 41 1532.72
26 42 1647.77
26 43 1742.69
26 44 1819.73
26 45 1881.01
26 46 1928.42
26 47 1963.56
26 48 1987.73
26 49 2001.84
26 50 2006.49
26 51 2001.84
26 52 1987.73
26 53 1963.56
26 54 1928.42
26 55 1881.01
26 56 1819.73
26 57 1742.69
26 58 1647.77
26 59 1532.72
26 60 1395.28
26 61 1233.28
26 62 1044.85
26 63 828.612
26 64 583.894
26 65 310.962
26 66 11.2407
26 67 -312.481
26 68 -655.939
26 69 -1013.3
26 70 -1377.23
26 71 -1739.07
26 72 -2089.12
26 73 -2417.06
26 74 -2712.52
26 75 -2965.68
26 76 -3167.88
26 77 -3312.3
26 78 -3394.41
26 79 -3412.38
26 80 -3367.27
26 81 -3262.92
26 82 -3105.77
26 83 -2904.37
26 84 -2668.72
26 85 -2409.69
26 86 -2138.12
26 87 -1864.34
26 88 -1597.47
26 89 -1344.99
26 90 -1112.67
26 91 -904.176
26 92 -721.489
26 93 -564.859
26 94 -433.179
26 95 -324.179
26 96 -234.896
26 97 -161.777
26 98 -100.969
26 99 -48.4141
26 100 0

27 0 0
27 1 -56.923
27 2 -118.479
27 3 -189.223
27 4 -273.537
27 5 -375.567
27 6 -498.94
27 7 -646.592
27 8 -820.389
27 9 -1020.92
27 10 -1247.04
27 11 -1495.8
27 12 -1762.08
27 13 -2038.87
27 14 -2317.18
27 15 -2586.55
27 16 -2835.59
27 17 -3052.63
27 18 -3226.53
27 19 -3347.47
27 20 -3407.67
27 21 -3401.96
27 22 -3328.23
27 23 -3187.49
27 24 -2983.81
27 25 -2724.01
27 26 -2417.06
27 27 -2073.5
27 28 -1704.64
27 29 -1321.92
27 30 -936.187
27 31 -557.247
27 32 -193.439
27 33 148.613
27 34 464.024
27 35 749.678
27 36 1004
27 37 1226.81
27 38 1419.01
27 39 1582.37
27 40 1719.21
27 41 1832.21
27 42 1924.18
27 43 1997.92
27 44 2056.07
27 45 2101.03
27 46 2134.89
27 47 2159.39
27 48 2175.9
27 49 2185.42
27 50 2188.53
27 51 2185.42
27 52 2175.9
27 53 2159.39
27 54 2134.89
27 55 2101.03
27 56 2056.07
27 57 1997.92
27 58 1924.18
27 59 1832.21
27 60 1719.21
27 61 1582.37
27 62 1419.01
27 63 1226.81
27 64 1004
27 65 749.678
27 66 464.024
27 67 148.613
27 68 -193.439
27 69 -557.247
27 70 -936.187
27 71 -1321.92
27 72 -1704.64
27 73 -2073.5
27 74 -2417.06
27 75 -2724.01
27 76 -2983.81
27 77 -3187.49
27 78 -3328.23
27 79 -3401.96
27 80 -3407.67
27 81 -3347.47
27 82 -3226.53
27 83 -3052.63
27 84 -2835.59
27 85 -2586.55
27 86 -2317.18
27 87 -2038.87
27 88 -1762.08
27 89 -1495.8
27 90 -1247.04
27 91 -1020.92
27 92 -820.389
27 93 -646.592
27 94 -498.94
27 95 -375.567
27 96 -273.537
27 97 -189.223
27 98 -118.479
27 99 -56.923
27 100 0

28 0 0
28 1 -66.2943
28 2 -137.69
28 3 -219.16
28 4 -315.473
28 5 -430.969
28 6 -569.326
28 7 -733.238
28 8 -924.226
28 9 -1142.12
28 10 -1384.86
28 11 -1648.23
28 12 -1925.89
28 13 -2209.22
28 14 -2487.93
28 15 -2750.29
28 16 -2983.98
