0 0 0
0 1 0
0 2 0
0 3 0
0 4 0
0 5 0
0 6 0
0 7 0
0 8 0
0 9 0
0 10 0
0 11 0
0 12 0
0 13 0
0 14 0
0 15 0
0 16 0
0 17 0
0 18 0
0 19 0
0 20 0
0 21 0
0 22 0
0 23 0
0 24 0
0 25 0
0 26 0
0 27 0
0 28 0
0 29 0
0 30 0
0 31 0
0 32 0
0 33 0
0 34 0
0 35 0
0 36 0
0 37 0
0 38 0
0 39 0
0 40 0
0 41 0
0 42 0
0 43 0
0 44 0
0 45 0
0 46 0
0 47 0
0 48 0
0 49 0
0 50 0
0 51 0
0 52 0
0 53 0
0 54 0
0 55 0
0 56 0
0 57 0
0 58 0
0 59 0
0 60 0
0 61 0
0 62 0
0 63 0
0 64 0
0 65 0
0 66 0
0 67 0
0 68 0
0 69 0
0 70 0
0 71 0
0 72 0
0 73 0
0 74 0
0 75 0
0 76 0
0 77 0
0 78 0
0 79 0
0 80 0
0 81 0
0 82 0
0 83 0
0 84 0
0 85 0
0 86 0
0 87 0
0 88 0
0 89 0
0 90 0
0 91 0
0 92 0
0 93 0
0 94 0
0 95 0
0 96 0
0 97 0
0 98 0
0 99 0
0 100 0

1 0 0
1 1 0
1 2 0
1 3 0
1 4 0
1 5 0
1 6 0
1 7 0
1 8 0
1 9 -0.0380255
1 10 -0.0350113
1 11 -0.0408905
1 12 -0.0741502
1 13 -0.0552469
1 14 -0.121967
1 15 -0.16532
1 16 -0.244506
1 17 -0.376389
1 18 -0.501521
1 19 -0.706511
1 20 -0.947088
1 21 -1.25535
1 22 -1.67122
1 23 -2.16605
1 24 -2.80662
1 25 -3.57898
1 26 -4.50304
1 27 -5.62221
1 28 -6.89842
1 29 -8.40906
1 30 -10.0949
1 31 -12.0181
1 32 -14.1353
1 33 -16.4607
1 34 -18.9789
1 35 -21.6528
1 36 -24.4847
1 37 -27.4019
1 38 -30.4078
1 39 -33.4143
1 40 -36.4138
1 41 -39.3195
1 42 -42.1089
1 43 -44.7079
1 44 -47.0822
1 45 -49.1764
1 46 -50.9517
1 47 -52.3738
1 48 -53.4079
1 49 -54.0411
1 50 -54.2498
1 51 -54.0411
1 52 -53.4079
1 53 -52.3738
1 54 -50.9517
1 55 -49.1764
1 56 -47.0822
1 57 -44.7079
1 58 -42.1089
1 59 -39.3195
1 60 -36.4138
1 61 -33.4143
1 62 -30.4078
1 63 -27.4019
1 64 -24.4847
1 65 -21.6528
1 66 -18.9789
1 67 -16.4607
1 68 -14.1353
1 69 -12.0181
1 70 -10.0949
1 71 -8.40906
1 72 -6.89842
1 73 -5.62221
1 74 -4.50304
1 75 -3.57898
1 76 -2.80662
1 77 -2.16605
1 78 -1.67122
1 79 -1.25535
1 80 -0.947088
1 81 -0.706511
1 82 -0.501521
1 83 -0.376389
1 84 -0.244506
1 85 -0.16532
1 86 -0.121967
1 87 -0.0552469
1 88 -0.0741502
1 89 -0.0408905
1 90 -0.0350113
1 91 -0.0380255
1 92 0
1 93 0
1 94 0
1 95 0
1 96 0
1 97 0
1 98 0
1 99 0
1 100 0

2 0 0
2 1 0
2 2 0
2 3 0
2 4 0
2 5 0
2 6 0
2 7 0
2 8 -0.044363
2 9 -0.0418428
2 10 -0.0646486
2 11 -0.104094
2 12 -0.106225
2 13 -0.198053
2 14 -0.255423
2 15 -0.39656
2 16 -0.564453
2 17 -0.79677
2 18 -1.11865
2 19 -1.52669
2 20 -2.07735
2 21 -2.76943
2 22 -3.66236
2 23 -4.76695
2 24 -6.14125
2 25 -7.80339
2 26 -9.80778
2 27 -12.1726
2 28 -14.944
2 29 -18.1302
2 30 -21.7644
2 31 -25.8337
2 32 -30.3543
2 33 -35.2837
2 34 -40.617
2 35 -46.2797
2 36 -52.2421
2 37 -58.4022
2 38 -64.7055
2 39 -71.0308
2 40 -77.303
2 41 -83.3934
2 42 -89.2155
2 43 -94.6445
2 44 -99.5944
2 45 -103.956
2 46 -107.655
2 47 -110.609
2 48 -112.766
2 49 -114.075
2 50 -114.517
2 51 -114.075
2 52 -112.766
2 53 -110.609
2 54 -107.655
2 55 -103.956
2 56 -99.5944
2 57 -94.6445
2 58 -89.2155
2 59 -83.3934
2 60 -77.303
2 61 -71.0308
2 62 -64.7055
2 63 -58.4022
2 64 -52.2421
2 65 -46.2797
2 66 -40.617
2 67 -35.2837
2 68 -30.3543
2 69 -25.8337
2 70 -21.7644
2 71 -18.1302
2 72 -14.944
2 73 -12.1726
2 74 -9.80778
2 75 -7.80339
2 76 -6.14125
2 77 -4.76695
2 78 -3.66236
2 79 -2.76943
2 80 -2.07735
2 81 -1.52669
2 82 -1.11865
2 83 -0.79677
2 84 -0.564453
2 85 -0.39656
2 86 -0.255423
2 87 -0.198053
2 88 -0.106225
2 89 -0.104094
2 90 -0.0646486
2 91 -0.0418428
2 92 -0.044363
2 93 0
2 94 0
2 95 0
2 96 0
2 97 0
2 98 0
2 99 0
2 100 0

3 0 0
3 1 0
3 2 0
3 3 0
3 4 0
3 5 0
3 6 0
3 7 -0.0495215
3 8 -0.0478203
3 9 -0.0617744
3 10 -0.109713
3 11 -0.139092
3 12 -0.234025
3 13 -0.334638
3 14 -0.502684
3 15 -0.694405
3 16 -1.01332
3 17 -1.3899
3 18 -1.95036
3 19 -2.66991
3 20 -3.5997
3 21 -4.82834
3 22 -6.3242
3 23 -8.24214
3 24 -10.5498
3 25 -13.3748
3 26 -16.7416
3 27 -20.7102
3 28 -25.343
3 29 -30.6523
3 30 -36.6807
3 31 -43.4261
3 32 -50.8642
3 33 -58.9915
3 34 -67.7034
3 35 -76.9856
3 36 -86.6661
3 37 -96.7042
3 38 -106.886
3 39 -117.136
3 40 -127.224
3 41 -137.044
3 42 -146.374
3 43 -155.092
3 44 -163.001
3 45 -169.982
3 46 -175.88
3 47 -180.598
3 48 -184.031
3 49 -186.121
3 50 -186.82
3 51 -186.121
3 52 -184.031
3 53 -180.598
3 54 -175.88
3 55 -169.982
3 56 -163.001
3 57 -155.092
3 58 -146.374
3 59 -137.044
3 60 -127.224
3 61 -117.136
3 62 -106.886
3 63 -96.7042
3 64 -86.6661
3 65 -76.9856
3 66 -67.7034
3 67 -58.9915
3 68 -50.8642
3 69 -43.4261
3 70 -36.6807
3 71 -30.6523
3 72 -25.343
3 73 -20.7102
3 74 -16.7416
3 75 -13.3748
3 76 -10.5498
3 77 -8.24214
3 78 -6.3242
3 79 -4.82834
3 80 -3.5997
3 81 -2.66991
3 82 -1.95036
3 83 -1.3899
3 84 -1.01332
3 85 -0.694405
3 86 -0.502684
3 87 -0.334638
3 88 -0.234025
3 89 -0.139092
3 90 -0.109713
3 91 -0.0617744
3 92 -0.0478203
3 93 -0.0495215
3 94 0
3 95 0
3 96 0
3 97 0
3 98 0
3 99 0
3 100 0

4 0 0
4 1 0
4 2 0
4 3 0
4 4 0
4 5 0
4 6 -0.052898
4 7 -0.0522687
4 8 -0.0580746
4 9 -0.112793
4 10 -0.155497
4 11 -0.253906
4 12 -0.382692
4 13 -0.568855
4 14 -0.802648
4 15 -1.17687
4 16 -1.62993
4 17 -2.30989
4 18 -3.17055
4 19 -4.32926
4 20 -5.82414
4 21 -7.7188
4 22 -10.1248
4 23 -13.0788
4 24 -16.7241
4 25 -21.0882
4 26 -26.3147
4 27 -32.4187
4 28 -39.5204
4 29 -47.612
4 30 -56.7662
4 31 -66.9418
4 32 -78.145
4 33 -90.2904
4 34 -103.311
4 35 -117.068
4 36 -131.428
4 37 -146.198
4 38 -161.195
4 39 -176.181
4 40 -190.946
4 41 -205.226
4 42 -218.807
4 43 -231.424
4 44 -242.887
4 45 -252.952
4 46 -261.474
4 47 -268.254
4 48 -273.209
4 49 -276.202
4 50 -277.221
4 51 -276.202
4 52 -273.209
4 53 -268.254
4 54 -261.474
4 55 -252.952
4 56 -242.887
4 57 -231.424
4 58 -218.807
4 59 -205.226
4 60 -190.946
4 61 -176.181
4 62 -161.195
4 63 -146.198
4 64 -131.428
4 65 -117.068
4 66 -103.311
4 67 -90.2904
4 68 -78.145
4 69 -66.9418
4 70 -56.7662
4 71 -47.612
4 72 -39.5204
4 73 -32.4187
4 74 -26.3147
4 75 -21.0882
4 76 -16.7241
4 77 -13.0788
4 78 -10.1248
4 79 -7.7188
4 80 -5.82414
4 81 -4.32926
4 82 -3.17055
4 83 -2.30989
4 84 -1.62993
4 85 -1.17687
4 86 -0.802648
4 87 -0.568855
4 88 -0.382692
4 89 -0.253906
4 90 -0.155497
4 91 -0.112793
4 92 -0.0580746
4 93 -0.0522687
4 94 -0.052898
4 95 0
4 96 0
4 97 0
4 98 0
4 99 0
4 100 0

5 0 0
5 1 0
5 2 0
5 3 0
5 4 0
5 5 -0.0540735
5 6 -0.0546446
5 7 -0.0550593
5 8 -0.114109
5 9 -0.171077
5 10 -0.271993
5 11 -0.407066
5 12 -0.615279
5 13 -0.881098
5 14 -1.29983
5 15 -1.8468
5 16 -2.6192
5 17 -3.63588
5 18 -5.00275
5 19 -6.75589
5 20 -9.05165
5 21 -11.9291
5 22 -15.5589
5 23 -20.0309
5 24 -25.4556
5 25 -32.0025
5 26 -39.6944
5 27 -48.7382
5 28 -59.0939
5 29 -70.9254
5 30 -84.1599
5 31 -98.8556
5 32 -114.911
5 33 -132.259
5 34 -150.751
5 35 -170.209
5 36 -190.423
5 37 -211.134
5 38 -232.066
5 39 -252.919
5 40 -273.368
5 41 -293.108
5 42 -311.791
5 43 -329.139
5 44 -344.817
5 45 -358.601
5 46 -370.201
5 47 -379.468
5 48 -386.182
5 49 -390.282
5 50 -391.637
5 51 -390.282
5 52 -386.182
5 53 -379.468
5 54 -370.201
5 55 -358.601
5 56 -344.817
5 57 -329.139
5 58 -311.791
5 59 -293.108
5 60 -273.368
5 61 -252.919
5 62 -232.066
5 63 -211.134
5 64 -190.423
5 65 -170.209
5 66 -150.751
5 67 -132.259
5 68 -114.911
5 69 -98.8556
5 70 -84.1599
5 71 -70.9254
5 72 -59.0939
5 73 -48.7382
5 74 -39.6944
5 75 -32.0025
5 76 -25.4556
5 77 -20.0309
5 78 -15.5589
5 79 -11.9291
5 80 -9.05165
5 81 -6.75589
5 82 -5.00275
5 83 -3.63588
5 84 -2.6192
5 85 -1.8468
5 86 -1.29983
5 87 -0.881098
5 88 -0.615279
5 89 -0.407066
5 90 -0.271993
5 91 -0.171077
5 92 -0.114109
5 93 -0.0550593
5 94 -0.0546446
5 95 -0.0540735
5 96 0
5 97 0
5 98 0
5 99 0
5 100 0

6 0 0
6 1 0
6 2 0
6 3 0
6 4 -0.052898
6 5 -0.0546446
6 6 -0.0539062
6 7 -0.114499
6 8 -0.18238
6 9 -0.28608
6 10 -0.420984
6 11 -0.650005
6 12 -0.944046
6 13 -1.40142
6 14 -2.02616
6 15 -2.88644
6 16 -4.04895
6 17 -5.61343
6 18 -7.64566
6 19 -10.3256
6 20 -13.7141
6 21 -18.0254
6 22 -23.3637
6 23 -29.9168
6 24 -37.8441
6 25 -47.2811
6 26 -58.4059
6 27 -71.2892
6 28 -86.08
6 29 -102.764
6 30 -121.423
6 31 -141.938
6 32 -164.295
6 33 -188.262
6 34 -213.718
6 35 -240.325
6 36 -267.858
6 37 -295.901
6 38 -324.141
6 39 -352.122
6 40 -379.478
6 41 -405.752
6 42 -430.566
6 43 -453.497
6 44 -474.2
6 45 -492.319
6 46 -507.573
6 47 -519.701
6 48 -528.513
6 49 -533.856
6 50 -535.649
6 51 -533.856
6 52 -528.513
6 53 -519.701
6 54 -507.573
6 55 -492.319
6 56 -474.2
6 57 -453.497
6 58 -430.566
6 59 -405.752
6 60 -379.478
6 61 -352.122
6 62 -324.141
6 63 -295.901
6 64 -267.858
6 65 -240.325
6 66 -213.718
6 67 -188.262
6 68 -164.295
6 69 -141.938
6 70 -121.423
6 71 -102.764
6 72 -86.08
6 73 -71.2892
6 74 -58.4059
6 75 -47.2811
6 76 -37.8441
6 77 -29.9168
6 78 -23.3637
6 79 -18.0254
6 80 -13.7141
6 81 -10.3256
6 82 -7.64566
6 83 -5.61343
6 84 -4.04895
6 85 -2.88644
6 86 -2.02616
6 87 -1.40142
6 88 -0.944046
6 89 -0.650005
6 90 -0.420984
6 91 -0.28608
6 92 -0.18238
6 93 -0.114499
6 94 -0.0539062
6 95 -0.0546446
6 96 -0.052898
6 97 0
6 98 0
6 99 0
6 100 0

7 0 0
7 1 0
7 2 0
7 3 -0.0495215
7 4 -0.0522687
7 5 -0.0550593
7 6 -0.114499
7 7 -0.18652
7 8 -0.293861
7 9 -0.427141
7 10 -0.67231
7 11 -0.997187
7 12 -1.48534
7 13 -2.16794
7 14 -3.11486
7 15 -4.40027
7 16 -6.15652
7 17 -8.46914
7 18 -11.5187
7 19 -15.442
7 20 -20.434
7 21 -26.6822
7 22 -34.4103
7 23 -43.8036
7 24 -55.1123
7 25 -68.4862
7 26 -84.139
7 27 -102.185
7 28 -122.716
7 29 -145.805
7 30 -171.369
7 31 -199.41
7 32 -229.663
7 33 -262.02
7 34 -296.064
7 35 -331.558
7 36 -367.978
7 37 -404.966
7 38 -441.944
7 39 -478.472
7 40 -513.964
7 41 -547.952
7 42 -579.887
7 43 -609.324
7 44 -635.79
7 45 -658.909
7 46 -678.311
7 47 -693.719
7 48 -704.888
7 49 -711.662
7 50 -713.927
7 51 -711.662
7 52 -704.888
7 53 -693.719
7 54 -678.311
7 55 -658.909
7 56 -635.79
7 57 -609.324
7 58 -579.887
7 59 -547.952
7 60 -513.964
7 61 -478.472
7 62 -441.944
7 63 -404.966
7 64 -367.978
7 65 -331.558
7 66 -296.064
7 67 -262.02
7 68 -229.663
7 69 -199.41
7 70 -171.369
7 71 -145.805
7 72 -122.716
7 73 -102.185
7 74 -84.139
7 75 -68.4862
7 76 -55.1123
7 77 -43.8036
7 78 -34.4103
7 79 -26.6822
7 80 -20.434
7 81 -15.442
7 82 -11.5187
7 83 -8.46914
7 84 -6.15652
7 85 -4.40027
7 86 -3.11486
7 87 -2.16794
7 88 -1.48534
7 89 -0.997187
7 90 -0.67231
7 91 -0.427141
7 92 -0.293861
7 93 -0.18652
7 94 -0.114499
7 95 -0.0550593
7 96 -0.0522687
7 97 -0.0495215
7 98 0
7 99 0
7 100 0

8 0 0
8 1 0
8 2 -0.044363
8 3 -0.0478203
8 4 -0.0580746
8 5 -0.114109
8 6 -0.18238
8 7 -0.293861
8 8 -0.428729
8 9 -0.682991
8 10 -1.03378
8 11 -1.54642
8 12 -2.26884
8 13 -3.29519
8 14 -4.69256
8 15 -6.62334
8 16 -9.20134
8 17 -12.6054
8 18 -17.0415
8 19 -22.7159
8 20 -29.8814
8 21 -38.812
8 22 -49.7502
8 23 -63.0101
8 24 -78.8068
8 25 -97.4143
8 26 -119.004
8 27 -143.736
8 28 -171.695
8 29 -202.88
8 30 -237.242
8 31 -274.593
8 32 -314.726
8 33 -357.262
8 34 -401.843
8 35 -447.921
8 36 -495.022
8 37 -542.476
8 38 -589.744
8 39 -636.096
8 40 -680.988
8 41 -723.693
8 42 -763.716
8 43 -800.392
8 44 -833.312
8 45 -861.918
8 46 -885.917
8 47 -904.882
8 48 -918.657
8 49 -926.956
8 50 -929.767
8 51 -926.956
8 52 -918.657
8 53 -904.882
8 54 -885.917
8 55 -861.918
8 56 -833.312
8 57 -800.392
8 58 -763.716
8 59 -723.693
8 60 -680.988
8 61 -636.096
8 62 -589.744
8 63 -542.476
8 64 -495.022
8 65 -447.921
8 66 -401.843
8 67 -357.262
8 68 -314.726
8 69 -274.593
8 70 -237.242
8 71 -202.88
8 72 -171.695
8 73 -143.736
8 74 -119.004
8 75 -97.4143
8 76 -78.8068
8 77 -63.0101
8 78 -49.7502
8 79 -38.812
8 80 -29.8814
8 81 -22.7159
8 82 -17.0415
8 83 -12.6054
8 84 -9.20134
8 85 -6.62334
8 86 -4.69256
8 87 -3.29519
8 88 -2.26884
8 89 -1.54642
8 90 -1.03378
8 91 -0.682991
8 92 -0.428729
8 93 -0.293861
8 94 -0.18238
8 95 -0.114109
8 96 -0.0580746
8 97 -0.0478203
8 98 -0.044363
8 99 0
8 100 0

9 0 0
9 1 -0.0380255
9 2 -0.0418428
9 3 -0.0617744
9 4 -0.112793
9 5 -0.171077
9 6 -0.28608
9 7 -0.427141
9 8 -0.682991
9 9 -1.04695
9 10 -1.57891
9 11 -2.32725
9 12 -3.41819
9 13 -4.91918
9 14 -6.9977
9 15 -9.81081
9 16 -13.5461
9 17 -18.4513
9 18 -24.7915
9 19 -32.855
9 20 -42.9833
9 21 -55.4983
9 22 -70.7494
9 23 -89.0752
9 24 -110.775
9 25 -136.13
9 26 -165.353
9 27 -198.572
9 28 -235.866
9 29 -277.155
9 30 -322.323
9 31 -371.079
9 32 -423.07
9 33 -477.823
9 34 -534.758
9 35 -593.27
9 36 -652.603
9 37 -712.084
9 38 -770.863
9 39 -828.266
9 40 -883.434
9 41 -935.751
9 42 -984.424
9 43 -1028.94
9 44 -1068.62
9 45 -1103.09
9 46 -1131.82
9 47 -1154.56
9 48 -1170.95
9 49 -1180.91
9 50 -1184.2
9 51 -1180.91
9 52 -1170.95
9 53 -1154.56
9 54 -1131.82
9 55 -1103.09
9 56 -1068.62
9 57 -1028.94
9 58 -984.424
9 59 -935.751
9 60 -883.434
9 61 -828.266
9 62 -770.863
9 63 -712.084
9 64 -652.603
9 65 -593.27
9 66 -534.758
9 67 -477.823
9 68 -423.07
9 69 -371.079
9 70 -322.323
9 71 -277.155
9 72 -235.866
9 73 -198.572
9 74 -165.353
9 75 -136.13
9 76 -110.775
9 77 -89.0752
9 78 -70.7494
9 79 -55.4983
9 80 -42.9833
9 81 -32.855
9 82 -24.7915
9 83 -18.4513
9 84 -13.5461
9 85 -9.81081
9 86 -6.9977
9 87 -4.91918
9 88 -3.41819
9 89 -2.32725
9 90 -1.57891
9 91 -1.04695
9 92 -0.682991
9 93 -0.427141
9 94 -0.28608
9 95 -0.171077
9 96 -0.112793
9 97 -0.0617744
9 98 -0.0418428
9 99 -0.0380255
9 100 0

10 0 0
10 1 -0.0350113
10 2 -0.0646486
10 3 -0.109713
10 4 -0.155497
10 5 -0.271993
10 6 -0.420984
10 7 -0.67231
10 8 -1.03378
10 9 -1.57891
10 10 -2.34609
10 11 -3.48002
10 12 -5.0654
10 13 -7.26168
10 14 -10.2636
10 15 -14.2944
10 16 -19.6208
10 17 -26.5769
10 18 -35.4984
10 19 -46.7776
10 20 -60.8377
10 21 -78.0762
10 22 -98.9438
10 23 -123.817
10 24 -153.062
10 25 -186.979
10 26 -225.76
10 27 -269.537
10 28 -318.272
10 29 -371.846
10 30 -429.972
10 31 -492.245
10 32 -558.134
10 33 -626.983
10 34 -698.054
10 35 -770.513
10 36 -843.498
10 37 -916.087
10 38 -987.387
10 39 -1056.48
10 40 -1122.55
10 41 -1184.74
10 42 -1242.36
10 43 -1294.7
10 44 -1341.23
10 45 -1381.4
10 46 -1414.85
10 47 -1441.17
10 48 -1460.18
10 49 -1471.64
10 50 -1475.49
10 51 -1471.64
10 52 -1460.18
10 53 -1441.17
10 54 -1414.85
10 55 -1381.4
10 56 -1341.23
10 57 -1294.7
10 58 -1242.36
10 59 -1184.74
10 60 -1122.55
10 61 -1056.48
10 62 -987.387
10 63 -916.087
10 64 -843.498
10 65 -770.513
10 66 -698.054
10 67 -626.983
10 68 -558.134
10 69 -492.245
10 70 -429.972
10 71 -371.846
10 72 -318.272
10 73 -269.537
10 74 -225.76
10 75 -186.979
10 76 -153.062
10 77 -123.817
10 78 -98.9438
10 79 -78.0762
10 80 -60.8377
10 81 -46.7776
10 82 -35.4984
10 83 -26.5769
10 84 -19.6208
10 85 -14.2944
10 86 -10.2636
10 87 -7.26168
10 88 -5.0654
10 89 -3.48002
10 90 -2.34609
10 91 -1.57891
10 92 -1.03378
10 93 -0.67231
10 94 -0.420984
10 95 -0.271993
10 96 -0.155497
10 97 -0.109713
10 98 -0.0646486
10 99 -0.0350113
10 100 0

11 0 0
11 1 -0.0408905
11 2 -0.104094
11 3 -0.139092
11 4 -0.253906
11 5 -0.407066
11 6 -0.650005
11 7 -0.997187
11 8 -1.54642
11 9 -2.32725
11 10 -3.48002
11 11 -5.11629
11 12 -7.39888
11 13 -10.5388
11 14 -14.8118
11 15 -20.5048
11 16 -27.9962
11 17 -37.6969
11 18 -50.0423
11 19 -65.5521
11 20 -84.7156
11 21 -108.064
11 22 -136.098
11 23 -169.267
11 24 -207.964
11 25 -252.484
11 26 -302.985
11 27 -359.523
11 28 -421.951
11 29 -490.008
11 30 -563.234
11 31 -641.028
11 32 -722.656
11 33 -807.233
11 34 -893.825
11 35 -981.374
11 36 -1068.85
11 37 -1155.15
11 38 -1239.27
11 39 -1320.18
11 40 -1396.97
11 41 -1468.78
11 42 -1534.86
11 43 -1594.57
11 44 -1647.33
11 45 -1692.7
11 46 -1730.28
11 47 -1759.8
11 48 -1781.02
11 49 -1793.83
11 50 -1798.09
11 51 -1793.83
11 52 -1781.02
11 53 -1759.8
11 54 -1730.28
11 55 -1692.7
11 56 -1647.33
11 57 -1594.57
11 58 -1534.86
11 59 -1468.78
11 60 -1396.97
11 61 -1320.18
11 62 -1239.27
11 63 -1155.15
11 64 -1068.85
11 65 -981.374
11 66 -893.825
11 67 -807.233
11 68 -722.656
11 69 -641.028
11 70 -563.234
11 71 -490.008
11 72 -421.951
11 73 -359.523
11 74 -302.985
11 75 -252.484
11 76 -207.964
11 77 -169.267
11 78 -136.098
11 79 -108.064
11 80 -84.7156
11 81 -65.5521
11 82 -50.0423
11 83 -37.6969
11 84 -27.9962
11 85 -20.5048
11 86 -14.8118
11 87 -10.5388
11 88 -7.39888
11 89 -5.11629
11 90 -3.48002
11 91 -2.32725
11 92 -1.54642
11 93 -0.997187
11 94 -0.650005
11 95 -0.407066
11 96 -0.253906
11 97 -0.139092
11 98 -0.104094
11 99 -0.0408905
11 100 0

12 0 0
12 1 -0.0741502
12 2 -0.106225
12 3 -0.234025
12 4 -0.382692
12 5 -0.615279
12 6 -0.944046
12 7 -1.48534
12 8 -2.26884
12 9 -3.41819
12 10 -5.0654
12 11 -7.39888
12 12 -10.6306
12 13 -15.0753
12 14 -21.06
12 15 -28.9856
12 16 -39.3412
12 17 -52.6314
12 18 -69.4469
12 19 -90.3988
12 20 -116.104
12 21 -147.177
12 22 -184.194
12 23 -227.626
12 24 -277.897
12 25 -335.221
12 26 -399.721
12 27 -471.282
12 28 -549.627
12 29 -634.27
12 30 -724.524
12 31 -819.552
12 32 -918.337
12 33 -1019.77
12 34 -1122.65
12 35 -1225.73
12 36 -1327.77
12 37 -1427.55
12 38 -1523.94
12 39 -1615.85
12 40 -1702.36
12 41 -1782.62
12 42 -1855.92
12 43 -1921.68
12 44 -1979.43
12 45 -2028.8
12 46 -2069.5
12 47 -2101.34
12 48 -2124.17
12 49 -2137.91
12 50 -2142.49
12 51 -2137.91
12 52 -2124.17
12 53 -2101.34
12 54 -2069.5
12 55 -2028.8
12 56 -1979.43
12 57 -1921.68
12 58 -1855.92
12 59 -1782.62
12 60 -1702.36
12 61 -1615.85
12 62 -1523.94
12 63 -1427.55
12 64 -1327.77
12 65 -1225.73
12 66 -1122.65
12 67 -1019.77
12 68 -918.337
12 69 -819.552
12 70 -724.524
12 71 -634.27
12 72 -549.627
12 73 -471.282
12 74 -399.721
12 75 -335.221
12 76 -277.897
12 77 -227.626
12 78 -184.194
12 79 -147.177
12 80 -116.104
12 81 -90.3988
12 82 -69.4469
12 83 -52.6314
12 84 -39.3412
12 85 -28.9856
12 86 -21.06
12 87 -15.0753
12 88 -10.6306
12 89 -7.39888
12 90 -5.0654
12 91 -3.41819
12 92 -2.26884
12 93 -1.48534
12 94 -0.944046
12 95 -0.615279
12 96 -0.382692
12 97 -0.234025
12 98 -0.106225
12 99 -0.0741502
12 100 0

13 0 0
13 1 -0.0552469
13 2 -0.198053
13 3 -0.334638
13 4 -0.568855
13 5 -0.881098
13 6 -1.40142
13 7 -2.16794
13 8 -3.29519
13 9 -4.91918
13 10 -7.26168
13 11 -10.5388
13 12 -15.0753
13 13 -21.2501
13 14 -29.4949
13 15 -40.3529
13 16 -54.424
13 17 -72.3641
13 18 -94.8911
13 19 -122.745
13 20 -156.634
13 21 -197.286
13 22 -245.279
13 23 -301.147
13 24 -365.219
13 25 -437.662
13 26 -518.421
13 27 -607.207
13 28 -703.486
13 29 -806.514
13 30 -915.293
13 31 -1028.69
13 32 -1145.38
13 33 -1263.99
13 34 -1383.04
13 35 -1501.1
13 36 -1616.75
13 37 -1728.67
13 38 -1835.68
13 39 -1936.69
13 40 -2030.83
13 41 -2117.33
13 42 -2195.63
13 43 -2265.27
13 44 -2325.95
13 45 -2377.45
13 46 -2419.67
13 47 -2452.52
13 48 -2475.99
13 49 -2490.06
13 50 -2494.76
13 51 -2490.06
13 52 -2475.99
13 53 -2452.52
13 54 -2419.67
13 55 -2377.45
13 56 -2325.95
13 57 -2265.27
13 58 -2195.63
13 59 -2117.33
13 60 -2030.83
13 61 -1936.69
13 62 -1835.68
13 63 -1728.67
13 64 -1616.75
13 65 -1501.1
13 66 -1383.04
13 67 -1263.99
13 68 -1145.38
13 69 -1028.69
13 70 -915.293
13 71 -806.514
13 72 -703.486
13 73 -607.207
13 74 -518.421
13 75 -437.662
13 76 -365.219
13 77 -301.147
13 78 -245.279
13 79 -197.286
13 80 -156.634
13 81 -122.745
13 82 -94.8911
13 83 -72.3641
13 84 -54.424
13 85 -40.3529
13 86 -29.4949
13 87 -21.2501
13 88 -15.0753
13 89 -10.5388
13 90 -7.26168
13 91 -4.91918
13 92 -3.29519
13 93 -2.16794
13 94 -1.40142
13 95 -0.881098
13 96 -0.568855
13 97 -0.334638
13 98 -0.198053
13 99 -0.0552469
13 100 0

14 0 0
14 1 -0.121967
14 2 -0.255423
14 3 -0.502684
14 4 -0.802648
14 5 -1.29983
14 6 -2.02616
14 7 -3.11486
14 8 -4.69256
14 9 -6.9977
14 10 -10.2636
14 11 -14.8118
14 12 -21.06
14 13 -29.4949
14 14 -40.6935
14 15 -55.3392
14 16 -74.1769
14 17 -98.0037
14 18 -127.7
14 19 -164.092
14 20 -208.038
14 21 -260.275
14 22 -321.44
14 23 -391.988
14 24 -472.17
14 25 -561.96
14 26 -661.105
14 27 -768.999
14 28 -884.833
14 29 -1007.46
14 30 -1135.57
14 31 -1267.64
14 32 -1402.03
14 33 -1537.05
14 34 -1670.99
14 35 -1802.24
14 36 -1929.27
14 37 -2050.71
14 38 -2165.39
14 39 -2272.34
14 40 -2370.81
14 41 -2460.23
14 42 -2540.24
14 43 -2610.65
14 44 -2671.37
14 45 -2722.44
14 46 -2763.97
14 47 -2796.06
14 48 -2818.87
14 49 -2832.51
14 50 -2837.04
14 51 -2832.51
14 52 -2818.87
14 53 -2796.06
14 54 -2763.97
14 55 -2722.44
14 56 -2671.37
14 57 -2610.65
14 58 -2540.24
14 59 -2460.23
14 60 -2370.81
14 61 -2272.34
14 62 -2165.39
14 63 -2050.71
14 64 -1929.27
14 65 -1802.24
14 66 -1670.99
14 67 -1537.05
14 68 -1402.03
14 69 -1267.64
14 70 -1135.57
14 71 -1007.46
14 72 -884.833
14 73 -768.999
14 74 -661.105
14 75 -561.96
14 76 -472.17
14 77 -391.988
14 78 -321.44
14 79 -260.275
14 80 -208.038
14 81 -164.092
14 82 -127.7
14 83 -98.0037
14 84 -74.1769
14 85 -55.3392
14 86 -40.6935
14 87 -29.4949
14 88 -21.06
14 89 -14.8118
14 90 -10.2636
14 91 -6.9977
14 92 -4.69256
14 93 -3.11486
14 94 -2.02616
14 95 -1.29983
14 96 -0.802648
14 97 -0.502684
14 98 -0.255423
14 99 -0.121967
14 100 0

15 0 0
15 1 -0.16532
15 2 -0.39656
15 3 -0.694405
15 4 -1.17687
15 5 -1.8468
15 6 -2.88644
15 7 -4.40027
15 8 -6.62334
15 9 -9.81081
15 10 -14.2944
15 11 -20.5048
15 12 -28.9856
15 13 -40.3529
15 14 -55.3392
15 15 -74.793
15 16 -99.5981
15 17 -130.753
15 18 -169.241
15 19 -216.04
15 20 -272.054
15 21 -338.061
15 22 -414.624
15 23 -502.12
15 24 -600.565
15 25 -709.729
15 26 -828.979
15 27 -957.391
15 28 -1093.7
15 29 -1236.36
15 30 -1383.62
15 31 -1533.57
15 32 -1684.21
15 33 -1833.58
15 34 -1979.74
15 35 -2120.97
15 36 -2255.68
15 37 -2382.58
15 38 -2500.6
15 39 -2609
15 40 -2707.26
15 41 -2795.13
15 42 -2872.56
15 43 -2939.7
15 44 -2996.79
15 45 -3044.2
15 46 -3082.3
15 47 -3111.46
15 48 -3132.03
15 49 -3144.26
15 50 -3148.32
15 51 -3144.26
15 52 -3132.03
15 53 -3111.46
15 54 -3082.3
15 55 -3044.2
15 56 -2996.79
15 57 -2939.7
15 58 -2872.56
15 59 -2795.13
15 60 -2707.26
15 61 -2609
15 62 -2500.6
15 63 -2382.58
15 64 -2255.68
15 65 -2120.97
15 66 -1979.74
15 67 -1833.58
15 68 -1684.21
15 69 -1533.57
15 70 -1383.62
15 71 -1236.36
15 72 -1093.7
15 73 -957.391
15 74 -828.979
15 75 -709.729
15 76 -600.565
15 77 -502.12
15 78 -414.624
15 79 -338.061
15 80 -272.054
15 81 -216.04
15 82 -169.241
15 83 -130.753
15 84 -99.5981
15 85 -74.793
15 86 -55.3392
15 87 -40.3529
15 88 -28.9856
15 89 -20.5048
15 90 -14.2944
15 91 -9.81081
15 92 -6.62334
15 93 -4.40027
15 94 -2.88644
15 95 -1.8468
15 96 -1.17687
15 97 -0.694405
15 98 -0.39656
15 99 -0.16532
15 100 0

16 0 0
16 1 -0.244506
16 2 -0.564453
16 3 -1.01332
16 4 -1.62993
16 5 -2.6192
16 6 -4.04895
16 7 -6.15652
16 8 -9.20134
16 9 -13.5461
16 10 -19.6208
16 11 -27.9962
16 12 -39.3412
16 13 -54.424
16 14 -74.1769
16 15 -99.5981
16 16 -131.783
16 17 -171.867
16 18 -220.983
16 19 -280.172
16 20 -350.394
16 21 -432.343
16 22 -526.514
16 23 -633.022
16 24 -751.643
16 25 -881.74
16 26 -1022.28
16 27 -1171.83
16 28 -1328.64
16 29 -1490.66
16 30 -1655.69
16 31 -1821.36
16 32 -1985.39
16 33 -2145.5
16 34 -2299.67
16 35 -2446.1
16 36 -2583.3
16 37 -2710.13
16 38 -2825.81
16 39 -2929.89
16 40 -3022.26
16 41 -3103.09
16 42 -3172.76
16 43 -3231.84
16 44 -3281.02
16 45 -3321.02
16 46 -3352.56
16 47 -3376.31
16 48 -3392.85
16 49 -3402.59
16 50 -3405.8
16 51 -3402.59
16 52 -3392.85
16 53 -3376.31
16 54 -3352.56
16 55 -3321.02
16 56 -3281.02
16 57 -3231.84
16 58 -3172.76
16 59 -3103.09
16 60 -3022.26
16 61 -2929.89
16 62 -2825.81
16 63 -2710.13
16 64 -2583.3
16 65 -2446.1
16 66 -2299.67
16 67 -2145.5
16 68 -1985.39
16 69 -1821.36
16 70 -1655.69
16 71 -1490.66
16 72 -1328.64
16 73 -1171.83
16 74 -1022.28
16 75 -881.74
16 76 -751.643
16 77 -633.022
16 78 -526.514
16 79 -432.343
16 80 -350.394
16 81 -280.172
16 82 -220.983
16 83 -171.867
16 84 -131.783
16 85 -99.5981
16 86 -74.1769
16 87 -54.424
16 88 -39.3412
16 89 -27.9962
16 90 -19.6208
16 91 -13.5461
16 92 -9.20134
16 93 -6.15652
16 94 -4.04895
16 95 -2.6192
16 96 -1.62993
16 97 -1.01332
16 98 -0.564453
16 99 -0.244506
16 100 0

17 0 0
17 1 -0.376389
17 2 -0.79677
17 3 -1.3899
17 4 -2.30989
17 5 -3.63588
17 6 -5.61343
17 7 -8.46914
17 8 -12.6054
17 9 -18.4513
17 10 -26.5769
17 11 -37.6969
17 12 -52.6314
17 13 -72.3641
17 14 -98.0037
17 15 -130.753
17 16 -171.867
17 17 -222.656
17 18 -284.314
17 19 -357.975
17 20 -444.515
17 21 -544.546
17 22 -658.306
17 23 -785.616
17 24 -925.811
17 25 -1077.79
17 26 -1239.94
17 27 -1410.28
17 28 -1586.44
17 29 -1765.87
17 30 -1945.81
17 31 -2123.55
17 32 -2296.46
17 33 -2462.15
17 34 -2618.52
17 35 -2763.86
17 36 -2896.91
17 37 -3016.84
17 38 -3123.26
17 39 -3216.23
17 40 -3296.13
17 41 -3363.68
17 42 -3419.78
17 43 -3465.55
17 44 -3502.12
17 45 -3530.69
17 46 -3552.34
17 47 -3568.07
17 48 -3578.68
17 49 -3584.81
17 50 -3586.8
17 51 -3584.81
17 52 -3578.68
17 53 -3568.07
17 54 -3552.34
17 55 -3530.69
17 56 -3502.12
17 57 -3465.55
17 58 -3419.78
17 59 -3363.68
17 60 -3296.13
17 61 -3216.23
17 62 -3123.26
17 63 -3016.84
17 64 -2896.91
17 65 -2763.86
17 66 -2618.52
17 67 -2462.15
17 68 -2296.46
17 69 -2123.55
17 70 -1945.81
17 71 -1765.87
17 72 -1586.44
17 73 -1410.28
17 74 -1239.94
17 75 -1077.79
17 76 -925.811
17 77 -785.616
17 78 -658.306
17 79 -544.546
17 80 -444.515
17 81 -357.975
17 82 -284.314
17 83 -222.656
17 84 -171.867
17 85 -130.753
17 86 -98.0037
17 87 -72.3641
17 88 -52.6314
17 89 -37.6969
17 90 -26.5769
17 91 -18.4513
17 92 -12.6054
17 93 -8.46914
17 94 -5.61343
17 95 -3.63588
17 96 -2.30989
17 97 -1.3899
17 98 -0.79677
17 99 -0.376389
17 100 0

18 0 0
18 1 -0.501521
18 2 -1.11865
18 3 -1.95036
18 4 -3.17055
18 5 -5.00275
18 6 -7.64566
18 7 -11.5187
18 8 -17.0415
18 9 -24.7915
18 10 -35.4984
18 11 -50.0423
18 12 -69.4469
18 13 -94.8911
18 14 -127.7
18 15 -169.241
18 16 -220.983
18 17 -284.314
18 18 -360.531
18 19 -450.708
18 20 -555.622
18 21 -675.623
18 22 -810.633
18 23 -959.973
18 24 -1122.48
18 25 -1296.39
18 26 -1479.45
18 27 -1668.99
18 28 -1862.02
18 29 -2055.38
18 30 -2245.87
18 31 -2430.4
18 32 -2606.16
18 33 -2770.66
18 34 -2921.95
18 35 -3058.55
18 36 -3179.6
18 37 -3284.73
18 38 -3374.15
18 39 -3448.49
18 40 -3508.82
18 41 -3556.46
18 42 -3592.98
18 43 -3620.04
18 44 -3639.32
18 45 -3652.47
18 46 -3660.96
18 47 -3666.13
18 48 -3669.02
18 49 -3670.44
18 50 -3670.85
18 51 -3670.44
18 52 -3669.02
18 53 -3666.13
18 54 -3660.96
18 55 -3652.47
18 56 -3639.32
18 57 -3620.04
18 58 -3592.98
18 59 -3556.46
18 60 -3508.82
18 61 -3448.49
18 62 -3374.15
18 63 -3284.73
18 64 -3179.6
18 65 -3058.55
18 66 -2921.95
18 67 -2770.66
18 68 -2606.16
18 69 -2430.4
18 70 -2245.87
18 71 -2055.38
18 72 -1862.02
18 73 -1668.99
18 74 -1479.45
18 75 -1296.39
18 76 -1122.48
18 77 -959.973
18 78 -810.633
18 79 -675.623
18 80 -555.622
18 81 -450.708
18 82 -360.531
18 83 -284.314
18 84 -220.983
18 85 -169.241
18 86 -127.7
18 87 -94.8911
18 88 -69.4469
18 89 -50.0423
18 90 -35.4984
18 91 -24.7915
18 92 -17.0415
18 93 -11.5187
18 94 -7.64566
18 95 -5.00275
18 96 -3.17055
18 97 -1.95036
18 98 -1.11865
18 99 -0.501521
18 100 0

19 0 0
19 1 -0.706511
19 2 -1.52669
19 3 -2.66991
19 4 -4.32926
19 5 -6.75589
19 6 -10.3256
19 7 -15.442
19 8 -22.7159
19 9 -32.855
19 10 -46.7776
19 11 -65.5521
19 12 -90.3988
19 13 -122.745
19 14 -164.092
19 15 -216.04
19 16 -280.172
19 17 -357.975
19 18 -450.708
19 19 -559.36
19 20 -684.424
19 21 -825.937
19 22 -983.278
19 23 -1155.22
19 24 -1339.86
19 25 -1534.71
19 26 -1736.74
19 27 -1942.56
19 28 -2148.47
19 29 -2350.78
19 30 -2545.84
19 31 -2730.34
19 32 -2901.37
19 33 -3056.59
19 34 -3194.31
19 35 -3313.51
19 36 -3413.88
19 37 -3495.72
19 38 -3559.96
19 39 -3608
19 40 -3641.64
19 41 -3662.92
19 42 -3674.08
19 43 -3677.39
19 44 -3675.06
19 45 -3669.19
19 46 -3661.64
19 47 -3654.03
19 48 -3647.63
19 49 -3643.42
19 50 -3641.94
19 51 -3643.42
19 52 -3647.63
19 53 -3654.03
19 54 -3661.64
19 55 -3669.19
19 56 -3675.06
19 57 -3677.39
19 58 -3674.08
19 59 -3662.92
19 60 -3641.64
19 61 -3608
19 62 -3559.96
19 63 -3495.72
19 64 -3413.88
19 65 -3313.51
19 66 -3194.31
19 67 -3056.59
19 68 -2901.37
19 69 -2730.34
19 70 -2545.84
19 71 -2350.78
19 72 -2148.47
19 73 -1942.56
19 74 -1736.74
19 75 -1534.71
19 76 -1339.86
19 77 -1155.22
19 78 -983.278
19 79 -825.937
19 80 -684.424
19 81 -559.36
19 82 -450.708
19 83 -357.975
19 84 -280.172
19 85 -216.04
19 86 -164.092
19 87 -122.745
19 88 -90.3988
19 89 -65.5521
19 90 -46.7776
19 91 -32.855
19 92 -22.7159
19 93 -15.442
19 94 -10.3256
19 95 -6.75589
19 96 -4.32926
19 97 -2.66991
19 98 -1.52669
19 99 -0.706511
19 100 0

20 0 0
20 1 -0.947088
20 2 -2.07735
20 3 -3.5997
20 4 -5.82414
20 5 -9.05165
20 6 -13.7141
20 7 -20.434
20 8 -29.8814
20 9 -42.9833
20 10 -60.8377
20 11 -84.7156
20 12 -116.104
20 13 -156.634
20 14 -208.038
20 15 -272.054
20 16 -350.394
20 17 -444.515
20 18 -555.622
20 19 -684.424
20 20 -831.085
20 21 -995.087
20 22 -1175.19
20 23 -1369.38
20 24 -1574.95
20 25 -1788.52
20 26 -2006.25
20 27 -2223.93
20 28 -2437.25
20 29 -2641.97
20 30 -2834.19
20 31 -3010.47
20 32 -3168.03
20 33 -3304.85
20 34 -3419.74
20 35 -3512.32
20 36 -3583.06
20 37 -3633.09
20 38 -3664.21
20 39 -3678.66
20 40 -3679.06
20 41 -3668.22
20 42 -3649.05
20 43 -3624.38
20 44 -3596.96
20 45 -3569.24
20 46 -3543.44
20 47 -3521.39
20 48 -3504.58
20 49 -3494.06
20 50 -3490.48
20 51 -3494.06
20 52 -3504.58
20 53 -3521.39
20 54 -3543.44
20 55 -3569.24
20 56 -3596.96
20 57 -3624.38
20 58 -3649.05
20 59 -3668.22
20 60 -3679.06
20 61 -3678.66
20 62 -3664.21
20 63 -3633.09
20 64 -3583.06
20 65 -3512.32
20 66 -3419.74
20 67 -3304.85
20 68 -3168.03
20 69 -3010.47
20 70 -2834.19
20 71 -2641.97
20 72 -2437.25
20 73 -2223.93
20 74 -2006.25
20 75 -1788.52
20 76 -1574.95
20 77 -1369.38
20 78 -1175.19
20 79 -995.087
20 80 -831.085
20 81 -684.424
20 82 -555.622
20 83 -444.515
20 84 -350.394
20 85 -272.054
20 86 -208.038
20 87 -156.634
20 88 -116.104
20 89 -84.7156
20 90 -60.8377
20 91 -42.9833
20 92 -29.8814
20 93 -20.434
20 94 -13.7141
20 95 -9.05165
20 96 -5.82414
20 97 -3.5997
20 98 -2.07735
20 99 -0.947088
20 100 0

21 0 0
21 1 -1.25535
21 2 -2.76943
21 3 -4.82834
21 4 -7.7188
21 5 -11.9291
21 6 -18.0254
21 7 -26.6822
21 8 -38.812
21 9 -55.4983
21 10 -78.0762
21 11 -108.064
21 12 -147.177
21 13 -197.286
21 14 -260.275
21 15 -338.061
21 16 -432.343
21 17 -544.546
21 18 -675.623
21 19 -825.937
21 20 -995.087
21 21 -1181.91
21 22 -1384.3
21 23 -1599.4
21 24 -1823.48
21 25 -2052.27
21 26 -2281
21 27 -2504.72
21 28 -2718.54
21 29 -2917.85
21 30 -3098.59
21 31 -3257.46
21 32 -3391.99
21 33 -3500.78
21 34 -3583.32
21 35 -3640.16
21 36 -3672.67
21 37 -3682.99
21 38 -3673.88
21 39 -3648.51
21 40 -3610.32
21 41 -3562.87
21 42 -3509.69
21 43 -3454.14
21 44 -3399.34
21 45 -3348.08
21 46 -3302.78
21 47 -3265.44
21 48 -3237.65
21 49 -3220.52
21 50 -3214.73
21 51 -3220.52
21 52 -3237.65
21 53 -3265.44
21 54 -3302.78
21 55 -3348.08
21 56 -3399.34
21 57 -3454.14
21 58 -3509.69
21 59 -3562.87
21 60 -3610.32
21 61 -3648.51
21 62 -3673.88
21 63 -3682.99
21 64 -3672.67
21 65 -3640.16
21 66 -3583.32
21 67 -3500.78
21 68 -3391.99
21 69 -3257.46
21 70 -3098.59
21 71 -2917.85
21 72 -2718.54
21 73 -2504.72
21 74 -2281
21 75 -2052.27
21 76 -1823.48
21 77 -1599.4
21 78 -1384.3
21 79 -1181.91
21 80 -995.087
21 81 -825.937
21 82 -675.623
21 83 -544.546
21 84 -432.343
21 85 -338.061
21 86 -260.275
21 87 -197.286
21 88 -147.177
21 89 -108.064
21 90 -78.0762
21 91 -55.4983
21 92 -38.812
21 93 -26.6822
21 94 -18.0254
21 95 -11.9291
21 96 -7.7188
21 97 -4.82834
21 98 -2.76943
21 99 -1.25535
21 100 0

22 0 0
22 1 -1.67122
22 2 -3.66236
22 3 -6.3242
22 4 -10.1248
22 5 -15.5589
22 6 -23.3637
22 7 -34.4103
22 8 -49.7502
22 9 -70.7494
22 10 -98.9438
22 11 -136.098
22 12 -184.194
22 13 -245.279
22 14 -321.44
22 15 -414.624
22 16 -526.514
22 17 -658.306
22 18 -810.633
22 19 -983.278
22 20 -1175.19
22 21 -1384.3
22 22 -1607.59
22 23 -1841.09
22 24 -2080.08
22 25 -2319.24
22 26 -2552.97
22 27 -2775.61
22 28 -2981.82
22 29 -3166.81
22 30 -3326.62
22 31 -3458.31
22 32 -3560.05
22 33 -3631.23
22 34 -3672.37
22 35 -3685.05
22 36 -3671.78
22 37 -3635.79
22 38 -3580.87
22 39 -3511.09
22 40 -3430.73
22 41 -3343.98
22 42 -3254.89
22 43 -3167.21
22 44 -3084.33
22 45 -3009.19
22 46 -2944.33
22 47 -2891.78
22 48 -2853.13
22 49 -2829.49
22 50 -2821.55
22 51 -2829.49
22 52 -2853.13
22 53 -2891.78
22 54 -2944.33
22 55 -3009.19
22 56 -3084.33
22 57 -3167.21
22 58 -3254.89
22 59 -3343.98
22 60 -3430.73
22 61 -3511.09
22 62 -3580.87
22 63 -3635.79
22 64 -3671.78
22 65 -3685.05
22 66 -3672.37
22 67 -3631.23
22 68 -3560.05
22 69 -3458.31
22 70 -3326.62
22 71 -3166.81
22 72 -2981.82
22 73 -2775.61
22 74 -2552.97
22 75 -2319.24
22 76 -2080.08
22 77 -1841.09
22 78 -1607.59
22 79 -1384.3
22 80 -1175.19
22 81 -983.278
22 82 -810.633
22 83 -658.306
22 84 -526.514
22 85 -414.624
22 86 -321.44
22 87 -245.279
22 88 -184.194
22 89 -136.098
22 90 -98.9438
22 91 -70.7494
22 92 -49.7502
22 93 -34.4103
22 94 -23.3637
22 95 -15.5589
22 96 -10.1248
22 97 -6.3242
22 98 -3.66236
22 99 -1.67122
22 100 0

23 0 0
23 1 -2.16605
23 2 -4.76695
23 3 -8.24214
23 4 -13.0788
23 5 -20.0309
23 6 -29.9168
23 7 -43.8036
23 8 -63.0101
23 9 -89.0752
23 10 -123.817
23 11 -169.267
23 12 -227.626
23 13 -301.147
23 14 -391.988
23 15 -502.12
23 16 -633.022
23 17 -785.616
23 18 -959.973
23 19 -1155.22
23 20 -1369.38
23 21 -1599.4
23 22 -1841.09
23 23 -2089.39
23 24 -2338.41
23 25 -2581.9
23 26 -2813.43
23 27 -3026.8
23 28 -3216.43
23 29 -3377.58
23 30 -3506.69
23 31 -3601.46
23 32 -3660.99
23 33 -3685.77
23 34 -3677.51
23 35 -3639.06
23 36 -3574.15
23 37 -3487.17
23 38 -3382.91
23 39 -3266.35
23 40 -3142.4
23 41 -3015.82
23 42 -2890.99
23 43 -2771.87
23 44 -2661.92
23 45 -2564.13
23 46 -2480.92
23 47 -2414.26
23 48 -2365.61
23 49 -2336.02
23 50 -2326.09
23 51 -2336.02
23 52 -2365.61
23 53 -2414.26
23 54 -2480.92
23 55 -2564.13
23 56 -2661.92
23 57 -2771.87
23 58 -2890.99
23 59 -3015.82
23 60 -3142.4
23 61 -3266.35
23 62 -3382.91
23 63 -3487.17
23 64 -3574.15
23 65 -3639.06
23 66 -3677.51
23 67 -3685.77
23 68 -3660.99
23 69 -3601.46
23 70 -3506.69
23 71 -3377.58
23 72 -3216.43
23 73 -3026.8
23 74 -2813.43
23 75 -2581.9
23 76 -2338.41
23 77 -2089.39
23 78 -1841.09
23 79 -1599.4
23 80 -1369.38
23 81 -1155.22
23 82 -959.973
23 83 -785.616
23 84 -633.022
23 85 -502.12
23 86 -391.988
23 87 -301.147
23 88 -227.626
23 89 -169.267
23 90 -123.817
23 91 -89.0752
23 92 -63.0101
23 93 -43.8036
23 94 -29.9168
23 95 -20.0309
23 96 -13.0788
23 97 -8.24214
23 98 -4.76695
23 99 -2.16605
23 100 0

24 0 0
24 1 -2.80662
24 2 -6.14125
24 3 -10.5498
24 4 -16.7241
24 5 -25.4556
24 6 -37.8441
24 7 -55.1123
24 8 -78.8068
24 9 -110.775
24 10 -153.062
24 11 -207.964
24 12 -277.897
24 13 -365.219
24 14 -472.17
24 15 -600.565
24 16 -751.643
24 17 -925.811
24 18 -1122.48
24 19 -1339.86
24 20 -1574.95
24 21 -1823.48
24 22 -2080.08
24 23 -2338.41
24 24 -2591.54
24 25 -2832.25
24 26 -3053.48
24 27 -3248.7
24 28 -3412.32
24 29 -3539.99
24 30 -3628.85
24 31 -3677.59
24 32 -3686.52
24 33 -3657.46
24 34 -3593.55
24 35 -3499.01
24 36 -3378.85
24 37 -3238.6
24 38 -3084
24 39 -2920.76
24 40 -2754.32
24 41 -2589.74
24 42 -2431.54
24 43 -2283.68
24 44 -2149.5
24 45 -2031.77
24 46 -1932.7
24 47 -1854.01
24 48 -1796.95
24 49 -1762.37
24 50 -1750.8
24 51 -1762.37
24 52 -1796.95
24 53 -1854.01
24 54 -1932.7
24 55 -2031.77
24 56 -2149.5
24 57 -2283.68
24 58 -2431.54
24 59 -2589.74
24 60 -2754.32
24 61 -2920.76
24 62 -3084
24 63 -3238.6
24 64 -3378.85
24 65 -3499.01
24 66 -3593.55
24 67 -3657.46
24 68 -3686.52
24 69 -3677.59
24 70 -3628.85
24 71 -3539.99
24 72 -3412.32
24 73 -3248.7
24 74 -3053.48
24 75 -2832.25
24 76 -2591.54
24 77 -2338.41
24 78 -2080.08
24 79 -1823.48
24 80 -1574.95
24 81 -1339.86
24 82 -1122.48
24 83 -925.811
24 84 -751.643
24 85 -600.565
24 86 -472.17
24 87 -365.219
24 88 -277.897
24 89 -207.964
24 90 -153.062
24 91 -110.775
24 92 -78.8068
24 93 -55.1123
24 94 -37.8441
24 95 -25.4556
24 96 -16.7241
24 97 -10.5498
24 98 -6.14125
24 99 -2.80662
24 100 0

25 0 0
25 1 -3.57898
25 2 -7.80339
25 3 -13.3748
25 4 -21.0882
25 5 -32.0025
25 6 -47.2811
25 7 -68.4862
25 8 -97.4143
25 9 -136.13
25 10 -186.979
25 11 -252.484
25 12 -335.221
25 13 -437.662
25 14 -561.96
25 15 -709.729
25 16 -881.74
25 17 -1077.79
25 18 -1296.39
25 19 -1534.71
25 20 -1788.52
25 21 -2052.27
25 22 -2319.24
25 23 -2581.9
25 24 -2832.25
25 25 -3062.32
25 26 -3264.57
25 27 -3432.45
25 28 -3560.69
25 29 -3645.67
25 30 -3685.56
25 31 -3680.38
25 32 -3631.92
25 33 -3543.58
25 34 -3420.02
25 35 -3266.92
25 36 -3090.54
25 37 -2897.48
25 38 -2694.24
25 39 -2487.09
25 40 -2281.75
25 41 -2083.35
25 42 -1896.29
25 43 -1724.29
25 44 -1570.33
25 45 -1436.79
25 46 -1325.46
25 47 -1237.68
25 48 -1174.38
25 49 -1136.18
25 50 -1123.41
25 51 -1136.18
25 52 -1174.38
25 53 -1237.68
25 54 -1325.46
25 55 -1436.79
25 56 -1570.33
25 57 -1724.29
25 58 -1896.29
25 59 -2083.35
25 60 -2281.75
25 61 -2487.09
25 62 -2694.24
25 63 -2897.48
25 64 -3090.54
25 65 -3266.92
25 66 -3420.02
25 67 -3543.58
25 68 -3631.92
25 69 -3680.38
25 70 -3685.56
25 71 -3645.67
25 72 -3560.69
25 73 -3432.45
25 74 -3264.57
25 75 -3062.32
25 76 -2832.25
25 77 -2581.9
25 78 -2319.24
25 79 -2052.27
25 80 -1788.52
25 81 -1534.71
25 82 -1296.39
25 83 -1077.79
25 84 -881.74
25 85 -709.729
25 86 -561.96
25 87 -437.662
25 88 -335.221
25 89 -252.484
25 90 -186.979
25 91 -136.13
25 92 -97.4143
25 93 -68.4862
25 94 -47.2811
25 95 -32.0025
25 96 -21.0882
25 97 -13.3748
25 98 -7.80339
25 99 -3.57898
25 100 0

26 0 0
26 1 -4.50304
26 2 -9.80778
26 3 -16.7416
26 4 -26.3147
26 5 -39.6944
26 6 -58.4059
26 7 -84.139
26 8 -119.004
26 9 -165.353
26 10 -225.76
26 11 -302.985
26 12 -399.721
26 13 -518.421
26 14 -661.105
26 15 -828.979
26 16 -1022.28
26 17 -1239.94
26 18 -1479.45
26 19 -1736.74
26 20 -2006.25
26 21 -2281
26 22 -2552.97
26 23 -2813.43
26 24 -3053.48
26 25 -3264.57
26 26 -3439.03
26 27 -3570.56
26 28 -3654.61
26 29 -3688.64
26 30 -3672.24
26 31 -3607.02
26 32 -3496.53
26 33 -3345.84
26 34 -3161.27
26 35 -2949.88
26 36 -2719.14
26 37 -2476.49
26 38 -2229.03
26 39 -1983.27
26 40 -1744.96
26 41 -1519.03
26 42 -1309.48
26 43 -1119.52
26 44 -951.574
26 45 -807.427
26 46 -688.307
26 47 -595.046
26 48 -528.146
26 49 -487.912
26 50 -474.483
26 51 -487.912
26 52 -528.146
26 53 -595.046
26 54 -688.307
26 55 -807.427
26 56 -951.574
26 57 -1119.52
26 58 -1309.48
26 59 -1519.03
26 60 -1744.96
26 61 -1983.27
26 62 -2229.03
26 63 -2476.49
26 64 -2719.14
26 65 -2949.88
26 66 -3161.27
26 67 -3345.84
26 68 -3496.53
26 69 -3607.02
26 70 -3672.24
26 71 -3688.64
26 72 -3654.61
26 73 -3570.56
26 74 -3439.03
26 75 -3264.57
26 76 -3053.48
26 77 -2813.43
26 78 -2552.97
26 79 -2281
26 80 -2006.25
26 81 -1736.74
26 82 -1479.45
26 83 -1239.94
26 84 -1022.28
26 85 -828.979
26 86 -661.105
26 87 -518.421
26 88 -399.721
26 89 -302.985
26 90 -225.76
26 91 -165.353
26 92 -119.004
26 93 -84.139
26 94 -58.4059
26 95 -39.6944
26 96 -26.3147
26 97 -16.7416
26 98 -9.80778
26 99 -4.50304
26 100 0

27 0 0
27 1 -5.62221
27 2 -12.1726
27 3 -20.7102
27 4 -32.4187
27 5 -48.7382
27 6 -71.2892
27 7 -102.185
27 8 -143.736
27 9 -198.572
27 10 -269.537
27 11 -359.523
27 12 -471.282
27 13 -607.207
27 14 -768.999
27 15 -957.391
27 16 -1171.83
27 17 -1410.28
27 18 -1668.99
27 19 -1942.56
27 20 -2223.93
27 21 -2504.72
27 22 -2775.61
27 23 -3026.8
27 24 -3248.7
27 25 -3432.45
27 26 -3570.56
27 27 -3657.41
27 28 -3689.51
27 29 -3665.81
27 30 -3587.61
27 31 -3458.43
27 32 -3283.68
27 33 -3070.27
27 34 -2826.08
27 35 -2559.52
27 36 -2279.02
27 37 -1992.65
27 38 -1707.8
27 39 -1430.95
27 40 -1167.57
27 41 -922.053
27 42 -697.769
27 43 -497.189
27 44 -321.953
27 45 -173.107
27 46 -51.1763
27 47 43.6024
27 48 111.229
27 49 151.747
27 50 165.25
27 51 151.747
27 52 111.229
27 53 43.6024
27 54 -51.1763
27 55 -173.107
27 56 -321.953
27 57 -497.189
27 58 -697.769
27 59 -922.053
27 60 -1167.57
27 61 -1430.95
27 62 -1707.8
27 63 -1992.65
27 64 -2279.02
27 65 -2559.52
27 66 -2826.08
27 67 -3070.27
27 68 -3283.68
27 69 -3458.43
27 70 -3587.61
27 71 -3665.81
27 72 -3689.51
27 73 -3657.41
27 74 -3570.56
27 75 -3432.45
27 76 -3248.7
27 77 -3026.8
27 78 -2775.61
27 79 -2504.72
27 80 -2223.93
27 81 -1942.56
27 82 -1668.99
27 83 -1410.28
27 84 -1171.83
27 85 -957.391
27 86 -768.999
27 87 -607.207
27 88 -471.282
27 89 -359.523
27 90 -269.537
27 91 -198.572
27 92 -143.736
27 93 -102.185
27 94 -71.2892
27 95 -48.7382
27 96 -32.4187
27 97 -20.7102
27 98 -12.1726
27 99 -5.62221
27 100 0

28 0 0
28 1 -6.89842
28 2 -14.944
28 3 -25.343
28 4 -39.5204
28 5 -59.0939
28 6 -86.08
28 7 -122.716
28 8 -171.695
28 9 -235.866
28 10 -318.272
28 11 -421.951
28 12 -549.627
28 13 -703.486
28 14 -884.833
28 15 -1093.7
28 16 -1328.64
28 17 -1586.44
28 18 -1862.02
28 19 -2148.47
28 20 -2437.25
28 21 -2718.54
28 22 -2981.82
28 23 -3216.43
28 24 -3412.32
28 25 -3560.69
