0 0 0
0 1 0
0 2 0
0 3 0
0 4 0
0 5 0
0 6 0
0 7 0
0 8 0
0 9 0
0 10 0
0 11 0
0 12 0
0 13 0
0 14 0
0 15 0
0 16 0
0 17 0
0 18 0
0 19 0
0 20 0
0 21 0
0 22 0
0 23 0
0 24 0
0 25 0
0 26 0
0 27 0
0 28 0
0 29 0
0 30 0
0 31 0
0 32 0
0 33 0
0 34 0
0 35 0
0 36 0
0 37 0
0 38 0
0 39 0
0 40 0
0 41 0
0 42 0
0 43 0
0 44 0
0 45 0
0 46 0
0 47 0
0 48 0
0 49 0
0 50 0
0 51 0
0 52 0
0 53 0
0 54 0
0 55 0
0 56 0
0 57 0
0 58 0
0 59 0
0 60 0
0 61 0
0 62 0
0 63 0
0 64 0
0 65 0
0 66 0
0 67 0
0 68 0
0 69 0
0 70 0
0 71 0
0 72 0
0 73 0
0 74 0
0 75 0
0 76 0
0 77 0
0 78 0
0 79 0
0 80 0
0 81 0
0 82 0
0 83 0
0 84 0
0 85 0
0 86 0
0 87 0
0 88 0
0 89 0
0 90 0
0 91 0
0 92 0
0 93 0
0 94 0
0 95 0
0 96 0
0 97 0
0 98 0
0 99 0
0 100 0

1 0 0
1 1 0
1 2 0
1 3 0
1 4 0
1 5 -0.0482542
1 6 -0.0474291
1 7 -0.0222727
1 8 -0.0725486
1 9 -0.0734641
1 10 -0.135504
1 11 -0.23214
1 12 -0.316446
1 13 -0.466729
1 14 -0.655777
1 15 -0.897744
1 16 -1.25711
1 17 -1.71335
1 18 -2.30981
1 19 -3.09557
1 20 -4.04872
1 21 -5.26951
1 22 -6.74044
1 23 -8.53079
1 24 -10.6799
1 25 -13.1986
1 26 -16.1576
1 27 -19.5438
1 28 -23.4011
1 29 -27.7291
1 30 -32.5112
1 31 -37.7639
1 32 -43.4139
1 33 -49.4731
1 34 -55.8358
1 35 -62.4851
1 36 -69.3074
1 37 -76.2459
1 38 -83.195
1 39 -90.0617
1 40 -96.756
1 41 -103.162
1 42 -109.207
1 43 -114.77
1 44 -119.798
1 45 -124.175
1 46 -127.874
1 47 -130.793
1 48 -132.931
1 49 -134.21
1 50 -134.652
1 51 -134.21
1 52 -132.931
1 53 -130.793
1 54 -127.874
1 55 -124.175
1 56 -119.798
1 57 -114.77
1 58 -109.207
1 59 -103.162
1 60 -96.756
1 61 -90.0617
1 62 -83.195
1 63 -76.2459
1 64 -69.3074
1 65 -62.4851
1 66 -55.8358
1 67 -49.4731
1 68 -43.4139
1 69 -37.7639
1 70 -32.5112
1 71 -27.7291
1 72 -23.4011
1 73 -19.5438
1 74 -16.1576
1 75 -13.1986
1 76 -10.6799
1 77 -8.53079
1 78 -6.74044
1 79 -5.26951
1 80 -4.04872
1 81 -3.09557
1 82 -2.30981
1 83 -1.71335
1 84 -1.25711
1 85 -0.897744
1 86 -0.655777
1 87 -0.466729
1 88 -0.316446
1 89 -0.23214
1 90 -0.135504
1 91 -0.0734641
1 92 -0.0725486
1 93 -0.0222727
1 94 -0.0474291
1 95 -0.0482542
1 96 0
1 97 0
1 98 0
1 99 0
1 100 0

2 0 0
2 1 0
2 2 0
2 3 0
2 4 -0.0514012
2 5 -0.051645
2 6 -0.0562205
2 7 -0.110463
2 8 -0.121684
2 9 -0.220838
2 10 -0.314258
2 11 -0.475539
2 12 -0.697406
2 13 -0.997919
2 14 -1.42597
2 15 -1.98543
2 16 -2.74883
2 17 -3.73639
2 18 -5.02563
2 19 -6.66608
2 20 -8.7378
2 21 -11.3054
2 22 -14.4622
2 23 -18.2638
2 24 -22.8166
2 25 -28.1559
2 26 -34.3794
2 27 -41.5028
2 28 -49.5841
2 29 -58.6184
2 30 -68.604
2 31 -79.5049
2 32 -91.2566
2 33 -103.779
2 34 -116.954
2 35 -130.65
2 36 -144.713
2 37 -158.964
2 38 -173.227
2 39 -187.293
2 40 -200.981
2 41 -214.071
2 42 -226.392
2 43 -237.736
2 44 -247.955
2 45 -256.87
2 46 -264.369
2 47 -270.312
2 48 -274.635
2 49 -277.244
2 50 -278.127
2 51 -277.244
2 52 -274.635
2 53 -270.312
2 54 -264.369
2 55 -256.87
2 56 -247.955
2 57 -237.736
2 58 -226.392
2 59 -214.071
2 60 -200.981
2 61 -187.293
2 62 -173.227
2 63 -158.964
2 64 -144.713
2 65 -130.65
2 66 -116.954
2 67 -103.779
2 68 -91.2566
2 69 -79.5049
2 70 -68.604
2 71 -58.6184
2 72 -49.5841
2 73 -41.5028
2 74 -34.3794
2 75 -28.1559
2 76 -22.8166
2 77 -18.2638
2 78 -14.4622
2 79 -11.3054
2 80 -8.7378
2 81 -6.66608
2 82 -5.02563
2 83 -3.73639
2 84 -2.74883
2 85 -1.98543
2 86 -1.42597
2 87 -0.997919
2 88 -0.697406
2 89 -0.475539
2 90 -0.314258
2 91 -0.220838
2 92 -0.121684
2 93 -0.110463
2 94 -0.0562205
2 95 -0.051645
2 96 -0.0514012
2 97 0
2 98 0
2 99 0
2 100 0

3 0 0
3 1 0
3 2 0
3 3 -0.0524949
3 4 -0.0538905
3 5 -0.0533948
3 6 -0.111594
3 7 -0.167403
3 8 -0.266366
3 9 -0.373799
3 10 -0.581334
3 11 -0.808332
3 12 -1.20611
3 13 -1.7328
3 14 -2.44105
3 15 -3.43778
3 16 -4.69869
3 17 -6.38748
3 18 -8.54414
3 19 -11.287
3 20 -14.7414
3 21 -19.0088
3 22 -24.2137
3 23 -30.5004
3 24 -37.9345
3 25 -46.6902
3 26 -56.782
3 27 -68.3471
3 28 -81.3731
3 29 -95.9023
3 30 -111.895
3 31 -129.283
3 32 -147.975
3 33 -167.806
3 34 -188.616
3 35 -210.17
3 36 -232.231
3 37 -254.53
3 38 -276.767
3 39 -298.663
3 40 -319.886
3 41 -340.169
3 42 -359.184
3 43 -376.696
3 44 -392.405
3 45 -406.128
3 46 -417.619
3 47 -426.754
3 48 -433.357
3 49 -437.375
3 50 -438.706
3 51 -437.375
3 52 -433.357
3 53 -426.754
3 54 -417.619
3 55 -406.128
3 56 -392.405
3 57 -376.696
3 58 -359.184
3 59 -340.169
3 60 -319.886
3 61 -298.663
3 62 -276.767
3 63 -254.53
3 64 -232.231
3 65 -210.17
3 66 -188.616
3 67 -167.806
3 68 -147.975
3 69 -129.283
3 70 -111.895
3 71 -95.9023
3 72 -81.3731
3 73 -68.3471
3 74 -56.782
3 75 -46.6902
3 76 -37.9345
3 77 -30.5004
3 78 -24.2137
3 79 -19.0088
3 80 -14.7414
3 81 -11.287
3 82 -8.54414
3 83 -6.38748
3 84 -4.69869
3 85 -3.43778
3 86 -2.44105
3 87 -1.7328
3 88 -1.20611
3 89 -0.808332
3 90 -0.581334
3 91 -0.373799
3 92 -0.266366
3 93 -0.167403
3 94 -0.111594
3 95 -0.0533948
3 96 -0.0538905
3 97 -0.0524949
3 98 0
3 99 0
3 100 0

4 0 0
4 1 0
4 2 -0.0514012
4 3 -0.0538905
4 4 -0.0523207
4 5 -0.111913
4 6 -0.178001
4 7 -0.279632
4 8 -0.41111
4 9 -0.635528
4 10 -0.906049
4 11 -1.35717
4 12 -1.93978
4 13 -2.77959
4 14 -3.90634
4 15 -5.41625
4 16 -7.42615
4 17 -10.0154
4 18 -13.374
4 19 -17.5808
4 20 -22.8662
4 21 -29.3352
4 22 -37.2083
4 23 -46.623
4 24 -57.7551
4 25 -70.7365
4 26 -85.6906
4 27 -102.682
4 28 -121.777
4 29 -142.928
4 30 -166.127
4 31 -191.202
4 32 -218.049
4 33 -246.385
4 34 -275.995
4 35 -306.52
4 36 -337.644
4 37 -368.964
4 38 -400.092
4 39 -430.617
4 40 -460.121
4 41 -488.213
4 42 -514.491
4 43 -538.61
4 44 -560.215
4 45 -579.032
4 46 -594.779
4 47 -607.265
4 48 -616.296
4 49 -621.772
4 50 -623.599
4 51 -621.772
4 52 -616.296
4 53 -607.265
4 54 -594.779
4 55 -579.032
4 56 -560.215
4 57 -538.61
4 58 -514.491
4 59 -488.213
4 60 -460.121
4 61 -430.617
4 62 -400.092
4 63 -368.964
4 64 -337.644
4 65 -306.52
4 66 -275.995
4 67 -246.385
4 68 -218.049
4 69 -191.202
4 70 -166.127
4 71 -142.928
4 72 -121.777
4 73 -102.682
4 74 -85.6906
4 75 -70.7365
4 76 -57.7551
4 77 -46.623
4 78 -37.2083
4 79 -29.3352
4 80 -22.8662
4 81 -17.5808
4 82 -13.374
4 83 -10.0154
4 84 -7.42615
4 85 -5.41625
4 86 -3.90634
4 87 -2.77959
4 88 -1.93978
4 89 -1.35717
4 90 -0.906049
4 91 -0.635528
4 92 -0.41111
4 93 -0.279632
4 94 -0.178001
4 95 -0.111913
4 96 -0.0523207
4 97 -0.0538905
4 98 -0.0514012
4 99 0
4 100 0

5 0 0
5 1 -0.0482542
5 2 -0.051645
5 3 -0.0533948
5 4 -0.111913
5 5 -0.181868
5 6 -0.286937
5 7 -0.416775
5 8 -0.656156
5 9 -0.974563
5 10 -1.45194
5 11 -2.10812
5 12 -3.04027
5 13 -4.27592
5 14 -6.00463
5 15 -8.26666
5 16 -11.2625
5 17 -15.1537
5 18 -20.072
5 19 -26.3132
5 20 -33.9867
5 21 -43.4174
5 22 -54.7587
5 23 -68.2739
5 24 -84.1416
5 25 -102.54
5 26 -123.593
5 27 -147.395
5 28 -173.939
5 29 -203.227
5 30 -235.09
5 31 -269.409
5 32 -305.866
5 33 -344.204
5 34 -383.987
5 35 -424.834
5 36 -466.233
5 37 -507.714
5 38 -548.735
5 39 -588.786
5 40 -627.34
5 41 -663.899
5 42 -697.985
5 43 -729.155
5 44 -757.012
5 45 -781.197
5 46 -801.408
5 47 -817.39
5 48 -828.95
5 49 -835.941
5 50 -838.282
5 51 -835.941
5 52 -828.95
5 53 -817.39
5 54 -801.408
5 55 -781.197
5 56 -757.012
5 57 -729.155
5 58 -697.985
5 59 -663.899
5 60 -627.34
5 61 -588.786
5 62 -548.735
5 63 -507.714
5 64 -466.233
5 65 -424.834
5 66 -383.987
5 67 -344.204
5 68 -305.866
5 69 -269.409
5 70 -235.09
5 71 -203.227
5 72 -173.939
5 73 -147.395
5 74 -123.593
5 75 -102.54
5 76 -84.1416
5 77 -68.2739
5 78 -54.7587
5 79 -43.4174
5 80 -33.9867
5 81 -26.3132
5 82 -20.072
5 83 -15.1537
5 84 -11.2625
5 85 -8.26666
5 86 -6.00463
5 87 -4.27592
5 88 -3.04027
5 89 -2.10812
5 90 -1.45194
5 91 -0.974563
5 92 -0.656156
5 93 -0.416775
5 94 -0.286937
5 95 -0.181868
5 96 -0.111913
5 97 -0.0533948
5 98 -0.051645
5 99 -0.0482542
5 100 0

6 0 0
6 1 -0.0474291
6 2 -0.0562205
6 3 -0.111594
6 4 -0.178001
6 5 -0.286937
6 6 -0.418247
6 7 -0.666025
6 8 -1.00874
6 9 -1.50895
6 10 -2.21519
6 11 -3.21947
6 12 -4.58073
6 13 -6.47785
6 14 -8.99223
6 15 -12.3488
6 16 -16.7086
6 17 -22.3213
6 18 -29.4333
6 19 -38.3069
6 20 -49.2608
6 21 -62.5291
6 22 -78.4747
6 23 -97.2674
6 24 -119.243
6 25 -144.494
6 26 -173.233
6 27 -205.462
6 28 -241.2
6 29 -280.327
6 30 -322.654
6 31 -367.9
6 32 -415.698
6 33 -465.597
6 34 -517.101
6 35 -569.613
6 36 -622.565
6 37 -675.274
6 38 -727.156
6 39 -777.505
6 40 -825.771
6 41 -871.291
6 42 -913.586
6 43 -952.08
6 44 -986.393
6 45 -1016.06
6 46 -1040.82
6 47 -1060.34
6 48 -1074.45
6 49 -1082.95
6 50 -1085.82
6 51 -1082.95
6 52 -1074.45
6 53 -1060.34
6 54 -1040.82
6 55 -1016.06
6 56 -986.393
6 57 -952.08
6 58 -913.586
6 59 -871.291
6 60 -825.771
6 61 -777.505
6 62 -727.156
6 63 -675.274
6 64 -622.565
6 65 -569.613
6 66 -517.101
6 67 -465.597
6 68 -415.698
6 69 -367.9
6 70 -322.654
6 71 -280.327
6 72 -241.2
6 73 -205.462
6 74 -173.233
6 75 -144.494
6 76 -119.243
6 77 -97.2674
6 78 -78.4747
6 79 -62.5291
6 80 -49.2608
6 81 -38.3069
6 82 -29.4333
6 83 -22.3213
6 84 -16.7086
6 85 -12.3488
6 86 -8.99223
6 87 -6.47785
6 88 -4.58073
6 89 -3.21947
6 90 -2.21519
6 91 -1.50895
6 92 -1.00874
6 93 -0.666025
6 94 -0.418247
6 95 -0.286937
6 96 -0.178001
6 97 -0.111594
6 98 -0.0562205
6 99 -0.0474291
6 100 0

7 0 0
7 1 -0.0222727
7 2 -0.110463
7 3 -0.167403
7 4 -0.279632
7 5 -0.416775
7 6 -0.666025
7 7 -1.021
7 8 -1.53922
7 9 -2.26929
7 10 -3.33351
7 11 -4.80113
7 12 -6.83375
7 13 -9.58509
7 14 -13.2532
7 15 -18.0605
7 16 -24.3148
7 17 -32.2636
7 18 -42.3016
7 19 -54.7363
7 20 -69.9388
7 21 -88.3009
7 22 -110.094
7 23 -135.723
7 24 -165.339
7 25 -199.239
7 26 -237.441
7 27 -280.035
7 28 -326.872
7 29 -377.796
7 30 -432.462
7 31 -490.482
7 32 -551.314
7 33 -614.384
7 34 -678.993
7 35 -744.448
7 36 -809.96
7 37 -874.797
7 38 -938.155
7 39 -999.331
7 40 -1057.58
7 41 -1112.28
7 42 -1162.79
7 43 -1208.61
7 44 -1249.23
7 45 -1284.28
7 46 -1313.39
7 47 -1336.32
7 48 -1352.83
7 49 -1362.81
7 50 -1366.13
7 51 -1362.81
7 52 -1352.83
7 53 -1336.32
7 54 -1313.39
7 55 -1284.28
7 56 -1249.23
7 57 -1208.61
7 58 -1162.79
7 59 -1112.28
7 60 -1057.58
7 61 -999.331
7 62 -938.155
7 63 -874.797
7 64 -809.96
7 65 -744.448
7 66 -678.993
7 67 -614.384
7 68 -551.314
7 69 -490.482
7 70 -432.462
7 71 -377.796
7 72 -326.872
7 73 -280.035
7 74 -237.441
7 75 -199.239
7 76 -165.339
7 77 -135.723
7 78 -110.094
7 79 -88.3009
7 80 -69.9388
7 81 -54.7363
7 82 -42.3016
7 83 -32.2636
7 84 -24.3148
7 85 -18.0605
7 86 -13.2532
7 87 -9.58509
7 88 -6.83375
7 89 -4.80113
7 90 -3.33351
7 91 -2.26929
7 92 -1.53922
7 93 -1.021
7 94 -0.666025
7 95 -0.416775
7 96 -0.279632
7 97 -0.167403
7 98 -0.110463
7 99 -0.0222727
7 100 0

8 0 0
8 1 -0.0725486
8 2 -0.121684
8 3 -0.266366
8 4 -0.41111
8 5 -0.656156
8 6 -1.00874
8 7 -1.53922
8 8 -2.28675
8 9 -3.39076
8 10 -4.93692
8 11 -7.07871
8 12 -10.0107
8 13 -13.9521
8 14 -19.166
8 15 -25.9931
8 16 -34.7558
8 17 -45.8776
8 18 -59.757
8 19 -76.85
8 20 -97.5891
8 21 -122.413
8 22 -151.715
8 23 -185.826
8 24 -225.038
8 25 -269.466
8 26 -319.239
8 27 -374.188
8 28 -434.22
8 29 -498.875
8 30 -567.796
8 31 -640.288
8 32 -715.737
8 33 -793.292
8 34 -872.146
8 35 -951.384
8 36 -1030.11
8 37 -1107.42
8 38 -1182.45
8 39 -1254.37
8 40 -1322.41
8 41 -1385.89
8 42 -1444.18
8 43 -1496.76
8 44 -1543.16
8 45 -1583.01
8 46 -1616.01
8 47 -1641.91
8 48 -1660.54
8 49 -1671.75
8 50 -1675.51
8 51 -1671.75
8 52 -1660.54
8 53 -1641.91
8 54 -1616.01
8 55 -1583.01
8 56 -1543.16
8 57 -1496.76
8 58 -1444.18
8 59 -1385.89
8 60 -1322.41
8 61 -1254.37
8 62 -1182.45
8 63 -1107.42
8 64 -1030.11
8 65 -951.384
8 66 -872.146
8 67 -793.292
8 68 -715.737
8 69 -640.288
8 70 -567.796
8 71 -498.875
8 72 -434.22
8 73 -374.188
8 74 -319.239
8 75 -269.466
8 76 -225.038
8 77 -185.826
8 78 -151.715
8 79 -122.413
8 80 -97.5891
8 81 -76.85
8 82 -59.757
8 83 -45.8776
8 84 -34.7558
8 85 -25.9931
8 86 -19.166
8 87 -13.9521
8 88 -10.0107
8 89 -7.07871
8 90 -4.93692
8 91 -3.39076
8 92 -2.28675
8 93 -1.53922
8 94 -1.00874
8 95 -0.656156
8 96 -0.41111
8 97 -0.266366
8 98 -0.121684
8 99 -0.0725486
8 100 0

9 0 0
9 1 -0.0734641
9 2 -0.220838
9 3 -0.373799
9 4 -0.635528
9 5 -0.974563
9 6 -1.50895
9 7 -2.26929
9 8 -3.39076
9 9 -4.9841
9 10 -7.20585
9 11 -10.2652
9 12 -14.4306
9 13 -19.9885
9 14 -27.3098
9 15 -36.8061
9 16 -48.9164
9 17 -64.1551
9 18 -83.0443
9 19 -106.102
9 20 -133.894
9 21 -166.865
9 22 -205.488
9 23 -250.088
9 24 -300.892
9 25 -358.036
9 26 -421.414
9 27 -490.895
9 28 -566.018
9 29 -646.343
9 30 -731.098
9 31 -819.559
9 32 -910.723
9 33 -1003.67
9 34 -1097.29
9 35 -1190.59
9 36 -1282.44
9 37 -1371.91
9 38 -1457.98
9 39 -1539.85
9 40 -1616.69
9 41 -1687.87
9 42 -1752.76
9 43 -1810.94
9 44 -1861.97
9 45 -1905.59
9 46 -1941.53
9 47 -1969.65
9 48 -1989.8
9 49 -2001.93
9 50 -2005.98
9 51 -2001.93
9 52 -1989.8
9 53 -1969.65
9 54 -1941.53
9 55 -1905.59
9 56 -1861.97
9 57 -1810.94
9 58 -1752.76
9 59 -1687.87
9 60 -1616.69
9 61 -1539.85
9 62 -1457.98
9 63 -1371.91
9 64 -1282.44
9 65 -1190.59
9 66 -1097.29
9 67 -1003.67
9 68 -910.723
9 69 -819.559
9 70 -731.098
9 71 -646.343
9 72 -566.018
9 73 -490.895
9 74 -421.414
9 75 -358.036
9 76 -300.892
9 77 -250.088
9 78 -205.488
9 79 -166.865
9 80 -133.894
9 81 -106.102
9 82 -83.0443
9 83 -64.1551
9 84 -48.9164
9 85 -36.8061
9 86 -27.3098
9 87 -19.9885
9 88 -14.4306
9 89 -10.2652
9 90 -7.20585
9 91 -4.9841
9 92 -3.39076
9 93 -2.26929
9 94 -1.50895
9 95 -0.974563
9 96 -0.635528
9 97 -0.373799
9 98 -0.220838
9 99 -0.0734641
9 100 0

10 0 0
10 1 -0.135504
10 2 -0.314258
10 3 -0.581334
10 4 -0.906049
10 5 -1.45194
10 6 -2.21519
10 7 -3.33351
10 8 -4.93692
10 9 -7.20585
10 10 -10.3501
10 11 -14.674
10 12 -20.5016
10 13 -28.2236
10 14 -38.3262
10 15 -51.309
10 16 -67.7623
10 17 -88.3046
10 18 -113.559
10 19 -144.169
10 20 -180.724
10 21 -223.761
10 22 -273.718
10 23 -330.912
10 24 -395.495
10 25 -467.461
10 26 -546.591
10 27 -632.483
10 28 -724.545
10 29 -821.967
10 30 -923.856
10 31 -1029.07
10 32 -1136.53
10 33 -1244.91
10 34 -1353.08
10 35 -1459.7
10 36 -1563.74
10 37 -1663.99
10 38 -1759.58
10 39 -1849.58
10 40 -1933.33
10 41 -2010.17
10 42 -2079.7
10 43 -2141.5
10 44 -2195.37
10 45 -2241.08
10 46 -2278.57
10 47 -2307.75
10 48 -2328.61
10 49 -2341.12
10 50 -2345.29
10 51 -2341.12
10 52 -2328.61
10 53 -2307.75
10 54 -2278.57
10 55 -2241.08
10 56 -2195.37
10 57 -2141.5
10 58 -2079.7
10 59 -2010.17
10 60 -1933.33
10 61 -1849.58
10 62 -1759.58
10 63 -1663.99
10 64 -1563.74
10 65 -1459.7
10 66 -1353.08
10 67 -1244.91
10 68 -1136.53
10 69 -1029.07
10 70 -923.856
10 71 -821.967
10 72 -724.545
10 73 -632.483
10 74 -546.591
10 75 -467.461
10 76 -395.495
10 77 -330.912
10 78 -273.718
10 79 -223.761
10 80 -180.724
10 81 -144.169
10 82 -113.559
10 83 -88.3046
10 84 -67.7623
10 85 -51.309
10 86 -38.3262
10 87 -28.2236
10 88 -20.5016
10 89 -14.674
10 90 -10.3501
10 91 -7.20585
10 92 -4.93692
10 93 -3.33351
10 94 -2.21519
10 95 -1.45194
10 96 -0.906049
10 97 -0.581334
10 98 -0.314258
10 99 -0.135504
10 100 0

11 0 0
11 1 -0.23214
11 2 -0.475539
11 3 -0.808332
11 4 -1.35717
11 5 -2.10812
11 6 -3.21947
11 7 -4.80113
11 8 -7.07871
11 9 -10.2652
11 10 -14.674
11 11 -20.677
11 12 -28.6934
11 13 -39.2583
11 14 -52.9602
11 15 -70.4514
11 16 -92.4438
11 17 -119.684
11 18 -152.891
11 19 -192.81
11 20 -240.062
11 21 -295.207
11 22 -358.655
11 23 -430.611
11 24 -511.128
11 25 -599.965
11 26 -696.705
11 27 -800.656
11 28 -910.918
11 29 -1026.42
11 30 -1145.87
11 31 -1267.94
11 32 -1391.17
11 33 -1514.15
11 34 -1635.4
11 35 -1753.65
11 36 -1867.6
11 37 -1976.23
11 38 -2078.53
11 39 -2173.82
11 40 -2261.44
11 41 -2341.02
11 42 -2412.21
11 43 -2474.93
11 44 -2529.04
11 45 -2574.64
11 46 -2611.71
11 47 -2640.44
11 48 -2660.84
11 49 -2673.08
11 50 -2677.13
11 51 -2673.08
11 52 -2660.84
11 53 -2640.44
11 54 -2611.71
11 55 -2574.64
11 56 -2529.04
11 57 -2474.93
11 58 -2412.21
11 59 -2341.02
11 60 -2261.44
11 61 -2173.82
11 62 -2078.53
11 63 -1976.23
11 64 -1867.6
11 65 -1753.65
11 66 -1635.4
11 67 -1514.15
11 68 -1391.17
11 69 -1267.94
11 70 -1145.87
11 71 -1026.42
11 72 -910.918
11 73 -800.656
11 74 -696.705
11 75 -599.965
11 76 -511.128
11 77 -430.611
11 78 -358.655
11 79 -295.207
11 80 -240.062
11 81 -192.81
11 82 -152.891
11 83 -119.684
11 84 -92.4438
11 85 -70.4514
11 86 -52.9602
11 87 -39.2583
11 88 -28.6934
11 89 -20.677
11 90 -14.674
11 91 -10.2652
11 92 -7.07871
11 93 -4.80113
11 94 -3.21947
11 95 -2.10812
11 96 -1.35717
11 97 -0.808332
11 98 -0.475539
11 99 -0.23214
11 100 0

12 0 0
12 1 -0.316446
12 2 -0.697406
12 3 -1.20611
12 4 -1.93978
12 5 -3.04027
12 6 -4.58073
12 7 -6.83375
12 8 -10.0107
12 9 -14.4306
12 10 -20.5016
12 11 -28.6934
12 12 -39.5719
12 13 -53.8021
12 14 -72.1187
12 15 -95.3049
12 16 -124.238
12 17 -159.744
12 18 -202.692
12 19 -253.845
12 20 -313.87
12 21 -383.278
12 22 -462.373
12 23 -551.215
12 24 -649.614
12 25 -757.077
12 26 -872.848
12 27 -995.898
12 28 -1124.95
12 29 -1258.57
12 30 -1395.14
12 31 -1532.99
12 32 -1670.41
12 33 -1805.76
12 34 -1937.49
12 35 -2064.17
12 36 -2184.61
12 37 -2297.75
12 38 -2402.86
12 39 -2499.29
12 40 -2586.76
12 41 -2665.01
12 42 -2734.13
12 43 -2794.13
12 44 -2845.33
12 45 -2887.91
12 46 -2922.26
12 47 -2948.57
12 48 -2967.2
12 49 -2978.26
12 50 -2981.97
12 51 -2978.26
12 52 -2967.2
12 53 -2948.57
12 54 -2922.26
12 55 -2887.91
12 56 -2845.33
12 57 -2794.13
12 58 -2734.13
12 59 -2665.01
12 60 -2586.76
12 61 -2499.29
12 62 -2402.86
12 63 -2297.75
12 64 -2184.61
12 65 -2064.17
12 66 -1937.49
12 67 -1805.76
12 68 -1670.41
12 69 -1532.99
12 70 -1395.14
12 71 -1258.57
12 72 -1124.95
12 73 -995.898
12 74 -872.848
12 75 -757.077
12 76 -649.614
12 77 -551.215
12 78 -462.373
12 79 -383.278
12 80 -313.87
12 81 -253.845
12 82 -202.692
12 83 -159.744
12 84 -124.238
12 85 -95.3049
12 86 -72.1187
12 87 -53.8021
12 88 -39.5719
12 89 -28.6934
12 90 -20.5016
12 91 -14.4306
12 92 -10.0107
12 93 -6.83375
12 94 -4.58073
12 95 -3.04027
12 96 -1.93978
12 97 -1.20611
12 98 -0.697406
12 99 -0.316446
12 100 0

13 0 0
13 1 -0.466729
13 2 -0.997919
13 3 -1.7328
13 4 -2.77959
13 5 -4.27592
13 6 -6.47785
13 7 -9.58509
13 8 -13.9521
13 9 -19.9885
13 10 -28.2236
13 11 -39.2583
13 12 -53.8021
13 13 -72.6848
13 14 -96.7687
13 15 -127.038
13 16 -164.464
13 17 -210.027
13 18 -264.637
13 19 -329.099
13 20 -404.016
13 21 -489.816
13 22 -586.587
13 23 -694.175
13 24 -812.044
13 25 -939.346
13 26 -1074.92
13 27 -1217.28
13 28 -1364.76
13 29 -1515.46
13 30 -1667.44
13 31 -1818.7
13 32 -1967.3
13 33 -2111.44
13 34 -2249.5
13 35 -2380.1
13 36 -2502.11
13 37 -2614.72
13 38 -2717.37
13 39 -2809.8
13 40 -2891.96
13 41 -2964.07
13 42 -3026.44
13 43 -3079.58
13 44 -3124.02
13 45 -3160.37
13 46 -3189.17
13 47 -3210.99
13 48 -3226.21
13 49 -3235.22
13 50 -3238.19
13 51 -3235.22
13 52 -3226.21
13 53 -3210.99
13 54 -3189.17
13 55 -3160.37
13 56 -3124.02
13 57 -3079.58
13 58 -3026.44
13 59 -2964.07
13 60 -2891.96
13 61 -2809.8
13 62 -2717.37
13 63 -2614.72
13 64 -2502.11
13 65 -2380.1
13 66 -2249.5
13 67 -2111.44
13 68 -1967.3
13 69 -1818.7
13 70 -1667.44
13 71 -1515.46
13 72 -1364.76
13 73 -1217.28
13 74 -1074.92
13 75 -939.346
13 76 -812.044
13 77 -694.175
13 78 -586.587
13 79 -489.816
13 80 -404.016
13 81 -329.099
13 82 -264.637
13 83 -210.027
13 84 -164.464
13 85 -127.038
13 86 -96.7687
13 87 -72.6848
13 88 -53.8021
13 89 -39.2583
13 90 -28.2236
13 91 -19.9885
13 92 -13.9521
13 93 -9.58509
13 94 -6.47785
13 95 -4.27592
13 96 -2.77959
13 97 -1.7328
13 98 -0.997919
13 99 -0.466729
13 100 0

14 0 0
14 1 -0.655777
14 2 -1.42597
14 3 -2.44105
14 4 -3.90634
14 5 -6.00463
14 6 -8.99223
14 7 -13.2532
14 8 -19.166
14 9 -27.3098
14 10 -38.3262
14 11 -52.9602
14 12 -72.1187
14 13 -96.7687
14 14 -127.981
14 15 -166.869
14 16 -214.549
14 17 -272.059
14 18 -340.37
14 19 -420.201
14 20 -512.091
14 21 -616.217
14 22 -732.431
14 23 -860.184
14 24 -998.536
14 25 -1146.15
14 26 -1301.37
14 27 -1462.21
14 28 -1626.52
14 29 -1791.96
14 30 -1956.23
14 31 -2117.05
14 32 -2272.3
14 33 -2420.14
14 34 -2558.95
14 35 -2687.53
14 36 -2804.95
14 37 -2910.74
14 38 -3004.69
14 39 -3086.97
14 40 -3157.97
14 41 -3218.35
14 42 -3268.89
14 43 -3310.5
14 44 -3344.11
14 45 -3370.67
14 46 -3391.05
14 47 -3406.02
14 48 -3416.25
14 49 -3422.17
14 50 -3424.12
14 51 -3422.17
14 52 -3416.25
14 53 -3406.02
14 54 -3391.05
14 55 -3370.67
14 56 -3344.11
14 57 -3310.5
14 58 -3268.89
14 59 -3218.35
14 60 -3157.97
14 61 -3086.97
14 62 -3004.69
14 63 -2910.74
14 64 -2804.95
14 65 -2687.53
14 66 -2558.95
14 67 -2420.14
14 68 -2272.3
14 69 -2117.05
14 70 -1956.23
14 71 -1791.96
14 72 -1626.52
14 73 -1462.21
14 74 -1301.37
14 75 -1146.15
14 76 -998.536
14 77 -860.184
14 78 -732.431
14 79 -616.217
14 80 -512.091
14 81 -420.201
14 82 -340.37
14 83 -272.059
14 84 -214.549
14 85 -166.869
14 86 -127.981
14 87 -96.7687
14 88 -72.1187
14 89 -52.9602
14 90 -38.3262
14 91 -27.3098
14 92 -19.166
14 93 -13.2532
14 94 -8.99223
14 95 -6.00463
14 96 -3.90634
14 97 -2.44105
14 98 -1.42597
14 99 -0.655777
14 100 0

15 0 0
15 1 -0.897744
15 2 -1.98543
15 3 -3.43778
15 4 -5.41625
15 5 -8.26666
15 6 -12.3488
15 7 -18.0605
15 8 -25.9931
15 9 -36.8061
15 10 -51.309
15 11 -70.4514
15 12 -95.3049
15 13 -127.038
15 14 -166.869
15 15 -216.079
15 16 -275.842
15 17 -347.286
15 18 -431.297
15 19 -528.517
15 20 -639.235
15 21 -763.343
15 22 -900.261
15 23 -1048.99
15 24 -1208.01
15 25 -1375.45
15 26 -1549.02
15 27 -1726.23
15 28 -1904.37
15 29 -2080.73
15 30 -2252.65
15 31 -2417.65
15 32 -2573.57
15 33 -2718.56
15 34 -2851.23
15 35 -2970.63
15 36 -3076.24
15 37 -3168.01
15 38 -3246.26
15 39 -3311.67
15 40 -3365.2
15 41 -3408.01
15 42 -3441.4
15 43 -3466.73
15 44 -3485.39
15 45 -3498.66
15 46 -3507.75
15 47 -3513.68
15 48 -3517.3
15 49 -3519.21
15 50 -3519.81
15 51 -3519.21
15 52 -3517.3
15 53 -3513.68
15 54 -3507.75
15 55 -3498.66
15 56 -3485.39
15 57 -3466.73
15 58 -3441.4
15 59 -3408.01
15 60 -3365.2
15 61 -3311.67
15 62 -3246.26
15 63 -3168.01
15 64 -3076.24
15 65 -2970.63
15 66 -2851.23
15 67 -2718.56
15 68 -2573.57
15 69 -2417.65
15 70 -2252.65
15 71 -2080.73
15 72 -1904.37
15 73 -1726.23
15 74 -1549.02
15 75 -1375.45
15 76 -1208.01
15 77 -1048.99
15 78 -900.261
15 79 -763.343
15 80 -639.235
15 81 -528.517
15 82 -431.297
15 83 -347.286
15 84 -275.842
15 85 -216.079
15 86 -166.869
15 87 -127.038
15 88 -95.3049
15 89 -70.4514
15 90 -51.309
15 91 -36.8061
15 92 -25.9931
15 93 -18.0605
15 94 -12.3488
15 95 -8.26666
15 96 -5.41625
15 97 -3.43778
15 98 -1.98543
15 99 -0.897744
15 100 0

16 0 0
16 1 -1.25711
16 2 -2.74883
16 3 -4.69869
16 4 -7.42615
16 5 -11.2625
16 6 -16.7086
16 7 -24.3148
16 8 -34.7558
16 9 -48.9164
16 10 -67.7623
16 11 -92.4438
16 12 -124.238
16 13 -164.464
16 14 -214.549
16 15 -275.842
16 16 -349.615
16 17 -436.935
16 18 -538.592
16 19 -654.971
16 20 -786.055
16 21 -931.248
16 22 -1089.49
16 23 -1259.12
16 24 -1438
16 25 -1623.58
16 26 -1812.94
16 27 -2002.97
16 28 -2190.51
16 29 -2372.44
16 30 -2545.87
16 31 -2708.24
16 32 -2857.45
16 33 -2991.85
16 34 -3110.42
16 35 -3212.62
16 36 -3298.49
16 37 -3368.58
16 38 -3423.81
16 39 -3465.53
16 40 -3495.27
16 41 -3514.82
16 42 -3525.98
16 43 -3530.64
16 44 -3530.55
16 45 -3527.4
16 46 -3522.65
16 47 -3517.61
16 48 -3513.24
16 49 -3510.33
16 50 -3509.3
16 51 -3510.33
16 52 -3513.24
16 53 -3517.61
16 54 -3522.65
16 55 -3527.4
16 56 -3530.55
16 57 -3530.64
16 58 -3525.98
16 59 -3514.82
16 60 -3495.27
16 61 -3465.53
16 62 -3423.81
16 63 -3368.58
16 64 -3298.49
16 65 -3212.62
16 66 -3110.42
16 67 -2991.85
16 68 -2857.45
16 69 -2708.24
16 70 -2545.87
16 71 -2372.44
16 72 -2190.51
16 73 -2002.97
16 74 -1812.94
16 75 -1623.58
16 76 -1438
16 77 -1259.12
16 78 -1089.49
16 79 -931.248
16 80 -786.055
16 81 -654.971
16 82 -538.592
16 83 -436.935
16 84 -349.615
16 85 -275.842
16 86 -214.549
16 87 -164.464
16 88 -124.238
16 89 -92.4438
16 90 -67.7623
16 91 -48.9164
16 92 -34.7558
16 93 -24.3148
16 94 -16.7086
16 95 -11.2625
16 96 -7.42615
16 97 -4.69869
16 98 -2.74883
16 99 -1.25711
16 100 0

17 0 0
17 1 -1.71335
17 2 -3.73639
17 3 -6.38748
17 4 -10.0154
17 5 -15.1537
17 6 -22.3213
17 7 -32.2636
17 8 -45.8776
17 9 -64.1551
17 10 -88.3046
17 11 -119.684
17 12 -159.744
17 13 -210.027
17 14 -272.059
17 15 -347.286
17 16 -436.935
17 17 -541.989
17 18 -662.959
17 19 -799.928
17 20 -952.35
17 21 -1119.09
17 22 -1298.39
17 23 -1487.86
17 24 -1684.61
17 25 -1885.36
17 26 -2086.5
17 27 -2284.39
17 28 -2475.36
17 29 -2656.08
17 30 -2823.52
17 31 -2975.22
17 32 -3109.3
17 33 -3224.52
17 34 -3320.38
17 35 -3396.98
17 36 -3455.05
17 37 -3495.82
17 38 -3521.01
17 39 -3532.61
17 40 -3532.86
17 41 -3524.1
17 42 -3508.72
17 43 -3489.01
17 44 -3467.14
17 45 -3445.09
17 46 -3424.6
17 47 -3407.11
17 48 -3393.78
17 49 -3385.45
17 50 -3382.61
17 51 -3385.45
17 52 -3393.78
17 53 -3407.11
17 54 -3424.6
17 55 -3445.09
17 56 -3467.14
17 57 -3489.01
17 58 -3508.72
17 59 -3524.1
17 60 -3532.86
17 61 -3532.61
17 62 -3521.01
17 63 -3495.82
17 64 -3455.05
17 65 -3396.98
17 66 -3320.38
17 67 -3224.52
17 68 -3109.3
17 69 -2975.22
17 70 -2823.52
17 71 -2656.08
17 72 -2475.36
17 73 -2284.39
17 74 -2086.5
17 75 -1885.36
17 76 -1684.61
17 77 -1487.86
17 78 -1298.39
17 79 -1119.09
17 80 -952.35
17 81 -799.928
17 82 -662.959
17 83 -541.989
17 84 -436.935
17 85 -347.286
17 86 -272.059
17 87 -210.027
17 88 -159.744
17 89 -119.684
17 90 -88.3046
17 91 -64.1551
17 92 -45.8776
17 93 -32.2636
17 94 -22.3213
17 95 -15.1537
17 96 -10.0154
17 97 -6.38748
17 98 -3.73639
17 99 -1.71335
17 100 0

18 0 0
18 1 -2.30981
18 2 -5.02563
18 3 -8.54414
18 4 -13.374
18 5 -20.072
18 6 -29.4333
18 7 -42.3016
18 8 -59.757
18 9 -83.0443
18 10 -113.559
18 11 -152.891
18 12 -202.692
18 13 -264.637
18 14 -340.37
18 15 -431.297
18 16 -538.592
18 17 -662.959
18 18 -804.591
18 19 -963.032
18 20 -1137.14
18 21 -1325.01
18 22 -1524.11
18 23 -1731.17
18 24 -1942.53
18 25 -2154.07
18 26 -2361.6
18 27 -2560.91
18 28 -2748.06
18 29 -2919.55
18 30 -3072.46
18 31 -3204.58
18 32 -3314.51
18 33 -3401.62
18 34 -3466.11
18 35 -3508.89
18 36 -3531.51
18 37 -3536.05
18 38 -3525
18 39 -3501.1
18 40 -3467.24
18 41 -3426.34
18 42 -3381.26
18 43 -3334.68
18 44 -3289.08
18 45 -3246.67
18 46 -3209.33
18 47 -3178.66
18 48 -3155.85
18 49 -3141.83
18 50 -3137.09
18 51 -3141.83
18 52 -3155.85
18 53 -3178.66
18 54 -3209.33
18 55 -3246.67
18 56 -3289.08
18 57 -3334.68
18 58 -3381.26
18 59 -3426.34
18 60 -3467.24
18 61 -3501.1
18 62 -3525
18 63 -3536.05
18 64 -3531.51
18 65 -3508.89
18 66 -3466.11
18 67 -3401.62
18 68 -3314.51
18 69 -3204.58
18 70 -3072.46
18 71 -2919.55
18 72 -2748.06
18 73 -2560.91
18 74 -2361.6
18 75 -2154.07
18 76 -1942.53
18 77 -1731.17
18 78 -1524.11
18 79 -1325.01
18 80 -1137.14
18 81 -963.032
18 82 -804.591
18 83 -662.959
18 84 -538.592
18 85 -431.297
18 86 -340.37
18 87 -264.637
18 88 -202.692
18 89 -152.891
18 90 -113.559
18 91 -83.0443
18 92 -59.757
18 93 -42.3016
18 94 -29.4333
18 95 -20.072
18 96 -13.374
18 97 -8.54414
18 98 -5.02563
18 99 -2.30981
18 100 0

19 0 0
19 1 -3.09557
19 2 -6.66608
19 3 -11.287
19 4 -17.5808
19 5 -26.3132
19 6 -38.3069
19 7 -54.7363
19 8 -76.85
19 9 -106.102
19 10 -144.169
19 11 -192.81
19 12 -253.845
19 13 -329.099
19 14 -420.201
19 15 -528.517
19 16 -654.971
19 17 -799.928
19 18 -963.032
19 19 -1143.2
19 20 -1338.46
19 21 -1546.09
19 22 -1762.57
19 23 -1983.77
19 24 -2205.11
19 25 -2421.77
19 26 -2628.95
19 27 -2822.07
19 28 -2997.02
19 29 -3150.41
19 30 -3279.58
19 31 -3382.89
19 32 -3459.59
19 33 -3509.9
19 34 -3534.92
19 35 -3536.5
19 36 -3517.14
19 37 -3479.81
19 38 -3427.81
19 39 -3364.59
19 40 -3293.66
19 41 -3218.42
19 42 -3142.1
19 43 -3067.65
19 44 -2997.76
19 45 -2934.72
19 46 -2880.51
19 47 -2836.7
19 48 -2804.55
19 49 -2784.9
19 50 -2778.3
19 51 -2784.9
19 52 -2804.55
19 53 -2836.7
19 54 -2880.51
19 55 -2934.72
19 56 -2997.76
19 57 -3067.65
19 58 -3142.1
19 59 -3218.42
19 60 -3293.66
19 61 -3364.59
19 62 -3427.81
19 63 -3479.81
19 64 -3517.14
19 65 -3536.5
19 66 -3534.92
19 67 -3509.9
19 68 -3459.59
19 69 -3382.89
19 70 -3279.58
19 71 -3150.41
19 72 -2997.02
19 73 -2822.07
19 74 -2628.95
19 75 -2421.77
19 76 -2205.11
19 77 -1983.77
19 78 -1762.57
19 79 -1546.09
19 80 -1338.46
19 81 -1143.2
19 82 -963.032
19 83 -799.928
19 84 -654.971
19 85 -528.517
19 86 -420.201
19 87 -329.099
19 88 -253.845
19 89 -192.81
19 90 -144.169
19 91 -106.102
19 92 -76.85
19 93 -54.7363
19 94 -38.3069
19 95 -26.3132
19 96 -17.5808
19 97 -11.287
19 98 -6.66608
19 99 -3.09557
19 100 0

20 0 0
20 1 -4.04872
20 2 -8.7378
20 3 -14.7414
20 4 -22.8662
20 5 -33.9867
20 6 -49.2608
20 7 -69.9388
20 8 -97.5891
20 9 -133.894
20 10 -180.724
20 11 -240.062
20 12 -313.87
20 13 -404.016
20 14 -512.091
20 15 -639.235
20 16 -786.055
20 17 -952.35
20 18 -1137.14
20 19 -1338.46
20 20 -1553.46
20 21 -1778.37
20 22 -2008.67
20 23 -2239.27
20 24 -2464.77
20 25 -2679.64
20 26 -2878.65
20 27 -3057.01
20 28 -3210.71
20 29 -3336.66
20 30 -3432.81
20 31 -3498.28
20 32 -3533.25
20 33 -3538.99
20 34 -3517.65
20 35 -3472.15
20 36 -3405.99
20 37 -3323.03
20 38 -3227.36
20 39 -3123.05
20 40 -3014.11
20 41 -2904.29
20 42 -2797.06
20 43 -2695.48
20 44 -2602.28
20 45 -2519.72
20 46 -2449.71
20 47 -2393.74
20 48 -2352.98
20 49 -2328.2
20 50 -2319.89
20 51 -2328.2
20 52 -2352.98
20 53 -2393.74
20 54 -2449.71
20 55 -2519.72
20 56 -2602.28
20 57 -2695.48
20 58 -2797.06
20 59 -2904.29
20 60 -3014.11
20 61 -3123.05
20 62 -3227.36
20 63 -3323.03
20 64 -3405.99
20 65 -3472.15
20 66 -3517.65
20 67 -3538.99
20 68 -3533.25
20 69 -3498.28
20 70 -3432.81
20 71 -3336.66
20 72 -3210.71
20 73 -3057.01
20 74 -2878.65
20 75 -2679.64
20 76 -2464.77
20 77 -2239.27
20 78 -2008.67
20 79 -1778.37
20 80 -1553.46
20 81 -1338.46
20 82 -1137.14
20 83 -952.35
20 84 -786.055
20 85 -639.235
20 86 -512.091
20 87 -404.016
20 88 -313.87
20 89 -240.062
20 90 -180.724
20 91 -133.894
20 92 -97.5891
20 93 -69.9388
20 94 -49.2608
20 95 -33.9867
20 96 -22.8662
20 97 -14.7414
20 98 -8.7378
20 99 -4.04872
20 100 0

21 0 0
21 1 -5.26951
21 2 -11.3054
21 3 -19.0088
21 4 -29.3352
21 5 -43.4174
21 6 -62.5291
21 7 -88.3009
21 8 -122.413
21 9 -166.865
21 10 -223.761
21 11 -295.207
21 12 -383.278
21 13 -489.816
21 14 -616.217
21 15 -763.343
21 16 -931.248
21 17 -1119.09
21 18 -1325.01
21 19 -1546.09
21 20 -1778.37
21 21 -2017
21 22 -2256.4
21 23 -2490.54
21 24 -2713.22
21 25 -2918.43
21 26 -3100.66
21 27 -3255.2
21 28 -3378.36
21 29 -3467.69
21 30 -3522.01
21 31 -3541.48
21 32 -3527.44
21 33 -3482.37
21 34 -3409.6
21 35 -3313.18
21 36 -3197.6
21 37 -3067.58
21 38 -2927.85
21 39 -2783.02
21 40 -2637.39
21 41 -2494.91
21 42 -2359.07
21 43 -2232.89
21 44 -2118.93
21 45 -2019.3
21 46 -1935.69
21 47 -1869.39
21 48 -1821.39
21 49 -1792.32
21 50 -1782.6
21 51 -1792.32
21 52 -1821.39
21 53 -1869.39
21 54 -1935.69
21 55 -2019.3
21 56 -2118.93
21 57 -2232.89
21 58 -2359.07
21 59 -2494.91
21 60 -2637.39
21 61 -2783.02
21 62 -2927.85
21 63 -3067.58
21 64 -3197.6
21 65 -3313.18
21 66 -3409.6
21 67 -3482.37
21 68 -3527.44
21 69 -3541.48
21 70 -3522.01
21 71 -3467.69
21 72 -3378.36
21 73 -3255.2
21 74 -3100.66
21 75 -2918.43
21 76 -2713.22
21 77 -2490.54
21 78 -2256.4
21 79 -2017
21 80 -1778.37
21 81 -1546.09
21 82 -1325.01
21 83 -1119.09
21 84 -931.248
21 85 -763.343
21 86 -616.217
21 87 -489.816
21 88 -383.278
21 89 -295.207
21 90 -223.761
21 91 -166.865
21 92 -122.413
21 93 -88.3009
21 94 -62.5291
21 95 -43.4174
21 96 -29.3352
21 97 -19.0088
21 98 -11.3054
21 99 -5.26951
21 100 0

22 0 0
22 1 -6.74044
22 2 -14.4622
22 3 -24.2137
22 4 -37.2083
22 5 -54.7587
22 6 -78.4747
22 7 -110.094
22 8 -151.715
22 9 -205.488
22 10 -273.718
22 11 -358.655
22 12 -462.373
22 13 -586.587
22 14 -732.431
22 15 -900.261
22 16 -1089.49
22 17 -1298.39
22 18 -1524.11
22 19 -1762.57
22 20 -2008.67
22 21 -2256.4
22 22 -2499.12
22 23 -2729.93
22 24 -2942.03
22 25 -3129.07
22 26 -3285.57
22 27 -3407.15
22 28 -3490.82
22 29 -3535.03
22 30 -3539.81
22 31 -3506.56
22 32 -3438.01
22 33 -3337.96
22 34 -3211
22 35 -3062.29
22 36 -2897.24
22 37 -2721.28
22 38 -2539.67
22 39 -2357.3
22 40 -2178.6
22 41 -2007.47
22 42 -1847.23
22 43 -1700.64
22 44 -1569.95
22 45 -1456.9
22 46 -1362.87
22 47 -1288.82
22 48 -1235.48
22 49 -1203.3
22 50 -1192.55
22 51 -1203.3
22 52 -1235.48
22 53 -1288.82
22 54 -1362.87
22 55 -1456.9
22 56 -1569.95
22 57 -1700.64
22 58 -1847.23
22 59 -2007.47
22 60 -2178.6
22 61 -2357.3
22 62 -2539.67
22 63 -2721.28
22 64 -2897.24
22 65 -3062.29
22 66 -3211
22 67 -3337.96
22 68 -3438.01
22 69 -3506.56
22 70 -3539.81
22 71 -3535.03
22 72 -3490.82
22 73 -3407.15
22 74 -3285.57
22 75 -3129.07
22 76 -2942.03
22 77 -2729.93
22 78 -2499.12
22 79 -2256.4
22 80 -2008.67
22 81 -1762.57
22 82 -1524.11
22 83 -1298.39
22 84 -1089.49
22 85 -900.261
22 86 -732.431
22 87 -586.587
22 88 -462.373
22 89 -358.655
22 90 -273.718
22 91 -205.488
22 92 -151.715
22 93 -110.094
22 94 -78.4747
22 95 -54.7587
22 96 -37.2083
22 97 -24.2137
22 98 -14.4622
22 99 -6.74044
22 100 0

23 0 0
23 1 -8.53079
23 2 -18.2638
23 3 -30.5004
23 4 -46.623
23 5 -68.2739
23 6 -97.2674
23 7 -135.723
23 8 -185.826
23 9 -250.088
23 10 -330.912
23 11 -430.611
23 12 -551.215
23 13 -694.175
23 14 -860.184
23 15 -1048.99
23 16 -1259.12
23 17 -1487.86
23 18 -1731.17
23 19 -1983.77
23 20 -2239.27
23 21 -2490.54
23 22 -2729.93
23 23 -2949.86
23 24 -3143.06
23 25 -3303.2
23 26 -3425.09
23 27 -3505.06
23 28 -3541.12
23 29 -3533.01
23 30 -3482.15
23 31 -3391.47
23 32 -3265.17
23 33 -3108.47
23 34 -2927.18
23 35 -2727.49
23 36 -2515.57
23 37 -2297.42
23 38 -2078.55
23 39 -1863.94
23 40 -1657.88
23 41 -1463.98
23 42 -1285.17
23 43 -1123.76
23 44 -981.5
23 45 -859.653
23 46 -759.11
23 47 -680.459
23 48 -624.074
23 49 -590.168
23 50 -578.857
23 51 -590.168
23 52 -624.074
23 53 -680.459
23 54 -759.11
23 55 -859.653
23 56 -981.5
23 57 -1123.76
23 58 -1285.17
23 59 -1463.98
23 60 -1657.88
23 61 -1863.94
23 62 -2078.55
23 63 -2297.42
23 64 -2515.57
23 65 -2727.49
23 66 -2927.18
23 67 -3108.47
23 68 -3265.17
23 69 -3391.47
23 70 -3482.15
23 71 -3533.01
23 72 -3541.12
23 73 -3505.06
23 74 -3425.09
23 75 -3303.2
23 76 -3143.06
23 77 -2949.86
23 78 -2729.93
23 79 -2490.54
23 80 -2239.27
23 81 -1983.77
23 82 -1731.17
23 83 -1487.86
23 84 -1259.12
23 85 -1048.99
23 86 -860.184
23 87 -694.175
23 88 -551.215
23 89 -430.611
23 90 -330.912
23 91 -250.088
23 92 -185.826
23 93 -135.723
23 94 -97.2674
23 95 -68.2739
23 96 -46.623
23 97 -30.5004
23 98 -18.2638
23 99 -8.53079
23 100 0

24 0 0
24 1 -10.6799
24 2 -22.8166
24 3 -37.9345
24 4 -57.7551
24 5 -84.1416
24 6 -119.243
24 7 -165.339
24 8 -225.038
24 9 -300.892
24 10 -395.495
24 11 -511.128
24 12 -649.614
24 13 -812.044
24 14 -998.536
24 15 -1208.01
24 16 -1438
24 17 -1684.61
24 18 -1942.53
24 19 -2205.11
24 20 -2464.77
24 21 -2713.22
24 22 -2942.03
24 23 -3143.06
24 24 -3308.96
24 25 -3433.66
24 26 -3512.67
24 27 -3543.37
24 28 -3525.12
24 29 -3459.21
24 30 -3348.72
24 31 -3198.23
24 32 -3013.52
24 33 -2801.14
24 34 -2568.1
24 35 -2321.41
24 36 -2067.83
24 37 -1813.62
24 38 -1564.33
24 39 -1324.72
24 40 -1098.69
24 41 -889.349
24 42 -699.01
24 43 -529.348
24 44 -381.453
24 45 -255.996
24 46 -153.303
24 47 -73.4973
24 48 -16.5646
24 49 17.5539
24 50 28.9196
24 51 17.5539
24 52 -16.5646
24 53 -73.4973
24 54 -153.303
24 55 -255.996
24 56 -381.453
24 57 -529.348
24 58 -699.01
24 59 -889.349
24 60 -1098.69
24 61 -1324.72
24 62 -1564.33
24 63 -1813.62
24 64 -2067.83
24 65 -2321.41
24 66 -2568.1
24 67 -2801.14
24 68 -3013.52
24 69 -3198.23
24 70 -3348.72
24 71 -3459.21
24 72 -3525.12
24 73 -3543.37
24 74 -3512.67
24 75 -3433.66
24 76 -3308.96
24 77 -3143.06
24 78 -2942.03
24 79 -2713.22
24 80 -2464.77
24 81 -2205.11
24 82 -1942.53
24 83 -1684.61
24 84 -1438
24 85 -1208.01
24 86 -998.536
24 87 -812.044
24 88 -649.614
24 89 -511.128
24 90 -395.495
24 91 -300.892
24 92 -225.038
24 93 -165.339
24 94 -119.243
24 95 -84.1416
24 96 -57.7551
24 97 -37.9345
24 98 -22.8166
24 99 -10.6799
24 100 0

25 0 0
25 1 -13.1986
25 2 -28.1559
25 3 -46.6902
25 4 -70.7365
25 5 -102.54
25 6 -144.494
25 7 -199.239
25 8 -269.466
25 9 -358.036
25 10 -467.461
25 11 -599.965
25 12 -757.077
25 13 -939.346
25 14 -1146.15
25 15 -1375.45
25 16 -1623.58
25 17 -1885.36
25 18 -2154.07
25 19 -2421.77
25 20 -2679.64
25 21 -2918.43
25 22 -3129.07
25 23 -3303.2
25 24 -3433.66
25 25 -3515.05
25 26 -3543.94
25 27 -3519.14
25 28 -3441.67
25 29 -3314.61
25 30 -3142.87
25 31 -2932.76
25 32 -2691.61
25 33 -2427.24
25 34 -2147.61
25 35 -1860.36
25 36 -1572.55
25 37 -1290.43
25 38 -1019.26
25 39 -763.338
25 40 -525.908
25 41 -309.342
25 42 -115.165
25 43 55.734
25 44 203.026
25 45 326.729
25 46 427.129
25 47 504.608
25 48 559.592
25 49 592.421
25 50 603.34
25 51 592.421
25 52 559.592
25 53 504.608
25 54 427.129
25 55 326.729
25 56 203.026
25 57 55.734
25 58 -115.165
25 59 -309.342
25 60 -525.908
25 61 -763.338
25 62 -1019.26
25 63 -1290.43
25 64 -1572.55
25 65 -1860.36
25 66 -2147.61
25 67 -2427.24
25 68 -2691.61
25 69 -2932.76
25 70 -3142.87
25 71 -3314.61
25 72 -3441.67
25 73 -3519.14
25 74 -3543.94
25 75 -3515.05
25 76 -3433.66
25 77 -3303.2
25 78 -3129.07
25 79 -2918.43
25 80 -2679.64
25 81 -2421.77
25 82 -2154.07
25 83 -1885.36
25 84 -1623.58
25 85 -1375.45
25 86 -1146.15
25 87 -939.346
25 88 -757.077
25 89 -599.965
25 90 -467.461
25 91 -358.036
25 92 -269.466
25 93 -199.239
25 94 -144.494
25 95 -102.54
25 96 -70.7365
25 97 -46.6902
25 98 -28.1559
25 99 -13.1986
25 100 0

26 0 0
26 1 -16.1576
26 2 -34.3794
26 3 -56.782
26 4 -85.6906
26 5 -123.593
26 6 -173.233
26 7 -237.441
26 8 -319.239
26 9 -421.414
26 10 -546.591
26 11 -696.705
26 12 -872.848
26 13 -1074.92
26 14 -1301.37
26 15 -1549.02
26 16 -1812.94
26 17 -2086.5
26 18 -2361.6
26 19 -2628.95
26 20 -2878.65
26 21 -3100.66
26 22 -3285.57
26 23 -3425.09
26 24 -3512.67
26 25 -3543.94
26 26 -3516.93
26 27 -3432.2
26 28 -3292.7
26 29 -3103.5
26 30 -2871.42
26 31 -2604.46
26 32 -2311.4
26 33 -2001.14
26 34 -1682.34
26 35 -1362.98
26 36 -1050.1
26 37 -749.614
26 38 -466.226
26 39 -203.455
26 40 36.3002
26 41 251.603
26 42 441.851
26 43 607.051
26 44 747.691
26 45 864.518
26 46 958.445
26 47 1030.36
26 48 1081.09
26 49 1111.25
26 50 1121.27
26 51 1111.25
26 52 1081.09
26 53 1030.36
26 54 958.445
26 55 864.518
26 56 747.691
26 57 607.051
26 58 441.851
26 59 251.603
26 60 36.3002
26 61 -203.455
26 62 -466.226
26 63 -749.614
26 64 -1050.1
26 65 -1362.98
26 66 -1682.34
26 67 -2001.14
26 68 -2311.4
26 69 -2604.46
26 70 -2871.42
26 71 -3103.5
26 72 -3292.7
26 73 -3432.2
26 74 -3516.93
26 75 -3543.94
26 76 -3512.67
26 77 -3425.09
26 78 -3285.57
26 79 -3100.66
26 80 -2878.65
26 81 -2628.95
26 82 -2361.6
26 83 -2086.5
26 84 -1812.94
26 85 -1549.02
26 86 -1301.37
26 87 -1074.92
26 88 -872.848
26 89 -696.705
26 90 -546.591
26 91 -421.414
26 92 -319.239
26 93 -237.441
26 94 -173.233
26 95 -123.593
26 96 -85.6906
26 97 -56.782
26 98 -34.3794
26 99 -16.1576
26 100 0

27 0 0
27 1 -19.5438
27 2 -41.5028
27 3 -68.3471
27 4 -102.682
27 5 -147.395
27 6 -205.462
27 7 -280.035
27 8 -374.188
27 9 -490.895
27 10 -632.483
27 11 -800.656
27 12 -995.898
27 13 -1217.28
27 14 -1462.21
27 15 -1726.23
27 16 -2002.97
27 17 -2284.39
27 18 -2560.91
27 19 -2822.07
27 20 -3057.01
27 21 -3255.2
27 22 -3407.15
27 23 -3505.06
27 24 -3543.37
27 25 -3519.14
27 26 -3432.2
27 27 -3285.16
27 28 -3083.08
27 29 -2833.14
27 30 -2544.02
27 31 -2225.38
27 32 -1887.18
27 33 -1539.16
27 34 -1190.37
27 35 -848.775
27 36 -521.068
27 37 -212.504
27 38 73.0533
27 39 333.082
27 40 566.231
27 41 772.128
27 42 951.178
27 43 1104.33
27 44 1232.9
27 45 1338.35
27 46 1422.18
27 47 1485.78
27 48 1530.31
27 49 1556.66
27 50 1565.38
27 51 1556.66
27 52 1530.31
27 53 1485.78
27 54 1422.18
27 55 1338.35
27 56 1232.9
27 57 1104.33
27 58 951.178
27 59 772.128
27 60 566.231
27 61 333.082
27 62 73.0533
27 63 -212.504
27 64 -521.068
27 65 -848.775
27 66 -1190.37
27 67 -1539.16
27 68 -1887.18
27 69 -2225.38
27 70 -2544.02
27 71 -2833.14
27 72 -3083.08
27 73 -3285.16
27 74 -3432.2
27 75 -3519.14
27 76 -3543.37
27 77 -3505.06
27 78 -3407.15
27 79 -3255.2
27 80 -3057.01
27 81 -2822.07
27 82 -2560.91
27 83 -2284.39
27 84 -2002.97
27 85 -1726.23
27 86 -1462.21
27 87 -1217.28
27 88 -995.898
27 89 -800.656
27 90 -632.483
27 91 -490.895
27 92 -374.188
27 93 -280.035
27 94 -205.462
27 95 -147.395
27 96 -102.682
27 97 -68.3471
27 98 -41.5028
27 99 -19.5438
27 100 0

28 0 0
28 1 -23.4011
28 2 -49.5841
28 3 -81.3731
28 4 -121.777
28 5 -173.939
28 6 -241.2
28 7 -326.872
28 8 -434.22
28 9 -566.018
28 10 -724.545
28 11 -910.918
28 12 -1124.95
