0 0 0
0 1 0
0 2 0
0 3 0
0 4 0
0 5 0
0 6 0
0 7 0
0 8 0
0 9 0
0 10 0
0 11 0
0 12 0
0 13 0
0 14 0
0 15 0
0 16 0
0 17 0
0 18 0
0 19 0
0 20 0
0 21 0
0 22 0
0 23 0
0 24 0
0 25 0
0 26 0
0 27 0
0 28 0
0 29 0
0 30 0
0 31 0
0 32 0
0 33 0
0 34 0
0 35 0
0 36 0
0 37 0
0 38 0
0 39 0
0 40 0
0 41 0
0 42 0
0 43 0
0 44 0
0 45 0
0 46 0
0 47 0
0 48 0
0 49 0
0 50 0
0 51 0
0 52 0
0 53 0
0 54 0
0 55 0
0 56 0
0 57 0
0 58 0
0 59 0
0 60 0
0 61 0
0 62 0
0 63 0
0 64 0
0 65 0
0 66 0
0 67 0
0 68 0
0 69 0
0 70 0
0 71 0
0 72 0
0 73 0
0 74 0
0 75 0
0 76 0
0 77 0
0 78 0
0 79 0
0 80 0
0 81 0
0 82 0
0 83 0
0 84 0
0 85 0
0 86 0
0 87 0
0 88 0
0 89 0
0 90 0
0 91 0
0 92 0
0 93 0
0 94 0
0 95 0
0 96 0
0 97 0
0 98 0
0 99 0
0 100 0

1 0 0
1 1 0
1 2 0
1 3 0
1 4 0
1 5 0
1 6 -0.0462934
1 7 -0.0447936
1 8 -0.0274904
1 9 -0.0742384
1 10 -0.0666882
1 11 -0.131459
1 12 -0.218017
1 13 -0.299042
1 14 -0.450314
1 15 -0.621778
1 16 -0.851063
1 17 -1.18413
1 18 -1.59615
1 19 -2.15027
1 20 -2.86301
1 21 -3.73267
1 22 -4.84522
1 23 -6.16583
1 24 -7.78303
1 25 -9.69556
1 26 -11.9374
1 27 -14.5539
1 28 -17.5279
1 29 -20.912
1 30 -24.6733
1 31 -28.8266
1 32 -33.3494
1 33 -38.1987
1 34 -43.3646
1 35 -48.7539
1 36 -54.3567
1 37 -60.0505
1 38 -65.8121
1 39 -71.5114
1 40 -77.1065
1 41 -82.4766
1 42 -87.5636
1 43 -92.2663
1 44 -96.5191
1 45 -100.246
1 46 -103.384
1 47 -105.885
1 48 -107.699
1 49 -108.804
1 50 -109.17
1 51 -108.804
1 52 -107.699
1 53 -105.885
1 54 -103.384
1 55 -100.246
1 56 -96.5191
1 57 -92.2663
1 58 -87.5636
1 59 -82.4766
1 60 -77.1065
1 61 -71.5114
1 62 -65.8121
1 63 -60.0505
1 64 -54.3567
1 65 -48.7539
1 66 -43.3646
1 67 -38.1987
1 68 -33.3494
1 69 -28.8266
1 70 -24.6733
1 71 -20.912
1 72 -17.5279
1 73 -14.5539
1 74 -11.9374
1 75 -9.69556
1 76 -7.78303
1 77 -6.16583
1 78 -4.84522
1 79 -3.73267
1 80 -2.86301
1 81 -2.15027
1 82 -1.59615
1 83 -1.18413
1 84 -0.851063
1 85 -0.621778
1 86 -0.450314
1 87 -0.299042
1 88 -0.218017
1 89 -0.131459
1 90 -0.0666882
1 91 -0.0742384
1 92 -0.0274904
1 93 -0.0447936
1 94 -0.0462934
1 95 0
1 96 0
1 97 0
1 98 0
1 99 0
1 100 0

2 0 0
2 1 0
2 2 0
2 3 0
2 4 0
2 5 -0.0504084
2 6 -0.0498838
2 7 -0.0584522
2 8 -0.109887
2 9 -0.117606
2 10 -0.215948
2 11 -0.302305
2 12 -0.458314
2 13 -0.66845
2 14 -0.952458
2 15 -1.35434
2 16 -1.87732
2 17 -2.58865
2 18 -3.50225
2 19 -4.69244
2 20 -6.19583
2 21 -8.08716
2 22 -10.4198
2 23 -13.2723
2 24 -16.6945
2 25 -20.7714
2 26 -25.5313
2 27 -31.055
2 28 -37.3428
2 29 -44.4482
2 30 -52.3441
2 31 -61.0347
2 32 -70.4651
2 33 -80.5808
2 34 -91.295
2 35 -102.499
2 36 -114.073
2 37 -125.867
2 38 -137.731
2 39 -149.494
2 40 -160.985
2 41 -172.032
2 42 -182.458
2 43 -192.104
2 44 -200.806
2 45 -208.433
2 46 -214.846
2 47 -219.956
2 48 -223.659
2 49 -225.914
2 50 -226.663
2 51 -225.914
2 52 -223.659
2 53 -219.956
2 54 -214.846
2 55 -208.433
2 56 -200.806
2 57 -192.104
2 58 -182.458
2 59 -172.032
2 60 -160.985
2 61 -149.494
2 62 -137.731
2 63 -125.867
2 64 -114.073
2 65 -102.499
2 66 -91.295
2 67 -80.5808
2 68 -70.4651
2 69 -61.0347
2 70 -52.3441
2 71 -44.4482
2 72 -37.3428
2 73 -31.055
2 74 -25.5313
2 75 -20.7714
2 76 -16.6945
2 77 -13.2723
2 78 -10.4198
2 79 -8.08716
2 80 -6.19583
2 81 -4.69244
2 82 -3.50225
2 83 -2.58865
2 84 -1.87732
2 85 -1.35434
2 86 -0.952458
2 87 -0.66845
2 88 -0.458314
2 89 -0.302305
2 90 -0.215948
2 91 -0.117606
2 92 -0.109887
2 93 -0.0584522
2 94 -0.0498838
2 95 -0.0504084
2 96 0
2 97 0
2 98 0
2 99 0
2 100 0

3 0 0
3 1 0
3 2 0
3 3 0
3 4 -0.0526
3 5 -0.0532093
3 6 -0.0550685
3 7 -0.111773
3 8 -0.161149
3 9 -0.259416
3 10 -0.3689
3 11 -0.566654
3 12 -0.78285
3 13 -1.16469
3 14 -1.65279
3 15 -2.32691
3 16 -3.26221
3 17 -4.43851
3 18 -6.01941
3 19 -8.00834
3 20 -10.5391
3 21 -13.704
3 22 -17.5908
3 23 -22.3226
3 24 -27.9975
3 25 -34.6908
3 26 -42.533
3 27 -51.5274
3 28 -61.7978
3 29 -73.2936
3 30 -86.0729
3 31 -100.051
3 32 -115.185
3 33 -131.358
3 34 -148.425
3 35 -166.229
3 36 -184.547
3 37 -203.176
3 38 -221.849
3 39 -240.325
3 40 -258.326
3 41 -275.59
3 42 -291.857
3 43 -306.868
3 44 -320.401
3 45 -332.228
3 46 -342.182
3 47 -350.081
3 48 -355.827
3 49 -359.3
3 50 -360.473
3 51 -359.3
3 52 -355.827
3 53 -350.081
3 54 -342.182
3 55 -332.228
3 56 -320.401
3 57 -306.868
3 58 -291.857
3 59 -275.59
3 60 -258.326
3 61 -240.325
3 62 -221.849
3 63 -203.176
3 64 -184.547
3 65 -166.229
3 66 -148.425
3 67 -131.358
3 68 -115.185
3 69 -100.051
3 70 -86.0729
3 71 -73.2936
3 72 -61.7978
3 73 -51.5274
3 74 -42.533
3 75 -34.6908
3 76 -27.9975
3 77 -22.3226
3 78 -17.5908
3 79 -13.704
3 80 -10.5391
3 81 -8.00834
3 82 -6.01941
3 83 -4.43851
3 84 -3.26221
3 85 -2.32691
3 86 -1.65279
3 87 -1.16469
3 88 -0.78285
3 89 -0.566654
3 90 -0.3689
3 91 -0.259416
3 92 -0.161149
3 93 -0.111773
3 94 -0.0550685
3 95 -0.0532093
3 96 -0.0526
3 97 0
3 98 0
3 99 0
3 100 0

4 0 0
4 1 0
4 2 0
4 3 -0.0526
4 4 -0.0543661
4 5 -0.0529865
4 6 -0.112441
4 7 -0.1744
4 8 -0.275106
4 9 -0.408105
4 10 -0.624148
4 11 -0.884327
4 12 -1.3202
4 13 -1.87345
4 14 -2.67654
4 15 -3.74333
4 16 -5.16867
4 17 -7.05404
4 18 -9.47394
4 19 -12.5961
4 20 -16.4899
4 21 -21.3629
4 22 -27.2935
4 23 -34.4879
4 24 -43.0414
4 25 -53.1175
4 26 -64.8096
4 27 -78.2175
4 28 -93.3874
4 29 -110.351
4 30 -129.062
4 31 -149.482
4 32 -171.45
4 33 -194.851
4 34 -219.414
4 35 -244.946
4 36 -271.094
4 37 -297.593
4 38 -324.047
4 39 -350.138
4 40 -375.466
4 41 -399.693
4 42 -422.446
4 43 -443.401
4 44 -462.239
4 45 -478.682
4 46 -492.486
4 47 -503.439
4 48 -511.385
4 49 -516.197
4 50 -517.812
4 51 -516.197
4 52 -511.385
4 53 -503.439
4 54 -492.486
4 55 -478.682
4 56 -462.239
4 57 -443.401
4 58 -422.446
4 59 -399.693
4 60 -375.466
4 61 -350.138
4 62 -324.047
4 63 -297.593
4 64 -271.094
4 65 -244.946
4 66 -219.414
4 67 -194.851
4 68 -171.45
4 69 -149.482
4 70 -129.062
4 71 -110.351
4 72 -93.3874
4 73 -78.2175
4 74 -64.8096
4 75 -53.1175
4 76 -43.0414
4 77 -34.4879
4 78 -27.2935
4 79 -21.3629
4 80 -16.4899
4 81 -12.5961
4 82 -9.47394
4 83 -7.05404
4 84 -5.16867
4 85 -3.74333
4 86 -2.67654
4 87 -1.87345
4 88 -1.3202
4 89 -0.884327
4 90 -0.624148
4 91 -0.408105
4 92 -0.275106
4 93 -0.1744
4 94 -0.112441
4 95 -0.0529865
4 96 -0.0543661
4 97 -0.0526
4 98 0
4 99 0
4 100 0

5 0 0
5 1 0
5 2 -0.0504084
5 3 -0.0532093
5 4 -0.0529865
5 5 -0.112575
5 6 -0.182001
5 7 -0.285787
5 8 -0.417111
5 9 -0.651024
5 10 -0.956299
5 11 -1.4226
5 12 -2.05913
5 13 -2.95446
5 14 -4.14185
5 15 -5.78821
5 16 -7.92567
5 17 -10.7587
5 18 -14.4045
5 19 -19.0082
5 20 -24.8198
5 21 -31.9275
5 22 -40.6384
5 23 -51.0482
5 24 -63.4153
5 25 -77.8597
5 26 -94.5395
5 27 -113.546
5 28 -134.935
5 29 -158.695
5 30 -184.786
5 31 -213.053
5 32 -243.356
5 33 -275.39
5 34 -308.915
5 35 -343.508
5 36 -378.836
5 37 -414.403
5 38 -449.807
5 39 -484.529
5 40 -518.14
5 41 -550.14
5 42 -580.112
5 43 -607.614
5 44 -632.281
5 45 -653.754
5 46 -671.745
5 47 -685.998
5 48 -696.323
5 49 -702.573
5 50 -704.667
5 51 -702.573
5 52 -696.323
5 53 -685.998
5 54 -671.745
5 55 -653.754
5 56 -632.281
5 57 -607.614
5 58 -580.112
5 59 -550.14
5 60 -518.14
5 61 -484.529
5 62 -449.807
5 63 -414.403
5 64 -378.836
5 65 -343.508
5 66 -308.915
5 67 -275.39
5 68 -243.356
5 69 -213.053
5 70 -184.786
5 71 -158.695
5 72 -134.935
5 73 -113.546
5 74 -94.5395
5 75 -77.8597
5 76 -63.4153
5 77 -51.0482
5 78 -40.6384
5 79 -31.9275
5 80 -24.8198
5 81 -19.0082
5 82 -14.4045
5 83 -10.7587
5 84 -7.92567
5 85 -5.78821
5 86 -4.14185
5 87 -2.95446
5 88 -2.05913
5 89 -1.4226
5 90 -0.956299
5 91 -0.651024
5 92 -0.417111
5 93 -0.285787
5 94 -0.182001
5 95 -0.112575
5 96 -0.0529865
5 97 -0.0532093
5 98 -0.0504084
5 99 0
5 100 0

6 0 0
6 1 -0.0462934
6 2 -0.0498838
6 3 -0.0550685
6 4 -0.112441
6 5 -0.182001
6 6 -0.28959
6 7 -0.420446
6 8 -0.666431
6 9 -0.999896
6 10 -1.49217
6 11 -2.18573
6 12 -3.15904
6 13 -4.47601
6 14 -6.30183
6 15 -8.70563
6 16 -11.9084
6 17 -16.0441
6 18 -21.3473
6 19 -28.0351
6 20 -36.344
6 21 -46.5515
6 22 -58.8693
6 23 -73.6044
6 24 -90.9023
6 25 -111.049
6 26 -134.096
6 27 -160.233
6 28 -189.408
6 29 -221.645
6 30 -256.777
6 31 -294.635
6 32 -334.925
6 33 -377.299
6 34 -421.336
6 35 -466.556
6 36 -512.429
6 37 -558.406
6 38 -603.89
6 39 -648.32
6 40 -691.083
6 41 -731.66
6 42 -769.472
6 43 -804.081
6 44 -834.98
6 45 -861.84
6 46 -884.254
6 47 -902.01
6 48 -914.821
6 49 -922.598
6 50 -925.178
6 51 -922.598
6 52 -914.821
6 53 -902.01
6 54 -884.254
6 55 -861.84
6 56 -834.98
6 57 -804.081
6 58 -769.472
6 59 -731.66
6 60 -691.083
6 61 -648.32
6 62 -603.89
6 63 -558.406
6 64 -512.429
6 65 -466.556
6 66 -421.336
6 67 -377.299
6 68 -334.925
6 69 -294.635
6 70 -256.777
6 71 -221.645
6 72 -189.408
6 73 -160.233
6 74 -134.096
6 75 -111.049
6 76 -90.9023
6 77 -73.6044
6 78 -58.8693
6 79 -46.5515
6 80 -36.344
6 81 -28.0351
6 82 -21.3473
6 83 -16.0441
6 84 -11.9084
6 85 -8.70563
6 86 -6.30183
6 87 -4.47601
6 88 -3.15904
6 89 -2.18573
6 90 -1.49217
6 91 -0.999896
6 92 -0.666431
6 93 -0.420446
6 94 -0.28959
6 95 -0.182001
6 96 -0.112441
6 97 -0.0550685
6 98 -0.0498838
6 99 -0.0462934
6 100 0

7 0 0
7 1 -0.0447936
7 2 -0.0584522
7 3 -0.111773
7 4 -0.1744
7 5 -0.285787
7 6 -0.420446
7 7 -0.671392
7 8 -1.02415
7 9 -1.53718
7 10 -2.26072
7 11 -3.30317
7 12 -4.73116
7 13 -6.70866
7 14 -9.36859
7 15 -12.8997
7 16 -17.513
7 17 -23.4773
7 18 -31.0276
7 19 -40.5231
7 20 -52.224
7 21 -66.4873
7 22 -83.6285
7 23 -103.903
7 24 -127.648
7 25 -154.976
7 26 -186.147
7 27 -221.124
7 28 -259.99
7 29 -302.552
7 30 -348.664
7 31 -397.969
7 32 -450.099
7 33 -504.536
7 34 -560.74
7 35 -618.062
7 36 -675.855
7 37 -733.398
7 38 -790.012
7 39 -844.966
7 40 -897.612
7 41 -947.27
7 42 -993.377
7 43 -1035.35
7 44 -1072.73
7 45 -1105.06
7 46 -1132.02
7 47 -1153.27
7 48 -1168.63
7 49 -1177.89
7 50 -1181.01
7 51 -1177.89
7 52 -1168.63
7 53 -1153.27
7 54 -1132.02
7 55 -1105.06
7 56 -1072.73
7 57 -1035.35
7 58 -993.377
7 59 -947.27
7 60 -897.612
7 61 -844.966
7 62 -790.012
7 63 -733.398
7 64 -675.855
7 65 -618.062
7 66 -560.74
7 67 -504.536
7 68 -450.099
7 69 -397.969
7 70 -348.664
7 71 -302.552
7 72 -259.99
7 73 -221.124
7 74 -186.147
7 75 -154.976
7 76 -127.648
7 77 -103.903
7 78 -83.6285
7 79 -66.4873
7 80 -52.224
7 81 -40.5231
7 82 -31.0276
7 83 -23.4773
7 84 -17.513
7 85 -12.8997
7 86 -9.36859
7 87 -6.70866
7 88 -4.73116
7 89 -3.30317
7 90 -2.26072
7 91 -1.53718
7 92 -1.02415
7 93 -0.671392
7 94 -0.420446
7 95 -0.285787
7 96 -0.1744
7 97 -0.111773
7 98 -0.0584522
7 99 -0.0447936
7 100 0

8 0 0
8 1 -0.0274904
8 2 -0.109887
8 3 -0.161149
8 4 -0.275106
8 5 -0.417111
8 6 -0.666431
8 7 -1.02415
8 8 -1.55284
8 9 -2.29678
8 10 -3.39061
8 11 -4.90956
8 12 -7.01262
8 13 -9.87887
8 14 -13.7077
8 15 -18.7558
8 16 -25.3315
8 17 -33.733
8 18 -44.3575
8 19 -57.5555
8 20 -73.7465
8 21 -93.312
8 22 -116.637
8 23 -144.063
8 24 -175.872
8 25 -212.295
8 26 -253.425
8 27 -299.331
8 28 -349.844
8 29 -404.837
8 30 -463.863
8 31 -526.579
8 32 -592.302
8 33 -660.486
8 34 -730.294
8 35 -801.023
8 36 -871.776
8 37 -941.77
8 38 -1010.14
8 39 -1076.1
8 40 -1138.88
8 41 -1197.77
8 42 -1252.14
8 43 -1301.4
8 44 -1345.07
8 45 -1382.71
8 46 -1413.97
8 47 -1438.56
8 48 -1456.29
8 49 -1466.98
8 50 -1470.55
8 51 -1466.98
8 52 -1456.29
8 53 -1438.56
8 54 -1413.97
8 55 -1382.71
8 56 -1345.07
8 57 -1301.4
8 58 -1252.14
8 59 -1197.77
8 60 -1138.88
8 61 -1076.1
8 62 -1010.14
8 63 -941.77
8 64 -871.776
8 65 -801.023
8 66 -730.294
8 67 -660.486
8 68 -592.302
8 69 -526.579
8 70 -463.863
8 71 -404.837
8 72 -349.844
8 73 -299.331
8 74 -253.425
8 75 -212.295
8 76 -175.872
8 77 -144.063
8 78 -116.637
8 79 -93.312
8 80 -73.7465
8 81 -57.5555
8 82 -44.3575
8 83 -33.733
8 84 -25.3315
8 85 -18.7558
8 86 -13.7077
8 87 -9.87887
8 88 -7.01262
8 89 -4.90956
8 90 -3.39061
8 91 -2.29678
8 92 -1.55284
8 93 -1.02415
8 94 -0.666431
8 95 -0.417111
8 96 -0.275106
8 97 -0.161149
8 98 -0.109887
8 99 -0.0274904
8 100 0

9 0 0
9 1 -0.0742384
9 2 -0.117606
9 3 -0.259416
9 4 -0.408105
9 5 -0.651024
9 6 -0.999896
9 7 -1.53718
9 8 -2.29678
9 9 -3.41978
9 10 -5.00413
9 11 -7.2038
9 12 -10.2236
9 13 -14.3084
9 14 -19.7335
9 15 -26.8552
9 16 -36.0463
9 17 -47.7233
9 18 -62.3591
9 19 -80.4184
9 20 -102.385
9 21 -128.751
9 22 -159.912
9 23 -196.289
9 24 -238.133
9 25 -285.651
9 26 -338.908
9 27 -397.795
9 28 -462.145
9 29 -531.509
9 30 -605.46
9 31 -683.251
9 32 -764.214
9 33 -847.396
9 34 -931.96
9 35 -1016.85
9 36 -1101.16
9 37 -1183.86
9 38 -1264.06
9 39 -1340.83
9 40 -1413.41
9 41 -1481.02
9 42 -1543.07
9 43 -1598.95
9 44 -1648.23
9 45 -1690.51
9 46 -1725.49
9 47 -1752.92
9 48 -1772.65
9 49 -1784.51
9 50 -1788.49
9 51 -1784.51
9 52 -1772.65
9 53 -1752.92
9 54 -1725.49
9 55 -1690.51
9 56 -1648.23
9 57 -1598.95
9 58 -1543.07
9 59 -1481.02
9 60 -1413.41
9 61 -1340.83
9 62 -1264.06
9 63 -1183.86
9 64 -1101.16
9 65 -1016.85
9 66 -931.96
9 67 -847.396
9 68 -764.214
9 69 -683.251
9 70 -605.46
9 71 -531.509
9 72 -462.145
9 73 -397.795
9 74 -338.908
9 75 -285.651
9 76 -238.133
9 77 -196.289
9 78 -159.912
9 79 -128.751
9 80 -102.385
9 81 -80.4184
9 82 -62.3591
9 83 -47.7233
9 84 -36.0463
9 85 -26.8552
9 86 -19.7335
9 87 -14.3084
9 88 -10.2236
9 89 -7.2038
9 90 -5.00413
9 91 -3.41978
9 92 -2.29678
9 93 -1.53718
9 94 -0.999896
9 95 -0.651024
9 96 -0.408105
9 97 -0.259416
9 98 -0.117606
9 99 -0.0742384
9 100 0

10 0 0
10 1 -0.0666882
10 2 -0.215948
10 3 -0.3689
10 4 -0.624148
10 5 -0.956299
10 6 -1.49217
10 7 -2.26072
10 8 -3.39061
10 9 -5.00413
10 10 -7.26923
10 11 -10.3966
10 12 -14.6781
10 13 -20.417
10 14 -27.997
10 15 -37.8702
10 16 -50.5
10 17 -66.4466
10 18 -86.2682
10 19 -110.542
10 20 -139.855
10 21 -174.727
10 22 -215.641
10 23 -262.97
10 24 -316.974
10 25 -377.765
10 26 -445.296
10 27 -519.335
10 28 -599.481
10 29 -685.149
10 30 -775.588
10 31 -869.929
10 32 -967.135
10 33 -1066.17
10 34 -1165.84
10 35 -1265.07
10 36 -1362.63
10 37 -1457.56
10 38 -1548.72
10 39 -1635.34
10 40 -1716.47
10 41 -1791.53
10 42 -1859.82
10 43 -1920.98
10 44 -1974.53
10 45 -2020.26
10 46 -2057.86
10 47 -2087.29
10 48 -2108.33
10 49 -2121.02
10 50 -2125.22
10 51 -2121.02
10 52 -2108.33
10 53 -2087.29
10 54 -2057.86
10 55 -2020.26
10 56 -1974.53
10 57 -1920.98
10 58 -1859.82
10 59 -1791.53
10 60 -1716.47
10 61 -1635.34
10 62 -1548.72
10 63 -1457.56
10 64 -1362.63
10 65 -1265.07
10 66 -1165.84
10 67 -1066.17
10 68 -967.135
10 69 -869.929
10 70 -775.588
10 71 -685.149
10 72 -599.481
10 73 -519.335
10 74 -445.296
10 75 -377.765
10 76 -316.974
10 77 -262.97
10 78 -215.641
10 79 -174.727
10 80 -139.855
10 81 -110.542
10 82 -86.2682
10 83 -66.4466
10 84 -50.5
10 85 -37.8702
10 86 -27.997
10 87 -20.417
10 88 -14.6781
10 89 -10.3966
10 90 -7.26923
10 91 -5.00413
10 92 -3.39061
10 93 -2.26072
10 94 -1.49217
10 95 -0.956299
10 96 -0.624148
10 97 -0.3689
10 98 -0.215948
10 99 -0.0666882
10 100 0

11 0 0
11 1 -0.131459
11 2 -0.302305
11 3 -0.566654
11 4 -0.884327
11 5 -1.4226
11 6 -2.18573
11 7 -3.30317
11 8 -4.90956
11 9 -7.2038
11 10 -10.3966
11 11 -14.8027
11 12 -20.7713
11 13 -28.7072
11 14 -39.1261
11 15 -52.5729
11 16 -69.6686
11 17 -91.0809
11 18 -117.493
11 19 -149.575
11 20 -188
11 21 -233.319
11 22 -286.038
11 23 -346.488
11 24 -414.842
11 25 -491.101
11 26 -575.009
11 27 -666.156
11 28 -763.856
11 29 -867.272
11 30 -975.37
11 31 -1086.97
11 32 -1200.83
11 33 -1315.58
11 34 -1429.93
11 35 -1542.51
11 36 -1652.15
11 37 -1757.62
11 38 -1857.97
11 39 -1952.25
11 40 -2039.8
11 41 -2119.94
11 42 -2192.29
11 43 -2256.45
11 44 -2312.28
11 45 -2359.54
11 46 -2398.26
11 47 -2428.32
11 48 -2449.82
11 49 -2462.67
11 50 -2466.98
11 51 -2462.67
11 52 -2449.82
11 53 -2428.32
11 54 -2398.26
11 55 -2359.54
11 56 -2312.28
11 57 -2256.45
11 58 -2192.29
11 59 -2119.94
11 60 -2039.8
11 61 -1952.25
11 62 -1857.97
11 63 -1757.62
11 64 -1652.15
11 65 -1542.51
11 66 -1429.93
11 67 -1315.58
11 68 -1200.83
11 69 -1086.97
11 70 -975.37
11 71 -867.272
11 72 -763.856
11 73 -666.156
11 74 -575.009
11 75 -491.101
11 76 -414.842
11 77 -346.488
11 78 -286.038
11 79 -233.319
11 80 -188
11 81 -149.575
11 82 -117.493
11 83 -91.0809
11 84 -69.6686
11 85 -52.5729
11 86 -39.1261
11 87 -28.7072
11 88 -20.7713
11 89 -14.8027
11 90 -10.3966
11 91 -7.2038
11 92 -4.90956
11 93 -3.30317
11 94 -2.18573
11 95 -1.4226
11 96 -0.884327
11 97 -0.566654
11 98 -0.302305
11 99 -0.131459
11 100 0

12 0 0
12 1 -0.218017
12 2 -0.458314
12 3 -0.78285
12 4 -1.3202
12 5 -2.05913
12 6 -3.15904
12 7 -4.73116
12 8 -7.01262
12 9 -10.2236
12 10 -14.6781
12 11 -20.7713
12 12 -28.9486
12 13 -39.7639
12 14 -53.8515
12 15 -71.9033
12 16 -94.671
12 17 -122.968
12 18 -157.559
12 19 -199.253
12 20 -248.729
12 21 -306.595
12 22 -373.292
12 23 -449.066
12 24 -533.943
12 25 -627.703
12 26 -729.854
12 27 -839.668
12 28 -956.155
12 29 -1078.13
12 30 -1204.23
12 31 -1332.96
12 32 -1462.78
12 33 -1592.1
12 34 -1719.43
12 35 -1843.31
12 36 -1962.43
12 37 -2075.67
12 38 -2182.05
12 39 -2280.82
12 40 -2371.37
12 41 -2453.34
12 42 -2526.44
12 43 -2590.63
12 44 -2645.85
12 45 -2692.25
12 46 -2729.89
12 47 -2758.99
12 48 -2779.62
12 49 -2791.98
12 50 -2796.06
12 51 -2791.98
12 52 -2779.62
12 53 -2758.99
12 54 -2729.89
12 55 -2692.25
12 56 -2645.85
12 57 -2590.63
12 58 -2526.44
12 59 -2453.34
12 60 -2371.37
12 61 -2280.82
12 62 -2182.05
12 63 -2075.67
12 64 -1962.43
12 65 -1843.31
12 66 -1719.43
12 67 -1592.1
12 68 -1462.78
12 69 -1332.96
12 70 -1204.23
12 71 -1078.13
12 72 -956.155
12 73 -839.668
12 74 -729.854
12 75 -627.703
12 76 -533.943
12 77 -449.066
12 78 -373.292
12 79 -306.595
12 80 -248.729
12 81 -199.253
12 82 -157.559
12 83 -122.968
12 84 -94.671
12 85 -71.9033
12 86 -53.8515
12 87 -39.7639
12 88 -28.9486
12 89 -20.7713
12 90 -14.6781
12 91 -10.2236
12 92 -7.01262
12 93 -4.73116
12 94 -3.15904
12 95 -2.05913
12 96 -1.3202
12 97 -0.78285
12 98 -0.458314
12 99 -0.218017
12 100 0

13 0 0
13 1 -0.299042
13 2 -0.66845
13 3 -1.16469
13 4 -1.87345
13 5 -2.95446
13 6 -4.47601
13 7 -6.70866
13 8 -9.87887
13 9 -14.3084
13 10 -20.417
13 11 -28.7072
13 12 -39.7639
13 13 -54.2832
13 14 -73.051
13 15 -96.8912
13 16 -126.74
13 17 -163.497
13 18 -208.082
13 19 -261.332
13 20 -323.971
13 21 -396.544
13 22 -479.406
13 23 -572.603
13 24 -675.957
13 25 -788.916
13 26 -910.675
13 27 -1040.1
13 28 -1175.83
13 29 -1316.26
13 30 -1459.66
13 31 -1604.22
13 32 -1748.09
13 33 -1889.49
13 34 -2026.77
13 35 -2158.42
13 36 -2283.16
13 37 -2399.95
13 38 -2508
13 39 -2606.74
13 40 -2695.88
13 41 -2775.28
13 42 -2845.05
13 43 -2905.36
13 44 -2956.56
13 45 -2998.97
13 46 -3033.03
13 47 -3059.05
13 48 -3077.4
13 49 -3088.3
13 50 -3091.92
13 51 -3088.3
13 52 -3077.4
13 53 -3059.05
13 54 -3033.03
13 55 -2998.97
13 56 -2956.56
13 57 -2905.36
13 58 -2845.05
13 59 -2775.28
13 60 -2695.88
13 61 -2606.74
13 62 -2508
13 63 -2399.95
13 64 -2283.16
13 65 -2158.42
13 66 -2026.77
13 67 -1889.49
13 68 -1748.09
13 69 -1604.22
13 70 -1459.66
13 71 -1316.26
13 72 -1175.83
13 73 -1040.1
13 74 -910.675
13 75 -788.916
13 76 -675.957
13 77 -572.603
13 78 -479.406
13 79 -396.544
13 80 -323.971
13 81 -261.332
13 82 -208.082
13 83 -163.497
13 84 -126.74
13 85 -96.8912
13 86 -73.051
13 87 -54.2832
13 88 -39.7639
13 89 -28.7072
13 90 -20.417
13 91 -14.3084
13 92 -9.87887
13 93 -6.70866
13 94 -4.47601
13 95 -2.95446
13 96 -1.87345
13 97 -1.16469
13 98 -0.66845
13 99 -0.299042
13 100 0

14 0 0
14 1 -0.450314
14 2 -0.952458
14 3 -1.65279
14 4 -2.67654
14 5 -4.14185
14 6 -6.30183
14 7 -9.36859
14 8 -13.7077
14 9 -19.7335
14 10 -27.997
14 11 -39.1261
14 12 -53.8515
14 13 -73.051
14 14 -97.6431
14 15 -128.661
14 16 -167.154
14 17 -214.169
14 18 -270.68
14 19 -337.572
14 20 -415.49
14 21 -504.911
14 22 -605.944
14 23 -718.423
14 24 -841.781
14 25 -975.104
14 26 -1117.12
14 27 -1266.25
14 28 -1420.64
14 29 -1578.28
14 30 -1737.01
14 31 -1894.71
14 32 -2049.26
14 33 -2198.76
14 34 -2341.46
14 35 -2475.91
14 36 -2600.97
14 37 -2715.8
14 38 -2819.89
14 39 -2913.02
14 40 -2995.27
14 41 -3066.9
14 42 -3128.42
14 43 -3180.39
14 44 -3223.53
14 45 -3258.52
14 46 -3286.07
14 47 -3306.77
14 48 -3321.16
14 49 -3329.63
14 50 -3332.43
14 51 -3329.63
14 52 -3321.16
14 53 -3306.77
14 54 -3286.07
14 55 -3258.52
14 56 -3223.53
14 57 -3180.39
14 58 -3128.42
14 59 -3066.9
14 60 -2995.27
14 61 -2913.02
14 62 -2819.89
14 63 -2715.8
14 64 -2600.97
14 65 -2475.91
14 66 -2341.46
14 67 -2198.76
14 68 -2049.26
14 69 -1894.71
14 70 -1737.01
14 71 -1578.28
14 72 -1420.64
14 73 -1266.25
14 74 -1117.12
14 75 -975.104
14 76 -841.781
14 77 -718.423
14 78 -605.944
14 79 -504.911
14 80 -415.49
14 81 -337.572
14 82 -270.68
14 83 -214.169
14 84 -167.154
14 85 -128.661
14 86 -97.6431
14 87 -73.051
14 88 -53.8515
14 89 -39.1261
14 90 -27.997
14 91 -19.7335
14 92 -13.7077
14 93 -9.36859
14 94 -6.30183
14 95 -4.14185
14 96 -2.67654
14 97 -1.65279
14 98 -0.952458
14 99 -0.450314
14 100 0

15 0 0
15 1 -0.621778
15 2 -1.35434
15 3 -2.32691
15 4 -3.74333
15 5 -5.78821
15 6 -8.70563
15 7 -12.8997
15 8 -18.7558
15 9 -26.8552
15 10 -37.8702
15 11 -52.5729
15 12 -71.9033
15 13 -96.8912
15 14 -128.661
15 15 -168.388
15 16 -217.279
15 17 -276.435
15 18 -346.911
15 19 -429.498
15 20 -524.778
15 21 -632.97
15 22 -753.922
15 23 -887.053
15 24 -1031.37
15 25 -1185.41
15 26 -1347.41
15 27 -1515.19
15 28 -1686.44
15 29 -1858.64
15 30 -2029.27
15 31 -2195.89
15 32 -2356.24
15 33 -2508.31
15 34 -2650.44
15 35 -2781.34
15 36 -2900.12
15 37 -3006.31
15 38 -3099.8
15 39 -3180.86
15 40 -3250.01
15 41 -3308.06
15 42 -3355.94
15 43 -3394.74
15 44 -3425.55
15 45 -3449.46
15 46 -3467.47
15 47 -3480.49
15 48 -3489.23
15 49 -3494.25
15 50 -3495.89
15 51 -3494.25
15 52 -3489.23
15 53 -3480.49
15 54 -3467.47
15 55 -3449.46
15 56 -3425.55
15 57 -3394.74
15 58 -3355.94
15 59 -3308.06
15 60 -3250.01
15 61 -3180.86
15 62 -3099.8
15 63 -3006.31
15 64 -2900.12
15 65 -2781.34
15 66 -2650.44
15 67 -2508.31
15 68 -2356.24
15 69 -2195.89
15 70 -2029.27
15 71 -1858.64
15 72 -1686.44
15 73 -1515.19
15 74 -1347.41
15 75 -1185.41
15 76 -1031.37
15 77 -887.053
15 78 -753.922
15 79 -632.97
15 80 -524.778
15 81 -429.498
15 82 -346.911
15 83 -276.435
15 84 -217.279
15 85 -168.388
15 86 -128.661
15 87 -96.8912
15 88 -71.9033
15 89 -52.5729
15 90 -37.8702
15 91 -26.8552
15 92 -18.7558
15 93 -12.8997
15 94 -8.70563
15 95 -5.78821
15 96 -3.74333
15 97 -2.32691
15 98 -1.35434
15 99 -0.621778
15 100 0

16 0 0
16 1 -0.851063
16 2 -1.87732
16 3 -3.26221
16 4 -5.16867
16 5 -7.92567
16 6 -11.9084
16 7 -17.513
16 8 -25.3315
16 9 -36.0463
16 10 -50.5
16 11 -69.6686
16 12 -94.671
16 13 -126.74
16 14 -167.154
16 15 -217.279
16 16 -278.379
16 17 -351.658
16 18 -438.093
16 19 -538.39
16 20 -652.874
16 21 -781.465
16 22 -923.548
16 23 -1078.07
16 24 -1243.42
16 25 -1417.56
16 26 -1598.05
16 27 -1782.18
16 28 -1967.04
16 29 -2149.67
16 30 -2327.22
16 31 -2497.04
16 32 -2656.77
16 33 -2804.5
16 34 -2938.74
16 35 -3058.55
16 36 -3163.45
16 37 -3253.47
16 38 -3329.05
16 39 -3391.03
16 40 -3440.55
16 41 -3478.97
16 42 -3507.78
16 43 -3528.54
16 44 -3542.83
16 45 -3552.09
16 46 -3557.69
16 47 -3560.76
16 48 -3562.27
16 49 -3562.89
16 50 -3563.05
16 51 -3562.89
16 52 -3562.27
16 53 -3560.76
16 54 -3557.69
16 55 -3552.09
16 56 -3542.83
16 57 -3528.54
16 58 -3507.78
16 59 -3478.97
16 60 -3440.55
16 61 -3391.03
16 62 -3329.05
16 63 -3253.47
16 64 -3163.45
16 65 -3058.55
16 66 -2938.74
16 67 -2804.5
16 68 -2656.77
16 69 -2497.04
16 70 -2327.22
16 71 -2149.67
16 72 -1967.04
16 73 -1782.18
16 74 -1598.05
16 75 -1417.56
16 76 -1243.42
16 77 -1078.07
16 78 -923.548
16 79 -781.465
16 80 -652.874
16 81 -538.39
16 82 -438.093
16 83 -351.658
16 84 -278.379
16 85 -217.279
16 86 -167.154
16 87 -126.74
16 88 -94.671
16 89 -69.6686
16 90 -50.5
16 91 -36.0463
16 92 -25.3315
16 93 -17.513
16 94 -11.9084
16 95 -7.92567
16 96 -5.16867
16 97 -3.26221
16 98 -1.87732
16 99 -0.851063
16 100 0

17 0 0
17 1 -1.18413
17 2 -2.58865
17 3 -4.43851
17 4 -7.05404
17 5 -10.7587
17 6 -16.0441
17 7 -23.4773
17 8 -33.733
17 9 -47.7233
17 10 -66.4466
17 11 -91.0809
17 12 -122.968
17 13 -163.497
17 14 -214.169
17 15 -276.435
17 16 -351.658
17 17 -440.989
17 18 -545.314
17 19 -665.064
17 20 -800.263
17 21 -950.312
17 22 -1114.09
17 23 -1289.85
17 24 -1475.31
17 25 -1667.72
17 26 -1863.95
17 27 -2060.65
17 28 -2254.39
17 29 -2441.8
17 30 -2619.8
17 31 -2785.61
17 32 -2937.01
17 33 -3072.27
17 34 -3190.33
17 35 -3290.7
17 36 -3373.51
17 37 -3439.44
17 38 -3489.61
17 39 -3525.55
17 40 -3549.03
17 41 -3562.07
17 42 -3566.71
17 43 -3565.04
17 44 -3559.04
17 45 -3550.57
17 46 -3541.25
17 47 -3532.51
17 48 -3525.44
17 49 -3520.87
17 50 -3519.28
17 51 -3520.87
17 52 -3525.44
17 53 -3532.51
17 54 -3541.25
17 55 -3550.57
17 56 -3559.04
17 57 -3565.04
17 58 -3566.71
17 59 -3562.07
17 60 -3549.03
17 61 -3525.55
17 62 -3489.61
17 63 -3439.44
17 64 -3373.51
17 65 -3290.7
17 66 -3190.33
17 67 -3072.27
17 68 -2937.01
17 69 -2785.61
17 70 -2619.8
17 71 -2441.8
17 72 -2254.39
17 73 -2060.65
17 74 -1863.95
17 75 -1667.72
17 76 -1475.31
17 77 -1289.85
17 78 -1114.09
17 79 -950.312
17 80 -800.263
17 81 -665.064
17 82 -545.314
17 83 -440.989
17 84 -351.658
17 85 -276.435
17 86 -214.169
17 87 -163.497
17 88 -122.968
17 89 -91.0809
17 90 -66.4466
17 91 -47.7233
17 92 -33.733
17 93 -23.4773
17 94 -16.0441
17 95 -10.7587
17 96 -7.05404
17 97 -4.43851
17 98 -2.58865
17 99 -1.18413
17 100 0

18 0 0
18 1 -1.59615
18 2 -3.50225
18 3 -6.01941
18 4 -9.47394
18 5 -14.4045
18 6 -21.3473
18 7 -31.0276
18 8 -44.3575
18 9 -62.3591
18 10 -86.2682
18 11 -117.493
18 12 -157.559
18 13 -208.082
18 14 -270.68
18 15 -346.911
18 16 -438.093
18 17 -545.314
18 18 -669.17
18 19 -809.787
18 20 -966.647
18 21 -1138.58
18 22 -1323.72
18 23 -1519.57
18 24 -1723.02
18 25 -1930.57
18 26 -2138.33
18 27 -2342.37
18 28 -2538.77
18 29 -2723.89
18 30 -2894.51
18 31 -3047.98
18 32 -3182.31
18 33 -3296.24
18 34 -3389.26
18 35 -3461.58
18 36 -3514.07
18 37 -3548.19
18 38 -3565.84
18 39 -3569.32
18 40 -3561.1
18 41 -3543.81
18 42 -3520.07
18 43 -3492.43
18 44 -3463.25
18 45 -3434.72
18 46 -3408.71
18 47 -3386.8
18 48 -3370.25
18 49 -3359.95
18 50 -3356.46
18 51 -3359.95
18 52 -3370.25
18 53 -3386.8
18 54 -3408.71
18 55 -3434.72
18 56 -3463.25
18 57 -3492.43
18 58 -3520.07
18 59 -3543.81
18 60 -3561.1
18 61 -3569.32
18 62 -3565.84
18 63 -3548.19
18 64 -3514.07
18 65 -3461.58
18 66 -3389.26
18 67 -3296.24
18 68 -3182.31
18 69 -3047.98
18 70 -2894.51
18 71 -2723.89
18 72 -2538.77
18 73 -2342.37
18 74 -2138.33
18 75 -1930.57
18 76 -1723.02
18 77 -1519.57
18 78 -1323.72
18 79 -1138.58
18 80 -966.647
18 81 -809.787
18 82 -669.17
18 83 -545.314
18 84 -438.093
18 85 -346.911
18 86 -270.68
18 87 -208.082
18 88 -157.559
18 89 -117.493
18 90 -86.2682
18 91 -62.3591
18 92 -44.3575
18 93 -31.0276
18 94 -21.3473
18 95 -14.4045
18 96 -9.47394
18 97 -6.01941
18 98 -3.50225
18 99 -1.59615
18 100 0

19 0 0
19 1 -2.15027
19 2 -4.69244
19 3 -8.00834
19 4 -12.5961
19 5 -19.0082
19 6 -28.0351
19 7 -40.5231
19 8 -57.5555
19 9 -80.4184
19 10 -110.542
19 11 -149.575
19 12 -199.253
19 13 -261.332
19 14 -337.572
19 15 -429.498
19 16 -538.39
19 17 -665.064
19 18 -809.787
19 19 -972.137
19 20 -1150.97
19 21 -1344.32
19 22 -1549.51
19 23 -1763.1
19 24 -1981.16
19 25 -2199.31
19 26 -2413.02
19 27 -2617.78
19 28 -2809.33
19 29 -2983.89
19 30 -3138.35
19 31 -3270.32
19 32 -3378.35
19 33 -3461.81
19 34 -3521
19 35 -3556.96
19 36 -3571.49
19 37 -3566.89
19 38 -3545.97
19 39 -3511.74
19 40 -3467.42
19 41 -3416.19
19 42 -3361.19
19 43 -3305.33
19 44 -3251.3
19 45 -3201.49
19 46 -3157.91
19 47 -3122.27
19 48 -3095.87
19 49 -3079.66
19 50 -3074.19
19 51 -3079.66
19 52 -3095.87
19 53 -3122.27
19 54 -3157.91
19 55 -3201.49
19 56 -3251.3
19 57 -3305.33
19 58 -3361.19
19 59 -3416.19
19 60 -3467.42
19 61 -3511.74
19 62 -3545.97
19 63 -3566.89
19 64 -3571.49
19 65 -3556.96
19 66 -3521
19 67 -3461.81
19 68 -3378.35
19 69 -3270.32
19 70 -3138.35
19 71 -2983.89
19 72 -2809.33
19 73 -2617.78
19 74 -2413.02
19 75 -2199.31
19 76 -1981.16
19 77 -1763.1
19 78 -1549.51
19 79 -1344.32
19 80 -1150.97
19 81 -972.137
19 82 -809.787
19 83 -665.064
19 84 -538.39
19 85 -429.498
19 86 -337.572
19 87 -261.332
19 88 -199.253
19 89 -149.575
19 90 -110.542
19 91 -80.4184
19 92 -57.5555
19 93 -40.5231
19 94 -28.0351
19 95 -19.0082
19 96 -12.5961
19 97 -8.00834
19 98 -4.69244
19 99 -2.15027
19 100 0

20 0 0
20 1 -2.86301
20 2 -6.19583
20 3 -10.5391
20 4 -16.4899
20 5 -24.8198
20 6 -36.344
20 7 -52.224
20 8 -73.7465
20 9 -102.385
20 10 -139.855
20 11 -188
20 12 -248.729
20 13 -323.971
20 14 -415.49
20 15 -524.778
20 16 -652.874
20 17 -800.263
20 18 -966.647
20 19 -1150.97
20 20 -1351.24
20 21 -1564.6
20 22 -1787.36
20 23 -2015.17
20 24 -2243.12
20 25 -2466.08
20 26 -2678.84
20 27 -2876.52
20 28 -3054.65
20 29 -3209.58
20 30 -3338.48
20 31 -3439.57
20 32 -3512.1
20 33 -3556.36
20 34 -3573.61
20 35 -3565.91
20 36 -3536.06
20 37 -3487.34
20 38 -3423.37
20 39 -3347.95
20 40 -3264.9
20 41 -3177.92
20 42 -3090.48
20 43 -3005.81
20 44 -2926.71
20 45 -2855.69
20 46 -2794.79
20 47 -2745.72
20 48 -2709.75
20 49 -2687.82
20 50 -2680.44
20 51 -2687.82
20 52 -2709.75
20 53 -2745.72
20 54 -2794.79
20 55 -2855.69
20 56 -2926.71
20 57 -3005.81
20 58 -3090.48
20 59 -3177.92
20 60 -3264.9
20 61 -3347.95
20 62 -3423.37
20 63 -3487.34
20 64 -3536.06
20 65 -3565.91
20 66 -3573.61
20 67 -3556.36
20 68 -3512.1
20 69 -3439.57
20 70 -3338.48
20 71 -3209.58
20 72 -3054.65
20 73 -2876.52
20 74 -2678.84
20 75 -2466.08
20 76 -2243.12
20 77 -2015.17
20 78 -1787.36
20 79 -1564.6
20 80 -1351.24
20 81 -1150.97
20 82 -966.647
20 83 -800.263
20 84 -652.874
20 85 -524.778
20 86 -415.49
20 87 -323.971
20 88 -248.729
20 89 -188
20 90 -139.855
20 91 -102.385
20 92 -73.7465
20 93 -52.224
20 94 -36.344
20 95 -24.8198
20 96 -16.4899
20 97 -10.5391
20 98 -6.19583
20 99 -2.86301
20 100 0

21 0 0
21 1 -3.73267
21 2 -8.08716
21 3 -13.704
21 4 -21.3629
21 5 -31.9275
21 6 -46.5515
21 7 -66.4873
21 8 -93.312
21 9 -128.751
21 10 -174.727
21 11 -233.319
21 12 -306.595
21 13 -396.544
21 14 -504.911
21 15 -632.97
21 16 -781.465
21 17 -950.312
21 18 -1138.58
21 19 -1344.32
21 20 -1564.6
21 21 -1795.49
21 22 -2032.26
21 23 -2269.5
21 24 -2501.44
21 25 -2722.18
21 26 -2926.07
21 27 -3107.96
21 28 -3263.51
21 29 -3389.36
21 30 -3483.33
21 31 -3544.46
21 32 -3573
21 33 -3570.35
21 34 -3538.9
21 35 -3481.87
21 36 -3403.11
21 37 -3306.83
21 38 -3197.5
21 39 -3079.55
21 40 -2957.31
21 41 -2834.82
21 42 -2715.77
21 43 -2603.45
21 44 -2500.72
21 45 -2409.96
21 46 -2333.17
21 47 -2271.88
21 48 -2227.3
21 49 -2200.22
21 50 -2191.15
21 51 -2200.22
21 52 -2227.3
21 53 -2271.88
21 54 -2333.17
21 55 -2409.96
21 56 -2500.72
21 57 -2603.45
21 58 -2715.77
21 59 -2834.82
21 60 -2957.31
21 61 -3079.55
21 62 -3197.5
21 63 -3306.83
21 64 -3403.11
21 65 -3481.87
21 66 -3538.9
21 67 -3570.35
21 68 -3573
21 69 -3544.46
21 70 -3483.33
21 71 -3389.36
21 72 -3263.51
21 73 -3107.96
21 74 -2926.07
21 75 -2722.18
21 76 -2501.44
21 77 -2269.5
21 78 -2032.26
21 79 -1795.49
21 80 -1564.6
21 81 -1344.32
21 82 -1138.58
21 83 -950.312
21 84 -781.465
21 85 -632.97
21 86 -504.911
21 87 -396.544
21 88 -306.595
21 89 -233.319
21 90 -174.727
21 91 -128.751
21 92 -93.312
21 93 -66.4873
21 94 -46.5515
21 95 -31.9275
21 96 -21.3629
21 97 -13.704
21 98 -8.08716
21 99 -3.73267
21 100 0

22 0 0
22 1 -4.84522
22 2 -10.4198
22 3 -17.5908
22 4 -27.2935
22 5 -40.6384
22 6 -58.8693
22 7 -83.6285
22 8 -116.637
22 9 -159.912
22 10 -215.641
22 11 -286.038
22 12 -373.292
22 13 -479.406
22 14 -605.944
22 15 -753.922
22 16 -923.548
22 17 -1114.09
22 18 -1323.72
22 19 -1549.51
22 20 -1787.36
22 21 -2032.26
22 22 -2278.3
22 23 -2519.1
22 24 -2748.04
22 25 -2958.65
22 26 -3145
22 27 -3301.98
22 28 -3425.59
22 29 -3513.15
22 30 -3563.38
22 31 -3576.44
22 32 -3553.81
22 33 -3498.2
22 34 -3413.25
22 35 -3303.38
22 36 -3173.48
22 37 -3028.67
22 38 -2874.11
22 39 -2714.72
22 40 -2555.17
22 41 -2399.62
22 42 -2251.8
22 43 -2114.87
22 44 -1991.51
22 45 -1883.88
22 46 -1793.72
22 47 -1722.33
22 48 -1670.69
22 49 -1639.45
22 50 -1629
22 51 -1639.45
22 52 -1670.69
22 53 -1722.33
22 54 -1793.72
22 55 -1883.88
22 56 -1991.51
22 57 -2114.87
22 58 -2251.8
22 59 -2399.62
22 60 -2555.17
22 61 -2714.72
22 62 -2874.11
22 63 -3028.67
22 64 -3173.48
22 65 -3303.38
22 66 -3413.25
22 67 -3498.2
22 68 -3553.81
22 69 -3576.44
22 70 -3563.38
22 71 -3513.15
22 72 -3425.59
22 73 -3301.98
22 74 -3145
22 75 -2958.65
22 76 -2748.04
22 77 -2519.1
22 78 -2278.3
22 79 -2032.26
22 80 -1787.36
22 81 -1549.51
22 82 -1323.72
22 83 -1114.09
22 84 -923.548
22 85 -753.922
22 86 -605.944
22 87 -479.406
22 88 -373.292
22 89 -286.038
22 90 -215.641
22 91 -159.912
22 92 -116.637
22 93 -83.6285
22 94 -58.8693
22 95 -40.6384
22 96 -27.2935
22 97 -17.5908
22 98 -10.4198
22 99 -4.84522
22 100 0

23 0 0
23 1 -6.16583
23 2 -13.2723
23 3 -22.3226
23 4 -34.4879
23 5 -51.0482
23 6 -73.6044
23 7 -103.903
23 8 -144.063
23 9 -196.289
23 10 -262.97
23 11 -346.488
23 12 -449.066
23 13 -572.603
23 14 -718.423
23 15 -887.053
23 16 -1078.07
23 17 -1289.85
23 18 -1519.57
23 19 -1763.1
23 20 -2015.17
23 21 -2269.5
23 22 -2519.1
23 23 -2756.63
23 24 -2974.8
23 25 -3166.78
23 26 -3326.62
23 27 -3449.54
23 28 -3532.27
23 29 -3573.08
23 30 -3571.94
23 31 -3530.36
23 32 -3451.29
23 33 -3338.83
23 34 -3197.97
23 35 -3034.31
23 36 -2853.7
23 37 -2662.03
23 38 -2464.95
23 39 -2267.7
23 40 -2075.02
23 41 -1891
23 42 -1719.15
23 43 -1562.31
23 44 -1422.78
23 45 -1302.32
23 46 -1202.29
23 47 -1123.62
23 48 -1067.02
23 49 -1032.89
23 50 -1021.5
23 51 -1032.89
23 52 -1067.02
23 53 -1123.62
23 54 -1202.29
23 55 -1302.32
23 56 -1422.78
23 57 -1562.31
23 58 -1719.15
23 59 -1891
23 60 -2075.02
23 61 -2267.7
23 62 -2464.95
23 63 -2662.03
23 64 -2853.7
23 65 -3034.31
23 66 -3197.97
23 67 -3338.83
23 68 -3451.29
23 69 -3530.36
23 70 -3571.94
23 71 -3573.08
23 72 -3532.27
23 73 -3449.54
23 74 -3326.62
23 75 -3166.78
23 76 -2974.8
23 77 -2756.63
23 78 -2519.1
23 79 -2269.5
23 80 -2015.17
23 81 -1763.1
23 82 -1519.57
23 83 -1289.85
23 84 -1078.07
23 85 -887.053
23 86 -718.423
23 87 -572.603
23 88 -449.066
23 89 -346.488
23 90 -262.97
23 91 -196.289
23 92 -144.063
23 93 -103.903
23 94 -73.6044
23 95 -51.0482
23 96 -34.4879
23 97 -22.3226
23 98 -13.2723
23 99 -6.16583
23 100 0

24 0 0
24 1 -7.78303
24 2 -16.6945
24 3 -27.9975
24 4 -43.0414
24 5 -63.4153
24 6 -90.9023
24 7 -127.648
24 8 -175.872
24 9 -238.133
24 10 -316.974
24 11 -414.842
24 12 -533.943
24 13 -675.957
24 14 -841.781
24 15 -1031.37
24 16 -1243.42
24 17 -1475.31
24 18 -1723.02
24 19 -1981.16
24 20 -2243.12
24 21 -2501.44
24 22 -2748.04
24 23 -2974.8
24 24 -3173.96
24 25 -3338.62
24 26 -3463.11
24 27 -3543.39
24 28 -3577.2
24 29 -3564.15
24 30 -3505.71
24 31 -3404.99
24 32 -3266.51
24 33 -3095.87
24 34 -2899.37
24 35 -2683.69
24 36 -2455.51
24 37 -2221.27
24 38 -1986.87
24 39 -1757.63
24 40 -1538.08
24 41 -1332
24 42 -1142.44
24 43 -971.715
24 44 -821.575
24 45 -693.233
24 46 -587.523
24 47 -504.946
24 48 -445.82
24 49 -410.29
24 50 -398.445
24 51 -410.29
24 52 -445.82
24 53 -504.946
24 54 -587.523
24 55 -693.233
24 56 -821.575
24 57 -971.715
24 58 -1142.44
24 59 -1332
24 60 -1538.08
24 61 -1757.63
24 62 -1986.87
24 63 -2221.27
24 64 -2455.51
24 65 -2683.69
24 66 -2899.37
24 67 -3095.87
24 68 -3266.51
24 69 -3404.99
24 70 -3505.71
24 71 -3564.15
24 72 -3577.2
24 73 -3543.39
24 74 -3463.11
24 75 -3338.62
24 76 -3173.96
24 77 -2974.8
24 78 -2748.04
24 79 -2501.44
24 80 -2243.12
24 81 -1981.16
24 82 -1723.02
24 83 -1475.31
24 84 -1243.42
24 85 -1031.37
24 86 -841.781
24 87 -675.957
24 88 -533.943
24 89 -414.842
24 90 -316.974
24 91 -238.133
24 92 -175.872
24 93 -127.648
24 94 -90.9023
24 95 -63.4153
24 96 -43.0414
24 97 -27.9975
24 98 -16.6945
24 99 -7.78303
24 100 0

25 0 0
25 1 -9.69556
25 2 -20.7714
25 3 -34.6908
25 4 -53.1175
25 5 -77.8597
25 6 -111.049
25 7 -154.976
25 8 -212.295
25 9 -285.651
25 10 -377.765
25 11 -491.101
25 12 -627.703
25 13 -788.916
25 14 -975.104
25 15 -1185.41
25 16 -1417.56
25 17 -1667.72
25 18 -1930.57
25 19 -2199.31
25 20 -2466.08
25 21 -2722.18
25 22 -2958.65
25 23 -3166.78
25 24 -3338.62
25 25 -3467.49
25 26 -3548.46
25 27 -3578.51
25 28 -3556.81
25 29 -3484.57
25 30 -3365.03
25 31 -3203.03
25 32 -3004.78
25 33 -2777.32
25 34 -2528.19
25 35 -2264.96
25 36 -1994.91
25 37 -1724.75
25 38 -1460.4
25 39 -1206.92
25 40 -968.399
25 41 -748.043
25 42 -548.212
25 43 -370.529
25 44 -216.025
25 45 -85.2461
25 46 21.5802
25 47 104.466
25 48 163.51
25 49 198.868
25 50 210.636
25 51 198.868
25 52 163.51
25 53 104.466
25 54 21.5802
25 55 -85.2461
25 56 -216.025
25 57 -370.529
25 58 -548.212
25 59 -748.043
25 60 -968.399
25 61 -1206.92
25 62 -1460.4
25 63 -1724.75
25 64 -1994.91
25 65 -2264.96
25 66 -2528.19
25 67 -2777.32
25 68 -3004.78
25 69 -3203.03
25 70 -3365.03
25 71 -3484.57
25 72 -3556.81
25 73 -3578.51
25 74 -3548.46
25 75 -3467.49
25 76 -3338.62
25 77 -3166.78
25 78 -2958.65
25 79 -2722.18
25 80 -2466.08
25 81 -2199.31
25 82 -1930.57
25 83 -1667.72
25 84 -1417.56
25 85 -1185.41
25 86 -975.104
25 87 -788.916
25 88 -627.703
25 89 -491.101
25 90 -377.765
25 91 -285.651
25 92 -212.295
25 93 -154.976
25 94 -111.049
25 95 -77.8597
25 96 -53.1175
25 97 -34.6908
25 98 -20.7714
25 99 -9.69556
25 100 0

26 0 0
26 1 -11.9374
26 2 -25.5313
26 3 -42.533
26 4 -64.8096
26 5 -94.5395
26 6 -134.096
26 7 -186.147
26 8 -253.425
26 9 -338.908
26 10 -445.296
26 11 -575.009
26 12 -729.854
26 13 -910.675
26 14 -1117.12
26 15 -1347.41
26 16 -1598.05
26 17 -1863.95
26 18 -2138.33
26 19 -2413.02
26 20 -2678.84
26 21 -2926.07
26 22 -3145
26 23 -3326.62
26 24 -3463.11
26 25 -3548.46
26 26 -3578.76
26 27 -3552.46
26 28 -3470.45
26 29 -3335.85
26 30 -3153.79
26 31 -2930.98
26 32 -2675.24
26 33 -2395
26 34 -2098.8
26 35 -1794.89
26 36 -1490.85
26 37 -1193.37
26 38 -908.062
26 39 -639.441
26 40 -390.893
26 41 -164.819
26 42 37.2934
26 43 214.668
26 44 367.104
26 45 494.794
26 46 598.177
26 47 677.802
26 48 734.21
26 49 767.859
26 50 779.039
26 51 767.859
26 52 734.21
26 53 677.802
26 54 598.177
26 55 494.794
26 56 367.104
26 57 214.668
26 58 37.2934
26 59 -164.819
26 60 -390.893
26 61 -639.441
26 62 -908.062
26 63 -1193.37
26 64 -1490.85
26 65 -1794.89
26 66 -2098.8
26 67 -2395
26 68 -2675.24
26 69 -2930.98
26 70 -3153.79
26 71 -3335.85
26 72 -3470.45
26 73 -3552.46
26 74 -3578.76
26 75 -3548.46
26 76 -3463.11
26 77 -3326.62
26 78 -3145
26 79 -2926.07
26 80 -2678.84
26 81 -2413.02
26 82 -2138.33
26 83 -1863.95
26 84 -1598.05
26 85 -1347.41
26 86 -1117.12
26 87 -910.675
26 88 -729.854
26 89 -575.009
26 90 -445.296
26 91 -338.908
26 92 -253.425
26 93 -186.147
26 94 -134.096
26 95 -94.5395
26 96 -64.8096
26 97 -42.533
26 98 -25.5313
26 99 -11.9374
26 100 0

27 0 0
27 1 -14.5539
27 2 -31.055
27 3 -51.5274
27 4 -78.2175
27 5 -113.546
27 6 -160.233
27 7 -221.124
27 8 -299.331
27 9 -397.795
27 10 -519.335
27 11 -666.156
27 12 -839.668
27 13 -1040.1
27 14 -1266.25
27 15 -1515.19
27 16 -1782.18
27 17 -2060.65
27 18 -2342.37
27 19 -2617.78
27 20 -2876.52
27 21 -3107.96
27 22 -3301.98
27 23 -3449.54
27 24 -3543.39
27 25 -3578.51
27 26 -3552.46
27 27 -3465.49
27 28 -3320.5
27 29 -3122.67
27 30 -2879.19
27 31 -2598.55
27 32 -2290.14
27 33 -1963.52
27 34 -1628.02
27 35 -1292.24
27 36 -963.729
27 37 -648.834
27 38 -352.54
27 39 -78.549
27 40 170.694
27 41 393.788
27 42 590.248
27 43 760.25
27 44 904.481
27 45 1023.9
27 46 1119.63
27 47 1192.73
27 48 1244.2
27 49 1274.75
27 50 1284.89
27 51 1274.75
27 52 1244.2
27 53 1192.73
27 54 1119.63
27 55 1023.9
27 56 904.481
27 57 760.25
27 58 590.248
27 59 393.788
27 60 170.694
27 61 -78.549
27 62 -352.54
27 63 -648.834
27 64 -963.729
27 65 -1292.24
27 66 -1628.02
27 67 -1963.52
27 68 -2290.14
27 69 -2598.55
27 70 -2879.19
27 71 -3122.67
27 72 -3320.5
27 73 -3465.49
27 74 -3552.46
27 75 -3578.51
27 76 -3543.39
27 77 -3449.54
27 78 -3301.98
27 79 -3107.96
27 80 -2876.52
27 81 -2617.78
27 82 -2342.37
27 83 -2060.65
27 84 -1782.18
27 85 -1515.19
27 86 -1266.25
27 87 -1040.1
27 88 -839.668
27 89 -666.156
27 90 -519.335
27 91 -397.795
27 92 -299.331
27 93 -221.124
27 94 -160.233
27 95 -113.546
27 96 -78.2175
27 97 -51.5274
27 98 -31.055
27 99 -14.5539
27 100 0

28 0 0
28 1 -17.5279
28 2 -37.3428
28 3 -61.7978
28 4 -93.3874
28 5 -134.935
28 6 -189.408
28 7 -259.99
28 8 -349.844
28 9 -462.145
28 10 -599.481
28 11 -763.856
28 12 -956.155
28 13 -1175.83
28 14 -1420.64
28 15 -1686.44
28 16 -1967.04
28 17 -2254.39
28 18 -2538.77
